,1610555604.25mOvVXuL01OCiReyVWBfesjuvXmB3MoPy,1610555605.43B6oDsBtWRQ29Q9UMQuTUEPZy3FSSWXzc,1610555610.92HPGJJSmyPM40z7otPBgHalNrHFA7zk5d,1610555606.68LaSQbm9EHAFycEfFtEqAwYqlBsQPjIRW,1610555617.19EKxMEwDHfXiEJZc27TsGoERaD6Da4BZU,1610555722.52PJ3FD50MGhRXyUD28vluU8Z9UjLJLZn4,1610555617.52Ijr5puT55g9apK8auM7zaxa3NANg502t,1610555638.77ZLjTLkz4jYJdFMI2wWBztzsDILkoOtAk,1610556912.46C7tJPLF0XfNnm8f1820X9aLmXMHoc0Dw,1610555617.51LjzIROg0aeCP2GhDcAVQ0LipKJB9jmKc,1610555608.17OpjjHobqRkX0UPcaXrbu7K6L3805SZri,1610555721.82zWeNZfGUUfRJkgnAwlP8VMhPzXctnSd4,1610555735.75bom85BDF0C7W2eIseHeMxi24qR68nzMi,1610555735.77NnT5xqKnwcf2BbjIekeb2arTQj6QMNwk,1610555638.33wjf1PhdNaoWfbRzXVn50hmFyB5bYAiLV,1610555606.65jCE4ig8Pu8kvAzkxnSGfWsV0nQBjCf8H,1610555608.18ONsBCVo1i7BrX0XG9stct4oiA6ejX9Oz,1610555721.51RNoQUMP19FTMS79BmA3JkgSm2IC2AQuQ,1610555971.86O0cHB2ibBJ8jxoObg01EpGe8VVV5mpwn,1610556911.51zU3duZSGpcw1BDNsBLxdOCITAXwl6z3i,1610555988.71dMoYT8250UHHJGxgmITTmbHe7V6gH1yU,1610556042.81mlUZsSp7gbGjrp8jQSnybT1gPy6e62o1,1610555637.02UBW5nKvDyUrKnaWcYRGajZPxTRDS0q3N,1610555619.13oUYNikU4facCTpUSiSLr0vPI0tJLnXiT,1610555721.03nzkucfjAUh31zTbmCVvTVYqtjoxZFnBh,1610555722.67fhKURdXVzRbLIjXmjRwdJHTnE7PWb1AE,1610555638.39J2ZWBLuLTHP0jOlzB4tNHmYeijH5g5YJ,1610556032.17Q6yCDx9g7alRnL9jBFXD2JhhUyB2hKfJ,1610557007.49MyVgDnuUuBxrvL6SGOdhKf69VYlW1MSm,1610555638.44hjT5hbYdKoE3MB6hijrjqbjmLgvCUYKD,1610555608.13zUvmFSCRt6SsLbhqFznMEvGx54GPGQzM,1610556038.62a5C4ynd1AARyAhTv8a58NCqHvXRjscqH,1610555644.45Xse8u7pusHNsd7F3d0A32HXvXr6weOJE,1610556038.62gKXOCG7XCn55eJvyl5voNjbwOW0znQDq,1610555987.13v0oleKK97pkesp6oMgprH8SoSdoDVdIO,1610556964.96ZLLeiQW0qpmxhPGTg7K03fmzkqsC2bjC,1610555987.13VQlEedQ50VvkPMEMzZDv3KNnQCewykN9,1610555982.186TY6MMGkDecIN1woW6vsfAMXVV7jnyjO,1610555982.673LuMndkwkvdmZOn0MmE2Pkidx0FtNalb,1610555733.38zItcuH7gHNfKdALR2d9Nek6bxCyw36Vm,1610556034.15BQxSbZINGCay0yp6RBVlgcPrw76Yn9ON,1610555639.37BPZpgtGml8qUsh9AdV4m32jPLfI2aNFq,1610556965.57S0adAalhWYe6K3bkZU0bRHbqnDK8gGkR,1610555983.54zteLPCMjyrjzPdhHhlZr3faCgD0TfYr3,1610555987.79rHnNRmt9a0ufmnwCvZqBouyUoZDNpylW,1610556960.041xWER61rmArlsKfiMl4frikWmUCnQ7op,1610556035.13a7NHZDutfTMJ88qle1gTYY59Dr4WmMsj,1610556890.456ZBDaY16bMtrTZTqAgHl3wq1tRxzqDow,1610555760.24e6890pkbyZ97Or6croI1rQgjkSsR0yVt,1610556043.02YpWMIJg3W004iqlPyv8OcVAZdSC5rNYw,1610555987.03z05P26TLtONYM1HSzupoc2CeNMa6HTqr,1610556032.15OYCzUxpsz7b10AXBAuDXrvEcvxFhf0M7,1610556032.63Z80yI9pNwS3jSmsDABbuhf8wkNa2Ze9y,1610555736.28eGuESasTXdR3SqY6pHhEXWZtcdciYLCO,1610556034.61bebeZA0MkaFG2sm3VKiqrxeqQginTTW0,1610556944.5XwXOphKYT3ZkWA8gViqOS97VHVuMVUqb,1610556944.745UVLFBzf7fPh4UH37I6tYQOFPqRDytEh,1610556034.63XsUwaFaPZevO1JNFjfhvY4aKNFnV4noV,1610556964.89xwBHw9faT1HjQRMNQEyA4qJ3hWkwgj3k,1610556966.74DydzH91jtyvRyYau47JpVkZoMRSNTt01,1610555740.77UueVziDbaXyRR4OcVJIIZyzOfAzN51bj,1610556046.84e3vwjyRCzqz0wJQhrk8zsxlFfFSv98Df,1610556137.99eoPuVrDThKAOvmeprLPb2FWRqIhzUodc,1610555740.73XFwSrmTXJPlaxGZSefh0jOVA8PI3III1,1610556123.88AOfNaz9jSnqU5Czc7okOv1RCrYfKFBTo,1610556046.85nB7NvyoYQeLcOV391Lmmut1wAM8CFGLw,1610556123.89H4pdIAzDthI7bMXMhlIhKUYIQIvtmPPQ,1610555740.87GOYQUJKpkynIS2lFqppYK4b32ol7NeGh
1610555604.25mOvVXuL01OCiReyVWBfesjuvXmB3MoPy,0.0,463.27780638907296,144.29334161381368,434.5040322352033,321.9359387712452,386.4047842633254,328.7457515161997,164.92829662388726,257.30094955981093,388.358912019176,491.79377438865583,449.2775590336373,453.3787256188957,264.3884772948593,465.4191734973377,409.84423364003163,520.2858294219639,476.45787795658305,344.39984714790774,367.9753570644746,474.87511643879486,503.36465910998567,357.14040430718876,155.4013117373817,424.14015468767394,403.6096493648446,322.9882409691446,455.9472024434547,453.4112477105474,350.1362025566138,391.33751456612276,368.2805299969393,434.75650839958087,438.0862783831409,440.02780848747904,443.2450537957757,425.79129067123677,427.3940891281783,457.9864700496914,436.2123683452988,432.4775211775593,495.8472811608422,437.58792064062385,411.233434608472,479.9670453627719,494.03080884937236,415.0728945301769,377.1738773512789,390.41383451426225,444.78531151431747,389.1096155218019,366.5716608457464,450.6645999783787,497.4248619260508,379.8718474276265,399.77647835869516,421.95061242355064,421.99155983451897,375.6398052335321,411.02617361631246,495.39925422263053,525.8380030266178,424.99278813060596,492.8887135739789,400.2723011748533,522.0924632891607,419.36293443947056,485.34748992920674
1610555605.43B6oDsBtWRQ29Q9UMQuTUEPZy3FSSWXzc,463.27780638907296,0.0,463.1601913681179,354.31206769018536,462.7821949937162,447.4874089529045,454.2555517895675,465.93976138194887,480.3282238716073,441.2014965315337,382.99801970661963,437.99108195381876,428.43080330054727,472.7214618443453,442.5427449025644,430.54160124132653,413.7708984546446,234.93443167216964,451.9290662038008,444.03970749333394,473.0093096233529,426.71177914487436,428.92890227330207,464.87899322851445,438.13560220721484,476.56895777000847,456.67607687221084,437.6309054536013,402.5556322485088,406.75376154847464,451.02052573739877,439.1621989655641,439.31706728339435,399.196959140815,451.47432677764067,463.9010583604719,459.6029158522122,387.2293119688243,353.4023726370842,496.4860762969968,411.1092786994109,432.49669293369516,472.0859744930071,396.72598597851874,319.5163275554717,245.1312816901004,483.8223340982641,477.9296749137624,418.99008446100214,492.77476644566735,439.15888575454255,477.96418930193795,465.0429620220405,414.37477349451905,436.7852741667404,447.89140380314427,434.884503230323,440.7883928517519,448.1051648919897,436.2344348393387,418.95552624566443,433.6022382936453,404.18274537606624,440.5319855212819,414.80365882983114,434.2314305445269,480.8625487511795,428.34829683388966
1610555610.92HPGJJSmyPM40z7otPBgHalNrHFA7zk5d,144.29334161381368,463.1601913681179,0.0,428.893064021352,319.6793544703287,383.1670481331172,309.7967380144658,161.86189524341717,261.8872751268779,390.5383472176973,488.21118604811136,454.04414851471364,456.4512834596377,242.5129944063848,464.70679961993346,405.9252691454426,517.0559307446212,482.0890357807268,346.5231729335855,368.54045422789056,479.3401821045423,505.03465748033733,357.32449695560484,156.54855194883228,419.5858671987865,400.823796298162,321.4344066568416,453.4610337805202,446.59147356713737,340.88497596586365,390.2298807937997,372.318252859627,437.3044628492768,435.7915825099248,439.6724599287592,440.83183846121324,422.64167146262724,426.06519383542843,455.4889964636573,441.04273050802294,425.0791971800205,496.9968923180621,435.33218932548164,423.0384086458545,476.66429974407635,491.9662461348394,415.2173919999477,376.07221111327556,389.65112050569246,441.45186340598747,396.69882805200024,363.98520326613885,448.15632063885363,495.5344327985957,375.18801635302685,396.25471727692394,420.22695205559694,420.38727208021595,382.6577358468757,404.99969483222685,494.1904440718704,521.8221337470874,423.1404295327131,492.5819794080709,398.4464574869533,522.6219933874529,417.23253754367494,483.5195394879251
1610555606.68LaSQbm9EHAFycEfFtEqAwYqlBsQPjIRW,434.5040322352033,354.31206769018536,428.893064021352,0.0,437.8202085491071,446.2725072228843,433.7643242181496,430.26770323679006,449.33641147042636,449.93094283660446,360.5788998410508,385.5199375927232,474.62915588836756,440.8068761614561,438.07371847001457,398.7914617227833,414.53024675926434,383.99234241972647,431.4206142291613,416.61799686717654,428.52068974044477,434.4109646878952,438.49123650148033,430.868204454766,453.6576591705559,463.25394924850036,413.228459786624,402.0764275399105,416.09308855434637,418.13140412645754,420.0807266981942,444.2734544688715,463.225045923035,423.74072042413275,400.54093036807166,397.0278343533714,422.48188681478075,419.1325218718267,360.13719137891394,457.82861214535626,363.70828601356504,394.11423149035426,421.0831057100321,359.15261123581155,405.9521025946933,403.77491342278483,471.9781033221858,449.62981573713176,428.1005739713559,459.5820477956523,395.9898715283274,441.3801866463749,452.2994452794274,421.4635905382942,398.4634647806892,457.25461305266913,443.2584525197302,402.63145687717946,421.8309740944277,454.0899764106501,435.4288471970917,456.04211268643974,401.6634333903266,456.4492887135333,399.3024964805041,468.219751868096,434.9980936234898,438.5388639940737
1610555617.19EKxMEwDHfXiEJZc27TsGoERaD6Da4BZU,321.9359387712452,462.7821949937162,319.6793544703287,437.8202085491071,0.0,419.1326657835356,279.11095780887615,324.3842989208703,297.92395257012544,416.35899909270375,473.7484150917851,462.74583955267633,483.3156716638031,334.0381530791166,463.22153414833036,407.2848370281394,500.46056528474804,480.3593147145402,388.1114305970003,396.5718825240127,481.94175888407926,486.3758846730142,296.34070680508404,324.1452897006394,409.9986080379275,430.15232785053837,294.6910976587047,465.8269149119182,462.332857367987,322.2566349254273,387.21837628341564,329.11520720983367,459.0974671626308,439.62389769724086,443.4662864713847,445.0644971396794,428.0850237997455,422.99918817350016,451.07058915052926,461.59357861911826,425.439652768961,500.031708059245,430.98036414065643,453.7666297593295,473.9770640723299,492.5122272601401,419.6029056439695,403.4328934294261,396.73389557112756,417.82736011590384,424.5215664645341,373.3565138771705,458.9146219286245,493.5746211044116,379.44467067350246,372.16572487799294,409.71685253402694,437.340579013945,412.9714972121973,394.6993313974872,479.9782116673867,511.8264010620127,425.66307642525476,478.4541016441157,394.5978083057103,514.6251092137102,435.17515005496216,466.4364726450882
1610555722.52PJ3FD50MGhRXyUD28vluU8Z9UjLJLZn4,386.4047842633254,447.4874089529045,383.1670481331172,446.2725072228843,419.1326657835356,0.0,394.61784229739,380.1614954848978,381.8726762048822,463.752163337723,459.039658883539,464.2994826463296,499.56554826796344,384.9714035178764,470.36663155146096,454.39616923282466,482.66720657612393,458.33957830833504,245.55599665421275,444.81542163476934,478.2698788207719,459.24393960829474,399.12582572248283,382.178344918184,413.2212445454045,207.77500213096707,400.01919420768627,464.6678466681711,475.32587624341073,354.4423143899578,454.1148843093392,352.07644098360345,500.12218472482544,480.1169422623381,466.2694349241612,449.8965791178011,469.6585524381329,477.0432030055366,448.9045722324891,452.81599142489495,478.2359192472269,481.0629284284562,467.02024139370405,432.7450867841688,453.4621459306957,446.292539093272,401.6685823274549,394.02212214841825,459.78027073203225,453.7111170904788,424.19812673805563,383.59121096477276,453.12479484878486,485.28325665733973,445.35957018728516,384.0345348757886,443.31097560716256,444.9483176232575,416.3849659800573,347.1048704019289,458.74396760842643,492.44684747205224,473.99443572024455,438.35637511095496,462.0918553636594,494.0889283546019,440.5442850549038,456.77889553788543
1610555617.52Ijr5puT55g9apK8auM7zaxa3NANg502t,328.7457515161997,454.2555517895675,309.7967380144658,433.7643242181496,279.11095780887615,394.61784229739,0.0,316.70348607222115,339.16836504620056,437.1621336872921,464.43785220635846,482.47458623623794,491.1239808182658,296.90019380060863,466.8463280079137,435.87642228684354,496.03143354170777,481.3637645955388,364.3972346136257,430.19860356375756,508.8574703859027,480.69332095574737,363.0994940088944,315.7920397432082,425.36935775190267,400.02408612583196,361.72384578743106,470.0557496750623,458.0074019832474,265.37711113561613,417.2111069042178,321.4338347013105,482.8434522503461,461.3176952397613,465.5665255777812,446.7068165765126,458.95946288444947,449.1474397895466,446.0387456811638,461.16871236638025,453.7430681026727,503.4059582137605,454.5983857318662,451.9854985673693,466.1644712023694,485.049537230866,458.14923989984214,411.1194395818208,419.5765936915159,458.88984066731564,439.87038212604836,390.83556652752515,457.3197597439294,482.42267043628834,413.03254332714346,395.0863815708412,419.6209517281688,465.50016207501477,425.86562883191533,365.2820656726913,478.5862389697853,506.26217401126604,451.4715188054552,467.7998557617162,419.3469167681874,512.1925982420042,440.1173955651482,470.9679001829257
1610555638.77ZLjTLkz4jYJdFMI2wWBztzsDILkoOtAk,164.92829662388726,465.93976138194887,161.86189524341717,430.26770323679006,324.3842989208703,380.1614954848978,316.70348607222115,0.0,262.9931912377752,397.69019667124127,485.4285560809086,446.33013158594065,462.44674743713585,206.61752512477284,459.6340215271514,408.75715241498415,513.4417456711282,475.5467473431275,343.03684837359435,373.03708124294667,470.40019082502,497.54223479650113,363.1742378895367,145.64949026341787,418.23824368951944,394.89230390826236,330.3788071050552,450.77221465958536,449.2991060398864,346.35550884275716,396.4553017342048,371.43683337170063,443.69288110168117,441.31123204129904,437.9205065357236,435.4780197308434,423.0763058364647,429.5420244897725,455.4374662415381,434.68609020590867,427.3055842483054,488.6447265773844,431.3668085902144,410.83549450346055,474.3837328080613,488.3573904406397,413.79083034927646,374.71305203394047,395.8104303715996,442.6807042451,388.0485872401937,362.29018098961336,449.71828355079197,494.49178216359894,379.4032896242666,397.49360935448067,416.0621131641663,419.66220835645004,375.3811899034102,403.49355116602317,487.3631008160143,520.2773740677375,427.5882951414531,485.6149673898839,403.01316447203027,514.7641712842869,419.8990034299531,476.45154630940885
1610556912.46C7tJPLF0XfNnm8f1820X9aLmXMHoc0Dw,257.30094955981093,480.3282238716073,261.8872751268779,449.33641147042636,297.92395257012544,381.8726762048822,339.16836504620056,262.9931912377752,0.0,418.1615587646924,491.5557650204933,447.8273449177324,484.64763172445805,293.62296024494765,454.9631007227076,421.12402433280516,516.9091710562428,480.71216635165644,323.30251573597445,387.3690769951734,463.65940857865473,496.78181680427974,367.90631323672693,257.45006763331116,422.98961596435805,392.0230668975302,334.573682346102,455.22558072927353,464.74120843721647,362.7014478575,410.63915858667525,365.34389177225205,464.6927949667278,452.0532851253326,441.5199365625522,436.73986397845493,427.48062652678743,444.0130473346748,469.1162511996243,450.17323715902575,443.05600048301517,485.88155849079186,430.23065854680993,433.9995945351837,478.9435130789912,495.376241541436,406.57083738171116,379.09714110379247,414.64654400434506,440.26434935675593,395.71820597679374,367.40041990940995,462.61531918582193,502.55625862475,398.8338372697706,399.5146977611384,422.63541036399045,427.1787062514137,384.8797386809105,401.83008670227997,483.19297590405034,525.9139383794029,442.9548098974914,483.0710560222096,417.80369479617593,516.1039284462752,434.9247407280051,474.1204879220977
1610555617.51LjzIROg0aeCP2GhDcAVQ0LipKJB9jmKc,388.358912019176,441.2014965315337,390.5383472176973,449.93094283660446,416.35899909270375,463.752163337723,437.1621336872921,397.69019667124127,418.1615587646924,0.0,513.4019418497153,484.37414410092583,292.87735527605673,424.3261210197798,503.44711351798037,417.39793976901996,543.7513415487165,489.2319516804979,464.13607458422706,402.73143447783633,509.19626475491305,541.4265980043816,403.2936065673613,393.1328742449153,443.29775950832084,485.72940071304635,397.4446332461505,489.6215740655544,450.59271334455224,422.98241569494905,406.52382063305197,454.39083994230936,225.60602294511165,420.57432976982176,457.2984587114873,486.24853759798833,440.73576023440603,409.3163257702661,435.01026382364046,468.15695751997,452.82353028571373,529.8349195350823,464.5590810642407,472.8949451247687,496.7002325090714,497.4541889730713,451.16204277527487,421.58851253223065,238.2715450109165,484.8028007103018,436.8422647169306,437.4727879154935,434.76278233167955,515.3513118753091,407.26823493279113,447.76657977245475,466.6082758569384,438.35270609578515,438.3247322303403,473.0125060375592,520.2695155245949,542.6256556688008,386.66959416238706,529.8563755258814,341.712521859097,552.3787409190054,469.64102233337155,512.7317654297937
1610555608.17OpjjHobqRkX0UPcaXrbu7K6L3805SZri,491.79377438865583,382.99801970661963,488.21118604811136,360.5788998410508,473.7484150917851,459.039658883539,464.43785220635846,485.4285560809086,491.5557650204933,513.4019418497153,0.0,435.44015917885446,531.4173100318338,487.51315023574074,438.2656352410633,435.24257428371715,301.95706200431044,397.57404698458885,462.2379844850219,482.71521326650264,448.87009102976793,422.2632639960608,464.5603979339437,487.423017558033,432.9317950192529,468.5228263571374,471.4957009128126,438.9317903899143,440.63513327812495,449.78494925767194,478.0332162156041,443.889977630464,529.1137721057105,475.023588118067,439.9297393433836,418.35245783223394,467.06477384088964,469.06453153286634,415.4497802650736,492.06804747601325,433.6398278876349,373.3560481920751,450.4875012659538,432.6779801464717,398.83667413354044,353.5162642896638,498.1437172377732,478.9437686036567,489.64091594600296,465.7256718045884,459.0380466389317,479.82155635392996,473.406345436373,417.76431949480167,468.5801020621191,442.4327296719569,427.1176117491212,460.95077995039236,476.90477921003554,439.9970806394025,432.0279443388116,419.04939974586955,459.5099256299447,422.83062979609764,461.8767644483734,422.2764851343038,458.9796475107705,446.43928268737835
1610555721.82zWeNZfGUUfRJkgnAwlP8VMhPzXctnSd4,449.2775590336373,437.99108195381876,454.04414851471364,385.5199375927232,462.74583955267633,464.2994826463296,482.47458623623794,446.33013158594065,447.8273449177324,484.37414410092583,435.44015917885446,0.0,521.5040697989307,450.0772967469583,460.26762493556157,387.90049879691395,462.12461621530304,378.5702976299276,461.30465701703133,399.9812659621365,264.82223152447193,362.8020354035771,465.47574483776594,447.6834250334869,456.71408929698293,475.0829713204754,451.56219095088744,353.8291159363105,413.36571655541013,474.4012160562443,461.7299052819926,482.99949525377286,495.8796053342232,424.2250486270894,362.209577469237,376.89332410135336,430.78047858887,425.0458653528467,429.96000868372073,469.29700350488775,416.3280352417883,385.6334596531053,452.87750004491386,366.16542817969,440.6900426257359,443.6771118458557,450.1989415755164,428.76625538934303,458.3704727456619,453.87287783684116,271.37920133055576,431.8284414847589,483.744918086237,446.8937824518686,421.3235459662846,460.1078032747512,445.65046305550084,357.01929733332315,351.2911305058964,476.533047980717,448.1781212061442,480.8549082513997,408.46728606460044,477.92120594138515,414.0300786195871,467.7673001935209,446.18593239504554,446.1198154485788
1610555735.75bom85BDF0C7W2eIseHeMxi24qR68nzMi,453.3787256188957,428.43080330054727,456.4512834596377,474.62915588836756,483.3156716638031,499.56554826796344,491.1239808182658,462.44674743713585,484.64763172445805,292.87735527605673,531.4173100318338,521.5040697989307,0.0,488.6112846881145,514.5330777534414,461.2705006502336,559.2357106409717,486.19500544897363,504.9406640813364,435.00734696689784,546.473923901855,557.196923821961,467.2301831247721,459.01512493358086,507.5106005205241,523.9971033066616,462.7922989137663,524.7266755512373,463.47147076678533,471.54217616580945,434.6506430144519,500.7362557347507,199.1088159197447,425.6582385782065,498.20156935626443,525.2196929160989,479.933608745092,418.2600695134329,472.78565656388906,494.5662881704185,480.91549642923667,552.5827269016291,502.6608765659059,492.8450300450246,502.29481771145026,495.21595982048524,498.8220732437918,492.20632220493275,377.08423325445744,526.4473918298625,487.6895329869134,500.96520555290795,461.99292807469715,517.9028597770658,448.11193067783734,504.5736557999968,520.329399846793,488.69287833341775,488.45155630486613,519.8209858463559,533.0608099328562,547.7382090295848,408.76173969670464,555.6934426844554,425.8075575520486,554.5097091450888,506.95894591281586,528.0755252123928
1610555735.77NnT5xqKnwcf2BbjIekeb2arTQj6QMNwk,264.3884772948593,472.7214618443453,242.5129944063848,440.8068761614561,334.0381530791166,384.9714035178764,296.90019380060863,206.61752512477284,293.62296024494765,424.3261210197798,487.51315023574074,450.0772967469583,488.6112846881145,0.0,458.7640530520312,421.5962583174709,512.8348744400935,481.4412478330628,354.79238587820623,399.3671342829165,477.6613245988493,492.06050603437177,378.568696139199,240.06705446438212,417.44397126785753,391.31598964074766,355.6222066463782,456.39787672642905,459.16766275081864,341.5929956842985,413.67662442941923,373.67965887161387,471.5223575712777,455.4454400147769,447.5414599503738,438.5414220112879,432.02284727183985,444.25839377160446,461.49767984746506,445.10340765299753,441.60040019251164,491.0430328570899,441.0363634556427,431.9185370763999,473.6068338130077,488.1847055573862,431.8028574729254,384.348211061683,413.1647201390175,455.3511693328765,398.70258489237915,367.5829780607096,461.736093793805,499.30750497229997,396.0317574726733,402.6777461057822,412.15953064724994,433.4018569805748,387.92710711902174,394.90339610095606,484.33014809185573,519.5744385902334,446.6500115492326,481.43329181202023,415.5902249607972,512.4082536814401,431.5348132805637,473.87044111668007
1610555638.33wjf1PhdNaoWfbRzXVn50hmFyB5bYAiLV,465.4191734973377,442.5427449025644,464.70679961993346,438.07371847001457,463.22153414833036,470.36663155146096,466.8463280079137,459.6340215271514,454.9631007227076,503.44711351798037,438.2656352410633,460.26762493556157,514.5330777534414,458.7640530520312,0.0,439.9078962187666,457.20631443679383,444.6278320303021,460.5973427022275,470.67030241666595,466.84727699146,463.5979376520328,467.1583927746457,459.7573495947793,464.5398265183386,471.1509409717129,459.17895287328366,482.37641352239115,425.0931059438012,454.1506478739323,441.52013185797915,450.1660440955543,511.95563540990696,496.6359628209426,415.89786295124566,424.45661475241167,424.03028348277536,482.75137034195205,461.6821204122654,471.32966406953943,381.75208427452554,466.7522855590896,384.0293037945859,450.4497291439073,391.7316485517931,441.81192575628745,468.3652929859923,455.8461577038502,503.7032610376426,471.4514838654222,449.18343746485965,445.1214799103504,519.6867547767426,439.493792604486,444.72584657777924,460.83330164497585,415.15283053647,460.8299765234259,470.54152499016635,452.88930504965924,492.91616300876655,462.88106319437713,474.7629696613701,489.5916576813558,480.4806970510952,446.9969426102836,467.9656886360539,494.43012363423503
1610555606.65jCE4ig8Pu8kvAzkxnSGfWsV0nQBjCf8H,409.84423364003163,430.54160124132653,405.9252691454426,398.7914617227833,407.2848370281394,454.39616923282466,435.87642228684354,408.75715241498415,421.12402433280516,417.39793976901996,435.24257428371715,387.90049879691395,461.2705006502336,421.5962583174709,439.9078962187666,0.0,468.90117247303016,459.91703505293407,455.6267770351324,332.72307347492415,413.95488587331437,480.86749326488575,403.86295625898254,408.9407939412974,434.82047895108116,473.0517468209113,388.01296274379064,404.00119799309243,372.41417309787204,437.20385215145524,358.81170547910716,454.7741655259551,424.78532783180657,324.0476464419378,302.9137260261711,357.34780707960664,357.3832142657816,306.36655725489794,432.57264134000195,459.9661987988398,367.07029771436385,450.5066229025448,427.6788901928585,419.14043494551163,441.0218250823225,468.48487644657354,420.7041222084924,409.49123958530896,394.33877356916173,416.98954406722487,367.20285908471607,425.39518422212586,419.4709278965461,452.87892296127495,327.7294854700964,435.65752145108564,436.9581486391149,348.82896764417353,389.02711914087166,465.61526672792786,451.2732109387269,479.82447918083017,321.75794862819083,476.55392300007406,358.1002565152831,475.01364664510254,413.168058691052,442.1305046372606
1610555608.18ONsBCVo1i7BrX0XG9stct4oiA6ejX9Oz,520.2858294219639,413.7708984546446,517.0559307446212,414.53024675926434,500.46056528474804,482.66720657612393,496.03143354170777,513.4417456711282,516.9091710562428,543.7513415487165,301.95706200431044,462.12461621530304,559.2357106409717,512.8348744400935,457.20631443679383,468.90117247303016,0.0,414.96570653139486,488.8205075547487,514.9288291971767,466.79019644604597,436.4612309187276,491.83523064625575,516.6879560118175,447.8100886456768,478.20700293761735,502.82888885199185,466.50583099326496,456.6967797587439,481.3384358786427,508.9651842465059,465.7477218071203,557.6519817754883,503.6118637426094,466.06154611386347,431.8157762835032,495.8972285351841,490.9536250823857,424.8189902090034,516.08622211514,469.88067639754917,398.6502441834802,481.27112445507424,452.7455752022505,413.1270715447603,380.94039525690505,519.1399290146996,507.0833524754589,520.2557247433998,483.98400788233135,487.14139543828855,505.31792786181217,498.9657755019839,421.9257089798172,502.82466084513965,463.0713463577997,437.1746021177398,489.80948551559624,504.71278257283785,460.16268780476656,436.08443857589333,410.2191991459446,489.2519102292568,407.6579100103821,493.44968351321086,412.8981329102067,484.2718311684319,454.5557427952969
1610555721.51RNoQUMP19FTMS79BmA3JkgSm2IC2AQuQ,476.45787795658305,234.93443167216964,482.0890357807268,383.99234241972647,480.3593147145402,458.33957830833504,481.3637645955388,475.5467473431275,480.71216635165644,489.2319516804979,397.57404698458885,378.5702976299276,486.19500544897363,481.4412478330628,444.6278320303021,459.91703505293407,414.96570653139486,0.0,455.4927308262486,471.21839297787545,425.0178525676779,390.09996521337996,465.2667790662443,473.97423641216943,455.66323976094236,481.60368295760384,476.8348625505846,430.8426105233162,435.4779458485974,444.7166800428444,483.6957400632592,460.76080158430455,492.4195463352399,449.50101951089016,467.62923182297726,456.53638463957867,483.48223140437165,443.56816664544795,396.5147464607586,502.0332467626768,428.77449215297815,422.3534214558011,475.7287570185802,399.6811269302182,346.93723219963897,280.9874515191196,486.70896373651834,477.4494833638383,468.7533285372701,496.1832566666259,412.36166984092523,484.9299112027639,495.4177334466762,431.47006484586615,474.46211456483184,466.00550325347757,442.6189969027894,456.53163483150416,435.54287811972654,447.8229720757446,418.1073695118193,433.19527982147486,448.00882548021264,436.1359917485597,452.8768878335878,428.3319938242699,486.1910362275181,426.2392645157071
1610555971.86O0cHB2ibBJ8jxoObg01EpGe8VVV5mpwn,344.39984714790774,451.9290662038008,346.5231729335855,431.4206142291613,388.1114305970003,245.55599665421275,364.3972346136257,343.03684837359435,323.30251573597445,464.13607458422706,462.2379844850219,461.30465701703133,504.9406640813364,354.79238587820623,460.5973427022275,455.6267770351324,488.8205075547487,455.4927308262486,0.0,448.41180343791456,479.47575823021646,453.8930568172534,410.78057872032315,345.39750969277685,427.40158789848897,304.58269011977103,389.46431001591986,461.91991834599116,477.7807433564854,338.3255700630245,455.30729909942767,342.45097138745285,505.25401655130213,483.2492506342137,467.03084674954084,453.2383793362292,469.2560551993014,479.505086706358,455.783596204389,438.81024209335266,470.34710844999375,484.64188639627474,456.24497401916716,425.4688874520245,459.5761159345648,461.3280426949046,431.17258879661927,390.1418254490586,456.48022165115907,460.6034829249291,422.15918043643796,370.0159980995917,464.66338253348823,490.80622174185345,445.1685798257108,414.38309026880836,439.88734366365736,452.3923448952354,411.686919560868,349.94495155288354,463.38233607630417,501.53033997146713,478.4138596154135,444.9497233992715,458.4933498452933,496.09327580951293,432.55586353968175,457.33783031208793
1610556911.51zU3duZSGpcw1BDNsBLxdOCITAXwl6z3i,367.9753570644746,444.03970749333394,368.54045422789056,416.61799686717654,396.5718825240127,444.81542163476934,430.19860356375756,373.03708124294667,387.3690769951734,402.73143447783633,482.71521326650264,399.9812659621365,435.00734696689784,399.3671342829165,470.67030241666595,332.72307347492415,514.9288291971767,471.21839297787545,448.41180343791456,0.0,423.5495493026529,493.97679352775026,394.2670531695542,372.38759821105367,447.91822923267694,465.1890331879751,372.9512439253605,421.89022695230994,426.7757083230089,430.6124503209011,379.3251802268612,445.1163194221519,398.5281209869674,372.7894154155809,377.3392667889058,405.8520301336328,360.2151900172592,369.11345864586383,455.72096241844645,476.8505756804921,391.08687431255726,476.6541689488307,443.9490586316907,413.9293563653711,448.93155844654655,485.9364467983062,414.75738582992574,399.1589246630051,396.81555026842665,454.5101530904509,369.93077270532945,421.4786419479591,459.35512517373235,485.7264071289619,326.2448874705622,439.68266254096847,443.01444066759205,349.14111006712926,376.23574560291524,468.4376333799407,492.0252518630426,513.325835377003,356.84120991438346,510.1184535224537,366.93307540269205,517.4170453711114,433.00632067415694,483.7567480677396
1610555988.71dMoYT8250UHHJGxgmITTmbHe7V6gH1yU,474.87511643879486,473.0093096233529,479.3401821045423,428.52068974044477,481.94175888407926,478.2698788207719,508.8574703859027,470.40019082502,463.65940857865473,509.19626475491305,448.87009102976793,264.82223152447193,546.473923901855,477.6613245988493,466.84727699146,413.95488587331437,466.79019644604597,425.0178525676779,479.47575823021646,423.5495493026529,0.0,403.6043992438741,483.24588924515626,471.3932184857764,471.5865226500984,485.7701444914241,469.45442291650477,378.6257728569297,446.9700466595856,502.5343688255887,477.72419587298214,499.21569005745,520.849681701476,456.8684033162099,365.93456942964946,393.1168123114146,446.2086293367746,453.8362955308313,460.0018664552464,496.32376327850164,429.72962601103075,396.4542303386998,463.040408226169,402.23625026311765,452.6438699641548,457.97545017604585,460.2934541129439,455.1005714640606,486.7403112324519,469.8372975238359,351.93014313339063,452.1584366530185,499.16212942624287,465.2856420337531,446.65198626460773,471.10661838148843,460.5611610761298,361.01532307395803,402.1301204633261,494.8856720536938,462.6358485952,492.523529233852,441.95528224499475,485.6133969955383,447.2438417985934,481.7308927765052,464.6108088066904,461.99755948837793
1610556042.81mlUZsSp7gbGjrp8jQSnybT1gPy6e62o1,503.36465910998567,426.71177914487436,505.03465748033733,434.4109646878952,486.3758846730142,459.24393960829474,480.69332095574737,497.54223479650113,496.78181680427974,541.4265980043816,422.2632639960608,362.8020354035771,557.196923821961,492.06050603437177,463.5979376520328,480.86749326488575,436.4612309187276,390.09996521337996,453.8930568172534,493.97679352775026,403.6043992438741,0.0,465.60856606417235,501.86147887630364,459.1050571182916,464.15742050220996,497.55958920125613,426.1962555355523,471.1745015665669,436.8033599814565,523.9804843867659,426.68078295694454,554.4304900833879,499.9327290775624,464.16847627011845,446.659593338092,504.8897451201206,490.7743340468868,448.54537096188085,506.8443881372994,488.11314182192604,421.19726575640175,493.26270341836386,441.7338550334837,415.74680033471543,416.1393208192858,506.58763707394564,481.35813573116496,505.9313812266049,484.7611257197757,424.12545494573413,485.0538865465929,522.8336004834578,466.0804992618863,509.4040317324215,462.30830073919117,448.948908159587,451.0167283867399,456.67608150208935,401.27645296900994,415.85487368805025,477.06431460359676,481.73752262629137,437.742787410351,481.4018009522254,433.490783655872,481.3056628657896,426.36194318210414
1610555637.02UBW5nKvDyUrKnaWcYRGajZPxTRDS0q3N,357.14040430718876,428.92890227330207,357.32449695560484,438.49123650148033,296.34070680508404,399.12582572248283,363.0994940088944,363.1742378895367,367.90631323672693,403.2936065673613,464.5603979339437,465.47574483776594,467.2301831247721,378.568696139199,467.1583927746457,403.86295625898254,491.83523064625575,465.2667790662443,410.78057872032315,394.2670531695542,483.24588924515626,465.60856606417235,0.0,360.5541466508782,367.5186318434283,421.59785855390226,281.9092302679926,475.3678033272813,448.86063489799596,309.7478533027667,371.5002845184556,317.69288164989695,440.67813658093024,430.4192211338103,437.62749664699305,442.9081018214658,416.52811654491165,397.25436451027,415.60530641809885,470.15650884904824,426.8521511657583,497.362358659034,437.4729547141845,458.34379262627374,452.0723368854606,459.39638606321995,397.35050598391194,397.88739006343434,369.7949783102232,407.1717440419346,434.0038308532159,370.6426618297346,451.9271498785515,477.78853573051856,371.70615307481245,289.1473082110105,413.25798948457845,425.14627707865526,424.1821695127459,358.60090970067967,473.3504448342358,505.714541794531,397.6843764996386,466.364299495781,377.9228544588851,495.42487935654503,433.32609808067997,476.2511585476148
1610555619.13oUYNikU4facCTpUSiSLr0vPI0tJLnXiT,155.4013117373817,464.87899322851445,156.54855194883228,430.868204454766,324.1452897006394,382.178344918184,315.7920397432082,145.64949026341787,257.45006763331116,393.1328742449153,487.423017558033,447.6834250334869,459.01512493358086,240.06705446438212,459.7573495947793,408.9407939412974,516.6879560118175,473.97423641216943,345.39750969277685,372.38759821105367,471.3932184857764,501.86147887630364,360.5541466508782,0.0,420.01352615148386,399.71191025070436,325.93976981845503,452.73810457035887,448.8628699616007,345.75835287415856,391.6918339971745,372.28198419463143,439.6422761862588,438.6866381514473,436.4153991487908,435.666621818118,423.1626590873693,427.0569847654938,454.87383494765385,439.69565487428605,430.22611189569545,490.3657471898832,430.3822257152523,415.06296246656206,476.199137670491,490.12600392058516,410.53770049703974,373.34160075700896,392.1369098090259,443.6926634784505,384.267864106168,365.2162072952569,447.9787783301049,493.4712813715761,378.5498257975947,397.48160655810875,417.752682242596,418.4884457495002,374.3849409790573,405.3660397599524,490.128072981147,522.4742058806994,424.42142266440567,487.8526465516084,400.48069624194363,517.8489927231119,419.88567134564937,479.5986309191354
1610555721.03nzkucfjAUh31zTbmCVvTVYqtjoxZFnBh,424.14015468767394,438.13560220721484,419.5858671987865,453.6576591705559,409.9986080379275,413.2212445454045,425.36935775190267,418.23824368951944,422.98961596435805,443.29775950832084,432.9317950192529,456.71408929698293,507.5106005205241,417.44397126785753,464.5398265183386,434.82047895108116,447.8100886456768,455.66323976094236,427.40158789848897,447.91822923267694,471.5865226500984,459.1050571182916,367.5186318434283,420.01352615148386,0.0,429.64863933828565,416.9763256569366,455.00545336051675,471.0489012672699,391.50770252373877,440.0717055390449,389.43741022900105,486.3371306938722,458.2747846031675,442.39314361228094,446.33014846190645,445.2550451371693,433.4334841907669,378.8781318606001,451.86381272491724,468.02878592297543,462.5825205971005,438.6839801619572,459.7291398215451,441.5497090550244,406.5490824442227,437.5290215601683,379.5947501449055,408.3573364570609,450.89141889681514,429.6243069988577,405.1583815409805,439.6291087340032,473.28756433021994,434.5842300690111,330.38588030295404,351.3772919076252,438.9992256151135,425.2049151516815,351.4287321272893,436.37795020583593,468.01127458334025,435.93086032690803,415.30335555173315,413.03666049546956,466.5772875949109,426.98220337133733,448.5708080520114
1610555722.67fhKURdXVzRbLIjXmjRwdJHTnE7PWb1AE,403.6096493648446,476.56895777000847,400.823796298162,463.25394924850036,430.15232785053837,207.77500213096707,400.02408612583196,394.89230390826236,392.0230668975302,485.72940071304635,468.5228263571374,475.0829713204754,523.9971033066616,391.31598964074766,471.1509409717129,473.0517468209113,478.20700293761735,481.60368295760384,304.58269011977103,465.1890331879751,485.7701444914241,464.15742050220996,421.59785855390226,399.71191025070436,429.64863933828565,0.0,421.52051822720773,475.64878337122394,484.6156425037722,376.169387807684,475.7850787692118,365.82497359291887,521.9135598323818,499.7029299361017,484.5933353045685,449.6985926451007,485.2208123431725,497.0666883121052,461.3987037953901,462.14726082658973,496.46263530126157,480.3419700807717,470.1116489133539,443.987397776595,468.2694776650323,466.3047895973874,422.656514206146,414.29790776081325,481.6137771911407,465.9663591897825,439.23055973893884,398.67796996378684,467.27787204307356,493.56826557744535,466.93693868067345,399.2243495426705,450.0232286666812,466.6091063435548,432.84152036516383,356.428047960851,462.67341760327656,500.0077764579214,495.9194068122333,440.9399669057677,482.64347321145095,494.42788113486665,456.4293748887508,464.25884547916473
1610555638.39J2ZWBLuLTHP0jOlzB4tNHmYeijH5g5YJ,322.9882409691446,456.67607687221084,321.4344066568416,413.228459786624,294.6910976587047,400.01919420768627,361.72384578743106,330.3788071050552,334.573682346102,397.4446332461505,471.4957009128126,451.56219095088744,462.7922989137663,355.6222066463782,459.17895287328366,388.01296274379064,502.82888885199185,476.8348625505846,389.46431001591986,372.9512439253605,469.45442291650477,497.55958920125613,281.9092302679926,325.93976981845503,416.9763256569366,421.52051822720773,0.0,462.3051735965086,449.9855148726399,357.90481356068886,333.7626867844279,364.04859711069344,438.17925942520753,428.0415544966044,424.87736386532265,431.78259914024795,399.52417536242166,415.0895634379138,449.6885125588908,433.81497019412444,392.85024794676565,491.84078728598786,413.89662179935374,445.8034211806742,468.4088403057745,489.45183749364827,384.3005857280265,380.2087173658441,386.3589112609278,357.83193535938443,408.01489599084005,333.4207690089161,447.27341918620976,492.9948416077779,357.47980480206365,370.55078944283514,431.55092104229567,411.6608553257311,399.9094622026733,410.39545173202487,485.86185153080015,507.1046408198934,407.3553723927566,483.6862009042831,385.6449299376662,515.3221374754263,374.23076182463956,482.66300407692916
1610556032.17Q6yCDx9g7alRnL9jBFXD2JhhUyB2hKfJ,455.9472024434547,437.6309054536013,453.4610337805202,402.0764275399105,465.8269149119182,464.6678466681711,470.0557496750623,450.77221465958536,455.22558072927353,489.6215740655544,438.9317903899143,353.8291159363105,524.7266755512373,456.39787672642905,482.37641352239115,404.00119799309243,466.50583099326496,430.8426105233162,461.91991834599116,421.89022695230994,378.6257728569297,426.1962555355523,475.3678033272813,452.73810457035887,455.00545336051675,475.64878337122394,462.3051735965086,0.0,433.81574690113246,474.82557320042497,477.78652315137884,479.5284423235016,503.37015672998024,391.1701533720679,419.17500359284656,404.4986770460953,453.09696448814555,413.6889558014066,432.4064495603215,465.4868797718997,455.5106114997949,384.7251697592653,454.7276558447987,364.56320819149835,451.0387368598789,439.4548766241344,459.38692411448966,446.8552925274316,467.7315627453388,461.85830730621257,358.88103835230083,454.99684738135244,455.1111309117038,460.2881109880308,448.14291521548813,470.3065872239622,438.8195872297665,363.5972226658623,364.1286811612906,477.6450691673529,427.5150851775212,485.4584483521707,424.39432674537653,448.65569886399425,424.5330035104517,464.8476385112118,456.01520687157506,420.9863041029954
