,square,rectangle,parallelogram,losange,isoTrapezoid,kite,rightKite,rustedHinge,hinge,trapezoid,random
square,0.0,0.003279971899471712,0.010405900169669247,0.014117178580881351,0.007574043938987862,0.009850065358446236,0.008080956012722407,0.011411676968703377,0.009914549622823343,0.009034730305944372,0.014669098175364437
rectangle,0.003279971899471712,0.0,0.007063573178488269,0.011543005092296887,0.011330601726666556,0.011724049256444435,0.01030248255994326,0.01031898749902982,0.00812268382756176,0.010218859558091098,0.016574348884989654
parallelogram,0.010405900169669247,0.007063573178488269,0.0,0.0037170883853164804,0.013550747327887858,0.015163169772188123,0.013456620787540619,0.012079390006419777,0.010115705681039033,0.008050700348614992,0.013981162496098931
losange,0.014117178580881351,0.011543005092296887,0.0037170883853164804,0.0,0.01586266625907573,0.0182879235559279,0.016650389926763598,0.014265565244270695,0.012947144396858623,0.009020159075331047,0.012229128711932158
isoTrapezoid,0.007574043938987862,0.011330601726666556,0.013550747327887858,0.01586266625907573,0.0,0.006984068741993754,0.005818966622646249,0.012265783230137939,0.011880208895311939,0.005433442109764486,0.009762312459606237
kite,0.009850065358446236,0.011724049256444435,0.015163169772188123,0.0182879235559279,0.006984068741993754,1.1102230246251565e-16,0.002738077402882566,0.011973611495805336,0.011013855284455865,0.010460134788842224,0.01277781402890188
rightKite,0.008080956012722407,0.01030248255994326,0.013456620787540619,0.016650389926763598,0.005818966622646249,0.002738077402882566,0.0,0.01053052587772374,0.009687294766116739,0.007172168470012674,0.010890335740955881
rustedHinge,0.011411676968703377,0.01031898749902982,0.012079390006419777,0.014265565244270695,0.012265783230137939,0.011973611495805336,0.01053052587772374,1.1102230246251565e-16,0.0011682619853981002,0.010405690173631466,0.010635287832782114
hinge,0.009914549622823343,0.00812268382756176,0.010115705681039033,0.012947144396858623,0.011880208895311939,0.011013855284455865,0.009687294766116739,0.0011682619853981002,0.0,0.009232654844993249,0.009842390180189287
trapezoid,0.009034730305944372,0.010218859558091098,0.008050700348614992,0.009020159075331047,0.005433442109764486,0.010460134788842224,0.007172168470012674,0.010405690173631466,0.009232654844993249,0.0,0.005043366052709275
random,0.014669098175364437,0.016574348884989654,0.013981162496098931,0.012229128711932158,0.009762312459606237,0.01277781402890188,0.010890335740955881,0.010635287832782114,0.009842390180189287,0.005043366052709275,1.1102230246251565e-16
