,square,rectangle,parallelogram,losange,isoTrapezoid,kite,rightKite,rustedHinge,hinge,trapezoid,random
square,0.0,0.019246328087937914,0.04846129195541782,0.06592295139827742,0.062172144792688844,0.048138665434211414,0.041006261580260994,0.06541403580206895,0.05510921971405103,0.053382067933922306,0.07724071883226391
rectangle,0.019246328087937914,0.0,0.04118650157224535,0.06416859548100762,0.06972889800170512,0.05497888049579591,0.04845716743020145,0.06156691536655223,0.047563921580147994,0.05775111058449356,0.08165997072654174
parallelogram,0.04846129195541782,0.04118650157224535,0.0,0.017586924458922293,0.07312684009196302,0.05512292409910524,0.05077030041082908,0.05758366787569458,0.04776596399298916,0.03881399608263092,0.06185263667185836
losange,0.06592295139827742,0.06416859548100762,0.017586924458922293,0.0,0.0862342522735483,0.0701777363288516,0.06497144782736164,0.0710013933993936,0.06460026916104145,0.04447761347472323,0.05896025725172982
isoTrapezoid,0.062172144792688844,0.06972889800170512,0.07312684009196302,0.0862342522735483,0.0,0.04066448043159665,0.03591682692875209,0.05925389866757513,0.055556699146271815,0.037888363420104154,0.05345866961218748
kite,0.048138665434211414,0.05497888049579591,0.05512292409910524,0.0701777363288516,0.04066448043159665,2.220446049250313e-16,0.011856071845147809,0.04897653500010879,0.04160707178595291,0.04217623691227679,0.05374260257442498
rightKite,0.041006261580260994,0.04845716743020145,0.05077030041082908,0.06497144782736164,0.03591682692875209,0.011856071845147809,0.0,0.043382076260627955,0.03712756491327751,0.03376945273997234,0.04809926644740581
rustedHinge,0.06541403580206895,0.06156691536655223,0.05758366787569458,0.0710013933993936,0.05925389866757513,0.04897653500010879,0.043382076260627955,0.0,0.009314501882460524,0.05011201988446912,0.05126751346925096
hinge,0.05510921971405103,0.047563921580147994,0.04776596399298916,0.06460026916104145,0.055556699146271815,0.04160707178595291,0.03712756491327751,0.009314501882460524,2.220446049250313e-16,0.04272646738205632,0.046691881591051865
trapezoid,0.053382067933922306,0.05775111058449356,0.03881399608263092,0.04447761347472323,0.037888363420104154,0.04217623691227679,0.03376945273997234,0.05011201988446912,0.04272646738205632,0.0,0.02718527649471736
random,0.07724071883226391,0.08165997072654174,0.06185263667185836,0.05896025725172982,0.05345866961218748,0.05374260257442498,0.04809926644740581,0.05126751346925096,0.046691881591051865,0.02718527649471736,2.220446049250313e-16
