,square,rectangle,parallelogram,losange,isoTrapezoid,kite,rightKite,rustedHinge,hinge,trapezoid,random
square,0.0,0.02047611552879891,0.05331056547903368,0.07127987570596406,0.06306858525907688,0.055557813953898694,0.047089630224696144,0.07348817038304323,0.06470148426273914,0.05902083319618756,0.08637161014502726
rectangle,0.02047611552879891,1.1102230246251565e-16,0.04356579674880534,0.0665131723733493,0.07018545923497976,0.06139832812559898,0.05433548853765058,0.06623107639615766,0.053920946862250685,0.061042206081735606,0.08734618299064445
parallelogram,0.05331056547903368,0.04356579674880534,1.1102230246251565e-16,0.018794866039681835,0.08004254262231836,0.06394276025703927,0.061052538788180954,0.06631201598669734,0.057172749253033506,0.045834727487439664,0.07060106378464193
losange,0.07127987570596406,0.0665131723733493,0.018794866039681835,0.0,0.0919456230660548,0.0783009311666133,0.07555668341525379,0.07890960533446112,0.07347667437054317,0.0512308949487702,0.06583127250378595
isoTrapezoid,0.06306858525907688,0.07018545923497976,0.08004254262231836,0.0919456230660548,1.1102230246251565e-16,0.04467615845384687,0.03861752683093189,0.06099297168006046,0.05883799102666931,0.03743447589637461,0.056499566581869165
kite,0.055557813953898694,0.06139832812559898,0.06394276025703927,0.0783009311666133,0.04467615845384687,1.1102230246251565e-16,0.013285701054661425,0.05343422673480336,0.04623306186291887,0.04662179727678917,0.058070156812086826
rightKite,0.047089630224696144,0.05433548853765058,0.061052538788180954,0.07555668341525379,0.03861752683093189,0.013285701054661425,1.1102230246251565e-16,0.0472574145964777,0.04153444218043778,0.03734830659749022,0.05327634723683272
rustedHinge,0.07348817038304323,0.06623107639615766,0.06631201598669734,0.07890960533446112,0.06099297168006046,0.05343422673480336,0.0472574145964777,0.0,0.008595110912579251,0.05301591769212688,0.05308703891131705
hinge,0.06470148426273914,0.053920946862250685,0.057172749253033506,0.07347667437054317,0.05883799102666931,0.04623306186291887,0.04153444218043778,0.008595110912579251,0.0,0.04650967801061334,0.04939021592278725
trapezoid,0.05902083319618756,0.061042206081735606,0.045834727487439664,0.0512308949487702,0.03743447589637461,0.04662179727678917,0.03734830659749022,0.05301591769212688,0.04650967801061334,1.1102230246251565e-16,0.029287418732206305
random,0.08637161014502726,0.08734618299064445,0.07060106378464193,0.06583127250378595,0.056499566581869165,0.058070156812086826,0.05327634723683272,0.05308703891131705,0.04939021592278725,0.029287418732206305,0.0
