,square,rectangle,parallelogram,losange,isoTrapezoid,kite,rightKite,rustedHinge,hinge,trapezoid,random
square,0.0,0.0002985403658060104,0.0005205591836283663,0.0007874470640486519,0.0002050442520019624,0.0001656399340603798,0.00011245461518327726,0.00037207948162543136,0.000335258394563942,0.0002618957490584384,0.0005152317224734748
rectangle,0.0002985403658060104,0.0,0.0002065728361467789,0.0005137649990862858,0.0006611642948712859,0.0004019648863425873,0.00036853600529551667,0.0002667517992627211,0.00016626963602661693,0.00040737285903413856,0.0007500608048960355
parallelogram,0.0005205591836283663,0.0002065728361467789,1.1102230246251565e-16,0.00019614400565037826,0.0007501315956593979,0.0006295877203970068,0.0005127540760080374,0.0003757702029949517,0.0002621945538525683,0.00032590386429975915,0.0006098511165644194
losange,0.0007874470640486519,0.0005137649990862858,0.00019614400565037826,1.1102230246251565e-16,0.000866864625077679,0.0008383967914927792,0.0007358037702295261,0.0004890436645432761,0.0004321726598673914,0.0003890967973517734,0.0004502454667331124
isoTrapezoid,0.0002050442520019624,0.0006611642948712859,0.0007501315956593979,0.000866864625077679,0.0,0.00023768377844179955,0.0001951828338235817,0.0006442447144079377,0.0006399815934425845,0.00029091932765556994,0.00043231580204672326
kite,0.0001656399340603798,0.0004019648863425873,0.0006295877203970068,0.0008383967914927792,0.00023768377844179955,1.1102230246251565e-16,0.0001139881449740976,0.0005558381158879966,0.0005372123710437604,0.0004502582225733853,0.0006727053918741399
rightKite,0.00011245461518327726,0.00036853600529551667,0.0005127540760080374,0.0007358037702295261,0.0001951828338235817,0.0001139881449740976,0.0,0.0004993730905207272,0.0004634465078968697,0.0002566678694569946,0.0005650819879257085
rustedHinge,0.00037207948162543136,0.0002667517992627211,0.0003757702029949517,0.0004890436645432761,0.0006442447144079377,0.0005558381158879966,0.0004993730905207272,0.0,3.790146766458058e-05,0.000425178584198993,0.0005416618800099249
hinge,0.000335258394563942,0.00016626963602661693,0.0002621945538525683,0.0004321726598673914,0.0006399815934425845,0.0005372123710437604,0.0004634465078968697,3.790146766458058e-05,1.1102230246251565e-16,0.0003734603706524453,0.0005507333356823407
trapezoid,0.0002618957490584384,0.00040737285903413856,0.00032590386429975915,0.0003890967973517734,0.00029091932765556994,0.0004502582225733853,0.0002566678694569946,0.000425178584198993,0.0003734603706524453,0.0,0.00019915950398630144
random,0.0005152317224734748,0.0007500608048960355,0.0006098511165644194,0.0004502454667331124,0.00043231580204672326,0.0006727053918741399,0.0005650819879257085,0.0005416618800099249,0.0005507333356823407,0.00019915950398630144,1.1102230246251565e-16
