,square,rectangle,parallelogram,losange,isoTrapezoid,kite,rightKite,rustedHinge,hinge,trapezoid,random
square,0.0,0.0006395990490879466,0.0013023455298277753,0.002000173421613627,0.0004892297089602593,0.0004339336161837126,0.0003284326720875974,0.0009190798741464112,0.0008077941695331381,0.0006466479438623773,0.0012508333615618428
rectangle,0.0006395990490879466,0.0,0.0005429131004217602,0.001342352769647337,0.0014739523338812566,0.0009514942958268602,0.000892824269603798,0.0007292439023700581,0.0004640011572016878,0.000972061319947759,0.001837790890239166
parallelogram,0.0013023455298277753,0.0005429131004217602,0.0,0.0004967668694052518,0.0018799329886721727,0.001657491346436002,0.001343758636412118,0.0010731756334664277,0.0007532411561019803,0.0008142456769021367,0.0015703613081506917
losange,0.002000173421613627,0.001342352769647337,0.0004967668694052518,0.0,0.0022544731100251347,0.0022563038050886774,0.001939899562051095,0.0014205527920254646,0.001225260857884547,0.0009736224551282202,0.0012034666067519684
isoTrapezoid,0.0004892297089602593,0.0014739523338812566,0.0018799329886721727,0.0022544731100251347,2.220446049250313e-16,0.0005354001911174189,0.00046663097140031695,0.0015837460698090444,0.0015333827056213112,0.0006897101908777126,0.001006908856238442
kite,0.0004339336161837126,0.0009514942958268602,0.001657491346436002,0.0022563038050886774,0.0005354001911174189,0.0,0.0002778418755826628,0.0014345984803223466,0.001356392733424916,0.001133192337596789,0.0016850208741376882
rightKite,0.0003284326720875974,0.000892824269603798,0.001343758636412118,0.001939899562051095,0.00046663097140031695,0.0002778418755826628,0.0,0.0013164712226098052,0.001207189354391791,0.0006297772595452722,0.001352466359612059
rustedHinge,0.0009190798741464112,0.0007292439023700581,0.0010731756334664277,0.0014205527920254646,0.0015837460698090444,0.0014345984803223466,0.0013164712226098052,2.220446049250313e-16,9.907359668381854e-05,0.0011212172745956872,0.0013884270014618005
hinge,0.0008077941695331381,0.0004640011572016878,0.0007532411561019803,0.001225260857884547,0.0015333827056213112,0.001356392733424916,0.001207189354391791,9.907359668381854e-05,0.0,0.0009576963687519813,0.0013547341358136622
trapezoid,0.0006466479438623773,0.000972061319947759,0.0008142456769021367,0.0009736224551282202,0.0006897101908777126,0.001133192337596789,0.0006297772595452722,0.0011212172745956872,0.0009576963687519813,0.0,0.0004593169036058997
random,0.0012508333615618428,0.001837790890239166,0.0015703613081506917,0.0012034666067519684,0.001006908856238442,0.0016850208741376882,0.001352466359612059,0.0013884270014618005,0.0013547341358136622,0.0004593169036058997,0.0
