,square,rectangle,parallelogram,losange,isoTrapezoid,kite,rightKite,rustedHinge,hinge,trapezoid,random
square,0.0,0.021144131479834294,0.05406499731513548,0.07505213434870217,0.06922892827258464,0.05457789780950284,0.0469181064659151,0.07283244500418029,0.061766070386998106,0.059947326481250895,0.08645100246502091
rectangle,0.021144131479834294,2.220446049250313e-16,0.045649424575602615,0.07246738791959895,0.07690410046428076,0.06173719470682104,0.05491234214892915,0.06780199205089876,0.05289509078350607,0.0640826908741573,0.09032317156312408
parallelogram,0.05406499731513548,0.045649424575602615,0.0,0.02007644270279385,0.08138769297245685,0.061488928828931644,0.05753639622398221,0.06432004350099063,0.05366299436943156,0.04334898473757087,0.06873928727293488
losange,0.07505213434870217,0.07246738791959895,0.02007644270279385,0.0,0.09663907795631754,0.07869278060065366,0.07417183655404536,0.07997547346883316,0.07320151895062488,0.05035140897178991,0.06617089730908787
isoTrapezoid,0.06922892827258464,0.07690410046428076,0.08138769297245685,0.09663907795631754,1.1102230246251565e-16,0.04474656342097438,0.039592073688041074,0.06439981001994555,0.06071307218129751,0.04126693054406816,0.0583714138657081
kite,0.05457789780950284,0.06173719470682104,0.061488928828931644,0.07869278060065366,0.04474656342097438,0.0,0.012938187014948754,0.05363396163117096,0.0457266204658906,0.046642513272275865,0.05831554840858921
rightKite,0.0469181064659151,0.05491234214892915,0.05753639622398221,0.07417183655404536,0.039592073688041074,0.012938187014948754,2.220446049250313e-16,0.0476705678604008,0.04094856169631966,0.0376980256127013,0.05267057635677397
rustedHinge,0.07283244500418029,0.06780199205089876,0.06432004350099063,0.07997547346883316,0.06439981001994555,0.05363396163117096,0.0476705678604008,0.0,0.010086224569906377,0.05562886585116478,0.05636997833060464
hinge,0.061766070386998106,0.05289509078350607,0.05366299436943156,0.07320151895062488,0.06071307218129751,0.0457266204658906,0.04094856169631966,0.010086224569906377,1.1102230246251565e-16,0.047617292617859186,0.0513593858758985
trapezoid,0.059947326481250895,0.0640826908741573,0.04334898473757087,0.05035140897178991,0.04126693054406816,0.046642513272275865,0.0376980256127013,0.05562886585116478,0.047617292617859186,1.1102230246251565e-16,0.03035241149651502
random,0.08645100246502091,0.09032317156312408,0.06873928727293488,0.06617089730908787,0.0583714138657081,0.05831554840858921,0.05267057635677397,0.05636997833060464,0.0513593858758985,0.03035241149651502,1.1102230246251565e-16
