,square,rectangle,parallelogram,losange,isoTrapezoid,kite,rightKite,rustedHinge,hinge,trapezoid,random
square,0.0,0.010307852616953994,0.02891925792128769,0.036812393413132916,0.030580324542977877,0.033304979634136256,0.028842065160463393,0.04012664122852039,0.036138400021164974,0.03178155825710982,0.0466667706391688
rectangle,0.010307852616953994,0.0,0.021782881228398665,0.032366942111825336,0.035244328097594035,0.03622689897820641,0.03262845356400523,0.03507550898017586,0.0295543770006248,0.032755688453106946,0.04771457802030965
parallelogram,0.02891925792128769,0.021782881228398665,1.1102230246251565e-16,0.009596760776852897,0.043163684490013954,0.04050966205996387,0.03898348622361392,0.03870664398942025,0.03372198988466668,0.02621597956581223,0.04044673625773798
losange,0.036812393413132916,0.032366942111825336,0.009596760776852897,0.0,0.04892204736045003,0.04680966836172529,0.04582442824110977,0.04436247814455352,0.041274908061811,0.028147856257613735,0.0365584483728687
isoTrapezoid,0.030580324542977877,0.035244328097594035,0.043163684490013954,0.04892204736045003,0.0,0.024886874063151265,0.021048564182130303,0.03514521031298801,0.034352468956976856,0.01806990209416237,0.03033622165742922
kite,0.033304979634136256,0.03622689897820641,0.04050966205996387,0.04680966836172529,0.024886874063151265,0.0,0.007863271012816697,0.03236799331548046,0.02884408758172785,0.02714012576585567,0.032355514908796956
rightKite,0.028842065160463393,0.03262845356400523,0.03898348622361392,0.04582442824110977,0.021048564182130303,0.007863271012816697,1.1102230246251565e-16,0.0283980918282819,0.025951025972769437,0.021191651650903642,0.029953272846374057
rustedHinge,0.04012664122852039,0.03507550898017586,0.03870664398942025,0.04436247814455352,0.03514521031298801,0.03236799331548046,0.0283980918282819,0.0,0.003946309127388692,0.030005992563256423,0.030197180253270894
hinge,0.036138400021164974,0.0295543770006248,0.03372198988466668,0.041274908061811,0.034352468956976856,0.02884408758172785,0.025951025972769437,0.003946309127388692,0.0,0.026987376895549753,0.028073423061397818
trapezoid,0.03178155825710982,0.032755688453106946,0.02621597956581223,0.028147856257613735,0.01806990209416237,0.02714012576585567,0.021191651650903642,0.030005992563256423,0.026987376895549753,0.0,0.014436715009094603
random,0.0466667706391688,0.04771457802030965,0.04044673625773798,0.0365584483728687,0.03033622165742922,0.032355514908796956,0.029953272846374057,0.030197180253270894,0.028073423061397818,0.014436715009094603,1.1102230246251565e-16
