,square,rectangle,parallelogram,losange,isoTrapezoid,kite,rightKite,rustedHinge,hinge,trapezoid,random
square,36.44283386296644,41.07621832058636,45.49795939295661,49.013470562107806,43.08501809085884,41.94286599737786,42.09096868504204,45.28752037083544,43.89916118635912,43.073723868189106,46.61479570355976
rectangle,41.07621832058635,36.36463011334355,42.49847999467329,47.06346649783519,46.99304579126905,44.44777659794493,44.774405897070345,44.23843513367729,41.96676274094718,44.71952253601105,48.66507906394486
parallelogram,45.49795939295661,42.49847999467329,38.44001335865679,42.933901662464066,49.02083705564491,47.964132984287545,47.256297806888824,46.776669914337006,44.63728169166754,44.28348964963143,47.79755389218522
losange,49.01347056210781,47.06346649783519,42.933901662464066,39.30625371020496,50.629249201429026,50.41895607160764,49.9225804032631,48.82821769345416,47.56200821040617,45.65743819865984,46.77993756198585
isoTrapezoid,43.08501809085884,46.993045791269054,49.020837055644904,50.629249201429026,39.29283566484998,43.39362624293443,43.43655092738124,48.82400661575262,48.24680576991925,44.11625173411682,45.88111199496463
kite,41.94286599737786,44.44777659794493,47.964132984287545,50.41895607160764,43.39362624293443,38.574219992622346,41.62647939898161,47.91804685396467,47.0560092409482,46.061551316985984,48.34539754780696
rightKite,42.09096868504204,44.774405897070345,47.256297806888824,49.9225804032631,43.43655092738124,41.62647939898161,39.01789444293251,47.96963978384628,47.08633931384986,43.97739929982793,47.470601455492364
rustedHinge,45.28752037083544,44.23843513367729,46.776669914337006,48.82821769345416,48.82400661575262,47.918046853964675,47.96963978384628,39.50952703509515,40.527794602276,47.233811405437166,48.274921362620844
hinge,43.89916118635912,41.96676274094718,44.63728169166753,47.56200821040617,48.24680576991925,47.0560092409482,47.08633931384986,40.527794602276,38.71804818681434,45.949403655328354,47.67349066033728
trapezoid,43.073723868189106,44.71952253601105,44.28348964963143,45.65743819865984,44.11625173411682,46.061551316985984,43.97739929982793,47.233811405437166,45.94940365532835,38.70984897214482,42.86891142278159
random,46.61479570355976,48.66507906394486,47.79755389218522,46.77993756198584,45.881111994964634,48.34539754780696,47.470601455492364,48.274921362620844,47.67349066033727,42.86891142278159,39.75215339064462
