,square,rectangle,parallelogram,losange,isoTrapezoid,kite,rightKite,rustedHinge,hinge,trapezoid,random
square,34.10309818076757,41.16630492245682,45.61250393911166,48.194770352418516,45.16814100946446,43.033887734414535,43.398762788168064,45.135848355392774,43.935284476036706,44.92988811963428,47.2126442720844
rectangle,41.16630492245682,32.49921424590042,43.38471066779059,46.944265738902374,44.32311549734406,43.309407760822054,43.493175775810926,43.94016164534355,42.00284360807415,43.32849650011599,46.34781846879954
parallelogram,45.61250393911166,43.38471066779059,37.75788459916389,42.36039970461839,45.19167151691586,43.666013004047606,44.11202372442845,44.327790316650315,43.01560753930161,42.84582670913231,44.7387321180666
losange,48.194770352418516,46.944265738902374,42.360399704618395,39.42372182819646,47.11205672255029,45.32058300499843,46.12219231752107,46.193143172326884,45.430832779210384,44.7140232468054,45.2261985849696
isoTrapezoid,45.16814100946446,44.32311549734406,45.19167151691586,47.112056722550285,31.814530258862256,38.93141866824931,37.42607405355369,43.307866694798406,42.79499394859146,37.88733374662073,40.12955565161059
kite,43.033887734414535,43.30940776082206,43.666013004047606,45.32058300499843,38.93141866824931,33.6206991985429,36.6112679209279,41.56438634572439,41.091905297778254,40.16704376976262,41.2204621773508
rightKite,43.398762788168064,43.493175775810926,44.11202372442845,46.12219231752107,37.42607405355369,36.6112679209279,33.534726286983414,42.158434788992906,41.51411801051701,38.89976360837869,41.363160863326286
rustedHinge,45.135848355392774,43.94016164534355,44.327790316650315,46.193143172326884,43.307866694798406,41.56438634572439,42.158434788992906,35.835260322978726,37.41597263787042,42.83673290611451,42.70167070252609
hinge,43.935284476036706,42.00284360807415,43.01560753930162,45.430832779210384,42.79499394859146,41.091905297778254,41.51411801051701,37.41597263787042,35.16566978556462,42.00176531250948,42.48480786954097
trapezoid,44.92988811963428,43.32849650011599,42.84582670913231,44.7140232468054,37.88733374662074,40.167043769762614,38.89976360837869,42.836732906114506,42.00176531250948,34.746646570383916,39.42181931656375
random,47.212644272084404,46.34781846879954,44.738732118066594,45.2261985849696,40.12955565161059,41.2204621773508,41.36316086332628,42.701670702526094,42.48480786954097,39.42181931656375,35.40280196443873
