,square,rectangle,parallelogram,losange,isoTrapezoid,kite,rightKite,rustedHinge,hinge,trapezoid,random
square,20.419003143621087,22.07032467879107,22.884007619211378,24.194472065491635,21.691673657572636,21.3656213468957,21.174971474588634,22.30541897638225,22.1536483388835,21.849795676249308,23.006300541041096
rectangle,22.07032467879107,20.12869854148211,21.44456972916541,22.849982578129044,22.96413530636499,22.279140233729578,22.16159609315833,21.558947124750937,21.112662997906995,22.352518858542098,23.449602030106337
parallelogram,22.88400761921138,21.44456972916541,20.113406292174194,21.773332949297348,23.293083155375307,23.016880009308945,22.626382111626786,21.93233158445238,21.547274850328435,22.14849807210579,23.0399702120595
losange,24.194472065491635,22.849982578129044,21.773332949297348,20.968844250048203,23.98934405843265,24.115465432065125,23.842385461456438,22.751368365306206,22.616933500204134,22.78347574490321,22.90154296680086
isoTrapezoid,21.691673657572636,22.96413530636499,23.293083155375303,23.98934405843265,20.335444726480265,21.575398735283688,21.48580740086915,22.950022339421054,22.934546322301628,21.778782410775854,22.38237357503985
kite,21.3656213468957,22.27914023372958,23.016880009308945,24.115465432065125,21.575398735283688,20.31951462046097,21.12683254695442,22.72469570785954,22.631551859780235,22.414570451963936,23.255642930235602
rightKite,21.174971474588634,22.16159609315833,22.626382111626786,23.84238546145644,21.48580740086915,21.12683254695442,20.301177409576567,22.467642745337564,22.350108173424236,21.69783572034853,22.871692089111832
rustedHinge,22.305418976382246,21.558947124750933,21.93233158445238,22.751368365306206,22.950022339421054,22.724695707859535,22.467642745337564,20.208880805375664,20.6284022417516,22.318139332428967,22.755278093277738
hinge,22.1536483388835,21.112662997906995,21.547274850328435,22.616933500204134,22.934546322301628,22.631551859780235,22.350108173424236,20.6284022417516,20.145147115604747,22.18232757192595,22.82475167257559
trapezoid,21.849795676249308,22.352518858542098,22.148498072105788,22.78347574490321,21.778782410775854,22.414570451963936,21.69783572034853,22.31813933242897,22.18232757192595,20.396935480634966,21.699443161592356
random,23.006300541041096,23.449602030106337,23.0399702120595,22.90154296680086,22.38237357503985,23.255642930235602,22.871692089111836,22.755278093277738,22.82475167257559,21.69944316159236,20.463907302269366
