,square,rectangle,parallelogram,losange,isoTrapezoid,kite,rightKite,rustedHinge,hinge,trapezoid,random
square,35.93777055840174,38.3719950741305,39.10003322650403,40.03662208297652,37.64088912155326,37.24928636235909,37.013278899450405,38.455561597698726,38.42002844681835,37.73814265449521,38.839434720141114
rectangle,38.3719950741305,36.115608470416085,37.482203121865965,38.415832724889306,39.50754452205905,38.618030995900575,38.537934101928585,37.70293883517216,37.31964919682262,38.70695230678123,39.62728845721286
parallelogram,39.10003322650403,37.482203121865965,36.102443555497956,37.491017902405126,39.86233156174243,39.3257170719784,39.04577146688243,38.146872488310805,37.749899008538534,38.74602687157956,39.539894721390986
losange,40.03662208297652,38.415832724889306,37.49101790240512,36.01625842602921,40.12291983282351,40.039183222243096,39.86296687001015,38.441476623886025,38.25821213393905,38.94221253576185,38.90278298838412
isoTrapezoid,37.64088912155326,39.50754452205905,39.86233156174243,40.12291983282351,36.28541014082958,37.79934477947986,37.67395835875311,39.405927304178924,39.48162732283305,38.01965065888052,38.56001915800762
kite,37.24928636235909,38.618030995900575,39.32571707197841,40.039183222243096,37.79934477947985,36.226513532698036,37.192373168272134,39.023104982347334,38.99076446297577,38.48145128126795,39.25766317764748
rightKite,37.013278899450405,38.537934101928585,39.04577146688243,39.86296687001015,37.67395835875311,37.19237316827213,36.15553111203672,38.795052067096925,38.750498765437555,37.81806767239487,39.04460016613179
rustedHinge,38.455561597698726,37.70293883517216,38.146872488310805,38.441476623886025,39.40592730417892,39.023104982347334,38.795052067096925,36.27356308747385,36.89967940055215,38.7141065516614,39.09115128968645
hinge,38.42002844681835,37.31964919682262,37.74989900853853,38.25821213393905,39.48162732283305,38.99076446297577,38.750498765437555,36.89967940055215,36.26350163347016,38.6181794615594,39.15593661646375
trapezoid,37.73814265449521,38.70695230678123,38.74602687157955,38.94221253576185,38.019650658880515,38.48145128126795,37.81806767239487,38.71410655166141,38.6181794615594,36.38117487809868,38.02351812734278
random,38.839434720141114,39.62728845721286,39.53989472139098,38.90278298838412,38.56001915800763,39.25766317764747,39.04460016613179,39.091151289686444,39.15593661646374,38.02351812734278,36.44455515253375
