,square,rectangle,parallelogram,losange,isoTrapezoid,kite,rightKite,rustedHinge,hinge,trapezoid,random
square,74.55854690681751,85.44966787901447,92.90339804747202,95.45594937027116,91.44439877540513,88.09296767515201,87.73823812485973,91.24315044349657,90.15541300807746,91.26784056345744,94.3558091795889
rectangle,85.44966787901447,67.92551138724741,86.18715993403387,89.71258188140658,86.8451444732042,85.32396462377896,84.13992927482268,85.66529625289579,83.9276974613879,85.70707794932255,89.74438662145309
parallelogram,92.90339804747202,86.18715993403387,74.36505831831559,80.56792166332795,87.05849700487816,85.88956371346308,84.92166395339633,85.26850193191034,84.53511106927672,83.6625021210898,86.30064205594887
losange,95.45594937027114,89.71258188140658,80.56792166332795,74.1895108599125,88.08141432922497,87.37392705169053,86.53687738810918,86.92679172174797,86.91519099758884,84.31360891918375,85.1432498274542
isoTrapezoid,91.44439877540513,86.8451444732042,87.05849700487816,88.08141432922497,62.34384272627517,76.96449794055776,72.01403903603556,83.06708822560401,83.50574666935837,73.96105464131026,78.27586522241921
kite,88.09296767515201,85.32396462377898,85.88956371346308,87.37392705169053,76.96449794055776,68.53169858991792,72.50751765266332,82.16798358632812,82.28027666307925,79.18896055248292,81.63662318161403
rightKite,87.73823812485972,84.13992927482268,84.92166395339633,86.53687738810918,72.01403903603556,72.50751765266332,65.20012727848476,80.95803076072397,81.01623432684325,75.13120194179511,79.55872147574637
rustedHinge,91.24315044349657,85.66529625289577,85.26850193191034,86.92679172174797,83.06708822560401,82.16798358632812,80.95803076072397,70.94540356896904,75.04384552333798,82.5833105722976,83.16807621902696
hinge,90.15541300807746,83.9276974613879,84.53511106927672,86.91519099758882,83.50574666935837,82.28027666307923,81.01623432684325,75.04384552333799,71.6334272475655,82.67049338077595,83.97849946888412
trapezoid,91.26784056345744,85.70707794932254,83.6625021210898,84.31360891918375,73.96105464131026,79.18896055248292,75.13120194179511,82.58331057229762,82.67049338077595,68.11763405773735,76.69139697251399
random,94.3558091795889,89.74438662145309,86.30064205594887,85.1432498274542,78.27586522241921,81.63662318161403,79.55872147574635,83.16807621902696,83.97849946888412,76.69139697251399,69.33014289875733
