,square,rectangle,parallelogram,losange,isoTrapezoid,kite,rightKite,rustedHinge,hinge,trapezoid,random
square,45.0382137161568,56.80112469107462,59.78294668326879,61.09258585909815,54.20650088425088,53.05354753884647,52.909055158678385,57.56161401205713,55.3438390297795,55.552942383333004,57.16973218023618
rectangle,56.80112469107462,44.1054682833622,59.449981969930455,61.50243872143323,55.98107732101256,55.426539808540554,56.39382306732023,57.53041109173787,54.20812543629818,55.48987221282386,58.47384017989022
parallelogram,59.78294668326879,59.449981969930455,52.130537529377065,56.406935239406714,56.8089531186829,56.385750074600914,56.841726035701775,58.19571121392275,56.023152705821694,55.747443850910656,57.51438705466889
losange,61.09258585909815,61.502438721433236,56.406935239406714,51.47588651481096,56.9668571516104,56.887536813579885,57.45953628071759,58.82041591772888,57.395755647633955,56.27571975221919,56.78812768965533
isoTrapezoid,54.20650088425088,55.98107732101256,56.8089531186829,56.9668571516104,39.51342658005814,47.37637976013847,46.81225107382353,51.984694556130904,50.84848476531317,47.80441010547744,49.88339220722051
kite,53.05354753884647,55.42653980854055,56.385750074600914,56.887536813579885,47.37637976013847,42.84017816398456,46.47654403460202,52.20534552316077,50.51037797739562,50.17623320362662,51.31594128379119
rightKite,52.909055158678385,56.39382306732024,56.841726035701775,57.45953628071758,46.81225107382353,46.47654403460203,42.76133025847531,52.86942073319129,51.38814210281754,49.63400259595595,52.013974439487605
rustedHinge,57.56161401205713,57.530411091737854,58.19571121392275,58.82041591772888,51.984694556130904,52.20534552316076,52.86942073319129,45.9507620841785,47.613591056462035,53.76942051209375,53.12796019310144
hinge,55.3438390297795,54.20812543629818,56.02315270582171,57.395755647633955,50.84848476531317,50.51037797739562,51.38814210281754,47.613591056462035,43.59778736021231,52.018331527856105,52.26736117918571
trapezoid,55.552942383333004,55.48987221282386,55.74744385091065,56.2757197522192,47.80441010547744,50.17623320362662,49.63400259595595,53.76942051209375,52.018331527856105,44.40707063237349,50.56587204986241
random,57.16973218023618,58.4738401798902,57.51438705466889,56.78812768965534,49.88339220722051,51.31594128379119,52.013974439487605,53.12796019310145,52.26736117918572,50.565872049862406,45.834790915843186
