,square,rectangle,parallelogram,losange,isoTrapezoid,kite,rightKite,rustedHinge,hinge,trapezoid,random
square,53.846798726528036,63.97443125618994,70.28807230425464,73.28843076593695,68.24082001264702,67.98414074976651,67.07113999837236,72.22875640504732,69.96477252516597,69.09161005282914,73.57697397024586
rectangle,63.97443125618994,54.094496917736485,68.69621621312348,72.95698959054396,71.44039378831361,70.9080351462906,70.43184164871272,72.23463258357457,68.62530260358947,70.88760627885043,75.0477608047515
parallelogram,70.28807230425464,68.69621621312348,55.19582194388208,60.520874613938076,65.55400491869118,67.92050294635416,67.03868253818038,68.44191461619396,67.29088348443086,63.68004044801877,66.7379400731227
losange,73.28843076593695,72.95698959054396,60.520874613938076,55.42977235074187,65.972453435895,69.17804699033313,68.36187728494403,69.32501521048516,69.20833903556384,64.19529507462782,65.2194585933735
isoTrapezoid,68.24082001264702,71.44039378831361,65.55400491869119,65.97245343589502,49.2865133763912,60.656501383963565,58.76037490467258,66.21990031407368,66.56881017418415,58.040099335615075,61.41675972474547
kite,67.98414074976651,70.9080351462906,67.92050294635415,69.17804699033313,60.656501383963565,54.51023187083811,58.44956167083395,66.26863723636843,66.16571593140722,64.29352093199428,65.76073891612461
rightKite,67.07113999837236,70.43184164871272,67.03868253818038,68.36187728494403,58.76037490467258,58.44956167083396,53.613870053113985,65.84138382257551,65.74676316668484,61.6993809756192,64.90966438289429
rustedHinge,72.22875640504732,72.23463258357457,68.44191461619396,69.32501521048516,66.21990031407368,66.26863723636843,65.84138382257552,55.6976068792868,59.01439816043145,67.34176016975383,66.09847107799114
hinge,69.96477252516597,68.62530260358947,67.29088348443086,69.20833903556384,66.56881017418415,66.16571593140722,65.74676316668483,59.01439816043145,56.434568871986116,67.06173504425641,67.04429556405256
trapezoid,69.09161005282914,70.88760627885043,63.68004044801877,64.19529507462782,58.040099335615075,64.29352093199428,61.6993809756192,67.34176016975383,67.06173504425641,53.43799248161243,60.65211806833273
random,73.57697397024586,75.0477608047515,66.73794007312269,65.2194585933735,61.41675972474547,65.76073891612461,64.90966438289429,66.09847107799114,67.04429556405258,60.65211806833275,54.01891116543126
