,square,rectangle,parallelogram,losange,isoTrapezoid,kite,rightKite,rustedHinge,hinge,trapezoid,random
square,37.71717166930805,42.51840955658706,46.901716348304056,49.195130415646844,44.611075126155676,44.55125473447416,44.75810402299236,46.20965756583916,45.44324862515583,45.21406481823457,46.665325280681095
rectangle,42.518409556587066,34.33071514445047,43.28821486199158,45.88402445980417,41.9039620372222,42.06002023918984,42.16923060511037,43.3837485523735,41.91254723177996,42.24668349415344,43.70570951733151
parallelogram,46.90171634830407,43.28821486199158,38.51954859353441,42.75055105829879,42.389046559270945,42.70409426256924,42.82199504949801,43.86451155862649,42.878313181668,41.87559442958013,42.88907223916875
losange,49.195130415646844,45.88402445980418,42.75055105829879,40.12064253259192,43.89644634226843,44.32374434901879,44.39261894289475,45.50124993301189,44.63341244251467,43.25070649128139,43.74886190490263
isoTrapezoid,44.611075126155676,41.9039620372222,42.38904655927094,43.896446342268426,30.849786559447207,36.68586298771282,35.348370775290846,40.18116694527826,39.526539938187305,36.27268644274615,38.11850397589727
kite,44.551254734474156,42.06002023918984,42.70409426256924,44.32374434901879,36.68586298771282,33.15863887134515,35.417200484862875,39.77221587783075,39.09314644675081,38.33460528241864,38.74093071701713
rightKite,44.75810402299236,42.16923060511037,42.82199504949801,44.39261894289475,35.34837077529085,35.417200484862875,32.33328509048111,39.79963978539573,39.09928308282792,37.524806549774645,38.85341760187196
rustedHinge,46.20965756583916,43.3837485523735,43.86451155862649,45.50124993301189,40.18116694527826,39.77221587783075,39.79963978539573,36.15615340100619,37.59948052625771,41.03243349581117,40.69597943688205
hinge,45.443248625155825,41.91254723177996,42.878313181668,44.63341244251467,39.52653993818731,39.09314644675081,39.09928308282792,37.59948052625771,35.30247739707487,40.227437444960884,40.25519886800333
trapezoid,45.21406481823457,42.246683494153444,41.87559442958013,43.25070649128139,36.27268644274615,38.33460528241864,37.52480654977464,41.03243349581117,40.227437444960884,33.96117882873025,38.09902060254933
random,46.665325280681095,43.70570951733151,42.88907223916874,43.74886190490263,38.11850397589727,38.74093071701713,38.85341760187196,40.69597943688205,40.25519886800333,38.09902060254933,33.931386797124745
