,square,rectangle,parallelogram,losange,isoTrapezoid,kite,rightKite,rustedHinge,hinge,trapezoid,random
square,35.03800185524455,38.820538069722346,40.58808380811425,42.52042435956649,37.76142668782845,37.285091260159554,36.87764947847342,39.42181326464062,39.11545491872559,38.16624300981425,40.4592110897209
rectangle,38.820538069722346,35.19127185453209,38.15767982755786,40.601957070649775,41.06373119729068,39.618483828055844,39.34877935706027,38.38486552963669,37.41882870859291,39.72680989265052,42.13459601348723
parallelogram,40.58808380811425,38.15767982755786,34.65264237311582,37.46144142687595,41.5634438801426,41.275538420944606,40.19720130111361,39.4556605748949,38.479228542633436,38.7785140478443,40.86026487662414
losange,42.52042435956649,40.601957070649775,37.46144142687595,34.79912031742246,42.240204196058954,42.786557658351036,41.87487469788943,40.50174785665979,40.064124680807346,39.14784127209797,39.67262650368072
isoTrapezoid,37.76142668782845,41.06373119729068,41.5634438801426,42.240204196058954,34.58775897072721,37.67303648107732,37.346665468538816,40.98008309571808,40.970960856616834,37.8718461528009,39.045071177904184
kite,37.28509126015955,39.618483828055844,41.27553842094461,42.786557658351036,37.67303648107732,34.76612006620389,36.593814458793084,40.483769420285746,40.43762040417046,39.68363241678468,41.384027707167114
rightKite,36.87764947847342,39.34877935706028,40.19720130111361,41.87487469788943,37.34666546853882,36.593814458793084,34.637307501509596,40.19185946086561,40.003159937547856,37.808952963497916,40.312881659059194
rustedHinge,39.42181326464061,38.38486552963669,39.4556605748949,40.5017478566598,40.98008309571807,40.483769420285746,40.19185946086561,34.74412807527607,35.78233554162924,39.89480100567774,40.799977799009504
hinge,39.11545491872559,37.41882870859291,38.479228542633436,40.064124680807346,40.970960856616834,40.43762040417045,40.003159937547856,35.78233554162924,34.92826910683164,39.48397870008917,40.804672273630445
trapezoid,38.16624300981425,39.72680989265052,38.7785140478443,39.14784127209797,37.8718461528009,39.683632416784675,37.808952963497916,39.89480100567774,39.48397870008917,34.53283097097842,37.244463468886686
random,40.4592110897209,42.13459601348723,40.86026487662414,39.67262650368072,39.04507117790419,41.38402770716711,40.312881659059194,40.799977799009504,40.804672273630445,37.24446346888669,34.74030024547361
