,square,rectangle,parallelogram,losange,isoTrapezoid,kite,rightKite,rustedHinge,hinge,trapezoid,random
square,23.83253602570963,25.94792778889841,26.94615185406521,28.20776278550207,25.190007553883024,24.88004845282949,24.67271744754775,26.415285669976605,26.118973336042462,25.634200405774276,26.581001374946847
rectangle,25.94792778889841,24.227115304889853,25.55358665782935,26.870427578608812,26.89372759901,26.12212716939103,26.08964260089983,25.919910746898,25.327840105367002,26.512170627411667,27.36764984545105
parallelogram,26.94615185406521,25.55358665782935,24.558434575854168,26.16227505186566,27.576956705448655,27.109010653018995,26.85988359840095,26.49412152778111,25.909451331617085,26.745028678542575,27.49347660597744
losange,28.20776278550207,26.870427578608815,26.16227505186566,25.33211987647877,28.293468230604656,28.194647682133002,28.013472541907213,27.18888279678323,26.829282106671243,27.33917130666645,27.369131034288976
isoTrapezoid,25.19000755388302,26.893727599010006,27.57695670544865,28.293468230604656,24.095398657677286,25.310994297923717,25.18082563804429,27.15708465273133,26.97667817725867,25.813163942548563,26.316580480079782
kite,24.880048452829495,26.12212716939103,27.109010653019,28.194647682133002,25.310994297923724,23.990148312291712,24.781147373057262,26.86349203504139,26.58492521636626,26.30759572104223,27.003928890036857
rightKite,24.67271744754775,26.08964260089983,26.85988359840095,28.013472541907216,25.180825638044293,24.781147373057262,23.960131688014418,26.684583653639898,26.40214711486927,25.679438874410813,26.73815772180696
rustedHinge,26.415285669976605,25.919910746897994,26.49412152778111,27.188882796783236,27.157084652731335,26.86349203504139,26.6845836536399,24.93772927901426,25.209616000963752,26.84826281206565,27.1360837779475
hinge,26.118973336042455,25.327840105367002,25.909451331617078,26.829282106671243,26.976678177258663,26.58492521636625,26.40214711486927,25.209616000963752,24.514673532924384,26.53334756018783,26.991026787922124
trapezoid,25.634200405774276,26.512170627411667,26.745028678542575,27.33917130666645,25.813163942548563,26.30759572104223,25.679438874410813,26.84826281206565,26.533347560187828,24.74119529158925,26.040464864482892
random,26.581001374946847,27.36764984545105,27.493476605977435,27.369131034288976,26.316580480079782,27.003928890036853,26.73815772180696,27.1360837779475,26.991026787922124,26.040464864482892,24.798344733474533
