,square,rectangle,parallelogram,losange,isoTrapezoid,kite,rightKite,rustedHinge,hinge,trapezoid,random
square,18.829567955846812,20.669478561852227,21.420660224195043,22.465583277624113,20.247652299933225,19.958320119753413,19.784773317913913,21.013866685643926,20.74962621847877,20.47340526147122,21.53333713014345
rectangle,20.669478561852227,19.0683234096484,20.200296271111828,21.225088239129153,21.554265627314404,20.945418441367185,20.93065249603448,20.538109645484354,19.998332643639138,21.175683975047793,22.033498397940054
parallelogram,21.420660224195043,20.200296271111828,19.3020229663685,20.61638985281791,22.04038342966069,21.685054483957124,21.485415614083912,20.9770482872547,20.43224013338326,21.251305516862505,22.04951833531616
losange,22.465583277624113,21.22508823912915,20.616389852817914,19.734447536394985,22.55857960760834,22.54777905637246,22.429196576772473,21.451683046183724,21.105730233652352,21.66270637008189,21.757536670439617
isoTrapezoid,20.247652299933225,21.5542656273144,22.04038342966069,22.55857960760834,19.32985426847668,20.452245990645835,20.356254347658258,21.764806814061114,21.579906179624793,20.72986631623501,21.325531153065192
kite,19.958320119753413,20.945418441367185,21.685054483957124,22.54777905637246,20.452245990645835,19.246305407887807,20.003339547460502,21.551272620361946,21.30154569470993,21.250933852059255,21.983641472393185
rightKite,19.784773317913913,20.930652496034483,21.485415614083912,22.429196576772473,20.356254347658258,20.0033395474605,19.262050770880304,21.421660607994315,21.156296381436704,20.695978954764655,21.816247900247678
rustedHinge,21.013866685643926,20.538109645484354,20.9770482872547,21.451683046183728,21.764806814061114,21.55127262036195,21.421660607994312,19.5955777845711,19.829174413203187,21.40974096493315,21.762227477557317
hinge,20.749626218478774,19.998332643639138,20.43224013338326,21.105730233652356,21.579906179624793,21.30154569470993,21.156296381436707,19.829174413203187,19.19473673290976,21.099964207107735,21.604803067843868
trapezoid,20.473405261471218,21.17568397504779,21.251305516862505,21.66270637008189,20.72986631623501,21.250933852059255,20.695978954764655,21.40974096493315,21.099964207107735,19.635256883537142,20.96756740446895
random,21.53333713014345,22.03349839794005,22.049518335316165,21.757536670439617,21.325531153065192,21.983641472393185,21.816247900247678,21.762227477557317,21.60480306784387,20.96756740446895,19.94809573058
