,square,rectangle,parallelogram,losange,isoTrapezoid,kite,rightKite,rustedHinge,hinge,trapezoid,random
square,31.051357717822206,36.02797787297978,47.53403000810779,49.88640190600023,43.948544967335984,43.39177463437148,43.094602961567965,48.086577801329824,45.7051611202622,46.0556455715772,50.38612604224509
rectangle,36.027977872979775,31.56666196088973,45.015213008181775,48.29449173376226,46.945264816863514,45.198076514738965,45.06648105811183,47.19671879278261,44.08871276533105,47.31142908175457,51.492537779338
parallelogram,47.53403000810779,45.015213008181775,38.74741231804695,43.042261508707696,50.42491069524224,49.85399993994907,49.8049927108938,51.39281232657674,49.04907488077222,47.217865255287144,50.955351417841754
losange,49.88640190600023,48.294491733762264,43.042261508707696,39.651006530792486,51.37035833728794,51.3822324430696,51.435393371258854,52.772649254789535,51.020081689882396,47.80256016390022,49.73237809819202
isoTrapezoid,43.948544967335984,46.945264816863514,50.42491069524223,51.37035833728794,34.624522825234486,42.50226900660343,41.33207159282747,50.195165114622625,49.33866164886541,42.85846648862743,46.88943220173537
kite,43.39177463437149,45.198076514738965,49.85399993994908,51.3822324430696,42.50226900660342,36.9616985655359,40.09566500214919,48.87278418327125,47.71922925592147,46.71954126454088,48.94947093757752
rightKite,43.094602961567965,45.06648105811183,49.8049927108938,51.435393371258854,41.33207159282747,40.09566500214919,36.355730768669076,48.315007299671024,47.1382917311204,44.629012645949764,48.574756441404865
rustedHinge,48.086577801329824,47.19671879278261,51.392812326576745,52.772649254789535,50.195165114622625,48.87278418327125,48.31500729967102,38.905328258635215,40.51083598422515,50.92340679583519,50.87394282427309
hinge,45.705161120262204,44.08871276533105,49.049074880772224,51.020081689882396,49.33866164886541,47.71922925592147,47.13829173112041,40.51083598422515,38.24207617635593,49.63888945749274,50.44961965361779
trapezoid,46.0556455715772,47.311429081754575,47.217865255287144,47.80256016390022,42.85846648862743,46.71954126454088,44.629012645949764,50.923406795835184,49.63888945749274,38.82324987121615,45.024642620940114
random,50.386126042245095,51.49253777933799,50.95535141784177,49.732378098192015,46.88943220173537,48.94947093757753,48.574756441404865,50.87394282427309,50.449619653617795,45.024642620940114,39.92990650788275
