,square,rectangle,parallelogram,losange,isoTrapezoid,kite,rightKite,rustedHinge,hinge,trapezoid,random
square,39.04445373804742,48.20644679686196,59.88747230765202,62.101383262092725,59.24243272163129,54.68440191731557,54.22012386788141,54.62878266681486,53.85544761812011,59.94020824891404,60.6042674321746
rectangle,48.20644679686196,40.31924712008614,58.7021123892336,61.60718815667941,61.03030936594957,56.56901089034635,56.70681758487468,54.50238683599332,52.97538386615171,60.689272666710494,60.83592012563666
parallelogram,59.88747230765202,58.7021123892336,53.19165969271761,58.781195760841314,66.66013828680443,62.66835452424216,63.080973760568895,60.83119934384191,59.93867433479522,64.34584624295233,64.02272068693101
losange,62.101383262092725,61.60718815667941,58.78119576084131,53.39799386179449,67.05679497079721,63.60439129474767,64.09862487102276,61.59828485642401,61.340882794446436,64.98817141850148,62.74906291117226
isoTrapezoid,59.24243272163129,61.03030936594957,66.66013828680443,67.0567949707972,49.25220571973619,56.78349624397455,55.39561643435759,60.09598259825395,60.42809407674516,59.31516498111532,60.149056632850105
kite,54.684401917315576,56.56901089034635,62.66835452424217,63.60439129474766,56.783496243974525,47.720295580473326,51.41843356285401,55.94849277762859,55.99058046991926,60.29119784123207,59.27031829571097
rightKite,54.22012386788141,56.70681758487469,63.080973760568895,64.09862487102276,55.39561643435759,51.41843356285401,46.83190434640764,56.16898920257167,56.152084460197905,58.207027615016685,59.14376992774143
rustedHinge,54.62878266681486,54.50238683599332,60.83119934384191,61.59828485642401,60.09598259825396,55.948492777628594,56.16898920257167,45.393132394856835,48.46954316925857,61.346688658109585,58.07293502668799
hinge,53.855447618120124,52.975383866151724,59.93867433479522,61.340882794446436,60.42809407674516,55.99058046991926,56.152084460197905,48.46954316925857,46.59409251106339,60.934245882311764,58.57784778430455
trapezoid,59.94020824891404,60.68927266671048,64.34584624295233,64.98817141850147,59.31516498111532,60.29119784123207,58.207027615016685,61.34668865810959,60.934245882311735,53.925023938955974,59.079665075444225
random,60.6042674321746,60.83592012563666,64.02272068693101,62.74906291117226,60.149056632850105,59.27031829571097,59.14376992774143,58.072935026687986,58.57784778430455,59.079665075444225,51.0179962155495
