,square,rectangle,parallelogram,losange,isoTrapezoid,kite,rightKite,rustedHinge,hinge,trapezoid,random
square,0.019031275109614273,0.02478197410045535,0.032553528676736145,0.036304247023353234,0.023425481320597293,0.023069436566780347,0.022828927926911047,0.028773806985213878,0.027966396255167836,0.02545426304860919,0.030268277473614335
rectangle,0.02478197410045535,0.018132544336144005,0.02321135523691784,0.029373630418911435,0.033687425313060154,0.028993989252987577,0.02979909501968517,0.02898728167934791,0.02537806245171718,0.02847127024964667,0.03856873959115801
parallelogram,0.032553528676736145,0.023211355236917836,0.019924229741709754,0.024686131598362002,0.04171611205587222,0.03787269588647117,0.03744271531163775,0.03364504785691674,0.029278937633354565,0.030563981124662527,0.04120624393121321
losange,0.036304247023353234,0.029373630418911435,0.024686131598362002,0.022599836361630255,0.04360609294628303,0.041178829920268514,0.040613905951828906,0.03563740243021218,0.03285563614259853,0.03150184543415897,0.03947201610044826
isoTrapezoid,0.023425481320597297,0.033687425313060154,0.04171611205587222,0.04360609294628303,0.019091067466127473,0.023741429476433755,0.0231825824196872,0.03518191223966991,0.0356807559634415,0.02726565884231823,0.02874201410458706
kite,0.023069436566780344,0.028993989252987577,0.03787269588647118,0.041178829920268514,0.023741429476433755,0.02184627148490926,0.02257689106449281,0.035182818128951514,0.03456235605468999,0.02944977774231388,0.034255925378320166
rightKite,0.022828927926911047,0.029799095019685168,0.03744271531163775,0.040613905951828906,0.0231825824196872,0.02257689106449281,0.020649166124510183,0.034431708087064854,0.03458494396461972,0.02751015180848882,0.03243206789505385
rustedHinge,0.028773806985213878,0.02898728167934792,0.03364504785691674,0.03563740243021218,0.03518191223966991,0.035182818128951514,0.03443170808706485,0.02302953124012022,0.024543287977053192,0.031143830391262593,0.03413131917806852
hinge,0.027966396255167832,0.02537806245171718,0.029278937633354565,0.03285563614259853,0.0356807559634415,0.03456235605469,0.03458494396461972,0.024543287977053192,0.023583422391280053,0.030627630717949876,0.03557642360288349
trapezoid,0.02545426304860919,0.028471270249646664,0.030563981124662527,0.031501845434158966,0.02726565884231823,0.02944977774231388,0.02751015180848882,0.0311438303912626,0.030627630717949883,0.023107301562169325,0.02788181780746847
random,0.030268277473614328,0.03856873959115801,0.04120624393121321,0.03947201610044826,0.02874201410458706,0.034255925378320166,0.032432067895053866,0.03413131917806852,0.03557642360288349,0.02788181780746847,0.026054361409287366
