,square,rectangle,parallelogram,losange,isoTrapezoid,kite,rightKite,rustedHinge,hinge,trapezoid,random
square,0.041797684387634655,0.05701073361535123,0.06868218587798113,0.07898868739309439,0.05084086645254791,0.04914027811919312,0.046305359839920054,0.05967261439247772,0.05868461397870366,0.053019787696498004,0.06481850002058047
rectangle,0.05701073361535123,0.04445085054626074,0.05407845360212781,0.0655297342039653,0.07060524387025444,0.06134452580133198,0.05961837692729065,0.055535624289131766,0.05135686061604138,0.06088506770926035,0.07424657209117283
parallelogram,0.06868218587798113,0.05407845360212781,0.047392048522687906,0.054956635202654605,0.07662981481180273,0.07206260855965206,0.06835279467035706,0.06051828273469937,0.05600489693847541,0.061250045167696915,0.07131001983849938
losange,0.07898868739309438,0.0655297342039653,0.054956635202654605,0.047621637742949904,0.08073649970293237,0.07954737682126428,0.07666851953112164,0.06461376750803807,0.0624599257836953,0.06429019133502262,0.06454785603018796
isoTrapezoid,0.05084086645254791,0.07060524387025444,0.07662981481180273,0.08073649970293237,0.04334316521882376,0.05260889773267957,0.05051409988206635,0.06972953566430434,0.07036779381975923,0.0550176157557672,0.06129642777560411
kite,0.04914027811919312,0.06134452580133198,0.07206260855965206,0.07954737682126428,0.05260889773267957,0.04369599859997887,0.04767179095006935,0.06706284551345082,0.06652459496802901,0.061111381852660795,0.07056427577292772
rightKite,0.046305359839920054,0.05961837692729065,0.06835279467035706,0.07666851953112165,0.05051409988206635,0.04767179095006935,0.04305632626499037,0.06413210679713237,0.06319668911934005,0.0534281591636807,0.06653866511642313
rustedHinge,0.05967261439247772,0.055535624289131766,0.06051828273469937,0.06461376750803807,0.06972953566430434,0.06706284551345082,0.06413210679713237,0.04627456737937024,0.04741745571806019,0.06107784092447573,0.06629035654132448
hinge,0.05868461397870366,0.05135686061604138,0.05600489693847541,0.0624599257836953,0.07036779381975923,0.06652459496802901,0.06319668911934004,0.04741745571806019,0.045769458921572956,0.059535250685439606,0.06704502498493461
trapezoid,0.053019787696498004,0.06088506770926035,0.061250045167696915,0.06429019133502262,0.0550176157557672,0.061111381852660795,0.0534281591636807,0.061077840924475726,0.059535250685439606,0.04395323198941378,0.05269243887847483
random,0.06481850002058047,0.07424657209117283,0.0713100198384994,0.06454785603018796,0.06129642777560411,0.0705642757729277,0.06653866511642313,0.06629035654132448,0.06704502498493463,0.052692438878474815,0.04601117163325479
