,square,rectangle,parallelogram,losange,isoTrapezoid,kite,rightKite,rustedHinge,hinge,trapezoid,random
square,0.0,6397.231064075505,10990.618270126137,12416.403808483965,15007.462532377776,18859.531888238038,17299.706638387812,19291.250281940283,17177.999655026357,13850.25321931701,17204.090527636614
rectangle,6397.231064075505,0.0,10360.638119605008,12272.449700223011,15466.43542999909,19047.277751372305,17599.76425968518,18856.460430002837,16539.427500142854,14102.851481990992,17397.202573321636
parallelogram,10990.618270126137,10360.638119605008,0.0,5263.196162594122,12142.141486686847,14596.635175566957,13386.869904073668,14252.086942188045,12137.36557346624,9336.092167187673,12528.799689956395
losange,12416.403808483965,12272.449700223011,5263.196162594122,0.0,12244.891541537927,14699.62808718334,13546.329751832845,14234.841161242808,12469.455912821388,9062.279912926782,11607.531392059516
isoTrapezoid,15007.462532377776,15466.43542999909,12142.141486686847,12244.891541537927,0.0,8543.176305508012,7406.714483722497,10451.653494205822,9574.88346427835,7216.4181967083105,8424.21164951255
kite,18859.531888238038,19047.277751372305,14596.635175566957,14699.62808718334,8543.176305508012,0.0,4667.079691110339,8883.538572547302,8905.212765671411,10379.16397010559,9782.952396351713
rightKite,17299.706638387812,17599.76425968518,13386.869904073668,13546.329751832845,7406.714483722497,4667.079691110339,0.0,8552.4507782683,8274.844569228724,8685.053663228362,8751.393676410746
rustedHinge,19291.250281940283,18856.460430002837,14252.086942188045,14234.841161242808,10451.653494205822,8883.538572547302,8552.4507782683,0.0,3934.3311801142145,10759.046629530312,9555.033539616807
hinge,17177.999655026357,16539.427500142854,12137.36557346624,12469.455912821388,9574.88346427835,8905.212765671411,8274.844569228724,3934.3311801142145,0.0,9167.726367028572,8680.29040884462
trapezoid,13850.25321931701,14102.851481990992,9336.092167187673,9062.279912926782,7216.4181967083105,10379.16397010559,8685.053663228362,10759.046629530312,9167.726367028572,0.0,6459.399491175561
random,17204.090527636614,17397.202573321636,12528.799689956395,11607.531392059516,8424.21164951255,9782.952396351713,8751.393676410746,9555.033539616807,8680.29040884462,6459.399491175561,0.0
