,square,rectangle,parallelogram,losange,isoTrapezoid,kite,rightKite,rustedHinge,hinge,trapezoid,random
square,0.0,1987.6329817018188,3557.2581103575826,4024.195366145298,3388.349952776537,3550.5026698619367,3370.9312731715418,3961.44512993185,3737.865092387942,3496.3162785603113,4246.832864964503
rectangle,1987.6329817018188,0.0,3159.4954777043986,3817.250801235138,3754.014352254488,3710.5162656696075,3563.3468389148434,3695.3393123213145,3360.56605725247,3612.7700679374007,4357.250726615948
parallelogram,3557.2581103575826,3159.4954777043986,0.0,1960.5913212819603,3995.8458147330266,3923.15546586934,3875.2772366341183,3928.788213789766,3585.7833262711792,3066.3729323139064,3861.5233035679576
losange,4024.195366145298,3817.250801235138,1960.5913212819603,0.0,4194.339359365953,4205.768752924917,4190.419865220212,4206.931822692041,3986.58156962225,3126.027822315722,3633.8091403021417
isoTrapezoid,3388.349952776537,3754.014352254488,3995.8458147330266,4194.339359365953,0.0,2711.0448747119485,2446.594360218414,3551.5465833611715,3532.430830511085,2481.47862807374,3119.099472300689
kite,3550.5026698619367,3710.5162656696075,3923.15546586934,4205.768752924917,2711.0448747119485,0.0,1693.659465611747,3458.4692486819818,3296.9036594469003,3100.6868396305867,3395.8338212514004
rightKite,3370.9312731715418,3563.3468389148434,3875.2772366341183,4190.419865220212,2446.594360218414,1693.659465611747,0.0,3233.64800116061,3119.452898835173,2667.5049202453692,3246.8667841152865
rustedHinge,3961.44512993185,3695.3393123213145,3928.788213789766,4206.931822692041,3551.5465833611715,3458.4692486819818,3233.64800116061,0.0,1159.6601033211246,3383.685961985245,3426.5475304240476
hinge,3737.865092387942,3360.56605725247,3585.7833262711792,3986.58156962225,3532.430830511085,3296.9036594469003,3119.452898835173,1159.6601033211246,0.0,3175.7357341667616,3277.2799404538487
trapezoid,3496.3162785603113,3612.7700679374007,3066.3729323139064,3126.027822315722,2481.47862807374,3100.6868396305867,2667.5049202453692,3383.685961985245,3175.7357341667616,0.0,2134.398584815971
random,4246.832864964503,4357.250726615948,3861.5233035679576,3633.8091403021417,3119.099472300689,3395.8338212514004,3246.8667841152865,3426.5475304240476,3277.2799404538487,2134.398584815971,0.0
