,square,rectangle,parallelogram,losange,isoTrapezoid,kite,rightKite,rustedHinge,hinge,trapezoid,random
square,0.0,124.10267144913782,151.34282163797351,178.66999673164293,95.10736417783248,78.02642815711658,63.02656888286583,126.57471872038948,125.3713122207188,98.92457092903433,144.92286584299777
rectangle,124.10267144913782,0.0,86.65435259535793,136.55646556080268,172.49715425326713,134.93686583527906,130.60966877020272,100.27113100166281,79.34843097522167,133.15053863345506,177.59311688873365
parallelogram,151.34282163797351,86.65435259535793,0.0,88.27435434659613,180.1812448198445,159.1313905459479,148.8240042629512,115.38419438172633,97.25269061153614,129.59650367680257,165.42079434220946
losange,178.66999673164293,136.55646556080268,88.27435434659613,0.0,186.39109011412535,181.1229802539351,172.88609011622992,130.82909046443964,123.38775915371959,134.18658072247652,138.34570516821245
isoTrapezoid,95.10736417783248,172.49715425326713,180.1812448198445,186.39109011412535,0.0,98.43778506572248,90.84942794386929,163.73412959763155,167.95610176267726,107.19404709737718,129.44057308893866
kite,78.02642815711658,134.93686583527906,159.1313905459479,181.1229802539351,98.43778506572248,0.0,65.07777177457606,151.88693661536124,151.15061527762575,125.84671306702147,159.646369908097
rightKite,63.02656888286583,130.60966877020272,148.8240042629512,172.88609011622992,90.84942794386929,65.07777177457606,0.0,141.9235982168632,140.47281671999488,96.97884931180663,148.60283557148642
rustedHinge,126.57471872038948,100.27113100166281,115.38419438172633,130.82909046443964,163.73412959763155,151.88693661536124,141.9235982168632,0.0,39.69785868007254,128.33294884498946,150.91740177206
hinge,125.3713122207188,79.34843097522167,97.25269061153614,123.38775915371959,167.95610176267726,151.15061527762575,140.47281671999488,39.69785868007254,0.0,124.53069740503794,154.48153662067423
trapezoid,98.92457092903433,133.15053863345506,129.59650367680257,134.18658072247652,107.19404709737718,125.84671306702147,96.97884931180663,128.33294884498946,124.53069740503794,0.0,96.29956047355499
random,144.92286584299777,177.59311688873365,165.42079434220946,138.34570516821245,129.44057308893866,159.646369908097,148.60283557148642,150.91740177206,154.48153662067423,96.29956047355499,0.0
