,square,rectangle,parallelogram,losange,isoTrapezoid,kite,rightKite,rustedHinge,hinge,trapezoid,random
square,0.0,282.8546691608584,376.6230501576721,459.6463957205552,233.73054610477055,208.84141606155444,175.60477528316676,316.0318469350089,299.85417307075255,262.9498748105994,368.14589355684353
rectangle,282.8546691608584,0.0,240.34383279155773,373.97876938137125,419.1222760969176,329.86743653443386,317.10387993231035,269.38860688578376,210.5459894359098,333.3479645260269,449.8406008073283
parallelogram,376.6230501576721,240.34383279155773,0.0,230.65422921045425,446.6571656465163,411.9761518335835,374.1437752498757,318.9489235675476,267.60622722356015,299.7606351454828,405.9789163356379
losange,459.6463957205552,373.97876938137125,230.65422921045425,0.0,477.67102214844704,472.90174171595487,445.62532935326254,364.96222162280714,345.84922527850637,325.4454554287794,350.4563260969963
isoTrapezoid,233.73054610477055,419.1222760969176,446.6571656465163,477.67102214844704,0.0,247.74404375999197,228.2214076137946,413.91673743444096,413.98209111030025,275.9046360899703,332.06361576893016
kite,208.84141606155444,329.86743653443386,411.9761518335835,472.90174171595487,247.74404375999197,0.0,175.29372491741816,385.3910314621132,378.7686283157462,343.5005110092982,417.9727487396892
rightKite,175.60477528316676,317.10387993231035,374.1437752498757,445.62532935326254,228.2214076137946,175.29372491741816,0.0,367.0052741468409,355.33041042862175,260.47464341223423,383.5572896121176
rustedHinge,316.0318469350089,269.38860688578376,318.9489235675476,364.96222162280714,413.91673743444096,385.3910314621132,367.0052741468409,0.0,103.62929456997101,339.69043734830456,383.9754835199832
hinge,299.85417307075255,210.5459894359098,267.60622722356015,345.84922527850637,413.98209111030025,378.7686283157462,355.33041042862175,103.62929456997101,0.0,320.59460184735593,388.3776507105702
trapezoid,262.9498748105994,333.3479645260269,299.7606351454828,325.4454554287794,275.9046360899703,343.5005110092982,260.47464341223423,339.69043734830456,320.59460184735593,0.0,229.0002746260802
random,368.14589355684353,449.8406008073283,405.9789163356379,350.4563260969963,332.06361576893016,417.9727487396892,383.5572896121176,383.9754835199832,388.3776507105702,229.0002746260802,0.0
