,square,rectangle,parallelogram,losange,isoTrapezoid,kite,rightKite,rustedHinge,hinge,trapezoid,random
square,0.0,1366.5692198830498,2380.6791760153405,2777.8006273953783,2153.945882628679,2217.894194343055,2112.757204786801,2519.588950638749,2349.1471752315183,2271.9903621257135,2843.836978325594
rectangle,1366.5692198830498,0.0,1969.963567491644,2560.470575303066,2657.3020193681723,2474.2914715789457,2408.9444934126004,2378.6985363401686,2101.8229980834117,2466.886408767795,3060.1115381088553
parallelogram,2380.6791760153405,1969.963567491644,0.0,1453.2403365218984,2777.2811779471353,2783.2160310960835,2648.779247600428,2592.0758673036157,2328.975892900044,2106.118611669422,2723.5036600743856
losange,2777.8006273953783,2560.470575303066,1453.2403365218984,0.0,2889.186964774809,3008.845518128182,2889.0263740034416,2801.884918669034,2653.690432871237,2125.8814287455625,2476.2239447553175
isoTrapezoid,2153.945882628679,2657.3020193681723,2777.2811779471353,2889.186964774809,0.0,1869.1535075730494,1718.602546993486,2726.177141641255,2707.5436852339803,1747.0037013383685,2211.0748056742154
kite,2217.894194343055,2474.2914715789457,2783.2160310960835,3008.845518128182,1869.1535075730494,0.0,1215.2010251361808,2591.211543606376,2516.482432132206,2358.7494724523203,2594.4675283972238
rightKite,2112.757204786801,2408.9444934126004,2648.779247600428,2889.0263740034416,1718.602546993486,1215.2010251361808,0.0,2467.8237773177752,2397.8434909385924,1924.4369109939641,2395.488807571011
rustedHinge,2519.588950638749,2378.6985363401686,2592.0758673036157,2801.884918669034,2726.177141641255,2591.211543606376,2467.8237773177752,0.0,790.6783392593018,2513.6084243514647,2534.1668958669097
hinge,2349.1471752315183,2101.8229980834117,2328.975892900044,2653.690432871237,2707.5436852339803,2516.482432132206,2397.8434909385924,790.6783392593018,0.0,2385.396373878983,2457.742669324685
trapezoid,2271.9903621257135,2466.886408767795,2106.118611669422,2125.8814287455625,1747.0037013383685,2358.7494724523203,1924.4369109939641,2513.6084243514647,2385.396373878983,0.0,1574.8675175736673
random,2843.836978325594,3060.1115381088553,2723.5036600743856,2476.2239447553175,2211.0748056742154,2594.4675283972238,2395.488807571011,2534.1668958669097,2457.742669324685,1574.8675175736673,0.0
