,square,rectangle,parallelogram,losange,isoTrapezoid,kite,rightKite,rustedHinge,hinge,trapezoid,random
square,0.0,259.29930152482007,344.3808682080837,421.4438924152451,216.4269539205869,187.8889811182182,155.66662627339431,287.02896381683223,272.63486138608346,242.68247633599879,341.3923183095545
rectangle,259.29930152482007,0.0,217.84069636513726,342.8895619170627,385.3875112022617,301.33493311275674,288.9003938207956,244.85331656203442,190.89948594792332,306.6756290727385,414.5744011465218
parallelogram,344.3808682080837,217.84069636513726,0.0,210.99522356024,409.31084503514313,376.318809462042,341.4793506342964,290.81104637621775,244.30692904860493,276.38996435479004,375.8771313315539
losange,421.4438924152451,342.8895619170627,210.99522356024,0.0,437.0051364090854,434.539765539737,408.4981846172777,332.6135046790645,315.9562708639675,297.6613507337519,320.9384693905631
isoTrapezoid,216.4269539205869,385.3875112022617,409.31084503514313,437.0051364090854,0.0,225.78341818604903,207.43219090368345,377.2712884668718,378.6023646423723,251.5408934449692,306.0908502630474
kite,187.8889811182182,301.33493311275674,376.318809462042,434.539765539737,225.78341818604903,0.0,158.5112914655362,350.8264156077279,344.808851130804,314.88667706506646,386.3168324836776
rightKite,155.66662627339431,288.9003938207956,341.4793506342964,408.4981846172777,207.43219090368345,158.5112914655362,0.0,332.96147592996704,322.0225923600425,237.48362363383876,353.88286657317275
rustedHinge,287.02896381683223,244.85331656203442,290.81104637621775,332.6135046790645,377.2712884668718,350.8264156077279,332.96147592996704,0.0,93.33083506572815,307.8025323583141,350.20617715630937
hinge,272.63486138608346,190.89948594792332,244.30692904860493,315.9562708639675,378.6023646423723,344.808851130804,322.0225923600425,93.33083506572815,0.0,291.63912700222477,356.2779266520636
trapezoid,242.68247633599879,306.6756290727385,276.38996435479004,297.6613507337519,251.5408934449692,314.88667706506646,237.48362363383876,307.8025323583141,291.63912700222477,0.0,213.01854179729128
random,341.3923183095545,414.5744011465218,375.8771313315539,320.9384693905631,306.0908502630474,386.3168324836776,353.88286657317275,350.20617715630937,356.2779266520636,213.01854179729128,0.0
