,square,rectangle,parallelogram,losange,isoTrapezoid,kite,rightKite,rustedHinge,hinge,trapezoid,random
square,0.0,2499.875970385317,7387.003890963623,8212.41719097222,12312.05597482023,16785.624327658075,15267.660032912408,16653.56251889741,14330.438023352624,10909.75379647384,13693.667706334856
rectangle,2499.875970385317,0.0,7021.2405519522,7964.271184391159,12282.827330359398,16664.1474806523,15164.351042879074,16409.845068329512,14041.101582393389,10794.984307327719,13578.190794399457
parallelogram,7387.003890963623,7021.2405519522,0.0,2376.30911275338,7351.081875047707,11283.484259239109,9950.173294580802,11077.317722035337,8829.327923883098,5506.486744508371,8173.568745215513
losange,8212.41719097222,7964.271184391159,2376.30911275338,0.0,6938.675598447991,10741.73697424759,9452.030954070631,10525.542473929225,8399.923185942947,5017.2806916666095,7395.021372543949
isoTrapezoid,12312.05597482023,12282.827330359398,7351.081875047707,6938.675598447991,0.0,5588.67932491301,4264.261678151365,5981.611918632221,4514.84896954962,3310.911515602673,3775.6921111587476
kite,16785.624327658075,16664.1474806523,11283.484259239109,10741.73697424759,5588.67932491301,0.0,2485.548437090175,3929.2740588359256,4565.457797754447,7139.664727154608,5215.417640381546
rightKite,15267.660032912408,15164.351042879074,9950.173294580802,9452.030954070631,4264.261678151365,2485.548437090175,0.0,3874.697978743348,3707.3303548360796,5655.835992048732,4250.436485970093
rustedHinge,16653.56251889741,16409.845068329512,11077.317722035337,10525.542473929225,5981.611918632221,3929.2740588359256,3874.697978743348,0.0,2734.626494801987,7120.591632361841,5084.0946563336975
hinge,14330.438023352624,14041.101582393389,8829.327923883098,8399.923185942947,4514.84896954962,4565.457797754447,3707.3303548360796,2734.626494801987,0.0,5129.092916509163,3857.5744630059353
trapezoid,10909.75379647384,10794.984307327719,5506.486744508371,5017.2806916666095,3310.911515602673,7139.664727154608,5655.835992048732,7120.591632361841,5129.092916509163,0.0,3688.550131199564
random,13693.667706334856,13578.190794399457,8173.568745215513,7395.021372543949,3775.6921111587476,5215.417640381546,4250.436485970093,5084.0946563336975,3857.5744630059353,3688.550131199564,0.0
