,square,rectangle,parallelogram,losange,isoTrapezoid,kite,rightKite,rustedHinge,hinge,trapezoid,random
square,0.0,417.75626367166626,609.8277507860149,755.0824616033109,374.240601966129,347.87340988347063,311.93815932533295,513.3964411489521,478.93034179542775,433.83950728839386,595.7857359342196
rectangle,417.75626367166626,0.0,406.8270684827543,626.3791356435851,630.6204652646226,509.4324717663073,494.475358775703,452.78443368628103,360.4976023678222,525.4870281941478,709.7592474955899
parallelogram,609.8277507860149,406.8270684827543,0.0,364.7795289324726,702.9158423369316,665.5469857937027,600.6637654777305,536.0892334604655,453.8396283293844,473.4181349967528,638.4413743416342
losange,755.0824616033109,626.3791356435851,364.7795289324726,0.0,768.940728531833,775.3811626276147,721.4643958530379,620.1111005280089,584.8760763405363,522.7624922294009,570.3227073697944
isoTrapezoid,374.240601966129,630.6204652646226,702.9158423369316,768.940728531833,0.0,383.76544692246176,358.74016260875135,646.2973147223776,637.5316283256243,427.7692919921046,513.6155996086961
kite,347.87340988347063,509.4324717663073,665.5469857937027,775.3811626276147,383.76544692246176,0.0,277.0128677276057,610.7805096721949,596.2315002166838,551.6384003880555,666.330686744105
rightKite,311.93815932533295,494.475358775703,600.6637654777305,721.4643958530379,358.74016260875135,277.0128677276057,0.0,589.8354390175879,566.9909056035442,411.71275812320295,596.6786938608676
rustedHinge,513.3964411489521,452.78443368628103,536.0892334604655,620.1111005280089,646.2973147223776,610.7805096721949,589.8354390175879,0.0,168.81056542783315,555.5941837137237,613.8047596153874
hinge,478.93034179542775,360.4976023678222,453.8396283293844,584.8760763405363,637.5316283256243,596.2315002166838,566.9909056035442,168.81056542783315,0.0,517.6184186513849,608.7508726798371
trapezoid,433.83950728839386,525.4870281941478,473.4181349967528,522.7624922294009,427.7692919921046,551.6384003880555,411.71275812320295,555.5941837137237,517.6184186513849,0.0,348.1379560617751
random,595.7857359342196,709.7592474955899,638.4413743416342,570.3227073697944,513.6155996086961,666.330686744105,596.6786938608676,613.8047596153874,608.7508726798371,348.1379560617751,0.0
