,square,rectangle,parallelogram,losange,isoTrapezoid,kite,rightKite,rustedHinge,hinge,trapezoid,random
square,0.0,4.753570167492782e-06,1.781513330889606e-05,2.234273583012758e-05,1.391302704367714e-05,1.7299939415349463e-05,1.45439763438171e-05,1.9895623642796068e-05,1.85566462551634e-05,1.938408964918814e-05,2.5985832406094644e-05
rectangle,4.753570167492782e-06,0.0,1.2879452896186194e-05,1.8924217012217248e-05,1.986379277263417e-05,2.0204761790099113e-05,1.7877933374488286e-05,1.828265133796414e-05,1.592655370630247e-05,2.168003297009502e-05,2.899359936636703e-05
parallelogram,1.781513330889606e-05,1.2879452896186194e-05,1.1102230246251565e-16,5.569230372648448e-06,2.014245870041176e-05,2.182043338971873e-05,1.924499578487282e-05,1.8283961799703263e-05,1.5623463774594448e-05,1.2825618365575053e-05,2.061708466560841e-05
losange,2.234273583012758e-05,1.8924217012217248e-05,5.569230372648448e-06,0.0,2.2354885790498713e-05,2.516732213719841e-05,2.245156103197754e-05,2.0915077055483344e-05,1.9468945811396132e-05,1.3654848001976028e-05,1.7197234115751137e-05
isoTrapezoid,1.391302704367714e-05,1.986379277263417e-05,2.014245870041176e-05,2.2354885790498713e-05,1.1102230246251565e-16,1.0066534443131658e-05,8.913513569575038e-06,1.9787712850716233e-05,1.9440457396546762e-05,9.164722798882252e-06,1.4980706193434834e-05
kite,1.7299939415349463e-05,2.0204761790099113e-05,2.182043338971873e-05,2.516732213719841e-05,1.0066534443131658e-05,1.1102230246251565e-16,4.056838669552754e-06,1.805857106695896e-05,1.6920299259481908e-05,1.7193768700352052e-05,1.9474734369584468e-05
rightKite,1.45439763438171e-05,1.7877933374488286e-05,1.924499578487282e-05,2.245156103197754e-05,8.913513569575038e-06,4.056838669552754e-06,0.0,1.5854540839299602e-05,1.4930912930810614e-05,1.2676662210053813e-05,1.6533771120319507e-05
rustedHinge,1.9895623642796068e-05,1.828265133796414e-05,1.8283961799703263e-05,2.0915077055483344e-05,1.9787712850716233e-05,1.805857106695896e-05,1.5854540839299602e-05,0.0,1.8568556641174183e-06,1.917192147138369e-05,1.766307853534599e-05
hinge,1.85566462551634e-05,1.592655370630247e-05,1.5623463774594448e-05,1.9468945811396132e-05,1.9440457396546762e-05,1.6920299259481908e-05,1.4930912930810614e-05,1.8568556641174183e-06,0.0,1.7673714331478685e-05,1.634761634916604e-05
trapezoid,1.938408964918814e-05,2.168003297009502e-05,1.2825618365575053e-05,1.3654848001976028e-05,9.164722798882252e-06,1.7193768700352052e-05,1.2676662210053813e-05,1.917192147138369e-05,1.7673714331478685e-05,1.1102230246251565e-16,9.3202379360946e-06
random,2.5985832406094644e-05,2.899359936636703e-05,2.061708466560841e-05,1.7197234115751137e-05,1.4980706193434834e-05,1.9474734369584468e-05,1.6533771120319507e-05,1.766307853534599e-05,1.634761634916604e-05,9.3202379360946e-06,1.1102230246251565e-16
