,square,rectangle,parallelogram,losange,isoTrapezoid,kite,rightKite,rustedHinge,hinge,trapezoid,random
square,0.0,1.9815841589831962e-07,3.0520086924390455e-07,4.2704284952677085e-07,1.1627294571603386e-07,8.061396350456107e-08,5.164330674212181e-08,2.1135779970649082e-07,2.0518782395395618e-07,1.325694932718946e-07,2.854331934143417e-07
rectangle,1.9815841589831962e-07,1.1102230246251565e-16,9.593798711016177e-08,2.4761343631052313e-07,3.8691586190520155e-07,2.372191759691944e-07,2.212850637173247e-07,1.3563490597334749e-07,8.470177426112002e-08,2.3075777200176617e-07,4.231226203854632e-07
parallelogram,3.0520086924390455e-07,9.593798711016177e-08,0.0,9.939258993618694e-08,4.3212725187036227e-07,3.403067657670178e-07,2.962085058344499e-07,1.766334576380757e-07,1.2278261729559148e-07,2.157017925386029e-07,3.638811743034154e-07
losange,4.2704284952677085e-07,2.4761343631052313e-07,9.939258993618694e-08,1.1102230246251565e-16,4.6477741566519626e-07,4.4394495257726874e-07,4.0014048408032465e-07,2.2968870472261926e-07,2.015877634820029e-07,2.3079531619174531e-07,2.5048802032578976e-07
isoTrapezoid,1.1627294571603386e-07,3.8691586190520155e-07,4.3212725187036227e-07,4.6477741566519626e-07,0.0,1.2624502165881069e-07,1.042788414507001e-07,3.513388641129822e-07,3.675636350841671e-07,1.500445273583395e-07,2.2393516019292292e-07
kite,8.061396350456107e-08,2.372191759691944e-07,3.403067657670178e-07,4.4394495257726874e-07,1.2624502165881069e-07,1.1102230246251565e-16,5.4852552944240074e-08,3.090034818020726e-07,3.0420978647249797e-07,2.1845665010289395e-07,3.5219841043598876e-07
rightKite,5.164330674212181e-08,2.212850637173247e-07,2.962085058344499e-07,4.0014048408032465e-07,1.042788414507001e-07,5.4852552944240074e-08,1.1102230246251565e-16,2.693210483517561e-07,2.6167108524433047e-07,1.2810991167899743e-07,3.0016076302263883e-07
rustedHinge,2.1135779970649082e-07,1.3563490597334749e-07,1.766334576380757e-07,2.2968870472261926e-07,3.513388641129822e-07,3.090034818020726e-07,2.693210483517561e-07,0.0,1.972778307379741e-08,2.1569253783049191e-07,3.0144442220159107e-07
hinge,2.0518782395395618e-07,8.470177426112002e-08,1.2278261729559148e-07,2.015877634820029e-07,3.675636350841671e-07,3.0420978647249797e-07,2.6167108524433047e-07,1.972778307379741e-08,0.0,2.0019185675845819e-07,3.147292378935518e-07
trapezoid,1.325694932718946e-07,2.3075777200176617e-07,2.157017925386029e-07,2.3079531619174531e-07,1.500445273583395e-07,2.1845665010289395e-07,1.2810991167899743e-07,2.1569253783049191e-07,2.0019185675845819e-07,0.0,1.1975617564274899e-07
random,2.854331934143417e-07,4.231226203854632e-07,3.638811743034154e-07,2.5048802032578976e-07,2.2393516019292292e-07,3.5219841043598876e-07,3.0016076302263883e-07,3.0144442220159107e-07,3.147292378935518e-07,1.1975617564274899e-07,1.1102230246251565e-16
