,square,rectangle,parallelogram,losange,isoTrapezoid,kite,rightKite,rustedHinge,hinge,trapezoid,random
square,0.0,0.039099828982484985,0.06306282140976605,0.08773307100924177,0.022372722814687607,0.015564495889791474,0.009820103111401024,0.041990015473982956,0.040881919972023284,0.02586951036140306,0.05761873531052941
rectangle,0.039099828982484985,0.0,0.018798784820801884,0.05002762746947864,0.07593640408925095,0.046902506562608526,0.04386960095438519,0.027734781470707404,0.017235205784823626,0.045734684951950766,0.08630912561503579
parallelogram,0.06306282140976605,0.018798784820801884,0.0,0.01957774855842087,0.08927583961928076,0.0706130132055558,0.061827582562157035,0.03637390032017873,0.024854656251845242,0.04479617063783903,0.07576610286949148
losange,0.08773307100924177,0.05002762746947864,0.01957774855842087,2.220446049250313e-16,0.09644448810500517,0.09284855127441616,0.08294046739884309,0.04743076188468465,0.04085930187520337,0.04744788706056169,0.051943028823746795
isoTrapezoid,0.022372722814687607,0.07593640408925095,0.08927583961928076,0.09644448810500517,0.0,0.02448879894411915,0.019934919198565382,0.06942433900967493,0.07277085219769208,0.029290739275932842,0.04424063238697917
kite,0.015564495889791474,0.046902506562608526,0.0706130132055558,0.09284855127441616,0.02448879894411915,0.0,0.010529973184649322,0.06285348330726026,0.06172558724219157,0.043856063559875036,0.07272391008080092
rightKite,0.009820103111401024,0.04386960095438519,0.061827582562157035,0.08294046739884309,0.019934919198565382,0.010529973184649322,2.220446049250313e-16,0.05455529881302523,0.05300014518837293,0.0252270370484331,0.060549873771836404
rustedHinge,0.041990015473982956,0.027734781470707404,0.03637390032017873,0.04743076188468465,0.06942433900967493,0.06285348330726026,0.05455529881302523,2.220446049250313e-16,0.003891862909911059,0.042827272851628795,0.06135394315735421
hinge,0.040881919972023284,0.017235205784823626,0.024854656251845242,0.04085930187520337,0.07277085219769208,0.06172558724219157,0.05300014518837293,0.003891862909911059,2.220446049250313e-16,0.03952051782825006,0.063770714921904
trapezoid,0.02586951036140306,0.045734684951950766,0.04479617063783903,0.04744788706056169,0.029290739275932842,0.043856063559875036,0.0252270370484331,0.042827272851628795,0.03952051782825006,0.0,0.023408956844329976
random,0.05761873531052941,0.08630912561503579,0.07576610286949148,0.051943028823746795,0.04424063238697917,0.07272391008080092,0.060549873771836404,0.06135394315735421,0.063770714921904,0.023408956844329976,0.0
