,square,rectangle,parallelogram,losange,isoTrapezoid,kite,rightKite,rustedHinge,hinge,trapezoid,random
square,0.0,6.131855146973564e-07,1.4897807494307358e-06,2.280653193076354e-06,6.972315034214915e-07,7.080728505748368e-07,6.34259446186114e-07,1.2598244863992747e-06,1.0666870177145071e-06,8.912929848614581e-07,1.6742622459542389e-06
rectangle,6.131855146973564e-07,0.0,7.558995362977328e-07,1.6760389461856207e-06,1.5889536107982494e-06,1.1724432273929608e-06,1.1391847621888829e-06,1.040588097134254e-06,7.028208910409006e-07,1.2030467956281043e-06,2.1859892801456837e-06
parallelogram,1.4897807494307358e-06,7.558995362977328e-07,1.1102230246251565e-16,5.298605244563603e-07,1.9705742956288574e-06,1.908238964731801e-06,1.5962684842829589e-06,1.339123898991268e-06,9.854788572960516e-07,9.498344437641748e-07,1.7349114221909545e-06
losange,2.280653193076354e-06,1.6760389461856207e-06,5.298605244563603e-07,0.0,2.345308385276468e-06,2.4961936656575645e-06,2.1631067043115237e-06,1.7335817471542114e-06,1.521788196567897e-06,1.1256498362310907e-06,1.4103881937899132e-06
isoTrapezoid,6.972315034214915e-07,1.5889536107982494e-06,1.9705742956288574e-06,2.345308385276468e-06,0.0,6.785638855255627e-07,6.018136718966005e-07,1.8201663005701363e-06,1.7443226996149974e-06,7.39062802512791e-07,1.1533064866453557e-06
kite,7.080728505748368e-07,1.1724432273929608e-06,1.908238964731801e-06,2.4961936656575645e-06,6.785638855255627e-07,0.0,3.3373070162934226e-07,1.680538112447394e-06,1.5733365561487744e-06,1.358356293001961e-06,1.9010550300624374e-06
rightKite,6.34259446186114e-07,1.1391847621888829e-06,1.5962684842829589e-06,2.1631067043115237e-06,6.018136718966005e-07,3.3373070162934226e-07,0.0,1.5774612939223331e-06,1.4507655488049664e-06,7.930863727967363e-07,1.4992282177939131e-06
rustedHinge,1.2598244863992747e-06,1.040588097134254e-06,1.339123898991268e-06,1.7335817471542114e-06,1.8201663005701363e-06,1.680538112447394e-06,1.5774612939223331e-06,0.0,1.354871628223009e-07,1.4716641993928192e-06,1.6442566113106238e-06
hinge,1.0666870177145071e-06,7.028208910409006e-07,9.854788572960516e-07,1.521788196567897e-06,1.7443226996149974e-06,1.5733365561487744e-06,1.4507655488049664e-06,1.354871628223009e-07,0.0,1.2683108289168743e-06,1.5595629433429181e-06
trapezoid,8.912929848614581e-07,1.2030467956281043e-06,9.498344437641748e-07,1.1256498362310907e-06,7.39062802512791e-07,1.358356293001961e-06,7.930863727967363e-07,1.4716641993928192e-06,1.2683108289168743e-06,0.0,5.589137626049734e-07
random,1.6742622459542389e-06,2.1859892801456837e-06,1.7349114221909545e-06,1.4103881937899132e-06,1.1533064866453557e-06,1.9010550300624374e-06,1.4992282177939131e-06,1.6442566113106238e-06,1.5595629433429181e-06,5.589137626049734e-07,0.0
