,square,rectangle,parallelogram,losange,isoTrapezoid,kite,rightKite,rustedHinge,hinge,trapezoid,random
square,0.0,1.3232489581849194e-07,2.289107168262916e-07,3.2621547818578733e-07,7.939180224347808e-08,6.027310650580375e-08,3.936574377583213e-08,1.5474610093324515e-07,1.4462559716488244e-07,9.981004567283236e-08,2.109750865120219e-07
rectangle,1.3232489581849194e-07,0.0,7.536624235804368e-08,1.9453110911005211e-07,2.686952221830907e-07,1.6560248528030286e-07,1.548227382963674e-07,1.0654456417125147e-07,6.624661919030217e-08,1.641582599853919e-07,3.097708854982173e-07
parallelogram,2.289107168262916e-07,7.536624235804368e-08,1.1102230246251565e-16,7.412609770440781e-08,3.2149543083281884e-07,2.638244643859977e-07,2.2490777906725157e-07,1.4380849178152744e-07,9.926737576382294e-08,1.5142013820579336e-07,2.664332391377755e-07
losange,3.2621547818578733e-07,1.9453110911005211e-07,7.412609770440781e-08,0.0,3.57525695382499e-07,3.484483931393001e-07,3.072088549105345e-07,1.8591492467745496e-07,1.6229270394241269e-07,1.666949933643025e-07,1.877792725757388e-07
isoTrapezoid,7.939180224347808e-08,2.686952221830907e-07,3.2149543083281884e-07,3.57525695382499e-07,0.0,9.006189949367638e-08,7.284608316560082e-08,2.565549624966579e-07,2.6143483911056364e-07,1.1086070317301022e-07,1.666460678340087e-07
kite,6.027310650580375e-08,1.6560248528030286e-07,2.638244643859977e-07,3.484483931393001e-07,9.006189949367638e-08,0.0,4.089777327909161e-08,2.3153806993914117e-07,2.243336472140811e-07,1.726682845593075e-07,2.748483828307613e-07
rightKite,3.936574377583213e-08,1.548227382963674e-07,2.2490777906725157e-07,3.072088549105345e-07,7.284608316560082e-08,4.089777327909161e-08,0.0,2.050719116741817e-07,1.9488968916459015e-07,9.781714283008114e-08,2.2610009475787507e-07
rustedHinge,1.5474610093324515e-07,1.0654456417125147e-07,1.4380849178152744e-07,1.8591492467745496e-07,2.565549624966579e-07,2.3153806993914117e-07,2.050719116741817e-07,0.0,1.4150866256557038e-08,1.6445687389676777e-07,2.2205936922592429e-07
hinge,1.4462559716488244e-07,6.624661919030217e-08,9.926737576382294e-08,1.6229270394241269e-07,2.6143483911056364e-07,2.243336472140811e-07,1.9488968916459015e-07,1.4150866256557038e-08,0.0,1.4760442446082322e-07,2.276476758211743e-07
trapezoid,9.981004567283236e-08,1.641582599853919e-07,1.5142013820579336e-07,1.666949933643025e-07,1.1086070317301022e-07,1.726682845593075e-07,9.781714283008114e-08,1.6445687389676777e-07,1.4760442446082322e-07,1.1102230246251565e-16,8.152726960197754e-08
random,2.109750865120219e-07,3.097708854982173e-07,2.664332391377755e-07,1.877792725757388e-07,1.666460678340087e-07,2.748483828307613e-07,2.2610009475787507e-07,2.2205936922592429e-07,2.276476758211743e-07,8.152726960197754e-08,0.0
