,square,rectangle,parallelogram,losange,isoTrapezoid,kite,rightKite,rustedHinge,hinge,trapezoid,random
square,0.16019369818349952,0.1903773319055355,0.22426393983954448,0.2521328578519509,0.1956152214477957,0.19417461952304832,0.18862725052472187,0.211067422535286,0.2092747965002355,0.20009146266816571,0.2282940369792021
rectangle,0.1903773319055355,0.16240724586577923,0.19712768249491058,0.2316841104208128,0.2318077385474146,0.2142735716880717,0.21118767132576458,0.20139518901327658,0.19430468091335568,0.21546026842330365,0.24811188898970893
parallelogram,0.22426393983954448,0.19712768249491053,0.17055782586392645,0.19241910622503594,0.24247301770481364,0.23508187658939148,0.2244901681572033,0.2150138777968153,0.20791016679474641,0.20684788183222796,0.23256227469094928
losange,0.2521328578519509,0.2316841104208128,0.19241910622503597,0.16689554165697804,0.2514948790198599,0.2536399809178603,0.2434100431220491,0.22796264789727166,0.22616637594426048,0.21084063531210018,0.21716764193121119
isoTrapezoid,0.19561522144779567,0.2318077385474146,0.2424730177048137,0.2514948790198599,0.17297898115831706,0.19966289139003462,0.1950098901551333,0.23545678602833614,0.23811393293229474,0.2002172023828351,0.2137534531745144
kite,0.19417461952304832,0.21427357168807173,0.23508187658939148,0.2536399809178603,0.19966289139003462,0.17594834205408205,0.1883142881738038,0.229481701416711,0.22870492581677435,0.21966905890684757,0.23670494917907453
rightKite,0.18862725052472187,0.21118767132576455,0.22449016815720335,0.24341004312204906,0.1950098901551333,0.1883142881738038,0.17146165525955762,0.2254078964532282,0.2255599818911056,0.1975234094113393,0.2246010129718461
rustedHinge,0.21106742253528596,0.2013951890132766,0.21501387779681533,0.2279626478972716,0.23545678602833614,0.229481701416711,0.2254078964532282,0.169951324373334,0.1782479698607791,0.22023152166137566,0.22974094104947668
hinge,0.20927479650023553,0.19430468091335568,0.20791016679474636,0.22616637594426042,0.23811393293229474,0.22870492581677435,0.2255599818911056,0.17824796986077912,0.17543579447121405,0.21920741364436733,0.23134177860950703
trapezoid,0.20009146266816571,0.2154602684233037,0.2068478818322279,0.21084063531210018,0.2002172023828351,0.21966905890684754,0.1975234094113393,0.22023152166137566,0.21920741364436733,0.1708114495092493,0.19306681283772825
random,0.2282940369792021,0.24811188898970893,0.23256227469094934,0.21716764193121119,0.2137534531745144,0.23670494917907453,0.2246010129718461,0.22974094104947665,0.23134177860950708,0.19306681283772825,0.17378964525437024
