,square,rectangle,parallelogram,losange,isoTrapezoid,kite,rightKite,rustedHinge,hinge,trapezoid,random
square,0.1914290824988929,0.21805555371587998,0.24892535272912994,0.27392233328813287,0.21925067897976275,0.21384997282483664,0.20917544899960108,0.23548136840488806,0.22873960586019085,0.2267311451563174,0.24993179872869506
rectangle,0.21805555371587998,0.19182512586324865,0.2243126641432551,0.2532193103767933,0.25128680289968713,0.23353625543487197,0.23069409539877378,0.22493906131651975,0.21345058079722473,0.23984865795302446,0.26655975337335786
parallelogram,0.24892535272912994,0.2243126641432551,0.19987919638347384,0.22225997466283526,0.26528052197473545,0.2638086672137534,0.24894330159532568,0.24175887043963667,0.22980598846504222,0.2342802799356202,0.2568923337743066
losange,0.27392233328813287,0.2532193103767933,0.22225997466283526,0.2002633081173058,0.2749369378408955,0.2845097510653812,0.27037068363490446,0.25293148739417015,0.24695125338965718,0.2390758372127611,0.24314300578729248
isoTrapezoid,0.2192506789797627,0.25128680289968713,0.26528052197473545,0.2749369378408955,0.19994298174022795,0.2229711868424146,0.21914617151817867,0.2609462073146485,0.25738866267177263,0.2279164554566473,0.2401538683636891
kite,0.21384997282483667,0.23353625543487197,0.2638086672137534,0.2845097510653812,0.22297118684241454,0.19846397195765594,0.21176962746904524,0.25435296366510746,0.2502713672117121,0.24937962384647494,0.26808198130148275
rightKite,0.20917544899960114,0.23069409539877378,0.24894330159532574,0.27037068363490446,0.21914617151817867,0.21176962746904524,0.19723418324875042,0.25094028474473024,0.2454322659300287,0.2258556186614351,0.25227075345258737
rustedHinge,0.23548136840488806,0.2249390613165198,0.24175887043963667,0.2529314873941701,0.2609462073146485,0.2543529636651074,0.25094028474473024,0.19731531713988748,0.20126192593522454,0.24881094593397302,0.2558408687647988
hinge,0.2287396058601908,0.21345058079722476,0.22980598846504216,0.24695125338965718,0.25738866267177263,0.25027136721171206,0.24543226593002873,0.20126192593522454,0.19549184021200083,0.2416379590407973,0.2528423186953505
trapezoid,0.2267311451563174,0.23984865795302446,0.2342802799356202,0.2390758372127611,0.2279164554566473,0.24937962384647494,0.2258556186614351,0.24881094593397307,0.2416379590407973,0.2003871602894713,0.21959352492385323
random,0.24993179872869506,0.26655975337335786,0.2568923337743066,0.24314300578729245,0.2401538683636891,0.2680819813014828,0.25227075345258737,0.2558408687647988,0.2528423186953505,0.21959352492385323,0.19923234044276483
