,square,rectangle,parallelogram,losange,isoTrapezoid,kite,rightKite,rustedHinge,hinge,trapezoid,random
square,0.005789750993992202,0.007532871674799105,0.010096185890924298,0.01194041233983656,0.00745885376984216,0.008164394219947876,0.007678686923197174,0.009212389647173325,0.009190403561006626,0.008498329719478106,0.010824232364948262
rectangle,0.007532871674799105,0.006024444040340763,0.008403158266792568,0.010186056895857621,0.009657731311717233,0.009182786683813877,0.008749662028306397,0.008849101794758767,0.008407145955403806,0.009186355710619057,0.012258104047166367
parallelogram,0.010096185890924298,0.008403158266792568,0.007762051866193997,0.008829307434392804,0.011189454139818644,0.011789389741410163,0.010734009960966701,0.01016500619244585,0.009681684809987637,0.009547090154592892,0.01193845901497178
losange,0.01194041233983656,0.010186056895857621,0.008829307434392803,0.008340086620116387,0.012360147263715886,0.013409233424051535,0.012056360414423584,0.011529193986635919,0.011108483965896303,0.010254060880447391,0.011840400792501968
isoTrapezoid,0.007458853769842159,0.009657731311717233,0.011189454139818644,0.012360147263715886,0.006406993345537068,0.008520696836792158,0.007758804534752292,0.010256385723216244,0.010644232498563687,0.008584482974363164,0.010307461046432185
kite,0.008164394219947876,0.009182786683813877,0.011789389741410165,0.013409233424051535,0.008520696836792158,0.007744281950149101,0.008247844406635634,0.010950830728662986,0.010978792279571995,0.010634956665070291,0.012724997353783633
rightKite,0.007678686923197174,0.008749662028306397,0.0107340099609667,0.012056360414423584,0.007758804534752292,0.008247844406635632,0.007048439039839899,0.01031192375956422,0.010412108697204778,0.00882594037173556,0.011132482127291853
rustedHinge,0.009212389647173323,0.008849101794758767,0.01016500619244585,0.011529193986635917,0.010256385723216244,0.010950830728662986,0.01031192375956422,0.0076835867080633806,0.008166516998429805,0.010041122111980001,0.01171680768294745
hinge,0.009190403561006626,0.008407145955403806,0.009681684809987639,0.011108483965896303,0.010644232498563689,0.010978792279571995,0.010412108697204778,0.008166516998429803,0.007971567473914191,0.009959255268954149,0.011731732969815202
trapezoid,0.008498329719478106,0.009186355710619057,0.009547090154592892,0.010254060880447391,0.008584482974363164,0.010634956665070291,0.008825940371735558,0.010041122111980001,0.009959255268954149,0.007638429875393479,0.009509488555313474
random,0.010824232364948262,0.012258104047166367,0.011938459014971778,0.011840400792501968,0.010307461046432185,0.012724997353783633,0.011132482127291855,0.01171680768294745,0.011731732969815202,0.009509488555313474,0.00907242019113373
