,square,rectangle,parallelogram,losange,isoTrapezoid,kite,rightKite,rustedHinge,hinge,trapezoid,random
square,0.2437602487413501,0.26548698854669295,0.2784484690864533,0.29297299753990724,0.25874587719267594,0.2560170163533748,0.2516433953326531,0.2693298661327117,0.2678502028108236,0.26125007203379125,0.2768032701186283
rectangle,0.26548698854669295,0.2427608651839381,0.2569176045752131,0.27113818375678456,0.282482550523748,0.2714604853750001,0.2685689519163229,0.2589103246509901,0.2532239233030495,0.2708287730382832,0.28628813577137757
parallelogram,0.2784484690864533,0.2569176045752132,0.24991574197835847,0.26279264153400755,0.289941827064377,0.2843999122486641,0.2784913368919965,0.2675781322897781,0.26174033861925733,0.2740760538324626,0.2873045888338475
losange,0.29297299753990724,0.27113818375678456,0.26279264153400755,0.25207914845726925,0.2950103786931234,0.295947762651776,0.2914263513710516,0.27342569346512346,0.2703302779575918,0.27827932532242033,0.2800686481073716
isoTrapezoid,0.25874587719267594,0.282482550523748,0.289941827064377,0.29501037869312347,0.24748818840857442,0.26264788218493074,0.2598457187021316,0.2835960186063641,0.2837123026003964,0.2641596632682232,0.2725853446124055
kite,0.2560170163533748,0.2714604853750001,0.2843999122486641,0.295947762651776,0.26264788218493074,0.25088311617325587,0.25559194560233633,0.2799493648716689,0.27871256772671055,0.27224012536632824,0.2847196078440991
rightKite,0.2516433953326531,0.26856895191632296,0.27849133689199645,0.2914263513710516,0.25984571870213163,0.25559194560233633,0.24791647910229675,0.27515335394317475,0.27352379502843716,0.26242017197641515,0.2803178102194672
rustedHinge,0.26932986613271176,0.2589103246509902,0.2675781322897781,0.27342569346512346,0.2835960186063641,0.2799493648716689,0.27515335394317475,0.24948092237602798,0.250981673267862,0.2734396588476503,0.2810249957270626
hinge,0.2678502028108236,0.2532239233030495,0.26174033861925733,0.2703302779575918,0.28371230260039637,0.27871256772671055,0.2735237950284372,0.250981673267862,0.24781064138368614,0.27104659069885384,0.2809656652188413
trapezoid,0.26125007203379125,0.2708287730382831,0.27407605383246264,0.27827932532242033,0.26415966326822315,0.27224012536632824,0.26242017197641515,0.2734396588476503,0.27104659069885384,0.25025372961786363,0.26600163216671663
random,0.2768032701186283,0.28628813577137757,0.2873045888338475,0.2800686481073716,0.2725853446124055,0.2847196078440991,0.2803178102194672,0.2810249957270626,0.2809656652188413,0.26600163216671663,0.25354141746031933
