,square,rectangle,parallelogram,losange,isoTrapezoid,kite,rightKite,rustedHinge,hinge,trapezoid,random
square,0.20832873092988838,0.25905576587255463,0.3195359316354234,0.3474763218119934,0.2677175621276137,0.2655938989282209,0.25380575435699687,0.29909963498484987,0.29316251954948025,0.27017374849276526,0.31165740387183544
rectangle,0.25905576587255463,0.21075363439112457,0.2729792869661079,0.314373045620475,0.32218891097750596,0.29060462580471547,0.2846843935959117,0.277892348259758,0.26779501948699413,0.29351455447363545,0.33712361870689994
parallelogram,0.3195359316354234,0.27297928696610796,0.2449471335021111,0.2788357077154235,0.3458467054462247,0.326398146857811,0.31390773277090017,0.30469785518146003,0.2973554413578524,0.3004935236724996,0.3329037265919215
losange,0.3474763218119934,0.314373045620475,0.27883570771542343,0.24909512390860014,0.35375831875247493,0.3467446477893495,0.3335926449774374,0.3201162067762276,0.31839952806699684,0.30365705583580593,0.3134534747085363
isoTrapezoid,0.2677175621276137,0.32218891097750596,0.3458467054462247,0.35375831875247493,0.2305731252524998,0.2757033129641495,0.258864709101123,0.33762415176200666,0.3388186881616376,0.26819353940846047,0.2960774860352884
kite,0.2655938989282209,0.2906046258047154,0.326398146857811,0.3467446477893495,0.2757033129641495,0.2363367014393313,0.24845351466646767,0.31625025626990294,0.3128690806237675,0.29519647693336337,0.31966533239585576
rightKite,0.2538057543569969,0.2846843935959117,0.31390773277090017,0.33359264497743735,0.25886470910112297,0.24845351466646767,0.22013629192508302,0.3112354735307685,0.3088565676718697,0.26303393195966956,0.3019779201613383
rustedHinge,0.29909963498484987,0.277892348259758,0.30469785518146003,0.3201162067762276,0.3376241517620067,0.31625025626990294,0.3112354735307685,0.2383787043490183,0.24534304271387228,0.31339369909457937,0.3193423403772812
hinge,0.2931625195494802,0.2677950194869942,0.29735544135785236,0.31839952806699684,0.33881868816163757,0.3128690806237675,0.30885656767186964,0.24534304271387228,0.2382475350085559,0.3107675369143834,0.3191825321912706
trapezoid,0.27017374849276526,0.29351455447363545,0.3004935236724996,0.3036570558358059,0.26819353940846047,0.2951964769333634,0.2630339319596696,0.31339369909457937,0.3107675369143834,0.23388447263430517,0.2706233043279902
random,0.31165740387183544,0.33712361870689994,0.3329037265919215,0.3134534747085363,0.2960774860352884,0.3196653323958557,0.3019779201613383,0.3193423403772812,0.31918253219127063,0.27062330432799026,0.2406192094637713
