,square,rectangle,parallelogram,losange,isoTrapezoid,kite,rightKite,rustedHinge,hinge,trapezoid,random
square,0.1633063237628433,0.20245325331796343,0.2706733268967813,0.3156860338725019,0.22975166433332017,0.2256290595284185,0.21771195912562238,0.25553800542739125,0.24658157656172816,0.23640857450467684,0.2916405208059421
rectangle,0.20245325331796343,0.16666349092626784,0.23605721521258888,0.2898927884881697,0.2747606260735194,0.24862386116765348,0.24661233275893027,0.2443987303650305,0.229218871047151,0.254579967506484,0.3136001614948212
parallelogram,0.2706733268967813,0.23605721521258888,0.19736061398149862,0.2306004080749404,0.2900616193618702,0.2823003481840803,0.27077985544710503,0.26588192586138704,0.25760039294868387,0.244616998444711,0.28914336542020985
losange,0.3156860338725018,0.2898927884881697,0.2306004080749404,0.20462654592136081,0.30680518250939137,0.315745293360832,0.3005129208682213,0.2868461203274078,0.28701802787097214,0.2545652771658396,0.27291224961342075
isoTrapezoid,0.22975166433332017,0.2747606260735195,0.2900616193618702,0.3068051825093914,0.1880382172332392,0.22962129878661805,0.21823516724478229,0.28561653932244063,0.28735022346588107,0.22533320987540467,0.26036570408734344
kite,0.22562905952841855,0.24862386116765348,0.2823003481840803,0.31574529336083207,0.22962129878661805,0.1933682515667291,0.21150331130900177,0.27195777556578354,0.2674673085371628,0.2583187901854486,0.2926067561288917
rightKite,0.21771195912562238,0.24661233275893027,0.27077985544710503,0.3005129208682213,0.21823516724478229,0.21150331130900177,0.1863330824073227,0.2684511429756476,0.2646655070096743,0.22490958974072162,0.2715716107294581
rustedHinge,0.25553800542739125,0.24439873036503054,0.26588192586138704,0.2868461203274078,0.28561653932244063,0.2719577755657836,0.26845114297564765,0.1972826438535851,0.20331032894163314,0.26887818459430773,0.2843196548392154
hinge,0.2465815765617281,0.22921887104715097,0.25760039294868387,0.28701802787097214,0.28735022346588107,0.2674673085371628,0.2646655070096743,0.20331032894163314,0.19513660059830645,0.2656428595756185,0.2851651973051387
trapezoid,0.23640857450467684,0.254579967506484,0.244616998444711,0.2545652771658396,0.22533320987540462,0.25831879018544857,0.22490958974072162,0.2688781845943078,0.2656428595756185,0.1903145781097758,0.23177745599931476
random,0.2916405208059421,0.3136001614948212,0.28914336542020985,0.2729122496134208,0.2603657040873434,0.2926067561288917,0.2715716107294581,0.2843196548392154,0.2851651973051387,0.23177745599931476,0.20686898640192442
