,square,rectangle,parallelogram,losange,isoTrapezoid,kite,rightKite,rustedHinge,hinge,trapezoid,random
square,2170.4355510707055,2507.082505649537,3154.3200892700243,3288.647052169722,3190.124774004575,3208.1699095540603,3063.017903244487,3338.187722438245,3288.8886223639424,3260.5652053222493,3476.4723429846517
rectangle,2507.082505649537,2166.272961196565,3010.580600267328,3199.9463447324706,3299.2513090184657,3241.7035882909067,3130.097317718305,3274.8151430910752,3190.213322605493,3280.1425355153206,3483.703513496331
parallelogram,3154.3200892700243,3010.5806002673285,2561.0165917143086,2814.8228463560936,3387.038271655449,3304.104343744239,3233.7245739858577,3322.034639997543,3238.523853187734,3092.932834296864,3299.1673550027813
losange,3288.647052169723,3199.94634473247,2814.8228463560936,2529.9260390366,3421.8642098508267,3366.2917537744074,3292.932692933142,3364.6770022823935,3321.37067767408,3087.1625381111116,3184.342409062048
isoTrapezoid,3190.124774004575,3299.2513090184657,3387.038271655449,3421.8642098508262,2450.3819574914387,2983.439269938105,2880.132525897841,3299.7800343666445,3275.442017444201,2955.1313669170477,3150.2807266724785
kite,3208.1699095540603,3241.7035882909063,3304.104343744239,3366.2917537744074,2983.439269938105,2483.8489297596107,2655.9062396427025,3194.1290641443447,3146.730692512193,3146.9299891984224,3189.6118157732894
rightKite,3063.017903244487,3130.097317718305,3233.7245739858577,3292.932692933143,2880.132525897841,2655.9062396427025,2370.2313692956654,3054.973736573781,3024.216327725426,3022.810579027375,3098.587333794458
rustedHinge,3338.187722438245,3274.8151430910752,3322.034639997543,3364.677002282393,3299.7800343666436,3194.1290641443443,3054.973736573781,2488.534121108902,2638.7357744572123,3307.6157930944787,3211.5772128254725
hinge,3288.8886223639424,3190.213322605493,3238.523853187734,3321.3706776740787,3275.442017444201,3146.7306925121934,3024.216327725426,2638.7357744572123,2512.0464077219767,3249.143381153116,3162.3451667819336
trapezoid,3260.56520532225,3280.1425355153206,3092.932834296864,3087.1625381111116,2955.1313669170477,3146.9299891984224,3022.810579027375,3307.6157930944787,3249.143381153116,2504.7575840234863,2943.7027727003792
random,3476.4723429846517,3483.703513496331,3299.167355002782,3184.342409062048,3150.2807266724785,3189.611815773289,3098.587333794458,3211.5772128254725,3162.3451667819336,2943.7027727003792,2494.5360474132244
