,square,rectangle,parallelogram,losange,isoTrapezoid,kite,rightKite,rustedHinge,hinge,trapezoid,random
square,270.6946031458023,300.33936340938016,317.0344233565676,331.3590807651756,291.54438665411715,286.69222808693223,282.46278217003294,304.74644242071463,303.2843177787662,294.17577197899055,315.12708434887713
rectangle,300.33936340938016,273.942618371658,293.5440016188981,312.7363229552823,322.9727658080274,306.73968814244245,304.6940814821975,297.577163655086,290.28180558775574,307.30883535389427,331.0767349007636
parallelogram,317.0344233565676,293.5440016188981,282.25323391340635,299.2557634912165,333.03246268008354,323.254823244151,318.0807065396701,306.8397398887756,299.2949952627436,310.28065729417796,328.74228831131256
losange,331.35908076517563,312.73632295528233,299.25576349121656,286.41908011741725,337.89334051939124,336.1501884418088,330.5122221898521,314.67566539190415,310.15679989850616,313.10547524214235,317.93425933969826
isoTrapezoid,291.5443866541172,322.9727658080274,333.03246268008354,337.89334051939124,276.4784083302404,295.12725816388013,291.71621512101126,322.16681014910927,323.12424839655665,298.88920783976215,310.27509053276884
kite,286.69222808693223,306.73968814244245,323.254823244151,336.1501884418087,295.12725816388013,275.8266841432428,285.22880962285797,318.2540811419113,316.82110589235816,307.31869691535843,325.51749484989534
rightKite,282.4627821700329,304.6940814821975,318.0807065396701,330.5122221898521,291.71621512101126,285.2288096228579,274.3151961010543,313.28133375574896,311.62812558492567,295.7987306138507,318.3645241912022
rustedHinge,304.74644242071463,297.57716365508605,306.8397398887756,314.67566539190415,322.16681014910927,318.2540811419113,313.28133375574896,280.08030363325736,284.6587434197348,308.837869133825,321.3572509920861
hinge,303.28431777876625,290.2818055877558,299.2949952627436,310.1567998985061,323.1242483965567,316.82110589235816,311.62812558492567,284.6587434197348,278.1824547862773,306.0828446814593,321.56449270989503
trapezoid,294.17577197899055,307.3088353538943,310.28065729417796,313.10547524214235,298.8892078397622,307.31869691535843,295.7987306138507,308.837869133825,306.08284468145933,278.63893625036593,299.24072080765336
random,315.12708434887713,331.0767349007636,328.74228831131256,317.93425933969826,310.27509053276884,325.5174948498954,318.3645241912022,321.3572509920861,321.564492709895,299.24072080765336,284.79156491571234
