,square,rectangle,parallelogram,losange,isoTrapezoid,kite,rightKite,rustedHinge,hinge,trapezoid,random
square,946.9471453922757,1053.921108834604,1279.6213906747864,1353.8629193831673,1192.3958723272683,1240.0426174436561,1201.37571689908,1284.337763153135,1259.8528945520054,1249.6977674821144,1353.8229431678692
rectangle,1053.921108834604,941.3522719187931,1204.5693071260732,1305.3797386030778,1277.3915659856668,1279.687877491479,1248.1400053540578,1258.3936529266787,1217.517885516678,1279.8568895333779,1390.0685952303174
parallelogram,1279.6213906747864,1204.5693071260732,1049.4055277428172,1168.6317978391878,1337.7925546259974,1362.0072775286314,1319.7063342056863,1312.5882734739153,1273.8762640731384,1241.661207653002,1354.583433535256
losange,1353.8629193831675,1305.3797386030778,1168.6317978391876,1060.8128796664707,1370.0243667592629,1404.1611989132682,1364.6078727153701,1350.8919287648284,1329.314307533563,1255.8475338925275,1313.173805552814
isoTrapezoid,1192.395872327268,1277.3915659856668,1337.7925546259971,1370.0243667592629,997.7729712517851,1165.459736068985,1136.333612083359,1298.4269052010723,1294.2897761109475,1158.368708958518,1241.212228449596
kite,1240.0426174436561,1279.687877491479,1362.0072775286314,1404.1611989132682,1165.4597360689847,1004.2808584544852,1071.850176468312,1280.3638978421475,1267.2762283247926,1259.1390703419768,1300.137239025715
rightKite,1201.37571689908,1248.1400053540578,1319.7063342056863,1364.60787271537,1136.333612083359,1071.850176468312,978.391208299722,1246.8529446028626,1235.1756525901865,1183.7763205976753,1251.8071738936583
rustedHinge,1284.337763153135,1258.393652926679,1312.5882734739153,1350.8919287648284,1298.4269052010723,1280.3638978421475,1246.8529446028629,1007.9449205546856,1050.025779730852,1284.9062559648949,1280.1740918546896
hinge,1259.8528945520054,1217.517885516678,1273.8762640731384,1329.314307533563,1294.2897761109475,1267.2762283247926,1235.1756525901867,1050.025779730852,1006.89154172658,1265.6375272044352,1267.5200240460476
trapezoid,1249.6977674821144,1279.8568895333776,1241.661207653002,1255.8475338925275,1158.368708958518,1259.1390703419768,1183.7763205976753,1284.9062559648949,1265.6375272044352,1010.7227868789679,1168.4068571
random,1353.822943167869,1390.0685952303174,1354.5834335352558,1313.173805552814,1241.212228449596,1300.137239025715,1251.8071738936583,1280.1740918546896,1267.5200240460476,1168.4068571,1023.570650033693
