,square,rectangle,parallelogram,losange,isoTrapezoid,kite,rightKite,rustedHinge,hinge,trapezoid,random
square,225.0288132559838,258.98486590337,287.44287511689254,308.7344836121711,252.6799460040861,249.8057292823067,243.52660107610643,269.76358857715275,266.0747791715206,259.49845555713443,285.07460108307083
rectangle,258.98486590337,224.8149852880812,258.91104732770464,287.81804754775453,288.6152977464611,270.3503039931675,267.11505857631744,260.98240393412874,250.2505334006835,273.18237634838846,303.39563504263253
parallelogram,287.4428751168926,258.91104732770464,234.7837189271154,259.14912288176106,304.51521173994405,298.16928713708637,287.50476833224445,277.21618181002435,266.38667263121954,271.7836001573961,296.26239147968664
losange,308.7344836121712,287.81804754775453,259.149122881761,237.16331955490605,313.7012435468728,315.7591778878378,305.1158874713299,289.770171165369,284.54776508954296,276.36917230682366,284.09456955546233
isoTrapezoid,252.6799460040861,288.6152977464611,304.51521173994405,313.7012435468728,227.71792965092652,256.5526934113787,250.9303136032805,291.3998231244035,290.95083154534683,261.03122223131885,275.2733099207781
kite,249.8057292823067,270.3503039931675,298.16928713708637,315.75917788783767,256.55269341137864,229.30822628368858,243.71410670870063,287.690535641299,285.98007271551876,279.28222667530105,300.39568848616136
rightKite,243.52660107610643,267.11505857631744,287.5047683322444,305.1158874713299,250.9303136032805,243.71410670870063,226.4262630227435,282.50732092777196,279.80020852724056,259.34352930041496,287.6677287277415
rustedHinge,269.76358857715275,260.98240393412874,277.21618181002435,289.77017116536894,291.39982312440344,287.690535641299,282.50732092777196,228.3871539879464,236.17064727494164,278.6992141075376,291.19307309074526
hinge,266.0747791715206,250.2505334006835,266.3866726312196,284.54776508954296,290.95083154534683,285.9800727155187,279.80020852724056,236.17064727494164,228.72675766005628,273.9700697516563,290.7235769134922
trapezoid,259.49845555713443,273.18237634838846,271.7836001573961,276.36917230682366,261.0312222313189,279.28222667530105,259.343529300415,278.6992141075376,273.9700697516563,231.07907262036724,255.93972532295726
random,285.07460108307083,303.3956350426326,296.2623914796867,284.0945695554624,275.2733099207781,300.39568848616136,287.6677287277415,291.19307309074526,290.7235769134922,255.93972532295726,235.49087917015453
