,square,rectangle,parallelogram,losange,isoTrapezoid,kite,rightKite,rustedHinge,hinge,trapezoid,random
square,2624.866863144278,3071.900643236679,3855.469535862509,3983.014699990226,3943.915573466613,3969.302481294273,3769.241192241198,4046.2963405931887,4009.1402738943357,4047.184855692356,4247.007741111149
rectangle,3071.900643236679,2650.7059241727857,3743.632138167768,3939.9158265297574,4111.415367503728,4070.4174432140144,3907.6055432754915,4041.8239174943265,3963.336561086283,4110.693326636083,4321.87493905651
parallelogram,3855.4695358625095,3743.632138167768,3158.9699652852364,3449.9722574744706,4197.001161447742,4113.680934729623,4017.571281932252,4090.7723911738435,4004.1539374261242,3864.9675662177415,4092.2753823015705
losange,3983.014699990226,3939.9158265297574,3449.9722574744706,3098.9273202438444,4234.745713917345,4172.294178827385,4077.322647424956,4129.076978384001,4087.2805210398437,3848.4293045284167,3957.5331603224536
isoTrapezoid,3943.9155734666124,4111.415367503729,4197.001161447742,4234.745713917345,3093.5775867420534,3753.777308144743,3619.926188297581,4077.5985945221655,4050.140440924757,3743.2750472777975,3944.2985059946463
kite,3969.302481294273,4070.4174432140144,4113.680934729623,4172.294178827385,3753.777308144743,3130.605192349024,3339.968365651931,3948.4460942551777,3892.712404722748,3955.887454629903,3977.640434225705
rightKite,3769.241192241198,3907.6055432754924,4017.571281932252,4077.322647424955,3619.926188297582,3339.968365651931,2973.394684901375,3785.0163549069007,3747.2357662714858,3806.0594131872167,3865.0367361066424
rustedHinge,4046.296340593188,4041.8239174943265,4090.7723911738435,4129.076978384001,4077.598594522167,3948.4460942551787,3785.0163549069016,3128.45070929798,3323.579113024775,4104.257915909173,3980.526094946335
hinge,4009.1402738943357,3963.336561086283,4004.1539374261242,4087.2805210398437,4050.1404409247566,3892.712404722748,3747.2357662714858,3323.579113024774,3150.47135796232,4037.654510613684,3924.10215548606
trapezoid,4047.1848556923565,4110.693326636083,3864.9675662177406,3848.4293045284167,3743.2750472777966,3955.887454629904,3806.059413187216,4104.257915909173,4037.654510613684,3183.1659757267735,3717.739702284604
random,4247.007741111148,4321.87493905651,4092.2753823015705,3957.5331603224536,3944.2985059946463,3977.640434225705,3865.0367361066424,3980.5260949463354,3924.102155486061,3717.7397022846035,3149.7380751237756
