,square,rectangle,parallelogram,losange,isoTrapezoid,kite,rightKite,rustedHinge,hinge,trapezoid,random
square,775.7352737246051,866.0123453980145,1029.5720869985241,1104.8905352772838,954.8563611692466,985.7420327615205,959.6866732245547,1023.2508225727853,999.9181850656959,993.4358944581927,1084.7235084527074
rectangle,866.0123453980145,771.8236105344446,965.8243581929846,1063.0345490872671,1033.3291965343085,1025.4741959517019,1005.1795310053964,1004.9618892733724,966.4301302422765,1024.6009507410677,1121.4826921162169
parallelogram,1029.5720869985241,965.8243581929846,854.5604640583853,954.869875314348,1094.6746681296863,1111.474146714562,1076.483430397906,1063.9595407489544,1028.0204897179965,1010.1883931510049,1101.163820847399
losange,1104.8905352772836,1063.0345490872674,954.869875314348,866.164308689062,1126.1896763828097,1154.3163879704507,1121.4812466460237,1102.5459041959014,1081.424270075283,1024.590322068303,1069.5768047417878
isoTrapezoid,954.8563611692466,1033.3291965343085,1094.6746681296863,1126.1896763828097,816.8004532380675,950.7537878028963,925.5380249225325,1061.7376025366011,1057.8646915265076,948.1480412654468,1013.3737456797953
kite,985.7420327615205,1025.4741959517019,1111.474146714562,1154.3163879704507,950.7537878028963,819.4784575703408,874.112306685461,1046.0472660492887,1035.6289172954353,1032.1162527671952,1068.8827815808045
rightKite,959.6866732245547,1005.1795310053963,1076.483430397906,1121.4812466460237,925.5380249225325,874.112306685461,798.8274849209513,1021.2938806325417,1010.5039019853399,966.2094810566208,1025.1230790081477
rustedHinge,1023.2508225727853,1004.9618892733724,1063.9595407489544,1102.5459041959016,1061.7376025366011,1046.0472660492887,1021.2938806325417,816.4012998505366,848.1407416285367,1050.7406671446242,1045.163290898662
hinge,999.9181850656959,966.4301302422766,1028.0204897179965,1081.424270075283,1057.8646915265078,1035.628917295435,1010.5039019853399,848.1407416285365,812.2376191237227,1033.3535200886608,1034.6002496027595
trapezoid,993.4358944581928,1024.600950741068,1010.1883931510049,1024.590322068303,948.1480412654468,1032.1162527671952,966.2094810566208,1050.7406671446242,1033.3535200886608,830.0405242197652,951.2121932231124
random,1084.7235084527074,1121.4826921162169,1101.1638208473992,1069.5768047417876,1013.3737456797952,1068.8827815808042,1025.1230790081477,1045.163290898662,1034.6002496027595,951.2121932231122,834.8784537854541
