,square,rectangle,parallelogram,losange,isoTrapezoid,kite,rightKite,rustedHinge,hinge,trapezoid,random
square,174.70376707996115,198.77124336275403,214.36471918065308,227.27905766258436,191.705904983728,188.94707400023515,185.15267381644304,203.6310530095796,201.48389973065397,195.81214555758646,212.80675921038036
rectangle,198.77124336275403,174.4034969885503,193.77541088295868,210.6642221477924,217.06274576399778,204.01665702219674,202.78218426619352,195.78633912258434,188.9530949993592,205.40674740167665,224.4356577153078
parallelogram,214.36471918065308,193.77541088295868,185.14699177776143,200.36397888455596,226.5029908827624,219.73091614776075,215.4072871749762,205.83313526697947,198.9306257384509,208.55396514999688,223.72500432212135
losange,227.27905766258442,210.66422214779246,200.36397888455596,188.53882670162946,231.2086332209378,230.60833793346063,226.49301283093857,212.63204667333426,208.84877824811576,211.4790525049521,214.78364979783262
isoTrapezoid,191.705904983728,217.06274576399778,226.5029908827624,231.20863322093786,177.07013529717707,194.38601410706752,191.9522350181401,217.48707439297752,217.58166803153307,198.5375275786615,207.97307071633173
kite,188.94707400023515,204.01665702219674,219.73091614776075,230.60833793346063,194.38601410706752,177.81113392367888,186.9904237529707,214.5813630217009,213.11183191727375,207.3747327740269,221.34171644426354
rightKite,185.15267381644304,202.78218426619352,215.4072871749762,226.4930128309386,191.9522350181401,186.9904237529707,178.08188195894903,211.01323075514063,208.97856268863913,197.5205901714874,216.10013907934865
rustedHinge,203.6310530095796,195.78633912258434,205.83313526697947,212.63204667333426,217.48707439297743,214.58136302170084,211.01323075514063,180.7541611749427,183.85242362867638,207.79216531260838,216.88334087127038
hinge,201.48389973065397,188.95309499935917,198.9306257384509,208.84877824811576,217.58166803153307,213.11183191727378,208.97856268863907,183.85242362867638,178.4396262594558,204.78530166979272,216.72241284960947
trapezoid,195.81214555758646,205.40674740167663,208.55396514999688,211.4790525049521,198.5375275786615,207.3747327740269,197.52059017148738,207.79216531260843,204.78530166979272,182.03491503307407,199.1915741003419
random,212.8067592103803,224.4356577153078,223.7250043221214,214.7836497978326,207.97307071633173,221.34171644426354,216.10013907934865,216.88334087127038,216.72241284960947,199.1915741003419,185.23885432778957
