,square,rectangle,parallelogram,losange,isoTrapezoid,kite,rightKite,rustedHinge,hinge,trapezoid,random
square,277.09160735556435,319.7282393944953,360.8828852018718,390.89450279490353,314.3682923297852,312.09038044570576,304.57547659438154,339.205672552561,332.8879369704311,324.3003201145264,357.35154851217425
rectangle,319.7282393944953,277.1144083595723,324.883010550952,364.4252941702683,359.71892647693835,337.6821383841912,334.0814025544711,328.37612498778475,313.1093249674712,341.306970983265,380.266378489386
parallelogram,360.8828852018718,324.883010550952,294.38974695811356,328.1976634366321,384.4438177095232,377.593418769032,363.6107953156832,352.17775403980266,336.2629821336708,341.436703517981,373.19171114809603
losange,390.89450279490353,364.42529417026833,328.1976634366321,299.50337604108375,399.0595874436822,402.11067343355614,387.94611257735244,370.4475864795279,361.7979583248581,349.2367260860593,359.7774287815809
isoTrapezoid,314.3682923297852,359.7189264769383,384.4438177095232,399.0595874436822,282.92611925793017,321.2433420072716,314.34876896476896,368.44124158009595,366.12676724822825,327.05445128591253,346.3878728072897
kite,312.09038044570576,337.6821383841912,377.593418769032,402.1106734335561,321.2433420072716,285.7471533393077,304.8923156190408,364.383262375394,360.85786125618995,352.0521199860372,379.2333141316125
rightKite,304.5754765943816,334.0814025544711,363.6107953156833,387.9461125773525,314.34876896476896,304.8923156190408,282.2267661453461,358.27421753651623,353.5955350949569,325.8857917363371,362.5839099911735
rustedHinge,339.205672552561,328.37612498778475,352.17775403980266,370.44758647952784,368.44124158009595,364.38326237539405,358.2742175365162,285.4948820213616,295.017157547776,353.3728770561401,368.37470141878663
hinge,332.8879369704311,313.1093249674712,336.2629821336708,361.79795832485803,366.12676724822825,360.85786125619,353.5955350949569,295.017157547776,284.59992089106277,345.44445509090355,365.8574115951281
trapezoid,324.3003201145264,341.306970983265,341.436703517981,349.23672608605926,327.05445128591253,352.0521199860372,325.8857917363371,353.3728770561401,345.44445509090355,287.4907862218006,320.1346662235853
random,357.35154851217425,380.266378489386,373.19171114809603,359.7774287815809,346.3878728072897,379.2333141316125,362.5839099911736,368.37470141878663,365.8574115951281,320.1346662235853,294.25123762270914
