,square,rectangle,parallelogram,losange,isoTrapezoid,kite,rightKite,rustedHinge,hinge,trapezoid,random
square,201.1115625478627,233.10422204413732,258.10606529229574,276.8815595852349,225.00943780612874,222.6761841996893,216.85019863550838,241.4683084574279,238.3908688852943,231.7776385503219,255.06527969247065
rectangle,233.10422204413734,200.90085394864744,230.68772558388602,255.96847896995234,259.04187580352226,242.27499313672834,239.4895035398371,232.59245970223114,222.90250699580307,244.28903098863233,271.6220789740399
parallelogram,258.10606529229574,230.68772558388602,211.98603214803748,233.8843540815309,274.05349584568944,267.69724574605357,258.88330095264723,247.81212232564647,237.8905363798697,245.19661383632138,267.3226637648839
losange,276.8815595852349,255.96847896995234,233.8843540815309,215.3780737932352,282.17002372139336,283.49003415842736,274.7193167050515,258.7102529875643,253.67150132637263,249.52906433478643,256.05043693421464
isoTrapezoid,225.00943780612874,259.04187580352226,274.05349584568944,282.17002372139336,202.6220914068125,228.92372642696927,223.96856030695648,261.1300855438323,260.9151967996139,233.85304651956307,246.92816493910445
kite,222.6761841996893,242.27499313672834,267.69724574605357,283.4900341584274,228.92372642696924,204.89169673666302,217.84394434756857,258.0300355257566,256.40527856302634,249.95754893787282,269.43548747708473
rightKite,216.85019863550838,239.4895035398371,258.8833009526472,274.7193167050514,223.96856030695648,217.8439443475685,203.08068646769442,252.92234992479024,250.42681585049516,232.7398656822576,258.69924430995854
rustedHinge,241.4683084574279,232.59245970223114,247.81212232564647,258.7102529875643,261.1300855438323,258.0300355257566,252.92234992479018,205.05687185807474,211.38402892235325,248.93376792212058,260.82370431062054
hinge,238.39086888529425,222.90250699580307,237.8905363798697,253.67150132637263,260.91519679961385,256.40527856302634,250.4268158504951,211.38402892235328,204.6758363108105,244.66345626613776,260.5452859871688
trapezoid,231.7776385503219,244.28903098863233,245.19661383632138,249.5290643347864,233.85304651956307,249.95754893787276,232.7398656822576,248.93376792212058,244.6634562661377,207.9272937914538,230.55059627908918
random,255.06527969247063,271.6220789740399,267.32266376488394,256.05043693421464,246.92816493910445,269.43548747708473,258.6992443099586,260.82370431062054,260.5452859871688,230.55059627908918,211.9761489934999
