,square,rectangle,parallelogram,losange,isoTrapezoid,kite,rightKite,rustedHinge,hinge,trapezoid,random
square,1684.0739423728771,1898.759065876848,2432.6480609795226,2556.7441154325193,2421.234678388039,2458.7917396335783,2344.864100655979,2544.0567512953703,2513.6367471728654,2522.047541068182,2688.7185757325574
rectangle,1898.759065876848,1677.7473093095382,2315.264450323274,2483.715760187453,2541.868216140522,2507.6071619536574,2415.6566540865047,2507.2862516662894,2451.1550284221307,2560.6100406338314,2724.815983335148
parallelogram,2432.6480609795226,2315.264450323274,1972.774916777176,2190.0944818080807,2632.9189473786023,2593.562131358712,2530.982676558567,2577.1116207968366,2524.928589681647,2407.192003128204,2587.070210787263
losange,2556.744115432519,2483.715760187453,2190.094481808081,1979.3173215839017,2684.6072327988995,2669.719095799929,2608.3635034370645,2639.3908651440206,2617.69708939998,2424.6075587944933,2508.07293257272
isoTrapezoid,2421.2346783880384,2541.8682161405222,2632.9189473786023,2684.6072327988995,1940.625840484207,2347.837181720303,2265.9967241187587,2597.8914221208593,2593.3282952153854,2323.126556635902,2489.98164098009
kite,2458.7917396335783,2507.6071619536574,2593.562131358712,2669.719095799929,2347.837181720303,1942.9339865258264,2083.5595971259036,2511.302577798143,2487.603962210162,2495.9482925516236,2539.4718833482057
rightKite,2344.864100655979,2415.6566540865047,2530.982676558567,2608.3635034370645,2265.9967241187587,2083.5595971259036,1868.139377555587,2413.5560020831394,2399.6331172009036,2379.74672398187,2461.0136750526717
rustedHinge,2544.0567512953703,2507.2862516662894,2577.1116207968366,2639.3908651440206,2597.8914221208593,2511.3025777981434,2413.5560020831394,1951.762553027753,2064.797588309039,2592.245181905919,2537.4903579759016
hinge,2513.6367471728654,2451.1550284221307,2524.928589681647,2617.69708939998,2593.3282952153854,2487.603962210162,2399.633117200903,2064.797588309039,1974.0662606912492,2565.075573574993,2511.189660030624
trapezoid,2522.047541068182,2560.6100406338314,2407.192003128204,2424.6075587944933,2323.126556635902,2495.948292551623,2379.74672398187,2592.245181905919,2565.075573574993,1966.0648621573266,2310.225452924387
random,2688.7185757325574,2724.815983335148,2587.070210787263,2508.07293257272,2489.98164098009,2539.4718833482057,2461.0136750526717,2537.4903579759016,2511.189660030624,2310.2254529243864,1967.4428537376536
