,square,rectangle,parallelogram,losange,isoTrapezoid,kite,rightKite,rustedHinge,hinge,trapezoid,random
square,3320.35532925642,3913.248309082428,4863.459315045858,5034.436530137764,4969.239423697618,4932.827444966138,4689.290250051851,5119.415743487803,5011.129746821087,5070.412539929745,5322.320056170401
rectangle,3913.2483090824285,3394.1756378585173,4724.201545641688,4968.886166303758,5166.156704988972,5058.84851183267,4864.5023370525005,5115.1635766141535,4959.658180720626,5135.243281035326,5398.499358933368
parallelogram,4863.459315045858,4724.201545641689,4005.7934132535183,4386.983685919979,5290.062013910085,5156.5759050148345,5028.19029145625,5174.112542883649,4996.54263675113,4895.648308318943,5172.708702035017
losange,5034.436530137764,4968.886166303758,4386.983685919979,3974.6598121249676,5362.96615797693,5257.694749159994,5128.412275775935,5242.6087163380835,5114.78072167701,4898.978128865336,5039.841851692647
isoTrapezoid,4969.239423697618,5166.156704988972,5290.062013910085,5362.966157976931,3995.635306815463,4728.586548317991,4579.5149185523105,5187.043006174779,5082.0862632713615,4779.752440069894,4989.5576390774295
kite,4932.827444966138,5058.84851183267,5156.5759050148345,5257.694749159994,4728.586548317991,3968.614682157853,4226.962210618492,5035.809060895009,4894.2244993129225,4978.351166709924,5021.922307790166
rightKite,4689.290250051851,4864.502337052501,5028.19029145625,5128.412275775935,4579.5149185523105,4226.9622106184925,3766.184510789268,4814.419285829879,4705.643668422967,4809.573935629922,4882.881146794625
rustedHinge,5119.415743487803,5115.1635766141535,5174.11254288365,5242.6087163380835,5187.043006174779,5035.809060895009,4814.419285829879,4040.4358694059056,4273.476108169539,5219.9626610956775,5072.203432599637
hinge,5011.129746821087,4959.658180720626,4996.54263675113,5114.780721677009,5082.0862632713615,4894.2244993129225,4705.643668422967,4273.476108169539,3989.0564090990956,5068.825359845077,4935.005299870554
trapezoid,5070.4125399297445,5135.243281035326,4895.648308318943,4898.978128865336,4779.752440069894,4978.351166709926,4809.573935629922,5219.9626610956775,5068.8253598450765,4069.864932984545,4718.824315378495
random,5322.320056170401,5398.499358933368,5172.708702035017,5039.841851692647,4989.5576390774295,5021.922307790166,4882.881146794625,5072.203432599637,4935.005299870554,4718.824315378495,4016.984547011918
