,square,rectangle,parallelogram,losange,isoTrapezoid,kite,rightKite,rustedHinge,hinge,trapezoid,random
square,164.48091779978895,191.15420472662103,209.6402076068828,223.78789318074587,182.6968499960464,180.46658939699438,175.93001589199898,196.37218941686828,194.12517416643468,187.94176328526413,206.2640705565072
rectangle,191.15420472662106,164.07232027391376,186.3094212033965,205.5416161690058,211.11354175898265,196.8485668946311,195.33246620387544,188.04007837910535,180.50595875352974,198.37999237066262,219.35972547597262
parallelogram,209.64020760688274,186.3094212033965,174.24472032446258,191.11913583381582,222.3505151213672,215.67455196556452,210.04603394487856,199.40969680185924,191.762009015811,200.72523584266,217.3916717089051
losange,223.78789318074584,205.54161616900586,191.1191358338158,176.77608514573382,227.73205662316025,227.66163623175458,222.030234419782,206.979503904283,203.02771555534954,203.43977907179323,207.11303957209455
isoTrapezoid,182.6968499960464,211.11354175898265,222.3505151213672,227.73205662316025,165.05770403902858,185.45319278406987,182.0329224227037,211.26136850444985,211.47757161557,189.9092755963789,199.87707357624052
kite,180.4665893969944,196.8485668946311,215.67455196556452,227.66163623175458,185.45319278406987,166.82427521438967,177.0308350778597,208.53389805494248,207.19947918691165,201.31941505067175,216.57845406270295
rightKite,175.93001589199892,195.33246620387544,210.0460339448786,222.030234419782,182.0329224227037,177.03083507785973,166.42998862353272,204.56131947597558,202.58733143849173,188.92821766656328,209.28960138709235
rustedHinge,196.3721894168683,188.04007837910535,199.40969680185924,206.979503904283,211.2613685044499,208.53389805494248,204.56131947597558,168.21738799754198,172.36986477624143,200.75999752984012,210.01196038624713
hinge,194.12517416643468,180.50595875352974,191.76200901581097,203.02771555534954,211.47757161556999,207.19947918691165,202.58733143849173,172.36986477624143,166.9297920552271,197.6147463456781,210.00722254968926
trapezoid,187.94176328526413,198.37999237066262,200.72523584266,203.43977907179323,189.9092755963789,201.31941505067175,188.92821766656328,200.75999752984015,197.61474634567804,170.6310100364989,188.40081466063683
random,206.2640705565072,219.35972547597268,217.39167170890505,207.11303957209455,199.87707357624052,216.57845406270297,209.28960138709235,210.01196038624713,210.00722254968926,188.40081466063683,172.75394266098144
