,square,rectangle,parallelogram,losange,isoTrapezoid,kite,rightKite,rustedHinge,hinge,trapezoid,random
square,616.4264800850019,691.4602757639259,811.8076975919442,878.5355654749116,756.7827066203585,774.0388442587874,757.910550961061,810.8529807150728,788.8104818555433,778.9655357291642,863.6100981018059
rectangle,691.4602757639259,611.1764139258795,753.5474790694605,838.776467600242,822.2324704826884,806.0145266663322,795.2022724871522,792.3011027779535,756.6682259515015,802.9653195063771,893.038726137064
parallelogram,811.8076975919442,753.5474790694605,664.8008060209338,746.4325917095675,865.8892942062844,876.0253167802863,847.8421352044097,835.0217375754075,801.5097713278104,787.2188839692385,868.7592362895322
losange,878.5355654749116,838.776467600242,746.4325917095675,678.5136806305879,894.3818253785836,917.3511047272796,889.6978321289619,870.8959790706806,850.6222723199,800.4312169718874,845.1028716396731
isoTrapezoid,756.7827066203585,822.2324704826884,865.8892942062844,894.3818253785836,643.7806514599157,750.439542681925,730.9290575350185,849.168025270315,843.9317358483423,743.664806736854,801.4908816023591
kite,774.0388442587875,806.0145266663324,876.0253167802865,917.3511047272793,750.4395426819249,650.0605820286974,693.7286919938931,839.080877149006,828.9318174925402,814.0255895971609,855.8265293065939
rightKite,757.910550961061,795.2022724871522,847.8421352044097,889.6978321289616,730.9290575350186,693.728691993893,633.6282677715612,821.3159244906202,811.0681430504814,758.85616935919,818.8217467281332
rustedHinge,810.8529807150728,792.3011027779536,835.0217375754075,870.8959790706806,849.168025270315,839.080877149006,821.3159244906202,650.0074021685479,674.5683810298898,832.7695153811692,839.2439932092276
hinge,788.8104818555433,756.6682259515015,801.5097713278104,850.6222723199,843.9317358483423,828.9318174925402,811.0681430504814,674.5683810298898,644.4425230369125,815.8594993618256,829.6978793817456
trapezoid,778.9655357291643,802.9653195063771,787.2188839692384,800.4312169718874,743.664806736854,814.0255895971607,758.85616935919,832.769515381169,815.8594993618258,646.8804136122824,744.5069614403697
random,863.6100981018059,893.0387261370639,868.7592362895322,845.1028716396731,801.4908816023591,855.8265293065939,818.8217467281332,839.2439932092275,829.6978793817456,744.5069614403695,662.6630141625634
