,square,rectangle,parallelogram,losange,isoTrapezoid,kite,rightKite,rustedHinge,hinge,trapezoid,random
square,328.5323051902341,375.22811269056973,426.13325420532396,460.9058694684045,375.58353618649454,374.2763926051235,366.68775001869716,404.9353778918529,396.4259224324928,386.9182416581253,425.54475035763005
rectangle,375.2281126905698,327.8772263236771,387.925161772276,433.6809717673116,423.76234757639264,400.92483064797693,397.40712055510124,392.75194968154295,374.9471536744081,405.2561388332378,449.98286211712303
parallelogram,426.1332542053241,387.92516177227606,347.8430814286477,387.7127740938282,450.5169661565194,446.19454369149923,430.11940471572694,419.694077114891,401.93275871851347,402.90074484662705,439.9596396103468
losange,460.9058694684045,433.6809717673115,387.7127740938282,352.75550120383514,466.5822136699001,473.17371560595205,456.9933080684525,440.61821390987615,431.19034961333335,411.3522331383682,425.2082418730838
isoTrapezoid,375.58353618649454,423.7623475763926,450.5169661565195,466.58221366990017,335.823739117744,382.05882720626056,374.7102833605858,435.83607406766964,433.0409833674741,387.2155777261203,410.0381911264982
kite,374.2763926051235,400.92483064797693,446.19454369149923,473.17371560595205,382.05882720626056,338.76571920520104,362.6910274839905,431.95318238077203,427.45803239657306,418.63639723201885,448.10670263120215
rightKite,366.68775001869716,397.40712055510124,430.11940471572694,456.9933080684525,374.7102833605858,362.69102748399047,335.3402423684048,425.8974809170899,420.27283658346136,388.137659641144,428.47240013166845
rustedHinge,404.9353778918529,392.7519496815429,419.6940771148909,440.61821390987615,435.83607406766964,431.95318238077203,425.89748091709,338.6754546623309,350.64926383258313,420.8176122780791,435.57133503364764
hinge,396.42592243249277,374.9471536744081,401.9327587185135,431.19034961333335,433.0409833674741,427.45803239657306,420.2728365834614,350.64926383258313,337.83719932755355,411.76227291851404,432.143156759707
trapezoid,386.9182416581253,405.2561388332378,402.9007448466271,411.3522331383682,387.21557772612033,418.63639723201896,388.13765964114396,420.817612278079,411.76227291851404,340.0583299259581,379.15570750345506
random,425.54475035763005,449.98286211712303,439.9596396103468,425.20824187308375,410.0381911264982,448.10670263120215,428.47240013166845,435.57133503364753,432.143156759707,379.15570750345506,347.6649159632079
