,square,rectangle,parallelogram,losange,isoTrapezoid,kite,rightKite,rustedHinge,hinge,trapezoid,random
square,172.68490679773356,200.40131791341986,220.15171116243292,235.0130595871636,192.22988453267985,190.0757672180908,185.31448976502088,206.3179326908081,203.9545128639657,197.48905246223717,216.8813964159269
rectangle,200.4013179134199,172.57915092888913,196.50097415798353,216.61832777142666,221.5643649840048,207.12695742040773,205.2810767922222,198.03642095212507,190.13439112877924,208.57411338261986,230.78060127034334
parallelogram,220.15171116243292,196.50097415798353,182.7107345575685,200.67536958462128,233.6968328971487,227.29492087309856,220.96518888976303,210.23679233947513,202.1729165482353,210.71012292593144,228.40794109217885
losange,235.0130595871636,216.61832777142666,200.67536958462128,185.39862652943393,239.533766813159,239.79481421064537,233.5838480074346,218.3017569487567,214.17124173345462,213.68067212441545,218.09545320126998
isoTrapezoid,192.22988453267985,221.5643649840048,233.6968328971487,239.533766813159,173.85427949463352,195.2720064279722,191.78715963919953,222.30732214470635,222.45412138826973,199.93266168147224,210.4577663112747
kite,190.0757672180908,207.1269574204077,227.29492087309856,239.7948142106454,195.2720064279722,175.61760282759892,186.53366661593012,219.5312316143221,218.25649426666536,212.1714629758603,228.29679283054492
rightKite,185.31448976502088,205.2810767922222,220.96518888976303,233.58384800743457,191.7871596391995,186.53366661593012,175.00531159225145,215.37940309007104,213.37752973859335,198.8460065500009,220.3781472864379
rustedHinge,206.3179326908081,198.03642095212504,210.2367923394752,218.3017569487567,222.30732214470635,219.5312316143221,215.37940309007104,176.52138448307517,181.27727216363465,211.4658258366791,221.33758397179142
hinge,203.9545128639657,190.13439112877924,202.17291654823526,214.17124173345468,222.45412138826978,218.2564942666654,213.37752973859338,181.27727216363468,175.55936553531367,208.1097095694772,221.26870273987655
trapezoid,197.4890524622372,208.5741133826198,210.71012292593144,213.68067212441548,199.93266168147227,212.1714629758603,198.8460065500009,211.4658258366791,208.10970956947725,179.09136739611796,197.96302345870993
random,216.8813964159269,230.78060127034328,228.40794109217885,218.09545320126998,210.4577663112747,228.29679283054497,220.37814728643787,221.33758397179142,221.26870273987655,197.9630234587099,181.77897421020535
