,square,rectangle,parallelogram,losange,isoTrapezoid,kite,rightKite,rustedHinge,hinge,trapezoid,random
square,0.0,852.9636799788522,1079.3014294972,1193.5405531752592,799.728831119026,796.1394393632318,643.5406452380537,899.6096370909701,805.4008118861678,540.215276381395,906.2772322095107
rectangle,852.9636799788522,0.0,428.9410774789856,679.5476050090696,1461.8524631754613,1236.0141650017001,1097.2052887282068,685.8841228031604,392.0728134663683,805.1416445575156,1248.6222665371195
parallelogram,1079.3014294972,428.9410774789856,0.0,294.7813463965307,1596.5954541784902,1391.8211152627694,1284.7522897292956,812.1130572893156,574.5512577530151,854.3159851567759,1219.409983961593
losange,1193.5405531752592,679.5476050090696,294.7813463965307,0.0,1621.000533051595,1452.3451124698756,1380.3905254245674,927.7122691916951,750.9834406764191,893.6251071452541,1166.037434339191
isoTrapezoid,799.728831119026,1461.8524631754613,1596.5954541784902,1621.000533051595,0.0,687.3638771772416,827.0557188086844,1374.1954930479264,1384.8736791804545,982.2130234015681,928.4585759362599
kite,796.1394393632318,1236.0141650017001,1391.8211152627694,1452.3451124698756,687.3638771772416,0.0,516.9752903709414,1227.0111264405534,1219.3067447056792,1003.8491686873762,1162.4091766056265
rightKite,643.5406452380537,1097.2052887282068,1284.7522897292956,1380.3905254245674,827.0557188086844,516.9752903709414,0.0,1018.4022390450696,1034.377666987816,863.5726880054283,1124.7143965281032
rustedHinge,899.6096370909701,685.8841228031604,812.1130572893156,927.7122691916951,1374.1954930479264,1227.0111264405534,1018.4022390450696,0.0,362.67445226608896,857.0707425029793,1151.0389089320824
hinge,805.4008118861678,392.0728134663683,574.5512577530151,750.9834406764191,1384.8736791804545,1219.3067447056792,1034.377666987816,362.67445226608896,0.0,733.9333778029851,1119.0240607178541
trapezoid,540.215276381395,805.1416445575156,854.3159851567759,893.6251071452541,982.2130234015681,1003.8491686873762,863.5726880054283,857.0707425029793,733.9333778029851,0.0,569.9553421864324
random,906.2772322095107,1248.6222665371195,1219.409983961593,1166.037434339191,928.4585759362599,1162.4091766056265,1124.7143965281032,1151.0389089320824,1119.0240607178541,569.9553421864324,0.0
