,square,rectangle,parallelogram,losange,isoTrapezoid,kite,rightKite,rustedHinge,hinge,trapezoid,random
square,0.0,1496.7865686254554,1829.0336316465205,2022.9606815900593,1359.8881903624183,1302.7323994116205,1084.9227682197309,1546.9576046000986,1421.011992513893,855.0864399419431,1497.5119602184918
rectangle,1496.7865686254554,0.0,715.9392020148649,1163.1242736779154,2512.8596812192786,2059.5915487740504,1886.9798616150892,1147.4286881485664,677.5958153337697,1399.8698467768888,2113.200727725966
parallelogram,1829.0336316465205,715.9392020148649,0.0,505.14663187115866,2698.7286126954996,2274.058156222979,2156.223738237603,1318.1689790349274,955.9617239217986,1464.30390181565,2046.332319121027
losange,2022.9606815900593,1163.1242736779154,505.14663187115866,0.0,2736.6621049029727,2377.311013541934,2321.788075534063,1537.8852268936078,1281.6895793420779,1539.7266182360588,1959.0159280899697
isoTrapezoid,1359.8881903624183,2512.8596812192786,2698.7286126954996,2736.6621049029727,0.0,1190.9318618731418,1410.3831995366193,2340.923398788875,2373.6715987771645,1606.199386806034,1530.1598736033948
kite,1302.7323994116205,2059.5915487740504,2274.058156222979,2377.311013541934,1190.9318618731418,0.0,847.8295093463915,2021.1294873172021,2029.025063608308,1575.10190451023,1873.3117341738803
rightKite,1084.9227682197309,1886.9798616150892,2156.223738237603,2321.788075534063,1410.3831995366193,847.8295093463915,0.0,1711.1296424891893,1769.2966849675604,1390.5897786830476,1847.2706373144533
rustedHinge,1546.9576046000986,1147.4286881485664,1318.1689790349274,1537.8852268936078,2340.923398788875,2021.1294873172021,1711.1296424891893,0.0,595.3470318409952,1428.714843719776,1914.7656766732202
hinge,1421.011992513893,677.5958153337697,955.9617239217986,1281.6895793420779,2373.6715987771645,2029.025063608308,1769.2966849675604,595.3470318409952,0.0,1276.245621214517,1893.0227823726404
trapezoid,855.0864399419431,1399.8698467768888,1464.30390181565,1539.7266182360588,1606.199386806034,1575.10190451023,1390.5897786830476,1428.714843719776,1276.245621214517,0.0,946.0032763548713
random,1497.5119602184918,2113.200727725966,2046.332319121027,1959.0159280899697,1530.1598736033948,1873.3117341738803,1847.2706373144533,1914.7656766732202,1893.0227823726404,946.0032763548713,0.0
