,square,rectangle,parallelogram,losange,isoTrapezoid,kite,rightKite,rustedHinge,hinge,trapezoid,random
square,0.0,1615.4355128520763,1990.669952927592,2211.4479529886958,1524.0434330067353,1458.0019877929408,1250.9401212835014,1728.7568188968835,1592.5536161928749,1000.7009153418121,1685.7013638965975
rectangle,1615.4355128520763,0.0,839.2068093697497,1326.9033872295545,2730.0553623159467,2243.9977672707078,2075.5556296993423,1320.0699480986386,849.0876750478334,1558.5526388170886,2323.930312407105
parallelogram,1990.669952927592,839.2068093697497,0.0,581.2359760785922,2911.6162730467613,2456.9970257538293,2343.19821820285,1468.6600887353595,1095.9430930862088,1596.9465193180988,2228.5941380481186
losange,2211.4479529886958,1326.9033872295545,581.2359760785922,0.0,2948.41015740478,2564.305759120813,2514.1749379341136,1693.5837477622122,1429.3532865851082,1672.867593229394,2125.2023527012766
isoTrapezoid,1524.0434330067353,2730.0553623159467,2911.6162730467613,2948.41015740478,0.0,1297.6254231147873,1522.9442762222025,2520.6305524748614,2558.662184719885,1725.9608195881965,1653.8983921369756
kite,1458.0019877929408,2243.9977672707078,2456.9970257538293,2564.305759120813,1297.6254231147873,0.0,916.2900896887,2171.8680088852448,2181.114430200431,1697.5268051518246,2015.8664994459186
rightKite,1250.9401212835014,2075.5556296993423,2343.19821820285,2514.1749379341136,1522.9442762222025,916.2900896887,0.0,1846.6492225498478,1912.8238313229256,1505.6726645790359,1990.4206972730124
rustedHinge,1728.7568188968835,1320.0699480986386,1468.6600887353595,1693.5837477622122,2520.6305524748614,2171.8680088852448,1846.6492225498478,0.0,647.410325550849,1561.0097513351757,2063.841675393133
hinge,1592.5536161928749,849.0876750478334,1095.9430930862088,1429.3532865851082,2558.662184719885,2181.114430200431,1912.8238313229256,647.410325550849,0.0,1405.5552670375764,2045.5321814936756
trapezoid,1000.7009153418121,1558.5526388170886,1596.9465193180988,1672.867593229394,1725.9608195881965,1697.5268051518246,1505.6726645790359,1561.0097513351757,1405.5552670375764,0.0,1040.2171342913507
random,1685.7013638965975,2323.930312407105,2228.5941380481186,2125.2023527012766,1653.8983921369756,2015.8664994459186,1990.4206972730124,2063.841675393133,2045.5321814936756,1040.2171342913507,0.0
