,square,rectangle,parallelogram,losange,isoTrapezoid,kite,rightKite,rustedHinge,hinge,trapezoid,random
square,0.0,1533.4805113817595,1880.4966168894316,2083.191358245752,1410.0546345046778,1352.4438686589979,1136.334288032812,1603.885236690865,1475.1717682194983,901.9514641921545,1560.0488133106094
rectangle,1533.4805113817595,0.0,753.8284312620183,1213.8701113135537,2579.9618619071907,2118.100044125906,1944.659708312133,1200.7546650253862,732.6717928669285,1448.6627410123533,2181.0435773541626
parallelogram,1880.4966168894316,753.8284312620183,0.0,528.3130454226758,2766.0645629930746,2334.048369969441,2216.3480020461157,1368.1455435274063,1003.1302050870614,1506.0580456300372,2106.3926574483085
losange,2083.191358245752,1213.8701113135537,528.3130454226758,0.0,2804.5413639889252,2439.7214066375404,2385.0433738224433,1591.3857858414474,1332.4261781945968,1582.2135834142682,2014.4704461629099
isoTrapezoid,1410.0546345046778,2579.9618619071907,2766.0645629930746,2804.5413639889252,0.0,1223.8899630783162,1445.1396428591197,2397.9035730154255,2432.1914030628172,1643.6440873664149,1570.236932137527
kite,1352.4438686589979,2118.100044125906,2334.048369969441,2439.7214066375404,1223.8899630783162,0.0,869.6046623037523,2069.986194068861,2078.2527118646303,1616.1236794908252,1921.1094652683346
rightKite,1136.334288032812,1944.659708312133,2216.3480020461157,2385.0433738224433,1445.1396428591197,869.6046623037523,0.0,1754.7263061275285,1814.8085567085961,1428.4619711336845,1894.8900291283442
rustedHinge,1603.885236690865,1200.7546650253862,1368.1455435274063,1591.3857858414474,2397.9035730154255,2069.986194068861,1754.7263061275285,0.0,610.8149765893426,1472.0655556948539,1963.9228434004026
hinge,1475.1717682194983,732.6717928669285,1003.1302050870614,1332.4261781945968,2432.1914030628172,2078.2527118646303,1814.8085567085961,610.8149765893426,0.0,1318.3296649025056,1942.9347810456975
trapezoid,901.9514641921545,1448.6627410123533,1506.0580456300372,1582.2135834142682,1643.6440873664149,1616.1236794908252,1428.4619711336845,1472.0655556948539,1318.3296649025056,0.0,977.3812742603029
random,1560.0488133106094,2181.0435773541626,2106.3926574483085,2014.4704461629099,1570.236932137527,1921.1094652683346,1894.8900291283442,1963.9228434004026,1942.9347810456975,977.3812742603029,0.0
