,square,rectangle,parallelogram,losange,isoTrapezoid,kite,rightKite,rustedHinge,hinge,trapezoid,random
square,0.0,114.65245137310905,157.53886399254654,189.52941629417762,101.2830228445893,91.48084140587582,79.05645407718303,134.67908327141373,125.02852134739375,110.9482446498616,155.33354162050392
rectangle,114.65245137310905,0.0,104.99648691124638,158.158234865075,172.53404110166056,137.8235070558934,132.7075467591026,117.63676209053259,91.81330745513233,138.1933456506933,187.35886146657694
parallelogram,157.53886399254654,104.99648691124638,0.0,92.5892814902193,186.73617966651184,174.32117220531848,157.69812965316964,138.72154289639866,116.07485888721682,125.07628613380128,169.1711821686929
losange,189.52941629417762,158.158234865075,92.5892814902193,0.0,197.30128058152084,198.5755344086083,183.52448675256954,157.53837738045354,146.94334510264585,133.17976181573698,148.520780944114
isoTrapezoid,101.2830228445893,172.53404110166056,186.73617966651184,197.30128058152084,0.0,103.45836161666995,96.27317258380917,174.36812712044377,172.1297845083136,114.73503554265524,137.15493677795894
kite,91.48084140587582,137.8235070558934,174.32117220531848,198.5755344086083,103.45836161666995,0.0,74.0373327256995,163.0737935223005,158.28637652274048,144.81203315463327,175.8384035656555
rightKite,79.05645407718303,132.7075467591026,157.69812965316964,183.52448675256954,96.27317258380917,74.0373327256995,0.0,154.42897347651473,148.30317928890668,108.52753709561625,157.44219709346987
rustedHinge,134.67908327141373,117.63676209053259,138.72154289639866,157.53837738045354,174.36812712044377,163.0737935223005,154.42897347651473,0.0,46.29267326943278,145.2275830737303,163.67578663706843
hinge,125.02852134739375,91.81330745513233,116.07485888721682,146.94334510264585,172.1297845083136,158.28637652274048,148.30317928890668,46.29267326943278,0.0,134.4846621259948,162.2379314509193
trapezoid,110.9482446498616,138.1933456506933,125.07628613380128,133.17976181573698,114.73503554265524,144.81203315463327,108.52753709561625,145.2275830737303,134.4846621259948,0.0,94.46346463210554
random,155.33354162050392,187.35886146657694,169.1711821686929,148.520780944114,137.15493677795894,175.8384035656555,157.44219709346987,163.67578663706843,162.2379314509193,94.46346463210554,0.0
