,square,rectangle,parallelogram,losange,isoTrapezoid,kite,rightKite,rustedHinge,hinge,trapezoid,random
square,0.0,92.24518521154461,118.07065576140612,141.41651990686034,76.36646610626931,65.7750403124767,55.66928549837656,101.60555080525853,96.55265612966944,82.38851759748306,115.96428057429392
rectangle,92.24518521154461,0.0,76.87617445461812,116.0914078107794,134.9809502854519,105.58806257662896,102.25876781578927,84.44042581599032,66.00459644613976,106.53015633115106,140.84388901381757
parallelogram,118.07065576140612,76.87617445461812,0.0,75.43475662245277,140.7414432878145,128.58244715860283,117.13474431695047,100.38354355359922,84.75672933213093,97.77942807363142,129.78602121914986
losange,141.41651990686034,116.0914078107794,75.43475662245277,0.0,146.7562285671017,145.6365753626121,136.92329424280072,112.5601100508443,106.85776282209322,102.778444710042,110.08884306004899
isoTrapezoid,76.36646610626931,134.9809502854519,140.7414432878145,146.7562285671017,0.0,79.50468358174854,74.45740442227114,133.12214018102918,133.04632195897028,87.26659942835651,105.00053206182967
kite,65.7750403124767,105.58806257662896,128.58244715860283,145.6365753626121,79.50468358174854,0.0,55.95339964304408,121.40657578449888,119.09768053373534,106.15267985655335,129.70745040774403
rightKite,55.66928549837656,102.25876781578927,117.13474431695047,136.92329424280072,74.45740442227114,55.95339964304408,0.0,115.32801795125084,111.85825985045012,80.84088481207606,119.91079354575993
rustedHinge,101.60555080525853,84.44042581599032,100.38354355359922,112.5601100508443,133.12214018102918,121.40657578449888,115.32801795125084,0.0,33.20811104199968,109.43712553160752,123.11651911434133
hinge,96.55265612966944,66.00459644613976,84.75672933213093,106.85776282209322,133.04632195897028,119.09768053373534,111.85825985045012,33.20811104199968,0.0,103.46383654718655,124.1118206631778
trapezoid,82.38851759748306,106.53015633115106,97.77942807363142,102.778444710042,87.26659942835651,106.15267985655335,80.84088481207606,109.43712553160752,103.46383654718655,0.0,75.63503941576606
random,115.96428057429392,140.84388901381757,129.78602121914986,110.08884306004899,105.00053206182967,129.70745040774403,119.91079354575993,123.11651911434133,124.1118206631778,75.63503941576606,0.0
