,square,rectangle,parallelogram,losange,isoTrapezoid,kite,rightKite,rustedHinge,hinge,trapezoid,random
square,0.0,83.7409963303764,100.14002686607171,120.07978456729819,65.5976598922996,55.55540562446254,47.131505976926164,88.28487636587015,85.50633231920155,69.60124239062753,97.10447265093842
rectangle,83.7409963303764,0.0,65.4979424531364,96.31397090241146,117.1068003212674,92.30650771513308,90.04937397085786,69.48289587875065,54.781006580434195,92.84292946659852,117.65300220241112
parallelogram,100.14002686607171,65.4979424531364,0.0,67.11968224639881,118.46935181102076,107.5984717071553,98.41921109677801,83.51667184279712,71.62410756918315,86.85074555750836,110.08500017895605
losange,120.07978456729819,96.31397090241146,67.11968224639881,0.0,124.08625508403048,121.82111253686357,116.44876735734375,91.44822646441486,87.90252307833,91.97811767604684,94.60434432713487
isoTrapezoid,65.5976598922996,117.1068003212674,118.46935181102076,124.08625508403048,0.0,69.32604072566558,65.98461782438275,114.40556903964233,115.0972766483276,75.54492626739277,91.16062326063339
kite,55.55540562446254,92.30650771513308,107.5984717071553,121.82111253686357,69.32604072566558,0.0,48.17334349495241,103.61728102893264,102.31703049428994,88.27263225843103,107.4097237033972
rightKite,47.131505976926164,90.04937397085786,98.41921109677801,116.44876735734375,65.98461782438275,48.17334349495241,0.0,98.56580993695208,96.35672516589285,68.9941079844843,102.04227826895024
rustedHinge,88.28487636587015,69.48289587875065,83.51667184279712,91.44822646441486,114.40556903964233,103.61728102893264,98.56580993695208,0.0,28.21893799081444,93.72808046804744,103.41645896479972
hinge,85.50633231920155,54.781006580434195,71.62410756918315,87.90252307833,115.0972766483276,102.31703049428994,96.35672516589285,28.21893799081444,0.0,89.87937515009857,104.84613633790207
trapezoid,69.60124239062753,92.84292946659852,86.85074555750836,91.97811767604684,75.54492626739277,88.27263225843103,68.9941079844843,93.72808046804744,89.87937515009857,0.0,68.84302661267596
random,97.10447265093842,117.65300220241112,110.08500017895605,94.60434432713487,91.16062326063339,107.4097237033972,102.04227826895024,103.41645896479972,104.84613633790207,68.84302661267596,0.0
