,square,rectangle,parallelogram,losange,isoTrapezoid,kite,rightKite,rustedHinge,hinge,trapezoid,random
square,0.0,16.41134581679966,35.284348997431714,46.030820783173965,50.51656183410897,49.57015038305482,50.82233478155186,53.74268668183964,49.451512081674935,45.1095328625097,56.47764053965436
rectangle,16.41134581679966,0.0,34.99642189512527,47.23383932503937,51.87433427292559,51.12199636688116,52.757293388038484,53.60816338673914,48.319227516262245,46.593157675777846,57.87320340458366
parallelogram,35.284348997431714,34.99642189512527,0.0,20.661193492666136,42.19971453494829,42.767340013293364,43.854722884171665,45.481100504608726,42.70469846117364,31.974134957742404,44.90502039488876
losange,46.030820783173965,47.23383932503937,20.661193492666136,0.0,39.74498473907829,40.74763066958535,41.313667565006774,43.393293701778106,42.98476985444301,29.570345272385612,39.10241245298653
isoTrapezoid,50.51656183410897,51.87433427292559,42.19971453494829,39.74498473907829,0.0,22.582409572988055,21.347967605109808,26.930168559625685,28.90894727146118,20.52330898951181,23.80631471559699
kite,49.57015038305482,51.12199636688116,42.767340013293364,40.74763066958535,22.582409572988055,0.0,12.776949266764083,23.126962764364368,24.1198376223358,25.062290374362586,22.05593708084593
rightKite,50.82233478155186,52.757293388038484,43.854722884171665,41.313667565006774,21.347967605109808,12.776949266764083,0.0,23.772760548562776,26.68913488021129,24.29232231836684,22.906516306360224
rustedHinge,53.74268668183964,53.60816338673914,45.481100504608726,43.393293701778106,26.930168559625685,23.126962764364368,23.772760548562776,0.0,12.811846342062257,30.69443430009438,25.0188899528409
hinge,49.451512081674935,48.319227516262245,42.70469846117364,42.98476985444301,28.90894727146118,24.1198376223358,26.68913488021129,12.811846342062257,0.0,30.710592487612473,27.81840718164117
trapezoid,45.1095328625097,46.593157675777846,31.974134957742404,29.570345272385612,20.52330898951181,25.062290374362586,24.29232231836684,30.69443430009438,30.710592487612473,0.0,23.81088699897409
random,56.47764053965436,57.87320340458366,44.90502039488876,39.10241245298653,23.80631471559699,22.05593708084593,22.906516306360224,25.0188899528409,27.81840718164117,23.81088699897409,0.0
