,1610555604.25mOvVXuL01OCiReyVWBfesjuvXmB3MoPy,1610555605.43B6oDsBtWRQ29Q9UMQuTUEPZy3FSSWXzc,1610555610.92HPGJJSmyPM40z7otPBgHalNrHFA7zk5d,1610555606.68LaSQbm9EHAFycEfFtEqAwYqlBsQPjIRW,1610555617.19EKxMEwDHfXiEJZc27TsGoERaD6Da4BZU,1610555722.52PJ3FD50MGhRXyUD28vluU8Z9UjLJLZn4,1610555617.52Ijr5puT55g9apK8auM7zaxa3NANg502t,1610555638.77ZLjTLkz4jYJdFMI2wWBztzsDILkoOtAk,1610556912.46C7tJPLF0XfNnm8f1820X9aLmXMHoc0Dw,1610555617.51LjzIROg0aeCP2GhDcAVQ0LipKJB9jmKc,1610555608.17OpjjHobqRkX0UPcaXrbu7K6L3805SZri,1610555721.82zWeNZfGUUfRJkgnAwlP8VMhPzXctnSd4,1610555735.75bom85BDF0C7W2eIseHeMxi24qR68nzMi,1610555735.77NnT5xqKnwcf2BbjIekeb2arTQj6QMNwk,1610555638.33wjf1PhdNaoWfbRzXVn50hmFyB5bYAiLV,1610555606.65jCE4ig8Pu8kvAzkxnSGfWsV0nQBjCf8H,1610555608.18ONsBCVo1i7BrX0XG9stct4oiA6ejX9Oz,1610555721.51RNoQUMP19FTMS79BmA3JkgSm2IC2AQuQ,1610555971.86O0cHB2ibBJ8jxoObg01EpGe8VVV5mpwn,1610556911.51zU3duZSGpcw1BDNsBLxdOCITAXwl6z3i,1610555988.71dMoYT8250UHHJGxgmITTmbHe7V6gH1yU,1610556042.81mlUZsSp7gbGjrp8jQSnybT1gPy6e62o1,1610555637.02UBW5nKvDyUrKnaWcYRGajZPxTRDS0q3N,1610555619.13oUYNikU4facCTpUSiSLr0vPI0tJLnXiT,1610555721.03nzkucfjAUh31zTbmCVvTVYqtjoxZFnBh,1610555722.67fhKURdXVzRbLIjXmjRwdJHTnE7PWb1AE,1610555638.39J2ZWBLuLTHP0jOlzB4tNHmYeijH5g5YJ,1610556032.17Q6yCDx9g7alRnL9jBFXD2JhhUyB2hKfJ,1610557007.49MyVgDnuUuBxrvL6SGOdhKf69VYlW1MSm,1610555638.44hjT5hbYdKoE3MB6hijrjqbjmLgvCUYKD,1610555608.13zUvmFSCRt6SsLbhqFznMEvGx54GPGQzM,1610556038.62a5C4ynd1AARyAhTv8a58NCqHvXRjscqH,1610555644.45Xse8u7pusHNsd7F3d0A32HXvXr6weOJE,1610556038.62gKXOCG7XCn55eJvyl5voNjbwOW0znQDq,1610555987.13v0oleKK97pkesp6oMgprH8SoSdoDVdIO,1610556964.96ZLLeiQW0qpmxhPGTg7K03fmzkqsC2bjC,1610555987.13VQlEedQ50VvkPMEMzZDv3KNnQCewykN9,1610555982.186TY6MMGkDecIN1woW6vsfAMXVV7jnyjO,1610555982.673LuMndkwkvdmZOn0MmE2Pkidx0FtNalb,1610555733.38zItcuH7gHNfKdALR2d9Nek6bxCyw36Vm,1610556034.15BQxSbZINGCay0yp6RBVlgcPrw76Yn9ON,1610555639.37BPZpgtGml8qUsh9AdV4m32jPLfI2aNFq,1610556965.57S0adAalhWYe6K3bkZU0bRHbqnDK8gGkR,1610555983.54zteLPCMjyrjzPdhHhlZr3faCgD0TfYr3,1610555987.79rHnNRmt9a0ufmnwCvZqBouyUoZDNpylW,1610556960.041xWER61rmArlsKfiMl4frikWmUCnQ7op,1610556035.13a7NHZDutfTMJ88qle1gTYY59Dr4WmMsj,1610556890.456ZBDaY16bMtrTZTqAgHl3wq1tRxzqDow,1610555760.24e6890pkbyZ97Or6croI1rQgjkSsR0yVt,1610556043.02YpWMIJg3W004iqlPyv8OcVAZdSC5rNYw,1610555987.03z05P26TLtONYM1HSzupoc2CeNMa6HTqr,1610556032.15OYCzUxpsz7b10AXBAuDXrvEcvxFhf0M7,1610556032.63Z80yI9pNwS3jSmsDABbuhf8wkNa2Ze9y,1610555736.28eGuESasTXdR3SqY6pHhEXWZtcdciYLCO,1610556034.61bebeZA0MkaFG2sm3VKiqrxeqQginTTW0,1610556944.5XwXOphKYT3ZkWA8gViqOS97VHVuMVUqb,1610556944.745UVLFBzf7fPh4UH37I6tYQOFPqRDytEh,1610556034.63XsUwaFaPZevO1JNFjfhvY4aKNFnV4noV,1610556964.89xwBHw9faT1HjQRMNQEyA4qJ3hWkwgj3k,1610556966.74DydzH91jtyvRyYau47JpVkZoMRSNTt01,1610555740.77UueVziDbaXyRR4OcVJIIZyzOfAzN51bj,1610556046.84e3vwjyRCzqz0wJQhrk8zsxlFfFSv98Df,1610556137.99eoPuVrDThKAOvmeprLPb2FWRqIhzUodc,1610555740.73XFwSrmTXJPlaxGZSefh0jOVA8PI3III1,1610556123.88AOfNaz9jSnqU5Czc7okOv1RCrYfKFBTo,1610556046.85nB7NvyoYQeLcOV391Lmmut1wAM8CFGLw,1610556123.89H4pdIAzDthI7bMXMhlIhKUYIQIvtmPPQ,1610555740.87GOYQUJKpkynIS2lFqppYK4b32ol7NeGh
1610555604.25mOvVXuL01OCiReyVWBfesjuvXmB3MoPy,0.0,799.8789770810429,185.44726530693507,739.4515190944635,551.292892733603,658.7672654453013,533.2290628805528,215.83546542361324,430.73561778798666,596.7228167745354,910.5497851319951,763.9061276015784,716.8381511253792,392.65292180352856,819.4294442582487,670.1693426756443,1004.3192837071168,853.107196130002,566.6532673207524,591.189653154888,842.5587676546324,927.9443075167245,596.873037102125,190.83808137655635,739.1068516388938,715.878730906895,536.3977824594782,780.7496854733348,771.2445174862759,583.7819734475024,661.1736452526993,645.6565038017541,677.4714491198893,721.0891841975366,740.179038749597,772.1710330686733,717.9411549185181,704.1823804411217,792.1168443008313,763.4591636962502,738.4213058636502,912.754733146646,763.2876727290366,713.8012823464294,862.7899000057386,887.8590202961149,731.8257933312578,626.8741738623934,615.3954189399716,782.7029030179109,626.8109863057159,627.3767661991579,796.2325687152147,918.2845677285436,607.7415979959734,690.6205097491431,745.7696182782953,696.0472670478431,610.9894634009078,721.624897913491,908.4321566617729,990.8802848934353,693.3518737712749,932.677925988669,654.4448691258954,985.9000352795849,719.1235363830265,868.1969262932975
1610555605.43B6oDsBtWRQ29Q9UMQuTUEPZy3FSSWXzc,799.8789770810429,0.0,802.1070980668985,692.9057718758194,829.6897126218215,823.6477060676689,815.2186282363708,827.0022860883034,854.6403095989104,761.9661160167348,777.9311562877714,849.1292119529253,722.011572387371,850.4900770467555,853.5185098973302,835.9401523162907,848.9570372347716,437.5039165705725,820.7669474041886,791.2417733707513,931.3435257838793,846.1314998453831,772.5315333471368,808.8739170656075,833.6447082479947,901.69094294502,833.3267603017024,836.6955622742958,757.6165629504507,735.377220306322,854.0995832568343,793.9566510155486,744.5468213811403,739.2032059563696,863.7356645430127,922.2476800507626,857.0377624496637,718.0614857909561,686.3256664139273,956.5738032596489,770.1887383105528,889.1295994171503,908.0865670066471,760.8617649342564,606.7894401240073,455.645432633397,908.1505153166415,895.0833084195148,730.3679523601132,917.4776555776104,821.9997911707827,890.6976553228267,903.576064753484,807.4748781208747,794.3116421043642,840.308589031905,830.3113768498617,806.0901645126871,824.2593158153954,815.8559184961043,836.4039265879222,854.6932504067158,742.8497364757594,904.7392026646461,766.532155080049,878.1966273418918,886.7790288763756,826.5994019630159
1610555610.92HPGJJSmyPM40z7otPBgHalNrHFA7zk5d,185.44726530693507,802.1070980668985,0.0,733.9969186314208,549.3159481406116,665.7873682814043,523.9612957470142,261.62802325430386,455.00703779880354,599.8294462209273,905.3780279404627,772.4770604692394,720.2560341470178,372.40622137280974,821.5574400353361,669.1898786535537,996.044045744318,864.6957594811629,580.0623548638288,584.5502497647392,853.2501469275595,935.3585735493523,599.1139610806786,238.974437556227,736.228115416338,722.547481255295,533.0417236971516,780.6711738389184,768.5399517970068,585.0794328670655,660.9754214662456,649.0984229023666,680.7379820473897,720.425114089021,748.1315064305579,767.2526530359745,711.9714440875155,704.4190226935864,792.6559020211907,774.0440999830862,730.298055067432,913.2133967688744,769.2789101169955,728.8944168183504,857.7207325992935,885.194272931148,745.7227698975339,635.666851182678,617.9426723668184,774.2183477607804,645.2087939465758,630.6942547360961,793.9933294429808,917.1311869096285,608.563950075945,684.4883112824447,744.3023893178042,700.2498480666226,624.9041400927573,732.6417453572491,912.1668947431331,982.6178384037208,694.6817724016712,932.4103107462557,654.6721566495335,989.5652323200195,711.4714751631105,878.8916338592246
1610555606.68LaSQbm9EHAFycEfFtEqAwYqlBsQPjIRW,739.4515190944635,692.9057718758194,733.9969186314208,0.0,765.2098065208851,825.9285474780096,758.0289732792331,743.1315641475194,787.7823021716683,779.9572290854968,714.4456639889754,728.9316136836896,832.2464601439252,786.9717257808207,858.3658157668539,759.872560337596,807.619737540024,736.2594008299251,772.1275485154418,739.3287435029256,824.6174117499932,844.3810896359068,795.3839369458505,736.2274467940555,889.3589186822749,867.9883335611739,717.2822008426414,760.5495021718208,754.9338428194334,751.2697345949622,771.4000874070823,799.0939970642316,798.270785829613,788.361507296253,753.0693415138605,742.7918639871715,789.0611004793161,762.4800569957658,682.3066694390164,881.2175455327991,665.184971705891,761.4896023523949,816.1999806115267,653.8046485751654,774.1597364138448,805.8739133373839,896.4893167473175,823.656758139254,740.9644966619711,827.7234860065985,731.0018952827287,834.9589185923069,867.4649065913013,801.2687885843817,730.8893191449401,868.6526209149246,869.9512036945573,735.8586745462611,770.7804701056364,865.8725272136751,856.0845646608625,882.697862500453,722.8609866815095,917.4065514379479,722.412389913172,928.5212373267547,766.7319386309354,842.8741124558529
1610555617.19EKxMEwDHfXiEJZc27TsGoERaD6Da4BZU,551.292892733603,829.6897126218215,549.3159481406116,765.2098065208851,0.0,769.9311051255745,460.2802796180618,565.9551262932092,535.2969113141428,669.3046622477335,870.4223080722152,836.2869506150615,784.2450957435426,608.2454247347961,849.5109619462747,703.8356050942341,957.0624337441442,879.7677987333396,677.5217635484642,674.4170202057735,894.5274832318651,913.8336404066894,560.5062960611166,558.9514563578805,750.959791295418,815.4332928311375,531.8637629047167,833.2453057940638,824.2259658726999,543.6729690503527,685.6984638051342,560.4592552125127,743.5000020347508,752.9794570618839,775.7646137686318,813.2327335998679,772.4940864483879,728.7218096822475,814.5239736276536,843.1148128274509,754.1437965026629,932.4931916104903,779.9875478541996,821.3974362276376,875.1404652886753,911.7837225242788,792.8320176502652,719.166032025226,646.354148899165,742.7433425737845,749.8722819624211,671.4155328904501,828.7497825979658,919.8747342399141,658.5872562790325,695.7488610255687,739.9540988860948,779.4148676527757,724.9953188578837,724.6251236362654,875.1228928989476,965.0397492835414,734.9366456265318,910.5010937745218,668.1482652447277,989.3125168923343,736.8745656189107,827.8840210117536
1610555722.52PJ3FD50MGhRXyUD28vluU8Z9UjLJLZn4,658.7672654453013,823.6477060676689,665.7873682814043,825.9285474780096,769.9311051255745,0.0,734.2818561460833,672.0813981032021,679.9536912213501,780.5800582467414,861.999005054511,840.3016936070361,832.9126995742964,700.7660614696002,875.6366316269194,822.6479615761459,923.5969075873571,837.0875267061156,423.7138988283763,774.1913034028928,861.6054044499983,842.8054292019488,705.2742007490905,662.7779775767344,746.6141652360346,389.56083451062574,694.6267151383704,860.683488253353,868.9434611267803,639.9773249565478,810.8118963826223,638.9918000879592,842.3250428418158,872.7099682538878,833.0241376702191,835.2476582568326,854.1405392589367,858.9003343992845,833.1265372896908,844.3228432924062,874.5250373287448,898.0162269432652,864.7480496259222,792.4547551388911,847.5193631413576,813.8868840787661,704.4818014241225,695.4532339959399,799.7066143572283,816.1888859569614,766.0205725629061,678.7843389750523,846.6761942948074,905.3359169273963,774.1265371143584,693.5647637232303,827.7844171842893,792.0685338766453,750.0792266205686,621.1259447589567,861.2907976090075,935.8561378232704,832.3404213562371,843.0369101772462,825.532638685402,932.7849103088915,772.3823249958251,855.7770595723463
1610555617.52Ijr5puT55g9apK8auM7zaxa3NANg502t,533.2290628805528,815.2186282363708,523.9612957470142,758.0289732792331,460.2802796180618,734.2818561460833,0.0,534.7936970434666,601.5219388951106,714.5198764968983,847.6423271591069,875.6708275813507,794.3633679379005,553.5988385413619,852.7048856092489,755.2968009198969,939.464298337313,883.6104503287794,647.2883354867329,731.2006443957164,956.6318501753636,913.6228313351637,638.9266175174133,528.4484328069911,804.7641390471406,753.9845207194882,618.5014124853582,835.1323971030032,800.3762254782479,472.986645771671,730.5084230064147,552.7782448080253,784.8857742076787,789.3700844952474,819.584123977163,805.9399610559406,834.7655648069903,770.7132502069624,804.3434490110383,840.4596859680684,797.1503025825383,936.2983725341279,824.5091007902332,798.241133324825,859.6928539322923,895.5918875211863,864.3487742588228,762.6775329865366,697.7859456869257,793.8391250969829,781.2136569607424,727.1538231941132,809.3630236222158,878.1603385133645,713.239044270286,710.7994770430535,777.4424004520025,825.7287456798525,750.3355530684717,698.2679499313534,892.7529899042307,938.5978914473448,773.1369268429753,888.617986178979,712.9351336613194,969.650472341188,755.746367610222,865.6645612321438
1610555638.77ZLjTLkz4jYJdFMI2wWBztzsDILkoOtAk,215.83546542361324,827.0022860883034,261.62802325430386,743.1315641475194,565.9551262932092,672.0813981032021,534.7936970434666,0.0,433.272105842302,632.4882442792016,912.7254022376235,768.691527486254,748.5421061567358,344.7764101300927,822.1809911084459,684.8011383993667,999.9753826943705,863.0507666078073,576.0177744972427,616.5972326851797,846.0764439705249,930.8646276140997,631.1561825105266,229.61715856799557,759.1831721033994,712.936839876042,552.2311628257999,780.7670924766014,782.0331153251404,615.862341703876,678.6034298893578,675.2435429317912,710.1649384356508,735.9297919830195,749.4329128913718,768.3822823480359,741.134656473548,723.9292191009042,811.1361272657159,760.7999372266231,746.742040666431,897.2817816850434,764.4545778097788,711.2684740664453,876.2954005983507,903.7311961304487,747.837761620873,643.6509843052011,649.3578099314309,785.547560144081,636.0380451894775,640.3572382587421,801.3934434587007,925.3748315628661,636.8506255889095,712.1223557197662,749.8424697478475,725.2057864838653,618.5563522667393,735.9955442776951,903.136910671045,988.3659920579341,716.3967773064412,922.9829166674571,677.4769212707407,975.401299655545,727.8015554898506,864.5853165347181
1610556912.46C7tJPLF0XfNnm8f1820X9aLmXMHoc0Dw,430.73561778798666,854.6403095989104,455.00703779880354,787.7823021716683,535.2969113141428,679.9536912213501,601.5219388951106,433.272105842302,0.0,674.6964311006091,933.9374093285323,772.9589580492974,781.7703166734588,507.18200763673076,807.4524617698107,735.8305976598931,1021.1499089910575,855.7336389611071,545.4997717935729,654.2765179566442,820.0385763783935,910.952013981569,659.2856361609378,418.1343276779245,777.0788316855387,714.8455114327584,596.162438633715,801.7324225023458,831.9125989041593,638.7894867238408,725.9629923869651,664.5108777010948,747.7856548217688,781.1477788002032,775.1851132730072,788.3269858744993,755.0826340646896,771.7790803895724,844.2654182915538,804.3782848542706,785.1574250503609,897.1022357643255,760.4322598446555,765.392654966814,892.8487580386599,918.2746082742,728.7809240062635,639.244296276113,696.0496950028494,798.3461674695341,659.1516595519065,660.6884995503522,849.091664581114,955.6590645143543,694.0723982365304,747.5099260716468,762.9695454584448,754.6296946716939,645.639330645625,728.9900450078986,889.1438459739616,1016.2813554206883,758.9227022971088,913.7360609421952,724.5526074340606,972.9824698802221,775.8638139444854,850.2580583894435
1610555617.51LjzIROg0aeCP2GhDcAVQ0LipKJB9jmKc,596.7228167745354,761.9661160167348,599.8294462209273,779.9572290854968,669.3046622477335,780.5800582467414,714.5198764968983,632.4882442792016,674.6964311006091,0.0,944.3363341407339,854.8507981047942,447.7078077083723,693.9179416429954,879.526420355435,723.2463673805206,1042.7021021558571,869.701552803291,768.4406814234283,679.1044026618189,925.4438249003496,999.2297987890506,645.8366360553363,608.1242424412399,780.5510958603303,856.8700708503454,645.49438626841,859.117816803676,784.8566483687556,687.5529084330932,685.1936881166312,746.5098212547332,330.96927016662096,733.8166110347266,799.3269421568028,864.9677054898096,748.1977064727425,715.1543879574207,750.3637109489049,827.7128304894667,782.5393172644799,991.9934916004324,804.2545504726174,820.39255626158,882.8609345279511,878.9698750574333,790.6319318803899,736.9334164641557,399.48248269667585,839.2730424277484,741.2857875438051,739.7266964607691,782.4780464215996,944.7784387214318,680.9759113507575,754.373468045696,821.8259298397313,729.6879755157837,747.211872853482,812.7904100174834,958.1283855948251,1022.7086178688198,676.4591367285307,1018.7639453540987,616.4814785140121,1048.9435567999853,800.4777726656024,914.9024529467464
1610555608.17OpjjHobqRkX0UPcaXrbu7K6L3805SZri,910.5497851319951,777.9311562877714,905.3780279404627,714.4456639889754,870.4223080722152,861.999005054511,847.6423271591069,912.7254022376235,933.9374093285323,944.3363341407339,0.0,829.2771519249408,969.3249016422661,928.7852708441227,857.0063656854144,829.1635622177024,544.5035360741134,778.9238164421688,863.6127269571418,889.7809823129791,847.352510836256,782.8518195854907,865.9514214051786,908.768960036852,842.3360947598001,880.8537042803495,877.2149430439357,834.5001885799711,819.0833986774373,839.3906822927589,909.5617679615618,822.176603526069,963.8417934991706,885.7112418800493,841.3298945320628,809.0190460281001,889.4878662463301,884.9259292469663,819.1864780835625,957.6347847270823,813.9180671426111,693.2492175711149,873.1805802226213,836.2258798450512,783.6438284878118,720.6948397313987,949.7951887357207,902.3132087956162,898.4387643135578,820.5703380317489,892.1541818011008,929.2650675593026,880.6293897587278,785.5279345088848,873.484063175822,836.3638248233143,841.0692423538303,871.2724347880918,917.5979146215238,846.0684130443109,839.8913736120533,746.0125180862495,851.4214100466957,796.96875153761,863.4538232553396,778.06342689247,816.677257417409,863.0792633323913
1610555721.82zWeNZfGUUfRJkgnAwlP8VMhPzXctnSd4,763.9061276015784,849.1292119529253,772.4770604692394,728.9316136836896,836.2869506150615,840.3016936070361,875.6708275813507,768.691527486254,772.9589580492974,854.8507981047942,829.2771519249408,0.0,905.5176991169666,786.2433357483359,888.787956558206,725.7816803680978,882.6733641335649,715.6402350860998,816.8260263139397,685.0110389671165,499.3686245438432,649.2431380464071,854.2152847759692,764.5143118322436,873.7539900391056,859.4765267517778,823.9848767637138,692.4927328568513,760.5671694070196,873.9278655485294,877.3501097443382,892.7454404863538,858.1381529188752,791.2419522800906,692.8862206581074,689.4313684966922,827.5796595148789,785.5811602889306,807.8365146020136,884.5640637464611,824.6064088991449,716.331695967397,885.9345102820844,662.8368687895361,851.2615042906891,857.023543277055,856.2554258999793,762.7667894668181,811.5765805786816,830.7307609452315,483.72005122370297,788.8869263839589,921.7179084655935,853.2065001973091,784.1359685762278,867.0841120225112,824.2166485201626,703.7479160858231,639.5820633270422,887.561856679632,848.3993244082707,925.5667369302059,715.3193383160856,904.88565336161,743.7205676198341,882.0575870192345,789.6437176727126,839.3964106154992
1610555735.75bom85BDF0C7W2eIseHeMxi24qR68nzMi,716.8381511253792,722.011572387371,720.2560341470178,832.2464601439252,784.2450957435426,832.9126995742964,794.3633679379005,748.5421061567358,781.7703166734588,447.7078077083723,969.3249016422661,905.5176991169666,0.0,791.1137251120972,881.1405664162367,789.1121377171464,1057.1138042427165,839.9200024663812,824.3048387771653,734.4449674832241,971.6803766785681,1005.1138509787436,764.0168088022507,727.4062120000629,876.770887582878,906.2037858404395,761.9733663615536,907.7372001264091,791.6671780733905,759.9875247636206,733.8764283688605,813.2556390315356,305.54947366446675,735.217936942052,856.6777117227668,927.1659320634637,813.822815173838,723.2065207902813,827.0417911042158,861.3127585097383,821.9610212431514,1025.0491897510765,861.8171718503056,855.2096936902939,866.1456353156304,848.2160008251526,855.1417023801766,840.6657942115136,597.5036033793915,909.6442399802172,818.5474737842866,837.1029635020001,812.4866789184332,923.0815711974617,750.0546375020758,851.5408154533958,902.796201924438,801.2348552681254,821.5548364633287,874.062218531198,953.7402189500281,1009.6521466465759,714.9660167425953,1043.640892154092,731.3746178396588,1029.6547482723454,869.839913661095,915.5747633026813
1610555735.77NnT5xqKnwcf2BbjIekeb2arTQj6QMNwk,392.65292180352856,850.4900770467555,372.40622137280974,786.9717257808207,608.2454247347961,700.7660614696002,553.5988385413619,344.7764101300927,507.18200763673076,693.9179416429954,928.7852708441227,786.2433357483359,791.1137251120972,0.0,814.2739821472962,749.5867359089016,1006.0196759269585,873.2369748740919,613.6038844511409,674.9016344764981,874.3718000143818,917.3430451460297,676.0673249377642,388.36971609620866,778.1791158208531,732.7254279422107,630.3381491549181,825.4297526085751,822.5771059093335,636.8524035533359,739.5576347480887,693.2116766631505,765.9693291690489,797.6399815381416,804.7571233259516,809.388466320155,782.3566354866228,776.3903451381333,846.0403959863492,801.1844635185286,794.7510641035179,912.7591591043083,808.1381446671351,767.795207713562,879.7238824766027,905.2034902650552,804.0261782460925,696.0590130125017,700.5960383086691,825.4228007981261,685.1938882758977,674.9031318535006,847.2193875413958,950.7362463002424,702.3136325231239,742.5901388809934,751.8393646394428,786.352646496612,669.9083122283686,746.7585704452482,908.7439684244955,996.085174521638,778.3444318478406,920.4721753479341,727.6684778637972,971.6631022923679,779.2945967870784,878.6785798313587
1610555638.33wjf1PhdNaoWfbRzXVn50hmFyB5bYAiLV,819.4294442582487,853.5185098973302,821.5574400353361,858.3658157668539,849.5109619462747,875.6366316269194,852.7048856092489,822.1809911084459,807.4524617698107,879.526420355435,857.0063656854144,888.787956558206,881.1405664162367,814.2739821472962,0.0,839.6602457642363,893.0308730370929,862.7785360857285,841.3516538179055,860.241763070144,876.3697897465753,882.678569672986,865.5974882671919,811.5227864961577,886.3168115703932,867.5330808249647,841.6332023106295,933.4704640725033,821.6041875035252,845.3713394805942,795.7083926531124,825.4605986278337,885.9567044984339,945.7207724751327,771.7654471606633,835.2284073700441,800.1195036831485,915.5861208584939,896.6217126743807,889.1281985317098,728.1181718838262,898.8388837033691,717.651688773595,857.857428549476,739.9646827651293,855.5496996571569,871.324156660558,830.7102081338018,902.5202921033148,870.686957923834,840.1100122753923,827.8143119276818,1016.5310952422149,866.7777896637328,838.8014522431711,882.8603903885568,769.9052154419995,862.2451265330957,879.6518964878339,862.1227835643913,947.3514217145445,909.799463251982,885.884033709414,942.0591035790438,901.9190313506691,849.5447967704598,865.2576143294291,946.0651253685279
1610555606.65jCE4ig8Pu8kvAzkxnSGfWsV0nQBjCf8H,670.1693426756443,835.9401523162907,669.1898786535537,759.872560337596,703.8356050942341,822.6479615761459,755.2968009198969,684.8011383993667,735.8305976598931,723.2463673805206,829.1635622177024,725.7816803680978,789.1121377171464,749.5867359089016,839.6602457642363,0.0,916.5537425842138,887.9973766064671,822.8814846278103,557.776895636143,767.4739044102388,925.4361380483125,731.030839953047,676.1880478131822,824.9754201857531,895.8568898063185,677.9431204607373,736.5688588932896,681.0837354921835,784.0848490524777,655.1384062351334,811.232219134907,734.4696539102797,580.9546878071212,548.6719972422175,664.3467671166627,674.0613680356248,592.3251102373764,828.5808814834328,890.5441215574217,673.5120668034057,853.3037194726448,821.8955419223373,778.6801428423516,856.5522079737467,902.4096153665097,799.2617658175461,734.3591119070857,703.2868210121259,753.3112113204181,682.9666102059023,792.8358266307717,787.3240919745866,870.915801657819,598.5185297502579,809.9303255258312,828.5649895317794,608.9747462421716,717.3373068143271,870.6957552399533,865.4111099656874,917.9645222795903,592.2526500070255,936.2154766581428,668.6979594033975,915.2033409186306,723.9828814439742,819.2855220470713
1610555608.18ONsBCVo1i7BrX0XG9stct4oiA6ejX9Oz,1004.3192837071168,848.9570372347716,996.044045744318,807.619737540024,957.0624337441442,923.5969075873571,939.464298337313,999.9753826943705,1021.1499089910575,1042.7021021558571,544.5035360741134,882.6733641335649,1057.1138042427165,1006.0196759269585,893.0308730370929,916.5537425842138,0.0,820.5779598328536,933.2596976391458,979.3438852697601,878.4931719948142,780.2037686388471,937.0793360955605,1001.2606056904963,870.1401350207459,914.5069064449599,966.9968956038491,887.1282708194307,864.6696743609526,920.1140425977695,987.6332826280882,876.3730940552375,1057.037213585654,964.0217345290057,894.3668466267923,822.9145359989358,966.0552021792729,945.8489680357824,815.27859942383,1012.6686870986813,901.7293849282752,718.4525243138563,936.0443025354018,874.593665172838,810.8099655843198,766.4058373414928,1007.1012587823466,981.9678670312326,985.9963116718625,858.802796705718,965.614832950968,997.5179121190469,937.3470187100305,774.2209000211031,972.528291867117,875.4107357179611,851.3114149343661,939.0533028813842,992.2559571380395,889.774857120887,826.4279397499647,705.6860043269405,922.365563008006,731.8652516154204,941.7316206820902,737.6221355977004,873.0020067173801,867.5613127265948
1610555721.51RNoQUMP19FTMS79BmA3JkgSm2IC2AQuQ,853.107196130002,437.5039165705725,864.6957594811629,736.2594008299251,879.7677987333396,837.0875267061156,883.6104503287794,863.0507666078073,855.7336389611071,869.701552803291,778.9238164421688,715.6402350860998,839.9200024663812,873.2369748740919,862.7785360857285,887.9973766064671,820.5779598328536,0.0,816.9025486425437,851.2588007144068,810.6520849870357,733.729302076648,852.2844647212315,850.752623498523,878.219246957205,894.1844520893027,884.0242494901947,843.5811800955418,833.2855347577248,819.4881982863863,917.9893216511707,851.6526252980657,857.1659936339964,843.4586707377525,901.5597844355499,892.7151316644779,923.8408428859526,830.4114303314345,751.558545588801,967.7714777693033,830.36726649687,830.9580105014131,914.7462501277543,768.861251249284,668.466529615145,524.4259148655782,904.1186521885822,897.4985842894196,843.2665478225597,916.7262383699963,776.6608329211067,904.3783754676454,953.54270689663,832.7191423855279,893.4124683324761,880.8185469265627,840.6708004958762,875.6626885261811,804.4288126745065,836.187121714076,805.4056691343692,847.415220534953,818.5411478895242,855.4030305561315,840.5543329682755,830.4217411895111,906.2130001953054,804.4767579998775
1610555971.86O0cHB2ibBJ8jxoObg01EpGe8VVV5mpwn,566.6532673207524,820.7669474041886,580.0623548638288,772.1275485154418,677.5217635484642,423.7138988283763,647.2883354867329,576.0177744972427,545.4997717935729,768.4406814234283,863.6127269571418,816.8260263139397,824.3048387771653,613.6038844511409,841.3516538179055,822.8814846278103,933.2596976391458,816.9025486425437,0.0,763.5409649218406,854.1162217116154,820.8615556899157,715.1268886356736,570.1367271959134,784.5462925369193,541.2087901476219,665.1027159742872,844.4575756546064,871.2839685732893,598.9714398236445,811.9538549113299,609.0294403894401,833.2277436809907,862.6037325749883,831.5262519670339,834.1301519523348,855.2900742114659,853.8830249735547,837.1257076669733,815.5219824208007,847.2188442362689,898.3459767246823,837.542854426853,763.5014368309638,855.3358127696333,856.900403696989,774.3846321049907,676.6990056917822,786.2761131057936,818.1438387705441,738.0646852723272,661.4140064646888,864.2136075026935,913.4695287250012,781.1142946023546,749.9849489654064,799.3407107911607,811.8676500504355,718.885351193936,629.8785476711934,859.0188907649543,958.4141305521264,842.470776772547,845.4139391745064,812.8415520287308,934.0591809179996,754.0334335234234,844.8556538692758
1610556911.51zU3duZSGpcw1BDNsBLxdOCITAXwl6z3i,591.189653154888,791.2417733707513,584.5502497647392,739.3287435029256,674.4170202057735,774.1913034028928,731.2006443957164,616.5972326851797,654.2765179566442,679.1044026618189,889.7809823129791,685.0110389671165,734.4449674832241,674.9016344764981,860.241763070144,557.776895636143,979.3438852697601,851.2588007144068,763.5409649218406,0.0,747.0122400881382,902.7574980573502,686.7793612057282,598.8914792452699,803.8247672983222,850.2857010260838,622.8841290790959,723.14142697005,717.6571780569533,735.7549738048973,696.3895322767014,764.0691555297617,677.1586345088334,645.7258326508123,646.5470531367004,700.1753168892012,633.9743667629115,644.6457239299255,816.8871587480764,879.0979789264834,694.2765837282918,863.1376936528643,820.4437255153755,732.3608542599536,797.9233778352657,883.7344235936175,769.3378467011336,663.8810903495083,664.5594750339457,803.9907706766589,644.9895795551979,736.3696952068701,826.9375977300449,895.0637462782994,591.5290668141686,776.3521050625496,782.9855444196442,583.6411406898491,646.7272379123448,829.5377676102103,907.7369981376796,962.8912782656296,608.7753897540606,972.7597943707545,620.8482897428331,969.9495565318184,745.337687502755,862.2310823616725
1610555988.71dMoYT8250UHHJGxgmITTmbHe7V6gH1yU,842.5587676546324,931.3435257838793,853.2501469275595,824.6174117499932,894.5274832318651,861.6054044499983,956.6318501753636,846.0764439705249,820.0385763783935,925.4438249003496,847.352510836256,499.3686245438432,971.6803766785681,874.3718000143818,876.3697897465753,767.4739044102388,878.4931719948142,810.6520849870357,854.1162217116154,747.0122400881382,0.0,712.6931425222114,907.2092283862709,840.8618805077596,889.4668633785373,874.8174424403969,871.3087692434647,726.8659028011162,846.6695358999783,952.775695884567,897.5645701509562,928.1587686625404,927.1888174667247,871.3460668288665,686.973509846491,708.0702832871964,852.6661344118719,859.4308199136127,875.6391236971583,931.4780635211512,848.1264602531315,710.2111129838062,875.9738845771554,756.6957858649114,867.8972409468412,877.6993108810389,853.7814974166323,822.6084845460645,893.8384738426638,850.8418062583689,663.2484479692822,842.8035928163673,939.4776954300681,890.6766962009053,847.5934510974239,890.3090209436599,841.4199347194699,699.4841881841198,760.5597682135954,917.3269606735087,859.5718578733115,928.2818994186348,791.627653395342,897.0563491825804,823.6265449885938,879.0426421286745,825.9857940561219,844.7433554990283
1610556042.81mlUZsSp7gbGjrp8jQSnybT1gPy6e62o1,927.9443075167245,846.1314998453831,935.3585735493523,844.3810896359068,913.8336404066894,842.8054292019488,913.6228313351637,930.8646276140997,910.952013981569,999.2297987890506,782.8518195854907,649.2431380464071,1005.1138509787436,917.3430451460297,882.678569672986,925.4361380483125,780.2037686388471,733.729302076648,820.8615556899157,902.7574980573502,712.6931425222114,0.0,861.1353578028916,929.7992493382274,880.5107488728333,833.7086041435806,938.6404273869044,796.54868433318,893.1839619883164,833.226041344892,1012.1841941296736,780.9020030198997,1004.7859062548013,947.3378465854177,873.2509219395648,842.1262332455065,970.3442786080018,926.9519200173929,863.7734677626855,957.9655739045008,960.7907720687233,759.8134612519185,952.9611992489819,830.8820689017882,791.7813445808935,800.4008207027966,934.3537634369344,888.076443963812,929.266493736837,875.1541926160929,789.9987935591196,896.2391210620457,1004.4576680888231,869.0595213445237,983.6920746268387,861.6328728239143,828.6027259770068,862.0262495114268,850.1672605934531,730.2620144399045,761.6086203833692,885.9284537967575,889.4466795618409,784.6618486909109,902.8344994836232,765.3589764302453,875.1503175770495,782.5696073517586
1610555637.02UBW5nKvDyUrKnaWcYRGajZPxTRDS0q3N,596.873037102125,772.5315333471368,599.1139610806786,795.3839369458505,560.5062960611166,705.2742007490905,638.9266175174133,631.1561825105266,659.2856361609378,645.8366360553363,865.9514214051786,854.2152847759692,764.0168088022507,676.0673249377642,865.5974882671919,731.030839953047,937.0793360955605,852.2844647212315,715.1268886356736,686.7793612057282,907.2092283862709,861.1353578028916,0.0,608.0539463122082,639.2309448401705,781.394390327085,520.9774836909803,866.7660370749286,801.4164482198133,505.41753399383435,685.461436317765,523.3146980777389,722.0088208025903,766.8255388319576,789.6192526425087,811.9997318442188,756.3463019565122,695.0265528584695,745.3529654837387,876.5770762393959,784.784039786468,930.6813817417247,812.7681168223116,835.4333897111744,838.3206740126092,834.2273543486832,728.617494323019,705.8656738997895,580.5248948601169,718.6998642895343,773.2847330615535,665.5116776794927,827.2198527348003,882.9231708067795,665.126450108806,497.19989145085793,756.6039592058736,752.5185163710588,749.9568856496772,616.2123748321228,873.2664538218581,957.9391285915355,680.9747252248613,894.1899316141642,638.856539679449,950.1908721249188,747.7520746173468,870.8877876012106
1610555619.13oUYNikU4facCTpUSiSLr0vPI0tJLnXiT,190.83808137655635,808.8739170656075,238.974437556227,736.2274467940555,558.9514563578805,662.7779775767344,528.4484328069911,229.61715856799557,418.1343276779245,608.1242424412399,908.768960036852,764.5143118322436,727.4062120000629,388.36971609620866,811.5227864961577,676.1880478131822,1001.2606056904963,850.752623498523,570.1367271959134,598.8914792452699,840.8618805077596,929.7992493382274,608.0539463122082,0.0,745.1264824423873,715.6061509215872,539.9755021011007,779.6465331769269,775.0233770931974,594.615957907054,662.4938155898371,656.4336912686979,687.956351924156,725.7063125525674,740.75895312561,758.5332961140832,719.2868443835958,707.5313770261158,796.5466594645792,764.6238051949051,741.6513589556714,901.3713311895432,753.6960910446115,724.5885751141539,865.2393557944714,892.2795449322398,731.5937621675436,624.6073976044846,625.7578093242032,784.304978142998,623.192828295209,633.3879189565957,794.7495910122504,914.3156148625469,621.1322779242834,694.1922698367921,748.6067115354424,704.630094943146,610.2202400600422,724.8935690122506,904.0339963062353,987.940689289294,698.2690939838615,922.9322493734271,658.4917411858363,977.7209179758825,721.2472146720711,865.7761496257903
1610555721.03nzkucfjAUh31zTbmCVvTVYqtjoxZFnBh,739.1068516388938,833.6447082479947,736.228115416338,889.3589186822749,750.959791295418,746.6141652360346,804.7641390471406,759.1831721033994,777.0788316855387,780.5510958603303,842.3360947598001,873.7539900391056,876.770887582878,778.1791158208531,886.3168115703932,824.9754201857531,870.1401350207459,878.219246957205,784.5462925369193,803.8247672983222,889.4668633785373,880.5107488728333,639.2309448401705,745.1264824423873,0.0,801.40142788848,764.0800816816512,867.52245090863,891.9893800842051,742.6500589302857,814.6340659348198,730.1526484978725,843.0808475276598,844.6000392909853,832.3536295055168,877.7783173259012,835.3543020478089,790.2402804089356,737.5546991454211,858.5636522519976,892.0792723304423,879.1210407921709,836.1574248000065,887.0189079629121,857.8159318028113,770.4540311399415,804.6354284810949,718.615703904759,711.4886420742632,817.8360770840533,812.5516578966832,757.0755571527224,846.4141555712719,910.0580631481105,782.1014052130524,584.8877291298585,665.04009149143,794.8670848560749,798.7847853381094,653.0019940102558,837.7471731806727,887.4135562638285,779.6199805214127,800.9787399301072,767.223600870047,892.3658669046984,778.7311256421026,863.860134733471
1610555722.67fhKURdXVzRbLIjXmjRwdJHTnE7PWb1AE,715.878730906895,901.69094294502,722.547481255295,867.9883335611739,815.4332928311375,389.56083451062574,753.9845207194882,712.936839876042,714.8455114327584,856.8700708503454,880.8537042803495,859.4765267517778,906.2037858404395,732.7254279422107,867.5330808249647,895.8568898063185,914.5069064449599,894.1844520893027,541.2087901476219,850.2857010260838,874.8174424403969,833.7086041435806,781.394390327085,715.6061509215872,801.40142788848,0.0,767.9402696282382,874.6420068462991,886.1663538154902,697.5577236992865,885.7360017780376,670.2028742560648,913.4852304386795,941.9801069680765,892.9863969051534,831.2365934323791,917.6958516660403,929.2422822743902,855.5017021913133,856.2410654432989,929.9341400881107,878.1883519720791,870.6631182833593,808.0578257038677,891.6544893975257,860.8992573866765,757.9963129642084,748.9203153869382,874.0459772895549,845.5368343295132,799.5363597235802,721.1818241840776,872.9697586518649,915.7497729495384,852.454061392747,723.5225066144694,842.664368861484,865.3833513057837,786.2684693781479,637.7709988801944,867.683144427894,937.1847753584441,904.7965208204638,829.7715683283843,898.1596773739813,912.1249073854367,811.743510079055,862.1928268006012
1610555638.39J2ZWBLuLTHP0jOlzB4tNHmYeijH5g5YJ,536.3977824594782,833.3267603017024,533.0417236971516,717.2822008426414,531.8637629047167,694.6267151383704,618.5014124853582,552.2311628257999,596.162438633715,645.49438626841,877.2149430439357,823.9848767637138,761.9733663615536,630.3381491549181,841.6332023106295,677.9431204607373,966.9968956038491,884.0242494901947,665.1027159742872,622.8841290790959,871.3087692434647,938.6404273869044,520.9774836909803,539.9755021011007,764.0800816816512,767.9402696282382,0.0,832.5926768701102,813.8458100005669,629.139619842136,604.1052711153092,625.9607375512866,722.3149054815474,762.7274378285819,755.7591741238281,771.5204020089093,719.474522301448,736.06711378058,821.8258259266983,803.5279781000299,691.2979542922934,916.0206526478755,741.3591510663948,807.5893340895011,871.017823529695,913.6045481323487,695.6042188785286,660.7164076711741,656.5079806568115,618.9003980104097,709.0143379608127,595.7755526805557,829.4905171260796,943.5088074014044,639.8939970865666,677.7546405399357,786.9085878144723,711.812277964548,694.6408446735677,747.2994385960486,906.032311621711,968.6040978131306,719.9304097676045,931.6813529791727,686.1510878675681,996.101287582537,612.8536476851518,882.8174801358145
1610556032.17Q6yCDx9g7alRnL9jBFXD2JhhUyB2hKfJ,780.7496854733348,836.6955622742958,780.6711738389184,760.5495021718208,833.2453057940638,860.683488253353,835.1323971030032,780.7670924766014,801.7324225023458,859.117816803676,834.5001885799711,692.4927328568513,907.7372001264091,825.4297526085751,933.4704640725033,736.5688588932896,887.1282708194307,843.5811800955418,844.4575756546064,723.14142697005,726.8659028011162,796.54868433318,866.7660370749286,779.6465331769269,867.52245090863,874.6420068462991,832.5926768701102,0.0,793.837237029766,878.5030945399062,889.0682657652221,873.9929655871777,862.9264991683498,683.2447619445602,789.6440876093789,752.7809555663882,853.9567031799327,731.4934264511586,808.0081869818388,866.1264496430875,892.7271742379434,724.1638998083689,857.5282228452057,679.1816147695492,869.7421940229443,838.9969555833293,861.4639191837769,825.7960192558932,835.9241949468345,834.3009307177099,707.0725405058514,845.5449356165212,849.1047457123576,878.0590887855014,828.9643321031964,884.5656998225309,828.5225474879027,681.6837575415389,689.2772817449393,889.6484059919278,826.2152426687011,945.2482772276846,738.0426508113487,856.8683161089202,761.5413380612063,879.1944674918323,821.0800234657164,809.9861686510352
1610557007.49MyVgDnuUuBxrvL6SGOdhKf69VYlW1MSm,771.2445174862759,757.6165629504507,768.5399517970068,754.9338428194334,824.2259658726999,868.9434611267803,800.3762254782479,782.0331153251404,831.9125989041593,784.8566483687556,819.0833986774373,760.5671694070196,791.6671780733905,822.5771059093335,821.6041875035252,681.0837354921835,864.6696743609526,833.2855347577248,871.2839685732893,717.6571780569533,846.6695358999783,893.1839619883164,801.4164482198133,775.0233770931974,891.9893800842051,886.1663538154902,813.8458100005669,793.837237029766,0.0,793.1133885746993,803.9120515587224,839.1776347223138,773.9015576228352,719.1919464651482,738.5527168596639,702.8470949142687,800.297453838554,649.2368188783479,825.4438107292003,952.1195022880238,708.9633436674192,844.6260758504167,874.6346755873701,743.9268100623742,817.3070892022765,810.727707937703,881.2721039118416,855.9672090629367,779.069527322331,887.2096739802179,755.2249226808126,855.3315879354378,890.2917427328539,767.4193407776228,735.497410472256,834.6577932841303,881.5107912728897,751.348193442642,785.8679833259081,874.1093108431952,903.710029935189,883.9086415402867,581.781887712976,965.0735679577363,655.6442157919275,841.312418647563,866.7806207762485,907.0670304364633
