,1610555604.25mOvVXuL01OCiReyVWBfesjuvXmB3MoPy,1610555605.43B6oDsBtWRQ29Q9UMQuTUEPZy3FSSWXzc,1610555610.92HPGJJSmyPM40z7otPBgHalNrHFA7zk5d,1610555606.68LaSQbm9EHAFycEfFtEqAwYqlBsQPjIRW,1610555617.19EKxMEwDHfXiEJZc27TsGoERaD6Da4BZU,1610555722.52PJ3FD50MGhRXyUD28vluU8Z9UjLJLZn4,1610555617.52Ijr5puT55g9apK8auM7zaxa3NANg502t,1610555638.77ZLjTLkz4jYJdFMI2wWBztzsDILkoOtAk,1610556912.46C7tJPLF0XfNnm8f1820X9aLmXMHoc0Dw,1610555617.51LjzIROg0aeCP2GhDcAVQ0LipKJB9jmKc,1610555608.17OpjjHobqRkX0UPcaXrbu7K6L3805SZri,1610555721.82zWeNZfGUUfRJkgnAwlP8VMhPzXctnSd4,1610555735.75bom85BDF0C7W2eIseHeMxi24qR68nzMi,1610555735.77NnT5xqKnwcf2BbjIekeb2arTQj6QMNwk,1610555638.33wjf1PhdNaoWfbRzXVn50hmFyB5bYAiLV,1610555606.65jCE4ig8Pu8kvAzkxnSGfWsV0nQBjCf8H,1610555608.18ONsBCVo1i7BrX0XG9stct4oiA6ejX9Oz,1610555721.51RNoQUMP19FTMS79BmA3JkgSm2IC2AQuQ,1610555971.86O0cHB2ibBJ8jxoObg01EpGe8VVV5mpwn,1610556911.51zU3duZSGpcw1BDNsBLxdOCITAXwl6z3i,1610555988.71dMoYT8250UHHJGxgmITTmbHe7V6gH1yU,1610556042.81mlUZsSp7gbGjrp8jQSnybT1gPy6e62o1,1610555637.02UBW5nKvDyUrKnaWcYRGajZPxTRDS0q3N,1610555619.13oUYNikU4facCTpUSiSLr0vPI0tJLnXiT,1610555721.03nzkucfjAUh31zTbmCVvTVYqtjoxZFnBh,1610555722.67fhKURdXVzRbLIjXmjRwdJHTnE7PWb1AE,1610555638.39J2ZWBLuLTHP0jOlzB4tNHmYeijH5g5YJ,1610556032.17Q6yCDx9g7alRnL9jBFXD2JhhUyB2hKfJ,1610557007.49MyVgDnuUuBxrvL6SGOdhKf69VYlW1MSm,1610555638.44hjT5hbYdKoE3MB6hijrjqbjmLgvCUYKD,1610555608.13zUvmFSCRt6SsLbhqFznMEvGx54GPGQzM,1610556038.62a5C4ynd1AARyAhTv8a58NCqHvXRjscqH,1610555644.45Xse8u7pusHNsd7F3d0A32HXvXr6weOJE,1610556038.62gKXOCG7XCn55eJvyl5voNjbwOW0znQDq,1610555987.13v0oleKK97pkesp6oMgprH8SoSdoDVdIO,1610556964.96ZLLeiQW0qpmxhPGTg7K03fmzkqsC2bjC,1610555987.13VQlEedQ50VvkPMEMzZDv3KNnQCewykN9,1610555982.186TY6MMGkDecIN1woW6vsfAMXVV7jnyjO,1610555982.673LuMndkwkvdmZOn0MmE2Pkidx0FtNalb,1610555733.38zItcuH7gHNfKdALR2d9Nek6bxCyw36Vm,1610556034.15BQxSbZINGCay0yp6RBVlgcPrw76Yn9ON,1610555639.37BPZpgtGml8qUsh9AdV4m32jPLfI2aNFq,1610556965.57S0adAalhWYe6K3bkZU0bRHbqnDK8gGkR,1610555983.54zteLPCMjyrjzPdhHhlZr3faCgD0TfYr3,1610555987.79rHnNRmt9a0ufmnwCvZqBouyUoZDNpylW,1610556960.041xWER61rmArlsKfiMl4frikWmUCnQ7op,1610556035.13a7NHZDutfTMJ88qle1gTYY59Dr4WmMsj,1610556890.456ZBDaY16bMtrTZTqAgHl3wq1tRxzqDow,1610555760.24e6890pkbyZ97Or6croI1rQgjkSsR0yVt,1610556043.02YpWMIJg3W004iqlPyv8OcVAZdSC5rNYw,1610555987.03z05P26TLtONYM1HSzupoc2CeNMa6HTqr,1610556032.15OYCzUxpsz7b10AXBAuDXrvEcvxFhf0M7,1610556032.63Z80yI9pNwS3jSmsDABbuhf8wkNa2Ze9y,1610555736.28eGuESasTXdR3SqY6pHhEXWZtcdciYLCO,1610556034.61bebeZA0MkaFG2sm3VKiqrxeqQginTTW0,1610556944.5XwXOphKYT3ZkWA8gViqOS97VHVuMVUqb,1610556944.745UVLFBzf7fPh4UH37I6tYQOFPqRDytEh,1610556034.63XsUwaFaPZevO1JNFjfhvY4aKNFnV4noV,1610556964.89xwBHw9faT1HjQRMNQEyA4qJ3hWkwgj3k,1610556966.74DydzH91jtyvRyYau47JpVkZoMRSNTt01,1610555740.77UueVziDbaXyRR4OcVJIIZyzOfAzN51bj,1610556046.84e3vwjyRCzqz0wJQhrk8zsxlFfFSv98Df,1610556137.99eoPuVrDThKAOvmeprLPb2FWRqIhzUodc,1610555740.73XFwSrmTXJPlaxGZSefh0jOVA8PI3III1,1610556123.88AOfNaz9jSnqU5Czc7okOv1RCrYfKFBTo,1610556046.85nB7NvyoYQeLcOV391Lmmut1wAM8CFGLw,1610556123.89H4pdIAzDthI7bMXMhlIhKUYIQIvtmPPQ,1610555740.87GOYQUJKpkynIS2lFqppYK4b32ol7NeGh
1610555604.25mOvVXuL01OCiReyVWBfesjuvXmB3MoPy,0.0,572.0218619202822,145.91850102738505,525.5848755173873,427.1730907987038,491.22772135598024,418.90120340425597,157.63903989175577,399.3284984860652,453.4678749279196,659.8481900504416,529.5411901338368,568.3397958335163,322.5924790257209,597.6441422987843,461.8270754070585,741.0790845518412,620.710958942272,465.1156345277535,448.5430328763429,597.7667649902369,677.4661534578598,438.20202014730216,146.1723072103307,527.8806715197909,534.8188295500345,393.88844225500503,555.2289952717623,548.8601242838137,427.97001099171706,466.57486411530016,491.0451876113403,523.202759346345,509.14697622854004,520.8538057377351,556.2832121708607,500.5170688719334,494.28569363546393,568.9798272053638,532.3672519476384,510.26859762407935,661.080105737241,549.5740264735431,490.5564554053402,616.2994622533249,643.9026181134096,505.26609730721697,455.35060901315785,449.75793940888946,572.5987424777934,430.73155370540553,449.5224962075263,567.2589410090981,672.078306059316,415.79037409164476,510.3666626142978,544.4124832905688,461.42356382147597,427.32605986724053,523.8294763326937,667.786438442857,718.8195133764707,489.6031996860154,688.393612494604,462.88502540509614,723.9266327386908,543.5056833483935,635.842132604613
1610555605.43B6oDsBtWRQ29Q9UMQuTUEPZy3FSSWXzc,572.0218619202822,0.0,558.4398248367403,563.5208099661644,591.6262627853256,607.5634120917258,580.1729615282019,566.5899823969536,607.4997238606377,557.6865690972234,644.5939537138204,624.7235787434851,579.2935823662069,577.1710271258215,679.5383210864995,597.1640254003645,698.4899150512673,315.70023619149407,590.6667932330765,571.6373347048499,685.3743219536806,676.6732638035643,566.8673465802023,559.4838136888974,614.973956877546,664.057601805644,578.1923610921866,622.1637053007927,601.1034192619662,538.9226937628188,613.0675376542027,593.5621493138902,566.2050233695369,564.9365266040369,628.8125801702047,677.1513916518521,619.8144429062609,550.4314225836293,576.8677908987378,685.6738236793224,586.7525590935584,694.5922837901109,669.7970122942465,594.0929761903255,469.74051952717434,334.2403379907554,642.6509802129809,630.4052784299803,545.1700094964822,684.437178940363,583.8087449286177,618.867390529669,677.8056612777013,688.9289707744658,564.9295409266537,616.6888797588947,626.3988644120889,570.7804915341085,582.1848822388231,602.0412494577204,679.5307667784373,705.74982645606,576.7215744697652,705.1278601707467,575.6540607978923,728.6135409041625,666.2168779653681,667.1894419068346
1610555610.92HPGJJSmyPM40z7otPBgHalNrHFA7zk5d,145.91850102738505,558.4398248367403,0.0,509.50095499727297,409.382926929316,484.1399118245951,399.3520330718415,187.2439113930615,394.46096670312727,438.38257890286616,648.0190056723168,540.6882379083589,555.6667712799289,312.95440987447296,594.1933020353432,445.9329585951723,728.4361730131302,624.6941497415343,452.8241019317832,427.1011703315926,594.8617256763986,682.5200279482406,422.0450974451309,189.51398354410802,513.5246898138366,528.8756372954401,374.57045659955855,544.0063842881266,534.9512365470497,409.5557420634519,450.29212645536535,475.47257002371,510.0950265752142,493.96620829015353,511.3984893271108,543.6369008099568,484.81631058816737,478.63489252095013,555.4869118953726,541.2148961029526,493.29094038042933,654.8877666319607,540.2348817917048,508.747698092859,601.92815130488,631.0333846493852,498.32176289815015,449.65176915626637,434.0190718656379,558.4017780498908,442.60291702362446,442.2521027277084,553.3929285060024,659.7193595295013,398.0412519927338,493.53510994381816,535.0785963663637,446.2884489094662,431.2125752781833,515.6081166030895,662.785732916324,706.1919732387641,475.8525265344545,681.1245180411112,447.05837477164414,721.0490960500712,527.4476051855434,631.1216038697008
1610555606.68LaSQbm9EHAFycEfFtEqAwYqlBsQPjIRW,525.5848755173873,563.5208099661644,509.50095499727297,0.0,558.4721420730868,599.5890388063069,554.4928170984034,513.2767324092578,553.3809416964996,566.4216184350214,621.1601526733552,561.6121619426062,640.0759931858129,538.990196240842,669.2366245315484,556.5912148269997,724.2775666641327,603.7895174308533,561.450715871638,540.6945327505277,632.7927297354346,675.9236228636639,567.8197531912101,510.65828968798996,633.5795715334093,643.4384967898461,510.70023691112266,581.5113307198015,592.9178183053812,545.1259913634377,558.0725931903428,597.3624865357106,597.5859233576522,581.5682542875165,573.315214596217,609.882446790142,581.5901887597867,558.8477129047686,593.3801093587031,644.4891678904526,541.416208340533,635.5396083210854,636.4263492357123,545.4765362310001,612.9780614502921,642.2622940337843,622.1058356083201,581.1503879102748,547.3193674350044,633.7493744297983,519.5896928317209,581.3159342423445,646.0453840927394,688.7860535577696,523.7947900405862,625.7744318940744,643.2661133868226,518.3782280624085,543.0548821118927,624.9029842547419,669.1151005498831,722.8527003715172,552.9798602228747,731.1787632046181,534.627649895672,756.3073510553745,601.5215014537561,653.2354519150509
1610555617.19EKxMEwDHfXiEJZc27TsGoERaD6Da4BZU,427.1730907987038,591.6262627853256,409.382926929316,558.4721420730868,0.0,550.0411973679796,373.339610600462,416.58774360213357,460.1280789403331,488.69587696101394,652.1454326380506,595.7037951505171,598.2730965343568,440.8308353561938,626.519793242542,495.0029756643292,730.5893862382787,648.4083419137172,497.6873980909661,499.09280640261557,637.0937491960641,689.0472607836242,446.35853442325686,415.3701479008074,545.5940357052381,585.9329671062108,431.46265418220077,595.5424369442052,593.1745018463158,419.09314815266396,500.7239108374683,477.4700374361179,554.6453641634786,541.728617572959,557.0372851289477,598.9889028754137,543.4733134356709,528.123094138995,587.2687672083184,597.9431315922592,543.7382226606691,700.3996372508624,572.8364554045703,587.8606306109485,635.2957432183822,659.1836642722,552.6650602038395,515.737114390454,471.99250088038616,589.3164589346436,516.1730631820241,481.77570528721833,599.0541686481396,689.4377739391765,453.9745892841738,525.10284976098,545.639320126353,515.668459135503,502.31939477088633,534.1024119955081,663.4705555009107,722.2805548750301,533.1564102981181,691.0534186554703,497.2303140854404,742.9996908709799,572.4345185026771,617.4801943025219
1610555722.52PJ3FD50MGhRXyUD28vluU8Z9UjLJLZn4,491.22772135598024,607.5634120917258,484.1399118245951,599.5890388063069,550.0411973679796,0.0,530.0245777374645,483.71289523389345,515.4175474033985,559.2120528534571,663.3377438619965,611.5524358818317,635.1644263835151,496.51365551812654,662.8457534572552,557.4277723667775,733.5272077826436,643.7515357828909,333.9287848236278,551.8680610663931,656.7919480915548,667.1562492923778,521.1956178999458,476.4204537255576,572.6924043773029,370.21203984360835,500.5362987347629,632.4611913612529,624.7340344701782,479.0374596253254,559.4392211873169,516.4505195515196,617.8926841963192,605.5585401306025,589.9821237935274,620.6655325060127,587.8076404519078,589.1506937728464,623.2856583945445,629.8323052680921,609.3547114366894,690.3887920663038,630.6175357546018,599.6596008313585,654.684773703485,641.4485917492138,531.3173627106274,519.3034160857867,555.8923056802341,627.9148361083221,548.6021367861111,513.9926171175532,622.5569407365225,701.5137748432074,523.2804927896211,499.5230933052553,619.4111030374585,547.497508987901,536.3556540344166,508.87673097965023,695.3559006806881,744.8389407444112,578.6492853464827,675.1901744321837,564.8572405032564,732.2074597915614,596.4665393050466,669.6604561219362
1610555617.52Ijr5puT55g9apK8auM7zaxa3NANg502t,418.90120340425597,580.1729615282019,399.3520330718415,554.4928170984034,373.339610600462,530.0245777374645,0.0,410.7584284329545,445.4122095756024,501.9219547331295,636.7096860762103,606.681094310993,594.1588664335427,423.5645634269313,627.8546690446482,506.95307654255873,730.9218246858825,642.5928969685056,479.8176638873256,513.0697813995567,666.8451362065226,685.6968331671383,466.0530400665484,406.50925915310665,564.7209645933941,566.7527561301142,448.0285811072447,586.1322316099572,585.2637969828335,381.87388569828653,511.74283275747365,453.8851862582951,566.5912745796755,549.9109206111864,563.13829808511,591.8659531385474,560.8039996588426,539.5032809583638,581.6306985424458,588.2395447700853,553.869363921337,690.8283821602372,591.8913563698904,575.9788579548425,620.4032199532021,652.6227242805029,573.1113127073239,529.4163539729477,486.64504092148366,604.4680230757855,525.383404231758,504.3184607515709,589.4904103717902,669.935273570481,474.39994696492994,523.8969464028871,570.755930105097,528.4342161413165,513.6676588678534,516.7905085992126,661.0634428243764,715.7993031409483,541.9649645824509,669.5851109673347,506.9818755552177,729.1816020533869,578.7949953806666,641.051666120573
1610555638.77ZLjTLkz4jYJdFMI2wWBztzsDILkoOtAk,157.63903989175577,566.5899823969536,187.2439113930615,513.2767324092578,416.58774360213357,483.71289523389345,410.7584284329545,0.0,382.2153931563769,450.74375389409096,657.361179307199,528.9380381856461,565.2685362979405,288.5527226843897,590.2286248445047,456.48394395840984,733.2947679801108,617.1320777533897,450.5963498785167,438.6924019090405,593.343154823116,675.111629623692,434.3078984923665,182.34970318991174,523.4034497925373,526.3870376169323,387.64741919406754,552.3274084827603,540.8702533890387,420.3343382342204,456.08673461666086,485.6241340721247,520.9003950708375,503.1266682251595,515.0415650080363,548.3531333671078,494.71869898119667,485.34381013839516,562.2253089033727,526.8287538222392,505.038926687624,651.0615059757924,545.6835136615153,491.15291407044697,611.1561222905581,638.5878386215203,501.69974358650325,446.7986616887892,445.8456654869126,571.325222265241,429.5801705528221,441.5542740356242,554.9080338061187,663.1813867337819,410.25447932114224,505.1457547834524,537.3710581182474,457.86340410891586,420.97838624364874,514.8005741760619,658.7349294419638,714.4333499595525,484.0125961934235,681.443486476486,455.978145407092,715.0309966703262,539.123107021531,627.7729588617921
1610556912.46C7tJPLF0XfNnm8f1820X9aLmXMHoc0Dw,399.3284984860652,607.4997238606377,394.46096670312727,553.3809416964996,460.1280789403331,515.4175474033985,445.4122095756024,382.2153931563769,0.0,502.07306034718596,680.2512425062223,562.716022611415,606.8499108207459,423.5891401807979,612.4335330045789,509.5194300617512,763.7865053520994,640.9741262155994,426.2150585203918,491.721325669975,602.4602595905374,687.2877315522496,484.63236251515264,376.49953053023853,562.3570904861134,561.1865290010558,444.0792966187818,584.5248924737444,591.3419300217842,462.6812422401377,509.87008891450137,509.1351144961494,565.9488818881086,550.5927464311375,555.3054213989556,584.2026037287527,538.1256921332351,539.7125595030186,603.2316475872639,588.6826705444097,561.460329563271,669.0590641155384,566.3617022820142,565.4833284474904,646.626908982782,672.5750754242297,528.7295189895168,476.284959729699,498.82182115742177,597.4371889351048,482.49630982784953,494.9357092651767,603.4557057653976,699.0464223152196,472.66220335629646,553.3767196523044,574.3968931318734,506.97020403654165,470.99687561151916,539.6746373799991,676.207899303492,743.4163523990328,534.8567719757198,688.8204362761687,508.9911234808244,737.1593480435063,580.4360617312032,635.8290231726471
1610555617.51LjzIROg0aeCP2GhDcAVQ0LipKJB9jmKc,453.4678749279196,557.6865690972234,438.38257890286616,566.4216184350214,488.69587696101394,559.2120528534571,501.9219547331295,450.74375389409096,502.07306034718596,0.0,694.7871184943401,602.8940895685506,359.8692411536338,475.31536140288824,636.1644347288759,514.4623806349571,776.0486558714792,633.0167424654204,541.345774886929,518.5981507840937,656.1612298012277,715.1275880047648,473.366672766078,439.3219329922096,559.7039929726305,615.6956135146106,467.8575157020994,614.6758701530613,557.8777255670504,478.5260285110163,496.76211286474603,536.7621670934178,263.0337414766007,544.4435203343872,573.5911922746859,622.4439206572713,542.0620209218266,531.6483982930109,579.6542358028241,602.7371197552634,561.9314114670136,722.1083773648352,592.2023234755659,591.795511104461,632.0869948253634,642.7144240565749,561.2040114623218,530.5313664226092,304.10474354121465,617.9075865894931,522.0228821642374,522.3003965712795,582.6025089021979,695.1013034781998,485.3742240554603,549.3253006751881,591.2125629272537,505.9241581407094,525.6595209454491,566.7758373106382,700.1354118191335,742.5102910929954,496.97039944447187,736.3614888641839,450.9841310805756,765.3947116583769,601.5753715122529,666.1221776435774
1610555608.17OpjjHobqRkX0UPcaXrbu7K6L3805SZri,659.8481900504416,644.5939537138204,648.0190056723168,621.1601526733552,652.1454326380506,663.3377438619965,636.7096860762103,657.361179307199,680.2512425062223,694.7871184943401,0.0,664.415006708977,758.6798106365951,672.1864572051376,723.7755127390816,632.9252460592227,660.0558382170494,673.6666020342001,664.5874043501884,661.4192121364388,700.0533576339652,707.7701375616274,662.9114415793058,650.8336360700288,682.7783208660081,699.8463439019092,642.1528576921036,680.0409742462792,684.8123290192044,644.7042298048078,680.9099910139967,667.6659955039089,724.8805696228206,671.8741900746526,667.5595957125767,688.6225556877395,683.340323641146,679.9666729922934,702.3309449996124,733.4696934119748,657.4652989522441,646.649531885908,711.8227821722483,680.045225130954,672.0333864405316,639.9681256556153,703.9935394120945,671.8079229723326,670.9290295911361,687.1838414317365,660.9932792238407,682.922049430191,693.0956757823157,738.2703398610342,641.8705631157919,674.2682012869464,695.8494177624945,649.5582690655376,675.2072871454309,680.6845988920612,754.1936343041596,736.8706831357648,660.8930788488967,744.9950679989485,654.5991951541497,758.2013498974599,678.3149158898054,745.1766371277587
1610555721.82zWeNZfGUUfRJkgnAwlP8VMhPzXctnSd4,529.5411901338368,624.7235787434851,540.6882379083589,561.6121619426062,595.7037951505171,611.5524358818317,606.681094310993,528.9380381856461,562.716022611415,602.8940895685506,664.415006708977,0.0,666.3613249084661,528.5922635560322,678.5951245430323,553.6425296809431,739.7230805959197,540.4365025859945,589.6428396147028,513.9848207512774,492.40254693068414,537.5105117602293,599.4541195380541,518.583149191517,643.9186806001702,647.7560849765724,564.8816827523544,601.6315877872197,590.9284795816978,602.6508851305238,609.460187834577,635.7707204137471,622.8448453715756,589.9309267470527,566.0289929995965,581.1049066689833,604.4176178573337,580.4275100147371,635.3395406219486,655.0035371653562,617.7050900732512,635.4013503798628,654.7788555799339,551.8671016473011,654.8920046617775,670.0848283588163,622.3825004857941,557.9766460833562,568.1410855058051,628.6031394399433,337.33603696640364,566.5720971139491,671.0932732428024,691.9349124900216,557.4281000278207,641.2995832897403,634.3834425780402,523.047805628998,498.4167689618811,648.9381228631677,693.6348037500296,754.5803344189169,535.7362059379996,735.9271946422045,534.5880538953022,741.6603265153482,606.9061700542263,677.4759903310672
1610555735.75bom85BDF0C7W2eIseHeMxi24qR68nzMi,568.3397958335163,579.2935823662069,555.6667712799289,640.0759931858129,598.2730965343568,635.1644263835151,594.1588664335427,565.2685362979405,606.8499108207459,359.8692411536338,758.6798106365951,666.3613249084661,0.0,580.0932608131156,682.602651834378,591.1868007197635,830.6766740145843,654.577523282728,619.436603289265,576.4483683602109,717.1024064989183,753.3319987607543,585.8087391861025,556.5223836916302,657.3841967126766,688.1614404867912,579.8237918596218,677.0516927556864,613.649511000214,569.242998890637,575.8672851878014,620.5101783959389,250.25566827979137,563.9448727843871,642.823848801474,693.6701721246825,616.670458458757,556.0712437151126,667.2519785997624,673.6960510013437,625.1303049580583,773.9929265743046,661.8135989675214,649.4235830657177,665.5970307667324,663.4359806908693,649.2880419024001,632.4982924626288,469.22043372864607,698.8342537724527,606.2448991845174,623.7165705288604,644.4757922671306,728.524121517037,567.8380463627872,647.793675101766,680.103327329897,587.7605201372385,608.3334693459755,645.9353350709517,736.8365782784982,770.2491105749531,545.9335107805676,792.1788105181683,560.8837926643325,796.2914385054903,682.15116665168,708.7458303579962
1610555735.77NnT5xqKnwcf2BbjIekeb2arTQj6QMNwk,322.5924790257209,577.1710271258215,312.95440987447296,538.990196240842,440.8308353561938,496.51365551812654,423.5645634269313,288.5527226843897,423.5891401807979,475.31536140288824,672.1864572051376,528.5922635560322,580.0932608131156,0.0,588.353357499608,492.08657036655046,746.9485274709992,617.7872615610015,454.2128868372338,461.5167153066934,611.7006591677174,662.9167356143439,455.1949304698154,313.5289252645158,532.9410752808026,544.1713074107388,431.8550675476485,577.4398421094261,565.2343150547309,428.86223424499684,493.98943115573695,494.073457369813,542.6727185845765,535.0310166853312,545.780926263485,574.4890818402569,516.9691490998465,515.8003610188476,580.9855472713751,560.6250183786233,534.2480860562332,671.4233547539495,571.1537106742918,541.8936195812802,611.3024049924039,638.3659386990273,531.7813876030087,474.05847367925384,468.7805228013328,596.5336789258874,451.60369984684075,461.74253206437004,586.1411955894678,680.0380141543509,446.021058321339,522.2564753485128,543.1496210025947,490.77978093293285,442.55520767204223,523.4907345652655,662.4767201959553,725.152270572474,521.2041010055157,682.2287851662405,488.2935027773926,714.6549936397739,569.3337058524838,640.1680259703597
1610555638.33wjf1PhdNaoWfbRzXVn50hmFyB5bYAiLV,597.6441422987843,679.5383210864995,594.1933020353432,669.2366245315484,626.519793242542,662.8457534572552,627.8546690446482,590.2286248445047,612.4335330045789,636.1644347288759,723.7755127390816,678.5951245430323,682.602651834378,588.353357499608,0.0,608.1530069135202,778.3428674775399,716.7087542622155,633.9996117472706,635.2240487119985,695.5760945923059,741.7310057635294,637.8712413039524,586.5942167985847,673.0519961671984,676.9600010272945,609.8323648354312,704.9265813778518,671.2311176111583,628.6007610030847,613.4228248612303,648.5444767568175,665.0980430733786,679.1737624023059,602.5512637447965,666.133489840194,618.2280608327005,663.1823936662229,695.503684138277,684.6354103099304,587.4694739804694,728.4360146654742,612.5666988143339,669.0026746010382,665.9742030705045,712.6253429511961,656.1820866441797,615.8549883490723,650.4974504991948,694.7869236716512,631.0571840434538,605.276131465466,733.975729354612,704.4395813441595,607.6296580573651,672.6997776651432,631.9063278130614,633.8884697411486,637.1904926804328,669.8584812260189,755.4565838696524,772.1396177909764,659.2785840918434,763.5848850619399,652.4648262640751,765.765401736132,688.0228792187283,740.9522837014193
1610555606.65jCE4ig8Pu8kvAzkxnSGfWsV0nQBjCf8H,461.8270754070585,597.1640254003645,445.9329585951723,556.5912148269997,495.0029756643292,557.4277723667775,506.95307654255873,456.48394395840984,509.5194300617512,514.4623806349571,632.9252460592227,553.6425296809431,591.1868007197635,492.08657036655046,608.1530069135202,0.0,724.6754335883127,652.5925691207694,547.1468211649631,443.8842839536134,590.770205421749,698.3951608860925,510.5951090962221,450.4205515092644,580.616034575757,614.725698213926,463.64284062504845,565.7512020278702,537.3595815325383,520.4993279397331,490.2755130280366,562.4065123663453,542.431817801631,442.182527429995,439.8586090926287,544.4001736593256,510.1795430999508,450.08679260480636,601.4143319357132,620.9220953160456,495.62110744023033,668.1354446866832,589.0317530168853,569.0837024956444,648.2150658621212,659.4812510348893,550.5386673106574,515.4427003539012,501.6327079031516,583.6464697203579,494.1890564325625,531.9122284064795,588.4628556893465,675.9099348043816,437.09756580269527,570.9495510043798,606.7017139173454,462.94474009206033,502.64526154585315,593.5445388840658,661.4341457888788,705.9637822489706,474.2466717845551,707.7255167578217,496.4479196292549,708.8919799182432,561.9673182215365,610.0427943729333
1610555608.18ONsBCVo1i7BrX0XG9stct4oiA6ejX9Oz,741.0790845518412,698.4899150512673,728.4361730131302,724.2775666641327,730.5893862382787,733.5272077826436,730.9218246858825,733.2947679801108,763.7865053520994,776.0486558714792,660.0558382170494,739.7230805959197,830.6766740145843,746.9485274709992,778.3428674775399,724.6754335883127,0.0,718.024815051626,733.8040550588315,742.7350236695869,747.7600439237879,748.1305371122039,722.6590372508507,735.2586220971082,731.7851281167327,741.1397872279292,732.02059503787,753.7170908504437,731.7818196754258,712.4540713664288,745.0132966309014,724.1253205396227,804.2962591882094,758.5267334592273,732.3756997202498,711.3783057052335,752.4913459552364,736.0841461791572,729.9336538748346,798.968303130922,738.4858908822889,736.1271073641939,780.8588761518749,744.3347429865224,716.7980745923894,693.9764258826489,777.8425926931521,753.7289011773679,753.7754667967681,735.3650555689946,743.3938726272987,761.9477270399703,785.4043760240904,750.9903174979745,734.1612960586193,728.7390200855982,726.0517279790892,730.2811902249883,751.130470171366,734.5704871578503,805.9967432280316,750.1260585509101,730.1456049009277,751.2401868448677,738.517058414635,767.2113557014293,731.3685069089505,801.6334709054861
1610555721.51RNoQUMP19FTMS79BmA3JkgSm2IC2AQuQ,620.710958942272,315.70023619149407,624.6941497415343,603.7895174308533,648.4083419137172,643.7515357828909,642.5928969685056,617.1320777533897,640.9741262155994,633.0167424654204,673.6666020342001,540.4365025859945,654.577523282728,617.7872615610015,716.7087542622155,652.5925691207694,718.024815051626,0.0,623.5282347268217,622.2587568312138,653.3503487446162,634.1617166945775,632.0599634116753,606.2938839863098,667.4567957789933,698.6543956942191,633.2862765231708,669.6080943869515,653.1900605948889,607.7802947001447,671.5877255833873,649.0992283124111,642.4584087217131,638.4967888151302,678.8168616261263,701.3885542768626,679.5924893470475,627.6332625809932,625.8191626442793,718.3829687621211,646.1060498184986,710.2829668840949,705.998315675867,629.6871692013715,538.0489888724945,429.99583977091163,678.082753936382,654.244134556985,621.3395897331827,708.6982394948775,564.4851499348282,652.4106400132565,725.3443191186919,727.8492430700978,637.8668517617685,668.4389874886633,661.0061397785453,633.8790095105071,606.3682041353999,647.3805074548118,694.8231668080191,733.7776511413259,631.9105429910339,719.0486431925382,628.9350268728567,740.9628590354539,693.8524806249413,685.6694673383751
1610555971.86O0cHB2ibBJ8jxoObg01EpGe8VVV5mpwn,465.1156345277535,590.6667932330765,452.8241019317832,561.450715871638,497.6873980909661,333.9287848236278,479.8176638873256,450.5963498785167,426.2150585203918,541.345774886929,664.5874043501884,589.6428396147028,619.436603289265,454.2128868372338,633.9996117472706,547.1468211649631,733.8040550588315,623.5282347268217,0.0,533.6141683699076,634.0175553504974,641.3085903730916,507.2679312458346,446.1402260449082,576.6772260715782,452.84840647198166,471.98386889841026,613.6997042568339,615.3520464903747,443.0903729687138,548.5226494734883,485.60055547121914,601.8009636754269,585.9612340237846,576.757876213442,608.1422252432068,576.1326024970925,574.9819617074692,609.8975966462707,614.903207686832,588.6326084119175,690.0450174198141,608.3352661890094,582.2344327453759,643.926586727274,648.6385718235439,554.0970505940924,496.27476192809297,537.3853756002947,610.046153960566,521.1105454950302,492.8213732686371,621.5486351810218,692.2514517047106,511.6618851683065,555.5093090735277,593.2824741404943,537.6483131779032,505.5479109354244,502.87333533154305,677.1545534198499,743.1787160754398,571.6376127965217,666.8487594126492,548.1068597333726,735.6343219213076,576.6479583260608,647.6337634937438
1610556911.51zU3duZSGpcw1BDNsBLxdOCITAXwl6z3i,448.5430328763429,571.6373347048499,427.1011703315926,540.6945327505277,499.09280640261557,551.8680610663931,513.0697813995567,438.6924019090405,491.721325669975,518.5981507840937,661.4192121364388,513.9848207512774,576.4483683602109,461.5167153066934,635.2240487119985,443.8842839536134,742.7350236695869,622.2587568312138,533.6141683699076,0.0,568.229553183298,671.4250982529671,502.8719546699113,436.0899432898016,580.8135963075008,609.0657543683308,452.3169008403051,543.522670546707,538.9178462606997,508.76602072135677,507.4676181471823,551.9881970771307,527.1517449079442,481.27704971820134,505.72916646209654,531.1821437643265,513.792049030033,473.6693776850206,604.8463997911974,619.075648456078,525.9795956293688,643.9781225341403,598.2041947677766,541.8427257498207,580.5221744838273,643.0831645939359,546.7962221926462,495.7283267570652,500.67587123151844,602.731083480386,464.69378310377766,520.2225436135335,603.2246145188435,677.3889045984724,450.2119590931826,567.9064445771274,582.9026670393066,452.2459115739451,462.0903795158497,586.5363294274342,680.5076700221181,716.8736680914143,469.4745397623047,725.3393630598024,473.5997347000879,722.3365560705078,577.0882801681688,644.3252802838159
1610555988.71dMoYT8250UHHJGxgmITTmbHe7V6gH1yU,597.7667649902369,685.3743219536806,594.8617256763986,632.7927297354346,637.0937491960641,656.7919480915548,666.8451362065226,593.343154823116,602.4602595905374,656.1612298012277,700.0533576339652,492.40254693068414,717.1024064989183,611.7006591677174,695.5760945923059,590.770205421749,747.7600439237879,653.3503487446162,634.0175553504974,568.229553183298,0.0,638.3701597329655,647.7488622729315,591.3876800719077,674.0317765647932,671.1556239005126,613.2490957517265,640.9996702916003,652.4568742458532,659.3297269765941,645.0199351700822,674.6478789799437,675.8811500891096,648.8999473601019,574.4987513757341,624.834378741794,642.7974502284814,636.9242222470833,690.7229118084945,699.6989067480182,647.706341521156,666.3557198926705,681.5577617133057,620.7117070972257,683.9335292257347,705.3178674578608,647.5480413580293,611.2987198736288,628.496199403107,672.515334078666,530.6122218134716,628.5153791036919,703.3281462512011,734.5895095891525,609.4352505936095,673.2724901164346,663.4066320215583,554.777568709496,575.625069936549,672.6528726429716,729.0307598628596,779.0828103605621,595.5497527702007,744.6962054954744,595.2176756119993,761.6511664471484,661.8883007788096,712.2803351065795
1610556042.81mlUZsSp7gbGjrp8jQSnybT1gPy6e62o1,677.4661534578598,676.6732638035643,682.5200279482406,675.9236228636639,689.0472607836242,667.1562492923778,685.6968331671383,675.111629623692,687.2877315522496,715.1275880047648,707.7701375616274,537.5105117602293,753.3319987607543,662.9167356143439,741.7310057635294,698.3951608860925,748.1305371122039,634.1617166945775,641.3085903730916,671.4250982529671,638.3701597329655,0.0,635.3497874431447,669.8483064842745,695.1051700186375,687.4539689429158,683.9613270963445,694.3893392899568,714.0688111306386,627.3680782917284,734.5741334560854,625.32159804643,734.4545380088974,719.010986214374,695.9862393810262,704.0720362736811,725.3536883415824,708.8767022392703,711.3317976429071,743.3980833757345,734.0130262623766,707.1729623522016,745.0073980315805,689.4022919526516,683.6012485362518,695.5448896982276,715.4262837131257,673.3347002189533,666.153380620635,705.21638551275,598.7985530138667,679.6832537833841,768.6841971800156,763.3290057297676,707.8014566977732,697.0260178396242,687.1245026102988,661.9137849565952,640.4376598147988,622.197385500008,719.6014429706888,802.7810512693544,669.7969225114709,730.3645011319918,674.3457448253929,745.3205411353647,693.5996540715068,706.6028800325513
1610555637.02UBW5nKvDyUrKnaWcYRGajZPxTRDS0q3N,438.20202014730216,566.8673465802023,422.0450974451309,567.8197531912101,446.35853442325686,521.1956178999458,466.0530400665484,434.3078984923665,484.63236251515264,473.366672766078,662.9114415793058,599.4541195380541,585.8087391861025,455.1949304698154,637.8712413039524,510.5951090962221,722.6590372508507,632.0599634116753,507.2679312458346,502.8719546699113,647.7488622729315,635.3497874431447,0.0,423.3385261592443,497.17815800733484,572.0350111948221,417.5838156931357,611.8253796313298,584.6104096477268,395.24343509034077,502.0661110381263,449.0109907836829,540.8239257716773,549.9945103266397,561.1936467848075,594.4384976811176,533.191770684255,516.5308702151324,558.683018840699,613.2237155681833,557.3214519982665,693.9135266429441,594.489639617605,589.5324077068874,611.3467335959623,625.3845316415138,514.2413768630938,510.3937571962308,428.15758034497327,567.2685007727405,522.5989221455864,486.68680779934164,601.1001664110627,680.1840359796154,466.2615960402393,451.4298529289706,558.3569044029415,503.5013289911248,510.9971469467948,475.68809128775837,657.997255765039,716.5232095120807,508.56209541299336,676.1415154487393,487.32959910039347,717.4526476562647,565.3822454494859,653.110581938773
1610555619.13oUYNikU4facCTpUSiSLr0vPI0tJLnXiT,146.1723072103307,559.4838136888974,189.51398354410802,510.65828968798996,415.3701479008074,476.4204537255576,406.50925915310665,182.34970318991174,376.49953053023853,439.3219329922096,650.8336360700288,518.583149191517,556.5223836916302,313.5289252645158,586.5942167985847,450.4205515092644,735.2586220971082,606.2938839863098,446.1402260449082,436.0899432898016,591.3876800719077,669.8483064842745,423.3385261592443,0.0,518.883174301919,526.6813580512919,375.79170964606453,549.4444667852633,538.1237882013414,411.1297655420788,450.8801120800689,476.87720288604066,510.9688256836106,496.5203428410302,508.5370660284268,542.811903156709,486.12920624012145,479.3229414922254,556.5382619822917,535.2143898277373,505.58175020827895,660.2016356012915,535.8263901910021,502.0449223046018,607.3118824435813,635.4196025482673,490.1034668715674,438.61679858423463,435.0866596256613,565.991495687654,414.54745748208103,440.0122664757695,553.8257692565155,657.7464626468856,402.79986706127295,500.1344172259194,539.2051762659611,447.35601277102774,413.09727248858457,510.4820188398271,659.5560047911447,711.6250330303974,476.19164104639464,677.46469206548,447.6751099467951,716.8728551141389,533.4216627186946,626.0529845880965
1610555721.03nzkucfjAUh31zTbmCVvTVYqtjoxZFnBh,527.8806715197909,614.973956877546,513.5246898138366,633.5795715334093,545.5940357052381,572.6924043773029,564.7209645933941,523.4034497925373,562.3570904861134,559.7039929726305,682.7783208660081,643.9186806001702,657.3841967126766,532.9410752808026,673.0519961671984,580.616034575757,731.7851281167327,667.4567957789933,576.6772260715782,580.8135963075008,674.0317765647932,695.1051700186375,497.17815800733484,518.883174301919,0.0,615.6367894640928,538.0846270209958,646.9909276073722,650.4658827073445,528.8841540774938,583.5817902620174,558.1016885026627,618.6040434783728,613.5022916837142,615.0884601495766,655.3811650659775,600.0472419191523,587.4121711083876,585.5097703981811,645.2391067847295,631.5095201287802,709.3331242933917,632.3960413107859,641.9774779255612,646.7325724380921,629.6598126797585,588.6615899274196,563.2429453319231,521.3241400150131,638.577666449573,578.4242017952542,555.1550296295899,650.2447869035299,717.2320025368787,546.5880216505907,512.1144207421515,555.6598117693503,573.1867427291234,570.6211871709586,522.2076643327249,701.9893381478004,734.8483164878071,585.6020600574528,667.3355501084387,571.7198127346385,731.6721250422987,618.3244184748911,689.151819147388
1610555722.67fhKURdXVzRbLIjXmjRwdJHTnE7PWb1AE,534.8188295500345,664.057601805644,528.8756372954401,643.4384967898461,585.9329671062108,370.21203984360835,566.7527561301142,526.3870376169323,561.1865290010558,615.6956135146106,699.8463439019092,647.7560849765724,688.1614404867912,544.1713074107388,676.9600010272945,614.725698213926,741.1397872279292,698.6543956942191,452.84840647198166,609.0657543683308,671.1556239005126,687.4539689429158,572.0350111948221,526.6813580512919,615.6367894640928,0.0,565.5921906287871,659.6380013926247,657.6342197376815,535.0407801540608,616.7289994963335,570.9840368286955,670.0334732622019,658.5363005732805,640.0488004750664,642.2091438511112,640.4847132163088,643.8572873511602,646.602405871059,650.9666529764171,659.0648054796973,698.2997405886823,656.4877634915465,618.9445998778507,694.0479420101329,682.7657634730883,580.0030683803337,569.0769818087825,612.442006876779,667.4051997696132,582.9852898384513,558.2256633103158,651.2466477565698,723.8553525110243,583.731033934627,550.1318273242559,638.9270002502552,603.4013191516292,576.0195596326864,551.9170421133584,725.5592991967204,763.1869439326696,634.1802852489238,689.0003429412033,621.4954501327027,744.6695460211058,631.0939409310834,686.0636317403706
1610555638.39J2ZWBLuLTHP0jOlzB4tNHmYeijH5g5YJ,393.88844225500503,578.1923610921866,374.57045659955855,510.70023691112266,431.46265418220077,500.5362987347629,448.0285811072447,387.64741919406754,444.0792966187818,467.8575157020994,642.1528576921036,564.8816827523544,579.8237918596218,431.8550675476485,609.8323648354312,463.64284062504845,732.02059503787,633.2862765231708,471.98386889841026,452.3169008403051,613.2490957517265,683.9613270963445,417.5838156931357,375.79170964606453,538.0846270209958,565.5921906287871,0.0,576.245443803388,565.6042632527196,437.16725675171404,445.7159207762864,456.91581307688017,535.8119643717113,521.9565514334795,525.7614547628806,557.8323912577132,500.52219934070575,501.87146534173786,577.6009905644373,579.9899314361675,503.64822673975686,672.7179595942207,539.8937452674635,558.3119019354428,619.6938179074206,649.9964910183915,478.63823270870637,469.8531948468902,465.3430477467002,452.80742578883456,473.89547969848985,446.25937167881534,578.9398181352633,679.7892053268162,432.14373665037283,521.2509294210463,566.2500815102974,462.3421236132721,465.54969693541784,521.304116227022,666.2807849197509,698.9452292191534,500.670243906631,692.8936649053477,472.59558766539385,735.5392702918809,458.11591829629856,637.4320628169289
1610556032.17Q6yCDx9g7alRnL9jBFXD2JhhUyB2hKfJ,555.2289952717623,622.1637053007927,544.0063842881266,581.5113307198015,595.5424369442052,632.4611913612529,586.1322316099572,552.3274084827603,584.5248924737444,614.6758701530613,680.0409742462792,601.6315877872197,677.0516927556864,577.4398421094261,704.9265813778518,565.7512020278702,753.7170908504437,669.6080943869515,613.6997042568339,543.522670546707,640.9996702916003,694.3893392899568,611.8253796313298,549.4444667852633,646.9909276073722,659.6380013926247,576.245443803388,0.0,616.3083211823747,608.9361632176682,621.8808199092034,640.094954124322,634.0463752148029,565.5924223306616,613.3473123057994,608.9078613716379,620.3038612084512,568.7245537764838,641.6363628101581,652.7646382070196,639.8377271115836,642.5418186660291,642.793362377171,564.7253697876943,669.4983653370937,663.0160839710064,630.6057799664133,608.5281324506383,598.8869339933514,661.1159272402433,560.8777604223502,598.3164322826583,661.9526963289591,718.9695001878957,581.5202764513696,652.1137435836205,643.1121411708825,522.5340129049514,535.3977759965532,655.4164717813707,676.6027103756892,761.9512356585486,565.8833223584145,720.8595559000271,573.5755426752816,750.6563029802588,646.0123443517225,667.228499689152
1610557007.49MyVgDnuUuBxrvL6SGOdhKf69VYlW1MSm,548.8601242838137,601.1034192619662,534.9512365470497,592.9178183053812,593.1745018463158,624.7340344701782,585.2637969828335,540.8702533890387,591.3419300217842,557.8777255670504,684.8123290192044,590.9284795816978,613.649511000214,565.2343150547309,671.2311176111583,537.3595815325383,731.7818196754258,653.1900605948889,615.3520464903747,538.9178462606997,652.4568742458532,714.0688111306386,584.6104096477268,538.1237882013414,650.4658827073445,657.6342197376815,565.6042632527196,616.3083211823747,0.0,575.6036752796728,588.4724539211852,622.9944103456158,570.5227975839624,550.780538339375,579.471154895984,573.1985779043838,585.4756744038986,507.5197512387026,648.4608009511247,683.442040051289,547.6137750427434,702.2789877572241,647.1824746729743,599.7400489517631,652.7329298707389,657.0981591396364,622.8123511654119,605.0440248753441,573.5097367573518,669.4906112073496,545.3733448983257,599.6380893245906,666.411581350876,673.7207317915868,531.0797420192988,627.5020523997629,661.8610083646447,539.750148055617,564.2760288881451,641.0851978847085,705.3225854602614,716.0956425285385,460.09745361567775,756.9050898689421,501.86482693118006,674.8378961632285,653.0308186536306,699.7283807599619
