,1610555604.25mOvVXuL01OCiReyVWBfesjuvXmB3MoPy,1610555605.43B6oDsBtWRQ29Q9UMQuTUEPZy3FSSWXzc,1610555610.92HPGJJSmyPM40z7otPBgHalNrHFA7zk5d,1610555606.68LaSQbm9EHAFycEfFtEqAwYqlBsQPjIRW,1610555617.19EKxMEwDHfXiEJZc27TsGoERaD6Da4BZU,1610555722.52PJ3FD50MGhRXyUD28vluU8Z9UjLJLZn4,1610555617.52Ijr5puT55g9apK8auM7zaxa3NANg502t,1610555638.77ZLjTLkz4jYJdFMI2wWBztzsDILkoOtAk,1610556912.46C7tJPLF0XfNnm8f1820X9aLmXMHoc0Dw,1610555617.51LjzIROg0aeCP2GhDcAVQ0LipKJB9jmKc,1610555608.17OpjjHobqRkX0UPcaXrbu7K6L3805SZri,1610555721.82zWeNZfGUUfRJkgnAwlP8VMhPzXctnSd4,1610555735.75bom85BDF0C7W2eIseHeMxi24qR68nzMi,1610555735.77NnT5xqKnwcf2BbjIekeb2arTQj6QMNwk,1610555638.33wjf1PhdNaoWfbRzXVn50hmFyB5bYAiLV,1610555606.65jCE4ig8Pu8kvAzkxnSGfWsV0nQBjCf8H,1610555608.18ONsBCVo1i7BrX0XG9stct4oiA6ejX9Oz,1610555721.51RNoQUMP19FTMS79BmA3JkgSm2IC2AQuQ,1610555971.86O0cHB2ibBJ8jxoObg01EpGe8VVV5mpwn,1610556911.51zU3duZSGpcw1BDNsBLxdOCITAXwl6z3i,1610555988.71dMoYT8250UHHJGxgmITTmbHe7V6gH1yU,1610556042.81mlUZsSp7gbGjrp8jQSnybT1gPy6e62o1,1610555637.02UBW5nKvDyUrKnaWcYRGajZPxTRDS0q3N,1610555619.13oUYNikU4facCTpUSiSLr0vPI0tJLnXiT,1610555721.03nzkucfjAUh31zTbmCVvTVYqtjoxZFnBh,1610555722.67fhKURdXVzRbLIjXmjRwdJHTnE7PWb1AE,1610555638.39J2ZWBLuLTHP0jOlzB4tNHmYeijH5g5YJ,1610556032.17Q6yCDx9g7alRnL9jBFXD2JhhUyB2hKfJ,1610557007.49MyVgDnuUuBxrvL6SGOdhKf69VYlW1MSm,1610555638.44hjT5hbYdKoE3MB6hijrjqbjmLgvCUYKD,1610555608.13zUvmFSCRt6SsLbhqFznMEvGx54GPGQzM,1610556038.62a5C4ynd1AARyAhTv8a58NCqHvXRjscqH,1610555644.45Xse8u7pusHNsd7F3d0A32HXvXr6weOJE,1610556038.62gKXOCG7XCn55eJvyl5voNjbwOW0znQDq,1610555987.13v0oleKK97pkesp6oMgprH8SoSdoDVdIO,1610556964.96ZLLeiQW0qpmxhPGTg7K03fmzkqsC2bjC,1610555987.13VQlEedQ50VvkPMEMzZDv3KNnQCewykN9,1610555982.186TY6MMGkDecIN1woW6vsfAMXVV7jnyjO,1610555982.673LuMndkwkvdmZOn0MmE2Pkidx0FtNalb,1610555733.38zItcuH7gHNfKdALR2d9Nek6bxCyw36Vm,1610556034.15BQxSbZINGCay0yp6RBVlgcPrw76Yn9ON,1610555639.37BPZpgtGml8qUsh9AdV4m32jPLfI2aNFq,1610556965.57S0adAalhWYe6K3bkZU0bRHbqnDK8gGkR,1610555983.54zteLPCMjyrjzPdhHhlZr3faCgD0TfYr3,1610555987.79rHnNRmt9a0ufmnwCvZqBouyUoZDNpylW,1610556960.041xWER61rmArlsKfiMl4frikWmUCnQ7op,1610556035.13a7NHZDutfTMJ88qle1gTYY59Dr4WmMsj,1610556890.456ZBDaY16bMtrTZTqAgHl3wq1tRxzqDow,1610555760.24e6890pkbyZ97Or6croI1rQgjkSsR0yVt,1610556043.02YpWMIJg3W004iqlPyv8OcVAZdSC5rNYw,1610555987.03z05P26TLtONYM1HSzupoc2CeNMa6HTqr,1610556032.15OYCzUxpsz7b10AXBAuDXrvEcvxFhf0M7,1610556032.63Z80yI9pNwS3jSmsDABbuhf8wkNa2Ze9y,1610555736.28eGuESasTXdR3SqY6pHhEXWZtcdciYLCO,1610556034.61bebeZA0MkaFG2sm3VKiqrxeqQginTTW0,1610556944.5XwXOphKYT3ZkWA8gViqOS97VHVuMVUqb,1610556944.745UVLFBzf7fPh4UH37I6tYQOFPqRDytEh,1610556034.63XsUwaFaPZevO1JNFjfhvY4aKNFnV4noV,1610556964.89xwBHw9faT1HjQRMNQEyA4qJ3hWkwgj3k,1610556966.74DydzH91jtyvRyYau47JpVkZoMRSNTt01,1610555740.77UueVziDbaXyRR4OcVJIIZyzOfAzN51bj,1610556046.84e3vwjyRCzqz0wJQhrk8zsxlFfFSv98Df,1610556137.99eoPuVrDThKAOvmeprLPb2FWRqIhzUodc,1610555740.73XFwSrmTXJPlaxGZSefh0jOVA8PI3III1,1610556123.88AOfNaz9jSnqU5Czc7okOv1RCrYfKFBTo,1610556046.85nB7NvyoYQeLcOV391Lmmut1wAM8CFGLw,1610556123.89H4pdIAzDthI7bMXMhlIhKUYIQIvtmPPQ,1610555740.87GOYQUJKpkynIS2lFqppYK4b32ol7NeGh
1610555604.25mOvVXuL01OCiReyVWBfesjuvXmB3MoPy,0.0,31672.094484262918,28718.31886959388,29695.840917240625,25790.414349089384,31161.942020876657,26819.712720695657,22192.73430572275,27396.829023163762,31975.437382814504,32804.33564290365,32251.06693340892,36241.34513951089,25986.288699575987,33331.488046474,30229.125610485113,36400.826025092756,37287.0633049435,26790.50970650705,29994.57118703672,35671.80877985668,38345.300303824915,26538.05320009749,25696.77478513914,38639.70417783949,35837.83142978691,26994.53429756248,29831.02159131177,33187.958611226735,26596.292825958553,31397.279480923426,32685.33806994144,34381.12031261715,33957.5529759941,34870.937682105956,33118.92190970587,32203.217181646763,32559.399660749652,33626.13751530812,31213.214617359838,32009.055895140362,34097.51160457488,31611.892965952095,31761.362965641958,33391.89922725188,32701.27530199667,34200.16538723829,30053.97785513376,31195.651749965633,34823.671224631944,31474.29184097264,31957.721412273557,35471.41198563727,34818.518774282325,29667.854002006097,30613.44124625709,31426.23645565677,30969.17038926031,29944.683588734508,31282.621452070984,33243.36719844801,41535.614394866076,31371.933722210244,33289.881926965,30823.019629418697,39392.55021111386,31846.33611250011,32837.82070235756
1610555605.43B6oDsBtWRQ29Q9UMQuTUEPZy3FSSWXzc,31672.094484262918,0.0,36822.833325178035,28393.868455761527,31529.904403308603,32799.937789535245,30811.11998154832,32743.18744322173,31928.48322704129,32319.417563839615,29033.316095063412,31818.652057236188,32602.580063977184,32545.525852068353,31785.187764050665,29512.94659280512,32169.132563861218,29629.449659475213,30842.421411864107,31188.32455030701,35382.67906863005,33794.84613360047,30219.966118308683,34341.00546237164,36110.73400113408,36408.75971756697,31137.51247768214,29558.985945810047,31210.317706908256,30169.235777355614,32116.78159071279,33633.96176956278,31664.52412620367,34613.10234830965,37770.859839324316,34569.16866925679,33829.10100157591,29993.547437189856,28619.144978360877,33022.52124778704,33048.342301320605,30791.36569143694,34168.68127486918,31870.00432487875,29821.122735600507,28580.651965330366,36974.08399678251,33918.653706439145,31861.020180587282,33457.52789136833,33888.51295100298,36630.747605718396,34762.3211810808,33263.778076405055,31441.930785482007,31036.76184561467,30836.588234859777,32096.602406395214,32411.089957499116,34936.65018522403,31292.379168763244,37307.680881151864,29903.8438428026,30829.61853528895,33388.89166762727,35367.56348361053,32005.980333358133,33490.804505673565
1610555610.92HPGJJSmyPM40z7otPBgHalNrHFA7zk5d,28718.31886959388,36822.833325178035,0.0,38980.236350532236,34078.829799145446,31721.32198787901,29751.824072033836,21231.03162703473,28717.139682563986,34559.5347728325,36041.363569818146,38456.335210526784,37824.59121483229,28483.03819940452,37485.21451085156,36864.67556659348,37245.59249448949,39803.94872049791,31655.33162048417,36453.67615367808,42273.45491285027,37440.77438454059,33316.71640640037,17413.20822924064,34634.83435836617,32443.791812320538,31359.366149658417,36519.834968060655,34281.4208584516,33141.651536693775,38631.04947245819,31226.09747877165,35775.11963482685,42459.48506390347,47240.48941386186,43444.64219327033,41393.88128678558,34331.57614016807,35156.20367338056,38539.179212582385,41394.382785611815,38207.36726861369,41258.43758869983,40823.79370600527,39353.13452279205,42473.52442449316,45403.82948955008,38512.010837270835,34956.39636920885,36171.27287371194,41158.671306483535,42595.98507601941,35505.60349837292,41797.62326509222,37349.18461711399,32541.83228240039,34660.75434922128,38780.69289957354,38027.882461158995,42844.89134687328,39265.23260598939,39544.252184607125,36003.67961346315,37102.036599223895,40597.22912722034,37942.688218788346,34967.05503869442,43053.2136996098
1610555606.68LaSQbm9EHAFycEfFtEqAwYqlBsQPjIRW,29695.840917240625,28393.868455761527,38980.236350532236,0.0,27947.25919272107,32744.04816787977,31180.51989697772,32297.19524922958,33512.38605920104,33775.185377429836,26665.288789808903,30240.517641997543,37145.39770087176,32639.87652367473,32321.461085418538,27902.289763908004,32862.08678724836,34421.860107131324,28788.33721691811,28764.11633870903,30916.395391654612,37909.88126960148,28408.146444896454,35523.29767622265,40504.264570630876,38515.30064416496,30863.110915901703,25975.476410094478,32104.64075931038,29739.87117435875,29907.24756659439,38370.22827280815,35963.09211718788,30371.590387720033,29214.80138769537,27754.477285064164,28240.32529662508,31944.164793068892,31931.902617911055,28796.395781293995,26637.032243342812,29918.32641584722,26568.072518256195,25790.259941055137,29351.356844865113,25551.045041718284,30690.15148222944,29930.871759889484,31914.525850747905,34455.72953059675,26414.947161190925,30476.525714745007,36604.10330029789,31160.943573216093,27501.585256060553,31963.35981914408,29899.79683802508,28477.524282674767,26158.86158486076,29011.312485336628,29727.180949858615,41281.72563958314,30227.117477278232,31370.39607719752,27995.483170332063,39161.32431199525,31380.982267476204,27388.80340047316
1610555617.19EKxMEwDHfXiEJZc27TsGoERaD6Da4BZU,25790.414349089384,31529.904403308603,34078.829799145446,27947.25919272107,0.0,29449.651105523983,26039.40980424917,27094.473681795324,26214.23598763567,32708.6135186325,30463.197266770494,31740.927648570996,36799.018458873295,27884.099236570983,31545.123592109838,30514.326561155183,34426.979096917996,35844.06675224293,24738.78928651468,29549.96607841538,32426.476088651758,36850.289198688406,22603.426897357298,30153.33408095435,37134.3562285126,34448.220228475744,25207.17204299855,28468.131741375943,31876.574642157935,26529.61155083391,31014.11227863589,33605.244641913305,35154.33368029243,31724.27997884453,33151.73981807265,30885.18555880468,29372.532102332265,31838.45576878401,32160.50119106216,29184.0188625519,29854.821199032456,31883.312263842137,28641.886870580198,28557.502297341962,31020.26963202524,29953.496988894603,31673.847225823276,28050.38265042055,31102.038351002742,32720.55954286799,28777.79211113388,30106.13589567273,35164.5335110691,32977.92367666048,28932.119806634135,27048.45521546894,28608.10889221765,30307.245234876907,27956.770990718578,27647.359617766957,30977.16772129844,40803.201909033625,30018.94836658723,31208.71657507874,29171.333620932422,38194.06077843282,30358.92285582435,29679.307927164202
1610555722.52PJ3FD50MGhRXyUD28vluU8Z9UjLJLZn4,31161.942020876657,32799.937789535245,31721.32198787901,32744.04816787977,29449.651105523983,0.0,28530.893641303504,29773.375045688594,26516.41987714777,30339.60823297441,29598.596378368216,34540.654952778714,35392.62984849291,29133.08254876779,33217.929215260054,32372.69317193025,31911.4184812095,35365.44583149675,20421.959657672975,31927.612383289354,36684.18896895637,33369.83537018366,27059.94027244698,30073.654135762623,30113.284383136357,17798.07018781028,28310.730986539802,30868.394256212876,28702.17383759023,28719.437074051686,34505.148951559975,28890.660405069808,33239.69398771615,37139.96392478438,42406.26464993572,37533.272573488204,35947.586469926326,29549.11790067826,30131.7880495174,33046.654054099236,36641.1849762523,32674.65949131111,35620.19225884562,34746.483068742426,33299.849359793894,35828.70286578789,39931.34370844555,33178.600598428864,30988.422048193446,31793.600371089487,35394.85244994372,37582.08040404098,31534.29004574256,37097.67010014505,34108.65949642089,26224.955876172167,28598.704248313767,33938.971131600985,32136.67289849171,36511.95282899169,33115.82592676874,35988.08437956768,31981.45027777807,31136.738385165336,36250.972761206474,34035.85861749491,30563.665964034928,36609.64304707826
1610555617.52Ijr5puT55g9apK8auM7zaxa3NANg502t,26819.712720695657,30811.11998154832,29751.824072033836,31180.51989697772,26039.40980424917,28530.893641303504,0.0,26072.243196148716,26767.216509052705,31135.688807362596,31080.44589167526,31815.398949110873,34918.25407505186,23286.45717229532,31794.98445345815,30662.901249386123,34040.974985040615,35179.80927892107,26019.440312426374,30522.027130191054,35204.47018355023,34703.69760353658,26640.065277378104,27321.920882940478,34027.84159468033,32014.918225543166,27013.715395872936,29599.421490738907,30901.396956401488,24299.418444621704,32280.01207729013,29454.180064616277,33387.034008666546,35360.06294324399,38219.65482064001,35041.57883610828,33468.4893938326,30560.99750496933,31088.31707682952,31582.911151185046,33594.20688170022,32457.257757129224,33269.79593995522,32669.62344982776,32787.16751113809,34131.99770474328,36655.51897641655,31275.49972127947,30427.4789412181,32845.96544829558,32862.74939006321,34135.6445958818,32878.13905140167,34968.338710839875,31152.171808603354,28017.745607960434,29431.297103368724,29765.481011640033,30808.62021676589,33058.0513125997,32644.559917594,38086.29579153605,30555.283454023018,31621.087798979952,32883.62968321968,35890.00237077022,30446.48365408532,34508.44208547624
1610555638.77ZLjTLkz4jYJdFMI2wWBztzsDILkoOtAk,22192.73430572275,32743.18744322173,21231.03162703473,32297.19524922958,27094.473681795324,29773.375045688594,26072.243196148716,0.0,27061.435965040324,32013.190399430507,32701.838671370355,33837.81981954015,36008.05429612851,21282.248515839234,33776.561502488534,32086.61198126124,35536.516383880116,37404.15802239895,27141.310590752626,31525.873482321866,37137.26001767067,37096.08000407825,28306.985054217424,15400.977401410973,36185.51543665193,33074.022881682955,27368.152317275148,31226.660806700824,32575.93938520531,28515.274856985656,33380.501540423604,31515.086492500435,34122.728062536844,36111.43013497045,38888.389591175976,35969.32370674338,34771.656676501094,32302.488013348095,33149.76802770261,32611.002361670347,34656.78868053255,34399.00317271083,34168.253433442536,34064.18076493878,34772.0284369614,35577.360405365296,37493.71340617563,32180.566765808584,31843.482793992433,34170.91558248154,34100.20738082209,35011.98594388238,34470.75236225595,36391.87891957802,31160.202032702673,30158.893299846142,31432.8114926074,33175.74688140828,31805.233162570432,34671.27659705767,34351.51995650425,39923.87864483665,31904.025031641086,33634.475009232636,33193.21559906798,37743.60884747108,31646.963725136255,35598.29299845045
1610556912.46C7tJPLF0XfNnm8f1820X9aLmXMHoc0Dw,27396.829023163762,31928.48322704129,28717.139682563986,33512.38605920104,26214.23598763567,26516.41987714777,26767.216509052705,27061.435965040324,0.0,30740.4354729721,30263.305090116544,33721.22597499537,34569.72070539327,26749.092719864497,31836.201673643594,32135.46548341936,31743.39180341467,33755.73279657965,24964.94093091183,31764.89712537065,35890.582911117315,32353.76637084304,27234.255786104608,27244.890178071877,29640.429731761225,27604.88080403243,25825.576099452894,30686.601317115972,29405.813253184788,27376.918790036634,34399.94504705114,26538.332744636326,32738.793559531623,37571.88633890224,41965.88445500838,37717.880271870716,35506.42055474576,29320.82375515788,29896.44729348738,33523.65303033341,36072.45509667434,32096.999289819032,35353.929381712245,34831.00649945379,33339.098041468256,36192.17900965225,40271.9272401509,32902.72234843682,31060.77821042461,30365.729857047878,35355.714686052364,37456.315091774064,31883.017543446746,36290.63383629396,34073.955076764716,24860.11686430326,27657.02608304426,33769.974991206844,32899.57735225528,36588.84138668721,33008.34783671163,35330.98962767669,31442.23759618757,30768.957047573025,36285.602666174884,33020.38990167262,29489.80879906179,36904.65170312904
1610555617.51LjzIROg0aeCP2GhDcAVQ0LipKJB9jmKc,31975.437382814504,32319.417563839615,34559.5347728325,33775.185377429836,32708.6135186325,30339.60823297441,31135.688807362596,32013.190399430507,30740.4354729721,0.0,32721.30049702278,34888.95358181938,31493.852895260567,31679.528424363918,33975.32413163535,31976.746235477938,35217.24720714553,36536.783248950516,30441.450369353013,30007.32278308689,38285.8940486948,35386.376361181756,30483.983392263093,32717.45337573596,33883.589657155746,32835.88052877646,30523.014305805726,32318.778695448982,31004.20856683758,31052.473964284647,33356.57820384583,32604.92348695441,27111.94183338342,37268.54086126013,41717.931131456564,38571.37771185672,36202.13291214976,30392.649519552513,31209.555902456064,32476.748642588416,36520.976190486464,34779.74255738811,36222.29777064152,35946.07838149944,34941.63023205974,37194.15656638285,39741.84470506242,33855.69200223177,23912.677259117474,33725.9614832922,35781.2049739988,38035.0537107316,31430.96550089572,37602.25787368405,33235.842779757135,30652.9845853904,31724.99968830123,33989.247814619564,33093.85879628694,38663.48492849215,34624.391690141085,38030.63884031075,31467.085179500566,33640.13434201178,33397.710987638166,36288.643356425455,31683.4132258274,37543.86542344901
1610555608.17OpjjHobqRkX0UPcaXrbu7K6L3805SZri,32804.33564290365,29033.316095063412,36041.363569818146,26665.288789808903,30463.197266770494,29598.596378368216,31080.44589167526,32701.838671370355,30263.305090116544,32721.30049702278,0.0,32800.52292062969,35036.168829351416,32267.02322240843,31113.21512727461,30145.376991498266,21722.246524873477,31501.726544866142,28251.31755320961,31811.53536899368,32006.123057534427,30839.472276141867,28909.962552012268,33758.73553312593,33156.035667863005,31997.89145370281,30145.03384693773,29065.128314345176,29334.095199843512,30145.927046130935,33456.66697562903,32842.793940272175,33624.543903712256,34737.95182748017,38680.23488539755,32716.1963300714,33472.51628983776,30124.810709838977,28798.34628576695,32032.093485780748,32782.39483657346,27269.09800082069,32861.10530819214,31551.79630647204,27915.4448396089,27817.86469161806,37811.1429881376,33781.726513744805,32016.523699305035,31145.320391235982,32808.935797421225,37182.31353068834,33621.80320841633,32291.13491141211,32465.157983732148,29085.246061194972,27001.97859733111,32658.693369907596,31549.66131347373,35066.36318473001,29422.68850763868,33778.25550509343,29642.47684114174,28553.901443589253,34120.76032553703,31947.28888913979,30202.83326299005,32443.725229228574
1610555721.82zWeNZfGUUfRJkgnAwlP8VMhPzXctnSd4,32251.06693340892,31818.652057236188,38456.335210526784,30240.517641997543,31740.927648570996,34540.654952778714,31815.398949110873,33837.81981954015,33721.22597499537,34888.95358181938,32800.52292062969,0.0,37778.013656267896,33384.61073823894,33180.02962946312,31572.07055856245,36380.87171954651,35621.69694948349,31512.19422264355,31395.8278407608,28318.65581146176,36449.98844279272,31441.29408453541,35801.67607305623,39405.80702857889,38556.49617499079,32379.634035578252,25933.72459535654,31416.385418862985,31419.485902979537,34163.13856450234,36860.34001941863,36584.016799572266,35073.18587551037,32406.20656158037,33019.98408478647,33410.1219029861,33050.79677966351,33799.844061888056,32971.46306292848,30828.481613985194,30929.000384050967,33046.81652694137,29632.908899474096,33524.714422057805,33288.76847437819,35654.30204767075,33158.25017834082,33806.77360830558,34953.00956028376,29506.373711954657,35334.14873804976,37129.825411721264,35232.93562380192,32511.307557768192,33014.81686624533,32509.384872055754,30382.85936222767,30718.04359192746,33379.634574021584,33358.308542842235,41261.463252232206,32701.599799823725,34351.500080272715,33432.07331039495,38875.88292970026,32332.189724654036,33374.131230914274
1610555735.75bom85BDF0C7W2eIseHeMxi24qR68nzMi,36241.34513951089,32602.580063977184,37824.59121483229,37145.39770087176,36799.018458873295,35392.62984849291,34918.25407505186,36008.05429612851,34569.72070539327,31493.852895260567,35036.168829351416,37778.013656267896,0.0,35896.34034136819,35647.67946064166,35310.13693665688,36945.43564265891,38048.97092570232,35031.86232692226,35390.88996590151,40873.43238649708,37946.97274093026,35188.075773994904,36361.69434576888,37057.57966107974,37200.99198784518,34256.59337930636,36085.69526265456,34528.34417471669,35220.97051125742,36556.73579895155,35883.468307148876,19097.523263049,40429.17169987668,44775.07066630108,41546.89139047886,39367.94650755232,33631.47486225992,33782.54833347044,36732.75691076476,39469.67131643304,36745.58321454789,39858.10553222438,39326.236610977125,37346.96675253208,39496.64044955375,43091.65411448708,38242.67231937335,33665.69789604478,36025.197555213075,40008.42935904681,41994.37374630893,35735.359876693044,39055.825477640225,36775.166146580195,34340.374795310374,35502.23742145712,38088.90135647877,37643.93024222649,42075.632530782386,37561.71020743336,38960.47736294611,33861.02376829478,36020.57815531684,38954.43871199885,37937.03526513966,35212.28692725541,40589.68713991012
1610555735.77NnT5xqKnwcf2BbjIekeb2arTQj6QMNwk,25986.288699575987,32545.525852068353,28483.03819940452,32639.87652367473,27884.099236570983,29133.08254876779,23286.45717229532,21282.248515839234,26749.092719864497,31679.528424363918,32267.02322240843,33384.61073823894,35896.34034136819,0.0,32971.976527529485,31691.62811210013,34830.52584946262,36295.165771613814,26983.035043491105,31578.11672565183,36823.74525642684,36052.288476439404,28471.037203960943,25066.92595419752,34852.51835608278,31985.523698396195,27681.62492990228,31048.927601415016,31944.957943030353,27526.87193382377,33612.332293611056,30438.929697467076,34059.83233373888,36904.72060551682,39608.6033594027,36471.87035452138,34772.25966974284,31702.875058920603,32573.724133889573,32905.02358668579,35130.24381841806,33793.184793337154,34663.036348020345,34590.68711266659,34399.2315097888,35825.99452530454,38269.19973133318,32635.46282463851,31525.916416441898,34029.881722676044,34480.191044976236,35445.822004331836,33930.332632889294,36587.49136137364,32431.589710094293,29436.88316409834,30825.239307491353,32641.63166670043,31956.004460573873,35065.6375406485,33662.387575674664,38802.814913121554,31971.50422350393,32661.894943689116,34182.10660405727,36626.01277895506,31701.392076210414,35775.602806913266
1610555638.33wjf1PhdNaoWfbRzXVn50hmFyB5bYAiLV,33331.488046474,31785.187764050665,37485.21451085156,32321.461085418538,31545.123592109838,33217.929215260054,31794.98445345815,33776.561502488534,31836.201673643594,33975.32413163535,31113.21512727461,33180.02962946312,35647.67946064166,32971.976527529485,0.0,32033.484943799434,33782.22760359007,34600.97413043586,31084.798450294486,32699.635399554936,34011.838375590036,33704.233783138254,31221.5431893499,35137.849795192,36491.91979336306,35862.45819309117,31142.959128315535,31239.80036042474,31599.411936555134,31495.18196496815,33795.60617687666,34908.93353637543,34758.691034104726,36456.907710741856,38606.46025352702,34470.51997329981,33361.980650708974,32613.708680871787,32319.98608568116,31883.181976301104,30323.872906354514,30657.040775126592,32056.61470237849,33199.06421043244,30543.855829876273,33738.49636001303,37055.904493583,34298.36227753036,33305.863776264494,32998.65425779262,33851.652001464456,37218.94292654389,35874.223121955125,33247.48783408232,33039.351227760344,31701.104432833785,30320.33065417875,33488.612602749294,32822.71469160612,35424.1585765096,30527.982477573078,36094.30614954009,31855.093854517065,30713.07603940997,35411.458907766464,33264.32474234297,32220.97409579667,33774.97551260604
1610555606.65jCE4ig8Pu8kvAzkxnSGfWsV0nQBjCf8H,30229.125610485113,29512.94659280512,36864.67556659348,27902.289763908004,30514.326561155183,32372.69317193025,30662.901249386123,32086.61198126124,32135.46548341936,31976.746235477938,30145.376991498266,31572.07055856245,35310.13693665688,31691.62811210013,32033.484943799434,0.0,33997.491705844186,35755.671224508216,29626.57328791888,27875.948419634387,34507.67967641645,36767.38425880075,28730.249527773467,34305.600923693615,36994.67607767821,36509.377013273144,29759.22865457182,28853.3864520765,30920.89390194717,28891.02656480954,29092.393770531933,34996.70645506879,33154.13391612511,31237.904090479653,33227.85925117598,30834.434030869408,29562.210773697403,26443.709411865097,31438.775283059604,30316.399449727636,30079.93681523997,32612.25904882716,31057.679675722968,30688.390279295534,30805.020170659485,32108.314950388136,34594.54840001584,31391.83435450068,30876.4527915981,32603.093469964148,30028.231641536782,33833.31114392923,34136.29521439397,33564.5745211539,27881.129052395743,30891.977598069952,30750.214862377987,28138.376205586417,28906.204433507115,33242.939700383264,31471.83122610628,39240.257223369634,26717.314677311304,32066.918579117948,29988.17614218277,37436.19774320158,30563.075981694077,32197.763907686254
1610555608.18ONsBCVo1i7BrX0XG9stct4oiA6ejX9Oz,36400.826025092756,32169.132563861218,37245.59249448949,32862.08678724836,34426.979096917996,31911.4184812095,34040.974985040615,35536.516383880116,31743.39180341467,35217.24720714553,21722.246524873477,36380.87171954651,36945.43564265891,34830.52584946262,33782.22760359007,33997.491705844186,0.0,33352.77968939685,31677.120015065928,35366.07951200077,35422.279332651575,31425.630986422002,32563.91396144358,35634.2852766222,33161.56883189852,32663.635640885215,33071.780413874825,32976.582416318684,31440.654586093966,33457.60160012134,37434.96756953487,33567.350499736436,35478.65320866912,38553.53825965008,43909.527549509956,37680.28042027426,37860.11450263053,32275.456992085197,30372.99481621213,36062.80993260546,37227.8016218316,30063.571403085007,37584.17806374679,35913.11128046735,30792.47073101919,33298.67132052642,42492.513659325676,37489.06720887417,34585.80965024853,32530.63127827599,37553.815192844886,41709.35825806035,35395.27697565951,35408.853938395136,36815.43423531362,31202.04459645258,29567.535232967144,36706.86813324037,35846.69229277097,39735.13789095774,32415.577093278902,32995.28273864276,32655.53370760494,29806.73778968603,38686.290492721375,31371.888629419827,32873.00044722284,36986.94221354235
1610555721.51RNoQUMP19FTMS79BmA3JkgSm2IC2AQuQ,37287.0633049435,29629.449659475213,39803.94872049791,34421.860107131324,35844.06675224293,35365.44583149675,35179.80927892107,37404.15802239895,33755.73279657965,36536.783248950516,31501.726544866142,35621.69694948349,38048.97092570232,36295.165771613814,34600.97413043586,35755.671224508216,33352.77968939685,0.0,34311.04182900476,36363.28896650074,36688.90942794107,33804.57130161028,34923.11609453347,37998.895957722736,36976.31554015344,37092.62023694542,34701.51836252052,33558.53244985272,33728.537486068075,34902.35336138127,38204.79546511347,36061.09236476859,36964.15827105128,39135.0308380324,43542.70940458515,39131.42049009536,38545.52591672007,33579.71005513873,32928.79634317741,37134.18216063975,37820.667467240324,31700.97306405396,38614.008895435465,36106.65918121176,30307.24940564003,32156.99219708358,42051.819031230334,38338.65306741994,35748.5128491607,35038.418186934054,38256.767240358866,41871.16268680037,37399.491722067956,37016.20751850925,37929.59476544681,33572.447600751824,32735.314925432143,37333.467723014306,36962.765767619225,40263.86862203182,33745.535966487514,36980.01370131021,34890.601836514965,32596.3559948482,39432.66071615042,34925.99036055519,35013.653079558404,37513.32269847834
1610555971.86O0cHB2ibBJ8jxoObg01EpGe8VVV5mpwn,26790.50970650705,30842.421411864107,31655.33162048417,28788.33721691811,24738.78928651468,20421.959657672975,26019.440312426374,27141.310590752626,24964.94093091183,30441.450369353013,28251.31755320961,31512.19422264355,35031.86232692226,26983.035043491105,31084.798450294486,29626.57328791888,31677.120015065928,34311.04182900476,0.0,29617.003663894757,33219.14701711944,33378.31987296051,24196.66582302304,28904.661498231504,32365.479525925057,26151.973553164044,26014.045333547467,27842.249266168998,28846.541158707594,25273.041352959826,31385.330688670085,29716.80585138454,33182.44763046915,33502.81543282723,36974.28785849339,32481.716196307345,31508.081271431336,29137.998500670816,29637.62239890313,29324.92004129074,32010.62920578819,30309.4704375208,30774.12523850948,30434.921310950034,30524.77072097036,31874.84648858526,35343.45308534025,28996.2736059877,29880.850569013423,30767.32188688948,30861.24843225222,32456.817053074177,32456.147923447123,34014.78367401766,30337.124712931905,25542.66328629224,26683.507009185054,30329.76867333853,28734.157751740266,30387.26142940809,30349.365672418495,37194.197022208806,29773.274880918667,29369.37372401006,31593.72872525684,34547.17382191849,28551.139005629655,31808.726775609914
1610556911.51zU3duZSGpcw1BDNsBLxdOCITAXwl6z3i,29994.57118703672,31188.32455030701,36453.67615367808,28764.11633870903,29549.96607841538,31927.612383289354,30522.027130191054,31525.873482321866,31764.89712537065,30007.32278308689,31811.53536899368,31395.8278407608,35390.88996590151,31578.11672565183,32699.635399554936,27875.948419634387,35366.07951200077,36363.28896650074,29617.003663894757,0.0,33982.95150071905,37408.11092061714,28497.516120315468,33904.39252709575,37978.894747891565,36418.427536966075,28800.232669123092,28598.584574844263,31236.768793926785,29866.742154644206,29424.23560628157,35573.02183248708,33176.08561680843,32128.000516417887,33611.423822001365,32173.534479796435,29452.192183919215,29877.647269857946,32502.180638119287,30451.50558974769,30445.49637645727,33016.21650620021,30512.934625169044,30085.675065539934,31987.342653536958,32618.22635571286,33760.23137799138,30790.888850229,29538.2924613912,33187.15839980629,29325.648972839266,33278.52861742338,34271.4730711048,34371.6442448247,27222.556508089387,30997.229376022573,31190.244799481807,28902.98065100621,27991.30524791292,33250.40568198317,32804.849773698916,40470.258616142295,29177.142500345446,33069.11243315797,28914.54995526898,38285.52280408576,30120.70910491531,32888.5283753439
1610555988.71dMoYT8250UHHJGxgmITTmbHe7V6gH1yU,35671.80877985668,35382.67906863005,42273.45491285027,30916.395391654612,32426.476088651758,36684.18896895637,35204.47018355023,37137.26001767067,35890.582911117315,38285.8940486948,32006.123057534427,28318.65581146176,40873.43238649708,36823.74525642684,34011.838375590036,34507.67967641645,35422.279332651575,36688.90942794107,33219.14701711944,33982.95150071905,0.0,37484.60096521022,33172.52602960853,39374.343112959126,41955.58119000859,40564.48536671004,35044.05794446261,27712.784685626488,34224.34766643173,34553.42712202269,36505.242543507615,40888.528604501014,39941.7608848513,34848.665742602294,34383.26579409339,31771.41398083131,33176.870229656546,36115.33228621501,35581.796317664215,33732.378793315685,30792.34354891598,28956.32682587036,32399.602481194983,28547.74789692031,32153.61473012826,31509.18312741403,35014.693022911924,34295.815724662134,36239.50239713604,36102.62980614205,28478.879768095645,36481.30110425952,39742.457095919584,34507.589614656354,34310.744377245705,34905.135563809396,32505.602085586343,32561.377651954037,31109.825561630736,33121.98700216922,32478.123882168962,42080.25114146086,34671.538653566946,34320.00263985763,34556.290969070054,39476.32491707711,34021.781727165166,31649.05842451251
1610556042.81mlUZsSp7gbGjrp8jQSnybT1gPy6e62o1,38345.300303824915,33794.84613360047,37440.77438454059,37909.88126960148,36850.289198688406,33369.83537018366,34703.69760353658,37096.08000407825,32353.76637084304,35386.376361181756,30839.472276141867,36449.98844279272,37946.97274093026,36052.288476439404,33704.233783138254,36767.38425880075,31425.630986422002,33804.57130161028,33378.31987296051,37408.11092061714,37484.60096521022,0.0,34925.79916017431,36475.86728552332,32816.58689953994,33204.0510328512,34320.27442374422,34577.19508490068,33166.48059736042,34693.39894583587,39828.328601823676,32592.42520437936,36490.9868750411,41911.309408637375,47809.93968309324,42125.47832255332,41429.64314711345,33692.26281893573,32517.026718480673,37861.827415547246,40246.242468991,30277.554020116506,41134.32954613727,38983.38424155479,34125.342488324495,38050.34239712195,45111.9996430528,40215.906212389666,35537.11347869533,33330.04577226766,40305.780772638784,44660.43002133301,35589.78807591817,37378.377808658275,39857.52924616962,32598.957316065564,32362.088219839028,38490.676806667674,38648.08348150751,42777.95109698529,33663.24370261621,32020.88884470114,35001.84722169323,31959.397090786475,42018.86862718712,27897.122794052513,34171.30699677065,39868.05538733939
1610555637.02UBW5nKvDyUrKnaWcYRGajZPxTRDS0q3N,26538.05320009749,30219.966118308683,33316.71640640037,28408.146444896454,22603.426897357298,27059.94027244698,26640.065277378104,28306.985054217424,27234.255786104608,30483.983392263093,28909.962552012268,31441.29408453541,35188.075773994904,28471.037203960943,31221.5431893499,28730.249527773467,32563.91396144358,34923.11609453347,24196.66582302304,28497.516120315468,33172.52602960853,34925.79916017431,0.0,30313.773514613637,33670.67701251278,32056.178231756858,24356.851060798726,27876.917132704493,29730.816706162022,24073.758501535714,29988.438529385734,29653.946296210914,33127.93548633532,31459.38958703863,35261.96957554616,31828.762044182808,29906.37939218958,28609.61999370656,29960.196065855285,29902.503507346177,30442.01626975588,31136.098203512563,29527.59373364685,29881.526569022793,30263.588858342526,30854.692554513487,33746.93897531946,28666.55444408653,29118.854527904885,31533.30847010678,29868.47673951368,31411.310815679397,33340.90793897203,33598.94836142746,28610.55926215195,23822.657678446405,26571.83194244005,29548.25160558618,27804.151267140784,29152.91222175688,30592.84038537595,38562.16807266403,28645.29028850606,30123.35267864318,29807.848704358283,36246.02580965873,29667.595429987214,31213.73482608578
1610555619.13oUYNikU4facCTpUSiSLr0vPI0tJLnXiT,25696.77478513914,34341.00546237164,17413.20822924064,35523.29767622265,30153.33408095435,30073.654135762623,27321.920882940478,15400.977401410973,27244.890178071877,32717.45337573596,33758.73553312593,35801.67607305623,36361.69434576888,25066.92595419752,35137.849795192,34305.600923693615,35634.2852766222,37998.895957722736,28904.661498231504,33904.39252709575,39374.343112959126,36475.86728552332,30313.773514613637,0.0,34611.31631027741,31971.016952214348,28907.128522666335,33559.1679700239,32828.234347756064,30495.573721195018,35752.202908535786,30435.611506728776,34376.21248476964,39216.84055234347,43192.9803559962,39770.505984647854,38148.82123411786,32775.03525223667,33520.13278860569,35305.912039527124,38087.4163590545,35634.97556247557,37699.23836717096,37209.482314492096,36765.2564888306,38799.76857100132,41531.03615409092,35159.34567217642,33019.97780649241,34605.213669311284,37458.88534316867,38752.87970688707,34330.28253932152,38804.387963169414,34123.18788628546,30658.425606043285,32418.932476442682,35809.4317281704,34807.94843946349,39042.95892925598,36456.07236208811,38968.605205922504,33364.030930563466,34741.47018097549,36988.95480266272,37039.4012424666,32734.892954539686,39294.66280163314
1610555721.03nzkucfjAUh31zTbmCVvTVYqtjoxZFnBh,38639.70417783949,36110.73400113408,34634.83435836617,40504.264570630876,37134.3562285126,30113.284383136357,34027.84159468033,36185.51543665193,29640.429731761225,33883.589657155746,33156.035667863005,39405.80702857889,37057.57966107974,34852.51835608278,36491.91979336306,36994.67607767821,33161.56883189852,36976.31554015344,32365.479525925057,37978.894747891565,41955.58119000859,32816.58689953994,33670.67701251278,34611.31631027741,0.0,28337.827857462726,33619.70681079901,36821.088721363725,31202.032628191504,34562.40265726804,40521.58502877088,27779.058572578015,34598.27323424671,43423.694550781285,50622.39487464156,45283.3910010522,42833.49319688183,31197.03176520968,26962.47766898852,39815.85926473093,43684.14124959142,36435.214470411345,42921.7967457827,41649.78333160878,37541.446196818455,42720.986190347416,48741.82999523824,39670.87303978812,35221.13419072604,34351.707329401324,43304.070524305906,46167.25368800821,33199.9714796943,42365.22064598154,41310.73593796679,28113.88630266157,29657.919608885615,40716.817137283295,39781.42002760899,44483.19912271221,37636.68786943304,34445.03482126372,35214.34802605442,34178.43434341284,43711.796618615575,33317.27526551091,34057.84647338585,44316.88530376015
1610555722.67fhKURdXVzRbLIjXmjRwdJHTnE7PWb1AE,35837.83142978691,36408.75971756697,32443.791812320538,38515.30064416496,34448.220228475744,17798.07018781028,32014.918225543166,33074.022881682955,27604.88080403243,32835.88052877646,31997.89145370281,38556.49617499079,37200.99198784518,31985.523698396195,35862.45819309117,36509.377013273144,32663.635640885215,37092.62023694542,26151.973553164044,36418.427536966075,40564.48536671004,33204.0510328512,32056.178231756858,31971.016952214348,28337.827857462726,0.0,31519.462252025332,35363.104760678085,30573.1205373629,32562.451074960554,39143.83651498847,28251.93051743338,34965.547200182315,42390.425358029046,48836.23478650642,43153.53807767189,41370.581457229535,31527.10711130983,31924.429623261203,38159.990243636596,42136.896278183835,35452.351652832105,41393.51728053234,40424.77366264317,36918.320451829495,41162.275481700286,46176.46661896629,38484.6128683817,34228.46445195829,33593.70423752389,41399.326499501774,43766.25777105754,32897.48207129812,41197.808814322016,39369.90073626747,28520.9089437621,31080.96520568212,39000.58330620117,37692.81856299605,42872.57852309229,36773.01078412816,35189.56803228195,35418.18823759584,33410.972772999725,42248.56285097288,33422.13033003833,33520.866745667125,42313.402384269655
1610555638.39J2ZWBLuLTHP0jOlzB4tNHmYeijH5g5YJ,26994.53429756248,31137.51247768214,31359.366149658417,30863.110915901703,25207.17204299855,28310.730986539802,27013.715395872936,27368.152317275148,25825.576099452894,30523.014305805726,30145.03384693773,32379.634035578252,34256.59337930636,27681.62492990228,31142.959128315535,29759.22865457182,33071.780413874825,34701.51836252052,26014.045333547467,28800.232669123092,35044.05794446261,34320.27442374422,24356.851060798726,28907.128522666335,33619.70681079901,31519.462252025332,0.0,29541.45465914072,29437.888794021146,26993.379693762006,30817.688547592414,30266.282756896766,32291.18613074526,34352.17160309092,37921.674391278044,34588.52292057109,31781.692572505166,29301.506686942797,30612.892412214034,30613.092112043163,32522.545449321467,31971.85193256576,32290.53877883468,32497.452483988152,32070.492936779076,33894.24158080643,35939.63261116799,29835.862983315885,29303.838395170424,29987.381526380308,32617.49753328752,33236.42300334276,32364.717673613723,34987.618530336986,29941.146188604653,26385.762015285247,29085.61786324897,31482.84581175455,30183.911601869,33708.16251082964,32292.961549650146,37270.193559222214,28665.519961489274,31063.692758356963,31778.742179737634,34927.68587292817,28119.005825613436,34218.83715930899
1610556032.17Q6yCDx9g7alRnL9jBFXD2JhhUyB2hKfJ,29831.02159131177,29558.985945810047,36519.834968060655,25975.476410094478,28468.131741375943,30868.394256212876,29599.421490738907,31226.660806700824,30686.601317115972,32318.778695448982,29065.128314345176,25933.72459535654,36085.69526265456,31048.927601415016,31239.80036042474,28853.3864520765,32976.582416318684,33558.53244985272,27842.249266168998,28598.584574844263,27712.784685626488,34577.19508490068,27876.917132704493,33559.1679700239,36821.088721363725,35363.104760678085,29541.45465914072,0.0,29142.805028669536,28722.40257679818,31603.037799441132,34590.31006215156,34764.65892443416,30504.47508003561,31887.313955951166,29449.31316605806,29580.633836922323,29630.770438756128,30812.33391398924,29414.655266281618,28415.434191346838,27399.214955946383,28969.61796926366,26098.862386827906,29988.977710531344,28994.992168063247,32952.26335777649,30223.465141288656,30892.671011667695,32245.80788953789,26004.637236022147,32145.222937895815,33981.80755149774,32002.912530032907,29226.484948601348,29413.872305936988,28596.03758186727,28311.64916772346,25605.150232118158,30492.86311579221,28437.753008961496,38947.153612981165,29951.691688245337,29814.597906167117,30343.28927203672,36169.85639879699,29580.651191476783,27904.141481563103
