,1610555604.25mOvVXuL01OCiReyVWBfesjuvXmB3MoPy,1610555605.43B6oDsBtWRQ29Q9UMQuTUEPZy3FSSWXzc,1610555610.92HPGJJSmyPM40z7otPBgHalNrHFA7zk5d,1610555606.68LaSQbm9EHAFycEfFtEqAwYqlBsQPjIRW,1610555617.19EKxMEwDHfXiEJZc27TsGoERaD6Da4BZU,1610555722.52PJ3FD50MGhRXyUD28vluU8Z9UjLJLZn4,1610555617.52Ijr5puT55g9apK8auM7zaxa3NANg502t,1610555638.77ZLjTLkz4jYJdFMI2wWBztzsDILkoOtAk,1610556912.46C7tJPLF0XfNnm8f1820X9aLmXMHoc0Dw,1610555617.51LjzIROg0aeCP2GhDcAVQ0LipKJB9jmKc,1610555608.17OpjjHobqRkX0UPcaXrbu7K6L3805SZri,1610555721.82zWeNZfGUUfRJkgnAwlP8VMhPzXctnSd4,1610555735.75bom85BDF0C7W2eIseHeMxi24qR68nzMi,1610555735.77NnT5xqKnwcf2BbjIekeb2arTQj6QMNwk,1610555638.33wjf1PhdNaoWfbRzXVn50hmFyB5bYAiLV,1610555606.65jCE4ig8Pu8kvAzkxnSGfWsV0nQBjCf8H,1610555608.18ONsBCVo1i7BrX0XG9stct4oiA6ejX9Oz,1610555721.51RNoQUMP19FTMS79BmA3JkgSm2IC2AQuQ,1610555971.86O0cHB2ibBJ8jxoObg01EpGe8VVV5mpwn,1610556911.51zU3duZSGpcw1BDNsBLxdOCITAXwl6z3i,1610555988.71dMoYT8250UHHJGxgmITTmbHe7V6gH1yU,1610556042.81mlUZsSp7gbGjrp8jQSnybT1gPy6e62o1,1610555637.02UBW5nKvDyUrKnaWcYRGajZPxTRDS0q3N,1610555619.13oUYNikU4facCTpUSiSLr0vPI0tJLnXiT,1610555721.03nzkucfjAUh31zTbmCVvTVYqtjoxZFnBh,1610555722.67fhKURdXVzRbLIjXmjRwdJHTnE7PWb1AE,1610555638.39J2ZWBLuLTHP0jOlzB4tNHmYeijH5g5YJ,1610556032.17Q6yCDx9g7alRnL9jBFXD2JhhUyB2hKfJ,1610557007.49MyVgDnuUuBxrvL6SGOdhKf69VYlW1MSm,1610555638.44hjT5hbYdKoE3MB6hijrjqbjmLgvCUYKD,1610555608.13zUvmFSCRt6SsLbhqFznMEvGx54GPGQzM,1610556038.62a5C4ynd1AARyAhTv8a58NCqHvXRjscqH,1610555644.45Xse8u7pusHNsd7F3d0A32HXvXr6weOJE,1610556038.62gKXOCG7XCn55eJvyl5voNjbwOW0znQDq,1610555987.13v0oleKK97pkesp6oMgprH8SoSdoDVdIO,1610556964.96ZLLeiQW0qpmxhPGTg7K03fmzkqsC2bjC,1610555987.13VQlEedQ50VvkPMEMzZDv3KNnQCewykN9,1610555982.186TY6MMGkDecIN1woW6vsfAMXVV7jnyjO,1610555982.673LuMndkwkvdmZOn0MmE2Pkidx0FtNalb,1610555733.38zItcuH7gHNfKdALR2d9Nek6bxCyw36Vm,1610556034.15BQxSbZINGCay0yp6RBVlgcPrw76Yn9ON,1610555639.37BPZpgtGml8qUsh9AdV4m32jPLfI2aNFq,1610556965.57S0adAalhWYe6K3bkZU0bRHbqnDK8gGkR,1610555983.54zteLPCMjyrjzPdhHhlZr3faCgD0TfYr3,1610555987.79rHnNRmt9a0ufmnwCvZqBouyUoZDNpylW,1610556960.041xWER61rmArlsKfiMl4frikWmUCnQ7op,1610556035.13a7NHZDutfTMJ88qle1gTYY59Dr4WmMsj,1610556890.456ZBDaY16bMtrTZTqAgHl3wq1tRxzqDow,1610555760.24e6890pkbyZ97Or6croI1rQgjkSsR0yVt,1610556043.02YpWMIJg3W004iqlPyv8OcVAZdSC5rNYw,1610555987.03z05P26TLtONYM1HSzupoc2CeNMa6HTqr,1610556032.15OYCzUxpsz7b10AXBAuDXrvEcvxFhf0M7,1610556032.63Z80yI9pNwS3jSmsDABbuhf8wkNa2Ze9y,1610555736.28eGuESasTXdR3SqY6pHhEXWZtcdciYLCO,1610556034.61bebeZA0MkaFG2sm3VKiqrxeqQginTTW0,1610556944.5XwXOphKYT3ZkWA8gViqOS97VHVuMVUqb,1610556944.745UVLFBzf7fPh4UH37I6tYQOFPqRDytEh,1610556034.63XsUwaFaPZevO1JNFjfhvY4aKNFnV4noV,1610556964.89xwBHw9faT1HjQRMNQEyA4qJ3hWkwgj3k,1610556966.74DydzH91jtyvRyYau47JpVkZoMRSNTt01,1610555740.77UueVziDbaXyRR4OcVJIIZyzOfAzN51bj,1610556046.84e3vwjyRCzqz0wJQhrk8zsxlFfFSv98Df,1610556137.99eoPuVrDThKAOvmeprLPb2FWRqIhzUodc,1610555740.73XFwSrmTXJPlaxGZSefh0jOVA8PI3III1,1610556123.88AOfNaz9jSnqU5Czc7okOv1RCrYfKFBTo,1610556046.85nB7NvyoYQeLcOV391Lmmut1wAM8CFGLw,1610556123.89H4pdIAzDthI7bMXMhlIhKUYIQIvtmPPQ,1610555740.87GOYQUJKpkynIS2lFqppYK4b32ol7NeGh
1610555604.25mOvVXuL01OCiReyVWBfesjuvXmB3MoPy,0.0,16259.107193204687,19135.875081475075,16589.45582319283,13202.492061271998,19744.038524464708,14640.369691406753,11781.316662129519,18022.900811489148,19410.03155410123,18933.73318795039,16362.29985552539,20560.49792760008,14096.486016623658,18113.22302999165,16157.103758123209,22236.892307199236,20205.400132971856,14913.316937660644,15998.44813961738,17445.13174682395,25189.73899014845,14112.950797773969,15716.684847713233,28850.079423190236,26250.134540688625,15273.231865576305,16044.135298154535,20631.670970583018,14374.439776212152,16182.547104273237,24382.68516289279,20474.336465723292,17391.06332573735,23308.03566714033,19250.72947613745,18002.93711962603,20285.137522333804,20374.173426686208,17138.25642968461,17587.24349952552,18415.81312026221,18024.87369785334,17236.460445131637,17569.951506322355,18335.158295074456,21666.547859831273,15548.094798971559,18200.82236127847,20179.89793925725,17634.606539181426,18829.220669560218,22512.221740143188,17565.771846957472,16284.58283886815,18843.447330231396,18082.003720861856,16428.170312140952,15888.741432948818,18999.4419432047,17494.02795703198,27581.39167732601,17309.876828070162,19226.0818400623,18002.477684212314,26202.640582753305,17490.34700195314,18993.835078506447
1610555605.43B6oDsBtWRQ29Q9UMQuTUEPZy3FSSWXzc,16259.107193204687,0.0,20223.671087038234,16695.661417673007,16980.848598162138,18122.28233947129,15587.783621103219,16506.22311875875,18041.75505720407,17441.4541156034,15122.736825048656,15143.09951923508,16544.23874804234,16428.075100247905,15660.980592477617,15141.841027839897,17633.85132908193,13234.996925488655,15849.144541021185,16119.968521162853,17250.23053976956,20168.466519645484,15370.106643918063,17950.080360370022,24722.656333969815,23390.176354027368,16084.024049537,15061.156363212838,17107.62070046962,15361.744217061876,16795.765843928846,21659.19565734109,16808.64607676292,18394.852162915617,26506.957510537075,21243.954949676972,19587.49385195647,16317.785656366359,15470.933992344751,18135.13823933135,19116.4284575876,14935.336919115038,20290.755103721196,18173.184870224162,14592.785682117636,17258.32810941591,24681.563867090495,18362.380096612374,16796.908234000424,17392.3288570293,19888.433969197813,22722.007724554747,19420.29354164017,16774.471419475252,17811.669791705302,16848.460448029076,15924.096832971083,17188.022626276925,17455.068315528293,22572.013264502657,15527.870910074458,22720.284376811935,15190.194273507703,16002.70942398678,20328.66990313144,21378.47334948264,15989.659146599164,20426.802702493038
1610555610.92HPGJJSmyPM40z7otPBgHalNrHFA7zk5d,19135.875081475075,20223.671087038234,0.0,26474.49240380266,22405.8984419466,16235.676255222332,16522.31289533661,14044.74518840514,14547.609416296864,18453.874370191494,19880.327767772662,22239.127433346617,19162.20315718619,15218.346599406344,20363.312496361777,21804.024769530453,19584.625297492414,19595.61072654276,17810.923042545455,21917.91611358668,25092.116155638603,19368.175514699487,19703.54149858782,9970.689061819634,19004.933629715997,17392.74039092773,17339.89018922787,22198.67540659814,17689.592558638287,18723.175428237446,23572.66411003207,15790.993400872829,18250.118449289916,27579.073535770265,36586.66690653456,30726.310887982294,28324.216001913726,17803.965388159417,17971.016873768243,25134.830095036465,28295.81245145476,20958.577180383676,28889.118333023052,27568.324178925297,22899.900441679743,29142.03738153064,34244.1451579382,25330.229629518617,19987.45294406093,18773.151052368266,28783.32597396276,31014.54285155669,18447.162250338562,25534.123562862078,25298.891697742918,16906.511647481766,18462.639499594436,24745.334971771314,24928.055992908477,31911.058848603065,22816.24042064245,20360.86628177185,20724.464155401507,20579.489834713564,29268.462128300718,19796.52936359226,19110.21776152267,30350.710040859456
1610555606.68LaSQbm9EHAFycEfFtEqAwYqlBsQPjIRW,16589.45582319283,16695.661417673007,26474.49240380266,0.0,15853.40847411744,23206.133585452048,19495.883291340753,19403.78891008814,23888.32736441061,22601.212721071115,17680.109473527442,16036.979500504645,23352.139733960652,20358.733761741805,19294.994310792994,16195.30033792251,22750.185586496642,20835.35875863736,18310.363978988076,16560.547479618792,15149.379669666208,27551.133342788802,17143.230706904353,23009.223818383372,32726.980890665844,30245.198891441643,19577.91643666027,14964.258305177396,22552.01587011493,18085.478200449194,16442.5159871787,29672.595943881053,23662.807368876794,15152.292332091009,18599.201626024522,15363.783597528283,15336.732273557915,22411.899219909294,22144.748561476034,16236.053381486954,14160.374757771593,17923.716110923822,14677.956166243857,13580.452576677993,16422.765532799545,13727.746907603954,18476.147745019065,16088.867897160037,20370.462510701356,22158.709554994864,14287.010216581477,17358.93479264475,25464.8098809318,15846.171762321403,15197.123658055682,22194.709311809034,19590.487173714308,15340.687995306498,14334.544596411422,16867.091529604935,16573.125458940092,30114.09458460909,18263.063451054426,20028.308270630994,15701.480592175663,28655.803080947604,19186.428332069972,15244.56835787332
1610555617.19EKxMEwDHfXiEJZc27TsGoERaD6Da4BZU,13202.492061271998,16980.848598162138,22405.8984419466,15853.40847411744,0.0,20152.323829581426,15237.681509442853,15541.957328395996,18780.108577135346,20987.936987306843,18657.41904850604,16337.79288826154,21917.37707322969,16339.56284900753,17899.456931996294,16778.835105329617,22161.223865582935,20202.901832068063,15208.177416337607,16640.50555217464,16208.062309497516,25493.95190291724,12527.114901460172,18968.132558778165,29408.636194318362,26822.479502155533,15242.147319074054,15802.086019763343,20962.856034793276,15093.173556677715,16680.01721496889,25430.417863428313,21980.30909675751,16579.314822917062,22069.719656684603,18060.6564087345,16606.208615044838,20841.581088895226,20696.99706285316,16776.721460374923,16588.726947196632,18146.88565887634,16698.691220027653,15963.901514502893,16870.306518516423,17031.867048179138,20388.644106073352,15183.714973881926,19031.42515695144,20151.797560071936,16786.197940643404,18097.062876974716,23464.602538563762,16998.005523526503,16369.805495613546,18157.89217158183,17715.20847510738,16660.643066687204,15481.803330889094,17340.874332782063,16940.157272960456,28206.24313147294,17473.636749920308,18924.045871982966,17516.197493936488,26607.88319278624,17866.878500756637,17595.88110317707
1610555722.52PJ3FD50MGhRXyUD28vluU8Z9UjLJLZn4,19744.038524464708,18122.28233947129,16235.676255222332,23206.133585452048,20152.323829581426,0.0,16479.136280730934,17151.806593009893,14502.702766545335,17134.402046315092,16860.92817946509,20152.76007555412,18361.43626508888,16210.42002925913,18312.49871414563,19605.12686097977,17506.33806771304,17469.20178919369,12250.074340764335,19845.800163067786,21958.224132733456,18296.209370229775,16591.451847370026,15826.242790049651,18632.415157588755,11606.836085034216,16074.571136417098,19288.10382096784,15650.323084565787,16903.516161933683,21496.47665987044,16346.002283196221,17573.54958841728,24516.810331007993,33694.47979526074,27662.125093067014,25449.532819551434,16144.425542781042,15981.19402499701,22290.16774909846,25588.621113490542,18162.715473441243,25893.876598298964,24229.13190972962,19781.090590158845,25569.64886979102,31281.30727903859,22631.922749469566,18376.096233687316,16976.962355870015,25831.57864151525,28345.052640269005,17308.28704401798,22789.804068045643,23520.445667288463,14203.991493548945,15798.785353537063,22252.41643488234,22060.366351325447,28504.75649482676,19580.502704866172,19761.59477689963,18845.49849443463,17750.525208028037,26900.861254848554,18914.19375691012,17038.725776117888,26917.983052804808
1610555617.52Ijr5puT55g9apK8auM7zaxa3NANg502t,14640.369691406753,15587.783621103219,16522.31289533661,19495.883291340753,15237.681509442853,16479.136280730934,0.0,13832.002894957901,15425.822916617928,17774.752989882956,17085.91367761715,16817.775583901435,18503.293629571697,12056.90783711116,16515.43016699477,16827.011130224546,19104.92635589789,17531.443602364277,14246.184960658842,17245.219793848384,18828.93935441571,20686.171595781303,14480.825305913097,14623.819344850568,23523.130029925513,21437.60529149856,14619.831343063986,16618.05624187146,17552.306244927175,12427.295215158772,18089.046040106758,19223.652857307916,18309.59773463578,20599.431861975416,28397.99703505483,23127.99935004179,21086.369810570766,17295.730411922497,17183.62900788166,19061.02654753768,20939.15630670834,17140.533070256584,21626.059111431892,20297.62822545817,17628.356399710985,21643.704735800147,26282.957391133812,18640.389197617314,17279.42849883416,17774.37460152569,21249.019958205907,23217.80623417937,19261.562132920317,19160.400370207382,19093.849949900126,15749.228847327615,15940.305482990736,17916.770079519047,18349.54606002761,23357.450068293263,17655.906920109144,23089.73174163555,16759.42040142446,17322.567719666094,22003.968094106454,21799.1163113528,16160.420219848,22664.029504700742
1610555638.77ZLjTLkz4jYJdFMI2wWBztzsDILkoOtAk,11781.316662129519,16506.22311875875,14044.74518840514,19403.78891008814,15541.957328395996,17151.806593009893,13832.002894957901,0.0,15900.57064497967,17855.119743452142,17897.45716544802,17319.781227819123,19023.673884372954,10842.034796993243,17677.893839327007,17152.6850908701,20152.992216073555,18864.36611874001,14608.166425950789,16989.3506173673,19315.81568568198,22289.904535480036,15007.717639654398,9641.03452447322,24821.128612980694,22300.03874683906,14653.215072873347,17024.023634475667,18375.81823043021,14766.777341460931,17931.38427683415,20591.723310808542,18565.565340668196,20410.74708656652,27896.184043357953,22873.38196527157,21205.360046772286,18072.209845230154,18344.88178195505,19145.645868285872,20898.038572127167,18118.912935864533,21363.432647344503,20336.44529287025,18457.507777074246,21767.231871578944,25917.335378562257,18485.332879365098,17714.991189820263,18526.88079986982,21214.72445602662,22875.82876383882,19908.75076169575,19593.113196694605,18497.31915166558,16866.117627787124,16857.814875237265,18649.894791177452,18354.491883360708,23408.292578444423,18246.876066335557,24346.071088620956,17218.68239022203,18534.281401976314,21509.08235172331,23110.076502665688,16768.30241122105,22576.925775173535
1610556912.46C7tJPLF0XfNnm8f1820X9aLmXMHoc0Dw,18022.900811489148,18041.75505720407,14547.609416296864,23888.32736441061,18780.108577135346,14502.702766545335,15425.822916617928,15900.57064497967,0.0,17784.21008594219,17427.135080792716,19976.38114395763,18224.3567479075,14646.872738780194,17649.75095883119,19704.062178252232,17293.133350526103,16818.632984158634,15001.30360928467,20102.223178889126,21840.980236177955,17688.752089770813,17045.237726524392,14241.555696639494,18506.815362414975,16595.535539690354,14852.917345697204,19498.698518316967,16154.758312271533,16657.039645722907,21636.0725767422,15261.068595690122,17714.85562447653,25076.871155015746,33897.463157860366,27954.258027137614,25370.233033029992,16294.807791523059,16120.030387216319,22688.536279894503,25573.197449524956,18004.508952133438,26052.74587546897,24728.84104322163,20100.415289839748,26133.707666408485,31625.56174098067,22686.305240835394,18515.775228847546,16394.36196362645,26014.72023199044,28472.202886170988,17823.92783085451,22536.987241670176,23610.994000570456,13833.23097935266,15583.303701242343,22508.69382363331,22361.723021820555,29005.125477669946,19878.312844115248,19381.363255552358,18765.820701579036,17646.17978256241,27065.121858896993,18292.17842841876,16752.822308173632,27359.031059554487
1610555617.51LjzIROg0aeCP2GhDcAVQ0LipKJB9jmKc,19410.03155410123,17441.4541156034,18453.874370191494,22601.212721071115,20987.936987306843,17134.402046315092,17774.752989882956,17855.119743452142,17784.21008594219,0.0,18511.752702985086,19717.401724629428,15665.332656269404,17508.642596202022,18575.030094470156,18607.0858946951,19550.677914603904,18380.04881661144,17566.683529151145,18204.540418150857,21928.132842220904,20364.191865990877,17975.357666309235,17493.725647855998,21775.213719558218,20586.578917975447,17274.723518209128,19336.139409066862,17105.317150835886,18066.973817609913,19936.675692620138,19976.539038919836,13226.071402515103,23254.09548334429,32098.745303829623,26749.94325442515,24259.547555731995,16678.362729964763,16786.835531042292,20985.90818550386,24272.72291396258,18928.438289618498,24938.23758115093,23745.390682186517,19998.942245325008,25047.19903605796,29777.770723424426,21766.20063263715,13395.03058628305,18173.69524892749,24645.81122025892,27294.046997390797,17445.469862790967,22284.888603258238,22102.59225094539,17393.40487621109,17353.93043678491,21293.925122101507,21269.827892961835,28253.332172448918,19870.248642774273,21856.566586368757,17732.133154484236,19037.659879977375,23952.330509692183,20943.887356316205,17238.342040456744,26117.524480898846
1610555608.17OpjjHobqRkX0UPcaXrbu7K6L3805SZri,18933.73318795039,15122.736825048656,19880.327767772662,17680.109473527442,18657.41904850604,16860.92817946509,17085.91367761715,17897.45716544802,17427.135080792716,18511.752702985086,0.0,17461.774994194424,18571.494420677074,17363.749298313654,16239.052856287715,16868.533353974435,12102.771400522928,15125.766598875907,15765.32154657387,18059.711637865086,17548.38817640158,18638.39000918898,16623.55148781098,18243.63465670276,22771.905174360465,20833.706292884137,16631.53714653673,16602.10666028932,16284.391256857612,16733.595649460145,19101.6931506943,20805.179754298293,18448.75464402424,21010.85055642144,29090.505367966845,22612.568341594644,21575.21080865789,16859.370922014168,16009.976857135613,19498.235359174596,21189.376253545066,14321.597843872696,21823.05595475192,20465.178427930055,15518.112415146457,19614.44974677159,27377.240236466412,20465.058907122475,17976.00374275891,16557.93967758104,21873.22636629001,25386.246715338144,19246.891139467032,18335.21085177766,20190.415472361725,16307.357105139621,14762.30327468294,19378.841167637325,19164.551087175765,25110.492917368767,16019.435170647192,20704.261110362346,16416.626653524258,15508.268733215546,23041.923233958634,19381.92996492499,16068.097202704257,22315.63427959066
1610555721.82zWeNZfGUUfRJkgnAwlP8VMhPzXctnSd4,16362.29985552539,15143.09951923508,22239.127433346617,16036.979500504645,16337.79288826154,20152.76007555412,16817.775583901435,17319.781227819123,19976.38114395763,19717.401724629428,17461.774994194424,0.0,20228.552176255802,17614.35972926401,16993.67502004831,15479.259105912075,20777.509495938284,17768.431251710666,16621.510698634065,15674.007787600578,13185.848238242934,22537.51011052087,16160.885094375903,19516.403358749256,27878.688991602008,26063.851977869374,17418.973073888643,12918.13850525522,18686.768816854437,16224.613881324301,17121.64182321632,24763.78120343265,20302.365974678934,17547.83185076627,22745.1873052191,19016.76594329787,18029.7052948814,19017.249474116365,18979.814453445197,17410.881288354423,16853.903799149644,15709.176244927688,18504.056062117757,15850.078702429722,16608.43376120432,18073.748321376006,22365.824176133545,17202.947872938,18344.53309394091,19074.134971712738,16148.571895899438,20650.291612934325,21791.417365261983,16871.62254392423,17113.89546678569,18860.56204187279,17649.455591173624,15132.07057954543,15649.777560254386,20474.195494706702,16530.812680998424,26031.73046481097,16654.50512425785,18418.42494569328,18714.002251512837,24496.978736724737,16688.656435880777,19070.133446532356
1610555735.75bom85BDF0C7W2eIseHeMxi24qR68nzMi,20560.49792760008,16544.23874804234,19162.20315718619,23352.139733960652,21917.37707322969,18361.43626508888,18503.293629571697,19023.673884372954,18224.3567479075,15665.332656269404,18571.494420677074,20228.552176255802,0.0,18492.124423747176,18190.199950084047,19585.316639758446,19164.72981526279,17725.020584570266,18713.882124043525,19743.311088832343,22357.613155533225,20241.20251527537,19392.136816136157,18448.904983110904,22153.31890232258,21229.191868418704,18025.801467018842,20032.48963469573,17752.446100479985,19103.50228457925,20908.89489769106,20251.4520411662,9867.329885956577,24043.169560174123,32914.68323919071,27445.882464076254,24922.202866188778,17118.376909376067,17056.75696218046,21840.85600081176,24919.24435274046,18909.476302840816,25615.08162411643,24529.91821621569,20328.72556588334,25311.59507031666,30528.52301233999,23043.53112751434,17861.156831939414,18198.59707906157,25766.47885170388,28254.47310264837,18319.618782839454,22103.132882853824,22841.14173990532,17894.62664660313,18308.326823716106,22485.102335384654,22498.44354987459,29114.3752526418,20257.436604935938,21129.141090115958,18310.13159918501,18803.029007491205,25900.76775543025,20341.04359050034,18007.179317039278,26704.404876538858
1610555735.77NnT5xqKnwcf2BbjIekeb2arTQj6QMNwk,14096.486016623658,16428.075100247905,15218.346599406344,20358.733761741805,16339.56284900753,16210.42002925913,12056.90783711116,10842.034796993243,14646.872738780194,17508.642596202022,17363.749298313654,17614.35972926401,18492.124423747176,0.0,17076.918736560714,17304.05269485957,18983.03572643419,17882.455964999204,14460.673327106559,17538.63342323857,19688.616988874066,20708.996017148707,15238.378962981715,12717.71482835611,23151.42291655418,20718.70904737326,14523.824370225078,17283.819898863396,17563.654633685503,14343.598407814881,18668.469055397585,19011.075852703038,18071.025969566323,21518.360907492475,29392.060653294953,24111.11882601764,21957.789669751888,17309.381163814636,17538.028196826544,19755.160292082826,21881.665201961183,17653.445161149702,22444.608022149918,21403.430160440083,18440.05857246548,22642.226775882977,27264.543320771183,19380.21837437547,17483.020857020114,17898.930008158502,22258.29628652942,24063.017671834124,19158.395263960192,20016.4962184079,19795.922583560558,15951.512368363525,16250.81574465234,19102.806601753877,19081.234584278478,24634.699634262568,18184.264530249806,22756.940363221238,17241.92984178397,17630.759385762747,22808.81398794051,21517.63446369995,16473.342736912768,23529.34621271433
1610555638.33wjf1PhdNaoWfbRzXVn50hmFyB5bYAiLV,18113.22302999165,15660.980592477617,20363.312496361777,19294.994310792994,17899.456931996294,18312.49871414563,16515.43016699477,17677.893839327007,17649.75095883119,18575.030094470156,16239.052856287715,16993.67502004831,18190.199950084047,17076.918736560714,0.0,16836.436781202563,17993.148577033284,16189.28926453045,16434.77741076892,17621.846769461896,17764.328945538942,19338.055965440057,16584.906966256363,18491.500447696457,24214.29007681475,22690.407697479608,16335.299187866955,16785.962466756315,17181.96700928062,16533.85276529611,18080.600881656406,21716.83471059202,18456.704643622328,20554.041695720105,27982.68011408587,22085.114419760688,19998.12764994133,17683.68164144547,17222.90442394387,18071.33142259246,18806.163891379158,15268.131106863151,19954.317674810274,20073.22387763091,15656.366547578413,20700.600093467358,25847.529779919154,19281.82940291683,17881.374225386156,16958.563842793694,21158.186143306906,23928.631065751124,19946.86135802563,17571.0987447832,19095.609476096895,17102.684344820962,15524.735021058676,18728.2898756229,18605.45474057174,24095.563835060635,16098.67547509679,21418.36690705707,16569.38062679775,15867.915293520844,22243.822317817096,19679.354087535925,16280.178984883241,21818.32492589961
1610555606.65jCE4ig8Pu8kvAzkxnSGfWsV0nQBjCf8H,16157.103758123209,15141.841027839897,21804.024769530453,16195.30033792251,16778.835105329617,19605.12686097977,16827.011130224546,17152.6850908701,19704.062178252232,18607.0858946951,16868.533353974435,15479.259105912075,19585.316639758446,17304.05269485957,16836.436781202563,0.0,19975.078488942003,18383.932279891957,16376.466604993462,14580.520846664574,16719.051141556858,23133.446050771592,15473.205293566642,19271.25791117964,26982.961320798167,25354.9157209634,16485.77176042713,15154.44081630144,18180.16350587773,15732.964436078146,15264.184479737434,24278.25368538909,19069.84973890605,16076.755470062835,23380.983768976857,18634.288094270458,16992.54811791792,15764.716372324796,18376.963607327038,16677.077835356653,17122.722814246288,16883.168776532533,18441.48939419013,17152.46579955769,15731.527832914302,18640.734335046047,22820.879807466365,16873.824242182036,17416.788492871154,17997.615430434176,17451.964001061217,20964.947319827697,20699.23537051794,17056.14425639802,15535.189995539637,18413.00595192644,17007.790273777417,14801.159047332807,15800.525321353103,21351.933635894664,16334.909935362168,25301.573146404186,13898.748674347167,17892.599046630254,18252.565107015635,23946.954092043285,15871.719834767704,19451.148718982087
1610555608.18ONsBCVo1i7BrX0XG9stct4oiA6ejX9Oz,22236.892307199236,17633.85132908193,19584.625297492414,22750.185586496642,22161.223865582935,17506.33806771304,19104.92635589789,20152.992216073555,17293.133350526103,19550.677914603904,12102.771400522928,20777.509495938284,19164.72981526279,18983.03572643419,17993.148577033284,19975.078488942003,0.0,15903.645353692124,18244.68029776127,21147.10009967693,21247.719117815905,17044.321250799145,19489.352032466457,18991.63202390146,20524.1382402198,19222.291804234526,18435.85560331818,20091.86022500798,17028.229392314453,19230.762770111352,22431.1498784592,19231.856415830374,19017.875626373112,24960.457685864618,33880.01909007643,27211.707851147097,25577.699961764887,17449.42850415585,16363.368857779682,22995.11017235355,25356.387042768718,16481.598645944545,26158.155429445702,24758.04171926283,18411.350578327463,24450.83716576318,31670.270437082858,24054.697223083254,19446.011462444458,16973.706823118453,26263.103601568877,29570.233212061496,19286.382960982897,21558.532250683456,24032.076617151226,17016.700757437517,16326.540822003448,23139.229295351914,23032.142265623374,29550.253341876018,18822.18159754748,18224.917618586005,18551.783662269743,16222.730572115888,27143.819400222572,17013.190413386474,17976.68948121981,26671.353877845162
1610555721.51RNoQUMP19FTMS79BmA3JkgSm2IC2AQuQ,20205.400132971856,13234.996925488655,19595.61072654276,20835.35875863736,20202.901832068063,17469.20178919369,17531.443602364277,18864.36611874001,16818.632984158634,18380.04881661144,15125.766598875907,17768.431251710666,17725.020584570266,17882.455964999204,16189.28926453045,18383.932279891957,15903.645353692124,0.0,17174.160186483623,19200.579513008575,19298.426176415483,16890.166684446514,18053.283778126937,18466.873883441927,21730.741809095387,20685.80117819469,17316.40607167775,17572.982374949428,16427.217603639183,17617.709377076146,20391.520356018762,19515.7292084353,17759.49127205955,22636.48826541163,31398.21631121175,25261.53374649088,23422.911817663473,16283.656288319851,15647.361425226205,20955.15163537766,23028.023127411754,14929.385257619304,24074.56926495718,22105.255821277016,16087.908999312627,21148.543331290493,29048.38001290332,21959.009643112837,18071.47745215288,16679.294951169126,23798.615329338623,27133.105079248788,18656.348357110593,19649.602986169804,21960.732673511695,16457.7316156527,15810.326940480185,21030.021816843342,20734.375039497903,27274.702668685735,17085.05566495931,19377.354301127114,17360.193761788767,15560.404317455348,24946.275283219406,17978.928948797813,16854.83463522964,24347.25012484216
1610555971.86O0cHB2ibBJ8jxoObg01EpGe8VVV5mpwn,14913.316937660644,15849.144541021185,17810.923042545455,18310.363978988076,15208.177416337607,12250.074340764335,14246.184960658842,14608.166425950789,15001.30360928467,17566.683529151145,15765.32154657387,16621.510698634065,18713.882124043525,14460.673327106559,16434.77741076892,16376.466604993462,18244.68029776127,17174.160186483623,0.0,16902.45798276467,17830.23496806493,20457.42970903892,13464.89804964541,15715.327842327242,23217.57833961494,19017.463875789716,14264.724593619463,15711.275472809699,16684.19282903212,13633.031717107795,17686.1968618517,19846.824860260684,18380.616734878564,19819.851340640344,27657.985482304015,22124.575838610544,20297.818264237932,16918.845872193957,16729.60042130116,17929.982797778135,20184.095273665676,16263.305207775402,20453.069515918916,19168.021361615403,16677.695126681552,20552.036369046757,25667.41751635588,17470.391965633276,17109.89958887151,16882.884823912544,20483.95826891646,22394.987023921887,19188.792547836932,18711.856960625686,18896.333903141505,14708.909243359501,14759.929024689674,17893.1233740919,17587.972229269308,22260.756928782157,16478.81769245635,22933.50366776435,16542.916393924792,16479.946641711234,21502.813455048698,21466.4905871316,15277.603690023354,21467.272403977102
1610556911.51zU3duZSGpcw1BDNsBLxdOCITAXwl6z3i,15998.44813961738,16119.968521162853,21917.91611358668,16560.547479618792,16640.50555217464,19845.800163067786,17245.219793848384,16989.3506173673,20102.223178889126,18204.540418150857,18059.711637865086,15674.007787600578,19743.311088832343,17538.63342323857,17621.846769461896,14580.520846664574,21147.10009967693,19200.579513008575,16902.45798276467,0.0,16584.410219770798,24040.999627441885,15659.5944793251,19382.361092460626,27856.35994863193,25783.33213286545,16524.619120233638,15359.144519778247,19225.165876911706,16630.070158475195,15646.712521752263,25035.18160714261,19338.37527204784,17057.062033126695,23656.104962625795,19496.486456726427,16942.958980586922,18322.6926773311,19457.782397695493,17280.61734432607,17552.811622580983,17468.82269948074,18385.781546081696,17106.54787048627,16838.42874532396,18923.991219144693,22564.067492666087,17115.351822963643,17180.9364292919,19117.024023897666,17401.573469620584,20853.64241147892,21381.424511718484,17733.402034012954,15648.58579733327,19006.481248732765,17702.31560362115,15486.945547366042,15505.047964614367,21442.107252674476,17233.77024583187,26273.48663594974,15865.79758419307,18763.86486908261,17935.162916838886,24922.76467027303,16561.96930373745,19787.848273552347
1610555988.71dMoYT8250UHHJGxgmITTmbHe7V6gH1yU,17445.13174682395,17250.23053976956,25092.116155638603,15149.379669666208,16208.062309497516,21958.224132733456,18828.93935441571,19315.81568568198,21840.980236177955,21928.132842220904,17548.38817640158,13185.848238242934,22357.613155533225,19688.616988874066,17764.328945538942,16719.051141556858,21247.719117815905,19298.426176415483,17830.23496806493,16584.410219770798,0.0,24626.365409999144,17130.17605369202,22114.83164749366,30389.13311677248,28078.273578207514,18938.53994429086,13666.322421798517,20882.053983412126,17866.413293761176,17861.563932057892,27725.18881270002,22739.220747809984,16567.421932668763,21227.813295613687,17090.0398020626,16526.844923039484,21287.96643580598,20927.412603498407,17086.152453401282,15676.737966116953,15783.823228760868,16784.403555208384,14739.704086718792,16091.371540752085,16077.30799523526,20468.03018187474,16665.91172140601,19559.013845020905,20345.498219299527,14640.276254202396,19581.634005048367,24071.527177164462,16047.813760036428,16957.648661726926,20648.062437261502,18410.940989212042,15505.466783676828,14801.224450920474,18706.689945780305,16055.523763286015,27777.3873941554,17775.102463474934,18650.4477413108,17822.010767668173,26107.170224769427,18114.99997926962,16904.427850948512
1610556042.81mlUZsSp7gbGjrp8jQSnybT1gPy6e62o1,25189.73899014845,20168.466519645484,19368.175514699487,27551.133342788802,25493.95190291724,18296.209370229775,20686.171595781303,22289.904535480036,17688.752089770813,20364.191865990877,18638.39000918898,22537.51011052087,20241.20251527537,20708.996017148707,19338.055965440057,23133.446050771592,17044.321250799145,16890.166684446514,20457.42970903892,24040.999627441885,24626.365409999144,0.0,22249.81319241275,19983.23629670425,18373.246942473903,18110.633274712676,20513.920774273818,22746.684977031407,18107.212822653622,21248.875429080825,25736.265792782884,17182.49635128123,19865.41860785344,28944.853914717223,38375.77186900294,31683.98303761266,29621.880915081645,18402.27039184155,17674.416170215463,25995.34765506367,29253.27982108226,18205.294724967334,30264.7873970205,28665.13047828357,21981.543967041536,29136.286253230028,35609.24520408278,27639.377616502286,21368.680164687794,18170.222378018614,30038.115177339478,33382.068518285945,19127.28934739161,24769.99600105366,27788.789724989583,18308.213807009328,18906.223074190173,26121.728858199425,26563.990891156296,33656.85232942775,21494.628800848273,16167.788983923476,21359.136275091925,18606.977765537624,31146.507208400788,14153.784566624194,19993.34362662429,30630.089304290028
1610555637.02UBW5nKvDyUrKnaWcYRGajZPxTRDS0q3N,14112.950797773969,15370.106643918063,19703.54149858782,17143.230706904353,12527.114901460172,16591.451847370026,14480.825305913097,15007.717639654398,17045.237726524392,17975.357666309235,16623.55148781098,16160.885094375903,19392.136816136157,15238.378962981715,16584.906966256363,15473.205293566642,19489.352032466457,18053.283778126937,13464.89804964541,15659.5944793251,17130.17605369202,22249.81319241275,0.0,16989.460264578258,25134.7591678808,23003.60665239098,13071.775445095116,15318.149833959253,17927.341261600825,12738.455685058627,15998.902342200965,21270.917004450836,18952.228910815826,17411.27866101461,25393.530784136645,20323.530849555707,18188.878184616817,17176.503143080216,17520.867989364753,17243.946733749734,18171.122456212004,16685.728866343637,18575.339653634925,17658.470423413033,16047.604124482012,18827.14774178143,23223.168647915067,16283.205246072866,16698.008879349294,17614.247299471288,18695.194424861686,20405.010141058166,20359.267872916655,17593.82630306162,16935.83208770675,14140.502840700145,15061.395242971654,16603.934850785245,16109.377805288916,20077.52348568172,16134.15347520069,24735.842064950175,15567.341688715325,17019.631804492346,19148.177651543167,23295.08218611486,15974.512808340267,19743.400655645648
1610555619.13oUYNikU4facCTpUSiSLr0vPI0tJLnXiT,15716.684847713233,17950.080360370022,9970.689061819634,23009.223818383372,18968.132558778165,15826.242790049651,14623.819344850568,9641.03452447322,14241.555696639494,17493.725647855998,18243.63465670276,19516.403358749256,18448.904983110904,12717.71482835611,18491.500447696457,19271.25791117964,18991.63202390146,18466.873883441927,15715.327842327242,19382.361092460626,22114.83164749366,19983.23629670425,16989.460264578258,0.0,21138.134756681076,19024.410601424246,15411.638689786641,19376.809834637872,17251.90475610493,16378.792003584826,20641.50906277639,17255.050313811007,17734.032295817637,24150.13566049905,32646.908197846562,27056.501895033347,25012.193916042594,17164.55346991833,17372.642355430293,22131.211977851588,24852.346470666052,18914.640207678665,25362.48331645659,24069.75134174187,20452.06253081464,25597.401785580958,30432.877403492435,21998.502002984074,18375.285837936775,17914.148830549966,25199.47820277948,27243.933084069762,18377.006921369248,22482.9925682196,21967.380184218244,16058.864472039655,16974.053128119478,21714.469742796206,21703.75007611629,28106.431834121857,20241.351611292434,21504.05640996556,18484.143234782423,18893.870917930446,25696.667702905983,20604.64195279376,17337.94343623646,26712.117323125545
1610555721.03nzkucfjAUh31zTbmCVvTVYqtjoxZFnBh,28850.079423190236,24722.656333969815,19004.933629715997,32726.980890665844,29408.636194318362,18632.415157588755,23523.130029925513,24821.128612980694,18506.815362414975,21775.213719558218,22771.905174360465,27878.688991602008,22153.31890232258,23151.42291655418,24214.29007681475,26982.961320798167,20524.1382402198,21730.741809095387,23217.57833961494,27856.35994863193,30389.13311677248,18373.246942473903,25134.7591678808,21138.134756681076,0.0,15504.80355934957,23088.440050293233,27423.652207376825,19246.14029936366,24867.65891675482,29754.496457601894,14560.201941030677,20861.758726544154,33599.470955592136,43735.16855596414,37283.92879258053,34422.17899246888,19418.172427770685,17202.16563996995,30775.842671682974,34791.046785225255,24523.145354411987,35179.35793056136,33577.87345317893,27194.526744381634,35002.16007314613,41388.992482358895,31424.83986290365,24120.299343105053,21313.648971939383,35417.02016698483,38300.89321307229,19675.012577307163,30967.695675618543,32451.764837629045,18245.429983750542,20430.055980600908,30968.682303969767,31137.702025741004,38593.62748263984,27108.996529066157,18213.25435567315,24970.143746065634,23287.07882444799,36055.480418833904,18211.175811957215,22830.845707242996,36628.84084809408
1610555722.67fhKURdXVzRbLIjXmjRwdJHTnE7PWb1AE,26250.134540688625,23390.176354027368,17392.74039092773,30245.198891441643,26822.479502155533,11606.836085034216,21437.60529149856,22300.03874683906,16595.535539690354,20586.578917975447,20833.706292884137,26063.851977869374,21229.191868418704,20718.70904737326,22690.407697479608,25354.9157209634,19222.291804234526,20685.80117819469,19017.463875789716,25783.33213286545,28078.273578207514,18110.633274712676,23003.60665239098,19024.410601424246,15504.80355934957,0.0,20829.743133710224,25416.582519896787,18288.253328523828,22513.27853936193,27651.16225107835,14853.254912925,20188.520244418083,31524.035817642085,41293.80591073637,34820.26725531949,32279.02468404187,18849.48628381597,18674.94614472636,28791.86169393977,32602.161712950274,22739.5383478475,32983.19810478521,31401.94056834423,25321.20264630987,32642.243043983217,38748.35153364387,29604.67321062398,22862.200612427598,19940.77529865868,33090.61593969303,35779.09636677379,19006.782547788414,28903.77228257002,30148.35089861938,17560.81646810372,19920.82361304185,28842.487160604895,28893.9281569625,36183.57666069672,25193.25291715055,18402.129514063858,23829.475706472243,21669.273383188043,34053.1225502274,18169.240958537568,21528.706279368707,34138.1747288587
1610555638.39J2ZWBLuLTHP0jOlzB4tNHmYeijH5g5YJ,15273.231865576305,16084.024049537,17339.89018922787,19577.91643666027,15242.147319074054,16074.571136417098,14619.831343063986,14653.215072873347,14852.917345697204,17274.723518209128,16631.53714653673,17418.973073888643,18025.801467018842,14523.824370225078,16335.299187866955,16485.77176042713,18435.85560331818,17316.40607167775,14264.724593619463,16524.619120233638,18938.53994429086,20513.920774273818,13071.775445095116,15411.638689786641,23088.440050293233,20829.743133710224,0.0,16925.651607884818,16649.088802256116,14746.733873303572,17260.59334662946,19505.41699379503,17670.214803611983,20431.800250374963,28655.73067074496,23200.89147660942,20523.1524407443,16468.37583879998,16863.38473860202,18563.496316858556,20729.920961734813,16942.669184457915,21380.266571875072,20625.585993836874,17387.45706374474,21830.608299420095,26213.200189281422,18016.81454244017,16478.51665808208,15739.656420370568,21557.74588857929,22964.38286655835,18674.406693883553,19438.228219831308,18835.47881566898,14664.286666511312,15743.358656561857,18763.992718872694,18443.86198099118,24164.904414289973,17431.32358591568,22455.062681963052,15667.260705884844,17001.737139680423,21861.503239848455,21108.88452312057,14661.625677393456,22839.923087670017
1610556032.17Q6yCDx9g7alRnL9jBFXD2JhhUyB2hKfJ,16044.135298154535,15061.156363212838,22198.67540659814,14964.258305177396,15802.086019763343,19288.10382096784,16618.05624187146,17024.023634475667,19498.698518316967,19336.139409066862,16602.10666028932,12918.13850525522,20032.48963469573,17283.819898863396,16785.962466756315,15154.44081630144,20091.86022500798,17572.982374949428,15711.275472809699,15359.144519778247,13666.322421798517,22746.684977031407,15318.149833959253,19376.809834637872,27423.652207376825,25416.582519896787,16925.651607884818,0.0,18271.04712913931,15898.37000786371,16653.268444874706,24546.179760671544,20048.124214369924,16025.340517706083,22995.72263367974,18274.170235677957,17137.644847279076,18145.20051726908,18531.02330645118,16548.121372753714,16537.11412742912,14838.96547951276,17424.95619652193,15148.099703272277,15711.761391250346,16890.612184784877,21996.975019923688,16558.800261825236,17697.565095570422,18497.60130120713,15590.411683931949,20011.20483215233,21177.120672772005,16208.335451526558,16459.85827464373,18085.679973490864,16580.039583270784,15111.063565633991,13818.63972836142,19913.81607324319,14856.887808429865,25587.919802324846,16211.16371760618,17010.60813739692,18265.532156050012,24003.79228982008,16140.222375243062,17283.58876606972
