,1610555604.25mOvVXuL01OCiReyVWBfesjuvXmB3MoPy,1610555605.43B6oDsBtWRQ29Q9UMQuTUEPZy3FSSWXzc,1610555610.92HPGJJSmyPM40z7otPBgHalNrHFA7zk5d,1610555606.68LaSQbm9EHAFycEfFtEqAwYqlBsQPjIRW,1610555617.19EKxMEwDHfXiEJZc27TsGoERaD6Da4BZU,1610555722.52PJ3FD50MGhRXyUD28vluU8Z9UjLJLZn4,1610555617.52Ijr5puT55g9apK8auM7zaxa3NANg502t,1610555638.77ZLjTLkz4jYJdFMI2wWBztzsDILkoOtAk,1610556912.46C7tJPLF0XfNnm8f1820X9aLmXMHoc0Dw,1610555617.51LjzIROg0aeCP2GhDcAVQ0LipKJB9jmKc,1610555608.17OpjjHobqRkX0UPcaXrbu7K6L3805SZri,1610555721.82zWeNZfGUUfRJkgnAwlP8VMhPzXctnSd4,1610555735.75bom85BDF0C7W2eIseHeMxi24qR68nzMi,1610555735.77NnT5xqKnwcf2BbjIekeb2arTQj6QMNwk,1610555638.33wjf1PhdNaoWfbRzXVn50hmFyB5bYAiLV,1610555606.65jCE4ig8Pu8kvAzkxnSGfWsV0nQBjCf8H,1610555608.18ONsBCVo1i7BrX0XG9stct4oiA6ejX9Oz,1610555721.51RNoQUMP19FTMS79BmA3JkgSm2IC2AQuQ,1610555971.86O0cHB2ibBJ8jxoObg01EpGe8VVV5mpwn,1610556911.51zU3duZSGpcw1BDNsBLxdOCITAXwl6z3i,1610555988.71dMoYT8250UHHJGxgmITTmbHe7V6gH1yU,1610556042.81mlUZsSp7gbGjrp8jQSnybT1gPy6e62o1,1610555637.02UBW5nKvDyUrKnaWcYRGajZPxTRDS0q3N,1610555619.13oUYNikU4facCTpUSiSLr0vPI0tJLnXiT,1610555721.03nzkucfjAUh31zTbmCVvTVYqtjoxZFnBh,1610555722.67fhKURdXVzRbLIjXmjRwdJHTnE7PWb1AE,1610555638.39J2ZWBLuLTHP0jOlzB4tNHmYeijH5g5YJ,1610556032.17Q6yCDx9g7alRnL9jBFXD2JhhUyB2hKfJ,1610557007.49MyVgDnuUuBxrvL6SGOdhKf69VYlW1MSm,1610555638.44hjT5hbYdKoE3MB6hijrjqbjmLgvCUYKD,1610555608.13zUvmFSCRt6SsLbhqFznMEvGx54GPGQzM,1610556038.62a5C4ynd1AARyAhTv8a58NCqHvXRjscqH,1610555644.45Xse8u7pusHNsd7F3d0A32HXvXr6weOJE,1610556038.62gKXOCG7XCn55eJvyl5voNjbwOW0znQDq,1610555987.13v0oleKK97pkesp6oMgprH8SoSdoDVdIO,1610556964.96ZLLeiQW0qpmxhPGTg7K03fmzkqsC2bjC,1610555987.13VQlEedQ50VvkPMEMzZDv3KNnQCewykN9,1610555982.186TY6MMGkDecIN1woW6vsfAMXVV7jnyjO,1610555982.673LuMndkwkvdmZOn0MmE2Pkidx0FtNalb,1610555733.38zItcuH7gHNfKdALR2d9Nek6bxCyw36Vm,1610556034.15BQxSbZINGCay0yp6RBVlgcPrw76Yn9ON,1610555639.37BPZpgtGml8qUsh9AdV4m32jPLfI2aNFq,1610556965.57S0adAalhWYe6K3bkZU0bRHbqnDK8gGkR,1610555983.54zteLPCMjyrjzPdhHhlZr3faCgD0TfYr3,1610555987.79rHnNRmt9a0ufmnwCvZqBouyUoZDNpylW,1610556960.041xWER61rmArlsKfiMl4frikWmUCnQ7op,1610556035.13a7NHZDutfTMJ88qle1gTYY59Dr4WmMsj,1610556890.456ZBDaY16bMtrTZTqAgHl3wq1tRxzqDow,1610555760.24e6890pkbyZ97Or6croI1rQgjkSsR0yVt,1610556043.02YpWMIJg3W004iqlPyv8OcVAZdSC5rNYw,1610555987.03z05P26TLtONYM1HSzupoc2CeNMa6HTqr,1610556032.15OYCzUxpsz7b10AXBAuDXrvEcvxFhf0M7,1610556032.63Z80yI9pNwS3jSmsDABbuhf8wkNa2Ze9y,1610555736.28eGuESasTXdR3SqY6pHhEXWZtcdciYLCO,1610556034.61bebeZA0MkaFG2sm3VKiqrxeqQginTTW0,1610556944.5XwXOphKYT3ZkWA8gViqOS97VHVuMVUqb,1610556944.745UVLFBzf7fPh4UH37I6tYQOFPqRDytEh,1610556034.63XsUwaFaPZevO1JNFjfhvY4aKNFnV4noV,1610556964.89xwBHw9faT1HjQRMNQEyA4qJ3hWkwgj3k,1610556966.74DydzH91jtyvRyYau47JpVkZoMRSNTt01,1610555740.77UueVziDbaXyRR4OcVJIIZyzOfAzN51bj,1610556046.84e3vwjyRCzqz0wJQhrk8zsxlFfFSv98Df,1610556137.99eoPuVrDThKAOvmeprLPb2FWRqIhzUodc,1610555740.73XFwSrmTXJPlaxGZSefh0jOVA8PI3III1,1610556123.88AOfNaz9jSnqU5Czc7okOv1RCrYfKFBTo,1610556046.85nB7NvyoYQeLcOV391Lmmut1wAM8CFGLw,1610556123.89H4pdIAzDthI7bMXMhlIhKUYIQIvtmPPQ,1610555740.87GOYQUJKpkynIS2lFqppYK4b32ol7NeGh
1610555604.25mOvVXuL01OCiReyVWBfesjuvXmB3MoPy,0.0,7361.410466574226,4811.119431825551,7804.729978209351,6011.109696020043,7154.754346841441,6090.00911496369,4740.763969901466,5348.875440713046,7410.511520330002,8267.280901082548,7928.118144366759,7617.702708616963,5678.869446181682,8415.911728411998,7931.571540448197,8588.854708334698,8300.974599258514,6512.190847550666,7427.285568907957,8178.184462955676,8727.480817398238,6767.953814074177,5010.165713091133,7529.734116029524,7217.055717495852,6373.744824853864,7861.696531515102,8144.110666376537,6905.873083125669,7679.595136471083,6130.614818957124,7505.126572527873,7949.131035706835,7854.51981923098,8078.678942391369,7773.999191138186,8052.659522553016,7895.971641815175,8304.315857210608,8093.710861396702,8423.13988114636,7776.846174219512,7764.238088093117,8361.685332769173,8146.1874368286635,8170.88559780661,7174.005979619453,7867.88218732867,8102.418865639016,7722.217975700407,7171.227655636734,8691.914026873621,8531.456530987969,7645.899009179379,7107.897630071308,7583.521090476774,7860.947607421089,7590.816631671895,7256.928431261113,8762.404219818663,9514.7541354542,8035.541850078876,8406.277185662311,7553.491316105113,8903.2426721679,7799.6295358442885,8361.39453613351
1610555605.43B6oDsBtWRQ29Q9UMQuTUEPZy3FSSWXzc,7361.410466574226,0.0,8351.843071048334,7014.963136815671,7636.334798768125,7846.727008966003,7291.040073226515,8172.683222813599,7776.9399420110985,7508.3578044438145,7263.419781310158,7232.04559083411,6892.1204372345055,7725.707413460141,7865.028260627933,7441.108874749168,7545.974514842875,5807.796179528816,7746.609520160704,7622.96747161636,7843.784744062959,7703.703325640156,7731.217067266173,8358.115273548083,7508.320614702841,7939.19187267025,7850.914288023404,7449.188587067011,7684.296704052648,7642.261793367148,7960.203822812636,7094.269197294495,7072.025042030823,7700.622140033519,7700.643050215409,7854.40371124929,7766.2539143954455,7479.509156880249,6633.169422351941,8468.838714664895,7773.636214765669,7481.733571811067,7971.800593532604,7273.174202200662,6897.582517742672,6040.577711253305,8354.15241068813,8016.629194942925,8066.900500742582,8118.369148967806,7811.1802547427205,7968.952753059136,8467.508468639346,7833.212946794312,7820.454567567442,7649.226200788894,7652.901348672667,7734.995751635497,7951.667670771648,7479.446801478987,7998.547010503011,8714.099810155516,7523.998068065875,7739.950518519098,7577.551596261835,8091.569551307207,8025.180470049384,7778.273690406421
1610555610.92HPGJJSmyPM40z7otPBgHalNrHFA7zk5d,4811.119431825551,8351.843071048334,0.0,8539.242751329879,6965.458560913424,7893.175988078068,6313.9082298072435,4596.371256218381,6556.712399554765,8352.559481045288,8985.85320812809,8528.859797014207,8531.936479562255,6034.346709822061,9053.634812970617,8619.774011462747,9257.014304626839,9112.529417861977,7333.031476196877,8160.235658971078,8876.000497026196,9425.660240519914,7618.283767643641,4399.975096339602,8325.998580151994,7971.545941353151,7358.151873012385,8501.119431878487,8798.09530356869,7497.523061790339,8501.111459814141,7151.726859427745,8406.413505626962,8660.14615910171,8524.7417076795,8780.350949005453,8506.682386232482,8787.78427287243,8736.57033655168,8977.306072909652,8717.457100306105,9119.175325398015,8529.296004165137,8451.698039401897,9078.761944717568,8924.164111818141,8927.084394753349,7929.28472542866,8622.045270367107,8795.851207990381,8412.96395968897,7892.114547094084,9364.97014378632,9307.749084843032,8155.4159193214555,7946.071945482746,8321.362678293233,8485.97274651908,8308.649540713648,8016.155346150743,9423.83800008512,10136.484966320804,8760.609364618265,9097.569843031222,8243.412575533393,9551.484415436526,8493.82891972587,9023.430491356552
1610555606.68LaSQbm9EHAFycEfFtEqAwYqlBsQPjIRW,7804.729978209351,7014.963136815671,8539.242751329879,0.0,7552.34743528784,7400.698889816046,7802.215182130712,8360.474896583171,7991.680798001494,8032.733403705384,6242.142146336056,7578.164772332243,8258.30089576572,8080.1353603808175,8188.47284667779,7453.591642946882,7520.151401903444,7596.405038492113,7238.224841255065,7501.401964044624,7391.553338024721,8467.163046927772,7678.782025448288,8513.724345155711,7854.532626206213,7597.005559624664,7805.337728177237,6978.051250188468,7604.723341118583,8027.646369553231,7881.263682061819,7828.405109738365,8092.906924429418,7804.951254684986,6936.477521036827,7272.060982505035,7316.600306012024,7761.569467135835,7370.080439323013,8138.044317937862,7060.578058567992,7539.826589965362,7140.505108490501,6797.718207654245,7470.494470911959,6905.9384725322225,8266.87216828264,8003.145743261014,8381.586967257885,8155.613640575027,7174.994366674614,7740.612166361214,8905.04492015088,8234.060082721337,7624.685497527102,7684.914619973967,7222.199766881083,7444.1432301112245,7257.5750720322985,7525.375124039666,7969.153937232953,9164.302248047788,7905.962709213361,8040.12451633466,7519.27060812048,8617.527929857826,7884.3689994048555,7566.748986842656
1610555617.19EKxMEwDHfXiEJZc27TsGoERaD6Da4BZU,6011.109696020043,7636.334798768125,6965.458560913424,7552.34743528784,0.0,6846.770170503024,5939.823331895755,6738.545619604807,5699.69118397505,7897.112226615074,7973.819983760932,7974.137938034909,8162.225251617321,6441.2746998377515,8126.153916941658,8010.341368068754,8411.29498623792,8189.222606457779,6508.402449208342,7528.5520310843895,7944.722570252288,8682.48426413744,5537.7378312673045,6946.987395928064,7223.376823411664,6931.74892507025,5911.744050851696,7690.371216203348,7900.636848602949,6986.360887652283,7833.947528435236,6163.67634651066,7982.516462849353,7866.326279213694,7520.922754604756,7803.691694512003,7371.629647458027,7922.986239589437,7830.553742462915,8270.723380679257,7820.523390155329,8317.006169540395,7456.188105205569,7540.4039933629465,8114.261304167543,7842.286187036869,7994.76810091696,7249.732884172219,8140.6731141621485,7793.405682596334,7681.806774928068,7083.3719637615895,8803.239075909387,8569.985178352772,7809.51132196842,6204.878362204499,7116.855758406621,7921.155305418255,7520.724805030105,6809.955810042825,8458.756846020153,9514.556278449243,8025.402353774338,8187.47638554221,7589.322416715427,8744.952243040769,7802.9907251768245,7995.238557724443
1610555722.52PJ3FD50MGhRXyUD28vluU8Z9UjLJLZn4,7154.754346841441,7846.727008966003,7893.175988078068,7400.698889816046,6846.770170503024,0.0,7188.585745997589,7716.6398129442005,6958.60535618004,8055.622289497155,7719.450008068704,8235.60178245494,8383.997812232736,7383.7779587563,8502.925450030745,8147.956741155123,8428.971475037326,8313.113869852248,4868.228222964593,7866.365454195205,8006.192699620198,8834.259934404483,6720.584897163103,7877.016735306134,7357.468160516911,3729.274265512789,7221.74515624939,7625.176507802901,7751.914662767791,7344.710816281787,8233.943646901933,6900.039373073746,8231.297189386738,7907.317629679759,7660.213442811314,7834.740006949247,7853.520710985433,8176.912256768636,7937.137322170238,8236.972179484266,8227.563056511472,8239.217480002835,7747.554965584971,7420.286010429473,7994.14880925583,7446.441035783851,8049.681601765423,7402.507890231376,8424.99704076471,8077.613082189476,7632.465624913931,7340.628003699554,8819.86273169932,8747.390196735703,8243.673913248682,6769.980867970517,7397.397129300188,7906.7379261875585,7541.945256167078,6623.084661931766,8209.503906108024,9487.956242244578,8395.034789121826,8088.795946352184,8089.675191989914,8883.017720538748,7950.672003226537,7794.010308127722
1610555617.52Ijr5puT55g9apK8auM7zaxa3NANg502t,6090.00911496369,7291.040073226515,6313.9082298072435,7802.215182130712,5939.823331895755,7188.585745997589,0.0,6589.571703587035,6516.096914654056,7860.344982009067,8074.42057911511,7793.922318601915,7922.452297849455,5364.378071867122,8100.379173079259,7983.3244367038305,8430.06978943212,8166.388406184537,6804.994438642085,7757.4038661261075,8102.936150959261,8431.995100487795,6970.530032885341,6613.304790856918,7322.7728185786855,7202.866745357004,7007.3872830551845,7722.254260777665,8128.829481802894,5900.274251593632,8058.949581337848,5967.427921435546,7909.192314171251,8125.502550280288,7830.985464573816,7970.53623807776,7808.703255216044,8122.41623786123,7791.751934650649,8356.05772475055,8064.5293710631295,8287.703760497749,7891.232104567639,7742.473708544637,8154.715443351746,7967.116698731208,8315.751149477099,7438.5140199708485,8108.196956867775,8222.787954196912,7765.155194572602,7274.715728666146,8694.53028258828,8447.154003099477,7837.839024132751,7125.121858377321,7514.619291017391,7652.12499192679,7726.746567459706,6810.684582581974,8564.498422700844,9403.824291072011,8029.821489796039,8185.344283980697,7700.456166692603,8768.963938958668,7872.512634106992,8171.265395704922
1610555638.77ZLjTLkz4jYJdFMI2wWBztzsDILkoOtAk,4740.763969901466,8172.683222813599,4596.371256218381,8360.474896583171,6738.545619604807,7716.6398129442005,6589.571703587035,0.0,6511.164262116514,8191.541301336262,8774.828083623754,8413.014999317538,8421.125495923083,5041.081706058815,8919.791349131565,8522.472335451132,9065.106569957807,8968.752706203928,7224.946526749908,7997.012557409927,8697.275962771537,9270.176934713145,7487.803460472575,3833.0119812525886,8162.65263860982,7742.52444143337,7167.531711997341,8352.287967006594,8706.180750051652,7582.569094252106,8377.530979714425,6872.943903293767,8275.14036674288,8490.371095396653,8379.456015713109,8590.717884633157,8369.267027878375,8580.69587857098,8576.093627222024,8879.232239801267,8565.200720444567,8912.035646720224,8378.043887660257,8318.355894749813,8916.910694902055,8749.832394712408,8794.86548749089,7880.205659810079,8522.103389252616,8665.342978014229,8298.82851314264,7774.065924597452,9200.438837813721,9112.18857507831,8034.563585919666,7785.08128921161,8123.228332827592,8374.618190152929,8156.123513990725,7811.930977333614,9213.057050318987,10004.189891741447,8579.379166295123,8922.363850429623,8066.448549431928,9361.092211483792,8347.952319607291,8815.472153535042
1610556912.46C7tJPLF0XfNnm8f1820X9aLmXMHoc0Dw,5348.875440713046,7776.9399420110985,6556.712399554765,7991.680798001494,5699.69118397505,6958.60535618004,6516.096914654056,6511.164262116514,0.0,8053.500474773261,8335.319966893117,7990.0763528503985,8208.073018077213,6321.675288804029,8375.645055626816,8179.609448462665,8662.872362765766,8279.851015565662,6461.763659241422,7747.064804139282,8069.048518243071,8695.91831002106,6928.487922815656,6632.387381924597,7512.166553684764,6986.635562977136,6628.223529933407,7837.063710856918,8255.88534729442,7243.479997325058,8135.873219972544,6620.145842785863,8130.146356862189,8268.609670413074,7833.889195977608,8026.274296063026,7808.352288997967,8277.351787473863,8166.3220860440615,8429.900936728787,8208.61051144232,8428.824957255785,7812.549027291321,7846.838101055556,8388.50505960491,8148.040545528343,8206.340636648243,7394.117224891036,8389.232576077076,8039.282513657383,7826.137483555101,7257.474769072386,8964.778399815435,8653.506736095533,8104.69426891532,6877.824083724463,7455.226075228513,7975.901463589486,7770.4351874212825,7212.776597426555,8714.026890828489,9631.545737701861,8386.033803538723,8409.257291593074,7965.091990645308,8932.542988610687,7955.8723696398465,8285.824947513709
1610555617.51LjzIROg0aeCP2GhDcAVQ0LipKJB9jmKc,7410.511520330002,7508.3578044438145,8352.559481045288,8032.733403705384,7897.112226615074,8055.622289497155,7860.344982009067,8191.541301336262,8053.500474773261,0.0,8601.189097279157,8431.415965632663,6200.374809584222,7981.251043751466,8749.414373545726,7907.941028643884,8970.890656150234,8600.228220332077,8072.1973074913285,7515.67234489231,8586.262687743581,9191.601092888905,7919.263117154387,8379.978252068122,7686.117447551665,8139.572311790948,7876.5335057589755,8147.650897950965,7972.352668828346,8272.532980655289,7859.486624445697,7953.095563417398,4974.824880227367,7824.599830232759,8042.836564729353,8378.905093719617,7976.479323345616,7733.187844793819,7523.58363775334,8170.198400435167,8337.909053243699,8713.803985640177,8120.529150499139,8146.6354205594525,8450.103524607588,8286.39890067366,8369.278995631075,7547.963951554125,5760.22056927562,8404.953416263173,8000.421392528785,7983.149255688683,8343.377393042996,8900.123515257548,8098.538633115809,8055.078122314103,8059.4257283193765,8136.938403119371,7901.228051431234,8166.495827918112,8873.444844375013,9623.063057444384,7765.218206485748,8696.10928742327,6743.107074002046,9172.482935022561,7969.7356885852205,8532.952551071363
1610555608.17OpjjHobqRkX0UPcaXrbu7K6L3805SZri,8267.280901082548,7263.419781310158,8985.85320812809,6242.142146336056,7973.819983760932,7719.450008068704,8074.42057911511,8774.828083623754,8335.319966893117,8601.189097279157,0.0,8138.163072374593,8653.352239897842,8423.960846707798,8392.970359468325,8105.929288202974,5486.186572636555,7805.360946911488,7621.199549104297,8294.263154181013,7591.101398908355,8506.513455030792,8025.1859658828125,8949.072373705723,7977.001521083918,7649.980330543936,8324.763537500728,7791.571231460739,7958.378999961491,8397.920887808927,8626.552628736346,7966.774346429901,8539.143680630594,8408.430508259611,7729.041329568456,7449.938838364109,8061.505916543183,8438.912225384418,7944.869739403937,8762.175015977931,8007.81997081839,7550.24941114333,7876.941529398351,7752.930483229644,7413.298713866699,6409.95601003445,8729.000515820762,8417.16455684366,8912.512602806348,8438.315454528125,8017.557792682238,8387.113069589146,9296.40995874547,8444.22224850791,8387.908255162783,7918.10939405695,7362.304570267892,8081.580314357589,8110.806285067372,7638.813555900593,8044.766167640383,9066.834450078022,8320.976205895375,7930.847250126437,8239.150891902571,8420.972616625353,8360.85985407908,7821.017450440522
1610555721.82zWeNZfGUUfRJkgnAwlP8VMhPzXctnSd4,7928.118144366759,7232.04559083411,8528.859797014207,7578.164772332243,7974.137938034909,8235.60178245494,7793.922318601915,8413.014999317538,7990.0763528503985,8431.415965632663,8138.163072374593,0.0,8368.537453096233,7967.441060299505,8053.229278986689,7790.633907911995,8560.246152529298,7540.162772942947,8025.074330335125,7613.634629573724,5804.35846989121,7602.1744427014555,8270.972465248935,8496.61882509616,8083.246351836593,8334.848336854311,8230.500073660618,6527.370037697429,8006.037530659329,8259.351098365203,8640.178520332393,7808.914771793958,8321.804956251981,8155.978087665243,7284.679616481584,7557.108021176645,7926.674954171884,8192.863046401924,7846.771325414508,8527.717467401655,7453.853384214938,7142.436899288913,7988.316956281259,7066.608365601903,8260.114501914148,7942.149129846074,8379.448377169321,8147.73384861849,8637.397790075005,8325.716835803407,6647.905480342179,8064.6648205088295,9097.086793699884,8279.094567035703,8159.535758371587,8103.440125568739,8140.7475530153315,7049.769476063963,7504.252657706201,7956.49783327969,8481.026185130513,9370.90118813467,8054.361386811045,8439.44670629844,7846.393846004803,8607.403487624775,8063.330645930691,8071.192734040459
1610555735.75bom85BDF0C7W2eIseHeMxi24qR68nzMi,7617.702708616963,6892.1204372345055,8531.936479562255,8258.30089576572,8162.225251617321,8383.997812232736,7922.452297849455,8421.125495923083,8208.073018077213,6200.374809584222,8653.352239897842,8368.537453096233,0.0,8087.456374422252,8539.698938299833,8143.400787275887,8887.342235466067,8270.658824413957,8392.094144521025,7798.330883725837,8649.88794287178,9073.174375564575,8371.539175094602,8603.344563645682,8279.513228128473,8407.673041930644,8116.45225343415,8365.081878077954,8368.642692029805,8425.631184396325,8119.402882455825,8079.201718806043,4070.741491761828,8159.111868636536,8286.340737085002,8599.098183014734,8120.27920333475,8072.641853640137,7953.118088451851,8369.57708616003,8507.095410959848,8673.42035325656,8295.257724101903,8369.155188372517,8519.519918407215,8171.863530320994,8604.410746354253,8223.923866057501,7818.426014158405,8510.824081814662,8392.167126667038,8279.128118394518,8435.244460362952,8670.141216454462,8176.316811643446,8342.583254451922,8481.485430282532,8389.080077795945,8385.627469365822,8442.322205819793,8981.650785435688,9449.731532334465,8022.027176651023,8655.754514978069,7889.066436217122,8981.21527244828,8306.93828240811,8659.786704704764
1610555735.77NnT5xqKnwcf2BbjIekeb2arTQj6QMNwk,5678.869446181682,7725.707413460141,6034.346709822061,8080.1353603808175,6441.2746998377515,7383.7779587563,5364.378071867122,5041.081706058815,6321.675288804029,7981.251043751466,8423.960846707798,7967.441060299505,8087.456374422252,0.0,8464.352749467384,8149.649925924927,8690.840447854369,8517.16550871661,7020.290695742155,7792.672839837052,8281.554039812216,8837.958821636732,7330.347707658765,5769.226175283855,7750.789948052195,7360.902316166948,7126.6118703617785,7943.035182077741,8418.374492749188,7077.097785541686,8240.815925188946,6567.225219762808,8032.457159736901,8326.792915978862,8012.868656924133,8241.650512603064,7982.971014894472,8344.61056546771,8249.193503874849,8595.289250191729,8322.145272592315,8539.836974709158,8086.588979783518,8061.372142287953,8506.576115573036,8298.620321964872,8484.991486636081,7620.926998921106,8300.155323448922,8426.800767674402,7938.306064724602,7463.885685483419,8933.567095519396,8791.910577014658,8001.862094723122,7497.155257263836,7784.046223833645,7866.15386648442,7873.610740369421,7314.919587919267,8842.18883439868,9710.183537821129,8312.312515015261,8481.855869996856,7892.807127633148,9039.751218756068,8085.707900332315,8406.173211666925
1610555638.33wjf1PhdNaoWfbRzXVn50hmFyB5bYAiLV,8415.911728411998,7865.028260627933,9053.634812970617,8188.47284667779,8126.153916941658,8502.925450030745,8100.379173079259,8919.791349131565,8375.645055626816,8749.414373545726,8392.970359468325,8053.229278986689,8539.698938299833,8464.352749467384,0.0,8390.966626162037,8732.23072193863,8078.4842356901345,8309.9594808607,8513.483258263162,8164.256831301406,8035.0021449424075,8473.305469965806,9052.550444267612,8286.131780821026,8507.698530224681,8393.576434982428,8219.803639417678,8275.680096406373,8512.402054233942,8582.847592318993,8156.797188813676,8588.178152461855,8816.239138718163,7955.004322851886,7676.87140586538,7771.947478344266,8807.677971904277,8352.704744891476,8227.394212974736,7199.521635622485,7734.2147546148,7202.843709561687,8279.70155355888,7758.395550127538,8034.220809115001,8466.910397117792,8434.298097491384,9101.890728480872,8513.566447538517,8250.458405898878,8140.348286349356,9316.239316315174,8301.165745163746,8364.445901027259,8352.281121619015,7801.34984924315,8429.544911867653,8396.869544144602,7923.278898673541,8084.274637569936,8740.310770098791,8688.27871492397,7963.412977716592,8595.397403918636,7703.137178344032,8529.44379614599,8088.247303398649
1610555606.65jCE4ig8Pu8kvAzkxnSGfWsV0nQBjCf8H,7931.571540448197,7441.108874749168,8619.774011462747,7453.591642946882,8010.341368068754,8147.956741155123,7983.3244367038305,8522.472335451132,8179.609448462665,7907.941028643884,8105.929288202974,7790.633907911995,8143.400787275887,8149.649925924927,8390.966626162037,0.0,8594.458515892396,8400.08572802017,8027.916599341173,7054.9718279322,8062.678503675403,8894.464550547338,7878.258255272585,8644.406206589916,7854.139467725095,8264.072347421372,7921.097227188103,7700.262747369468,7593.189754354419,8130.029657192656,7409.926285912997,8011.026206420469,7656.754774202512,7022.860740227258,6550.061990453892,7114.06864401771,6995.1683449964985,5978.894289556512,7740.667152814643,8153.429725192798,7444.234336063431,8484.386287059195,7744.499156343904,7538.854351501947,7847.492437420875,8150.165787746929,8183.7347297232245,7819.109477969222,8131.62731162988,8021.680815151513,7099.9378905561825,7928.77226733145,8553.725941677787,8578.888622866913,6977.379469412218,8012.531007406248,7913.636951184793,6948.934061180996,7462.689930868202,8105.6057144622855,8635.435853779301,9476.438831978712,6537.877429617643,8540.162329106848,7314.805343463243,8909.442622148734,7757.338913193291,8290.624891344862
1610555608.18ONsBCVo1i7BrX0XG9stct4oiA6ejX9Oz,8588.854708334698,7545.974514842875,9257.014304626839,7520.151401903444,8411.29498623792,8428.971475037326,8430.06978943212,9065.106569957807,8662.872362765766,8970.890656150234,5486.186572636555,8560.246152529298,8887.342235466067,8690.840447854369,8732.23072193863,8594.458515892396,0.0,8208.247799391085,8362.769335705698,8706.712192488387,8200.330059606998,8756.67170212602,8540.343077368863,9209.981556613637,8491.436045805009,8215.169645147165,8678.056801045288,8485.652101706779,8670.21826237784,8793.406123372073,9062.16593081791,8285.644492268126,8847.641814296316,8811.076941712457,8430.9507028587,8098.204413551914,8644.428314302892,8933.704751699026,8409.009216393284,9272.610513739095,8581.952959149387,8069.490665266886,8583.07457878883,8397.849711875944,7937.7516512342145,7336.475035898082,9141.205417781026,8869.659882595583,9109.946462771848,8777.149099527209,8626.458387633425,8836.541436683512,9635.285303289056,8719.84247165927,8819.775939233672,8463.173694533172,8058.520943048248,8660.560926111943,8730.182290475735,8185.001936404833,8556.563937368372,9175.691110224832,8502.802735701376,8129.914433789101,8593.28538665987,8595.902396062209,8825.84100750097,8408.524295164145
1610555721.51RNoQUMP19FTMS79BmA3JkgSm2IC2AQuQ,8300.974599258514,5807.796179528816,9112.529417861977,7596.405038492113,8189.222606457779,8313.113869852248,8166.388406184537,8968.752706203928,8279.851015565662,8600.228220332077,7805.360946911488,7540.162772942947,8270.658824413957,8517.16550871661,8078.4842356901345,8400.08572802017,8208.247799391085,0.0,8201.517483181757,8386.472006261252,7929.961332996643,7964.332728195237,8446.081030070918,9090.624595436278,8302.453914053249,8412.503221689116,8592.758751969855,7798.717748990122,8327.313222846737,8394.974109867619,8788.271366309144,8057.084358167806,8373.598734774157,8504.240640581373,8180.140061952165,7948.848625437178,8359.012537694945,8458.776563756373,7885.423333814374,8767.941266001173,8196.893268221278,7686.467552643366,8288.914102671775,7787.95002737818,7201.869844788741,6357.995513946683,8618.650363614232,8564.351327914135,8927.241946226035,8625.684046416653,8108.17441207305,8466.958234914317,9199.146770680614,8277.030447577263,8640.022543655934,8301.907494290228,8001.16767382635,8387.97738163473,8249.375109935816,7971.556208219263,8167.5069321678575,9105.346839570768,8575.06349420485,7881.235099092862,8462.555714513754,8288.170204876475,8667.733099326311,8019.6753879324515
1610555971.86O0cHB2ibBJ8jxoObg01EpGe8VVV5mpwn,6512.190847550666,7746.609520160704,7333.031476196877,7238.224841255065,6508.402449208342,4868.228222964593,6804.994438642085,7224.946526749908,6461.763659241422,8072.1973074913285,7621.199549104297,8025.074330335125,8392.094144521025,7020.290695742155,8309.9594808607,8027.916599341173,8362.769335705698,8201.517483181757,0.0,7897.974542720176,7927.111717322884,8578.930384420533,6696.050110936966,7388.739567136834,7258.942309081688,5593.770972890083,6966.8818261978195,7476.668757602015,7768.877497942958,6980.1099675324485,8080.120411007981,6693.281966006436,8253.238456194256,8023.9098117878275,7615.833036448698,7753.8960352269405,7694.554073799525,8147.314183860741,7847.686649781966,7986.304277692746,7931.151168518811,8147.804066062829,7551.565782659987,7313.845355808729,7949.131612228566,7598.02236442006,8194.227266037824,7088.9374942564555,8385.173460596732,7958.707139360289,7578.933144420514,6960.648979645485,8914.666370730414,8638.16853021516,8090.071135675723,6787.916181024229,7185.173437196978,7791.301020977609,7506.825700378611,6412.878055004251,8166.3523427228565,9467.478446069177,8265.718132013917,8039.9394592321005,7855.029175348644,8705.014680801245,7674.129029301191,7720.705957293848
1610556911.51zU3duZSGpcw1BDNsBLxdOCITAXwl6z3i,7427.285568907957,7622.96747161636,8160.235658971078,7501.401964044624,7528.5520310843895,7866.365454195205,7757.4038661261075,7997.012557409927,7747.064804139282,7515.67234489231,8294.263154181013,7613.634629573724,7798.330883725837,7792.672839837052,8513.483258263162,7054.9718279322,8706.712192488387,8386.472006261252,7897.974542720176,0.0,7725.45243362693,8996.103324596783,7669.854387266141,8197.788629313609,7905.675440689785,7916.313638865374,7448.932493945298,7490.694871266191,7870.549030516142,8291.786991309842,7423.616689599548,7850.863914632844,7482.376193795802,7330.503593807892,6972.413595091909,7585.216917345574,6886.870064880755,7327.917737520683,7990.627059360333,8344.432523941987,7689.016608945435,8300.568898110241,7624.10265979561,7390.928306711026,8166.257637913787,8114.1932028775,8066.320876673136,7766.515912572627,7867.146163407251,8108.910412574039,7157.439178991482,7807.529552034124,8768.801265832659,8555.254312664996,6965.425889572409,7811.336346561339,7914.23498787462,7202.933430378243,7262.980153835849,8038.350157809133,8732.103660680292,9571.178170529922,7476.154054690569,8573.187939612997,7078.225917646113,8992.888786454168,7693.48000412138,8328.97304547381
1610555988.71dMoYT8250UHHJGxgmITTmbHe7V6gH1yU,8178.184462955676,7843.784744062959,8876.000497026196,7391.553338024721,7944.722570252288,8006.192699620198,8102.936150959261,8697.275962771537,8069.048518243071,8586.262687743581,7591.101398908355,5804.35846989121,8649.88794287178,8281.554039812216,8164.256831301406,8062.678503675403,8200.330059606998,7929.961332996643,7927.111717322884,7725.45243362693,0.0,8195.180542227354,8243.26056112567,8837.109511759232,8116.239069313623,8009.7956227511795,8323.639954913993,6614.064228509328,8001.996232061232,8594.223891576681,8734.223810948599,8164.1604322457815,8585.3388810349,8295.59042396025,7146.811628285637,7532.9813497354735,7751.710630062802,8436.180656920737,8118.602946938888,8668.122367020327,7510.279029052542,7233.81011319271,7821.994088573612,7290.567207381594,8059.327671523893,7630.607687412661,8395.379096839613,8196.53017978031,8717.816495920322,8422.338995679089,6871.9586385436605,8138.209259736565,9271.471207616863,8504.709275843757,8266.41979737107,8117.46152895264,7842.690443789484,7103.627035289388,7404.515886945168,7842.597212482021,8293.746369195962,9392.356073095514,8349.066949342394,8324.350176732321,8095.3630846363485,8649.392159030745,8239.345340487544,7948.4240441772345
1610556042.81mlUZsSp7gbGjrp8jQSnybT1gPy6e62o1,8727.480817398238,7703.703325640156,9425.660240519914,8467.163046927772,8682.48426413744,8834.259934404483,8431.995100487795,9270.176934713145,8695.91831002106,9191.601092888905,8506.513455030792,7602.1744427014555,9073.174375564575,8837.958821636732,8035.0021449424075,8894.464550547338,8756.67170212602,7964.332728195237,8578.930384420533,8996.103324596783,8195.180542227354,0.0,8845.426432735525,9407.41422974726,8757.01022685177,8827.527199867807,9068.700096704868,8131.54362422527,9019.804660505493,8476.52126973896,9396.429342152896,8326.586089496346,9136.922591775518,9169.675344746243,8771.67469056631,8386.157698011804,8822.316387708048,9201.945777868268,8717.73717725919,8852.685807439453,8563.634405861601,7577.737169313001,8671.402030724696,8609.319157541418,8382.311381049896,8129.552850125298,8889.771560863051,8976.705802773335,9383.109347092986,8732.593172807317,8466.039191978622,8678.884033344384,9612.592857213604,8319.96943455731,9052.860604073237,8885.00597232472,8639.142774851873,8556.370698795492,8727.451288497015,8154.939474144364,8128.013316319008,8632.744470716685,8957.262561918931,8005.120270680248,8907.668103285627,7601.621036600469,8914.812276508059,8101.429455661045
1610555637.02UBW5nKvDyUrKnaWcYRGajZPxTRDS0q3N,6767.953814074177,7731.217067266173,7618.283767643641,7678.782025448288,5537.7378312673045,6720.584897163103,6970.530032885341,7487.803460472575,6928.487922815656,7919.263117154387,8025.1859658828125,8270.972465248935,8371.539175094602,7330.347707658765,8473.305469965806,7878.258255272585,8540.343077368863,8446.081030070918,6696.050110936966,7669.854387266141,8243.26056112567,8845.426432735525,0.0,7633.3938437910265,7016.875989870201,7074.942736773411,6071.585745825263,7838.321797878437,7858.082202776335,6591.132347278915,7620.153670041063,6118.154956835802,8059.906049369323,7482.973296494355,7734.799583582916,7915.552263194513,7507.602072491894,7477.3164905762615,7713.604757970903,8366.63202807041,7763.23072158109,8451.821425782147,7580.876269999993,7603.862704031528,8021.8874514175495,7864.243045337703,8050.80595721179,7260.708894522372,8028.114362417601,7816.110704749015,7773.992774830336,7056.572549991569,8944.03878475639,8667.445138130042,7774.687848791142,5413.819557875821,7159.190945399454,7920.9792805752395,7599.34150133627,6651.258101637235,8460.322311048998,9580.983708089474,7778.974289692174,8254.972712869829,7591.809049332636,8893.546796056336,7887.391488913334,8095.896691863923
1610555619.13oUYNikU4facCTpUSiSLr0vPI0tJLnXiT,5010.165713091133,8358.115273548083,4399.975096339602,8513.724345155711,6946.987395928064,7877.016735306134,6613.304790856918,3833.0119812525886,6632.387381924597,8379.978252068122,8949.072373705723,8496.61882509616,8603.344563645682,5769.226175283855,9052.550444267612,8644.406206589916,9209.981556613637,9090.624595436278,7388.739567136834,8197.788629313609,8837.109511759232,9407.41422974726,7633.3938437910265,0.0,8360.068781822774,7943.519691768449,7352.048165187887,8480.589446693102,8844.606017674383,7668.001871789629,8511.183620325479,7131.453443694008,8458.173124234603,8631.936271563116,8502.321451448923,8738.716877155633,8578.154489153843,8766.372639729596,8741.636694621877,9025.177084865749,8741.66758952531,9044.916625322463,8531.100729264608,8448.730222211298,9096.938570745562,8907.66854455202,8926.12395012074,7996.253133724158,8692.989733190798,8814.583107229944,8412.515956551271,7930.816435244168,9366.720602471385,9273.448825076895,8189.353354607794,7959.924667990129,8317.042119840418,8526.597660501702,8323.093326053022,8020.903141945914,9382.499884366152,10136.032340233765,8742.129441220955,9060.528900677584,8303.880030845152,9525.876824733465,8476.652916551711,9010.597359507537
1610555721.03nzkucfjAUh31zTbmCVvTVYqtjoxZFnBh,7529.734116029524,7508.320614702841,8325.998580151994,7854.532626206213,7223.376823411664,7357.468160516911,7322.7728185786855,8162.65263860982,7512.166553684764,7686.117447551665,7977.001521083918,8083.246351836593,8279.513228128473,7750.789948052195,8286.131780821026,7854.139467725095,8491.436045805009,8302.453914053249,7258.942309081688,7905.675440689785,8116.239069313623,8757.01022685177,7016.875989870201,8360.068781822774,0.0,7547.633004495848,7727.625184233306,7757.821593447646,7802.48367045653,7711.541347981595,8342.02202648969,6958.577473766503,7969.815579250881,7824.449115346032,7684.256558795983,7846.901309313378,7698.555883917717,7783.631923528756,6207.942195988926,8153.8985549806275,8165.515767392668,8328.239589591587,7643.23181781908,7640.455437221024,7961.224614971458,7630.591839801719,8345.599455448666,6902.636265268065,7892.059270886347,8201.353025866625,7738.017439907539,7595.253597149174,8560.10699312759,8586.377606560241,8328.843209473,6542.7848450942865,6611.558813946338,7953.0533763237845,7644.402046583446,6826.436508926457,8251.028392401708,9445.70310682939,7848.6566249630805,7985.801685014253,7442.024616045,8728.521372155834,7632.620680409307,8052.086069177765
1610555722.67fhKURdXVzRbLIjXmjRwdJHTnE7PWb1AE,7217.055717495852,7939.19187267025,7971.545941353151,7597.005559624664,6931.74892507025,3729.274265512789,7202.866745357004,7742.52444143337,6986.635562977136,8139.572311790948,7649.980330543936,8334.848336854311,8407.673041930644,7360.902316166948,8507.698530224681,8264.072347421372,8215.169645147165,8412.503221689116,5593.770972890083,7916.313638865374,8009.7956227511795,8827.527199867807,7074.942736773411,7943.519691768449,7547.633004495848,0.0,7335.248640005347,7820.000981638625,7896.864632973353,7524.200296056689,8330.492173753111,7023.835980002922,8271.029010266977,8116.086384634772,7772.785956662254,7892.77147238919,7909.835894913332,8300.152657350094,8089.270075907044,8440.109955922566,8364.654515026132,8229.831987499014,7876.453337670356,7707.684331658416,8056.918751924396,7571.602324395938,8180.439154935945,7596.945070691062,8505.914118563236,8100.383106801636,7860.604416236909,7568.68382194084,8924.163297693352,8749.965897994989,8297.798577960275,6941.851847177188,7480.318717966528,8087.263893102348,7768.316958328615,6842.405207416555,8292.419950394,9451.707240334239,8450.950244549533,8017.072315874371,8201.15756118355,8833.97644653666,7993.846862922588,7946.2686579403035
1610555638.39J2ZWBLuLTHP0jOlzB4tNHmYeijH5g5YJ,6373.744824853864,7850.914288023404,7358.151873012385,7805.337728177237,5911.744050851696,7221.74515624939,7007.3872830551845,7167.531711997341,6628.223529933407,7876.5335057589755,8324.763537500728,8230.500073660618,8116.45225343415,7126.6118703617785,8393.576434982428,7921.097227188103,8678.056801045288,8592.758751969855,6966.8818261978195,7448.932493945298,8323.639954913993,9068.700096704868,6071.585745825263,7352.048165187887,7727.625184233306,7335.248640005347,0.0,8063.959971356192,8074.572959093122,7431.931127819261,7354.0021722051115,6930.273757149519,7915.254107626951,7921.460060754756,7800.405097783728,8032.765263128808,7441.593278028391,7989.877675373475,8132.186215348261,8152.772966042334,7878.292604455712,8615.264725629911,7680.725532706123,7941.34326426484,8401.269704247725,8241.526494211177,8001.473664500197,7090.979758735512,7913.291579866903,7532.876502006786,7884.632426700293,6756.662333644074,8768.951057869712,8895.88709819313,7635.2381867257345,6814.076905558214,7788.817759020144,7919.48771017913,7794.701305865847,7393.898105828578,8793.11043294828,9711.768403953285,7690.720691371965,8500.917823270196,7493.233283037079,9048.65199636384,7435.57621639611,8408.48846471949
1610556032.17Q6yCDx9g7alRnL9jBFXD2JhhUyB2hKfJ,7861.696531515102,7449.188587067011,8501.119431878487,6978.051250188468,7690.371216203348,7625.176507802901,7722.254260777665,8352.287967006594,7837.063710856918,8147.650897950965,7791.571231460739,6527.370037697429,8365.081878077954,7943.035182077741,8219.803639417678,7700.262747369468,8485.652101706779,7798.717748990122,7476.668757602015,7490.694871266191,6614.064228509328,8131.54362422527,7838.321797878437,8480.589446693102,7757.821593447646,7820.000981638625,8063.959971356192,0.0,7606.640096524996,8181.744438978224,8406.538349367538,7790.9810619844675,8219.922241828366,7449.234754137084,7128.614923074039,7316.21869945886,7523.149918290264,7731.408848684533,7739.970013082999,8155.534281429928,7392.116188767612,7078.355881804465,7424.635779039252,6648.295190176709,7964.525279065104,7413.8903240635445,8227.340017933497,7950.971513466218,8381.608459871608,8138.411493945198,6354.501434306589,7755.751365039818,8673.270945887476,8227.907307960133,7976.6790824136715,7701.730293115437,7546.037432850276,7044.393119963717,6617.4929732765795,7508.651666094005,7741.709850760176,9230.822903244944,8057.150784212636,7873.923747517826,7712.6649346367085,8409.752769989245,7869.100831743445,7104.621088687231
1610557007.49MyVgDnuUuBxrvL6SGOdhKf69VYlW1MSm,8144.110666376537,7684.296704052648,8798.09530356869,7604.723341118583,7900.636848602949,7751.914662767791,8128.829481802894,8706.180750051652,8255.88534729442,7972.352668828346,7958.378999961491,8006.037530659329,8368.642692029805,8418.374492749188,8275.680096406373,7593.189754354419,8670.21826237784,8327.313222846737,7768.877497942958,7870.549030516142,8001.996232061232,9019.804660505493,7858.082202776335,8844.606017674383,7802.48367045653,7896.864632973353,8074.572959093122,7606.640096524996,0.0,8373.14787937564,8213.085284508774,8143.442719457306,8062.402538936512,7815.5422988186065,7462.374975575801,7239.997517586864,7695.887144700203,7422.103877900428,7638.599621073085,8357.10558013548,7462.953487269767,8272.178977674055,7683.745029399189,7312.159145629299,7493.486539735063,7696.706061712356,8533.508271742528,7926.354299599501,8386.550439801047,8387.829228865325,7736.492318885617,8042.116706891934,9132.494861000418,8579.25037993958,8195.552843423853,7804.5944028195145,7811.978452401742,7982.001214429822,7877.316462988518,7882.682946269647,8518.674610016333,9554.415610607552,7811.823837824986,8597.91684448953,7700.013722952796,8705.307420039175,8065.627215014395,8120.786553901174
