,1610555604.25mOvVXuL01OCiReyVWBfesjuvXmB3MoPy,1610555605.43B6oDsBtWRQ29Q9UMQuTUEPZy3FSSWXzc,1610555610.92HPGJJSmyPM40z7otPBgHalNrHFA7zk5d,1610555606.68LaSQbm9EHAFycEfFtEqAwYqlBsQPjIRW,1610555617.19EKxMEwDHfXiEJZc27TsGoERaD6Da4BZU,1610555722.52PJ3FD50MGhRXyUD28vluU8Z9UjLJLZn4,1610555617.52Ijr5puT55g9apK8auM7zaxa3NANg502t,1610555638.77ZLjTLkz4jYJdFMI2wWBztzsDILkoOtAk,1610556912.46C7tJPLF0XfNnm8f1820X9aLmXMHoc0Dw,1610555617.51LjzIROg0aeCP2GhDcAVQ0LipKJB9jmKc,1610555608.17OpjjHobqRkX0UPcaXrbu7K6L3805SZri,1610555721.82zWeNZfGUUfRJkgnAwlP8VMhPzXctnSd4,1610555735.75bom85BDF0C7W2eIseHeMxi24qR68nzMi,1610555735.77NnT5xqKnwcf2BbjIekeb2arTQj6QMNwk,1610555638.33wjf1PhdNaoWfbRzXVn50hmFyB5bYAiLV,1610555606.65jCE4ig8Pu8kvAzkxnSGfWsV0nQBjCf8H,1610555608.18ONsBCVo1i7BrX0XG9stct4oiA6ejX9Oz,1610555721.51RNoQUMP19FTMS79BmA3JkgSm2IC2AQuQ,1610555971.86O0cHB2ibBJ8jxoObg01EpGe8VVV5mpwn,1610556911.51zU3duZSGpcw1BDNsBLxdOCITAXwl6z3i,1610555988.71dMoYT8250UHHJGxgmITTmbHe7V6gH1yU,1610556042.81mlUZsSp7gbGjrp8jQSnybT1gPy6e62o1,1610555637.02UBW5nKvDyUrKnaWcYRGajZPxTRDS0q3N,1610555619.13oUYNikU4facCTpUSiSLr0vPI0tJLnXiT,1610555721.03nzkucfjAUh31zTbmCVvTVYqtjoxZFnBh,1610555722.67fhKURdXVzRbLIjXmjRwdJHTnE7PWb1AE,1610555638.39J2ZWBLuLTHP0jOlzB4tNHmYeijH5g5YJ,1610556032.17Q6yCDx9g7alRnL9jBFXD2JhhUyB2hKfJ,1610557007.49MyVgDnuUuBxrvL6SGOdhKf69VYlW1MSm,1610555638.44hjT5hbYdKoE3MB6hijrjqbjmLgvCUYKD,1610555608.13zUvmFSCRt6SsLbhqFznMEvGx54GPGQzM,1610556038.62a5C4ynd1AARyAhTv8a58NCqHvXRjscqH,1610555644.45Xse8u7pusHNsd7F3d0A32HXvXr6weOJE,1610556038.62gKXOCG7XCn55eJvyl5voNjbwOW0znQDq,1610555987.13v0oleKK97pkesp6oMgprH8SoSdoDVdIO,1610556964.96ZLLeiQW0qpmxhPGTg7K03fmzkqsC2bjC,1610555987.13VQlEedQ50VvkPMEMzZDv3KNnQCewykN9,1610555982.186TY6MMGkDecIN1woW6vsfAMXVV7jnyjO,1610555982.673LuMndkwkvdmZOn0MmE2Pkidx0FtNalb,1610555733.38zItcuH7gHNfKdALR2d9Nek6bxCyw36Vm,1610556034.15BQxSbZINGCay0yp6RBVlgcPrw76Yn9ON,1610555639.37BPZpgtGml8qUsh9AdV4m32jPLfI2aNFq,1610556965.57S0adAalhWYe6K3bkZU0bRHbqnDK8gGkR,1610555983.54zteLPCMjyrjzPdhHhlZr3faCgD0TfYr3,1610555987.79rHnNRmt9a0ufmnwCvZqBouyUoZDNpylW,1610556960.041xWER61rmArlsKfiMl4frikWmUCnQ7op,1610556035.13a7NHZDutfTMJ88qle1gTYY59Dr4WmMsj,1610556890.456ZBDaY16bMtrTZTqAgHl3wq1tRxzqDow,1610555760.24e6890pkbyZ97Or6croI1rQgjkSsR0yVt,1610556043.02YpWMIJg3W004iqlPyv8OcVAZdSC5rNYw,1610555987.03z05P26TLtONYM1HSzupoc2CeNMa6HTqr,1610556032.15OYCzUxpsz7b10AXBAuDXrvEcvxFhf0M7,1610556032.63Z80yI9pNwS3jSmsDABbuhf8wkNa2Ze9y,1610555736.28eGuESasTXdR3SqY6pHhEXWZtcdciYLCO,1610556034.61bebeZA0MkaFG2sm3VKiqrxeqQginTTW0,1610556944.5XwXOphKYT3ZkWA8gViqOS97VHVuMVUqb,1610556944.745UVLFBzf7fPh4UH37I6tYQOFPqRDytEh,1610556034.63XsUwaFaPZevO1JNFjfhvY4aKNFnV4noV,1610556964.89xwBHw9faT1HjQRMNQEyA4qJ3hWkwgj3k,1610556966.74DydzH91jtyvRyYau47JpVkZoMRSNTt01,1610555740.77UueVziDbaXyRR4OcVJIIZyzOfAzN51bj,1610556046.84e3vwjyRCzqz0wJQhrk8zsxlFfFSv98Df,1610556137.99eoPuVrDThKAOvmeprLPb2FWRqIhzUodc,1610555740.73XFwSrmTXJPlaxGZSefh0jOVA8PI3III1,1610556123.88AOfNaz9jSnqU5Czc7okOv1RCrYfKFBTo,1610556046.85nB7NvyoYQeLcOV391Lmmut1wAM8CFGLw,1610556123.89H4pdIAzDthI7bMXMhlIhKUYIQIvtmPPQ,1610555740.87GOYQUJKpkynIS2lFqppYK4b32ol7NeGh
1610555604.25mOvVXuL01OCiReyVWBfesjuvXmB3MoPy,0.0,444.36984265341124,115.73875755292836,411.91651775146886,351.4465581645196,387.0961139911945,342.822004821415,128.2717678480445,351.79605430784517,356.42528349804167,519.6568562825383,420.4397707736461,454.0542635671412,283.6435289744492,485.5605907908478,352.4915886367732,607.3114507450163,493.8228594903768,404.03367486276335,346.830006014374,489.7077674387257,548.1718489558474,346.70545201980684,122.0071380367599,414.9757644730465,433.87170870921284,310.66092803962596,441.34952515594955,428.8123058356402,330.0665270333122,356.3933313697708,391.27912124551136,412.31173694023295,391.6546806625562,405.48099469100015,440.019195486627,384.467544614594,381.2933841662619,445.0330261718417,421.87645558815956,396.9095802307927,537.8657986144598,431.67711717934856,379.2655988648663,485.5666831949865,508.56749608228404,390.18389307828306,366.22515847705233,348.7963457334669,460.00355908310286,335.60979865460223,353.4294845723716,444.7716396932633,533.43076042912,310.66508624988666,403.6726059801695,444.2212742928669,348.10026080570975,340.1537722252247,414.38853875433966,538.1320183671867,583.7643866450505,372.53600667756893,559.8157998218438,355.5346226418071,595.02510426019,431.7809023319999,508.1732051039832
1610555605.43B6oDsBtWRQ29Q9UMQuTUEPZy3FSSWXzc,444.36984265341124,0.0,432.14163240039255,491.66116910909886,473.64238121983203,492.2375540840491,463.30261901113664,434.48579478120746,473.3919003806518,455.4070997053872,562.3454497332742,513.6558987683725,501.94298630212285,449.86200440767976,586.934860244103,479.98438600169436,616.7188228309336,258.33319109746486,478.50234066461866,456.79094818694654,562.9069592329884,585.8344687291285,461.59203549323973,431.41176309078514,506.4074896073598,537.0975514575524,456.20959100991297,512.2250703523015,512.1619426493924,439.3849870981757,490.9902868966182,487.04618670297214,477.231144947692,476.8481566537873,507.06760216591476,546.0469469143358,507.9497790475219,472.1982111203263,512.898348302888,550.7996093523885,496.2901153785793,591.2804938869253,548.0112700050479,505.15765773429104,404.5445450732313,277.01389282657277,514.4733207616937,496.7927137582387,451.214808696396,559.1777340363547,465.7691074043568,486.707479205927,556.7678126049648,611.6266132773655,452.0511481995737,502.70087199741744,519.4850499531601,458.8785223986117,463.9170396186309,497.54415675879955,597.7645310714253,624.4506916806988,475.575457300465,601.5019075949971,474.5069259322501,643.3574104796427,541.6435447375342,584.0468745057142
1610555610.92HPGJJSmyPM40z7otPBgHalNrHFA7zk5d,115.73875755292836,432.14163240039255,0.0,398.6543797975213,335.8519266574854,377.71890922516354,326.8160956618138,146.33506746914549,336.2173579743816,341.05837639694016,509.23443110433726,430.7763755902492,442.09400319090014,276.70367670481795,480.84403525003853,336.94532709852797,598.1565657718343,497.2843944057131,382.4244044585614,328.07594859843675,476.2794041528766,551.7016537039682,330.88744892200987,156.96513631499013,401.58953631946855,423.31691454910424,292.8999135026536,428.1104160240119,416.08244763130034,313.40986848165807,341.02498447870397,377.3343134628995,399.102495372466,377.7237380397823,391.52791954718083,427.9712635506808,372.6440389321064,366.96931506982736,432.82355270655495,428.11077036237606,383.6388454891409,526.9034097595079,420.69888600413657,396.5573025406807,472.64357601471363,496.7491575136473,378.54691010429883,356.84273123667117,333.07765489578793,447.5037194013384,344.03423318258035,342.035945477859,432.5547882861674,523.2878840235525,292.907202384147,390.0819154678132,431.94519467934407,332.34864971421354,339.5763375987154,402.9304704576655,531.2605159242602,574.2120461210471,357.861578917223,550.3005200482219,340.1274780003957,587.8124118492269,418.4921626735084,499.78707600474024
1610555606.68LaSQbm9EHAFycEfFtEqAwYqlBsQPjIRW,411.91651775146886,491.66116910909886,398.6543797975213,0.0,456.42886593733203,480.31697974700495,449.3088788629779,399.4103599091155,434.5686506090945,450.93272050757434,556.5177604782224,479.04984367295566,522.6234670103684,426.96336966136346,566.8264292845538,453.1344749031408,664.1456558302755,532.790247411535,463.19672016486817,435.5886338995155,533.6787482291189,586.0631558449801,452.4235364069845,396.36389393157043,507.6547656349995,524.391042800715,414.7483769225049,489.2189965521944,503.53335580333527,435.3952832235585,453.59860115568586,485.30473397481387,485.04923569061714,477.87895286204184,482.03538112312333,532.2890113902207,479.3212597727504,462.92664487063826,538.0946072149051,527.0971170436615,476.42026562427344,566.7796233682365,540.8506851296137,484.39030955695546,521.9417824413096,551.7018927349648,489.76764743193775,463.43433534115803,445.02980778419595,526.0652449421311,423.77140012949366,453.8975843815682,529.2719744991856,613.2919656863515,421.72352349403445,498.90421194805447,528.0349736492719,421.510254909626,437.11699827184253,506.28892873781666,572.0082114941187,632.4286066296215,456.3435667801097,632.6949650702917,439.8438043183413,660.0444892590633,506.03706586620626,555.82039885459
1610555617.19EKxMEwDHfXiEJZc27TsGoERaD6Da4BZU,351.4465581645196,473.64238121983203,335.8519266574854,456.42886593733203,0.0,435.1761283291908,336.2889235079213,338.8489172992918,423.5153053688687,395.96493931441074,536.1557725427109,483.2855005489382,485.4655430744494,364.77361509178974,514.3837473730091,392.79146427067985,611.7872845921129,528.8912631232722,417.92688914184885,406.7657788772703,516.1688138420988,573.3621118050094,380.44505496080524,337.3232136320989,446.91039311094437,467.8888034716141,365.7563705302012,476.11391016375416,471.20335821352245,358.9726126176593,406.5333185844959,432.52348617297287,446.9342444569179,438.7535538087351,448.87278574963915,486.7886106861984,434.88626377097864,429.4551336067898,475.7390302247097,479.9382340597625,443.2285772320355,580.9445349176118,465.7644005726234,466.89348225962516,514.7294426473743,528.330922535743,439.4413222041621,418.820262372407,387.3377728306962,494.0688300501325,408.34809630582123,389.1365696463341,484.80898298917424,565.9129989410592,360.6359466528412,430.57807910829587,451.359601169506,402.0257310460216,402.4119870489269,443.60134767470925,557.269213493483,602.0007235752543,421.44104479012304,577.4842969224655,410.56248610560255,615.0398944281087,475.3105638232404,515.0257578467485
1610555722.52PJ3FD50MGhRXyUD28vluU8Z9UjLJLZn4,387.0961139911945,492.2375540840491,377.71890922516354,480.31697974700495,435.1761283291908,0.0,417.76900294307774,374.11048518409103,407.0050538766519,436.8369689082788,559.583986749878,487.09089094659197,510.97047214456927,389.88872330785415,546.5843608181552,433.72821254947365,638.0019623935731,531.8497352784544,266.7055857445534,428.155331456532,547.5686018964802,567.9651748886563,433.48619645742843,367.6496350651143,487.5522331321067,351.1008276354439,407.67093955684203,505.68642947944517,497.476292060067,390.58217510531676,435.98677778463673,447.2956802054291,483.5168281528405,466.54145951613054,467.5780550684949,506.1110256428116,459.6884402472221,456.8578841750853,510.0280953449358,512.9862319153317,476.46241716215957,579.7995416281361,506.288915496853,489.58988092298665,548.2740727376769,546.0520251471053,450.97005769923703,424.58224177952474,430.53036872778966,529.9096364996554,431.0985040641579,419.2870685417226,508.46180649222555,586.6066799604239,399.5953838514064,411.842340952509,508.32975646827657,431.1498812756114,425.567084954211,441.6275303500123,597.1462600545462,642.7840198025714,450.0232238059753,581.6536157781503,436.3584965763889,622.8813315113679,494.1205318996127,560.9842057485198
1610555617.52Ijr5puT55g9apK8auM7zaxa3NANg502t,342.822004821415,463.30261901113664,326.8160956618138,449.3088788629779,336.2889235079213,417.76900294307774,0.0,338.2503988894383,365.8330766799599,391.2776963985816,526.3730565429878,478.0163647423676,475.99292294570955,354.75454054521344,516.5570170567589,386.693297922371,621.5332652078528,521.1309609114016,397.0588210967575,398.77426674226837,528.4716141007023,568.6595858966155,377.74252716096044,333.66129333188553,445.49924837645665,465.01624571332354,363.63564856891594,461.5193768858754,467.7541930837972,340.3608552652853,404.34465989702625,400.4346353018281,442.78688033973145,433.1609384533504,438.8127071847328,482.799629500382,430.9028726980507,425.27630370280025,469.9935314956241,466.0413864882378,437.0719918636563,563.0001224328349,471.78883722657275,455.70130076810017,502.90410323664565,522.9636413744183,435.68019731826945,415.45436792114526,383.5755729638009,499.96628664082453,403.98531886218205,393.8548091694452,481.7465201438768,562.9052791752805,361.93284907932843,425.49844642755295,469.97235429314117,396.39276435123793,403.8344774423535,429.8942994104805,545.0996816873555,604.5340496129692,417.9178710205486,558.4198367725916,405.69011848247703,605.204456799893,479.2115093361278,527.677023747977
1610555638.77ZLjTLkz4jYJdFMI2wWBztzsDILkoOtAk,128.2717678480445,434.48579478120746,146.33506746914549,399.4103599091155,338.8489172992918,374.11048518409103,338.2503988894383,0.0,328.12230904939196,344.02373686055154,517.2207416300729,419.4922513860471,444.3856692900176,262.41892482172483,475.1751095245814,345.4303311216163,599.866257944185,492.2727886916746,381.0357915096666,333.3312645499792,480.3240264989299,544.5376558979673,333.94313777512735,155.1852321461364,404.332988750493,425.84340022140674,305.02189099614714,438.4508902849779,416.36966571958953,316.63163847079727,340.81098696360965,380.01451674314865,401.639536432247,384.61696535072394,398.84721445709977,433.035655971493,372.9995196629791,369.0889365836928,433.8071101200209,414.46686763062075,392.0611344325085,530.0239925129064,428.73122734564345,380.45965776709977,476.02453967871963,499.78769716916406,383.0945966811505,353.0069910346114,336.11343264418736,455.3886486625106,335.04670133336964,339.8938588985854,431.28153638836886,525.6594385431323,296.1042392304633,393.89182888768295,434.3522669107706,335.39102608722527,330.4682872817196,402.3299934219425,533.0050963506611,582.9029430570401,358.37424654437007,555.9886650096196,342.7646301790366,587.3665929790069,426.09827119945226,503.38318755049494
1610556912.46C7tJPLF0XfNnm8f1820X9aLmXMHoc0Dw,351.79605430784517,473.3919003806518,336.2173579743816,434.5686506090945,423.5153053688687,407.0050538766519,365.8330766799599,328.12230904939196,0.0,392.15094708731453,546.1628341496022,457.41731782512767,482.6382710262346,361.2458608567707,511.9777755775905,389.2614557509871,631.9343081736995,521.6921955164612,361.6482450375474,384.33123698179236,498.5229115187066,569.7980189101681,383.20229004130647,326.2562879241685,445.94864229184236,469.22650497255233,350.75195035636006,471.77054199381575,459.71325214294876,368.5676036640834,392.09045740660974,425.2854143755919,443.5587345588956,425.0486848611121,436.3807076328051,472.4667456250883,424.2115525363953,414.8061755157279,474.2534969362003,472.91072996081607,447.6767321259739,554.6458305948697,463.32694200747636,458.09460887606036,514.3643080412351,534.9347981330068,422.99126459903977,388.60703104149627,385.11326423974515,483.59234040237453,386.70712767092465,396.2245355777587,474.3770337189457,558.7228549925918,350.913721505617,436.56813908156147,480.2592877260528,384.86003490099876,379.65676852442226,433.3951207150551,562.0374246717628,608.725471235384,407.05040042748516,571.7620992974486,391.94429004954674,612.624279017976,460.69676736825556,523.1250947210533
1610555617.51LjzIROg0aeCP2GhDcAVQ0LipKJB9jmKc,356.42528349804167,455.4070997053872,341.05837639694016,450.93272050757434,395.96493931441074,436.8369689082788,391.2776963985816,344.02373686055154,392.15094708731453,0.0,557.6700199092916,471.58659236397295,287.9251483184616,367.65447694670297,516.466549771236,401.56438502675604,639.7131721021009,512.7623775522467,423.0330998366205,403.8271110675632,521.8027995008424,573.0981179440644,384.19151452213373,340.1331136333847,445.95087605530296,484.4313622174461,370.1097926429269,480.3641236319282,429.14575553333555,373.13878649536065,391.78514818340176,428.2382426197557,207.987481688009,434.5461785551964,446.9187467139358,484.5836753320628,429.22515116445237,426.80520417584756,486.06945822941935,479.377573610959,446.48802895209843,576.0480426417412,475.6231212733447,467.75318271266127,510.2394776464216,524.1034454208025,441.10835376561033,418.736334452096,247.4134448777647,497.9422742489595,403.622293325099,403.80171426638725,473.0544465789442,559.5179573648278,371.01220079422984,437.43609421782156,472.9849048598563,395.6055388395903,404.4607742703979,447.53760631919226,565.3748547442476,604.1235315809365,386.95228226857364,589.1650169578447,355.49877241842773,621.3385685220944,476.5185151940688,538.2725005825887
1610555608.17OpjjHobqRkX0UPcaXrbu7K6L3805SZri,519.6568562825383,562.3454497332742,509.23443110433726,556.5177604782224,536.1557725427109,559.583986749878,526.3730565429878,517.2207416300729,546.1628341496022,557.6700199092916,0.0,569.780208952515,629.9202996840627,533.2172552830442,637.5333387640289,533.0338341299092,669.8985443975866,600.4900547910268,558.3335327501075,542.2686615431702,610.2506410916752,650.8541211030727,548.509892959479,510.8879543933649,593.1033742610814,601.1789114169262,517.0306953075643,589.2557815849945,599.5406770412322,536.5263091826554,559.6152317659636,574.2953894575317,588.1127077609948,561.5286083351957,570.8426676565164,611.021252489687,569.7801228744503,575.7550610579942,625.3270022233309,613.2403327168317,570.7383412527864,605.9434541786176,612.0935600492706,584.5912301755516,594.5330999876505,575.9098924291831,575.5241947165113,551.6094104523453,547.8779055182099,606.3165409152076,536.6364264847417,549.8685742954088,593.6745490560683,688.6478353668609,519.9313313428465,579.6670646035537,604.2062628343701,529.1300324680658,550.0628171859869,587.5218177428262,686.5387758360578,702.898092839239,553.8276471259081,696.6346429169556,543.2646706464295,717.4513539191574,591.4014411053573,661.9581680253398
1610555721.82zWeNZfGUUfRJkgnAwlP8VMhPzXctnSd4,420.4397707736461,513.6558987683725,430.7763755902492,479.04984367295566,483.2855005489382,487.09089094659197,478.0163647423676,419.4922513860471,457.41731782512767,471.58659236397295,569.780208952515,0.0,534.8258475377761,418.3726552246005,571.743503595767,471.0017237765131,654.5319198662861,445.9773078140853,480.76759938019865,445.1223331076532,464.8354427099436,480.6796912868023,468.1577240764155,402.4338158992419,518.2141832246637,535.7800358797997,443.8092158935904,538.0830518206398,501.3725394268276,467.62539799850754,477.5385680354968,503.01693350513557,498.5217693003781,489.56860312613594,494.7722554250661,515.9202427304441,490.699537198893,480.02270444711166,544.7482367542993,542.2160340598464,511.3030083690602,578.0005999919634,535.7742907941197,490.7350229026221,547.7756464159714,567.0932832707033,500.02444507668673,458.98189170836724,444.8247069996097,529.434594765812,269.40096787041426,460.4496056684752,542.9489236557987,597.0650156826433,448.6158487508582,517.3742193667529,537.2311482989245,433.79860637352266,433.5227444875433,522.2462616969507,606.8831337418142,656.4260433182006,437.83428552998333,639.6781234660169,427.604424951268,655.1670740248113,511.4995207803335,588.6325033520259
1610555735.75bom85BDF0C7W2eIseHeMxi24qR68nzMi,454.0542635671412,501.94298630212285,442.09400319090014,522.6234670103684,485.4655430744494,510.97047214456927,475.99292294570955,444.3856692900176,482.6382710262346,287.9251483184616,629.9202996840627,534.8258475377761,0.0,460.46601029631023,574.6163593737305,476.31317797609375,700.4989121658848,555.6089071114604,499.30680694213004,459.69579499097506,580.468571913474,618.1830131849702,475.97169021309634,441.3805914817498,527.2206720677425,552.8429726428818,464.95135005930587,542.8116297286247,505.09219507976724,459.3753424473299,474.84189661391304,505.15457406958456,200.5131026866455,459.6938231894487,514.3356236035262,550.5763370129746,500.0418173127529,455.7311263872271,563.0160245061742,554.8358540870651,512.5347992671032,627.58451540552,541.039811132875,528.2039555692238,562.3367943774525,565.0093419915993,523.7128077547461,504.036951615035,379.62389774682566,568.8673559941655,482.11901993648587,492.12757699873583,539.6320612985312,613.4926676335541,452.86342965179006,520.0999665427073,550.4525709012075,473.12609545518364,483.52108064979984,521.2470766210045,617.0117897288134,644.7574659492834,436.96592366349796,646.7868018762476,451.3015570674703,669.8289336567126,550.0475719590008,594.0954879069589
1610555735.77NnT5xqKnwcf2BbjIekeb2arTQj6QMNwk,283.6435289744492,449.86200440767976,276.70367670481795,426.96336966136346,364.77361509178974,389.88872330785415,354.75454054521344,262.41892482172483,361.2458608567707,367.65447694670297,533.2172552830442,418.3726552246005,460.46601029631023,0.0,481.99362830219087,379.0221501778926,622.1518623118469,493.9171401475499,371.1921229315933,358.3454541427839,498.4348267222791,538.2607430697577,357.24124094547443,272.4676122178657,420.0048852533137,449.86834648784816,342.2708412836066,460.14930603554757,441.43058303224234,335.35661342263523,377.59432273165845,395.7518118987273,422.0566314145098,411.93159557383666,426.2735652307744,456.6121956111182,397.4962179992749,397.1391637149924,459.40333808371537,452.4358929267155,417.65615313461075,554.5965570306273,449.530813482968,434.62646917630263,484.3248882667522,507.4022722227139,411.1757121126931,378.86789878208504,361.17993755216094,483.84179363638754,353.43937051731183,365.11930927729577,464.4735113047228,544.5154943749715,332.16203982276124,416.3029339093273,451.78928975962504,367.1537716586193,350.0356755640307,422.06621488191246,542.6393903626848,599.0677729544948,392.709145872261,563.44252490474,373.1458027599621,591.4097409977442,453.9880524620013,525.1864529217326
1610555638.33wjf1PhdNaoWfbRzXVn50hmFyB5bYAiLV,485.5605907908478,586.934860244103,480.84403525003853,566.8264292845538,514.3837473730091,546.5843608181552,516.5570170567589,475.1751095245814,511.9777755775905,516.466549771236,637.5333387640289,571.743503595767,574.6163593737305,481.99362830219087,0.0,500.6790200465405,704.208542219281,627.8511346597256,531.1164518301218,519.7101543244296,601.2019408270221,657.7168359523451,520.0680548362712,475.314696365129,563.5173988899207,573.9826785167957,495.8122044238647,584.0321044919672,582.828895900099,521.4366958857536,523.9545020542904,555.0490199833221,551.4796291364534,548.3866659297129,516.491049143182,568.435100094336,528.7355443964177,540.2342840211764,588.3301962325951,584.6678096345644,513.3365052678078,637.4410166912955,549.567437293813,570.0062541442082,611.4661196209111,629.9969815187604,550.3571080544808,511.45188503925687,523.7578762056568,599.013294775031,524.4079451917896,499.15669347341264,590.8410093351206,605.7183304675154,492.6123473473552,560.8796978757698,558.8501420188243,526.1234382823015,519.5321561897615,570.0639603647621,648.6959809172058,691.3318474059166,537.4818825795844,667.8001637097346,525.4754686356737,708.8203975082262,589.7618432619159,628.9994205555661
1610555606.65jCE4ig8Pu8kvAzkxnSGfWsV0nQBjCf8H,352.4915886367732,479.98438600169436,336.94532709852797,453.1344749031408,392.79146427067985,433.72821254947365,386.693297922371,345.4303311216163,389.2614557509871,401.56438502675604,533.0338341299092,471.0017237765131,476.31317797609375,379.0221501778926,500.6790200465405,0.0,629.5668893933833,534.7318845317601,420.6851061226188,386.5008087467627,504.743147685938,582.2198560856558,401.0973756099387,338.4083937603405,459.18248816908977,482.2760034051301,365.88356151107723,473.6855994416825,461.7868670785483,389.30732712607653,409.01283396031874,438.0253488418598,435.15458263191965,373.5279963085023,380.3759262050299,472.3885547084952,427.0263644182448,378.2109186075358,488.02767559378407,487.4848440801978,416.48672784095766,575.3104718734105,474.64403436643624,461.96865883007115,541.534556719772,538.720081511601,433.4941511022562,413.8448843328639,395.92441262072276,490.97864096695037,403.22965005085473,402.1573830590677,488.04632689961284,564.673809766012,356.08706572598715,450.15454242330384,492.26403550100883,393.55251873511907,400.29518243418346,462.717978420223,553.5860263807197,601.8828815257789,403.48280141599616,588.2857632789979,402.64429015623784,604.9910289577382,467.67239391419656,502.842628928549
1610555608.18ONsBCVo1i7BrX0XG9stct4oiA6ejX9Oz,607.3114507450163,616.7188228309336,598.1565657718343,664.1456558302755,611.7872845921129,638.0019623935731,621.5332652078528,599.866257944185,631.9343081736995,639.7131721021009,669.8985443975866,654.5319198662861,700.4989121658848,622.1518623118469,704.208542219281,629.5668893933833,0.0,652.4221550462133,630.4050733126377,628.0335943714988,671.766986883941,711.4568416152921,611.8872001711386,601.4719321989691,655.8936801439385,650.3248048323129,616.8411345256832,670.7550149625336,649.6784455657546,602.5230414157126,622.6834987387833,635.9863574876904,668.3569023884179,653.1607802906591,645.9845387910991,638.6400614868601,642.3109763940744,629.7891422167063,669.4231804362022,684.8564472624274,650.392609537003,713.6400215553837,683.332427063811,664.3519271042024,650.5365929878027,637.0104241183626,657.7833487544569,635.7081532360553,635.1016687124784,664.232355253028,627.809981099337,640.0819839284691,698.6552187808478,707.7383421617554,615.4532657580781,645.005923361032,645.7757057561208,622.6144402662891,632.2253102188374,644.8942176608961,761.7656601374273,736.3196352583832,627.2805841711238,730.9855877544227,634.2949804935242,747.7340592991893,655.3066299550176,737.4891468759482
1610555721.51RNoQUMP19FTMS79BmA3JkgSm2IC2AQuQ,493.8228594903768,258.33319109746486,497.2843944057131,532.790247411535,528.8912631232722,531.8497352784544,521.1309609114016,492.2727886916746,521.6921955164612,512.7623775522467,600.4900547910268,445.9773078140853,555.6089071114604,493.9171401475499,627.8511346597256,534.7318845317601,652.4221550462133,0.0,523.2034239809423,512.4031403541604,560.6198471762567,571.8677766173073,513.7414770440664,478.4750691529723,554.0318270850574,585.5115754362425,510.28299474811365,570.5402383834893,550.7386408680028,500.0933685871611,542.0507749271105,538.2494453735591,533.3892217431649,533.4433212035035,559.491423083652,591.4020524388706,557.2410921177907,530.2451266917818,556.4710244844214,589.6135855417039,549.3139804723968,635.0262490654795,591.320853759671,547.556798963696,470.2718981730354,374.40675027655163,559.2705190503347,529.2318217491261,509.0426632001337,591.3825552057455,454.2742079689509,529.3207216846148,601.0198715738491,654.2055994915476,510.03617683829617,555.5877162609165,564.0491537880835,511.8097090178717,507.8611380717541,546.1789007836906,628.5086005383316,663.0096721994288,519.3907317703379,639.1928822813423,516.0827439505846,673.3086647783955,577.4131431804226,617.9911512887178
1610555971.86O0cHB2ibBJ8jxoObg01EpGe8VVV5mpwn,404.03367486276335,478.50234066461866,382.4244044585614,463.19672016486817,417.92688914184885,266.7055857445534,397.0588210967575,381.0357915096666,361.6482450375474,423.0330998366205,558.3335327501075,480.76759938019865,499.30680694213004,371.1921229315933,531.1164518301218,420.6851061226188,630.4050733126377,523.2034239809423,0.0,414.98716062856096,526.7204946650479,548.1784040484913,407.8822340663119,376.7495496777751,478.7188340478393,391.33975715912766,384.3263021588726,496.1971766429651,486.0635546241238,368.75885900350846,422.5191111886345,424.2384800411905,471.082783870724,453.7688605204092,454.55359992907034,490.918784203291,447.55248605844866,444.3888982785602,494.568430700921,511.79625952360703,468.45876834596226,580.251426437474,495.03547357668697,489.7644410840565,534.9591496056177,537.412124161286,453.52571017386146,410.0549947921266,416.51754410744223,503.0282725970912,420.39257548222423,406.3204378282778,501.97184974947425,575.2813494376873,385.91399245507984,455.779364597036,492.15542408384374,417.6311724082199,407.2867522448481,436.4403092661869,580.4929500397535,631.0720192821296,437.3952940088377,572.0352985348426,423.10957461024157,625.3470181234522,479.5204980818193,543.9543962795354
1610556911.51zU3duZSGpcw1BDNsBLxdOCITAXwl6z3i,346.830006014374,456.79094818694654,328.07594859843675,435.5886338995155,406.7657788772703,428.155331456532,398.77426674226837,333.3312645499792,384.33123698179236,403.8271110675632,542.2686615431702,445.1223331076532,459.69579499097506,358.3454541427839,519.7101543244296,386.5008087467627,628.0335943714988,512.4031403541604,414.98716062856096,0.0,493.43648116974373,563.6334438131709,395.18778882191395,333.82686924877794,455.3686811862206,476.8741695446428,359.9336513222374,449.64968088292534,443.1061979834657,383.7358703322038,401.1786597516486,434.13134394982205,416.8998575248765,391.95078458760423,436.7586061071879,446.4008866928652,434.8861055796926,382.7000239993124,485.0957500811146,482.0602009968292,437.69512065064526,543.1239697317866,472.5951523070627,438.65387957673505,475.31741993983616,520.2505529195065,429.4066775886493,407.91913117910605,395.295192271165,489.78564893253287,379.9291195394443,397.7894691920742,481.89236131209236,561.4037542372454,361.7298860180849,445.54978433221913,480.77830536509214,375.35475673304194,378.75674067945135,458.1826496883163,564.2931293440791,598.6214403557894,381.6680227722999,598.3839506179646,386.55744101777333,602.4291628607513,467.802864339039,537.47169027194
1610555988.71dMoYT8250UHHJGxgmITTmbHe7V6gH1yU,489.7077674387257,562.9069592329884,476.2794041528766,533.6787482291189,516.1688138420988,547.5686018964802,528.4716141007023,480.3240264989299,498.5229115187066,521.8027995008424,610.2506410916752,464.8354427099436,580.468571913474,498.4348267222791,601.2019408270221,504.743147685938,671.766986883941,560.6198471762567,526.7204946650479,493.43648116974373,0.0,583.5779997259758,517.5211423599885,479.5729235939873,558.7722629634616,566.0282048933948,492.9356774589927,577.4586469680041,554.2716955374017,516.2429952164373,522.7125630770747,547.956811788409,547.2010875821986,537.79939508639,511.51989009181284,566.006362883424,537.8981425440535,530.476680903299,588.6111918011048,584.6924603154628,545.4635320194524,621.7311044565132,571.0620367418029,542.4929150286849,585.3221891957531,606.2358343001204,538.0728113942724,508.7811806718401,501.23925849958835,584.6645532221526,457.14571679928713,522.4246578345743,583.6520652524414,637.0352512325148,494.9418568251347,556.5134357114,573.4960945375855,478.0693101538139,485.1415194865405,544.0994594755074,642.8539245585155,686.1282743603501,501.52514449921824,653.4188216798825,487.4656643668618,684.9511102243522,576.2643133320672,626.2380594952162
1610556042.81mlUZsSp7gbGjrp8jQSnybT1gPy6e62o1,548.1718489558474,585.8344687291285,551.7016537039682,586.0631558449801,573.3621118050094,567.9651748886563,568.6595858966155,544.5376558979673,569.7980189101681,573.0981179440644,650.8541211030727,480.6796912868023,618.1830131849702,538.2607430697577,657.7168359523451,582.2198560856558,711.4568416152921,571.8677766173073,548.1784040484913,563.6334438131709,583.5779997259758,0.0,524.9170208796148,535.0304521444847,598.4254243222792,602.8834205791371,561.5173004074444,624.2650588391963,611.6173108424458,521.138175040626,590.3297821684667,542.8406252775094,595.4899295268023,600.3688671999128,597.4090571119798,617.9831318906201,599.2764333359062,597.8891113780289,627.8987815699035,634.8481944890157,612.8734256190792,662.5093280437413,631.6010943263199,606.5405815832794,615.1484943437985,624.9226291833459,599.8015852891365,565.4522913063835,540.4750018615393,618.6956833865082,502.03601153547055,568.969289001557,640.657850547069,687.7549124189129,566.6382325786504,604.4742859036555,611.7801040257331,560.3949598849754,534.1146381034116,557.1447716767175,676.4949142155672,737.7045212591102,553.2287616941319,685.3022852654926,562.4048666155448,708.3746011420726,603.372261700959,652.6027904127563
1610555637.02UBW5nKvDyUrKnaWcYRGajZPxTRDS0q3N,346.70545201980684,461.59203549323973,330.88744892200987,452.4235364069845,380.44505496080524,433.48619645742843,377.74252716096044,333.94313777512735,383.20229004130647,384.19151452213373,548.509892959479,468.1577240764155,475.97169021309634,357.24124094547443,520.0680548362712,401.0973756099387,611.8872001711386,513.7414770440664,407.8822340663119,395.18778882191395,517.5211423599885,524.9170208796148,0.0,329.93366414105094,422.6982871385171,467.8268278364217,359.9934022418181,477.28162301938755,464.43812593221503,336.2418068996146,400.4141123063098,412.001727017197,436.53763358136945,435.45521695791433,442.49433331429276,476.3211835789222,426.0774618304107,423.4142766561866,459.8128792775907,481.3557653823023,441.9657133088558,571.2300331285454,478.449685533448,463.91953061256413,495.6541483982773,514.0340105531974,413.11166723517454,413.223400818357,354.91748333036327,480.18243350447824,398.8794188860267,393.1800552877297,483.2281038814126,560.6953855409539,362.2533899022837,406.49840174888476,459.04936457922446,390.1174569401003,396.06404749571544,410.2307777197004,548.5787520742618,596.3785637509759,404.6602208385266,560.7231972723858,402.289583812683,598.9186113649246,460.6848222854558,543.7070875820161
1610555619.13oUYNikU4facCTpUSiSLr0vPI0tJLnXiT,122.0071380367599,431.41176309078514,156.96513631499013,396.36389393157043,337.3232136320989,367.6496350651143,333.66129333188553,155.1852321461364,326.2562879241685,340.1331136333847,510.8879543933649,402.4338158992419,441.3805914817498,272.4676122178657,475.314696365129,338.4083937603405,601.4719321989691,478.4750691529723,376.7495496777751,333.82686924877794,479.5729235939873,535.0304521444847,329.93366414105094,0.0,403.554617990266,425.4771447759022,289.9614108702066,433.6099781217082,414.9338193811825,312.40272812687476,339.8999097927112,376.49821114573933,398.3120895628869,376.38392831411863,390.5918204655894,429.4550926597982,372.3451072553906,366.0571021721465,432.0998131531915,421.3242735860939,393.04548540810003,539.5596053991849,418.9157779108698,389.38728488506,476.6085449095234,498.97245219201193,375.09684539244864,349.7257541876245,332.13015983240933,448.36723925988053,315.590605292367,336.8645999391832,431.23559434813933,521.6850385034394,291.4601928182298,393.9845474298228,436.25767564351105,331.3990703763138,320.4752077384407,399.9807456405955,529.0040877830064,576.4685009553142,356.80017996404337,549.0557137817057,339.1872211324084,587.6241914181163,418.9955500165983,498.33700632754284
1610555721.03nzkucfjAUh31zTbmCVvTVYqtjoxZFnBh,414.9757644730465,506.4074896073598,401.58953631946855,507.6547656349995,446.91039311094437,487.5522331321067,445.49924837645665,404.332988750493,445.94864229184236,445.95087605530296,593.1033742610814,518.2141832246637,527.2206720677425,420.0048852533137,563.5173988899207,459.18248816908977,655.8936801439385,554.0318270850574,478.7188340478393,455.3686811862206,558.7722629634616,598.4254243222792,422.6982871385171,403.554617990266,0.0,524.2244637444118,429.3720281062092,526.5218572431854,522.9764821507779,423.16287289521034,464.49804764539977,468.73142031655914,491.7663770089444,493.1040315807341,497.90490512661097,528.6388717421632,483.3549112608058,483.5845869281581,504.7425268253052,531.155796479688,503.4069878546471,615.8341136569895,520.9982648705634,516.5770516315365,540.5048703061743,549.1134543759719,481.6863623712342,486.91504546697684,427.3093833203944,546.8202469419984,456.20260244426976,453.484800574378,539.263568505165,608.1826306493698,425.33525232249644,464.25619803107634,490.87214235925967,458.8384433142331,455.8635133772966,459.56818216941093,615.6532737125178,651.8700662320313,473.16323050152795,592.9115392999478,465.408447004256,641.3586847950161,529.8649786852651,587.0105166672242
1610555722.67fhKURdXVzRbLIjXmjRwdJHTnE7PWb1AE,433.87170870921284,537.0975514575524,423.31691454910424,524.391042800715,467.8888034716141,351.1008276354439,465.01624571332354,425.84340022140674,469.22650497255233,484.4313622174461,601.1789114169262,535.7800358797997,552.8429726428818,449.86834648784816,573.9826785167957,482.2760034051301,650.3248048323129,585.5115754362425,391.33975715912766,476.8741695446428,566.0282048933948,602.8834205791371,467.8268278364217,425.4771447759022,524.2244637444118,0.0,465.2181188016049,546.0226529627702,537.8770546156072,446.4503718272806,483.86815272332854,507.71980117487976,526.9115014894427,511.3498240823341,513.7439474981213,546.4157218689057,505.3082958060024,502.98655653436265,536.2907117214523,545.8982903971306,520.2398555675286,602.0595052398077,545.9261670169498,511.9822318644278,585.4253780647383,580.8903608630119,496.2063007249781,477.6275098791114,478.75213387698375,575.0087199566909,470.90594521001367,469.11408849997457,539.582594906032,617.0694837028971,452.2189335768762,470.98367965803453,535.7352055131182,479.6480114173129,468.8968130895448,495.3790101371854,638.6950441011656,670.0900229276953,496.2573421615432,609.4356898408092,484.72885654611105,651.4972441960274,534.5812541931899,585.1668035618242
1610555638.39J2ZWBLuLTHP0jOlzB4tNHmYeijH5g5YJ,310.66092803962596,456.20959100991297,292.8999135026536,414.7483769225049,365.7563705302012,407.67093955684203,363.63564856891594,305.02189099614714,350.75195035636006,370.1097926429269,517.0306953075643,443.8092158935904,464.95135005930587,342.2708412836066,495.8122044238647,365.88356151107723,616.8411345256832,510.28299474811365,384.3263021588726,359.9336513222374,492.9356774589927,561.5173004074444,359.9934022418181,289.9614108702066,429.3720281062092,465.2181188016049,0.0,451.57805149060067,441.13848930209053,343.689154922257,369.0304942215718,376.1668732083874,424.19717621903226,406.3771885916436,418.12465809230576,450.90508133509724,395.8549814954926,393.247253572419,457.8415697960461,467.0333675769837,413.557193722412,554.9924197585278,442.0521856808908,437.2472159340922,496.860314447844,519.3399881628611,380.4665740271391,380.48081082617546,365.73336074407393,355.43669403522915,367.48936478909866,370.0391422434662,456.5232698967887,543.0854877094428,328.0779493203596,435.1017029333796,457.3087752228381,353.5877783121883,363.40126696130767,413.7800158521678,546.4528790464137,572.398481914438,385.27106173426597,574.4445737470005,368.8990111016913,609.4243635398249,370.5665090278817,514.2076713387809
1610556032.17Q6yCDx9g7alRnL9jBFXD2JhhUyB2hKfJ,441.34952515594955,512.2250703523015,428.1104160240119,489.2189965521944,476.11391016375416,505.68642947944517,461.5193768858754,438.4508902849779,471.77054199381575,480.3641236319282,589.2557815849945,538.0830518206398,542.8116297286247,460.14930603554757,584.0321044919672,473.6855994416825,670.7550149625336,570.5402383834893,496.1971766429651,449.64968088292534,577.4586469680041,624.2650588391963,477.28162301938755,433.6099781217082,526.5218572431854,546.0226529627702,451.57805149060067,0.0,520.6745571737156,468.6363214205445,486.7205524102688,513.84284480128,507.0796117381578,496.3755782621569,516.0125095657177,523.9891119432522,501.1752402881079,482.54411944513566,550.6047173964354,547.3226402924583,518.8710845086996,584.1854385949272,532.4038263200077,496.7619497250123,559.1240365276457,564.6059084380656,507.18990090052625,494.87556746685556,474.0761832199127,561.5838532682956,475.2278543812313,471.3123977829989,555.1222216827138,622.0547527669189,454.6174759688983,522.3248840840001,538.7550956217564,442.8883594534146,453.9511149606943,532.2097368432287,586.6401426559503,658.4389901875275,473.83773059272556,635.0546033183571,476.06028734743927,664.4420727905184,545.2045582383616,575.7831262036921
1610557007.49MyVgDnuUuBxrvL6SGOdhKf69VYlW1MSm,428.8123058356402,512.1619426493924,416.08244763130034,503.53335580333527,471.20335821352245,497.476292060067,467.7541930837972,416.36966571958953,459.71325214294876,429.14575553333555,599.5406770412322,501.3725394268276,505.09219507976724,441.43058303224234,582.828895900099,461.7868670785483,649.6784455657546,550.7386408680028,486.0635546241238,443.1061979834657,554.2716955374017,611.6173108424458,464.43812593221503,414.9338193811825,522.9764821507779,537.8770546156072,441.13848930209053,520.6745571737156,0.0,456.7229755606357,474.4696604835477,501.93879586842576,454.52861510425197,465.4380636870905,495.59437253794425,501.05232006016223,482.48086757664464,438.404591928489,547.6872938343329,544.0998444959783,464.31567246167174,620.9446227073234,524.9939936988186,515.5216542470677,556.3670538986876,569.442013417693,496.1071288533828,481.9751906078702,463.2159766060802,546.6468865696942,442.2570413738866,471.65784622434643,545.1264264805881,602.0296653605823,431.6247618327847,511.26918477603346,546.1448441801463,437.7006299596218,463.6325973331697,520.6274200770504,598.3255997846967,623.014781252137,401.8436842694551,640.8090461028238,422.87328353465267,585.5201187104224,530.2092560006246,584.8432458567773
