,1610555604.25mOvVXuL01OCiReyVWBfesjuvXmB3MoPy,1610555605.43B6oDsBtWRQ29Q9UMQuTUEPZy3FSSWXzc,1610555610.92HPGJJSmyPM40z7otPBgHalNrHFA7zk5d,1610555606.68LaSQbm9EHAFycEfFtEqAwYqlBsQPjIRW,1610555617.19EKxMEwDHfXiEJZc27TsGoERaD6Da4BZU,1610555722.52PJ3FD50MGhRXyUD28vluU8Z9UjLJLZn4,1610555617.52Ijr5puT55g9apK8auM7zaxa3NANg502t,1610555638.77ZLjTLkz4jYJdFMI2wWBztzsDILkoOtAk,1610556912.46C7tJPLF0XfNnm8f1820X9aLmXMHoc0Dw,1610555617.51LjzIROg0aeCP2GhDcAVQ0LipKJB9jmKc,1610555608.17OpjjHobqRkX0UPcaXrbu7K6L3805SZri,1610555721.82zWeNZfGUUfRJkgnAwlP8VMhPzXctnSd4,1610555735.75bom85BDF0C7W2eIseHeMxi24qR68nzMi,1610555735.77NnT5xqKnwcf2BbjIekeb2arTQj6QMNwk,1610555638.33wjf1PhdNaoWfbRzXVn50hmFyB5bYAiLV,1610555606.65jCE4ig8Pu8kvAzkxnSGfWsV0nQBjCf8H,1610555608.18ONsBCVo1i7BrX0XG9stct4oiA6ejX9Oz,1610555721.51RNoQUMP19FTMS79BmA3JkgSm2IC2AQuQ,1610555971.86O0cHB2ibBJ8jxoObg01EpGe8VVV5mpwn,1610556911.51zU3duZSGpcw1BDNsBLxdOCITAXwl6z3i,1610555988.71dMoYT8250UHHJGxgmITTmbHe7V6gH1yU,1610556042.81mlUZsSp7gbGjrp8jQSnybT1gPy6e62o1,1610555637.02UBW5nKvDyUrKnaWcYRGajZPxTRDS0q3N,1610555619.13oUYNikU4facCTpUSiSLr0vPI0tJLnXiT,1610555721.03nzkucfjAUh31zTbmCVvTVYqtjoxZFnBh,1610555722.67fhKURdXVzRbLIjXmjRwdJHTnE7PWb1AE,1610555638.39J2ZWBLuLTHP0jOlzB4tNHmYeijH5g5YJ,1610556032.17Q6yCDx9g7alRnL9jBFXD2JhhUyB2hKfJ,1610557007.49MyVgDnuUuBxrvL6SGOdhKf69VYlW1MSm,1610555638.44hjT5hbYdKoE3MB6hijrjqbjmLgvCUYKD,1610555608.13zUvmFSCRt6SsLbhqFznMEvGx54GPGQzM,1610556038.62a5C4ynd1AARyAhTv8a58NCqHvXRjscqH,1610555644.45Xse8u7pusHNsd7F3d0A32HXvXr6weOJE,1610556038.62gKXOCG7XCn55eJvyl5voNjbwOW0znQDq,1610555987.13v0oleKK97pkesp6oMgprH8SoSdoDVdIO,1610556964.96ZLLeiQW0qpmxhPGTg7K03fmzkqsC2bjC,1610555987.13VQlEedQ50VvkPMEMzZDv3KNnQCewykN9,1610555982.186TY6MMGkDecIN1woW6vsfAMXVV7jnyjO,1610555982.673LuMndkwkvdmZOn0MmE2Pkidx0FtNalb,1610555733.38zItcuH7gHNfKdALR2d9Nek6bxCyw36Vm,1610556034.15BQxSbZINGCay0yp6RBVlgcPrw76Yn9ON,1610555639.37BPZpgtGml8qUsh9AdV4m32jPLfI2aNFq,1610556965.57S0adAalhWYe6K3bkZU0bRHbqnDK8gGkR,1610555983.54zteLPCMjyrjzPdhHhlZr3faCgD0TfYr3,1610555987.79rHnNRmt9a0ufmnwCvZqBouyUoZDNpylW,1610556960.041xWER61rmArlsKfiMl4frikWmUCnQ7op,1610556035.13a7NHZDutfTMJ88qle1gTYY59Dr4WmMsj,1610556890.456ZBDaY16bMtrTZTqAgHl3wq1tRxzqDow,1610555760.24e6890pkbyZ97Or6croI1rQgjkSsR0yVt,1610556043.02YpWMIJg3W004iqlPyv8OcVAZdSC5rNYw,1610555987.03z05P26TLtONYM1HSzupoc2CeNMa6HTqr,1610556032.15OYCzUxpsz7b10AXBAuDXrvEcvxFhf0M7,1610556032.63Z80yI9pNwS3jSmsDABbuhf8wkNa2Ze9y,1610555736.28eGuESasTXdR3SqY6pHhEXWZtcdciYLCO,1610556034.61bebeZA0MkaFG2sm3VKiqrxeqQginTTW0,1610556944.5XwXOphKYT3ZkWA8gViqOS97VHVuMVUqb,1610556944.745UVLFBzf7fPh4UH37I6tYQOFPqRDytEh,1610556034.63XsUwaFaPZevO1JNFjfhvY4aKNFnV4noV,1610556964.89xwBHw9faT1HjQRMNQEyA4qJ3hWkwgj3k,1610556966.74DydzH91jtyvRyYau47JpVkZoMRSNTt01,1610555740.77UueVziDbaXyRR4OcVJIIZyzOfAzN51bj,1610556046.84e3vwjyRCzqz0wJQhrk8zsxlFfFSv98Df,1610556137.99eoPuVrDThKAOvmeprLPb2FWRqIhzUodc,1610555740.73XFwSrmTXJPlaxGZSefh0jOVA8PI3III1,1610556123.88AOfNaz9jSnqU5Czc7okOv1RCrYfKFBTo,1610556046.85nB7NvyoYQeLcOV391Lmmut1wAM8CFGLw,1610556123.89H4pdIAzDthI7bMXMhlIhKUYIQIvtmPPQ,1610555740.87GOYQUJKpkynIS2lFqppYK4b32ol7NeGh
1610555604.25mOvVXuL01OCiReyVWBfesjuvXmB3MoPy,0.0,2851.0701175088943,1019.0422773746295,2774.0750170458637,1852.2688103000733,2455.5464837476943,1908.420571848524,1076.9311393135206,1489.8124805385914,2582.3617654701866,2978.947906890251,2839.023513882828,2880.597973334006,1608.0336065140855,2882.921257090561,2760.19767808541,3025.4580781230115,2942.3105144837527,2090.9070454754033,2645.801234682928,2902.0325568768108,2968.705343849285,2267.513979408217,1097.417228162534,2643.1507743030047,2465.831796330349,2091.1949120093664,2909.2483530248774,2881.0703346849423,2205.9466856638405,2636.891660886365,2149.791784678517,2834.2743354853988,2833.3193939090056,2837.883781162782,2860.264259374313,2807.723969983338,2827.6289916230494,2830.4597762541957,2882.4753312257753,2790.192620623281,3001.7092909795224,2818.2716428212816,2698.2704686582656,2965.7164141420008,3004.01550135207,2813.7100369732684,2418.780803683197,2577.348649954976,2844.3527120558565,2682.726933428538,2436.200527847467,2919.058538559759,3019.7657379827883,2591.333487225752,2458.4864722748534,2605.9135372548767,2799.4934294523564,2616.134952471516,2489.5923218879007,3034.5624682692664,3192.880794228866,2817.516664454363,3049.5303982045457,2580.82296174481,3167.7286523107223,2715.9391126137534,2957.2490511746732
1610555605.43B6oDsBtWRQ29Q9UMQuTUEPZy3FSSWXzc,2851.0701175088943,0.0,2967.4096902019382,2090.4914880735796,2819.676341149649,2718.6440907727597,2763.422735077267,2975.484795098751,2925.808500900065,2720.970377835436,2198.464010643929,2500.4702575373835,2657.5679486536806,2949.772698963381,2515.9272758549487,2595.038252758852,2420.6065473245317,1449.2348064269681,2770.3592483341777,2809.7348195238774,2658.7856633323577,2317.991625870081,2675.674968542349,2981.8277166189414,2580.9528717469093,2791.7006326139626,2905.478865042438,2566.69578760634,2421.6793316618996,2603.7342657239055,2784.350072952444,2599.573109555432,2715.6308977809463,2474.700062007733,2644.738467291292,2691.1408370690715,2806.5483336655934,2359.6406195133513,2022.642304147568,3013.088426695819,2508.0955774756862,2411.333347484476,2794.1312603526994,2370.2280672469888,1863.5394168802395,1549.9601209276652,2938.4149764042877,2910.5638068296703,2716.458996080061,3015.788602493387,2716.1032116910546,2952.7773918304356,2723.1712383496724,2288.4238732662266,2767.6568214657677,2664.428892213938,2571.888316779415,2672.6165040389046,2797.0649599794483,2545.096047955525,2376.027232236506,2415.8128775530968,2636.6868126285094,2505.75381497441,2661.1198669048117,2441.273134870036,2994.6172252924093,2409.458171233714
1610555610.92HPGJJSmyPM40z7otPBgHalNrHFA7zk5d,1019.0422773746295,2967.4096902019382,0.0,2794.4598136553977,1885.5202417247901,2439.3740075492983,1714.1280394996822,1003.8234293726433,1526.2677041829027,2726.852403777459,2980.875635142177,2845.9905239739187,3002.1252055981977,1422.937244391398,2892.0245315785237,2800.3158308001575,3033.0637745659283,3000.0194785018566,2085.712093990027,2706.7005167786288,2909.584957288567,2969.6105420896815,2335.1490496394563,1003.0954553407454,2658.8484462793303,2450.5394255463707,2164.620828291921,2887.6323083032685,2891.331239765152,2120.9768945715527,2720.5917054133593,2231.7165799577706,2961.2301919946253,2910.7337017226223,2868.245113430166,2869.612282323366,2803.962712124585,2919.5874125623145,2910.4173776918296,2889.927193043637,2769.8588535080708,3025.0853458718616,2821.7144936450873,2738.278670228852,2994.2593076147014,3021.9833649030625,2841.4710705304683,2455.0407389715824,2694.744645777578,2853.669044384155,2703.225323918276,2423.4284530374075,2993.0619197447436,3070.9921540526125,2605.211178651479,2486.596899148864,2599.24134082771,2794.898065615353,2648.2372550784444,2437.669278728987,3036.6302745015555,3210.310900984939,2893.94138173876,3062.535263382206,2664.4432095493794,3182.2855191921844,2729.047597193883,2943.451874105872
1610555606.68LaSQbm9EHAFycEfFtEqAwYqlBsQPjIRW,2774.0750170458637,2090.4914880735796,2794.4598136553977,0.0,2660.522550182319,2679.972597826824,2679.8965559305807,2800.883576516291,2773.5143595585805,2859.048483219059,1984.8330214205002,2232.7183038472986,2983.543495052343,2822.0140027460425,2453.6329241015032,2389.231899120229,2360.8463725113324,2197.029087041013,2574.7525131388898,2629.725059324187,2350.1510205128907,2371.2106377983764,2665.71143873243,2797.989244954466,2688.1532975756422,2703.224469697889,2646.0925150618004,2288.0831949454323,2490.992500889392,2603.560946385516,2582.1935597207707,2622.2498066732383,2964.2790231141253,2553.4568692794146,2309.7186416602535,2272.6905746817747,2507.797728345563,2512.587080677986,2150.6990568046863,2757.120967641315,2115.0110452772174,2180.926843732772,2447.3263219730725,2110.3775886676685,2307.9537839068366,2276.5614538979344,2823.076714132428,2753.020939971867,2786.3095128626896,2850.850861299485,2400.1624556457978,2694.639714777556,2692.0549107983616,2369.508037706942,2433.0198547192335,2701.633246147302,2542.186245247685,2436.1616735996386,2527.9018679315977,2620.26233917368,2450.9881286687773,2540.4202311201047,2585.0338231730766,2548.1794650132338,2542.8889663013674,2625.1137281946976,2722.582855789962,2424.32384649627
1610555617.19EKxMEwDHfXiEJZc27TsGoERaD6Da4BZU,1852.2688103000733,2819.676341149649,1885.5202417247901,2660.522550182319,0.0,2454.759752498057,1683.9176046255407,1909.5662986379562,1691.4924513845829,2747.6510893308064,2780.020421238743,2820.54225797973,3035.584521973085,1948.3758923296575,2743.1718380237403,2669.80955290048,2879.719922992012,2854.307714643077,2239.0882492855894,2712.719108723729,2833.3869749686446,2768.928379154576,1628.7768982213163,1912.6078501593317,2477.4113087215287,2445.072602610372,1772.5277513193666,2814.458583731767,2805.4800251238303,1903.4589675107322,2522.0019526867454,1836.6113095086598,2971.769083677545,2790.1241665608995,2747.3147205921236,2722.18661560017,2680.858802178663,2702.1181377259413,2759.7843346116642,2884.732506584819,2615.4506172972633,2883.0728332107924,2684.7208229105217,2728.523511909331,2829.991227495107,2872.2859146211463,2660.038187268498,2432.1436329727094,2652.2602075792756,2594.8861465785662,2728.303860282595,2315.225905905939,2877.269654027664,2915.3125289654977,2503.574236126652,2064.7668474492307,2461.2042293457694,2809.193244951077,2657.1968743469597,2256.8567251431928,2805.1642484607323,3028.4027089940246,2744.777448635734,2838.3895511014725,2581.511878606515,2985.4901507854743,2746.90866657988,2715.648200925879
1610555722.52PJ3FD50MGhRXyUD28vluU8Z9UjLJLZn4,2455.5464837476943,2718.6440907727597,2439.3740075492983,2679.972597826824,2454.759752498057,0.0,2372.746861909674,2475.9970742529517,2276.201344924426,2933.0596660594674,2669.6364246010194,2769.7151793629905,3044.8580906849966,2461.992749572127,2739.5243002453335,2830.266911845052,2801.0788658981696,2710.470393096546,1500.6806491316418,2903.568222993596,2730.1157574255412,2636.1487890705585,2378.669164778112,2476.7817668041553,2477.0191794413713,1052.7833067221218,2471.1605446786593,2700.5221921023467,2817.871709762604,2207.5421940624833,2869.8681376674663,2131.13809904601,3074.2937896654025,2848.25019414554,2827.544774466113,2704.340254581516,2883.9246280823963,2934.237608450208,2669.8384840826157,2810.206604583421,2872.5033408944773,2769.895210379796,2818.7417632755682,2558.661736318149,2676.2067316496205,2579.6181723744216,2502.7930513617384,2433.5193151469916,2953.994653651629,2757.3592724732457,2627.1453400193036,2365.2001869401133,2728.872313404348,2828.450691317592,2810.5775050142493,2278.110849478488,2625.3779788327297,2750.188508418031,2605.405585507057,2047.8429494868449,2647.5599322583457,2859.8525829560454,2955.4497671014324,2606.5164772755393,2906.6704308297244,2862.2351090301754,2768.7725561099323,2614.5987491559968
1610555617.52Ijr5puT55g9apK8auM7zaxa3NANg502t,1908.420571848524,2763.422735077267,1714.1280394996822,2679.8965559305807,1683.9176046255407,2372.746861909674,0.0,1800.5182429508513,1997.5061964711006,2881.8268065501975,2763.2600279713993,2857.0634821214912,3099.0051887614754,1615.150842186745,2736.9041819819877,2837.1054573297656,2882.887706101011,2839.8645452101005,2147.400353350243,2915.830095560249,2939.92864506791,2683.867272521758,2198.3149534861686,1759.2558767509324,2540.620332723673,2320.1501841915397,2317.0622190766617,2851.845294269025,2792.6038883429387,1483.172908258687,2756.0515501117925,1823.6758233987073,3091.1344124213956,2943.531890331063,2883.667696073115,2761.9764623663027,2874.93148617498,2881.785736235814,2734.100829523015,2899.156603922623,2789.834672437389,2898.097750385015,2812.3006969917037,2733.5362795187784,2773.056239100977,2820.301735764086,2916.3902430100197,2525.7381357718414,2815.8983866777194,2892.1626521320654,2821.3352532093727,2406.9050686123046,2936.120787482372,2860.0438947096,2718.734666398126,2315.54187743274,2500.648396257528,2909.3819041947454,2753.514257264055,2053.471657534469,2815.870483619987,3001.092887975629,2928.8094162519087,2814.5568179051093,2766.470477076056,2980.1523634386303,2793.973401252996,2745.6846011199095
1610555638.77ZLjTLkz4jYJdFMI2wWBztzsDILkoOtAk,1076.9311393135206,2975.484795098751,1003.8234293726433,2800.883576516291,1909.5662986379562,2475.9970742529517,1800.5182429508513,0.0,1558.20640552648,2737.9885570371084,2994.331093761832,2819.673888268266,3030.1380763876145,1129.2280035756553,2907.7923010316113,2802.316631883987,3044.4410370941105,2995.9931850095054,2132.6019962323494,2693.6999793864484,2883.8761885072677,2960.171875207589,2371.3595041076424,857.6923973313928,2682.8370004118124,2471.3080913261456,2197.6602302691936,2902.872021615441,2914.630650451679,2191.0402790801536,2718.9313475572626,2245.154511537227,2985.917759769326,2921.503004870811,2857.3710952587635,2856.0124679758596,2820.685775120903,2910.1129431994254,2924.4135208673356,2908.452848966425,2782.978329014906,3003.201329600745,2837.1602768941425,2717.32864177166,3010.429096859517,3038.0318352225745,2855.1369786722835,2479.2861746704834,2712.0567985695798,2909.3834665756726,2676.593008233739,2444.134494978682,2998.7274507341217,3077.084304365378,2614.15783277849,2518.1807747162948,2610.409942261727,2799.9449232099987,2615.2024780926213,2481.5149863799193,3036.089640069508,3226.6759835413923,2896.797974408964,3066.3239553284493,2677.7441969332513,3170.9639813547924,2780.3130279467086,2937.941871689958
1610556912.46C7tJPLF0XfNnm8f1820X9aLmXMHoc0Dw,1489.8124805385914,2925.808500900065,1526.2677041829027,2773.5143595585805,1691.4924513845829,2276.201344924426,1997.5061964711006,1558.20640552648,0.0,2766.0353952064843,2884.1237920775898,2755.4737372485906,3034.667429148103,1740.0947675957318,2719.439226580418,2758.5266870040764,2920.014712723274,2888.876851273211,1957.8198392099712,2715.4648319979087,2733.4960597241707,2814.788436218846,2208.702811116314,1493.1923148804842,2549.973806052636,2257.89110416057,2075.2102513193986,2758.616013844382,2848.6581808676215,2241.2841027424747,2699.545993539744,2150.0029041880416,2987.1099273729787,2855.1037528758993,2767.9300046321387,2728.7023730692713,2733.709544688736,2858.808875341284,2859.909657606141,2840.7572565423648,2731.310284043947,2833.1220656480714,2664.8888655456244,2672.3659092904554,2867.907133439265,2881.401522178508,2614.496733477526,2401.4065066253884,2741.177979770058,2716.34078700897,2586.577952797116,2328.7718931549907,2925.393059589995,2978.844509037357,2644.62260160205,2302.5671885296306,2496.0885190537883,2732.9791754212074,2543.0927808152924,2355.8345162282326,2831.835060629635,3095.369189875031,2882.445547254127,2870.895099517012,2678.6232326030345,2985.0247946109644,2756.0192462312148,2768.216803871345
1610555617.51LjzIROg0aeCP2GhDcAVQ0LipKJB9jmKc,2582.3617654701866,2720.970377835436,2726.852403777459,2859.048483219059,2747.6510893308064,2933.0596660594674,2881.8268065501975,2737.9885570371084,2766.0353952064843,0.0,3106.2965141415675,2997.386460924298,1715.635927876103,2863.9140280398656,3100.1951189566944,2716.5587685644664,3169.9291006759986,2982.132250250663,2948.748374240929,2598.4187205385065,3071.1601631697563,3236.492051414996,2691.9343865370483,2753.020989653231,2692.280976176522,2994.6232887485926,2695.5175763846228,3034.364080811859,2769.5023065942787,2851.552160471095,2576.6124753945064,2859.6178454379456,1362.5087780023234,2653.476497292302,2880.836628144505,3063.701919305444,2815.021920615982,2591.988131007237,2571.4173068455075,2870.799480112572,2914.612732265621,3187.286409621502,2974.109612769973,2966.0246636399675,3000.500558657474,2996.9724939102875,2927.8824741291633,2618.1821683749627,1608.896555880323,3031.5250133340305,2861.4007595720195,2897.5866885257274,2647.9566223471634,3099.9252747963696,2708.7661086676044,2858.6028596760643,2891.28495453499,2836.5908304632217,2850.317447504942,2975.57853998316,3151.720373256828,3237.4444155569904,2504.29985160019,3242.7902873497337,2200.4169992403395,3326.9662479737876,2896.7292504446873,3095.2262477106424
1610555608.17OpjjHobqRkX0UPcaXrbu7K6L3805SZri,2978.947906890251,2198.464010643929,2980.875635142177,1984.8330214205002,2780.020421238743,2669.6364246010194,2763.2600279713993,2994.331093761832,2884.1237920775898,3106.2965141415675,0.0,2482.3085458641253,3155.608239361847,2937.4634831619246,2416.790169484971,2564.8384409709306,1574.0097560918382,2223.5736913982923,2661.7130802706824,2969.559116882005,2457.2208921210363,2299.9224970757127,2688.3047070621733,2988.3611599976075,2510.9901348940452,2647.9211738782706,2862.4587027646044,2454.0551682379173,2515.9860894871867,2646.3660393126584,2850.3427198036875,2563.5776692869836,3169.4190529274247,2773.0476794170754,2537.092587631294,2343.871585480522,2719.7713514760185,2697.5239585345275,2335.972934210424,2922.443094806008,2435.773702689943,2122.5927770097765,2580.715796008147,2463.2863873248157,2269.7919184294806,2009.7797343871923,2929.754550898843,2864.591187169362,3022.5494765450094,2883.615538589115,2647.116846032349,2858.7540354828816,2755.087427221762,2375.945522050091,2749.5220997908964,2559.2980941753053,2402.528010075983,2663.1373977919397,2769.0332256798038,2489.126712145443,2383.8426098091973,2390.1832448485384,2754.5192215327424,2350.5815871998,2807.5717636225772,2360.544811222186,2835.7010083046484,2437.1212425113545
1610555721.82zWeNZfGUUfRJkgnAwlP8VMhPzXctnSd4,2839.023513882828,2500.4702575373835,2845.9905239739187,2232.7183038472986,2820.54225797973,2769.7151793629905,2857.0634821214912,2819.673888268266,2755.4737372485906,2997.386460924298,2482.3085458641253,0.0,3111.6478179935893,2820.161809594739,2601.9608964646472,2318.5592827532973,2642.747930279601,2171.3100038474918,2758.264982062114,2503.211774139545,1421.0127279669157,2002.0356438936906,2850.6861538919406,2810.6643172519966,2695.9383299602064,2787.3055437143125,2873.0456207977686,2001.1864650909909,2484.84123992631,2849.164162745719,2825.1442381798447,2847.1229047239026,3070.405601030409,2594.1127222862806,2127.580339451448,2202.2772469947527,2552.813713453122,2558.936382796465,2497.4466246531883,2807.9428097078185,2380.847906249769,2068.8584969415156,2660.337730165475,2127.2659861626335,2573.3731469615273,2517.0389980061864,2663.4280018968357,2691.029729581886,2905.030109735422,2860.8090229162244,1807.3348815519444,2687.383883260917,2865.212274452419,2509.5926441731117,2571.292661556327,2750.500238489021,2624.5560608247183,2051.5744826722143,2168.9326689968175,2750.244483357498,2572.7846739267566,2697.069492463876,2621.3975095661317,2680.851217198803,2613.8272210380414,2596.2748114178976,2798.329009183583,2534.8072487934737
1610555735.75bom85BDF0C7W2eIseHeMxi24qR68nzMi,2880.597973334006,2657.5679486536806,3002.1252055981977,2983.543495052343,3035.584521973085,3044.8580906849966,3099.0051887614754,3030.1380763876145,3034.667429148103,1715.635927876103,3155.608239361847,3111.6478179935893,0.0,3111.08900059449,3106.5625267355313,2917.0758702116727,3202.7474580318276,2936.675310979453,3115.446993114965,2754.457939551701,3209.5424588840306,3277.774533241298,2959.570580007829,3039.575837559895,2976.9423763283507,3107.68832817496,2963.394399337387,3177.9412850152157,2850.261806311531,3043.1180480396442,2733.347176870933,3023.348397772087,1079.6679962047003,2707.811744701481,3039.1803638002048,3220.7262976531133,2976.1007749934697,2670.7734877386765,2747.7360845201915,2948.1296031028332,3025.927083859226,3261.678124447878,3089.453180458561,3052.7223253243233,3016.9213361562,2981.14313048354,3088.3309302193907,2996.55309394938,2395.8097314661163,3134.7560313690415,3096.9471541409725,3138.9209072491913,2778.426152178304,3061.240614765372,2924.7736492439294,3035.001582465883,3132.795296294529,3055.7669166052215,3092.773296352286,3144.561590359278,3201.903876735728,3219.7166566803057,2629.0891875168354,3319.78777782391,2680.2992925990616,3303.6037781088517,3041.614634022156,3159.3671685179493
1610555735.77NnT5xqKnwcf2BbjIekeb2arTQj6QMNwk,1608.0336065140855,2949.772698963381,1422.937244391398,2822.0140027460425,1948.3758923296575,2461.992749572127,1615.150842186745,1129.2280035756553,1740.0947675957318,2863.9140280398656,2937.4634831619246,2820.161809594739,3111.08900059449,0.0,2835.4218722671185,2849.4847265054073,3005.21996992879,2946.8880344780796,2201.1114321874525,2819.530533194833,2895.667459664611,2856.9728498459426,2400.326369295022,1390.927814909201,2636.5956595210837,2417.5081457907495,2353.310744684196,2913.050153152205,2949.2868187204795,2073.807896197919,2789.4832369062474,2187.893160661397,3094.6220003082685,3013.4488039239122,2893.8420596824476,2831.4852445430092,2852.0919348514594,2966.747105112813,2929.5172201141986,2940.8602006797923,2843.3830908936106,2967.3094186262465,2853.366480114161,2813.1241873498343,2933.086094958502,2952.590288307932,2897.530925429789,2549.2771108258157,2837.848842571311,2982.026848347746,2747.2472194090246,2448.525282475104,3034.0018833255494,3044.3573170581544,2704.0885754675737,2496.423925455236,2566.6690526958073,2840.408779997147,2681.0814085400175,2351.4045251153143,2961.6632864583758,3167.3226480819026,3010.469450277192,2983.9052625906616,2802.3023150278536,3097.2521286811784,2858.198514144461,2869.587952681372
1610555638.33wjf1PhdNaoWfbRzXVn50hmFyB5bYAiLV,2882.921257090561,2515.9272758549487,2892.0245315785237,2453.6329241015032,2743.1718380237403,2739.5243002453335,2736.9041819819877,2907.7923010316113,2719.439226580418,3100.1951189566944,2416.790169484971,2601.9608964646472,3106.5625267355313,2835.4218722671185,0.0,2634.936451517835,2618.3121800781973,2453.6086580648157,2670.3991067784395,2920.2968714177964,2587.9312632786236,2413.4232136832943,2751.8332988682705,2890.0069109246247,2666.14856003045,2720.1166824717075,2806.49473402383,2758.898076509171,2443.068075610851,2699.4970971761636,2656.359340775863,2646.9496845836825,3135.0710867692005,2964.3857577708814,2389.494604444969,2385.1920305082317,2445.227575366209,2875.156952550478,2627.9662823559233,2770.891669331059,2155.984829238138,2549.7589282607514,2092.272434942134,2588.3358925452794,2169.514121408756,2411.8503886948483,2779.4221021834946,2735.5393902797555,3119.702218770003,2897.1265452845823,2636.4833745706674,2687.7803366370567,3097.068721151853,2467.0723259566707,2657.671684479579,2646.9996551637855,2348.090716232584,2716.171863115658,2767.255986837988,2518.7950736813577,2734.974658203275,2505.147411397852,2957.192146199731,2719.518421159491,2959.221358083343,2406.06186034455,2860.5229429198284,2756.1015928715456
1610555606.65jCE4ig8Pu8kvAzkxnSGfWsV0nQBjCf8H,2760.19767808541,2595.038252758852,2800.3158308001575,2389.231899120229,2669.80955290048,2830.266911845052,2837.1054573297656,2802.316631883987,2758.5266870040764,2716.5587685644664,2564.8384409709306,2318.5592827532973,2917.0758702116727,2849.4847265054073,2634.936451517835,0.0,2714.9778927480875,2700.7841631411056,2838.1060708804944,2197.75685545819,2390.0186119890163,2739.625323522786,2607.0010952605558,2801.3734033672586,2636.9415038116667,2875.7763492287463,2635.830118332173,2384.7514199613265,2270.4533063140316,2814.752897639667,2264.7971421633615,2833.3500874785104,2780.9654724723873,2000.981895152929,1723.9388297680296,2057.2035737839847,2166.095103804312,1840.9737929768492,2577.438719829629,2759.4077629962285,2278.239536152007,2589.1342569451067,2570.4823507732467,2551.518697403574,2566.5988363089427,2735.9361235793776,2632.697648655266,2598.500006831913,2606.0413903605167,2656.560088436714,2241.4357967013834,2741.7193584359306,2535.419137214683,2634.961553513081,2103.946958059094,2689.8527103677916,2663.127913959354,2130.032169445042,2394.123233453055,2827.1091553721976,2636.1211866142626,2754.4761523602883,2114.329051396719,2774.789486259464,2338.775390643528,2740.2890589637595,2582.1788872144202,2579.8316451935452
1610555608.18ONsBCVo1i7BrX0XG9stct4oiA6ejX9Oz,3025.4580781230115,2420.6065473245317,3033.0637745659283,2360.8463725113324,2879.719922992012,2801.0788658981696,2882.887706101011,3044.4410370941105,2920.014712723274,3169.9291006759986,1574.0097560918382,2642.747930279601,3202.7474580318276,3005.21996992879,2618.3121800781973,2714.9778927480875,0.0,2421.4748782871125,2820.0617144678195,3047.6735002413284,2592.7202074494735,2452.937656459146,2790.5011342570274,3025.89870769033,2606.2034091498017,2735.414309505781,2949.2184157600177,2639.081636547577,2638.422589032055,2768.2207231436123,2977.754061098859,2665.2980985229465,3220.02554474143,2836.5126736556977,2690.5813615145535,2485.879604798141,2871.1221829628685,2804.27417485011,2487.1379200596825,3048.780453517924,2629.92114193493,2321.9345626991944,2754.00617163902,2626.8923440860044,2433.284043637993,2277.7687976377038,2997.3002525176867,2942.95610219522,3048.8805279770095,2893.4021945631794,2776.573181835883,2964.242094237886,2884.2231653262675,2464.25996437692,2889.4361433603517,2641.6272092971476,2514.6360029893085,2797.3021898429697,2887.5140854208794,2617.5281643230414,2501.122786430759,2479.401179757464,2791.8650967782755,2398.3520137358414,2862.769126062159,2432.490050272502,2901.003885290708,2575.067862925782
1610555721.51RNoQUMP19FTMS79BmA3JkgSm2IC2AQuQ,2942.3105144837527,1449.2348064269681,3000.0194785018566,2197.029087041013,2854.307714643077,2710.470393096546,2839.8645452101005,2995.9931850095054,2888.876851273211,2982.132250250663,2223.5736913982923,2171.3100038474918,2936.675310979453,2946.8880344780796,2453.6086580648157,2700.7841631411056,2421.4748782871125,0.0,2722.2297099671136,2918.153795697774,2360.019934177877,2090.4859767578564,2798.945756568153,2982.9968381334547,2665.8564644995154,2762.282039559626,2975.548241580904,2442.9898797914443,2561.09198720392,2727.6189536530483,2904.1368007182655,2717.778880107678,2989.1317020433385,2681.447403667589,2672.3526462584305,2575.52034915183,2870.600804698551,2619.5781069024943,2273.2214537000386,2969.0988336028413,2504.538904938107,2281.047599184665,2740.4545361920327,2328.6373895163565,2000.001900596815,1633.7414830414461,2854.920824020714,2890.4562220760886,2958.765100999839,3011.624011883081,2528.7381559757414,2935.792313493436,2852.607216363836,2349.5669807031727,2874.2727566189305,2729.453258669082,2565.8353234180704,2674.692096348921,2650.726868634333,2553.0588246402026,2311.0361825982927,2377.041650698114,2820.3192963718134,2407.4025841983944,2835.823046171727,2334.0757294351483,3014.774825947926,2350.259929702332
1610555971.86O0cHB2ibBJ8jxoObg01EpGe8VVV5mpwn,2090.9070454754033,2770.3592483341777,2085.712093990027,2574.7525131388898,2239.0882492855894,1500.6806491316418,2147.400353350243,2132.6019962323494,1957.8198392099712,2948.748374240929,2661.7130802706824,2758.264982062114,3115.446993114965,2201.1114321874525,2670.3991067784395,2838.1060708804944,2820.0617144678195,2722.2297099671136,0.0,2928.9698028545777,2764.6588538050537,2592.8289583413534,2399.4921909315212,2131.909913622194,2536.440770806226,1724.6062985099402,2357.758996685706,2683.554498476888,2814.4171598298094,2076.4336236988643,2836.7727838817136,2064.6167880563635,3144.856773634952,2908.087870951758,2810.6901472120217,2725.020652608166,2851.8039814960835,2965.017603632288,2725.1273902029798,2675.906109157871,2775.814377946901,2762.248729085768,2712.797918131599,2489.14312975321,2723.6837917725766,2697.8694985950556,2718.523924560383,2396.124236183262,2906.7226768639957,2760.478854181044,2607.7731084372813,2188.2750677722706,2850.14061870494,2890.3792717991337,2775.033655533843,2373.043154733176,2573.5461303737684,2801.333074773909,2573.9383140484774,2054.8079539606156,2680.482677498421,2927.253429829132,2983.9018159678835,2660.015894900712,2826.7183121976263,2882.152287029612,2655.2503583195835,2614.666886771537
1610556911.51zU3duZSGpcw1BDNsBLxdOCITAXwl6z3i,2645.801234682928,2809.7348195238774,2706.7005167786288,2629.725059324187,2712.719108723729,2903.568222993596,2915.830095560249,2693.6999793864484,2715.4648319979087,2598.4187205385065,2969.559116882005,2503.211774139545,2754.457939551701,2819.530533194833,2920.2968714177964,2197.75685545819,3047.6735002413284,2918.153795697774,2928.9698028545777,0.0,2565.6183594198333,2974.0575914403553,2698.615865155588,2725.609604390894,2844.5493627331766,2956.5281039279876,2609.437457147312,2680.8748655911263,2732.5908236237224,2926.0100611702433,2487.3253880879697,2916.8451482955143,2635.9139479496885,2418.503713194385,2338.7866231030225,2599.50364448109,2286.634638870677,2416.9458192181046,2845.3884855945726,3011.851959264189,2561.618601438553,2897.3033268851914,2796.652583180767,2643.9138658144184,2815.877293387753,3003.391455156319,2660.9241627269885,2668.6390248173225,2592.3144473635216,2900.2580776211676,2452.1139535372336,2862.5182214094043,2923.844555386136,2908.2153924967306,2169.5523713354296,2840.1800803771043,2825.961808133389,2283.126453262112,2540.606996017348,2984.801593053442,3034.6930764390945,3102.357890481714,2338.0768354740794,3163.680627903791,2326.0451352851906,3140.8955450765307,2783.66468979688,2986.611232267704
1610555988.71dMoYT8250UHHJGxgmITTmbHe7V6gH1yU,2902.0325568768108,2658.7856633323577,2909.584957288567,2350.1510205128907,2833.3869749686446,2730.1157574255412,2939.92864506791,2883.8761885072677,2733.4960597241707,3071.1601631697563,2457.2208921210363,1421.0127279669157,3209.5424588840306,2895.667459664611,2587.9312632786236,2390.0186119890163,2592.7202074494735,2360.019934177877,2764.6588538050537,2565.6183594198333,0.0,2203.0850692127506,2838.4019383338546,2872.9672983240594,2676.717084038206,2746.901934696462,2876.2116675963566,2039.7435215193177,2558.547585846106,2915.78397427726,2845.7557852868827,2864.920291061714,3159.222569421716,2676.138787632322,2087.0701654394134,2235.072187756863,2535.524598724905,2654.488516764842,2581.7309531523288,2894.583191216781,2363.1292527513688,2132.374698113778,2610.183068021186,2264.435210372679,2581.2917935033574,2523.7566815487453,2608.465694274594,2704.0054240832374,2957.1055430905003,2884.4780658415034,2003.834579798934,2671.578094376575,2880.676553457496,2594.856940057536,2585.5540935266968,2708.159183546911,2602.697820919676,1967.7243075405913,2291.1586267872062,2741.0084697478883,2568.024486349081,2736.8358588705782,2714.779839335104,2682.8546280063415,2704.3383531877676,2640.363401942766,2833.2835854506116,2541.613618551549
1610556042.81mlUZsSp7gbGjrp8jQSnybT1gPy6e62o1,2968.705343849285,2317.991625870081,2969.6105420896815,2371.2106377983764,2768.928379154576,2636.1487890705585,2683.867272521758,2960.171875207589,2814.788436218846,3236.492051414996,2299.9224970757127,2002.0356438936906,3277.774533241298,2856.9728498459426,2413.4232136832943,2739.625323522786,2452.937656459146,2090.4859767578564,2592.8289583413534,2974.0575914403553,2203.0850692127506,0.0,2697.9708151569816,2956.2165132024033,2565.1861658958965,2637.2440968923634,2959.351244767767,2317.9832724641933,2662.74820378799,2519.433836467871,3057.953008276289,2444.10609501323,3294.7920706378923,2871.760323371167,2582.411325229192,2432.210354600865,2857.6999652676573,2799.5082708741547,2466.689311003792,2929.7447005659524,2690.4729891705033,2144.442496638617,2735.4083804300762,2450.749221301262,2278.979096205501,2224.3119860754828,2845.0964141986183,2821.921691006764,3075.4364844505862,2877.20726148041,2498.3136428606986,2803.6354889587087,2975.1767536205875,2413.3440108470018,2955.6730415589873,2610.282972127592,2504.4865194140107,2542.7741354870855,2679.1199444656195,2202.573127198457,2206.8637564358237,2477.5997750714723,2881.129296217826,2295.614131805853,2891.6533605102313,2196.2234834351766,2888.526347083977,2264.642177421613
1610555637.02UBW5nKvDyUrKnaWcYRGajZPxTRDS0q3N,2267.513979408217,2675.674968542349,2335.1490496394563,2665.71143873243,1628.7768982213163,2378.669164778112,2198.3149534861686,2371.3595041076424,2208.702811116314,2691.9343865370483,2688.3047070621733,2850.6861538919406,2959.570580007829,2400.326369295022,2751.8332988682705,2607.0010952605558,2790.5011342570274,2798.945756568153,2399.4921909315212,2698.615865155588,2838.4019383338546,2697.9708151569816,0.0,2364.9184673514987,2225.23083455272,2435.153127507252,1756.7307091835607,2831.879151467387,2727.6339474784154,1881.636603550899,2390.931723366488,1816.511468172406,2878.5887863415855,2682.5866474130216,2683.8329339956076,2689.5680367835716,2615.9322742615204,2522.161207820992,2564.2385255386766,2928.8283076175017,2602.444486894142,2856.8411389386233,2684.933335776112,2782.9333361874196,2701.4612691474217,2710.79718798384,2535.06452058793,2393.1894519998727,2533.921721996369,2525.3295421151747,2778.647397169321,2281.4575398711277,2815.546154646733,2810.4671412851408,2449.2685470244805,1581.937958601372,2435.807017637116,2729.3818942164526,2734.2875650103265,2058.387507967252,2724.117623078866,2935.1867069752166,2583.5363236368144,2733.84504504203,2501.1256168026925,2884.1349976224433,2729.0357121544366,2719.864745830707
1610555619.13oUYNikU4facCTpUSiSLr0vPI0tJLnXiT,1097.417228162534,2981.8277166189414,1003.0954553407454,2797.989244954466,1912.6078501593317,2476.7817668041553,1759.2558767509324,857.6923973313928,1493.1923148804842,2753.020989653231,2988.3611599976075,2810.6643172519966,3039.575837559895,1390.927814909201,2890.0069109246247,2801.3734033672586,3025.89870769033,2982.9968381334547,2131.909913622194,2725.609604390894,2872.9672983240594,2956.2165132024033,2364.9184673514987,0.0,2684.4419725467533,2479.923606323788,2195.7151019261805,2897.2193929312625,2913.5880007987203,2152.7573219989313,2726.793837304293,2247.6761275939243,2993.184170490283,2920.3032793032776,2851.2163477187496,2852.2180172110216,2834.2073760960734,2923.885337885704,2920.1600476859217,2910.091497669002,2787.541189406233,2990.525787182515,2823.9707828823316,2721.252727967962,3014.002070528945,3030.9249794228726,2845.7297571221375,2468.271409328645,2717.8936010871384,2892.704647179621,2672.6534315062863,2446.1340795995466,3001.2044623570605,3069.6781731903134,2625.523122417918,2505.282876966966,2610.0029811926165,2792.273090730783,2623.005098493408,2476.5878980985663,3027.45613106374,3220.41486618034,2897.2557262940018,3045.2812672887053,2687.0499720474404,3163.3478140828124,2764.0569426364605,2947.060960061127
1610555721.03nzkucfjAUh31zTbmCVvTVYqtjoxZFnBh,2643.1507743030047,2580.9528717469093,2658.8484462793303,2688.1532975756422,2477.4113087215287,2477.0191794413713,2540.620332723673,2682.8370004118124,2549.973806052636,2692.280976176522,2510.9901348940452,2695.9383299602064,2976.9423763283507,2636.5956595210837,2666.14856003045,2636.9415038116667,2606.2034091498017,2665.8564644995154,2536.440770806226,2844.5493627331766,2676.717084038206,2565.1861658958965,2225.23083455272,2684.4419725467533,0.0,2534.4553855920844,2647.675756395361,2648.28494478848,2746.2372485965616,2386.4420443145805,2746.332634707807,2278.5756937249143,2908.67365107187,2709.5781713202614,2638.168714507488,2636.8933464837155,2720.1595102843567,2578.869372909108,2077.913659018983,2742.139952269477,2782.514464544129,2644.67177982958,2624.461618127875,2709.2723146377116,2604.7584768395786,2369.951690884092,2722.519765319477,2226.5409721059377,2572.112329720411,2828.6490562734643,2636.733570285895,2546.9170290847915,2569.7920461134836,2715.222833854702,2747.4664191753827,1967.5234082325012,2006.1911455177158,2670.758752374384,2611.973852734671,2037.943408741497,2452.80565897564,2670.3231978163994,2682.130236264837,2403.6793739350883,2533.3558537786184,2646.7443503499444,2633.376562691746,2526.2299420228233
1610555722.67fhKURdXVzRbLIjXmjRwdJHTnE7PWb1AE,2465.831796330349,2791.7006326139626,2450.5394255463707,2703.224469697889,2445.072602610372,1052.7833067221218,2320.1501841915397,2471.3080913261456,2257.89110416057,2994.6232887485926,2647.9211738782706,2787.3055437143125,3107.68832817496,2417.5081457907495,2720.1166824717075,2875.7763492287463,2735.414309505781,2762.282039559626,1724.6062985099402,2956.5281039279876,2746.901934696462,2637.2440968923634,2435.153127507252,2479.923606323788,2534.4553855920844,0.0,2506.3385310908116,2736.0942678595316,2828.7060822242693,2225.6128905062733,2908.4281192331605,2129.9032851469406,3130.869168183474,2921.0069641686514,2877.52787737223,2682.550368960026,2913.2425027505105,2979.866187010077,2696.656319700681,2845.0038206250665,2910.760507996895,2741.7535084320334,2802.0730520480565,2605.441727840951,2699.104191040606,2639.6955991320465,2562.2129216503704,2484.6331569727167,3014.667322687578,2801.338861374113,2690.0692824756416,2421.2288414785585,2783.4853718045542,2833.3425981282644,2861.478851162022,2286.316796597246,2627.033714482523,2835.3759309181123,2664.626240686073,2060.0063375667078,2658.239203395533,2892.1969921671803,2999.854215731868,2600.110946430199,2962.74381749565,2851.012540495779,2805.5983485176625,2638.578514836664
1610555638.39J2ZWBLuLTHP0jOlzB4tNHmYeijH5g5YJ,2091.1949120093664,2905.478865042438,2164.620828291921,2646.0925150618004,1772.5277513193666,2471.1605446786593,2317.0622190766617,2197.6602302691936,2075.2102513193986,2695.5175763846228,2862.4587027646044,2873.0456207977686,2963.394399337387,2353.310744684196,2806.49473402383,2635.830118332173,2949.2184157600177,2975.548241580904,2357.758996685706,2609.437457147312,2876.2116675963566,2959.351244767767,1756.7307091835607,2195.7151019261805,2647.675756395361,2506.3385310908116,0.0,2920.8003890145483,2858.425176575498,2300.7821346389987,2293.267838163346,2218.434358322247,2887.2156542708467,2783.189205602339,2736.408052636232,2753.12514384513,2602.0844136458236,2778.9017612252683,2856.038802684721,2801.349323405325,2517.67172186363,2946.008293956917,2664.4958257973417,2871.72917659654,2910.8425844409753,2989.978868317542,2599.237810636776,2342.258152641577,2632.2940939063897,2319.4703931570484,2756.696001097755,2142.1324668697116,2908.748040001633,2998.1493237818945,2427.2518190893434,2234.942282217361,2719.9999769156807,2733.4200712399384,2731.6600563639113,2491.5691472253216,2934.8268180300747,3059.5393026753377,2663.053248455959,2950.6143178046673,2555.4972084573096,3090.5958381610694,2443.289433125454,2923.2892850092435
1610556032.17Q6yCDx9g7alRnL9jBFXD2JhhUyB2hKfJ,2909.2483530248774,2566.69578760634,2887.6323083032685,2288.0831949454323,2814.458583731767,2700.5221921023467,2851.845294269025,2902.872021615441,2758.616013844382,3034.364080811859,2454.0551682379173,2001.1864650909909,3177.9412850152157,2913.050153152205,2758.898076509171,2384.7514199613265,2639.081636547577,2442.9898797914443,2683.554498476888,2680.8748655911263,2039.7435215193177,2317.9832724641933,2831.879151467387,2897.2193929312625,2648.28494478848,2736.0942678595316,2920.8003890145483,0.0,2550.5043882251694,2841.1244376416275,2920.6562810928,2828.6012082430084,3136.164471141365,2376.631900496855,2407.929427545178,2334.2791472119648,2648.0885344888306,2484.0546440207377,2524.0009763109924,2765.0590509236513,2603.192505744096,2107.5581122328385,2641.391910503365,2097.7339479162624,2607.7827214033123,2461.2379544612886,2723.621915700065,2756.882749380653,2928.9855037986067,2852.487327351727,2029.3076040925723,2776.641600584557,2619.098256330356,2607.385341812109,2680.3520061673316,2739.4105654250775,2517.593961116379,2104.762212135038,2114.752140482846,2716.02018477821,2358.9090077059377,2717.5038363150124,2684.335934335595,2491.5223473191604,2667.3448599269636,2569.522580867523,2814.05115132281,2262.1014639628684
