,1610555604.25mOvVXuL01OCiReyVWBfesjuvXmB3MoPy,1610555605.43B6oDsBtWRQ29Q9UMQuTUEPZy3FSSWXzc,1610555610.92HPGJJSmyPM40z7otPBgHalNrHFA7zk5d,1610555606.68LaSQbm9EHAFycEfFtEqAwYqlBsQPjIRW,1610555617.19EKxMEwDHfXiEJZc27TsGoERaD6Da4BZU,1610555722.52PJ3FD50MGhRXyUD28vluU8Z9UjLJLZn4,1610555617.52Ijr5puT55g9apK8auM7zaxa3NANg502t,1610555638.77ZLjTLkz4jYJdFMI2wWBztzsDILkoOtAk,1610556912.46C7tJPLF0XfNnm8f1820X9aLmXMHoc0Dw,1610555617.51LjzIROg0aeCP2GhDcAVQ0LipKJB9jmKc,1610555608.17OpjjHobqRkX0UPcaXrbu7K6L3805SZri,1610555721.82zWeNZfGUUfRJkgnAwlP8VMhPzXctnSd4,1610555735.75bom85BDF0C7W2eIseHeMxi24qR68nzMi,1610555735.77NnT5xqKnwcf2BbjIekeb2arTQj6QMNwk,1610555638.33wjf1PhdNaoWfbRzXVn50hmFyB5bYAiLV,1610555606.65jCE4ig8Pu8kvAzkxnSGfWsV0nQBjCf8H,1610555608.18ONsBCVo1i7BrX0XG9stct4oiA6ejX9Oz,1610555721.51RNoQUMP19FTMS79BmA3JkgSm2IC2AQuQ,1610555971.86O0cHB2ibBJ8jxoObg01EpGe8VVV5mpwn,1610556911.51zU3duZSGpcw1BDNsBLxdOCITAXwl6z3i,1610555988.71dMoYT8250UHHJGxgmITTmbHe7V6gH1yU,1610556042.81mlUZsSp7gbGjrp8jQSnybT1gPy6e62o1,1610555637.02UBW5nKvDyUrKnaWcYRGajZPxTRDS0q3N,1610555619.13oUYNikU4facCTpUSiSLr0vPI0tJLnXiT,1610555721.03nzkucfjAUh31zTbmCVvTVYqtjoxZFnBh,1610555722.67fhKURdXVzRbLIjXmjRwdJHTnE7PWb1AE,1610555638.39J2ZWBLuLTHP0jOlzB4tNHmYeijH5g5YJ,1610556032.17Q6yCDx9g7alRnL9jBFXD2JhhUyB2hKfJ,1610557007.49MyVgDnuUuBxrvL6SGOdhKf69VYlW1MSm,1610555638.44hjT5hbYdKoE3MB6hijrjqbjmLgvCUYKD,1610555608.13zUvmFSCRt6SsLbhqFznMEvGx54GPGQzM,1610556038.62a5C4ynd1AARyAhTv8a58NCqHvXRjscqH,1610555644.45Xse8u7pusHNsd7F3d0A32HXvXr6weOJE,1610556038.62gKXOCG7XCn55eJvyl5voNjbwOW0znQDq,1610555987.13v0oleKK97pkesp6oMgprH8SoSdoDVdIO,1610556964.96ZLLeiQW0qpmxhPGTg7K03fmzkqsC2bjC,1610555987.13VQlEedQ50VvkPMEMzZDv3KNnQCewykN9,1610555982.186TY6MMGkDecIN1woW6vsfAMXVV7jnyjO,1610555982.673LuMndkwkvdmZOn0MmE2Pkidx0FtNalb,1610555733.38zItcuH7gHNfKdALR2d9Nek6bxCyw36Vm,1610556034.15BQxSbZINGCay0yp6RBVlgcPrw76Yn9ON,1610555639.37BPZpgtGml8qUsh9AdV4m32jPLfI2aNFq,1610556965.57S0adAalhWYe6K3bkZU0bRHbqnDK8gGkR,1610555983.54zteLPCMjyrjzPdhHhlZr3faCgD0TfYr3,1610555987.79rHnNRmt9a0ufmnwCvZqBouyUoZDNpylW,1610556960.041xWER61rmArlsKfiMl4frikWmUCnQ7op,1610556035.13a7NHZDutfTMJ88qle1gTYY59Dr4WmMsj,1610556890.456ZBDaY16bMtrTZTqAgHl3wq1tRxzqDow,1610555760.24e6890pkbyZ97Or6croI1rQgjkSsR0yVt,1610556043.02YpWMIJg3W004iqlPyv8OcVAZdSC5rNYw,1610555987.03z05P26TLtONYM1HSzupoc2CeNMa6HTqr,1610556032.15OYCzUxpsz7b10AXBAuDXrvEcvxFhf0M7,1610556032.63Z80yI9pNwS3jSmsDABbuhf8wkNa2Ze9y,1610555736.28eGuESasTXdR3SqY6pHhEXWZtcdciYLCO,1610556034.61bebeZA0MkaFG2sm3VKiqrxeqQginTTW0,1610556944.5XwXOphKYT3ZkWA8gViqOS97VHVuMVUqb,1610556944.745UVLFBzf7fPh4UH37I6tYQOFPqRDytEh,1610556034.63XsUwaFaPZevO1JNFjfhvY4aKNFnV4noV,1610556964.89xwBHw9faT1HjQRMNQEyA4qJ3hWkwgj3k,1610556966.74DydzH91jtyvRyYau47JpVkZoMRSNTt01,1610555740.77UueVziDbaXyRR4OcVJIIZyzOfAzN51bj,1610556046.84e3vwjyRCzqz0wJQhrk8zsxlFfFSv98Df,1610556137.99eoPuVrDThKAOvmeprLPb2FWRqIhzUodc,1610555740.73XFwSrmTXJPlaxGZSefh0jOVA8PI3III1,1610556123.88AOfNaz9jSnqU5Czc7okOv1RCrYfKFBTo,1610556046.85nB7NvyoYQeLcOV391Lmmut1wAM8CFGLw,1610556123.89H4pdIAzDthI7bMXMhlIhKUYIQIvtmPPQ,1610555740.87GOYQUJKpkynIS2lFqppYK4b32ol7NeGh
1610555604.25mOvVXuL01OCiReyVWBfesjuvXmB3MoPy,0.0,1883.3249839982193,573.16835800091,1839.3958709004203,1283.2089517411862,1649.9634540122634,1276.531156299283,680.946769059354,1018.4198988156442,1703.748095083312,2006.650505194235,1883.51138861689,1926.3887523397775,1055.8382045808146,1922.681726947541,1793.4944600303602,2060.3103768656797,1966.3439751743485,1395.2076818518433,1717.3406315003301,1954.3391336472073,2039.951290534265,1545.7686570996502,641.4154641727423,1813.5979697028538,1681.4915885528521,1408.6684290503727,1922.5961725582226,1931.0637441680558,1462.051936907901,1736.3778085000276,1482.4077402212913,1863.7896667478105,1880.5783454663433,1876.1027705426598,1879.3254916266667,1853.8343486880804,1853.0222402937222,1922.8481385185262,1908.506284917524,1845.775181103388,2033.4029751212086,1875.2677512708901,1773.0918469611563,1992.301303990296,1998.7322943672998,1881.9524090517455,1635.5287249952896,1679.696179994486,1904.892067688564,1716.6895652308374,1628.301901593249,1945.7654690872491,2035.72450881965,1689.0288503761483,1687.527680190175,1784.9229450823323,1851.8731951989782,1675.4680690488467,1683.5635742916097,2049.9306711350914,2173.240372288721,1865.4224874270487,2051.2583736375614,1697.1410748150035,2145.999667198464,1810.8082435158185,2006.30995959261
1610555605.43B6oDsBtWRQ29Q9UMQuTUEPZy3FSSWXzc,1883.3249839982193,0.0,1930.0522439132933,1387.0501485660573,1895.1003612797344,1810.8515087784583,1852.5856042821315,1952.9780709255476,1986.0552035771766,1800.9729479636296,1499.1159129027426,1716.9831323833994,1764.593902680667,1971.6735067252978,1724.298952952079,1724.7817658860636,1640.4432335724396,975.8568784426324,1854.0428841965443,1862.3747913600566,1838.4257331159988,1659.9465536661753,1753.8466185411592,1947.0547366285712,1750.1633974266274,1895.2372336429007,1914.8777380220743,1741.4163293781967,1591.6328000040803,1703.932049485004,1835.5641544895918,1753.9206068938631,1799.2887590632524,1609.7529003436725,1778.4498556061558,1822.8715996151877,1854.9562335145756,1525.5246496314041,1339.7679603819795,2039.2169862778867,1671.63533438356,1682.8998285112027,1892.364050509151,1588.3599764178753,1229.9691674799712,996.3198398550206,1961.7848561996357,1935.849553286811,1750.1535457356706,2029.7674290562818,1787.427666836952,1969.9179281279407,1840.7728673032561,1550.2439869535044,1794.974679986949,1810.5862680967664,1769.219363345286,1781.5173341102102,1831.336351194621,1727.3923990302785,1620.5654505456494,1667.9542511610457,1718.5868677813346,1733.6835615309983,1726.7461409605924,1679.4995502027755,1999.9517094901707,1662.1026410906031
1610555610.92HPGJJSmyPM40z7otPBgHalNrHFA7zk5d,573.16835800091,1930.0522439132933,0.0,1824.3235059423698,1258.0297186110067,1623.604860200115,1170.307897996599,619.3427150259789,991.2344076599805,1754.259753913813,1984.3518351762443,1861.880495224602,1973.2826112348969,922.5241921519245,1900.1853862235766,1793.7840114556568,2038.7458833276382,1977.0613229569337,1372.1245476983877,1721.077458419809,1936.882985864352,2024.7958560025213,1566.2451271898199,587.4516453286386,1804.034690139945,1648.716878669351,1417.3179982944223,1886.322666291013,1914.1652693097415,1434.928337188688,1755.8145275066593,1514.3035349511767,1910.8510516081901,1897.0890204444106,1865.6609455179046,1851.7114527574045,1828.2207431596933,1882.465085359269,1952.2124625164636,1894.8890272109734,1806.6720183565958,2015.2224659132048,1853.8906215099794,1771.7268544594074,1985.432346112494,1992.4877423567025,1875.6134046370696,1626.8614740013463,1721.4736025108516,1876.9863076025965,1698.4086254920667,1588.0308422519258,1962.939297346565,2046.1858218691723,1675.3297895247651,1673.5752042991492,1743.546095101166,1847.2519952549483,1660.0100828185623,1648.2885169567483,2032.7154532257061,2153.5784667242547,1884.3370174368285,2031.8842619673437,1721.813986051015,2133.018404360122,1785.9768353219279,1974.982199829646
1610555606.68LaSQbm9EHAFycEfFtEqAwYqlBsQPjIRW,1839.3958709004203,1387.0501485660573,1824.3235059423698,0.0,1791.2155657554674,1837.7414350117967,1784.226980121318,1838.4020891728997,1878.854202313622,1920.3802486256436,1349.3567612697032,1486.1305801628753,2014.1291978062832,1872.1936113542438,1677.0386651488777,1583.4017735918565,1581.0304547784424,1472.0300899465872,1744.856362503357,1753.446174296749,1595.3825588882005,1654.1581955492913,1799.4133152676668,1830.6133451452224,1858.5902967524498,1867.2062040214241,1737.2402528162438,1540.250527966391,1638.968315764169,1725.8772986341512,1710.4310580025754,1775.84045022748,1974.2280482905471,1701.2304627732353,1548.386318076808,1487.9622952648426,1682.2318639241455,1668.9006386103918,1420.683016706151,1873.8405660030069,1380.4390066410738,1457.1921812870603,1646.9581753370321,1382.9125786386926,1536.4197120199894,1559.0083012752116,1920.3376574283122,1843.4616947482975,1839.5182344241496,1900.5975869313095,1581.4261511843174,1824.1868540673293,1823.1451721951169,1583.484110890648,1614.0397570129694,1865.4388954487158,1765.8787069447567,1627.2383460888907,1676.0712700481756,1804.9143778623907,1678.0408349506577,1732.1413675783374,1706.0554798280668,1750.3112657464646,1670.880104479163,1800.0073210834878,1801.9152244885877,1674.3052114399502
1610555617.19EKxMEwDHfXiEJZc27TsGoERaD6Da4BZU,1283.2089517411862,1895.1003612797344,1258.0297186110067,1791.2155657554674,0.0,1715.673986041532,1096.5168287084084,1304.0937489455894,1160.2080323490206,1859.205730353745,1885.1807835984398,1912.0274988408316,2060.4438787222207,1317.3097617725111,1859.0282663121402,1774.6734164123768,1973.2684530298727,1935.8530590691446,1534.964576235185,1826.5511481730744,1955.481987640981,1916.012042615617,1150.758528324117,1287.2819470776708,1736.2545512672575,1725.2522327427614,1214.7653315656994,1903.4406883283255,1940.9197909896043,1245.6917101668503,1691.7257405759956,1242.5765644459618,1997.4137305327213,1890.146844258098,1857.7930088349276,1831.87649824486,1821.1039918162508,1821.0545606781009,1904.502552179038,1968.4110406008601,1750.0726251895562,1972.7733295444905,1821.6873251783452,1854.9791003650423,1927.8600579305173,1959.49985180614,1822.63816149176,1696.0491611827904,1770.195688226331,1706.9878700054758,1834.1856293535973,1581.3748022972738,1952.5432685714354,1984.468493225012,1677.8384804969191,1460.8864200202183,1719.6021331753013,1911.744954738336,1780.2531322647997,1558.5771278769555,1912.2441008964608,2059.1903946761586,1853.9031880342689,1926.2932511995575,1739.0914308374163,2050.3805736293634,1854.3044664625645,1852.335013018168
1610555722.52PJ3FD50MGhRXyUD28vluU8Z9UjLJLZn4,1649.9634540122634,1810.8515087784583,1623.604860200115,1837.7414350117967,1715.673986041532,0.0,1637.6788320796413,1645.4596492714866,1562.5778390262874,1982.8379129510647,1820.236267557626,1856.6944213557867,2061.5694759650173,1650.9302663350152,1866.1600637192787,1903.765690226147,1903.8504285906586,1812.2695191213452,1013.2397891533353,1961.7791221883015,1859.178568384028,1777.0006657370568,1623.8176245276939,1641.0212559914783,1669.7729707323522,721.9195850876703,1667.5617035747214,1831.5664733963397,1942.4964202546405,1481.2099428615295,1933.4057844510287,1438.809579876889,2062.3069049552905,1931.5724608687751,1909.8086213781176,1809.8366232532774,1966.062654573196,1970.1278920172504,1816.9299186579913,1892.2259561635885,1952.4018473624792,1883.6018761987723,1903.7379995650185,1723.3563050954162,1803.4703628070765,1713.0946247335,1658.4928702297059,1624.0862445063458,2008.456421223893,1845.5676438952344,1758.6953663522004,1581.1114441391162,1854.4261430143004,1914.8045478658012,1886.3652855169532,1526.112480592422,1794.7503601970661,1846.1768803961843,1741.9697315800377,1354.5808954005502,1781.8820607709447,1950.4361337206274,2011.6635959778691,1748.1509629827513,1991.4111756891143,1932.2649915002291,1862.4066306948846,1778.2329700412909
1610555617.52Ijr5puT55g9apK8auM7zaxa3NANg502t,1276.531156299283,1852.5856042821315,1170.307897996599,1784.226980121318,1096.5168287084084,1637.6788320796413,0.0,1207.9864250051535,1362.5660272820548,1930.769597812742,1866.0131153647847,1944.696480611001,2101.2599792348856,1101.1276983276962,1851.3094973990137,1876.3695947832043,1970.7524852836357,1930.0628166042773,1456.3378388233612,1952.0542326725542,2036.2627416199407,1877.2890531742983,1483.1669178275133,1187.6347030287218,1782.1929102139582,1617.8679012536045,1560.5077002301055,1918.2859198891654,1887.1343502493114,997.3406755760309,1816.0065963090399,1230.6519772957922,2075.7091959865734,1970.5960727616498,1935.4334505581437,1827.7428055553178,1942.8138425259801,1922.3847746559975,1869.382289584196,1965.100738643295,1858.5046578234974,1976.9402973409103,1895.6142045295783,1822.225861005767,1881.2283119134388,1909.3179087259564,1993.7220468180399,1732.7448264173936,1862.1669414824025,1926.6673069334206,1861.3315479494868,1640.4518584827679,1953.2823055020801,1928.80133591592,1794.38603342164,1575.2247388433746,1713.761304690334,1996.0127670038623,1802.7706001161996,1427.801975112649,1926.4770760455426,2038.6445738382013,1965.1100839544608,1904.1158707973846,1844.6870732018476,2041.4232399111534,1865.252588876038,1878.46509768147
1610555638.77ZLjTLkz4jYJdFMI2wWBztzsDILkoOtAk,680.946769059354,1952.9780709255476,619.3427150259789,1838.4020891728997,1304.0937489455894,1645.4596492714866,1207.9864250051535,0.0,1036.6996513856263,1784.399231858218,1996.4379552832415,1841.1540868222648,2002.9639733276008,772.858101911343,1908.5775325537272,1805.5983801991238,2050.9944200718155,1975.615110958681,1394.6850292026577,1740.5415401161213,1913.2891942422227,2012.3898048170165,1609.8678507943757,522.6682012762917,1828.0750068255354,1655.7797397067009,1470.9951653376597,1882.289694449347,1937.7934937183284,1471.6830975718015,1777.8270653113466,1540.1606926525308,1941.6544237263379,1923.3864068162254,1861.044238573312,1843.8688236852622,1848.4820012538862,1898.7253921002398,1969.1436923518745,1892.7011857041916,1819.8331408774543,1999.3358796040764,1852.1591931217627,1750.883543216508,2009.05533604619,2008.7432023686606,1896.7213905204555,1652.7392550640463,1755.9909784851982,1918.811646449299,1682.683297415381,1610.9504019966605,1979.4572832260958,2050.241709975694,1697.6613473022637,1707.3760932863606,1762.860873926987,1851.5413874876383,1646.764762381712,1667.083477770591,2029.8337474063908,2167.697051005563,1904.158776204069,2030.5719625294441,1752.974586282215,2124.2775741102273,1829.4877863260435,1971.781481484208
1610556912.46C7tJPLF0XfNnm8f1820X9aLmXMHoc0Dw,1018.4198988156442,1986.0552035771766,991.2344076599805,1878.854202313622,1160.2080323490206,1562.5778390262874,1362.5660272820548,1036.6996513856263,0.0,1860.8750560965425,1988.9328655553225,1852.3617197960673,2060.304621398769,1152.4651786215218,1825.7249338949327,1846.3702517224106,2034.2232598553273,1948.5098160773794,1300.0801813297676,1809.1010851429567,1858.813321657033,1954.9668140906754,1546.2698006879032,976.7679280592995,1800.840333145641,1569.1046141394186,1427.2779404922235,1840.7997679660843,1962.8313685565015,1524.4460473664062,1823.73734380862,1491.5710034360384,2000.21246960828,1937.2519163849017,1865.1774612593076,1828.9967948844499,1847.762604229434,1928.1950675849328,1995.997839411878,1910.2699835546946,1835.4803742623199,1944.555560744221,1796.2387692854559,1782.1446487347632,1969.685274669803,1965.0383951253593,1771.2958482392562,1642.8800384544916,1847.7967704764515,1841.2181688211767,1692.35551205371,1589.5327337817712,1996.9808726652832,2063.124446373773,1771.4245846522429,1632.438475741765,1738.9899570733555,1846.3092693954616,1660.6397231914257,1611.752648795817,1943.1587279826517,2151.575372094556,1962.0026330074434,1967.2631531208508,1815.916072369561,2048.6773001668594,1892.313524322926,1896.1750826814216
1610555617.51LjzIROg0aeCP2GhDcAVQ0LipKJB9jmKc,1703.748095083312,1800.9729479636296,1754.259753913813,1920.3802486256436,1859.205730353745,1982.8379129510647,1930.769597812742,1784.399231858218,1860.8750560965425,0.0,2111.9963125074178,2036.3361103784946,1118.8189701222623,1917.206328503943,2100.1904787703866,1818.6850388594403,2180.8530621710893,2027.1443462942218,2003.2680827040963,1765.3509331530913,2107.873457949773,2255.7719098734115,1811.9146320580624,1773.2662252271814,1858.8895739305726,2047.3025679162938,1802.1227491845596,2056.916283057883,1871.5184235325623,1899.360550423278,1732.2409593484294,1950.5123595395826,852.7374347730985,1794.2258564203694,1957.8555195357424,2067.800973886797,1883.3343291801893,1732.9021998495516,1732.2733238913038,1939.3675230418796,1953.830376118145,2186.5071306634836,2000.0669587889577,2004.742956893325,2044.235028141537,2012.1060952211524,1983.744034651871,1814.2293848539796,1038.0006783504318,2068.00215764877,1908.9029776725959,1956.956850853418,1783.4623078586476,2118.1532638999215,1798.738533556549,1948.609281298696,2014.871063273058,1898.0197006844267,1907.9796671209842,2022.7586703589677,2157.017996181268,2230.4340877681734,1675.4051273608104,2223.783660628947,1479.3027144658424,2285.917348724863,1985.2054942356274,2129.816583943598
1610555608.17OpjjHobqRkX0UPcaXrbu7K6L3805SZri,2006.650505194235,1499.1159129027426,1984.3518351762443,1349.3567612697032,1885.1807835984398,1820.236267557626,1866.0131153647847,1996.4379552832415,1988.9328655553225,2111.9963125074178,0.0,1677.6424117159029,2147.2880150944293,1981.6015499863477,1651.1821804437693,1712.3262403023575,1020.2458631283998,1510.5346010490985,1802.730801349357,2002.307043182311,1659.7958377692623,1575.3531292435036,1815.8076682030944,1991.2002678565427,1706.7458789384489,1818.5813923981766,1909.9324260462784,1648.628904184508,1676.8490470619374,1772.026779089712,1911.2695771757417,1736.4599649586612,2146.218403250196,1855.7478188099171,1697.054737942175,1568.0529423597447,1811.497238570243,1819.0229977011516,1600.176448743816,1983.0464237040246,1627.3174767360597,1385.803769444773,1717.5988808882162,1657.3944473360493,1522.8244419146902,1367.994481520952,1971.8439857058797,1903.2825662616906,2024.4289195695444,1878.4564780003818,1787.1837080518446,1924.1671364570843,1872.1363506865348,1575.774199723393,1841.2225841324546,1723.1038096841949,1626.7744952804087,1791.0206343909706,1867.052338875274,1696.4127567909416,1598.0577845579514,1559.9039972467397,1848.7277172988834,1566.0614752436313,1877.0773767951393,1558.414949365968,1863.5452670126624,1648.7696036050274
1610555721.82zWeNZfGUUfRJkgnAwlP8VMhPzXctnSd4,1883.51138861689,1716.9831323833994,1861.880495224602,1486.1305801628753,1912.0274988408316,1856.6944213557867,1944.696480611001,1841.1540868222648,1852.3617197960673,2036.3361103784946,1677.6424117159029,0.0,2150.664863630634,1867.2843706168326,1782.445388193576,1515.7626859279567,1806.4716209216913,1460.1475303794425,1837.9599424163287,1665.5579681653057,927.6284579162536,1361.8042549701945,1923.266157802442,1837.5619547639342,1846.4017239313152,1881.7338118196926,1928.897953990061,1318.4335219712432,1654.2170713286573,1924.3011759944793,1910.6137238978133,1951.6084973616407,2081.207361517027,1732.6274891622709,1377.0723982321222,1423.4974272414127,1713.751682176276,1711.1743292640233,1700.1044287351947,1901.721194601761,1622.383820090957,1397.2935418089533,1806.8256733092126,1377.5160953408083,1726.6370304508337,1709.0368840811727,1808.7013089928412,1763.4431154548424,1954.363736656143,1937.8724803872522,1101.6408507068966,1774.1504874056093,1949.1209839359014,1714.193594303205,1704.7971858390042,1872.7526779214645,1764.3071697335845,1405.1562239902726,1370.466690393143,1850.954560658452,1734.8082838099347,1861.8961269265671,1762.5964638725686,1823.3792749905824,1753.3970725168788,1773.6715399106413,1868.2534128512482,1712.0944920640386
1610555735.75bom85BDF0C7W2eIseHeMxi24qR68nzMi,1926.3887523397775,1764.593902680667,1973.2826112348969,2014.1291978062832,2060.4438787222207,2061.5694759650173,2101.2599792348856,2002.9639733276008,2060.304621398769,1118.8189701222623,2147.2880150944293,2150.664863630634,0.0,2102.741748469616,2105.751733515054,1974.1743995049003,2199.786359313497,1993.6332893682413,2114.1697075663847,1883.8946804171203,2223.324816204029,2291.8463880082218,2001.6109614896056,1993.7311186044392,2062.4102993935016,2131.2804331281654,2002.4642454955815,2169.3889452926887,1915.8250951587017,2047.233498729122,1839.317027931304,2079.6558965847403,730.1788111400494,1819.9881457384884,2077.6887298999027,2194.2271904148406,2004.3239118685442,1778.245951544902,1876.024764668596,1996.6741348661922,2035.5483013490002,2255.018008304001,2094.536874645637,2078.9538877690356,2042.3628501982723,1995.134104254903,2102.7731930180166,2061.0299658141053,1549.0110130820872,2170.959688427343,2084.1623312249662,2135.699967822533,1887.4674118637042,2099.681176168411,1955.5252540112695,2085.082461287668,2171.984498252323,2067.8571827345704,2076.789309961502,2143.835154142471,2186.3570285311175,2226.736045798496,1771.3940699019522,2280.4782591054,1796.0565253115437,2264.149299889463,2104.9265734965884,2166.364372330714
1610555735.77NnT5xqKnwcf2BbjIekeb2arTQj6QMNwk,1055.8382045808146,1971.6735067252978,922.5241921519245,1872.1936113542438,1317.3097617725111,1650.9302663350152,1101.1276983276962,772.858101911343,1152.4651786215218,1917.206328503943,1981.6015499863477,1867.2843706168326,2102.741748469616,0.0,1863.3286153168156,1876.3091607901745,2051.5515057635967,1964.0303560009784,1429.5943102848885,1888.8760752766532,1951.228868530024,1963.8857398149526,1642.0357091109452,917.3339204049688,1819.2275851904556,1642.2813868673263,1617.8042849966578,1905.2812978851302,1982.2969314670559,1423.6853600142003,1849.2853207252444,1517.8214019020334,2067.4072943813057,2016.8589110366229,1911.8200747943083,1856.9466279218343,1896.4758569894955,1975.300729733803,2002.231770850638,1936.5015864025888,1874.116162190038,1996.9147875515205,1880.9029939719476,1825.3582307085771,1971.44455813358,1970.97166890381,1955.3958345710892,1728.8975548756723,1886.6557171408901,2000.33768985424,1747.7932173814713,1627.1303580648105,2024.066049015466,2058.3620785394737,1787.047967468037,1710.938012965993,1723.3626763383234,1916.4840438397853,1703.9918770304116,1601.2776102627008,1996.4567219492233,2151.971862396945,2038.0858498147709,1994.6675186720038,1878.3060110176975,2094.529063860259,1916.4379295272363,1927.8183574992886
1610555638.33wjf1PhdNaoWfbRzXVn50hmFyB5bYAiLV,1922.681726947541,1724.298952952079,1900.1853862235766,1677.0386651488777,1859.0282663121402,1866.1600637192787,1851.3094973990137,1908.5775325537272,1825.7249338949327,2100.1904787703866,1651.1821804437693,1782.445388193576,2105.751733515054,1863.3286153168156,0.0,1789.5344691580408,1770.2173429363093,1688.0442191387517,1799.8212363024572,1971.4213575480267,1761.4206601624448,1701.0282715548651,1870.4758949691366,1892.4827347678192,1844.5298000578123,1852.6715515736817,1879.483134399949,1884.3469058445166,1661.7238682155125,1812.229988184033,1759.037329854213,1788.2930451526654,2114.9909908726177,2035.34023750448,1595.8752302008772,1623.0765184112895,1642.144159418242,1977.3298733600561,1824.198141403221,1887.5126886903793,1466.5197411151278,1758.3199755636863,1416.2762486853926,1743.2352118270185,1449.817623839224,1642.0608133485305,1885.698567296391,1827.861259772262,2114.673409568654,1940.6073878777963,1759.9548856105728,1799.1645618715695,2139.244434327859,1690.771561423033,1787.7102678954896,1821.3755396258593,1583.4353759556793,1826.4908091231814,1869.6637646149372,1725.010983754996,1883.2839136983725,1748.990219477618,2011.5786880804635,1873.3617667262085,2013.4841999127516,1657.528788575739,1912.4500431377912,1903.3357175915235
1610555606.65jCE4ig8Pu8kvAzkxnSGfWsV0nQBjCf8H,1793.4944600303602,1724.7817658860636,1793.7840114556568,1583.4017735918565,1774.6734164123768,1903.765690226147,1876.3695947832043,1805.5983801991238,1846.3702517224106,1818.6850388594403,1712.3262403023575,1515.7626859279567,1974.1743995049003,1876.3091607901745,1789.5344691580408,0.0,1839.6843575698558,1826.9176354314545,1920.4436078249641,1439.514757764589,1576.9423453707657,1892.9539608600005,1732.389468943209,1802.5662388925625,1804.1994971930005,1963.9423746191821,1717.572591586478,1572.2850394936095,1504.392380364801,1859.6472472034918,1491.4769008033081,1898.645403707444,1857.2171939641946,1306.095299183962,1144.6347420873383,1350.3644146814115,1437.7465117246707,1233.645566910982,1751.5805255978241,1900.670394643721,1506.591766465741,1727.9794087869727,1759.1077091421848,1704.2053245422453,1741.8926219611978,1840.6027421732622,1762.718469916218,1715.6871831579433,1720.4533615470257,1769.9321016200959,1465.6317178110398,1835.0150099688344,1695.9260335173778,1762.574582754255,1358.0714388968656,1826.0873779903106,1835.2327363733687,1379.4362276757784,1573.576541236069,1909.1198940309064,1782.2889800631892,1880.5485607436474,1412.778353028907,1879.1201152789063,1521.5724322975095,1859.2759970260984,1713.5679192450682,1748.8794932823357
1610555608.18ONsBCVo1i7BrX0XG9stct4oiA6ejX9Oz,2060.3103768656797,1640.4432335724396,2038.7458833276382,1581.0304547784424,1973.2684530298727,1903.8504285906586,1970.7524852836357,2050.9944200718155,2034.2232598553273,2180.8530621710893,1020.2458631283998,1806.4716209216913,2199.786359313497,2051.5515057635967,1770.2173429363093,1839.6843575698558,0.0,1625.3604719187526,1904.528927087371,2082.049759528482,1753.7260904474924,1675.0319026917127,1913.0191154393638,2043.2150438421531,1777.685984413703,1866.3785586705708,1998.0129687050312,1768.430675646715,1759.5317370624205,1879.4495978075588,2020.5335099057738,1823.8724147741573,2206.1810776559273,1922.8201714402653,1812.5934006485604,1670.9856085920303,1927.946899592436,1901.6831540603146,1682.467468148875,2078.674710588434,1770.5091664641845,1525.8753500216778,1850.7402717485909,1756.989749121496,1628.1863462172573,1512.9138289877578,2035.660392977421,1982.4337438465736,2082.011199371427,1919.8597779408128,1889.2217978670965,1998.294711223173,1959.253595568391,1631.430688468685,1952.2424894827543,1808.2255669068725,1687.5732135232345,1892.9719651081962,1961.922081881418,1790.5841203559185,1661.5233094202292,1597.5203944433063,1906.8336653286863,1560.565107177737,1941.8107214957727,1586.7099823963968,1934.0442733705108,1723.959952819836
1610555721.51RNoQUMP19FTMS79BmA3JkgSm2IC2AQuQ,1966.3439751743485,975.8568784426324,1977.0613229569337,1472.0300899465872,1935.8530590691446,1812.2695191213452,1930.0628166042773,1975.615110958681,1948.5098160773794,2027.1443462942218,1510.5346010490985,1460.1475303794425,1993.6332893682413,1964.0303560009784,1688.0442191387517,1826.9176354314545,1625.3604719187526,0.0,1811.6959746011585,1971.89884110585,1596.1292843622775,1457.7592544085235,1882.0998021133182,1964.0555407464954,1821.081482139557,1870.8025262128826,1996.542188888656,1661.6060020495258,1718.1922467161949,1827.5741848480006,1951.9800051261718,1850.615669454297,2023.300353358193,1800.02918847581,1806.0838315520973,1745.403542069116,1926.3661604567835,1756.1769267608026,1536.0083040620605,2010.446881153577,1693.4927011327104,1573.8154856976914,1858.893002889408,1534.6090019326493,1339.5634070038313,1096.0924595011988,1923.6703712321628,1929.0600808104916,1981.5517756105821,2028.4731308562905,1655.4517817647416,1968.353288161158,1950.4813334321864,1614.5765501190929,1924.2469452582327,1861.3394356458875,1742.2535134372415,1834.7114962348987,1728.6231839485163,1729.0741052834899,1566.8564779520684,1642.0713002196687,1890.0475290269958,1650.930457779185,1900.8326456748814,1590.513134800439,2026.4463042680425,1592.4405894804347
1610555971.86O0cHB2ibBJ8jxoObg01EpGe8VVV5mpwn,1395.2076818518433,1854.0428841965443,1372.1245476983877,1744.856362503357,1534.964576235185,1013.2397891533353,1456.3378388233612,1394.6850292026577,1300.0801813297676,2003.2680827040963,1802.730801349357,1837.9599424163287,2114.1697075663847,1429.5943102848885,1799.8212363024572,1920.4436078249641,1904.528927087371,1811.6959746011585,0.0,1985.136374512154,1875.2535960937967,1738.2557557683751,1664.084981172095,1387.2207688816031,1745.321885118593,1171.2610466882913,1610.1372679817582,1816.1384444838222,1946.9325424023002,1388.1520333389915,1926.5825138843006,1393.5075738845721,2115.5773330768325,1977.391637641039,1908.5877168979039,1824.3527334347257,1962.188703467158,2006.036584733273,1869.1671934609594,1799.6917903905505,1880.7939036777896,1876.7053867846648,1829.1409890666325,1663.5439871870826,1835.3990694748768,1799.8656415210162,1829.5394211801581,1632.1040140756525,1984.9121709957294,1855.6088087415121,1741.2863381360162,1482.7232347594527,1935.1257736439804,1956.853860453821,1883.2884591586967,1636.2178443087898,1765.845095783801,1894.0316696717287,1716.5240978343222,1372.1817080239211,1800.0852392997574,1995.8230677264094,2048.1063807948526,1775.2596787736084,1944.3434477480087,1939.3815066566372,1797.9931384388833,1770.6313199022527
1610556911.51zU3duZSGpcw1BDNsBLxdOCITAXwl6z3i,1717.3406315003301,1862.3747913600566,1721.077458419809,1753.446174296749,1826.5511481730744,1961.7791221883015,1952.0542326725542,1740.5415401161213,1809.1010851429567,1765.3509331530913,2002.307043182311,1665.5579681653057,1883.8946804171203,1888.8760752766532,1971.4213575480267,1439.514757764589,2082.049759528482,1971.89884110585,1985.136374512154,0.0,1720.43498589627,2049.299037862669,1811.4776169398917,1740.1444356323227,1954.7303462127434,2019.2581686246408,1717.1349640892654,1785.111463557665,1827.2677022402077,1954.416367779321,1708.3074444122249,1971.1283605085848,1764.7696691849796,1618.779329086363,1575.3630575424536,1707.9670747876403,1521.3794078804774,1605.4770217647178,1930.7154742036842,2072.693279438561,1697.029552337057,1959.1107864445835,1903.3711637715649,1765.082029365092,1887.8217365275182,2020.228670852431,1825.5905074684779,1773.0275541530355,1732.8493724296663,1967.004612777006,1620.1776559154955,1940.1294702307325,1984.8526900426536,1988.26408033602,1452.4507041624395,1934.8285110755858,1943.3668146900945,1509.4163861305144,1691.10233031322,2022.8642861273943,2071.797806039039,2129.620169769584,1545.7810379901598,2150.5572339801943,1542.4476714602836,2144.4355080332207,1881.747661514332,2043.3841786037362
1610555988.71dMoYT8250UHHJGxgmITTmbHe7V6gH1yU,1954.3391336472073,1838.4257331159988,1936.882985864352,1595.3825588882005,1955.481987640981,1859.178568384028,2036.2627416199407,1913.2891942422227,1858.813321657033,2107.873457949773,1659.7958377692623,927.6284579162536,2223.324816204029,1951.228868530024,1761.4206601624448,1576.9423453707657,1753.7260904474924,1596.1292843622775,1875.2535960937967,1720.43498589627,0.0,1486.29350040972,1938.2094886641437,1907.5948493480416,1843.3685505067033,1877.9205962954743,1939.6952424983544,1359.8675800298347,1734.737691272602,1994.6362809935454,1931.4162468341376,1969.2595907099537,2150.332399683135,1816.8363802171768,1356.421574534416,1414.9573745466948,1717.4862200934447,1791.928845575498,1773.8663846829243,1980.279778671191,1619.7116799406801,1404.9928185131855,1761.7429980911834,1498.8831279153824,1736.0161695743154,1721.102480293079,1766.8609447179679,1804.1416364160748,2022.654420104033,1941.8027784965934,1311.5836586053274,1799.8375513252352,1968.3086704176264,1758.2474626645346,1741.7838857403865,1853.254119710189,1759.4401539072126,1334.3820824538518,1530.812390807891,1867.1999299298054,1722.6960526687003,1868.3454260654091,1835.5772985990527,1812.8551140262323,1833.283001138046,1785.5810880040522,1889.986242969941,1709.9071196665457
1610556042.81mlUZsSp7gbGjrp8jQSnybT1gPy6e62o1,2039.951290534265,1659.9465536661753,2024.7958560025213,1654.1581955492913,1916.012042615617,1777.0006657370568,1877.2890531742983,2012.3898048170165,1954.9668140906754,2255.7719098734115,1575.3531292435036,1361.8042549701945,2291.8463880082218,1963.8857398149526,1701.0282715548651,1892.9539608600005,1675.0319026917127,1457.7592544085235,1738.2557557683751,2049.299037862669,1486.29350040972,0.0,1831.996466835012,2012.2516798221234,1785.74516492693,1783.2436835984868,2028.7635805659368,1577.7958036187724,1828.9526479379617,1702.1687367729303,2119.1104932547846,1659.8074760843633,2290.934205149109,1990.9709839045065,1757.0833041980522,1658.7119110797523,1988.0561362201274,1941.940298900536,1741.656515048422,2018.3735370489142,1880.2846371938003,1494.6401721222269,1895.297524726011,1666.608854957478,1566.0372348474878,1537.4922907340222,1958.2578458116227,1893.9952423657412,2120.588458369229,1956.2858419385207,1666.8642835216622,1898.6883523560516,2082.8261609136816,1694.1357127818374,2039.2869363395291,1781.5377823977767,1711.1001319783545,1766.3680970874377,1791.3273872481857,1467.8862178851186,1491.0075951725698,1735.3028640434036,1991.0136453366165,1577.8280971225279,1997.2979384958155,1515.8902378954965,1955.006423740377,1545.019233785239
1610555637.02UBW5nKvDyUrKnaWcYRGajZPxTRDS0q3N,1545.7686570996502,1753.8466185411592,1566.2451271898199,1799.4133152676668,1150.758528324117,1623.8176245276939,1483.1669178275133,1609.8678507943757,1546.2698006879032,1811.9146320580624,1815.8076682030944,1923.266157802442,2001.6109614896056,1642.0357091109452,1870.4758949691366,1732.389468943209,1913.0191154393638,1882.0998021133182,1664.084981172095,1811.4776169398917,1938.2094886641437,1831.996466835012,0.0,1591.6282702479289,1501.3777775927354,1678.2511118358887,1194.567336550992,1930.0563615476199,1862.9722185678206,1214.9429513977566,1603.8515669942262,1203.7433718863701,1923.3391078644477,1806.6256381514045,1814.0158719054614,1795.0602917203225,1760.0382270282335,1672.1050223560403,1728.9485153112973,2017.5890983283948,1761.2979936201916,1953.5469782350988,1832.0282661506892,1906.2301826020482,1821.3535324367315,1803.8081079590459,1695.039319939676,1626.629783010318,1673.5666605865358,1665.0078237341202,1879.1870372696876,1546.6279954076288,1895.3887228872297,1876.9240407760271,1623.6608838061345,1053.631135254881,1720.0232469645323,1816.3455824211042,1837.4227964526076,1377.9584874711682,1856.014718958209,1989.193222012976,1714.910279882487,1845.9558209050667,1658.3277427892551,1958.7152528545728,1841.537567373626,1870.9908193712713
1610555619.13oUYNikU4facCTpUSiSLr0vPI0tJLnXiT,641.4154641727423,1947.0547366285712,587.4516453286386,1830.6133451452224,1287.2819470776708,1641.0212559914783,1187.6347030287218,522.6682012762917,976.7679280592995,1773.2662252271814,1991.2002678565427,1837.5619547639342,1993.7311186044392,917.3339204049688,1892.4827347678192,1802.5662388925625,2043.2150438421531,1964.0555407464954,1387.2207688816031,1740.1444356323227,1907.5948493480416,2012.2516798221234,1591.6282702479289,0.0,1821.8664184991023,1657.0838776226058,1448.1203552596867,1880.0696219487013,1928.2655884905294,1450.7219478358954,1765.5840000412063,1526.2802252067306,1930.3818239687644,1909.7213268866183,1850.864353791127,1834.4694427433242,1843.5427418344598,1891.055379136055,1959.344591217141,1891.120119577351,1821.2071462839867,1991.2010106068424,1835.742772048606,1752.7382739903119,2005.3550178568378,2001.8643819429203,1874.4509250922254,1634.9810608751147,1741.3464261571228,1904.2662959146282,1671.3846871226212,1606.5399825477577,1967.1736956587417,2042.1761026367003,1691.4431160238905,1690.4620652317287,1753.492304889292,1840.205686018436,1640.5530690359901,1662.5592618863748,2021.7701971245594,2163.118409824767,1890.3568239111407,2021.2061004711982,1738.4943194399139,2116.732088507254,1814.113305095382,1974.609090040205
1610555721.03nzkucfjAUh31zTbmCVvTVYqtjoxZFnBh,1813.5979697028538,1750.1633974266274,1804.034690139945,1858.5902967524498,1736.2545512672575,1669.7729707323522,1782.1929102139582,1828.0750068255354,1800.840333145641,1858.8895739305726,1706.7458789384489,1846.4017239313152,2062.4102993935016,1819.2275851904556,1844.5298000578123,1804.1994971930005,1777.685984413703,1821.081482139557,1745.321885118593,1954.7303462127434,1843.3685505067033,1785.74516492693,1501.3777775927354,1821.8664184991023,0.0,1732.0961746941655,1805.0915772761107,1804.2355331722024,1910.6599158351967,1639.4822482603695,1867.6598830701516,1587.615195768758,1988.362244576022,1848.2526008130833,1808.3154934499742,1796.7517917448565,1857.5260200698942,1750.277789215537,1456.1805582146796,1877.3482381193348,1923.1089911414658,1811.613349512072,1794.6396481335287,1870.2617870972715,1780.8495998815918,1568.5624381970533,1844.244592498619,1504.398986730879,1741.6888584191654,1901.689838342038,1799.5095246002015,1724.1738363528934,1765.0965137679068,1848.4713399757898,1845.533713766818,1326.4482654349567,1396.873951758569,1784.8773705452581,1791.119208248126,1387.9141272150273,1668.2560004920706,1815.6640468357818,1830.9500517068184,1617.9434634771435,1739.0972714140373,1812.5078179860036,1785.4733604130986,1741.0494609103766
1610555722.67fhKURdXVzRbLIjXmjRwdJHTnE7PWb1AE,1681.4915885528521,1895.2372336429007,1648.716878669351,1867.2062040214241,1725.2522327427614,721.9195850876703,1617.8679012536045,1655.7797397067009,1569.1046141394186,2047.3025679162938,1818.5813923981766,1881.7338118196926,2131.2804331281654,1642.2813868673263,1852.6715515736817,1963.9423746191821,1866.3785586705708,1870.8025262128826,1171.2610466882913,2019.2581686246408,1877.9205962954743,1783.2436835984868,1678.2511118358887,1657.0838776226058,1732.0961746941655,0.0,1711.3447224717154,1852.3769966232555,1951.2649454932832,1505.7750853866964,1991.8806478570089,1443.6388434988494,2126.602316836912,2002.1855876200202,1966.5225511237581,1793.6191798818083,2008.312787181116,2030.1445797785154,1847.239631181361,1919.8612857282124,1996.884178784523,1864.0008670457948,1891.4936375141897,1752.2326936402214,1840.662294742682,1772.5942640244853,1710.3478583469446,1666.9134236067873,2067.770944069999,1879.5755954086912,1798.40249708608,1623.8099824090934,1891.902424567243,1930.0063958617834,1950.0582382738464,1545.93816151877,1802.2591152185664,1923.1945650128032,1780.1619160918872,1359.4348412466043,1789.725202316087,1974.7243382772012,2065.584817925545,1740.4510973262625,2047.9943028021964,1921.3502627302435,1906.8488578600065,1791.975560340254
1610555638.39J2ZWBLuLTHP0jOlzB4tNHmYeijH5g5YJ,1408.6684290503727,1914.8777380220743,1417.3179982944223,1737.2402528162438,1214.7653315656994,1667.5617035747214,1560.5077002301055,1470.9951653376597,1427.2779404922235,1802.1227491845596,1909.9324260462784,1928.897953990061,2002.4642454955815,1617.8042849966578,1879.483134399949,1717.572591586478,1998.0129687050312,1996.542188888656,1610.1372679817582,1717.1349640892654,1939.6952424983544,2028.7635805659368,1194.567336550992,1448.1203552596867,1805.0915772761107,1711.3447224717154,0.0,1951.0041510352444,1941.4849893247042,1520.8760746864289,1510.5187871645721,1485.4961575227626,1921.9785775977405,1865.8617099495016,1831.9228945859368,1804.2745724085787,1733.854267430111,1836.3896976169567,1929.8197228772804,1887.96186066298,1655.285328204656,1993.2950848765079,1766.5904073645793,1921.9353660072868,1956.773624694552,1997.8571084589462,1705.304963541023,1585.5814444408522,1738.8590465858656,1482.1789502258093,1809.1886342243554,1423.8183428215896,1950.9350646881833,2029.713546202413,1602.2141795393636,1517.6598584800265,1874.3082739320973,1808.6022892590709,1789.9803263968392,1684.921452267671,1994.1504121377136,2068.672327423487,1761.4070706471625,1984.292908638362,1697.1821721125302,2103.3545791461765,1612.0760958136564,1998.5914013618835
1610556032.17Q6yCDx9g7alRnL9jBFXD2JhhUyB2hKfJ,1922.5961725582226,1741.4163293781967,1886.322666291013,1540.250527966391,1903.4406883283255,1831.5664733963397,1918.2859198891654,1882.289694449347,1840.7997679660843,2056.916283057883,1648.628904184508,1318.4335219712432,2169.3889452926887,1905.2812978851302,1884.3469058445166,1572.2850394936095,1768.430675646715,1661.6060020495258,1816.1384444838222,1785.111463557665,1359.8675800298347,1577.7958036187724,1930.0563615476199,1880.0696219487013,1804.2355331722024,1852.3769966232555,1951.0041510352444,0.0,1708.199087761708,1915.3214399655012,1972.0233402596543,1915.1751177823621,2108.1205315600223,1552.3990142154794,1610.1241838448475,1526.1644472166006,1807.6385668500504,1637.625628794371,1712.4960155608849,1861.8404388899373,1795.5181539820983,1403.7681532741378,1771.656452859063,1389.0013653033418,1753.1926065709729,1656.7609892714486,1828.2437286834415,1835.6957961833034,1974.6222553173536,1910.204157455301,1369.027800560685,1859.5475053349876,1762.0155806747907,1740.9680860171488,1804.8359566057986,1871.3315240109102,1696.5878107335525,1399.6457011997936,1399.955245706054,1836.8058480564011,1600.6857722971627,1858.7566430661932,1792.8163666798575,1670.6309311199261,1775.9278713270576,1731.8694486543232,1884.2343129238266,1546.141487323375
