,square,rectangle,parallelogram,losange,isoTrapezoid,kite,rightKite,rustedHinge,hinge,trapezoid,random
square,0.0,19.639898555598858,28.708893232555717,35.13195041443534,19.61599360649418,18.163208682824166,15.872040730988624,25.56982846983304,23.198214216652403,21.96982527931599,29.274187911543038
rectangle,19.639898555598858,0.0,21.376004601792392,31.73069006424303,30.0020747673844,24.942277790122144,23.74490786101406,22.89033777121509,17.87870339625108,26.509084538144233,34.04196727396341
parallelogram,28.708893232555717,21.376004601792392,0.0,19.61176230239394,33.55070093265936,33.04268516191382,28.993857574711274,28.5176816472465,23.685193226994258,23.407601962595283,30.51541297205071
losange,35.13195041443534,31.73069006424303,19.61176230239394,0.0,35.9514717842271,37.862271547023234,34.241468122196316,32.8193041267369,30.58074846393983,24.489021687213448,27.483857852828972
isoTrapezoid,19.61599360649418,30.0020747673844,33.55070093265936,35.9514717842271,0.0,20.038074609280148,18.411389295700417,32.555089684302764,31.378153160020126,21.886042169522764,25.877715436680976
kite,18.163208682824166,24.942277790122144,33.04268516191382,37.862271547023234,20.038074609280148,0.0,15.11896020451035,31.629644046835605,30.31651994834378,29.3906850949242,34.275419091455234
rightKite,15.872040730988624,23.74490786101406,28.993857574711274,34.241468122196316,18.411389295700417,15.11896020451035,0.0,30.80082052016349,28.90152851517057,22.024855484803513,30.49278006390789
rustedHinge,25.56982846983304,22.89033777121509,28.5176816472465,32.8193041267369,32.555089684302764,31.629644046835605,30.80082052016349,0.0,9.148836354652742,29.212712309859246,31.55437271691695
hinge,23.198214216652403,17.87870339625108,23.685193226994258,30.58074846393983,31.378153160020126,30.31651994834378,28.90152851517057,9.148836354652742,0.0,26.621714058096533,30.292423685893095
trapezoid,21.96982527931599,26.509084538144233,23.407601962595283,24.489021687213448,21.886042169522764,29.3906850949242,22.024855484803513,29.212712309859246,26.621714058096533,0.0,16.512711613726058
random,29.274187911543038,34.04196727396341,30.51541297205071,27.483857852828972,25.877715436680976,34.275419091455234,30.49278006390789,31.55437271691695,30.292423685893095,16.512711613726058,0.0
