,square,rectangle,parallelogram,losange,isoTrapezoid,kite,rightKite,rustedHinge,hinge,trapezoid,random
square,0.0,2857.0634137706825,3817.6237913979144,4725.057738741776,2296.402119373582,2021.0071953835775,1618.5605207842386,3104.9726690789507,3013.760325689673,2631.3999047910515,3740.777131000908
rectangle,2857.0634137706825,0.0,2283.3816961524526,3577.952430364822,4013.4915383289776,3230.416617755991,3105.8060533099047,2553.163684599892,2048.151033595618,3243.561721612913,4252.637835441063
parallelogram,3817.6237913979144,2283.3816961524526,0.0,2269.116135429343,4384.972492800773,4060.351958313694,3763.9419711281776,2936.0567918856395,2459.7559795118195,3061.1053626807106,3907.5548810956575
losange,4725.057738741776,3577.952430364822,2269.116135429343,0.0,4785.894528377141,4732.788000642452,4554.206543975579,3415.60888815132,3235.638504538254,3459.6229270663425,3373.144236062181
isoTrapezoid,2296.402119373582,4013.4915383289776,4384.972492800773,4785.894528377141,0.0,2446.039961979641,2164.63602710503,3897.728784058081,3956.699492921806,2673.1526607805094,3328.199042552843
kite,2021.0071953835775,3230.416617755991,4060.351958313694,4732.788000642452,2446.039961979641,0.0,1656.533645725329,3731.7206466633825,3710.246695001565,3418.714297170878,4176.585461944505
rightKite,1618.5605207842386,3105.8060533099047,3763.9419711281776,4554.206543975579,2164.63602710503,1656.533645725329,0.0,3521.4485034346667,3449.6354646096306,2624.8177758121033,3888.5418631058506
rustedHinge,3104.9726690789507,2553.163684599892,2936.0567918856395,3415.60888815132,3897.728784058081,3731.7206466633825,3521.4485034346667,0.0,906.3798416645027,3191.7121581789324,3550.1643319915174
hinge,3013.760325689673,2048.151033595618,2459.7559795118195,3235.638504538254,3956.699492921806,3710.246695001565,3449.6354646096306,906.3798416645027,0.0,3053.097705007964,3617.048997208606
trapezoid,2631.3999047910515,3243.561721612913,3061.1053626807106,3459.6229270663425,2673.1526607805094,3418.714297170878,2624.8177758121033,3191.7121581789324,3053.097705007964,0.0,2285.951567160509
random,3740.777131000908,4252.637835441063,3907.5548810956575,3373.144236062181,3328.199042552843,4176.585461944505,3888.5418631058506,3550.1643319915174,3617.048997208606,2285.951567160509,0.0
