,square,rectangle,parallelogram,losange,isoTrapezoid,kite,rightKite,rustedHinge,hinge,trapezoid,random
square,128.52580935820725,150.95150847046943,160.1544857231539,174.34995341472296,149.15260966336194,145.60616426956463,145.10339287756236,159.54206269835592,155.18077421413292,153.02246982867445,171.1506169240751
rectangle,150.95150847046943,130.87594946550936,146.6934820417585,166.2241814301967,168.01331505046446,160.25687675742142,159.18037731289894,155.6519551011914,147.15813021870906,158.6647702842647,180.3752703354311
parallelogram,160.15448572315387,146.6934820417585,136.95107035843267,153.76340454393107,171.8582850583486,169.15232846894457,165.17299359745604,161.43803430473028,153.08615188279646,156.1263246279692,174.17195213656777
losange,174.34995341472296,166.2241814301967,153.76340454393107,146.14345897809466,179.4600132094665,181.53700991323768,177.33699112083858,173.87128654977207,167.79717709451694,161.5902253868934,170.39338314316288
isoTrapezoid,149.15260966336194,168.01331505046448,171.8582850583486,179.46001320946652,140.59370715733556,154.61927159053212,151.85693321536894,170.32986789487742,168.4319219122445,155.92561223150835,166.92451072181328
kite,145.60616426956463,160.25687675742145,169.15232846894457,181.53700991323768,154.6192715905321,140.1814787031258,148.3015444415426,168.72125356368184,165.469777968487,164.69929070591002,179.49659209791994
rightKite,145.10339287756236,159.1803773128989,165.17299359745607,177.3369911208386,151.85693321536894,148.3015444415426,140.49935432168638,164.4447924521968,161.8514362307212,156.8999477181305,173.66503538059223
rustedHinge,159.54206269835592,155.65195510119136,161.43803430473028,173.87128654977207,170.3298678948774,168.72125356368187,164.4447924521968,142.82961266740605,144.86051654837428,164.34835329001078,176.9290649744747
hinge,155.18077421413295,147.15813021870906,153.08615188279643,167.7971770945169,168.4319219122445,165.469777968487,161.8514362307212,144.86051654837428,138.298043788436,159.1270615152274,174.50269592316047
trapezoid,153.02246982867445,158.6647702842647,156.1263246279692,161.5902253868934,155.92561223150835,164.69929070591002,156.89994771813048,164.34835329001078,159.12706151522738,140.444497165183,157.02211654040883
random,171.1506169240751,180.37527033543108,174.17195213656777,170.39338314316288,166.92451072181328,179.49659209791994,173.66503538059223,176.9290649744747,174.50269592316045,157.02211654040883,148.35531543810973
