,square,rectangle,parallelogram,losange,isoTrapezoid,kite,rightKite,rustedHinge,hinge,trapezoid,random
square,171.06615943935614,204.21527674846848,216.9939234442251,235.90032661999376,203.74158991182853,199.54484783844924,197.84293169221627,217.99252109393365,213.91818900078695,207.8434921947687,235.72055387008947
rectangle,204.21527674846854,175.4647331252797,197.00037429284893,224.21030935224212,231.7812983869204,220.97836943007738,218.83613878153366,212.59839597138466,203.39962445654947,216.89204609185083,249.68397852874207
parallelogram,216.9939234442251,197.00037429284893,179.50155611715604,201.30419197722986,232.7444536651331,228.59045540440033,223.22238619082944,216.31349093554968,207.62902425096723,209.48316031182688,237.02244331907127
losange,235.90032661999376,224.21030935224212,201.3041919772299,189.58713102694733,240.4934890059153,243.29428162666017,237.3502481912494,232.1198402023232,226.38204360101614,214.61759033877,229.28658248070448
isoTrapezoid,203.74158991182856,231.7812983869204,232.7444536651331,240.4934890059153,186.84867285064144,208.8682100031054,203.88932935680094,231.59337929411313,231.12005481110748,208.1637444732896,224.56996359160635
kite,199.54484783844927,220.97836943007744,228.59045540440033,243.2942816266601,208.8682100031054,187.1925164392585,198.027566919231,227.1483857620229,224.23975926250236,221.32151756618276,241.2312725614529
rightKite,197.84293169221633,218.8361387815337,223.22238619082944,237.3502481912494,203.88932935680094,198.027566919231,186.12367174386702,221.28523841653234,219.48755811219016,209.15871170774855,232.27825139089674
rustedHinge,217.99252109393365,212.59839597138466,216.31349093554974,232.1198402023232,231.59337929411313,227.14838576202297,221.2852384165324,189.186332322756,193.61137372020272,221.6328956476305,239.80302618669575
hinge,213.91818900078695,203.39962445654947,207.62902425096718,226.38204360101614,231.12005481110748,224.23975926250236,219.48755811219016,193.61137372020272,185.7604363857978,216.82563880760372,237.92630771908523
trapezoid,207.84349219476874,216.89204609185083,209.48316031182682,214.61759033877,208.16374447328957,221.32151756618276,209.15871170774855,221.6328956476305,216.82563880760372,185.53455370250168,210.8377937244672
random,235.72055387008947,249.68397852874207,237.02244331907127,229.28658248070437,224.56996359160638,241.2312725614529,232.27825139089674,239.80302618669575,237.92630771908523,210.83779372446713,198.59943408489693
