,square,rectangle,parallelogram,losange,isoTrapezoid,kite,rightKite,rustedHinge,hinge,trapezoid,random
square,196.22027910398947,227.43591651640017,250.5114297326373,268.15077480512093,233.2847318434453,232.6275153551836,231.7961295346774,251.44946800179588,246.9690616453245,237.83902497204267,260.95597459402325
rectangle,227.4359165164001,197.72421878512532,228.2569880037968,253.0271737274462,258.0195877733878,248.12810872836417,249.04515602443982,247.84281824640638,237.74536355470087,246.61483222161624,273.08391786244215
parallelogram,250.51142973263734,228.2569880037968,205.4476403998872,226.0576722510553,262.89827101560246,260.46472342917417,256.8132577957518,253.75429335814997,244.41422217547037,239.25184897039745,261.77752970361604
losange,268.15077480512093,253.02717372744627,226.05767225105532,212.04685814546255,269.8080035205892,273.22588578148253,269.4881591434446,265.4685236548185,259.6827870743335,243.83916181230512,256.24510416983964
isoTrapezoid,233.2847318434453,258.01958777338774,262.89827101560246,269.8080035205892,205.65482745568565,232.10187018303907,227.74438099238654,260.31117521869055,260.02356829374344,231.4158412022305,244.33645300028513
kite,232.6275153551836,248.12810872836408,260.46472342917417,273.22588578148253,232.10187018303907,208.33889163012546,221.83320296009262,255.0076272373812,252.26124760939575,247.13200298993553,260.17798238838424
rightKite,231.79612953467742,249.04515602443982,256.8132577957518,269.4881591434446,227.74438099238654,221.83320296009256,207.72976029216952,253.13709493028207,250.6239081614768,234.28025520111862,252.48943987023875
rustedHinge,251.44946800179588,247.84281824640638,253.75429335814997,265.4685236548185,260.31117521869055,255.0076272373812,253.13709493028207,214.9954574892102,221.49697604512744,252.9588593670217,260.90092331078995
hinge,246.96906164532444,237.74536355470087,244.41422217547043,259.6827870743335,260.02356829374344,252.2612476093957,250.6239081614768,221.49697604512744,213.0928363588878,248.8416130088775,259.59243108007274
trapezoid,237.83902497204272,246.61483222161624,239.2518489703974,243.83916181230518,231.4158412022305,247.13200298993553,234.28025520111862,252.95885936702172,248.8416130088775,206.74948041214859,230.96301747992064
random,260.9559745940233,273.08391786244215,261.77752970361604,256.24510416983964,244.3364530002851,260.1779823883843,252.48943987023875,260.90092331078995,259.59243108007274,230.9630174799207,213.62189821440668
