,square,rectangle,parallelogram,losange,isoTrapezoid,kite,rightKite,rustedHinge,hinge,trapezoid,random
square,467.00423730846836,529.3699044682126,608.3907961326596,643.5947773422146,584.9539556203083,569.5864121281306,571.741063781861,609.448421381696,590.2113717973642,580.8291094024597,639.2990420461593
rectangle,529.3699044682126,476.6431894306084,568.7788541341341,615.5787738111164,627.0125886829015,597.6207182909235,603.9723733533762,610.508962857922,582.9367559990235,598.1906011181914,661.7726259460774
parallelogram,608.3907961326597,568.7788541341341,532.5663823443014,581.8377216869359,657.7572285623783,647.0715852438811,643.3092040771036,639.3391154854345,614.9915703806034,604.7510377065279,660.5539456598399
losange,643.5947773422145,615.5787738111164,581.8377216869359,551.3714268568023,677.275131707463,677.4195202301402,671.6389546654095,663.8122662699012,646.0798715000969,618.803009822906,655.458447540272
isoTrapezoid,584.9539556203084,627.0125886829015,657.7572285623783,677.275131707463,535.8313921608749,583.0414081786353,577.4689992442668,641.2253709388308,631.0363814374721,585.9608329370545,622.8783105900958
kite,569.5864121281306,597.6207182909235,647.0715852438811,677.4195202301402,583.0414081786353,517.0362385875605,548.9367209286999,619.5328365150954,603.1742274368586,606.3846473305185,643.2119424499253
rightKite,571.741063781861,603.9723733533762,643.3092040771036,671.6389546654095,577.4689992442667,548.9367209286999,516.675063415987,615.8396665057335,600.8143640553593,584.2206143693575,626.8520122062603
rustedHinge,609.448421381696,610.5089628579219,639.3391154854345,663.8122662699012,641.2253709388308,619.5328365150955,615.8396665057335,535.5262412199871,547.6316401889378,624.4649297972695,644.7846534829522
hinge,590.2113717973642,582.9367559990234,614.9915703806035,646.0798715000969,631.0363814374721,603.1742274368586,600.8143640553593,547.6316401889378,518.9405615161131,606.7975824720285,633.4525656454106
trapezoid,580.8291094024596,598.1906011181914,604.7510377065279,618.803009822906,585.9608329370544,606.3846473305185,584.2206143693576,624.4649297972695,606.7975824720285,522.7131065443087,585.6799217849713
random,639.2990420461593,661.7726259460773,660.5539456598399,655.4584475402721,622.8783105900958,643.2119424499253,626.8520122062603,644.7846534829522,633.4525656454106,585.6799217849713,547.8947010115916
