,square,rectangle,parallelogram,losange,isoTrapezoid,kite,rightKite,rustedHinge,hinge,trapezoid,random
square,218.17558742829485,246.29050724215722,272.68578039702004,291.0998466003004,265.8306964360509,266.3990611522295,269.66196003758625,289.2492345964064,281.8851460221634,263.7938759999232,293.84813175624635
rectangle,246.29050724215722,215.95898196039514,250.88939860292095,275.3322241615857,284.7052547474777,276.5312690519791,281.6421563515376,284.3238927956413,272.56628596609625,270.5537002979888,301.10126779646396
parallelogram,272.68578039702004,250.88939860292095,225.6850765650237,247.32578138259555,287.544577607693,285.06694917220125,285.6764822486781,284.602260417733,274.81692278172284,263.1894955030881,288.2617414315077
losange,291.0998466003004,275.3322241615857,247.32578138259555,232.05807591652052,295.32134943671053,297.1493604730876,298.0866499699519,294.70923094738305,288.9492062613894,269.64213192741056,285.33507838116327
isoTrapezoid,265.83069643605086,284.7052547474777,287.54457760769304,295.32134943671053,232.7990649787211,258.18387015389135,257.33605175316205,291.28619591101506,288.92393023041365,255.75870496890494,271.9471976980676
kite,266.3990611522295,276.53126905197905,285.0669491722012,297.14936047308754,258.1838701538913,231.4520514632486,246.79285043100955,282.3250726745703,277.3695210516299,268.3076624465619,281.5368813669153
rightKite,269.6619600375863,281.6421563515376,285.67648224867816,298.0866499699519,257.33605175316205,246.79285043100955,232.35037493882035,282.0661255025309,277.5619369541368,259.56062037381395,276.2273622381982
rustedHinge,289.2492345964064,284.3238927956413,284.602260417733,294.709230947383,291.28619591101506,282.3250726745704,282.0661255025309,244.5734517399867,251.10581017517023,282.1639328201529,287.25128235972306
hinge,281.88514602216344,272.56628596609625,274.81692278172284,288.94920626138935,288.92393023041365,277.3695210516298,277.5619369541368,251.10581017517023,239.8114307772145,276.58055695920626,284.7062526735547
trapezoid,263.7938759999232,270.5537002979888,263.1894955030881,269.64213192741056,255.758704968905,268.3076624465619,259.5606203738139,282.1639328201529,276.5805569592063,227.8129044084301,256.5689061932461
random,293.84813175624635,301.10126779646396,288.2617414315077,285.33507838116327,271.9471976980676,281.5368813669153,276.2273622381982,287.25128235972306,284.7062526735547,256.5689061932461,236.55216578328807
