,square,rectangle,parallelogram,losange,isoTrapezoid,kite,rightKite,rustedHinge,hinge,trapezoid,random
square,106.16961348368294,124.98700894303005,131.08439313501887,142.59327759193124,122.4546433496858,119.8290456164162,119.2430957718592,132.57632276661352,128.2145815318055,126.34892749037057,143.84303947812703
rectangle,124.98700894303005,109.03942447266066,120.39718277838632,136.05075609851707,138.8177972878647,132.7175819178126,131.7195460645594,129.46474979365095,121.65015791617367,131.59247465198447,152.0098722831499
parallelogram,131.0843931350189,120.39718277838632,113.29955394855511,126.76587157756377,140.89524553927788,138.29093751465354,135.96519846564303,133.25968454840876,125.75408999832128,129.52932962310575,146.82087287292433
losange,142.59327759193124,136.05075609851707,126.76587157756377,120.79961648341832,146.9191330802673,148.54873417553102,145.98241067667257,143.52410875399207,137.74747138359632,133.63761135264727,142.8373237435444
isoTrapezoid,122.4546433496858,138.8177972878647,140.89524553927788,146.91913308026727,116.47491367066408,128.02034800597485,125.82899846639442,141.55401278180787,139.2852159025738,129.3973753653698,140.68923636424856
kite,119.8290456164162,132.7175819178126,138.29093751465356,148.54873417553105,128.02034800597488,117.4171246564193,123.95619990529707,140.71844300860866,137.1818355514166,136.24369312115056,151.28178989531213
rightKite,119.2430957718592,131.7195460645594,135.96519846564303,145.98241067667257,125.82899846639442,123.95619990529707,117.61909219742854,136.5638557206245,133.91029946827672,130.48483322343645,147.05760295199343
rustedHinge,132.57632276661352,129.46474979365095,133.25968454840876,143.52410875399207,141.55401278180787,140.71844300860863,136.5638557206245,120.87465079444496,121.67924644800708,137.40622538789395,150.70560391676867
hinge,128.2145815318055,121.65015791617367,125.7540899983213,137.74747138359632,139.2852159025738,137.1818355514166,133.91029946827672,121.67924644800708,115.56748558471942,132.3926906171405,148.16053921935313
trapezoid,126.34892749037057,131.59247465198447,129.52932962310575,133.63761135264727,129.3973753653698,136.24369312115056,130.48483322343645,137.40622538789395,132.3926906171405,118.06027625126974,133.56049402741507
random,143.84303947812703,152.00987228314986,146.82087287292433,142.8373237435444,140.68923636424856,151.28178989531213,147.0576029519934,150.70560391676864,148.16053921935313,133.56049402741505,127.634896082142
