,1610555604.25mOvVXuL01OCiReyVWBfesjuvXmB3MoPy,1610555605.43B6oDsBtWRQ29Q9UMQuTUEPZy3FSSWXzc,1610555610.92HPGJJSmyPM40z7otPBgHalNrHFA7zk5d,1610555606.68LaSQbm9EHAFycEfFtEqAwYqlBsQPjIRW,1610555617.19EKxMEwDHfXiEJZc27TsGoERaD6Da4BZU,1610555722.52PJ3FD50MGhRXyUD28vluU8Z9UjLJLZn4,1610555617.52Ijr5puT55g9apK8auM7zaxa3NANg502t,1610555638.77ZLjTLkz4jYJdFMI2wWBztzsDILkoOtAk,1610556912.46C7tJPLF0XfNnm8f1820X9aLmXMHoc0Dw,1610555617.51LjzIROg0aeCP2GhDcAVQ0LipKJB9jmKc,1610555608.17OpjjHobqRkX0UPcaXrbu7K6L3805SZri,1610555721.82zWeNZfGUUfRJkgnAwlP8VMhPzXctnSd4,1610555735.75bom85BDF0C7W2eIseHeMxi24qR68nzMi,1610555735.77NnT5xqKnwcf2BbjIekeb2arTQj6QMNwk,1610555638.33wjf1PhdNaoWfbRzXVn50hmFyB5bYAiLV,1610555606.65jCE4ig8Pu8kvAzkxnSGfWsV0nQBjCf8H,1610555608.18ONsBCVo1i7BrX0XG9stct4oiA6ejX9Oz,1610555721.51RNoQUMP19FTMS79BmA3JkgSm2IC2AQuQ,1610555971.86O0cHB2ibBJ8jxoObg01EpGe8VVV5mpwn,1610556911.51zU3duZSGpcw1BDNsBLxdOCITAXwl6z3i,1610555988.71dMoYT8250UHHJGxgmITTmbHe7V6gH1yU,1610556042.81mlUZsSp7gbGjrp8jQSnybT1gPy6e62o1,1610555637.02UBW5nKvDyUrKnaWcYRGajZPxTRDS0q3N,1610555619.13oUYNikU4facCTpUSiSLr0vPI0tJLnXiT,1610555721.03nzkucfjAUh31zTbmCVvTVYqtjoxZFnBh,1610555722.67fhKURdXVzRbLIjXmjRwdJHTnE7PWb1AE,1610555638.39J2ZWBLuLTHP0jOlzB4tNHmYeijH5g5YJ,1610556032.17Q6yCDx9g7alRnL9jBFXD2JhhUyB2hKfJ,1610557007.49MyVgDnuUuBxrvL6SGOdhKf69VYlW1MSm,1610555638.44hjT5hbYdKoE3MB6hijrjqbjmLgvCUYKD,1610555608.13zUvmFSCRt6SsLbhqFznMEvGx54GPGQzM,1610556038.62a5C4ynd1AARyAhTv8a58NCqHvXRjscqH,1610555644.45Xse8u7pusHNsd7F3d0A32HXvXr6weOJE,1610556038.62gKXOCG7XCn55eJvyl5voNjbwOW0znQDq,1610555987.13v0oleKK97pkesp6oMgprH8SoSdoDVdIO,1610556964.96ZLLeiQW0qpmxhPGTg7K03fmzkqsC2bjC,1610555987.13VQlEedQ50VvkPMEMzZDv3KNnQCewykN9,1610555982.186TY6MMGkDecIN1woW6vsfAMXVV7jnyjO,1610555982.673LuMndkwkvdmZOn0MmE2Pkidx0FtNalb,1610555733.38zItcuH7gHNfKdALR2d9Nek6bxCyw36Vm,1610556034.15BQxSbZINGCay0yp6RBVlgcPrw76Yn9ON,1610555639.37BPZpgtGml8qUsh9AdV4m32jPLfI2aNFq,1610556965.57S0adAalhWYe6K3bkZU0bRHbqnDK8gGkR,1610555983.54zteLPCMjyrjzPdhHhlZr3faCgD0TfYr3,1610555987.79rHnNRmt9a0ufmnwCvZqBouyUoZDNpylW,1610556960.041xWER61rmArlsKfiMl4frikWmUCnQ7op,1610556035.13a7NHZDutfTMJ88qle1gTYY59Dr4WmMsj,1610556890.456ZBDaY16bMtrTZTqAgHl3wq1tRxzqDow,1610555760.24e6890pkbyZ97Or6croI1rQgjkSsR0yVt,1610556043.02YpWMIJg3W004iqlPyv8OcVAZdSC5rNYw,1610555987.03z05P26TLtONYM1HSzupoc2CeNMa6HTqr,1610556032.15OYCzUxpsz7b10AXBAuDXrvEcvxFhf0M7,1610556032.63Z80yI9pNwS3jSmsDABbuhf8wkNa2Ze9y,1610555736.28eGuESasTXdR3SqY6pHhEXWZtcdciYLCO,1610556034.61bebeZA0MkaFG2sm3VKiqrxeqQginTTW0,1610556944.5XwXOphKYT3ZkWA8gViqOS97VHVuMVUqb,1610556944.745UVLFBzf7fPh4UH37I6tYQOFPqRDytEh,1610556034.63XsUwaFaPZevO1JNFjfhvY4aKNFnV4noV,1610556964.89xwBHw9faT1HjQRMNQEyA4qJ3hWkwgj3k,1610556966.74DydzH91jtyvRyYau47JpVkZoMRSNTt01,1610555740.77UueVziDbaXyRR4OcVJIIZyzOfAzN51bj,1610556046.84e3vwjyRCzqz0wJQhrk8zsxlFfFSv98Df,1610556137.99eoPuVrDThKAOvmeprLPb2FWRqIhzUodc,1610555740.73XFwSrmTXJPlaxGZSefh0jOVA8PI3III1,1610556123.88AOfNaz9jSnqU5Czc7okOv1RCrYfKFBTo,1610556046.85nB7NvyoYQeLcOV391Lmmut1wAM8CFGLw,1610556123.89H4pdIAzDthI7bMXMhlIhKUYIQIvtmPPQ,1610555740.87GOYQUJKpkynIS2lFqppYK4b32ol7NeGh
1610555604.25mOvVXuL01OCiReyVWBfesjuvXmB3MoPy,0.0,177.51206717310743,47.53679311856715,167.1741334231248,129.49946193153966,148.02166917157885,133.75531765080913,63.894551459133105,118.9770229181584,135.72097963017137,212.41292601533422,172.0975044568507,170.23907571364276,123.44948693076692,197.57946617251588,142.7476944172193,249.03015226997078,199.68270540490238,141.6218211944993,126.86007023834559,196.3545260348845,228.41704360366384,129.4810537888314,56.92859492102877,160.66356652227492,170.22659168853522,122.83764164661201,178.3876485694702,174.58239415150288,134.2100997798401,141.52061258833143,146.9599560213509,153.55871392547988,156.4770589207576,162.24411173621687,178.1639195385686,153.2506846187067,150.7945117650012,174.94228684263592,174.85165039244134,162.72204157097326,220.5755346695046,175.4181759467596,155.876597440229,195.70407879576527,204.30983453494,158.32609515710973,137.01863728656323,138.3442253608006,188.47102806091056,137.29941565201435,139.91465794008548,179.259372539636,216.97922950090768,125.91518894687997,153.06484861069626,174.73382856845615,144.51124659116925,136.08027387411695,166.68953619171384,218.8071154632319,240.9139403483886,148.402312643549,229.21020653164396,145.32884797319718,244.48239595521193,166.0019166749537,206.8061559385594
1610555605.43B6oDsBtWRQ29Q9UMQuTUEPZy3FSSWXzc,177.51206717310743,0.0,176.53310515959328,194.14567305535954,187.39653823066288,194.02706404861578,188.5827302233142,181.84567425709426,187.94488466010324,181.73836845909193,220.236647129735,209.96071181036402,193.62550886919115,192.85607463881396,228.85651420105987,197.86540533013329,248.6441994271812,110.26830261288298,192.26859949539667,183.87561652383582,230.36711899325243,238.69009944934007,181.68229517084595,178.92743021475502,199.37121697533263,213.92886032283207,188.3937109111425,209.11667326164945,206.6627636066968,179.8330571547309,198.30370143024717,189.58326002294794,188.4037328253817,195.3051259772299,206.81198276428083,223.02727258652234,204.09573266514306,190.4438815314064,194.3623720428423,226.74101724083238,201.9247279505365,238.55632806116856,218.72840338832071,201.13551866541783,165.37509190348644,115.38273193939884,210.96915000109686,198.457516909246,180.70195601322914,232.27497619815847,191.983208676996,199.28575160693714,223.2890712065882,238.38270772994562,186.39059032961367,197.64467250606,202.45595435674645,191.52580801328952,191.16180788187197,199.36044297762197,238.2616710027693,252.75450991968012,193.13560582706515,241.28511098003145,193.38915835415293,254.31019616005432,216.57839568768716,231.5986817173318
1610555610.92HPGJJSmyPM40z7otPBgHalNrHFA7zk5d,47.53679311856715,176.53310515959328,0.0,166.1549297450116,128.02960404476397,147.55351493410356,132.47445258789048,74.09758132038807,119.87483322728546,134.43804348840587,211.60199584328547,174.0522407485799,169.2180431427254,121.4646852660749,196.79041086802476,141.55772648891815,248.3224892894138,202.10136400390084,142.23865308474512,124.25099030612564,196.69855973937536,229.3832216015627,128.13574552419712,70.33699403576287,158.9397076541807,169.0282704223839,121.4501529201541,177.2672865078411,173.57565987080955,132.91257791991856,140.28757924659783,145.79309404941824,152.42598809804267,155.365390879101,161.26233854904922,176.92594055051836,152.08820453510384,149.6408214495388,173.94878926353482,178.20313712295004,161.46065984183912,219.79075982619227,174.96694063798085,162.9742876561508,193.9617339196492,202.83571592431556,158.12845596365554,136.29763796935504,137.0858414129843,187.44872888981433,141.09689583601698,138.53201289405402,178.28686853376405,216.17692962118645,124.53620358640983,151.92781834023535,173.50518993507973,143.312105386591,138.29982591941055,166.1496240137236,218.50897817720642,240.1878167371841,147.2296718514044,228.52395166509373,144.1314473076411,244.5041432296493,164.8397401683879,206.69899863603615
1610555606.68LaSQbm9EHAFycEfFtEqAwYqlBsQPjIRW,167.1741334231248,194.14567305535954,166.1549297450116,0.0,182.2169921307318,192.45105920896302,185.91741588970135,171.06450209017544,176.58530654920304,181.8852908309535,214.17726151211818,197.35235746486018,206.27577138849634,184.49136001291384,229.0277132604733,187.371047992423,248.48745181599088,214.52419650978555,189.2048942228746,174.87505042729057,218.83740060145809,242.9098333622013,181.79353683609466,168.5314250518304,203.71909644641494,208.33620150157537,171.88681946469288,201.27896128323115,205.11969833816286,183.3698675843245,183.61084425345666,193.1906546743812,191.9198329855604,194.5588047071484,193.34924870533146,207.56206340461293,192.82767425861184,190.32957054485263,197.7045332195368,217.3189864423454,191.232931377228,226.9831234260012,208.94820257646433,186.45983891932664,210.93363642620386,218.70333289397522,202.89986502358903,186.3645758878395,179.8324459694006,219.26670246907753,178.5826292345272,188.82300845532592,215.2809216500298,233.78340301022803,174.5729941946839,199.2567320780261,211.07545950162265,180.3748020347764,183.60294257009028,207.06373313240863,232.50970628013698,257.0294132289928,184.68967715794304,253.913503490754,182.23678144178322,266.50581731000386,200.9656041381014,227.36822006301256
1610555617.19EKxMEwDHfXiEJZc27TsGoERaD6Da4BZU,129.49946193153966,187.39653823066288,128.02960404476397,182.2169921307318,0.0,168.3960901281433,128.2867161055575,135.12359287224322,136.2154911104832,151.22669065706003,216.0463141033384,189.8781369016345,182.84433535111498,149.33989548548894,206.57546047664383,157.3517390723581,249.46094911634776,210.4739933503977,162.58145299519612,146.9368299003455,208.7731653424364,232.85511852145996,137.4123272185217,131.53621625529007,169.6634187571275,184.97636494231986,137.42547811007805,190.76213435710156,189.85053677441647,138.01651809905945,158.49010140995355,146.16656742163218,167.42044760948127,171.76780077041903,176.45185784594597,191.16202906550743,170.27881878388405,167.1390637841233,184.49577660140898,193.8979397476069,177.95770304859457,232.43904487126983,186.42847747511547,183.6589280941992,202.79985629585954,212.68033200086876,174.23149851768133,156.72145382174068,151.26112650094302,195.3847501779432,161.23749170233944,153.21761791376392,193.0441817009269,226.2779243922022,142.8176090673287,161.40516191373368,176.1248278089506,163.2699214234679,158.7561795506998,173.56333187393636,221.99068649888608,245.96925354163542,166.0542369073705,233.1854505655224,160.39375429049196,250.22497458618685,178.95545149854996,207.35448838853463
1610555722.52PJ3FD50MGhRXyUD28vluU8Z9UjLJLZn4,148.02166917157885,194.02706404861578,147.55351493410356,192.45105920896302,168.3960901281433,0.0,166.05770462534826,151.6235804664027,155.9786719516393,172.4039447685289,223.98196712127822,199.7582641832502,194.59907577995406,163.07585372759377,219.91904758288308,177.49358536204076,255.18590998817888,212.1823644737865,101.14933878927985,165.4877183679912,217.57667888534422,231.09098800257956,162.3072355194099,149.2912013842266,185.80065920916078,136.89732964981766,160.60291645293125,204.97660509732367,202.25614230646678,155.81907067572692,175.9498859801687,164.070448953721,186.7675193208379,189.44439361057053,188.7499962917102,202.50072652524068,185.9618010646321,184.33498556574725,200.53401327889958,204.76544028782004,194.8161622058369,237.46146488119896,203.62827522792716,193.79009124466805,213.66420766426256,213.20275998000147,178.98448274243987,165.1988996206881,174.47337379778565,211.71549380687034,176.1109904763321,164.1145524654586,204.90586136233756,235.00583155737652,163.92117511863088,169.02937829884937,201.12284510334888,177.3076724736855,173.72877257700264,170.50453583049054,233.78063953152252,254.62628141055984,181.51348939811555,234.3170351560922,179.9988823981075,253.75675338495208,192.7199510172282,222.85791568786092
1610555617.52Ijr5puT55g9apK8auM7zaxa3NANg502t,133.75531765080913,188.5827302233142,132.47445258789048,185.91741588970135,128.2867161055575,166.05770462534826,0.0,139.38196863378928,145.34209866730862,158.38148970588736,216.54023487577064,197.73754816903798,185.3200281231357,148.61787028922308,211.66528763826096,163.93660241955627,253.4306888305401,213.27820860036346,160.32029205241315,155.51536620416906,217.11683055764422,234.99662754465925,147.5532692650809,135.00535550030534,177.43147508361812,184.1125572953848,148.61495236952828,192.1822232288293,192.5660189179785,136.39364831756785,165.16948991691905,149.0806602277594,173.91029466978296,176.91251408341125,182.17733622361118,195.40417942281627,177.83701959553574,173.4768389580084,189.41161706473684,194.03494313297378,183.48030573969535,232.88700376139715,194.2643793091415,187.22326210050784,205.0364409038494,213.7391433952278,182.68339166583783,164.78937712109632,159.01205791920546,202.87407866984643,168.58579164495126,162.8237344222192,196.52841999044284,226.81521304065305,152.48224597405056,165.59993110600888,187.51386484769625,170.0260712424567,164.77149181788857,173.1251838320327,225.5972257562564,246.71207222964682,171.918706993794,232.3576169280434,166.99135933498133,251.0456730767517,184.80140781843767,215.5333071997843
1610555638.77ZLjTLkz4jYJdFMI2wWBztzsDILkoOtAk,63.894551459133105,181.84567425709426,74.09758132038807,171.06450209017544,135.12359287224322,151.6235804664027,139.38196863378928,0.0,124.64378414867444,141.35171104281403,215.75551674275556,177.93126893891204,174.75455555745114,122.80548901152197,200.9689271439206,148.02270516494025,250.8072073128516,204.91840693144195,146.97329825464283,132.70958065800832,200.09906876937868,231.83616880759305,135.36859069668904,80.82746798323709,165.37742058829747,173.13992250810054,129.01202137550385,182.78468167425825,178.26776550306187,139.894736368557,145.63308884900107,152.1740424416096,158.55724683975063,161.22919852646794,166.8014530451054,182.10729895184062,158.2752239959196,155.4193944908477,178.565649903516,178.82148524833678,167.69538242136616,223.07091085056865,179.3955957525862,161.27337219456317,199.53923555757794,207.41115788099899,163.04686933738276,142.00515884412553,143.87190205989043,190.69016314286608,144.7219258250432,145.35877196486834,181.66160737999755,219.97290069704778,132.00254693173412,157.96122954438695,178.5447352276517,149.81863224084657,142.00181318129796,170.38306708932313,221.96915242810326,243.80803127061836,152.76565797975263,231.16632615732078,150.52930273543433,246.3829819398253,169.7599607747496,210.52756009404294
1610556912.46C7tJPLF0XfNnm8f1820X9aLmXMHoc0Dw,118.9770229181584,187.94488466010324,119.87483322728546,176.58530654920304,136.2154911104832,155.9786719516393,145.34209866730862,124.64378414867444,0.0,149.6352676340953,220.1058785374868,183.00313761677452,181.51016052831736,143.58024261198534,201.20891467090408,155.89978762220758,255.82678952932824,208.7712677202836,146.07918891743168,141.13730982226673,200.6505244130348,233.91512589157824,143.30943031491535,119.09886014325207,171.79031662973637,177.90499371608993,138.0458858222224,186.8175970919047,185.95635693098393,146.96105268638718,154.70016107387517,158.70095355165577,165.98435959631828,168.61838698987623,172.76570593294662,186.93735233313438,164.0703773513216,163.48680377117967,185.72158151697266,188.96764221533033,175.11234617103133,224.95208301889912,182.5239311897454,177.90621813748743,204.2796049083196,212.9819206527873,167.3489898826458,143.4344253289446,152.01307588920022,197.59065366227816,152.33311144129488,150.34735826667375,189.8985207191799,224.8554746972496,140.86610483987337,165.62966795690465,182.0948863832269,157.68787887269815,149.32378714341934,172.77305539496692,223.8569261797828,249.51713631201585,161.18733843576754,232.9136717279128,158.30861523392628,250.24341825277054,177.51731373077578,210.43275505767627
1610555617.51LjzIROg0aeCP2GhDcAVQ0LipKJB9jmKc,135.72097963017137,181.73836845909193,134.43804348840587,181.8852908309535,151.22669065706003,172.4039447685289,158.38148970588736,141.35171104281403,149.6352676340953,0.0,223.08839305168675,191.75140064376964,109.62105210840787,158.15795741315702,208.64047385182803,161.80382634034154,259.18092643526234,207.9410702889895,170.66609812421126,151.99724899165648,212.57502892146985,239.51356112932837,147.65266851278503,137.5670897357794,174.89746621301072,192.76807312102113,148.69319630781627,194.48444660558908,178.4562827683667,154.63668604775987,156.1732818796576,165.85717255492557,75.62843558418878,172.47417289494447,178.7676928293499,195.66372432907738,170.9065725693253,167.60696132574904,184.15405488813846,193.24689721397368,180.52216155397267,235.7183300583582,189.79083285608942,186.1131189690522,205.4031876846227,211.31093382235545,178.56005956492834,161.0179597688967,101.10775466770433,204.0628391707907,163.46429989467438,162.0586206958317,186.98312696700856,225.97954512077075,150.4169963199661,169.25645865742558,187.96407301712622,162.7897468487571,163.5825560254502,182.52060882647137,228.4797182908559,248.90935616322795,156.96125130666573,242.4320861640513,148.7047411300875,255.05612664038915,185.68030783057242,217.21381634385264
1610555608.17OpjjHobqRkX0UPcaXrbu7K6L3805SZri,212.41292601533422,220.236647129735,211.60199584328547,214.17726151211818,216.0463141033384,223.98196712127822,216.54023487577064,215.75551674275556,220.1058785374868,223.08839305168675,0.0,231.88195976609526,242.2199495886143,224.56342463622195,251.99801974152433,217.41533883850713,239.07288141517043,236.3995425299679,225.14419613010773,217.9057214346491,245.2080534340693,260.3639676980029,215.69289843430224,213.4763941844061,228.99825053106326,237.45414011668237,213.37447936982787,237.01141400231592,234.25347669547423,217.19784884778866,225.99231940832553,222.7868684260299,232.01933100535024,228.34554882604357,229.47202232170164,238.95663186955207,230.79061911377724,228.36211824906138,238.66736947007865,250.18497686597885,229.41791159673957,239.0144043202082,239.55222025373504,231.5862736245614,233.2342099247509,227.90447370537512,237.60196056554605,222.73209353218022,221.16596420073316,245.009604422688,222.2150404701707,227.0328302118185,237.89674947629283,257.637661166584,215.98360312954205,225.13073461074035,233.5501184512222,221.98029738372347,226.13745656583063,232.33319780214117,265.5755508302729,267.4867078951383,222.95119817245825,267.514825149249,221.32165209103792,274.42306414604593,232.74119796503845,256.9802193016778
1610555721.82zWeNZfGUUfRJkgnAwlP8VMhPzXctnSd4,172.0975044568507,209.96071181036402,174.0522407485799,197.35235746486018,189.8781369016345,199.7582641832502,197.73754816903798,177.93126893891204,183.00313761677452,191.75140064376964,231.88195976609526,0.0,214.04503683512843,184.00414690911188,234.79370058921907,190.25368665187474,262.3342052885204,188.2571298610281,198.20239336619474,176.11827381266724,177.95869982543195,203.5265876879883,190.9825724420489,173.46258129952557,209.69037413836483,216.3196319195159,186.48346566328027,210.35783751143106,204.0838608818125,195.63982465061056,197.6241811914635,204.09738584735314,199.96264411310693,200.85220291782548,196.96171017362673,206.9750730051566,202.62011822239393,195.4940465484572,211.5876124565082,222.53723114422667,210.22237268059408,230.22334271601994,221.25791526860584,195.2598013995775,224.26049666219882,229.1730884029068,207.13428178348548,183.6710048414741,184.547110170776,223.4298238503608,119.07442165011354,190.87589366194058,223.91279873188125,239.03879631164068,184.55834583953208,205.6268814467094,215.86523778949248,181.431040909826,175.28481354270033,215.20780307860352,245.0473270911576,264.34735315807416,183.13696149876594,259.0282498260675,179.20741163821003,265.63949463674777,207.05588950875546,235.71467407656996
1610555735.75bom85BDF0C7W2eIseHeMxi24qR68nzMi,170.23907571364276,193.62550886919115,169.2180431427254,206.27577138849634,182.84433535111498,194.59907577995406,185.3200281231357,174.75455555745114,181.51016052831736,109.62105210840787,242.2199495886143,214.04503683512843,0.0,186.99364239708044,224.58346330772156,187.99263383869555,275.4053776601562,219.05060857878846,193.1196806364881,174.61486662906648,233.10901442290913,252.45832948226976,179.8695241623445,171.71444786014263,202.8425279956859,213.31042489040567,180.7145387542409,216.4875997876326,199.02396169699676,180.52198824928945,183.46264866644128,190.22169443980337,82.63331035896748,184.54626036404161,202.53294169886843,218.54900213433012,196.00065408494206,181.0640579298467,210.46492625232102,215.26988276315709,203.68256671923427,253.56968969195984,212.5902480313794,207.900381861754,219.75668707749156,221.59947668017503,204.55434533521287,190.95319846163525,149.12931676669396,227.48403287934715,190.75499125702322,191.85746010231483,206.01512432512087,239.97312550673146,178.95951350209486,197.97295591741712,214.16506209347315,189.78770187707786,190.9405799790423,204.54639958671842,242.3325446379148,260.08383760574156,176.3199477440331,257.9109760249255,180.65020639597626,265.6110240487828,211.1526618305656,232.50689782054917
1610555735.77NnT5xqKnwcf2BbjIekeb2arTQj6QMNwk,123.44948693076692,192.85607463881396,121.4646852660749,184.49136001291384,149.33989548548894,163.07585372759377,148.61787028922308,122.80548901152197,143.58024261198534,158.15795741315702,224.56342463622195,184.00414690911188,186.99364239708044,0.0,207.0628081683203,165.4418339576222,258.0957869562476,211.51695094899418,157.64944475060975,150.1098686725124,210.27093898916272,234.00014610424924,151.60684294254514,126.68072156995603,176.86772622190472,184.21759882572553,148.2765596841302,196.32769598324143,190.9421354108835,152.12474734023652,164.36571800985516,163.497835379751,173.70674656954617,177.98464748175,183.1075728157964,195.63865215275453,173.27354006795596,170.94163355525853,191.93171603389257,196.23436545638623,183.00172917216273,233.30953574131425,191.92461088559506,184.33072347478347,207.27094057634332,214.2058275817498,179.15708674778057,157.98816109166063,160.15102468605244,202.53301480616165,159.142504295355,159.68603182308203,197.13117759019835,230.164843473156,151.7763172466531,171.3582202639114,188.0019999445554,167.58277335475674,157.0294833365075,180.55914915163012,229.2015333116882,251.4033114140459,170.46366254242216,238.1932067294887,165.66392387377581,250.0373040670215,183.95273325959374,218.50746177262258
1610555638.33wjf1PhdNaoWfbRzXVn50hmFyB5bYAiLV,197.57946617251588,228.85651420105987,196.79041086802476,229.0277132604733,206.57546047664383,219.91904758288308,211.66528763826096,200.9689271439206,201.20891467090408,208.64047385182803,251.99801974152433,234.79370058921907,224.58346330772156,207.0628081683203,0.0,208.75089002987974,276.8724117553571,245.97800953153424,216.9933033367725,205.76828222091794,243.18072683317158,266.71394178098416,208.35064342276715,198.084009167597,225.4802608699157,228.49743135662368,204.73487199841688,239.8483476247757,227.33762257237458,209.57276872898714,208.45333030456678,214.86869845271005,218.45716989568086,227.16554585236779,210.17041419698077,229.84929387038554,211.89647727142813,222.51986315735832,232.90362308903678,237.91145755978343,210.08091786568,260.3472768541314,217.29953269511205,229.61209530044616,230.10698452094687,245.56525415902112,222.7811133024853,203.95095580865282,215.92906672643934,243.94685585066213,214.3204121186306,207.20096273125793,243.55566568875253,244.5085222433312,203.78749313479565,223.60374124674584,221.61551761886287,215.43605173646293,214.1794899270292,227.5827609312068,263.38222872904345,275.6317515439598,221.0041812552809,271.532657453237,217.6929685750824,274.3801886265907,230.48503280658073,255.94922623741525
1610555606.65jCE4ig8Pu8kvAzkxnSGfWsV0nQBjCf8H,142.7476944172193,197.86540533013329,141.55772648891815,187.371047992423,157.3517390723581,177.49358536204076,163.93660241955627,148.02270516494025,155.89978762220758,161.80382634034154,217.41533883850713,190.25368665187474,187.99263383869555,165.4418339576222,208.75089002987974,0.0,252.95407149233196,219.28478452222973,176.26541607867782,146.76992706783003,204.93058841774632,242.8037364492701,160.16009299577328,144.26439867794863,185.55460279731915,197.3727196440843,153.11233800411713,191.8638064429763,184.5447435352325,166.84917696963186,160.4418034353189,176.08662716781518,171.787658239149,155.24069401487532,154.24106991812943,185.1891145746121,173.49398708801456,154.97432020492084,195.6566632121087,203.88025053803895,175.64933844061184,231.8214806415417,197.36064002837395,189.4016770129354,211.86329755061797,221.0632259726086,181.918274121075,163.62843464667452,163.1275281148232,202.3198667950918,164.9596055267608,168.8043890528805,193.15973438507197,227.5647569260726,148.43155744865433,179.5949092640298,195.63507216373773,161.64323055756094,166.0661526293953,192.82860515124628,225.31616119602415,248.09814865928496,161.61270915225083,241.6058425544517,167.74336751571335,247.5997494590725,184.6708152424579,206.87522248099322
1610555608.18ONsBCVo1i7BrX0XG9stct4oiA6ejX9Oz,249.03015226997078,248.6441994271812,248.3224892894138,248.48745181599088,249.46094911634776,255.18590998817888,253.4306888305401,250.8072073128516,255.82678952932824,259.18092643526234,239.07288141517043,262.3342052885204,275.4053776601562,258.0957869562476,276.8724117553571,252.95407149233196,0.0,261.2268471214893,256.06423991833424,253.14195618443068,270.22486091548507,281.9048916966129,247.77310724465917,250.3852049585453,254.79056562040435,260.23908246176455,250.59431509906105,266.6837712079869,256.7909092756945,247.70732190232167,254.38943917521772,250.35867198309026,267.33230757402714,262.5949846316199,257.4093605417183,252.686136701866,261.90282334299224,253.48414783200496,252.72497396884054,279.5530642058303,260.43411396212497,269.111373719098,268.97061634005206,259.0164702914128,258.2281333905846,252.4211985742983,268.5249531826821,256.923673225513,254.51629318639073,270.8118314617317,256.769048498995,260.8681386678042,269.53890142870154,269.8905406479721,252.4140585945641,252.82614911509015,257.1079663366257,255.14291190840265,259.5703460940881,259.76719777661333,282.8235718703657,279.2215791757663,252.98287014212514,276.9953260014986,251.23161055471994,286.492866167572,262.7656881606346,280.4755781647127
1610555721.51RNoQUMP19FTMS79BmA3JkgSm2IC2AQuQ,199.68270540490238,110.26830261288298,202.10136400390084,214.52419650978555,210.4739933503977,212.1823644737865,213.27820860036346,204.91840693144195,208.7712677202836,207.9410702889895,236.3995425299679,188.2571298610281,219.05060857878846,211.51695094899418,245.97800953153424,219.28478452222973,261.2268471214893,0.0,210.61546696831545,207.3802518369532,225.79381582001844,235.41314994012987,206.73380283935487,200.2798281833805,221.12301294952894,232.04793539692454,211.75020668814284,230.2838521628772,226.68638454390972,205.19435100649673,220.7847850068077,213.48027258491513,214.44882822138206,220.5580132604321,227.6971427361274,237.2988254403084,226.6716813397818,216.77245158990362,214.4205233304246,243.6414699245812,224.43192021242498,252.35412409121668,237.78730172651922,219.50764545064038,193.32318665633758,154.3556392133136,229.20542839060775,211.9017369790824,207.03586899324665,247.79877967240387,190.28490484183388,217.88148231990715,243.3666455350624,253.8409065097079,212.03766469149338,219.88192100963136,222.145861212381,214.1984358542767,208.0432334445935,219.99837536012052,253.15613530843515,266.24442549157413,214.60529648789,255.3333886150937,213.1516505547844,267.1493896396627,233.79152691704653,245.783135952089
1610555971.86O0cHB2ibBJ8jxoObg01EpGe8VVV5mpwn,141.6218211944993,192.26859949539667,142.23865308474512,189.2048942228746,162.58145299519612,101.14933878927985,160.32029205241315,146.97329825464283,146.07918891743168,170.66609812421126,225.14419613010773,198.20239336619474,193.1196806364881,157.64944475060975,216.9933033367725,176.26541607867782,256.06423991833424,210.61546696831545,0.0,163.6907278694509,214.53136306762417,228.90574996233508,162.42992680132105,144.0982591414611,187.39081788535773,152.17961773323896,158.1414653638407,202.7795466190883,201.18209931778657,151.4777512201499,175.18005128649062,161.12932819432362,185.16727726069027,187.601589863444,187.0503447380086,202.14314081715045,184.85487847540352,182.9326471781539,198.74199688021488,203.20506848649686,192.73416446604773,238.03182956941322,201.13580030724236,190.5890720024034,212.3867142972543,215.07954964270434,185.06218381480465,163.34205029461728,172.75211197356987,210.15532576822403,172.83601886504485,163.4711887387163,205.00708495983062,233.90591984766513,163.02574996411045,180.55185616727607,197.92269194911464,177.2248978970448,169.45378977238147,170.41970100934554,232.46041798821224,254.441723207727,180.88495434686334,233.69623683234008,178.34939847063572,254.19361605272965,190.2253373621418,221.07300982107898
1610556911.51zU3duZSGpcw1BDNsBLxdOCITAXwl6z3i,126.86007023834559,183.87561652383582,124.25099030612564,174.87505042729057,146.9368299003455,165.4877183679912,155.51536620416906,132.70958065800832,141.13730982226673,151.99724899165648,217.9057214346491,176.11827381266724,174.61486662906648,150.1098686725124,205.76828222091794,146.76992706783003,253.14195618443068,207.3802518369532,163.6907278694509,0.0,195.71423787308544,232.02781794508516,147.3133160885382,128.95950694100293,174.9173106362312,186.58312323952765,139.6609812793266,180.1366048174761,178.04309919294116,154.05882105993354,155.34724451893777,164.06337867373145,157.03540806892212,155.61195478548012,167.15343441054793,178.13955678490166,160.76943459295418,151.77190966554178,187.29098729154697,193.88337270302276,169.35145014513805,222.06493546102226,188.24872792463728,173.11084469714552,192.4800308297197,209.812837450626,170.69505841105237,149.6773105956287,153.04530859419702,197.31640079642895,149.8346241553355,155.76450625140586,190.41707031661258,224.54955451936584,141.34181084577872,168.6469069089188,185.2379552609616,147.83691175224993,149.7445879701176,182.0970915697007,226.81557261096424,243.50822374610664,150.08323908208052,239.35100210453672,152.1666567473416,247.04982741242648,177.71208899901922,213.81185998275973
1610555988.71dMoYT8250UHHJGxgmITTmbHe7V6gH1yU,196.3545260348845,230.36711899325243,196.69855973937536,218.83740060145809,208.7731653424364,217.57667888534422,217.11683055764422,200.09906876937868,200.6505244130348,212.57502892146985,245.2080534340693,177.95869982543195,233.10901442290913,210.27093898916272,243.18072683317158,204.93058841774632,270.22486091548507,225.79381582001844,214.53136306762417,195.71423787308544,0.0,231.46277352917977,210.5683871984291,198.32572014578955,225.69354289468208,227.26552908364548,205.58068800545573,223.09965709467318,226.59293274785304,216.41857356356041,213.79985110601118,221.56515106309934,220.24903797022145,221.28729390317704,202.96378761943086,221.45714193927736,219.71573791295245,216.4877044794364,229.31913120464623,239.77650718246963,222.9100186949216,242.66815990035224,234.46996177378327,216.241512515946,237.9628541869563,243.29436826670332,222.31836179821562,204.2154159928955,207.1409520429705,238.95862015416063,185.47832787549058,208.8537496509389,237.69883517139885,253.13075212350856,206.3005964893543,222.48141856127455,229.53058538577417,196.19088517188675,202.8317886394335,226.15828765596808,256.09726444795166,275.97332713996,206.32972396260956,265.72346596250117,203.17484024502733,276.02935200005925,223.8714361612084,247.7444022792243
1610556042.81mlUZsSp7gbGjrp8jQSnybT1gPy6e62o1,228.41704360366384,238.69009944934007,229.3832216015627,242.9098333622013,232.85511852145996,231.09098800257956,234.99662754465925,231.83616880759305,233.91512589157824,239.51356112932837,260.3639676980029,203.5265876879883,252.45832948226976,234.00014610424924,266.71394178098416,242.8037364492701,281.9048916966129,235.41314994012987,228.90574996233508,232.02781794508516,231.46277352917977,0.0,219.8723451258527,229.49552649731774,241.94898981800225,241.4484979650579,236.2655943797151,250.23121167418176,252.54529212806148,218.59990964515032,247.3326916351714,220.1916465128609,246.12515112236667,249.65220663047648,245.5991277169311,252.66036794888151,250.79441772331526,244.77629219271475,247.94214460049923,259.60865949338415,256.59616316886263,267.61367421703676,260.7995083806035,245.37082251321516,250.46309906041063,252.40679627412052,249.2216479208945,233.06467798292897,228.65894222212734,261.8430230987096,214.45641477782922,237.34168959105384,266.6622815014482,274.71895845791533,240.271997454545,242.0084323247889,248.33539382505992,233.01527574394714,225.68668574093178,220.86625362208864,269.3545018276946,292.6330711503934,234.2393905857414,276.56245756329923,235.1417067137586,281.1139924909848,249.3572677120252,260.7321697936827
1610555637.02UBW5nKvDyUrKnaWcYRGajZPxTRDS0q3N,129.4810537888314,181.68229517084595,128.13574552419712,181.79353683609466,137.4123272185217,162.3072355194099,147.5532692650809,135.36859069668904,143.30943031491535,147.65266851278503,215.69289843430224,190.9825724420489,179.8695241623445,151.60684294254514,208.35064342276715,160.16009299577328,247.77310724465917,206.73380283935487,162.42992680132105,147.3133160885382,210.5683871984291,219.8723451258527,0.0,131.4145155144207,155.90386067193333,182.49072025891036,136.43534321573838,194.04040176832797,187.0086619527949,130.53622174621742,157.0353340506917,139.0951372598329,164.19926606392238,172.54260241648265,176.70710711187843,189.98599671182453,168.49243318758678,162.92171780620117,176.83836932316396,195.235906210556,179.63352556381153,230.32291076289724,189.32070828690408,184.1939235247829,197.87774670123343,205.35863190957122,167.62033759841367,154.953576277956,138.66800651962902,193.35776978904775,161.60348932801773,153.77514983880872,192.18636447037042,222.90163133072073,144.762915325856,142.2692538694987,176.8943536749101,160.8783224971392,158.9898223805485,158.2181102293323,219.22849299692416,244.97630311771022,159.76069472048326,227.499223489204,157.47371446745439,242.93101782260877,178.1983079195649,214.93332630289586
1610555619.13oUYNikU4facCTpUSiSLr0vPI0tJLnXiT,56.92859492102877,178.92743021475502,70.33699403576287,168.5314250518304,131.53621625529007,149.2912013842266,135.00535550030534,80.82746798323709,119.09886014325207,137.5670897357794,213.4763941844061,173.46258129952557,171.71444786014263,126.68072156995603,198.084009167597,144.26439867794863,250.3852049585453,200.2798281833805,144.0982591414611,128.95950694100293,198.32572014578955,229.49552649731774,131.4145155144207,0.0,162.25890554459966,172.2549005779904,124.0587528223422,180.65553265325175,175.9030091599216,136.07694545717243,143.1648596962753,148.68028019714416,155.1927784693765,156.95410755785872,162.8576813002389,178.57396708255317,154.73926890860218,152.4798131832029,176.3734160843006,178.22413947115783,165.9800194081879,222.37404036935,176.79924842251134,163.67324892915124,196.98328047202614,205.93348053469737,159.89819306488369,138.16546344292126,140.1555041242411,190.2585760084965,138.24793611967428,141.70603319881627,180.46503039098837,217.68415218383197,127.89783412523431,154.79757310044238,176.45280483064977,146.246505210078,137.54029382147496,167.64830005708166,219.33947677039905,241.30454807434427,150.0561561042206,228.85246482866148,147.06576242198554,244.51882568604208,167.32603059372633,207.60713028784863
1610555721.03nzkucfjAUh31zTbmCVvTVYqtjoxZFnBh,160.66356652227492,199.37121697533263,158.9397076541807,203.71909644641494,169.6634187571275,185.80065920916078,177.43147508361812,165.37742058829747,171.79031662973637,174.89746621301072,228.99825053106326,209.69037413836483,202.8425279956859,176.86772622190472,225.4802608699157,185.55460279731915,254.79056562040435,221.12301294952894,187.39081788535773,174.9173106362312,225.69354289468208,241.94898981800225,155.90386067193333,162.25890554459966,0.0,202.1089588580102,171.70839269850694,211.92975325802476,209.00394354337433,169.7815212923339,183.60529812608962,177.75813344124205,189.04945666269677,195.86698898018108,198.39272250692412,211.34785384059617,192.83663138435074,187.49951018241356,190.91942614215375,212.52860847944382,202.67145375248975,242.15377086951713,206.96406082247617,205.06505258207426,212.41902364405985,213.055085604325,194.4310983954537,175.4358311062418,169.32111549946276,216.85559922446018,184.9195807388849,178.54146877595235,210.77396858995093,239.9889139352518,172.18475107125718,164.58424290249638,181.18308799456545,185.2218812752908,183.14378299423734,176.44710322179895,235.89142050788897,255.40054200918635,184.25426890142703,235.3527934111334,184.41151072803765,255.70326362529377,200.924361619626,232.37007025015043
1610555722.67fhKURdXVzRbLIjXmjRwdJHTnE7PWb1AE,170.22659168853522,213.92886032283207,169.0282704223839,208.33620150157537,184.97636494231986,136.89732964981766,184.1125572953848,173.13992250810054,177.90499371608993,192.76807312102113,237.45414011668237,216.3196319195159,213.31042489040567,184.21759882572553,228.49743135662368,197.3727196440843,260.23908246176455,232.04793539692454,152.17961773323896,186.58312323952765,227.26552908364548,241.4484979650579,182.49072025891036,172.2549005779904,202.1089588580102,0.0,180.73279654771528,219.92694696036642,215.97848491727984,176.45332523530257,195.97361181792394,181.38087403424194,205.71660629621357,208.10934450587024,207.28858906322847,214.82698591234265,205.01480082743896,203.51578864760376,211.27448195576977,218.57611888615693,212.24673086843137,244.66990643536727,218.15003879063113,204.2046083400451,228.84244393383491,229.25054217367563,197.7697368587305,184.95467391526617,194.62108829058124,224.99605678478784,192.93303416955044,183.88019132716397,217.1852674897148,245.2632784787793,185.49320436816484,189.50229252158204,213.40074272941627,197.0481830734786,191.1055229353969,184.91654473375635,244.45388668420912,264.1889403687103,200.94058095851028,245.36743138531781,199.5790148241949,261.239658011221,207.94565586285313,232.98881739315726
1610555638.39J2ZWBLuLTHP0jOlzB4tNHmYeijH5g5YJ,122.83764164661201,188.3937109111425,121.4501529201541,171.88681946469288,137.42547811007805,160.60291645293125,148.61495236952828,129.01202137550385,138.0458858222224,148.69319630781627,213.37447936982787,186.48346566328027,180.7145387542409,148.2765596841302,204.73487199841688,153.11233800411713,250.59431509906105,211.75020668814284,158.1414653638407,139.6609812793266,205.58068800545573,236.2655943797151,136.43534321573838,124.0587528223422,171.70839269850694,180.73279654771528,0.0,188.9066342371507,184.78942952074618,147.65671402275248,146.526225621879,150.8940796905926,165.13558350309447,167.7205560820343,170.85132551006572,185.55361307688608,162.40086331148652,162.0885655296331,185.38998197633407,188.62935919888557,170.07062089400662,227.0247259355976,181.34724253135101,179.5473080453269,203.35572213492725,213.47804561170383,160.84018573962618,149.69566871894773,151.52154480493382,151.0285707070175,155.15768220689034,147.90697841368583,188.63976582228238,224.17044430411636,140.23269793568878,163.567215592225,183.15889188862056,153.96260375858506,152.87714250382473,174.58021343270048,223.53475772654403,240.97461955484076,159.5359354676423,235.19437943254226,157.45859342201175,251.67888908473535,141.41554110269345,212.57342824308856
1610556032.17Q6yCDx9g7alRnL9jBFXD2JhhUyB2hKfJ,178.3876485694702,209.11667326164945,177.2672865078411,201.27896128323115,190.76213435710156,204.97660509732367,192.1822232288293,182.78468167425825,186.8175970919047,194.48444660558908,237.01141400231592,210.35783751143106,216.4875997876326,196.32769598324143,239.8483476247757,191.8638064429763,266.6837712079869,230.2838521628772,202.7795466190883,180.1366048174761,223.09965709467318,250.23121167418176,194.04040176832797,180.65553265325175,211.92975325802476,219.92694696036642,188.9066342371507,0.0,209.86726435483715,198.2613034262449,200.31376338551672,205.0961132531208,202.60303689708334,192.69148966033927,207.2684334259774,211.54204405302679,205.81363809016943,193.59073330623053,213.731313366601,222.65709034713595,215.80000816922737,230.46258464914249,218.55297955886513,197.21142034082197,227.81339503222887,227.93114919328053,209.27053623064432,196.9132071452371,194.45756061519,227.83297509676882,191.3020396194962,195.72542780056995,224.47425271412163,246.65704744043157,189.98197418490608,209.10785551937423,216.55907068096903,182.6552410503496,183.27650740826357,217.83434069029363,239.3552341099505,269.0371068597489,191.02025632618464,255.18322421237744,192.31563891845303,266.0210200912047,213.88749605007538,232.2077510476208
