,square,rectangle,parallelogram,losange,isoTrapezoid,kite,rightKite,rustedHinge,hinge,trapezoid,random
square,0.0,0.030009618856845832,0.07600930670720829,0.12354978976325226,0.12197429069794397,0.11984494790180755,0.12438361541385146,0.1674769012269074,0.13768336976076467,0.1117065263267607,0.1482203628830795
rectangle,0.030009618856845832,1.1102230246251565e-16,0.07818650580228648,0.13551121400722543,0.1304927757712716,0.12667914636296984,0.13680707342868126,0.16991220507448324,0.13519874973484403,0.10985186176773698,0.15259409936323742
parallelogram,0.07600930670720829,0.07818650580228648,0.0,0.03237757761703097,0.13147589024155615,0.12733873493163128,0.1453806819771314,0.161612872501822,0.13946356401812643,0.07671567106267674,0.13420206456171502
losange,0.12354978976325226,0.13551121400722543,0.03237757761703097,0.0,0.15377439666832615,0.15210726262512375,0.16381823706147047,0.17160797188336951,0.1585668356531802,0.0964284571625843,0.1367478759804307
isoTrapezoid,0.12197429069794397,0.1304927757712716,0.13147589024155615,0.15377439666832615,0.0,0.04666474436954238,0.04461536900146312,0.0958383707617112,0.07026364814882047,0.04661465292262823,0.0687150610264452
kite,0.11984494790180755,0.12667914636296984,0.12733873493163128,0.15210726262512375,0.04666474436954238,1.1102230246251565e-16,0.023796155281269882,0.08994896980698008,0.059563740570751755,0.059842780763284975,0.04891171556834928
rightKite,0.12438361541385146,0.13680707342868126,0.1453806819771314,0.16381823706147047,0.04461536900146312,0.023796155281269882,0.0,0.06560550859846648,0.043787225347538095,0.07430989553356626,0.054875242060557716
rustedHinge,0.1674769012269074,0.16991220507448324,0.161612872501822,0.17160797188336951,0.0958383707617112,0.08994896980698008,0.06560550859846648,0.0,0.020335768624723527,0.11270716495406263,0.08024047978395543
hinge,0.13768336976076467,0.13519874973484403,0.13946356401812643,0.1585668356531802,0.07026364814882047,0.059563740570751755,0.043787225347538095,0.020335768624723527,0.0,0.08583329918687443,0.058753473494368436
trapezoid,0.1117065263267607,0.10985186176773698,0.07671567106267674,0.0964284571625843,0.04661465292262823,0.059842780763284975,0.07430989553356626,0.11270716495406263,0.08583329918687443,0.0,0.059793730946688384
random,0.1482203628830795,0.15259409936323742,0.13420206456171502,0.1367478759804307,0.0687150610264452,0.04891171556834928,0.054875242060557716,0.08024047978395543,0.058753473494368436,0.059793730946688384,1.1102230246251565e-16
