,square,rectangle,parallelogram,losange,isoTrapezoid,kite,rightKite,rustedHinge,hinge,trapezoid,random
square,0.0,0.006731063769610857,0.012305845040248897,0.01786700562680177,0.00431022599791786,0.00347453424081845,0.0021748871881758225,0.007891605486017417,0.007427037612532383,0.005616145034886388,0.011303006599850951
rectangle,0.006731063769610857,1.1102230246251565e-16,0.004354924591202236,0.010403509019456414,0.013369593502778332,0.008585049954317636,0.007790257529793898,0.005399862435203295,0.003388285034144789,0.008735335228033603,0.015421893390557107
parallelogram,0.012305845040248897,0.004354924591202236,0.0,0.0036660644940550435,0.016160478001299827,0.013974919448805245,0.01179232510433681,0.007478969996989937,0.005174331630720119,0.00782147166680458,0.012663286350587222
losange,0.01786700562680177,0.010403509019456414,0.0036660644940550435,0.0,0.018702510236683456,0.0184381245761156,0.0165339943888565,0.009995171951929227,0.00870649557471359,0.009289450624047624,0.009562405430382115
isoTrapezoid,0.00431022599791786,0.013369593502778332,0.016160478001299827,0.018702510236683456,0.0,0.004914886256424333,0.003841339921943243,0.012667826054171716,0.012973354536909953,0.005984420999039952,0.008879211196577641
kite,0.00347453424081845,0.008585049954317636,0.013974919448805245,0.0184381245761156,0.004914886256424333,0.0,0.0023734097606491478,0.01144870440713086,0.011233151799004748,0.009705562526898248,0.014331671969932791
rightKite,0.0021748871881758225,0.007790257529793898,0.01179232510433681,0.0165339943888565,0.003841339921943243,0.0023734097606491478,1.1102230246251565e-16,0.010174315944406986,0.00966708659218507,0.005497958394308111,0.011815231778455892
rustedHinge,0.007891605486017417,0.005399862435203295,0.007478969996989937,0.009995171951929227,0.012667826054171716,0.01144870440713086,0.010174315944406986,0.0,0.000772604528417653,0.008560492283294696,0.010912568490308527
hinge,0.007427037612532383,0.003388285034144789,0.005174331630720119,0.00870649557471359,0.012973354536909953,0.011233151799004748,0.00966708659218507,0.000772604528417653,0.0,0.007724086081470016,0.0111852829799447
trapezoid,0.005616145034886388,0.008735335228033603,0.00782147166680458,0.009289450624047624,0.005984420999039952,0.009705562526898248,0.005497958394308111,0.008560492283294696,0.007724086081470016,0.0,0.004010738538234082
random,0.011303006599850951,0.015421893390557107,0.012663286350587222,0.009562405430382115,0.008879211196577641,0.014331671969932791,0.011815231778455892,0.010912568490308527,0.0111852829799447,0.004010738538234082,1.1102230246251565e-16
