,square,rectangle,parallelogram,losange,isoTrapezoid,kite,rightKite,rustedHinge,hinge,trapezoid,random
square,1.1102230246251565e-16,0.00018764809036964092,0.0005517666129570831,0.0006533532128574215,0.0005274400217450959,0.0005616782991006986,0.0005025825871312062,0.0006635189669961239,0.0006110216874483099,0.0005539276761553635,0.0007455918100698344
rectangle,0.00018764809036964092,0.0,0.0004581043879616775,0.0006033965115174178,0.0006172792828273987,0.0006023304718650868,0.0005544503573177151,0.0005944149910391827,0.000514175368926284,0.0005799634709228174,0.0007786889190998236
parallelogram,0.0005517666129570831,0.0004581043879616775,2.220446049250313e-16,0.00014036302738595907,0.000613281392158771,0.0005996293427287247,0.000607477030518,0.0006140856412866214,0.0005383650511716631,0.0003820311331099724,0.0005725440800938841
losange,0.0006533532128574215,0.0006033965115174178,0.00014036302738595907,0.0,0.0006546753962775043,0.00065845922165364,0.000668777308387769,0.0006637348386134834,0.0006169168030071281,0.000384639864437597,0.0004949515192617104
isoTrapezoid,0.0005274400217450959,0.0006172792828273987,0.000613281392158771,0.0006546753962775043,2.220446049250313e-16,0.00023986043883261754,0.00020808976052755224,0.0004092525714164408,0.00040968436901134275,0.00022028991069822368,0.0003264411431638248
kite,0.0005616782991006986,0.0006023304718650868,0.0005996293427287247,0.00065845922165364,0.00023986043883261754,2.220446049250313e-16,9.45210960263676e-05,0.00036732159842334244,0.0003392804291819651,0.00031633575036726924,0.00036792881720260073
rightKite,0.0005025825871312062,0.0005544503573177151,0.000607477030518,0.000668777308387769,0.00020808976052755224,9.45210960263676e-05,0.0,0.00032490459340195343,0.0003065564804506371,0.00025276723413047986,0.00034903419126053326
rustedHinge,0.0006635189669961239,0.0005944149910391827,0.0006140856412866214,0.0006637348386134834,0.0004092525714164408,0.00036732159842334244,0.00032490459340195343,0.0,4.5599971256859995e-05,0.0003871983763821252,0.0003773668125636176
hinge,0.0006110216874483099,0.000514175368926284,0.0005383650511716631,0.0006169168030071281,0.00040968436901134275,0.0003392804291819651,0.0003065564804506371,4.5599971256859995e-05,0.0,0.0003450990082384253,0.0003518512554538944
trapezoid,0.0005539276761553635,0.0005799634709228174,0.0003820311331099724,0.000384639864437597,0.00022028991069822368,0.00031633575036726924,0.00025276723413047986,0.0003871983763821252,0.0003450990082384253,2.220446049250313e-16,0.0001609680444295547
random,0.0007455918100698344,0.0007786889190998236,0.0005725440800938841,0.0004949515192617104,0.0003264411431638248,0.00036792881720260073,0.00034903419126053326,0.0003773668125636176,0.0003518512554538944,0.0001609680444295547,2.220446049250313e-16
