,square,rectangle,parallelogram,losange,isoTrapezoid,kite,rightKite,rustedHinge,hinge,trapezoid,random
square,0.0,0.00035922734679816326,0.0008652901200346674,0.0010269349926064208,0.0008671674733852219,0.0009426533111313029,0.0008616592686768731,0.001128620081914944,0.0010603866019287533,0.000908071007769018,0.0012070196688964696
rectangle,0.00035922734679816326,1.1102230246251565e-16,0.00076053394582698,0.000992705329828647,0.0009880914323345813,0.0010215962346562524,0.0009589117010803117,0.0010522955372707088,0.000939159135421308,0.000954452153320573,0.001266531868628129
parallelogram,0.0008652901200346674,0.00076053394582698,0.0,0.00021728209728433256,0.0009980685875504713,0.0009613106352551748,0.0009764446572961827,0.000989374278419719,0.0008841469452883777,0.0006220694981212693,0.0009235596077681318
losange,0.0010269349926064208,0.000992705329828647,0.00021728209728433256,0.0,0.0010863469122978087,0.0010738851860918608,0.001090910935595768,0.0010849806755810487,0.0010211878727557355,0.0006449506996973886,0.0008396328885443838
isoTrapezoid,0.0008671674733852219,0.0009880914323345813,0.0009980685875504713,0.0010863469122978087,0.0,0.00039936323271105856,0.0003483496403913211,0.0006648399152267004,0.0006604448496863036,0.0003860905206984899,0.0005350561833715739
kite,0.0009426533111313029,0.0010215962346562524,0.0009613106352551748,0.0010738851860918608,0.00039936323271105856,0.0,0.0001590692574916508,0.0005889690384897062,0.0005396074925780869,0.00052428472879118,0.0005807339606930251
rightKite,0.0008616592686768731,0.0009589117010803117,0.0009764446572961827,0.001090910935595768,0.0003483496403913211,0.0001590692574916508,0.0,0.0005245680564922583,0.0004938822009552535,0.00043048488102748195,0.0005406783061074893
rustedHinge,0.001128620081914944,0.0010522955372707088,0.000989374278419719,0.0010849806755810487,0.0006648399152267004,0.0005889690384897062,0.0005245680564922583,0.0,7.824494211217115e-05,0.0006377439763877168,0.000582437545463943
hinge,0.0010603866019287533,0.000939159135421308,0.0008841469452883777,0.0010211878727557355,0.0006604448496863036,0.0005396074925780869,0.0004938822009552535,7.824494211217115e-05,0.0,0.0005644732930474294,0.0005364942577895659
trapezoid,0.000908071007769018,0.000954452153320573,0.0006220694981212693,0.0006449506996973886,0.0003860905206984899,0.00052428472879118,0.00043048488102748195,0.0006377439763877168,0.0005644732930474294,0.0,0.0002746118593542901
random,0.0012070196688964696,0.001266531868628129,0.0009235596077681318,0.0008396328885443838,0.0005350561833715739,0.0005807339606930251,0.0005406783061074893,0.000582437545463943,0.0005364942577895659,0.0002746118593542901,0.0
