,square,rectangle,parallelogram,losange,isoTrapezoid,kite,rightKite,rustedHinge,hinge,trapezoid,random
square,0.0,0.010706549748754957,0.03030407446539618,0.043053561759430536,0.021223027607781497,0.022748908922988864,0.02039364690255041,0.031112172870346844,0.026516288943557953,0.02529231095593798,0.04120404504483832
rectangle,0.010706549748754957,0.0,0.019045746242249084,0.03499052848309803,0.036163247241604246,0.0302499713663007,0.028581947239194827,0.02734563085991082,0.020280523921269,0.030882157185946002,0.04971012617654924
parallelogram,0.03030407446539618,0.019045746242249084,0.0,0.011556398581793581,0.039997463211807194,0.04134988219216673,0.034925662706466576,0.03317276037134442,0.025745976140557625,0.02199362597552923,0.03901139497120354
losange,0.043053561759430536,0.03499052848309803,0.011556398581793581,0.0,0.045012056509416865,0.0510419124465592,0.04429732188993485,0.04057896668771177,0.03594621953580612,0.0235372737996834,0.03243472420406979
isoTrapezoid,0.021223027607781497,0.036163247241604246,0.039997463211807194,0.045012056509416865,0.0,0.016613409208412033,0.014309388131022338,0.039570346108831256,0.038131754252387684,0.016363852690227887,0.02531588881628455
kite,0.022748908922988864,0.0302499713663007,0.04134988219216673,0.0510419124465592,0.016613409208412033,0.0,0.007626877977346402,0.036841265942405665,0.03467860373911957,0.030862846646548814,0.039579441806713134
rightKite,0.02039364690255041,0.028581947239194827,0.034925662706466576,0.04429732188993485,0.014309388131022338,0.007626877977346402,1.1102230246251565e-16,0.03382239909022844,0.03140991657473391,0.01930076741504816,0.03187530456935961
rustedHinge,0.031112172870346844,0.02734563085991082,0.03317276037134442,0.04057896668771177,0.039570346108831256,0.036841265942405665,0.03382239909022844,0.0,0.00318191392421463,0.0334885574462741,0.03523356157052526
hinge,0.026516288943557953,0.020280523921269,0.025745976140557625,0.03594621953580612,0.038131754252387684,0.03467860373911957,0.03140991657473391,0.00318191392421463,0.0,0.029531924895338624,0.03320089423285333
trapezoid,0.02529231095593798,0.030882157185946002,0.02199362597552923,0.0235372737996834,0.016363852690227887,0.030862846646548814,0.01930076741504816,0.0334885574462741,0.029531924895338624,0.0,0.013024405855952104
random,0.04120404504483832,0.04971012617654924,0.03901139497120354,0.03243472420406979,0.02531588881628455,0.039579441806713134,0.03187530456935961,0.03523356157052526,0.03320089423285333,0.013024405855952104,0.0
