,square,rectangle,parallelogram,losange,isoTrapezoid,kite,rightKite,rustedHinge,hinge,trapezoid,random
square,0.0,0.007549779823988523,0.020887421986820365,0.029940557814263302,0.013041454772764749,0.014121212623604662,0.012458995462016675,0.020121768965710385,0.01705438749616106,0.015597894970909687,0.02679703873542738
rectangle,0.007549779823988523,1.1102230246251565e-16,0.012544767799918533,0.023690412061230792,0.023791190302977938,0.019497298583880607,0.01829849047041676,0.01742782585031588,0.012617107088943924,0.019546175913556896,0.032862121255089916
parallelogram,0.020887421986820365,0.012544767799918533,0.0,0.007830612505536516,0.026909353781620515,0.02754657006121075,0.02327366288872257,0.02151492663990806,0.016684556581601617,0.01447214588150092,0.02630749266018395
losange,0.029940557814263302,0.023690412061230792,0.007830612505536516,0.0,0.0305195389493661,0.034346184887203646,0.03000994298041959,0.026653944990374545,0.02374743495040499,0.015921370920075728,0.021766298086636438
isoTrapezoid,0.013041454772764749,0.023791190302977938,0.026909353781620515,0.0305195389493661,0.0,0.01069561925863105,0.009494526139542492,0.025810824584728276,0.02490460189970034,0.010636460320516461,0.016526953270594502
kite,0.014121212623604662,0.019497298583880607,0.02754657006121075,0.034346184887203646,0.01069561925863105,0.0,0.004934262886358898,0.023741463362671467,0.022262680356314846,0.020043672672015345,0.025890224955040675
rightKite,0.012458995462016675,0.01829849047041676,0.02327366288872257,0.03000994298041959,0.009494526139542492,0.004934262886358898,1.1102230246251565e-16,0.021855341328810174,0.020061226341310467,0.012441546292063954,0.02090441078602223
rustedHinge,0.020121768965710385,0.01742782585031588,0.02151492663990806,0.026653944990374545,0.025810824584728276,0.023741463362671467,0.021855341328810174,0.0,0.002065108008957761,0.021614043819562334,0.02323257201245743
hinge,0.01705438749616106,0.012617107088943924,0.016684556581601617,0.02374743495040499,0.02490460189970034,0.022262680356314846,0.020061226341310467,0.002065108008957761,1.1102230246251565e-16,0.018939387854549516,0.02199771589657884
trapezoid,0.015597894970909687,0.019546175913556896,0.01447214588150092,0.015921370920075728,0.010636460320516461,0.020043672672015345,0.012441546292063954,0.021614043819562334,0.018939387854549516,0.0,0.008868672041020265
random,0.02679703873542738,0.032862121255089916,0.02630749266018395,0.021766298086636438,0.016526953270594502,0.025890224955040675,0.02090441078602223,0.02323257201245743,0.02199771589657884,0.008868672041020265,1.1102230246251565e-16
