,square,rectangle,parallelogram,losange,isoTrapezoid,kite,rightKite,rustedHinge,hinge,trapezoid,random
square,2.220446049250313e-16,0.0017018558690955476,0.003282040097429051,0.004385064380630355,0.003943997432188984,0.003761498390780549,0.0033711357673685827,0.004673071229119197,0.0043958655682505565,0.0036632352107432986,0.005384611763420977
rectangle,0.0017018558690955476,0.0,0.0027832655207965518,0.004263861386823997,0.004426570893491855,0.00405316483397844,0.003792459236427459,0.004141191887717999,0.0036456287293696876,0.003910713903745533,0.005574158776022742
parallelogram,0.003282040097429051,0.0027832655207965518,2.220446049250313e-16,0.0009582943935003696,0.0040295697412056075,0.0035563909110162273,0.003383865525297902,0.003484680018290498,0.0030405973954777954,0.002321348761591957,0.0037101474990813843
losange,0.004385064380630355,0.004263861386823997,0.0009582943935003696,0.0,0.004498502978825369,0.0042513559931109945,0.004076435317192262,0.0040971336699326955,0.0038325160569271377,0.0024265502306868303,0.003363324562868142
isoTrapezoid,0.003943997432188984,0.004426570893491855,0.0040295697412056075,0.004498502978825369,0.0,0.0016225927069373203,0.0014704817288153649,0.0027525942882332677,0.0027300781210443104,0.0016844581222126287,0.0022963739321292254
kite,0.003761498390780549,0.00405316483397844,0.0035563909110162273,0.0042513559931109945,0.0016225927069373203,0.0,0.0005897326890854648,0.002253456642726359,0.002114971155686707,0.002135253664292902,0.0025574565100524582
rightKite,0.0033711357673685827,0.003792459236427459,0.003383865525297902,0.004076435317192262,0.0014704817288153649,0.0005897326890854648,0.0,0.002091018039316439,0.00202007800727777,0.0017168967300541516,0.002324715449764203
rustedHinge,0.004673071229119197,0.004141191887717999,0.003484680018290498,0.0040971336699326955,0.0027525942882332677,0.002253456642726359,0.002091018039316439,0.0,0.00031452634617601394,0.0025569364632272995,0.0025027859585506906
hinge,0.0043958655682505565,0.0036456287293696876,0.0030405973954777954,0.0038325160569271377,0.0027300781210443104,0.002114971155686707,0.00202007800727777,0.00031452634617601394,0.0,0.0022835327382645376,0.002365128685738349
trapezoid,0.0036632352107432986,0.003910713903745533,0.002321348761591957,0.0024265502306868303,0.0016844581222126287,0.002135253664292902,0.0017168967300541516,0.0025569364632272995,0.0022835327382645376,0.0,0.0011524194373806473
random,0.005384611763420977,0.005574158776022742,0.0037101474990813843,0.003363324562868142,0.0022963739321292254,0.0025574565100524582,0.002324715449764203,0.0025027859585506906,0.002365128685738349,0.0011524194373806473,0.0
