,square,rectangle,parallelogram,losange,isoTrapezoid,kite,rightKite,rustedHinge,hinge,trapezoid,random
square,0.0,0.00044730364078215956,0.0010469767436370736,0.0012647543494425095,0.0010418226001293052,0.0011287842730068887,0.0010090739727862674,0.0013420452432773011,0.0012689672912921113,0.0010951068685448595,0.0014555045502608888
rectangle,0.00044730364078215956,0.0,0.0009317766568590624,0.0012516670924335171,0.0012052100734145643,0.0012420967639265035,0.0011419586934572346,0.0012490169670718032,0.0011238377931769294,0.0011791167944354974,0.001557304398074666
parallelogram,0.0010469767436370736,0.0009317766568590624,0.0,0.00028449991212531334,0.0012524566812083249,0.0011967008034350357,0.0011817569274849005,0.0012113538021227832,0.0010789200170194801,0.0007918415543465285,0.0011692656796701284
losange,0.0012647543494425095,0.0012516670924335171,0.00028449991212531334,0.0,0.0013762927198999186,0.001355173213689942,0.0013405752911708202,0.0013491490422751218,0.0012679523770683376,0.0008264114377727338,0.0010760050247061725
isoTrapezoid,0.0010418226001293052,0.0012052100734145643,0.0012524566812083249,0.0013762927198999186,2.220446049250313e-16,0.000499401992915427,0.0004321463957159821,0.0008359560549980882,0.0008285672174851433,0.0004994969699402274,0.0006710886907652647
kite,0.0011287842730068887,0.0012420967639265035,0.0011967008034350357,0.001355173213689942,0.000499401992915427,2.220446049250313e-16,0.00019350748864610523,0.0007367013197444594,0.0006786802794868096,0.0006731330559290871,0.0007462723277611438
rightKite,0.0010090739727862674,0.0011419586934572346,0.0011817569274849005,0.0013405752911708202,0.0004321463957159821,0.00019350748864610523,0.0,0.0006515784247204115,0.0006135481476094995,0.0005393210328868969,0.0006728024902518115
rustedHinge,0.0013420452432773011,0.0012490169670718032,0.0012113538021227832,0.0013491490422751218,0.0008359560549980882,0.0007367013197444594,0.0006515784247204115,0.0,9.661605212374358e-05,0.000796305097929495,0.0007321586511710443
hinge,0.0012689672912921113,0.0011238377931769294,0.0010789200170194801,0.0012679523770683376,0.0008285672174851433,0.0006786802794868096,0.0006135481476094995,9.661605212374358e-05,0.0,0.0007063919076534253,0.0006741541304891019
trapezoid,0.0010951068685448595,0.0011791167944354974,0.0007918415543465285,0.0008264114377727338,0.0004994969699402274,0.0006731330559290871,0.0005393210328868969,0.000796305097929495,0.0007063919076534253,2.220446049250313e-16,0.00034459278028331486
random,0.0014555045502608888,0.001557304398074666,0.0011692656796701284,0.0010760050247061725,0.0006710886907652647,0.0007462723277611438,0.0006728024902518115,0.0007321586511710443,0.0006741541304891019,0.00034459278028331486,0.0
