,square,rectangle,parallelogram,losange,isoTrapezoid,kite,rightKite,rustedHinge,hinge,trapezoid,random
square,0.0,0.0057757140986405275,0.01502314710082897,0.02296816736463647,0.008344438188840675,0.008590996666714257,0.007673949016855142,0.01375726475323813,0.011500845079998823,0.010021430998573,0.018315706453046032
rectangle,0.0057757140986405275,0.0,0.0085049385536341,0.017830420056637264,0.016736625764244284,0.012905249092131976,0.01234742456689808,0.011753394074825563,0.008170351726347058,0.013047379514537383,0.023162739598025284
parallelogram,0.01502314710082897,0.0085049385536341,0.0,0.0056565662791552285,0.019636819602389277,0.01949506407319812,0.016042803579635945,0.014998872426955967,0.011286827910866881,0.009675120035852802,0.018130659172722163
losange,0.02296816736463647,0.017830420056637264,0.0056565662791552285,0.0,0.023100857884788883,0.025307889827758,0.021815437802552684,0.01895307755267106,0.016830936641745398,0.011148790427386146,0.014773327617023324
isoTrapezoid,0.008344438188840675,0.016736625764244284,0.019636819602389277,0.023100857884788883,1.1102230246251565e-16,0.007476654833613483,0.006628428703670863,0.01910082339242669,0.018310085046867264,0.007756924454116354,0.012015796608451312
kite,0.008590996666714257,0.012905249092131976,0.01949506407319812,0.025307889827758,0.007476654833613483,0.0,0.003575721156850342,0.017542044993288153,0.016343037011490202,0.014553666685426903,0.019469830187863857
rightKite,0.007673949016855142,0.01234742456689808,0.016042803579635945,0.021815437802552684,0.006628428703670863,0.003575721156850342,0.0,0.01638459470827225,0.014956282705335111,0.008651658689893815,0.01542653258265625
rustedHinge,0.01375726475323813,0.011753394074825563,0.014998872426955967,0.01895307755267106,0.01910082339242669,0.017542044993288153,0.01638459470827225,0.0,0.0014270320487743682,0.015696574632458105,0.017140956958535902
hinge,0.011500845079998823,0.008170351726347058,0.011286827910866881,0.016830936641745398,0.018310085046867264,0.016343037011490202,0.014956282705335111,0.0014270320487743682,0.0,0.013637581351310324,0.01625987884622726
trapezoid,0.010021430998573,0.013047379514537383,0.009675120035852802,0.011148790427386146,0.007756924454116354,0.014553666685426903,0.008651658689893815,0.015696574632458105,0.013637581351310324,0.0,0.005980705931242891
random,0.018315706453046032,0.023162739598025284,0.018130659172722163,0.014773327617023324,0.012015796608451312,0.019469830187863857,0.01542653258265625,0.017140956958535902,0.01625987884622726,0.005980705931242891,0.0
