,square,rectangle,parallelogram,losange,isoTrapezoid,kite,rightKite,rustedHinge,hinge,trapezoid,random
square,0.0,0.011780871594874398,0.01767586202802751,0.026193890241898776,0.007630189682210631,0.005701077812016342,0.0037396176299261397,0.013351436229066871,0.01240044960523079,0.00902527401553721,0.018112765958660182
rectangle,0.011780871594874398,0.0,0.007070094212929368,0.01731608008658092,0.025440252277759923,0.015224760726319175,0.013911405497258444,0.008974013461503061,0.005549585863639073,0.014896524231530095,0.02666881407594346
parallelogram,0.01767586202802751,0.007070094212929368,0.0,0.007418806095818575,0.025993834189278586,0.02102563029591553,0.017386847893278268,0.012282033873331155,0.008822793751225522,0.012083929936755444,0.022032803147330138
losange,0.026193890241898776,0.01731608008658092,0.007418806095818575,0.0,0.028695042809679605,0.027311044866519585,0.024681401503224842,0.015711975378873477,0.014343675972960712,0.013799227601303587,0.01553827136290753
isoTrapezoid,0.007630189682210631,0.025440252277759923,0.025993834189278586,0.028695042809679605,0.0,0.00860377164147541,0.0073537154949909755,0.02336227600197993,0.02384870031419628,0.010555956333732075,0.015726581579166288
kite,0.005701077812016342,0.015224760726319175,0.02102563029591553,0.027311044866519585,0.00860377164147541,2.220446049250313e-16,0.003981495981485117,0.019424527418445803,0.01896433326793978,0.014846655529457076,0.022494037038032988
rightKite,0.0037396176299261397,0.013911405497258444,0.017386847893278268,0.024681401503224842,0.0073537154949909755,0.003981495981485117,0.0,0.01707114823918421,0.016223477101011352,0.008937817252155145,0.020034627350541068
rustedHinge,0.013351436229066871,0.008974013461503061,0.012282033873331155,0.015711975378873477,0.02336227600197993,0.019424527418445803,0.01707114823918421,0.0,0.0012648578347880246,0.014702555921255356,0.01902664105323615
hinge,0.01240044960523079,0.005549585863639073,0.008822793751225522,0.014343675972960712,0.02384870031419628,0.01896433326793978,0.016223477101011352,0.0012648578347880246,0.0,0.013443039832682357,0.019959922279391584
trapezoid,0.00902527401553721,0.014896524231530095,0.012083929936755444,0.013799227601303587,0.010555956333732075,0.014846655529457076,0.008937817252155145,0.014702555921255356,0.013443039832682357,0.0,0.0082143863886327
random,0.018112765958660182,0.02666881407594346,0.022032803147330138,0.01553827136290753,0.015726581579166288,0.022494037038032988,0.020034627350541068,0.01902664105323615,0.019959922279391584,0.0082143863886327,0.0
