,square,rectangle,parallelogram,losange,isoTrapezoid,kite,rightKite,rustedHinge,hinge,trapezoid,random
square,1.1102230246251565e-16,0.0055502083732281715,0.00985020460534236,0.014658109726407353,0.003782930943769691,0.0030189029926115385,0.0021334365453690163,0.006921249327734413,0.00623710195047833,0.004793544952034989,0.009392952014530165
rectangle,0.0055502083732281715,1.1102230246251565e-16,0.004017236196072971,0.009716722935414368,0.012178823885809709,0.007540539492623566,0.006965179854848458,0.005034877758557821,0.0030794861806383578,0.007713858778451432,0.014042139138211285
parallelogram,0.00985020460534236,0.004017236196072971,1.1102230246251565e-16,0.0036998579281349864,0.013845434141011359,0.011773830708786015,0.009705444643789973,0.007064460560554764,0.004979969547264096,0.0062435006110733715,0.01144885148045316
losange,0.014658109726407353,0.009716722935414368,0.0036998579281349864,1.1102230246251565e-16,0.015819932988915375,0.015500724831413404,0.013758549039626367,0.009241950646550423,0.008309315574322795,0.007352428218873164,0.008522805118128307
isoTrapezoid,0.003782930943769691,0.012178823885809709,0.013845434141011359,0.015819932988915375,0.0,0.004246505506577569,0.003602361144520616,0.011865367540321858,0.011881103310590002,0.00527379689629881,0.007637110208874365
kite,0.0030189029926115385,0.007540539492623566,0.011773830708786015,0.015500724831413404,0.004246505506577569,1.1102230246251565e-16,0.002124597443542542,0.010283090634928493,0.009942148429058828,0.008172034899100233,0.012096501248321845
rightKite,0.0021334365453690163,0.006965179854848458,0.009705444643789973,0.013758549039626367,0.003602361144520616,0.002124597443542542,0.0,0.009321937821878401,0.008746005766604892,0.004696623368812269,0.010182642563864697
rustedHinge,0.006921249327734413,0.005034877758557821,0.007064460560554764,0.009241950646550423,0.011865367540321858,0.010283090634928493,0.009321937821878401,1.1102230246251565e-16,0.0007444746994293983,0.008000669399763738,0.010219229321722145
hinge,0.00623710195047833,0.0030794861806383578,0.004979969547264096,0.008309315574322795,0.011881103310590002,0.009942148429058828,0.008746005766604892,0.0007444746994293983,0.0,0.007134378357375404,0.010466158828943417
trapezoid,0.004793544952034989,0.007713858778451432,0.0062435006110733715,0.007352428218873164,0.00527379689629881,0.008172034899100233,0.004696623368812269,0.008000669399763738,0.007134378357375404,0.0,0.0036362980793613886
random,0.009392952014530165,0.014042139138211285,0.01144885148045316,0.008522805118128307,0.007637110208874365,0.012096501248321845,0.010182642563864697,0.010219229321722145,0.010466158828943417,0.0036362980793613886,1.1102230246251565e-16
