,square,rectangle,parallelogram,losange,isoTrapezoid,kite,rightKite,rustedHinge,hinge,trapezoid,random
square,539.3854872355154,609.8884155867873,639.5060934646502,674.6766946155628,587.5965563091622,578.0249006697544,567.6913169889095,620.3311425856392,614.5609643615255,592.6989646358035,633.2639577427722
rectangle,609.8884155867873,548.6243326265397,589.2409606884596,630.525314226415,650.7714158580351,622.7440106065035,618.2378295168535,601.9143426679124,583.7618544751883,623.3162839290451,663.9800341490358
parallelogram,639.5060934646502,589.2409606884596,550.3292692255333,593.7619385156373,667.0031744860311,652.3745053198442,639.2999286947437,618.2324458142307,599.49133841967,621.4562415087654,656.3635194238259
losange,674.6766946155628,630.5253142264149,593.7619385156373,559.0637041184366,680.500003775638,681.9224681001137,669.4672193430141,635.5873170583652,625.2459930237688,630.192272764214,636.4575318145423
isoTrapezoid,587.5965563091622,650.7714158580351,667.0031744860311,680.500003775638,549.2051961387493,594.1086296713756,586.3452756385457,653.9734123073245,652.1518493867719,598.4732070594935,619.303052431739
kite,578.0249006697544,622.7440106065035,652.3745053198442,681.9224681001137,594.1086296713758,551.4900458356755,573.6610872288719,645.379162276909,640.5587989040529,622.4511120442337,654.0220547798812
rightKite,567.6913169889095,618.2378295168534,639.2999286947437,669.4672193430141,586.3452756385456,573.661087228872,545.4408661441813,636.0833560156542,630.3863495472046,594.0066592451528,638.5420544719757
rustedHinge,620.3311425856392,601.9143426679124,618.2324458142307,635.5873170583652,653.9734123073245,645.3791622769089,636.0833560156542,559.6328509029117,569.746148603221,629.5285402590969,647.5106156538637
hinge,614.5609643615255,583.7618544751884,599.49133841967,625.245993023769,652.1518493867719,640.5587989040529,630.3863495472046,569.7461486032211,553.9273123012649,621.4296738580966,645.9023743897291
trapezoid,592.6989646358035,623.3162839290451,621.4562415087654,630.192272764214,598.4732070594935,622.4511120442336,594.0066592451528,629.5285402590969,621.4296738580966,551.1600016318553,595.8231365468664
random,633.2639577427722,663.9800341490358,656.3635194238259,636.4575318145423,619.303052431739,654.0220547798812,638.5420544719757,647.5106156538637,645.9023743897292,595.8231365468664,557.8515502454883
