,square,rectangle,parallelogram,losange,isoTrapezoid,kite,rightKite,rustedHinge,hinge,trapezoid,random
square,1306.3291234758176,1458.7952891109956,1575.5413831355625,1724.0650885069758,1508.1666449239035,1504.5421628126885,1451.9811339437358,1519.8672794134404,1502.016201472114,1495.520550107585,1641.379321796648
rectangle,1458.7952891109956,1319.3754425439386,1478.8319349486594,1668.2272679082178,1644.6304162152128,1583.5283119050252,1549.7086853460914,1506.8944832129228,1457.57082471544,1570.4630310722691,1741.730091500088
parallelogram,1575.5413831355625,1478.8319349486592,1349.7966760815923,1497.1214786528406,1713.636980741162,1713.402452523782,1626.325752625499,1545.0197781373927,1498.1524602944426,1529.177308221681,1663.007311637984
losange,1724.0650885069758,1668.2272679082178,1497.1214786528406,1396.7318483595666,1786.5584448553618,1833.9944875748652,1743.8064770635756,1640.3167426459247,1622.0365395422016,1580.3439186311437,1608.3804367523858
isoTrapezoid,1508.1666449239037,1644.6304162152128,1713.636980741162,1786.5584448553618,1400.8036734161494,1544.1764860909248,1507.73747412412,1675.1250759023415,1670.9098624293506,1539.0054010270296,1611.7275704156777
kite,1504.5421628126885,1583.5283119050252,1713.4024525237817,1833.9944875748652,1544.1764860909248,1418.4102151635436,1484.4239172603586,1674.3885275243615,1663.4556341576508,1651.628686793491,1755.5884476586477
rightKite,1451.9811339437358,1549.7086853460914,1626.3257526254995,1743.8064770635756,1507.73747412412,1484.4239172603586,1382.859006273911,1613.3476926143053,1596.637706448036,1523.7550477671195,1665.0758885851303
rustedHinge,1519.8672794134404,1506.8944832129228,1545.0197781373927,1640.3167426459247,1675.1250759023415,1674.3885275243615,1613.3476926143053,1330.8536565699949,1368.3504746303988,1570.3581376893587,1638.9483304381733
hinge,1502.016201472114,1457.5708247154398,1498.1524602944426,1622.0365395422016,1670.9098624293508,1663.4556341576506,1596.637706448036,1368.3504746303986,1328.7985684841535,1548.8052302541048,1641.543481882454
trapezoid,1495.5205501075848,1570.4630310722691,1529.177308221681,1580.3439186311437,1539.0054010270294,1651.628686793491,1523.7550477671195,1570.3581376893585,1548.8052302541048,1362.4231264408909,1493.32624217457
random,1641.379321796648,1741.730091500088,1663.007311637984,1608.3804367523858,1611.7275704156777,1755.588447658648,1665.0758885851303,1638.9483304381733,1641.543481882454,1493.32624217457,1375.3513712623387
