,square,rectangle,parallelogram,losange,isoTrapezoid,kite,rightKite,rustedHinge,hinge,trapezoid,random
square,1450.2246913002343,1621.407694530446,1754.663401434961,1919.3343430640598,1685.343716720347,1673.971178325449,1627.0892976074279,1707.7931544982625,1691.7677663805607,1680.4327351783063,1854.0067738096009
rectangle,1621.407694530446,1461.7323624203873,1647.757310551388,1860.038299919639,1835.3797973248418,1763.5589000837392,1738.2024258022323,1686.9084637300903,1635.9600561931306,1762.1472165301823,1956.162657348082
parallelogram,1754.663401434961,1647.757310551388,1505.8048174729454,1670.4362686148982,1899.8724802104407,1896.9373084521137,1815.717032889303,1731.2713722291533,1686.57653053246,1714.1917564164341,1871.1674699038015
losange,1919.3343430640598,1860.0382999196386,1670.436268614898,1553.5024769902147,1974.5736378440515,2028.5678819527363,1941.8946237403193,1836.9643239512861,1825.509953629792,1763.4905064469224,1809.9179106610877
isoTrapezoid,1685.343716720347,1835.3797973248422,1899.8724802104407,1974.573637844051,1561.4830938493812,1725.8184306961255,1686.626417171698,1868.1094314704364,1868.8472249267004,1716.989124834639,1810.6811053164383
kite,1673.9711783254493,1763.558900083739,1896.9373084521137,2028.5678819527363,1725.8184306961257,1581.5750281107248,1657.992354774914,1861.3998348371229,1853.028966834659,1841.6251071693316,1967.8316948353026
rightKite,1627.0892976074283,1738.2024258022323,1815.717032889303,1941.8946237403197,1686.626417171698,1657.9923547749138,1548.9100673852317,1804.8878120775353,1791.8577674336536,1710.395749554172,1877.5487077522564
rustedHinge,1707.7931544982625,1686.9084637300903,1731.2713722291533,1836.9643239512861,1868.109431470436,1861.3998348371229,1804.8878120775355,1491.0814014384998,1538.082339002366,1767.6216879928884,1850.4890493494659
hinge,1691.7677663805605,1635.9600561931306,1686.57653053246,1825.509953629792,1868.8472249267004,1853.028966834659,1791.8577674336536,1538.082339002366,1494.45767335402,1750.1386456293583,1858.441360654387
trapezoid,1680.4327351783063,1762.1472165301823,1714.1917564164341,1763.4905064469224,1716.989124834639,1841.6251071693314,1710.3957495541717,1767.6216879928884,1750.1386456293583,1530.3944846227835,1688.0430526727255
random,1854.0067738096013,1956.1626573480817,1871.1674699038015,1809.9179106610877,1810.6811053164383,1967.8316948353026,1877.5487077522564,1850.4890493494659,1858.4413606543867,1688.0430526727255,1564.202815218555
