,square,rectangle,parallelogram,losange,isoTrapezoid,kite,rightKite,rustedHinge,hinge,trapezoid,random
square,1907.3498469450162,2142.6248175186697,2258.459104062316,2411.439905402522,2185.988493626605,2149.2875298488675,2106.56111446813,2212.12262112434,2200.4752615499388,2169.090103593262,2364.882251252083
rectangle,2142.6248175186697,1936.5966012417957,2114.588405478727,2319.521615602579,2362.885941064528,2268.4430995905755,2252.3293307037006,2170.953732406385,2120.4721246152517,2276.9278604356796,2475.0214652897566
parallelogram,2258.459104062316,2114.5884054787275,1947.0924485667967,2120.3363592747487,2406.8212673160524,2382.409275644399,2310.4217693987075,2223.516453125465,2179.2687467899405,2208.696445002965,2377.2311059236126
losange,2411.439905402522,2319.521615602579,2120.336359274749,1969.3408875411396,2449.2816153501494,2504.376551796421,2423.9889786004246,2328.890476843333,2317.063734611855,2228.9394157241427,2270.385019349733
isoTrapezoid,2185.988493626605,2362.885941064528,2406.8212673160524,2449.281615350149,2049.595231671597,2235.3480999784088,2200.8594547876646,2381.614255021893,2388.221236525406,2208.436926824931,2303.864214221947
kite,2149.2875298488675,2268.4430995905755,2382.409275644399,2504.376551796421,2235.3480999784088,2050.8168190542506,2148.749515538233,2347.938024217912,2347.590496939351,2342.4032386285676,2488.185232894991
rightKite,2106.56111446813,2252.3293307037006,2310.4217693987075,2423.9889786004246,2200.859454787664,2148.749515538233,2032.8145334924482,2307.9524136653445,2302.997876336818,2203.088146524616,2392.4133078464824
rustedHinge,2212.12262112434,2170.953732406385,2223.5164531254654,2328.890476843333,2381.6142550218933,2347.938024217912,2307.9524136653445,1970.4681250747972,2031.7643789495046,2295.2184332364736,2392.690579193538
hinge,2200.4752615499388,2120.4721246152512,2179.2687467899405,2317.063734611855,2388.221236525406,2347.590496939351,2302.997876336818,2031.7643789495046,1985.3132498836408,2280.469908618331,2403.588809513477
trapezoid,2169.090103593262,2276.9278604356796,2208.696445002965,2228.9394157241427,2208.436926824931,2342.4032386285676,2203.088146524616,2295.218433236473,2280.4699086183305,1982.3896296452501,2162.2974826898057
random,2364.8822512520824,2475.0214652897566,2377.231105923613,2270.385019349733,2303.864214221947,2488.185232894991,2392.413307846482,2392.690579193538,2403.5888095134765,2162.2974826898053,2011.252797437628
