,square,rectangle,parallelogram,losange,isoTrapezoid,kite,rightKite,rustedHinge,hinge,trapezoid,random
square,519.2736698847308,586.1025309428004,614.5524336141752,648.622298810493,565.09230898776,555.3023873326795,545.9725066132225,596.4816343162366,591.0826185580083,570.5593398996159,609.693430072232
rectangle,586.1025309428004,527.5454643423755,566.9219515775301,606.6566329117632,624.9760164613226,597.4210633014428,593.6933159564943,578.6938176093182,561.4627025048121,599.689430442096,638.4477795380761
parallelogram,614.5524336141751,566.9219515775302,530.9464405574524,573.128315027988,640.4997836110883,625.9318625154378,613.879169572676,594.8845006948077,577.0350275994659,598.5934516406529,631.732813573658
losange,648.622298810493,606.6566329117632,573.128315027988,540.3240453633912,653.8180517510079,654.6169675038705,643.2651570744463,611.4699789225776,601.7087522872426,607.5239395023016,612.8761512422881
isoTrapezoid,565.09230898776,624.9760164613226,640.4997836110883,653.8180517510077,529.0045033929092,571.192569492094,564.0340830600678,628.4693014253207,626.7246284019556,576.1807343336377,596.8101327672223
kite,555.3023873326796,597.4210633014428,625.9318625154378,654.6169675038705,571.192569492094,529.7713269609151,551.197749421647,619.6502815577436,614.9752355828557,598.229407744768,628.9321531190117
rightKite,545.9725066132225,593.6933159564944,613.879169572676,643.2651570744462,564.0340830600678,551.1977494216469,524.8038753756271,611.3224229386532,605.8064453712987,571.7582673843543,614.7944859668029
rustedHinge,596.4816343162366,578.6938176093182,594.8845006948077,611.4699789225776,628.4693014253206,619.6502815577437,611.3224229386533,539.1849941233738,548.734825323809,605.9955436305713,623.2457179820294
hinge,591.0826185580083,561.4627025048121,577.0350275994659,601.7087522872425,626.7246284019556,614.9752355828557,605.8064453712987,548.734825323809,533.607152091005,598.3521331151957,621.7302728056769
trapezoid,570.5593398996158,599.689430442096,598.5934516406529,607.5239395023016,576.1807343336377,598.229407744768,571.7582673843543,605.9955436305712,598.3521331151957,531.872570015866,574.953867777417
random,609.693430072232,638.4477795380761,631.7328135736578,612.876151242288,596.8101327672224,628.9321531190117,614.7944859668029,623.2457179820294,621.7302728056768,574.953867777417,538.8102369969571
