,square,rectangle,parallelogram,losange,isoTrapezoid,kite,rightKite,rustedHinge,hinge,trapezoid,random
square,1420.2300334308607,1588.306832020655,1720.886003737383,1885.0039595575747,1650.475538364393,1639.9720291553142,1595.1923887321373,1674.2780682716348,1658.0911864890293,1646.8528498609926,1814.5955930062516
rectangle,1588.306832020655,1433.8269734045998,1616.3080163981458,1827.150623560978,1800.7009648410497,1728.9181709596464,1704.42058525907,1655.4690042783113,1605.249526719073,1727.8663972470483,1918.2771588676303
parallelogram,1720.886003737383,1616.3080163981458,1476.9017370563265,1640.8220205519503,1868.519708264686,1864.0300246262398,1784.025226739008,1700.7750685444528,1655.5914490486823,1682.8424528134074,1836.1686489137226
losange,1885.0039595575747,1827.150623560978,1640.8220205519508,1528.2929485414236,1945.8681333530442,1996.326710900672,1910.9766631174816,1806.5923429586865,1793.6748034713653,1734.2501718970054,1778.9174471389003
isoTrapezoid,1650.475538364393,1800.7009648410499,1868.519708264686,1945.8681333530442,1530.5575183567935,1690.905419626897,1653.5679116469635,1835.996348312891,1836.4158300263405,1686.100062030303,1777.0744241494742
kite,1639.9720291553142,1728.918170959646,1864.0300246262398,1996.326710900672,1690.905419626897,1547.1883313658307,1623.8909022496578,1829.0153270073524,1819.8850675100296,1807.4620474495764,1928.8534247867
rightKite,1595.1923887321373,1704.42058525907,1784.025226739008,1910.9766631174816,1653.5679116469635,1623.8909022496573,1516.7986197487082,1773.1873717002102,1759.5967030409772,1678.625521395058,1840.66484083939
rustedHinge,1674.2780682716345,1655.4690042783116,1700.7750685444528,1806.5923429586865,1835.9963483128906,1829.0153270073524,1773.18737170021,1463.4111728644602,1509.2352911886628,1734.8123501859732,1814.4334796168748
hinge,1658.0911864890293,1605.249526719073,1655.5914490486823,1793.6748034713653,1836.4158300263405,1819.885067510029,1759.5967030409772,1509.2352911886633,1466.1618372702633,1716.8342798682893,1821.2536412111467
trapezoid,1646.8528498609928,1727.8663972470483,1682.8424528134074,1734.2501718970054,1686.100062030303,1807.4620474495764,1678.625521395058,1734.8123501859736,1716.8342798682893,1501.7746669164046,1655.1373270264048
random,1814.5955930062516,1918.2771588676303,1836.1686489137226,1778.9174471389003,1777.074424149474,1928.8534247867003,1840.66484083939,1814.4334796168748,1821.2536412111467,1655.1373270264048,1531.6168815195858
