,square,rectangle,parallelogram,losange,isoTrapezoid,kite,rightKite,rustedHinge,hinge,trapezoid,random
square,1114.9048022656082,1243.707431828401,1326.4613297031474,1460.5892054650665,1295.330579118164,1289.4127790397051,1226.6531408216144,1267.085697740854,1252.3302375389592,1259.4529672375086,1387.3780116212022
rectangle,1243.707431828401,1133.582064807402,1256.8508833674302,1428.7416730407133,1413.1985952213886,1361.809226563671,1316.092252806446,1268.5474503226517,1225.105817466476,1333.0055617726382,1490.134767409624
parallelogram,1326.4613297031474,1256.8508833674305,1134.9125755649777,1265.2588438213472,1469.3549081212204,1474.666396357283,1379.939250878682,1282.7469532032235,1241.9649655853132,1282.9550755902924,1402.110769388844
losange,1460.5892054650665,1428.741673040713,1265.2588438213472,1180.8651214670915,1537.863543019672,1585.158885926435,1491.097267189607,1371.7054324380476,1357.9814745400477,1336.2443877446242,1351.9132284344266
isoTrapezoid,1295.330579118164,1413.1985952213886,1469.3549081212204,1537.8635430196719,1215.037172649728,1329.3438101664776,1295.4563626198988,1425.88998586809,1421.9293312039388,1323.2465148370961,1380.6844014152198
kite,1289.4127790397051,1361.8092265636708,1474.666396357283,1585.158885926435,1329.3438101664776,1227.5467939876494,1278.594323149279,1429.2558700612587,1423.2754565911032,1421.1449681109843,1513.1320427424298
rightKite,1226.6531408216144,1316.092252806446,1379.939250878682,1491.097267189607,1295.4563626198988,1278.5943231492788,1185.5447685629306,1360.0767339813694,1346.483544419718,1297.0430161640832,1423.217376379793
rustedHinge,1267.085697740854,1268.5474503226517,1282.7469532032235,1371.7054324380472,1425.88998586809,1429.2558700612587,1360.0767339813694,1107.173667869117,1137.3964971236915,1307.038384663998,1375.9956733600593
hinge,1252.3302375389592,1225.105817466476,1241.9649655853132,1357.9814745400477,1421.9293312039388,1423.2754565911032,1346.4835444197183,1137.3964971236915,1107.8504630879465,1287.8776938644442,1382.3703577725405
trapezoid,1259.4529672375086,1333.0055617726382,1282.9550755902924,1336.2443877446242,1323.2465148370961,1421.144968110984,1297.0430161640832,1307.0383846639977,1287.877693864444,1151.6134337692063,1261.4904811533208
random,1387.3780116212022,1490.134767409624,1402.110769388844,1351.9132284344266,1380.68440141522,1513.1320427424298,1423.217376379793,1375.9956733600593,1382.3703577725405,1261.4904811533208,1157.9125000089484
