,square,rectangle,parallelogram,losange,isoTrapezoid,kite,rightKite,rustedHinge,hinge,trapezoid,random
square,1508.5027029761338,1690.356783983749,1814.3884541181435,1971.8137612777634,1752.8559203671887,1735.3035591532876,1688.6985670738554,1768.4266632350584,1753.6748188653426,1741.92052691835,1918.894136242795
rectangle,1690.356783983749,1520.6238206988367,1698.6595948297022,1905.690110824149,1904.8518556587737,1829.1925643477057,1805.5332552755463,1743.1069019378779,1692.5772132549844,1826.7646641577705,2019.8800601780013
parallelogram,1814.3884541181435,1698.6595948297022,1556.3667980415994,1721.1765336994597,1962.8120378958206,1954.0493578370406,1875.3118427323452,1786.153881404604,1741.9632343888306,1776.1044099247927,1934.1532598916538
losange,1971.8137612777634,1905.6901108241489,1721.1765336994597,1603.0041989719205,2027.3133954255213,2079.2911948611923,1994.2462902026266,1889.299598731812,1877.7720923516015,1818.8645272747863,1863.921381104813
isoTrapezoid,1752.855920367189,1904.8518556587737,1962.8120378958206,2027.3133954255213,1633.7471313122228,1796.5049319398884,1759.3345037556737,1933.7101118270452,1935.529435166367,1784.4120862277166,1877.6329787606453
kite,1735.3035591532876,1829.1925643477057,1954.0493578370408,2079.2911948611927,1796.504931939888,1646.4036729948273,1725.862628237395,1919.8442961318565,1913.8293574463635,1906.909450509461,2036.933949785683
rightKite,1688.6985670738554,1805.5332552755463,1875.3118427323452,1994.2462902026261,1759.3345037556737,1725.8626282373946,1617.7535307952003,1867.7648096923713,1856.7867340871703,1775.3012828349702,1945.8206770081276
rustedHinge,1768.4266632350584,1743.1069019378779,1786.1538814046041,1889.299598731812,1933.7101118270452,1919.8442961318565,1867.7648096923713,1552.4349232527975,1601.3212876300174,1835.160738482065,1922.4903240348713
hinge,1753.6748188653423,1692.5772132549844,1741.9632343888306,1877.7720923516022,1935.529435166367,1913.8293574463635,1856.7867340871703,1601.3212876300174,1558.3426890571125,1817.8293941241286,1930.5695709794506
trapezoid,1741.92052691835,1826.7646641577705,1776.1044099247924,1818.8645272747863,1784.4120862277166,1906.909450509461,1775.3012828349695,1835.1607384820645,1817.8293941241286,1591.350002396243,1751.3541757433316
random,1918.894136242795,2019.880060178001,1934.1532598916538,1863.921381104813,1877.6329787606453,2036.933949785683,1945.8206770081274,1922.4903240348713,1930.5695709794506,1751.3541757433316,1624.6812051497116
