,square,rectangle,parallelogram,losange,isoTrapezoid,kite,rightKite,rustedHinge,hinge,trapezoid,random
square,1167.0349742121014,1301.982178345711,1395.090706170058,1533.417830785685,1356.548203771246,1351.0787389374577,1291.4911400664732,1335.8279786335015,1320.3520465386807,1327.6180623639373,1459.224234403212
rectangle,1301.982178345711,1184.586261923744,1319.202872542241,1496.3865958215208,1479.008896677916,1425.4710808226366,1382.6150861094147,1333.952623854837,1289.4904286157373,1401.3010114066542,1561.5257061236262
parallelogram,1395.090706170058,1319.202872542241,1194.962848026619,1330.1219259481884,1538.7330445742525,1542.4369595010894,1449.1177785233924,1355.8691014341694,1313.6941394258843,1353.1917328413022,1475.9687302755044
losange,1533.4178307856848,1496.3865958215208,1330.1219259481884,1240.3690249242095,1607.6165839572266,1654.8933289196686,1560.9463356822735,1446.5411089624386,1431.5490392341874,1404.1204630494653,1422.8816685705456
isoTrapezoid,1356.548203771246,1479.008896677916,1538.7330445742525,1607.6165839572268,1267.945916486003,1389.4915352177793,1354.7363934648845,1495.4421144343485,1491.5468807900443,1384.6762008390886,1445.5486876159073
kite,1351.0787389374577,1425.4710808226366,1542.4369595010894,1654.893328919669,1389.4915352177793,1281.208193716556,1335.7729002251685,1496.5958508897927,1489.7812415696924,1485.9659484862138,1579.8632539566747
rightKite,1291.4911400664732,1382.6150861094147,1449.1177785233924,1560.9463356822737,1354.7363934648845,1335.7729002251683,1239.3016133941287,1429.3619866933711,1415.4491814360993,1359.5982789774487,1489.0494011196697
rustedHinge,1335.8279786335015,1333.952623854837,1355.8691014341694,1446.5411089624388,1495.4421144343485,1496.5958508897927,1429.3619866933711,1167.069275396565,1199.3217637029209,1380.900115343142,1448.460183775554
hinge,1320.3520465386807,1289.490428615737,1313.6941394258843,1431.5490392341871,1491.5468807900443,1489.7812415696924,1415.4491814360993,1199.3217637029209,1167.2580161116748,1361.3988193903333,1453.551101665987
trapezoid,1327.6180623639373,1401.3010114066542,1353.191732841302,1404.1204630494651,1384.6762008390888,1485.9659484862136,1359.598278977449,1380.900115343142,1361.3988193903335,1210.4568787997855,1325.8117794934647
random,1459.224234403212,1561.5257061236262,1475.9687302755044,1422.8816685705456,1445.5486876159073,1579.863253956675,1489.0494011196697,1448.460183775554,1453.5511016659873,1325.8117794934647,1215.9390484358382
