,square,rectangle,parallelogram,losange,isoTrapezoid,kite,rightKite,rustedHinge,hinge,trapezoid,random
square,32.56471453280372,36.38975522482754,38.84453273301236,41.12284994246162,36.423037298027246,35.89796063375728,35.67030749132523,38.223224768306956,37.86019114720424,36.968677171335685,39.8939433283195
rectangle,36.38975522482754,32.871805499458695,36.281200056693265,39.401356778703004,39.45299683514018,37.83690241104637,37.97355317380226,37.23075470003679,36.274932705030146,38.503520341156296,41.384036470425364
parallelogram,38.84453273301236,36.281200056693265,33.62737311400155,36.321859081983646,40.21177587969643,39.70130538199122,39.01810319890992,38.437717906510265,37.572189308834325,37.774880412599096,40.23257797031708
losange,41.12284994246162,39.401356778703,36.321859081983646,33.67872585308775,40.809765053696665,41.419274454589356,40.55961953143673,39.81278695797858,39.49383175193706,37.86625223022536,38.74770905855818
isoTrapezoid,36.423037298027246,39.45299683514018,40.21177587969643,40.809765053696665,33.396222636772514,36.720749967122465,36.14431531224499,39.937828717618736,39.90260780181831,36.41876658680356,38.068470270320425
kite,35.89796063375728,37.83690241104637,39.701305381991226,41.41927445458936,36.720749967122465,33.75982407842996,35.407925934252475,39.388425192829054,39.11636331483474,38.50534519074829,40.62347875257653
rightKite,35.67030749132523,37.97355317380226,39.01810319890992,40.55961953143673,36.14431531224499,35.40792593425247,33.584699274368994,39.125496804692496,38.855208364173755,36.680342202779535,39.55129244714586
rustedHinge,38.223224768306956,37.23075470003678,38.437717906510265,39.81278695797858,39.937828717618736,39.388425192829054,39.125496804692496,33.776664458506474,34.729362380553226,39.11369882428203,40.292156012103895
hinge,37.86019114720424,36.274932705030146,37.572189308834325,39.49383175193706,39.90260780181831,39.11636331483474,38.855208364173755,34.72936238055323,33.7397439587973,38.78616250536222,40.28234640586341
trapezoid,36.968677171335685,38.503520341156296,37.774880412599096,37.86625223022535,36.41876658680356,38.50534519074829,36.68034220277953,39.11369882428203,38.78616250536222,33.451126988325996,36.413532351097864
random,39.893943328319494,41.384036470425364,40.23257797031709,38.74770905855818,38.068470270320425,40.62347875257653,39.55129244714586,40.292156012103895,40.28234640586341,36.413532351097864,33.998277046507575
