,square,rectangle,parallelogram,losange,isoTrapezoid,kite,rightKite,rustedHinge,hinge,trapezoid,random
square,1071.3976373218889,1194.1732875755315,1268.2851307440167,1397.9501973866973,1244.78257373045,1239.5295397803081,1175.57092505004,1210.4970345854556,1195.885671137044,1204.2146430685823,1326.7999897424097
rectangle,1194.1732875755315,1090.149506746957,1202.7184553590077,1368.723761840465,1357.652311743079,1309.2458792942864,1261.975246579671,1213.2923060376602,1170.974477569946,1275.919818844687,1427.968212587939
parallelogram,1268.2851307440167,1202.7184553590077,1083.9716521650378,1210.7585861781258,1411.206592263647,1417.7989337872839,1323.292756318631,1223.0621600253144,1183.2720768551317,1225.4788397055916,1340.5408694002624
losange,1397.9501973866973,1368.7237618404652,1210.7585861781258,1131.2656038363232,1478.8088627764246,1525.5790067139185,1432.864479778334,1310.8845624407265,1297.4474604179004,1279.25041813766,1292.478065901207
isoTrapezoid,1244.78257373045,1357.652311743079,1411.2065922636473,1478.8088627764243,1172.7317980730331,1280.1051577477642,1247.772993310498,1370.0686710320601,1365.6252161296047,1272.9956706932664,1327.4042360584542
kite,1239.5295397803081,1309.2458792942864,1417.7989337872839,1525.5790067139185,1280.1051577477642,1183.2123111397057,1231.8071612932506,1374.592238387177,1368.9279900494596,1367.2930262470315,1456.0276768744015
rightKite,1175.57092505004,1261.975246579671,1323.292756318631,1432.864479778334,1247.7729933104981,1231.8071612932504,1141.786570118218,1305.2380065498796,1291.6205876698236,1245.7741651704584,1367.9365244416738
rustedHinge,1210.4970345854556,1213.29230603766,1223.0621600253144,1310.8845624407268,1370.0686710320601,1374.592238387177,1305.2380065498796,1058.845209481316,1086.5758208521756,1248.5938779676273,1316.5106594038489
hinge,1195.8856711370438,1170.974477569946,1183.2720768551317,1297.4474604179006,1365.625216129605,1368.9279900494596,1291.6205876698236,1086.5758208521756,1058.1689322911984,1229.302846957543,1322.518413666105
trapezoid,1204.2146430685823,1275.919818844687,1225.4788397055916,1279.25041813766,1272.9956706932662,1367.2930262470315,1245.7741651704584,1248.5938779676271,1229.302846957543,1102.7031793258873,1207.842063049467
random,1326.7999897424097,1427.968212587939,1340.5408694002624,1292.478065901207,1327.4042360584544,1456.0276768744015,1367.9365244416738,1316.5106594038489,1322.518413666105,1207.842063049467,1107.493834832152
