,square,rectangle,parallelogram,losange,isoTrapezoid,kite,rightKite,rustedHinge,hinge,trapezoid,random
square,1193.637476797306,1330.9717545300498,1429.7872306319068,1570.029544580629,1385.6558773110432,1381.397329434259,1323.6546489759412,1371.4973695894155,1356.0901887201064,1360.420116463961,1493.7116734257625
rectangle,1330.9717545300498,1209.1733640121015,1349.3339488131228,1528.2641536350325,1509.7822535088244,1455.7031396601074,1415.1007954085817,1367.043812501155,1322.3862696005497,1433.4415448879558,1594.8231946645535
parallelogram,1429.7872306319068,1349.3339488131228,1225.2258495768401,1362.5229127762525,1572.4141857617478,1576.1134112194684,1484.602103428563,1392.9559604268777,1350.779584337415,1388.0224318253127,1512.0320598777955
losange,1570.029544580629,1528.2641536350325,1362.5229127762525,1270.771627700568,1642.4658042289554,1690.1776232798231,1597.6793456259807,1483.9799653319926,1469.1189442212253,1439.5244335428029,1459.3281933298754
isoTrapezoid,1385.6558773110432,1509.7822535088244,1572.4141857617476,1642.4658042289554,1293.5879484604563,1420.2337625356702,1385.4065519904232,1530.3210161495317,1526.8978608854113,1414.8929967460363,1477.4040165257522
kite,1381.397329434259,1455.7031396601076,1576.1134112194684,1690.1776232798231,1420.2337625356704,1308.940173459,1365.9636441810487,1531.2418821184715,1523.9751061730792,1518.8530619162102,1613.4496293246134
rightKite,1323.6546489759412,1415.1007954085815,1484.602103428563,1597.679345625981,1385.4065519904232,1365.9636441810487,1268.6553561052733,1465.5447209997646,1451.5718539949332,1392.6215650957204,1523.03717000612
rustedHinge,1371.4973695894155,1367.0438125011547,1392.9559604268777,1483.9799653319926,1530.3210161495315,1531.2418821184715,1465.5447209997646,1199.3326126075704,1232.9428684718316,1418.2084104365942,1484.5437661951855
hinge,1356.0901887201064,1322.38626960055,1350.7795843374147,1469.1189442212253,1526.8978608854113,1523.975106173079,1451.5718539949332,1232.9428684718316,1199.6205718268302,1399.0097971709215,1489.5137401072873
trapezoid,1360.420116463961,1433.441544887956,1388.0224318253127,1439.5244335428029,1414.8929967460363,1518.8530619162102,1392.6215650957204,1418.208410436594,1399.0097971709213,1240.7884263643637,1358.707864378397
random,1493.7116734257625,1594.8231946645537,1512.0320598777955,1459.3281933298751,1477.404016525752,1613.4496293246134,1523.03717000612,1484.5437661951855,1489.5137401072873,1358.707864378397,1246.326061457093
