,square,rectangle,parallelogram,losange,isoTrapezoid,kite,rightKite,rustedHinge,hinge,trapezoid,random
square,1028.7349806637533,1145.5160347443746,1212.5189483323197,1339.6077288989704,1195.224739138699,1192.6029499657911,1126.9886179750256,1155.9120745481432,1142.2366198907714,1151.220525301501,1269.4343022043465
rectangle,1145.5160347443746,1047.9046387991,1152.2212254825417,1314.3235174572999,1302.8763964528748,1258.9642445796262,1209.619888584566,1161.222805435991,1120.9850834106676,1221.0874647495807,1369.4145762342307
parallelogram,1212.5189483323197,1152.2212254825417,1035.2529581808956,1158.3099944909684,1353.8697442513662,1362.8188873704833,1267.4618632457903,1163.7715966422534,1126.37292155084,1169.174821677313,1280.9554358976732
losange,1339.6077288989707,1314.3235174572997,1158.3099944909686,1082.6980136613538,1421.4069807210913,1468.1452536981185,1375.6538882742343,1249.8506159679025,1238.072320334461,1224.1773244022552,1234.8300614131415
isoTrapezoid,1195.2247391386989,1302.8763964528748,1353.8697442513662,1421.4069807210913,1128.284555353203,1230.1554860780773,1198.12657841502,1312.1447717742983,1308.040986462413,1222.249199272734,1274.258121725353
kite,1192.6029499657911,1258.9642445796262,1362.8188873704835,1468.1452536981185,1230.1554860780773,1139.5008747764757,1184.5604154440375,1319.3195599440596,1314.6653331875996,1313.7311239436071,1398.8364627276198
rightKite,1126.9886179750256,1209.6198885845663,1267.4618632457903,1375.6538882742343,1198.12657841502,1184.5604154440373,1096.5800688277693,1247.6185206710595,1234.9121179208514,1193.9816741812497,1311.582698243756
rustedHinge,1155.9120745481432,1161.222805435991,1163.7715966422534,1249.8506159679025,1312.1447717742983,1319.3195599440598,1247.6185206710595,1009.706181790237,1036.0328234086714,1187.78949658017,1254.66735736132
hinge,1142.2366198907714,1120.9850834106676,1126.3729215508397,1238.072320334461,1308.0409864624132,1314.6653331875998,1234.9121179208514,1036.0328234086714,1009.3148782676134,1169.370935243339,1261.1735476889128
trapezoid,1151.220525301501,1221.0874647495807,1169.174821677313,1224.1773244022552,1222.249199272734,1313.731123943607,1193.9816741812497,1187.78949658017,1169.370935243339,1054.383297462527,1154.9766471243242
random,1269.4343022043465,1369.4145762342305,1280.9554358976734,1234.8300614131415,1274.2581217253528,1398.83646272762,1311.582698243756,1254.6673573613202,1261.1735476889128,1154.9766471243242,1057.454763297344
