,square,rectangle,parallelogram,losange,isoTrapezoid,kite,rightKite,rustedHinge,hinge,trapezoid,random
square,1350.1669147098896,1509.3961416241675,1630.4598060345706,1781.1662441754609,1558.0004306760611,1552.9051538045987,1502.04503318158,1576.7494930753367,1559.6211731598976,1548.9814793545413,1700.2093451833755
rectangle,1509.3961416241675,1363.7310043549392,1529.7879682337273,1722.779392430068,1700.270902484119,1636.0815845634595,1604.8206340407091,1561.4968469369205,1511.651090343974,1626.594758426674,1801.8478486652093
parallelogram,1630.4598060345706,1529.7879682337273,1396.010570363641,1546.3455534031277,1769.2485227676727,1766.7596568986285,1681.8770684188987,1602.3984527239481,1554.9232830247988,1584.261840967449,1722.209027669279
losange,1781.1662441754609,1722.779392430068,1546.3455534031277,1440.0974573311155,1841.4527994071007,1888.8538688597862,1800.2464678299104,1698.6111100557957,1680.5896062012575,1633.406867871471,1664.471331925275
isoTrapezoid,1558.0004306760613,1700.270902484119,1769.2485227676727,1841.4527994071009,1445.1408362276018,1594.0959670122977,1557.2662487636812,1733.0173099974118,1730.0806695215747,1589.7938309887084,1666.6655726356491
kite,1552.9051538045987,1636.0815845634595,1766.7596568986285,1888.8538688597866,1594.0959670122977,1462.862879770136,1532.367488013292,1729.6500996689967,1719.2023093805603,1705.245845337069,1812.736628091237
rightKite,1502.0450331815798,1604.820634040709,1681.8770684188985,1800.246467829911,1557.2662487636815,1532.367488013292,1428.254407962164,1670.2743589399752,1654.2953871249701,1576.277896792198,1722.7461873173079
rustedHinge,1576.7494930753367,1561.4968469369205,1602.3984527239481,1698.6111100557955,1733.0173099974118,1729.6500996689967,1670.2743589399752,1380.592184587649,1420.8726975672912,1629.6205853600743,1699.9741197791775
hinge,1559.6211731598974,1511.6510903439737,1554.9232830247988,1680.5896062012578,1730.0806695215745,1719.2023093805603,1654.2953871249701,1420.8726975672914,1380.0228606772446,1608.7322876781234,1703.5438288262212
trapezoid,1548.9814793545413,1626.5947584266735,1584.261840967449,1633.4068678714714,1589.7938309887084,1705.245845337069,1576.2778967921981,1629.6205853600743,1608.7322876781234,1410.8015825687228,1547.7277309570716
random,1700.2093451833755,1801.8478486652093,1722.2090276692793,1664.471331925275,1666.6655726356487,1812.7366280912365,1722.7461873173079,1699.9741197791775,1703.5438288262212,1547.7277309570718,1426.3491659379974
