,square,rectangle,parallelogram,losange,isoTrapezoid,kite,rightKite,rustedHinge,hinge,trapezoid,random
square,1399.1586334350275,1563.5792774853123,1692.4676294935362,1853.2624479419621,1620.4497553369636,1613.7824344890291,1567.7925309384739,1647.3797488445634,1630.992073816488,1615.7485952409015,1778.0087112100107
rectangle,1563.5792774853123,1412.3127519447737,1590.0098385457663,1795.8918643478914,1767.4447927121507,1699.7450139778798,1673.9109910122272,1629.610963149579,1579.5532017579146,1695.3332118004341,1881.0327490936986
parallelogram,1692.4676294935364,1590.0098385457663,1451.02684903955,1610.5219442883376,1834.775512542573,1832.9070825571316,1752.0114659471983,1672.9783394058943,1627.5876817656128,1650.0527436923685,1798.350976593507
losange,1853.2624479419624,1795.8918643478914,1610.5219442883372,1499.8653171425146,1911.6865880341386,1962.7814384911808,1876.9429610217253,1776.1854106522508,1762.4474081679352,1701.9717996107474,1742.291410928669
isoTrapezoid,1620.4497553369636,1767.4447927121507,1834.775512542573,1911.6865880341386,1500.7401034968027,1659.1273562430654,1622.3105765229973,1804.8545437067216,1804.80667569023,1653.4671918273987,1740.2617700728276
kite,1613.7824344890294,1699.7450139778796,1832.9070825571316,1962.7814384911808,1659.1273562430654,1520.3052030593856,1595.2841637600252,1800.3688577240082,1790.8750288398276,1774.1513613223606,1891.0572605487262
rightKite,1567.7925309384739,1673.9109910122272,1752.0114659471983,1876.9429610217253,1622.3105765229973,1595.2841637600252,1489.3902174509699,1743.832178240855,1729.7787607851558,1645.771863252244,1802.261037607466
rustedHinge,1647.3797488445634,1629.610963149579,1672.9783394058945,1776.1854106522508,1804.8545437067219,1800.368857724008,1743.832178240855,1441.5335347417592,1485.9932276340135,1703.537357841175,1779.3165177041226
hinge,1630.992073816488,1579.5532017579146,1627.587681765613,1762.4474081679357,1804.80667569023,1790.8750288398276,1729.7787607851558,1485.9932276340132,1443.2386678580542,1685.1145618245448,1785.391441334219
trapezoid,1615.748595240902,1695.3332118004341,1650.0527436923685,1701.9717996107474,1653.4671918273987,1774.1513613223606,1645.771863252244,1703.5373578411745,1685.1145618245448,1471.717203019664,1619.465855680549
random,1778.0087112100107,1881.0327490936988,1798.350976593507,1742.291410928669,1740.2617700728276,1891.0572605487262,1802.2610376074663,1779.316517704123,1785.3914413342193,1619.465855680549,1497.3485337849966
