,square,rectangle,parallelogram,losange,isoTrapezoid,kite,rightKite,rustedHinge,hinge,trapezoid,random
square,469.05334115342333,525.6038854035751,553.7479610561861,581.2958825723363,507.03352519031364,497.6941292028456,491.4299323187121,532.9806306811373,529.9513140717581,513.8547595099265,547.9015167942274
rectangle,525.6038854035751,476.5704231216958,511.86178127709303,544.7163523010103,560.3388143708705,534.7131810884594,533.0687484053428,518.3356771302351,505.14430948713544,538.7423167417677,573.4772986745743
parallelogram,553.7479610561861,511.86178127709303,490.2750122238581,524.0033562141613,578.118745942174,562.7386241711895,555.0871191278266,535.3179780635228,521.7079266808173,544.7411323562404,573.3330282115113
losange,581.2958825723363,544.7163523010101,524.0033562141613,499.6221155375612,588.5996416509,586.6229372263982,579.4101689127787,549.5028911067577,541.6046765937022,552.1772334400392,557.8264201477588
isoTrapezoid,507.0335251903135,560.3388143708706,578.1187459421739,588.5996416509,479.77938167082743,513.1344961604624,508.88342015382335,560.990850386847,561.4153647715751,520.5718267956287,539.9579750336306
kite,497.6941292028457,534.7131810884594,562.7386241711895,586.6229372263981,513.1344961604623,477.9884703632412,496.5296492010226,553.0846660741041,550.0557570369817,536.044373550278,564.1217835072348
rightKite,491.4299323187121,533.0687484053428,555.0871191278266,579.4101689127785,508.88342015382335,496.5296492010226,477.2733393418901,546.7716073375266,543.4057247977405,517.2255586981039,554.9333185238135
rustedHinge,532.9806306811372,518.3356771302351,535.3179780635228,549.5028911067577,560.990850386847,553.084666074104,546.7716073375265,488.6168264888454,496.5494273290301,542.6916565293164,560.1210153860304
hinge,529.9513140717581,505.14430948713544,521.7079266808173,541.6046765937022,561.4153647715751,550.0557570369816,543.4057247977405,496.5494273290301,484.52125356754067,537.528332020506,559.676905486955
trapezoid,513.8547595099265,538.7423167417678,544.7411323562404,552.1772334400392,520.5718267956287,536.0443735502779,517.2255586981039,542.6916565293164,537.528332020506,486.8408745968336,524.7436495882655
random,547.9015167942274,573.4772986745743,573.3330282115113,557.826420147759,539.9579750336305,564.1217835072348,554.9333185238136,560.1210153860304,559.676905486955,524.7436495882655,496.09087019829354
