,square,rectangle,parallelogram,losange,isoTrapezoid,kite,rightKite,rustedHinge,hinge,trapezoid,random
square,1131.5841390723122,1262.7350596924525,1349.474628881917,1484.9907748045973,1316.2297603412676,1310.9802025187528,1249.24158245815,1290.1049527328194,1275.207610927038,1282.7499482644253,1410.9038683274543
rectangle,1262.7350596924525,1149.7831286085318,1277.8426354794046,1451.7711049328816,1435.6862624863754,1383.6526798763832,1338.9767054002668,1290.7001966759506,1247.0610728907852,1356.5556831580886,1513.4483656402647
parallelogram,1349.474628881917,1277.8426354794046,1156.151376638385,1289.0221225885577,1493.6002691548802,1497.7700287891112,1403.5969033568704,1307.9778365935924,1266.8067016478549,1308.554958641814,1427.7735318180476
losange,1484.9907748045973,1451.7711049328816,1289.0221225885577,1203.0663897759484,1562.1892970585604,1608.7258383063004,1514.8847754150295,1397.0831105874051,1382.9492754296703,1361.1941346096075,1377.090641271784
isoTrapezoid,1316.2297603412676,1435.6862624863754,1493.6002691548802,1562.1892970585602,1234.283123075063,1350.9243977100166,1316.7089300499063,1449.0131471593354,1445.024728588456,1345.1790313792576,1402.8063800767231
kite,1310.9802025187528,1383.6526798763834,1497.7700287891112,1608.7258383063004,1350.9243977100166,1246.5459857987685,1298.4579534686789,1451.4833690744435,1444.9920874337047,1443.6037046287456,1534.8154656742267
rightKite,1249.24158245815,1338.9767054002668,1403.5969033568704,1514.8847754150295,1316.7089300499065,1298.4579534686789,1203.8082159165483,1382.875936073576,1368.9092702857135,1318.7301071980048,1444.7305387126344
rustedHinge,1290.1049527328194,1290.7001966759506,1307.9778365935924,1397.0831105874051,1449.0131471593354,1451.4833690744435,1382.875936073576,1126.3230733655028,1157.3396142386116,1332.6371363036833,1399.1984148769773
hinge,1275.2076109270379,1247.0610728907855,1266.806701647855,1382.9492754296703,1445.024728588456,1444.9920874337047,1368.9092702857133,1157.3396142386116,1126.7703017620574,1313.2778999532302,1404.8251973404485
trapezoid,1282.7499482644253,1356.5556831580886,1308.554958641814,1361.1941346096075,1345.1790313792576,1443.6037046287456,1318.7301071980048,1332.6371363036833,1313.2778999532302,1173.0254690693594,1284.4460802674503
random,1410.9038683274546,1513.4483656402647,1427.7735318180476,1377.0906412717843,1402.806380076723,1534.8154656742267,1444.7305387126344,1399.1984148769773,1404.8251973404485,1284.4460802674503,1177.7261951046185
