,square,rectangle,parallelogram,losange,isoTrapezoid,kite,rightKite,rustedHinge,hinge,trapezoid,random
square,585.8436457461333,661.3978815595733,691.8974600773203,728.3120225309638,639.8724296173747,630.0581531369542,618.1592852775449,672.2713572652109,665.9874881914265,643.3679440610422,687.593501726033
rectangle,661.3978815595734,594.7883438258278,638.456218974689,683.0374840573289,707.3651616945144,677.4907867914163,671.4951398089792,652.3179487313415,632.9937267495746,675.9389513926873,720.7356216313524
parallelogram,691.8974600773203,638.456218974689,592.3486855153805,639.0814095095969,721.9001704127678,707.1241341895698,691.1571543007805,669.3910726733354,649.4707441652342,670.3306913837156,708.8994312237679
losange,728.3120225309638,683.037484057329,639.0814095095969,599.7422310478879,734.2833192196556,737.6041338101281,721.8627615720596,688.0362809414783,677.3400405339358,677.3070897395131,685.4068157022477
isoTrapezoid,639.8724296173746,707.3651616945144,721.9001704127678,734.2833192196556,596.6779416597392,646.9428265113556,637.4804218848511,710.0949415810547,708.2279537620129,648.6804403656058,670.9614807774524
kite,630.0581531369542,677.4907867914163,707.1241341895699,737.6041338101282,646.9428265113556,601.4416055279951,624.8574348403262,700.704492748871,695.7736721357307,676.3460929271671,710.4043717015481
rightKite,618.1592852775449,671.4951398089792,691.1571543007805,721.8627615720596,637.4804218848511,624.8574348403263,592.2951049241727,690.3178272956123,684.2174635156939,643.516729367536,691.6291433412965
rustedHinge,672.2713572652109,652.3179487313415,669.3910726733354,688.0362809414781,710.0949415810547,700.704492748871,690.3178272956123,603.4192113799539,615.4763983441084,682.7156299001093,702.6415238005233
hinge,665.9874881914265,632.9937267495746,649.4707441652342,677.3400405339358,708.227953762013,695.7736721357307,684.2174635156939,615.4763983441084,598.6379977962691,674.037547116723,701.0858127099193
trapezoid,643.3679440610422,675.9389513926873,670.3306913837156,677.3070897395131,648.6804403656058,676.346092927167,643.516729367536,682.7156299001094,674.037547116723,595.0533778072493,643.2695390152763
random,687.593501726033,720.7356216313523,708.8994312237679,685.4068157022479,670.9614807774524,710.4043717015483,691.6291433412965,702.6415238005233,701.0858127099193,643.2695390152763,602.1031597449236
