,1610555604.25mOvVXuL01OCiReyVWBfesjuvXmB3MoPy,1610555605.43B6oDsBtWRQ29Q9UMQuTUEPZy3FSSWXzc,1610555610.92HPGJJSmyPM40z7otPBgHalNrHFA7zk5d,1610555606.68LaSQbm9EHAFycEfFtEqAwYqlBsQPjIRW,1610555617.19EKxMEwDHfXiEJZc27TsGoERaD6Da4BZU,1610555722.52PJ3FD50MGhRXyUD28vluU8Z9UjLJLZn4,1610555617.52Ijr5puT55g9apK8auM7zaxa3NANg502t,1610555638.77ZLjTLkz4jYJdFMI2wWBztzsDILkoOtAk,1610556912.46C7tJPLF0XfNnm8f1820X9aLmXMHoc0Dw,1610555617.51LjzIROg0aeCP2GhDcAVQ0LipKJB9jmKc,1610555608.17OpjjHobqRkX0UPcaXrbu7K6L3805SZri,1610555721.82zWeNZfGUUfRJkgnAwlP8VMhPzXctnSd4,1610555735.75bom85BDF0C7W2eIseHeMxi24qR68nzMi,1610555735.77NnT5xqKnwcf2BbjIekeb2arTQj6QMNwk,1610555638.33wjf1PhdNaoWfbRzXVn50hmFyB5bYAiLV,1610555606.65jCE4ig8Pu8kvAzkxnSGfWsV0nQBjCf8H,1610555608.18ONsBCVo1i7BrX0XG9stct4oiA6ejX9Oz,1610555721.51RNoQUMP19FTMS79BmA3JkgSm2IC2AQuQ,1610555971.86O0cHB2ibBJ8jxoObg01EpGe8VVV5mpwn,1610556911.51zU3duZSGpcw1BDNsBLxdOCITAXwl6z3i,1610555988.71dMoYT8250UHHJGxgmITTmbHe7V6gH1yU,1610556042.81mlUZsSp7gbGjrp8jQSnybT1gPy6e62o1,1610555637.02UBW5nKvDyUrKnaWcYRGajZPxTRDS0q3N,1610555619.13oUYNikU4facCTpUSiSLr0vPI0tJLnXiT,1610555721.03nzkucfjAUh31zTbmCVvTVYqtjoxZFnBh,1610555722.67fhKURdXVzRbLIjXmjRwdJHTnE7PWb1AE,1610555638.39J2ZWBLuLTHP0jOlzB4tNHmYeijH5g5YJ,1610556032.17Q6yCDx9g7alRnL9jBFXD2JhhUyB2hKfJ,1610557007.49MyVgDnuUuBxrvL6SGOdhKf69VYlW1MSm,1610555638.44hjT5hbYdKoE3MB6hijrjqbjmLgvCUYKD,1610555608.13zUvmFSCRt6SsLbhqFznMEvGx54GPGQzM,1610556038.62a5C4ynd1AARyAhTv8a58NCqHvXRjscqH,1610555644.45Xse8u7pusHNsd7F3d0A32HXvXr6weOJE,1610556038.62gKXOCG7XCn55eJvyl5voNjbwOW0znQDq,1610555987.13v0oleKK97pkesp6oMgprH8SoSdoDVdIO,1610556964.96ZLLeiQW0qpmxhPGTg7K03fmzkqsC2bjC,1610555987.13VQlEedQ50VvkPMEMzZDv3KNnQCewykN9,1610555982.186TY6MMGkDecIN1woW6vsfAMXVV7jnyjO,1610555982.673LuMndkwkvdmZOn0MmE2Pkidx0FtNalb,1610555733.38zItcuH7gHNfKdALR2d9Nek6bxCyw36Vm,1610556034.15BQxSbZINGCay0yp6RBVlgcPrw76Yn9ON,1610555639.37BPZpgtGml8qUsh9AdV4m32jPLfI2aNFq,1610556965.57S0adAalhWYe6K3bkZU0bRHbqnDK8gGkR,1610555983.54zteLPCMjyrjzPdhHhlZr3faCgD0TfYr3,1610555987.79rHnNRmt9a0ufmnwCvZqBouyUoZDNpylW,1610556960.041xWER61rmArlsKfiMl4frikWmUCnQ7op,1610556035.13a7NHZDutfTMJ88qle1gTYY59Dr4WmMsj,1610556890.456ZBDaY16bMtrTZTqAgHl3wq1tRxzqDow,1610555760.24e6890pkbyZ97Or6croI1rQgjkSsR0yVt,1610556043.02YpWMIJg3W004iqlPyv8OcVAZdSC5rNYw,1610555987.03z05P26TLtONYM1HSzupoc2CeNMa6HTqr,1610556032.15OYCzUxpsz7b10AXBAuDXrvEcvxFhf0M7,1610556032.63Z80yI9pNwS3jSmsDABbuhf8wkNa2Ze9y,1610555736.28eGuESasTXdR3SqY6pHhEXWZtcdciYLCO,1610556034.61bebeZA0MkaFG2sm3VKiqrxeqQginTTW0,1610556944.5XwXOphKYT3ZkWA8gViqOS97VHVuMVUqb,1610556944.745UVLFBzf7fPh4UH37I6tYQOFPqRDytEh,1610556034.63XsUwaFaPZevO1JNFjfhvY4aKNFnV4noV,1610556964.89xwBHw9faT1HjQRMNQEyA4qJ3hWkwgj3k,1610556966.74DydzH91jtyvRyYau47JpVkZoMRSNTt01,1610555740.77UueVziDbaXyRR4OcVJIIZyzOfAzN51bj,1610556046.84e3vwjyRCzqz0wJQhrk8zsxlFfFSv98Df,1610556137.99eoPuVrDThKAOvmeprLPb2FWRqIhzUodc,1610555740.73XFwSrmTXJPlaxGZSefh0jOVA8PI3III1,1610556123.88AOfNaz9jSnqU5Czc7okOv1RCrYfKFBTo,1610556046.85nB7NvyoYQeLcOV391Lmmut1wAM8CFGLw,1610556123.89H4pdIAzDthI7bMXMhlIhKUYIQIvtmPPQ,1610555740.87GOYQUJKpkynIS2lFqppYK4b32ol7NeGh
1610555604.25mOvVXuL01OCiReyVWBfesjuvXmB3MoPy,0.0,680.1237680116626,132.85594811820778,629.1377141054726,323.0267158458997,435.65370739693464,329.15195345860394,126.72055134412354,157.80219529178206,489.5289985736763,645.1541983499794,684.1321466937183,525.4967639479808,138.99129448557485,600.1628500462945,531.4630361687186,605.8646345706125,672.4862448926259,261.1800672829261,581.3619505311387,691.0551798045941,661.4013872652498,453.16648511343186,144.20745479454192,572.6111394162548,434.8635498573283,386.65684322178265,622.321983795517,632.0311286973542,390.6367040842675,433.1552125665387,396.7477737584791,535.5468953893428,648.876241036746,615.3629931486871,547.6763255164304,553.5654031807024,710.5773440616294,635.2915902960023,433.24622305151354,549.783789258446,694.4081589390091,550.0772809135301,584.1373259528527,695.7371995827551,679.5116397596412,679.0406969076231,482.81242363144753,606.7331976780739,586.8127762737794,605.4073337788375,435.02968537787797,677.4776786559786,734.008407670531,460.25248085395975,523.9687018846513,573.7750355170472,685.7235572912679,586.6647238468715,572.7492206918205,690.9279683709507,629.5573728321594,702.8656753010074,609.7972407416556,697.4096523215403,589.0901050284557,476.07493755042765,657.1650767015831
1610555605.43B6oDsBtWRQ29Q9UMQuTUEPZy3FSSWXzc,680.1237680116626,0.0,696.8989437692644,489.53024957260675,684.5623432198327,666.9615401919915,681.3940273493578,697.8332942422701,693.8860249893726,602.5501928033577,620.7127695624766,711.554801006516,554.5950996599605,692.3821817113889,688.9956202662318,728.1017587339041,680.1344487475645,572.2366369240333,662.39545676362,725.4461955494173,700.8751634145525,584.759896482462,651.652269268638,702.0582794738039,649.8722891936388,663.6079145726071,686.7722881848013,652.1433911232832,635.1569399228961,628.1743625837659,706.6116214245646,589.6810490235054,579.9470823645825,556.5588920322272,690.2175218800447,706.7885427276439,734.760603947465,509.93272249395915,492.8217700366799,700.6290576421891,725.5600548657574,669.1349662073196,706.8742748832675,582.4938490220844,503.505566067878,460.3454608536998,760.3256683514326,617.1569464167432,559.536643837138,708.506342953334,643.3282883068077,697.6317733589,706.3580663539385,634.5078120806813,720.3263154595551,711.1939791560557,705.9828699457103,622.0167905728322,621.5873692778698,650.6146225951845,689.2818351424621,674.3580510544991,546.6205167580347,683.4157843757373,514.4323294498527,687.3780181016825,677.3462034821491,688.1789006221121
1610555610.92HPGJJSmyPM40z7otPBgHalNrHFA7zk5d,132.85594811820778,696.8989437692644,0.0,617.173093731594,334.05095186967156,445.0734859246215,324.10713655828056,92.20317549383108,137.94745338399798,512.5125006438906,633.6056167356312,669.9098830949221,548.9292141281835,134.02820456374783,579.8175722094472,516.6579398767383,594.0448657557763,687.1784565474138,269.98931912632696,566.6590765597517,676.9036359789873,648.0212472700266,465.77088853380104,79.94352210347233,580.9133973943308,430.37465031286524,391.7234025165998,611.9759757007919,621.8504432818936,390.6794677491237,433.1404196768121,421.25624675425775,558.3200347062636,664.3977950773975,598.0574798861054,530.8023047202792,542.7740871614479,727.2020552933786,645.8784510415206,446.88325648097384,526.1020058910773,684.204120383947,529.3690488855171,569.5394950801843,684.4487714209497,693.9489943712352,669.7849131105202,497.8285549581217,624.3498551393916,575.6028038526022,593.3321656373391,422.4988084735117,690.3858067103582,723.1465497740228,460.8709273037296,523.3616846677694,555.5920460654476,671.6721476502975,600.5952316305411,570.8493981487227,704.3467916456585,637.107207695369,718.3488126938533,618.0446742666941,712.3376897905597,601.1284396357182,460.79090948269305,671.5424963498153
1610555606.68LaSQbm9EHAFycEfFtEqAwYqlBsQPjIRW,629.1377141054726,489.53024957260675,617.173093731594,0.0,641.6020484742808,703.8017253025948,632.1154305994676,620.1959968954532,618.7642089555732,721.6590186048293,532.2437629756758,590.223317851581,684.6098841675839,631.1991953940636,688.1689579399565,683.9472508002751,612.8723492551229,626.0001660229779,594.6386701353906,674.6666321779284,627.7718867030453,577.3844399382988,720.0919189081874,617.5976825598813,730.7236737523059,679.7373774464751,659.2353115280184,579.1284837470561,644.731147550965,631.4056132209505,670.6223007016335,681.93418475512,703.3507438403851,690.669368845661,628.4998510148522,576.6238233172844,686.5864455790888,633.6145193938665,619.2578777685084,636.8139959940441,598.0079431221601,589.1606614055647,643.2837073150109,539.6763991942187,469.2241489755405,621.0293793792025,815.1353846691675,660.979501498118,697.4566296281624,643.8963320852081,589.272242509246,594.2204639095888,744.3829847994194,660.5122453341752,686.0623210718401,751.1331007264982,640.4715684318991,614.9179597499342,658.9522445615806,708.6584480355792,721.0809616956165,680.8584276206897,610.2402583270667,671.6821642194433,604.9699212881021,678.6901935099692,551.8451422965683,685.8538157967467
1610555617.19EKxMEwDHfXiEJZc27TsGoERaD6Da4BZU,323.0267158458997,684.5623432198327,334.05095186967156,641.6020484742808,0.0,478.11345084978217,173.93153195936418,319.0618824572464,315.818753681553,455.54782625489423,613.2164406027869,720.2184713411243,530.8490438646086,343.0766167845099,597.8508011023903,579.0995974827771,570.8506071053597,676.6142093067833,409.8191625962894,616.793641297395,686.1661392453416,622.2372700711002,343.2530979591415,332.88155605293855,515.3862096145106,456.92129719611916,329.3862264227006,649.6972969585868,649.2906513892771,274.671679278971,373.6412741371932,312.0840814714292,513.6035929211811,683.2667331738235,592.6761126704022,533.1425207596238,514.69441901915,691.3028506733739,630.6245921769518,489.3974751224567,523.409236967751,664.0153039495067,521.8493295666598,605.1659374867784,659.6102310169613,683.2817919520451,656.3314178481442,448.12624847712067,563.8802445328012,517.4978602738031,640.6546374578444,415.7538599342912,710.9969358029018,698.9605044128992,416.26863690046423,405.59416542629737,500.45949173113587,726.4115924709853,623.9492992642844,486.8414562197883,690.8139711737355,620.3151737722145,682.9115765011275,575.4063628836375,659.8179654441956,588.3527291957422,494.7129313276478,656.4223767183412
1610555722.52PJ3FD50MGhRXyUD28vluU8Z9UjLJLZn4,435.65370739693464,666.9615401919915,445.0734859246215,703.8017253025948,478.11345084978217,0.0,478.12351727546434,446.03519317376754,436.6931405304334,538.0244145144891,616.7584310533421,672.182137042772,590.8482074620559,442.45847369321996,578.2614605972781,521.2363972381521,569.5969172521691,600.4833958195554,359.47094755680746,647.36558720621,638.6172788369719,681.4907658700386,438.3259761512671,450.1957545474664,440.52997069883105,153.90674870291608,485.37366906299536,623.4854734308565,662.0965255863722,410.107092387657,547.6404226907403,416.7180586254339,597.9025848319903,702.586837001772,613.1325383292258,587.9460410013118,616.6084372525404,762.9954402686764,558.7615751389012,502.1267660809222,550.8438939693029,674.199320817164,582.8242540260827,609.6502502940099,681.1299402319416,596.6993240725013,603.0088876551591,437.66813961081516,625.9553204757339,557.7653987414807,579.0305558663395,501.01043899082845,616.861104530692,734.7812440540835,536.5128943247191,475.8831015168885,505.2411352689725,622.9789335533612,525.6198683295141,453.304279576073,668.9501741845389,609.6595417807413,735.9325769747797,536.0529504344751,712.0482868550588,558.3688552686417,465.66714138938164,684.9756954323872
1610555617.52Ijr5puT55g9apK8auM7zaxa3NANg502t,329.15195345860394,681.3940273493578,324.10713655828056,632.1154305994676,173.93153195936418,478.12351727546434,0.0,312.14144580036464,327.72812248687904,497.9906090361888,599.3794928614624,736.2667041770229,542.7832706141062,335.36349845551626,599.1055840141333,607.0382231527205,555.1937047422916,671.8166796689361,409.8115395805886,648.3823406935909,703.4262859128836,610.6573965483933,392.06496074372,325.18779055181807,540.3612376128202,450.53060556211767,369.6851076654801,642.8955460442,650.7862796521576,234.23776197651358,409.6649928504513,312.411199424658,553.0116471495692,718.3935594504053,620.8475517603406,546.7851052700796,546.7353954177478,726.4766957333937,626.6268006562473,494.3655672405506,550.320692461293,655.626878257419,551.4120198068506,594.6578221072853,650.918720219896,678.7854392930583,686.438866317609,447.71286074054564,596.7178474116452,542.4108392600249,657.7385528631432,447.70797875502944,712.2048697083166,700.5283671863046,446.8831647285716,441.68751240986956,488.58497031764085,744.1265985907795,646.3961498882427,470.8181363355523,691.842252135667,617.29785054363,718.2290705157652,570.615443986114,687.3013416096284,585.4029524935366,487.9395811861711,656.9384238630395
1610555638.77ZLjTLkz4jYJdFMI2wWBztzsDILkoOtAk,126.72055134412354,697.8332942422701,92.20317549383108,620.1959968954532,319.0618824572464,446.03519317376754,312.14144580036464,0.0,151.83680308389125,513.1881132905227,639.1162981593902,673.8780640615363,549.9116661323146,121.43896178950965,584.549839834002,521.0396287531843,597.5779558913216,688.5797697082731,270.62765259876545,570.5602303223645,680.9258788762214,651.3516982313066,459.74871123951795,75.9664143163099,581.7906327775752,431.8956317663648,385.7111878512253,614.271113689539,628.125653082831,379.0030518207126,424.76273282973347,406.29664033826964,558.9256768633375,665.6237386247897,602.4107685931228,536.2826730448401,542.1702930454835,728.4668040542232,647.4767254056248,446.7362840309716,531.0253253067818,687.3069478707197,532.7028677942949,571.701006428045,688.2113263383318,695.5658946152922,672.8507703020366,494.18641740402137,625.6243850045282,579.5336624589048,596.5797436324123,423.9333079379641,690.216721341459,726.471279207738,453.2900375637304,518.1084403564877,558.0820854341142,675.6699713318167,601.9894975987933,561.3731765431826,705.1133676444597,638.3349456510568,722.7221339320456,617.2884186474392,715.3116201475503,602.9334721931377,465.56628106495435,671.1396577850804
1610556912.46C7tJPLF0XfNnm8f1820X9aLmXMHoc0Dw,157.80219529178206,693.8860249893726,137.94745338399798,618.7642089555732,315.818753681553,436.6931405304334,327.72812248687904,151.83680308389125,0.0,506.5933515249031,630.5905390156463,668.0983184551919,544.1267888055884,163.01027493012668,576.6526364204183,514.4522189505612,588.6808441920981,683.5920202027207,260.9463895372975,566.0337964578681,669.6275023023593,641.9849217456036,457.9059996657996,144.01829710234142,572.5788064443591,421.01818606405135,390.15907398546784,604.9660067045796,618.6500074273918,387.02991575077885,432.75922304306397,413.42877335952335,552.1660322492537,656.3775253521367,593.6789588228363,527.3135851495988,539.1461060887714,720.2022049416778,639.5916666271839,446.40948960734215,525.2966804783721,678.5380214428968,522.4645349204693,565.7447747216637,681.6366056783556,691.3124380001218,660.3308054887325,490.9459735740451,618.0566541020665,566.8023798446961,592.3568652102952,418.49640081460586,685.2152250885923,715.9501799517943,462.30087642269274,512.4957014871103,549.1047257921322,671.2883311883973,595.8962299907852,565.3598148782977,697.0844697125815,629.6617122517243,714.1204239215931,609.9820214289498,709.2647115442358,594.1665878627992,464.59894114860316,662.186560972282
1610555617.51LjzIROg0aeCP2GhDcAVQ0LipKJB9jmKc,489.5289985736763,602.5501928033577,512.5125006438906,721.6590186048293,455.54782625489423,538.0244145144891,497.9906090361888,513.1881132905227,506.5933515249031,0.0,718.2278087702086,774.7048260281169,291.2572648432976,506.50575222957707,613.1130603814078,590.2455318990893,684.6888926896755,674.7368479583756,540.8238916315441,653.8641823071689,766.1872109440885,680.4276755791209,387.6526086767325,517.8398361697682,556.5919488755596,541.3001449308948,459.4450361258829,730.1322843541697,729.0149981204647,470.1905620193121,474.05582286231135,417.733143850858,198.1579262756424,584.7295331962289,640.0179695388013,630.087001846149,596.705620854493,591.2319175379181,655.3607125330752,546.511945402603,652.4580654179657,752.4553087254911,579.7528424905669,707.5892764270002,714.7393940759903,674.0839547551558,580.5118748036971,517.6299380144885,374.056679909617,612.9842878883022,630.2734077074948,516.1300384310439,710.8528474746022,760.3724630174685,507.3661803878434,528.8632416806719,666.9932578135297,677.1486602092253,578.6132002027638,561.732485609263,656.0664057567185,717.4353774211071,646.1106712173635,682.6818822271705,627.8174250380604,665.767078201656,606.0528965307665,655.3252588963705
1610555608.17OpjjHobqRkX0UPcaXrbu7K6L3805SZri,645.1541983499794,620.7127695624766,633.6056167356312,532.2437629756758,613.2164406027869,616.7584310533421,599.3794928614624,639.1162981593902,630.5905390156463,718.2278087702086,0.0,608.9313812759192,737.3752374425933,651.9149893987492,648.3058976827082,622.4316626453768,330.33087792968945,562.930729991551,615.0631852912294,705.2802305625531,587.518953320603,475.46303937867964,638.3015464551938,636.2021145568568,586.3231102967106,586.4783407141429,624.1589400319177,565.1767089323306,603.087552422846,598.2437043421648,635.5213234799891,648.1470910467433,742.357655074071,727.44656268265,626.3778706242133,517.1307969974515,666.1904629155165,681.2924794110911,556.6445093456501,662.4943865130782,655.6348824012033,423.5715120791672,655.0407884938961,623.7792710291005,600.6293465814626,566.0526526552812,795.5845523508589,612.6368773680322,693.560442381595,451.7523751186026,641.5024248644484,617.2704048574126,695.9793480630683,627.2201676144703,652.2229527334293,617.8749024394705,474.91787321492717,637.6696899606139,633.992713723801,557.804079355537,628.2277737527085,553.0185729364972,656.4551740792839,569.2102151394253,609.642389628052,499.9285751523448,504.57424079325864,645.0837279996695
1610555721.82zWeNZfGUUfRJkgnAwlP8VMhPzXctnSd4,684.1321466937183,711.554801006516,669.9098830949221,590.223317851581,720.2184713411243,672.182137042772,736.2667041770229,673.8780640615363,668.0983184551919,774.7048260281169,608.9313812759192,0.0,817.0778971970182,686.7558803216704,692.1401733615713,532.2641989393256,621.7846618393963,601.4851574234457,655.2233112512457,485.3744437696528,300.54390376167083,600.6787304234491,729.0383113388162,670.6054740798827,683.5825529220573,676.7485027412652,688.8933024493643,486.6003425442417,657.2101011414857,740.4709452561425,684.3822446755197,775.7711626115309,780.8998841109866,691.7508722871978,547.2273058561512,512.3732542598714,594.5477316448328,748.266478884905,700.5939989229001,691.020658687402,577.9315473396674,575.8583794463966,645.7911123858065,568.718219739036,648.7961924770341,686.1467584192507,675.8200562839809,690.9639705304309,750.4466906533336,584.6473017477274,443.18915469018816,604.0539772445065,717.7939865811551,741.2691668426024,642.4233984714521,709.2740427011286,644.2290069319524,390.68093639522414,534.3765782718506,711.3202587828503,711.5742446962058,683.2495943047222,641.6311417157007,671.5460110691183,638.543531194825,679.527967203935,580.8003608532109,725.0678962881304
1610555735.75bom85BDF0C7W2eIseHeMxi24qR68nzMi,525.4967639479808,554.5950996599605,548.9292141281835,684.6098841675839,530.8490438646086,590.8482074620559,542.7832706141062,549.9116661323146,544.1267888055884,291.2572648432976,737.3752374425933,817.0778971970182,0.0,543.0425537262169,625.0440048797376,660.6279745923594,720.9203285256094,673.9324580368977,586.7209617682356,694.9683848969846,811.2743258299754,682.2361618247186,494.84966829170025,554.2414256452652,655.8836878098361,594.5811563697586,536.9489797244079,735.5562357531708,682.2089470378864,521.445658917079,560.4323961720172,474.1479689070889,193.662696484271,609.873993802624,702.5590775219015,681.1422633840001,666.2941648066712,596.8453869461189,618.7611781423873,564.3659362114886,713.9617009349861,755.4633272673335,642.4615208523646,691.5969539123919,690.6247601318277,672.3492099351006,616.8103118273608,558.6961569543042,476.3954156115837,699.8955839258291,664.0174583599031,608.8837194610043,721.7379753448887,718.9001182652216,586.255061582502,618.7096266994638,709.0362135887053,725.8495409205207,616.821906843998,614.1215842290966,655.6337271766528,715.4895716145382,644.721580539868,695.6007193283561,649.8898385695716,699.320578687399,635.3640026592306,656.6783676241014
1610555735.77NnT5xqKnwcf2BbjIekeb2arTQj6QMNwk,138.99129448557485,692.3821817113889,134.02820456374783,631.1991953940636,343.0766167845099,442.45847369321996,335.36349845551626,121.43896178950965,163.01027493012668,506.50575222957707,651.9149893987492,686.7558803216704,543.0425537262169,0.0,596.8235491395376,533.3545332274554,610.4316078764876,682.5631852490773,261.77050991198075,586.7184387445841,696.193476006808,665.5492283711376,469.6561978094535,136.90897079001795,578.2916188946796,438.19275553626505,401.11678619618993,628.8409922977243,643.6552639428646,401.83923295971846,446.3007895720466,414.4019239871981,552.7490932644235,663.9319400418706,614.8023319216198,547.9179007846615,558.3045804345776,725.470676058806,644.8065638714921,435.58285084754834,545.4766409106747,701.5858524765807,546.9242164684862,591.0951798336133,700.3997908614147,689.9536438746551,685.9621888541709,493.41554659823277,621.4260116715764,595.0956778133933,609.2820325609771,434.00858575376844,689.7667512535071,741.4503625612713,470.44118890695955,536.9699073956518,575.1423096088078,688.1205683942,597.788004616249,582.2142079528182,700.4906382686431,634.5790576755807,717.9620859522265,613.9799600888621,711.6690908215528,596.3630846592881,478.6895153340142,665.9423042665836
1610555638.33wjf1PhdNaoWfbRzXVn50hmFyB5bYAiLV,600.1628500462945,688.9956202662318,579.8175722094472,688.1689579399565,597.8508011023903,578.2614605972781,599.1055840141333,584.549839834002,576.6526364204183,613.1130603814078,648.3058976827082,692.1401733615713,625.0440048797376,596.8235491395376,0.0,536.4616507840658,599.4635808450197,735.3984926821407,582.1563842763335,582.3337163402997,695.004473308694,630.5722947204331,518.3712350788262,579.6048635325752,569.7100609680869,554.5616885559876,509.432341634559,736.1316398996582,730.9531606352969,559.1818685481578,517.6536515872779,537.4067242653,637.8590831499816,768.3942086066434,458.40721711720454,585.359412533102,464.00370861538414,775.8351890887678,632.2816926630182,577.7218594289635,510.7330910564451,700.5944261683479,366.7271703234947,649.0104083061485,626.5580731216772,724.8910552001533,584.9261539720688,557.365475654173,624.7709374037788,602.5821267320365,601.717567868561,593.6535030662966,796.0151612163477,673.5167217590357,536.5662254092823,551.1455585551163,564.523240378517,589.0131235859901,681.9743866501109,459.32342400400154,726.1847882217958,649.4632683610123,713.063602849388,659.8520502977524,711.6498445628961,647.5792857399069,561.5326763673168,775.0161661346328
1610555606.65jCE4ig8Pu8kvAzkxnSGfWsV0nQBjCf8H,531.4630361687186,728.1017587339041,516.6579398767383,683.9472508002751,579.0995974827771,521.2363972381521,607.0382231527205,521.0396287531843,514.4522189505612,590.2455318990893,622.4316626453768,532.2641989393256,660.6279745923594,533.3545332274554,536.4616507840658,0.0,583.1430822821332,749.7848742206584,505.42057020758165,435.67997753247096,567.6356574957516,638.7943025396349,520.5885546595069,517.2954499354415,582.483905922785,540.2089559693515,474.58699254918395,596.4774417838416,618.0602572293027,614.4016360507643,459.38274073612075,592.3422736720667,628.4777664091223,585.6965548352239,351.01702393402616,423.5740435917943,408.1010190818465,647.8691089436277,671.7710357233698,529.5459859855722,458.9085573302384,671.8757990160815,554.3106883439139,679.5710073582455,672.8207736711539,754.6838077515594,587.5927919223298,483.92707932996757,627.197230188268,503.5986025975095,444.11092456045634,438.6461100608499,696.4848826839727,729.1340579434159,408.7665085983734,568.3469401283305,591.51903688497,458.4765387316178,485.7553068874835,546.6660926413581,680.5420532803752,683.3756949666109,596.9366277719575,662.5892138606531,646.2374021897176,609.191018822237,447.70367636933094,728.9772135436642
1610555608.18ONsBCVo1i7BrX0XG9stct4oiA6ejX9Oz,605.8646345706125,680.1344487475645,594.0448657557763,612.8723492551229,570.8506071053597,569.5969172521691,555.1937047422916,597.5779558913216,588.6808441920981,684.6888926896755,330.33087792968945,621.7846618393963,720.9203285256094,610.4316078764876,599.4635808450197,583.1430822821332,0.0,568.2623821154161,569.6252614685731,719.3831962946973,600.8479341238673,488.6831909663113,596.9263599442751,594.5563520255997,532.917554103625,536.8135839141493,585.3138486862345,584.1758823655396,679.5676735457843,551.8426205360189,598.9006618310171,604.0921514547997,727.3771662735319,742.3820733872903,576.599141175102,459.8931724692499,625.1502998942398,746.233021787273,553.8797106236191,619.0974305641944,611.012599480192,438.65997212381797,608.4136240538527,638.320087942627,611.3773902204413,571.329558724599,757.7793677333703,564.474494741195,682.8071591494382,382.3058979263124,658.2262764160608,575.8074017257525,646.8528380227458,626.7710318926974,617.4396379602682,573.8151598201018,403.1683586267365,650.9865531145044,650.2397504331799,508.26852576962943,570.6714934558048,466.94844086015223,716.6910276375821,499.5995627175619,667.8330479568938,427.30775724533527,480.1156787815629,595.1944212704524
1610555721.51RNoQUMP19FTMS79BmA3JkgSm2IC2AQuQ,672.4862448926259,572.2366369240333,687.1784565474138,626.0001660229779,676.6142093067833,600.4833958195554,671.8166796689361,688.5797697082731,683.5920202027207,674.7368479583756,562.930729991551,601.4851574234457,673.9324580368977,682.5631852490773,735.3984926821407,749.7848742206584,568.2623821154161,0.0,649.3189070030782,770.7004991786021,638.7183192709537,579.2456469453749,650.5636908664635,692.1209444076895,629.3059431605899,594.6167487044972,678.958230071601,655.0824032892036,705.1289233376147,621.6729051583943,704.8681897212981,646.1865858646448,679.4309045811069,750.1285485354159,759.9323536857781,679.0485343661937,786.4329767638586,754.453032208562,586.49531774637,691.6946156582324,734.7755292220897,544.9313877821658,741.9395308020877,649.2715833181719,619.4684254742646,434.38817375452925,808.8302141174903,665.4963670264418,747.0495612444782,639.756407076013,657.1035966833409,688.9325984397356,724.0224033138228,756.13362207767,718.3008673418602,698.2781000084683,636.6942365169239,665.667619134237,600.4400903711607,649.7353453070903,657.0807994458409,582.4975346241163,733.8587093391761,605.4934950217645,687.4418828612587,609.5617125060085,626.6572127697202,674.0973503029071
1610555971.86O0cHB2ibBJ8jxoObg01EpGe8VVV5mpwn,261.1800672829261,662.39545676362,269.98931912632696,594.6386701353906,409.8191625962894,359.47094755680746,409.8115395805886,270.62765259876545,260.9463895372975,540.8238916315441,615.0631852912294,655.2233112512457,586.7209617682356,261.77050991198075,582.1563842763335,505.42057020758165,569.6252614685731,649.3189070030782,0.0,631.0417517660735,668.545741581459,637.9805137357149,513.6926654313227,274.60151008967046,536.1776977642279,359.8278971171435,449.372753273704,590.7751606263033,662.3751530963867,411.09729040714757,503.49912730993447,422.61006279640674,593.8952581497482,645.4530342366094,598.8059770306492,564.160399334388,602.8041404382211,713.6336719994937,616.2745557496978,400.47205408752865,530.4340925839628,670.5432901217026,529.8690219167248,556.9672661022767,677.8770684649598,652.9565620970328,702.0540071768952,451.6723396655928,638.1446198223401,557.7746847888724,572.7424009767409,400.0742087937873,640.3968861529504,735.465402229298,525.3966747909254,567.1626478282886,531.5829174259504,655.9092045964609,558.8621273972987,545.1166293770165,665.5984244070505,609.0139605430243,754.2454401974942,564.3094775181431,725.4389185286244,557.9379590363649,438.0721464294256,628.4864507212534
1610556911.51zU3duZSGpcw1BDNsBLxdOCITAXwl6z3i,581.3619505311387,725.4461955494173,566.6590765597517,674.6666321779284,616.793641297395,647.36558720621,648.3823406935909,570.5602303223645,566.0337964578681,653.8641823071689,705.2802305625531,485.3744437696528,694.9683848969846,586.7184387445841,582.3337163402997,435.67997753247096,719.3831962946973,770.7004991786021,631.0417517660735,0.0,493.964240043818,636.7598801213734,568.4794684193687,568.2275730786769,683.8949606829657,658.7160131423215,517.7782757484237,603.1202288086274,638.2131270368717,685.2363282619426,508.36948678455747,664.071949443049,656.3439652194645,642.346725783615,455.390771894004,535.3865050305723,371.06136658131174,708.8734012403295,734.3285842793937,675.0476575918506,522.9596204107459,696.309618364959,594.8383226211927,608.7886741902703,634.0192060291631,765.5895186631662,513.7133941384731,608.1749780174669,650.7272286837712,660.5734272211597,416.277968617324,593.7239823770851,778.778050280215,735.6024570732833,449.4659733137414,612.5496662360151,681.0126766139783,400.3103524263258,523.1750435802232,644.5298497935881,768.4197377518482,718.180428257867,528.1704612222954,721.3062839066762,576.7645687404685,752.8512242049508,608.2916447802183,808.5663194141966
1610555988.71dMoYT8250UHHJGxgmITTmbHe7V6gH1yU,691.0551798045941,700.8751634145525,676.9036359789873,627.7718867030453,686.1661392453416,638.6172788369719,703.4262859128836,680.9258788762214,669.6275023023593,766.1872109440885,587.518953320603,300.54390376167083,811.2743258299754,696.193476006808,695.004473308694,567.6356574957516,600.8479341238673,638.7183192709537,668.545741581459,493.964240043818,0.0,537.6463437456176,695.7556789773121,678.0324603983705,638.1382494594509,640.3430430760671,692.3481447875225,427.659479444237,676.8094795227013,707.023106100477,688.8704707230683,743.4690573251229,773.0256411617721,675.9356401859751,555.2688331195823,549.7547531227128,597.7775698128619,729.5754599532113,659.16728391642,726.301915842951,583.1478219324459,527.2471048586868,647.0295400867802,509.1337225623146,600.082245661543,669.9650101184207,632.685570856146,651.1482655169948,740.1978603888117,563.3981310492607,467.1148953206632,635.6802331385976,689.6108790239689,696.7239744240749,648.1554920213763,670.8265114883498,592.5528007982392,431.1026569269767,511.86465724146535,671.0000059960919,673.1652767378279,631.7980010617966,627.0060051298267,620.5190886381946,622.765749321316,664.8498543890058,619.0049540278735,688.2197967944584
1610556042.81mlUZsSp7gbGjrp8jQSnybT1gPy6e62o1,661.4013872652498,584.759896482462,648.0212472700266,577.3844399382988,622.2372700711002,681.4907658700386,610.6573965483933,651.3516982313066,641.9849217456036,680.4276755791209,475.46303937867964,600.6787304234491,682.2361618247186,665.5492283711376,630.5722947204331,638.7943025396349,488.6831909663113,579.2456469453749,637.9805137357149,636.7598801213734,537.6463437456176,0.0,632.9516416220869,649.0180345525814,640.840735770301,650.9967678801802,621.5329091834606,475.02804809112257,676.0592401671558,607.7690335800746,636.4298079988081,610.0218208104783,687.7915288860581,642.4851217062819,620.9412769180419,605.4423936648735,655.75354460382,633.2050548309535,603.1734990227451,698.6431854576169,704.1471617864138,360.50307372570126,668.238799428927,562.4624442685238,509.58483634089066,587.2688926930233,734.7550329546319,567.5388382242538,697.2862196795261,557.0797399480205,591.5139367452268,650.4327316973558,688.6892355790093,662.3772681405925,650.5728711298373,669.7357916670605,524.7930697692242,580.0305408774277,589.8463402564042,541.3196082989832,544.4570880821866,531.368721725236,663.7996665848306,543.5536009957675,612.0136379269268,589.4722636180409,620.2687070164513,563.6771227687213
1610555637.02UBW5nKvDyUrKnaWcYRGajZPxTRDS0q3N,453.16648511343186,651.652269268638,465.77088853380104,720.0919189081874,343.2530979591415,438.3259761512671,392.06496074372,459.74871123951795,457.9059996657996,387.6526086767325,638.3015464551938,729.0383113388162,494.84966829170025,469.6561978094535,518.3712350788262,520.5885546595069,596.9263599442751,650.5636908664635,513.6926654313227,568.4794684193687,695.7556789773121,632.9516416220869,0.0,468.3941820390649,446.8493817250863,426.0640002148817,256.6184067634522,730.5728590293736,672.8673880833503,367.4290281995767,298.0171016344513,309.5511000404523,454.6215630494902,677.8180247880041,537.463234228765,544.5330328387192,456.5409782034596,679.2710147368218,593.8485530043137,575.2598472638352,537.0433732983295,689.9074421781522,544.8234530392448,694.944034939646,630.7577265323021,649.7590802646159,566.3751106330313,439.86143562586176,503.1548081179196,524.8795861699856,598.3071596939596,504.6390607200533,723.9278516264407,722.8512993772378,348.8690146235541,341.7515751805617,535.4496121602552,637.6318485405983,566.9182955166,380.02296248691306,670.8253650590434,633.7742759074301,614.7993088714427,591.6981865159332,592.5784603273883,598.9223039542726,527.3861944411575,720.3826729410682
1610555619.13oUYNikU4facCTpUSiSLr0vPI0tJLnXiT,144.20745479454192,702.0582794738039,79.94352210347233,617.5976825598813,332.88155605293855,450.1957545474664,325.18779055181807,75.9664143163099,144.01829710234142,517.8398361697682,636.2021145568568,670.6054740798827,554.2414256452652,136.90897079001795,579.6048635325752,517.2954499354415,594.5563520255997,692.1209444076895,274.60151008967046,568.2275730786769,678.0324603983705,649.0180345525814,468.3941820390649,0.0,585.5442058845202,433.02865173070273,393.6297065991318,612.5481231661296,624.7009163992985,390.37718674983995,432.4224427411549,423.15805279693564,563.2189131732483,669.6060530337154,598.0123857368472,530.431798463393,543.3055569704652,732.4959510259591,650.0361560949694,450.4613720613186,525.4495299066901,685.0513338904532,528.1161610096188,569.2536466701899,685.819170528596,699.5285344065542,671.2639476787572,501.55881701073054,629.5767115904613,576.3607447921815,593.9020750051786,421.8322387612108,694.7220568537242,724.1055960097989,461.0818682101777,524.2267946035421,555.299651769429,672.5191127022916,605.5969398162421,570.7387003947159,708.4456903351183,640.6023063377463,724.8842545852085,621.3871542038052,718.7736797197477,605.6085553563751,461.48112847088856,675.2478310484581
1610555721.03nzkucfjAUh31zTbmCVvTVYqtjoxZFnBh,572.6111394162548,649.8722891936388,580.9133973943308,730.7236737523059,515.3862096145106,440.52997069883105,540.3612376128202,581.7906327775752,572.5788064443591,556.5919488755596,586.3231102967106,683.5825529220573,655.8836878098361,578.2916188946796,569.7100609680869,582.483905922785,532.917554103625,629.3059431605899,536.1776977642279,683.8949606829657,638.1382494594509,640.840735770301,446.8493817250863,585.5442058845202,0.0,428.10964074803945,522.1149776477203,690.6838772673512,682.0733617591694,474.21449982251613,558.1964327461818,464.52070774583575,616.5516799819851,677.8414433328072,585.178721479155,551.2625646720129,593.6448865648084,676.7655676840936,425.77863255174685,618.397235321977,586.1880268270965,643.6018408136143,519.7276014649566,694.3840483284284,688.436426254553,574.6169497934933,637.1380377068854,485.6566503361329,537.776594687362,471.0496789684497,671.3568730350215,565.614169371843,598.2419913679654,667.297332806067,577.2749393991975,332.21058528219555,429.462206416432,643.5044520536803,618.2085649434479,409.22178107655304,634.9272139595477,526.9743181027779,681.2530444304089,465.6664179461647,593.8295014461505,527.3292907378657,568.0644033823011,655.2485419974909
1610555722.67fhKURdXVzRbLIjXmjRwdJHTnE7PWb1AE,434.8635498573283,663.6079145726071,430.37465031286524,679.7373774464751,456.92129719611916,153.90674870291608,450.53060556211767,431.8956317663648,421.01818606405135,541.3001449308948,586.4783407141429,676.7485027412652,594.5811563697586,438.19275553626505,554.5616885559876,540.2089559693515,536.8135839141493,594.6167487044972,359.8278971171435,658.7160131423215,640.3430430760671,650.9967678801802,426.0640002148817,433.02865173070273,428.10964074803945,0.0,469.49588797577286,630.0387827400011,644.5975036416188,380.23820451084526,529.2292957111547,407.36563091245085,601.461270453908,704.4635255408599,623.8680851015383,589.0241839457899,627.8254461887697,763.9416590551484,548.9607178365445,542.3510405288591,561.2833855940361,645.1106686084896,560.9183891845405,593.2110287022908,651.7711676107907,592.7061032839031,607.350516463187,468.54113415943414,622.8493710988525,528.6363475124493,588.6010423909422,519.2752907801936,608.0681907284094,712.4141046107109,553.7639023296284,451.52719520201197,461.65226497471207,630.2377293903857,557.102149114872,417.0494819439069,661.9699459608127,598.8678580369017,755.9703046082284,518.3391275662194,705.6055380684284,552.1215586396901,479.1311347976325,678.5169653907911
1610555638.39J2ZWBLuLTHP0jOlzB4tNHmYeijH5g5YJ,386.65684322178265,686.7722881848013,391.7234025165998,659.2353115280184,329.3862264227006,485.37366906299536,369.6851076654801,385.7111878512253,390.15907398546784,459.4450361258829,624.1589400319177,688.8933024493643,536.9489797244079,401.11678619618993,509.432341634559,474.58699254918395,585.3138486862345,678.958230071601,449.372753273704,517.7782757484237,692.3481447875225,621.5329091834606,256.6184067634522,393.6297065991318,522.1149776477203,469.49588797577286,0.0,715.6019499536558,658.248638773085,423.1423319713617,208.61108049834687,375.7838178237505,515.3982752391992,684.274240681942,492.65394702678395,491.9364482707396,403.7867786765083,688.0934428679815,638.8521300456391,511.7851323687365,478.2455752874742,673.8916198834881,547.019966893325,676.3753909397986,615.2743426247046,685.5770233511379,611.9183029206145,425.5590895030439,567.5556899783734,521.9172957425882,556.7777888347896,446.02748622138466,714.3426506577891,714.1781476977375,274.8305534114959,428.62812286793854,522.1474173227505,639.2915638798103,563.9036837991002,444.78055254776,666.5269630288235,628.93720856996,621.4698483670259,582.5490196483187,596.4516901867092,595.1737624420477,443.29484183225225,714.8383773030362
1610556032.17Q6yCDx9g7alRnL9jBFXD2JhhUyB2hKfJ,622.321983795517,652.1433911232832,611.9759757007919,579.1284837470561,649.6972969585868,623.4854734308565,642.8955460442,614.271113689539,604.9660067045796,730.1322843541697,565.1767089323306,486.6003425442417,735.5562357531708,628.8409922977243,736.1316398996582,596.4774417838416,584.1758823655396,655.0824032892036,590.7751606263033,603.1202288086274,427.659479444237,475.02804809112257,730.5728590293736,612.5481231661296,690.6838772673512,630.0387827400011,715.6019499536558,0.0,647.8210181834378,644.7563805514201,730.5911967132116,687.6609548383507,738.2722702469118,633.4359858153935,656.854565658043,581.3007262527684,691.8175294424641,695.2901570696202,659.8168648772587,639.889556870407,687.8893069088947,488.311203527381,689.0710512392634,482.48862075514506,645.7035790893262,654.2221481445891,719.1303505790278,611.1511083299362,738.7985290624047,598.735899403664,531.5897280482212,600.412086751358,609.3056354886472,739.4519128941088,691.8429461697935,716.0045535364125,561.0683973095025,525.4355693952152,532.6621891810817,671.8462612748368,601.2794434170983,649.2592252693237,693.9335270637367,590.2082906939512,687.4759999848213,629.6420208582218,589.3620205955216,534.8352009298571
1610557007.49MyVgDnuUuBxrvL6SGOdhKf69VYlW1MSm,632.0311286973542,635.1569399228961,621.8504432818936,644.731147550965,649.2906513892771,662.0965255863722,650.7862796521576,628.125653082831,618.6500074273918,729.0149981204647,603.087552422846,657.2101011414857,682.2089470378864,643.6552639428646,730.9531606352969,618.0602572293027,679.5676735457843,705.1289233376147,662.3751530963867,638.2131270368717,676.8094795227013,676.0592401671558,672.8673880833503,624.7009163992985,682.0733617591694,644.5975036416188,658.248638773085,647.8210181834378,0.0,676.8360319419972,665.4835860391076,689.1762309106573,704.6056250511606,594.7340940297715,699.9906782147503,623.2977078306502,697.6589312775453,601.1318588713156,561.1499370263924,733.7171900160188,706.4347181806302,650.8905347826072,735.2612381067141,639.2713352475627,682.5000733147856,635.7565862371954,746.0311836270253,693.7199626781947,722.3187214438587,662.6531739962059,661.5467424835857,690.6399138206531,666.3387966537631,575.6875532730049,684.1663538164354,615.4877651564316,668.8992655218159,696.3942423591718,665.4283830666858,691.4981527303677,762.2048439801048,711.7709159733243,598.0804962367619,708.4829994060822,598.9785512605489,702.2505322316555,646.87720162215,773.3634009178196
