,1610555604.25mOvVXuL01OCiReyVWBfesjuvXmB3MoPy,1610555605.43B6oDsBtWRQ29Q9UMQuTUEPZy3FSSWXzc,1610555610.92HPGJJSmyPM40z7otPBgHalNrHFA7zk5d,1610555606.68LaSQbm9EHAFycEfFtEqAwYqlBsQPjIRW,1610555617.19EKxMEwDHfXiEJZc27TsGoERaD6Da4BZU,1610555722.52PJ3FD50MGhRXyUD28vluU8Z9UjLJLZn4,1610555617.52Ijr5puT55g9apK8auM7zaxa3NANg502t,1610555638.77ZLjTLkz4jYJdFMI2wWBztzsDILkoOtAk,1610556912.46C7tJPLF0XfNnm8f1820X9aLmXMHoc0Dw,1610555617.51LjzIROg0aeCP2GhDcAVQ0LipKJB9jmKc,1610555608.17OpjjHobqRkX0UPcaXrbu7K6L3805SZri,1610555721.82zWeNZfGUUfRJkgnAwlP8VMhPzXctnSd4,1610555735.75bom85BDF0C7W2eIseHeMxi24qR68nzMi,1610555735.77NnT5xqKnwcf2BbjIekeb2arTQj6QMNwk,1610555638.33wjf1PhdNaoWfbRzXVn50hmFyB5bYAiLV,1610555606.65jCE4ig8Pu8kvAzkxnSGfWsV0nQBjCf8H,1610555608.18ONsBCVo1i7BrX0XG9stct4oiA6ejX9Oz,1610555721.51RNoQUMP19FTMS79BmA3JkgSm2IC2AQuQ,1610555971.86O0cHB2ibBJ8jxoObg01EpGe8VVV5mpwn,1610556911.51zU3duZSGpcw1BDNsBLxdOCITAXwl6z3i,1610555988.71dMoYT8250UHHJGxgmITTmbHe7V6gH1yU,1610556042.81mlUZsSp7gbGjrp8jQSnybT1gPy6e62o1,1610555637.02UBW5nKvDyUrKnaWcYRGajZPxTRDS0q3N,1610555619.13oUYNikU4facCTpUSiSLr0vPI0tJLnXiT,1610555721.03nzkucfjAUh31zTbmCVvTVYqtjoxZFnBh,1610555722.67fhKURdXVzRbLIjXmjRwdJHTnE7PWb1AE,1610555638.39J2ZWBLuLTHP0jOlzB4tNHmYeijH5g5YJ,1610556032.17Q6yCDx9g7alRnL9jBFXD2JhhUyB2hKfJ,1610557007.49MyVgDnuUuBxrvL6SGOdhKf69VYlW1MSm,1610555638.44hjT5hbYdKoE3MB6hijrjqbjmLgvCUYKD,1610555608.13zUvmFSCRt6SsLbhqFznMEvGx54GPGQzM,1610556038.62a5C4ynd1AARyAhTv8a58NCqHvXRjscqH,1610555644.45Xse8u7pusHNsd7F3d0A32HXvXr6weOJE,1610556038.62gKXOCG7XCn55eJvyl5voNjbwOW0znQDq,1610555987.13v0oleKK97pkesp6oMgprH8SoSdoDVdIO,1610556964.96ZLLeiQW0qpmxhPGTg7K03fmzkqsC2bjC,1610555987.13VQlEedQ50VvkPMEMzZDv3KNnQCewykN9,1610555982.186TY6MMGkDecIN1woW6vsfAMXVV7jnyjO,1610555982.673LuMndkwkvdmZOn0MmE2Pkidx0FtNalb,1610555733.38zItcuH7gHNfKdALR2d9Nek6bxCyw36Vm,1610556034.15BQxSbZINGCay0yp6RBVlgcPrw76Yn9ON,1610555639.37BPZpgtGml8qUsh9AdV4m32jPLfI2aNFq,1610556965.57S0adAalhWYe6K3bkZU0bRHbqnDK8gGkR,1610555983.54zteLPCMjyrjzPdhHhlZr3faCgD0TfYr3,1610555987.79rHnNRmt9a0ufmnwCvZqBouyUoZDNpylW,1610556960.041xWER61rmArlsKfiMl4frikWmUCnQ7op,1610556035.13a7NHZDutfTMJ88qle1gTYY59Dr4WmMsj,1610556890.456ZBDaY16bMtrTZTqAgHl3wq1tRxzqDow,1610555760.24e6890pkbyZ97Or6croI1rQgjkSsR0yVt,1610556043.02YpWMIJg3W004iqlPyv8OcVAZdSC5rNYw,1610555987.03z05P26TLtONYM1HSzupoc2CeNMa6HTqr,1610556032.15OYCzUxpsz7b10AXBAuDXrvEcvxFhf0M7,1610556032.63Z80yI9pNwS3jSmsDABbuhf8wkNa2Ze9y,1610555736.28eGuESasTXdR3SqY6pHhEXWZtcdciYLCO,1610556034.61bebeZA0MkaFG2sm3VKiqrxeqQginTTW0,1610556944.5XwXOphKYT3ZkWA8gViqOS97VHVuMVUqb,1610556944.745UVLFBzf7fPh4UH37I6tYQOFPqRDytEh,1610556034.63XsUwaFaPZevO1JNFjfhvY4aKNFnV4noV,1610556964.89xwBHw9faT1HjQRMNQEyA4qJ3hWkwgj3k,1610556966.74DydzH91jtyvRyYau47JpVkZoMRSNTt01,1610555740.77UueVziDbaXyRR4OcVJIIZyzOfAzN51bj,1610556046.84e3vwjyRCzqz0wJQhrk8zsxlFfFSv98Df,1610556137.99eoPuVrDThKAOvmeprLPb2FWRqIhzUodc,1610555740.73XFwSrmTXJPlaxGZSefh0jOVA8PI3III1,1610556123.88AOfNaz9jSnqU5Czc7okOv1RCrYfKFBTo,1610556046.85nB7NvyoYQeLcOV391Lmmut1wAM8CFGLw,1610556123.89H4pdIAzDthI7bMXMhlIhKUYIQIvtmPPQ,1610555740.87GOYQUJKpkynIS2lFqppYK4b32ol7NeGh
1610555604.25mOvVXuL01OCiReyVWBfesjuvXmB3MoPy,0.0,462.33172670353133,87.65045799239364,428.6012771708755,217.51629133640984,298.69179132563437,222.16575717217037,86.94018925461673,112.19614642574828,337.59980544825464,444.68263174379365,467.6953059767481,360.41028306847784,105.84850126768409,414.63578869315313,365.3649040722313,421.2767662277742,459.9614429414702,186.89632187431778,403.34224995996976,473.4454282127005,455.5041833611326,307.37336260316255,95.05417336814249,391.6728726512867,298.3790685070485,264.0038491128877,424.9294377618262,431.3165570783213,265.70796854678883,300.3082164089699,270.11695238192334,366.48215148198057,439.7259992255373,423.69185732791874,373.5525668218061,383.8592339742259,479.92050026062475,433.7603582771543,302.6252980214874,381.2432869742547,475.42303899625205,381.4097677689924,397.85738914593577,477.4038875939717,465.88816744088405,458.92808925488083,332.2322990562345,411.3107020590946,397.90688046088155,414.12271607476663,297.3305035034888,458.6719993033259,501.63192684621777,317.01886649856,355.7505502841377,392.3049632604168,468.60700964777135,399.0436265520121,390.56081549919827,472.52508949241616,433.69867345325025,475.8317259132158,419.19947494933723,471.9617545879563,403.3092749774521,325.1359517459115,450.77546491369924
1610555605.43B6oDsBtWRQ29Q9UMQuTUEPZy3FSSWXzc,462.33172670353133,0.0,473.5404720402396,337.87958934600454,464.0166773244851,455.56178890924446,463.0333530353589,473.7431789551162,471.8033969037508,406.19515992859516,426.1801716578155,486.3605601004351,380.2589129738933,472.5155003223989,469.39440287978357,496.56093520982364,466.98084575692326,383.9544773933067,453.6855273719381,496.3914186207814,479.8404491804154,398.78195967793255,440.04476142908186,476.7844501732178,445.93882399780176,454.24030759752236,463.90168977256593,445.68897138547305,435.9291473208502,424.68176898826414,478.0076228832198,401.06533260692163,394.98095641463163,386.15870701070924,473.2923845764247,482.83159362213087,499.3567433884382,352.62477225513055,342.24441366757037,480.990168374036,496.7404162082096,457.7499362496973,483.8738657600229,400.89330932014406,344.01195030899333,309.9385626570094,511.02682910305475,424.83215944509277,383.66227373808255,486.7979154618945,437.1987006974553,475.07390724801434,484.53718292852557,436.6566010287885,485.1648002918414,480.57335131333247,482.9185366898722,427.4896713732436,428.69602208873334,441.30089092323936,472.8457445310043,462.320621473058,376.8118724603831,467.8050687995345,357.4117995026166,469.68623161825957,470.08647438298647,470.39275290510545
1610555610.92HPGJJSmyPM40z7otPBgHalNrHFA7zk5d,87.65045799239364,473.5404720402396,0.0,422.2130439694244,225.94794287969032,302.5133132815442,218.23226118474,66.62974009956724,106.19025050507778,353.1163415834018,438.7372345967512,459.3653965317696,376.5843923221629,96.21289830806555,402.7706938727506,357.1163540114521,415.44171339704775,469.05034054165907,189.1330508295316,394.68760881276825,465.4785357105939,448.61676603335314,315.7572733049683,63.24726617201088,395.56705625047937,296.37919646358034,267.7612090095573,419.56058480421655,426.56310935846176,266.199199071233,300.992905886144,284.6768868070944,382.18913870929305,449.54045294166275,413.8048866092464,363.9238750154059,376.78849898087685,491.03435193290056,440.105321316344,310.1081441750131,367.16575954081446,470.19761928913556,369.5121341124978,390.82524163037067,471.62587548844596,474.7963149948463,454.4523190450916,340.25505316456196,422.7640431495966,392.2926921749575,407.99569376656166,292.032694037589,466.1578147045799,496.75328238675036,317.4557528923246,355.7217987246094,381.68542020836367,460.33171119577503,407.12013165548734,388.42452409325085,480.18608930588766,437.414461222481,485.85209991248496,422.99556912344957,481.0921755060389,409.7168263087624,317.5331879107897,458.99871356757967
1610555606.68LaSQbm9EHAFycEfFtEqAwYqlBsQPjIRW,428.6012771708755,337.87958934600454,422.2130439694244,0.0,436.84170616597726,479.1690448703372,431.0698273613898,423.6457670268492,424.1658142610653,492.33453561345056,363.7660249429636,402.08852062914383,474.70898126963357,429.92546331664914,469.7652834795812,468.10746685686684,421.04486061048584,423.9256823485692,406.7958742647118,462.66869699775054,427.6500782247057,394.5775900697669,488.8215894787494,422.16825137637716,499.91819734443766,466.9319683799648,447.7452866088626,395.11510557133374,439.2173554156329,429.58828465570673,456.0656708682501,460.7911079893817,484.1838227212267,475.9547810492615,431.6055681109575,391.95999293796643,467.55558882293826,439.14675451152294,424.0689155081325,436.7302429627675,408.2331024496486,399.94537065831275,439.54831258388054,368.54965328515704,330.3192417447073,421.74248456345777,551.2167598771485,455.0285252893695,479.8697611554675,442.32302163512173,401.91667700925916,406.5902860336953,510.98905657515945,453.58182963124324,463.8494546276805,508.7133671888457,438.1781389363413,423.08280665228625,452.31708533230636,484.1528930949167,493.0657505883312,463.7628939150997,421.442815399947,459.1148945387691,416.0709122064788,463.82498120010706,385.8699934147326,470.15069306063043
1610555617.19EKxMEwDHfXiEJZc27TsGoERaD6Da4BZU,217.51629133640984,464.0166773244851,225.94794287969032,436.84170616597726,0.0,328.5579944569019,128.23487813502518,219.0181536860384,211.83854076462245,317.3716244446477,424.40280876192014,494.0752599248181,362.31609530425266,229.79343498729793,411.8331504961155,398.7226740913004,399.20056473134093,461.0456537168161,281.2106311033838,429.86658474657014,474.053736281154,430.3455065808612,238.4013889149047,225.33043082853442,356.0414805956521,318.85259732546433,229.00682970664565,445.5057209570487,443.8401173160818,196.05883818806197,263.4781845606121,213.96912982672288,352.4771362165904,464.317527356157,410.0029281944351,365.1986491862004,360.7147177835213,467.14929721803185,428.6591660569604,335.75487407885595,365.39702051837656,456.74801639811614,363.83400964686007,415.04677753434083,453.78104329870513,467.219782269336,449.37175904131374,311.2325716155198,385.6177764219248,353.0848775881048,440.02911888606144,286.22545398120917,483.41864588251383,479.1620108411577,290.5902189853488,284.9435319363747,346.81093327285583,498.6160325228985,425.70002885780906,338.1786587362077,470.03695759631086,424.6695827440338,462.49636164391546,396.16883585238645,449.46826109483396,399.90231046973685,338.04868176534967,447.62978869772616
1610555722.52PJ3FD50MGhRXyUD28vluU8Z9UjLJLZn4,298.69179132563437,455.56178890924446,302.5133132815442,479.1690448703372,328.5579944569019,0.0,328.40803943014373,302.61831617967846,297.1676765901673,373.8685381823138,424.8774200562925,460.58800695745015,406.6372435405287,304.1809296908535,398.044962792405,358.12743888207933,395.79222970542634,412.69030590105535,245.11001807756986,448.40132867571634,440.4231959871857,466.740721002338,301.9312111984827,305.7550226803063,308.67236031146683,99.77709186060859,330.8548810911278,429.3906746751028,449.2597209189673,280.3962859781394,373.4023142356177,284.3255954193097,410.6480109804183,477.66247396950473,422.1023045429682,400.5618095520934,425.3113455185388,517.8459378689581,383.5787372144244,348.14015642673326,382.4732953439587,462.22025175626055,400.47574596848983,419.6586134534385,468.7166082333085,409.898854873126,410.24943428694735,309.4156668575534,431.9235203923067,377.03410693377964,397.24330502077953,340.7978188551507,421.07377636083675,501.8543367382948,367.3729973223362,323.06814589653317,351.9774672410255,428.338147036943,362.4104074426035,311.8127908444925,457.7559736085341,420.49755353384626,502.4112552725067,371.745720719062,488.41445603262235,381.9931807150116,320.13845394943877,469.5215819903614
1610555617.52Ijr5puT55g9apK8auM7zaxa3NANg502t,222.16575717217037,463.0333530353589,218.23226118474,431.0698273613898,128.23487813502518,328.40803943014373,0.0,213.83492430916507,223.28645580505605,345.0745886749754,415.39972274765114,504.0586622333338,372.4863169528621,221.61228940398541,413.3196923835688,416.4085150649928,389.59231179288,458.8572058757256,280.8860462519998,450.605255943294,485.03422927325454,423.55541066049096,273.3030990710336,219.33751023863238,372.3589873613995,315.01606214488135,258.39222325247584,441.71398612350094,444.74332633732075,168.72465616855936,286.4214563849822,216.1770158021557,378.933387613118,487.8913611299469,427.8672147926033,373.2271151968439,381.5882588220517,491.3027955689853,427.1533805130818,339.06830041902776,381.29478483732515,451.8251030983154,381.94284662628223,408.4934294325794,449.2053822071631,464.9315285905611,470.12948324671385,313.9437253965485,409.10261093323777,370.7021349231233,450.7871039833938,304.8775748073649,485.8902854431826,480.6546269228278,310.27614782427753,308.2263336459041,340.75951929173027,510.2929948355544,440.31132252538225,328.21606218089073,472.36935231160135,424.0279812892377,486.7551957402221,394.56869867709315,468.990452266572,399.2329509298838,334.9412087262289,449.6106282380855
1610555638.77ZLjTLkz4jYJdFMI2wWBztzsDILkoOtAk,86.94018925461673,473.7431789551162,66.62974009956724,423.6457670268492,219.0181536860384,302.61831617967846,213.83492430916507,0.0,112.41736271551721,353.1833103430084,442.1804482780304,461.5820227503607,376.96431501661914,82.9690251134426,405.77626035169413,359.9725010308419,417.175238631651,469.48355376577376,188.50083736154372,398.2928857859062,467.743310591696,450.360439228799,314.0591165042596,55.36211913364813,395.6798954157458,296.59292718766017,266.40639512606595,420.48508190693366,430.8734492598918,260.92041348638253,298.35452655430464,276.86200751854625,382.27683178930545,450.304427686361,416.6564133681418,367.3449769350133,378.5313873628584,491.63484657734404,440.70363001292407,309.40932743294906,370.3874798881171,471.8666564848819,371.3769095313003,391.1553383772948,473.9301864368645,475.60251079273155,456.36487123668314,338.14658385737187,423.2580673200237,394.676534539389,409.5676366967277,291.9391191345128,465.2744989299745,498.61868912773326,315.27683441760325,354.09119716054636,382.3530198378618,462.88441893130897,407.4957329398839,384.18766638695035,480.28989385208985,437.69636821699237,489.15888286413565,421.38371025173115,483.03601141992533,410.5301248078063,320.42645751130965,458.168036701436
1610556912.46C7tJPLF0XfNnm8f1820X9aLmXMHoc0Dw,112.19614642574828,471.8033969037508,106.19025050507778,424.1658142610653,211.83854076462245,297.1676765901673,223.28645580505605,112.41736271551721,0.0,349.04102255567994,436.7930735707908,457.46834681377806,373.63907816601113,120.05681046998404,400.44527297785805,355.2962370067143,411.6817955631587,466.83776738944357,182.9020140270094,394.3056918666929,459.35612451089435,444.39917915449854,309.7465158726463,109.45200725376196,389.4158973144794,290.2346364724562,266.7641293862062,414.47524163677923,424.51867357190514,264.5608258537301,300.64168017930774,278.83236027998095,377.54285102228806,443.1054247527565,410.12860533551344,360.9634728250228,373.9161622405194,485.2100178981735,435.85370568525855,310.1212954093048,366.7952203905695,466.07039549353266,363.7796817716881,388.84664464645357,470.23942481828067,473.49668530646056,446.7567350281662,335.7249606648439,418.2628537194656,384.9687627795988,407.0003903668435,288.3168282510836,462.9498211419509,491.0308813833158,318.47458538195673,347.41598614236875,377.6519008671994,460.01657488617633,403.53974692486963,385.1621744382099,474.66669078036915,432.07457984863703,482.28266189175787,417.16933483606914,478.9949436294466,404.43650705268385,321.46557139770795,452.08977477183066
1610555617.51LjzIROg0aeCP2GhDcAVQ0LipKJB9jmKc,337.59980544825464,406.19515992859516,353.1163415834018,492.33453561345056,317.3716244446477,373.8685381823138,345.0745886749754,353.1833103430084,349.04102255567994,0.0,498.7165854585646,531.3745175983568,195.53390883166261,352.1669691144295,426.76780895770037,407.4243736931435,479.6256377384315,464.0091008974704,375.9555075063562,450.68119416304904,526.0494885990446,469.7598478019956,272.6252973674576,356.6466092022174,385.0720567487867,376.62591797713645,318.1137213000539,501.4149008097066,497.66644236535683,325.98858437447444,326.4345726423973,294.73612733383055,132.2912867988536,396.52636455479336,440.9131254825642,435.84985345499035,412.6791944519711,396.650482009135,444.4334511351065,382.48330456543175,452.59597246915746,519.1063675944546,406.83601709845135,485.48104144222265,489.42235474951707,463.25571382416854,398.0305289240857,357.47521538422086,250.9559279315601,422.66399092435506,435.17219949763455,358.14298817672545,483.3996066522496,518.8151021380397,348.4271654430246,365.6942052880372,459.5913169833759,464.65395833954096,399.79277605328946,387.48791682431175,454.23442451211287,493.58701819196824,436.60348730874443,470.384255589024,424.68901957209664,460.43894314136594,416.93917673157296,451.8612258790881
1610555608.17OpjjHobqRkX0UPcaXrbu7K6L3805SZri,444.68263174379365,426.1801716578155,438.7372345967512,363.7660249429636,424.40280876192014,424.8774200562925,415.39972274765114,442.1804482780304,436.7930735707908,498.7165854585646,0.0,420.3311618269954,513.7898802546806,449.4170136831037,445.20722538846866,430.35478072266454,236.7995288597137,390.984238608067,425.4174697713674,489.96328120688923,405.42645012270214,331.66621434195605,438.6378280826006,440.3776646442398,406.38535534790987,408.88529182910935,429.994447868021,394.3805286300243,415.12444549981814,413.38699636947405,438.5322663764876,442.1933809788119,516.0300576064301,503.7848272168115,433.00030388371897,355.9315977792089,458.59504184035313,470.11135275998544,384.7063512268295,459.8373497923467,450.3408033596832,297.2250215589377,450.4137815853179,431.1866687999912,413.6717046955759,393.01406474175985,543.1887100146738,421.6557730975627,481.8207579907161,319.85186179173553,443.7088541611036,428.3370467862167,480.9120447418238,434.8458987194896,447.0673385922124,422.10892567471535,332.52175106743124,444.2734692676393,442.89620951645395,386.50430518783213,432.9156534364201,385.3188376736873,451.30437343834444,392.46728576381247,423.04193448028093,344.9810967045479,361.7662977274367,445.0492486023747
1610555721.82zWeNZfGUUfRJkgnAwlP8VMhPzXctnSd4,467.6953059767481,486.3605601004351,459.3653965317696,402.08852062914383,494.0752599248181,460.58800695745015,504.0586622333338,461.5820227503607,457.46834681377806,531.3745175983568,420.3311618269954,0.0,561.1108682577164,469.78468352380673,474.8032006333835,363.56575260392844,431.10370058898906,413.9301977648663,450.0668343952291,334.0529251283307,203.3591331794809,407.59625142921516,497.26196072637526,459.35711436363465,469.8584857355012,465.2657728289977,472.1969216613009,332.3640524247252,450.30399754415,506.0254611277619,469.2731968218704,526.3765632575053,536.1960902196494,473.0940247974285,374.1466282842732,350.3931988451339,406.64688477444207,511.0068145110089,478.784609872159,474.65638754514606,394.76496575952274,394.4208539554403,442.9649189034621,391.2337814262322,446.3080593385368,469.0226356936039,456.8556241759155,468.8284433750619,513.4053888672066,403.7373733471067,299.0357387483435,416.16784891385083,493.4128535399431,506.89995692772294,436.92886040563303,482.22810877043327,442.53311158148216,271.24100516090283,366.85662595751506,487.6020228608468,489.84605653599885,467.88307756552615,438.17897736434554,462.42798615777804,437.1959775153986,465.97312096922,404.3480157258384,499.2577417236226
1610555735.75bom85BDF0C7W2eIseHeMxi24qR68nzMi,360.41028306847784,380.2589129738933,376.5843923221629,474.70898126963357,362.31609530425266,406.6372435405287,372.4863169528621,376.96431501661914,373.63907816601113,195.53390883166261,513.7898802546806,561.1108682577164,0.0,375.57533714405236,433.61852294856175,455.36170082154774,502.58636444561785,464.57283731829085,404.81208553907305,478.3414400434818,557.6907405834335,472.68797142804243,338.26768798522164,380.1468176272178,448.6397871153041,409.66959565587626,364.41337146838754,507.23034968368785,471.3515187566496,358.17227807845546,381.0640152813224,328.88346152271845,132.09115553192032,416.2072830085323,484.4889378505815,469.9846779995264,457.8623561495856,406.6547685722402,426.5017424550093,393.9407656202454,494.2610968451315,522.6237107366836,446.7985703288439,476.5398783985502,476.82701320698857,461.9645545429026,422.43455144157014,386.3711749814115,325.3682310885066,479.47872545822355,460.03322838483723,418.45293025213476,490.5891315529004,495.91913043931356,398.2801744979954,420.9045813230961,486.4820153955703,498.7590905141296,427.8442595591559,421.074097353329,455.3315852221179,493.2492600079345,440.59478007132014,479.66850525725374,445.62582313310526,481.6800643265412,438.07551780237634,454.4519789129594
1610555735.77NnT5xqKnwcf2BbjIekeb2arTQj6QMNwk,105.84850126768409,472.5155003223989,96.21289830806555,429.92546331664914,229.79343498729793,304.1809296908535,221.61228940398541,82.9690251134426,120.05681046998404,352.1669691144295,449.4170136831037,469.78468352380673,375.57533714405236,0.0,412.65460521848576,367.9612422801384,424.2906440945027,467.42893847506997,188.38458048056765,408.1139246067416,477.7090898434562,458.6711368263783,319.08506445077546,96.39773485335856,396.1189520057974,301.1219741791557,274.43524874859565,429.96093947223034,440.78666925540875,270.5676943895744,308.7753217253974,280.7436208054877,381.393299009995,452.51714268126216,424.223179320428,373.79818355315024,386.7319192102442,492.4616329883674,441.9419758813069,305.28041762159836,378.78381466486934,480.56749303944326,379.5426151836052,404.253463211461,481.25159598421675,474.00715442041445,465.2610541662971,340.77555653805535,423.62859934539995,404.5503113733122,417.8737963799296,297.36226149422936,468.4460805084207,508.19624044176413,323.54730490870554,364.12805111559345,392.84654179478883,471.1564857936731,408.0426495653722,394.57663217695676,479.5343248272817,437.78400187512653,488.71159927656703,421.78036730385367,483.5893877535833,408.32781898416806,328.37922534563756,457.044875147135
1610555638.33wjf1PhdNaoWfbRzXVn50hmFyB5bYAiLV,414.63578869315313,469.39440287978357,402.7706938727506,469.7652834795812,411.8331504961155,398.044962792405,413.3196923835688,405.77626035169413,400.44527297785805,426.76780895770037,445.20722538846866,474.8032006333835,433.61852294856175,412.65460521848576,0.0,369.96712958884206,414.7257402837562,502.95062406578,401.9332431967716,406.6900918808159,477.9435117512144,430.8099238151341,358.15655264491073,402.58964507351686,391.62632644318467,386.44587551097385,352.95327473875085,503.77538743020347,497.3102782333409,385.4541020394562,358.24883518975105,370.3741949704945,441.9145408324848,524.0032575798825,316.2264860281069,395.0761049561607,320.36901292621707,527.3594628958488,431.9107944267573,399.884684415407,350.3385098356429,479.20403944686745,256.13299403217206,445.73726434028134,427.67498605813523,494.7672248374945,400.54479984734115,377.92679679646875,429.0119928215125,410.8833228352938,415.11858707164066,409.53144398290345,543.9924222918193,459.7215998006376,368.0363006571737,378.5100177645363,386.05956553550715,406.79563240122627,468.9557152060304,317.19517961396184,500.2909585607428,440.41492699127735,484.46411301238226,453.05009422451565,484.77241919245665,440.4677298307891,386.73850369322673,531.7732185571624
1610555606.65jCE4ig8Pu8kvAzkxnSGfWsV0nQBjCf8H,365.3649040722313,496.56093520982364,357.1163540114521,468.10746685686684,398.7226740913004,358.12743888207933,416.4085150649928,359.9725010308419,355.2962370067143,407.4243736931435,430.35478072266454,363.56575260392844,455.36170082154774,367.9612422801384,369.96712958884206,0.0,407.8024076433194,512.8933989010192,348.5946425969672,300.53197452793984,385.6808505013218,436.3339523399366,355.4230541579299,357.6313158782194,398.34941763074045,372.3277740785379,327.9805271695117,407.6409823500693,422.34407432646896,418.3723494262877,315.96745378853205,403.27813202425216,432.3028359680474,396.432744948241,241.77351051688348,293.1033518115713,282.9019116112754,435.7725152657615,458.4937393954314,367.0571198946162,321.6524071478475,460.74567873161124,383.4018346283813,465.4055528750031,461.672035735872,516.8099382332042,398.0549609494494,328.0019484985588,429.11444166134476,344.43498361225153,307.8172785617538,310.0223561750993,471.0835278411234,500.0665867688659,279.50379449135477,388.29419294126285,405.8870970516663,313.41535165393884,330.477347602977,375.01473441340687,466.79552801117416,466.0023844287395,404.6965681872386,451.99114896617954,438.6250172780715,414.9554629156908,309.9318998622358,497.56931185127013
1610555608.18ONsBCVo1i7BrX0XG9stct4oiA6ejX9Oz,421.2767662277742,466.98084575692326,415.44171339704775,421.04486061048584,399.20056473134093,395.79222970542634,389.59231179288,417.175238631651,411.6817955631587,479.6256377384315,236.7995288597137,431.10370058898906,502.58636444561785,424.2906440945027,414.7257402837562,407.8024076433194,0.0,396.56258570839526,398.0911183151215,500.61837286086876,415.9010942770287,344.02578988816697,413.89901845459235,415.46083843137677,373.47252300801244,378.28786030865314,407.4736234216492,409.0883101686571,469.23778747858074,385.9252870832885,418.27184993991307,414.8139225528598,506.3046554950916,514.9479633567535,401.61193402286744,321.80093165674117,433.4814076341294,514.9321281663637,382.95617492619647,433.46324106059495,422.75714035662526,311.2234534083465,420.9869700366421,442.9792837191293,422.6927224874059,398.22548711607055,518.051595117954,391.8666235429241,472.8328994299784,277.43096844322827,456.69733464819524,404.21277176571857,448.9540994868567,434.3322536388732,427.6430943142518,394.9458492307813,288.46153949448205,455.20082172008887,455.7548823385432,357.6139984340652,394.9513836777057,326.6611309245831,491.4706362362114,345.4444142068039,460.9813179576394,298.9101961210931,346.4640208484156,413.1409164652033
1610555721.51RNoQUMP19FTMS79BmA3JkgSm2IC2AQuQ,459.9614429414702,383.9544773933067,469.05034054165907,423.9256823485692,461.0456537168161,412.69030590105535,458.8572058757256,469.48355376577376,466.83776738944357,464.0091008974704,390.984238608067,413.9301977648663,464.57283731829085,467.42893847506997,502.95062406578,512.8933989010192,396.56258570839526,0.0,446.3528976099194,529.9596582724316,438.55692338978326,396.0496943867343,443.279359690306,471.8655893662862,434.15419200211056,409.32213454389375,460.73362342182503,450.77078053545694,482.8495084280257,424.02357114314896,480.64007720500814,439.15601073503484,467.40262616723504,515.0283415576025,520.882201177943,463.9307155115353,536.9029348922899,515.7180961572137,400.30440313607636,476.62557061687414,501.2242296915424,376.30084398340676,508.34419873598205,443.7869494575343,420.60354249389644,295.1291397356748,547.6384346043274,455.9740646997647,511.5217169522807,441.58188185775987,447.8592617133774,471.2734888581559,497.3408496657321,517.9195827208221,487.4732776134876,473.7304322243847,436.964651476194,459.6793471352152,414.98087026064223,444.56483785599994,449.4082063137238,401.3848331565216,500.38606078494655,414.81319529311105,470.9802559369636,416.726087821923,434.72443206604595,461.7348269991135
1610555971.86O0cHB2ibBJ8jxoObg01EpGe8VVV5mpwn,186.89632187431778,453.6855273719381,189.1330508295316,406.7958742647118,281.2106311033838,245.11001807756986,280.8860462519998,188.50083736154372,182.9020140270094,375.9555075063562,425.4174697713674,450.0668343952291,404.81208553907305,188.38458048056765,401.9332431967716,348.5946425969672,398.0911183151215,446.3528976099194,0.0,437.6362520834928,460.06700493888064,441.2317861581879,351.2149817143615,191.3412214409736,373.30543262976516,247.61176598612644,309.8538818408031,405.78954569187465,450.3941239776401,278.4329597101457,347.91438608232437,286.1309854589769,408.9029070197909,439.5007408928083,412.8598477324917,385.01337024011985,416.13618913964666,485.14479980869976,423.96597875667464,280.0414347622729,368.6295703958824,461.05452483090363,367.32604023647804,382.04270084901,468.0081198417932,449.5736127096261,476.1690803113242,319.1554768046754,439.9099047408979,380.29576664380744,395.03248802039786,272.80551888829234,438.9861412251686,503.4791498200125,360.8511809823669,386.2529262773692,370.5459652557873,450.5766133902488,383.7074844240827,374.16241557730893,457.17101628933864,422.06702112659843,513.3307471306717,392.66918136381344,497.70314159186546,383.56623536973274,301.74367308523955,433.35785550456643
1610556911.51zU3duZSGpcw1BDNsBLxdOCITAXwl6z3i,403.34224995996976,496.3914186207814,394.68760881276825,462.66869699775054,429.86658474657014,448.40132867571634,450.605255943294,398.2928857859062,394.3056918666929,450.68119416304904,489.96328120688923,334.0529251283307,478.3414400434818,408.1139246067416,406.6900918808159,300.53197452793984,500.61837286086876,529.9596582724316,437.6362520834928,0.0,341.6905470426737,440.1289453510386,394.0135231839325,396.1275370633234,472.1886751809256,457.5370325043028,362.5084451486027,412.6528410572307,440.9065997727228,475.100096977174,355.80516975161646,460.14759138470095,452.17389220569265,436.71850822155955,316.6630027908954,367.63151350721324,262.5563262092276,481.150147073895,505.0619623318554,467.63618862571417,365.04099372180826,480.59952200024253,414.7596708508669,422.519184829013,439.25813078946777,525.9804470457938,353.2469965222603,415.2135994948362,443.81941635210455,454.7624607492974,287.63233194033575,413.67559523636646,532.42380009168,508.0213121521688,311.7671022544931,424.79712442286683,470.3106065056373,275.1003768974851,359.8323609085067,446.9042692737917,532.2338931166073,494.8769786110439,358.7304030213045,499.93407401682566,391.7620904494818,517.6978031971199,420.65728675476225,556.7509097784101
1610555988.71dMoYT8250UHHJGxgmITTmbHe7V6gH1yU,473.4454282127005,479.8404491804154,465.4785357105939,427.6500782247057,474.053736281154,440.4231959871857,485.03422927325454,467.743310591696,459.35612451089435,526.0494885990446,405.42645012270214,203.3591331794809,557.6907405834335,477.7090898434562,477.9435117512144,385.6808505013218,415.9010942770287,438.55692338978326,460.06700493888064,341.6905470426737,0.0,370.27331808489544,477.5954975034495,465.8801017312156,441.95019340985266,443.4742009933051,475.46174742517724,293.30110663670473,461.3216796180371,486.8601728483238,473.1827311942578,507.25876245016707,531.2245921980971,462.0373060762616,381.09870985883435,374.26744780583545,410.43203338678813,499.8679195073066,453.821097866331,498.27153691574546,400.2535644850851,362.2770994228081,445.21651295576277,354.54481498820536,415.8722577517642,457.6926783824006,429.8189512340975,444.78523405734654,506.8475921258683,388.84024361282644,312.02676933669704,435.97291895846257,475.7490012098592,478.98051018156434,441.7765928460862,458.6645317245581,410.33283048339746,294.2329090806665,351.50300701559814,463.0613103858582,464.47440817106127,435.23503346027246,428.636499066325,431.981969167168,426.7078762099602,455.8386893277797,429.39725277707106,475.18925236428225
1610556042.81mlUZsSp7gbGjrp8jQSnybT1gPy6e62o1,455.5041833611326,398.78195967793255,448.61676603335314,394.5775900697669,430.3455065808612,466.740721002338,423.55541066049096,450.360439228799,444.39917915449854,469.7598478019956,331.66621434195605,407.59625142921516,472.68797142804243,458.6711368263783,430.8099238151341,436.3339523399366,344.02578988816697,396.0496943867343,441.2317861581879,440.1289453510386,370.27331808489544,0.0,432.34373421479864,449.0738479401777,442.52247208157985,450.5258797965203,426.18569141306705,332.25834528616934,459.9711565357115,419.46920292834477,437.86378157591366,417.8948123902683,475.5593796386542,442.95671189541486,426.96619337410027,411.1626917019113,449.467853717423,437.58891229047686,414.5127941154869,482.1412328906212,482.6816673206699,251.0366424703277,461.3829106159873,389.95594673946306,349.0764050037805,403.83447275037673,498.6341835187774,390.74077839235025,478.6810733001616,383.04814058329384,402.60947898086965,447.67818084369287,475.9570216458986,456.76597575704125,443.99853977117675,455.8283810808111,362.28143443254083,397.0478285334576,406.67010016011426,370.8410084247079,374.7792261182773,370.11268011556393,450.9801619567493,376.7225918677536,417.7323860782663,399.9686800856892,429.8350263312882,388.6213264975203
1610555637.02UBW5nKvDyUrKnaWcYRGajZPxTRDS0q3N,307.37336260316255,440.04476142908186,315.7572733049683,488.8215894787494,238.4013889149047,301.9312111984827,273.3030990710336,314.0591165042596,309.7465158726463,272.6252973674576,438.6378280826006,497.26196072637526,338.26768798522164,319.08506445077546,358.15655264491073,355.4230541579299,413.89901845459235,443.279359690306,351.2149817143615,394.0135231839325,477.5954975034495,432.34373421479864,0.0,317.85270895046546,307.4034933978081,297.7433402272843,178.44661035012658,498.69345159254306,456.9866853125889,257.50081646268694,209.33427131363484,218.01055478543972,312.8666127708412,457.68991508631166,369.18565425615407,370.3481231506465,318.1350464745195,454.8339356175748,401.85851643453526,392.4914088220608,371.808084964929,472.2225268196758,377.58063117765397,475.11586528838603,431.8776867189595,443.10859382890067,387.1842497434072,299.44328700793625,343.15261369307376,354.8124475756468,409.5017238759071,343.4142668845126,489.79103761294874,492.49594921683865,242.06253185058983,236.73204589634767,367.9556543347968,436.9587861434758,385.4715841501027,265.23250258040645,457.23429787405644,431.32848461533706,411.74080764421217,404.7088687873422,399.9572968028135,404.12082571689683,357.9100123934898,489.1375940806956
1610555619.13oUYNikU4facCTpUSiSLr0vPI0tJLnXiT,95.05417336814249,476.7844501732178,63.24726617201088,422.16825137637716,225.33043082853442,305.7550226803063,219.33751023863238,55.36211913364813,109.45200725376196,356.6466092022174,440.3776646442398,459.35711436363465,380.1468176272178,96.39773485335856,402.58964507351686,357.6313158782194,415.46083843137677,471.8655893662862,191.3412214409736,396.1275370633234,465.8801017312156,449.0738479401777,317.85270895046546,0.0,398.46135333053024,298.265349007202,269.5070865679717,419.67391905985534,428.7094254778402,265.8381980288239,300.70396391403574,285.5982028817182,385.431728861999,453.17549020738,413.742541339536,363.32852304073623,377.61521608981764,494.6242854977957,442.4105103048861,312.32418969305564,366.89671033168736,470.44774690187677,368.6287010301352,390.0723416317434,472.54964666818,478.34081538156664,455.74451442434986,342.5996871319509,426.13837806264655,392.66233275969455,408.0322971232098,291.5795184764797,468.82641040361506,497.23879265890884,317.9116794778846,356.5398592724554,381.0761765775408,460.81413942293125,410.00048789399295,388.4294361727502,482.4706776385791,439.1276029105187,490.5054495146456,424.4989881701725,485.4666406048563,412.2763267280756,318.0308038873057,461.0236851283905
1610555721.03nzkucfjAUh31zTbmCVvTVYqtjoxZFnBh,391.6728726512867,445.93882399780176,395.56705625047937,499.91819734443766,356.0414805956521,308.67236031146683,372.3589873613995,395.6798954157458,389.4158973144794,385.0720567487867,406.38535534790987,469.8584857355012,448.6397871153041,396.1189520057974,391.62632644318467,398.34941763074045,373.47252300801244,434.15419200211056,373.30543262976516,472.1886751809256,441.95019340985266,442.52247208157985,307.4034933978081,398.46135333053024,0.0,302.31284631658076,359.8718799921459,475.56835460945564,464.3491122174296,326.4219110406624,382.03244553562826,319.4513337683859,422.79884986111887,465.4563423062957,403.16762338750976,378.572471981889,407.41695228027754,460.79393177121165,290.82817461028264,423.77766268060213,404.1214112626608,444.11071113327955,357.85724024846587,477.24895514507296,474.6717719143002,397.06655057117797,433.1954441729729,332.58576742298465,374.3706761756316,324.90898946704743,460.9306536393572,384.8862168354514,410.97059229041474,456.9701944255657,392.77745646629575,225.9874573539713,298.31993815277866,444.2133544552767,425.7903228229958,282.56877461344635,434.5507712451546,366.71936001517133,465.6631661692755,323.52584461518137,411.4706612917757,362.20741832117903,390.0371071072079,449.7957312119439
1610555722.67fhKURdXVzRbLIjXmjRwdJHTnE7PWb1AE,298.3790685070485,454.24030759752236,296.37919646358034,466.9319683799648,318.85259732546433,99.77709186060859,315.01606214488135,296.59292718766017,290.2346364724562,376.62591797713645,408.88529182910935,465.2657728289977,409.66959565587626,301.1219741791557,386.44587551097385,372.3277740785379,378.28786030865314,409.32213454389375,247.61176598612644,457.5370325043028,443.4742009933051,450.5258797965203,297.7433402272843,298.265349007202,302.31284631658076,0.0,324.44489820060335,435.34026705684204,441.41064249177884,267.7155206233922,365.9215059094242,279.79051710391315,413.608458214725,478.8414496522679,430.7356527385169,402.9476446435686,434.29534034771615,518.3036160177193,377.77662736627764,372.1257112791291,391.2560980720008,446.7395583611873,390.37635467721583,410.88189242392275,453.0640076801734,407.88678901080954,414.5182313211208,327.35088044245225,431.1271298732327,362.8924004698437,406.12096207099984,354.38874577208077,415.46050358476015,489.6698647219139,380.22543390645694,311.68263035950514,328.5282953183181,435.38544482422986,381.83943327585615,294.0610748382347,453.06348052253566,413.61724396845915,513.3294727300469,359.82265904803063,484.695229547707,377.9071563245273,331.61539621863875,465.3272258276381
1610555638.39J2ZWBLuLTHP0jOlzB4tNHmYeijH5g5YJ,264.0038491128877,463.90168977256593,267.7612090095573,447.7452866088626,229.00682970664565,330.8548810911278,258.39222325247584,266.40639512606595,266.7641293862062,318.1137213000539,429.994447868021,472.1969216613009,364.41337146838754,274.43524874859565,352.95327473875085,327.9805271695117,407.4736234216492,460.73362342182503,309.8538818408031,362.5084451486027,475.46174742517724,426.18569141306705,178.44661035012658,269.5070865679717,359.8718799921459,324.44489820060335,0.0,488.3894403152107,447.4725735492429,293.7744091662373,156.74599500037692,260.5026530477221,351.84045298679115,463.4307878061729,342.7828315130389,337.2007546387502,287.11186313417596,463.00002077265816,433.06282869827646,349.6014998863924,334.1606950420399,461.36398334984716,379.70434449357424,461.850479635856,421.9378887399374,466.74727337719764,416.96230030015215,289.15914579162484,387.4903049772934,352.6973700395166,383.6476361095697,305.41101612731734,484.0984290762069,488.31165828518596,197.58445976043518,298.0784191625555,360.94724052240315,438.66423162836537,382.21982481867,309.8679915445146,455.613576974942,428.7454628560764,417.6122584467808,399.8138180650934,403.98537169796145,402.7758303593376,299.7654557693264,486.20836887265096
1610556032.17Q6yCDx9g7alRnL9jBFXD2JhhUyB2hKfJ,424.9294377618262,445.68897138547305,419.56058480421655,395.11510557133374,445.5057209570487,429.3906746751028,441.71398612350094,420.48508190693366,414.47524163677923,501.4149008097066,394.3805286300243,332.3640524247252,507.23034968368785,429.96093947223034,503.77538743020347,407.6409823500693,409.0883101686571,450.77078053545694,405.78954569187465,412.6528410572307,293.30110663670473,332.25834528616934,498.69345159254306,419.67391905985534,475.56835460945564,435.34026705684204,488.3894403152107,0.0,444.117339137396,442.5912534940634,500.2628819699672,467.63828419388386,507.77866601598987,432.3722269071542,448.9358067987272,397.91222111876147,471.23749203064045,477.8257382283059,452.9351877268449,440.117941713262,469.5631887870206,339.2542956109634,470.96282440803395,330.5437526032653,444.6167674793658,449.87668108302086,485.43578513500836,418.7595161213104,503.87026959856547,415.6881473027048,359.726927556721,413.44708194906,424.32086865753735,506.0790300623662,469.983745888894,487.6501479594892,391.25488438762267,359.256208016684,366.29165798800454,462.84976215818017,419.08333381257546,447.33079614848805,474.3954263279682,412.5590117322299,470.2762073635054,432.89244982715803,412.0585215426257,374.0532194497528
