,1610555604.25mOvVXuL01OCiReyVWBfesjuvXmB3MoPy,1610555605.43B6oDsBtWRQ29Q9UMQuTUEPZy3FSSWXzc,1610555610.92HPGJJSmyPM40z7otPBgHalNrHFA7zk5d,1610555606.68LaSQbm9EHAFycEfFtEqAwYqlBsQPjIRW,1610555617.19EKxMEwDHfXiEJZc27TsGoERaD6Da4BZU,1610555722.52PJ3FD50MGhRXyUD28vluU8Z9UjLJLZn4,1610555617.52Ijr5puT55g9apK8auM7zaxa3NANg502t,1610555638.77ZLjTLkz4jYJdFMI2wWBztzsDILkoOtAk,1610556912.46C7tJPLF0XfNnm8f1820X9aLmXMHoc0Dw,1610555617.51LjzIROg0aeCP2GhDcAVQ0LipKJB9jmKc,1610555608.17OpjjHobqRkX0UPcaXrbu7K6L3805SZri,1610555721.82zWeNZfGUUfRJkgnAwlP8VMhPzXctnSd4,1610555735.75bom85BDF0C7W2eIseHeMxi24qR68nzMi,1610555735.77NnT5xqKnwcf2BbjIekeb2arTQj6QMNwk,1610555638.33wjf1PhdNaoWfbRzXVn50hmFyB5bYAiLV,1610555606.65jCE4ig8Pu8kvAzkxnSGfWsV0nQBjCf8H,1610555608.18ONsBCVo1i7BrX0XG9stct4oiA6ejX9Oz,1610555721.51RNoQUMP19FTMS79BmA3JkgSm2IC2AQuQ,1610555971.86O0cHB2ibBJ8jxoObg01EpGe8VVV5mpwn,1610556911.51zU3duZSGpcw1BDNsBLxdOCITAXwl6z3i,1610555988.71dMoYT8250UHHJGxgmITTmbHe7V6gH1yU,1610556042.81mlUZsSp7gbGjrp8jQSnybT1gPy6e62o1,1610555637.02UBW5nKvDyUrKnaWcYRGajZPxTRDS0q3N,1610555619.13oUYNikU4facCTpUSiSLr0vPI0tJLnXiT,1610555721.03nzkucfjAUh31zTbmCVvTVYqtjoxZFnBh,1610555722.67fhKURdXVzRbLIjXmjRwdJHTnE7PWb1AE,1610555638.39J2ZWBLuLTHP0jOlzB4tNHmYeijH5g5YJ,1610556032.17Q6yCDx9g7alRnL9jBFXD2JhhUyB2hKfJ,1610557007.49MyVgDnuUuBxrvL6SGOdhKf69VYlW1MSm,1610555638.44hjT5hbYdKoE3MB6hijrjqbjmLgvCUYKD,1610555608.13zUvmFSCRt6SsLbhqFznMEvGx54GPGQzM,1610556038.62a5C4ynd1AARyAhTv8a58NCqHvXRjscqH,1610555644.45Xse8u7pusHNsd7F3d0A32HXvXr6weOJE,1610556038.62gKXOCG7XCn55eJvyl5voNjbwOW0znQDq,1610555987.13v0oleKK97pkesp6oMgprH8SoSdoDVdIO,1610556964.96ZLLeiQW0qpmxhPGTg7K03fmzkqsC2bjC,1610555987.13VQlEedQ50VvkPMEMzZDv3KNnQCewykN9,1610555982.186TY6MMGkDecIN1woW6vsfAMXVV7jnyjO,1610555982.673LuMndkwkvdmZOn0MmE2Pkidx0FtNalb,1610555733.38zItcuH7gHNfKdALR2d9Nek6bxCyw36Vm,1610556034.15BQxSbZINGCay0yp6RBVlgcPrw76Yn9ON,1610555639.37BPZpgtGml8qUsh9AdV4m32jPLfI2aNFq,1610556965.57S0adAalhWYe6K3bkZU0bRHbqnDK8gGkR,1610555983.54zteLPCMjyrjzPdhHhlZr3faCgD0TfYr3,1610555987.79rHnNRmt9a0ufmnwCvZqBouyUoZDNpylW,1610556960.041xWER61rmArlsKfiMl4frikWmUCnQ7op,1610556035.13a7NHZDutfTMJ88qle1gTYY59Dr4WmMsj,1610556890.456ZBDaY16bMtrTZTqAgHl3wq1tRxzqDow,1610555760.24e6890pkbyZ97Or6croI1rQgjkSsR0yVt,1610556043.02YpWMIJg3W004iqlPyv8OcVAZdSC5rNYw,1610555987.03z05P26TLtONYM1HSzupoc2CeNMa6HTqr,1610556032.15OYCzUxpsz7b10AXBAuDXrvEcvxFhf0M7,1610556032.63Z80yI9pNwS3jSmsDABbuhf8wkNa2Ze9y,1610555736.28eGuESasTXdR3SqY6pHhEXWZtcdciYLCO,1610556034.61bebeZA0MkaFG2sm3VKiqrxeqQginTTW0,1610556944.5XwXOphKYT3ZkWA8gViqOS97VHVuMVUqb,1610556944.745UVLFBzf7fPh4UH37I6tYQOFPqRDytEh,1610556034.63XsUwaFaPZevO1JNFjfhvY4aKNFnV4noV,1610556964.89xwBHw9faT1HjQRMNQEyA4qJ3hWkwgj3k,1610556966.74DydzH91jtyvRyYau47JpVkZoMRSNTt01,1610555740.77UueVziDbaXyRR4OcVJIIZyzOfAzN51bj,1610556046.84e3vwjyRCzqz0wJQhrk8zsxlFfFSv98Df,1610556137.99eoPuVrDThKAOvmeprLPb2FWRqIhzUodc,1610555740.73XFwSrmTXJPlaxGZSefh0jOVA8PI3III1,1610556123.88AOfNaz9jSnqU5Czc7okOv1RCrYfKFBTo,1610556046.85nB7NvyoYQeLcOV391Lmmut1wAM8CFGLw,1610556123.89H4pdIAzDthI7bMXMhlIhKUYIQIvtmPPQ,1610555740.87GOYQUJKpkynIS2lFqppYK4b32ol7NeGh
1610555604.25mOvVXuL01OCiReyVWBfesjuvXmB3MoPy,0.0,147.89474719981573,40.792014658132636,137.91391640511154,83.25440104950432,110.31731252338271,82.16491975829183,44.28950750060286,61.30624226808963,118.53618096386718,148.82540791404548,147.8518157543369,129.58492337744215,61.700901580369084,140.84211188405786,128.02500242389414,149.09119060268907,150.55524870753968,86.09455502789076,131.8023615286699,151.5575646429706,151.1928088478709,105.04866391195752,44.03200430406886,130.80584230187097,111.93958608318111,96.22665572818117,140.6724981747328,141.22466066098147,95.92172285875104,111.77846935350055,98.12991753783587,129.24412801285897,141.66012669217832,140.15107822191925,131.13706504041136,132.4698721261489,148.4977326677618,142.75317817174349,120.3503694282546,131.06576289951528,154.50603028429487,132.4547072008402,129.12269695587048,152.8731333528324,153.15190173269852,143.6392642801739,114.30009824321826,131.21526339838925,133.25272102304834,132.27253031991225,107.28037911736193,145.9961564988988,158.55501651840962,114.09999499700059,119.16002949966408,129.78621174445513,145.17519121830227,129.37837111882448,125.52190161715397,154.83449222967135,151.87956367446188,149.0519516886326,145.51737010736207,142.10781482246517,146.06904679923906,117.75938074813638,149.3825689820197
1610555605.43B6oDsBtWRQ29Q9UMQuTUEPZy3FSSWXzc,147.89474719981573,0.0,150.99457892897345,112.47574839526877,148.43973184673794,145.9460198278226,145.85776657744609,151.12625961001598,152.17315171993226,132.22250421848682,135.2626334055526,151.42611242377347,130.0406823393305,151.3592088501243,149.0197123145625,152.72461449750836,148.7129313903639,107.39921402454823,145.58175388276675,155.87094535560402,154.49267822525547,132.90817469737564,139.2724587775907,151.34198541586025,142.68139749510985,149.31227364230838,148.83754345119013,144.70135731731028,138.3198265083047,131.9681391275186,149.86942144112942,132.90179270651572,132.21041425468002,129.1729586370067,151.16723838710445,154.70219682122237,157.15236637092934,120.54426136587415,113.97116021851113,159.3654266556112,152.03955073762205,145.1325973416112,156.075354765282,131.4073080066683,108.93577046024728,94.63459158941058,160.42963126750124,143.58958005374382,128.91939427685227,160.43580029130712,142.30107987522817,152.05316499697102,155.33170047069257,140.34243482576238,151.09938154170425,149.91445298330802,151.9702947503849,140.9156275033859,142.81201127249068,139.20029675836273,149.36525802222712,148.04768231732288,129.8075461873519,151.42393115601496,126.76396178013105,149.87406783349266,155.43603668893786,148.63673163139381
1610555610.92HPGJJSmyPM40z7otPBgHalNrHFA7zk5d,40.792014658132636,150.99457892897345,0.0,136.7634952683053,85.94982624686612,109.82297253176807,77.4133095692069,40.14377968356719,61.87181484791702,122.93457623756088,147.57123992293666,146.28656734915214,134.5687695548819,54.779436701108324,139.1946543875308,127.01509513622901,147.88499383260034,152.12474731510383,86.37525057595559,130.76230695465318,150.10929846910105,149.76299843556583,107.51397200029177,40.117878282828904,130.76679361225615,110.80203300617477,97.87518901981485,139.28206872629346,141.08292152091957,95.19679050931985,113.06590342289708,102.23617565597365,134.07554582767582,144.10819641260022,139.19522891423776,129.77790054838886,131.2719977221595,151.53645467468888,144.5377759146305,121.26758446885789,128.61237851181716,153.60994230007913,130.93913065390996,130.32728600789648,152.37251367792035,154.3047810321108,143.18043768892807,115.89323100450294,134.26041678071456,132.4863093357002,131.80199032153072,106.57256366568305,147.20376904150976,159.29699453985006,113.82027569874029,119.7962750225065,127.51213548560953,143.51511614453216,130.46094013627214,123.62870677838139,154.9472378112332,151.77272945198462,151.9240649037097,145.024109197791,143.99238216706618,146.1662040784731,117.6376576807587,149.1909608496833
1610555606.68LaSQbm9EHAFycEfFtEqAwYqlBsQPjIRW,137.91391640511154,112.47574839526877,136.7634952683053,0.0,141.04103986741345,147.90058128916914,137.34585049435623,137.25052697481246,139.1851135134612,152.4106434358016,116.97438765267952,127.49190543199688,156.06546472652863,138.14141203188476,147.40489291171758,142.49431175905792,138.73170317628666,130.7848330936002,132.63568308718777,144.00654232744284,136.09260068097973,132.96618267873555,148.6643467878409,136.7768588458048,154.52541216496772,148.9838960253237,140.34145690211923,129.00107174978427,140.06251268472036,135.19151612333172,141.5247947318985,143.63887102629877,155.8162031922446,148.9020503034552,136.21208647628012,127.72924685989427,144.4887300441361,141.09242019409166,131.4402482409267,145.11828749973614,125.52284791333447,127.27689711900175,139.78373206957355,118.37431227464494,118.32228397859849,132.78062867207973,166.6907701153639,145.36994161129894,150.5667395120186,148.0891957147938,129.78636900080505,134.64110355950956,160.00415174568005,143.96175372007932,139.96241943603192,155.65195673492022,142.7802738591685,134.9817696444344,141.83789948943075,150.16989136991887,153.68184904089628,148.44899479908042,138.2250244818786,149.86154774795122,134.72557791780258,151.66707871922782,134.01182451915776,149.10673989045665
1610555617.19EKxMEwDHfXiEJZc27TsGoERaD6Da4BZU,83.25440104950432,148.43973184673794,85.94982624686612,141.04103986741345,0.0,119.07079981173013,69.6352118965487,86.69768886911483,79.21313324009488,118.8089888548206,145.22504253159815,155.96101894129242,134.333826866985,87.17836760851254,140.40857283798377,134.01151826706948,145.30698571564585,150.99082186964267,105.88513355316316,139.11757595935305,154.37115069089538,145.62184354732858,81.83482574783166,86.54852248262432,123.55752063626299,119.34041967020057,83.03432341100225,147.59977051267217,146.99643065649204,85.13118414472402,105.40146875766371,83.51301224377261,130.28928529282396,147.05052741322078,138.41860485044742,130.36930033378982,128.29875661092296,145.30560722729507,142.60459572296483,128.64459552529382,129.67404442355326,153.3104321157494,130.08112659471493,139.49103496255842,148.11214542686378,153.73737344584495,142.64068059915058,113.70844683028355,128.33053188158252,121.80164150489125,140.9557655070647,106.47815833138729,153.75092336117123,157.40142630552484,110.10482010620503,104.51501840586066,123.01372841821185,153.40334575623925,136.73278624135153,115.73296810366955,152.48244931542555,149.1769161940285,146.09835096629416,140.30228692377887,138.36114303105805,143.82715551305043,123.97483530868982,147.25945535350712
1610555722.52PJ3FD50MGhRXyUD28vluU8Z9UjLJLZn4,110.31731252338271,145.9460198278226,109.82297253176807,147.90058128916914,119.07079981173013,0.0,114.22536646532978,110.00220572189842,108.11230206469625,134.56403122282993,140.78403278051059,147.07565243657365,145.14998006385886,111.05916674918082,137.5508492316339,129.3634202837435,140.71753467935454,139.1795076224349,79.36966475892261,145.82553388233916,144.08509326844384,146.86082262009404,111.98351722548064,110.41481712034651,118.03559450061888,45.591677896063416,117.33091922568917,141.2476914610954,145.90859875076015,104.23588272937465,131.67938181972133,105.03291887670737,145.42202852776245,152.38717378910945,141.40644087126333,134.86749255134396,144.32078842632723,160.98861861791013,133.28458441758644,128.8498160001679,135.04910683331482,149.39049300140022,137.99705037842685,134.76906056084113,148.65169931109315,135.7069588971988,132.65714085991027,115.89127227835068,146.228824177039,129.15420045582408,130.10916151297957,116.04358169194015,140.19802080823732,158.18027905528987,129.2416246396024,114.06015407002575,127.52210997784613,138.2432604086001,124.97325999700709,106.63851994837314,147.49071758895678,145.2372909392627,159.77289493096086,131.64535481874086,154.67310858509822,138.0762171024588,120.70133647538007,149.39166746093653
1610555617.52Ijr5puT55g9apK8auM7zaxa3NANg502t,82.16491975829183,145.85776657744609,77.4133095692069,137.34585049435623,69.6352118965487,114.22536646532978,0.0,80.1002613980044,87.02863836571196,124.88560060809891,140.92784696930192,157.0306579879159,136.28276879435518,75.53436379351612,140.38644201432064,138.7675082840366,142.1150890781329,148.0383098813097,100.73173130915484,145.58114013345616,156.88267859143338,142.4149981254677,99.96042787168392,79.6578082409046,126.87502091448864,113.71749957745332,100.25633146102497,145.08201135658638,143.903396276733,69.14296771209607,113.16791880108953,84.08121572474462,136.84040026352878,152.92895672185338,143.4582985681277,130.85595180284963,135.53778875315908,152.1281670604712,139.80595268131773,126.87519230010398,133.20067830643922,150.79435844376738,134.21490708276937,135.86982001531177,146.48799341539456,149.888024172413,150.25580346893764,115.47400556065675,135.09019693262482,130.4772077450397,143.23114265051387,108.681798827328,152.04151503663394,154.8053363335599,116.6289711325185,112.05079243801893,122.23724055575032,156.82377774433004,139.55013097162498,109.78465669803406,151.45990332130486,146.6995369414897,153.4902123160892,137.59964629960973,144.49414659918818,141.84874879317655,122.97257007657755,145.83431823707755
1610555638.77ZLjTLkz4jYJdFMI2wWBztzsDILkoOtAk,44.28950750060286,151.12625961001598,40.14377968356719,137.25052697481246,86.69768886911483,110.00220572189842,80.1002613980044,0.0,64.37005164087593,123.33047872353316,148.07055880670143,146.06516489707786,135.0929008700856,45.66866084028413,139.75487664632576,127.82399144734859,147.70664135696097,151.68941279650636,86.67531201761524,131.92308793112446,149.8992386754298,149.79108717518795,108.6628113437553,35.85417440794242,131.21821404404892,110.85049841188427,99.4099209721272,139.1559246562754,142.476378461826,96.82725180557517,113.9049779565114,101.67451732705409,134.57583627982058,144.60806197577935,139.6854015226865,129.92087891553618,132.6910775874134,151.82856131594298,144.6865531101198,121.39115319828927,129.79992824117235,153.0372151656294,131.22263652916195,128.58169006478133,152.79721921937815,154.41465417755074,144.06371258685135,115.93684699919162,134.8882901041882,133.4278770372851,131.39782951163784,106.91939912326976,147.00522081221393,159.49498760240505,114.81477912880905,120.32472126160643,127.47198104482646,143.93799435045096,129.90425207226133,124.2767101610844,154.52385394267546,151.69075125432764,153.16963989189847,144.03665718623887,144.9169452607418,145.91271272581886,118.97957656863709,148.92724082235281
1610556912.46C7tJPLF0XfNnm8f1820X9aLmXMHoc0Dw,61.30624226808963,152.17315171993226,61.87181484791702,139.1851135134612,79.21313324009488,108.11230206469625,87.02863836571196,64.37005164087593,0.0,123.64677670033932,148.09210531755497,144.18597953586695,136.06590099421922,68.48997374108005,137.17651225626506,126.16824085865619,147.13793761713657,151.7345895486772,83.2988994398526,130.7357247053162,146.20418986720705,149.12319167775934,104.88974334112032,63.01184025292176,128.78437028054802,108.42328568245334,97.25536453087189,138.26774714889865,142.4921441554926,98.45304418491446,112.97932367995993,100.87878403835865,133.912069678521,142.22013720879585,136.8183679618761,127.20422799161307,129.68726834746394,149.9832178054306,145.1206986669974,122.39030959798822,128.62974303820405,151.9213750367256,127.10318516356163,131.49653681720915,152.7799168982935,154.32250414770766,138.4258260755204,116.03383898303795,134.84686877270974,129.01432155433673,130.25858170577138,104.9135275433619,148.20982563213914,158.30561298535144,114.94267667582959,115.91398372149943,128.00424267297515,142.5019070140186,128.87506014863172,124.21374784855271,153.08568550311597,151.32459024754294,151.22070611104283,143.19869154342797,144.90932153938834,144.45928871498128,121.27243703079895,147.6068456499443
1610555617.51LjzIROg0aeCP2GhDcAVQ0LipKJB9jmKc,118.53618096386718,132.22250421848682,122.93457623756088,152.4106434358016,118.8089888548206,134.56403122282993,124.88560060809891,123.33047872353316,123.64677670033932,0.0,163.38904868628686,165.5893493566342,75.18139822273393,125.92373402805453,148.8821146763874,137.3832165117587,164.82333389308226,153.40473212929996,134.30766096396079,143.62908216124828,167.1787227013969,161.5637089269517,111.8490916535874,123.76368351207736,132.08101666964632,137.40569229467934,118.31257731261351,160.35694323956503,152.70058424673152,120.42791321191373,118.79002458647774,120.27098186784056,56.9526994797877,131.4567906320867,146.87473403708626,148.8258918215704,141.1688855939458,128.1388649241968,139.76485943025733,136.9180240579695,149.893545584928,169.25051351244574,142.97916706521224,154.7095817512569,156.93956419578734,152.936720878975,136.85460936233883,123.8881571725617,79.94480865993314,144.864892446754,141.83939452453666,128.74124777777635,148.72219596293294,164.18540236659686,124.85194184035623,131.76644682350314,149.88503131179235,147.2112376036445,135.08754565521133,136.61150421903199,156.2537207154053,165.65579509097293,134.92959546150726,160.48452211347538,124.23844099501765,161.3582277685857,140.49478531280639,153.55383766788916
1610555608.17OpjjHobqRkX0UPcaXrbu7K6L3805SZri,148.82540791404548,135.2626334055526,147.57123992293666,116.97438765267952,145.22504253159815,140.78403278051059,140.92784696930192,148.07055880670143,148.09210531755497,163.38904868628686,0.0,139.9055631514393,171.3775076051996,147.94450402640888,144.58841083418585,142.10999059413814,91.66875603144094,130.66322741157825,141.43216096033757,159.23890917473875,137.6432272698022,122.44260626185638,143.90864778775585,147.7016627206577,136.061891277201,140.37460840810485,145.2362058588076,137.3025041204266,139.99752041278,138.060554874634,147.6728680321465,142.80922682832417,170.94701812473394,162.73065130765605,142.9993617357934,125.68916527617326,151.6907425298894,153.6068913258721,131.51352389862927,156.4256133598527,142.83404250695145,111.50570022697427,146.58098778914052,141.2217670343437,135.18565316371664,126.58500518262534,170.27883450981184,145.23211298655545,159.35543038562696,130.10489012116162,145.74134279489323,145.83791421706798,157.7979912686799,142.32232981121308,147.48926865561637,139.14029444866395,123.43857643858054,147.05264679593674,149.25890105771526,132.79657832357444,142.65266235042668,134.63401051671053,150.1128083913721,134.67912147151947,144.79047354663848,125.85728499436003,135.80742917042957,146.433546011956
1610555721.82zWeNZfGUUfRJkgnAwlP8VMhPzXctnSd4,147.8518157543369,151.42611242377347,146.28656734915214,127.49190543199688,155.96101894129242,147.07565243657365,157.0306579879159,146.06516489707786,144.18597953586695,165.5893493566342,139.9055631514393,0.0,176.74695549724814,147.68124165348684,153.14532835150973,119.84995632461386,147.25928866013146,132.0474537080932,145.98157868963227,116.30764981765108,72.68802937950232,124.00592284811172,155.0369042084993,145.32535676456075,151.0745631801675,150.07821455592682,149.24926052882407,109.64570510540425,143.26412127393877,156.61199849533998,151.71197756066096,161.58520653263673,170.2299713985577,148.19145589092764,120.42491679426476,118.52393881349984,136.13672086144402,155.35388569073214,150.6298770817222,154.42298050425148,129.03943577575396,124.82078246423401,146.21511688557902,122.94997558589138,145.93286106447613,149.26651182032202,145.08194940635698,146.5717284078831,160.50699343879126,141.31174682158564,95.15174482493666,137.34402179397821,159.10111633968762,157.32646919461118,138.0304346888871,152.6070120610968,145.56973293372246,98.61783212331491,117.23735420803841,155.1231236163553,155.60944513667653,154.15004315724997,141.79571242460386,154.04081644341116,140.6986589368399,153.3401430218,139.1136257448107,156.56993465773095
1610555735.75bom85BDF0C7W2eIseHeMxi24qR68nzMi,129.58492337744215,130.0406823393305,134.5687695548819,156.06546472652863,134.333826866985,145.14998006385886,136.28276879435518,135.0929008700856,136.06590099421922,75.18139822273393,171.3775076051996,176.74695549724814,0.0,136.9170200252873,153.47063672216535,152.07316535779046,172.91761454023833,155.7755356295429,144.69327921103462,152.8647131360931,178.91652344179198,165.78789624920674,129.19165983482822,135.53762499416666,151.4870353384715,148.09511775616676,133.4681839628724,167.624796262425,151.7845311960256,131.64130971192097,132.26120514842248,130.54179169762463,49.185438568363914,136.31213484059828,161.06256788663026,161.61287148420024,153.79974372880758,133.0051949510362,144.12203225489515,143.71510141030367,161.7411606708991,174.7498743911146,155.5448755313368,158.02420449984,158.17852480837976,154.2231588716355,148.13426772011832,139.03501890330415,113.14818635243425,160.0478096264723,154.55881073299477,146.36906151797,155.6924969753921,162.36773498919388,139.08244964849533,146.8506842619018,163.0567419964706,160.4723723939773,148.6514066474341,149.07129923084284,161.0691216726755,168.69580766250985,139.4638401067375,168.3318097731566,141.3850799955222,167.6679609298366,150.3266835684498,159.0415496823598
1610555735.77NnT5xqKnwcf2BbjIekeb2arTQj6QMNwk,61.700901580369084,151.3592088501243,54.779436701108324,138.14141203188476,87.17836760851254,111.05916674918082,75.53436379351612,45.66866084028413,68.48997374108005,125.92373402805453,147.94450402640888,147.68124165348684,136.9170200252873,0.0,139.2277924275675,130.19835147450226,147.37617870896509,151.0883421712949,88.80275647018686,134.949879142872,151.95092976624005,149.16327214876347,110.05088943306379,54.367203075306946,131.15600697442787,111.19233109598852,102.48089920220494,140.81178860197102,144.7446016437312,94.81798081889387,116.28224679157806,100.33029801406083,137.09437358317533,147.39700641580265,141.44683242908388,130.50397035379027,134.16187762805222,154.1157202883471,145.9172652289061,122.16661398088776,131.51780873981667,153.9543400558958,132.3130927275699,132.92498518064835,152.7542476626066,153.73579998867717,146.1566118536188,118.20951042311303,137.3071172226989,135.5096680321585,133.68327656489177,107.8179430465447,149.24689594762063,160.94042555944887,117.3591153955555,121.54467993573793,127.60656371512422,146.43502852856537,131.83490979575362,122.8753639251272,153.84638451441376,151.0602825048863,155.3319585281374,143.02714558569392,147.3209044220978,144.6229370794927,121.12155523611084,148.04566120607936
1610555638.33wjf1PhdNaoWfbRzXVn50hmFyB5bYAiLV,140.84211188405786,149.0197123145625,139.1946543875308,147.40489291171758,140.40857283798377,137.5508492316339,140.38644201432064,139.75487664632576,137.17651225626506,148.8821146763874,144.58841083418585,153.14532835150973,153.47063672216535,139.2277924275675,0.0,131.22721909423504,144.31514683159077,155.78245775160906,136.24473881075448,143.26718775551214,154.60837883558807,141.10509522055384,130.0889976142627,138.90595274342496,137.6622828498635,137.56143609748673,130.0098491100986,161.64228278729638,153.0299114179035,135.05853559545744,127.19025705149251,133.15063052575883,154.35658872034622,165.87003061181417,117.56991981571522,131.80719933260625,119.85788239093282,164.69927432658974,144.4424523115609,139.68857289102303,117.84854154906607,152.2842186621524,101.59483696706744,146.83986653032312,135.01204609080673,153.7400336927325,139.77455136002695,132.51258904744057,150.46448623581628,140.87913977418864,139.91624896455173,137.09109771426344,174.2211415735172,147.94299416832934,128.35669940346511,135.20581472714224,128.47228136597766,139.30798718013958,151.7428288521736,121.38797849449941,162.92625647670505,143.45301005470606,157.58882341996156,153.47760934828742,156.22900419455908,143.99429378233975,137.46685292679106,168.86225312709902
1610555606.65jCE4ig8Pu8kvAzkxnSGfWsV0nQBjCf8H,128.02500242389414,152.72461449750836,127.01509513622901,142.49431175905792,134.01151826706948,129.3634202837435,138.7675082840366,127.82399144734859,126.16824085865619,137.3832165117587,142.10999059413814,119.84995632461386,152.07316535779046,130.19835147450226,131.22721909423504,0.0,143.53472617242252,160.3641409555118,129.129166943875,105.58170226537902,126.15702599105744,145.0771939054594,124.31576245950951,127.13669938386226,135.43028412642226,134.0295440164043,118.72845183813554,130.62060712897076,130.65776043844429,138.26704830512776,111.89063498582694,138.08693333758805,144.70571278295859,120.36385212044563,85.74465675641308,102.92371339875218,104.14091400782414,123.51364647603704,146.06553780056302,134.10661363832926,114.34946987863276,146.68961780633143,133.13803906583755,144.7658428812528,144.38324924705574,161.83413481217022,133.35283132630033,118.97383045264255,138.38897146292337,122.74069102164502,108.78372010125918,120.94433680167863,144.8385599082494,155.4523615870913,100.21783650689726,133.65305574969372,137.18899691701546,106.4099746724729,114.42289933087845,133.7348834695138,149.3560682863795,151.8168701937676,123.52845589738627,150.14994524364323,132.99824710987644,141.5596321811264,116.48352465174443,153.22241559842288
1610555608.18ONsBCVo1i7BrX0XG9stct4oiA6ejX9Oz,149.09119060268907,148.7129313903639,147.88499383260034,138.73170317628666,145.30698571564585,140.71753467935454,142.1150890781329,147.70664135696097,147.13793761713657,164.82333389308226,91.66875603144094,147.25928866013146,172.91761454023833,147.37617870896509,144.31514683159077,143.53472617242252,0.0,137.28279069833624,142.0282422829592,164.4367201959504,143.8644975917513,130.89598531332393,144.2563152348985,147.40876105494738,135.50683274808694,139.0551653923817,146.21850585385621,145.12205772567336,154.97603512709958,138.73919663945426,150.21702465452182,142.3345896168031,173.20873820196095,168.02772345429878,141.7048357091185,125.187695214365,151.33863350424951,166.22303173149663,135.69951267031408,155.91109338888126,143.82993032072324,122.36122881877901,146.18027269663835,149.13252267681176,141.32670522331725,134.3824756280948,167.2424860406368,144.1733986795008,159.49306799046903,127.87304489863195,152.62226721932393,145.99975703650546,156.08598922619157,145.36457865307864,149.32683332695007,138.1429369925284,120.63047178102055,153.1070207502111,155.91413073589388,133.11047395386632,139.97991824623807,126.9825483449727,159.571696291093,128.4742316809684,153.89338440365435,122.91131364392129,137.2699971095632,144.79520075278504
1610555721.51RNoQUMP19FTMS79BmA3JkgSm2IC2AQuQ,150.55524870753968,107.39921402454823,152.12474731510383,130.7848330936002,150.99082186964267,139.1795076224349,148.0383098813097,151.68941279650636,151.7345895486772,153.40473212929996,130.66322741157825,132.0474537080932,155.7755356295429,151.0883421712949,155.78245775160906,160.3641409555118,137.28279069833624,0.0,144.98828050965307,165.32957548685812,141.3888219393798,127.15916718836836,145.24378270713007,151.45170433588245,144.07251564193774,141.33817249195943,150.80784887506923,145.27155758617698,152.17227491030764,137.74009060005443,155.96125770009283,143.78629871810318,156.2499652356071,161.1302835705884,162.58448797444117,150.1699500497288,168.62303121566495,160.05734302546705,130.97787279947715,159.3421558425792,153.16956213114025,129.10860547390854,161.4476334599366,139.38127849811613,127.63762129505362,96.037422063499,168.67541219888804,150.06318677413645,161.75527896387078,152.83854432758372,140.3734498688218,152.88719578867264,162.85549535753037,158.77613018542866,155.81893789164886,151.339571880775,143.71211135362233,148.8881139559092,138.5424336253436,142.38358528011094,143.31911183723977,137.59217526768222,158.8301144385689,139.4632998604068,152.18418110847452,138.2545551042423,149.33823575684156,146.743064153578
1610555971.86O0cHB2ibBJ8jxoObg01EpGe8VVV5mpwn,86.09455502789076,145.58175388276675,86.37525057595559,132.63568308718777,105.88513355316316,79.36966475892261,100.73173130915484,86.67531201761524,83.2988994398526,134.30766096396079,141.43216096033757,145.98157868963227,144.69327921103462,88.80275647018686,136.24473881075448,129.129166943875,142.0282422829592,144.98828050965307,0.0,145.18792810555843,148.84104908628973,143.3558566023361,120.27694239555169,86.84011662881849,129.55413664453386,86.50468169107072,113.62275493073447,136.66239159297825,146.61909824858637,99.45124402269903,128.1304454781188,102.85032229447519,145.09773341235666,145.9727063760296,140.67384218231314,133.33853665377936,143.0139468468974,155.14148279355942,141.17762567402002,116.30062124602712,132.23399297659884,149.52097623832677,130.05860300592667,125.71427485463417,149.1009034261716,144.98488101461666,148.16568290929746,117.057379309276,145.73792140796698,130.84785067483736,130.71574808279325,102.96762712337635,144.65406013840777,159.31894757788564,128.92920039074693,127.97547574303766,128.99983546564656,143.64323296780753,128.9058878542152,117.60225310273496,147.9527121104098,146.7666823839511,162.47672600865258,135.0440379076914,155.1688182658627,138.89334249251328,116.60046261897841,142.66524481059528
1610556911.51zU3duZSGpcw1BDNsBLxdOCITAXwl6z3i,131.8023615286699,155.87094535560402,130.76230695465318,144.00654232744284,139.11757595935305,145.82553388233916,145.58114013345616,131.92308793112446,130.7357247053162,143.62908216124828,159.23890917473875,116.30764981765108,152.8647131360931,134.949879142872,143.26718775551214,105.58170226537902,164.4367201959504,165.32957548685812,145.18792810555843,0.0,120.05089139687313,148.0510936323921,130.51939637858464,131.4354334105744,151.25402981624177,150.04703137095998,123.19603995017279,134.08093427236602,143.82804977507692,148.87321131097463,123.15345217418404,148.26082378600003,145.4596392658823,134.95512746208234,112.50410280785167,124.94891156800239,103.0993898667255,143.3727806360884,158.9957064998212,154.5154535847301,126.43116506397965,154.55287572373595,141.87037937310006,136.84070915593875,144.9675012082461,165.74760411250006,124.36627248377461,134.35264538011938,140.55646966669897,148.2340053846488,105.95618500659752,138.74993404759152,164.49590380850034,163.00439237766673,106.09112410250732,141.68959625431242,151.4476218254121,98.9459174134876,120.65520274185201,147.8008645171011,169.32901547217233,162.96109787445678,118.83719852139726,165.6703343063401,124.05580068742569,168.5494819333747,139.62208606530695,171.7258450638658
1610555988.71dMoYT8250UHHJGxgmITTmbHe7V6gH1yU,151.5575646429706,154.49267822525547,150.10929846910105,136.09260068097973,154.37115069089538,144.08509326844384,156.88267859143338,149.8992386754298,146.20418986720705,167.1787227013969,137.6432272698022,72.68802937950232,178.91652344179198,151.95092976624005,154.60837883558807,126.15702599105744,143.8644975917513,141.3888219393798,148.84104908628973,120.05089139687313,0.0,123.9493671333699,153.01409127487943,149.2800617991344,147.05718333449423,146.92808532496045,151.27718855465793,105.69439407126852,147.76144969644625,156.17292624496218,153.98303093647937,160.0660473556271,171.98354699839604,149.05818134714644,121.96670350403102,124.0567726575091,138.32961229623064,156.42978626427254,148.9338232033801,161.58566188740645,131.78658798118522,121.64426766300305,147.31256314669017,120.56925645279482,142.17683234265567,147.72931707939,140.64517510606984,144.99685370568835,161.94480192095446,140.13846368736998,103.79980204221486,142.03193246570137,157.97688246014593,154.1881768819849,140.53395327932512,148.98645655229063,141.36778675408013,100.62572453334887,118.7330511572651,152.03104818649163,152.9503692438083,149.41688592809376,143.1230386494098,149.90139679524773,142.07693965797245,152.94164870793665,145.68391796078166,154.46486285806648
1610556042.81mlUZsSp7gbGjrp8jQSnybT1gPy6e62o1,151.1928088478709,132.90817469737564,149.76299843556583,132.96618267873555,145.62184354732858,146.86082262009404,142.4149981254677,149.79108717518795,149.12319167775934,161.5637089269517,122.44260626185638,124.00592284811172,165.78789624920674,149.16327214876347,141.10509522055384,145.0771939054594,130.89598531332393,127.15916718836836,143.3558566023361,148.0510936323921,123.9493671333699,0.0,140.07213063022667,149.7173154676203,145.58834907975833,146.78838610169603,145.35439450720315,123.76028394279325,149.54804143707625,135.42923465283693,151.15025074444802,135.79334661602863,165.88094701109074,152.319594773174,141.60721011488286,136.3298491819979,151.77857197470001,149.60101166070217,139.29646761954365,161.2259365277233,153.2607868167256,106.17326071216624,154.0185102825143,133.94815138493988,121.00246601442834,133.1868198655343,158.48067639936292,138.3171476184212,159.97842674870557,139.02247721448626,131.45464230920666,148.9491962510724,160.89424059098096,147.74053857624045,148.79124165304643,146.022216016818,128.986919642568,132.59862056661677,137.70177595068878,121.54898894657674,129.0627872835912,134.7512931412508,150.77913379914338,131.12889361325,142.94484621984472,132.7452119407493,146.9765283126133,133.66830421468347
1610555637.02UBW5nKvDyUrKnaWcYRGajZPxTRDS0q3N,105.04866391195752,139.2724587775907,107.51397200029177,148.6643467878409,81.83482574783166,111.98351722548064,99.96042787168392,108.6628113437553,104.88974334112032,111.8490916535874,143.90864778775585,155.0369042084993,129.19165983482822,110.05088943306379,130.0889976142627,124.31576245950951,144.2563152348985,145.24378270713007,120.27694239555169,130.51939637858464,153.01409127487943,140.07213063022667,0.0,108.33076360053762,108.16848992997373,114.28991539157964,74.91038039018841,155.92998537117063,144.05246619511257,89.56208766852508,93.85411127357416,82.5309107682725,122.77130374002793,142.91247573127177,128.03509649812682,128.14623309837037,117.85096921639374,137.95200418494355,131.51119773308767,137.53009931381314,128.47599414206462,152.93562593281092,130.89000278880275,149.4100448175231,139.77739090401647,143.99086153291347,127.15497957831141,109.27429699053637,118.22321039408416,120.41133885284938,135.21403918006848,114.08597917371549,152.24891254478658,154.0198502666065,99.6440338368244,81.52573797830188,123.3596493111731,138.88453052160395,130.70823098289623,96.64125208857723,148.83424659855186,146.82487070969609,132.35593042738316,138.31460593207598,125.6118967599756,139.95865851033187,125.16072953997664,153.84035896678066
1610555619.13oUYNikU4facCTpUSiSLr0vPI0tJLnXiT,44.03200430406886,151.34198541586025,40.117878282828904,136.7768588458048,86.54852248262432,110.41481712034651,79.6578082409046,35.85417440794242,63.01184025292176,123.76368351207736,147.7016627206577,145.32535676456075,135.53762499416666,54.367203075306946,138.90595274342496,127.13669938386226,147.40876105494738,151.45170433588245,86.84011662881849,131.4354334105744,149.2800617991344,149.7173154676203,108.33076360053762,0.0,131.23799778797448,111.03694137077765,99.06044686803186,139.01538230502004,141.89571979216228,96.10263452302192,113.58160767172922,102.20366524403737,134.95140899733903,144.66148128037773,138.82673794083712,128.90022235536512,132.1981221852527,152.09105609426896,144.5374286604869,121.96890251195877,129.23865027975003,152.6358599453993,130.74158193383604,128.912404906525,152.38415508618982,154.5943818680575,143.62925215918384,116.17443442118955,134.9744112605342,132.7174169454091,130.83668016724002,107.12848397892859,147.4031121627475,159.32434913755392,114.499461719867,120.11651795871748,126.9745060032009,143.33377182582652,129.92517838649704,124.56042584193615,154.37322235690297,151.49667820145086,152.8668159443115,144.03698503507087,144.8863449163246,145.81980874933603,118.29345009764677,149.13337759038748
1610555721.03nzkucfjAUh31zTbmCVvTVYqtjoxZFnBh,130.80584230187097,142.68139749510985,130.76679361225615,154.52541216496772,123.55752063626299,118.03559450061888,126.87502091448864,131.21821404404892,128.78437028054802,132.08101666964632,136.061891277201,151.0745631801675,151.4870353384715,131.15600697442787,137.6622828498635,135.43028412642226,135.50683274808694,144.07251564193774,129.55413664453386,151.25402981624177,147.05718333449423,145.58834907975833,108.16848992997373,131.23799778797448,0.0,120.44421792086523,125.94130842345382,152.206332801519,148.92749448324304,115.87208504149689,131.86602536397456,114.93308310918556,145.036845633349,149.8978350747325,137.11921691629442,132.49451619740583,139.5367934323068,144.65820164118327,104.01152275645461,143.095932558355,140.04247956655047,147.11057943396278,128.8201861497753,153.21837181332617,151.42699785739632,131.62108601352307,142.03324244389106,116.12560667031259,128.26513572038968,125.17630886720846,146.57581076354688,127.88304053365106,137.20203614158373,148.5436565151297,133.30106038858554,89.68792784337616,106.52866389958187,143.39374665293096,140.16877256605773,102.21759398874275,140.73039586396973,133.36429146474117,147.9486892005894,121.04065475204284,133.90970204098755,130.74100067118295,132.7964252207183,145.35832591000286
1610555722.67fhKURdXVzRbLIjXmjRwdJHTnE7PWb1AE,111.93958608318111,149.31227364230838,110.80203300617477,148.9838960253237,119.34041967020057,45.591677896063416,113.71749957745332,110.85049841188427,108.42328568245334,137.40569229467934,140.37460840810485,150.07821455592682,148.09511775616676,111.19233109598852,137.56143609748673,134.0295440164043,139.0551653923817,141.33817249195943,86.50468169107072,150.04703137095998,146.92808532496045,146.78838610169603,114.28991539157964,111.03694137077765,120.44421792086523,0.0,119.27650837569367,144.2698307120548,147.39819155254085,105.6658116737727,134.01966699511416,105.88022310758012,148.2897019827889,155.2057343277275,145.81544686209614,136.96610048255238,148.17626964148116,163.39038407887014,135.00608842602793,133.0950049636825,138.81063924703898,148.96627255099983,138.3258753058774,136.3717487092262,149.0216721427883,138.67298820894857,135.76887742565054,120.26764791781746,148.74400483036626,130.12613400427782,134.41357190301903,120.43168330817332,141.73563521175814,158.7295176629923,133.9534285781808,115.06549705864641,126.79033350555164,142.66431131092202,130.09635849810797,106.37760478429767,148.04783079323386,146.3380966479507,163.5868578222485,130.74829694898375,156.8624822231453,138.34666470821344,124.97817887185396,149.72187655088283
1610555638.39J2ZWBLuLTHP0jOlzB4tNHmYeijH5g5YJ,96.22665572818117,148.83754345119013,97.87518901981485,140.34145690211923,83.03432341100225,117.33091922568917,100.25633146102497,99.4099209721272,97.25536453087189,118.31257731261351,145.2362058588076,149.24926052882407,133.4681839628724,102.48089920220494,130.0098491100986,118.72845183813554,146.21850585385621,150.80784887506923,113.62275493073447,123.19603995017279,151.27718855465793,145.35439450720315,74.91038039018841,99.06044686803186,125.94130842345382,119.27650837569367,0.0,154.02263032248035,144.90731043416704,105.91650630647516,83.68849691197165,99.9665746961873,129.07573295236458,146.27324351015116,123.62428033640975,122.80164006576648,111.84122044911174,144.13598529918048,143.40403866682024,126.02986772365671,118.62887971125092,152.42163170991233,130.52638862108032,147.54344669146695,142.0709648412816,153.1260670120727,132.91755506808443,105.69935810017877,128.79327041194412,113.91431731968635,128.11467231026512,103.48143199806593,152.97654439383243,158.0130436639207,91.48722580649229,107.49082220124386,127.88056898887065,138.24163038874144,126.94746983033086,114.13185692729353,152.3012377684329,149.01767415077003,134.49746914024553,142.37298295412583,127.97940698271321,144.39616882462482,106.29217579973852,156.23915616296122
1610556032.17Q6yCDx9g7alRnL9jBFXD2JhhUyB2hKfJ,140.6724981747328,144.70135731731028,139.28206872629346,129.00107174978427,147.59977051267217,141.2476914610954,145.08201135658638,139.1559246562754,138.26774714889865,160.35694323956503,137.3025041204266,109.64570510540425,167.624796262425,140.81178860197102,161.64228278729638,130.62060712897076,145.12205772567336,145.27155758617698,136.66239159297825,134.08093427236602,105.69439407126852,123.76028394279325,155.92998537117063,139.01538230502004,152.206332801519,144.2698307120548,154.02263032248035,0.0,144.22952154498574,145.7423314812096,160.0227577055975,150.64513047929975,165.76500817254828,135.89193560764056,141.80220221691744,130.57894796132888,151.12349931553405,148.1613741427964,146.840651816773,147.46117324671326,149.20668999070006,117.16979618275558,151.69999199911143,110.89165421858472,147.3836280776706,145.6433953125723,151.6624335522793,139.8667625680929,158.61711258639565,145.11323216767053,112.71597287795385,139.44194526645134,143.17508910522264,159.200046536129,148.00082531035557,155.10489686309057,136.76821530776942,115.14176634114824,116.49816719819347,151.20905665133756,140.41499403257475,151.98617709494556,150.73038065124655,142.35323808189463,148.03695207681886,145.99459573613603,142.1631078484615,130.16361351583762
