,1610555604.25mOvVXuL01OCiReyVWBfesjuvXmB3MoPy,1610555605.43B6oDsBtWRQ29Q9UMQuTUEPZy3FSSWXzc,1610555610.92HPGJJSmyPM40z7otPBgHalNrHFA7zk5d,1610555606.68LaSQbm9EHAFycEfFtEqAwYqlBsQPjIRW,1610555617.19EKxMEwDHfXiEJZc27TsGoERaD6Da4BZU,1610555722.52PJ3FD50MGhRXyUD28vluU8Z9UjLJLZn4,1610555617.52Ijr5puT55g9apK8auM7zaxa3NANg502t,1610555638.77ZLjTLkz4jYJdFMI2wWBztzsDILkoOtAk,1610556912.46C7tJPLF0XfNnm8f1820X9aLmXMHoc0Dw,1610555617.51LjzIROg0aeCP2GhDcAVQ0LipKJB9jmKc,1610555608.17OpjjHobqRkX0UPcaXrbu7K6L3805SZri,1610555721.82zWeNZfGUUfRJkgnAwlP8VMhPzXctnSd4,1610555735.75bom85BDF0C7W2eIseHeMxi24qR68nzMi,1610555735.77NnT5xqKnwcf2BbjIekeb2arTQj6QMNwk,1610555638.33wjf1PhdNaoWfbRzXVn50hmFyB5bYAiLV,1610555606.65jCE4ig8Pu8kvAzkxnSGfWsV0nQBjCf8H,1610555608.18ONsBCVo1i7BrX0XG9stct4oiA6ejX9Oz,1610555721.51RNoQUMP19FTMS79BmA3JkgSm2IC2AQuQ,1610555971.86O0cHB2ibBJ8jxoObg01EpGe8VVV5mpwn,1610556911.51zU3duZSGpcw1BDNsBLxdOCITAXwl6z3i,1610555988.71dMoYT8250UHHJGxgmITTmbHe7V6gH1yU,1610556042.81mlUZsSp7gbGjrp8jQSnybT1gPy6e62o1,1610555637.02UBW5nKvDyUrKnaWcYRGajZPxTRDS0q3N,1610555619.13oUYNikU4facCTpUSiSLr0vPI0tJLnXiT,1610555721.03nzkucfjAUh31zTbmCVvTVYqtjoxZFnBh,1610555722.67fhKURdXVzRbLIjXmjRwdJHTnE7PWb1AE,1610555638.39J2ZWBLuLTHP0jOlzB4tNHmYeijH5g5YJ,1610556032.17Q6yCDx9g7alRnL9jBFXD2JhhUyB2hKfJ,1610557007.49MyVgDnuUuBxrvL6SGOdhKf69VYlW1MSm,1610555638.44hjT5hbYdKoE3MB6hijrjqbjmLgvCUYKD,1610555608.13zUvmFSCRt6SsLbhqFznMEvGx54GPGQzM,1610556038.62a5C4ynd1AARyAhTv8a58NCqHvXRjscqH,1610555644.45Xse8u7pusHNsd7F3d0A32HXvXr6weOJE,1610556038.62gKXOCG7XCn55eJvyl5voNjbwOW0znQDq,1610555987.13v0oleKK97pkesp6oMgprH8SoSdoDVdIO,1610556964.96ZLLeiQW0qpmxhPGTg7K03fmzkqsC2bjC,1610555987.13VQlEedQ50VvkPMEMzZDv3KNnQCewykN9,1610555982.186TY6MMGkDecIN1woW6vsfAMXVV7jnyjO,1610555982.673LuMndkwkvdmZOn0MmE2Pkidx0FtNalb,1610555733.38zItcuH7gHNfKdALR2d9Nek6bxCyw36Vm,1610556034.15BQxSbZINGCay0yp6RBVlgcPrw76Yn9ON,1610555639.37BPZpgtGml8qUsh9AdV4m32jPLfI2aNFq,1610556965.57S0adAalhWYe6K3bkZU0bRHbqnDK8gGkR,1610555983.54zteLPCMjyrjzPdhHhlZr3faCgD0TfYr3,1610555987.79rHnNRmt9a0ufmnwCvZqBouyUoZDNpylW,1610556960.041xWER61rmArlsKfiMl4frikWmUCnQ7op,1610556035.13a7NHZDutfTMJ88qle1gTYY59Dr4WmMsj,1610556890.456ZBDaY16bMtrTZTqAgHl3wq1tRxzqDow,1610555760.24e6890pkbyZ97Or6croI1rQgjkSsR0yVt,1610556043.02YpWMIJg3W004iqlPyv8OcVAZdSC5rNYw,1610555987.03z05P26TLtONYM1HSzupoc2CeNMa6HTqr,1610556032.15OYCzUxpsz7b10AXBAuDXrvEcvxFhf0M7,1610556032.63Z80yI9pNwS3jSmsDABbuhf8wkNa2Ze9y,1610555736.28eGuESasTXdR3SqY6pHhEXWZtcdciYLCO,1610556034.61bebeZA0MkaFG2sm3VKiqrxeqQginTTW0,1610556944.5XwXOphKYT3ZkWA8gViqOS97VHVuMVUqb,1610556944.745UVLFBzf7fPh4UH37I6tYQOFPqRDytEh,1610556034.63XsUwaFaPZevO1JNFjfhvY4aKNFnV4noV,1610556964.89xwBHw9faT1HjQRMNQEyA4qJ3hWkwgj3k,1610556966.74DydzH91jtyvRyYau47JpVkZoMRSNTt01,1610555740.77UueVziDbaXyRR4OcVJIIZyzOfAzN51bj,1610556046.84e3vwjyRCzqz0wJQhrk8zsxlFfFSv98Df,1610556137.99eoPuVrDThKAOvmeprLPb2FWRqIhzUodc,1610555740.73XFwSrmTXJPlaxGZSefh0jOVA8PI3III1,1610556123.88AOfNaz9jSnqU5Czc7okOv1RCrYfKFBTo,1610556046.85nB7NvyoYQeLcOV391Lmmut1wAM8CFGLw,1610556123.89H4pdIAzDthI7bMXMhlIhKUYIQIvtmPPQ,1610555740.87GOYQUJKpkynIS2lFqppYK4b32ol7NeGh
1610555604.25mOvVXuL01OCiReyVWBfesjuvXmB3MoPy,0.0,1465.4328296702772,360.6059786380315,1356.9034605101722,751.458648633916,964.6730851127119,759.7466996171486,325.01582610248926,424.26120389454906,1057.4180898814914,1384.7716676115579,1466.4859400942157,1157.6156351582313,338.62326199158264,1291.776339331974,1148.611763771208,1300.1537898864842,1453.410961429565,610.1600618683937,1222.0311154325009,1477.5045344580603,1422.7254895459537,998.8378187060439,376.7631824084625,1246.4333781935272,972.4179040994612,859.3695497358541,1346.2781735459882,1371.0047936353205,886.281235549808,934.5660218430988,878.7498214175444,1173.8580511270015,1420.680133230057,1324.4904859076253,1215.2376449689116,1183.0005696427545,1543.953264983279,1373.1413475262248,968.1030157978621,1172.2131001398216,1492.754164595292,1179.4743276844156,1267.4579714585445,1493.3185122794025,1459.6462509501118,1471.9434599840679,1047.1030620953798,1321.6651623798089,1291.0429594014481,1292.4385698174406,962.72209210256,1458.7154780988094,1579.096445130396,998.1433588852485,1141.3304856984212,1246.081150251659,1459.7582371713943,1277.9800173765063,1237.9315417822208,1507.3826030986456,1380.9808513929465,1519.6679363857993,1343.365359848171,1497.988144469974,1314.1545708268786,1060.9292466378843,1418.7025545745762
1610555605.43B6oDsBtWRQ29Q9UMQuTUEPZy3FSSWXzc,1465.4328296702772,0.0,1507.427878727129,1060.0722082357568,1503.2716337191155,1434.1946868181585,1476.30419269238,1515.5888128041518,1506.7450869338022,1321.1472086141314,1354.1131280813736,1540.2719408202104,1191.1434267258637,1491.8679000815212,1504.031437469567,1550.7931830601588,1475.302619437258,1261.8341292627288,1426.9672975822123,1559.482261217967,1525.9985985622964,1306.109276054555,1426.4898971435885,1518.3654773714456,1391.567674561118,1441.0769890130491,1507.8137565215368,1427.5189070292734,1368.987623710685,1381.0631349955102,1536.8308311945448,1286.4657807722178,1242.5453623758797,1189.5009473756832,1494.6805190946895,1541.964611668876,1593.2478314974546,1097.4366242497438,1046.178136285522,1520.4253024516931,1548.575403142736,1461.1705724022358,1533.6126603684272,1261.646072965581,1110.7247117992063,1033.462967851514,1670.0466232104409,1330.1992144666824,1201.5814603946717,1525.846021718107,1408.666084524875,1508.9178961107525,1501.5390238093828,1369.6641927213507,1574.101001764391,1548.1970616168912,1530.2639883356953,1340.0630814344463,1330.9943818109805,1418.1396123694676,1502.125691455523,1472.8036543332894,1165.4610483567271,1507.1599422148108,1104.7860780303834,1511.3119121413067,1427.6423090885637,1498.37330143034
1610555610.92HPGJJSmyPM40z7otPBgHalNrHFA7zk5d,360.6059786380315,1507.427878727129,0.0,1327.1873600228446,775.0248446232355,996.7720463681443,751.8753816780843,236.1406301694839,353.47170923443724,1108.0645756310887,1354.4379298560211,1432.0172493756384,1208.0983365598695,332.832285151738,1244.53275735929,1113.1741916863,1264.843281357298,1488.7555206890659,641.2225047739377,1195.7725848897862,1442.1948730205515,1387.1748110762753,1030.0563408799205,177.02587982633366,1275.6364485286472,952.6808394102784,876.104923368455,1316.6487835688124,1343.7175660735525,889.9896562309664,942.721480317164,939.522691995085,1223.2672909411122,1459.24713614339,1283.5749931513096,1172.6399345543957,1171.3673621256678,1584.108978947098,1406.0881813757874,1003.1153751823921,1117.1208807139346,1464.5352571530327,1130.5521258933368,1229.464676094927,1463.9733030565105,1495.5229883010506,1445.842545114244,1098.0232431023176,1363.1897298003391,1258.4716598023808,1259.0750849184822,920.5294308713115,1492.846071129142,1553.0435428572912,1007.2131573232173,1146.8032801080606,1200.9305466433668,1427.330140054223,1312.8388115043315,1245.114559182449,1541.4373756131306,1406.0100540184828,1559.6283272088567,1367.6194176475033,1536.0370397646593,1345.5704169293138,1020.1645310247587,1454.5944661681701
1610555606.68LaSQbm9EHAFycEfFtEqAwYqlBsQPjIRW,1356.9034605101722,1060.0722082357568,1327.1873600228446,0.0,1404.3852517639232,1509.9158233694743,1369.2545436277708,1338.7450289680537,1332.9274557508197,1545.576435248318,1165.2254449323113,1295.498915398683,1446.599137265116,1362.8021668652052,1500.6283293533515,1453.0008575586708,1329.3867463453453,1372.2560115914764,1287.3932422386906,1449.9174869222654,1375.0534490559355,1288.2684494792531,1551.052377067488,1330.011991692964,1565.3187032455485,1456.25059808234,1431.6679104105601,1271.6777529524907,1404.075854977512,1380.5342211322795,1454.442304853447,1480.7023765229594,1485.978725726241,1458.4945536264024,1359.6516854627623,1277.4600092838998,1485.8076005695286,1335.2313356578097,1332.5030308235694,1391.539327551583,1290.2042562849313,1299.8684421948606,1403.599899092673,1180.9893914543013,1005.2354061979522,1361.8451231934168,1773.2486300374362,1408.5304865701744,1480.6143645341403,1394.9189196497382,1285.6905296605028,1287.6914478940073,1580.2225804545928,1429.030505875699,1493.1468781715284,1630.5831895444812,1390.9672468796944,1322.4114491275648,1405.73975074011,1524.4910474978942,1569.7832477756297,1503.5623898110236,1290.197544136272,1479.9419736387288,1298.4754374978336,1494.4989353435474,1158.3156168275402,1483.4654722316375
1610555617.19EKxMEwDHfXiEJZc27TsGoERaD6Da4BZU,751.458648633916,1503.2716337191155,775.0248446232355,1404.3852517639232,0.0,1056.880726822579,457.76080027441446,729.9071547052747,741.0791712955078,991.3841234687358,1334.9203184176386,1546.6212154156472,1205.669453680058,794.7530203880283,1317.7335867939667,1250.5180654956905,1242.0868949231017,1486.0951888502937,924.8186891407266,1296.5019373879697,1465.021753985751,1359.0893907038612,734.7399329982708,771.910832454987,1123.555859824815,998.7337311862649,718.3597509409227,1413.1204788141144,1426.6157514307722,642.7569280528925,832.8638124816572,715.5653868903071,1150.2798781271126,1498.2904993054494,1286.7452095292651,1192.7744659423538,1105.2669115814558,1518.329789408961,1396.9535284227504,1125.096430460476,1126.3857714789033,1443.9549046343786,1133.4510550085593,1325.3415358257764,1436.7512250741422,1493.9055376069675,1409.433484540331,977.6213567675402,1235.3366069443216,1152.5224083116616,1372.7731442129298,929.3408850645002,1537.3241565133246,1528.8968520704952,918.9999215013402,865.2924355402228,1091.236562793329,1546.3296128614218,1360.6766689324286,1056.3963821421216,1532.248261068046,1394.7850384178973,1493.9384534294268,1285.948004402883,1419.826131756172,1340.6370339126497,1123.1020136408404,1447.1478377470814
1610555722.52PJ3FD50MGhRXyUD28vluU8Z9UjLJLZn4,964.6730851127119,1434.1946868181585,996.7720463681443,1509.9158233694743,1056.880726822579,0.0,1042.999732652736,1008.0664812250717,985.2878674379406,1156.189745824834,1321.262198143398,1433.4799601380496,1296.9370333419488,977.9982493391416,1266.8871479530112,1141.522365684719,1221.5123762511457,1298.28360850969,783.6916083043753,1373.0836675481055,1349.4061949512788,1466.687110699496,967.6850724710082,1007.1159634472242,953.5612943582181,402.9692599777242,1076.5574002414273,1326.5279442800663,1446.6873444058317,925.9448698592773,1213.441061879174,945.0709137390255,1310.4193811843434,1529.3896388660105,1324.6500273924426,1288.1414635220142,1335.6229990596257,1653.1642194715444,1210.3695578752622,1114.9490939867167,1179.8160882059424,1441.7604261147083,1268.3075290644754,1286.7777158363144,1454.3279708701562,1278.632993546173,1307.9380153507036,928.5163624380242,1341.402425550208,1231.4856152520103,1231.2411081146743,1107.8009873205033,1322.058082234456,1583.610780305793,1182.0901057984006,1058.0522508053502,1080.2152912276827,1318.9875930570468,1132.236874294833,983.3098440281404,1452.4068010305875,1331.3011175423512,1577.8076024878021,1174.017408407403,1507.7923408004808,1247.2314905492906,1027.2428977399957,1467.5739850152308
1610555617.52Ijr5puT55g9apK8auM7zaxa3NANg502t,759.7466996171486,1476.30419269238,751.8753816780843,1369.2545436277708,457.76080027441446,1042.999732652736,0.0,716.4201407751398,757.7733630329448,1089.5944954930949,1292.495277988889,1577.5837865906283,1216.0473237059246,764.9086576184883,1314.0843259031574,1318.6472939692521,1194.5632838079562,1456.7550578050696,910.1476900500652,1373.4350183515014,1500.5332546480483,1319.4697139748018,858.2980530018558,758.1283722010905,1175.310849957446,969.9108753950512,823.6019551990738,1384.036933110426,1425.2542637149174,511.3961929768154,922.545569649397,705.6769749392873,1233.7479644988925,1574.6555919313403,1356.8431393050103,1220.9152429062065,1186.7486417771534,1595.118991022564,1370.8267188921602,1127.3953366172075,1197.1577172177795,1412.9698547780088,1211.2069922836233,1289.7410417994854,1401.6262170774237,1465.2180475969128,1478.3175773662201,955.1244743410963,1296.4094573301522,1203.2457647908827,1406.607339003716,1011.9205759007905,1518.1305884332758,1527.6495075156727,995.6077397136805,962.3235637074077,1052.9376051503823,1579.8420694531567,1401.567890788014,1009.1587975508742,1515.1655770802167,1369.5764296872883,1570.2024663874558,1255.605081459692,1471.0016975428834,1315.4857631696932,1094.5180119829142,1428.1918107910376
1610555638.77ZLjTLkz4jYJdFMI2wWBztzsDILkoOtAk,325.01582610248926,1515.5888128041518,236.1406301694839,1338.7450289680537,729.9071547052747,1008.0664812250717,716.4201407751398,0.0,399.8541919334833,1118.2645231580618,1368.8999963962092,1445.719043732836,1217.37558906727,329.6857897024131,1259.4999407285447,1128.3274703179884,1278.2361310517617,1497.8446379738589,654.3138489799463,1196.9103082728475,1455.8058067179752,1399.8001770685833,1007.025351634843,196.10115807450697,1284.798799533498,965.7967198589618,850.3473448535702,1327.6578224027262,1360.6860881209252,858.3123115337444,910.6942062671617,900.7593889733841,1232.0323035290312,1468.306051546695,1298.8310894185875,1190.620120423432,1157.6556745075288,1591.902349336172,1415.3135720554503,1012.4651406913314,1134.5666119696516,1476.5180749116832,1144.3003893155928,1241.4988889106774,1477.4111230572616,1504.8936668871704,1458.9239126054326,1088.0685905545397,1373.1839148216145,1272.4655815139165,1272.31921959921,935.7040859033751,1500.408362316629,1564.5738969772347,978.0463207026277,1126.2375430591014,1214.742173228327,1440.2366783450266,1322.5030072591328,1215.1991212504465,1549.3941162588662,1415.5949257739308,1571.4711543307528,1376.5609707297876,1547.5255144029709,1355.842858247492,1036.4940316249695,1461.0421135580618
1610556912.46C7tJPLF0XfNnm8f1820X9aLmXMHoc0Dw,424.26120389454906,1506.7450869338022,353.47170923443724,1332.9274557508197,741.0791712955078,985.2878674379406,757.7733630329448,399.8541919334833,0.0,1108.243135425454,1355.4905296421105,1434.0871837387267,1209.0312978398815,404.3913387333685,1245.222406284518,1111.1968819204428,1262.068116667948,1486.7736158614714,630.4923901422695,1198.516017452318,1433.6213170434366,1382.223402946971,1021.2797937605446,367.69857167888273,1265.9653679083722,939.9866638141413,876.594825194106,1309.0165233274204,1342.7942647688515,886.4923490770636,946.6089650928908,934.7111899736553,1222.0369562725143,1450.670937026879,1276.155926539671,1165.5568835674942,1164.219146502606,1577.0161954940727,1401.6580820549475,1010.6829632161837,1116.0836378957656,1458.8091133701637,1122.1554318290666,1226.5143154652953,1462.4165315643272,1494.5665332528868,1436.22957272996,1092.4210802300308,1361.0375955160384,1249.9228996368583,1259.1934488929573,918.3643771447692,1489.8368007787765,1545.4548366591828,1012.9748241275624,1130.4738763139585,1195.038251674944,1429.133840012448,1307.4913152864747,1239.6923970808753,1536.1657291741305,1399.248883105821,1557.7393026438178,1359.8445703369919,1538.1486671192902,1340.4259973962983,1030.230302412072,1445.005704775373
1610555617.51LjzIROg0aeCP2GhDcAVQ0LipKJB9jmKc,1057.4180898814914,1321.1472086141314,1108.0645756310887,1545.576435248318,991.3841234687358,1156.189745824834,1089.5944954930949,1118.2645231580618,1108.243135425454,0.0,1521.9958170837924,1650.1726955266538,701.9529937140429,1091.2827577251282,1309.170492434683,1261.3126385483367,1447.992140731537,1451.423610898894,1167.5590340499373,1395.414295468709,1639.9048733682168,1474.7348744833857,855.6959351586371,1118.362656534517,1192.004249993947,1171.128705884268,998.9087657700752,1564.1780639169504,1565.647768372061,1038.8016741657405,1045.74677502092,909.9013800768216,513.345532227127,1288.4946149000582,1384.0609093203857,1363.7626824646,1291.6365947166667,1311.537443585883,1421.1525788951321,1172.0030060197964,1383.4961772339059,1606.978140465964,1219.5081725906662,1510.168691769234,1542.8866159769566,1449.3540053926772,1245.0172780021765,1118.4839817640163,837.8719534217988,1320.1228203566445,1332.5384368999373,1113.5598426596625,1512.7919890810315,1642.0281757812381,1120.805754293822,1138.9997491563877,1421.443933221059,1444.7612863775798,1238.0347898037348,1220.0954509378028,1424.611681541448,1557.9351563788514,1400.81395376863,1484.9544583251272,1339.647741236618,1451.9267863814712,1309.0928251873988,1420.2547169882077
1610555608.17OpjjHobqRkX0UPcaXrbu7K6L3805SZri,1384.7716676115579,1354.1131280813736,1354.4379298560211,1165.2254449323113,1334.9203184176386,1321.262198143398,1292.495277988889,1368.8999963962092,1355.4905296421105,1521.9958170837924,0.0,1326.999873721018,1557.7283694747812,1397.0004675933376,1415.140666083112,1336.0554162457872,695.3272460348468,1221.261408885054,1321.8987183955044,1501.3534738342148,1281.6444415930418,1072.1375509783397,1379.9742349754388,1359.6807436515471,1260.1660812504933,1247.3385064645033,1354.5309041877404,1222.5477113399866,1316.3588758082903,1305.261406221387,1378.6174521624957,1408.7879678706354,1568.2878077980454,1557.9876861464925,1358.860347067073,1155.636882178046,1450.59685442582,1470.29540388042,1220.8515924045869,1434.1250593902796,1414.5774359679851,943.1335599454289,1420.7542552573175,1345.2781596520542,1308.3358593754963,1214.3543081295754,1722.1368189661316,1343.9740386810713,1479.6847206814666,989.6639365456107,1371.1834378552724,1327.5055934670106,1484.9018198598076,1352.245174956194,1423.7989951746122,1348.3648986280325,1035.2600175605303,1357.2089567194075,1342.0426536820387,1206.6076660328158,1373.2080421857838,1216.951829858205,1422.8085561991857,1262.0726569408373,1309.6206261702305,1136.1248942757131,1046.0245172517389,1395.5781478694128
1610555721.82zWeNZfGUUfRJkgnAwlP8VMhPzXctnSd4,1466.4859400942157,1540.2719408202104,1432.0172493756384,1295.498915398683,1546.6212154156472,1433.4799601380496,1577.5837865906283,1445.719043732836,1434.0871837387267,1650.1726955266538,1326.999873721018,0.0,1743.793645658133,1471.4785741715255,1498.8524821726296,1160.0970506375932,1348.4129811171879,1303.9602894910613,1410.249952196422,1074.6961404485671,688.6551704252046,1322.597109616952,1567.6251206725162,1434.9073171679943,1462.241343337525,1447.850706782406,1474.2037567673144,1065.5417217915133,1419.3955520732463,1602.70925494785,1478.3610094578928,1671.024913850322,1668.5331358242358,1491.9116276176965,1202.2403393586453,1132.0112606888633,1314.235566039106,1601.1445317569326,1517.0071753275215,1496.7673012501034,1260.2875605498716,1245.9020030108356,1402.7731743053916,1224.2920174027736,1414.8605152365085,1493.7138618995614,1481.9008495081814,1508.3866066944215,1609.432190966871,1270.214969155485,988.8977300590576,1296.901577591841,1521.3655452351773,1603.0549202996942,1404.7735862184863,1536.4920333999705,1398.4338181603698,874.5482790499223,1151.3200710432407,1521.9893325256328,1530.1159742219015,1500.9868913952166,1392.5664146258043,1461.2035506229688,1379.0361896798017,1486.9555005408267,1233.3380624736571,1543.121691311614
1610555735.75bom85BDF0C7W2eIseHeMxi24qR68nzMi,1157.6156351582313,1191.1434267258637,1208.0983365598695,1446.599137265116,1205.669453680058,1296.9370333419488,1216.0473237059246,1217.37558906727,1209.0312978398815,701.9529937140429,1557.7283694747812,1743.793645658133,0.0,1191.0381399406715,1355.3220509753608,1406.75065353288,1536.0361121939106,1450.176602856837,1292.6536070024438,1492.5239178020713,1737.7477615150287,1480.7208711102608,1125.0350692481536,1219.3273335083902,1432.523738553227,1313.1882768969326,1213.7265339160056,1579.5023597855734,1453.1320585985543,1175.40504298783,1241.2479002831178,1065.5365396785267,422.52862541268615,1338.1530522557186,1512.8321154778753,1480.117861093334,1442.9571107114198,1304.2917367740843,1323.617395096827,1233.4368021457333,1513.0497989510732,1615.3483749998886,1379.222612424822,1486.7246217982672,1482.830691439478,1451.952238508182,1352.002231893066,1224.3054657459102,1058.7820841047098,1515.8896219557068,1414.8253835469893,1327.599346144447,1555.703415279274,1536.6546754640747,1304.1854529698373,1368.4809348174433,1540.1469543628702,1551.40362910204,1327.1312890996699,1358.3944963275799,1429.7721706961977,1559.721956538048,1380.6235081878117,1529.8280483079018,1381.4758033921319,1532.5672238679376,1372.0853433438447,1429.1928374485828
1610555735.77NnT5xqKnwcf2BbjIekeb2arTQj6QMNwk,338.62326199158264,1491.8679000815212,332.832285151738,1362.8021668652052,794.7530203880283,977.9982493391416,764.9086576184883,329.6857897024131,404.3913387333685,1091.2827577251282,1397.0004675933376,1471.4785741715255,1191.0381399406715,0.0,1283.5702309588023,1150.986130031505,1305.9207800874092,1474.1207737727682,610.4384783502837,1238.906889669357,1485.6965284105747,1427.378306592098,1039.4004569047236,344.0230783870574,1261.546884220184,974.9235290863603,896.9460274948489,1357.2951908482873,1390.4514638750907,912.0268448730276,971.7969048775867,922.7185370888528,1208.3395969670114,1449.6847607064472,1323.1220500778536,1211.9334328048017,1202.2779150818164,1574.7461596747034,1395.2371421005264,972.2452556924088,1163.5029194190354,1504.8413066375301,1174.2186437390767,1278.382139742741,1501.3912307112641,1481.3340253147967,1483.67018223605,1075.8687393155851,1351.0682212044528,1304.0527524715067,1297.6126951452893,957.02703200383,1483.5216720289734,1592.8746088191333,1028.2206362400136,1174.5073660617804,1247.607692098799,1464.1115687817396,1299.0419380057124,1267.568053043485,1527.1671912087106,1393.063299349763,1550.6829568969874,1352.214125580968,1528.5838548208133,1327.3469468369378,1063.7074809624344,1436.7618104490293
1610555638.33wjf1PhdNaoWfbRzXVn50hmFyB5bYAiLV,1291.776339331974,1504.031437469567,1244.53275735929,1500.6283293533515,1317.7335867939667,1266.8871479530112,1314.0843259031574,1259.4999407285447,1245.222406284518,1309.170492434683,1415.140666083112,1498.8524821726296,1355.3220509753608,1283.5702309588023,0.0,1177.0829177612688,1313.696989528679,1583.4521606256726,1271.3701018100408,1264.2549269015667,1503.2098762334012,1369.819503191412,1149.6260565078192,1246.328637090036,1265.1277953105832,1207.1227559541546,1126.1209595058976,1600.6229186595756,1598.6664595615937,1246.9054098521844,1141.4589962878224,1185.6048801885888,1377.4818464232924,1673.8044991393335,1044.3798881360624,1312.527640433747,1063.0802397326368,1691.609339547022,1393.291214938335,1246.2990770620652,1130.4308922015991,1517.381688916525,836.0416382848299,1416.2399073325155,1370.1599885341766,1573.6733037969047,1287.445612910702,1265.2139699436966,1376.9310719435946,1333.3728202783834,1301.1320947885872,1287.113609771705,1713.9183572623635,1477.5157633918934,1195.3453898605844,1225.8809888223288,1253.1155298549418,1279.2644760371977,1467.805565218168,1037.945242230412,1562.375045190319,1439.6185841472366,1559.8232052403894,1446.5748056670777,1551.0506839993236,1420.5089065435864,1238.5995053665197,1666.8915937743175
1610555606.65jCE4ig8Pu8kvAzkxnSGfWsV0nQBjCf8H,1148.611763771208,1550.7931830601588,1113.1741916863,1453.0008575586708,1250.5180654956905,1141.522365684719,1318.6472939692521,1128.3274703179884,1111.1968819204428,1261.3126385483367,1336.0554162457872,1160.0970506375932,1406.75065353288,1150.986130031505,1177.0829177612688,0.0,1248.02406366035,1605.5754877211884,1118.8793004621523,955.4001814202536,1242.2061275039425,1401.7314006828697,1141.8273253894408,1115.7263822067282,1275.330882435437,1181.9387115240654,1031.1270209767938,1292.270472522993,1330.426970565719,1354.3928048120076,1004.4732306171074,1292.0150661291432,1341.4533514388354,1273.4017095719435,781.2409219168356,924.1421337609128,897.1864774863752,1399.3939800367493,1444.6270667007161,1162.343937067802,972.4603345341006,1443.1567136980507,1197.088690397776,1452.5423620399458,1437.636208495604,1612.6858485059013,1293.3797780711989,1085.9823653457229,1345.8326942097606,1113.888946174398,954.4067743851617,939.5659574236637,1501.45791123238,1559.7269438968347,911.1820692948761,1242.2595445790694,1285.9243254016676,999.6440426488064,1071.668340237617,1205.690918512898,1470.5470608343187,1500.8715842857314,1282.4219067915174,1461.277385141972,1379.694401796157,1356.6202234431885,991.4204727008887,1565.6215796778508
1610555608.18ONsBCVo1i7BrX0XG9stct4oiA6ejX9Oz,1300.1537898864842,1475.302619437258,1264.843281357298,1329.3867463453453,1242.0868949231017,1221.5123762511457,1194.5632838079562,1278.2361310517617,1262.068116667948,1447.992140731537,695.3272460348468,1348.4129811171879,1536.0361121939106,1305.9207800874092,1313.696989528679,1248.02406366035,0.0,1227.9421497428511,1223.742288338445,1526.9968590444876,1302.1339522647584,1085.6549068235681,1292.8152904975384,1267.4702201080217,1148.878448772584,1137.0650844553343,1270.7153719522105,1253.1411756557227,1464.4687977072904,1205.8087503247332,1295.4896838673706,1316.212586979195,1548.612011046154,1586.095676231071,1255.996006603702,1035.07560299865,1362.9378396769705,1601.2732929452002,1223.578212005085,1341.8021770600346,1320.426908162559,962.4877870148332,1324.6488722313748,1374.913575098817,1322.519616954197,1224.0235039925437,1644.2768923186916,1240.1777752485013,1471.9765989110674,859.3265202211296,1400.2761172293315,1232.2709603686974,1388.6023781277981,1358.2263861220697,1344.1169130060293,1256.6738622771709,881.6167682337552,1379.6646398671912,1369.1157690229513,1093.5680344516816,1259.2665790951798,1058.5073840382627,1548.2446721759159,1126.8961227154282,1434.7011680725147,990.1243514934122,1007.2382666994919,1290.9075898378494
1610555721.51RNoQUMP19FTMS79BmA3JkgSm2IC2AQuQ,1453.410961429565,1261.8341292627288,1488.7555206890659,1372.2560115914764,1486.0951888502937,1298.28360850969,1456.7550578050696,1497.8446379738589,1486.7736158614714,1451.423610898894,1221.261408885054,1303.9602894910613,1450.176602856837,1474.1207737727682,1583.4521606256726,1605.5754877211884,1227.9421497428511,0.0,1404.0404224176925,1648.5139508731197,1391.7932163294784,1269.5225365315423,1424.0097757713638,1499.2435936819218,1355.1038167198071,1295.2306759583573,1492.7182213811877,1417.1012833108568,1521.692459219615,1367.5943961830599,1535.4589723155266,1419.8534237704498,1463.3019203332055,1609.7899984223823,1637.9358744412427,1485.8827435638827,1705.7426197143582,1626.817963215752,1289.230073142494,1498.813878857146,1582.8032705472608,1191.3244221745915,1597.1885750334973,1407.5664458080414,1349.264881585127,967.7206074318939,1755.799981450614,1448.5463059576673,1609.1707748986016,1386.309909350629,1420.4420324380794,1491.724805929579,1549.133188649077,1621.8538649723534,1572.918549213927,1525.1828473362166,1389.2741976914763,1427.1297751288726,1285.1957784351212,1401.7605600168129,1436.1381440448806,1287.120321601505,1582.1782031832965,1341.8899843024583,1479.7836628042846,1348.2676681684397,1339.7000362873994,1463.1207543985158
1610555971.86O0cHB2ibBJ8jxoObg01EpGe8VVV5mpwn,610.1600618683937,1426.9672975822123,641.2225047739377,1287.3932422386906,924.8186891407266,783.6916083043753,910.1476900500652,654.3138489799463,630.4923901422695,1167.5590340499373,1321.8987183955044,1410.249952196422,1292.6536070024438,610.4384783502837,1271.3701018100408,1118.8793004621523,1223.742288338445,1404.0404224176925,0.0,1351.5107219211095,1428.219471807422,1370.2399696834734,1127.1810957494242,650.8128179489457,1143.5414418829723,792.8120879726454,995.8889906577348,1277.7377997893552,1455.1691424571566,934.6684508855199,1114.261367677637,962.2329569905339,1305.7146757274631,1425.3899490898893,1306.7814037287867,1251.1474867082277,1317.1601078366282,1560.4709493582614,1326.7133163491885,926.5309407112657,1148.0299092500347,1440.6557214750817,1152.711676562968,1201.5343275001667,1450.8474695812688,1400.5855423301148,1522.5640751629787,955.3131081185751,1366.0639691669624,1230.962381515435,1222.8576225351899,916.7036123631445,1363.3510438394735,1590.25533262943,1164.612948763177,1238.3722070617682,1125.6606386820913,1398.4453977130556,1219.3745721327223,1166.995918756615,1450.9797262741515,1331.9756511227927,1636.9872016597583,1221.974123857786,1538.356075433954,1248.612723737201,984.8654602534095,1353.3754322051627
1610556911.51zU3duZSGpcw1BDNsBLxdOCITAXwl6z3i,1222.0311154325009,1559.482261217967,1195.7725848897862,1449.9174869222654,1296.5019373879697,1373.0836675481055,1373.4350183515014,1196.9103082728475,1198.516017452318,1395.414295468709,1501.3534738342148,1074.6961404485671,1492.5239178020713,1238.906889669357,1264.2549269015667,955.4001814202536,1526.9968590444876,1648.5139508731197,1351.5107219211095,0.0,1079.8186899389618,1385.4874685536392,1206.0155725930722,1198.0290123552156,1467.4213092412613,1399.7187566767084,1085.3821419013775,1310.2094391863027,1372.836528627653,1453.0629227702518,1076.6191474662623,1391.7929421273568,1409.5590025969536,1399.3826926149202,1005.4100157785302,1181.296752026497,822.1628639134321,1532.2827053739952,1573.5452895375736,1455.243550386055,1125.5497714445971,1494.135140470139,1276.9952254987006,1298.6419793604323,1370.896859753994,1643.2146840038238,1133.8841785472107,1326.7727541452682,1413.6287457569265,1423.1833281060626,925.951853235,1262.7096339629613,1661.4556230111677,1584.3855307052302,970.7699792839937,1301.5166405716418,1460.583253436442,902.8640374768928,1137.874033613858,1374.9911455783542,1644.170765345947,1566.4112307663133,1169.4463951039752,1563.5162226354605,1262.2958283622124,1636.938950653618,1312.3251615323331,1725.3782476021179
1610555988.71dMoYT8250UHHJGxgmITTmbHe7V6gH1yU,1477.5045344580603,1525.9985985622964,1442.1948730205515,1375.0534490559355,1465.021753985751,1349.4061949512788,1500.5332546480483,1455.8058067179752,1433.6213170434366,1639.9048733682168,1281.6444415930418,688.6551704252046,1737.7477615150287,1485.6965284105747,1503.2098762334012,1242.2061275039425,1302.1339522647584,1391.7932163294784,1428.219471807422,1079.8186899389618,0.0,1189.7581709065182,1489.1633963582378,1445.3616808189538,1361.2467437044836,1357.6218156134498,1477.6356879401867,955.3200932959693,1479.8989741303435,1524.562984615429,1484.4460845242422,1598.4202281136022,1659.731217117305,1469.8842418122047,1205.2153480565948,1213.3017507055754,1313.2308524944137,1565.4738654815224,1429.01407534629,1574.929229689093,1265.946301466636,1154.5212704887363,1401.5514970221043,1098.144521392204,1310.3153719326688,1464.728983719829,1387.5693911839844,1417.7949128604382,1596.2736686974365,1232.1730552309266,1058.3155413930415,1370.721136268786,1467.1171496603827,1506.2772406540623,1412.500072036417,1447.5911336125037,1278.8592570016065,968.3797619352058,1114.4030476047378,1427.6180006533546,1458.1676303972456,1392.9510213348917,1371.0814003124153,1338.4475922319955,1354.6960479451914,1458.790325124819,1317.5099773172853,1473.4772006675746
1610556042.81mlUZsSp7gbGjrp8jQSnybT1gPy6e62o1,1422.7254895459537,1306.109276054555,1387.1748110762753,1288.2684494792531,1359.0893907038612,1466.687110699496,1319.4697139748018,1399.8001770685833,1382.223402946971,1474.7348744833857,1072.1375509783397,1322.597109616952,1480.7208711102608,1427.378306592098,1369.819503191412,1401.7314006828697,1085.6549068235681,1269.5225365315423,1370.2399696834734,1385.4874685536392,1189.7581709065182,0.0,1387.4109660346908,1390.7566456955863,1382.853730519675,1397.0533180304842,1368.284043040749,1059.0732845619252,1501.4550718541357,1328.253189938843,1402.2988321243588,1329.3394736626121,1492.8113379753208,1410.9593924695705,1363.889141204365,1347.0853749204255,1449.5469484035257,1381.6746839858492,1333.5151508365889,1499.318642131856,1521.1902939514391,840.3154599909351,1438.989277980815,1230.5518203447405,1141.2572563213469,1287.4708584871971,1606.0563587802446,1255.8269225796382,1522.6840031661623,1237.9052894975857,1307.264772374189,1408.9276963355908,1477.0926684849733,1423.085953311273,1439.9075573465652,1467.2568594059055,1165.3739155829185,1287.4934966808714,1286.5143078833692,1180.318132960859,1191.1471141906939,1159.17912005568,1473.2893268548937,1177.108045681473,1358.645389335743,1295.3778052537584,1336.5715045169654,1227.9576508578564
1610555637.02UBW5nKvDyUrKnaWcYRGajZPxTRDS0q3N,998.8378187060439,1426.4898971435885,1030.0563408799205,1551.052377067488,734.7399329982708,967.6850724710082,858.2980530018558,1007.025351634843,1021.2797937605446,855.6959351586371,1379.9742349754388,1567.6251206725162,1125.0350692481536,1039.4004569047236,1149.6260565078192,1141.8273253894408,1292.8152904975384,1424.0097757713638,1127.1810957494242,1206.0155725930722,1489.1633963582378,1387.4109660346908,0.0,1033.167642146402,984.0296810388359,930.5578247867458,576.2894021069669,1572.3247593599292,1460.6083267947938,792.1922113890402,698.1874785856266,667.3317411875727,1032.8044665915336,1485.6763579744345,1182.4381232854573,1216.6687042075823,998.909145602211,1495.816269387206,1310.7115646368063,1288.84298814936,1158.1912729099724,1490.8101088004596,1175.076975070462,1493.132491938629,1369.510624546812,1414.9087630863603,1223.4629323485556,981.8491841593888,1111.9397609761397,1168.4724353705662,1288.8895264098608,1109.3487186499526,1561.9395796555657,1564.5113507028102,798.6965503999779,726.257075955109,1154.7171527152311,1364.165988145303,1254.9655872063277,822.9306168028905,1475.9887179475834,1417.3607276683751,1365.2501664138028,1319.2787305409327,1289.2516576666394,1361.3669705345242,1178.2125350926126,1573.550981421696
1610555619.13oUYNikU4facCTpUSiSLr0vPI0tJLnXiT,376.7631824084625,1518.3654773714456,177.02587982633366,1330.011991692964,771.910832454987,1007.1159634472242,758.1283722010905,196.10115807450697,367.69857167888273,1118.362656534517,1359.6807436515471,1434.9073171679943,1219.3273335083902,344.0230783870574,1246.328637090036,1115.7263822067282,1267.4702201080217,1499.2435936819218,650.8128179489457,1198.0290123552156,1445.3616808189538,1390.7566456955863,1033.167642146402,0.0,1284.6256784097689,957.5440207470791,877.6961861030419,1318.9527147697406,1350.315417269624,893.739859841461,941.444549212925,944.2747588403372,1233.1299505807715,1469.420192366675,1285.270300210398,1174.4468470307768,1171.8053934589511,1593.9953955478943,1415.7030047685612,1011.7968018252975,1117.6714735476785,1468.142220914582,1129.5978448096182,1231.210216359977,1468.8750358658888,1506.6051100848915,1448.8302965558626,1105.364767343462,1372.9496366272467,1260.9531003941743,1260.9159246313643,921.3550682915508,1501.7986460215466,1556.4458347844738,1007.4114110293426,1147.7513439947402,1202.368072581304,1429.4883707691379,1322.512289711468,1245.5751659216287,1551.083144417237,1414.7358251749683,1571.4129228044148,1375.8196485350638,1547.4348073380934,1355.2481161119501,1023.2451703466043,1463.0121348881955
1610555721.03nzkucfjAUh31zTbmCVvTVYqtjoxZFnBh,1246.4333781935272,1391.567674561118,1275.6364485286472,1565.3187032455485,1123.555859824815,953.5612943582181,1175.310849957446,1284.798799533498,1265.9653679083722,1192.004249993947,1260.1660812504933,1462.241343337525,1432.523738553227,1261.546884220184,1265.1277953105832,1275.330882435437,1148.878448772584,1355.1038167198071,1143.5414418829723,1467.4213092412613,1361.2467437044836,1382.853730519675,984.0296810388359,1284.6256784097689,0.0,943.7197015866506,1141.8634202396474,1474.4089922914684,1488.0611438161523,1054.265315801482,1236.9562375887722,1027.9129246348768,1346.8455837643507,1456.176899254999,1277.0324022839254,1214.9836793154361,1312.7516092192138,1463.4477400559767,938.2832649912727,1364.4014132282214,1276.332469686133,1382.1686137158658,1150.017451860079,1489.0519581554652,1476.8105428832662,1229.993244490671,1398.7019231969389,1081.290355255317,1147.0119688869352,1045.3374696963324,1439.027760641244,1247.7049773822714,1277.6519100880205,1444.5257147686139,1285.8527146309555,761.7135995670747,935.2490817593196,1366.614758013993,1329.038569357951,900.4173460952547,1386.1567815966075,1155.2189514328313,1458.596010959502,1046.4357688416903,1250.4399030664788,1179.612341611627,1236.0794504540868,1411.6397905607864
1610555722.67fhKURdXVzRbLIjXmjRwdJHTnE7PWb1AE,972.4179040994612,1441.0769890130491,952.6808394102784,1456.25059808234,998.7337311862649,402.9692599777242,969.9108753950512,965.7967198589618,939.9866638141413,1171.128705884268,1247.3385064645033,1447.850706782406,1313.1882768969326,974.9235290863603,1207.1227559541546,1181.9387115240654,1137.0650844553343,1295.2306759583573,792.8120879726454,1399.7187566767084,1357.6218156134498,1397.0533180304842,930.5578247867458,957.5440207470791,943.7197015866506,0.0,1032.3272178926077,1345.3384287399872,1405.0172575358474,847.1719687333376,1164.0228239261783,921.868867381058,1326.2988219475635,1547.7984181109591,1351.693734407843,1297.1423930904307,1361.3818479492097,1668.094633690277,1209.5106971948208,1218.8743585103816,1204.7666299145649,1373.9708672702675,1211.576338678261,1267.1515997645197,1388.8292384560764,1282.3355989616703,1322.7755031445956,1021.1705537451415,1344.2987005881266,1161.547833357184,1253.2482667198008,1146.7052442344939,1318.7744488311173,1538.5955908964802,1220.2064031923899,996.108523143233,981.418088686229,1338.5031689268612,1219.5340691196093,895.0117662537745,1452.1614480100413,1322.4649142736255,1644.1466499746657,1153.5563885070965,1508.2835417763367,1245.506364861986,1056.1574647045834,1466.252215914279
1610555638.39J2ZWBLuLTHP0jOlzB4tNHmYeijH5g5YJ,859.3695497358541,1507.8137565215368,876.104923368455,1431.6679104105601,718.3597509409227,1076.5574002414273,823.6019551990738,850.3473448535702,876.594825194106,998.9087657700752,1354.5309041877404,1474.2037567673144,1213.7265339160056,896.9460274948489,1126.1209595058976,1031.1270209767938,1270.7153719522105,1492.7182213811877,995.8889906577348,1085.3821419013775,1477.6356879401867,1368.284043040749,576.2894021069669,877.6961861030419,1141.8634202396474,1032.3272178926077,0.0,1544.9144039532089,1442.2196177720275,931.05170953057,494.86115719085103,826.0254658668341,1151.4827056240715,1503.15314588279,1072.6288082636986,1102.6776936016374,866.3131246458051,1514.8435073086166,1411.1522823086261,1157.709904217352,1025.3646108480505,1464.9651855181505,1174.536823153649,1465.2694656085753,1348.534349223863,1502.4351753001818,1317.3673406460284,957.9389346159718,1237.3081077359293,1162.6780880439258,1187.0912175395426,975.2339029867175,1546.1555269622465,1553.656660592044,621.0754169820061,919.4181463346592,1134.9594828286145,1361.635297752786,1244.6499167400202,971.104178953819,1470.15820777091,1413.1909819912876,1373.3318841487014,1304.641003083046,1294.9672515850436,1356.9328844647448,1012.8158393192549,1566.1956142421147
1610556032.17Q6yCDx9g7alRnL9jBFXD2JhhUyB2hKfJ,1346.2781735459882,1427.5189070292734,1316.6487835688124,1271.6777529524907,1413.1204788141144,1326.5279442800663,1384.036933110426,1327.6578224027262,1309.0165233274204,1564.1780639169504,1222.5477113399866,1065.5417217915133,1579.5023597855734,1357.2951908482873,1600.6229186595756,1292.270472522993,1253.1411756557227,1417.1012833108568,1277.7377997893552,1310.2094391863027,955.3200932959693,1059.0732845619252,1572.3247593599292,1318.9527147697406,1474.4089922914684,1345.3384287399872,1544.9144039532089,0.0,1407.334987441335,1405.1261424502663,1578.5676470267936,1490.494136927195,1586.537524355026,1379.0670330791934,1429.7436170136834,1271.543566942092,1517.1007886638529,1486.9298048971077,1430.4270502253476,1396.9961879951375,1487.9791417366907,1060.4495345506775,1497.4302728106438,1060.0771769181865,1411.6367751933342,1415.8206041594415,1577.8325090934084,1331.0177669297248,1598.3986563007138,1288.7281979307822,1167.2755033691028,1292.0944282347236,1285.070906197315,1600.6494950135348,1510.0563582395116,1549.5712708476342,1204.1008631620869,1151.8175487795875,1148.4426907019504,1434.7619253589542,1296.5950826629226,1427.1863283811629,1499.9538659202015,1266.4309066825135,1480.5552182509512,1385.358486252361,1242.3288817404946,1144.0019225055967
