,1610555604.25mOvVXuL01OCiReyVWBfesjuvXmB3MoPy,1610555605.43B6oDsBtWRQ29Q9UMQuTUEPZy3FSSWXzc,1610555610.92HPGJJSmyPM40z7otPBgHalNrHFA7zk5d,1610555606.68LaSQbm9EHAFycEfFtEqAwYqlBsQPjIRW,1610555617.19EKxMEwDHfXiEJZc27TsGoERaD6Da4BZU,1610555722.52PJ3FD50MGhRXyUD28vluU8Z9UjLJLZn4,1610555617.52Ijr5puT55g9apK8auM7zaxa3NANg502t,1610555638.77ZLjTLkz4jYJdFMI2wWBztzsDILkoOtAk,1610556912.46C7tJPLF0XfNnm8f1820X9aLmXMHoc0Dw,1610555617.51LjzIROg0aeCP2GhDcAVQ0LipKJB9jmKc,1610555608.17OpjjHobqRkX0UPcaXrbu7K6L3805SZri,1610555721.82zWeNZfGUUfRJkgnAwlP8VMhPzXctnSd4,1610555735.75bom85BDF0C7W2eIseHeMxi24qR68nzMi,1610555735.77NnT5xqKnwcf2BbjIekeb2arTQj6QMNwk,1610555638.33wjf1PhdNaoWfbRzXVn50hmFyB5bYAiLV,1610555606.65jCE4ig8Pu8kvAzkxnSGfWsV0nQBjCf8H,1610555608.18ONsBCVo1i7BrX0XG9stct4oiA6ejX9Oz,1610555721.51RNoQUMP19FTMS79BmA3JkgSm2IC2AQuQ,1610555971.86O0cHB2ibBJ8jxoObg01EpGe8VVV5mpwn,1610556911.51zU3duZSGpcw1BDNsBLxdOCITAXwl6z3i,1610555988.71dMoYT8250UHHJGxgmITTmbHe7V6gH1yU,1610556042.81mlUZsSp7gbGjrp8jQSnybT1gPy6e62o1,1610555637.02UBW5nKvDyUrKnaWcYRGajZPxTRDS0q3N,1610555619.13oUYNikU4facCTpUSiSLr0vPI0tJLnXiT,1610555721.03nzkucfjAUh31zTbmCVvTVYqtjoxZFnBh,1610555722.67fhKURdXVzRbLIjXmjRwdJHTnE7PWb1AE,1610555638.39J2ZWBLuLTHP0jOlzB4tNHmYeijH5g5YJ,1610556032.17Q6yCDx9g7alRnL9jBFXD2JhhUyB2hKfJ,1610557007.49MyVgDnuUuBxrvL6SGOdhKf69VYlW1MSm,1610555638.44hjT5hbYdKoE3MB6hijrjqbjmLgvCUYKD,1610555608.13zUvmFSCRt6SsLbhqFznMEvGx54GPGQzM,1610556038.62a5C4ynd1AARyAhTv8a58NCqHvXRjscqH,1610555644.45Xse8u7pusHNsd7F3d0A32HXvXr6weOJE,1610556038.62gKXOCG7XCn55eJvyl5voNjbwOW0znQDq,1610555987.13v0oleKK97pkesp6oMgprH8SoSdoDVdIO,1610556964.96ZLLeiQW0qpmxhPGTg7K03fmzkqsC2bjC,1610555987.13VQlEedQ50VvkPMEMzZDv3KNnQCewykN9,1610555982.186TY6MMGkDecIN1woW6vsfAMXVV7jnyjO,1610555982.673LuMndkwkvdmZOn0MmE2Pkidx0FtNalb,1610555733.38zItcuH7gHNfKdALR2d9Nek6bxCyw36Vm,1610556034.15BQxSbZINGCay0yp6RBVlgcPrw76Yn9ON,1610555639.37BPZpgtGml8qUsh9AdV4m32jPLfI2aNFq,1610556965.57S0adAalhWYe6K3bkZU0bRHbqnDK8gGkR,1610555983.54zteLPCMjyrjzPdhHhlZr3faCgD0TfYr3,1610555987.79rHnNRmt9a0ufmnwCvZqBouyUoZDNpylW,1610556960.041xWER61rmArlsKfiMl4frikWmUCnQ7op,1610556035.13a7NHZDutfTMJ88qle1gTYY59Dr4WmMsj,1610556890.456ZBDaY16bMtrTZTqAgHl3wq1tRxzqDow,1610555760.24e6890pkbyZ97Or6croI1rQgjkSsR0yVt,1610556043.02YpWMIJg3W004iqlPyv8OcVAZdSC5rNYw,1610555987.03z05P26TLtONYM1HSzupoc2CeNMa6HTqr,1610556032.15OYCzUxpsz7b10AXBAuDXrvEcvxFhf0M7,1610556032.63Z80yI9pNwS3jSmsDABbuhf8wkNa2Ze9y,1610555736.28eGuESasTXdR3SqY6pHhEXWZtcdciYLCO,1610556034.61bebeZA0MkaFG2sm3VKiqrxeqQginTTW0,1610556944.5XwXOphKYT3ZkWA8gViqOS97VHVuMVUqb,1610556944.745UVLFBzf7fPh4UH37I6tYQOFPqRDytEh,1610556034.63XsUwaFaPZevO1JNFjfhvY4aKNFnV4noV,1610556964.89xwBHw9faT1HjQRMNQEyA4qJ3hWkwgj3k,1610556966.74DydzH91jtyvRyYau47JpVkZoMRSNTt01,1610555740.77UueVziDbaXyRR4OcVJIIZyzOfAzN51bj,1610556046.84e3vwjyRCzqz0wJQhrk8zsxlFfFSv98Df,1610556137.99eoPuVrDThKAOvmeprLPb2FWRqIhzUodc,1610555740.73XFwSrmTXJPlaxGZSefh0jOVA8PI3III1,1610556123.88AOfNaz9jSnqU5Czc7okOv1RCrYfKFBTo,1610556046.85nB7NvyoYQeLcOV391Lmmut1wAM8CFGLw,1610556123.89H4pdIAzDthI7bMXMhlIhKUYIQIvtmPPQ,1610555740.87GOYQUJKpkynIS2lFqppYK4b32ol7NeGh
1610555604.25mOvVXuL01OCiReyVWBfesjuvXmB3MoPy,0.0,581.0166340463909,110.9077707295687,537.508342972382,274.15970562904977,372.1067832973365,279.6304786051799,107.29395108088997,135.48904721210522,419.26537058964016,552.958003580419,584.9693097273453,448.5602551550523,122.52322201132874,514.5122805032329,454.40815885625716,519.9249566937154,575.0153305355367,226.51131282329877,499.2030036777211,591.6174927068403,566.117952480437,385.936137968335,120.55516534249759,489.4643139125475,371.90221466982365,329.40182144464524,531.8422715851051,539.8405499675856,332.7038096822737,371.8235023967032,337.9500688696881,456.97489733558695,552.1438836833764,527.2182789692982,467.679365261173,475.05449867339166,604.6499525301077,543.0168519138477,371.71593927492324,471.6118243504857,593.4739004098745,472.37747169889917,498.77017714286046,595.5825891167581,581.3418838545322,577.7504990525691,412.63879407605674,516.6855248881118,499.0871239186336,517.2599009344804,370.57905329239463,576.2593853216752,626.9666701629654,393.80450814216977,446.5444614607887,490.72694468602043,585.8184746960496,500.04763575884664,489.4706669752446,590.5511009735498,538.3765493267515,597.8969678829168,521.7334920622501,593.6527469951687,503.08137655752677,405.3782661741885,562.5254868444417
1610555605.43B6oDsBtWRQ29Q9UMQuTUEPZy3FSSWXzc,581.0166340463909,0.0,594.889477974555,420.3212413288351,584.8076100675935,570.8110181639144,582.2136342697878,595.7742282118994,592.930617287078,514.0422452766213,532.2003831725118,609.0144526637071,475.2860917515074,592.8457081820894,589.0871695970196,623.2578970316422,582.4716929902166,487.62143801385315,567.6674892171335,621.9372294610903,600.3328783881846,499.5504997325783,556.1654247856574,599.2360266981618,557.2205104612631,568.4219496260487,585.6487799008088,558.5132302681562,544.6849312857457,536.2687525549359,603.8727232720265,503.6960952591161,495.86409914276345,478.11154248945996,591.6272545359686,604.7792292945868,627.7195157719615,437.7836111722754,424.3887715081043,600.3055756539659,621.5480179285755,572.692579834153,605.4451353712769,499.51861781661546,430.61969177979915,392.071775637301,647.0692670557524,529.0281012953519,479.49458084375044,606.8343861888291,549.5415437903376,596.3718724021926,604.3769331941329,543.6129363362547,614.1632965116559,606.8691936342296,604.8544799582295,532.9922636892647,533.5517852425904,556.0420391839516,590.6081097353912,576.8238692601909,468.1812887299496,584.8249377746864,442.20311474315963,587.6293162019158,582.2767146106579,589.0895683153315
1610555610.92HPGJJSmyPM40z7otPBgHalNrHFA7zk5d,110.9077707295687,594.889477974555,0.0,527.7261331619868,283.6829010290245,378.5823477697844,275.1823481184981,79.30360447855341,121.29070088001261,438.54872048595456,543.7815648889468,573.2789175509057,468.35846232076955,115.31659832828358,497.7767642707393,442.3676310138551,510.80975999242855,586.918500727663,231.67089832841543,487.0903595958022,580.0444293243977,555.5270336151473,396.4127138919575,71.53497407557728,495.41029387453335,368.1315026662876,333.64650581423996,523.6262164678483,531.7447775696561,332.81200399123236,371.7791997526014,357.6711216704467,476.2431981071222,564.823684644182,512.9512013249775,453.84416127995706,465.6455509261933,618.4846443872473,551.2407882968286,382.3250623450232,451.9756905237654,585.4130475071593,455.3040679286246,487.2627747080501,586.3854219343998,592.9925493472973,570.3851929128965,424.2558038018563,531.1746591146151,490.2587751602861,507.7283882767833,361.18552673868953,586.4818306421405,618.5167963593537,394.14173019793566,445.86801607106275,475.7550477407867,574.2122973263488,511.2173314367525,487.2162367563684,601.2156030440502,544.1561951141122,610.6361633906276,527.8004543372682,605.6997637545926,512.4747290167278,393.3044487241831,573.9608557682953
1610555606.68LaSQbm9EHAFycEfFtEqAwYqlBsQPjIRW,537.508342972382,420.3212413288351,527.7261331619868,0.0,548.2201965546747,601.4102588961035,540.159064661013,530.1767579038918,529.8286472942123,617.2540307734222,455.35232147841276,504.2413884924655,588.1131246595337,539.6063699083603,588.2895634429941,585.7446982328447,524.2608255477111,534.2786305591179,508.8684519297843,578.6573800528852,536.8111968128111,493.1863600386615,615.1304003322309,527.9681800566273,625.5544023285112,582.6188042114641,562.9013632758393,495.5163357545233,551.2039635939167,539.2894676397777,573.550076167441,580.8043259302974,602.8428887158227,591.9097192664042,538.6765759401943,492.0716481747978,586.6868937819941,544.4929122250746,530.4413878148121,544.7693259410154,511.6300819689453,502.4639450450785,550.4259783547834,461.6754911955549,405.10100093043263,530.3503116267483,694.5779184487579,566.5546703538139,597.8546355328838,550.3921182187685,503.6068981959294,508.14608737275887,636.6429577770306,565.1564548198393,585.3271846747242,641.0233415051873,548.0976805074084,526.9383427588276,564.5602848143425,606.4853366511497,616.6345676794523,580.7222069237278,523.0291432273677,573.901245854508,518.0231278730352,579.6297656421092,475.05922845221994,587.1368823755648
1610555617.19EKxMEwDHfXiEJZc27TsGoERaD6Da4BZU,274.15970562904977,584.8076100675935,283.6829010290245,548.2201965546747,0.0,409.32518512303517,151.26576505431046,272.22715759595786,267.63391383544644,391.92414264755644,526.5968343083176,617.2753423710589,452.45669037917776,290.4850483877352,512.4805667630822,496.36466231467,491.10136417349435,578.3326515589744,350.6632896465828,531.2892376597159,589.8108528264466,533.923927521157,295.43410410587745,282.6013625178551,442.54773731052796,393.53944491753737,282.77424823262794,556.7472049472398,555.1434007366533,237.21408971558097,322.70933448767926,266.46983839200203,438.8924276721079,582.8020532728735,509.29694719673626,456.24425285853664,443.92498731436064,589.0646031241588,538.3626053274668,418.0441640316154,450.40307006510085,569.0476867961851,449.2916759595309,518.1348228980997,565.7826012397957,584.4918857960301,561.7608087863258,385.2739737420088,482.1258619025272,441.47984947426505,549.0823297413546,355.6966664856438,606.2208173699424,597.7547986430319,358.1873703463943,349.8890103062936,430.16284425316957,622.4804304444044,533.4879381166479,419.0469832661747,590.0659961237812,529.8708943249653,581.7730562071912,492.8854232032199,563.6480563728629,501.5825792385303,421.8332578537317,561.1324970870546
1610555722.52PJ3FD50MGhRXyUD28vluU8Z9UjLJLZn4,372.1067832973365,570.8110181639144,378.5823477697844,601.4102588961035,409.32518512303517,0.0,409.0207866064513,379.3174922422408,372.1052304383761,462.18550904033583,528.8200640089466,575.3480177625689,505.04351993506214,378.6272165276236,495.4219325219308,445.789593280201,488.9995760131116,514.4125621469641,307.1580817440935,555.9998383055571,548.3070832437835,582.4770808215984,375.2977895045998,382.9864804301014,379.41857785650143,129.1922979957049,414.01530293021057,534.7768392662935,564.6591012008712,349.95483919242076,467.86566759245295,355.40178035583676,510.85574232164,598.9263921086374,525.641136034829,501.9733342121994,528.7005113919914,650.6680727362055,478.55323549293036,430.5880782513579,472.99302118831173,576.8432188114446,499.07258885036725,522.7678145606902,584.0310189479717,511.2238011384668,514.4529949697117,377.74960308386034,536.2547066475415,474.0023766280357,495.49435141129965,426.89344947115154,526.2012033800793,627.7703744912337,458.6119611267988,405.785716221296,434.8004826108116,533.6278489094166,450.39807894342357,388.72676952175624,572.1538155958738,521.82580164008,628.0981237874764,459.8804736270413,608.8968895281296,476.9230919859894,397.704919224891,586.431937953731
1610555617.52Ijr5puT55g9apK8auM7zaxa3NANg502t,279.6304786051799,582.2136342697878,275.1823481184981,540.159064661013,151.26576505431046,409.0207866064513,0.0,266.1566172638733,278.96644299340994,427.255725289042,514.7765755675637,630.1841398023638,463.35419663620723,282.853479909813,513.4598714409541,519.308932659583,477.9002379011425,574.3347445546989,350.4282564083543,557.5372488875107,603.6925733754588,523.9222836006384,337.1696577908142,275.8348271156041,462.9911615059472,387.97526818235207,317.37511702771565,550.7932837574867,556.3739753593186,202.8926026982322,352.0885880331726,266.97821955988127,472.0912863355951,612.3137546456691,532.321967253068,466.7915478464987,470.2824268680557,618.8853948355141,535.1411711355543,421.98902751620653,471.9387439706558,561.6759994393063,473.30706151875097,509.0037148242433,558.2946832659749,580.6949076589921,587.0547131644186,385.473839802759,510.1663745582382,462.4785740159286,562.8298797706876,381.374070908976,607.6978634539362,599.2499538105608,383.2063704086983,379.5412315933336,420.36354911623755,636.9488877939431,551.9100723503537,405.0929798710362,591.1992457526216,527.5496791799956,611.6709259449839,489.1883925049814,586.9990495297474,499.297510240824,416.3060126388013,561.9811210823292
1610555638.77ZLjTLkz4jYJdFMI2wWBztzsDILkoOtAk,107.29395108088997,595.7742282118994,79.30360447855341,530.1767579038918,272.22715759595786,379.3174922422408,266.1566172638733,0.0,131.430123904881,439.1898731552138,548.4694363191696,576.6065394085994,469.28164052894255,102.50578708985954,501.95288648754837,446.23353303948346,513.606426204512,588.0905622155948,231.75508700934168,491.00519064769395,583.4354881405085,558.3412611733056,392.5084652388019,65.75982064450766,496.10907395336466,369.22483692691253,329.7958353825082,525.4699751677834,537.2311588527789,323.76176595479996,366.0125732294707,346.02107398820414,476.8573203459058,566.1310724474765,516.8295217616036,458.4687813151242,466.26649108735745,619.7349155308701,552.5800064709238,381.96739647495053,456.22932350598415,588.1233275103267,458.2017807304935,488.705810894645,589.7456790551919,594.4910215017309,573.2244314613707,421.3871998693628,532.3114536195861,493.6477041266357,510.42000432330286,362.04040326491605,586.1472197608575,621.3475692430618,389.0957446462147,442.35976376393575,477.46161828897783,577.8383427240702,512.394052709011,480.2173473304746,601.9143832549702,545.0818846345911,614.7766304367187,526.7685420654493,608.3527569958327,513.9631102808131,397.274649779695,573.5662633646681
1610556912.46C7tJPLF0XfNnm8f1820X9aLmXMHoc0Dw,135.48904721210522,592.930617287078,121.29070088001261,529.8286472942123,267.63391383544644,372.1052304383761,278.96644299340994,131.430123904881,0.0,433.85160864225634,541.5562632580352,571.9021523197182,464.74152754365196,141.1327403274863,495.27228784542245,440.70295115474715,506.3801196322574,584.4449615585036,224.31011885422305,486.90710204906753,573.8463854443361,550.6128864692785,389.6920938356975,125.84950086800929,488.65337432230757,360.7207404785743,332.49953885329546,517.9547096490155,529.3934601869494,329.9938049081198,371.62298616933197,351.0018008615909,471.14927148264394,558.0503344141865,509.3344934455755,450.99965205442425,462.8127364705418,612.5787015628281,546.2515894274816,382.3701137574408,451.73929875912165,580.9110978898456,449.38665959803865,484.4630153218227,584.7911243910198,591.4230995248101,562.2868434350091,418.91370877951806,526.1193783264197,482.58718341087956,507.22715681230784,357.70344059647715,582.541613534095,612.2722519540356,395.507934086619,436.7637269552496,470.70837452008846,574.3247259447025,507.5562287076157,483.11927067449614,595.1860762961315,538.0240966188056,607.254313400203,521.0569968448141,603.5318313780118,506.59236494673587,397.4548038041096,566.179754530947
1610555617.51LjzIROg0aeCP2GhDcAVQ0LipKJB9jmKc,419.26537058964016,514.0422452766213,438.54872048595456,617.2540307734222,391.92414264755644,462.18550904033583,427.255725289042,439.1898731552138,433.85160864225634,0.0,617.3191476736692,663.4991442093044,246.12775683577064,435.641270915856,527.4633035958499,506.1992971059314,589.4090738926626,578.3612730184343,465.1577221279225,561.0200871582992,656.6554874201332,583.0107757587393,334.22313251604936,443.15458978775456,478.062232170998,465.51071472943784,393.7987565570878,625.5455908566172,623.4686642407992,403.54699201675027,406.5029120808334,360.22127617354414,166.9540500969437,498.15151990232005,549.1229632991746,541.044321115588,512.1551415074048,502.38172370725806,559.5334608387232,470.49863127876506,560.6341190278894,644.9916464432022,500.3307113262095,605.9941495139292,612.1452100747694,577.7366398931454,496.64462089789123,443.6223292954316,317.2721543094332,524.9942249069582,540.7879390760507,442.8137365492398,606.0986326782063,649.2188413861933,434.20283580176795,453.77490457661503,572.236354206285,579.8305289242804,496.4526768166765,482.06678363355627,563.1023622909903,613.8463592564691,549.8581511841512,584.9002900816787,534.9830219380684,570.9331941647343,518.3443487766131,561.7913425446017
1610555608.17OpjjHobqRkX0UPcaXrbu7K6L3805SZri,552.958003580419,532.2003831725118,543.7815648889468,455.35232147841276,526.5968343083176,528.8200640089466,514.7765755675637,548.4694363191696,541.5562632580352,617.3191476736692,0.0,522.3806019533365,633.7076202074024,559.3937380621671,555.085572851181,534.6080815791775,286.2521920547741,483.8140628650127,528.1250498780644,606.9232840097621,504.4508154594859,408.20701356241347,547.011813497535,545.9029555205473,503.78517791744594,504.9716745087608,535.1769510719251,486.84768155782547,517.0121767926995,513.278049348354,545.7949648327698,553.52978974818,637.6124363088935,624.0887963768242,538.0179213619394,442.9275428656879,571.2676288611791,584.2122055794136,477.5286757912452,568.8289744989353,562.0062620370654,364.45892674161877,561.3942258158555,535.5451381704445,514.9419339001527,486.32602381755174,679.8363165521569,524.7528731880611,595.9296986879253,389.68200598752674,550.5614127029662,530.353172867467,596.03935483247,538.2845658055596,558.6289869866298,528.5775835833563,409.063238330181,548.536214401772,546.0252580870455,479.0749685117795,538.439023044096,474.66115120113,561.2592476583706,487.5357513216098,523.232422663712,427.61120135198195,438.1352879922723,553.2678448665185
1610555721.82zWeNZfGUUfRJkgnAwlP8VMhPzXctnSd4,584.9693097273453,609.0144526637071,573.2789175509057,504.2413884924655,617.2753423710589,575.3480177625689,630.1841398023638,576.6065394085994,571.9021523197182,663.4991442093044,522.3806019533365,0.0,699.2623507423059,588.0948871804706,592.6230507777186,455.13382396411913,533.6564820766712,515.7058519362342,561.5356166612276,416.255792518518,256.04466023836545,511.94735945208714,623.3703814908497,573.683181320003,585.821163485395,580.2432816598199,589.9830776383982,416.35355823062963,562.7480858693484,633.2040374478662,586.574163812967,661.9328488457911,668.3669746303402,591.2055781815832,468.1157134141108,438.07061377678656,508.6175511655429,639.9196455949672,599.5034633228769,591.6298053819199,494.43341195377434,492.4676009477146,552.9760656031061,487.76076965016966,555.845504865932,586.6046947242218,575.6130447496838,589.4032535290557,641.7329837726038,500.7160152705942,377.1246535400753,517.9479145717395,614.0236874258383,633.392325358455,548.953699350416,605.8028124333911,552.0704751453688,335.2743489224993,457.732664115453,609.303678002045,609.6364701039911,583.932158823657,547.5429763012497,575.1593544900911,545.5793621174672,581.1685437448297,499.2368750586019,621.6479838500969
1610555735.75bom85BDF0C7W2eIseHeMxi24qR68nzMi,448.5602551550523,475.2860917515074,468.35846232076955,588.1131246595337,452.45669037917776,505.04351993506214,463.35419663620723,469.28164052894255,464.74152754365196,246.12775683577064,633.7076202074024,699.2623507423059,0.0,465.5290069981288,536.3294053200497,565.7179343886285,618.5981433612857,577.4079007790624,502.486310441414,595.3887903549358,694.6591752653225,584.3837930578287,421.65444704664367,472.9257945298231,560.0679337291797,508.77604360401546,456.4231715929145,630.0940940001418,585.0225452710062,445.32207444492167,478.0420467325288,405.5939618750596,164.53075044329128,519.9107374272461,602.2160907896894,583.5346424974354,569.9224509070581,509.12554028013705,530.2648685020796,484.5173540227869,612.4480205675021,647.1402570635956,551.9316907360918,592.1659460558943,592.2026844086316,575.3334933411302,526.7428229953649,477.7765709285532,405.73153753795276,597.3416512058214,569.3923621512758,520.0949654214286,614.5843362439975,615.6144756174319,499.34135949516934,527.007132334021,606.3821611104166,620.95653575399,528.7273024015793,524.9591238243985,562.4865248123832,611.631237433811,550.0145552083831,595.2367804888793,555.2500435159203,597.9451658124932,543.3262806677726,562.7780170209095
1610555735.77NnT5xqKnwcf2BbjIekeb2arTQj6QMNwk,122.52322201132874,592.8457081820894,115.31659832828358,539.6063699083603,290.4850483877352,378.6272165276236,282.853479909813,102.50578708985954,141.1327403274863,435.641270915856,559.3937380621671,588.0948871804706,465.5290069981288,0.0,512.2928145566497,457.123748805331,524.3320785089088,584.5313278916597,227.09168366329257,504.91388676303393,597.0564182526565,570.5010062056765,400.38132005753874,116.99126133769317,494.941450486425,375.09276160109977,341.89745467538893,538.4076465010937,550.8643130791,340.86698888590183,382.6295233232013,352.37401975127295,473.6576098032516,566.7718371192359,527.7206557450282,468.2798884082026,479.34358906660816,619.0747544306981,552.2305245414166,374.57734762339925,468.5342334610098,600.5476381426645,470.1586376775121,505.73363701835035,600.3872299357272,591.3814924711376,585.0901028527278,422.7376209456238,530.874364080778,507.1381730084769,521.850023274418,370.5382730631926,587.977269844411,634.560991649286,402.4532070627982,457.69014714996194,492.1553052356629,589.1610662458344,511.0533201422215,496.84912203400273,599.7597939344481,543.5956208331431,612.7396755264411,525.721354244275,607.3726742273736,509.9433615690509,408.61769250153174,570.9017188268921
1610555638.33wjf1PhdNaoWfbRzXVn50hmFyB5bYAiLV,514.5122805032329,589.0871695970196,497.7767642707393,588.2895634429941,512.4805667630822,495.4219325219308,513.4598714409541,501.95288648754837,495.27228784542245,527.4633035958499,555.085572851181,592.6230507777186,536.3294053200497,512.2928145566497,0.0,459.7843200445976,514.2473596200965,629.5248174934411,499.6462592365215,501.38004567633794,595.7213246054681,538.9058052256204,444.40007192413856,497.5899325364834,487.8901018369076,477.26261070541096,436.9695077164996,630.0768297287326,624.1228118295279,479.04970683393617,444.70816834789844,460.0188159118342,547.2888533811165,655.9898151912261,392.6615686794633,498.5303813893016,397.32318502353417,662.1328745421164,540.5649483362246,495.53747502187974,436.7905441547453,599.0861732906068,315.1701829963851,555.5983835540144,535.404556998343,619.7659281688459,499.79910665200003,474.8805301137755,534.4571879740076,514.1913357542514,515.9040160081496,508.9845925238683,679.9673604300482,574.661007103249,459.2492066852614,471.6519317812831,483.1066658996078,505.2624816803944,584.2705937437836,394.05350042607597,622.6706033767755,552.997141155286,607.4545045964022,564.9151478930344,607.1939733611746,552.3357898493441,480.62089047903254,663.6779166915542
1610555606.65jCE4ig8Pu8kvAzkxnSGfWsV0nQBjCf8H,454.40815885625716,623.2578970316422,442.3676310138551,585.7446982328447,496.36466231467,445.789593280201,519.308932659583,446.23353303948346,440.70295115474715,506.1992971059314,534.6080815791775,455.13382396411913,565.7179343886285,457.123748805331,459.7843200445976,0.0,502.00308159026855,641.8392170672993,433.01491169701194,373.58103299073434,484.93768063366167,545.7262220891506,444.5493176478371,442.89336887325385,498.0292995042467,463.0550085321366,406.7239637302708,510.46702293600515,528.8230697623195,524.3154715111149,393.7836991147592,505.0979088212817,537.8781671531442,499.02760886001903,301.005024068659,363.5255878063408,350.406908638703,551.6944874034838,574.517367082747,453.96975865078684,395.3859437257869,575.2260124727748,475.7255705936724,581.7698035039172,576.624212622312,645.9871734665296,500.29639327666314,412.3070344686831,536.2753968888106,429.66401134028945,381.2413773656802,378.1696520596721,593.0387057685781,624.0350369266185,349.304980547313,485.6033608282766,506.63921590224726,392.0785732916462,414.52784316622285,467.9999168358134,582.9579930312262,583.133081530288,508.8237370700917,565.9320160461087,551.0593926894098,519.7626824496715,383.23587676296404,623.6584822072048
1610555608.18ONsBCVo1i7BrX0XG9stct4oiA6ejX9Oz,519.9249566937154,582.4716929902166,510.80975999242855,524.2608255477111,491.10136417349435,488.9995760131116,477.9002379011425,513.606426204512,506.3801196322574,589.4090738926626,286.2521920547741,533.6564820766712,618.5981433612857,524.3320785089088,514.2473596200965,502.00308159026855,0.0,488.9049928991886,490.0370037590998,618.4127701168306,515.6688530916383,420.4847965252592,512.3021697981062,511.05856896520095,458.6948846421329,463.0565661484412,502.6553299514732,503.1467385933696,582.5487043972421,474.5789498306855,515.5724544199563,516.2765654355406,624.0094266207877,636.2780600634112,495.6925751069522,395.5741228511973,536.6628971076743,638.8782269962975,474.59394575806533,532.3214231268743,524.3353301563305,378.58812579664544,522.1045217696965,547.9400823336814,524.2085001552085,491.1805907889163,647.0676080533251,483.92958085154487,585.1078194382711,331.91762953251373,564.8797101521482,495.9557914361797,553.6171456179297,537.0049714311898,530.028173862218,491.2755833104537,349.17150721638404,560.2053548217319,559.8785118965894,438.14504801657546,489.1557059854184,400.5675003091173,611.5688638082534,427.60268280182277,571.1916290120179,366.41349463247843,417.1780259243832,510.85848711382204
1610555721.51RNoQUMP19FTMS79BmA3JkgSm2IC2AQuQ,575.0153305355367,487.62143801385315,586.918500727663,534.2786305591179,578.3326515589744,514.4125621469641,574.3347445546989,588.0905622155948,584.4449615585036,578.3612730184343,483.8140628650127,515.7058519362342,577.4079007790624,584.5313278916597,629.5248174934411,641.8392170672993,488.9049928991886,0.0,556.6041521660633,661.1668343531579,547.5497576700837,494.7924588344564,555.983843665348,591.0304160211763,539.7694298794853,509.73553273055,579.168265824597,562.1829495964093,603.7581786580259,531.1893877748764,603.1228331658459,551.517395881438,581.7279687490009,642.0264466217595,651.0909785869695,580.6414978105342,672.8265886526196,645.405734829043,501.55973453292387,592.6272877326719,628.7005089293666,467.1494162850752,635.4559018212726,555.5405169686976,529.3400681095828,370.48835573476305,689.7030405507635,569.1813898479371,639.1756986542887,547.9323583229205,561.57106952076,589.3238956914016,619.3452427532982,646.567732426627,613.327975988074,596.1248190551843,545.5716283794485,571.2019489766071,515.4025942783436,556.1878951269518,561.9357507019887,498.27524087357585,626.4545350934391,517.5591311924052,587.9100428755049,520.4050713577016,538.1720800154046,576.905368091401
1610555971.86O0cHB2ibBJ8jxoObg01EpGe8VVV5mpwn,226.51131282329877,567.6674892171335,231.67089832841543,508.8684519297843,350.6632896465828,307.1580817440935,350.4282564083543,231.75508700934168,224.31011885422305,465.1577221279225,528.1250498780644,561.5356166612276,502.486310441414,227.09168366329257,499.6462592365215,433.01491169701194,490.0370037590998,556.6041521660633,0.0,542.3475576328603,573.6567332324265,547.2605738725111,439.371449454157,235.16040132362437,461.5129315988801,308.58915819870373,384.81894140820225,506.4170958253192,565.3438000445215,350.24190286961345,432.173518605382,360.02176887152876,508.38796125066824,550.5797560091545,513.642923868271,482.10711228205804,517.1365106206893,608.9134999765131,528.5588090409431,344.14355735348727,455.7187299488232,574.4502428163422,455.4063558767975,477.1346350653276,581.9302066559665,560.0240740117092,598.7382785904268,390.0927480195256,546.9958222958809,475.5001876394645,491.1685261902914,340.9174547599644,547.3024312423588,628.8481046422346,449.71929470355684,484.6157270542693,457.9120455441717,561.9393727733215,478.3249583410596,467.65865976197546,570.2425809925426,522.2276810078937,643.1654455553165,485.0098774616769,620.5770270126617,477.6190249448619,374.43770315004053,539.4013301881438
1610556911.51zU3duZSGpcw1BDNsBLxdOCITAXwl6z3i,499.2030036777211,621.9372294610903,487.0903595958022,578.6573800528852,531.2892376597159,555.9998383055571,557.5372488875107,491.00519064769395,486.90710204906753,561.0200871582992,606.9232840097621,416.255792518518,595.3887903549358,504.91388676303393,501.38004567633794,373.58103299073434,618.4127701168306,661.1668343531579,542.3475576328603,0.0,424.7450876289042,546.4034218863404,488.4433588574445,488.5307497160288,587.1969507954663,566.7358907257217,446.2911888040471,516.6957933227937,548.1829472075649,588.720387805192,438.65759671785503,570.2501763005083,562.6064056619881,548.4630093245603,392.02087900020894,459.0470418768077,320.72426804226876,605.6730599868915,629.9633760373933,579.7414786239798,450.3425327939311,597.6990215430388,512.3028515124922,523.7856242573245,545.367865843098,656.410075787776,439.5617430434354,519.9286367052563,556.1273365097971,565.5939384609947,357.3641677256519,510.70468620749614,665.6120699953028,631.1048216284128,386.3680238647545,526.4238945680294,584.9759587656315,343.16164709700735,448.61407368070235,554.2694565594361,660.3715581561635,615.259784163658,450.49434663825537,619.4889475365628,492.21566444137756,644.704930573095,521.6465764502962,693.7718060086477
1610555988.71dMoYT8250UHHJGxgmITTmbHe7V6gH1yU,591.6174927068403,600.3328783881846,580.0444293243977,536.8111968128111,589.8108528264466,548.3070832437835,603.6925733754588,583.4354881405085,573.8463854443361,656.6554874201332,504.4508154594859,256.04466023836545,694.6591752653225,597.0564182526565,595.7213246054681,484.93768063366167,515.6688530916383,547.5497576700837,573.6567332324265,424.7450876289042,0.0,460.32510695472564,596.4565762402057,580.8535791530735,548.4546182417736,550.8458251266034,593.6163205648731,366.5665541623603,578.7783644067957,606.2890953423959,591.0077980085862,635.7257256413064,661.9207209508791,577.643739421776,475.8582085141565,469.929706650788,512.2883176408667,624.7448604231084,565.480590046668,622.1008387152577,499.720810175021,451.7743328698254,554.9444034739658,438.32002898464924,515.3958323092012,573.0390562414209,539.9594595092043,556.8142672383013,633.3957958654768,482.7565475012477,396.52032563905493,544.6747210815649,590.8504683132844,596.3819656101206,554.4423161524817,574.4178839455874,509.32097257775007,368.16599676058456,438.60919314094036,576.2451399997599,577.5533667917723,540.9721958284862,535.439567113405,533.5770531332378,532.5495743374491,568.7395053219913,531.8377988825629,590.9756805208547
1610556042.81mlUZsSp7gbGjrp8jQSnybT1gPy6e62o1,566.117952480437,499.5504997325783,555.5270336151473,493.1863600386615,533.923927521157,582.4770808215984,523.9222836006384,558.3412611733056,550.6128864692785,583.0107757587393,408.20701356241347,511.94735945208714,584.3837930578287,570.5010062056765,538.9058052256204,545.7262220891506,420.4847965252592,494.7924588344564,547.2605738725111,546.4034218863404,460.32510695472564,0.0,540.8358659968609,556.2453357207849,549.261695631693,558.407945122126,531.2897073327622,408.3895085596073,576.4796759301922,520.6484030829653,545.1841661840497,521.2195620027014,588.870328429029,549.4911997143736,531.6141790662165,516.1530707760938,560.8225129492148,542.4930896138861,515.9492418077533,598.2568129041096,602.4291903103502,309.0418330969457,573.0214065575448,482.3585905150006,435.33230973902977,502.3086753498766,626.1575361588311,485.6395320514249,596.1417732051895,475.93991050509163,504.46454399464204,556.8111019251788,589.0834897041782,566.474466867402,555.7445448265762,571.5420270691284,449.6699420190947,495.37840807959634,505.04578804179647,462.7616297631416,465.81448851985436,455.56784037428815,564.7980782983244,466.04476451742875,521.8827815591211,501.71966350363687,531.6374640514998,482.72704809847113
1610555637.02UBW5nKvDyUrKnaWcYRGajZPxTRDS0q3N,385.936137968335,556.1654247856574,396.4127138919575,615.1304003322309,295.43410410587745,375.2977895045998,337.1696577908142,392.5084652388019,389.6920938356975,334.22313251604936,547.011813497535,623.3703814908497,421.65444704664367,400.38132005753874,444.40007192413856,444.5493176478371,512.3021697981062,555.983843665348,439.371449454157,488.4433588574445,596.4565762402057,540.8358659968609,0.0,398.7693531054441,383.12203161052355,366.98823133882337,219.96662930769395,625.0437950794785,574.5231958023013,316.9087117412979,256.7333702918926,267.10656314091915,388.3877749115334,576.8578469632962,460.6099828434579,464.9369444901,392.62930679509,577.1528464372565,506.41461857111716,490.865087201495,460.906638666414,590.1927351521125,468.05347230658003,594.3458284131507,540.2329090982107,555.3306434180254,484.0319579771869,375.41743813136316,429.8485896835026,446.4328029985993,511.66453420164567,430.3850553399339,616.2122927606268,617.2271286163248,299.1012254647802,293.5329259068938,459.1621603587817,545.9226197649011,483.52725230061606,327.70280923938185,573.0301139391673,540.1877887427833,521.6883593302456,505.787868286965,504.742464088423,509.2058651238581,448.9007640802503,614.8492364470648
1610555619.13oUYNikU4facCTpUSiSLr0vPI0tJLnXiT,120.55516534249759,599.2360266981618,71.53497407557728,527.9681800566273,282.6013625178551,382.9864804301014,275.8348271156041,65.75982064450766,125.84950086800929,443.15458978775456,545.9029555205473,573.683181320003,472.9257945298231,116.99126133769317,497.5899325364834,442.89336887325385,511.05856896520095,591.0304160211763,235.16040132362437,488.5307497160288,580.8535791530735,556.2453357207849,398.7693531054441,0.0,499.31777988795517,370.5208261978624,335.3527658673006,524.0070842251796,534.1778586833508,332.21287926520426,371.0206521256642,359.05558996755946,480.4740047716347,569.4076196480036,512.8689708207161,453.3657706717084,466.21485634411954,623.0979016928823,554.6089747419073,385.27771002840564,451.52067879023986,586.0686862941769,454.31370888605744,486.73713792988514,587.6171127090308,597.7172532476941,571.9026140181146,427.30751470439003,535.6314384159047,490.86430598883913,508.029612991767,360.6266898582004,590.0828642113578,619.2154708575591,394.3111062398699,446.7145822435511,475.29582060853255,574.9617391361112,515.2914935944431,487.08334015737023,604.5685921075835,546.7969877138227,616.3990469918106,530.364728945162,611.1721732246056,516.122009934149,393.82669506792945,576.9826827400693
1610555721.03nzkucfjAUh31zTbmCVvTVYqtjoxZFnBh,489.4643139125475,557.2205104612631,495.41029387453335,625.5544023285112,442.54773731052796,379.41857785650143,462.9911615059472,496.10907395336466,488.65337432230757,478.062232170998,503.78517791744594,585.821163485395,560.0679337291797,494.941450486425,487.8901018369076,498.0292995042467,458.6948846421329,539.7694298794853,461.5129315988801,587.1969507954663,548.4546182417736,549.261695631693,383.12203161052355,499.31777988795517,0.0,369.78913977477555,447.5017717296795,592.5643959248935,582.8624202820913,406.1405639942293,477.8563110074733,397.8324352352488,527.0559717421643,579.9031089546452,501.8534812835896,471.81291808475527,508.3378778911416,577.9344259518432,364.23950171280455,528.8802556867362,502.38647208846083,551.9422983563319,445.3384914137126,594.8765642620117,590.5322795078991,492.96697137368136,543.5847167694347,414.91075018934833,462.7018795090606,403.0183175030938,574.8324707697112,482.84430796557086,511.30348753448396,570.623435204507,492.823474185747,283.4622029455911,369.23067221720993,552.2945401515206,529.7115949630701,351.3966765746937,543.111742594711,452.316363291338,581.9404522079516,399.60997201507485,509.90990011330905,451.02582075364677,485.6647611467626,561.2723716697313
1610555722.67fhKURdXVzRbLIjXmjRwdJHTnE7PWb1AE,371.90221466982365,568.4219496260487,368.1315026662876,582.6188042114641,393.53944491753737,129.1922979957049,387.97526818235207,369.22483692691253,360.7207404785743,465.51071472943784,504.9716745087608,580.2432816598199,508.77604360401546,375.09276160109977,477.26261070541096,463.0550085321366,463.0565661484412,509.73553273055,308.58915819870373,566.7358907257217,550.8458251266034,558.407945122126,366.98823133882337,370.5208261978624,369.78913977477555,0.0,402.69154208276984,541.3220653993998,551.4804767715108,327.8876847370733,454.5452113614101,348.41419006083055,514.4737710229333,600.5132098858816,535.6654796345539,503.83606040806575,539.2867715056153,651.5236545402751,470.48419283864297,464.07120484951565,483.0303549461776,553.9168696771997,482.6494029776612,509.5999723295205,560.7114208657542,507.9020975442463,519.1513486136705,403.2896343797363,534.4405676254165,451.6298177719005,505.1403280685641,443.53024131252715,518.6080906974546,609.8701077941552,474.3406426360419,387.32807003533145,400.1574899207113,541.0016402097046,476.9232089176702,360.77923656185936,566.3738227925054,512.8943036766482,644.3122799067472,444.93048489783973,603.8653334464384,471.8516007069563,410.5921435213446,581.1913047984822
1610555638.39J2ZWBLuLTHP0jOlzB4tNHmYeijH5g5YJ,329.40182144464524,585.6487799008088,333.64650581423996,562.9013632758393,282.77424823262794,414.01530293021057,317.37511702771565,329.7958353825082,332.49953885329546,393.7987565570878,535.1769510719251,589.9830776383982,456.4231715929145,341.89745467538893,436.9695077164996,406.7239637302708,502.6553299514732,579.168265824597,384.81894140820225,446.2911888040471,593.6163205648731,531.2897073327622,219.96662930769395,335.3527658673006,447.5017717296795,402.69154208276984,0.0,611.8484036033127,561.728313446773,362.9270152241751,183.44798727208502,321.5948954650472,439.2275731588049,582.411600451336,423.7917471186304,420.87152832387346,349.57725644829975,585.0703275492248,544.6711903092993,436.2883141120409,411.58143745527445,576.242631748762,470.07464134203946,577.978603410206,526.8118809348346,585.1016091736052,522.3816851384271,362.5790807772821,484.69082618419816,443.604515569094,477.2431780110983,380.69255035851603,608.0162450898817,610.0955193688636,238.3813703780837,368.2348651637684,448.2311627466948,547.4917569472586,480.51713104647735,382.8383561010043,569.6468899419336,536.0216869932932,527.693395837675,498.27177619569915,508.2255144729652,506.22064048254106,376.57154393384377,610.0545178518167
1610556032.17Q6yCDx9g7alRnL9jBFXD2JhhUyB2hKfJ,531.8422715851051,558.5132302681562,523.6262164678483,495.5163357545233,556.7472049472398,534.7768392662935,550.7932837574867,525.4699751677834,517.9547096490155,625.5455908566172,486.84768155782547,416.35355823062963,630.0940940001418,538.4076465010937,630.0768297287326,510.46702293600515,503.1467385933696,562.1829495964093,506.4170958253192,516.6957933227937,366.5665541623603,408.3895085596073,625.0437950794785,524.0070842251796,592.5643959248935,541.3220653993998,611.8484036033127,0.0,554.7867886283265,552.0764796349551,625.9710596478109,587.1490422349384,632.0410403856592,541.0629008778479,562.325622460612,497.69741906035085,591.5309540137902,595.9072679144958,565.5666513759285,548.1033762476014,588.5050637097524,419.7194255992534,589.7688029589715,413.2777365036986,553.6244662415027,561.0413469622389,612.4322733121085,522.8446164281623,631.3170921230272,513.9434572572239,453.4431968693296,514.5509699616497,523.2606443939243,632.3660022536633,591.0201500823847,612.1434021395576,483.1418528838724,449.1630533202243,456.67629880941286,576.4598019091131,517.2491275579268,556.0899047632148,592.9161600790343,507.89576055484304,587.7536499085063,538.918906726163,507.6462328031937,460.9310618760972
1610557007.49MyVgDnuUuBxrvL6SGOdhKf69VYlW1MSm,539.8405499675856,544.6849312857457,531.7447775696561,551.2039635939167,555.1434007366533,564.6591012008712,556.3739753593186,537.2311588527789,529.3934601869494,623.4686642407992,517.0121767926995,562.7480858693484,585.0225452710062,550.8643130791,624.1228118295279,528.8230697623195,582.5487043972421,603.7581786580259,565.3438000445215,548.1829472075649,578.7783644067957,576.4796759301922,574.5231958023013,534.1778586833508,582.8624202820913,551.4804767715108,561.728313446773,554.7867886283265,0.0,577.8687961335808,569.1676270489218,588.1401126583925,603.28807879402,509.2298293796905,598.7162202307256,531.839044205355,597.1172305120983,513.2841041994352,481.0585135566024,626.9555451395973,603.8533445256204,555.8429548375975,628.5262954727634,545.8109413307982,582.6095760837138,545.6745270183069,636.6566402675045,591.2529600839756,620.077315472387,564.7120317879442,565.4467100768011,589.5864402834083,568.4722576980487,494.0785817115446,583.4280521612395,526.1364897175712,571.1895411894553,595.3271092352859,568.4595554463007,590.7515174060374,651.5285497917986,608.4359992180392,510.50115977710817,604.6978695142466,513.0000227965162,597.8890851151103,553.0008997168435,661.3583732888537
