,1610555604.25mOvVXuL01OCiReyVWBfesjuvXmB3MoPy,1610555605.43B6oDsBtWRQ29Q9UMQuTUEPZy3FSSWXzc,1610555610.92HPGJJSmyPM40z7otPBgHalNrHFA7zk5d,1610555606.68LaSQbm9EHAFycEfFtEqAwYqlBsQPjIRW,1610555617.19EKxMEwDHfXiEJZc27TsGoERaD6Da4BZU,1610555722.52PJ3FD50MGhRXyUD28vluU8Z9UjLJLZn4,1610555617.52Ijr5puT55g9apK8auM7zaxa3NANg502t,1610555638.77ZLjTLkz4jYJdFMI2wWBztzsDILkoOtAk,1610556912.46C7tJPLF0XfNnm8f1820X9aLmXMHoc0Dw,1610555617.51LjzIROg0aeCP2GhDcAVQ0LipKJB9jmKc,1610555608.17OpjjHobqRkX0UPcaXrbu7K6L3805SZri,1610555721.82zWeNZfGUUfRJkgnAwlP8VMhPzXctnSd4,1610555735.75bom85BDF0C7W2eIseHeMxi24qR68nzMi,1610555735.77NnT5xqKnwcf2BbjIekeb2arTQj6QMNwk,1610555638.33wjf1PhdNaoWfbRzXVn50hmFyB5bYAiLV,1610555606.65jCE4ig8Pu8kvAzkxnSGfWsV0nQBjCf8H,1610555608.18ONsBCVo1i7BrX0XG9stct4oiA6ejX9Oz,1610555721.51RNoQUMP19FTMS79BmA3JkgSm2IC2AQuQ,1610555971.86O0cHB2ibBJ8jxoObg01EpGe8VVV5mpwn,1610556911.51zU3duZSGpcw1BDNsBLxdOCITAXwl6z3i,1610555988.71dMoYT8250UHHJGxgmITTmbHe7V6gH1yU,1610556042.81mlUZsSp7gbGjrp8jQSnybT1gPy6e62o1,1610555637.02UBW5nKvDyUrKnaWcYRGajZPxTRDS0q3N,1610555619.13oUYNikU4facCTpUSiSLr0vPI0tJLnXiT,1610555721.03nzkucfjAUh31zTbmCVvTVYqtjoxZFnBh,1610555722.67fhKURdXVzRbLIjXmjRwdJHTnE7PWb1AE,1610555638.39J2ZWBLuLTHP0jOlzB4tNHmYeijH5g5YJ,1610556032.17Q6yCDx9g7alRnL9jBFXD2JhhUyB2hKfJ,1610557007.49MyVgDnuUuBxrvL6SGOdhKf69VYlW1MSm,1610555638.44hjT5hbYdKoE3MB6hijrjqbjmLgvCUYKD,1610555608.13zUvmFSCRt6SsLbhqFznMEvGx54GPGQzM,1610556038.62a5C4ynd1AARyAhTv8a58NCqHvXRjscqH,1610555644.45Xse8u7pusHNsd7F3d0A32HXvXr6weOJE,1610556038.62gKXOCG7XCn55eJvyl5voNjbwOW0znQDq,1610555987.13v0oleKK97pkesp6oMgprH8SoSdoDVdIO,1610556964.96ZLLeiQW0qpmxhPGTg7K03fmzkqsC2bjC,1610555987.13VQlEedQ50VvkPMEMzZDv3KNnQCewykN9,1610555982.186TY6MMGkDecIN1woW6vsfAMXVV7jnyjO,1610555982.673LuMndkwkvdmZOn0MmE2Pkidx0FtNalb,1610555733.38zItcuH7gHNfKdALR2d9Nek6bxCyw36Vm,1610556034.15BQxSbZINGCay0yp6RBVlgcPrw76Yn9ON,1610555639.37BPZpgtGml8qUsh9AdV4m32jPLfI2aNFq,1610556965.57S0adAalhWYe6K3bkZU0bRHbqnDK8gGkR,1610555983.54zteLPCMjyrjzPdhHhlZr3faCgD0TfYr3,1610555987.79rHnNRmt9a0ufmnwCvZqBouyUoZDNpylW,1610556960.041xWER61rmArlsKfiMl4frikWmUCnQ7op,1610556035.13a7NHZDutfTMJ88qle1gTYY59Dr4WmMsj,1610556890.456ZBDaY16bMtrTZTqAgHl3wq1tRxzqDow,1610555760.24e6890pkbyZ97Or6croI1rQgjkSsR0yVt,1610556043.02YpWMIJg3W004iqlPyv8OcVAZdSC5rNYw,1610555987.03z05P26TLtONYM1HSzupoc2CeNMa6HTqr,1610556032.15OYCzUxpsz7b10AXBAuDXrvEcvxFhf0M7,1610556032.63Z80yI9pNwS3jSmsDABbuhf8wkNa2Ze9y,1610555736.28eGuESasTXdR3SqY6pHhEXWZtcdciYLCO,1610556034.61bebeZA0MkaFG2sm3VKiqrxeqQginTTW0,1610556944.5XwXOphKYT3ZkWA8gViqOS97VHVuMVUqb,1610556944.745UVLFBzf7fPh4UH37I6tYQOFPqRDytEh,1610556034.63XsUwaFaPZevO1JNFjfhvY4aKNFnV4noV,1610556964.89xwBHw9faT1HjQRMNQEyA4qJ3hWkwgj3k,1610556966.74DydzH91jtyvRyYau47JpVkZoMRSNTt01,1610555740.77UueVziDbaXyRR4OcVJIIZyzOfAzN51bj,1610556046.84e3vwjyRCzqz0wJQhrk8zsxlFfFSv98Df,1610556137.99eoPuVrDThKAOvmeprLPb2FWRqIhzUodc,1610555740.73XFwSrmTXJPlaxGZSefh0jOVA8PI3III1,1610556123.88AOfNaz9jSnqU5Czc7okOv1RCrYfKFBTo,1610556046.85nB7NvyoYQeLcOV391Lmmut1wAM8CFGLw,1610556123.89H4pdIAzDthI7bMXMhlIhKUYIQIvtmPPQ,1610555740.87GOYQUJKpkynIS2lFqppYK4b32ol7NeGh
1610555604.25mOvVXuL01OCiReyVWBfesjuvXmB3MoPy,0.0,788.3165221920594,156.36512126404875,728.9289490451016,376.6774665599371,504.9716285836668,382.38778307788607,147.6112655114862,181.9767891185193,565.9576856342712,746.0315100257658,790.544558785978,609.0157742630875,156.5948560184602,692.5849452029158,614.0228991863515,697.6608334313897,778.5581439310758,300.48643554896853,669.6870434373169,799.0712785646667,763.3378729375825,526.0688057559477,169.18954758392104,663.9261737256833,504.04812518257586,448.3143175401953,721.0684973569039,733.1508321682942,452.600270697817,500.66007310516494,460.9149881058167,620.8711641920014,753.7363309433141,711.3414010605554,635.3545289429943,638.3668945038742,825.5565572194812,736.4729199288912,499.9190225048988,633.928328009851,803.789663567469,634.7055051530401,676.9994102872696,805.0034823230056,786.8044459416501,786.8721695257639,558.4730458128784,703.9968783526316,680.6047035535304,700.3515208605097,503.72174219276746,784.1000652107551,849.4759489877442,531.3377341829749,608.0404889745162,664.8536314212973,793.0367641596218,680.8486216248999,663.6176244330431,801.086528253518,727.9913806412029,815.6791616508574,705.5651256288197,808.1626214817281,683.0533110178364,552.5077097218139,760.9004527738101
1610555605.43B6oDsBtWRQ29Q9UMQuTUEPZy3FSSWXzc,788.3165221920594,0.0,808.352590161233,564.902767454673,795.1917192932663,772.7393725768577,790.2356911848381,809.8564579386357,804.6367070195265,699.2816853445511,718.6599645465011,823.1239606691715,640.214308356939,802.3079530024196,798.3685146557668,841.886360398896,786.2969472293076,666.2681869739763,766.9846954654922,839.3070045077237,812.0465147758902,678.6267420613799,757.3019917050636,814.4521771610437,751.9109963823328,768.6448824048671,797.8590106113393,756.1963122115448,734.9506227925749,729.442754250073,820.155652270766,684.5218650123784,670.7119728488609,641.4671062827745,798.8990203790249,819.1273568479086,851.8100619285925,588.3985376477309,568.0648017697898,810.0243131851189,839.2368752602641,775.868342212092,818.2021899803952,673.920416417273,583.8374097537597,536.2035256625129,882.7016795815704,713.0545379430489,646.1559186665193,819.2781493319168,745.8961955727885,808.5092718910146,814.3277064562446,732.5786086307124,836.6799867679822,825.9435395437199,818.1304505592753,719.225822579233,718.4599324076992,755.353411440064,798.1911014423284,780.307443626229,629.8316837226276,791.91435207257,592.1582946490903,796.5367171013525,781.5221053411425,797.4544165036218
1610555610.92HPGJJSmyPM40z7otPBgHalNrHFA7zk5d,156.36512126404875,808.352590161233,0.0,714.9977429132261,389.4704341044605,517.3894909961703,377.23411677973354,105.85412971051186,157.07527286693457,592.7507210500057,732.4866504357802,774.1062376181661,636.1250603232161,153.66993757827754,668.8786620523583,596.8457677504542,683.7381944597929,796.2660094381721,312.84057798699195,652.8043381376667,782.5875431202605,747.5507115690966,541.1791332867273,89.19828108320185,674.878412669537,498.706621975877,454.66637819165567,708.9377636931878,721.1599059159067,453.30363100604956,501.208270516982,490.4714256604623,647.2059971378484,772.4148705163485,691.0978444038037,615.7674723779345,626.5993458827486,845.3233751047818,749.7308879098049,516.9539852192949,606.4926997241976,791.7321335664188,610.3987234605681,659.6983770752771,791.721689642362,804.3270870022277,776.0237456969616,577.5925068307627,724.7859570816616,667.1228402376033,685.9862333736525,488.37509837631774,800.042222645322,836.576327148439,532.9281259224673,607.8710856898641,643.7126621157923,776.7889525315541,697.9296438866011,662.4334769208536,817.5559737353229,737.879937479152,834.1096091929774,716.2195483654265,826.0149811242819,698.2831667765681,534.2215266046786,778.5148296233874
1610555606.68LaSQbm9EHAFycEfFtEqAwYqlBsQPjIRW,728.9289490451016,564.902767454673,714.9977429132261,0.0,744.8106146585883,815.740385174912,732.7993377431375,718.8254845282366,716.3072984748451,835.0924708693162,617.1890700553521,684.2015449315134,788.6231554949065,731.610498097527,797.0043355898724,790.816423954754,708.0664907371216,726.9130078628281,688.6696915467994,780.9247834911564,728.949829317798,669.5010957630992,835.6673523679611,715.6909807251187,846.2950073651695,786.5782125909967,765.088406715219,672.5041016488706,747.9862886816524,732.266936098767,777.7741328340944,792.3741361523397,811.7217370691275,797.7155636040105,727.4511122581247,669.9713234357611,796.0301471363871,730.4819741609065,716.3828895292239,736.2043945118852,692.6537898964738,684.8511218350956,745.1188389870289,625.8734444749192,539.9170071023001,720.6902441585174,945.4071689013114,763.4383340761093,805.4045306127553,745.011506173929,683.2071878236766,688.2108470410068,858.5668529712309,763.2805142695335,796.5510666357102,872.2290375404906,742.7552550290632,711.0576690334971,762.6211580632282,821.244542637489,835.6596051789811,789.2691612818239,703.4993593018676,778.6272466143458,698.9283385381897,786.8220736548275,635.8332752725663,794.240328186263
1610555617.19EKxMEwDHfXiEJZc27TsGoERaD6Da4BZU,376.6774665599371,795.1917192932663,389.4704341044605,744.8106146585883,0.0,554.8028254616956,200.25713786302205,370.72926465549904,368.7204097637112,526.0243847437491,709.648148504467,832.7529640038335,616.809798449683,399.7577363248705,692.3737009820434,669.6041770527881,657.7218480713914,785.189289817646,476.07640691378003,710.9271159684403,792.9900377139747,718.7061275157341,396.1663034670347,387.85880416562264,597.0368701282332,528.3118392062294,380.8730301723291,753.2080896707887,754.1766421557369,316.1695154270541,431.53129139402984,363.3224263494003,595.6163565245425,793.921321749051,685.7900566751009,619.1527496462083,593.1934972859497,803.7546450465765,733.441531367713,568.5339677117468,604.0284449050388,769.1253006318061,602.5888159741249,701.6791467474478,763.886055080713,793.1609882728775,758.8097770795391,518.1691321265833,653.6462841187206,600.4778739946552,741.5852887197349,482.0336928730601,823.2142765204317,809.9858399926483,480.2779860263544,467.4615408616897,579.1599320953133,840.43323470549,723.9973762507599,562.5985678600708,803.0097789683321,719.8499712540931,793.2681942249859,666.6488319436171,763.927363388513,684.1982264948483,575.6352911012104,762.4372062415626
1610555722.52PJ3FD50MGhRXyUD28vluU8Z9UjLJLZn4,504.9716285836668,772.7393725768577,517.3894909961703,815.740385174912,554.8028254616956,0.0,553.80223191828,518.9315663102881,507.6731948773486,621.5220439056576,713.3016946278937,776.8772165962396,684.0272367742859,512.7942914692669,668.6708980339023,603.0892890391158,655.9367156812344,695.5176578074089,417.4774819397912,746.9139332459989,737.4221947412468,787.6294987420998,508.02780989955596,523.5219333087957,509.0235845241756,181.9058938340346,563.4279109827053,720.9887868545471,769.9138689994418,475.71871266681524,636.147964314307,485.13389725632106,692.7636526176501,815.8323873467249,708.9655030156894,682.2135751474657,712.9732474626525,886.0240615878641,647.4511046475749,580.3228360542429,635.2399931109047,780.4235187616231,674.8265005065609,704.6326494199847,787.3010729483983,691.1212360281188,697.9763038992149,502.7893772093484,723.8148344072808,647.2534713562718,669.7438403848589,581.3896691689421,713.4391121745113,850.6732986047152,621.5921767033552,553.453959848286,583.3828545746092,719.472987176023,608.2981666232475,524.6781196222688,775.6251386301344,704.9976021507579,852.2838263638845,619.4872153629786,822.6592567167273,647.8544112775451,539.1080849971224,793.794128723034
1610555617.52Ijr5puT55g9apK8auM7zaxa3NANg502t,382.38778307788607,790.2356911848381,377.23411677973354,732.7993377431375,200.25713786302205,553.80223191828,0.0,362.0211447247983,380.2939336962783,575.6287690033566,693.1790072391883,851.1882017137277,629.1122422331242,390.505577508555,693.1488290137365,702.3037589324036,639.2777335470098,778.6756098254913,474.9513616308987,747.6228365427316,813.0822773695405,704.6016256988165,452.6982740672435,378.2311184914355,626.3782312079875,519.9305908706464,427.09136730773366,744.3477158807599,755.1584463842163,268.2991081295205,474.21878631873705,362.87009498545126,641.2015543124958,834.1491764763736,718.8250703748225,635.232556312783,630.6444314818175,843.9977342834741,727.61768817396,573.4423261467442,636.2835205080934,758.7006716214318,637.6276676313457,688.6069514928688,752.8317317438085,786.849918246071,793.4492985418383,515.7888761742145,690.9045801609584,628.956083865538,761.3979583781954,519.9831933552981,823.085521268242,810.9071707874704,516.6065185524441,510.2342310580328,564.3066600821169,860.675114003189,749.8497363024541,543.3499678193045,802.9577801245302,715.1214727083619,833.6328338730242,659.9418929267184,795.1098109355021,679.6767858399146,566.473488490894,761.8124373788479
1610555638.77ZLjTLkz4jYJdFMI2wWBztzsDILkoOtAk,147.6112655114862,809.8564579386357,105.85412971051186,718.8254845282366,370.72926465549904,518.9315663102881,362.0211447247983,0.0,174.35111447526168,594.0938541378838,739.0998107662341,779.1281922495756,637.7566399333689,141.54879406106375,674.7755888873676,602.4133910024985,688.3151425821834,798.2976568207661,314.2064001697754,657.2412151711638,787.7497187402947,751.9038530857337,533.3143343152715,86.7164049014147,676.2745308939856,500.8973970951845,446.47767590797315,712.1982669655988,728.5682025280956,438.9613764476653,490.658962669518,472.43937100072884,648.4613292910186,774.3817590198206,696.7128431586611,622.5927500111214,625.237525790247,847.1401577884329,752.0658123653213,517.6807026328955,612.8056211250029,795.8557416870478,614.8979533600326,662.8804904194735,796.4278655961664,806.690782934359,779.933980016429,573.3240409159932,726.5731337101791,672.1406819776053,690.3765409168685,491.2112525398464,800.1582313840668,840.9234595021416,523.3430300808506,601.0957305550338,646.9914055735793,781.8477988739077,700.1387253307987,650.6222279249793,819.0280985870462,739.8987012869972,839.2986243505942,715.9602043880855,829.5893189018756,700.8290243335373,540.280793270624,778.6976908538101
1610556912.46C7tJPLF0XfNnm8f1820X9aLmXMHoc0Dw,181.9767891185193,804.6367070195265,157.07527286693457,716.3072984748451,368.7204097637112,507.6731948773486,380.2939336962783,174.35111447526168,0.0,585.9134178413307,728.7584185855607,772.0769811070486,630.3785468900733,185.10097344320712,665.2394282412183,594.0260521953685,677.2286027937953,791.8695429820665,302.02584466927146,651.7274026854251,774.3848913179831,740.3863633283877,532.1805180879329,164.43970503576426,665.3768798074408,487.8742526399108,452.5863101801244,700.7515174996257,717.5037679182489,448.61564878305614,500.3009369704374,481.6533744025751,640.1219359735541,763.3902355334201,685.9424408718701,611.5601540681051,622.1904322614589,837.4507951439924,742.5059972172885,515.8062779089856,605.121291246855,785.0860628791465,602.6429040935706,654.8915407540698,788.115999405257,800.9771304000099,765.2870575450959,569.426110343696,717.6868397146613,657.251248502185,684.5841280644496,483.8117466035837,793.8231978818965,828.512805786745,533.9803388151402,595.8001563638379,636.0033142081222,776.0553289545246,692.1833851992351,655.7616867432153,809.2654784490444,729.2834408619043,829.2579399132269,706.8816842656428,822.4291839339498,690.204635467506,537.757004398629,767.8687502733073
1610555617.51LjzIROg0aeCP2GhDcAVQ0LipKJB9jmKc,565.9576856342712,699.2816853445511,592.7507210500057,835.0924708693162,526.0243847437491,621.5220439056576,575.6287690033566,594.0938541378838,585.9134178413307,0.0,828.1849228970287,894.9923034221517,339.86913903836376,584.6594695580487,706.5315625260115,681.2732510302797,786.5881917134882,779.9747938863595,624.5541984831139,755.5758484608797,886.2539340778081,785.2912220303776,446.770518741469,599.0935094265421,643.2280735877542,625.0657080582544,530.8621148499694,844.7271771004118,844.7373468209507,543.0890708510751,549.6423623811014,481.5022929853982,232.24426363181414,679.2286787958615,740.4568821263578,728.2436749761335,689.4896541764575,688.0059392490269,760.1351694961095,629.2762576341063,752.6104689181501,869.516898928027,666.7588599294779,818.745997707995,827.4815115648474,779.930951596894,671.0613983022436,598.3799085137895,435.28845009430654,707.7501118539914,727.7317732418722,595.784517350788,822.1382631624524,880.0769426182833,587.4403216722136,611.3844855713538,771.2863205602976,782.9406551321032,668.6492990957355,650.1975250851942,758.5798299613249,829.7107657708211,749.3892256870307,789.4330044967137,726.779285309489,769.1267630952334,701.1178797830804,758.1165801738674
1610555608.17OpjjHobqRkX0UPcaXrbu7K6L3805SZri,746.0315100257658,718.6599645465011,732.4866504357802,617.1890700553521,709.648148504467,713.3016946278937,693.1790072391883,739.0998107662341,728.7584185855607,828.1849228970287,0.0,703.9726089885581,849.0898795300366,753.9681233817959,750.3811153417652,718.7138481228443,377.24550679872976,650.1794671451995,710.8038493371785,813.6461927707039,680.1744365363589,548.9809444944922,739.4986535399314,735.5502327129014,677.6702852749827,676.498749018313,722.7550648136817,652.4131442676357,698.4803511117113,692.0114120526565,735.4348897849769,752.4399285524095,855.6454961205138,840.0199746889,724.6319021234125,599.7620290760589,771.347907360537,787.6615427215776,644.0008188421114,764.2476256907871,758.5941617426886,488.5053356611502,758.1304089077731,721.3364628316955,694.7386707704366,652.8220905521835,920.9059526323721,709.259361207101,800.2419311644136,519.7600961861365,740.9036404524292,712.7007700010897,801.7179293464008,723.3806376678369,755.7804249836764,716.2048729105798,548.006846206215,735.2361735409786,730.9662637783748,644.802581496592,727.0957195661932,637.1596368773215,759.4361355617481,658.5788449440457,702.9060557920344,578.9174811875023,577.9305871123331,746.1757984674455
1610555721.82zWeNZfGUUfRJkgnAwlP8VMhPzXctnSd4,790.544558785978,823.1239606691715,774.1062376181661,684.2015449315134,832.7529640038335,776.8772165962396,851.1882017137277,779.1281922495756,772.0769811070486,894.9923034221517,703.9726089885581,0.0,943.4709775369728,793.7245203088215,799.8769876712877,615.8543347837602,716.5118216635825,694.9501020511054,756.8744466131635,561.3804163211518,349.7206252883813,695.943644776523,844.2246676400212,775.1993956083353,790.5525893582478,781.8065779122342,796.265573536143,563.9413307645236,761.0755282245603,856.6789319727853,791.6930443538969,899.1901795775199,901.9797929198705,800.3323292127632,634.0615529149493,593.6623556958773,688.6652330791123,866.098471888233,811.2954721106676,798.0738668108332,669.109670923721,666.7378500700745,747.0125942270489,657.142312995351,750.6206117077173,794.5398385088332,783.5498138897573,801.270611923856,867.6876599890469,674.6824137824805,514.6715576924613,697.1657925183304,827.010712674302,857.5641234900958,744.3538433871518,822.2660420759064,745.7975522210236,451.62272220818875,617.8392298141191,823.0516802868635,822.5915435514924,790.6326624588662,742.5683695366772,775.9496490540777,737.9999149621194,786.0128319032484,668.9666897326875,837.6413561539091
1610555735.75bom85BDF0C7W2eIseHeMxi24qR68nzMi,609.0157742630875,640.214308356939,636.1250603232161,788.6231554949065,616.809798449683,684.0272367742859,629.1122422331242,637.7566399333689,630.3785468900733,339.86913903836376,849.0898795300366,943.4709775369728,0.0,628.2571617936844,721.1387934378203,762.2664682463563,829.0835466987417,778.4705999909071,679.042164811773,803.1614064011872,937.7877577251521,786.4562359255134,574.7058145474407,642.4388886559863,759.6805032666754,688.288540976556,624.1686592918618,849.7389230426766,787.3669424963705,603.819663667164,651.0970832565619,548.9137406731937,224.37803764636573,706.5021301819647,812.0693152169082,787.5816027626332,770.6877285042647,691.2073990877444,714.1400969820861,650.6744836691533,823.4299796494495,871.8819734913448,740.8643863773607,799.2783151957353,797.7589132856192,777.0015434130073,713.9532232192058,645.6356990581071,551.5586228255405,809.3742008275854,765.878223445097,704.5677922485696,834.1950634333609,828.8837975717852,680.365461232829,717.9324881888535,820.9338807537538,838.7923175972377,711.8759957323618,711.8885823586423,757.4301398998032,826.8111527398927,745.188763474754,804.2240137390883,749.505505152871,808.681748293666,734.3671119252673,758.8504530532382
1610555735.77NnT5xqKnwcf2BbjIekeb2arTQj6QMNwk,156.5948560184602,802.3079530024196,153.66993757827754,731.610498097527,399.7577363248705,512.7942914692669,390.505577508555,141.54879406106375,185.10097344320712,584.6594695580487,753.9681233817959,793.7245203088215,628.2571617936844,0.0,688.7230827416452,616.2939015934404,703.1808882748622,789.9685684592423,300.45517291146535,676.0381614841724,805.0143402469669,768.088846726258,545.2745504366698,158.0663538960996,670.7806566058828,507.5571215156234,464.86120587141926,728.6143649879945,746.1988262813072,466.4381424288842,516.1894247304195,481.95549998728296,639.7906333627644,770.8219029829138,710.7756685584717,635.9052443249086,644.4748851234118,842.5541376067904,747.3856895088667,502.6385788796665,629.459239875419,811.9886419063645,631.0580165045109,684.4751558583941,810.4539071318017,798.8461285933541,794.474283917338,570.8683066564921,720.298384438333,689.7029027367413,704.679706154405,502.79463673283914,797.8898779450383,857.7560270596708,543.8445823291898,623.5737258238432,666.5183206573165,795.9369619617445,693.6629976062042,675.436856134689,812.3446182317856,733.8439764511139,832.7596055749189,710.4871780680551,824.2751880203305,691.4736012936082,555.1822807078861,771.2151767626121
1610555638.33wjf1PhdNaoWfbRzXVn50hmFyB5bYAiLV,692.5849452029158,798.3685146557668,668.8786620523583,797.0043355898724,692.3737009820434,668.6708980339023,693.1488290137365,674.7755888873676,665.2394282412183,706.5315625260115,750.3811153417652,799.8769876712877,721.1387934378203,688.7230827416452,0.0,619.6550707349935,691.7514886722319,850.8441057733554,672.3674952635058,670.9541104282972,803.5586343206769,729.6592289338216,599.7521253765386,668.8876240155947,660.2568524294949,639.666467692451,588.6382893908199,852.7617885362208,848.7151497641046,647.1526851944448,598.6057370693487,622.4267845946858,736.0997323389889,890.7225943515474,531.4257203455461,681.2862718565967,537.3582726662037,900.1913695254558,732.9628949132269,666.3536670651351,591.2478434156216,811.5480535681493,423.4153674775575,751.3802486833096,726.3270001557872,839.761985734424,676.7703485785098,648.574379454921,723.5917759112282,698.3260771672811,694.8753054520325,685.8171702208779,919.4840368387858,780.0426387022035,621.3864086514945,639.1475391148513,655.3107907596257,680.110178040681,788.2748339862861,532.549293841068,839.9495538352879,753.4071511856844,826.8800359974229,763.7887995187589,824.259127059091,751.234776823871,649.876668645766,897.031399282983
1610555606.65jCE4ig8Pu8kvAzkxnSGfWsV0nQBjCf8H,614.0228991863515,841.886360398896,596.8457677504542,790.816423954754,669.6041770527881,603.0892890391158,702.3037589324036,602.4133910024985,594.0260521953685,681.2732510302797,718.7138481228443,615.8543347837602,762.2664682463563,616.2939015934404,619.6550707349935,0.0,670.2105261229364,867.2078063106201,584.8189018208911,503.730018002963,658.1377988688845,739.1986324419147,603.5332001570027,597.8580179164977,675.2299175281661,625.0584440609382,547.9770107104503,690.8087290849718,715.4567521453542,712.3062925811367,531.1415792118369,687.0284112476692,725.6280322214924,679.709732415175,406.24931703368105,488.97438268404557,471.2237717756691,752.7917785684499,777.5892569573442,610.5440309662494,527.8434317654834,777.428618115202,640.1848896956711,786.2172591021609,778.2526816890055,872.646139886853,680.819235901739,562.9118777521552,725.4657340656761,583.2598677747178,512.3415610299583,503.65101631669114,805.6994611992195,842.2204200374157,473.52366589891227,658.6451368919134,685.1423005211295,530.6845982660471,563.8301412625074,633.771264997113,787.3576099116912,791.2718067252664,691.6321966996172,767.8342225304609,747.3805558808122,706.6033611101744,517.9593061723812,844.1055673646896
1610555608.18ONsBCVo1i7BrX0XG9stct4oiA6ejX9Oz,697.6608334313897,786.2969472293076,683.7381944597929,708.0664907371216,657.7218480713914,655.9367156812344,639.2777335470098,688.3151425821834,677.2286027937953,786.5881917134882,377.24550679872976,716.5118216635825,829.0835466987417,703.1808882748622,691.7514886722319,670.2105261229364,0.0,654.8220958646989,655.0736152974143,827.8314666838046,693.0881753875808,561.7070755809099,688.9202138720268,684.5693551898,613.5074805317628,615.9995052310104,674.8090498611006,672.002457500064,784.8304151534279,635.6603456144084,690.0584520064117,699.1400316144711,837.0617201048284,855.6177616019436,664.4908930808374,530.21860762514,721.1131835602994,861.2027646669272,640.3970018655041,711.3064040759566,704.455275526172,502.95328442886535,702.0294876978904,736.1413165912687,705.3260275145852,657.8497868674598,875.3401706315555,650.7804262212244,787.2299491817275,436.3314315722984,757.6612534456278,661.1028155774319,743.5108339751941,722.1890358358902,712.5043517575398,662.8593067080008,462.0440463451333,748.3729094952303,747.1153240868304,584.3068944981987,659.0827845568662,537.1046018430583,828.1516313805082,576.8214590824539,769.3704750020584,492.8385559216229,547.5396687315523,686.5454839387185
1610555721.51RNoQUMP19FTMS79BmA3JkgSm2IC2AQuQ,778.5581439310758,666.2681869739763,796.2660094381721,726.9130078628281,785.189289817646,695.5176578074089,778.6756098254913,798.2976568207661,791.8695429820665,779.9747938863595,650.1794671451995,694.9501020511054,778.4705999909071,789.9685684592423,850.8441057733554,867.2078063106201,654.8220958646989,0.0,751.3439669203366,890.705337377613,739.3457125506307,670.6564529434894,754.9328062247029,802.2189049962265,728.2075832780794,688.2477917432745,788.4112008646388,757.9786471368288,817.1447460845553,721.067420909103,817.4626706440264,750.6850132376067,785.4502011218618,867.4154645630525,879.850811688608,787.5225882623535,911.1465347848709,873.8112503216241,680.3649420520114,799.4046707312292,851.1883889277536,630.6788566981867,858.5435451540845,752.1434023124273,719.258041928325,505.0542748495664,937.631402263819,770.6684693777019,864.3689640733502,739.1554207689431,761.1708746488799,797.643477952308,835.5516905212261,874.377338795972,833.8281546660033,810.9130543432253,738.0853186606101,769.0283424265903,694.0322262389701,752.937361865559,761.8497881244061,674.0662395268821,850.1199119245165,701.9441217101313,794.9823950775395,706.645034993424,723.5383231891844,780.7673829577379
1610555971.86O0cHB2ibBJ8jxoObg01EpGe8VVV5mpwn,300.48643554896853,766.9846954654922,312.84057798699195,688.6696915467994,476.07640691378003,417.4774819397912,474.9513616308987,314.2064001697754,302.02584466927146,624.5541984831139,710.8038493371785,756.8744466131635,679.042164811773,300.45517291146535,672.3674952635058,584.8189018208911,655.0736152974143,751.3439669203366,0.0,728.1624909164904,772.6208962619378,735.5990459991923,596.2214181228402,318.5668031792851,619.2780311207971,416.82717048213294,520.731325295963,683.9423076194566,769.9879579398165,477.7334865380402,583.3198199479968,492.9787128943996,687.7509550509465,749.7787597285425,692.5996734460306,654.7343925805516,697.1363137495723,828.9170919920446,713.323773859487,462.1601472521881,611.9844135879315,775.7931589717786,611.7950187759616,644.4480796657599,783.4034890581785,755.6932757788591,813.6540227183866,519.1535821496673,737.8748685902598,646.3230723500095,661.5621494153662,464.3736517482183,739.5460595640537,851.2863582429096,608.3967227935044,658.7880773689,613.4103802438088,758.0784704329407,647.5576960624079,630.8949411318486,771.212277110145,703.4046928854063,874.7592104943808,651.1004051845789,838.4445170934483,646.5567696032865,507.5311062636361,727.2372621495587
1610556911.51zU3duZSGpcw1BDNsBLxdOCITAXwl6z3i,669.6870434373169,839.3070045077237,652.8043381376667,780.9247834911564,710.9271159684403,746.9139332459989,747.6228365427316,657.2412151711638,651.7274026854251,755.5758484608797,813.6461927707039,561.3804163211518,803.1614064011872,676.0381614841724,670.9541104282972,503.730018002963,827.8314666838046,890.705337377613,728.1624909164904,0.0,570.7211720540357,734.7728491278492,656.1850698135407,654.6711443175564,791.0273845600482,759.940907540501,595.6411425244429,698.7676824609518,737.952990584991,790.2311557154651,585.7322177423235,766.2919684105829,758.5071303080662,745.1579869737112,526.4459835641494,620.2704907181707,427.1758950567493,822.555063579818,849.4416115084338,778.9702384049882,602.7744344950407,804.5865903021912,685.9695964840657,703.0430719272633,732.6078432212433,885.447563923589,594.6303945679454,705.4761581688477,754.293454400309,762.9840981810887,481.87647051954826,683.9150793794337,899.4572865393237,849.8439273047477,518.8072517473771,707.1854839447246,787.4586222669909,463.72489268393247,605.4130500338056,744.6314703818774,887.007311313757,830.3870729185093,613.270671065755,832.5860380595838,668.6952581519139,870.9700197161245,702.9013702143291,934.4794365340584
1610555988.71dMoYT8250UHHJGxgmITTmbHe7V6gH1yU,799.0712785646667,812.0465147758902,782.5875431202605,728.949829317798,792.9900377139747,737.4221947412468,813.0822773695405,787.7497187402947,774.3848913179831,886.2539340778081,680.1744365363589,349.7206252883813,937.7877577251521,805.0143402469669,803.5586343206769,658.1377988688845,693.0881753875808,739.3457125506307,772.6208962619378,570.7211720540357,0.0,621.5020496877198,805.3433506781362,784.1388174680081,737.9305876326233,739.1864317621678,800.717596139734,495.8472530165497,786.1265262450444,817.7040555157295,797.2361111944641,861.8367730661971,894.0266519280552,783.1719944031398,642.788501587999,638.0257676980578,692.4298049172301,845.1806512852958,763.400054785945,840.038631846807,674.6835662540013,610.4892841880082,748.8322112333473,587.4671226936065,693.9445337256074,776.7981202149796,734.0031356646405,754.7883289279649,857.2657833853933,651.0056857842175,544.3758401506585,735.3870506495213,795.1528922283211,806.1770179568362,751.2079074876141,777.6214498835226,685.4237027978036,499.93790700884523,592.4655182575607,776.0349494691405,778.5091991716769,731.372283692467,727.1836159254827,715.7805049520489,721.004709914404,770.0000409571901,714.253611554699,795.4291728045147
1610556042.81mlUZsSp7gbGjrp8jQSnybT1gPy6e62o1,763.3378729375825,678.6267420613799,747.5507115690966,669.5010957630992,718.7061275157341,787.6294987420998,704.6016256988165,751.9038530857337,740.3863633283877,785.2912220303776,548.9809444944922,695.943644776523,786.4562359255134,768.088846726258,729.6592289338216,739.1986324419147,561.7070755809099,670.6564529434894,735.5990459991923,734.7728491278492,621.5020496877198,0.0,733.2643169375898,748.917362988386,740.4939461887382,750.7921439596327,719.4342717345751,547.5254416240291,785.313187028393,701.9475363468928,736.6623517462532,706.1100885472114,793.6214639889641,742.5527485614762,718.4032129808032,702.9552141564006,759.1754238060565,732.1404555829138,698.7819985956816,805.7391776703281,814.0359048257961,417.253814024969,771.4205945471041,649.6479019958025,591.2118446340141,679.684878439995,850.8599244762838,655.8390038233925,806.4788515933855,643.691069162045,684.9255293118428,751.0151858937451,792.7061171647856,764.7770568413209,753.685749015147,776.3255100086302,607.0180238534815,671.1686164533404,681.0934288426869,626.5004990121425,629.8752025396502,612.3731584497269,770.2893463811307,627.112025072489,708.6718729081517,683.7721103945265,715.2326843549831,651.5353706071547
1610555637.02UBW5nKvDyUrKnaWcYRGajZPxTRDS0q3N,526.0688057559477,757.3019917050636,541.1791332867273,835.6673523679611,396.1663034670347,508.02780989955596,452.6982740672435,533.3143343152715,532.1805180879329,446.770518741469,739.4986535399314,844.2246676400212,574.7058145474407,545.2745504366698,599.7521253765386,603.5332001570027,688.9202138720268,754.9328062247029,596.2214181228402,656.1850698135407,805.3433506781362,733.2643169375898,0.0,544.0112178002444,518.4813009209067,492.1594576086426,296.61635775745975,847.3008115111539,782.1509287246322,422.84974668719934,345.40452024764414,356.54852944088196,527.1335384610644,788.600220187169,623.2773359846302,633.2223291744795,527.3389815202437,791.6020968293618,690.8862556627384,667.9138256553443,620.7803870372871,799.8798507160147,629.2243126068342,805.5046820969544,731.3279973899788,754.2049432751588,655.0419440284463,511.7088377098028,583.8990079856517,610.375229049048,693.2261823907735,585.7812372553797,839.0735165091307,838.1653421297422,403.55910950356986,394.64282572268434,620.6030304126051,737.9655060208572,658.8918476302304,438.85465208526733,779.1544787146682,736.2543070090177,716.6480795383097,686.6455312916081,687.8761092101188,697.5061613281788,613.646932735706,837.0445113414946
1610555619.13oUYNikU4facCTpUSiSLr0vPI0tJLnXiT,169.18954758392104,814.4521771610437,89.19828108320185,715.6909807251187,387.85880416562264,523.5219333087957,378.2311184914355,86.7164049014147,164.43970503576426,599.0935094265421,735.5502327129014,775.1993956083353,642.4388886559863,158.0663538960996,668.8876240155947,597.8580179164977,684.5693551898,802.2189049962265,318.5668031792851,654.6711443175564,784.1388174680081,748.917362988386,544.0112178002444,0.0,680.3931698011704,501.864587896341,456.5255235999225,709.8359996556983,724.5089990162292,453.0217473207111,500.3310125010666,492.7256489984137,653.0415900787682,778.6496518304106,691.362699899967,615.731018193196,627.1361870650908,851.5455570709419,754.8039249796913,521.5138272475028,606.0252544628119,793.022718448762,609.246583925584,659.6512955370177,793.536565783948,810.924946721984,777.8476094452856,582.0622886613276,730.9489923959096,668.2502700117445,686.9018869301073,488.0682477011031,805.1790040499519,837.9174678177145,533.0417712335966,608.7768649405617,643.666252946872,777.8857708344968,703.9816702751713,662.1490952236724,822.7110995645486,742.3193716524667,841.7025961124284,720.5270093609525,833.4755461435404,703.7833836179279,535.3131871327067,783.1621689613199
1610555721.03nzkucfjAUh31zTbmCVvTVYqtjoxZFnBh,663.9261737256833,751.9109963823328,674.878412669537,846.2950073651695,597.0368701282332,509.0235845241756,626.3782312079875,676.2745308939856,665.3768798074408,643.2280735877542,677.6702852749827,790.5525893582478,759.6805032666754,670.7806566058828,660.2568524294949,675.2299175281661,613.5074805317628,728.2075832780794,619.2780311207971,791.0273845600482,737.9305876326233,740.4939461887382,518.4813009209067,680.3931698011704,0.0,494.24448730525035,604.7889411091516,799.3157109569453,792.5225087054821,549.9312225622431,648.4334853834848,539.3895747190635,714.2205041345609,784.9480155888228,678.0542826379132,639.366398306512,688.4689025174098,785.212757454608,494.6623757700688,716.7319486396161,678.5844593991719,745.1041037329117,602.1741718712378,804.1374557029136,796.4149791592595,664.6253253448198,739.192686534521,563.8114694874929,620.4363668986786,546.0134844535991,777.365231105815,656.6206590269086,690.870582246127,772.972117763681,671.1487306118254,386.903007381071,497.2432864329744,743.748155733742,716.0007254559935,474.49529155011675,736.4671759104059,608.6994068576311,789.2969935033219,539.0981453831087,684.6133809721769,611.6093350248066,658.8513488395631,759.1514374322195
1610555722.67fhKURdXVzRbLIjXmjRwdJHTnE7PWb1AE,504.04812518257586,768.6448824048671,498.706621975877,786.5782125909967,528.3118392062294,181.9058938340346,519.9305908706464,500.8973970951845,487.8742526399108,625.0657080582544,676.498749018313,781.8065779122342,688.288540976556,507.5571215156234,639.666467692451,625.0584440609382,615.9995052310104,688.2477917432745,416.82717048213294,759.940907540501,739.1864317621678,750.7921439596327,492.1594576086426,501.864587896341,494.24448730525035,0.0,543.4435228379205,728.3178002463675,748.3767466641466,438.5353855624358,613.2163334297833,473.82842994762854,696.7352041797521,818.2052578711281,721.4747030848166,683.4765054689224,725.9743427412145,887.3025744243904,636.2008166020538,628.5406703848302,647.5623905626708,745.1860651508447,647.6231800661884,685.2903715115852,752.1491721469218,685.9721873841557,703.3740842170881,540.7574897817238,719.874101937778,611.5852994056627,680.3052184559226,602.4000833897136,703.0400255032739,823.875033448509,641.7012358600816,523.2840354778122,530.7513652500983,727.4576146113295,645.8891023050836,480.15639914582715,767.8199572992189,692.494531634181,877.0824800164133,599.141758167047,815.1326318591712,640.5579986799168,554.2809097952236,786.2502086411206
1610555638.39J2ZWBLuLTHP0jOlzB4tNHmYeijH5g5YJ,448.3143175401953,797.8590106113393,454.66637819165567,765.088406715219,380.8730301723291,563.4279109827053,427.09136730773366,446.47767590797315,452.5863101801244,530.8621148499694,722.7550648136817,796.265573536143,624.1686592918618,464.86120587141926,588.6382893908199,547.9770107104503,674.8090498611006,788.4112008646388,520.731325295963,595.6411425244429,800.717596139734,719.4342717345751,296.61635775745975,456.5255235999225,604.7889411091516,543.4435228379205,0.0,829.8745450470137,765.0365407846396,488.66466333179625,238.46987271366896,434.8783140517403,597.9756221876712,795.3616067840342,568.8716929990002,570.8291085415252,463.4328985582973,800.8512378332445,742.5631513146218,593.9560583332993,551.3539344201407,781.2102481500548,631.247164832323,784.359955056368,713.3647587613082,795.9069357199111,707.5482393903446,495.40974080353186,657.7842426940813,606.7665910412394,643.4314929120792,516.6179645824884,827.4173195918746,827.4788263792826,314.84429581902776,494.8162623029296,604.6108684542645,738.9481471099413,655.4264280427609,513.8844765195039,773.5646968298436,730.0980199715427,723.2582823216374,675.4576448760221,691.5143961378075,692.6612506555006,516.6531022821978,830.2310151632266
1610556032.17Q6yCDx9g7alRnL9jBFXD2JhhUyB2hKfJ,721.0684973569039,756.1963122115448,708.9377636931878,672.5041016488706,753.2080896707887,720.9887868545471,744.3477158807599,712.1982669655988,700.7515174996257,844.7271771004118,652.4131442676357,563.9413307645236,849.7389230426766,728.6143649879945,852.7617885362208,690.8087290849718,672.002457500064,757.9786471368288,683.9423076194566,698.7676824609518,495.8472530165497,547.5254416240291,847.3008115111539,709.8359996556983,799.3157109569453,728.3178002463675,829.8745450470137,0.0,751.0207133448581,746.6436583202191,846.7721535168721,798.4325193739612,853.718454376758,734.0400252920979,761.681268574662,673.6816065281283,802.9925914729222,804.5828072042922,764.5080482748704,740.240970203847,797.1619138524097,563.6665621819434,798.8938978559713,559.281872993399,747.7794369965205,757.4960566221378,835.0842879404897,708.0029525579624,856.5084005891722,690.2777794461439,617.394312528917,694.2704469432797,700.5342709736454,856.2574916371519,803.065578954416,830.655827141304,647.5504981827113,608.870137323725,616.2302028701046,777.4222591868305,693.6817897581251,751.2653612887016,803.8151366878574,680.0131258100439,795.4359470300503,729.0854797680588,679.2268069617553,616.1754675763528
1610557007.49MyVgDnuUuBxrvL6SGOdhKf69VYlW1MSm,733.1508321682942,734.9506227925749,721.1599059159067,747.9862886816524,754.1766421557369,769.9138689994418,755.1584463842163,728.5682025280956,717.5037679182489,844.7373468209507,698.4803511117113,761.0755282245603,787.3669424963705,746.1988262813072,848.7151497641046,715.4567521453542,784.8304151534279,817.1447460845553,769.9879579398165,737.952990584991,786.1265262450444,785.313187028393,782.1509287246322,724.5089990162292,792.5225087054821,748.3767466641466,765.0365407846396,751.0207133448581,0.0,785.9393680563857,772.964633308067,800.3968653776186,814.4902039136524,688.1458323280795,812.7443845959596,724.6317087893543,808.8069715240575,697.438203296209,649.9871672186762,850.3881076495562,819.1023573377995,755.9340865775597,854.1733604015967,742.9131185780575,792.2119423421859,734.8136110476532,865.3520057614818,806.6474767902048,834.3136101241992,769.9151055893284,767.5405324190066,801.7007776825984,770.0591993988907,665.3536892444181,795.4203859814421,715.0833717875228,777.9462923339651,807.4134713557438,772.5502564048238,804.0421729904498,884.0889984225644,824.7221270571002,693.1954924871159,823.0337216276774,692.3031281921766,817.3684626988886,750.4779570211232,896.867526711721
