,1610555604.25mOvVXuL01OCiReyVWBfesjuvXmB3MoPy,1610555605.43B6oDsBtWRQ29Q9UMQuTUEPZy3FSSWXzc,1610555610.92HPGJJSmyPM40z7otPBgHalNrHFA7zk5d,1610555606.68LaSQbm9EHAFycEfFtEqAwYqlBsQPjIRW,1610555617.19EKxMEwDHfXiEJZc27TsGoERaD6Da4BZU,1610555722.52PJ3FD50MGhRXyUD28vluU8Z9UjLJLZn4,1610555617.52Ijr5puT55g9apK8auM7zaxa3NANg502t,1610555638.77ZLjTLkz4jYJdFMI2wWBztzsDILkoOtAk,1610556912.46C7tJPLF0XfNnm8f1820X9aLmXMHoc0Dw,1610555617.51LjzIROg0aeCP2GhDcAVQ0LipKJB9jmKc,1610555608.17OpjjHobqRkX0UPcaXrbu7K6L3805SZri,1610555721.82zWeNZfGUUfRJkgnAwlP8VMhPzXctnSd4,1610555735.75bom85BDF0C7W2eIseHeMxi24qR68nzMi,1610555735.77NnT5xqKnwcf2BbjIekeb2arTQj6QMNwk,1610555638.33wjf1PhdNaoWfbRzXVn50hmFyB5bYAiLV,1610555606.65jCE4ig8Pu8kvAzkxnSGfWsV0nQBjCf8H,1610555608.18ONsBCVo1i7BrX0XG9stct4oiA6ejX9Oz,1610555721.51RNoQUMP19FTMS79BmA3JkgSm2IC2AQuQ,1610555971.86O0cHB2ibBJ8jxoObg01EpGe8VVV5mpwn,1610556911.51zU3duZSGpcw1BDNsBLxdOCITAXwl6z3i,1610555988.71dMoYT8250UHHJGxgmITTmbHe7V6gH1yU,1610556042.81mlUZsSp7gbGjrp8jQSnybT1gPy6e62o1,1610555637.02UBW5nKvDyUrKnaWcYRGajZPxTRDS0q3N,1610555619.13oUYNikU4facCTpUSiSLr0vPI0tJLnXiT,1610555721.03nzkucfjAUh31zTbmCVvTVYqtjoxZFnBh,1610555722.67fhKURdXVzRbLIjXmjRwdJHTnE7PWb1AE,1610555638.39J2ZWBLuLTHP0jOlzB4tNHmYeijH5g5YJ,1610556032.17Q6yCDx9g7alRnL9jBFXD2JhhUyB2hKfJ,1610557007.49MyVgDnuUuBxrvL6SGOdhKf69VYlW1MSm,1610555638.44hjT5hbYdKoE3MB6hijrjqbjmLgvCUYKD,1610555608.13zUvmFSCRt6SsLbhqFznMEvGx54GPGQzM,1610556038.62a5C4ynd1AARyAhTv8a58NCqHvXRjscqH,1610555644.45Xse8u7pusHNsd7F3d0A32HXvXr6weOJE,1610556038.62gKXOCG7XCn55eJvyl5voNjbwOW0znQDq,1610555987.13v0oleKK97pkesp6oMgprH8SoSdoDVdIO,1610556964.96ZLLeiQW0qpmxhPGTg7K03fmzkqsC2bjC,1610555987.13VQlEedQ50VvkPMEMzZDv3KNnQCewykN9,1610555982.186TY6MMGkDecIN1woW6vsfAMXVV7jnyjO,1610555982.673LuMndkwkvdmZOn0MmE2Pkidx0FtNalb,1610555733.38zItcuH7gHNfKdALR2d9Nek6bxCyw36Vm,1610556034.15BQxSbZINGCay0yp6RBVlgcPrw76Yn9ON,1610555639.37BPZpgtGml8qUsh9AdV4m32jPLfI2aNFq,1610556965.57S0adAalhWYe6K3bkZU0bRHbqnDK8gGkR,1610555983.54zteLPCMjyrjzPdhHhlZr3faCgD0TfYr3,1610555987.79rHnNRmt9a0ufmnwCvZqBouyUoZDNpylW,1610556960.041xWER61rmArlsKfiMl4frikWmUCnQ7op,1610556035.13a7NHZDutfTMJ88qle1gTYY59Dr4WmMsj,1610556890.456ZBDaY16bMtrTZTqAgHl3wq1tRxzqDow,1610555760.24e6890pkbyZ97Or6croI1rQgjkSsR0yVt,1610556043.02YpWMIJg3W004iqlPyv8OcVAZdSC5rNYw,1610555987.03z05P26TLtONYM1HSzupoc2CeNMa6HTqr,1610556032.15OYCzUxpsz7b10AXBAuDXrvEcvxFhf0M7,1610556032.63Z80yI9pNwS3jSmsDABbuhf8wkNa2Ze9y,1610555736.28eGuESasTXdR3SqY6pHhEXWZtcdciYLCO,1610556034.61bebeZA0MkaFG2sm3VKiqrxeqQginTTW0,1610556944.5XwXOphKYT3ZkWA8gViqOS97VHVuMVUqb,1610556944.745UVLFBzf7fPh4UH37I6tYQOFPqRDytEh,1610556034.63XsUwaFaPZevO1JNFjfhvY4aKNFnV4noV,1610556964.89xwBHw9faT1HjQRMNQEyA4qJ3hWkwgj3k,1610556966.74DydzH91jtyvRyYau47JpVkZoMRSNTt01,1610555740.77UueVziDbaXyRR4OcVJIIZyzOfAzN51bj,1610556046.84e3vwjyRCzqz0wJQhrk8zsxlFfFSv98Df,1610556137.99eoPuVrDThKAOvmeprLPb2FWRqIhzUodc,1610555740.73XFwSrmTXJPlaxGZSefh0jOVA8PI3III1,1610556123.88AOfNaz9jSnqU5Czc7okOv1RCrYfKFBTo,1610556046.85nB7NvyoYQeLcOV391Lmmut1wAM8CFGLw,1610556123.89H4pdIAzDthI7bMXMhlIhKUYIQIvtmPPQ,1610555740.87GOYQUJKpkynIS2lFqppYK4b32ol7NeGh
1610555604.25mOvVXuL01OCiReyVWBfesjuvXmB3MoPy,0.0,32.600222357632774,9.128079146056342,30.974105897076527,24.28755260595958,28.09468987065534,24.844426257418142,11.973543705009947,20.91478199839304,26.37574215645386,37.35165464802545,32.052513741843654,32.08599639655262,21.838615093018817,34.9608364650219,27.401445201786075,41.462681957968734,35.53748775746694,26.125914141508968,23.959650868758594,35.293773731339385,39.003467789798414,24.521660221461417,10.83215477135869,30.11804292855014,30.61732950546046,23.42689260226167,32.898626336703195,32.35588351227404,25.26079887246002,26.741793655424313,27.99992911470444,29.632732935768477,29.786064989603407,30.701188651071853,32.45823094216084,29.497419106858857,28.86895264883521,32.0521478822791,31.601788990538257,30.597210060046237,38.40118384880572,31.941257955319177,29.17318752086835,34.98927462109872,36.54016321750143,29.801817988023544,26.434416765666573,26.381722629944225,32.41505545135614,26.676560402999872,26.455861306168934,32.68459298885278,38.17169539886299,24.716324313639486,28.967465821838243,31.59224526991152,28.171989242490504,26.260708316679903,30.673904791136057,38.05988901620649,41.15744460797689,28.543023176030772,39.14690269245274,27.29434213266483,41.254437561010285,28.521486876553464,36.66173155108766
1610555605.43B6oDsBtWRQ29Q9UMQuTUEPZy3FSSWXzc,32.600222357632774,0.0,32.48312277493054,31.68862770361152,34.042809770277074,34.568708255665435,33.91669199358343,33.28233369703547,34.21730752950696,33.092423513827505,34.951882574265674,35.69554119470982,35.01452239471042,34.62011235476344,38.33279356952464,34.69842055116957,37.910270331978715,18.689835661494136,34.3907044888749,32.672187340335384,38.78610499840265,37.89652537773603,32.3532283460187,32.8543379628544,34.967032042324654,37.247105143801576,33.979627159497916,35.61398472581103,34.43381906013434,31.60010031296615,35.025587070959446,33.91819559698584,34.339189972062236,33.246992332084005,36.12052609020405,38.25151582328969,36.273341323612804,32.48798866922483,31.828134261708406,39.39595554406583,34.36609585280602,38.32008193117885,37.74803705832097,33.69581815199882,27.036032862962077,19.504011430118965,37.18930094581923,35.94418114759523,31.932018068042648,39.29767955074279,33.81937558389652,35.879998428482416,38.39667924041421,38.46467676254921,33.39214544128994,35.31949883954975,34.913361046158215,33.57990534287694,34.06058257228218,34.65361297059731,38.06534414247632,39.914382771318756,33.29068260704492,39.258027902256295,33.241801422133726,40.159088903238995,36.98432323625235,37.9498149338021
1610555610.92HPGJJSmyPM40z7otPBgHalNrHFA7zk5d,9.128079146056342,32.48312277493054,0.0,30.755842045429365,23.884448382981006,27.85257936799924,24.4033734778384,13.467647155426391,20.983564751735486,26.274081372149876,37.15821065969963,32.389978319824735,32.04541758620849,21.282790514102565,34.80027340215529,27.096060853875848,41.256290559144084,35.955244567498035,26.236385772270946,23.513090393210017,35.316542771142004,39.146804440142375,24.344356135498582,12.643129382120604,29.750129242920043,30.27268944245535,23.151539071624484,32.65963432041459,32.0974408501807,25.014651105069348,26.502354764938875,27.9400580089645,29.567675986392047,29.585942464332163,30.55025608306109,32.21497175662191,29.21041996091957,28.69472885586243,31.898071070798316,31.921341732442755,30.279969566805462,38.24487926337467,31.789516909557385,30.335240238055746,34.669594441757404,36.26425139994603,29.70181363922446,26.389723353989524,26.23951676246112,32.12274876587448,27.231756591836323,26.209140128744036,32.4940452307834,38.02448328186253,24.403725802927806,28.747070480887558,31.212083932309678,27.934085475318795,26.56468093533719,30.374681928681653,37.91797509906102,40.91218006076763,28.368704933604217,38.942420257453946,27.09114195143799,41.204264694610856,28.240635187349042,36.503762154393385
1610555606.68LaSQbm9EHAFycEfFtEqAwYqlBsQPjIRW,30.974105897076527,31.68862770361152,30.755842045429365,0.0,33.14815933119665,34.54907166041642,33.47208351728798,31.265203582310328,32.21308340741792,33.219839785977804,33.98339393520089,33.14592517221862,37.00594801543781,33.02637597124942,38.23454530808824,32.810917873378465,38.752080907521375,34.70875985559593,33.6802893824081,31.051119476986145,36.52848313751031,39.1145915645371,32.9492369464425,30.970211730260424,36.364230046548975,36.36277778607439,30.948631660415785,33.80859913805876,35.11547451421379,32.613467883132344,32.249760230472376,34.908764078416176,35.055530272311564,33.98256983760277,33.34266922568162,34.829159089553265,34.03685432680634,33.301677933839606,32.61833626046988,37.62136827114753,32.25606279137265,36.168738837828855,35.22474854134711,31.09209285882073,35.216243122793415,35.61496072945874,36.19904976826307,34.121563514989504,32.148738265739205,36.890289404280395,31.511100334241558,34.111460292194444,37.1963509299089,37.99531867861998,31.101644917386228,36.07767501866323,36.5946513790501,31.557864686780423,32.78586166857434,36.5479712316274,38.36798700424041,41.215119263804546,32.43756335843028,41.230054171896825,31.705450771096864,42.76499728801063,33.876034771562445,38.09433618526704
1610555617.19EKxMEwDHfXiEJZc27TsGoERaD6Da4BZU,24.28755260595958,34.042809770277074,23.884448382981006,33.14815933119665,0.0,31.500314626724823,22.51956443013518,24.89875663940016,24.608560581621756,29.405347227556817,37.67694753387421,34.88807951068849,34.572265072393726,26.537848074729812,35.99775741971785,29.75055723993463,41.30809987938126,37.04955351398322,29.699781787062683,27.597553919301706,37.19223046770416,39.20511146689681,24.676969726699735,24.398214130780005,31.38649421563108,33.17097232529607,24.430891425043647,34.8490881324378,34.67461921260588,25.007289120294306,29.128060712793538,26.786853891871424,32.31392796474049,31.971738173758933,32.87823198313551,34.47281875998786,31.90270352797368,31.209501897504563,33.47433459544725,34.75953361627864,32.73624409721963,39.91970776542899,33.35607953224426,33.61900549392423,36.036912314230605,37.687245020259596,32.00387093419491,29.775768301339514,28.608558370115386,32.3802395700319,30.710041340331024,28.725931604389864,34.75950205253685,39.4278068316267,27.39470363816864,29.93280967223278,31.747798458539993,31.190539299633294,29.879970104823425,31.274744609553146,38.40116961461028,41.62584601995445,31.146067255663876,39.43250466631384,29.530701852039318,41.907720694169285,30.898996442616966,36.672324805975734
1610555722.52PJ3FD50MGhRXyUD28vluU8Z9UjLJLZn4,28.09468987065534,34.568708255665435,27.85257936799924,34.54907166041642,31.500314626724823,0.0,30.529329551253422,28.328699589264136,28.94543245860965,32.80526965958173,38.177851912309045,36.0614144017137,36.406490645039796,29.482023273851652,38.241247246587065,33.072194625696945,41.4316962779657,36.959150229468385,19.383653716140905,30.8488114738609,38.29659236534708,38.21893828615447,29.85032068976783,28.164395883113375,33.370737491864055,20.921457751533485,29.697187349166068,36.718701352530175,36.665192472696795,28.148016055425188,32.5865151473247,29.51069449063296,35.3570252997984,35.15865614929276,34.95191004012623,35.871379417445134,34.8352020567799,34.41592677149098,35.48763187575211,36.11954285769624,35.789150121244965,40.34968209517197,36.44940809298976,34.77448825370856,36.79427593332984,36.77692815743454,32.01881742988464,30.765399040651488,32.853616868598515,35.705788363157275,32.62328475673676,30.227833138058767,36.34749700725245,40.32422322666144,31.011680783737873,30.691281008276917,35.94680132123677,32.92572191886314,32.14988568258894,29.801131661259557,39.53064645898792,42.18559570772787,34.08275296358835,38.5673646432422,33.524770442569604,41.863387131635314,33.31721200757097,38.20897064747657
1610555617.52Ijr5puT55g9apK8auM7zaxa3NANg502t,24.844426257418142,33.91669199358343,24.4033734778384,33.47208351728798,22.51956443013518,30.529329551253422,0.0,25.16250100761463,26.69686690449025,30.6886083498414,37.50299646199563,35.99739435722036,35.14835680251344,25.937572977126262,36.82340364430102,31.02072528208616,41.615589720551114,37.30369959324117,29.0927539816293,29.256320170726774,38.745269142872274,39.20986955266576,27.024883411771018,24.595687404697625,32.51989437760812,32.35706156265165,27.386655815056297,35.12744605466441,34.74000047265131,23.50717993278769,30.44643229280396,26.812671770880147,33.54342430791944,32.90523470450893,33.893897706596746,34.981193727071606,33.43815422970506,32.280927666702894,33.92966037107566,34.9606236697734,33.769578695938286,40.10900807149248,34.757620528320174,33.85856932317058,36.17677826335451,37.500741294496194,33.836478506156666,31.048127252568428,30.015134733685287,34.53210435475764,31.79456813063058,30.07500193134287,35.017104837633084,39.17132860545152,28.972448760986833,30.628859202956313,33.4565131168822,32.50362216195243,30.976296106783227,30.530377484791543,38.65548346600842,41.330812544706916,32.24561960571154,38.94334206647383,30.72787334462482,41.81563053149387,31.849915502029965,37.69162672707146
1610555638.77ZLjTLkz4jYJdFMI2wWBztzsDILkoOtAk,11.973543705009947,33.28233369703547,13.467647155426391,31.265203582310328,24.89875663940016,28.328699589264136,25.16250100761463,0.0,21.73371369157523,27.3462322781995,37.60872336069355,32.53030167941008,32.94714383545702,20.25837795846466,35.239144843479316,27.90994289570624,41.53205436669872,36.15880001032686,26.69418655213046,24.767755524353017,35.58302973373205,39.26251151786941,25.423629022089347,13.754370479057673,30.54959684343261,30.678650651319625,24.17953198539635,33.14287281008698,32.705611639728765,26.022288023053306,27.25713325462392,28.81324772800484,30.5333998397131,30.349838751235357,31.074254957678722,32.62238906357111,29.982268510019573,29.465607730821382,32.51085074695579,31.80565642378361,30.947435543993883,38.357734030758415,32.251273548141334,29.537285953274136,35.42479969436377,36.84874176546325,30.2631266903542,26.962790508975292,27.282713957065923,32.67821676795069,27.41540060403705,26.909223165494833,32.95368831202754,38.473631599507236,25.41761472285318,29.55971399695634,31.738027208754836,28.765467337504834,26.780816230100637,31.05825550166038,38.22890489579895,41.35439633942566,29.197082349585394,39.14028129513345,28.003787391759772,41.15141699622752,28.957255496718435,36.88724278284824
1610556912.46C7tJPLF0XfNnm8f1820X9aLmXMHoc0Dw,20.91478199839304,34.21730752950696,20.983564751735486,32.21308340741792,24.608560581621756,28.94543245860965,26.69686690449025,21.73371369157523,0.0,28.484956630846288,38.45887094611786,33.1808822614502,33.837613644930364,24.81726559153703,35.014274591404984,29.075593446220697,42.372714929316466,36.674545918097095,25.54318688759588,25.924617436577268,35.38668266614014,39.671991263248664,26.46105097548027,20.858019347960457,31.451099229514096,31.309533190420037,25.423271100919663,33.63817208168991,33.930901231580215,27.23706300037735,28.593589051238148,29.63595966724306,31.478368090312113,31.37222259436693,31.769613180894957,33.335850932971844,30.66194227710472,30.56086450042413,33.64166915769303,33.53245551580248,32.17544709682732,38.511518372077624,32.57069630932259,32.26590892844243,36.076517963526015,37.54848521246678,30.465266025443654,27.08257443832092,28.507470608286845,33.449817982993174,28.38552671451418,27.748393776706006,34.16999005688434,39.25135216287729,26.759543310420373,30.530555356884683,32.470706418342104,29.51061845695354,27.772759624798105,31.42879529737616,38.3172492706546,42.18759989497233,30.322082959944165,39.28188430290619,29.259137814000535,41.702020333356884,30.239441119500878,36.82199861071568
1610555617.51LjzIROg0aeCP2GhDcAVQ0LipKJB9jmKc,26.37574215645386,33.092423513827505,26.274081372149876,33.219839785977804,29.405347227556817,32.80526965958173,30.6886083498414,27.3462322781995,28.484956630846288,0.0,39.339738666332785,35.348569075698855,20.30702564755623,30.045341795942875,37.27401814603756,30.273529592708265,43.348641800991075,37.14642981040897,32.61894097696718,28.044921823105774,38.097324222838985,41.541725679653126,28.354635605692984,26.7936706863424,32.97546385801647,35.21972512276558,28.468356694971032,35.670744853463404,32.43686644954174,29.844690018629233,29.220609406832335,32.29918133587118,14.806061518569619,31.801332824384154,33.3645354203376,35.599449105049835,32.09572263454296,30.909997777852634,33.1810039932077,34.640714400895725,33.37529851105332,41.05636626098055,34.41651322733734,34.29122164175173,36.8992713164021,37.63140430845495,33.144709150474704,30.766723717555205,18.375700721614184,35.57209167516312,31.116668954033255,30.994731885729024,33.489793205924535,39.89015526540877,28.615592780304215,32.484624970967566,34.557195281987426,30.801198491337978,31.06702696742559,34.410056373007535,39.998315969454225,42.69577856272453,28.90980699711981,41.97139524142557,26.823570776456283,43.462543709322745,32.51423321949373,38.744401243547244
1610555608.17OpjjHobqRkX0UPcaXrbu7K6L3805SZri,37.35165464802545,34.951882574265674,37.15821065969963,33.98339393520089,37.67694753387421,38.177851912309045,37.50299646199563,37.60872336069355,38.45887094611786,39.339738666332785,0.0,38.51674973744442,42.47805305631297,38.44336998611796,41.08416549360041,36.92189509330568,34.324688458447845,37.396904673040616,38.47574952074675,37.8297263412622,40.05982791455824,40.80859297037853,37.08697168725747,37.35575568282167,38.10150490763005,39.99170062387618,36.781079954053176,39.21391241519827,38.78341737385303,37.056975909043345,38.39470589763363,38.24126449516316,41.05282245009867,38.86979566886272,38.47475703267175,38.86147702645456,39.429267738414644,38.82808642880386,38.31252067968191,41.99865884042079,38.096957934935276,36.715525398316736,39.5074444428375,37.9972756181036,37.82773715245285,34.80764058049482,40.60757619059031,38.70783461096892,38.239689222721154,40.268011340872064,37.907906688391606,39.18866704403946,39.69363219306848,40.60097433214503,37.30551640971705,38.09471045506863,38.06615145124097,37.606431429923155,38.88777678626748,38.87514073120458,41.884208936482466,41.73726993398248,37.752441112772125,41.65644207291176,37.20208837463481,42.437584847166434,38.6283303078847,41.72304792857726
1610555721.82zWeNZfGUUfRJkgnAwlP8VMhPzXctnSd4,32.052513741843654,35.69554119470982,32.389978319824735,33.14592517221862,34.88807951068849,36.0614144017137,35.99739435722036,32.53030167941008,33.1808822614502,35.348569075698855,38.51674973744442,0.0,39.16130936694423,33.483834292024795,39.83643544140629,33.0151727211666,42.02988711707656,31.497846985166888,35.60616177991427,31.534809903683357,27.405754065084466,31.7908395331997,34.85399580071746,31.935219149175374,37.40936829107665,37.91303246628742,33.75650461796757,34.1530025576588,35.05479984118364,35.64416736971982,35.34825644287683,37.633383249685096,36.92862410276968,35.05944402072207,33.02489038282581,34.63550427813286,35.811121147813466,34.42319678832961,36.29215537813196,38.366910160711114,36.060660275241574,36.46602411554126,38.11895428647707,32.45321431743508,37.76337641238165,38.348096283141146,36.45095824131379,33.395792454441256,33.61628660249049,37.842963213359056,21.039702595072722,34.06763897136762,39.061284611590665,39.68212273143145,33.01161664447358,37.10312292716926,37.26399541599135,30.502126251312802,29.61025526167067,38.34517421395143,40.52482267145058,43.40109175971922,32.337404058102734,42.77742617803159,32.03963964139125,42.74106800163508,35.309872425753234,39.62949567222015
1610555735.75bom85BDF0C7W2eIseHeMxi24qR68nzMi,32.08599639655262,35.01452239471042,32.04541758620849,37.00594801543781,34.572265072393726,36.406490645039796,35.14835680251344,32.94714383545702,33.837613644930364,20.30702564755623,42.47805305631297,39.16130936694423,0.0,34.94456084678515,39.97613124302546,34.723790859311556,45.99747135405246,38.981056227417334,36.27922351167281,31.536988697282005,41.6731688353234,43.85897465010559,33.82651529870752,32.491399909343244,37.690211577519264,38.665916313392955,33.75555701237259,39.37631841590125,35.807752621564255,34.158783552543426,33.74214568673462,36.21469166022269,14.483541140426855,33.3718906078717,37.37932880097465,39.57366375995068,36.31225916998973,32.76797745721078,37.64047544980865,38.24003846084364,37.0593654033194,44.04513574392736,38.231516685280376,37.78298154111543,39.20062027502861,39.390594511566384,37.43923720800711,35.80187877513985,27.33048806291985,39.66856887726572,35.70326883676708,35.9068088104302,36.719519255058,42.242871319838876,33.33941548285948,37.161967904254716,39.14017533781662,35.38972503948471,35.63107909416477,38.14366982251924,42.44562838210592,44.61191275947275,31.85734420589226,44.68911541525976,32.60356058760079,45.29896979790842,37.06220665795899,41.36143916739745
1610555735.77NnT5xqKnwcf2BbjIekeb2arTQj6QMNwk,21.838615093018817,34.62011235476344,21.282790514102565,33.02637597124942,26.537848074729812,29.482023273851652,25.937572977126262,20.25837795846466,24.81726559153703,30.045341795942875,38.44336998611796,33.483834292024795,34.94456084678515,0.0,35.83684611768553,30.543862823089544,42.17538648589874,36.89506998459868,27.849714335221055,27.727479741317968,37.05299706684385,39.23479745831645,27.763795717881237,21.842712501694272,31.99755303569282,31.975671472817822,27.09381274355596,34.837155557581006,34.54145213636864,27.238953092846668,30.019776261652346,29.90908359641696,32.9724846922239,32.7180913402682,33.37951767722114,34.47331014165505,31.96477572468834,31.78054342200649,34.40564839105462,34.340016244414855,33.11277431421549,39.5113986825995,33.951832093060844,32.899387372063536,36.275803802236126,37.429293976762864,32.50664080996745,29.340411889322095,29.77763351238904,34.443457656485286,29.55686979111067,29.000981042553118,34.97003580955396,39.75144500229796,28.399981333235402,31.38506749787539,32.61937957045672,31.339772392982713,28.966290541533485,31.859366837777195,39.133626112791376,42.06556960223939,31.861458906067543,39.68792777302799,30.359504765829357,41.48008807605188,31.30858216717203,37.75149096743793
1610555638.33wjf1PhdNaoWfbRzXVn50hmFyB5bYAiLV,34.9608364650219,38.33279356952464,34.80027340215529,38.23454530808824,35.99775741971785,38.241247246587065,36.82340364430102,35.239144843479316,35.014274591404984,37.27401814603756,41.08416549360041,39.83643544140629,39.97613124302546,35.83684611768553,0.0,35.74498384440476,43.97889765630107,40.5041117683076,37.49983335320831,35.906465792327445,40.632338877234815,43.152809806048275,36.45552724506413,34.83031011371777,39.0086322586691,39.00400710978414,35.613047086476655,40.932971768573836,37.735618784227626,36.38449606692442,35.632762874815576,37.49587081190177,39.0469639998186,39.62670514752149,35.56702209148329,37.76903416865817,35.74957012299022,38.889036717572246,39.36034087905132,40.42348963114663,33.90794377642002,42.505919966641365,35.05556535342328,38.729920819525766,36.923980166086494,40.514895318350305,38.2324730862966,35.81277139096404,37.934387949999795,40.00828877044208,36.906589975654015,36.09808821845022,41.982152939021105,39.93454275134046,35.15444208107173,38.87220118221814,36.56406704367309,37.145967695897454,37.36735393415031,38.74886149917835,43.81847906017342,43.70331001756146,38.373698415207706,44.48007173467619,37.607123171147265,43.57489002542508,38.354616793132614,42.84517256732382
1610555606.65jCE4ig8Pu8kvAzkxnSGfWsV0nQBjCf8H,27.401445201786075,34.69842055116957,27.096060853875848,32.810917873378465,29.75055723993463,33.072194625696945,31.02072528208616,27.90994289570624,29.075593446220697,30.273529592708265,36.92189509330568,33.0151727211666,34.723790859311556,30.543862823089544,35.74498384440476,0.0,40.84645137466112,37.73490323158387,33.02252209260084,26.389455265628328,35.0915542377288,40.47215365000057,29.597518001571256,27.464670456117723,33.61241852756288,35.4373123757178,28.295403404715774,33.34155216836078,31.353787005896063,31.053458916792813,28.207832488343456,33.28790966531009,32.11539264534484,26.86803832674118,26.202900049368278,30.936457884511118,30.327496266247376,26.642904683250546,34.39462857308956,35.864966936880975,30.71078497909534,38.5547829627864,34.652590334388165,33.676933019816936,36.33634181921078,38.205792433666495,32.66528066450599,30.349037853354602,29.504518987031684,33.57001132362287,29.613840988309022,31.294120910010342,33.63133776139201,38.25476748772126,26.209187797741215,33.09313168771857,34.44190025292282,28.587672992418426,30.007799777852803,34.902462111764144,37.37405361818119,40.709816144669,28.205261590270386,40.13501294319126,29.1560397394457,40.31534803927558,30.930290913406747,35.248750476289345
1610555608.18ONsBCVo1i7BrX0XG9stct4oiA6ejX9Oz,41.462681957968734,37.910270331978715,41.256290559144084,38.752080907521375,41.30809987938126,41.4316962779657,41.615589720551114,41.53205436669872,42.372714929316466,43.348641800991075,34.324688458447845,42.02988711707656,45.99747135405246,42.17538648589874,43.97889765630107,40.84645137466112,0.0,39.85149231568548,41.69712925261972,41.906625721709695,43.0025335581143,43.296309763892644,40.666883325706465,41.470314062845546,40.477693794750174,42.234653983893885,41.04306777271822,42.61583465509609,41.01760518919654,40.3322232297512,41.54250407763475,41.0346142675457,44.96940063121106,42.68873100984424,41.45637331204636,39.75620159139207,42.766599042574356,41.35789292863695,39.35489290997897,45.43454595985971,41.87413960026867,40.63810075438441,42.989924246620596,41.123229934472235,40.01812373208681,37.55541476387542,43.83478925021861,42.39031811440011,41.99424651915171,43.18191435098433,41.844869612603354,42.90749043242173,43.509917822665926,41.39857298211719,41.50577056087359,40.77607959555499,40.09989007779411,41.45271138218604,42.702078829480044,41.51025041492488,43.63888050012102,42.369015389058816,41.01015196423966,41.8764062863989,40.846202332097896,43.29621584042362,42.239016690946215,43.872566388560074
1610555721.51RNoQUMP19FTMS79BmA3JkgSm2IC2AQuQ,35.53748775746694,18.689835661494136,35.955244567498035,34.70875985559593,37.04955351398322,36.959150229468385,37.30369959324117,36.15880001032686,36.674545918097095,37.14642981040897,37.396904673040616,31.497846985166888,38.981056227417334,36.89506998459868,40.5041117683076,37.73490323158387,39.85149231568548,0.0,36.46941328402023,36.15728987636425,36.714725272726696,36.67441925499026,36.109275673129616,35.50250784518361,38.03480956830918,39.6234821277336,36.9902394707242,37.93958112576846,37.55526568574052,35.39854738815372,38.22129459354809,37.409068124208154,38.348136067609,37.30323941696799,38.848719731477146,39.73175095547746,39.322577764038336,36.773119043616,35.263632954980984,41.504028412225864,37.32442642263404,39.69819298503642,40.11164140661863,35.93103200505683,31.593234243814347,25.476758435102184,39.42464207693976,37.371254071489716,36.147755952919134,41.33508912084941,32.68295817008405,38.09826166296126,41.350821593216146,40.84914194470223,37.10361705726704,38.30272462844029,37.44885778322394,36.615762065446056,35.467878359875684,37.43283302182851,40.05032426588588,41.832704084135955,36.5475334860383,41.08708147035645,36.393285672141744,41.68030341183552,39.33134726948555,39.731949105081675
1610555971.86O0cHB2ibBJ8jxoObg01EpGe8VVV5mpwn,26.125914141508968,34.3907044888749,26.236385772270946,33.6802893824081,29.699781787062683,19.383653716140905,29.0927539816293,26.69418655213046,25.54318688759588,32.61894097696718,38.47574952074675,35.60616177991427,36.27922351167281,27.849714335221055,37.49983335320831,33.02252209260084,41.69712925261972,36.46941328402023,0.0,30.633996716712115,37.83444837862805,37.70966626979482,30.325968860470105,26.50310631027789,34.0159188225556,25.981857070150323,29.43847562033102,36.33661623830002,36.53850375021477,27.291746013761145,32.570568470550846,29.450254962478024,35.21850258670888,34.890306130581926,34.725372742489675,35.97364705140508,34.63157773126093,34.33130171227212,35.37594916368887,35.583116144944036,35.32936234295805,40.46438656072932,35.928413355842856,34.04405545521108,36.842447317057925,37.362578985873526,33.80133251069718,30.357487714398104,32.59789099088088,35.993070547403704,31.947091195123647,29.871554579882016,36.65334887061968,40.38468117606915,31.063045051650146,33.17031743937314,35.339407799458066,33.139625223387945,31.29656057145017,30.038111037632177,39.384301180921774,42.44929580564625,34.10040179049467,38.658434250109835,33.21570045920865,42.065200276139144,32.78195401179194,38.00270637015278
1610556911.51zU3duZSGpcw1BDNsBLxdOCITAXwl6z3i,23.959650868758594,32.672187340335384,23.513090393210017,31.051119476986145,27.597553919301706,30.8488114738609,29.256320170726774,24.767755524353017,25.924617436577268,28.044921823105774,37.8297263412622,31.534809903683357,31.536988697282005,27.727479741317968,35.906465792327445,26.389455265628328,41.906625721709695,36.15728987636425,30.633996716712115,0.0,34.19221910724526,39.37863722582763,27.131401745240847,24.251910824885982,32.05977874337899,33.37160254744864,25.859563761698343,32.366681548108616,31.893751751547903,28.75626136881607,27.956553034063926,31.179415352922682,28.68297080079146,27.974711294607594,30.124215054927397,31.745352218434373,28.903338365868954,27.25177886923529,33.30173797895236,34.408681424794224,30.273264514910977,38.12111621490591,33.28238068106505,30.90869832666919,33.98152576775537,36.770794022889255,30.774463101590996,28.09864080773601,27.9030774548883,33.48517156058331,27.53656998821993,29.01065042782188,33.997976485379176,38.85374332217027,25.272936669292797,31.3544538594687,33.202053409493324,26.664821381258026,27.50499576346458,33.217358300080264,38.96767381755987,41.11983385101995,27.015629156314965,40.733882102318525,27.176236972264483,41.47463437384879,29.893459718602447,37.515238834975776
1610555988.71dMoYT8250UHHJGxgmITTmbHe7V6gH1yU,35.293773731339385,38.78610499840265,35.316542771142004,36.52848313751031,37.19223046770416,38.29659236534708,38.745269142872274,35.58302973373205,35.38668266614014,38.097324222838985,40.05982791455824,27.405754065084466,41.6731688353234,37.05299706684385,40.632338877234815,35.0915542377288,43.0025335581143,36.714725272726696,37.83444837862805,34.19221910724526,0.0,36.583822026005784,37.301533252769985,35.29285187330469,39.09692830254837,39.58429284569166,36.16708531220188,35.98118823508369,38.21465672703819,38.41425849314309,37.27377484586009,39.71979122417267,39.58726905706127,37.985710009749084,33.055636849801225,36.36212528930979,37.83695857843539,37.30398430718798,38.69981325148302,40.87447396516949,37.50178570542409,38.046437965545856,39.68913413889916,35.55120868881149,39.489750077667715,40.11007826510619,38.162679049647195,35.899473447563516,36.70431092315596,39.69232770105799,30.80544189186519,36.43891245689935,40.75696409924214,41.45269721701726,35.66518894484173,38.755870769917436,38.948748330076306,32.030634884325714,33.830461621669016,39.65216274511341,41.93220878508369,44.80650059578207,35.613806632180705,43.48838721309964,35.24290280883244,44.23893914369186,37.69220422234583,41.12186509422989
1610556042.81mlUZsSp7gbGjrp8jQSnybT1gPy6e62o1,39.003467789798414,37.89652537773603,39.146804440142375,39.1145915645371,39.20511146689681,38.21893828615447,39.20986955266576,39.26251151786941,39.671991263248664,41.541725679653126,40.80859297037853,31.7908395331997,43.85897465010559,39.23479745831645,43.152809806048275,40.47215365000057,43.296309763892644,36.67441925499026,37.70966626979482,39.37863722582763,36.583822026005784,0.0,36.68033530522892,38.990790211642654,39.9473611122231,39.40282991590352,39.67784554827341,39.56982710141628,41.38991869323296,35.621670429967885,41.664654994617415,36.413797216563836,42.886461013133015,41.56483784298554,40.19493201967049,40.829395439558226,42.150813730345156,40.79321803347873,40.31910101820843,42.823752794491135,42.532814809506846,41.530897439654346,43.04504326341657,39.571592176573716,39.41562624314722,39.68340252941328,41.60426679921611,39.15235111138595,38.967604623923044,42.36304659703895,34.89933092791421,39.916793912043474,44.23179693144959,43.87735856450934,40.510134147149294,39.825130036540735,40.55240539611963,37.82318939355682,37.30279440195133,35.346632991473825,42.07376189840534,46.42200354074116,39.125294637661,43.434470897335856,39.153955999862866,43.558903957294405,40.79296984917356,41.331245924463985
1610555637.02UBW5nKvDyUrKnaWcYRGajZPxTRDS0q3N,24.521660221461417,32.3532283460187,24.344356135498582,32.9492369464425,24.676969726699735,29.85032068976783,27.024883411771018,25.423629022089347,26.46105097548027,28.354635605692984,37.08697168725747,34.85399580071746,33.82651529870752,27.763795717881237,36.45552724506413,29.597518001571256,40.666883325706465,36.109275673129616,30.325968860470105,27.131401745240847,37.301533252769985,36.68033530522892,0.0,24.851534617557522,27.92000421678636,32.36355167866146,23.93958658730148,35.23353806177386,33.80195255020987,22.932280804282904,28.293588837758072,24.588638111589624,31.351340330872112,31.753678738803853,32.44777549341154,33.89236559954083,31.19690350747152,29.845012514824035,31.206392751305447,34.95063888868405,32.77189180597065,39.62352720234921,33.66138579205321,33.581444400794275,34.68718490492545,35.73450366222509,30.475765859085282,28.983263085496276,26.06949825647998,31.93568992143508,30.62967587013269,28.25894804553725,34.331506995823965,38.60105380504521,26.945791237779577,24.212633608822102,31.31320337804368,30.176619410485564,29.90533050148094,27.694234528968853,37.433179250744075,41.23930229486976,29.197836770377403,38.23959946212797,28.267486068459533,40.415231108756736,30.472304915240244,37.25658549659261
1610555619.13oUYNikU4facCTpUSiSLr0vPI0tJLnXiT,10.83215477135869,32.8543379628544,12.643129382120604,30.970211730260424,24.398214130780005,28.164395883113375,24.595687404697625,13.754370479057673,20.858019347960457,26.7936706863424,37.35575568282167,31.935219149175374,32.491399909343244,21.842712501694272,34.83031011371777,27.464670456117723,41.470314062845546,35.50250784518361,26.50310631027789,24.251910824885982,35.29285187330469,38.990790211642654,24.851534617557522,0.0,30.226183260983987,30.737085918147752,23.477051175419966,32.88814473108885,32.39350275164017,25.459416076889887,26.870997135247528,28.355108153794003,30.03849322195081,29.79874441519159,30.58550664270372,32.21285395376071,29.553681466277876,29.04788800261657,32.18367346070872,31.933693044349305,30.83498293773037,38.281037956859265,31.818045507533206,30.11109371479903,35.077334081780855,36.63590095735743,29.845393193053106,26.46336349296375,26.7248928275047,32.474170385053625,26.48726019829902,26.550133325050176,32.72702827293879,38.13488862582092,24.87010465568743,29.119845996182423,31.559291510148306,28.2527030721276,26.19779968773644,30.710955700708407,37.8456487041535,41.03514818706521,28.749146854161797,38.83483535337437,27.49614898483435,41.05075965347932,28.57324344700062,36.61937938024475
1610555721.03nzkucfjAUh31zTbmCVvTVYqtjoxZFnBh,30.11804292855014,34.967032042324654,29.750129242920043,36.364230046548975,31.38649421563108,33.370737491864055,32.51989437760812,30.54959684343261,31.451099229514096,32.97546385801647,38.10150490763005,37.40936829107665,37.690211577519264,31.99755303569282,39.0086322586691,33.61241852756288,40.477693794750174,38.03480956830918,34.0159188225556,32.05977874337899,39.09692830254837,39.9473611122231,27.92000421678636,30.226183260983987,0.0,35.54887329866136,31.46400245280311,37.33964332345778,37.1435492622988,30.735068601723917,33.14375552391927,32.42949517082516,35.62972978319023,35.45479215162975,35.634456954404506,36.91713994846406,34.95466602116595,33.70088498419892,32.27160621407129,37.08359344435963,36.56298192945554,40.55867097792947,36.19251067225197,36.545696205880326,36.688803285398265,35.41578750675693,34.70836619956044,31.50733858855679,30.924944743031805,36.57613204071588,33.86326975511484,32.5035160183432,36.534671701437205,40.76285308645812,31.690422459771817,28.33807574997614,30.94901445236185,33.51440146997723,33.516730056171205,30.352870786823665,39.00338512558621,41.693274774576814,33.321202904395925,38.0435661502235,32.7852754644195,41.16175792479625,34.09454015468133,39.3343550356847
1610555722.67fhKURdXVzRbLIjXmjRwdJHTnE7PWb1AE,30.61732950546046,37.247105143801576,30.27268944245535,36.36277778607439,33.17097232529607,20.921457751533485,32.35706156265165,30.678650651319625,31.309533190420037,35.21972512276558,39.99170062387618,37.91303246628742,38.665916313392955,31.975671472817822,39.00400710978414,35.4373123757178,42.234653983893885,39.6234821277336,25.981857070150323,33.37160254744864,39.58429284569166,39.40282991590352,32.36355167866146,30.737085918147752,35.54887329866136,0.0,32.06895283411042,38.30556806531106,38.00705900754032,30.547024583917953,35.063256523703814,31.518067842020113,37.59335987533018,37.341766865627534,37.05466168265018,36.94388645965662,37.02917621375259,36.68560412159228,36.73805944443724,37.472730116852006,37.86683643766706,41.16413128821214,37.79670127021235,36.041636727623455,38.63438488701643,38.9665720239314,34.2271969669496,32.88581165797209,35.24238477251723,37.55287541985669,34.406230320668804,32.27848405007671,37.804497026309676,41.449166235218556,33.573151055858375,33.02882681276222,37.30487771652758,35.294728264235005,34.16103818996462,31.14674143466654,40.632439227540374,43.626653289476245,36.416065241363874,39.79120814294942,35.882143961762786,42.878799490556865,35.359407367939674,38.84480950823168
1610555638.39J2ZWBLuLTHP0jOlzB4tNHmYeijH5g5YJ,23.42689260226167,33.979627159497916,23.151539071624484,30.948631660415785,24.430891425043647,29.697187349166068,27.386655815056297,24.17953198539635,25.423271100919663,28.468356694971032,36.781079954053176,33.75650461796757,33.75555701237259,27.09381274355596,35.613047086476655,28.295403404715774,41.04306777271822,36.9902394707242,29.43847562033102,25.859563761698343,36.16708531220188,39.67784554827341,23.93958658730148,23.477051175419966,31.46400245280311,32.06895283411042,0.0,34.1528015272306,33.62325267396619,27.07580094915189,26.17909479322383,27.683903865088016,31.456452123053346,31.111141964316854,31.46330462976774,33.07084032324128,29.948022563163423,30.086705357353537,33.35355677575602,33.31767739004472,30.340509600355993,38.67658106562524,32.12035902866654,32.798414327119815,35.69870331066513,37.539495768568834,29.13900153392027,27.9871814227772,28.211510701289818,24.941173831649916,29.18644212389357,26.61982509719813,33.81692219761956,38.868061948140124,26.022356599123068,29.474913859547193,32.475047733709964,28.95490834821654,28.742128891697675,31.471856173986655,38.13377885818906,40.34842379801076,29.753541529174736,39.4434217195647,28.770072651610327,41.90712242104632,24.75051781290172,36.94609218029101
1610556032.17Q6yCDx9g7alRnL9jBFXD2JhhUyB2hKfJ,32.898626336703195,35.61398472581103,32.65963432041459,33.80859913805876,34.8490881324378,36.718701352530175,35.12744605466441,33.14287281008698,33.63817208168991,35.670744853463404,39.21391241519827,34.1530025576588,39.37631841590125,34.837155557581006,40.932971768573836,33.34155216836078,42.61583465509609,37.93958112576846,36.33661623830002,32.366681548108616,35.98118823508369,39.56982710141628,35.23353806177386,32.88814473108885,37.33964332345778,38.30556806531106,34.1528015272306,0.0,36.28958841129387,35.84923375657181,35.92167865581545,37.507097046044024,37.22543040982592,32.64625287017265,35.64484831448823,35.794883727121466,36.57382072798016,33.27408593719096,36.44095923714254,38.34114744705465,37.77881996017789,36.59593548248168,37.53868996718491,32.4745667854455,38.603321661624044,38.263674653555384,36.691121865855635,35.431717950993956,34.90228407006371,38.09229012614014,32.11380601873377,35.16214426165252,38.141073985321405,41.11079690368291,34.20500803114933,37.46264903306813,37.138314761761336,30.84561445342639,31.10797648389104,38.53429925884791,38.953369098332836,44.11832456223967,33.62368629807886,41.44827634890809,33.764914873451104,42.57203845350542,36.186053109469526,38.268483604759645
