,1610555604.25mOvVXuL01OCiReyVWBfesjuvXmB3MoPy,1610555605.43B6oDsBtWRQ29Q9UMQuTUEPZy3FSSWXzc,1610555610.92HPGJJSmyPM40z7otPBgHalNrHFA7zk5d,1610555606.68LaSQbm9EHAFycEfFtEqAwYqlBsQPjIRW,1610555617.19EKxMEwDHfXiEJZc27TsGoERaD6Da4BZU,1610555722.52PJ3FD50MGhRXyUD28vluU8Z9UjLJLZn4,1610555617.52Ijr5puT55g9apK8auM7zaxa3NANg502t,1610555638.77ZLjTLkz4jYJdFMI2wWBztzsDILkoOtAk,1610556912.46C7tJPLF0XfNnm8f1820X9aLmXMHoc0Dw,1610555617.51LjzIROg0aeCP2GhDcAVQ0LipKJB9jmKc,1610555608.17OpjjHobqRkX0UPcaXrbu7K6L3805SZri,1610555721.82zWeNZfGUUfRJkgnAwlP8VMhPzXctnSd4,1610555735.75bom85BDF0C7W2eIseHeMxi24qR68nzMi,1610555735.77NnT5xqKnwcf2BbjIekeb2arTQj6QMNwk,1610555638.33wjf1PhdNaoWfbRzXVn50hmFyB5bYAiLV,1610555606.65jCE4ig8Pu8kvAzkxnSGfWsV0nQBjCf8H,1610555608.18ONsBCVo1i7BrX0XG9stct4oiA6ejX9Oz,1610555721.51RNoQUMP19FTMS79BmA3JkgSm2IC2AQuQ,1610555971.86O0cHB2ibBJ8jxoObg01EpGe8VVV5mpwn,1610556911.51zU3duZSGpcw1BDNsBLxdOCITAXwl6z3i,1610555988.71dMoYT8250UHHJGxgmITTmbHe7V6gH1yU,1610556042.81mlUZsSp7gbGjrp8jQSnybT1gPy6e62o1,1610555637.02UBW5nKvDyUrKnaWcYRGajZPxTRDS0q3N,1610555619.13oUYNikU4facCTpUSiSLr0vPI0tJLnXiT,1610555721.03nzkucfjAUh31zTbmCVvTVYqtjoxZFnBh,1610555722.67fhKURdXVzRbLIjXmjRwdJHTnE7PWb1AE,1610555638.39J2ZWBLuLTHP0jOlzB4tNHmYeijH5g5YJ,1610556032.17Q6yCDx9g7alRnL9jBFXD2JhhUyB2hKfJ,1610557007.49MyVgDnuUuBxrvL6SGOdhKf69VYlW1MSm,1610555638.44hjT5hbYdKoE3MB6hijrjqbjmLgvCUYKD,1610555608.13zUvmFSCRt6SsLbhqFznMEvGx54GPGQzM,1610556038.62a5C4ynd1AARyAhTv8a58NCqHvXRjscqH,1610555644.45Xse8u7pusHNsd7F3d0A32HXvXr6weOJE,1610556038.62gKXOCG7XCn55eJvyl5voNjbwOW0znQDq,1610555987.13v0oleKK97pkesp6oMgprH8SoSdoDVdIO,1610556964.96ZLLeiQW0qpmxhPGTg7K03fmzkqsC2bjC,1610555987.13VQlEedQ50VvkPMEMzZDv3KNnQCewykN9,1610555982.186TY6MMGkDecIN1woW6vsfAMXVV7jnyjO,1610555982.673LuMndkwkvdmZOn0MmE2Pkidx0FtNalb,1610555733.38zItcuH7gHNfKdALR2d9Nek6bxCyw36Vm,1610556034.15BQxSbZINGCay0yp6RBVlgcPrw76Yn9ON,1610555639.37BPZpgtGml8qUsh9AdV4m32jPLfI2aNFq,1610556965.57S0adAalhWYe6K3bkZU0bRHbqnDK8gGkR,1610555983.54zteLPCMjyrjzPdhHhlZr3faCgD0TfYr3,1610555987.79rHnNRmt9a0ufmnwCvZqBouyUoZDNpylW,1610556960.041xWER61rmArlsKfiMl4frikWmUCnQ7op,1610556035.13a7NHZDutfTMJ88qle1gTYY59Dr4WmMsj,1610556890.456ZBDaY16bMtrTZTqAgHl3wq1tRxzqDow,1610555760.24e6890pkbyZ97Or6croI1rQgjkSsR0yVt,1610556043.02YpWMIJg3W004iqlPyv8OcVAZdSC5rNYw,1610555987.03z05P26TLtONYM1HSzupoc2CeNMa6HTqr,1610556032.15OYCzUxpsz7b10AXBAuDXrvEcvxFhf0M7,1610556032.63Z80yI9pNwS3jSmsDABbuhf8wkNa2Ze9y,1610555736.28eGuESasTXdR3SqY6pHhEXWZtcdciYLCO,1610556034.61bebeZA0MkaFG2sm3VKiqrxeqQginTTW0,1610556944.5XwXOphKYT3ZkWA8gViqOS97VHVuMVUqb,1610556944.745UVLFBzf7fPh4UH37I6tYQOFPqRDytEh,1610556034.63XsUwaFaPZevO1JNFjfhvY4aKNFnV4noV,1610556964.89xwBHw9faT1HjQRMNQEyA4qJ3hWkwgj3k,1610556966.74DydzH91jtyvRyYau47JpVkZoMRSNTt01,1610555740.77UueVziDbaXyRR4OcVJIIZyzOfAzN51bj,1610556046.84e3vwjyRCzqz0wJQhrk8zsxlFfFSv98Df,1610556137.99eoPuVrDThKAOvmeprLPb2FWRqIhzUodc,1610555740.73XFwSrmTXJPlaxGZSefh0jOVA8PI3III1,1610556123.88AOfNaz9jSnqU5Czc7okOv1RCrYfKFBTo,1610556046.85nB7NvyoYQeLcOV391Lmmut1wAM8CFGLw,1610556123.89H4pdIAzDthI7bMXMhlIhKUYIQIvtmPPQ,1610555740.87GOYQUJKpkynIS2lFqppYK4b32ol7NeGh
1610555604.25mOvVXuL01OCiReyVWBfesjuvXmB3MoPy,0.0,43.695741855472185,11.293986890617907,40.96641212484611,33.49602040089425,37.577893348762366,33.5959239795341,13.502703152361647,30.105278782007627,37.11727360212266,51.264494801451974,42.64681412726666,47.25780008685389,30.079348883198954,48.04197468115089,35.412703292669114,59.61780436893266,48.782035500019866,38.47437350308167,35.177986624213084,48.12775450620436,54.38506155748295,34.89469302241463,12.623734320250236,40.40450482139021,41.83477499369169,31.75041403473921,43.229125148499776,43.5978689078794,33.10023943571788,35.47390791348507,38.55141278512225,42.51530308803044,39.71705843900773,40.2802537288277,43.29025669863037,38.009369689316166,38.349088614441975,42.323937376465494,42.51470061003687,40.13671669035208,52.755577359441396,43.39369907102365,38.21035187305159,48.02718481724376,49.602804223322046,39.05311779542212,36.05288714167898,36.13159524619925,47.175292093600106,34.451684364493346,34.70538204031079,44.660751309480155,52.99362750818899,31.05936280044025,39.0465211961731,43.660160440511696,34.981913143336946,34.56016327940685,41.069950833720014,52.624886832566546,57.159495897374526,38.52790717305393,54.399464207041596,36.13101958356097,58.11235338936519,43.6718863111035,50.39482703526306
1610555605.43B6oDsBtWRQ29Q9UMQuTUEPZy3FSSWXzc,43.695741855472185,0.0,43.00811142259775,48.84123129520217,47.19903709434827,48.741965034035715,46.80660556810969,43.627183300426275,45.81847466797933,47.212015629989814,55.33108722978716,52.12424192619604,52.396967782490336,46.46798112583386,58.14397713169513,48.84194575101122,61.43330666036604,26.523738217112577,48.7001344664716,47.403808474700426,56.43816296822627,58.674955014623485,47.28288738201713,43.21278837206909,50.663243521810884,52.78831137588184,46.92587326133623,51.20442924200372,51.79523882659638,44.874539185997484,49.07863752660205,49.08185463122771,50.06887220035462,48.91016598641194,51.219530198880015,54.5004807244603,50.78776316562833,47.914091032070054,49.24718921996918,55.320425143854756,50.491487845335165,58.42534495013339,54.729455062148624,50.327018194238455,43.37901315808559,28.174302829804276,51.88662406638088,49.902495016035786,46.24319518471305,57.8509436530371,47.50763182365729,48.909415075387656,55.748743696464494,60.68337519220966,45.93981329299861,49.99581863336336,51.74875969268881,46.54409753903441,47.49354639580042,50.2725142961936,59.126818850981124,62.05963198424994,48.543528328618436,59.406033953159884,47.50121989680533,63.28157319179863,55.433229257210826,58.21095576966575
1610555610.92HPGJJSmyPM40z7otPBgHalNrHFA7zk5d,11.293986890617907,43.00811142259775,0.0,40.228311785336516,32.57529296882029,37.04493331718618,32.69044356728534,15.701474691970263,29.437462876322105,36.32484589659985,50.670845191629205,43.52481676654721,46.6420194288229,29.975346148007468,47.82518309717114,34.56315132949571,59.092559985035464,49.1298226621089,37.58430147378441,34.06244866906966,47.492041149793394,54.61477132626787,34.03984918922166,16.120710746953012,39.54797887226232,41.22352026255929,30.809834180223646,42.53489708796105,42.90084606892287,32.19054366334064,34.62517407213465,37.781017049597466,41.830599254891936,38.96466907492001,39.605012644964546,42.718288518532205,37.38922773957187,37.57063483936935,41.61174461238171,42.9507222610725,39.393527886708576,52.270015943249106,42.82971885032749,39.747002290940806,47.26022981766161,48.87005562879658,38.49108173969698,35.629850736108594,35.307451855588276,46.54117449878855,35.28576177688462,34.191212898648,43.98270997988409,52.4175582040292,30.08658280609833,38.27683771328158,42.904389250643334,34.124173012096826,34.669666984375944,40.42370367291692,52.26073099114923,56.60844396676874,37.758135836498695,53.824979478135255,35.29803646216196,57.70938633775883,42.990501477020516,49.98006602058676
1610555606.68LaSQbm9EHAFycEfFtEqAwYqlBsQPjIRW,40.96641212484611,48.84123129520217,40.228311785336516,0.0,45.54057760985507,48.170095387553815,45.76258307580331,40.71219959264871,42.6744272486254,46.43444574227238,54.81027754354601,49.28264354666893,54.33897864044022,44.768028870033795,56.16921626661132,46.07846085076092,63.38117459263211,53.301818095491726,47.75024776606738,45.473736678908516,53.91580063996402,59.145138134276294,46.42073356263357,40.39278441086602,50.534178034225114,51.69085362666589,43.09429144084417,49.07151907876586,50.970889372898405,44.881132755148094,45.9306437552262,49.19040627812374,50.08944460833345,48.863053072596614,48.25563156613976,52.10570876327043,47.958862523321095,47.619220780528636,50.88135760574974,53.21147509154564,48.3674720904545,56.414053275619786,53.23894254457699,48.11106258442039,52.81545359257107,54.168645165585566,49.72511662270946,47.07500537890268,45.58884589663135,54.8514411139238,44.2928029204991,46.21278111845684,53.62367682317402,59.93518399750598,42.76138622960506,49.69531698913658,52.73270419119521,43.65200054637376,45.52469650949647,51.055320596245515,56.808328966735246,62.53174148141915,47.0907440661431,61.45857028287665,44.886540186579715,64.37506502339299,52.116839899049886,56.44001773158343
1610555617.19EKxMEwDHfXiEJZc27TsGoERaD6Da4BZU,33.49602040089425,47.19903709434827,32.57529296882029,45.54057760985507,0.0,42.87361967105546,33.935549078312775,33.29243029716534,37.630035858474734,41.353682316819885,53.27155770762391,48.02036538205029,50.62591059340499,37.27056542509566,51.06389313922576,39.92950432728587,60.91779087088262,52.481496846168845,42.24210535292823,40.699160298365605,51.312116696867214,56.84833199685119,38.408521600156995,33.05528170720915,43.887225955084304,45.72684005740768,36.83262897971859,47.07282800755554,48.04916834423478,36.23420094325445,40.344015992435615,41.85322836582978,46.263412216456345,44.2631638345125,44.748211943320904,47.542381389638564,42.89655082388502,43.14749307606546,45.82557159775772,47.723198023337716,44.79803281824033,56.59529833960773,46.701204070763254,46.12432791499623,51.03415819388706,52.683443802946826,43.79940019227491,41.31816424293467,40.182023981086864,50.31274366019458,41.13695465276522,38.89487920631588,48.539110070380076,56.28492543008792,36.18602994167058,42.14456311810886,45.21682084283865,40.35869145655648,40.45213904172312,44.20107297693357,54.96403255950068,59.70820476643971,43.28819869240167,56.531661912322875,41.14663015824409,60.500157022900524,47.73849183594221,51.89841742445915
1610555722.52PJ3FD50MGhRXyUD28vluU8Z9UjLJLZn4,37.577893348762366,48.741965034035715,37.04493331718618,48.170095387553815,42.87361967105546,0.0,41.74590628964599,37.238941790720865,38.955296836557295,45.50799213043267,55.30432415101967,49.62300418934563,52.828293190412765,39.83085591439372,54.08114466955189,44.0631434630527,62.6595432338945,52.878470755831955,28.420260302983543,43.95758221545237,54.25845840785794,56.75812441177029,43.297542592045346,36.78290143199094,47.44456779231663,36.001276467278,41.00750434393533,50.19489946841935,50.83817975373999,39.362009876640585,43.992382262173315,43.6288384464173,50.01916533543535,47.712647727941736,47.26649662117148,50.16758331851326,46.160433613151795,46.450315949383466,49.34079581366418,50.973952814362306,48.150454447647704,57.6990553566757,51.02760134721724,48.799838839231874,53.67793415329042,53.356658625459275,45.26367590647936,42.94486929867514,44.70902754929571,53.30523961384159,44.16177671449462,42.28955388177382,51.53653228314094,58.22048984420213,40.56881411271047,41.54029061793651,50.57122924227835,43.50781687079499,43.58024387368107,44.085424128709775,58.02100240910141,62.15642255487736,46.52627264744447,56.98449391600308,44.71896372659313,61.31576623800564,50.44765282702399,55.43878319500245
1610555617.52Ijr5puT55g9apK8auM7zaxa3NANg502t,33.5959239795341,46.80660556810969,32.69044356728534,45.76258307580331,33.935549078312775,41.74590628964599,0.0,33.92706039969905,35.93348627677057,42.0817149393065,53.209787967759496,48.5968335748649,50.446748116627944,36.995181068491824,51.95615514647792,40.6534860656003,61.667432310816885,52.30241829262058,41.172764274137016,41.335323869526825,52.995226784067924,56.74053572154003,39.36519308493252,33.44086528308008,44.719843707780235,45.711464934822025,38.02463199821985,46.80888907176971,48.25767424436699,34.97569143136368,41.187705275965776,40.22612880643207,46.940522412589516,44.74214268722414,44.99360400243717,48.19355142387027,43.74518210930382,43.68287725059804,46.27106097875091,47.57714475448319,45.09481442771363,56.06072784541083,48.165135103637965,46.19325106933428,50.753042157217855,52.53669456517219,44.74220904433246,42.21064312024807,41.007976394694495,51.54747645203546,41.77847052377542,40.26326679124103,49.05821262133271,56.50766175838167,37.509961030623394,42.44144746861846,47.502687850067716,41.033366310808425,41.38766833458501,43.57433022626098,54.695156907431304,59.733406736173066,43.86382188467997,55.544382476807925,41.72929330248499,60.18898360578779,48.80256035175111,53.60685425075593
1610555638.77ZLjTLkz4jYJdFMI2wWBztzsDILkoOtAk,13.502703152361647,43.627183300426275,15.701474691970263,40.71219959264871,33.29243029716534,37.238941790720865,33.92706039969905,0.0,29.655412630636587,37.048853955871564,51.50016209437934,43.1957830634857,47.210815416527694,29.17545510084153,47.90247986648715,35.561468593009884,59.56749023981291,49.21605215095425,37.81286327979092,35.1010549253521,48.05882343047386,54.54427918977517,34.8175706440053,16.940325751781998,40.31630314323399,41.79495537937697,32.09183694403758,43.49903359979748,43.377346223211404,33.008255180753935,35.11164557900227,38.48452483630686,42.46125505650608,39.83926101475484,40.37564667304212,43.33975984853781,37.92732593156983,38.248836656887896,42.07927727514031,42.31216548764672,40.37862169564588,52.64913844205983,43.82925031761857,38.70046092618978,47.95842455275007,49.45314868925548,39.16351446535515,35.902667896036995,36.052994618395005,47.25753040993606,35.20319049644019,34.62840306588728,44.20707184103435,52.93091246064557,30.969871751607176,39.131457055357984,43.540340867371675,34.89456067570425,34.499357530733825,40.860770337045224,52.67980447453232,57.368756434000055,38.323591626392634,54.40882477899094,36.04410439960965,57.77695866590898,43.69115949555179,50.53830113689183
1610556912.46C7tJPLF0XfNnm8f1820X9aLmXMHoc0Dw,30.105278782007627,45.81847466797933,29.437462876322105,42.6744272486254,37.630035858474734,38.955296836557295,35.93348627677057,29.655412630636587,0.0,39.522068613255634,53.06981085182311,45.088989849832146,49.201405844066855,34.80760429028226,49.25961492970816,37.94777633369548,61.22283583694399,50.882216779162235,36.49510216513306,37.68382971153298,48.924451189829405,55.956780397243996,37.49452065882456,29.082517620684225,42.64837702276681,43.98409826976977,34.513950025286846,45.15965099091261,45.78777027568697,35.88599978587981,37.99917836688024,40.930087046719166,44.63656007520651,41.93390659892878,42.319417031433204,45.4920854729333,40.553356208143676,40.68679541971458,44.507494811893025,45.8131666381138,43.21926434671745,53.97404410957796,45.29137194986094,43.634331054666895,49.90350304049241,51.44499316298166,41.022259814931026,37.186117282370176,38.594642031125915,48.79629237489921,37.80646050260254,37.32927823100886,46.70684946481451,54.55460622190107,33.91824605052363,41.37598227448509,45.92489194128262,37.46953729426699,37.11624375938978,42.692682850218084,54.129708188427664,58.844887100515784,40.85288700660197,55.41099739344637,38.66072551879262,59.324406918641955,45.72897811877055,51.50622064824951
1610555617.51LjzIROg0aeCP2GhDcAVQ0LipKJB9jmKc,37.11727360212266,47.212015629989814,36.32484589659985,46.43444574227238,41.353682316819885,45.50799213043267,42.0817149393065,37.048853955871564,39.522068613255634,0.0,56.35706594972324,49.06294174451222,30.864871418012903,40.928364891352686,52.99616359598616,42.38542588263382,64.1911519596762,52.75759285300401,45.48667178105771,43.17334553351298,53.380921892010406,58.77433750296459,41.84805559299659,36.56381470668591,46.551175994120925,49.44709697498012,40.519072594201596,48.96348232373686,44.84353557950136,40.954336227375066,42.20406685133936,45.471814382327565,21.930118426575504,45.51299991921286,46.37208528784384,49.59114325439476,44.41672314244253,44.56962464794897,47.84383003120918,49.559317556338826,46.38483748662388,57.91446703513152,49.363937822868714,47.88406167177152,52.86531137380441,53.559962150268824,46.35464344579793,44.031324816158296,26.818108885082513,52.85636125686251,42.985827557065626,42.812739462313786,49.4129209865844,57.324059094130845,39.72073010572027,45.54377790977791,49.37199918218363,41.78202374973088,43.15799311239832,47.4942139050538,57.21309371123828,60.701552625180774,41.49287270776928,59.62438659804755,37.522661693933955,62.430028898986855,50.23884906139211,55.13227370398358
1610555608.17OpjjHobqRkX0UPcaXrbu7K6L3805SZri,51.264494801451974,55.33108722978716,50.670845191629205,54.81027754354601,53.27155770762391,55.30432415101967,53.209787967759496,51.50016209437934,53.06981085182311,56.35706594972324,0.0,57.56107141893426,63.51199626268205,54.18262789190858,62.91634209789946,53.89959920569211,63.364719759161424,59.37522158576263,56.0249354280647,55.14688988361996,60.3925348238856,64.69614944917276,55.13976701942951,51.030340949524344,57.80235384318055,58.83849593783704,52.25309197351527,58.48739768858622,59.510694512585026,53.62130649067329,55.30601236403597,56.82928339973733,59.619193196029634,56.94313876953347,56.978885266866726,59.57913191383922,56.74554945913765,57.23379115094002,59.26797312092663,60.80156077790518,56.959772446424545,59.818665333915895,60.03003374463753,57.290686996297,58.83457673817964,57.18776139475999,57.693294791513836,55.55129227791214,55.20066703320169,61.579024731894535,54.39944693447978,55.23797424210288,59.686303305276255,66.15273775740133,52.50845267992637,56.49256057986165,59.143562049893006,53.27049569901503,55.4030262599773,58.177916079362305,66.3420013860243,67.78820937763876,55.60458385391771,66.98992292702013,54.03693866608875,69.41560011462154,59.64775110900893,64.84728294258815
1610555721.82zWeNZfGUUfRJkgnAwlP8VMhPzXctnSd4,42.64681412726666,52.12424192619604,43.52481676654721,49.28264354666893,48.02036538205029,49.62300418934563,48.5968335748649,43.1957830634857,45.088989849832146,49.06294174451222,57.56107141893426,0.0,56.37162365828581,44.58884261321425,57.710743314163,48.063582623743564,65.00874214891597,46.18296111263428,49.65819709413778,46.836449389449804,47.04236883643457,52.34694907885403,48.66252784299386,41.94611766537535,52.385761058085414,53.39775003040161,46.32862725312938,53.16655962385346,51.97605298663008,48.208247868276125,48.901329842226566,51.505230484494284,52.14423927097071,50.37938679469153,50.27940238749941,52.18764851278193,50.06321627507422,49.402776590874126,52.91592167709966,54.961039908403926,52.14395865687647,57.38541796438072,54.63444424207058,49.49048883831045,55.52400020862565,56.775358695947226,51.34760996371087,47.23561824979934,46.667437461275796,56.178458240050624,28.582739642208583,47.14330422211445,55.72230009508157,60.195171154997524,45.94611073703532,51.70310309718944,54.21761019833334,44.82628321817489,45.150242823436706,53.30480585193369,60.8941618962168,65.1753074581789,46.518388876899024,63.23909291414393,44.75405967690454,65.05378428632658,53.68508158835074,59.085239795249265
1610555735.75bom85BDF0C7W2eIseHeMxi24qR68nzMi,47.25780008685389,52.396967782490336,46.6420194288229,54.33897864044022,50.62591059340499,52.828293190412765,50.446748116627944,47.210815416527694,49.201405844066855,30.864871418012903,63.51199626268205,56.37162365828581,0.0,49.8979777159705,59.22589427399795,50.63975516197963,70.19978833529564,57.64570216016311,52.792334453663244,49.1175685937379,60.28895915301108,63.82508652382407,51.09921847343226,46.83036822456128,54.97522502034371,56.34087691174839,49.92715891031872,56.30014980765738,52.72050313504273,49.1869552880325,51.22543514358705,53.014005184846845,22.25673271747893,48.80422082099845,54.01396228848653,57.04460992394149,52.426839496064936,48.2615898701931,56.1634946716106,57.388463529227174,53.92172942816675,64.13982616748939,56.74586272992865,55.09010843826609,58.517646080028314,58.252145243676004,54.76525326445623,52.80730300513453,40.735104355460095,60.218011121112596,51.46277466658395,51.82202639600768,56.377354087417515,63.392865963068004,48.569430420589924,54.12395196692855,57.456061291755965,50.39906338041541,51.62136952849359,54.7416840370821,62.96256222203493,65.33783168593635,46.97372868973788,65.39955081297681,47.698026266129006,67.48817639943849,57.969139144651834,61.18436838119678
1610555735.77NnT5xqKnwcf2BbjIekeb2arTQj6QMNwk,30.079348883198954,46.46798112583386,29.975346148007468,44.768028870033795,37.27056542509566,39.83085591439372,36.995181068491824,29.17545510084153,34.80760429028226,40.928364891352686,54.18262789190858,44.58884261321425,49.8979777159705,0.0,49.94023671617732,40.06277329695361,62.34293159593972,50.6941639836347,38.95349518280877,39.37904925222682,50.886635074105726,55.27470099693095,38.79550191773015,29.848133758729414,43.50526170783339,45.04595478085893,36.96757073084288,46.987061299133536,46.9579362984382,36.39078652308962,40.07928898892854,41.45119324611278,45.90235139002403,43.77615556643974,44.33507224980729,46.923191727875036,41.770579698246365,42.276009072740294,45.88301270327722,46.924068217090465,44.269797740362016,55.84271500001949,46.97490502625827,44.77310668075337,50.411202783608005,51.448821700912696,43.21214185483734,39.85253927345599,40.03812598972086,50.63834126381003,38.5391321133404,38.69515854190767,48.349761274164145,55.90845209817103,36.04605684128365,42.773928616811574,46.54261551349452,39.44756031627486,38.031861807000176,43.87943570959828,55.275979926568034,59.78762782987753,42.930794477201026,56.44420587975239,40.3056838492255,59.25065531379817,47.36617108957401,53.49343279837896
1610555638.33wjf1PhdNaoWfbRzXVn50hmFyB5bYAiLV,48.04197468115089,58.14397713169513,47.82518309717114,56.16921626661132,51.06389313922576,54.08114466955189,51.95615514647792,47.90247986648715,49.25961492970816,52.99616359598616,62.91634209789946,57.710743314163,59.22589427399795,49.94023671617732,0.0,51.53579116440041,69.1532267638564,62.316047164268085,53.696554532179974,52.90789277449519,60.413758596200175,65.63400239985687,52.802098519079806,47.6355720731187,56.33265647281336,56.42225911062466,50.56792286140973,58.23240703210411,57.968232088139125,51.996124908374256,52.31058242180049,55.01452775459139,56.8459226686743,56.205213813344116,52.53104998752556,56.70480461128974,52.74449077532627,55.22893429009655,57.42462624121782,58.48158359651302,52.44788980035154,63.59328041670374,55.19874608341569,56.568439437087264,59.772892262229476,62.343263048289394,55.20884329195893,51.594414340671655,53.701887512033096,61.03632054520218,52.82636467313423,51.03020499084151,59.76044340965423,60.97595452306412,49.836099679800284,55.46809094492067,56.35371835343772,52.66098328956823,52.57662312917268,56.74138347867977,64.7904725159609,67.63972094019994,55.23921150041883,66.42339271410486,53.006726389626,69.092516377907,58.99499075545218,62.95615538791802
1610555606.65jCE4ig8Pu8kvAzkxnSGfWsV0nQBjCf8H,35.412703292669114,48.84194575101122,34.56315132949571,46.07846085076092,39.92950432728587,44.0631434630527,40.6534860656003,35.561468593009884,37.94777633369548,42.38542588263382,53.89959920569211,48.063582623743564,50.63975516197963,40.06277329695361,51.53579116440041,0.0,62.32317318260306,53.97593939186128,44.19134923861323,40.5924691019216,51.022323074225646,58.673761091925115,41.622127029581364,34.990220587130985,46.27957932436642,48.15284795330912,38.83748900224642,47.74884375208009,47.48364152130433,40.72941712229589,41.34379455354443,44.91555956807805,45.89264495900393,39.77835870110776,40.190106512449624,47.06616447168747,43.36414906153943,39.39793033395502,47.65761598767216,49.53910384404053,43.861976983080815,56.89720168288881,48.9887005764536,47.24516891388737,53.64569693797306,54.08707310095926,44.726158634260386,42.11388073360957,41.43626420757438,51.02715547855595,41.679564705086655,41.44663417705147,49.54753851948711,56.68964064538771,37.23211111803139,45.098506289495354,49.28020142704977,40.22979272339426,41.43585514204243,47.27373334007326,55.29008658984805,60.06557861257984,41.84616894896633,58.30184981349989,41.23769367691354,60.12259416900296,48.35540373595748,51.12664837329974
1610555608.18ONsBCVo1i7BrX0XG9stct4oiA6ejX9Oz,59.61780436893266,61.43330666036604,59.092559985035464,63.38117459263211,60.91779087088262,62.6595432338945,61.667432310816885,59.56749023981291,61.22283583694399,64.1911519596762,63.364719759161424,65.00874214891597,70.19978833529564,62.34293159593972,69.1532267638564,62.32317318260306,0.0,65.10634676074982,62.926431247919744,63.13286331542811,67.04455036367688,70.50247347861104,61.51492773871964,59.46408849274833,63.81036516584025,64.16504296862696,61.12966886016557,65.8841317378653,64.39469197011225,60.26489395569421,61.48419164901377,63.084855726441795,67.25454836644563,64.97516977565894,63.873017674882966,62.95373767966499,63.68932138512513,62.392493965146535,64.00824227264316,67.88243157915737,64.39318033489353,68.50941902250773,66.92829936397452,64.85031544325578,64.43814652586325,63.07100373293757,65.22502463162458,63.129705551848595,63.129995173267645,67.65389597264516,62.67340609723719,63.08667782292401,68.37071008136799,69.0821149225406,60.97501834759782,63.17937267762869,64.05947789797787,61.88561996032915,63.108855511641096,63.95552122428582,72.3728449472989,71.73862494783617,62.28966353457118,70.38288442436026,61.9350992317458,72.98242148516873,66.46353311752013,71.467297206916
1610555721.51RNoQUMP19FTMS79BmA3JkgSm2IC2AQuQ,48.782035500019866,26.523738217112577,49.1298226621089,53.301818095491726,52.481496846168845,52.878470755831955,52.30241829262058,49.21605215095425,50.882216779162235,52.75759285300401,59.37522158576263,46.18296111263428,57.64570216016311,50.6941639836347,62.316047164268085,53.97593939186128,65.10634676074982,0.0,52.95267697758184,52.76647445587483,56.512983592059705,59.21333077063025,52.57155813198815,48.173747607997015,55.561033551852816,57.33240653155613,52.12193743703422,56.517258651386506,55.994166134394284,50.71345068439217,54.11500880563469,54.22414996184107,55.51042543992861,54.47140804097142,56.21926239466424,58.52936713968114,55.65990013956317,53.60804860142759,53.926383103152205,59.330455654554854,55.497176463920205,62.47075930954139,59.087781943739266,54.557582778817626,49.959838698766596,38.02248930657586,56.446637724728355,53.17030738312012,51.89115242868157,61.527700945229086,46.1376805736572,53.192163763186514,60.242547546724666,64.6613357698394,51.53425704079992,55.028814503042604,56.30008877672099,51.74567687891889,52.018771671493894,55.08743972140877,62.700169616700634,65.8362079598782,53.15483734170561,63.17626601569021,51.93428198780168,66.67899278349554,59.38028178027211,61.802139640098325
1610555971.86O0cHB2ibBJ8jxoObg01EpGe8VVV5mpwn,38.47437350308167,48.7001344664716,37.58430147378441,47.75024776606738,42.24210535292823,28.420260302983543,41.172764274137016,37.81286327979092,36.49510216513306,45.48667178105771,56.0249354280647,49.65819709413778,52.792334453663244,38.95349518280877,53.696554532179974,44.19134923861323,62.926431247919744,52.95267697758184,0.0,43.962490441896115,53.53655152888372,56.37537530728123,43.190397684234846,37.438059368941765,48.0287858469523,39.73604652586618,40.806302387338526,50.23180943404576,50.84822306504934,38.93604060467837,44.16914510256444,43.50333737593047,49.990958704584706,47.60936674799945,47.13741553047794,50.115225647295375,46.17967496782756,46.55175704652082,49.23489280418893,51.352180239905366,48.33485439876123,58.51453502580726,50.94305567266771,49.11260980549659,53.8552950717582,53.788707022110515,46.884937170393094,42.73797828177698,44.69006312417383,53.009609956571474,43.990487037520005,42.24577090279613,51.864568144274756,58.2464393304429,40.803183282046724,46.210354577092495,50.38568105932546,43.76403198433639,42.99366266308436,44.793647388828234,57.80386617645205,62.263153601174594,46.62467188906265,57.381186978278734,44.74260001788256,62.050314111483594,50.20658552111746,55.31622346056722
1610556911.51zU3duZSGpcw1BDNsBLxdOCITAXwl6z3i,35.177986624213084,47.403808474700426,34.06244866906966,45.473736678908516,40.699160298365605,43.95758221545237,41.335323869526825,35.1010549253521,37.68382971153298,43.17334553351298,55.14688988361996,46.836449389449804,49.1175685937379,39.37904925222682,52.90789277449519,40.5924691019216,63.13286331542811,52.76647445587483,43.962490441896115,0.0,51.22843742302788,57.93438912689121,41.48787588970518,34.749124744550215,46.15754816828096,48.0104773198443,38.70479402190397,46.684743497414885,46.87051693806558,40.538558530816054,41.73100083316584,44.86821865106983,44.22311337865891,41.318985242214744,45.16948333517202,46.632915910211686,43.741012735816696,40.17214832338076,47.82841497731009,49.35612587496587,44.881446755518546,55.654740001981494,48.783514751360585,45.218631266861735,49.55536610898115,52.963390528239316,44.73152113752917,42.04708306597848,42.384104032495635,51.702331996123014,40.504299765503596,41.23817530380553,49.800260747653624,57.4467443151964,38.08747891160971,45.11893538836984,49.007198922406175,39.743278901257405,40.200582699574944,47.17739425534374,57.10850611310041,60.07125969771175,41.13045594641188,59.282125521165064,41.13984897701523,60.508723033450686,48.82377149370897,54.925969509207356
1610555988.71dMoYT8250UHHJGxgmITTmbHe7V6gH1yU,48.12775450620436,56.43816296822627,47.492041149793394,53.91580063996402,51.312116696867214,54.25845840785794,52.995226784067924,48.05882343047386,48.924451189829405,53.380921892010406,60.3925348238856,47.04236883643457,60.28895915301108,50.886635074105726,60.413758596200175,51.022323074225646,67.04455036367688,56.512983592059705,53.53655152888372,51.22843742302788,0.0,58.69627312766379,52.84301575911072,47.91593730645417,56.057343553821134,56.16958003649282,50.52346516295582,56.79776003415204,56.385396015708324,52.376653639985136,52.77291023508259,55.18017494667523,56.35498084259479,54.64004252403205,51.44206568960676,55.882680751928824,53.79368443890547,53.78060787699823,56.89759187150675,58.72041537783996,55.0435027938856,60.565798936804356,57.70013979226342,53.76446490903527,58.68212677224646,60.27514042992056,54.838708720231956,51.63364391009756,51.37545518599885,60.1656682440972,47.13074244603743,51.83242080119934,58.89350589347136,63.33387703543197,50.02145970019574,55.19643400182414,57.50490985233754,48.34427366140411,50.05991231558711,55.38150473860733,63.663651541738496,67.84691770644797,51.671267304196945,64.8737411152505,49.88471448563509,67.8702734990622,58.33084330549407,62.03783092675844
1610556042.81mlUZsSp7gbGjrp8jQSnybT1gPy6e62o1,54.38506155748295,58.674955014623485,54.61477132626787,59.145138134276294,56.84833199685119,56.75812441177029,56.74053572154003,54.54427918977517,55.956780397243996,58.77433750296459,64.69614944917276,52.34694907885403,63.82508652382407,55.27470099693095,65.63400239985687,58.673761091925115,70.50247347861104,59.21333077063025,56.37537530728123,57.93438912689121,58.69627312766379,0.0,54.51581896875401,53.81216270440694,59.24475277448037,59.611370166244,56.83784469207069,61.834463591552414,62.10472238681608,52.78152484977117,59.23901359230926,55.00435725565597,61.441975979879935,60.6165067561256,59.94690474710788,61.830068541310055,60.38189005688156,59.84497632879351,61.22224409939244,63.33196741377703,61.8718824149677,65.80256159036578,63.65959469105734,60.15474034736738,62.045305431518,62.47425069252293,60.7448338321163,57.19106256930863,55.45837503184328,64.28346250257029,52.638528889941945,57.14585172684518,64.71560453970231,68.56728291695055,56.98148718993242,59.90521335625563,61.44704217907499,56.015734043595565,54.667131572844546,55.68033673802677,67.37065454822353,72.42786791641589,57.04232388673214,68.05980015118598,56.7717951284149,70.16697908131398,62.49978058970037,65.33144449768886
1610555637.02UBW5nKvDyUrKnaWcYRGajZPxTRDS0q3N,34.89469302241463,47.28288738201713,34.03984918922166,46.42073356263357,38.408521600156995,43.297542592045346,39.36519308493252,34.8175706440053,37.49452065882456,41.84805559299659,55.13976701942951,48.66252784299386,51.09921847343226,38.79550191773015,52.802098519079806,41.622127029581364,61.51492773871964,52.57155813198815,43.190397684234846,41.48787588970518,52.84301575911072,54.51581896875401,0.0,34.29596539262393,42.757266907673554,47.07020675144066,37.485106881377746,48.62402982114625,48.544394611134486,35.598558332501526,41.309330345645634,40.53381379596985,46.72328362349806,45.412903391755094,45.68631248792106,48.291976216096714,43.723422893032016,43.4757015000396,45.58029227032189,49.181883668995575,45.968229868391575,57.24482473877922,48.59585719972082,47.01057659020244,50.902804422333794,52.461160768833025,43.42351228938597,42.144201924267435,38.784815293890254,50.10996027968228,42.07306649219865,40.33211762673739,49.59538932695095,56.97065085677719,38.019844780136516,40.56107765898411,46.780179125114834,40.952442634384354,41.5277905306466,42.292532812769956,55.11767256482139,60.12996032261918,43.33756895250075,56.367069788090035,41.73741695574043,60.179759016091964,48.19827457697218,54.84455458394345
1610555619.13oUYNikU4facCTpUSiSLr0vPI0tJLnXiT,12.623734320250236,43.21278837206909,16.120710746953012,40.39278441086602,33.05528170720915,36.78290143199094,33.44086528308008,16.940325751781998,29.082517620684225,36.56381470668591,51.030340949524344,41.94611766537535,46.83036822456128,29.848133758729414,47.6355720731187,34.990220587130985,59.46408849274833,48.173747607997015,37.438059368941765,34.749124744550215,47.91593730645417,53.81216270440694,34.29596539262393,0.0,40.08247406807619,41.68046433615084,31.005074891258804,43.05750759792632,43.12836378818127,32.4602084076836,34.873434247584235,38.01198457659438,42.03773422099627,39.06348650522325,39.69057911654988,42.92867592892682,37.63649326733912,37.80027363723021,41.81789927710639,42.82283054090421,40.12310984430884,53.10532810602855,42.9111905423565,39.462249909589744,47.7068417780825,49.28983280081586,38.50883913395185,35.39680346020459,35.553579044197974,46.824496420944016,33.62899332852313,34.11491176560546,44.18543136639671,52.53656165320044,30.393698933796262,38.72011286374664,43.57542731825153,34.37724715097389,33.738483402832856,40.515092870345114,52.26349152560627,56.79515409960425,37.98433029023687,53.88341850024436,35.5426464176084,57.67697561504235,43.23848408211776,50.09113870908406
1610555721.03nzkucfjAUh31zTbmCVvTVYqtjoxZFnBh,40.40450482139021,50.663243521810884,39.54797887226232,50.534178034225114,43.887225955084304,47.44456779231663,44.719843707780235,40.31630314323399,42.64837702276681,46.551175994120925,57.80235384318055,52.385761058085414,54.97522502034371,43.50526170783339,56.33265647281336,46.27957932436642,63.81036516584025,55.561033551852816,48.0287858469523,46.15754816828096,56.057343553821134,59.24475277448037,42.757266907673554,40.08247406807619,0.0,50.82763530148139,43.550225246722746,52.07347454354268,52.66351958933042,43.070724227832294,46.211319215593996,46.95252197729783,50.982837789816905,49.71201428190784,49.76354473383909,52.229904405497734,47.983999943170915,48.02354024025807,48.25380626829674,52.757077119620504,50.53175868418072,60.094721310270664,52.10463404409501,50.97913952505122,53.989577768397865,54.496947295198254,48.36101534060381,46.763002917280716,44.31134542353576,55.13885632298725,46.41340117155122,45.07749125107246,53.24741953876411,60.05919466295905,42.77277948709473,44.89904972036529,48.38171476348389,45.7980181461669,46.00295416948258,46.10794374471973,60.02854711842312,63.2413153288701,48.19303287930562,58.25548728336059,46.6801583337237,63.202061023822324,52.80791902717754,58.070280282401136
1610555722.67fhKURdXVzRbLIjXmjRwdJHTnE7PWb1AE,41.83477499369169,52.78831137588184,41.22352026255929,51.69085362666589,45.72684005740768,36.001276467278,45.711464934822025,41.79495537937697,43.98409826976977,49.44709697498012,58.83849593783704,53.39775003040161,56.34087691174839,45.04595478085893,56.42225911062466,48.15284795330912,64.16504296862696,57.33240653155613,39.73604652586618,48.0104773198443,56.16958003649282,59.611370166244,47.07020675144066,41.68046433615084,50.82763530148139,0.0,45.739755921985456,53.506976488747014,54.12456981110067,43.823219447010096,48.09364369439524,48.139333347807046,53.625682332576766,51.4649443056496,50.96730992779859,53.46200127899934,50.04689931999024,50.332689379559405,51.85076492348005,53.82514592102279,51.85575833171078,59.909890676638874,54.07069733674148,51.04395421422263,56.88475008988559,56.74719717133479,49.21549134223806,46.85871437727638,48.71393752981564,56.91320718969935,47.44753183892921,46.015118641748614,54.318973799631095,60.789065698295246,44.98893829609337,46.95465716020279,53.106522254458135,47.615042574929554,47.24687063186862,48.07411368443105,61.16656359465334,64.8212257995277,50.409183928499075,59.51850860728533,48.734701943568844,63.98120278392177,53.68605689690776,57.37657215701665
1610555638.39J2ZWBLuLTHP0jOlzB4tNHmYeijH5g5YJ,31.75041403473921,46.92587326133623,30.809834180223646,43.09429144084417,36.83262897971859,41.00750434393533,38.02463199821985,32.09183694403758,34.513950025286846,40.519072594201596,52.25309197351527,46.32862725312938,49.92715891031872,36.96757073084288,50.56792286140973,38.83748900224642,61.12966886016557,52.12193743703422,40.806302387338526,38.70479402190397,50.52346516295582,56.83784469207069,37.485106881377746,31.005074891258804,43.550225246722746,45.739755921985456,0.0,46.246712324898105,46.6361643043645,36.940000855523145,38.206104994502,39.56783507609616,45.51299746386901,42.90339118599682,43.25799725696564,46.03709211962047,40.880877908607054,41.55317165958429,45.39205738826235,47.19146611115937,42.773673967724676,55.233080237781735,45.95374417265216,44.78364129149845,50.591215210384135,52.34721826745968,39.50215025437062,39.63428462714855,39.76271959517414,37.217994460232724,39.29883801803284,37.820511445340045,47.43453095770104,55.075496390933466,35.100064358759134,42.54553566443443,46.54980346447281,37.604804071169575,38.782512580424246,42.961971430842866,54.46576133293341,57.45145877160043,41.688095499868,56.62449366371468,39.69493056437092,60.35230938824506,39.38882090274809,52.46328569964051
1610556032.17Q6yCDx9g7alRnL9jBFXD2JhhUyB2hKfJ,43.229125148499776,51.20442924200372,42.53489708796105,49.07151907876586,47.07282800755554,50.19489946841935,46.80888907176971,43.49903359979748,45.15965099091261,48.96348232373686,58.48739768858622,53.16655962385346,56.30014980765738,46.987061299133536,58.23240703210411,47.74884375208009,65.8841317378653,56.517258651386506,50.23180943404576,46.684743497414885,56.79776003415204,61.834463591552414,48.62402982114625,43.05750759792632,52.07347454354268,53.506976488747014,46.246712324898105,0.0,53.01680765940853,47.56691419667731,48.88419329765913,51.25394503923322,52.07088396073504,49.44633696897624,51.32112937745994,52.12846070490057,50.19795575716417,48.57941522053446,52.64721983144629,54.34747605831234,52.4241716967507,57.32039957238492,53.90329492525242,49.00824282016252,56.10978033831298,56.06278564392046,51.049506132240246,49.24289248096346,48.09982526737293,57.059450286880825,47.355519900393716,47.43174416464579,55.35136494015839,61.63960176808079,45.639700680462454,51.48883808258845,53.632782349556976,44.546290326168105,45.71060937855374,53.2449484279343,58.504171626952576,64.98247322542578,48.360190046400945,62.107504356281126,47.547576574907445,64.91385083615788,54.72970360814251,57.596160980422766
1610557007.49MyVgDnuUuBxrvL6SGOdhKf69VYlW1MSm,43.5978689078794,51.79523882659638,42.90084606892287,50.970889372898405,48.04916834423478,50.83817975373999,48.25767424436699,43.377346223211404,45.78777027568697,44.84353557950136,59.510694512585026,51.97605298663008,52.72050313504273,46.9579362984382,57.968232088139125,47.48364152130433,64.39469197011225,55.994166134394284,50.84822306504934,46.87051693806558,56.385396015708324,62.10472238681608,48.544394611134486,43.12836378818127,52.66351958933042,54.12456981110067,46.6361643043645,53.01680765940853,0.0,47.72815409809255,48.790124259985674,51.636479309749966,47.93255875650602,48.23332217693952,50.63780634593915,51.11476525898397,49.498991387381146,46.02955993322886,53.64650110404419,55.461928603075464,48.39183635592465,61.16246062101843,53.82342079439583,51.80700583457466,56.027779320922,56.624828707691286,51.496505509323455,49.63584220870546,47.790643432332466,57.37064640253836,46.68891425971907,48.794224621619534,55.49869231978286,59.94325442823705,45.21274639229697,51.54970694963077,54.925712631414925,46.0422536974747,48.23332339048755,53.33829462986943,59.672377846071186,62.090694511213194,43.13256463855337,63.49181480299172,43.72358461421036,59.05127196188496,55.039109249275924,59.444281289838365
