,1610555604.25mOvVXuL01OCiReyVWBfesjuvXmB3MoPy,1610555605.43B6oDsBtWRQ29Q9UMQuTUEPZy3FSSWXzc,1610555610.92HPGJJSmyPM40z7otPBgHalNrHFA7zk5d,1610555606.68LaSQbm9EHAFycEfFtEqAwYqlBsQPjIRW,1610555617.19EKxMEwDHfXiEJZc27TsGoERaD6Da4BZU,1610555722.52PJ3FD50MGhRXyUD28vluU8Z9UjLJLZn4,1610555617.52Ijr5puT55g9apK8auM7zaxa3NANg502t,1610555638.77ZLjTLkz4jYJdFMI2wWBztzsDILkoOtAk,1610556912.46C7tJPLF0XfNnm8f1820X9aLmXMHoc0Dw,1610555617.51LjzIROg0aeCP2GhDcAVQ0LipKJB9jmKc,1610555608.17OpjjHobqRkX0UPcaXrbu7K6L3805SZri,1610555721.82zWeNZfGUUfRJkgnAwlP8VMhPzXctnSd4,1610555735.75bom85BDF0C7W2eIseHeMxi24qR68nzMi,1610555735.77NnT5xqKnwcf2BbjIekeb2arTQj6QMNwk,1610555638.33wjf1PhdNaoWfbRzXVn50hmFyB5bYAiLV,1610555606.65jCE4ig8Pu8kvAzkxnSGfWsV0nQBjCf8H,1610555608.18ONsBCVo1i7BrX0XG9stct4oiA6ejX9Oz,1610555721.51RNoQUMP19FTMS79BmA3JkgSm2IC2AQuQ,1610555971.86O0cHB2ibBJ8jxoObg01EpGe8VVV5mpwn,1610556911.51zU3duZSGpcw1BDNsBLxdOCITAXwl6z3i,1610555988.71dMoYT8250UHHJGxgmITTmbHe7V6gH1yU,1610556042.81mlUZsSp7gbGjrp8jQSnybT1gPy6e62o1,1610555637.02UBW5nKvDyUrKnaWcYRGajZPxTRDS0q3N,1610555619.13oUYNikU4facCTpUSiSLr0vPI0tJLnXiT,1610555721.03nzkucfjAUh31zTbmCVvTVYqtjoxZFnBh,1610555722.67fhKURdXVzRbLIjXmjRwdJHTnE7PWb1AE,1610555638.39J2ZWBLuLTHP0jOlzB4tNHmYeijH5g5YJ,1610556032.17Q6yCDx9g7alRnL9jBFXD2JhhUyB2hKfJ,1610557007.49MyVgDnuUuBxrvL6SGOdhKf69VYlW1MSm,1610555638.44hjT5hbYdKoE3MB6hijrjqbjmLgvCUYKD,1610555608.13zUvmFSCRt6SsLbhqFznMEvGx54GPGQzM,1610556038.62a5C4ynd1AARyAhTv8a58NCqHvXRjscqH,1610555644.45Xse8u7pusHNsd7F3d0A32HXvXr6weOJE,1610556038.62gKXOCG7XCn55eJvyl5voNjbwOW0znQDq,1610555987.13v0oleKK97pkesp6oMgprH8SoSdoDVdIO,1610556964.96ZLLeiQW0qpmxhPGTg7K03fmzkqsC2bjC,1610555987.13VQlEedQ50VvkPMEMzZDv3KNnQCewykN9,1610555982.186TY6MMGkDecIN1woW6vsfAMXVV7jnyjO,1610555982.673LuMndkwkvdmZOn0MmE2Pkidx0FtNalb,1610555733.38zItcuH7gHNfKdALR2d9Nek6bxCyw36Vm,1610556034.15BQxSbZINGCay0yp6RBVlgcPrw76Yn9ON,1610555639.37BPZpgtGml8qUsh9AdV4m32jPLfI2aNFq,1610556965.57S0adAalhWYe6K3bkZU0bRHbqnDK8gGkR,1610555983.54zteLPCMjyrjzPdhHhlZr3faCgD0TfYr3,1610555987.79rHnNRmt9a0ufmnwCvZqBouyUoZDNpylW,1610556960.041xWER61rmArlsKfiMl4frikWmUCnQ7op,1610556035.13a7NHZDutfTMJ88qle1gTYY59Dr4WmMsj,1610556890.456ZBDaY16bMtrTZTqAgHl3wq1tRxzqDow,1610555760.24e6890pkbyZ97Or6croI1rQgjkSsR0yVt,1610556043.02YpWMIJg3W004iqlPyv8OcVAZdSC5rNYw,1610555987.03z05P26TLtONYM1HSzupoc2CeNMa6HTqr,1610556032.15OYCzUxpsz7b10AXBAuDXrvEcvxFhf0M7,1610556032.63Z80yI9pNwS3jSmsDABbuhf8wkNa2Ze9y,1610555736.28eGuESasTXdR3SqY6pHhEXWZtcdciYLCO,1610556034.61bebeZA0MkaFG2sm3VKiqrxeqQginTTW0,1610556944.5XwXOphKYT3ZkWA8gViqOS97VHVuMVUqb,1610556944.745UVLFBzf7fPh4UH37I6tYQOFPqRDytEh,1610556034.63XsUwaFaPZevO1JNFjfhvY4aKNFnV4noV,1610556964.89xwBHw9faT1HjQRMNQEyA4qJ3hWkwgj3k,1610556966.74DydzH91jtyvRyYau47JpVkZoMRSNTt01,1610555740.77UueVziDbaXyRR4OcVJIIZyzOfAzN51bj,1610556046.84e3vwjyRCzqz0wJQhrk8zsxlFfFSv98Df,1610556137.99eoPuVrDThKAOvmeprLPb2FWRqIhzUodc,1610555740.73XFwSrmTXJPlaxGZSefh0jOVA8PI3III1,1610556123.88AOfNaz9jSnqU5Czc7okOv1RCrYfKFBTo,1610556046.85nB7NvyoYQeLcOV391Lmmut1wAM8CFGLw,1610556123.89H4pdIAzDthI7bMXMhlIhKUYIQIvtmPPQ,1610555740.87GOYQUJKpkynIS2lFqppYK4b32ol7NeGh
1610555604.25mOvVXuL01OCiReyVWBfesjuvXmB3MoPy,0.0,90.85865448552549,29.30564399569575,86.74228192904118,58.99626745539895,75.17571256762587,58.0321480240352,33.69386725579623,47.44382920999613,77.0765148168396,94.93715021134767,89.90208425442677,86.46155194809566,48.811241094052896,90.3738325865046,83.02917846100355,98.17113161094781,93.9786776143078,63.448329249200036,80.57485996670934,93.42599055391538,96.31468620466308,69.02301297176699,32.744432050698364,83.73544890669636,76.72299882405933,65.33935491580023,89.77243750301012,89.86860364556082,66.948346216341,76.84893956516567,68.81068309236439,84.36846318604864,87.94169272906784,88.02726050251759,87.31521149374693,85.21616036079563,88.37584939617851,89.71926237780814,84.44448001523754,84.99775956292761,97.2612340977422,86.252610885284,81.90816307723348,94.63136165504439,96.18958452463512,88.17172929653948,74.16392867168582,80.02866419690778,87.1123918646017,81.33447462779147,73.06760318737541,90.75596238295935,97.79914002488205,76.56640292489712,77.89878776288582,83.11998660630351,86.95630744951605,79.61935192378958,79.74881085156525,97.83460578927414,100.98530189012307,89.13067699014518,95.71234563771706,83.43190007590286,99.48221280445594,79.6999172311987,94.8459109340219
1610555605.43B6oDsBtWRQ29Q9UMQuTUEPZy3FSSWXzc,90.85865448552549,0.0,92.5518715614692,71.12780269800707,90.75725105609122,89.28383489804348,88.48603995177137,93.13349958243653,93.51825140120734,85.85986246172105,80.1536957059805,89.12665396205114,86.49107480200658,93.26165141978242,89.91021692087499,90.08268360200643,88.62316409232514,55.34708010029724,89.19948507499693,92.43472637803012,93.84644033247237,84.07232625131545,84.7775242066435,92.84863016148144,87.1565660209502,92.93884362976132,92.19308300613632,88.73518156104745,82.90970504550586,80.89778347398979,91.40634859056192,84.28911406986252,86.7421195744123,81.18952279875582,90.89046979558142,93.81968069448708,94.05865816087744,77.54098562435225,70.61406133937247,99.34452831334454,87.75044466698293,87.78354749166077,94.88942871516987,80.58515671542919,65.8473331378822,54.55975720389302,97.80601342302894,92.22105619389966,83.35988745555537,99.46225278186809,88.2480444011,93.94829344826407,94.74877945087049,84.89365315317077,90.76196084397368,90.47379776236542,89.36402148414675,87.79311995763459,89.00322881008721,85.09313775025636,88.6254881535869,90.18736360386005,83.91509384144186,91.51116455806104,83.04210459115966,90.88366497871573,95.84092522253636,89.07512751066783
1610555610.92HPGJJSmyPM40z7otPBgHalNrHFA7zk5d,29.30564399569575,92.5518715614692,0.0,86.1464671594872,59.498356604770365,74.72089177717476,54.31755582180679,32.24014435531289,47.63551153422467,79.33188903611526,94.31918900103601,89.65606152385848,89.08249621497713,44.05446102760809,89.67490664346488,82.65325430827825,97.57096248563815,94.98473439956175,64.00990210514168,80.1235360065227,93.11097492374269,95.75845081336843,70.25993713404509,31.965165697995932,83.39752815042777,75.76455469559333,66.11904291975577,88.93000056610413,89.60805439293227,66.30816266358275,77.43937223982019,71.18652448548879,86.89919937814219,88.95927647899533,87.89436684819647,86.835109837594,84.31260915591554,89.73884958288666,90.8138445107227,84.67922361394828,83.73201407902077,96.8472482992241,85.66573069318426,83.7554878267776,94.4796226223345,96.28926298064397,87.92026259271378,74.85596996857787,81.69759669606981,86.71505280116106,81.60537353239602,72.452764230981,91.30126272228873,98.37782168266122,75.95085833162112,78.20346142828782,81.9182340826554,86.44063663106465,80.14302348123894,78.16102652170318,97.28590548001488,100.53474712180092,90.44869499329812,95.11345376186402,84.35105492003017,99.1659972912852,79.8685075050554,93.87789935038579
1610555606.68LaSQbm9EHAFycEfFtEqAwYqlBsQPjIRW,86.74228192904118,71.12780269800707,86.1464671594872,0.0,87.25742171135865,89.66613929287975,85.07936730737225,86.86178311147656,87.46647705313357,92.62527135058464,72.21602067113845,78.13018823650987,97.751634113221,87.27531279271703,88.78287746608281,83.81654337085651,86.23630271288708,78.92208442958821,84.41805402408,85.3298257992651,83.77011186586492,85.78019274235965,88.5335267131907,86.39193826901646,92.59902221864354,91.52098624233855,85.46590063197445,80.70244446542566,86.05626863097811,83.90248935012733,85.46483131620788,88.56420236732097,96.05248811083983,88.33188115840473,81.55814127799052,79.96461259055393,85.97997937599023,85.30858317899478,77.21294300027188,91.6941277573043,74.82065442947696,79.23374948329581,84.81797390753866,72.64689031502044,78.89924526571757,81.22153120602664,97.43058592464885,89.671838628388,90.19635107524532,93.81746151395355,80.46125366819116,86.44437081331542,94.52403344173625,86.33462562194433,82.38127359796724,93.41228358841413,88.66307162267596,82.0481530399081,84.88843027446329,90.54520523313546,91.44678967627517,92.19848430072756,85.15448875467591,92.71249643814335,83.35040160768098,95.27665490375267,86.41416049868869,90.04745755538318
1610555617.19EKxMEwDHfXiEJZc27TsGoERaD6Da4BZU,58.99626745539895,90.75725105609122,59.498356604770365,87.25742171135865,0.0,79.85076438465171,51.80611497939887,61.428916390668256,55.85263888638957,80.71895227678846,92.2778745320818,93.36041468258604,91.11406620659885,61.77556790785125,89.22271069019064,83.89373862382027,95.35222423275228,93.58654072684004,72.99712135086368,83.60458784748565,94.78135397883874,92.50287321487795,54.988231551686404,60.48341418389038,80.92037912903135,80.4700699369254,56.92714942866878,92.01115711911952,92.04029230498841,60.970095186753575,74.7732826170153,60.23653365826986,87.73409639795888,89.36373904362736,87.65466913380614,86.8877176399281,83.71664157147849,87.12213124994014,89.67149640247086,88.81880332012413,84.41103280312292,97.1331234888235,85.25788081163452,88.36550305777695,91.84272289587553,95.62890705705685,87.06560760487876,76.56816815812438,81.0625869807301,80.6007309737277,86.32799339841257,73.5227426402827,93.726703527653,97.48755360285908,75.56415379357456,70.8891079880455,80.63651351036584,90.33283295059483,83.78215325591111,75.1069847444197,94.81698497976542,98.62955454562446,88.12144463252261,92.38616571374298,83.09606176759785,97.40393971380813,82.97953168316731,91.98174789707355
1610555722.52PJ3FD50MGhRXyUD28vluU8Z9UjLJLZn4,75.17571256762587,89.28383489804348,74.72089177717476,89.66613929287975,79.85076438465171,0.0,75.34646083728592,75.17126935793853,73.33272943999252,89.40376986108903,90.15296824327567,91.3345569706825,95.88906113885628,75.69601031230094,90.2959463666329,87.21271015524262,93.60781608566029,89.33399252798752,50.18316432489053,89.61747980389407,91.55155580797518,90.70816972948884,76.1963180771582,75.31679769551269,81.39257777860513,36.11696013996392,78.69208980195468,90.34680494633477,92.44203351974969,71.62830106643146,87.70021277153454,71.61988478628756,95.21340380792896,93.82145532693022,90.80030326697924,88.03911800384601,92.20666363197945,96.00355003497224,87.86216398783921,87.7111174124029,90.20718289290446,94.20794024705921,90.24357848120064,85.11729531052454,91.18992163867006,86.29213628539927,83.0101414638119,78.43199594872966,92.50444531764968,86.89902185693272,83.71725977031326,76.57060691515049,90.13870557800692,96.84420944046742,85.81098680714747,76.53922562424525,86.54784906949244,87.26973775775589,82.16507019386259,69.82277929995794,92.39056801929294,96.09971749053683,96.43026382038276,87.34234441982454,94.20966944211803,94.82379296942362,84.01136496236637,91.89074352150746
1610555617.52Ijr5puT55g9apK8auM7zaxa3NANg502t,58.0321480240352,88.48603995177137,54.31755582180679,85.07936730737225,51.80611497939887,75.34646083728592,0.0,56.73444834184926,62.043009243595435,83.00728001596119,89.77575124201722,93.85089326467913,91.65259738371427,53.09080635192413,89.03491885951145,86.40622500491929,94.11278217428371,92.08451641193659,68.3948451912277,87.16729631819904,96.55995315540756,90.41771377689001,67.38477067743572,55.66215176655931,82.23288928949663,75.56638273107457,69.41831221703315,90.66042755698409,89.15211716384054,50.39458435888719,79.01841260823902,60.36536935609422,90.65153887498779,91.75079381517318,90.06129896450246,86.54023339206415,87.7905822000638,90.36426654216145,87.66776970164331,87.3376948235876,86.43000708465406,95.94614477436625,87.22829711857749,86.0150418924123,90.86813465322271,92.64674724713048,91.71626116935076,77.83602619106189,84.15376554277468,86.98047310164098,87.16996269463891,73.84714744765128,91.93039419577806,94.78055330465915,79.21718963744765,75.04353603615586,81.11306327220026,92.41255403395938,84.70759810889501,69.92037810857367,94.01261088836979,96.63951234036678,91.84004015399705,90.24919864014844,86.17677519307743,95.85262770712124,82.5997993470352,91.15473285533751
1610555638.77ZLjTLkz4jYJdFMI2wWBztzsDILkoOtAk,33.69386725579623,93.13349958243653,32.24014435531289,86.86178311147656,61.428916390668256,75.17126935793853,56.73444834184926,0.0,49.66295159742437,80.25544757550836,94.62847635771483,89.16447815084544,89.89244092066419,37.250965288711065,89.98758931090062,83.2535857958947,97.53082200026718,94.7160578583539,64.61085344509297,81.01751638218748,92.69994288081199,95.5490984860033,71.90384969717978,30.05134737025246,84.28595389178096,76.13050302079456,68.01737549099039,88.97287288762732,90.68427641727081,68.16883126883991,78.45532484618317,71.5685929142862,87.80892000621097,89.75206476818087,88.0699639359161,86.64669638480977,85.45374823483748,90.34670510253339,91.36749511586898,84.69339622465039,84.58654711053796,96.38883159430044,85.79303287689703,82.24894995221982,94.98965051816118,96.75495278793493,88.73750497726533,75.54988587354633,82.83563402381144,87.81004343414436,81.0785825449858,73.14144956197417,91.83296293283465,98.59058242011216,77.1236588521597,79.20344170706365,82.33284636219224,86.86158939185108,79.6762034950223,79.55237830296343,97.19594270513464,100.84002001686005,91.45903869165788,94.7039770752145,85.54415328337643,98.85546942645725,81.23564900891542,94.19243317785431
1610556912.46C7tJPLF0XfNnm8f1820X9aLmXMHoc0Dw,47.44382920999613,93.51825140120734,47.63551153422467,87.46647705313357,55.85263888638957,73.33272943999252,62.043009243595435,49.66295159742437,0.0,81.29066948167882,94.36315054211164,87.85985446024034,90.79954284646412,53.63885460003291,87.27257305988219,82.78709075814619,96.77265267891553,93.82991917290123,61.07615825377914,80.91950115866057,89.90825641847226,94.63602967446867,69.42699526661501,48.13570800393705,82.79282183565235,73.95831491168742,66.19647792955078,87.68961837332685,91.10694833565401,69.49750399880386,78.4709645540833,70.71507139834962,88.036492428959,88.6914093255002,86.56566490297892,84.8217822564887,83.77939874960876,89.71828519964646,91.69673435919324,85.5192811568478,84.57222632114717,94.65198683664104,83.35825794738307,84.48951147775612,94.1152957441459,95.49128233376737,84.34442900389713,74.69516636810154,83.8181548099815,84.8329624966007,80.02545536875328,71.97750369213841,92.12623011343234,98.08120954223384,77.78033343350855,76.31573905935194,82.27652817650439,85.43194153636652,78.89838778665123,78.47794749713673,94.86569403541046,100.28390637850002,90.97226782244684,93.12381523134573,86.14635087221357,97.58489585957125,82.4538562760589,92.0659710758374
1610555617.51LjzIROg0aeCP2GhDcAVQ0LipKJB9jmKc,77.0765148168396,85.85986246172105,79.33188903611526,92.62527135058464,80.71895227678846,89.40376986108903,83.00728001596119,80.25544757550836,81.29066948167882,0.0,101.54695671257116,98.37108998503992,53.1222870295364,83.08894349956925,96.84754813372008,86.49793575103156,105.21771392917405,96.79157213079543,89.25826010317955,85.3365444510033,101.16044379840088,104.5050287311137,78.29386418580334,80.18391462429469,86.44179740065253,91.8061191577821,80.02066442156867,98.10201802147992,91.21354739837074,82.43104778663744,79.27572807385347,85.26169206200808,40.813615943419215,84.92554935445938,92.24256165187592,95.69601576307723,89.08090704357282,82.40644222185115,86.50486671442684,90.41054013511652,93.09513856583091,105.25921267336274,92.76881445124084,95.46446976205108,97.6943739253784,97.08647541462871,90.14932217521108,81.59205380362226,50.65274261103659,94.34421960044389,88.51235723528644,85.96509116267733,89.69879203836037,101.69446979845468,82.41388877747596,87.99968245533387,93.4490191511815,89.62678344900107,86.47714454017844,91.17031126151521,101.76081452928285,106.47511099826376,81.31490809432249,104.33739878651939,73.34988503527248,106.84421471781481,89.31899682218463,99.70644138615724
1610555608.17OpjjHobqRkX0UPcaXrbu7K6L3805SZri,94.93715021134767,80.1536957059805,94.31918900103601,72.21602067113845,92.2778745320818,90.15296824327567,89.77575124201722,94.62847635771483,94.36315054211164,101.54695671257116,0.0,87.40395941887292,106.73230013694844,93.58113953608816,89.51840199682867,87.96390047785516,62.21385126034354,81.14650215341393,90.1908609051256,96.27820719152675,87.90280461482153,83.37320391465967,90.04943777230213,94.36180317300214,86.5109636443113,91.00769988721015,92.60827759692339,87.87971932871784,88.53478003541808,88.15599532681215,93.67268822486787,89.68456076811812,105.61525797907798,97.14401553543766,88.63411848035896,82.72995629473041,93.77835238084582,93.40455025363903,83.43691620802262,98.6746865797832,86.96784436029432,75.40579690105895,90.21071693295751,86.99532324813518,83.42452326511851,75.55156858918734,101.5508126381776,93.7468798879087,98.31407615910075,91.4128535746807,90.58350296063816,93.58507537792566,96.04906965597448,87.26451006693385,92.17468041111215,88.20630096182215,82.28066068598865,90.82817401460879,93.19484354237451,86.30205199627551,88.75386843918918,87.26592978469482,93.08233407528117,86.30035791683058,92.03870187281386,85.3908028632989,90.12977495016432,90.63714275719498
1610555721.82zWeNZfGUUfRJkgnAwlP8VMhPzXctnSd4,89.90208425442677,89.12665396205114,89.65606152385848,78.13018823650987,93.36041468258604,91.3345569706825,93.85089326467913,89.16447815084544,87.85985446024034,98.37108998503992,87.40395941887292,0.0,105.5185855985353,89.82846283433105,93.3035661939437,76.22814336425041,93.77596830301135,78.47930045041277,90.92080010826967,76.39001640945293,50.19208730812701,73.85694117014266,92.99117516591403,88.69479493097396,92.9074057628832,93.13023625070578,91.10948010115214,70.28366850145954,86.30661084438738,94.22840367972401,92.90247923604606,97.00456343177316,101.7265038849008,88.15139371076151,73.78276018447195,76.44414743909543,85.73088488994263,89.19085570546767,89.84596188118319,94.61100186337248,81.43213282925167,77.19844743228215,91.13029403257725,74.43466639281777,90.08898452229072,90.6238773800427,89.58001769901004,87.95759961589647,94.85303734058587,92.09595493022181,57.47148964821219,86.27240975929024,97.11463895612607,92.69523918780254,83.8398642849495,93.66831043747676,90.02692951835296,66.88149957671126,70.76254312172708,94.56688455112588,93.82049184688869,97.16862976086058,86.17247601187786,96.28845856426781,86.11608838733514,95.72601390342442,88.60562593145788,92.94569748366271
1610555735.75bom85BDF0C7W2eIseHeMxi24qR68nzMi,86.46155194809566,86.49107480200658,89.08249621497713,97.751634113221,91.11406620659885,95.88906113885628,91.65259738371427,89.89244092066419,90.79954284646412,53.1222870295364,106.73230013694844,105.5185855985353,0.0,92.01376721474558,100.48578518171468,95.66614468176178,110.11819924647808,98.63539666560895,96.05442502187724,91.69687489940524,108.49769234026886,107.94541571968128,88.99999571336228,89.92409536085901,97.90049308834696,98.45051385106026,90.40695372239153,104.51455727814786,94.3885750480765,90.16791380737757,87.30426624456281,92.11150103098804,35.240820550162766,87.2977140959194,100.66774494861878,104.10827521838496,96.88139581665556,85.5716516516513,93.27416991106554,95.73259786864031,99.68883823243083,110.01853048319231,100.19172267755809,99.59972651606058,100.14209000658072,98.79273706498343,97.80517353870616,92.89269989671824,74.28696635635886,102.06805962655355,97.89007132334503,96.36502239144909,95.54771839665892,102.92490534820206,91.61446406166215,97.02594074069812,103.00433922619038,98.60003587568018,96.15272703223586,99.03928573459129,105.79985927140184,109.01806797390778,85.71268921992419,109.91167788096851,87.33944718319997,110.02755840013657,96.6290633383264,104.12523448824525
1610555735.77NnT5xqKnwcf2BbjIekeb2arTQj6QMNwk,48.811241094052896,93.26165141978242,44.05446102760809,87.27531279271703,61.77556790785125,75.69601031230094,53.09080635192413,37.250965288711065,53.63885460003291,83.08894349956925,93.58113953608816,89.82846283433105,92.01376721474558,0.0,88.9912147817339,85.06454420537607,96.37846497267998,94.00699101510503,66.44420253386673,83.48337680411412,93.60668969262139,93.68746041180106,73.17067795723483,44.428813028697505,83.95799474432253,76.14287036070368,70.85269418084289,89.62338094648969,91.85753901532053,66.2555021007896,80.62377133080315,70.48107440274892,90.64381192997256,91.94892312166073,89.35005482739973,86.90316087374386,86.55301077675378,92.30929271626373,92.22880797702311,86.06144710835807,86.07789777374288,96.16967893838739,86.50096765106828,85.43196353400833,94.07121777551883,95.56671266157979,90.1263679385926,77.48699452212682,85.29114827518212,88.82552951951014,82.63218288754965,73.9031806992358,93.18825502094755,98.91716332980226,79.51589525816443,79.72761770919044,81.33954013508024,88.69828952608813,81.28155723696081,77.2123675067964,95.88805229680509,99.79109815008337,93.80374912555284,93.110423886171,87.90914300136174,97.50072540787077,83.00764244003895,92.7696797184477
1610555638.33wjf1PhdNaoWfbRzXVn50hmFyB5bYAiLV,90.3738325865046,89.91021692087499,89.67490664346488,88.78287746608281,89.22271069019064,90.2959463666329,89.03491885951145,89.98758931090062,87.27257305988219,96.84754813372008,89.51840199682867,93.3035661939437,100.48578518171468,88.9912147817339,0.0,86.09144176129965,94.11396923274103,91.39525094106584,88.16691219244203,91.6644886557391,93.77677137784144,90.20367236785512,87.5152087337852,89.29974087104934,90.52819727278803,90.6127580823006,87.5123747157464,98.26126277053709,89.56813130747857,88.1480872432133,84.31542895006655,88.6287477550735,99.77842386260849,100.29371802395552,80.04933216001739,84.78047035452089,80.82716616913746,98.49808280431616,91.91311772267261,92.02172102981059,75.02120815308645,93.11801730816053,71.77490102376244,91.14241020373088,80.70663126693336,90.8148365141992,91.6254623334264,87.364868380083,97.99394685758014,93.14950679605283,88.212799721809,87.24578547900468,105.8445094511116,90.77143168637555,84.60089990320905,90.1124905093725,81.18785128155315,89.6908198615208,92.68903548604459,84.52826083586312,99.50295271906747,92.01878404720765,97.69299812415804,97.58242606332625,96.93764018980819,91.12331448457894,91.03279572205577,101.03455695441257
1610555606.65jCE4ig8Pu8kvAzkxnSGfWsV0nQBjCf8H,83.02917846100355,90.08268360200643,82.65325430827825,83.81654337085651,83.89373862382027,87.21271015524262,86.40622500491929,83.2535857958947,82.78709075814619,86.49793575103156,87.96390047785516,76.22814336425041,95.66614468176178,85.06454420537607,86.09144176129965,0.0,92.66593691352138,95.0709956763907,87.46709157552914,68.33072273711025,79.89746692739767,93.38186409300745,81.1260237933243,82.81404896340293,86.96767527076796,89.78841869279536,78.91367650633856,80.29411689624209,77.53652028101999,87.40282277313362,72.88486897925871,89.65779183895913,90.51141657278055,71.23584395300794,57.485885761338274,68.38458029594209,69.73048106215826,68.24220530755744,89.00071880924983,89.74986164229087,74.89678216798136,89.58623655777096,86.13485973991006,86.61613427460314,87.42929302411818,96.19114619738232,85.59029791484447,80.2178756002283,84.11293879047825,82.54916351715435,71.77045079405217,83.05526370748956,86.44326086854103,92.31472752473216,66.41956157721543,86.69465979818668,86.95191637507165,69.66927462223242,74.91261488251263,89.00952189474387,90.59555147945184,95.57332264275857,73.08524820815167,94.8233655411643,78.5374571479269,92.76611449327667,78.66373919026591,89.83493140871627
1610555608.18ONsBCVo1i7BrX0XG9stct4oiA6ejX9Oz,98.17113161094781,88.62316409232514,97.57096248563815,86.23630271288708,95.35222423275228,93.60781608566029,94.11278217428371,97.53082200026718,96.77265267891553,105.21771392917405,62.21385126034354,93.77596830301135,110.11819924647808,96.37846497267998,94.11396923274103,92.66593691352138,0.0,87.125777513737,93.93205106903655,100.90612222893508,92.86046999818427,89.52699798179027,93.79310033639551,97.32244424971589,89.81835140628519,93.14396154723866,96.47813017681261,93.61209429744444,94.80044083507254,92.18601106815167,98.38540241234269,92.9967830268044,109.33255639843787,101.43010639310333,92.31267465032246,85.8413749431404,97.43374537059164,99.492242074948,87.95115677666672,101.9410018333213,92.5437480248359,83.66922927027943,94.74240370451443,93.2511837301556,88.33710009795054,83.17376012899958,103.34498785803878,96.72189352026949,101.19152096403658,93.01346491746637,96.03435781411507,96.74887761230038,99.69178262688159,91.00423536916149,96.67208450874591,90.868142609423,84.1900269859698,95.86403615165176,98.16546435539573,89.93056966704185,91.48133275059227,88.01255476893465,97.75662181352399,86.46279162767794,97.10160365176077,87.06677705351652,93.4799133580969,93.31360760614908
1610555721.51RNoQUMP19FTMS79BmA3JkgSm2IC2AQuQ,93.9786776143078,55.34708010029724,94.98473439956175,78.92208442958821,93.58654072684004,89.33399252798752,92.08451641193659,94.7160578583539,93.82991917290123,96.79157213079543,81.14650215341393,78.47930045041277,98.63539666560895,94.00699101510503,91.39525094106584,95.0709956763907,87.125777513737,0.0,89.85305316981565,97.00761378824042,85.6383081779049,78.90020594937263,90.41256427925907,94.05296821804203,90.59166073382265,91.96608796751184,94.97021428019404,88.28822501329832,90.79554852979854,87.11739856595376,96.70808207009712,90.5037577293745,98.46443157660815,94.34256724665377,95.5619507972732,92.27700549805702,99.41826168164201,92.99969294517582,81.03267368959152,100.1107911195077,89.44160519002908,83.84861807056959,96.6669092385809,83.60877269118221,74.46351160941195,60.42528625242643,99.82145557309357,93.99162631425887,97.04874308382932,98.51428228740001,84.30646641214014,95.46798763320284,100.24671514238838,91.93187832687855,95.37869365713195,93.36032701776674,88.70048118817088,91.05770522013064,86.77214207659132,87.63275448760723,87.52670656655805,89.01113628063014,95.16209595902265,88.47715189057851,93.42901440530052,87.8878378907443,95.8782302376758,88.73800748851937
1610555971.86O0cHB2ibBJ8jxoObg01EpGe8VVV5mpwn,63.448329249200036,89.19948507499693,64.00990210514168,84.41805402408,72.99712135086368,50.18316432489053,68.3948451912277,64.61085344509297,61.07615825377914,89.25826010317955,90.1908609051256,90.92080010826967,96.05442502187724,66.44420253386673,88.16691219244203,87.46709157552914,93.93205106903655,89.85305316981565,0.0,90.06471396945847,92.940602659045,88.92230321895343,78.76458848265703,64.55087361017719,84.98441962404648,58.243257815430326,76.67960665511747,89.07320643964667,92.69301497758069,68.15068777792474,86.84315205241599,70.27508061260475,95.48098975341145,92.86145768294811,90.71236631077223,88.1527762280314,91.63209312731672,95.01977694219319,89.7028714199756,83.65779402075702,88.62199897935588,94.1325714575832,86.80345118310981,81.59611104537625,91.58251596549135,89.68477902077086,90.17163196610201,78.20454424721311,91.56181387729455,87.70824069478923,83.58284706805588,72.17020241171303,92.34765919373874,97.6708350036054,85.75471077458788,82.34946095064707,85.65858937856687,89.16379069091026,82.50336123624609,72.26181919053398,92.56745567772217,96.99927495986938,97.69128364370314,88.12823364536251,93.40594535123971,94.91185381895978,81.75440018575601,90.17024666728601
1610556911.51zU3duZSGpcw1BDNsBLxdOCITAXwl6z3i,80.57485996670934,92.43472637803012,80.1235360065227,85.3298257992651,83.60458784748565,89.61747980389407,87.16729631819904,81.01751638218748,80.91950115866057,85.3365444510033,96.27820719152675,76.39001640945293,91.69687489940524,83.48337680411412,91.6644886557391,68.33072273711025,100.90612222893508,97.00761378824042,90.06471396945847,0.0,79.30254659520678,95.03603810051605,81.12567304726355,80.82390971978361,90.8490000451887,92.08953904557136,78.17763973907869,83.43275308517238,87.86825980561646,88.69867279652993,78.64384729340638,90.82435469674958,86.69415014570258,79.94555596557218,73.66612004138389,80.17451698891243,70.27383377682898,80.96751239370191,93.89302012706789,95.0490958886087,80.27028463260332,94.32486439791919,88.87933510810866,83.80094664724535,89.65750048947649,98.77278896352054,81.95766260525414,82.30411524212018,83.90304478344693,91.15250907183699,71.39814078916415,86.15007287907886,96.44088927558013,98.36695637905362,68.25499162309424,88.46855167888738,90.83725149242437,66.73989748419345,76.0333847649736,91.86217435962726,100.69265709674801,102.0738178962939,74.3908858019901,102.130795739226,76.15917205466734,103.81182173712453,85.53012111668701,99.68451476549446
1610555988.71dMoYT8250UHHJGxgmITTmbHe7V6gH1yU,93.42599055391538,93.84644033247237,93.11097492374269,83.77011186586492,94.78135397883874,91.55155580797518,96.55995315540756,92.69994288081199,89.90825641847226,101.16044379840088,87.90280461482153,50.19208730812701,108.49769234026886,93.60668969262139,93.77677137784144,79.89746692739767,92.86046999818427,85.6383081779049,92.940602659045,79.30254659520678,0.0,79.39675530514845,93.80139630346711,92.26036985227738,92.56031051555053,93.14981065090008,92.82961825037981,71.62756247036269,90.4869231708175,96.61114747504482,94.62767952258952,98.21327725302842,104.61105438600508,91.5269738951239,73.65647864494446,78.8571636979293,87.30859978679777,92.42670768862938,91.90393454464419,98.79070817770953,82.99457555878467,78.32157864236883,91.5816468181207,77.94354510846208,90.33427151882614,91.16624743258923,88.94331301490918,89.58813166960604,97.80902990109163,93.0455697264096,67.20148166424161,88.89164081015339,98.32746383342058,93.98139675803462,86.00576931358317,93.21580572950505,90.27288570426927,66.27481696228911,75.81914138165801,94.73961060053723,94.24165275984215,97.15279435204016,89.40641841401245,95.86202324384725,89.51342778471692,96.81878059587756,91.86732925019842,93.78107423481309
1610556042.81mlUZsSp7gbGjrp8jQSnybT1gPy6e62o1,96.31468620466308,84.07232625131545,95.75845081336843,85.78019274235965,92.50287321487795,90.70816972948884,90.41771377689001,95.5490984860033,94.63602967446867,104.5050287311137,83.37320391465967,73.85694117014266,107.94541571968128,93.68746041180106,90.20367236785512,93.38186409300745,89.52699798179027,78.90020594937263,88.92230321895343,95.03603810051605,79.39675530514845,0.0,88.65470483780669,95.62313228200402,91.8453627837265,91.7522957046999,95.69914438966393,82.77081135216484,94.3445081765676,84.09628092489613,99.61546916267287,84.77286410823659,107.25624443483024,97.59644007526524,90.28133290090848,88.35105594723514,97.7137280182543,95.61338262979255,89.7697338585317,100.22939711318529,95.35207446740246,79.71513597167689,96.87106955805099,86.61418053648605,81.87779151758355,84.25495444153583,98.76478538230663,92.28101204350514,100.58987235421058,94.79899928870172,83.73048743953329,94.46706761173033,102.65643233369622,92.7385841291366,96.73398100039002,91.69995230500238,86.82146901988145,86.05365454949819,88.5200004637444,77.64309820115706,84.13895487657896,92.76124156811298,96.75014510945253,87.0108810863751,94.64270030181915,86.22896973448796,95.14027616390827,85.59514745130288
1610555637.02UBW5nKvDyUrKnaWcYRGajZPxTRDS0q3N,69.02301297176699,84.7775242066435,70.25993713404509,88.5335267131907,54.988231551686404,76.1963180771582,67.38477067743572,71.90384969717978,69.42699526661501,78.29386418580334,90.04943777230213,92.99117516591403,88.99999571336228,73.17067795723483,87.5152087337852,81.1260237933243,93.79310033639551,90.41256427925907,78.76458848265703,81.12567304726355,93.80139630346711,88.65470483780669,0.0,71.10039342124676,71.13012854071486,78.32222288042881,55.36582926878031,93.84705280200056,88.87439348464113,58.63253279960664,70.26840702856988,57.076566033616785,84.59329147458655,86.8174244399277,83.89157620942633,84.88074652654565,79.95103464631424,81.82702177186842,82.34426787465071,91.07567334091001,83.90560552599517,95.84731772432453,85.26502582264642,90.79040501036391,87.43999271020503,89.2235934138068,80.8681302796964,74.82855794411658,76.09077198081691,79.88400119854298,85.67058814152908,73.92102324984221,92.20253625177459,93.70560675218698,71.85952799642565,54.1177678361426,79.4283668560976,84.9857808357085,83.63848334669795,65.80502520896125,92.5292422826248,96.40870706195338,82.04226575895187,89.83020214504863,78.01542225428632,93.73064001131154,82.79945933512441,93.42848431883401
1610555619.13oUYNikU4facCTpUSiSLr0vPI0tJLnXiT,32.744432050698364,92.84863016148144,31.965165697995932,86.39193826901646,60.48341418389038,75.31679769551269,55.66215176655931,30.05134737025246,48.13570800393705,80.18391462429469,94.36180317300214,88.69479493097396,89.92409536085901,44.428813028697505,89.29974087104934,82.81404896340293,97.32244424971589,94.05296821804203,64.55087361017719,80.82390971978361,92.26036985227738,95.62313228200402,71.10039342124676,0.0,83.90561973507639,76.11521144377609,67.21383625857577,88.83870339083822,90.14769835196284,66.96251569321798,77.97051346151781,71.22072610269963,87.73612866929342,89.32000399739765,87.45119768290459,86.11272632116903,85.06316158640524,90.1148677639357,90.9461977668299,84.99428798125062,84.42736181092202,95.97318036526036,85.39289635489766,82.57314103275975,94.62399814237851,96.48480241744642,88.12409666376433,75.10217148894559,82.47942421502161,87.21154992164777,80.45515500131165,73.17195401782482,91.62008806211706,98.2589367386334,76.61238975041454,78.6841818474679,81.76176596424038,86.4153361773973,79.34566090316578,79.31676757834907,96.63868767017138,100.47064303063539,90.98697848709128,94.23104391555398,85.09892358532441,98.62836445650376,80.59617683430268,93.98629790728697
1610555721.03nzkucfjAUh31zTbmCVvTVYqtjoxZFnBh,83.73544890669636,87.1565660209502,83.39752815042777,92.59902221864354,80.92037912903135,81.39257777860513,82.23288928949663,84.28595389178096,82.79282183565235,86.44179740065253,86.5109636443113,92.9074057628832,97.90049308834696,83.95799474432253,90.52819727278803,86.96767527076796,89.81835140628519,90.59166073382265,84.98441962404648,90.8490000451887,92.56031051555053,91.8453627837265,71.13012854071486,83.90561973507639,0.0,83.93320420364411,83.28706301379515,92.62019716897187,93.02530114087168,77.60476206287981,86.50094260132181,77.87698707832779,94.07961294913484,91.86042462420038,88.09221930569565,87.54259341581039,89.1238421411325,87.48559880225899,71.47016043834843,91.90781547307493,91.26975577543625,93.02202443215556,86.18536594243476,93.54313156626311,91.29785926709523,81.86507577613838,89.74329095060746,76.03799324592713,82.356383720726,88.32648836284746,88.98229021024537,82.90182542423446,87.57628487638209,93.65452639554638,86.24726205235501,63.98884663840257,70.55524636238242,88.06706315330011,87.19772458589046,68.82593283377415,88.14597132358709,90.90531304235948,90.0174073738978,82.65489819240938,83.71441093407013,89.67618181945042,85.71363173321625,90.57330486137877
1610555722.67fhKURdXVzRbLIjXmjRwdJHTnE7PWb1AE,76.72299882405933,92.93884362976132,75.76455469559333,91.52098624233855,80.4700699369254,36.11696013996392,75.56638273107457,76.13050302079456,73.95831491168742,91.8061191577821,91.00769988721015,93.13023625070578,98.45051385106026,76.14287036070368,90.6127580823006,89.78841869279536,93.14396154723866,91.96608796751184,58.243257815430326,92.08953904557136,93.14981065090008,91.7522957046999,78.32222288042881,76.11521144377609,83.93320420364411,0.0,80.30357328444663,91.68171958108717,93.76208699321482,73.56165179131007,90.14854501226772,72.78324576578754,97.64794710773977,96.3238823227127,93.52625790410053,88.76290224595719,94.3022349030955,98.2772866875455,89.631497682561,89.32530909776655,92.27103208084601,94.63261230345493,90.57106379367694,86.84626908334799,92.82889237784964,89.29068537682588,85.14590383996762,80.56627824342175,94.76079560817186,88.2335324731611,85.98830910942637,78.95183639648195,91.96014485878287,98.06123626034753,88.55786386745812,77.87546325366785,87.33148234140839,90.04671975665025,84.58028640218186,70.62907289484838,93.11808242199889,97.65207950435223,98.97364724668154,87.60685731592513,96.51619354259189,95.2037137606685,86.26487279036552,92.30829079014232
1610555638.39J2ZWBLuLTHP0jOlzB4tNHmYeijH5g5YJ,65.33935491580023,92.19308300613632,66.11904291975577,85.46590063197445,56.92714942866878,78.69208980195468,69.41831221703315,68.01737549099039,66.19647792955078,80.02066442156867,92.60827759692339,91.10948010115214,90.40695372239153,70.85269418084289,87.5123747157464,78.91367650633856,96.47813017681261,94.97021428019404,76.67960665511747,78.17763973907869,92.82961825037981,95.69914438966393,55.36582926878031,67.21383625857577,83.28706301379515,80.30357328444663,0.0,93.54683012526446,91.14175662175974,71.89491025466576,64.67688493690203,70.26645373806126,86.73510260214023,89.27177576018877,82.93955853008954,83.95866563979763,77.54147991722041,87.26679576507323,91.0240274636045,85.32689212609306,78.82834833105089,96.70001223939755,83.91275042699105,90.88977993498303,91.69586845784981,96.56872526041174,82.69735550904633,72.74109957657964,81.13946229739896,71.78598243134398,82.29167645697984,68.20976921848911,93.55978936172173,98.31250006184516,68.98218046103182,73.19733622189946,84.59154807622652,84.34506007839325,81.4330470084853,78.35098603884855,96.76457414376966,98.91239338374457,84.22430176390533,94.81215683563963,80.28600506107426,98.95646624627483,71.07100708093809,96.62856122633967
1610556032.17Q6yCDx9g7alRnL9jBFXD2JhhUyB2hKfJ,89.77243750301012,88.73518156104745,88.93000056610413,80.70244446542566,92.01115711911952,90.34680494633477,90.66042755698409,88.97287288762732,87.68961837332685,98.10201802147992,87.87971932871784,70.28366850145954,104.51455727814786,89.62338094648969,98.26126277053709,80.29411689624209,93.61209429744444,88.28822501329832,89.07320643964667,83.43275308517238,71.62756247036269,82.77081135216484,93.84705280200056,88.83870339083822,92.62019716897187,91.68171958108717,93.54683012526446,0.0,88.64827474984453,92.53773373744866,96.72570669484409,94.63467694744594,101.80789248612169,81.13821628167744,85.0992332463309,82.0666624973756,91.73983714793562,85.86208914052405,89.53365295014554,92.79157151338929,91.38275031016953,76.21914160777216,92.13803649379895,72.5755885226283,92.09830257622052,89.47824716997027,92.20697592034186,88.6953331916338,95.54374862204068,93.43580465669537,70.53472836345308,89.44158756723655,89.82480700816083,95.23278638806772,89.525180175656,94.89967796779777,87.48105920609332,71.60269032505555,71.30515525774618,93.77568125994576,87.28489955366953,97.73383876879721,89.81790249406644,90.42818549189421,89.0674745979356,92.74281964476403,90.51253715554019,83.42024250617791
1610557007.49MyVgDnuUuBxrvL6SGOdhKf69VYlW1MSm,89.86860364556082,82.90970504550586,89.60805439293227,86.05626863097811,92.04029230498841,92.44203351974969,89.15211716384054,90.68427641727081,91.10694833565401,91.21354739837074,88.53478003541808,86.30661084438738,94.3885750480765,91.85753901532053,89.56813130747857,77.53652028101999,94.80044083507254,90.79554852979854,92.69301497758069,87.86825980561646,90.4869231708175,94.3445081765676,88.87439348464113,90.14769835196284,93.02530114087168,93.76208699321482,91.14175662175974,88.64827474984453,0.0,88.7429237639755,87.34283769759504,92.26358401909403,92.34910954363681,84.22666146261626,85.84697224733345,79.0675046921908,90.79348130127451,76.23149816061346,85.32711287747155,99.40294940542408,83.75684268352114,89.9433364851968,94.61243701996487,83.5801842021597,85.63714670098676,87.7440930972504,97.61428078141306,92.96864561912244,92.49343817131789,94.97635786006106,86.31557882692951,92.58608341240725,93.14512632679346,85.0596568448221,86.88832542016307,89.51110094754182,92.63359178476328,88.55185306929464,87.94784378839424,92.19748102858193,97.46206438258014,95.96365838395297,79.48212332803655,98.78867914627295,81.61702735793959,91.19942326554829,92.70033848285034,96.96082328298036
