,1610555604.25mOvVXuL01OCiReyVWBfesjuvXmB3MoPy,1610555605.43B6oDsBtWRQ29Q9UMQuTUEPZy3FSSWXzc,1610555610.92HPGJJSmyPM40z7otPBgHalNrHFA7zk5d,1610555606.68LaSQbm9EHAFycEfFtEqAwYqlBsQPjIRW,1610555617.19EKxMEwDHfXiEJZc27TsGoERaD6Da4BZU,1610555722.52PJ3FD50MGhRXyUD28vluU8Z9UjLJLZn4,1610555617.52Ijr5puT55g9apK8auM7zaxa3NANg502t,1610555638.77ZLjTLkz4jYJdFMI2wWBztzsDILkoOtAk,1610556912.46C7tJPLF0XfNnm8f1820X9aLmXMHoc0Dw,1610555617.51LjzIROg0aeCP2GhDcAVQ0LipKJB9jmKc,1610555608.17OpjjHobqRkX0UPcaXrbu7K6L3805SZri,1610555721.82zWeNZfGUUfRJkgnAwlP8VMhPzXctnSd4,1610555735.75bom85BDF0C7W2eIseHeMxi24qR68nzMi,1610555735.77NnT5xqKnwcf2BbjIekeb2arTQj6QMNwk,1610555638.33wjf1PhdNaoWfbRzXVn50hmFyB5bYAiLV,1610555606.65jCE4ig8Pu8kvAzkxnSGfWsV0nQBjCf8H,1610555608.18ONsBCVo1i7BrX0XG9stct4oiA6ejX9Oz,1610555721.51RNoQUMP19FTMS79BmA3JkgSm2IC2AQuQ,1610555971.86O0cHB2ibBJ8jxoObg01EpGe8VVV5mpwn,1610556911.51zU3duZSGpcw1BDNsBLxdOCITAXwl6z3i,1610555988.71dMoYT8250UHHJGxgmITTmbHe7V6gH1yU,1610556042.81mlUZsSp7gbGjrp8jQSnybT1gPy6e62o1,1610555637.02UBW5nKvDyUrKnaWcYRGajZPxTRDS0q3N,1610555619.13oUYNikU4facCTpUSiSLr0vPI0tJLnXiT,1610555721.03nzkucfjAUh31zTbmCVvTVYqtjoxZFnBh,1610555722.67fhKURdXVzRbLIjXmjRwdJHTnE7PWb1AE,1610555638.39J2ZWBLuLTHP0jOlzB4tNHmYeijH5g5YJ,1610556032.17Q6yCDx9g7alRnL9jBFXD2JhhUyB2hKfJ,1610557007.49MyVgDnuUuBxrvL6SGOdhKf69VYlW1MSm,1610555638.44hjT5hbYdKoE3MB6hijrjqbjmLgvCUYKD,1610555608.13zUvmFSCRt6SsLbhqFznMEvGx54GPGQzM,1610556038.62a5C4ynd1AARyAhTv8a58NCqHvXRjscqH,1610555644.45Xse8u7pusHNsd7F3d0A32HXvXr6weOJE,1610556038.62gKXOCG7XCn55eJvyl5voNjbwOW0znQDq,1610555987.13v0oleKK97pkesp6oMgprH8SoSdoDVdIO,1610556964.96ZLLeiQW0qpmxhPGTg7K03fmzkqsC2bjC,1610555987.13VQlEedQ50VvkPMEMzZDv3KNnQCewykN9,1610555982.186TY6MMGkDecIN1woW6vsfAMXVV7jnyjO,1610555982.673LuMndkwkvdmZOn0MmE2Pkidx0FtNalb,1610555733.38zItcuH7gHNfKdALR2d9Nek6bxCyw36Vm,1610556034.15BQxSbZINGCay0yp6RBVlgcPrw76Yn9ON,1610555639.37BPZpgtGml8qUsh9AdV4m32jPLfI2aNFq,1610556965.57S0adAalhWYe6K3bkZU0bRHbqnDK8gGkR,1610555983.54zteLPCMjyrjzPdhHhlZr3faCgD0TfYr3,1610555987.79rHnNRmt9a0ufmnwCvZqBouyUoZDNpylW,1610556960.041xWER61rmArlsKfiMl4frikWmUCnQ7op,1610556035.13a7NHZDutfTMJ88qle1gTYY59Dr4WmMsj,1610556890.456ZBDaY16bMtrTZTqAgHl3wq1tRxzqDow,1610555760.24e6890pkbyZ97Or6croI1rQgjkSsR0yVt,1610556043.02YpWMIJg3W004iqlPyv8OcVAZdSC5rNYw,1610555987.03z05P26TLtONYM1HSzupoc2CeNMa6HTqr,1610556032.15OYCzUxpsz7b10AXBAuDXrvEcvxFhf0M7,1610556032.63Z80yI9pNwS3jSmsDABbuhf8wkNa2Ze9y,1610555736.28eGuESasTXdR3SqY6pHhEXWZtcdciYLCO,1610556034.61bebeZA0MkaFG2sm3VKiqrxeqQginTTW0,1610556944.5XwXOphKYT3ZkWA8gViqOS97VHVuMVUqb,1610556944.745UVLFBzf7fPh4UH37I6tYQOFPqRDytEh,1610556034.63XsUwaFaPZevO1JNFjfhvY4aKNFnV4noV,1610556964.89xwBHw9faT1HjQRMNQEyA4qJ3hWkwgj3k,1610556966.74DydzH91jtyvRyYau47JpVkZoMRSNTt01,1610555740.77UueVziDbaXyRR4OcVJIIZyzOfAzN51bj,1610556046.84e3vwjyRCzqz0wJQhrk8zsxlFfFSv98Df,1610556137.99eoPuVrDThKAOvmeprLPb2FWRqIhzUodc,1610555740.73XFwSrmTXJPlaxGZSefh0jOVA8PI3III1,1610556123.88AOfNaz9jSnqU5Czc7okOv1RCrYfKFBTo,1610556046.85nB7NvyoYQeLcOV391Lmmut1wAM8CFGLw,1610556123.89H4pdIAzDthI7bMXMhlIhKUYIQIvtmPPQ,1610555740.87GOYQUJKpkynIS2lFqppYK4b32ol7NeGh
1610555604.25mOvVXuL01OCiReyVWBfesjuvXmB3MoPy,0.0,1523.6087090927706,384.9179979253512,1412.399053527594,788.7515194345655,1007.5187840393565,806.7238419567757,345.19293148684784,459.21726378691386,1098.0268839559967,1444.0468815648467,1525.512702018978,1212.1359146382024,367.9463559255474,1353.405277618134,1197.4551178015038,1360.0778929478815,1516.994871265042,648.7706128142676,1271.8484838327188,1537.8551687946356,1487.1145937988674,1042.7374106409334,398.2607190654077,1299.161948335545,1016.3779042307381,895.6221636394652,1402.0473317578037,1431.6085234784673,933.0444444559253,980.6235000955352,912.240220750312,1225.7837247312893,1481.1612465554151,1382.7682030274086,1280.485518777003,1235.8991035677823,1601.9542422235618,1431.0667175942872,1025.7240399860598,1225.8053012233001,1565.3426122044395,1237.8457206221567,1326.066808026187,1562.0818150937137,1523.664480541011,1533.2338713350869,1089.970785521305,1370.2067365345945,1347.7736115404607,1344.8490649599726,1007.7641408724774,1517.92990206066,1663.6802618681027,1046.965879147223,1191.9705152478484,1299.4668304599782,1515.059904275473,1330.3039422677848,1295.620852439043,1582.0579926377773,1475.3377567342197,1578.364264632983,1425.6592108923664,1552.7646996199217,1395.8538968855237,1106.943977129374,1482.7019546463357
1610555605.43B6oDsBtWRQ29Q9UMQuTUEPZy3FSSWXzc,1523.6087090927706,0.0,1567.2472211539832,1115.4756367265702,1566.2899294117017,1498.1428689650038,1542.251548841472,1576.5402736418507,1568.6824922824753,1376.0299210527523,1419.8076953567231,1609.3534715377903,1248.31089775848,1552.4028188563573,1575.7545858808132,1613.6812627709387,1545.742722862619,1322.5806972930086,1491.1621812013932,1625.0638356668976,1594.9769873295963,1376.8128033751482,1488.4943144164542,1578.8444230078342,1452.3959066053646,1505.6916185637165,1569.8810747129148,1493.9391152145897,1436.8684247902397,1442.5974493445958,1600.1777583083824,1338.7664895356031,1298.0847783457614,1253.1310528860533,1561.3614367650723,1620.653202459434,1661.170722363145,1150.7930727241771,1096.5562064297571,1596.3134296703136,1617.0326156242995,1542.8534043260104,1607.1566683950123,1325.9610930283432,1174.2135079578186,1089.6699070348866,1744.0302863334925,1388.4341288722158,1254.1143477481205,1595.2645118392334,1472.5421529221744,1574.7067951715455,1568.9021943889686,1456.2716308178615,1639.4316709703307,1617.1583164739914,1596.927047414181,1399.1475966846103,1391.7371304614683,1484.9333956663895,1583.9364801139657,1574.091892926701,1217.8774848549115,1598.5691855082446,1155.7977583780416,1603.3270680901092,1489.0375124245072,1572.6897342698273
1610555610.92HPGJJSmyPM40z7otPBgHalNrHFA7zk5d,384.9179979253512,1567.2472211539832,0.0,1381.7185945113702,815.4194691927648,1042.191912425766,797.2065129025569,255.82090960004584,395.7490763258586,1152.19549103634,1412.418754522517,1490.6312919763711,1263.9705332004698,359.07153664357105,1305.1759221483765,1162.545889589045,1323.6894690592853,1553.0619999267008,681.9890247764414,1246.3971297955334,1501.7057532501087,1450.2607074425753,1076.490820654852,199.0502474837437,1329.8837263747878,997.8165419603524,915.1347507870115,1371.6521684773045,1403.7870172613552,936.2189009442876,991.208665030081,976.2173833183207,1277.2695598973798,1521.1264863038052,1341.9123355747813,1238.4072720842378,1225.6938254532583,1643.958042027072,1465.2211878789867,1061.7198140554083,1170.2834458097623,1536.641661234454,1189.0224551781619,1287.702379834493,1531.8569013350213,1560.173254895135,1507.2595781381413,1144.2979646481504,1413.8505902960148,1315.0019800341704,1311.3665139123723,966.7718069057611,1552.988698078363,1637.4550320104688,1057.0836930492724,1198.896508748278,1252.849729513305,1482.6974070501124,1366.6678805033473,1303.1512842891111,1615.7827783643695,1500.5931362280496,1619.6072463112614,1449.44470077064,1591.9401713558018,1427.2250422415348,1066.2497381236494,1518.3608500521266
1610555606.68LaSQbm9EHAFycEfFtEqAwYqlBsQPjIRW,1412.399053527594,1115.4756367265702,1381.7185945113702,0.0,1464.5573613269435,1574.3060594522049,1430.129299853532,1394.3025144407213,1389.9125143584254,1608.7230613011902,1220.9557073598507,1356.9073215083195,1516.025263555347,1419.4408222594604,1574.2912035396064,1514.35718770045,1394.1435339552534,1441.4750081633506,1346.5912101886172,1512.2394767170988,1436.9740582629267,1357.4600582460798,1615.3866665189562,1384.3780377316957,1632.4028109686233,1519.5892577658533,1490.3779126672832,1330.9028321571882,1473.6827205429558,1441.5455800844059,1516.6860691583515,1538.8745178771546,1553.6589856333171,1525.749806994025,1421.466121953477,1347.1111536276546,1550.6883945792017,1394.402538878073,1395.368198296742,1463.9543995920083,1349.93126457509,1374.4466120737245,1473.0308829674416,1242.29176448238,1067.2292084103935,1429.0552846020867,1849.4271961146503,1468.114560214426,1541.4061142559285,1459.2363298171413,1344.087930463562,1346.1402866504923,1649.991449895376,1516.9261975183408,1556.8802484639564,1701.6618169640992,1451.1839936535155,1382.6781073589073,1467.0229456602658,1593.2981889248051,1650.961392765716,1605.102428128275,1345.4944041536614,1568.8924025631773,1355.3068373104302,1584.533652205012,1210.9357450838313,1554.0322305240825
1610555617.19EKxMEwDHfXiEJZc27TsGoERaD6Da4BZU,788.7515194345655,1566.2899294117017,815.4194691927648,1464.5573613269435,0.0,1103.414185526856,504.20363871984097,768.6343987202723,779.9543036117113,1034.7137536100363,1396.347165449485,1611.6297279826895,1267.1097640038136,834.5951080542853,1383.6612836066151,1304.1995926509644,1303.6881114862547,1553.6307767855862,971.878014961617,1350.8580758991598,1528.2477761335092,1425.9112265195033,773.8482475266659,811.8811917678348,1175.2865764507617,1044.4180982169196,752.894825905855,1474.300107642903,1493.2781486738459,684.008786862197,880.9794736856202,749.8525161490434,1207.6622694817127,1564.708452715162,1345.6907724804694,1261.1811569661324,1156.4893141487003,1580.1229177316895,1459.6407656982453,1190.158464301869,1181.819880172647,1520.0134721113056,1193.3595468077785,1389.5493004209436,1507.4480848032847,1561.1480639081126,1472.3945144971628,1021.7196918840648,1284.5096062394691,1210.4031123634431,1429.8145195048303,976.3437814667276,1603.3769996233937,1618.100784957431,968.7403118946048,912.6144657888905,1143.0415851578505,1605.987245038982,1417.2147411657395,1112.0243097539962,1611.1336382191225,1494.7869981895742,1554.8223120379694,1372.473643058732,1476.7916438338832,1428.570177398317,1174.4242041740358,1516.201531763258
1610555722.52PJ3FD50MGhRXyUD28vluU8Z9UjLJLZn4,1007.5187840393565,1498.1428689650038,1042.191912425766,1574.3060594522049,1103.414185526856,0.0,1097.5145937868363,1054.0535451892079,1031.8304676287266,1207.009413807181,1382.8217448227895,1494.7600497214755,1362.4229348244562,1022.7450333507679,1330.9618756365464,1193.7574894780357,1283.7553038087044,1363.0400067760584,823.0149805872869,1430.32980659264,1408.4904428575146,1536.6205312863613,1012.4078238236784,1052.1053591033192,1001.0685013262726,427.35821367085885,1122.7965802449994,1383.801350296281,1511.853457226823,975.1884903122736,1270.3556531966187,986.2996123538431,1373.2228964636909,1597.1800966318394,1385.7960415761154,1356.635076070132,1395.6893033661204,1720.003860343102,1269.2293598791398,1177.1318348600191,1237.0259742207688,1517.3822616891891,1329.3141651804071,1346.915956572683,1526.9204998340354,1340.5567610955047,1368.3610352510927,973.9322947152408,1397.5372035212104,1289.232563658365,1282.9916472701966,1160.8816092292109,1380.8945835446461,1673.0999834345182,1237.312601332746,1108.3883679682108,1130.6949040472928,1373.027661461178,1182.1643774790098,1037.1290905773064,1529.0859349602003,1429.0377185688467,1643.823391237748,1256.7667565270442,1569.612577529663,1330.4654070509782,1075.5495766103547,1534.853648183623
1610555617.52Ijr5puT55g9apK8auM7zaxa3NANg502t,806.7238419567757,1542.251548841472,797.2065129025569,1430.129299853532,504.20363871984097,1097.5145937868363,0.0,764.2045480821092,803.739144777202,1144.5366969514437,1354.6058275992957,1647.3016546371573,1282.4417987046018,807.7240683280297,1382.9107941429406,1379.534114781899,1257.767200269453,1526.6627281100305,964.3562164119627,1436.6674002926977,1568.6425057480762,1387.6141800248824,912.798443729191,806.0277815097452,1235.2662174379786,1023.3817476926853,872.8870311884651,1448.3028416699015,1495.022427429174,549.4033823368023,978.8196581723747,750.2151695926741,1298.543036778326,1646.836910318882,1421.986547452865,1293.401098084533,1246.6954734847043,1662.8396795526999,1436.847837028257,1196.0138777601894,1258.452990204318,1490.079929636121,1278.5554707830577,1357.3280448125906,1472.9001822580235,1534.5091683093622,1549.3717082700814,1007.8120742504866,1354.439879399071,1267.152699601497,1469.589274177539,1067.403620238117,1584.1103506704194,1617.6909430048422,1052.9405566859887,1020.6535102495576,1109.3961901426928,1645.5585543481345,1463.4276519656967,1070.136003626076,1594.7858051904811,1470.5137289387349,1637.7404048673418,1342.8109493433637,1533.4828985726629,1403.747697215594,1151.2865277880817,1497.627364951976
1610555638.77ZLjTLkz4jYJdFMI2wWBztzsDILkoOtAk,345.19293148684784,1576.5402736418507,255.82090960004584,1394.3025144407213,768.6343987202723,1054.0535451892079,764.2045480821092,0.0,440.4604277391967,1162.3870625404509,1427.2340643216958,1504.334079827696,1274.1150372035281,355.56250981626954,1319.9118103823473,1177.618680427736,1337.174158432115,1561.839315156435,694.3099452174797,1246.7294212785373,1515.316525363583,1462.8151371223753,1053.2297781995953,210.7466511163638,1339.6617065409391,1011.0284547546871,888.3248003657582,1382.6659040783718,1422.6561158856157,906.8849925770501,958.4930979578611,937.5208843044086,1286.6317243699013,1531.172209285365,1357.4680047806926,1257.1208181791708,1211.468315583063,1652.6640143937645,1475.7518883118598,1071.4646986990233,1188.3587572053668,1547.9807516887563,1202.4386749510652,1299.3346394771177,1546.0531293744584,1570.287791025839,1520.8409146446297,1134.2916279102021,1424.7225491895895,1329.287311539671,1324.4297378405947,982.2894081676171,1561.085647799961,1650.709340476752,1028.2177121659445,1178.5105158468991,1267.0795322819506,1495.4660662341348,1376.1839335359596,1273.144956364975,1623.9239662811315,1511.3638572805373,1632.6429099154157,1459.2104509109017,1604.6510126567518,1438.0118839685608,1083.4498891657872,1524.7334539071146
1610556912.46C7tJPLF0XfNnm8f1820X9aLmXMHoc0Dw,459.21726378691386,1568.6824922824753,395.7490763258586,1389.9125143584254,779.9543036117113,1031.8304676287266,803.739144777202,440.4604277391967,0.0,1155.8508281348534,1416.9099707802854,1496.7676095733168,1269.005624541641,440.9023508793122,1308.884593608055,1161.5026718540896,1323.971910072289,1554.7299052019384,675.2635987186723,1250.5992303164326,1497.1058454640074,1450.704791674594,1070.165261745868,409.0017225831724,1323.4338132394948,986.2134350313657,916.7302831275454,1367.2514018146649,1405.365563229448,933.6225167854628,994.9282454883569,974.1671356527829,1280.0597291798447,1515.9050259884382,1333.5093065820024,1232.719746465396,1216.8837500926247,1639.8984089733783,1464.5045131427935,1073.6037699685435,1171.1425535095088,1535.0703003800302,1181.9420606450208,1290.0355502677896,1532.471305810016,1562.093790996357,1499.9930499252391,1139.993736943087,1414.9194395135896,1311.6958518394201,1312.7172143469095,965.0211903224141,1554.0941118366118,1634.2947036993594,1063.2704087832956,1185.3460851472346,1250.8522961163198,1486.048936791858,1361.8122796404327,1301.3646171342389,1615.924585489851,1499.7264448459593,1620.038373051252,1447.7511168510584,1598.0232076988946,1428.4470668902832,1079.8180834470384,1513.862239104743
1610555617.51LjzIROg0aeCP2GhDcAVQ0LipKJB9jmKc,1098.0268839559967,1376.0299210527523,1152.19549103634,1608.7230613011902,1034.7137536100363,1207.009413807181,1144.5366969514437,1162.3870625404509,1155.8508281348534,0.0,1587.3502159868924,1716.5969919892639,749.4577847224149,1136.540192497136,1371.9618821518889,1314.2316997316727,1513.1411541400078,1516.710958839315,1220.7199602689568,1451.8518712258133,1707.3078335195123,1541.908054989224,897.0408179673698,1162.4624233108048,1242.700915094532,1222.8180987549465,1040.6663576872497,1628.198199508475,1634.0242864660556,1088.2356431987068,1094.7246370711741,946.0083531414399,553.6963111785778,1347.5554580654139,1445.1305427871107,1433.0787189923574,1348.7208368780987,1364.5617491947787,1480.0476077450019,1234.8608838148903,1444.6187831933191,1684.8509462868303,1279.4119723492854,1575.1831334865192,1614.2480632569864,1514.7741045641076,1301.2753715116812,1165.0683772994719,872.3721448956093,1378.5090734072808,1388.0334924589672,1164.0300791571158,1576.666874869093,1727.8256960065241,1173.0053972295127,1189.8895257401487,1479.950561137115,1502.0901404550182,1291.4133848821134,1277.7443303641687,1499.3852834717277,1654.8563765066735,1456.7591340101549,1570.7888126344537,1390.6570275703782,1537.595107855439,1362.6957792356002,1489.2441254079333
1610555608.17OpjjHobqRkX0UPcaXrbu7K6L3805SZri,1444.0468815648467,1419.8076953567231,1412.418754522517,1220.9557073598507,1396.347165449485,1382.8217448227895,1354.6058275992957,1427.2340643216958,1416.9099707802854,1587.3502159868924,0.0,1390.7223547821154,1631.356266706414,1457.176695473065,1485.0535323405827,1398.4516402294073,733.1086424411826,1287.4357162864453,1385.7017788650494,1568.1787610770284,1344.1798333814613,1136.1196002054287,1442.9415397712266,1417.7210645271302,1322.2990393989137,1306.103639234041,1414.6184450670164,1282.4587856845399,1385.0263535386594,1366.5791074178053,1443.0684554582422,1466.9605115057657,1640.0514231729283,1631.938324360222,1425.2063632910822,1224.8285297930322,1519.5595769329823,1536.4857400077042,1285.2333669580098,1507.9367012255802,1482.89878385822,1011.3252594870883,1491.6613375009215,1413.5776432484738,1378.5328980010022,1277.3335616798063,1799.7335257063428,1406.9636450002731,1543.6865218167338,1047.332789263266,1433.3676096781235,1391.1196730982906,1553.6208189274528,1436.7855736862014,1490.0565014444414,1415.087372018534,1088.4839691771358,1419.6463463902485,1404.5699802305055,1269.7183054388695,1447.9639277867975,1311.897596795209,1485.3755584231185,1345.2682044424866,1370.566506852078,1219.9900100718255,1098.720467104546,1463.3700138348631
1610555721.82zWeNZfGUUfRJkgnAwlP8VMhPzXctnSd4,1525.512702018978,1609.3534715377903,1490.6312919763711,1356.9073215083195,1611.6297279826895,1494.7600497214755,1647.3016546371573,1504.334079827696,1496.7676095733168,1716.5969919892639,1390.7223547821154,0.0,1818.1985150740934,1531.6911776727047,1568.2546102705053,1213.8270276942876,1415.1206697663322,1368.327120790173,1473.998992326018,1128.3212313907552,728.3438046429949,1390.0869041184794,1631.6822045279732,1493.2545664473664,1525.7265879461297,1511.2836691007176,1534.8950033143626,1119.3806442071884,1484.7327060166967,1672.3461350638797,1543.2511939092733,1734.6320619152245,1739.9795283146625,1557.44541620031,1262.031584359385,1195.7566902841934,1375.7214728937427,1666.9126671926597,1584.720955715175,1569.825093898306,1320.9001003387607,1314.5928338680824,1468.9306924631383,1283.0879279802286,1485.163342713063,1565.1566253807125,1547.267932981683,1573.2058119004723,1675.401973474609,1331.7265049423236,1036.5664379293721,1358.7235662899654,1588.1299054939361,1690.4080680822929,1468.157398420598,1602.0585853882822,1460.481042784462,926.7653117186144,1206.9372770194038,1588.5048096120763,1606.7415408493523,1598.9227757492329,1451.6267827323745,1545.2119689939293,1439.3325264000484,1572.4758811558756,1290.721396904267,1614.397626594253
1610555735.75bom85BDF0C7W2eIseHeMxi24qR68nzMi,1212.1359146382024,1248.31089775848,1263.9705332004698,1516.025263555347,1267.1097640038136,1362.4229348244562,1282.4417987046018,1274.1150372035281,1269.005624541641,749.4577847224149,1631.356266706414,1818.1985150740934,0.0,1248.7243632585594,1424.909820235283,1470.1279681114302,1610.152788844909,1520.8406449354613,1357.887284547298,1559.410582265904,1813.991545729639,1554.8556002010157,1185.5827574507482,1275.7318039087718,1497.4046723921772,1379.2047920491527,1274.228077528322,1651.7377708586957,1525.320704149067,1237.6523936335097,1302.7650451303803,1117.6887941351954,443.792679404163,1407.5005436302217,1584.230466613531,1558.7459850312434,1511.9588400620326,1366.4025283252536,1386.544288478722,1305.589914831027,1584.4001383052428,1698.2666563522807,1450.9865380473634,1558.3623292564678,1558.3077229572166,1523.9117066034755,1420.8465067142167,1285.4970356043295,1115.1975823056896,1585.6922864767325,1481.6036566783214,1392.826631412358,1627.1731594723826,1622.934783712103,1368.4984793118115,1434.5817468226203,1610.368053669462,1619.6510867388768,1392.416974246952,1427.7623079865518,1511.2672828771063,1658.6731645885934,1444.0886073047877,1621.5332702563983,1442.808093359637,1623.5696442298836,1435.6388168142248,1506.9292997279642
1610555735.77NnT5xqKnwcf2BbjIekeb2arTQj6QMNwk,367.9463559255474,1552.4028188563573,359.07153664357105,1419.4408222594604,834.5951080542853,1022.7450333507679,807.7240683280297,355.56250981626954,440.9023508793122,1136.540192497136,1457.176695473065,1531.6911776727047,1248.7243632585594,0.0,1345.1343485256064,1200.241875451466,1366.7778289791875,1539.4630007856765,653.4654806357811,1289.8854209938474,1546.9376342232883,1492.6082530704691,1086.199303013791,370.6125742378252,1316.5198633362897,1020.3815133310545,936.4721917555316,1413.757126315045,1454.0836001672062,958.4865718502919,1020.7816597827702,958.8363803736435,1264.1255424503665,1513.563787645077,1381.9950961496197,1278.6017203161389,1256.1042835104533,1635.9306937409451,1455.9064568141623,1030.5179136017293,1217.5713002667198,1578.8736574647373,1234.031933496472,1339.4710114983604,1570.805908373791,1547.2098937621222,1546.265103677109,1121.2000372938596,1402.4587972346228,1363.5138049891852,1349.7841227988351,1003.4711158338914,1544.5595521520784,1680.5582463075796,1078.1236000007345,1228.480748532275,1301.990253611876,1519.1725950705545,1351.0927617677876,1326.4978903310775,1602.7316213844588,1489.4976967364198,1611.630119948225,1435.8914888249387,1585.7476822934618,1410.9751228357882,1111.6259977961042,1501.5809845044016
1610555638.33wjf1PhdNaoWfbRzXVn50hmFyB5bYAiLV,1353.405277618134,1575.7545858808132,1305.1759221483765,1574.2912035396064,1383.6612836066151,1330.9618756365464,1382.9107941429406,1319.9118103823473,1308.884593608055,1371.9618821518889,1485.0535323405827,1568.2546102705053,1424.909820235283,1345.1343485256064,0.0,1239.242929545629,1384.0864241888614,1655.4939185785174,1336.7855552039737,1330.7156421373174,1574.7769434083657,1431.2683226495324,1212.6681830856849,1306.6664919191628,1328.945603222234,1270.297013767218,1187.223985361286,1673.0429984798486,1677.034562826333,1311.4466974277468,1206.451478406634,1242.936923290493,1445.906273256406,1753.2848181680936,1108.8087711105677,1380.2011307801647,1128.6319539732317,1767.6400984197987,1463.2729236753062,1307.6930561047932,1192.107790507753,1593.3495919184486,890.472419667652,1486.5439285259076,1437.8206178277503,1649.8526128610831,1351.7339260919466,1329.357176961641,1442.3532120639877,1399.365367124612,1364.555182630181,1352.2272441985979,1792.8544334644123,1563.3907127172788,1262.1647241186822,1291.6527168793757,1315.8175176211314,1343.380887725728,1535.4912466392332,1095.077801894816,1637.068645868828,1530.4534195236229,1633.173072132118,1526.716635296942,1621.8045935923262,1498.9803713160697,1301.0346222435132,1743.066510079194
1610555606.65jCE4ig8Pu8kvAzkxnSGfWsV0nQBjCf8H,1197.4551178015038,1613.6812627709387,1162.545889589045,1514.35718770045,1304.1995926509644,1193.7574894780357,1379.534114781899,1177.618680427736,1161.5026718540896,1314.2316997316727,1398.4516402294073,1213.8270276942876,1470.1279681114302,1200.241875451466,1239.242929545629,0.0,1310.5012551225757,1676.8677638157549,1172.7193725421175,1001.3534138334543,1299.17251088077,1470.5174004913208,1192.8202307051447,1165.2438396822934,1332.0315992007952,1235.3945385621598,1077.5005265957273,1350.31424082322,1394.3670229924967,1413.7685938074642,1052.9726695312804,1342.1022062927138,1402.1251761142878,1332.1578894472188,827.4733390406524,985.6641941480827,944.1722103678686,1455.2751313434462,1508.1903568948514,1228.175114249199,1023.7687565392446,1519.8383778001257,1256.1358377028987,1518.1013870112215,1504.7786491341892,1684.1359939846157,1352.5652497103304,1135.8963811282129,1400.8512740293434,1171.7860574576973,999.1510667986144,991.0355537061738,1565.9722706061748,1650.0614618688758,958.4323924229733,1299.012143850133,1342.8916839962762,1044.4914359534728,1119.7053500575132,1264.7711799015271,1546.9404860996142,1601.629478427844,1335.9619804532258,1547.8754748338133,1436.0854725987863,1443.7944848929383,1042.6249227964504,1637.2222090052699
1610555608.18ONsBCVo1i7BrX0XG9stct4oiA6ejX9Oz,1360.0778929478815,1545.742722862619,1323.6894690592853,1394.1435339552534,1303.6881114862547,1283.7553038087044,1257.767200269453,1337.174158432115,1323.971910072289,1513.1411541400078,733.1086424411826,1415.1206697663322,1610.152788844909,1366.7778289791875,1384.0864241888614,1310.5012551225757,0.0,1294.824268226203,1287.8073216200778,1596.1944656083408,1367.6871973973311,1151.762011674703,1357.3080910425708,1326.0735056982508,1212.0212060888339,1196.5664910415367,1332.2321132721868,1315.7736241243722,1538.1444905356718,1268.8426951189597,1361.3609126995773,1374.8835900889915,1620.947845587441,1661.6232323358613,1323.407403175843,1106.1311097585417,1432.0007550117693,1672.394645439089,1290.3872284297026,1415.9779907235832,1388.7626813264947,1034.8407373224593,1396.7014536093704,1447.3868733492575,1395.0125075049589,1290.1072584563262,1721.7649722989063,1304.0003876971018,1537.400966445047,919.6006222475787,1466.1299079265461,1296.3146674401892,1457.0235618509955,1445.3000530181178,1411.1292425129272,1324.450236625143,936.4368657698316,1445.0362252506677,1434.51085157689,1159.1444250454415,1334.1047452936036,1157.4670526842558,1616.0073037493646,1211.4109927333316,1500.3400022222497,1075.878386164834,1063.3797401822362,1358.694425420833
1610555721.51RNoQUMP19FTMS79BmA3JkgSm2IC2AQuQ,1516.994871265042,1322.5806972930086,1553.0619999267008,1441.4750081633506,1553.6307767855862,1363.0400067760584,1526.6627281100305,1561.839315156435,1554.7299052019384,1516.710958839315,1287.4357162864453,1368.327120790173,1520.8406449354613,1539.4630007856765,1655.4939185785174,1676.8677638157549,1294.824268226203,0.0,1472.7209859343252,1721.7372028782816,1462.3498718159926,1333.231930888751,1491.1830915758492,1563.068766533243,1421.3488197611448,1361.5506196489841,1560.662511226758,1487.5848810057742,1597.5773305510859,1434.0300478975848,1606.362637154294,1482.1067868424686,1532.203483067816,1687.6208822532421,1713.2400921888416,1561.474210002868,1782.3792092054282,1700.0480533704374,1356.4099264377253,1574.3430309275848,1655.6966327740736,1262.9167527820068,1671.7731042710477,1479.6796709548469,1417.4158824714111,1022.0792703417707,1834.3867543336726,1518.003473049655,1680.2812229020865,1454.44906601983,1488.7123285294108,1562.4538389332456,1623.099945825388,1709.668146381956,1645.6136739273638,1597.413631189123,1457.091339575404,1495.7545339687251,1350.3688312022668,1471.241600548892,1512.5522268585432,1382.5721979300315,1652.6479216935847,1426.4578416413776,1548.5232674739389,1431.8085699124572,1404.2923489456546,1536.2769903793883
1610555971.86O0cHB2ibBJ8jxoObg01EpGe8VVV5mpwn,648.7706128142676,1491.1621812013932,681.9890247764414,1346.5912101886172,971.878014961617,823.0149805872869,964.3562164119627,694.3099452174797,675.2635987186723,1220.7199602689568,1385.7017788650494,1473.998992326018,1357.887284547298,653.4654806357811,1336.7855552039737,1172.7193725421175,1287.8073216200778,1472.7209859343252,0.0,1410.9067173164544,1491.6704476306957,1438.5831583224274,1180.062388968816,690.4221602976704,1198.5246587672175,835.8019254772262,1043.2644762170114,1334.8169718960119,1524.6066437276465,986.2266811159058,1170.4128669321462,1005.6916072698318,1369.061079770035,1492.8276535086088,1369.4662404417397,1321.54472870796,1378.1250662510352,1626.886594586261,1390.181498883252,987.1166137170262,1205.9538074615443,1517.3430859759317,1213.121895766312,1262.1682880776236,1523.4256360157913,1468.220110736052,1590.4647588938851,1002.4518545611281,1425.0374671306135,1291.2531557933335,1277.5895871902885,967.3850950494013,1424.8116777962016,1682.056973076189,1221.1970324059569,1297.18355944305,1180.1662544820765,1456.610124543287,1275.5883521219666,1226.6176241677495,1529.0071638239442,1431.676227462187,1706.6355597473696,1306.2554193035587,1602.8229098767165,1334.7886892548013,1035.071139322543,1418.7552055851372
1610556911.51zU3duZSGpcw1BDNsBLxdOCITAXwl6z3i,1271.8484838327188,1625.0638356668976,1246.3971297955334,1512.2394767170988,1350.8580758991598,1430.32980659264,1436.6674002926977,1246.7294212785373,1250.5992303164326,1451.8518712258133,1568.1787610770284,1128.3212313907552,1559.410582265904,1289.8854209938474,1330.7156421373174,1001.3534138334543,1596.1944656083408,1721.7372028782816,1410.9067173164544,0.0,1134.1901770586016,1455.6014649835724,1257.3831650312036,1248.6346127192137,1530.7544668217854,1458.6206593682086,1131.5770656981792,1367.691052991961,1437.5802173983668,1514.6512138926448,1129.4567518272493,1444.5633061625242,1473.1056734988383,1462.1447664000827,1059.7143682274673,1249.009552296936,870.689869774121,1593.9468312002227,1641.4372588481724,1528.597712096326,1182.4833156213442,1572.7106495738255,1340.9193102890486,1362.319918682665,1440.6291295309252,1716.9415893794182,1192.5090546163872,1383.634273105866,1470.3682926161696,1487.2241698011894,972.9779172117138,1321.8845539230695,1731.1290855136783,1676.8516912056928,1021.0276115493123,1360.1631160114878,1522.6318766146273,947.5097492977385,1188.8877207736582,1438.9639319224768,1725.3953681920384,1669.8449372243858,1221.1146250737504,1653.450193920033,1316.750320984279,1728.4833287656925,1369.751418659352,1803.0286000309777
1610555988.71dMoYT8250UHHJGxgmITTmbHe7V6gH1yU,1537.8551687946356,1594.9769873295963,1501.7057532501087,1436.9740582629267,1528.2477761335092,1408.4904428575146,1568.6425057480762,1515.316525363583,1497.1058454640074,1707.3078335195123,1344.1798333814613,728.3438046429949,1813.991545729639,1546.9376342232883,1574.7769434083657,1299.17251088077,1367.6871973973311,1462.3498718159926,1491.6704476306957,1134.1901770586016,0.0,1256.322434079873,1552.8846745865258,1504.7742929522683,1423.768887374995,1418.189226844223,1539.72035559516,1004.6548149766827,1548.3837373696279,1592.41153502224,1551.334139131059,1660.8076186593464,1732.8236613431377,1536.1266312160114,1263.8526725675508,1279.4516979771286,1376.1752147153668,1631.0351985221698,1495.9600486243455,1650.8581516261536,1327.0234934710995,1224.3008609040633,1468.331715837514,1155.941460447432,1381.3809254202179,1535.4256271857278,1451.6348188873799,1480.2470098805536,1662.0990191652415,1293.3729200873963,1109.8356332204082,1434.1031664695308,1532.589118777529,1592.8855465613747,1477.4401739084017,1512.1887294499304,1337.678622004448,1021.2080966535832,1170.2477062158898,1493.6417059697055,1534.9679684079072,1491.7754699301981,1431.1599323402652,1422.0872872536022,1415.5666944273044,1545.0298583802248,1377.9915501307314,1543.3089044102296
1610556042.81mlUZsSp7gbGjrp8jQSnybT1gPy6e62o1,1487.1145937988674,1376.8128033751482,1450.2607074425753,1357.4600582460798,1425.9112265195033,1536.6205312863613,1387.6141800248824,1462.8151371223753,1450.704791674594,1541.908054989224,1136.1196002054287,1390.0869041184794,1554.8556002010157,1492.6082530704691,1431.2683226495324,1470.5174004913208,1151.762011674703,1333.231930888751,1438.5831583224274,1455.6014649835724,1256.322434079873,0.0,1454.5228442130597,1453.7892147526325,1450.2085601706144,1466.4588308991754,1434.7584167698187,1120.2100842191967,1578.8539742383525,1394.7169140968886,1473.809993012756,1389.0283312706988,1565.3738728323085,1482.7614893491204,1433.4837196398294,1413.8398347961038,1521.9081379463423,1449.9139109854034,1403.959808989816,1566.6007215743564,1592.030744061521,896.0696377824526,1505.905516163477,1299.0909131300525,1203.638912960001,1354.8359129324208,1680.6696375512606,1321.5264402243185,1591.3944202467214,1299.9518062356883,1375.3107927900132,1476.310205191599,1548.5723444769699,1498.5413341851608,1511.6296752093142,1538.4628224094317,1226.987736408036,1356.830196688321,1355.3033460317547,1238.7644474366639,1248.2396018494169,1236.356745198577,1543.214465682939,1240.9970531764152,1426.5350425246875,1363.2665996101682,1400.3594234129025,1285.3915954826427
1610555637.02UBW5nKvDyUrKnaWcYRGajZPxTRDS0q3N,1042.7374106409334,1488.4943144164542,1076.490820654852,1615.3866665189562,773.8482475266659,1012.4078238236784,912.798443729191,1053.2297781995953,1070.165261745868,897.0408179673698,1442.9415397712266,1631.6822045279732,1185.5827574507482,1086.199303013791,1212.6681830856849,1192.8202307051447,1357.3080910425708,1491.1830915758492,1180.062388968816,1257.3831650312036,1552.8846745865258,1454.5228442130597,0.0,1080.082037250809,1029.1625792457448,976.3086730927614,608.8874844259617,1638.0866995023164,1525.3040448738236,838.612739204904,748.3448212694753,702.4809524132586,1088.6686723394564,1547.8251859998254,1240.1687931717734,1283.299702162221,1050.7762017942189,1553.8117495144852,1369.076161091739,1355.454241926627,1214.867630564359,1567.3190681163392,1234.3617548659868,1557.471790828484,1438.2326810113648,1480.8578919843358,1281.5564741502396,1027.3587192678838,1158.115660527195,1223.590548275274,1342.2289758681943,1161.3065139843177,1629.1874747794686,1651.039207316114,849.4161198945479,763.9150787082509,1206.0005366052076,1419.520933917047,1307.9907379826834,870.6244339542584,1551.7464197364668,1514.5545811669704,1421.7220793609954,1403.2302512563751,1341.380114631876,1446.6979625055417,1229.3791259762834,1646.2474131653903
1610555619.13oUYNikU4facCTpUSiSLr0vPI0tJLnXiT,398.2607190654077,1578.8444230078342,199.0502474837437,1384.3780377316957,811.8811917678348,1052.1053591033192,806.0277815097452,210.7466511163638,409.0017225831724,1162.4624233108048,1417.7210645271302,1493.2545664473664,1275.7318039087718,370.6125742378252,1306.6664919191628,1165.2438396822934,1326.0735056982508,1563.068766533243,690.4221602976704,1248.6346127192137,1504.7742929522683,1453.7892147526325,1080.082037250809,0.0,1338.9574559851499,1001.7200607832156,917.1030932519668,1373.5868678974457,1411.1810528196843,942.1050809409106,990.6129373989112,981.9493364263121,1287.5527841834971,1531.6598140844485,1343.5815016761753,1240.2720383542303,1226.5763413362395,1654.3795337904314,1475.5681786391144,1070.2855377178296,1170.7148471503795,1539.8180784312997,1187.102967254857,1289.0254726504972,1536.6230416627036,1571.7437705504535,1510.273319001234,1152.327254077334,1424.0993677206807,1317.1669528684388,1313.1670028384567,967.1894584241121,1562.3044759750312,1641.8597657331766,1058.645050600168,1200.203246695368,1253.8771585473758,1484.530437106096,1376.612204033668,1304.2905166540606,1625.0425420243607,1509.9238664058407,1632.0116995131668,1457.522386901196,1604.30162208071,1436.7487926687393,1069.4894738998282,1526.3200255492097
1610555721.03nzkucfjAUh31zTbmCVvTVYqtjoxZFnBh,1299.161948335545,1452.3959066053646,1329.8837263747878,1632.4028109686233,1175.2865764507617,1001.0685013262726,1235.2662174379786,1339.6617065409391,1323.4338132394948,1242.700915094532,1322.2990393989137,1525.7265879461297,1497.4046723921772,1316.5198633362897,1328.945603222234,1332.0315992007952,1212.0212060888339,1421.3488197611448,1198.5246587672175,1530.7544668217854,1423.768887374995,1450.2085601706144,1029.1625792457448,1338.9574559851499,0.0,993.5179921711289,1193.680629544304,1539.1032201223725,1554.465390075389,1106.988942549709,1295.549630594097,1072.131942305335,1407.7165619972848,1518.66215449362,1338.2327617715764,1282.7889893383601,1374.6829849371761,1522.376107476322,984.0025077175271,1431.339028636865,1338.1066283814923,1457.3507879367864,1209.9736659561493,1554.0422160449225,1546.5917148134602,1292.4643361085255,1462.4161153742743,1130.5787288349009,1196.1102966975873,1099.7266036453393,1499.971222855515,1305.5195069958522,1337.0686670194007,1526.8619675662712,1346.3052133664726,800.4408106257973,984.0146642593667,1425.3102902484454,1386.9068393448829,946.2381491894411,1458.9757355452557,1246.4170143190518,1518.704335674628,1124.1166830534507,1304.085325289219,1259.7258802473673,1291.039680643648,1479.5414402729577
1610555722.67fhKURdXVzRbLIjXmjRwdJHTnE7PWb1AE,1016.3779042307381,1505.6916185637165,997.8165419603524,1519.5892577658533,1044.4180982169196,427.35821367085885,1023.3817476926853,1011.0284547546871,986.2134350313657,1222.8180987549465,1306.103639234041,1511.2836691007176,1379.2047920491527,1020.3815133310545,1270.297013767218,1235.3945385621598,1196.5664910415367,1361.5506196489841,835.8019254772262,1458.6206593682086,1418.189226844223,1466.4588308991754,976.3086730927614,1001.7200607832156,993.5179921711289,0.0,1077.41483888166,1404.7466050030782,1470.5531819244866,896.809725508789,1220.0464895543664,962.6257500301855,1389.9050167751147,1617.6386505217476,1414.1929884233762,1367.2277370326478,1422.5775347867868,1736.3477815731178,1270.0852886455016,1285.0046915781513,1263.5272687889662,1450.4272202539114,1273.2342781158097,1330.7736191489337,1460.460135699062,1345.966262875107,1384.4738296246994,1069.8061189371356,1400.053913522488,1219.693903452284,1307.1246900108713,1201.7643782356993,1379.2617152635873,1629.1401601792704,1276.973548137262,1047.1978220056778,1031.5359423588527,1394.1940118786454,1273.2208618525199,949.4992809380284,1530.6533659881586,1423.1230301769258,1711.576456541439,1238.5129611813045,1569.9018909818449,1331.544290103437,1106.7439270367047,1535.351854985229
1610555638.39J2ZWBLuLTHP0jOlzB4tNHmYeijH5g5YJ,895.6221636394652,1569.8810747129148,915.1347507870115,1490.3779126672832,752.894825905855,1122.7965802449994,872.8870311884651,888.3248003657582,916.7302831275454,1040.6663576872497,1414.6184450670164,1534.8950033143626,1274.228077528322,936.4721917555316,1187.223985361286,1077.5005265957273,1332.2321132721868,1560.662511226758,1043.2644762170114,1131.5770656981792,1539.72035559516,1434.7584167698187,608.8874844259617,917.1030932519668,1193.680629544304,1077.41483888166,0.0,1607.8322587783412,1506.5594236935124,978.1517496580768,538.8528966889718,861.3512584379644,1207.3724437450212,1566.977928212248,1125.649156590546,1168.1040125595882,912.0028957563214,1573.4773423779238,1473.2242300004252,1221.8478811804396,1077.4048094318912,1541.6501816153232,1232.9040859501436,1530.6382083837761,1416.3202609185928,1569.6619581528669,1376.574367893982,1001.0504212230172,1285.088813048377,1218.3280756914246,1236.0488530045766,1020.8007067662757,1611.0124035406798,1643.0455632107394,665.9212033950258,965.5659714828204,1185.9120604402037,1415.0419664384071,1295.7042262424113,1024.8718872910483,1546.5761565332807,1514.6166296203373,1429.1883275997354,1390.1942504960464,1346.2560088774844,1444.1666158384157,1058.8422574930971,1637.6970804061223
1610556032.17Q6yCDx9g7alRnL9jBFXD2JhhUyB2hKfJ,1402.0473317578037,1493.9391152145897,1371.6521684773045,1330.9028321571882,1474.300107642903,1383.801350296281,1448.3028416699015,1382.6659040783718,1367.2514018146649,1628.198199508475,1282.4587856845399,1119.3806442071884,1651.7377708586957,1413.757126315045,1673.0429984798486,1350.31424082322,1315.7736241243722,1487.5848810057742,1334.8169718960119,1367.691052991961,1004.6548149766827,1120.2100842191967,1638.0866995023164,1373.5868678974457,1539.1032201223725,1404.7466050030782,1607.8322587783412,0.0,1475.7106353669176,1468.8641541221637,1646.353063096118,1548.4665129452649,1657.4152818941507,1442.7151333456545,1494.3238716156848,1340.6980215586732,1584.0868976968145,1552.1296785769096,1497.3480927439734,1466.3767500197323,1554.8854474686882,1126.8076466108027,1566.0768102606864,1119.744662525621,1484.7708602903347,1485.0198181853384,1649.3443341369177,1389.5872398970644,1663.8307530031395,1351.1611106330556,1221.6443939672367,1351.480627319939,1345.098134459282,1689.7508793817626,1575.622551502822,1618.0248721954729,1260.4275253921078,1206.7492242771575,1204.8140532062314,1500.2506963839573,1367.382655069739,1524.9127787580494,1563.542094769073,1347.298954821512,1544.022362666071,1469.9486804502678,1298.4161178154814,1202.2573283142042
