,1610555604.25mOvVXuL01OCiReyVWBfesjuvXmB3MoPy,1610555605.43B6oDsBtWRQ29Q9UMQuTUEPZy3FSSWXzc,1610555610.92HPGJJSmyPM40z7otPBgHalNrHFA7zk5d,1610555606.68LaSQbm9EHAFycEfFtEqAwYqlBsQPjIRW,1610555617.19EKxMEwDHfXiEJZc27TsGoERaD6Da4BZU,1610555722.52PJ3FD50MGhRXyUD28vluU8Z9UjLJLZn4,1610555617.52Ijr5puT55g9apK8auM7zaxa3NANg502t,1610555638.77ZLjTLkz4jYJdFMI2wWBztzsDILkoOtAk,1610556912.46C7tJPLF0XfNnm8f1820X9aLmXMHoc0Dw,1610555617.51LjzIROg0aeCP2GhDcAVQ0LipKJB9jmKc,1610555608.17OpjjHobqRkX0UPcaXrbu7K6L3805SZri,1610555721.82zWeNZfGUUfRJkgnAwlP8VMhPzXctnSd4,1610555735.75bom85BDF0C7W2eIseHeMxi24qR68nzMi,1610555735.77NnT5xqKnwcf2BbjIekeb2arTQj6QMNwk,1610555638.33wjf1PhdNaoWfbRzXVn50hmFyB5bYAiLV,1610555606.65jCE4ig8Pu8kvAzkxnSGfWsV0nQBjCf8H,1610555608.18ONsBCVo1i7BrX0XG9stct4oiA6ejX9Oz,1610555721.51RNoQUMP19FTMS79BmA3JkgSm2IC2AQuQ,1610555971.86O0cHB2ibBJ8jxoObg01EpGe8VVV5mpwn,1610556911.51zU3duZSGpcw1BDNsBLxdOCITAXwl6z3i,1610555988.71dMoYT8250UHHJGxgmITTmbHe7V6gH1yU,1610556042.81mlUZsSp7gbGjrp8jQSnybT1gPy6e62o1,1610555637.02UBW5nKvDyUrKnaWcYRGajZPxTRDS0q3N,1610555619.13oUYNikU4facCTpUSiSLr0vPI0tJLnXiT,1610555721.03nzkucfjAUh31zTbmCVvTVYqtjoxZFnBh,1610555722.67fhKURdXVzRbLIjXmjRwdJHTnE7PWb1AE,1610555638.39J2ZWBLuLTHP0jOlzB4tNHmYeijH5g5YJ,1610556032.17Q6yCDx9g7alRnL9jBFXD2JhhUyB2hKfJ,1610557007.49MyVgDnuUuBxrvL6SGOdhKf69VYlW1MSm,1610555638.44hjT5hbYdKoE3MB6hijrjqbjmLgvCUYKD,1610555608.13zUvmFSCRt6SsLbhqFznMEvGx54GPGQzM,1610556038.62a5C4ynd1AARyAhTv8a58NCqHvXRjscqH,1610555644.45Xse8u7pusHNsd7F3d0A32HXvXr6weOJE,1610556038.62gKXOCG7XCn55eJvyl5voNjbwOW0znQDq,1610555987.13v0oleKK97pkesp6oMgprH8SoSdoDVdIO,1610556964.96ZLLeiQW0qpmxhPGTg7K03fmzkqsC2bjC,1610555987.13VQlEedQ50VvkPMEMzZDv3KNnQCewykN9,1610555982.186TY6MMGkDecIN1woW6vsfAMXVV7jnyjO,1610555982.673LuMndkwkvdmZOn0MmE2Pkidx0FtNalb,1610555733.38zItcuH7gHNfKdALR2d9Nek6bxCyw36Vm,1610556034.15BQxSbZINGCay0yp6RBVlgcPrw76Yn9ON,1610555639.37BPZpgtGml8qUsh9AdV4m32jPLfI2aNFq,1610556965.57S0adAalhWYe6K3bkZU0bRHbqnDK8gGkR,1610555983.54zteLPCMjyrjzPdhHhlZr3faCgD0TfYr3,1610555987.79rHnNRmt9a0ufmnwCvZqBouyUoZDNpylW,1610556960.041xWER61rmArlsKfiMl4frikWmUCnQ7op,1610556035.13a7NHZDutfTMJ88qle1gTYY59Dr4WmMsj,1610556890.456ZBDaY16bMtrTZTqAgHl3wq1tRxzqDow,1610555760.24e6890pkbyZ97Or6croI1rQgjkSsR0yVt,1610556043.02YpWMIJg3W004iqlPyv8OcVAZdSC5rNYw,1610555987.03z05P26TLtONYM1HSzupoc2CeNMa6HTqr,1610556032.15OYCzUxpsz7b10AXBAuDXrvEcvxFhf0M7,1610556032.63Z80yI9pNwS3jSmsDABbuhf8wkNa2Ze9y,1610555736.28eGuESasTXdR3SqY6pHhEXWZtcdciYLCO,1610556034.61bebeZA0MkaFG2sm3VKiqrxeqQginTTW0,1610556944.5XwXOphKYT3ZkWA8gViqOS97VHVuMVUqb,1610556944.745UVLFBzf7fPh4UH37I6tYQOFPqRDytEh,1610556034.63XsUwaFaPZevO1JNFjfhvY4aKNFnV4noV,1610556964.89xwBHw9faT1HjQRMNQEyA4qJ3hWkwgj3k,1610556966.74DydzH91jtyvRyYau47JpVkZoMRSNTt01,1610555740.77UueVziDbaXyRR4OcVJIIZyzOfAzN51bj,1610556046.84e3vwjyRCzqz0wJQhrk8zsxlFfFSv98Df,1610556137.99eoPuVrDThKAOvmeprLPb2FWRqIhzUodc,1610555740.73XFwSrmTXJPlaxGZSefh0jOVA8PI3III1,1610556123.88AOfNaz9jSnqU5Czc7okOv1RCrYfKFBTo,1610556046.85nB7NvyoYQeLcOV391Lmmut1wAM8CFGLw,1610556123.89H4pdIAzDthI7bMXMhlIhKUYIQIvtmPPQ,1610555740.87GOYQUJKpkynIS2lFqppYK4b32ol7NeGh
1610555604.25mOvVXuL01OCiReyVWBfesjuvXmB3MoPy,0.0,1295.5508896211522,302.15244346942086,1197.9781657852657,651.5912485636302,845.7419327508408,652.0898141450974,273.53157151014454,346.32185482695695,934.8563913401362,1217.578130647534,1295.0633906193223,1011.2871209192813,274.78524215037424,1128.1506876237863,1008.8283900497265,1137.4374082979218,1277.723498293004,519.5664208923188,1080.155509404567,1303.064184590878,1246.9434728745334,878.5095585398656,318.4449727573201,1097.3421797146432,848.1088792809161,751.6433733865493,1186.4497044586365,1204.9712487453037,763.686520054869,814.3411748186393,774.072844977143,1030.5697714027554,1251.3328762525073,1162.8691316754623,1056.1040934434968,1037.9060040407535,1365.163167313046,1210.2787382346894,829.6833641550445,1029.704204398827,1312.9049435628747,1032.537775643993,1113.001241867727,1311.4961895142092,1285.6253290804168,1297.4376231675096,920.6707175572649,1169.2054452284103,1137.282971742834,1141.5422295315452,839.9055405161814,1286.3966873079278,1387.5251695413497,868.1986490490506,1003.713139327183,1095.2481923884652,1295.7156902300467,1126.2192028290644,1088.1860504299025,1317.5195976927205,1198.5944921519508,1345.240666396227,1164.3585196515648,1327.759596237932,1135.8477183713735,931.5865316705515,1245.2965897160125
1610555605.43B6oDsBtWRQ29Q9UMQuTUEPZy3FSSWXzc,1295.5508896211522,0.0,1329.8167256793897,922.9837535110711,1323.9423266666195,1263.4610669185645,1297.5958410393346,1335.7649771309425,1327.483389759572,1162.6308180484646,1178.334159278918,1350.0016943780004,1042.2409093276192,1314.415479353483,1311.910088985871,1368.3627624173287,1284.806796767742,1101.952269984471,1255.5774751761576,1373.925236516246,1332.9511389188742,1128.6545121320853,1257.6809143211303,1339.205303481669,1223.1860105180745,1262.2998844303188,1326.6243816278063,1248.039075978559,1197.3275493845679,1211.731741499008,1350.5471928989728,1134.8195980432092,1091.9917944345095,1038.2365661679844,1308.2449413301595,1344.6374410346803,1398.9685920875127,959.3546902257187,916.2947178933406,1325.318676525332,1363.7917198561286,1272.8699072956479,1341.448847222677,1100.4216261054555,958.4630064317038,895.2989152848658,1463.9836724903196,1165.7271159806137,1054.4720176314256,1340.6587002468948,1233.0002461022764,1326.099914646418,1319.4208842617952,1191.3369649177048,1382.5516682539192,1361.4904429907556,1341.8112131449648,1178.7194827333876,1167.86173346332,1242.6721964493718,1304.9577714606519,1276.4685682821428,1023.2594106127233,1305.4944717991975,965.399728590593,1309.4673000959262,1257.888647069872,1306.3781721205814
1610555610.92HPGJJSmyPM40z7otPBgHalNrHFA7zk5d,302.15244346942086,1329.8167256793897,0.0,1169.5484845161188,671.853094323938,871.7557175663496,646.034039129064,195.7265600004698,277.6658618706752,977.4439635767154,1188.2839578830278,1262.5567160050143,1054.5416511708104,276.62981644994306,1084.3161254487022,975.2529744180223,1105.152709937865,1307.366963632487,546.740159814689,1053.33105515055,1269.7345136762206,1213.8893325542956,904.4849444857639,142.44577813853104,1120.155589554008,829.4723535271122,764.6436818036432,1158.6794374993628,1178.1790484669207,766.8573577830898,819.4192358674233,827.6226591594384,1072.5657794845015,1283.0034329596358,1124.4198455431165,1017.3549514903683,1024.1579907163941,1398.1630700078233,1236.250895272864,861.4152557777444,979.2932730812524,1285.6261402356963,986.5377928668318,1076.9530889723674,1284.077194456638,1315.361365556995,1273.0763639470617,963.7049799015206,1203.6648018213912,1106.4121078298472,1110.1832795542853,802.0326680285417,1314.5431098236788,1360.8172328226017,875.5061378794253,1005.7964294657446,1053.5278648802614,1264.0776748380042,1155.4868003993388,1092.4195332089698,1345.9828384123036,1218.6119742923145,1377.8578081485996,1184.6615338050287,1358.542472573611,1162.779746261744,893.4086561244957,1275.3906032760408
1610555606.68LaSQbm9EHAFycEfFtEqAwYqlBsQPjIRW,1197.9781657852657,922.9837535110711,1169.5484845161188,0.0,1236.1632239966507,1332.9215630854208,1200.9327360363445,1178.6096708271,1172.469531414948,1365.6820564270938,1015.5079188221407,1131.7740496347935,1269.3058704948462,1199.0648449547416,1308.9970867060983,1281.8639722214177,1157.348929981663,1199.0885818367815,1130.4280504319092,1277.2857088961198,1201.9356244168052,1114.8979673757642,1371.8685794375301,1171.5916570727086,1378.659138145825,1279.3739647381828,1261.385034309144,1112.134631294494,1229.0589374016429,1210.161860274055,1276.5299104718413,1309.7527622437672,1308.2652608405517,1285.0277510037345,1190.5325320649865,1109.22754298245,1305.0874832586421,1176.9527080931375,1169.3406741411927,1209.0439881214622,1132.8497642741838,1131.3486454973092,1226.47319131663,1030.6550224449047,867.6451884418344,1190.1577473765137,1558.2030127955195,1240.0952818999206,1306.2913119364273,1224.2263806653334,1126.729542596371,1128.1574781455092,1389.337522856124,1245.7143246720145,1311.394807235465,1435.5910001765972,1221.237421518733,1162.534672049165,1237.7952457791257,1340.5709638815406,1368.209843371196,1304.171637070036,1136.317592691878,1283.1514898316584,1139.6670856719004,1295.4613982666533,1018.4642744857078,1296.4539408547926
1610555617.19EKxMEwDHfXiEJZc27TsGoERaD6Da4BZU,651.5912485636302,1323.9423266666195,671.853094323938,1236.1632239966507,0.0,927.3880355960231,370.09016093705793,630.6556183794582,641.7325429838426,869.3097564707523,1167.7949741364055,1363.8577846294181,1045.8799411268208,688.3256579523621,1147.3294152870285,1099.7584973666426,1080.6236403309497,1302.1576712292344,805.6114334219068,1144.9324613116776,1289.4237158274286,1184.866936165311,643.8826370670685,668.2858657793773,984.8511269430329,872.1737466352306,626.8013615906945,1241.98725069806,1250.9246962117534,541.7390747113651,714.9417393219834,620.9349669206414,1001.4464893704145,1318.8924672096996,1126.8961192329423,1033.7891320149847,966.919781083831,1339.060985652077,1225.799716403787,965.9502521654963,985.6855232360284,1265.0952415661486,987.3339789910617,1161.0734865919783,1257.1398032947438,1312.1846594449512,1240.0271247250487,856.8818384715752,1087.2362936393117,1008.2616549243501,1210.9383588764524,806.5480300365216,1352.8434073148928,1337.8924606268479,793.1018647209667,755.204510635326,953.7288625185109,1371.812280968658,1198.4415592964883,923.2381448092083,1335.8162568561847,1205.638935775923,1318.5531124277275,1108.6486757840319,1254.06124586129,1154.7507419282263,981.8446925113059,1264.726838130446
1610555722.52PJ3FD50MGhRXyUD28vluU8Z9UjLJLZn4,845.7419327508408,1263.4610669185645,871.7557175663496,1332.9215630854208,927.3880355960231,0.0,911.5713334269923,879.9776595216533,858.9373152714965,1017.2886392539115,1158.0446904779005,1264.3573871613344,1131.2308112865423,854.1230108183101,1101.8367837511814,999.2136887033117,1063.4874760354278,1135.7275581952465,686.4031902066166,1211.2183844398035,1188.4313123731451,1284.1669673548915,848.8529924632498,881.4208271809966,831.4695861425885,339.8218845389991,944.1693019125695,1168.7273126790813,1272.1972065329403,800.2304870358458,1058.5661272052037,827.982375795031,1147.5771550890738,1348.5078974909918,1161.6055100016067,1123.102551906003,1171.1880891761225,1460.7736676665165,1060.4251503138798,961.2183520105601,1033.9747464611153,1265.4622210879909,1109.2951484550256,1133.3620495945652,1275.093276822868,1123.6106307611647,1147.5811264525146,812.5179044900142,1183.5444897703073,1081.0907792580017,1085.1929801881151,967.6333570640121,1161.2833277611646,1390.0821188588768,1030.5102791547592,927.0683996293776,946.1440292737049,1167.5899323087765,993.4584326187515,859.881450860373,1267.3084131960393,1152.7942525845258,1395.9207317572493,1011.2512377500157,1334.336591121535,1074.8062801656374,898.9930075624252,1289.8395462603428
1610555617.52Ijr5puT55g9apK8auM7zaxa3NANg502t,652.0898141450974,1297.5958410393346,646.034039129064,1200.9327360363445,370.09016093705793,911.5713334269923,0.0,611.0476865722051,650.5480801249811,951.5058487589233,1126.603469779991,1387.5873909474142,1052.1997217448602,661.2257007048423,1140.657471606152,1155.2663422577714,1035.0961400410151,1274.2952664224358,787.5257896158251,1207.207698344742,1317.145859240056,1146.8148546522186,744.6710060163592,648.6759579471446,1026.840204107491,843.4082416873906,709.295958985763,1212.3673469068196,1244.8332139598524,435.6318509398488,791.1171018293624,608.9343317999492,1072.8519179325474,1381.2969419018243,1184.1853968941823,1054.584156406338,1033.1234774135025,1401.3275090010916,1198.9261543981543,965.0092780824966,1044.2331978965065,1233.1457813322227,1050.6708080376134,1124.8339817360106,1222.6969433282623,1283.5618243904953,1296.7890273350126,832.1045428751326,1137.0159833080452,1047.9596026108372,1236.693156009327,875.6221532878152,1334.0328609967135,1331.846925410754,857.8035028383673,834.9890551995464,914.3855304937041,1397.3444983098277,1231.395046465895,878.2190885735939,1317.978185705028,1179.4726319095273,1380.9003848316445,1079.1105856764057,1294.3156162982395,1129.7072185894892,951.3530491166158,1245.5728561506676
1610555638.77ZLjTLkz4jYJdFMI2wWBztzsDILkoOtAk,273.53157151014454,1335.7649771309425,195.7265600004698,1178.6096708271,630.6556183794582,879.9776595216533,611.0476865722051,0.0,321.12961944606,984.8416920239056,1200.6582824533932,1273.865344578798,1061.4153603280422,273.1380156308665,1097.1678441809051,988.5995877028924,1116.351025301733,1314.2329232934035,558.198502494576,1055.344530954138,1281.172725972348,1224.1583817541114,883.2853636315219,161.64994397341502,1126.7561403696889,839.4348925980421,741.4682225448131,1168.1051018030869,1192.4885446171386,735.7231082273676,791.549816139764,791.5825161704003,1078.9767832019302,1289.830436786932,1137.3742244165558,1032.613206965192,1013.1522822071256,1403.8740472260824,1243.5621268029251,869.2570579341457,993.8866092425559,1295.5721084407642,998.4471917731292,1087.0889014571637,1294.5190923317466,1322.5702443122632,1283.0588719063169,954.3765348228013,1210.3186769066058,1117.840540335945,1121.445446957787,814.3876887606594,1319.2125410709325,1370.3698087755972,850.1556305020946,987.1977492285856,1063.8320648457568,1275.0505359940416,1163.3558556873638,1064.7355242663164,1352.0282204414248,1226.0947719672356,1387.2849313053466,1189.9959131490311,1366.6669151370222,1170.7330364252628,907.4437054902585,1279.9734628134904
1610556912.46C7tJPLF0XfNnm8f1820X9aLmXMHoc0Dw,346.32185482695695,1327.483389759572,277.6658618706752,1172.469531414948,641.7325429838426,858.9373152714965,650.5480801249811,321.12961944606,0.0,973.3003057419567,1186.0839754779481,1262.8383048854798,1051.0404592114992,327.5576922499784,1081.9956334969052,973.1320196531501,1099.0375836155117,1303.6873243969499,532.0660145711707,1053.884664806664,1260.6432019797228,1206.2611029527145,894.3844126131753,291.4013119945684,1109.7895873609828,814.9088888794319,763.47858225252,1148.8617536036165,1176.52872358505,761.8771824582941,821.2695177914937,819.154430668204,1067.5434657271592,1274.2363834982814,1118.5774245332075,1011.1484985710955,1018.4466295128773,1391.1576222320994,1229.7302372908264,862.9049821392483,977.7669046887979,1278.495446401664,977.4136126468185,1071.6933894323759,1280.7716739004538,1312.7099238658554,1261.8696078710145,955.7255985332172,1199.003047168784,1095.824298529386,1109.6898790040095,798.3911372796241,1309.2595455711419,1352.8304568693768,878.8256809593443,990.4980247640394,1045.0237784222238,1264.8375614575427,1149.9133438806805,1084.2779251010613,1338.0904770180202,1209.5246145843528,1375.0311624897888,1174.5185926494305,1358.515933655336,1154.796512521662,898.741707043861,1263.6923155889242
1610555617.51LjzIROg0aeCP2GhDcAVQ0LipKJB9jmKc,934.8563913401362,1162.6308180484646,977.4439635767154,1365.6820564270938,869.3097564707523,1017.2886392539115,951.5058487589233,984.8416920239056,973.3003057419567,0.0,1338.7417587042341,1458.7042963425774,593.2012493226683,959.4968600806942,1143.1788676429617,1110.2712713418357,1268.7492275908596,1274.426857318847,1025.504792466004,1233.0859751943476,1445.1448648752605,1289.0158571632692,745.4404781903812,987.0500393377754,1048.9079096194096,1025.5096212002004,876.8808534217263,1379.2286107704717,1379.532385666722,903.5500426682988,911.9304678597883,798.4820512102714,426.72665492778975,1131.1799454573684,1214.525653431581,1190.6612972613061,1132.73122467165,1153.0849112091278,1252.9400452267412,1017.1357436949295,1219.8185145937573,1413.2990363628535,1069.3768227317794,1330.2887736951961,1353.7863964304604,1274.4426879637415,1093.0554402516527,983.5651505348926,736.7560649176651,1163.3297266508714,1175.5890409468495,975.0977973123817,1334.84597318118,1442.7377281015017,975.862325440422,1000.2566961250697,1252.5403369608068,1279.579521273784,1089.2664826006294,1068.57302862692,1241.140736396495,1360.8861523162545,1238.6504162164886,1292.3791517976495,1186.9846509317333,1261.0694653083883,1155.9090990260645,1241.7224424892488
1610555608.17OpjjHobqRkX0UPcaXrbu7K6L3805SZri,1217.578130647534,1178.334159278918,1188.2839578830278,1015.5079188221407,1167.7949741364055,1158.0446904779005,1126.603469779991,1200.6582824533932,1186.0839754779481,1338.7417587042341,0.0,1154.7242319645711,1363.6142658745448,1224.050778682576,1228.1678123983859,1167.3186315909752,601.249831923125,1056.423052712966,1155.4444115909994,1317.651614959465,1114.16938382897,911.7835644051843,1210.7389321930689,1193.1622360149124,1097.2117667089142,1089.2014016068304,1185.6764937334042,1060.9909893387685,1144.60156986489,1135.754656195849,1200.3093275771134,1238.5360320688046,1376.2017287451708,1365.023155748707,1182.4095937413153,992.3824270045994,1265.5987899351544,1286.5980746731132,1056.1148799422047,1242.519916756468,1236.3274059862904,799.7129435291556,1237.552144473605,1172.1127391787434,1133.7837512449007,1055.6326708578463,1507.6889662092426,1170.8774514782494,1297.8843904630712,850.332754066981,1199.676152181032,1156.7666672675825,1296.1818122441862,1172.7862680474914,1240.4552456705533,1177.3381504191227,895.0038275960392,1189.208179239749,1174.255992343485,1047.5648981654144,1186.3779527506126,1040.3652107201974,1245.3834730923302,1081.9159480697888,1142.776595784318,961.0064099991362,910.0273191284971,1212.3030477179807
1610555721.82zWeNZfGUUfRJkgnAwlP8VMhPzXctnSd4,1295.0633906193223,1350.0016943780004,1262.5567160050143,1131.7740496347935,1363.8577846294181,1264.3573871613344,1387.5873909474142,1273.865344578798,1262.8383048854798,1458.7042963425774,1154.7242319645711,0.0,1534.5438825255922,1295.5080473848786,1308.787059096625,1015.5271779060708,1171.1240620615565,1138.1211541652622,1239.1007781953238,934.2106313571894,588.57270229091,1148.6510891623893,1384.7865559908398,1265.1070936638926,1286.031128343764,1272.6193150201736,1299.7742683960635,928.8318563828665,1244.449763092648,1406.9556315724715,1295.2214325476566,1480.1267250584901,1469.0694528361046,1311.7249709304817,1047.1168061241249,982.09518139675,1145.6868266794725,1411.7379558306359,1329.9178587445942,1305.6703268163508,1102.0023312009423,1085.6093898587965,1226.5583932205445,1070.532875297339,1231.5455085248489,1305.1161536008592,1298.0498885344166,1325.3800364715871,1419.662854992433,1110.7557804848336,862.4731213386955,1136.8578379781457,1336.7672421487073,1401.4952876296354,1228.3513214774248,1352.5358704233174,1224.3136698385024,753.4113152421951,1007.9412166647849,1340.0119358500974,1334.1926335005226,1302.2831702417334,1223.0261090160466,1268.7798977538944,1209.8858359865594,1289.9707889873405,1082.8712371814818,1353.086008450064
1610555735.75bom85BDF0C7W2eIseHeMxi24qR68nzMi,1011.2871209192813,1042.2409093276192,1054.5416511708104,1269.3058704948462,1045.8799411268208,1131.2308112865423,1052.1997217448602,1061.4153603280422,1051.0404592114992,593.2012493226683,1363.6142658745448,1534.5438825255922,0.0,1036.4677973304665,1176.957826573432,1233.5586593481348,1339.3597877200807,1266.9782124577862,1125.6374432692317,1310.7847998595303,1524.5594822533903,1286.3790700362204,973.1719637103234,1064.4848324160364,1252.673935310078,1140.9844288828592,1053.8336844168323,1383.035681770121,1269.9186420635567,1014.0915376122333,1080.446587192159,923.5939259172234,366.9606185940386,1165.0890969639233,1323.4715000770236,1286.6653919598648,1261.323464445843,1137.4394401896152,1157.9459154770386,1063.058444503856,1330.0289604638735,1413.1298729772675,1203.0697335603593,1299.4704712135383,1293.8771224037148,1268.6026453194997,1177.6424986670104,1063.6460216697699,916.8842341597687,1330.312839889812,1238.146037623094,1157.535695293526,1362.6932723440257,1342.5807924540895,1132.6549218280356,1192.8575876725304,1347.164388791768,1366.765914811082,1158.3386033071085,1180.6021939158973,1237.0443775742374,1355.30300594509,1213.486597668792,1323.7001091028915,1213.3118311251621,1327.4062849860875,1202.9350431984367,1240.3976071346208
1610555735.77NnT5xqKnwcf2BbjIekeb2arTQj6QMNwk,274.78524215037424,1314.415479353483,276.62981644994306,1199.0648449547416,688.3256579523621,854.1230108183101,661.2257007048423,273.1380156308665,327.5576922499784,959.4968600806942,1224.050778682576,1295.5080473848786,1036.4677973304665,0.0,1118.1094566837182,1008.1533337347923,1139.0685528819122,1292.2658600906145,515.9017405562341,1090.1058658161282,1306.4568922999933,1248.345939411085,910.7890799807672,286.32147977246717,1106.7209879388029,847.1824289490787,780.8259689363091,1192.2218366781435,1218.9183805030052,787.0245253469482,843.3382207739178,811.4388652020348,1056.1757301811658,1273.0723402342207,1158.1250015234998,1051.8752671650025,1050.9119322695278,1388.072964847746,1225.438001422625,831.9467412268792,1019.7625055979057,1319.6373761617758,1023.9909622221265,1118.5206313565416,1315.5078614931701,1300.9186244090333,1303.9054050626357,942.3315059628155,1190.7798824720476,1144.2362869741796,1142.5593869342433,832.4732796921395,1304.3148146620524,1395.149879616204,892.8009203251385,1029.4912930309222,1092.8115841713031,1295.5756151312123,1141.7193442007017,1110.8409935838652,1331.6591536522676,1205.6168725010818,1368.4841745603892,1169.1827672811812,1349.6922962869328,1145.0919987367963,929.5711015352026,1258.0420109881697
1610555638.33wjf1PhdNaoWfbRzXVn50hmFyB5bYAiLV,1128.1506876237863,1311.910088985871,1084.3161254487022,1308.9970867060983,1147.3294152870285,1101.8367837511814,1140.657471606152,1097.1678441809051,1081.9956334969052,1143.1788676429617,1228.1678123983859,1308.787059096625,1176.957826573432,1118.1094566837182,0.0,1018.7450776129303,1132.3457529862462,1385.4655920037007,1105.1924513008612,1093.84988585536,1310.1722075599662,1197.055304197151,993.6429272650357,1085.9335524082007,1094.9660479564945,1044.699865380024,972.7410603157507,1398.3073232365414,1394.1332687191746,1077.8007771468244,982.9546474043707,1032.3415081434207,1200.0556612174828,1463.2660400638476,891.6896689277576,1138.1599544532037,906.1267068067677,1481.2430409195165,1209.8547533048663,1086.003053978553,977.4468197011562,1324.3214062391155,710.7508647985015,1231.0284576724403,1191.5067416916684,1373.9865447421055,1117.51733278962,1094.7155623508665,1198.5969842330217,1159.630479873285,1133.3463920990455,1119.145132218488,1498.5149776785331,1285.081822265135,1029.5007983684702,1060.7896295418768,1086.7180880673593,1113.9710955275548,1282.783599270147,893.2245156949974,1364.6366132917033,1249.265632376542,1363.6502682076346,1256.1558276173712,1354.5032960345525,1235.5913263693358,1076.197687669841,1458.8677803123078
1610555606.65jCE4ig8Pu8kvAzkxnSGfWsV0nQBjCf8H,1008.8283900497265,1368.3627624173287,975.2529744180223,1281.8639722214177,1099.7584973666426,999.2136887033117,1155.2663422577714,988.5995877028924,973.1320196531501,1110.2712713418357,1167.3186315909752,1015.5271779060708,1233.5586593481348,1008.1533337347923,1018.7450776129303,0.0,1084.4876135025465,1410.5512968008961,975.7392893277919,831.089753840466,1086.635360002363,1219.8266195834556,1001.7797542497149,978.0173866869911,1116.1125591183038,1032.788292397068,901.9077940476818,1133.1326459926613,1164.6823104365378,1184.5648802013857,874.7052877743315,1139.6062250713212,1177.4666141466264,1117.2411976162953,672.6757475568733,797.0751518185882,776.9336147743044,1235.8819027297611,1269.0846323357564,1002.3286611973834,849.1257799973918,1263.1303583062552,1043.8314131136708,1275.6234448382272,1261.159816860352,1417.3159193823412,1129.5263192598563,948.2304691745115,1185.4241867424612,971.1229940541704,832.8691707731218,815.2778273235921,1319.5516356932278,1365.046139670211,789.8092989015632,1087.7037019734037,1126.616053120099,876.234702715324,935.8094485932476,1052.261046367947,1282.192210848942,1302.5124886811034,1131.508855108098,1267.7459278112779,1216.9367377347203,1169.773862354271,864.2681741328436,1373.2299034421044
1610555608.18ONsBCVo1i7BrX0XG9stct4oiA6ejX9Oz,1137.4374082979218,1284.806796767742,1105.152709937865,1157.348929981663,1080.6236403309497,1063.4874760354278,1035.0961400410151,1116.351025301733,1099.0375836155117,1268.7492275908596,601.249831923125,1171.1240620615565,1339.3597877200807,1139.0685528819122,1132.3457529862462,1084.4876135025465,0.0,1061.6458844564816,1062.6809920167225,1337.2560936794505,1130.3576988876173,922.3718099582325,1127.6762147895072,1107.6205629287588,991.4583875232809,986.656191207934,1106.0219907113394,1085.8674387350998,1275.5858095346844,1041.5142558971068,1122.2754324112013,1152.3145254578228,1353.895049580396,1386.5605023360918,1083.9342562261907,876.3829279116895,1182.1506938864397,1400.4485711312661,1053.5656726318673,1155.0052964308768,1146.9285098166997,813.3909592988316,1146.032442073886,1193.3567982827751,1144.1873601375353,1061.7694961513996,1434.4108774277017,1073.8392325121515,1285.2786341372275,724.9574019167977,1222.268773095007,1067.7565703405328,1204.663636738255,1172.8857337394677,1165.8965766018275,1090.1529055737335,750.9468745344827,1205.5849360308919,1194.9932948822525,941.9685945812042,1077.7958330559443,886.9329093317406,1354.3690216876184,952.3301167270669,1251.105399504292,820.0213776491562,869.4966730114295,1113.545838508902
1610555721.51RNoQUMP19FTMS79BmA3JkgSm2IC2AQuQ,1277.723498293004,1101.952269984471,1307.366963632487,1199.0885818367815,1302.1576712292344,1135.7275581952465,1274.2952664224358,1314.2329232934035,1303.6873243969499,1274.426857318847,1056.423052712966,1138.1211541652622,1266.9782124577862,1292.2658600906145,1385.4655920037007,1410.5512968008961,1061.6458844564816,0.0,1228.6502691170224,1448.5292221509449,1210.4248557633066,1103.8674319785548,1248.5580336103249,1316.582419651193,1184.627564540861,1127.430977595981,1307.2516305892696,1237.8403164936713,1331.0169307893364,1192.0919010983282,1341.3076439181632,1247.9766988562328,1281.1660758456323,1412.016451833895,1434.2711246450156,1294.8499988637063,1494.927879993577,1427.8276533351268,1120.622871016274,1304.3689697235593,1389.4900627441102,1032.010028064077,1399.771519440151,1227.323191665114,1177.3773352256003,836.8907915436763,1539.3673970681277,1265.925634069854,1413.743563345329,1211.1337265888367,1242.9105242875753,1304.8240388965621,1355.5733183260245,1419.6233160187796,1374.4580400627121,1336.2332379342115,1210.9145367262568,1251.308044751709,1122.8590401716444,1226.279506912531,1247.2063640321715,1109.1297207474026,1390.9360830476483,1158.0939542501972,1296.7600019604304,1163.8902356930041,1172.641419605921,1275.8080090680978
1610555971.86O0cHB2ibBJ8jxoObg01EpGe8VVV5mpwn,519.5664208923188,1255.5774751761576,546.740159814689,1130.4280504319092,805.6114334219068,686.4031902066166,787.5257896158251,558.198502494576,532.0660145711707,1025.504792466004,1155.4444115909994,1239.1007781953238,1125.6374432692317,515.9017405562341,1105.1924513008612,975.7392893277919,1062.6809920167225,1228.6502691170224,0.0,1188.5022950858147,1255.1622111278168,1195.7079817005374,990.9789861339857,556.9168643185318,1003.037017574208,686.5299584252977,869.6303743918803,1121.3170258802236,1275.8690730180258,806.2419721240168,967.9109188180903,843.0895476803515,1141.1881490681515,1250.106823852082,1141.9197882811739,1086.2350096803,1151.5864657060458,1374.2399531176536,1164.4124367100997,784.6445604820589,1003.0851208074863,1261.9419642644964,1004.3443966870406,1051.4587396072561,1270.1988672367308,1229.8260947081776,1337.5828984061952,836.3699591947948,1203.9376804938508,1078.169724805086,1074.4129912244139,791.5906157669494,1197.2162050957486,1393.5198309673513,1011.9577370802848,1088.0689472810861,986.219194739779,1236.4335199626714,1067.2099181665951,1024.6578250836058,1263.6222289915236,1151.1380869954567,1443.70909747822,1053.779906992836,1358.5325499033902,1073.0296647413263,857.5068593982538,1184.430109720886
1610556911.51zU3duZSGpcw1BDNsBLxdOCITAXwl6z3i,1080.155509404567,1373.925236516246,1053.33105515055,1277.2857088961198,1144.9324613116776,1211.2183844398035,1207.207698344742,1055.344530954138,1053.884664806664,1233.0859751943476,1317.651614959465,934.2106313571894,1310.7847998595303,1090.1058658161282,1093.84988585536,831.089753840466,1337.2560936794505,1448.5292221509449,1188.5022950858147,0.0,938.5838014329161,1205.285849836305,1062.4173048919688,1055.5976960814912,1290.0982218347044,1231.856032185969,954.4783746236244,1150.4615616036422,1203.3953951925746,1277.9518681089726,938.9795469467608,1234.3564074230958,1238.8815399803514,1231.2998514319927,869.2428220600954,1023.66526620909,702.901771192349,1353.5203974690967,1385.0380850813492,1268.8838731699204,981.3815281763417,1307.3391164178374,1113.320880025202,1138.203521463922,1194.547152512198,1443.7801474790429,983.6285540235172,1166.526130543224,1246.0190918099113,1251.9793769617143,802.4298341343003,1106.6802848435318,1463.5673466226865,1384.5758985481702,841.8830927387542,1143.6644476526928,1283.4170792274122,781.4954680486914,997.1111662944202,1206.3602250579386,1437.2042186252706,1361.204755604281,1025.111084904815,1359.2526213445844,1108.2350127477077,1424.9835938540082,1154.9449616720965,1516.0026810458348
1610555988.71dMoYT8250UHHJGxgmITTmbHe7V6gH1yU,1303.064184590878,1332.9511389188742,1269.7345136762206,1201.9356244168052,1289.4237158274286,1188.4313123731451,1317.145859240056,1281.172725972348,1260.6432019797228,1445.1448648752605,1114.16938382897,588.57270229091,1524.5594822533903,1306.4568922999933,1310.1722075599662,1086.635360002363,1130.3576988876173,1210.4248557633066,1255.1622111278168,938.5838014329161,0.0,1024.9384634993519,1312.5994474899205,1272.8273674884106,1192.9519119655286,1191.5728446958237,1300.7878586155375,825.3826939096987,1294.4384528637481,1335.1184680454817,1298.1473812135262,1412.2013916436244,1456.3745456716863,1287.8700268901553,1051.434339207451,1053.8284057821102,1143.3022873601196,1376.8356836161129,1247.968140346939,1372.923864685563,1105.069574685312,999.3595588132156,1223.117642835704,952.8363976607872,1134.26394223759,1277.0727165398846,1212.1922358322236,1243.1651131826698,1403.7998654765627,1074.560698769995,919.0949959402983,1200.3742251232375,1284.7700565250384,1313.4995804028347,1232.9751714023846,1271.9706636642854,1117.676282072994,836.0417921268653,969.6155357432195,1254.3950351146013,1266.536990008903,1202.009925653668,1200.4091006977394,1158.0709545002776,1184.4218193464346,1262.8394152307646,1155.9697034268638,1287.9004045011975
1610556042.81mlUZsSp7gbGjrp8jQSnybT1gPy6e62o1,1246.9434728745334,1128.6545121320853,1213.8893325542956,1114.8979673757642,1184.866936165311,1284.1669673548915,1146.8148546522186,1224.1583817541114,1206.2611029527145,1289.0158571632692,911.7835644051843,1148.6510891623893,1286.3790700362204,1248.345939411085,1197.055304197151,1219.8266195834556,922.3718099582325,1103.8674319785548,1195.7079817005374,1205.285849836305,1024.9384634993519,0.0,1211.1963313731133,1217.0330743071456,1204.1418034750675,1216.4711852783482,1190.5586417165173,905.0934100707234,1302.8571118966272,1153.920284050743,1213.5815559692194,1163.332137868616,1299.8654320605422,1224.4724131351497,1183.3603709870924,1170.2267030012147,1258.1828259739916,1201.812710769943,1153.210669113507,1311.510725670024,1330.6673747089753,710.4960956364787,1257.428821414266,1063.7690922112292,984.3551232434809,1117.0198358737036,1402.6905848480992,1087.1300819598755,1329.364454022372,1071.7519287521495,1134.0232878329493,1227.9729582757254,1286.9078853612366,1243.5323292663368,1247.9598007694242,1280.471514028813,1004.3321634049712,1113.9265656824027,1115.8071669123215,1026.5905840131895,1036.025428798096,1002.7362450220947,1282.809087727875,1021.4909588175456,1177.2654249704815,1127.3561464709078,1165.5022433025877,1068.166582785332
1610555637.02UBW5nKvDyUrKnaWcYRGajZPxTRDS0q3N,878.5095585398656,1257.6809143211303,904.4849444857639,1371.8685794375301,643.8826370670685,848.8529924632498,744.6710060163592,883.2853636315219,894.3844126131753,745.4404781903812,1210.7389321930689,1384.7865559908398,973.1719637103234,910.7890799807672,993.6429272650357,1001.7797542497149,1127.6762147895072,1248.5580336103249,990.9789861339857,1062.4173048919688,1312.5994474899205,1211.1963313731133,0.0,906.8140825437033,862.5262933037474,811.7595174171488,496.8257975151909,1387.8689640258226,1287.350298245368,687.8838575939853,587.9466862575954,583.2563164143618,894.3039237626704,1311.7994055556828,1032.2989233774126,1057.4856946802713,868.7453989004882,1322.470231374825,1153.0676894708538,1118.342204061497,1015.7534257622067,1309.0785794269157,1027.6771524512367,1316.7417442198757,1199.0272461354352,1244.353783808095,1072.7010250307537,860.0236840193347,978.136525108519,1026.5729223636538,1135.5752999208755,972.2240787992686,1377.0725556104414,1374.7050682805263,680.988051717122,637.6183600877561,1015.5517787198571,1207.9801402282528,1101.7913486071147,716.4451202677263,1288.314554131363,1229.705041181122,1204.7933783484998,1141.8968798182789,1139.1409644350338,1176.6302877305745,1035.6418903405224,1381.3509083647293
1610555619.13oUYNikU4facCTpUSiSLr0vPI0tJLnXiT,318.4449727573201,1339.205303481669,142.44577813853104,1171.5916570727086,668.2858657793773,881.4208271809966,648.6759579471446,161.64994397341502,291.4013119945684,987.0500393377754,1193.1622360149124,1265.1070936638926,1064.4848324160364,286.32147977246717,1085.9335524082007,978.0173866869911,1107.6205629287588,1316.582419651193,556.9168643185318,1055.5976960814912,1272.8273674884106,1217.0330743071456,906.8140825437033,0.0,1128.48541428347,834.1837588070357,765.7850670389453,1161.239134419243,1183.9031001973435,767.6917138679463,817.704841753147,830.6879760146146,1081.4728929300297,1292.2141296370403,1126.1893828405075,1019.0596808722537,1024.3911551190415,1407.0098831050966,1244.48772006268,869.7121391888595,979.9073620515477,1288.842516686491,986.1756092510125,1078.6106809754294,1287.8306318367247,1325.2679519328199,1276.1169165032477,970.3698754310707,1212.517982791917,1108.7860027158756,1112.3641673018874,803.240038915307,1322.7156209662749,1363.7631787757323,875.1223386980434,1006.3854537577016,1054.912711050504,1266.2697593543483,1164.7540071455658,1091.4909438409734,1354.546280651665,1226.509499322886,1388.419527617892,1192.0232504244568,1368.9032572474484,1171.4505015898224,896.2140147487756,1283.0264786999485
1610555721.03nzkucfjAUh31zTbmCVvTVYqtjoxZFnBh,1097.3421797146432,1223.1860105180745,1120.155589554008,1378.659138145825,984.8511269430329,831.4695861425885,1026.840204107491,1126.7561403696889,1109.7895873609828,1048.9079096194096,1097.2117667089142,1286.031128343764,1252.673935310078,1106.7209879388029,1094.9660479564945,1116.1125591183038,991.4583875232809,1184.627564540861,1003.037017574208,1290.0982218347044,1192.9519119655286,1204.1418034750675,862.5262933037474,1128.48541428347,0.0,814.4394359080102,999.6058607437112,1296.0501196823022,1304.9055222463433,915.8309596219945,1075.9286102916103,901.553217133472,1178.93658798524,1280.4666306701154,1113.3672571315306,1052.7497198386222,1144.4120532314769,1288.2915098989179,817.9083337731976,1184.3108018027845,1115.7799887476954,1207.1056247862005,998.1907224815152,1307.1283105143036,1290.9859875733669,1076.0713725916228,1222.706828369802,944.1127441866983,1008.2369872754364,908.2356310655538,1265.112555964386,1089.7514924312422,1118.857782549699,1261.6991196985718,1118.9147118218195,660.0879551974625,812.781789623243,1205.0646468251591,1166.573962555116,783.7546691252609,1204.1829181391108,991.0965207403951,1286.987021958385,891.1795811395751,1101.6293100951875,1009.9785024311592,1084.137537073513,1233.910237861745
1610555722.67fhKURdXVzRbLIjXmjRwdJHTnE7PWb1AE,848.1088792809161,1262.2998844303188,829.4723535271122,1279.3739647381828,872.1737466352306,339.8218845389991,843.4082416873906,839.4348925980421,814.9088888794319,1025.5096212002004,1089.2014016068304,1272.6193150201736,1140.9844288828592,847.1824289490787,1044.699865380024,1032.788292397068,986.656191207934,1127.430977595981,686.5299584252977,1231.856032185969,1191.5728446958237,1216.4711852783482,811.7595174171488,834.1837588070357,814.4394359080102,0.0,901.8149861213678,1180.3424201644007,1230.2235430429798,724.7369950774241,1011.9095444447601,804.0279076403025,1156.7366916963672,1357.2275201641482,1181.4445349042048,1125.9287003991676,1191.6277324691587,1467.462211254266,1051.0051315459598,1050.472551769447,1053.0642176596475,1199.8195780317615,1054.4833036233226,1107.1318116603866,1211.3331877993903,1119.4642024290158,1157.5512430998779,890.5426839261428,1180.5686763385409,1013.1300576684766,1101.0246594475025,999.331164341599,1151.483200275283,1342.5829144060888,1062.5091381644158,867.7685532489097,851.475167965538,1180.0798605967846,1066.653926301019,774.8774916275237,1260.381251999564,1137.5940117556388,1448.9293607795694,985.6958336899264,1328.1355058961854,1066.465313810665,920.2412953539491,1281.9461293063039
1610555638.39J2ZWBLuLTHP0jOlzB4tNHmYeijH5g5YJ,751.6433733865493,1326.6243816278063,764.6436818036432,1261.385034309144,626.8013615906945,944.1693019125695,709.295958985763,741.4682225448131,763.47858225252,876.8808534217263,1185.6764937334042,1299.7742683960635,1053.8336844168323,780.8259689363091,972.7410603157507,901.9077940476818,1106.0219907113394,1307.2516305892696,869.6303743918803,954.4783746236244,1300.7878586155375,1190.5586417165173,496.8257975151909,765.7850670389453,999.6058607437112,901.8149861213678,0.0,1360.929491339675,1265.2789031987338,807.4667861745592,402.2236845238546,723.4649550076531,1003.4185960797139,1321.5168222389552,932.9003321641951,951.8337899604861,750.9909515038044,1334.593241031659,1237.8696289838522,998.050920324972,895.4282346348668,1281.3436216567222,1026.6543388307896,1287.0556492781034,1175.1663889594433,1317.2915567292137,1156.8664915398224,836.3951757205493,1090.452172024632,1018.865078451801,1045.0648961639922,852.7430457556515,1359.3091833303968,1358.9939326830279,522.6413737842537,804.4831814364808,993.1755010725085,1204.936018417851,1092.4903551502334,844.5448051768251,1278.643439247695,1220.7705126575486,1209.6357732707436,1124.3880026938334,1141.445525448394,1168.0923186170767,885.2794312038617,1370.4644619382195
1610556032.17Q6yCDx9g7alRnL9jBFXD2JhhUyB2hKfJ,1186.4497044586365,1248.039075978559,1158.6794374993628,1112.134631294494,1241.98725069806,1168.7273126790813,1212.3673469068196,1168.1051018030869,1148.8617536036165,1379.2286107704717,1060.9909893387685,928.8318563828665,1383.035681770121,1192.2218366781435,1398.3073232365414,1133.1326459926613,1085.8674387350998,1237.8403164936713,1121.3170258802236,1150.4615616036422,825.3826939096987,905.0934100707234,1387.8689640258226,1161.239134419243,1296.0501196823022,1180.3424201644007,1360.929491339675,0.0,1231.5299543584474,1227.3586874157993,1383.6139284399676,1316.2848454263944,1392.1720027866374,1208.892109832836,1252.0874402216343,1105.148059394485,1327.773307076949,1308.9001227933572,1251.9668429798717,1213.3177517918423,1306.5930141667804,916.0506137514836,1309.8562223887354,918.6015259034289,1227.1972489753246,1237.4884421906384,1381.826382299759,1166.1415887071305,1407.4736927263668,1127.187665780903,1021.1477686958049,1131.723551569602,1125.13823863323,1399.636507870623,1321.3656185700659,1362.7422333401407,1050.4288730060207,1005.3254217188033,1004.0326999250318,1259.592317861018,1122.1763804338113,1232.9624958760064,1319.9801143828927,1093.023622951095,1301.4182885061011,1195.3629002617029,1091.696677006939,992.6996222250586
