,square,rectangle,parallelogram,losange,isoTrapezoid,kite,rightKite,rustedHinge,hinge,trapezoid,random
square,0.00894678779187239,0.010807672753441326,0.014144981404141962,0.016614953300301192,0.012021362468451324,0.01210201053434978,0.011763832755796774,0.013701590088019544,0.013070621889199958,0.012322631313310232,0.015027250309699734
rectangle,0.010807672753441326,0.008888053062191894,0.01190600909446824,0.0148620756255859,0.014680521417185588,0.01341718629180709,0.013230799310480589,0.013050832965903059,0.012001680779721375,0.013187281087877516,0.016447429892528554
parallelogram,0.014144981404141964,0.011906009094468237,0.01029443202018961,0.012030734102171727,0.016143389956523896,0.015759705685611906,0.014806290085600965,0.014160539168469741,0.013181909823527483,0.01294216498547855,0.015391011864523555
losange,0.016614953300301192,0.0148620756255859,0.012030734102171729,0.010678597230560248,0.01724412870806695,0.01756055926823214,0.016454567045782603,0.015472329066901427,0.014875861849326278,0.01350870848422664,0.01460552082574208
isoTrapezoid,0.012021362468451324,0.014680521417185588,0.016143389956523896,0.017244128708066953,0.009882539910965485,0.012026714916613033,0.01153991379756738,0.015261313453287892,0.01517822404259754,0.01213644606955981,0.013483163150247461
kite,0.01210201053434978,0.01341718629180709,0.015759705685611903,0.017560559268232145,0.012026714916613031,0.009964865989927815,0.010772856965159741,0.014789423894446483,0.014564143572220849,0.01399216380072778,0.01573648385626413
rightKite,0.011763832755796774,0.013230799310480589,0.014806290085600965,0.016454567045782603,0.01153991379756738,0.010772856965159741,0.009589324255088431,0.014151819209562367,0.013924043883064185,0.012190050567466344,0.0143086406949726
rustedHinge,0.013701590088019544,0.013050832965903059,0.014160539168469741,0.015472329066901427,0.015261313453287892,0.014789423894446482,0.014151819209562367,0.009823743796112044,0.010236871993734128,0.01411978978252975,0.014756487937464145
hinge,0.013070621889199958,0.012001680779721375,0.013181909823527483,0.014875861849326278,0.01517822404259754,0.014564143572220852,0.013924043883064185,0.010236871993734128,0.009825212262124997,0.013648791255663824,0.014618328775693154
trapezoid,0.012322631313310232,0.013187281087877516,0.01294216498547855,0.01350870848422664,0.01213644606955981,0.013992163800727785,0.012190050567466344,0.014119789782529747,0.013648791255663824,0.009931563877166304,0.011753175237216813
random,0.015027250309699734,0.016447429892528558,0.015391011864523555,0.01460552082574208,0.013483163150247465,0.01573648385626413,0.0143086406949726,0.014756487937464145,0.014618328775693154,0.011753175237216813,0.01041278727590564
