,square,rectangle,parallelogram,losange,isoTrapezoid,kite,rightKite,rustedHinge,hinge,trapezoid,random
square,0.016771733068108766,0.021213394389091214,0.03160772938091755,0.03769091619350753,0.02826967674392006,0.027297375829745122,0.02623508662931217,0.03162903875088267,0.02883306457037567,0.02878215429333136,0.036346383523833056
rectangle,0.021213394389091218,0.017100965546919648,0.027281323756389305,0.03483913735314129,0.03438531198321461,0.030834793511886182,0.030116854390438704,0.03139864544314931,0.02763713456881191,0.03136337782102963,0.040311125406250925
parallelogram,0.031607729380917556,0.027281323756389305,0.02212435665585153,0.026261424792463427,0.03584044789337441,0.03476959400063892,0.03310486239039977,0.03329989718147583,0.03091826230246261,0.02907704037128043,0.0365576705221252
losange,0.03769091619350753,0.03483913735314129,0.026261424792463427,0.02271734450311063,0.03777814779362661,0.03820593081425588,0.03601686810972772,0.0352690984031949,0.03413366466749494,0.029966775219185848,0.03410854986704724
isoTrapezoid,0.02826967674392006,0.03438531198321461,0.03584044789337441,0.03777814779362661,0.020862763933506338,0.026462095628981913,0.024872894876963498,0.03420267640234389,0.03370851904372125,0.02625985830460037,0.030278233475422748
kite,0.027297375829745122,0.030834793511886185,0.03476959400063892,0.03820593081425588,0.026462095628981913,0.02076700652096757,0.022300306075712435,0.031768645729574725,0.03075677053108286,0.03060837272936336,0.03436862395359374
rightKite,0.02623508662931217,0.030116854390438704,0.03310486239039977,0.03601686810972772,0.024872894876963498,0.02230030607571244,0.019088821467610567,0.02949801011059022,0.028692035485833718,0.02681710984268153,0.03139497758666101
rustedHinge,0.03162903875088266,0.03139864544314932,0.03329989718147583,0.0352690984031949,0.03420267640234389,0.031768645729574725,0.02949801011059022,0.020359184405616824,0.021337829961628963,0.03271643908000673,0.033036044716828965
hinge,0.028833064570375672,0.02763713456881191,0.03091826230246261,0.03413366466749495,0.03370851904372125,0.03075677053108286,0.028692035485833718,0.021337829961628963,0.019994526406095513,0.03141886407449463,0.03281349839351889
trapezoid,0.028782154293331367,0.03136337782102964,0.02907704037128042,0.029966775219185848,0.02625985830460037,0.03060837272936336,0.026817109842681534,0.03271643908000673,0.03141886407449464,0.021397136413824368,0.027143982988875513
random,0.03634638352383305,0.040311125406250925,0.0365576705221252,0.03410854986704724,0.030278233475422748,0.03436862395359374,0.03139497758666101,0.03303604471682896,0.03281349839351889,0.027143982988875517,0.022865604546305856
