,square,rectangle,parallelogram,losange,isoTrapezoid,kite,rightKite,rustedHinge,hinge,trapezoid,random
square,0.026260422253893103,0.03156560974647714,0.03875209959156506,0.04408970701676524,0.031055115563657094,0.030767260863632302,0.029657262677996944,0.035079820297722455,0.033832094077527436,0.03251778654908703,0.03830919941687819
rectangle,0.03156560974647714,0.026159534747121183,0.032282509587371895,0.038882470154025066,0.038998436955222655,0.03481818420567174,0.034180022707590255,0.03308892423149974,0.030595161346987802,0.03509280624684849,0.04273302721863105
parallelogram,0.03875209959156506,0.032282509587371895,0.028895499652162024,0.032751391049230964,0.0436111864482269,0.042207602981706276,0.0394449220861789,0.03690315125320213,0.034182725318328416,0.035153627503008635,0.04137600843590187
losange,0.04408970701676524,0.038882470154025066,0.032751391049230964,0.029408021497425437,0.046124124464543954,0.04687470865013273,0.04379798467291945,0.04007688027219395,0.03835155480099717,0.03641870504148774,0.03901320943251292
isoTrapezoid,0.031055115563657087,0.038998436955222655,0.0436111864482269,0.046124124464543954,0.02727449959653867,0.03236670616760518,0.03137379668494183,0.040805286647119327,0.040246204417358246,0.0332684831038699,0.036538633921296956
kite,0.030767260863632302,0.03481818420567174,0.04220760298170628,0.046874708650132726,0.03236670616760519,0.02795634675720189,0.030143737422591837,0.0400457686535229,0.03918160225484292,0.037530348841764975,0.04301978197149989
rightKite,0.029657262677996947,0.034180022707590255,0.0394449220861789,0.043797984672919434,0.03137379668494183,0.030143737422591837,0.027456201340417447,0.03880208372362976,0.03775195025114275,0.03288888016521533,0.039520084502399626
rustedHinge,0.035079820297722455,0.033088924231499735,0.03690315125320213,0.04007688027219395,0.040805286647119327,0.0400457686535229,0.038802083723629754,0.027654158519547088,0.02842968276738299,0.037273896602350136,0.04035948023589458
hinge,0.03383209407752744,0.030595161346987802,0.034182725318328416,0.038351554800997174,0.040246204417358246,0.03918160225484292,0.03775195025114275,0.02842968276738299,0.02740987863896866,0.03571446013868132,0.03979780578502596
trapezoid,0.03251778654908703,0.03509280624684849,0.03515362750300864,0.03641870504148774,0.0332684831038699,0.037530348841764975,0.03288888016521533,0.037273896602350136,0.03571446013868132,0.027622764704065262,0.031995328461963846
random,0.03830919941687818,0.042733027218631044,0.04137600843590186,0.03901320943251293,0.03653863392129696,0.043019781971499894,0.039520084502399626,0.04035948023589458,0.03979780578502596,0.031995328461963846,0.02925215431139913
