,square,rectangle,parallelogram,losange,isoTrapezoid,kite,rightKite,rustedHinge,hinge,trapezoid,random
square,0.01442151765398253,0.017438655531852733,0.02369287658893781,0.02813723367837139,0.020168276977467318,0.020377863914430614,0.019894357720537523,0.023399467162185168,0.022116171281216866,0.021039526038250256,0.02585987286174293
rectangle,0.017438655531852736,0.014278903729697335,0.020175167842362094,0.02550713003419096,0.024431590621070816,0.02257686520397936,0.022368937030178667,0.022470701675619157,0.020514737643103673,0.022580776789979485,0.028203544723905034
parallelogram,0.023692876588937813,0.020175167842362094,0.017513208757734586,0.020752260264990205,0.02733066434189967,0.02695506238901609,0.025582822673631152,0.02520297171328631,0.02343273090046676,0.022348110917279153,0.027046027394987543
losange,0.02813723367837139,0.02550713003419096,0.020752260264990205,0.018480572005551022,0.02932868308672364,0.030123854420361477,0.02848744551219251,0.027710937328732237,0.026647171859251268,0.023305029468401257,0.02578424669802514
isoTrapezoid,0.020168276977467318,0.024431590621070816,0.027330664341899666,0.02932868308672364,0.016423746042076838,0.02041858145294247,0.019557514890397185,0.026331260662277534,0.025986199601302537,0.02042721422952109,0.023098868636505426
kite,0.020377863914430614,0.022576865203979356,0.02695506238901609,0.030123854420361477,0.02041858145294247,0.01672343165683014,0.018351569318746326,0.025576135133153172,0.024985327539003482,0.024066971329967157,0.027167861660545342
rightKite,0.019894357720537523,0.022368937030178667,0.025582822673631152,0.02848744551219251,0.019557514890397185,0.018351569318746326,0.016214647939521588,0.02455322001452495,0.02398685713792974,0.02107220220193206,0.024863143040436148
rustedHinge,0.023399467162185168,0.022470701675619157,0.02520297171328631,0.027710937328732237,0.026331260662277534,0.025576135133153172,0.02455322001452495,0.017129804192145815,0.01782041628363687,0.025097730759488294,0.02619632963015546
hinge,0.02211617128121687,0.020514737643103673,0.02343273090046676,0.026647171859251268,0.025986199601302537,0.024985327539003482,0.02398685713792974,0.01782041628363687,0.01698168497673515,0.02416956105275234,0.025856630401601216
trapezoid,0.021039526038250256,0.02258077678997949,0.022348110917279153,0.023305029468401253,0.02042721422952109,0.02406697132996716,0.02107220220193206,0.02509773075948829,0.024169561052752343,0.01675191978228446,0.020328334830380587
random,0.025859872861742933,0.028203544723905034,0.027046027394987543,0.02578424669802514,0.023098868636505433,0.027167861660545342,0.024863143040436148,0.02619632963015546,0.025856630401601216,0.020328334830380587,0.017952223752253787
