,square,rectangle,parallelogram,losange,isoTrapezoid,kite,rightKite,rustedHinge,hinge,trapezoid,random
square,0.020670851279851632,0.025524046058788094,0.035838145611823566,0.042033787790338714,0.032028590814754565,0.03107805903133638,0.030540326378850187,0.0369019387741841,0.03401276029102873,0.03245385315167585,0.0405707395179913
rectangle,0.025524046058788087,0.020714928890647157,0.03069676967172923,0.03839704046962404,0.038558308205754586,0.03446554281002648,0.034226057197047355,0.035633715590817946,0.03176076291736554,0.0349890259661221,0.044427693326864984
parallelogram,0.035838145611823566,0.03069676967172923,0.025500532473377163,0.029949944683874706,0.04088928268632208,0.039545881024850016,0.03792392587938467,0.038527776987165946,0.035578709665743266,0.03316071165529463,0.04105012305224498
losange,0.042033787790338714,0.03839704046962404,0.02994994468387471,0.02592304164571284,0.04274271022268213,0.043206970136620934,0.0412281115391456,0.04111391759418344,0.03939524126247369,0.03377132098953265,0.037914090154707876
isoTrapezoid,0.032028590814754565,0.038558308205754586,0.04088928268632208,0.04274271022268213,0.024311077116871655,0.030429924248277476,0.029105036555115062,0.039816162227335354,0.039115390622535294,0.030093575175480457,0.034690732896058986
kite,0.03107805903133638,0.03446554281002648,0.039545881024850016,0.043206970136620934,0.030429924248277476,0.024222563817030404,0.026518034604072836,0.03780592028304391,0.03662838022516777,0.035159358530239215,0.0400739789881459
rightKite,0.030540326378850187,0.03422605719704736,0.03792392587938467,0.0412281115391456,0.029105036555115062,0.026518034604072836,0.023183140947351136,0.03579411840073382,0.034711130965314335,0.03115017598231411,0.0370195152594905
rustedHinge,0.0369019387741841,0.035633715590817946,0.038527776987165946,0.04111391759418344,0.039816162227335354,0.03780592028304391,0.03579411840073382,0.02494351739284802,0.02604583781454716,0.03800828227613534,0.03919462587320421
hinge,0.03401276029102873,0.031760762917365536,0.035578709665743266,0.03939524126247369,0.039115390622535294,0.03662838022516777,0.034711130965314335,0.026045837814547154,0.02458983071371486,0.036394553560612,0.03875254237196518
trapezoid,0.03245385315167585,0.0349890259661221,0.03316071165529463,0.03377132098953265,0.030093575175480464,0.035159358530239215,0.03115017598231411,0.038008282276135334,0.03639455356061199,0.024414778049433008,0.030548989343843685
random,0.0405707395179913,0.044427693326864984,0.04105012305224498,0.03791409015470787,0.034690732896058986,0.0400739789881459,0.0370195152594905,0.03919462587320421,0.038752542371965175,0.03054898934384369,0.02638470943489496
