,photo_face,photo_profil,photo_eyes,photo_face2,photo_walking,photo_standing,photo_hand,photo_legs,photo_bird,photo_butterfly,photo_girafe,photo_fish,photo_cherry,photo_tree,photo_flower,photo_carrot,photo_watch,photo_key,photo_truck,photo_velo,photo_road,photo_house,photo_mountain,photo_windmill,drawing_face,drawing_profil,drawing_eyes,drawing_face2,drawing_walking,drawing_standing,drawing_hand,drawing_legs,drawing_bird,drawing_butterfly,drawing_girafe,drawing_fish,drawing_cherry,drawing_tree,drawing_flower,drawing_carrot,drawing_watch,drawing_key,drawing_truck,drawing_velo,drawing_road,drawing_house,drawing_mountain,drawing_windmill,geo_face,geo_profil,geo_eyes,geo_face2,geo_walking,geo_standing,geo_hand,geo_legs,geo_bird,geo_butterfly,geo_girafe,geo_fish,geo_cherry,geo_tree,geo_flower,geo_carrot,geo_watch,geo_key,geo_truck,geo_velo,geo_road,geo_house,geo_mountain,geo_windmill,word_face,word_profil,word_eyes,word_face2,word_walking,word_standing,word_hand,word_legs,word_bird,word_butterfly,word_girafe,word_fish,word_cherry,word_tree,word_flower,word_carrot,word_watch,word_key,word_truck,word_velo,word_road,word_house,word_mountain,word_windmill
photo_face,0.0,724.8159654793267,804.1881708050436,773.2716764205718,719.7620021677976,697.7285774532411,666.6506084955533,668.001699365049,766.5989863548523,861.5445994192378,846.4145394181238,797.488020444642,756.1765987454166,652.6063879694776,723.2100426224102,713.0067531292768,710.9559569870261,777.7303622669663,841.2408332386527,802.5214514682823,811.109054554311,761.3544139519005,760.0201563803221,788.7705782756422,732.1313615691514,854.7298405926927,817.3132129023118,842.7974483070923,730.9967962333018,731.5889470685664,763.1757850392526,764.336980945282,764.1838280668433,861.3875275433014,737.4946967172527,793.2563292675399,809.2646011104113,717.4727662052063,751.3645880411983,727.8903761982109,688.8451981034578,810.104030410418,830.499592442755,806.1964144465566,742.4696317563717,799.9301485981182,767.6995916830585,774.0982073044363,869.7658925316509,736.9549876016861,793.7502990449319,772.5354827547479,746.8808975064201,742.4058419957445,754.8588049476137,746.592068360712,736.7446565562725,841.2799020106014,774.4430722597363,807.1329489353544,802.5518192515514,759.2589042469275,723.0099993279213,724.4849121959352,721.1007870224469,781.3072903580137,832.2353048924032,820.5221806139878,809.6724844461052,787.3605938179822,786.4695529040658,796.5339821006919,725.3971548052781,743.9931689873033,733.1669883447574,777.4489916130591,799.0866185328416,803.0761727677005,730.8190862321725,803.5819094204455,778.4581397519189,801.0515940095831,764.3360299951729,803.2898335204713,804.8772290312862,760.0509043987014,750.5878647263895,795.5391439086344,785.6236377644137,711.4048041630726,797.8626355637429,713.5555972879441,738.3739745828025,788.9822941476016,834.1136837080627,746.9433925976807
photo_profil,724.8159654793267,0.0,804.9108318608186,763.9995085841848,807.886241624896,808.4710831132817,743.5372692802313,806.1902465885911,821.3191686464357,845.8578525992536,899.2776637484428,873.2969031983229,804.4302226587195,733.3728800424616,829.8822436081851,832.8304561468826,826.3502357292921,830.4307894037754,874.3267788919235,838.0620206055983,809.8722613880512,718.5711526852132,822.9571030278647,780.4906561892467,848.0299629256887,802.5342288360812,877.5541096888876,881.9443415031124,831.2971473017278,833.0297232748211,844.5797146741753,816.3364981257747,851.2111821488146,920.1980401384677,811.1709035836719,874.8930823556877,864.2723988769874,845.7435635080376,823.2914011582959,845.1305051902202,812.5859940559861,869.1264677906865,889.7974852076512,834.9531961243465,827.875128766787,835.2353470022591,856.6989225783202,828.7657400417269,915.1727252442017,852.3871402174399,858.2544372603345,844.9597027972743,849.5443701339905,844.5486354012365,844.2026089281977,858.2865272869667,849.9473990116848,893.5671937104808,838.7973320440934,887.5427354198856,880.9536810208147,858.8744395291474,848.1244260124047,835.8086999083881,833.3160999383789,871.9325885553554,917.3245135549184,903.8473905724193,890.6906657193981,846.7748492825908,876.2770261989888,855.7149223041888,853.4000845206156,856.6017539031352,848.2053988513509,860.3155738789698,877.3444103372473,884.5339931653333,843.9336711607335,876.4002189644898,859.8047508551314,884.2463641343575,844.7519685112529,879.0748655236919,883.3255031626074,851.1920133538745,849.8697224664155,877.3440991105148,865.8305527304656,853.9744432838979,877.1383551785664,840.5891611737557,831.0125881321115,875.0840736998372,915.6983764724413,830.5995623718768
photo_eyes,804.1881708050436,804.9108318608186,0.0,754.4230806014549,823.1850587335822,827.862695070937,790.6207150133907,834.7334019469317,748.1576128605075,786.7870433726699,846.3997580784161,782.0568683145232,832.4693778308126,784.8799823529529,864.6561046947105,819.5305568541477,852.0241926910363,740.4380758018892,783.245286942588,737.1504339988675,581.6471370949872,797.709543082047,727.3509177354746,804.3514986122221,831.8941784083947,885.1548106568929,785.7237619351508,826.1691527818256,858.2647929304928,852.9662100577871,870.6788549532597,870.7386873437249,795.4214740177625,861.1932090513461,850.7114251586202,800.183158379801,824.5905610341114,829.6888117460365,849.3844287082906,854.9892975339418,806.6139852414464,794.106615522538,813.3644670403144,713.0858380614027,761.2002841634405,714.9055823504355,804.8043520572114,853.850089676972,902.7565165460126,838.8349693383119,763.4206108862352,859.8467285719711,856.3700787275532,859.120979626797,868.4453286127808,851.8855556579315,844.4638859192224,864.3842150556775,853.2653489212965,807.5279877109256,892.3152853231445,840.8496531400123,840.7883344334485,838.4883215710829,828.4268672534706,800.5871925869776,839.2410769829119,818.9036180301792,890.4946006115019,882.154253575219,825.2257728201613,881.2005102896578,812.2381431704507,823.4164803662114,808.3666694858773,800.1481131636779,808.8939117974774,812.6875803440012,806.976567899696,801.8230346419095,803.5763713729499,814.7489524227517,801.3912570319636,812.5893428171398,800.4348684961557,815.411612830622,817.7628713642121,803.3146847255127,806.7836433027065,810.6648025999881,796.6808118411494,799.3054716612766,792.2087128173741,810.6732589217213,840.4246857846689,801.8116037366498
photo_face2,773.2716764205718,763.9995085841848,754.4230806014549,0.0,812.7611433390562,814.5303543857975,753.3697481791556,818.7367939309844,762.6732593216046,813.8854691385253,865.3706276523429,842.6443130152539,815.6223833729969,752.6809721793878,850.5829644815261,814.8811126045086,841.1279244971577,802.9476744070823,841.1882236045717,810.936636247916,762.2909879403179,786.8170985117321,804.9047899670613,815.5607780311469,826.4135706284547,892.6462842332259,849.1592751368282,821.7305074770438,839.8512736868008,832.7229788858812,861.4592175200797,849.6415980875016,822.506998928211,887.8530901963632,839.427823248979,856.7357811468391,845.5458529574037,830.546681799115,835.3279860997834,853.8949799499286,809.823854796089,845.2499325349066,869.2396819055945,804.3794737156819,797.3877430915783,796.03736390885,837.8638726980739,841.0618396371036,929.9227336542018,837.2452918519217,838.182652269955,849.0030228744208,833.968688279626,846.4655774360562,844.7368063586669,858.2736134482009,851.2784279664245,848.0570232627673,847.3656667830429,852.8155101849459,892.7306979237055,837.3210656838035,828.269451288225,836.1693446819527,828.1427769938643,839.9643951840624,885.7876406671809,865.4715690246311,886.6966096241553,867.7582556010641,848.3447949153754,864.5701066408712,827.3437620974124,831.3661794244755,823.6905503276504,836.1095361009363,856.5154423602697,864.0818973063705,824.9628684801178,861.0293792529518,838.1695601504672,862.5187730198624,835.7497947422623,860.1485514752493,862.9602450461414,838.432634608786,827.25834633164,855.7661880436668,847.7898277497237,828.3151469277653,857.0563666391555,816.8482950610345,813.5152124269378,848.4440938277037,888.1202368728285,821.6705220139039
photo_walking,719.7620021677976,807.886241624896,823.1850587335822,812.7611433390562,0.0,636.4466044955129,705.2813401428215,631.1747762205222,710.2106156205173,837.435099669443,812.9821866889228,732.2711078888063,705.3735736258504,682.2522978408017,635.4763148936954,617.5735550114513,684.4652107756865,686.0793678442177,761.7197802697498,756.7747754152673,815.0405795741808,817.8973303894287,687.5801538340423,828.3862056781425,668.9795903544535,800.3438547658193,722.6282516787653,756.9247347845926,622.5432684303667,691.030275357689,714.0095911011919,696.8309322533842,677.8841779802215,763.4164413308773,623.8854325137668,696.8898686418555,775.9082611130675,668.090813637917,700.5072814693792,651.2627958855437,620.9829079906593,710.633436969692,744.2649187888734,770.5254740068484,641.2635977772802,750.8783869975924,651.9369456272086,755.4349415931019,770.305930835208,604.4666653817403,710.6774628415722,663.3697854692614,663.6185294301954,667.5756422062113,712.6791459945536,637.3473403577499,636.2784971984746,749.6626429561566,625.1846776343257,677.472658517326,715.7001482477133,619.7407669656138,659.9679698775941,621.3012735009984,608.5372104514452,670.4067959340518,704.1473742488547,736.15449924029,699.3342758251397,734.7939335180962,682.0826673387605,750.7231884973596,633.1129223307734,644.48453012196,655.2570235692791,702.2844401899848,715.5137033095529,716.4473798140552,645.4661567099221,721.300055178571,701.2976873400622,722.5736981363104,683.3275830615256,724.3017619431934,723.1097562267713,667.8523420228134,640.1140129936493,711.3003924255562,697.5906622823,628.570719572761,710.686258649208,634.4392698703472,653.0231697822227,709.3925660524673,752.091481101761,655.215569719615
photo_standing,697.7285774532411,808.4710831132817,827.862695070937,814.5303543857975,636.4466044955129,0.0,679.8163047871053,605.5613451950803,713.9035740537331,866.6306105628623,768.042969459476,734.0726746339585,733.6796697502533,679.3993956323297,592.9561259198355,543.0314608847488,601.8748260324976,672.0546410720046,759.820367486786,773.718073936589,815.9814249621985,820.029718053371,713.7092404788203,802.0317664149314,690.5754516724196,791.8338719647016,712.5009723486995,739.6182340035099,692.2649288093858,581.9387652097479,697.8211693377026,701.110290818294,685.2510605264617,701.0938904583829,619.4570074006529,710.5361970046611,750.0573966215688,674.9382376946229,667.4636735332813,571.3669488881237,622.6478305871192,691.6804133313319,738.0236931328192,805.3069210548456,630.604357745284,760.7393461698158,657.288204591984,727.303806768445,741.7402102376058,564.1070484750694,706.7998321797958,603.4809124435164,687.7699170291098,630.8459004388204,675.0670067213969,646.6991599163073,613.0545768616056,723.6124421416725,608.9697924892918,694.5684588843345,706.5998661442188,640.8978135459604,640.6922484890787,561.7712622751419,550.2186797540519,646.7951158085891,709.4712944702686,743.4019029152633,712.7104445477272,706.4759163471228,647.3836427275893,730.5473473820558,612.8706273442194,633.8467395062838,632.3820689957834,693.2367848309474,697.0561323275948,697.337783690436,626.8571523253123,700.6485072713168,684.3147450375113,703.3256425977827,667.6684248509537,703.4766345000616,706.3871922737457,651.0093220838879,619.7829405766505,697.6435652837945,683.9685888642564,617.1736819751067,697.0441473436731,613.6476410986894,635.8920898667524,690.3701840336446,738.6556175007181,643.326462581867
photo_hand,666.6506084955533,743.5372692802313,790.6207150133907,753.3697481791556,705.2813401428215,679.8163047871053,0.0,690.6834882578632,768.9608150942197,843.5666494531245,855.9272991479984,765.4699703550581,734.7728259654983,673.7554056415187,733.7809128966734,690.0834467906908,718.9572980521763,745.6430776077724,822.4997319567432,769.7919839307322,796.6848690114764,761.1082013391581,738.8497297937388,791.9296043611404,761.4282309006749,819.3381549704347,772.3611228511888,813.1305182143008,742.6755419980483,728.345256566721,756.5999010996067,761.3815674912961,760.2698695362975,839.9348476437426,723.1672216859777,772.534541445969,796.0397905952799,731.1563853129443,764.0925749716118,716.5677155675627,690.6887341574807,776.0370003343742,800.6322713040906,786.4580474483737,719.1142763849068,779.7564472138031,750.4118489120839,758.804869644623,860.8610356875753,717.9464620206293,751.5003642405493,760.6085364414474,759.9368059038936,750.7649702584455,738.916783948393,722.2702603618104,725.970942100611,810.1691065903494,737.6486818958296,781.2510768347141,783.5459754930271,743.9942095802709,749.9424675073453,700.1918247898694,706.7660775376892,764.4953099703506,817.4256205828228,805.9056456884704,803.5445168899187,773.4997125481228,771.1315143188456,794.7422323315317,718.704402134931,725.7111332307385,722.7598452627685,757.655337600049,762.4118286479054,769.4021429404216,717.0711761387911,766.2895084911582,758.283386922633,771.9599464471144,741.0230982669154,768.5803069792327,767.947539094968,731.5150089881273,724.3063073308808,763.3544828411849,757.8451766381968,719.8698538622768,760.8794891140045,708.7468004364578,710.1500075625777,761.5354755867929,805.3654020784272,714.3323621766901
photo_legs,668.001699365049,806.1902465885911,834.7334019469317,818.7367939309844,631.1747762205222,605.5613451950803,690.6834882578632,0.0,746.664780730683,868.2528004745011,833.5050756491144,757.396724834889,739.8891085879106,687.98212180962,642.1627558486102,615.8885287183314,665.2313748552663,708.0574371588946,799.977063187525,788.4127324278352,835.044242241315,823.8554867383035,744.8103530900379,833.416648467896,680.8145315149836,810.2787384180245,736.3192364793036,779.0453621727468,668.8391909626464,657.1837312384085,714.0380808030999,722.8174437559753,717.9574212380494,778.818883568066,698.2618320176455,737.3115125951733,766.4390224085937,678.0552182796129,715.5527168577102,628.1656753858276,614.1294177383061,726.0616425921569,783.1968211683684,810.7678693469354,661.785333532892,776.8108933207533,692.5826030102938,771.6635944891642,770.6701480634641,593.0627512149713,727.3105823264066,660.5142553737074,681.4510497787021,655.2516937700939,707.4614068390173,624.0673586233527,595.2502727732474,769.1277498227167,667.608658091821,718.8367344367413,700.135772130731,667.9280654225207,669.0477759233246,614.101045164264,621.3404072487643,688.6025186157163,744.1893044291353,765.0190705000809,736.6688060061691,722.0323489778929,699.8377183963064,779.6390320067578,647.1163460006765,659.81024379683,667.8796100479482,715.8916338180618,726.7139213382969,729.077955611395,659.7105844651121,727.196490538966,713.1603751922797,736.1223610356957,695.0518416192442,734.2454919280259,734.6031441694766,685.7740102898802,656.5156917122605,722.8567169491339,713.5582200460835,644.6816646102707,725.5089122102704,646.2935383578325,668.8665805107972,724.8286645458086,765.6319291811886,672.5241223063156
photo_bird,766.5989863548523,821.3191686464357,748.1576128605075,762.6732593216046,710.2106156205173,713.9035740537331,768.9608150942197,746.664780730683,0.0,768.2805658137238,750.1412722270186,662.3740590490771,757.5639441114199,729.0021237205974,745.5950850647189,666.8336579557322,710.9631680574297,578.7314108221143,686.4208536742885,692.1602466897499,757.3388781031023,830.1539412941158,716.7487738793101,854.8565822920974,691.0110686965329,771.0652649191932,667.8985138312634,738.1239248311355,745.4600477563522,720.2938108768501,736.5254693041896,749.427750741661,613.8526559739524,796.1535438088889,685.4835814878268,684.1835135985822,792.1805594155361,711.2090251131385,714.2247433301412,696.1258245195284,665.2171658019729,614.4532453885221,693.1372646963489,709.0553004484194,580.0246747900356,704.2460002065674,634.7301639548032,787.6073989005322,793.958646634301,668.1050329617076,631.714046905064,688.859183464973,748.4410509237745,721.7925867711186,743.0603962123843,689.2116462728658,650.2421202726562,768.5369498719799,675.4150637798348,689.2936099572197,758.8356882215606,670.0481175746788,694.6670736861395,661.3299684511272,636.61930514199,600.8277661021343,700.5667657724425,697.5222149982649,730.0224718123071,734.9676724641143,689.8856597701938,780.2688064228311,607.7052155154399,622.605859879065,606.8354865429105,615.0688925923729,643.1730795466275,640.5624786756719,597.273156136318,634.3536150871422,620.1863186541098,654.9213078060201,608.6981823379365,642.0032633458717,638.9596699221273,608.7052689554487,607.5053502021835,637.537764347612,618.8702651425326,598.2918969697657,639.9852634673293,591.8030644221013,594.3975985355211,614.7323844518197,682.5931070187236,603.5272456905246
photo_butterfly,861.5445994192378,845.8578525992536,786.7870433726699,813.8854691385253,837.435099669443,866.6306105628623,843.5666494531245,868.2528004745011,768.2805658137238,0.0,922.3508054157874,856.83227327515,853.9621900040062,824.6800640844439,906.584751345188,861.456801732475,882.7878925822691,800.89566222075,838.4234949935383,791.4151656100487,784.495029421052,852.7097339503094,803.6480812628537,861.601846864721,838.1339548705757,874.6586671211425,841.5922437374469,782.5565979700955,849.0181816456021,863.3640743482338,888.6599653490947,879.364539605954,798.0353543308868,949.6543122128448,869.6425282164787,852.1410722757596,903.0620681064538,854.3173488209893,867.8553174853338,875.4008770600112,819.8206899152476,838.888842085171,846.2103713294858,794.3372858256523,791.3935180417191,795.0408666366668,820.2301280197456,838.4597941647099,940.8374027116224,847.0639916798273,828.6055003635198,854.0403107875229,844.1253062525806,855.5680596134971,881.7316882660684,862.145384817667,847.3606620274351,896.2053947409572,857.6851181305558,855.4358505722207,910.0036514463823,849.7291319514502,874.6299512862265,850.6010917598375,842.0403224092852,840.7946074465995,871.0754446577189,867.7025422009348,891.9127797000955,880.1498697799223,838.0936845629179,877.8291440906354,820.2904898183131,831.9217167899925,819.9765490812413,824.0055535695699,847.0552382713161,861.9653984869203,818.90236363411,845.4546434646746,831.7255996994109,857.8493041984583,811.6287492383726,855.4361078071033,853.0376864385925,825.3586314582342,824.8026796278673,847.7644237046152,836.621797193784,817.9991151376855,848.0332021297828,812.5786737853682,804.9975374620406,842.1241133559646,883.5775954519027,806.8055773624548
photo_girafe,846.4145394181238,899.2776637484428,846.3997580784161,865.3706276523429,812.9821866889228,768.042969459476,855.9272991479984,833.5050756491144,750.1412722270186,922.3508054157874,0.0,823.5451662095498,860.3769407693778,818.6139800743242,787.711888014757,774.5166686148468,813.986048537692,724.3110782115234,774.0996760661159,822.8464473106559,845.500426135953,881.7155576537393,827.6099462113441,879.3796572362769,796.8849191980424,874.6164739433934,785.2929061888402,849.5684047268941,844.8724714673156,816.9302745149652,803.5722238406853,826.260160194867,802.0535248528602,825.743448765082,776.3707537976965,812.5339204513543,850.2880193904438,810.3080785284894,821.0938829582003,793.7812644821049,754.8397972029603,756.086398528726,778.5165427948118,826.8773948854011,740.7854154041529,810.7871564323531,768.4221205768711,834.7117665161113,834.7061021852204,773.503491997531,764.5331454683952,778.5431660632976,835.6954662448937,774.3060739008042,789.194972145593,757.8436968844056,783.2529048781926,870.2474306961196,766.843458545235,787.3297954659658,818.3645946656212,782.8958386015438,756.2304514586501,774.1668689134551,765.5004567724591,740.8402630891285,784.579835465304,787.7445154722861,814.9616925129652,817.9757425338505,750.0016606134626,816.6364208999138,773.0748876515514,765.2172854237976,755.1374672173608,786.3147457216012,793.2949380459919,793.0125143442128,758.9053237228908,798.7560999029462,780.7334335594752,788.4127881955035,775.6241701502946,802.3506555014891,795.3663225792594,767.4136033796032,755.3485719767061,789.6661400878528,774.1503887376159,753.0051724228621,790.9069549896495,761.9688107266117,748.1904726131265,777.1544527790951,834.6367368001924,757.1634866598313
photo_fish,797.488020444642,873.2969031983229,782.0568683145232,842.6443130152539,732.2711078888063,734.0726746339585,765.4699703550581,757.396724834889,662.3740590490771,856.83227327515,823.5451662095498,0.0,794.027432173332,756.1870430432651,759.8262883173372,677.4618670761182,733.0632972415251,630.9848619598355,751.0865295511261,704.1177520463519,787.1057183252306,875.3551047852565,736.5362835068511,887.3698351865065,755.7585468018839,803.0213785012334,615.7356066352369,814.7878344556946,789.6068289054255,772.589414502879,792.3189638278214,799.4190904464454,698.2176147906014,799.5542522926339,723.621931617143,636.9476935920533,785.2056003053707,748.4339251413409,757.8741691356657,716.6208848439835,680.365940750509,649.162101339075,694.6742436650798,737.1331946424101,599.3359936007679,747.8155372412726,655.5984944502654,816.2559642629899,824.8631979740272,681.1188150140076,591.3547251314031,726.4588813420382,821.5978038321256,753.5747960352015,775.6807198462311,722.5726419449932,682.94138369728,769.0533329189728,697.3350112050119,650.2553792907331,787.9267494992811,693.9138629656145,733.1152691263999,686.2196660197011,671.3094910347033,645.7207236274886,730.4034331546571,729.9608155565015,754.3134924143455,765.0692221318981,711.3744455528168,822.8202809779514,627.1505932961983,637.8892777912644,622.6655039072301,624.3959596962898,643.51864118444,640.6102753929014,614.6720876315246,623.4813192981911,605.9396348609656,657.888228420052,609.5850159588935,651.7138685908493,630.3710704242393,633.6047175743198,626.3760825952368,619.6162538372009,613.2140454803255,627.2846564129195,627.8388490755877,614.5592761383766,613.622275479586,622.5854186966976,680.8630609034606,616.8015046504888
photo_cherry,756.1765987454166,804.4302226587195,832.4693778308126,815.6223833729969,705.3735736258504,733.6796697502533,734.7728259654983,739.8891085879106,757.5639441114199,853.9621900040062,860.3769407693778,794.027432173332,0.0,698.7949519494698,755.979938437673,714.2819787469847,779.048893220921,738.7713238830468,783.9470311191013,763.3023624527781,846.3936772275181,811.9093157721863,735.0224163605376,839.9792944942257,768.786490759881,818.5261125601205,774.5938894887078,814.3386961910558,729.9040823203246,766.9041640915145,781.0743118980083,748.4285256890453,764.5074306724648,851.2657488346111,736.9319724395972,783.4084240169137,851.6719095015775,742.0307940051989,819.8115874222135,719.6369539662988,718.159254627915,767.9575650907748,747.500242164465,805.6708296845094,730.2639571455077,769.0848966309027,746.9511794717761,790.9507404148533,839.2471389141778,723.2228108208311,764.4750496652956,750.2268634449504,740.9423795788856,744.1711071947526,793.2648074093947,734.4886596079401,730.4313516618669,810.0407133558526,716.2937677436065,786.3477749934391,775.9450064158423,731.1859282749691,771.6330118978791,712.9436477585372,723.0885343958862,749.0426671241945,766.3595496036847,803.325815553199,750.3467013663405,778.6024509102413,773.2030077866683,819.9396118833382,737.1925013000125,730.80590884533,719.9941693028284,772.768989230877,768.352858324256,763.5520544093022,716.4533339446898,774.4692873664904,767.7475702360963,790.8158903537807,750.2228191536035,781.9402702110257,787.7160039675376,736.1455784468011,717.7020679371685,778.1786885370655,758.6648718760238,719.7458601277026,772.6638084958587,726.3485172163444,713.1358481010567,776.1214488477159,826.3107851695308,709.7316776999223
photo_tree,652.6063879694776,733.3728800424616,784.8799823529529,752.6809721793878,682.2522978408017,679.3993956323297,673.7554056415187,687.98212180962,729.0021237205974,824.6800640844439,818.6139800743242,756.1870430432651,698.7949519494698,0.0,723.1204336531856,658.9591540282694,666.9108631069888,729.4209528705318,798.7591923498526,762.627949828804,789.1722905901735,745.7956536797185,694.7379190140563,765.9086149377179,730.8060448141441,812.7406150690058,772.413023771699,794.5154388540296,692.7838613658273,692.5208568306147,765.7480354924143,718.3675085867134,734.9783411556833,811.7474914163466,680.3850578780462,754.1654600479948,791.4365905561898,656.6468527677383,777.3396949481851,690.5310907601855,651.5188282403753,760.9791298102928,771.5567547030294,770.2075478688771,708.3413076928736,755.7503889116765,717.5487634815901,742.8529005203155,825.7142093099394,689.57385661373,756.9253692290715,757.9174938932596,718.4766000741504,718.2719893192495,719.5745019810932,699.6288743177668,703.836238861609,781.7359539508172,713.444940866761,767.17129064381,758.722735088368,682.4924400313837,713.2302666829244,681.098706349607,672.1855673430291,738.3204403799283,783.0642229198163,787.2446991753002,757.8245616772897,765.115943341456,763.5778951167242,755.9748072983522,697.8681115671234,707.307732723143,702.68597859069,744.1191052789902,755.5280859730905,761.862477464499,699.9724538932418,764.7488645903104,741.7081887040331,764.3991888762492,729.3744050031574,762.5808429050949,765.9001660134087,725.256363051882,706.5361020240686,758.3606183980888,752.1784406415353,687.5236397541012,757.7109528082284,690.8544310905413,698.9025918223734,754.4429922107853,795.9590555935074,701.9049004394213
photo_flower,723.2100426224102,829.8822436081851,864.6561046947105,850.5829644815261,635.4763148936954,592.9561259198355,733.7809128966734,642.1627558486102,745.5950850647189,906.584751345188,787.711888014757,759.8262883173372,755.979938437673,723.1204336531856,0.0,566.6680489163736,656.8702548088472,682.1252079242022,765.4232166210587,806.7664835788024,848.5691331684545,848.8036242494177,769.4706423867433,868.2835667659971,693.0924804130848,801.1312281439602,704.7297570618147,774.1218685915198,706.0206394957238,642.8638041234315,664.4559836512733,704.9892572606417,711.2646398810765,731.6069422046937,640.0851999437817,723.854407124851,777.9118112900375,674.5580048722205,669.2651047645933,570.4158679639155,629.5974876882758,690.875765442285,747.3824382333266,844.8208416291731,649.1772033736055,776.9287314990725,677.2089321953533,781.5160119815483,721.5956904331838,565.7212010099565,702.265417434167,617.1314209147887,708.1679710728514,632.9361172138783,665.5343860340441,630.05150614381,600.0384856102514,743.5067896510287,601.7115481565726,688.6533513695435,705.8431466290532,609.4467346281072,572.8271439263848,551.6646847673217,576.5899328262788,641.9435764319957,703.4919916019152,743.2397746144416,654.2782104119532,705.7857017683715,636.4460090920235,753.1513992745014,638.3739507266939,645.3989628203045,643.97402356242,709.5762207029159,709.4211150626918,696.5473029954625,643.7252347558883,714.9865324483445,703.9273837701502,720.6389813370193,682.9031907525011,723.2023190103383,716.281181681688,650.9086826911414,638.6817353413423,709.2292771090093,690.1130468324101,630.3076174887777,704.6484078221251,639.8260860052011,649.4722960278556,701.2892330394664,750.146096183745,657.6129525908244
photo_carrot,713.0067531292768,832.8304561468826,819.5305568541477,814.8811126045086,617.5735550114513,543.0314608847488,690.0834467906908,615.8885287183314,666.8336579557322,861.456801732475,774.5166686148468,677.4618670761182,714.2819787469847,658.9591540282694,566.6680489163736,0.0,560.739646835191,621.1892542502108,729.04980505575,751.1633150089019,818.1492112159159,832.9668214093292,690.3896450911221,854.0046652363629,667.9664954101278,778.3092898129511,658.6961718266857,734.2521803919778,670.6767848364293,570.712964977051,670.9387023046709,685.5084264050741,645.2120008269749,703.0471001062701,578.5707665068529,672.7438078952903,746.5108300959176,624.8779618973573,666.4162874260245,430.65108969381333,609.5842228286302,638.7169583301196,700.4565711069832,790.6318456364353,573.2469933347327,747.1031155366072,607.9078116740945,753.3154892226969,741.3699866238526,507.4081393432856,656.9140117366369,608.2636006463903,676.2010982057458,577.5740863523831,657.1143975995778,627.0939226114301,545.7233562088043,698.9057017435972,549.5428200449504,644.2265224767051,661.8778135108167,539.7733262902852,568.7495084075206,421.2558651049703,472.6763853960994,590.5652175913322,657.992826071943,709.0959624713573,657.7719189357842,674.6128195307031,624.3210020061213,740.9359226331824,550.4600457893939,578.0695388270987,578.1310916413146,642.4453042512162,650.7200911429884,643.1919690831783,569.0345755392071,649.0977919477513,638.5749082463763,650.2853215839195,618.1696807060007,653.7582749988599,658.3374893484045,591.7893878594996,561.3607152486989,650.8994158088195,631.8699151838354,559.5854217959874,645.8725848731264,552.1677974790896,581.1151835140223,642.5244591098221,690.5797943873762,588.6032866788471
photo_watch,710.9559569870261,826.3502357292921,852.0241926910363,841.1279244971577,684.4652107756865,601.8748260324976,718.9572980521763,665.2313748552663,710.9631680574297,882.7878925822691,813.986048537692,733.0632972415251,779.048893220921,666.9108631069888,656.8702548088472,560.739646835191,0.0,699.9324183299052,795.6024973971932,797.7998034341922,842.5215876974682,841.904213384178,716.7369197425113,859.5270685194083,698.9371420065479,823.7285241161144,760.8235772456181,797.7091181525724,706.5408055063598,611.8948507688337,717.0359406498831,719.0576021072967,692.0548179941449,791.5194738647801,660.424915511213,735.6969093071075,791.5501526193785,645.7900019916301,697.0446040428009,566.7670801024233,598.4813070974322,721.7206235941686,762.9529812039939,815.4041879273328,647.8032595979461,783.6729631474606,666.9000847964368,773.2628327383035,812.5189023029154,594.9009442640391,729.015975086231,702.6613929799312,733.7526872629053,659.0644484276053,700.6001619516938,655.4275110248525,633.5967117940118,764.2247096530785,665.2751928524204,725.9893902897687,703.5433153103205,631.8317954852954,626.5468177912624,581.9303525459962,539.2817144231052,684.2852767022483,760.6535613809884,767.4551914709568,770.4992015208683,695.1723827941887,719.425897374639,765.2784365771136,635.0635790170828,652.2768170442654,643.2347601101841,701.1750996077682,719.6350810407176,719.3174651400494,643.5885723100465,722.5232995872384,698.4850814065505,720.1547796800845,686.4043132761988,716.6384883722379,725.8054041436988,675.6706296111752,648.0326350708015,718.5676901220921,697.3773424467192,633.3813289010254,719.8206344380941,632.317275159572,653.47563194346,704.9585635788508,755.2603366632443,658.9003993885724
photo_key,777.7303622669663,830.4307894037754,740.4380758018892,802.9476744070823,686.0793678442177,672.0546410720046,745.6430776077724,708.0574371588946,578.7314108221143,800.89566222075,724.3110782115234,630.9848619598355,738.7713238830468,729.4209528705318,682.1252079242022,621.1892542502108,699.9324183299052,0.0,639.2510766682325,646.4104400027219,742.3930285538552,828.4966711835501,691.0892290836159,839.310917467237,701.6171466398057,731.2870448542227,544.5964191702174,730.9754616175227,737.0982679542576,695.8674347452891,704.6843462506033,720.8151391447718,617.3849875040706,744.5162636741575,674.3726703970773,629.4955878066095,725.6212011105674,691.7949421049963,687.1379638268625,630.9986974406663,644.04496953541,426.43437144596334,628.3007016673623,690.2451018344195,547.8784203828609,654.5617839020784,561.938194333551,764.3760442755284,708.1383964747475,594.8029224669468,515.3731193333992,640.5792702573681,746.0549011344864,676.6098085892104,699.8973393910338,629.8959197204707,583.5703728032076,716.1114781002196,607.6848145039193,568.765527388078,709.1210127533298,625.528635244363,658.3225504007095,602.7319914602723,592.4969767998901,423.3602093755464,589.9817745917937,639.2107942045209,659.1102148669063,674.5355694807376,640.6058797411789,748.2803249318832,541.5767417879039,529.842793261357,514.7691557238337,548.2209808809454,523.7941436711312,518.293200771661,506.45778623780706,523.669379407805,526.2440072055995,553.1982803650982,534.5272807855877,531.8837582302125,515.0831984062514,521.8624683151689,526.1502925752939,516.7491332139555,517.577516882168,536.9073399727387,511.2462739488271,520.3145615251287,497.98034686822984,527.4782445801765,601.2992594297848,518.3945509942077
photo_truck,841.2408332386527,874.3267788919235,783.245286942588,841.1882236045717,761.7197802697498,759.820367486786,822.4997319567432,799.977063187525,686.4208536742885,838.4234949935383,774.0996760661159,751.0865295511261,783.9470311191013,798.7591923498526,765.4232166210587,729.04980505575,795.6024973971932,639.2510766682325,0.0,692.8945128169396,774.4239348862199,856.7463761362151,751.0286891568388,866.9253700185274,766.5235145081402,816.7938739943353,702.8466824733285,772.3580315004402,813.6679966266397,761.3274069362564,770.6061744307789,799.548014868391,751.6866011652514,823.5479280890644,761.0143800625326,711.7343601257561,837.2820649146744,775.317636291403,771.239275431601,738.1776212552049,725.1398005521111,683.7796385732014,605.1630788381192,713.98272572873,667.7497069679719,730.8176227249149,677.0050554464393,812.542626357922,801.4376183207013,711.4505053745016,696.7803059474625,723.5750027669565,791.3811826247631,759.9012851608494,792.8452722543973,730.649347859095,721.583138504897,819.5402354461838,723.048931055848,692.237758647637,783.3370444823398,707.3022910143674,747.609324277981,714.9158088273151,715.468495854362,678.3887429389542,605.1019327801124,698.4504396789915,760.398490759219,780.9265908078258,723.0956207177638,812.8647111963629,707.325240006162,708.9738381767517,699.4712990297802,739.0275211930267,705.772813396071,719.1067996417077,691.0378381627227,718.0011015192105,716.1287075225157,745.7596313382468,717.0445395525182,723.9969695005805,723.8323889812103,716.3520539393385,692.2702893912021,723.3400879816759,717.724946859172,701.6506629176239,709.5224990487316,700.6637725277575,689.7417701781194,727.6184921145871,767.8145426073369,695.8959172888915
photo_velo,802.5214514682823,838.0620206055983,737.1504339988675,810.936636247916,756.7747754152673,773.718073936589,769.7919839307322,788.4127324278352,692.1602466897499,791.4151656100487,822.8464473106559,704.1177520463519,763.3023624527781,762.627949828804,806.7664835788024,751.1633150089019,797.7998034341922,646.4104400027219,692.8945128169396,0.0,746.7275918535167,828.3703366467605,692.1516242174016,816.5418222584151,733.9774521572564,822.1327264313663,687.3891955527686,772.4302780768083,780.882161711058,793.36214922606,805.7847003515369,807.7425273128281,719.8385733689561,840.7630648627879,767.1264093980396,695.0586204442999,812.1003890803129,753.081791649724,802.1089412083542,756.1480498065898,732.6570069349968,691.311573461773,671.5654281575278,581.1187673506638,676.5577672788171,707.3964524180445,684.5593038119775,790.6828167917969,832.1456471279581,740.7988805490911,661.7153507883613,762.0862045627963,768.6657180401834,763.1069188573904,790.3604932741432,748.2700037252529,736.0226584290834,826.1913573289272,760.6308777126194,710.03726489035,805.2889509455081,739.7149495205429,774.9146175591412,730.8499754451722,737.2316060577099,698.9731687137881,697.5921926038714,649.267637243535,768.6362227193748,779.6178461152043,744.6527394714136,812.2239122827311,699.4498814287728,695.8991155343566,690.6430492367787,697.9622049209,710.1899413559128,714.4084157323573,691.001479338485,702.8892658992474,690.6182656602069,725.0995075216729,683.6778957451014,713.7028994235246,706.3233807996784,706.8572302020698,697.7203999900585,694.4778808704694,692.2372343239557,691.1767577941929,701.2675261630205,692.5882340800085,672.5607888194555,697.8090226067824,735.3719005465798,680.6803749974124
photo_road,811.109054554311,809.8722613880512,581.6471370949872,762.2909879403179,815.0405795741808,815.9814249621985,796.6848690114764,835.044242241315,757.3388781031023,784.495029421052,845.500426135953,787.1057183252306,846.3936772275181,789.1722905901735,848.5691331684545,818.1492112159159,842.5215876974682,742.3930285538552,774.4239348862199,746.7275918535167,0.0,800.3133107586787,728.8416052706666,789.4197621757047,826.4035557329187,884.6881066005219,787.3537482943204,827.5076959679511,850.1210310416309,847.8308871729234,864.7683654078799,864.7321499097633,791.4707079094753,848.7530818621808,840.5389866206126,798.288244055321,818.3622260017022,826.8718471701553,834.3951806308704,848.4848575393423,804.6022856179525,793.8084672530119,802.5698924725052,723.4305090618884,739.143781904063,722.3694293733057,799.2893236187617,839.2398954502731,890.4470000231893,833.2298838956896,781.0651840693057,849.8612151808761,852.0814819362874,849.303401039311,858.7967124727065,851.8702276063857,835.1881485080992,849.5018413119678,843.7951162931461,801.79863097582,888.254151407297,832.6083099709343,824.401470872604,831.2439222163966,816.6331855483951,800.763319224104,823.0490721594758,818.5317815956167,882.0198326825913,877.9584232390166,817.1087548559989,864.8375249344218,809.6915283746436,822.4329453650168,808.8978868258444,808.7244686782518,810.6507327092827,812.3673049963681,808.6456236368222,803.5471677871119,806.7537809352401,813.1224271570557,807.8316490174427,814.4969735975681,801.4330508166057,817.7326591038285,816.3685608630246,805.016471384307,813.4297745601967,807.8876413624308,798.9619377576005,800.3179671241975,796.8639396597983,813.7672956704347,844.1260696051099,806.6596866869909
photo_house,761.3544139519005,718.5711526852132,797.709543082047,786.8170985117321,817.8973303894287,820.029718053371,761.1082013391581,823.8554867383035,830.1539412941158,852.7097339503094,881.7155576537393,875.3551047852565,811.9093157721863,745.7956536797185,848.8036242494177,832.9668214093292,841.904213384178,828.4966711835501,856.7463761362151,828.3703366467605,800.3133107586787,0.0,827.837091631833,796.3484323543689,840.5477131165254,891.6558212128213,874.7923585908478,875.773321044221,842.2096340539371,838.9960751513748,858.7164978253476,827.0812849849683,854.4993600400459,916.9395229559458,832.5881505471029,876.1317939020934,849.7421691527021,843.9763674277044,843.9049594808971,851.1282440650294,819.4589810445304,870.5848298656872,867.2690983685341,832.8517780367433,824.4855534106966,809.3455327953629,849.3400800753626,844.6455346964809,923.2720305343205,848.9114366436555,862.6088290983349,863.2773779760353,851.9431129190747,858.3458165541946,842.2395613060254,856.264325076498,859.6589038726263,908.9104032166435,856.7992238233996,881.7248220951533,865.1937839633531,858.7221340156847,854.13640127086,838.9930631026821,838.1349883210254,867.6261657224852,892.4016128000353,895.8669363799422,884.7493456565544,851.0721788830227,866.6427619967402,869.9265245729115,855.9582698481295,859.3561973717989,853.0021077266027,875.1704201562552,885.2160177435857,893.04608126529,848.6698902143143,887.2048555069077,873.4064064915103,897.6506404895107,855.6190305882212,898.6113173037736,889.3774987106137,857.4841697572773,852.9967345427764,884.6040657316886,878.7315282741022,853.6476464466033,882.7921227482135,846.392443141889,842.4294866691375,881.4092942749824,921.4562649320094,841.7484762153599
