,square,rectangle,parallelogram,losange,isoTrapezoid,kite,rightKite,rustedHinge,hinge,trapezoid,random
square,0.0,278.7355815071197,330.6989522957333,397.8413079913082,209.61722229778562,172.18060365692585,144.57202559985632,281.9599771708701,277.55096487062434,224.44227731559724,308.08170763179305
rectangle,278.7355815071197,0.0,204.0297584136918,294.99560390844346,356.4056740069613,294.3005599449062,289.3977264467651,208.60209466662246,166.26991908009336,295.4977169307195,352.06880957097377
parallelogram,330.6989522957333,204.0297584136918,0.0,215.7295772064532,368.110391775092,342.0423901855899,321.2770480432152,255.47908662750675,221.87289319245232,299.42873722775715,348.3398474749662
losange,397.8413079913082,294.99560390844346,215.7295772064532,0.0,392.1664009554018,392.17507765252907,387.00620279216804,283.45014332843266,273.23117603698137,325.36148984788645,311.4349239864342
isoTrapezoid,209.61722229778562,356.4056740069613,368.110391775092,392.1664009554018,0.0,220.1436814215019,208.47280476440204,342.7558890423848,347.4503700529342,236.24717853068566,287.3413852057507
kite,172.18060365692585,294.3005599449062,342.0423901855899,392.17507765252907,220.1436814215019,0.0,150.41783197959498,318.51843759652957,316.4173589944311,274.3222193726711,329.0088743977162
rightKite,144.57202559985632,289.3977264467651,321.2770480432152,387.00620279216804,208.47280476440204,150.41783197959498,0.0,302.68198671604404,298.4610172299187,222.5803873569599,321.88083795019026
rustedHinge,281.9599771708701,208.60209466662246,255.47908662750675,283.45014332843266,342.7558890423848,318.51843759652957,302.68198671604404,0.0,87.30657744872514,291.39285043121936,311.5165515072997
hinge,277.55096487062434,166.26991908009336,221.87289319245232,273.23117603698137,347.4503700529342,316.4173589944311,298.4610172299187,87.30657744872514,0.0,284.65873433183685,318.72174817748083
trapezoid,224.44227731559724,295.4977169307195,299.42873722775715,325.36148984788645,236.24717853068566,274.3222193726711,222.5803873569599,291.39285043121936,284.65873433183685,0.0,232.5995177179505
random,308.08170763179305,352.06880957097377,348.3398474749662,311.4349239864342,287.3413852057507,329.0088743977162,321.88083795019026,311.5165515072997,318.72174817748083,232.5995177179505,0.0
