,square,rectangle,parallelogram,losange,isoTrapezoid,kite,rightKite,rustedHinge,hinge,trapezoid,random
square,0.0,0.020734864193469482,0.05651371584460596,0.08350267169248526,0.044999701465219144,0.03470135173442079,0.036508752779499165,0.05488924666737938,0.04553443776173316,0.04230533174321649,0.07601075737327212
rectangle,0.020734864193469482,0.0,0.03257827840069227,0.06196062606618502,0.07103819070297646,0.052218549055414676,0.053352257506064205,0.04902889694893897,0.0406590579707391,0.047793600632426436,0.08579059002790468
parallelogram,0.05651371584460596,0.03257827840069227,2.220446049250313e-16,0.01622755525310471,0.0767883309690911,0.06421851107977716,0.06449215975007494,0.04098850912284158,0.040432523402320064,0.03921447135910028,0.0659144163795693
losange,0.08350267169248526,0.06196062606618502,0.01622755525310471,0.0,0.08568186464507888,0.07838515826869419,0.07782512338264358,0.048965335114530606,0.05240055734530402,0.04200004755645437,0.05486070058148229
isoTrapezoid,0.044999701465219144,0.07103819070297646,0.0767883309690911,0.08568186464507888,2.220446049250313e-16,0.02158725057801103,0.020061846695652363,0.06083495128522631,0.060210948308910495,0.026148628611988967,0.043548247935606965
kite,0.03470135173442079,0.052218549055414676,0.06421851107977716,0.07838515826869419,0.02158725057801103,0.0,0.008583761319643668,0.04661756653067739,0.04051059312159977,0.03074653832066765,0.04963935650572848
rightKite,0.036508752779499165,0.053352257506064205,0.06449215975007494,0.07782512338264358,0.020061846695652363,0.008583761319643668,0.0,0.044462708880345536,0.03936458262275189,0.023603038077013805,0.0442904753031087
rustedHinge,0.05488924666737938,0.04902889694893897,0.04098850912284158,0.048965335114530606,0.06083495128522631,0.04661756653067739,0.044462708880345536,0.0,0.006947023326028923,0.04215732853474985,0.053707825811301846
hinge,0.04553443776173316,0.0406590579707391,0.040432523402320064,0.05240055734530402,0.060210948308910495,0.04051059312159977,0.03936458262275189,0.006947023326028923,0.0,0.0406459839261738,0.05236863403425307
trapezoid,0.04230533174321649,0.047793600632426436,0.03921447135910028,0.04200004755645437,0.026148628611988967,0.03074653832066765,0.023603038077013805,0.04215732853474985,0.0406459839261738,2.220446049250313e-16,0.02227809852197571
random,0.07601075737327212,0.08579059002790468,0.0659144163795693,0.05486070058148229,0.043548247935606965,0.04963935650572848,0.0442904753031087,0.053707825811301846,0.05236863403425307,0.02227809852197571,0.0
