,square,rectangle,parallelogram,losange,isoTrapezoid,kite,rightKite,rustedHinge,hinge,trapezoid,random
square,0.0,0.029634623182520414,0.05146233807325706,0.07414386225310476,0.021052371199814734,0.015499135820698173,0.010720238954263994,0.036760551449016354,0.03315438550262262,0.02473131723478683,0.04916978088486168
rectangle,0.029634623182520414,2.220446049250313e-16,0.021293721522581577,0.050638041267307865,0.06669842350648625,0.039736285782085434,0.03672953341609475,0.025807435345453045,0.015735427709988592,0.040957881239155,0.07455060363868193
parallelogram,0.05146233807325706,0.021293721522581577,0.0,0.019897186005436218,0.07464391517448532,0.06133901167389466,0.050474325783464113,0.037302344719944536,0.026600653797838825,0.03430911846137974,0.06245051006598046
losange,0.07414386225310476,0.050638041267307865,0.019897186005436218,0.0,0.08106579452160068,0.07896835308093231,0.06876938626896678,0.04877734970093284,0.04382656582305089,0.03743046683908069,0.04481972424738878
isoTrapezoid,0.021052371199814734,0.06669842350648625,0.07464391517448532,0.08106579452160068,0.0,0.022369067230050943,0.019260897271569544,0.0649594695429887,0.06523371121570487,0.02787068939699877,0.03963205354304422
kite,0.015499135820698173,0.039736285782085434,0.06133901167389466,0.07896835308093231,0.022369067230050943,2.220446049250313e-16,0.01117433262246359,0.05354608941180605,0.05167048816264874,0.041432249450219394,0.06218495814038527
rightKite,0.010720238954263994,0.03672953341609475,0.050474325783464113,0.06876938626896678,0.019260897271569544,0.01117433262246359,0.0,0.04835411324648875,0.04534507100526497,0.02309396680416531,0.051489363341857164
rustedHinge,0.036760551449016354,0.025807435345453045,0.037302344719944536,0.04877734970093284,0.0649594695429887,0.05354608941180605,0.04835411324648875,0.0,0.0038595554003528765,0.043406971355558266,0.05726958083221756
hinge,0.03315438550262262,0.015735427709988592,0.026600653797838825,0.04382656582305089,0.06523371121570487,0.05167048816264874,0.04534507100526497,0.0038595554003528765,0.0,0.038788238554798404,0.058093035447915886
trapezoid,0.02473131723478683,0.040957881239155,0.03430911846137974,0.03743046683908069,0.02787068939699877,0.041432249450219394,0.02309396680416531,0.043406971355558266,0.038788238554798404,2.220446049250313e-16,0.01943390163830805
random,0.04916978088486168,0.07455060363868193,0.06245051006598046,0.04481972424738878,0.03963205354304422,0.06218495814038527,0.051489363341857164,0.05726958083221756,0.058093035447915886,0.01943390163830805,0.0
