,square,rectangle,parallelogram,losange,isoTrapezoid,kite,rightKite,rustedHinge,hinge,trapezoid,random
square,1.1102230246251565e-16,0.019983823248981847,0.05026013893873926,0.06370066320146772,0.013545274584853884,0.006752609525211062,0.007231186367100295,0.03130171994764264,0.023449945682393558,0.015520295553508312,0.03837256990596749
rectangle,0.019983823248981847,0.0,0.014378724682798771,0.026217576695020894,0.04850190498877105,0.027425176228561776,0.024213249251422764,0.014196387388437093,0.010031014629778623,0.016632229971975776,0.0422352810431067
parallelogram,0.05026013893873926,0.014378724682798771,1.1102230246251565e-16,0.006907227781968062,0.07936494405964478,0.05596600481581071,0.052791238843441946,0.019022066447505703,0.016898423361908277,0.03214240273100777,0.04820497430456394
losange,0.06370066320146772,0.026217576695020894,0.006907227781968062,2.220446049250313e-16,0.09172893676179084,0.06938461598655488,0.06572964677170068,0.0254263737370769,0.023678984291585325,0.03581145037672839,0.04247861109687012
isoTrapezoid,0.013545274584853884,0.04850190498877105,0.07936494405964478,0.09172893676179084,0.0,0.01036338437028228,0.011037044726333267,0.05975670449875281,0.05088027589601707,0.02419701736187596,0.03640452524391691
kite,0.006752609525211062,0.027425176228561776,0.05596600481581071,0.06938461598655488,0.01036338437028228,0.0,0.0033095890392113025,0.03721808445845698,0.029360409167179413,0.017887276837384225,0.036635260988407636
rightKite,0.007231186367100295,0.024213249251422764,0.052791238843441946,0.06572964677170068,0.011037044726333267,0.0033095890392113025,0.0,0.03621200174152017,0.029106183266222496,0.011163665112363441,0.031948549464061116
rustedHinge,0.03130171994764264,0.014196387388437093,0.019022066447505703,0.0254263737370769,0.05975670449875281,0.03721808445845698,0.03621200174152017,1.1102230246251565e-16,0.0025236745355743384,0.02804830085920429,0.043939075053940124
hinge,0.023449945682393558,0.010031014629778623,0.016898423361908277,0.023678984291585325,0.05088027589601707,0.029360409167179413,0.029106183266222496,0.0025236745355743384,0.0,0.02130825851002971,0.037313028497096834
trapezoid,0.015520295553508312,0.016632229971975776,0.03214240273100777,0.03581145037672839,0.02419701736187596,0.017887276837384225,0.011163665112363441,0.02804830085920429,0.02130825851002971,1.1102230246251565e-16,0.012876663659957432
random,0.03837256990596749,0.0422352810431067,0.04820497430456394,0.04247861109687012,0.03640452524391691,0.036635260988407636,0.031948549464061116,0.043939075053940124,0.037313028497096834,0.012876663659957432,0.0
