,square,rectangle,parallelogram,losange,isoTrapezoid,kite,rightKite,rustedHinge,hinge,trapezoid,random
square,2.220446049250313e-16,0.03712629000027812,0.128444275548375,0.2216709291744835,0.18317922643955664,0.15382470406749316,0.16075208591265688,0.18674770017913167,0.1590951258169795,0.17240095317365223,0.27701088729988443
rectangle,0.03712629000027812,0.0,0.10972439339817419,0.2156503808318937,0.22025023961281087,0.18218068487022054,0.1950301435194517,0.19834191650633004,0.1667033286140983,0.19185332326163596,0.304641315803459
parallelogram,0.128444275548375,0.10972439339817419,0.0,0.050222323886541576,0.16765811319920176,0.15665081742601827,0.171593495469489,0.14197508922736768,0.14078353237023233,0.10385941655027475,0.18401979937692725
losange,0.2216709291744835,0.2156503808318937,0.050222323886541576,0.0,0.17096027216855758,0.181685268121759,0.19478413920345472,0.16022108173813765,0.17600443041910951,0.09874954431503391,0.14107366683960376
isoTrapezoid,0.18317922643955664,0.22025023961281087,0.16765811319920176,0.17096027216855758,0.0,0.07143349382737707,0.06574367565808548,0.13963479063211337,0.15679897293829548,0.058655585569027835,0.10454826403378881
kite,0.15382470406749316,0.18218068487022054,0.15665081742601827,0.181685268121759,0.07143349382737707,0.0,0.02573866564334637,0.11101642097279674,0.09787241080018039,0.08679928629751921,0.11307507477507783
rightKite,0.16075208591265688,0.1950301435194517,0.171593495469489,0.19478413920345472,0.06574367565808548,0.02573866564334637,2.220446049250313e-16,0.10440955614014491,0.0957357302297892,0.07766268741747662,0.10977887014288235
rustedHinge,0.18674770017913167,0.19834191650633004,0.14197508922736768,0.16022108173813765,0.13963479063211337,0.11101642097279674,0.10440955614014491,0.0,0.02292105844278358,0.1269750504739292,0.12205988754323505
hinge,0.1590951258169795,0.1667033286140983,0.14078353237023233,0.17600443041910951,0.15679897293829548,0.09787241080018039,0.0957357302297892,0.02292105844278358,0.0,0.1341418340962155,0.1306691845589094
trapezoid,0.17240095317365223,0.19185332326163596,0.10385941655027475,0.09874954431503391,0.058655585569027835,0.08679928629751921,0.07766268741747662,0.1269750504739292,0.1341418340962155,0.0,0.06802962652920586
random,0.27701088729988443,0.304641315803459,0.18401979937692725,0.14107366683960376,0.10454826403378881,0.11307507477507783,0.10977887014288235,0.12205988754323505,0.1306691845589094,0.06802962652920586,0.0
