,square,rectangle,parallelogram,losange,isoTrapezoid,kite,rightKite,rustedHinge,hinge,trapezoid,random
square,1.1102230246251565e-16,0.03407592687053462,0.04890073402625794,0.07062176901079698,0.021468122813995127,0.015102724970641579,0.01067829822559585,0.03786448780260565,0.03578573320113443,0.023838004739968555,0.04650503370791681
rectangle,0.03407592687053462,0.0,0.020824012317087304,0.04585235957038136,0.06882909686688532,0.04161068875660234,0.03947879504900986,0.02300277617960622,0.014312170658854484,0.04199365927026755,0.06879202918762173
parallelogram,0.04890073402625794,0.020824012317087304,0.0,0.022379293251323817,0.07006773173950287,0.05684304446410149,0.04734028946040236,0.03373108393170332,0.02480317585381131,0.036643282422493706,0.059909609543704834
losange,0.07062176901079698,0.04585235957038136,0.022379293251323817,0.0,0.0763048481461227,0.07286480093172498,0.06650731743307514,0.041091665447852255,0.03796268377630463,0.041004904065268244,0.04415208008672489
isoTrapezoid,0.021468122813995127,0.06882909686688532,0.07006773173950287,0.0763048481461227,0.0,0.0239852664240211,0.021594100422690388,0.06550577190237339,0.06661885957874347,0.028494961710116118,0.04100957214790313
kite,0.015102724970641579,0.04161068875660234,0.05684304446410149,0.07286480093172498,0.0239852664240211,0.0,0.011137117690498854,0.052613474671662774,0.05156432670918176,0.038096608818071975,0.056871885835769964
rightKite,0.01067829822559585,0.03947879504900986,0.04734028946040236,0.06650731743307514,0.021594100422690388,0.011137117690498854,1.1102230246251565e-16,0.04765904087507977,0.0457056169952037,0.023149081934447646,0.05144222402139931
rustedHinge,0.03786448780260565,0.02300277617960622,0.03373108393170332,0.041091665447852255,0.06550577190237339,0.052613474671662774,0.04765904087507977,0.0,0.0037357809458359315,0.04296357155195962,0.053673333842951476
hinge,0.03578573320113443,0.014312170658854484,0.02480317585381131,0.03796268377630463,0.06661885957874347,0.05156432670918176,0.0457056169952037,0.0037357809458359315,0.0,0.039589905338969555,0.055038688013807624
trapezoid,0.023838004739968555,0.04199365927026755,0.036643282422493706,0.041004904065268244,0.028494961710116118,0.038096608818071975,0.023149081934447646,0.04296357155195962,0.039589905338969555,1.1102230246251565e-16,0.02286586874659402
random,0.04650503370791681,0.06879202918762173,0.059909609543704834,0.04415208008672489,0.04100957214790313,0.056871885835769964,0.05144222402139931,0.053673333842951476,0.055038688013807624,0.02286586874659402,0.0
