,square,rectangle,parallelogram,losange,isoTrapezoid,kite,rightKite,rustedHinge,hinge,trapezoid,random
square,0.13800813181025517,0.19472282804790667,0.27587714327642515,0.30847465600120694,0.27631494166500054,0.24330878827710548,0.2397507258552379,0.30353443610768704,0.27829653971962914,0.273526336580076,0.3192529102051043
rectangle,0.19472282804790667,0.14208247691527856,0.2486664258462929,0.2962716306756687,0.29713720271938737,0.25906507839680837,0.2575052675158874,0.2852437204005295,0.24558927578569073,0.27884086950214393,0.32512623869780166
parallelogram,0.27587714327642515,0.2486664258462929,0.20928555097203538,0.24494730893457184,0.32168595127651284,0.2952472822895328,0.2927921125745301,0.3172509508872698,0.28633674170607365,0.2803144123603303,0.3172832110921238
losange,0.30847465600120694,0.2962716306756687,0.24494730893457184,0.21981819816996928,0.3323728541847455,0.3172417429445716,0.31243954030646537,0.33201713673443584,0.31124015913462494,0.28954534225219625,0.3066139067835399
isoTrapezoid,0.2763149416650006,0.29713720271938737,0.32168595127651284,0.3323728541847455,0.1771956718237533,0.2452133682949263,0.22363998300092516,0.29364270817183763,0.29067297193796404,0.2513200818936348,0.27662466939008434
kite,0.24330878827710548,0.25906507839680837,0.2952472822895328,0.3172417429445716,0.2452133682949263,0.1880229005446974,0.20792923414911696,0.29189925468767935,0.27511496119832834,0.27101978249064473,0.2922880245243721
rightKite,0.23975072585523788,0.2575052675158874,0.2927921125745301,0.3124395403064653,0.22363998300092516,0.20792923414911701,0.17950559063888277,0.2771022204123099,0.2634679814214913,0.24803942402346668,0.28036979365610326
rustedHinge,0.30353443610768704,0.2852437204005295,0.31725095088726973,0.3320171367344359,0.29364270817183763,0.29189925468767935,0.2771022204123099,0.1924777379721349,0.21507272457831228,0.30443662571954494,0.3015588914962877
hinge,0.27829653971962914,0.24558927578569073,0.28633674170607365,0.31124015913462494,0.290672971937964,0.27511496119832834,0.26346798142149125,0.21507272457831228,0.19605645629658147,0.2861694848412612,0.2942975668938754
trapezoid,0.273526336580076,0.27884086950214393,0.2803144123603303,0.28954534225219625,0.2513200818936348,0.27101978249064473,0.24803942402346674,0.30443662571954494,0.2861694848412612,0.21384889934581314,0.25684676929540595
random,0.3192529102051043,0.32512623869780166,0.3172832110921238,0.3066139067835399,0.27662466939008434,0.2922880245243721,0.28036979365610326,0.3015588914962877,0.2942975668938754,0.2568467692954059,0.21750591998253993
