,square,rectangle,parallelogram,losange,isoTrapezoid,kite,rightKite,rustedHinge,hinge,trapezoid,random
square,0.056066222206222725,0.07335547116838541,0.08071392989699293,0.09684080703336205,0.06667369070881099,0.10965525427929915,0.06534230153050796,0.06976696693514484,0.06324658702708896,0.06173018966988448,0.10086284137534222
rectangle,0.07335547116838541,0.05593802991612781,0.0659986038598999,0.08849295358908288,0.08495494933868371,0.09943696933958293,0.07384389248634085,0.08646625158661152,0.07291235151405505,0.07370697915250203,0.11140278811363839
parallelogram,0.08071392989699293,0.0659986038598999,0.06800747588891043,0.08941347965500304,0.0958658752723475,0.10890310661376491,0.07881070550262896,0.08716473108138756,0.07256655479480152,0.07334020909933245,0.10710834746375991
losange,0.09684080703336205,0.08849295358908288,0.08941347965500306,0.10152642038279514,0.11209493530762768,0.1290620487343953,0.09592034576321472,0.10388447080574098,0.09063689832929771,0.08951604322542882,0.10990304860629926
isoTrapezoid,0.06667369070881098,0.08495494933868374,0.09586587527234751,0.11209493530762768,0.052960392231441854,0.10781021333145076,0.07384226246140363,0.07761044886715797,0.07422674298689136,0.07499402756475022,0.10565025592680408
kite,0.10965525427929915,0.09943696933958293,0.1089031066137649,0.12906204873439528,0.10781021333145079,0.0972480165971522,0.09970360059172736,0.1273958107322704,0.12278572926795193,0.11560834016567582,0.15289315185546165
rightKite,0.06534230153050798,0.07384389248634085,0.07881070550262896,0.09592034576321472,0.07384226246140363,0.09970360059172736,0.06602147986406877,0.0793823907201398,0.07164927905518023,0.06756460520652555,0.10581560261728679
rustedHinge,0.06976696693514484,0.08646625158661152,0.08716473108138756,0.10388447080574098,0.07761044886715798,0.1273958107322704,0.07938239072013982,0.06196660446044741,0.05625573402128432,0.0647565286632823,0.0913926606359514
hinge,0.06324658702708896,0.07291235151405505,0.07256655479480152,0.09063689832929771,0.07422674298689136,0.12278572926795192,0.07164927905518023,0.05625573402128434,0.045503299084076236,0.054471132551553336,0.08141523944289997
trapezoid,0.06173018966988448,0.07370697915250203,0.07334020909933245,0.08951604322542883,0.07499402756475022,0.11560834016567582,0.06756460520652555,0.0647565286632823,0.054471132551553336,0.054137247758427154,0.08531977882235418
random,0.10086284137534222,0.11140278811363839,0.1071083474637599,0.10990304860629926,0.10565025592680406,0.15289315185546165,0.1058156026172868,0.0913926606359514,0.08141523944289997,0.08531977882235418,0.0738090386586623
