,square,rectangle,parallelogram,losange,isoTrapezoid,kite,rightKite,rustedHinge,hinge,trapezoid,random
square,0.034757874110608225,0.04909637448751461,0.055816437222950495,0.05920289034460553,0.057661149788094376,0.05725998211699309,0.05372884804596337,0.059993376238287856,0.05751158119405352,0.058096351644093935,0.06611582596292481
rectangle,0.04909637448751461,0.03294804174767886,0.05046978243903156,0.05587771485649659,0.054320232245347294,0.05140281284325179,0.05015387305863328,0.05447554609358026,0.04935318675377226,0.05124625029266258,0.05897198875197192
parallelogram,0.05581643722295051,0.05046978243903156,0.04260173219649942,0.04871075083506889,0.05945152117486664,0.057650701108104475,0.056059919980067825,0.05901871419024173,0.05552248874882911,0.053204993086977584,0.06020401602204317
losange,0.059202890344605526,0.05587771485649659,0.0487107508350689,0.04494278470318787,0.061335122435595975,0.060803017113829044,0.058672131209207765,0.06047485256014168,0.05829519020927617,0.05508991712972813,0.058648712286085
isoTrapezoid,0.057661149788094376,0.054320232245347294,0.05945152117486664,0.061335122435595975,0.036437491285898474,0.04943834649442768,0.045546129436506315,0.05262742509207503,0.05212417743445771,0.04941710070796219,0.05386306474131686
kite,0.05725998211699309,0.0514028128432518,0.057650701108104475,0.060803017113829044,0.04943834649442768,0.04209295530623602,0.04572141530168355,0.05671009814601405,0.05488793146446732,0.05385351695469548,0.0595467321327683
rightKite,0.05372884804596337,0.05015387305863328,0.05605991998006784,0.058672131209207765,0.045546129436506315,0.04572141530168355,0.039236567930068376,0.052126378667234,0.05036748117828871,0.04915107071043588,0.055820599433556495
rustedHinge,0.059993376238287856,0.05447554609358026,0.05901871419024173,0.06047485256014169,0.05262742509207503,0.05671009814601405,0.052126378667234005,0.04092234525130049,0.044154352393414996,0.05420715190379563,0.05604338012038498
hinge,0.05751158119405352,0.04935318675377226,0.05552248874882911,0.05829519020927617,0.05212417743445771,0.05488793146446732,0.0503674811782887,0.044154352393414996,0.04049520435896505,0.05171098027619769,0.05491906359657394
trapezoid,0.05809635164409395,0.05124625029266257,0.053204993086977584,0.05508991712972814,0.04941710070796219,0.05385351695469548,0.049151070710435896,0.054207151903795645,0.05171098027619767,0.04242190694937184,0.05093237141918519
random,0.06611582596292481,0.05897198875197193,0.06020401602204317,0.058648712286085,0.05386306474131685,0.0595467321327683,0.055820599433556495,0.05604338012038496,0.05491906359657395,0.05093237141918519,0.043981820086572955
