,square,rectangle,parallelogram,losange,isoTrapezoid,kite,rightKite,rustedHinge,hinge,trapezoid,random
square,0.12193245293514447,0.13236771996162625,0.1434894014201056,0.15539753993055164,0.1310547319525284,0.12991893849848588,0.12861122784527443,0.13939762934423902,0.1357070924413403,0.13438289996802744,0.1442042023851613
rectangle,0.13236771996162622,0.11784391370826719,0.13096291019861842,0.14397689216902657,0.1451328027672248,0.1373952990628832,0.13671081122916554,0.13281572473418424,0.1268582301506965,0.138541548743065,0.15035634368466178
parallelogram,0.1434894014201056,0.13096291019861842,0.126176797182114,0.13788240569776,0.15110902319266736,0.14837982140069647,0.14504076073748554,0.14084106341523636,0.13492153917917044,0.14064792080653146,0.15044663439487113
losange,0.15539753993055164,0.14397689216902657,0.13788240569776,0.13218357008973158,0.15736789079290156,0.15822276098037819,0.15573110178858318,0.14714442066367267,0.14351691258168964,0.1456279374359772,0.1482632468426437
isoTrapezoid,0.1310547319525284,0.1451328027672248,0.15110902319266736,0.15736789079290156,0.12327310367348694,0.13346035268226814,0.13281806927018658,0.14891541695774363,0.14652911654782008,0.1361711035505212,0.14208352412237768
kite,0.12991893849848588,0.1373952990628832,0.14837982140069647,0.15822276098037819,0.13346035268226816,0.12495632575544775,0.13008253828691033,0.1463559853139351,0.14339831210573464,0.1419165275015459,0.15014449962494752
rightKite,0.12861122784527443,0.13671081122916554,0.14504076073748554,0.15573110178858318,0.13281806927018658,0.13008253828691033,0.12564582672133023,0.1446814569704571,0.14140422326373295,0.13623459814539812,0.14755254068218865
rustedHinge,0.13939762934423902,0.13281572473418424,0.14084106341523636,0.14714442066367267,0.14891541695774363,0.14635598531393512,0.1446814569704571,0.12704393652137191,0.1266748798629606,0.143680006797906,0.1481719960386672
hinge,0.1357070924413403,0.1268582301506965,0.13492153917917044,0.14351691258168964,0.14652911654782008,0.14339831210573464,0.14140422326373295,0.1266748798629606,0.12253828318696307,0.13984635754599617,0.14644583545004244
trapezoid,0.13438289996802744,0.138541548743065,0.14064792080653146,0.1456279374359772,0.1361711035505212,0.14191652750154587,0.13623459814539812,0.143680006797906,0.13984635754599617,0.12736023793905235,0.1372908481656554
random,0.14420420238516127,0.1503563436846618,0.15044663439487113,0.14826324684264372,0.14208352412237765,0.15014449962494752,0.14755254068218865,0.1481719960386672,0.14644583545004244,0.1372908481656554,0.1288949181805662
