,square,rectangle,parallelogram,losange,isoTrapezoid,kite,rightKite,rustedHinge,hinge,trapezoid,random
square,0.0,11.453474039738785,29.722510923178053,37.28839436961354,36.642842286993876,31.222865302622175,33.770234381134735,42.34164669334047,38.77554235677559,35.215297343022776,41.994909333228556
rectangle,11.453474039738785,0.0,29.380188766560053,37.825304236642474,39.277735819599755,33.58602317610042,35.99293457946956,42.893699508306106,39.10626872085043,37.283427681982694,43.58921237594399
parallelogram,29.722510923178053,29.380188766560053,0.0,19.113447750071362,33.12674652210451,29.318077546949148,32.28149159802718,39.97389840437795,36.90441202170104,26.53001235195664,35.160545534697796
losange,37.28839436961354,37.825304236642474,19.113447750071362,0.0,32.68787215387113,31.684532733294144,31.796287271864927,37.222686352610644,35.74930328686723,25.981569324921654,29.92937339982172
isoTrapezoid,36.642842286993876,39.277735819599755,33.12674652210451,32.68787215387113,0.0,21.938277193403714,19.59074006510605,35.432318730306044,33.28960361910464,22.85690532061224,23.732172583694165
kite,31.222865302622175,33.58602317610042,29.318077546949148,31.684532733294144,21.938277193403714,0.0,14.04415629339078,34.09638634141009,30.392644279089158,24.170818885383458,28.176123727634454
rightKite,33.770234381134735,35.99293457946956,32.28149159802718,31.796287271864927,19.59074006510605,14.04415629339078,0.0,29.483090081725074,26.627445514626,24.883690714451074,24.709160588108684
rustedHinge,42.34164669334047,42.893699508306106,39.97389840437795,37.222686352610644,35.432318730306044,34.09638634141009,29.483090081725074,0.0,10.835457264131625,37.29095922439017,32.44560872029925
hinge,38.77554235677559,39.10626872085043,36.90441202170104,35.74930328686723,33.28960361910464,30.392644279089158,26.627445514626,10.835457264131625,0.0,34.750311403603106,30.975667092729513
trapezoid,35.215297343022776,37.283427681982694,26.53001235195664,25.981569324921654,22.85690532061224,24.170818885383458,24.883690714451074,37.29095922439017,34.750311403603106,0.0,21.71416395857292
random,41.994909333228556,43.58921237594399,35.160545534697796,29.92937339982172,23.732172583694165,28.176123727634454,24.709160588108684,32.44560872029925,30.975667092729513,21.71416395857292,0.0
