,square,rectangle,parallelogram,losange,isoTrapezoid,kite,rightKite,rustedHinge,hinge,trapezoid,random
square,0.0,0.06641790439006834,0.16322739379646556,0.2561517783989049,0.11178618463731282,0.05826677493659138,0.052478518593829904,0.11633220601894412,0.0963567256853296,0.09571275640836618,0.17522519329754915
rectangle,0.06641790439006834,0.0,0.09611513877632705,0.2324889346899337,0.19403415714263583,0.10855469244293714,0.10185028339167779,0.0828427942792258,0.05268436288604128,0.13278054590100152,0.21876159760247438
parallelogram,0.16322739379646556,0.09611513877632705,0.0,0.09640752498805472,0.22607174165963584,0.1839207226872882,0.14750816709582892,0.1493150814544706,0.12003799772447354,0.10692441968485045,0.1872505024740465
losange,0.2561517783989049,0.2324889346899337,0.09640752498805472,0.0,0.25303633241989154,0.25396020527403773,0.22556786942540163,0.2331638663684764,0.23076336223880034,0.1284802738971511,0.16875732353162587
isoTrapezoid,0.11178618463731282,0.19403415714263583,0.22607174165963584,0.25303633241989154,2.220446049250313e-16,0.08140054268542718,0.07592236428113075,0.2209320229968147,0.20888429438603917,0.08821795754174289,0.11540946847669675
kite,0.05826677493659138,0.10855469244293714,0.1839207226872882,0.25396020527403773,0.08140054268542718,0.0,0.031834597426656064,0.16962450358907244,0.15471974572231084,0.12432675307657737,0.1881903047226422
rightKite,0.052478518593829904,0.10185028339167779,0.14750816709582892,0.22556786942540163,0.07592236428113075,0.031834597426656064,0.0,0.16429716379232095,0.15165222991262628,0.07925721960097654,0.16426734313821256
rustedHinge,0.11633220601894412,0.0828427942792258,0.1493150814544706,0.2331638663684764,0.2209320229968147,0.16962450358907244,0.16429716379232095,2.220446049250313e-16,0.014561163439147262,0.15616178476005327,0.18512482002725217
hinge,0.0963567256853296,0.05268436288604128,0.12003799772447354,0.23076336223880034,0.20888429438603917,0.15471974572231084,0.15165222991262628,0.014561163439147262,2.220446049250313e-16,0.1432745296854797,0.1837564522503441
trapezoid,0.09571275640836618,0.13278054590100152,0.10692441968485045,0.1284802738971511,0.08821795754174289,0.12432675307657737,0.07925721960097654,0.15616178476005327,0.1432745296854797,2.220446049250313e-16,0.05897719594331707
random,0.17522519329754915,0.21876159760247438,0.1872505024740465,0.16875732353162587,0.11540946847669675,0.1881903047226422,0.16426734313821256,0.18512482002725217,0.1837564522503441,0.05897719594331707,0.0
