,square,rectangle,parallelogram,losange,isoTrapezoid,kite,rightKite,rustedHinge,hinge,trapezoid,random
square,0.0,0.0485551409289513,0.09267570954002635,0.13259962417670756,0.03794062596500236,0.029057780532313116,0.024483869083111953,0.06663380984659673,0.05855743939241187,0.049430481483110245,0.08705858792477694
rectangle,0.0485551409289513,0.0,0.04750375601122925,0.0940781352218314,0.10037224110228027,0.06717857669929472,0.06409014166941762,0.04640016171668537,0.028894527572398965,0.0749276560965102,0.11832854878967103
parallelogram,0.09267570954002635,0.04750375601122925,0.0,0.04436749117426797,0.12007322855031255,0.11270857567665937,0.08999505054889856,0.07680935361142915,0.05597472244746926,0.06403001608133552,0.10358167747658853
losange,0.13259962417670756,0.0940781352218314,0.04436749117426797,2.220446049250313e-16,0.13619343861046307,0.14473403696140674,0.12488721033298311,0.09460748727329882,0.08532707178445054,0.07115626037333378,0.07962451125975922
isoTrapezoid,0.03794062596500236,0.10037224110228027,0.12007322855031255,0.13619343861046307,0.0,0.041088296477465036,0.037090038061982966,0.10999681765937752,0.1061838494295233,0.0498432447406848,0.07101758374113687
kite,0.029057780532313116,0.06717857669929472,0.11270857567665937,0.14473403696140674,0.041088296477465036,0.0,0.02418675865969866,0.09522956369471192,0.09121014561589424,0.08194466177891735,0.11289874902419583
rightKite,0.024483869083111953,0.06409014166941762,0.08999505054889856,0.12488721033298311,0.037090038061982966,0.02418675865969866,0.0,0.09168991553938699,0.08511402804559187,0.04737798562036222,0.09368473251924103
rustedHinge,0.06663380984659673,0.04640016171668537,0.07680935361142915,0.09460748727329882,0.10999681765937752,0.09522956369471192,0.09168991553938699,0.0,0.008418925451497583,0.08603138967673551,0.09992317558638852
hinge,0.05855743939241187,0.028894527572398965,0.05597472244746926,0.08532707178445054,0.1061838494295233,0.09121014561589424,0.08511402804559187,0.008418925451497583,0.0,0.0754794706328542,0.0975338996999795
trapezoid,0.049430481483110245,0.0749276560965102,0.06403001608133552,0.07115626037333378,0.0498432447406848,0.08194466177891735,0.04737798562036222,0.08603138967673551,0.0754794706328542,0.0,0.03458986740397163
random,0.08705858792477694,0.11832854878967103,0.10358167747658853,0.07962451125975922,0.07101758374113687,0.11289874902419583,0.09368473251924103,0.09992317558638852,0.0975338996999795,0.03458986740397163,0.0
