,square,rectangle,parallelogram,losange,isoTrapezoid,kite,rightKite,rustedHinge,hinge,trapezoid,random
square,93.282896049826,108.15353953526446,132.35848810467675,150.51538959880818,116.00107143859876,116.33904081069258,111.4732444836496,126.47865239331905,120.58542842648495,120.75207934894121,137.13774394760063
rectangle,108.15353953526446,93.92080738854895,123.26971215388807,145.72625444772137,130.612469829101,125.52994664831233,122.62012532658363,125.32027264386318,116.17888965013414,127.64663718014255,144.1523927026925
parallelogram,132.35848810467675,123.26971215388807,109.00303624307773,128.4716144150488,142.82770401608593,144.4747830590289,138.72949881524116,136.12496241229036,128.86141081529556,128.1444751814128,141.98788619563888
losange,150.51538959880818,145.72625444772137,128.4716144150488,115.61178101401805,151.99289790944474,157.94378889432076,152.8463214545557,147.53377817591328,144.47667221235668,135.22120550903068,140.6413927826697
isoTrapezoid,116.00107143859876,130.612469829101,142.8277040160859,151.9928979094447,101.90820576776295,120.27588122878075,116.37042262241766,138.3112318464665,135.74794983860497,121.17455625333879,131.59558726842266
kite,116.33904081069258,125.52994664831233,144.4747830590289,157.94378889432076,120.27588122878075,105.44300831326396,113.99051573087688,139.9489631479591,137.04418246884978,135.49566236422703,147.94900252885355
rightKite,111.47324448364962,122.6201253265836,138.72949881524116,152.8463214545557,116.37042262241766,113.99051573087691,103.49685360694171,136.7875348036483,133.69665859004974,124.93969977202505,140.21039347611202
rustedHinge,126.47865239331905,125.32027264386318,136.12496241229036,147.53377817591328,138.3112318464665,139.9489631479591,136.78753480364827,107.85298629890144,112.32511156313001,133.57142612189662,139.46957912438458
hinge,120.58542842648495,116.17888965013415,128.86141081529556,144.47667221235668,135.74794983860497,137.04418246884978,133.6966585900497,112.32511156313001,106.14360680635039,129.31531372609172,138.1001683324498
trapezoid,120.75207934894121,127.64663718014252,128.1444751814128,135.22120550903068,121.17455625333879,135.49566236422703,124.93969977202505,133.57142612189662,129.31531372609172,103.7058559244704,118.61490809749998
random,137.13774394760063,144.1523927026925,141.98788619563888,140.6413927826697,131.59558726842263,147.94900252885355,140.21039347611202,139.46957912438455,138.10016833244978,118.61490809749999,106.99492555001126
