,square,rectangle,parallelogram,losange,isoTrapezoid,kite,rightKite,rustedHinge,hinge,trapezoid,random
square,272.43180691540823,284.84584199579984,294.45228281044666,302.9977389178915,285.13420218190004,283.9028788369314,282.8124811028131,289.70302567005973,287.94087006892636,287.0229887355106,292.6624466836717
rectangle,284.84584199579984,273.9960463084258,288.8481838180482,297.62951819954895,293.5620426904319,290.10567864615314,289.29520929721355,286.97398165112946,283.8671319883401,291.4593916771073,296.6163683919856
parallelogram,294.45228281044666,288.8481838180482,286.8457143251919,299.7839584635082,300.93223468191314,299.6607922383343,297.82718370206686,295.7484568771154,292.59783141209044,298.25341093999873,302.5666908459334
losange,302.9977389178915,297.629518199549,299.7839584635082,295.7278077958115,306.73496564051834,307.2065650023148,305.99759352338384,301.4993880493351,299.3016177656452,303.54591879078276,304.6505591740603
isoTrapezoid,285.1342021819,293.5620426904319,300.9322346819132,306.73496564051834,280.3822555911349,289.7756072220966,288.9185645558148,297.4115353578099,296.157121599635,291.8885180986991,295.5729754822707
kite,283.9028788369314,290.10567864615314,299.6607922383343,307.2065650023148,289.7756072220966,281.1715424606764,287.15252252746507,296.2219995053694,294.54746802602267,293.9870284093628,298.58447178852197
rightKite,282.8124811028131,289.2952092972135,297.82718370206686,305.99759352338384,288.9185645558148,287.15252252746507,280.343289209043,294.91775738388503,293.14458770989745,291.1112716396672,297.42622556674746
rustedHinge,289.70302567005984,286.9739816511295,295.7484568771154,301.49938804933504,297.41153535780995,296.2219995053694,294.91775738388503,283.0133072887818,286.06165795140464,295.9486932393295,298.7971207801901
hinge,287.94087006892636,283.8671319883401,292.5978314120904,299.3016177656452,296.15712159963505,294.54746802602267,293.14458770989745,286.06165795140464,279.87584922478646,293.9835571050705,297.4902966919188
trapezoid,287.0229887355106,291.4593916771073,298.2534109399988,303.5459187907827,291.888518098699,293.9870284093628,291.1112716396672,295.9486932393295,293.9835571050705,283.97210440861704,294.51246665812533
random,292.6624466836717,296.6163683919856,302.5666908459334,304.6505591740603,295.5729754822707,298.58447178852197,297.42622556674746,298.7971207801901,297.49029669191884,294.5124666581254,286.66796715446736
