,square,rectangle,parallelogram,losange,isoTrapezoid,kite,rightKite,rustedHinge,hinge,trapezoid,random
square,0.0,0.044300787781223705,0.11848652698891682,0.15964029256786316,0.12222661050382722,0.09867347933428838,0.10871128531844199,0.15153064527203486,0.12206024935377457,0.10263486087579776,0.15576364055832992
rectangle,0.044300787781223705,0.0,0.0740104616461903,0.12302111110064995,0.15917042574647788,0.11830133865935144,0.13042392983994266,0.13655024269471672,0.096149620076046,0.11368179042846205,0.17120459134432753
parallelogram,0.11848652698891682,0.0740104616461903,0.0,0.03354655671479623,0.17758256237801073,0.13690026389763055,0.15095752705565735,0.14150762185122667,0.10553637111288039,0.09357923414213198,0.1381028007401336
losange,0.15964029256786316,0.12302111110064995,0.03354655671479623,1.1102230246251565e-16,0.19311131449276364,0.16283206071705414,0.17704082095694362,0.16179093216331042,0.13426359081324923,0.10225064012596408,0.12219119189458538
isoTrapezoid,0.12222661050382722,0.15917042574647788,0.17758256237801073,0.19311131449276364,0.0,0.06542215284015851,0.05628025469346398,0.15216017439117624,0.14462723742521733,0.06414881216899859,0.09551703426943048
kite,0.09867347933428838,0.11830133865935144,0.13690026389763055,0.16283206071705414,0.06542215284015851,0.0,0.02960391912223126,0.1251854173012874,0.11092576797884002,0.09192438218325683,0.11844333290427811
rightKite,0.10871128531844199,0.13042392983994266,0.15095752705565735,0.17704082095694362,0.05628025469346398,0.02960391912223126,0.0,0.11737853628679562,0.10799641796211157,0.07288101530781255,0.11291599922185369
rustedHinge,0.15153064527203486,0.13655024269471672,0.14150762185122667,0.16179093216331042,0.15216017439117624,0.1251854173012874,0.11737853628679562,0.0,0.01552674557235556,0.12684052780021193,0.12235106215548919
hinge,0.12206024935377457,0.096149620076046,0.10553637111288039,0.13426359081324923,0.14462723742521733,0.11092576797884002,0.10799641796211157,0.01552674557235556,0.0,0.10982222052118096,0.1191230108883562
trapezoid,0.10263486087579776,0.11368179042846205,0.09357923414213198,0.10225064012596408,0.06414881216899859,0.09192438218325683,0.07288101530781255,0.12684052780021193,0.10982222052118096,0.0,0.04737713235194008
random,0.15576364055832992,0.17120459134432753,0.1381028007401336,0.12219119189458538,0.09551703426943048,0.11844333290427811,0.11291599922185369,0.12235106215548919,0.1191230108883562,0.04737713235194008,0.0
