,square,rectangle,parallelogram,losange,isoTrapezoid,kite,rightKite,rustedHinge,hinge,trapezoid,random
square,0.0,0.06430515224815314,0.1601978668937294,0.21306427951611628,0.13582875928860716,0.12790257943534655,0.11046515603387397,0.17499679435818782,0.14375647862649,0.1312104542054786,0.20802307934940145
rectangle,0.06430515224815314,1.1102230246251565e-16,0.1245779461076415,0.19301472181312296,0.18621962711678208,0.16108756480708553,0.14948594574512297,0.15742672962456983,0.10958465832002129,0.15484256971067656,0.2271915770423243
parallelogram,0.1601978668937294,0.1245779461076415,2.220446049250313e-16,0.04438139056214385,0.1857251476871823,0.151324273498061,0.15508220884085877,0.15270535846149347,0.12059225195805068,0.11124884618707453,0.15883229918672848
losange,0.21306427951611628,0.19301472181312296,0.04438139056214385,0.0,0.2053729515280871,0.18107272424776866,0.1893876616613812,0.18058019360960165,0.16141747659291683,0.12375102028315654,0.14081806894209425
isoTrapezoid,0.13582875928860716,0.18621962711678208,0.1857251476871823,0.2053729515280871,0.0,0.07670237658602885,0.06333289914719398,0.16009032588517857,0.15438234782777938,0.06592951556874715,0.11714064827532888
kite,0.12790257943534655,0.16108756480708553,0.151324273498061,0.18107272424776866,0.07670237658602885,0.0,0.03867856345142717,0.13368837366457387,0.12551055005721012,0.10740725182416688,0.13640486919883554
rightKite,0.11046515603387397,0.14948594574512297,0.15508220884085877,0.1893876616613812,0.06333289914719398,0.03867856345142717,0.0,0.12327361089020117,0.1143084888689554,0.08051734064958094,0.13972869114131303
rustedHinge,0.17499679435818782,0.15742672962456983,0.15270535846149347,0.18058019360960165,0.16009032588517857,0.13368837366457387,0.12327361089020117,0.0,0.020181082654096905,0.14082786149473014,0.13877207512639478
hinge,0.14375647862649,0.10958465832002129,0.12059225195805068,0.16141747659291683,0.15438234782777938,0.12551055005721012,0.1143084888689554,0.020181082654096905,0.0,0.12561511178701223,0.14300786077019967
trapezoid,0.1312104542054786,0.15484256971067656,0.11124884618707453,0.12375102028315654,0.06592951556874715,0.10740725182416688,0.08051734064958094,0.14082786149473014,0.12561511178701223,0.0,0.06674176764231765
random,0.20802307934940145,0.2271915770423243,0.15883229918672848,0.14081806894209425,0.11714064827532888,0.13640486919883554,0.13972869114131303,0.13877207512639478,0.14300786077019967,0.06674176764231765,2.220446049250313e-16
