,square,rectangle,parallelogram,losange,isoTrapezoid,kite,rightKite,rustedHinge,hinge,trapezoid,random
square,0.0,0.07224526282478227,0.11711928326451182,0.1434257750664769,0.11450483045631876,0.10140991181331838,0.09615894099540301,0.12428963020336048,0.10855639791839566,0.10710291836748576,0.14296264340800757
rectangle,0.07224526282478227,0.0,0.10367018458977661,0.13980857431639526,0.13464833332442971,0.12023431315778366,0.12120998420821472,0.11616258774211996,0.08946066309933443,0.11744754146265357,0.15140172484330416
parallelogram,0.11711928326451182,0.10367018458977661,0.0,0.040678578459631964,0.1260292511777813,0.1075266912300078,0.11412283981164384,0.1115308051849424,0.09510876806981683,0.08741547814141293,0.11500382969134737
losange,0.1434257750664769,0.13980857431639526,0.040678578459631964,0.0,0.1394228688167547,0.12991912365108516,0.13461795931144738,0.12650920559761936,0.11838942045955159,0.09706721758481707,0.10859205420002505
isoTrapezoid,0.11450483045631876,0.13464833332442971,0.1260292511777813,0.1394228688167547,1.1102230246251565e-16,0.056878764653787384,0.05337060760118295,0.10918488218833378,0.10123783323305946,0.049236276954536695,0.07881978803446865
kite,0.10140991181331838,0.12023431315778366,0.1075266912300078,0.12991912365108516,0.056878764653787384,1.1102230246251565e-16,0.031710881885279596,0.0920218893161997,0.08041257657338419,0.07082239972271498,0.0901008626320905
rightKite,0.09615894099540301,0.12120998420821472,0.11412283981164384,0.13461795931144738,0.05337060760118295,0.031710881885279596,0.0,0.08695117149360465,0.07568609026988993,0.06088370318053982,0.09577889191275413
rustedHinge,0.12428963020336048,0.11616258774211996,0.1115308051849424,0.12650920559761936,0.10918488218833378,0.0920218893161997,0.08695117149360465,1.1102230246251565e-16,0.024252603305905063,0.09768223963131772,0.0978705407403675
hinge,0.10855639791839566,0.08946066309933443,0.09510876806981683,0.11838942045955159,0.10123783323305946,0.08041257657338419,0.07568609026988993,0.024252603305905063,1.1102230246251565e-16,0.08643590865601114,0.0981690587009143
trapezoid,0.10710291836748576,0.11744754146265357,0.08741547814141293,0.09706721758481707,0.049236276954536695,0.07082239972271498,0.06088370318053982,0.09768223963131772,0.08643590865601114,0.0,0.05029943407768689
random,0.14296264340800757,0.15140172484330416,0.11500382969134737,0.10859205420002505,0.07881978803446865,0.0901008626320905,0.09577889191275413,0.0978705407403675,0.0981690587009143,0.05029943407768689,0.0
