,square,rectangle,parallelogram,losange,isoTrapezoid,kite,rightKite,rustedHinge,hinge,trapezoid,random
square,1.1102230246251565e-16,0.03582860023077217,0.07466106705749265,0.10488045349640218,0.032472344236444406,0.029909823062757024,0.02631446087549194,0.05682843633338375,0.04891023613198531,0.039733820573964684,0.07128870412719857
rectangle,0.03582860023077217,1.1102230246251565e-16,0.03483083261761866,0.070798383522363,0.07778781272197477,0.05606658123532726,0.05531649583495213,0.04558888133507899,0.02880572895646527,0.05580638259304993,0.09315526034634458
parallelogram,0.07466106705749265,0.03483083261761866,0.0,0.025141670365771973,0.09719010835608144,0.08640654009802684,0.07783155409020359,0.06142413387334533,0.04460211021834293,0.051166654183713356,0.0825035953541623
losange,0.10488045349640218,0.070798383522363,0.025141670365771973,0.0,0.11043242601499037,0.10996497897984792,0.10219825199708499,0.07927666025219016,0.068533390936659,0.058716677722735366,0.07087500855783213
isoTrapezoid,0.032472344236444406,0.07778781272197477,0.09719010835608144,0.11043242601499037,1.1102230246251565e-16,0.03223762801773633,0.02939626623651237,0.08203999068412904,0.08038130809669608,0.03696217316857919,0.05228169673946037
kite,0.029909823062757024,0.05606658123532726,0.08640654009802684,0.10996497897984792,0.03223762801773633,0.0,0.01652546556366008,0.07152334106923097,0.06770854773499635,0.06047572916607935,0.08143194925047936
rightKite,0.02631446087549194,0.05531649583495213,0.07783155409020359,0.10219825199708499,0.02939626623651237,0.01652546556366008,0.0,0.06785412641452415,0.06311455581364633,0.037828576702234384,0.06758646074705321
rustedHinge,0.05682843633338375,0.04558888133507899,0.06142413387334533,0.07927666025219016,0.08203999068412904,0.07152334106923097,0.06785412641452415,0.0,0.007146312521457143,0.06426136014056472,0.07198010162112867
hinge,0.04891023613198531,0.02880572895646527,0.04460211021834293,0.068533390936659,0.08038130809669608,0.06770854773499635,0.06311455581364633,0.007146312521457143,0.0,0.05643890404859675,0.07022104474512492
trapezoid,0.039733820573964684,0.05580638259304993,0.051166654183713356,0.058716677722735366,0.03696217316857919,0.06047572916607935,0.037828576702234384,0.06426136014056472,0.05643890404859675,1.1102230246251565e-16,0.02571461714461587
random,0.07128870412719857,0.09315526034634458,0.0825035953541623,0.07087500855783213,0.05228169673946037,0.08143194925047936,0.06758646074705321,0.07198010162112867,0.07022104474512492,0.02571461714461587,1.1102230246251565e-16
