,square,rectangle,parallelogram,losange,isoTrapezoid,kite,rightKite,rustedHinge,hinge,trapezoid,random
square,0.0,0.10494764456188932,0.20171406527430125,0.25638931286995303,0.19272240349482117,0.17267628076156838,0.15329626169634336,0.23547274575093968,0.19919595311227156,0.17830193496108449,0.2613888512311118
rectangle,0.10494764456188932,0.0,0.14448122381796458,0.2187407397929828,0.2071129386065964,0.18220049228559365,0.17463056726427162,0.19066266850479852,0.13444528038637327,0.17550617489444742,0.24864606588637028
parallelogram,0.20171406527430125,0.14448122381796458,0.0,0.051240696349336035,0.21011634190326756,0.16945911386142054,0.18386413139027147,0.1867938229046856,0.1460814710083248,0.12573415013250178,0.18330295448397138
losange,0.25638931286995303,0.2187407397929828,0.051240696349336035,0.0,0.23945604092945239,0.20846619167630176,0.22579230733132116,0.21985113065529716,0.19438316751755358,0.14798413366453156,0.17504415816807806
isoTrapezoid,0.19272240349482117,0.2071129386065964,0.21011634190326756,0.23945604092945239,0.0,0.08423235954801167,0.06718539015688507,0.17654592513704404,0.1661286014074943,0.07620027176044764,0.13193773035007716
kite,0.17267628076156838,0.18220049228559365,0.16945911386142054,0.20846619167630176,0.08423235954801167,0.0,0.04299664032947004,0.15662962392675062,0.14266386939229792,0.11829760345781504,0.15845799815953887
rightKite,0.15329626169634336,0.17463056726427162,0.18386413139027147,0.22579230733132116,0.06718539015688507,0.04299664032947004,0.0,0.14827140807750827,0.1316500261328094,0.08965261934384783,0.15912433503782186
rustedHinge,0.23547274575093968,0.19066266850479852,0.1867938229046856,0.21985113065529716,0.17654592513704404,0.15662962392675062,0.14827140807750827,0.0,0.028931529732023953,0.16170221266997487,0.15815289666439214
hinge,0.19919595311227156,0.13444528038637327,0.1460814710083248,0.19438316751755358,0.1661286014074943,0.14266386939229792,0.1316500261328094,0.028931529732023953,0.0,0.13972554818653216,0.1622226942001861
trapezoid,0.17830193496108449,0.17550617489444742,0.12573415013250178,0.14798413366453156,0.07620027176044764,0.11829760345781504,0.08965261934384783,0.16170221266997487,0.13972554818653216,0.0,0.07775062563879354
random,0.2613888512311118,0.24864606588637028,0.18330295448397138,0.17504415816807806,0.13193773035007716,0.15845799815953887,0.15912433503782186,0.15815289666439214,0.1622226942001861,0.07775062563879354,0.0
