,square,rectangle,parallelogram,losange,isoTrapezoid,kite,rightKite,rustedHinge,hinge,trapezoid,random
square,0.0,0.04715298692640402,0.07709353307724653,0.09135045620937532,0.06937868239898604,0.06266733156525373,0.05781872771604124,0.08038378551906922,0.07009825426605298,0.06474263630067378,0.09136054278901518
rectangle,0.04715298692640402,1.1102230246251565e-16,0.06558793881000868,0.08563347484425765,0.08785603011386611,0.07773401406055558,0.0777337819434839,0.07804080189161311,0.061868992069529116,0.07509634722347736,0.09871198794035951
parallelogram,0.07709353307724653,0.06558793881000868,0.0,0.02421577949533027,0.08292853392202304,0.0676763906472615,0.07405272066337054,0.07175780558650202,0.06160520407610215,0.05705633701825208,0.07368295952685555
losange,0.09135045620937532,0.08563347484425765,0.02421577949533027,0.0,0.0876215069877121,0.07729776110028519,0.08338902295993789,0.07670955299030702,0.07216089028288186,0.0592718544723404,0.06627954389472146
isoTrapezoid,0.06937868239898604,0.08785603011386611,0.08292853392202304,0.0876215069877121,0.0,0.03610981199580565,0.033455946060426234,0.06693636123861024,0.06378211277550327,0.031802775592624344,0.051371297701572116
kite,0.06266733156525373,0.07773401406055558,0.0676763906472615,0.07729776110028519,0.03610981199580565,0.0,0.019734023281924196,0.05406750013346284,0.04912558557175306,0.04489411236401397,0.05570311177377696
rightKite,0.05781872771604124,0.0777337819434839,0.07405272066337054,0.08338902295993789,0.033455946060426234,0.019734023281924196,0.0,0.05244664720889758,0.04607608750009151,0.03790468385846346,0.06036600203563758
rustedHinge,0.08038378551906922,0.07804080189161311,0.07175780558650202,0.07670955299030702,0.06693636123861024,0.05406750013346284,0.05244664720889758,0.0,0.015604680730897713,0.06061828133551406,0.05821886623311978
hinge,0.07009825426605298,0.061868992069529116,0.06160520407610215,0.07216089028288186,0.06378211277550327,0.04912558557175306,0.04607608750009151,0.015604680730897713,0.0,0.05450752965726691,0.06062361417906925
trapezoid,0.06474263630067378,0.07509634722347736,0.05705633701825208,0.0592718544723404,0.031802775592624344,0.04489411236401397,0.03790468385846346,0.06061828133551406,0.05450752965726691,0.0,0.034059777114235024
random,0.09136054278901518,0.09871198794035951,0.07368295952685555,0.06627954389472146,0.051371297701572116,0.05570311177377696,0.06036600203563758,0.05821886623311978,0.06062361417906925,0.034059777114235024,0.0
