,square,rectangle,parallelogram,losange,isoTrapezoid,kite,rightKite,rustedHinge,hinge,trapezoid,random
square,2.220446049250313e-16,0.009115792446679594,0.014672812401427038,0.020595458050443716,0.00560562350743099,0.004049445036074073,0.0029702629690754323,0.01017993020602126,0.00949503686444364,0.006466192710944729,0.0120973751233856
rectangle,0.009115792446679594,2.220446049250313e-16,0.00588683087702524,0.012104060894215452,0.01569117333493042,0.010814563733577476,0.01025500493389453,0.0063161743129867,0.003995981049705999,0.010920872251385494,0.01706675830625115
parallelogram,0.014672812401427038,0.00588683087702524,2.220446049250313e-16,0.005587987226477353,0.01837506547856016,0.0162817969104867,0.013756106106157961,0.009429609358744262,0.006888432593633587,0.010514714698235728,0.015843014205185857
losange,0.020595458050443716,0.012104060894215452,0.005587987226477353,0.0,0.02073059782000819,0.02105424814813206,0.019121748667796923,0.01177329095733226,0.010617632053770865,0.012003909939955482,0.012495723015676141
isoTrapezoid,0.00560562350743099,0.01569117333493042,0.01837506547856016,0.02073059782000819,0.0,0.005690154971892403,0.0051636020461817145,0.015285639201471635,0.015341192923619573,0.007105683299378218,0.00973660724288794
kite,0.004049445036074073,0.010814563733577476,0.0162817969104867,0.02105424814813206,0.005690154971892403,2.220446049250313e-16,0.0031948679073741104,0.013379492688830097,0.013076714529625444,0.01060573441177548,0.014925869358054844
rightKite,0.0029702629690754323,0.01025500493389453,0.013756106106157961,0.019121748667796923,0.0051636020461817145,0.0031948679073741104,0.0,0.012209515895486689,0.011636093294303262,0.0062410378178886505,0.012654902311370342
rustedHinge,0.01017993020602126,0.0063161743129867,0.009429609358744262,0.01177329095733226,0.015285639201471635,0.013379492688830097,0.012209515895486689,0.0,0.0012219210648939383,0.011024904119992796,0.013187488448303641
hinge,0.00949503686444364,0.003995981049705999,0.006888432593633587,0.010617632053770865,0.015341192923619573,0.013076714529625444,0.011636093294303262,0.0012219210648939383,0.0,0.010154796078652661,0.013494833718941779
trapezoid,0.006466192710944729,0.010920872251385494,0.010514714698235728,0.012003909939955482,0.007105683299378218,0.01060573441177548,0.0062410378178886505,0.011024904119992796,0.010154796078652661,0.0,0.005609951928085777
random,0.0120973751233856,0.01706675830625115,0.015843014205185857,0.012495723015676141,0.00973660724288794,0.014925869358054844,0.012654902311370342,0.013187488448303641,0.013494833718941779,0.005609951928085777,2.220446049250313e-16
