,square,rectangle,parallelogram,losange,isoTrapezoid,kite,rightKite,rustedHinge,hinge,trapezoid,random
square,0.0,0.006165885314892927,0.010491953798460019,0.013634858799244087,0.003512539160154038,0.002396547130183224,0.0019031196810264106,0.0067460383891631,0.006407661454119751,0.004212587765938802,0.008224411308338953
rectangle,0.006165885314892927,1.1102230246251565e-16,0.0038561601335321827,0.007002905699954987,0.009839321281386648,0.006630923039145364,0.006630293424266909,0.004015171398941364,0.0025131559492597155,0.006952587713509928,0.010840604796487519
parallelogram,0.010491953798460019,0.0038561601335321827,0.0,0.0036283260160429043,0.012477751131731551,0.010885682214003767,0.009382229213473425,0.005764787627203338,0.004265457790157523,0.007383996808769,0.010415001799955359
losange,0.013634858799244087,0.007002905699954987,0.0036283260160429043,0.0,0.013391284141690663,0.013347560933081537,0.012479784465474264,0.00671428049060363,0.006045575929030322,0.008014871209111263,0.008084349139722447
isoTrapezoid,0.003512539160154038,0.009839321281386648,0.012477751131731551,0.013391284141690663,0.0,0.0037192168843531714,0.003305263305045103,0.009357526640986547,0.009518469791908513,0.0043215090380211985,0.006364826832410464
kite,0.002396547130183224,0.006630923039145364,0.010885682214003767,0.013347560933081537,0.0037192168843531714,0.0,0.0020250113573078155,0.00840480993526338,0.0081180142758005,0.006593385415639363,0.009768369816268607
rightKite,0.0019031196810264106,0.006630293424266909,0.009382229213473425,0.012479784465474264,0.003305263305045103,0.0020250113573078155,1.1102230246251565e-16,0.007608468356033793,0.007302812747338239,0.003950722897535508,0.00835962658167777
rustedHinge,0.0067460383891631,0.004015171398941364,0.005764787627203338,0.00671428049060363,0.009357526640986547,0.00840480993526338,0.007608468356033793,0.0,0.0007584932949324941,0.006613915314238938,0.007864761987557256
hinge,0.006407661454119751,0.0025131559492597155,0.004265457790157523,0.006045575929030322,0.009518469791908513,0.0081180142758005,0.007302812747338239,0.0007584932949324941,0.0,0.006187884309019398,0.008177497356897656
trapezoid,0.004212587765938802,0.006952587713509928,0.007383996808769,0.008014871209111263,0.0043215090380211985,0.006593385415639363,0.003950722897535508,0.006613915314238938,0.006187884309019398,0.0,0.003788756703969609
random,0.008224411308338953,0.010840604796487519,0.010415001799955359,0.008084349139722447,0.006364826832410464,0.009768369816268607,0.00835962658167777,0.007864761987557256,0.008177497356897656,0.003788756703969609,1.1102230246251565e-16
