,square,rectangle,parallelogram,losange,isoTrapezoid,kite,rightKite,rustedHinge,hinge,trapezoid,random
square,2.220446049250313e-16,0.017369447223689494,0.026959146114374444,0.03825416213881627,0.0097650012405891,0.006820652342653166,0.0053534580353585826,0.018817253175670512,0.01767236376979464,0.011440453261316708,0.022503687799580896
rectangle,0.017369447223689494,2.220446049250313e-16,0.00956195589093023,0.020023885693755794,0.026261417292037126,0.018533204323149755,0.01884017223107115,0.011151160798701487,0.00698688423646221,0.019739048455549968,0.029485890357901723
parallelogram,0.026959146114374444,0.00956195589093023,2.220446049250313e-16,0.010751484581850157,0.03215450234806805,0.028028060045023118,0.025258589187214797,0.016185839421746895,0.011930332395484244,0.020627350458104043,0.029116863782298608
losange,0.03825416213881627,0.020023885693755794,0.010751484581850157,0.0,0.03662757261008298,0.037354826511269645,0.03547779702635856,0.019235606993057153,0.017442456469435097,0.023239208303897807,0.022829150062153025
isoTrapezoid,0.0097650012405891,0.026261417292037126,0.03215450234806805,0.03662757261008298,0.0,0.01019691187479721,0.009326298755290674,0.02576722680837773,0.0256554355393116,0.011467797392238799,0.0173306339209216
kite,0.006820652342653166,0.018533204323149755,0.028028060045023118,0.037354826511269645,0.01019691187479721,2.220446049250313e-16,0.005503299601182343,0.023174820063367796,0.02228805665454514,0.017997244108455046,0.02640875011169308
rightKite,0.0053534580353585826,0.01884017223107115,0.025258589187214797,0.03547779702635856,0.009326298755290674,0.005503299601182343,0.0,0.021817491914651543,0.020809590432756986,0.011153197050108976,0.023703686687171377
rustedHinge,0.018817253175670512,0.011151160798701487,0.016185839421746895,0.019235606993057153,0.02576722680837773,0.023174820063367796,0.021817491914651543,2.220446049250313e-16,0.0020474748226412265,0.01957814666661628,0.022339677144509018
hinge,0.01767236376979464,0.00698688423646221,0.011930332395484244,0.017442456469435097,0.0256554355393116,0.02228805665454514,0.020809590432756986,0.0020474748226412265,0.0,0.01807814928787732,0.0228518558250278
trapezoid,0.011440453261316708,0.019739048455549968,0.020627350458104043,0.023239208303897807,0.011467797392238799,0.017997244108455046,0.011153197050108976,0.01957814666661628,0.01807814928787732,0.0,0.011142880694003376
random,0.022503687799580896,0.029485890357901723,0.029116863782298608,0.022829150062153025,0.0173306339209216,0.02640875011169308,0.023703686687171377,0.022339677144509018,0.0228518558250278,0.011142880694003376,0.0
