,square,rectangle,parallelogram,losange,isoTrapezoid,kite,rightKite,rustedHinge,hinge,trapezoid,random
square,0.0,0.09786371650010661,0.2138016434328801,0.2693338839449101,0.20024080660320154,0.17498331810593615,0.15163766767596776,0.2374981939601587,0.18608113705250917,0.18788224428635347,0.27471017421801847
rectangle,0.09786371650010661,0.0,0.16724238982702055,0.2486659021242702,0.24811649231078414,0.20944879833695562,0.20225942989376677,0.22610374181389148,0.15142154991928625,0.20921237057265463,0.2883270349998711
parallelogram,0.2138016434328801,0.16724238982702055,0.0,0.06204595379895805,0.2478181932407998,0.19103094155756906,0.20700936057274755,0.2148961988359407,0.16006214684447295,0.1512820957380605,0.20573600288053429
losange,0.2693338839449101,0.2486659021242702,0.06204595379895805,0.0,0.2731929865234156,0.22938423532440022,0.24440856391111132,0.24981624394574808,0.21376199068889012,0.17504633782867418,0.19967761482198032
isoTrapezoid,0.20024080660320154,0.24811649231078414,0.2478181932407998,0.2731929865234156,1.1102230246251565e-16,0.10804060078900835,0.08917203337769553,0.21571017827655603,0.20002602907725986,0.09777123356783779,0.1572325743433085
kite,0.17498331810593615,0.20944879833695562,0.19103094155756906,0.22938423532440022,0.10804060078900835,1.1102230246251565e-16,0.05294811843945868,0.18212158251417754,0.1558525026008204,0.13490883165643086,0.1719129989474112
rightKite,0.15163766767596776,0.20225942989376677,0.20700936057274755,0.24440856391111132,0.08917203337769553,0.05294811843945868,0.0,0.17246539928918847,0.1491092272741752,0.10899548213896293,0.17860037072656854
rustedHinge,0.2374981939601587,0.22610374181389148,0.2148961988359407,0.24981624394574808,0.21571017827655603,0.18212158251417754,0.17246539928918847,0.0,0.03978702579050897,0.19866801587811622,0.19363557067768777
hinge,0.18608113705250917,0.15142154991928625,0.16006214684447295,0.21376199068889012,0.20002602907725986,0.1558525026008204,0.1491092272741752,0.03978702579050897,0.0,0.16782180615560538,0.18999124933272382
trapezoid,0.18788224428635347,0.20921237057265463,0.1512820957380605,0.17504633782867418,0.09777123356783779,0.13490883165643086,0.10899548213896293,0.19866801587811622,0.16782180615560538,0.0,0.08707325808093436
random,0.27471017421801847,0.2883270349998711,0.20573600288053429,0.19967761482198032,0.1572325743433085,0.1719129989474112,0.17860037072656854,0.19363557067768777,0.18999124933272382,0.08707325808093436,1.1102230246251565e-16
