,square,rectangle,parallelogram,losange,isoTrapezoid,kite,rightKite,rustedHinge,hinge,trapezoid,random
square,0.0,0.010765706905003891,0.015461912813651169,0.021979581945125948,0.005939130643223711,0.0041378282395225785,0.0029648015898460223,0.011076100052172078,0.010711771937392034,0.006500230566202081,0.012765384697323467
rectangle,0.010765706905003891,1.1102230246251565e-16,0.005512768079792063,0.01164187908616221,0.01689536912114853,0.011743883622115203,0.011315969781245272,0.006136505250854629,0.003925224509473968,0.011767369006005501,0.01735604934931989
parallelogram,0.015461912813651169,0.005512768079792063,0.0,0.0059251055426173815,0.019120711673016877,0.016392112299467798,0.014674629162489405,0.009016962349692181,0.006667529032160058,0.01223759107951694,0.016877444891742144
losange,0.021979581945125948,0.01164187908616221,0.0059251055426173815,0.0,0.02161666312181909,0.021559996768579115,0.020521156432570686,0.011067139351147337,0.009997243102947362,0.01415555345329067,0.013555401426500469
isoTrapezoid,0.005939130643223711,0.01689536912114853,0.019120711673016877,0.02161666312181909,1.1102230246251565e-16,0.006282507860139175,0.005733998825694364,0.01605567199086888,0.01631650130790052,0.007305798110810335,0.010383939898407801
kite,0.0041378282395225785,0.011743883622115203,0.016392112299467798,0.021559996768579115,0.006282507860139175,1.1102230246251565e-16,0.0031120136167261947,0.01408117369141948,0.01378088771169661,0.010148817527024123,0.014946247318044281
rightKite,0.0029648015898460223,0.011315969781245272,0.014674629162489405,0.020521156432570686,0.005733998825694364,0.0031120136167261947,1.1102230246251565e-16,0.01283730385227988,0.012414997763761426,0.006386705672096649,0.01373452478456716
rustedHinge,0.011076100052172078,0.006136505250854629,0.009016962349692181,0.011067139351147337,0.01605567199086888,0.01408117369141948,0.01283730385227988,1.1102230246251565e-16,0.0012153896827907795,0.011538927542651733,0.013641720451272654
hinge,0.010711771937392034,0.003925224509473968,0.006667529032160058,0.009997243102947362,0.01631650130790052,0.01378088771169661,0.012414997763761426,0.0012153896827907795,0.0,0.010841430901959104,0.013989238235055268
trapezoid,0.006500230566202081,0.011767369006005501,0.01223759107951694,0.01415555345329067,0.007305798110810335,0.010148817527024123,0.006386705672096649,0.011538927542651733,0.010841430901959104,0.0,0.00679984335637196
random,0.012765384697323467,0.01735604934931989,0.016877444891742144,0.013555401426500469,0.010383939898407801,0.014946247318044281,0.01373452478456716,0.013641720451272654,0.013989238235055268,0.00679984335637196,0.0
