,square,rectangle,parallelogram,losange,isoTrapezoid,kite,rightKite,rustedHinge,hinge,trapezoid,random
square,0.11410492356176127,0.1357514616167225,0.1554954259974873,0.1711235640965436,0.12940220391698667,0.12601066205248135,0.12254878880172003,0.14229739013464357,0.13973196408562497,0.13368709727067546,0.15145528462568503
rectangle,0.1357514616167225,0.11643661286747015,0.13522486493598293,0.15346322909069327,0.15562842340276295,0.142340141278004,0.14051554275953052,0.13479487447838423,0.12822329933485624,0.1445454216987026,0.1636835852603024
parallelogram,0.1554954259974873,0.13522486493598293,0.12451368894451083,0.14013700826173137,0.16738138089620297,0.16157310209976028,0.15525148467796665,0.14667689344888274,0.13972533807189158,0.1477073543633021,0.16342130202121533
losange,0.17112356409654358,0.15346322909069327,0.14013700826173134,0.12718358098109675,0.1739566784327282,0.17418229374798783,0.16879731669305106,0.15459459280514137,0.15124022602553747,0.15221127362199305,0.15624963836832834
isoTrapezoid,0.12940220391698665,0.15562842340276292,0.16738138089620294,0.1739566784327282,0.11806239412077645,0.13240784319631438,0.1297582466965793,0.15741906019514817,0.15710655837923318,0.1368666748783366,0.14759820499198767
kite,0.12601066205248135,0.14234014127800404,0.16157310209976022,0.17418229374798785,0.13240784319631438,0.11734409033009141,0.12444417661363204,0.15298574940280846,0.15138493980275597,0.14610253419789834,0.16081735124960092
rightKite,0.12254878880172003,0.14051554275953052,0.15525148467796665,0.16879731669305106,0.1297582466965793,0.12444417661363204,0.11638038274042327,0.1495729421277586,0.14744403640884673,0.13459659144760724,0.15457496209839872
rustedHinge,0.14229739013464357,0.13479487447838423,0.14667689344888274,0.15459459280514135,0.15741906019514817,0.1529857494028084,0.1495729421277586,0.12021005402840876,0.122484838248654,0.14774135192844398,0.15573788186109525
hinge,0.13973196408562497,0.12822329933485624,0.13972533807189158,0.15124022602553747,0.15710655837923318,0.151384939802756,0.14744403640884673,0.122484838248654,0.11927590631012897,0.14464503627632416,0.15573315308459393
trapezoid,0.13368709727067546,0.14454542169870263,0.1477073543633021,0.15221127362199308,0.1368666748783366,0.14610253419789834,0.13459659144760727,0.14774135192844398,0.14464503627632416,0.12025939229180722,0.1363222276157515
random,0.151455284625685,0.1636835852603024,0.16342130202121533,0.15624963836832834,0.1475982049919877,0.16081735124960092,0.15457496209839872,0.15573788186109525,0.15573315308459393,0.1363222276157515,0.12552309795795072
