,square,rectangle,parallelogram,losange,isoTrapezoid,kite,rightKite,rustedHinge,hinge,trapezoid,random
square,0.13480509031104798,0.15909205689174147,0.2115897091877547,0.2519878556811831,0.17438967544531697,0.1677399434752827,0.15903097134346875,0.1941538209500022,0.18191920043930387,0.1802550858050242,0.21497016899523877
rectangle,0.15909205689174144,0.13617168778955716,0.19020505269452975,0.24097087600312952,0.20675082436231249,0.18626256379192865,0.17968175738726003,0.18703913518253823,0.16921437002417292,0.19553453588871203,0.23423744287867407
parallelogram,0.2115897091877547,0.19020505269452978,0.15867772910224828,0.19450411478078167,0.23501711147685267,0.23373458886074472,0.21473194561392883,0.21762165740073722,0.19910687660102297,0.19408370860628552,0.2260461049661637
losange,0.2519878556811831,0.2409708760031295,0.19450411478078167,0.16226101557199565,0.2534549941756557,0.2632975911353146,0.2464582317393252,0.24369554881559838,0.2360445023615437,0.205909629784967,0.21908555278558453
isoTrapezoid,0.17438967544531697,0.20675082436231246,0.23501711147685267,0.2534549941756557,0.14576245872563703,0.1779561234878083,0.17021929858497467,0.22181047354860434,0.21699502980973437,0.18120895733794942,0.19988248075825202
kite,0.1677399434752827,0.18626256379192865,0.2337345888607447,0.2632975911353146,0.1779561234878083,0.14763069331879053,0.1623383744923541,0.21715468447659114,0.2116107998023449,0.2079374194736232,0.23322757779610326
rightKite,0.15903097134346875,0.17968175738726,0.21473194561392883,0.2464582317393252,0.17021929858497464,0.1623383744923541,0.14354335193932685,0.21336494229424127,0.20496524099533403,0.1800975361814267,0.21598061146905814
rustedHinge,0.19415382095000217,0.18703913518253823,0.21762165740073725,0.24369554881559838,0.22181047354860434,0.21715468447659114,0.21336494229424127,0.15077477563282074,0.15680295559559676,0.21357197416366694,0.22456476441459985
hinge,0.18191920043930387,0.16921437002417292,0.19910687660102297,0.23604450236154367,0.21699502980973437,0.2116107998023449,0.204965240995334,0.1568029555955968,0.14824907111953783,0.20221226821854438,0.21943390398915621
trapezoid,0.1802550858050242,0.19553453588871203,0.1940837086062855,0.205909629784967,0.18120895733794942,0.20793741947362315,0.1800975361814267,0.21357197416366697,0.20221226821854438,0.1475960961939307,0.1737292956158344
random,0.21497016899523883,0.23423744287867407,0.2260461049661637,0.21908555278558453,0.19988248075825202,0.23322757779610326,0.2159806114690582,0.22456476441459985,0.21943390398915613,0.1737292956158344,0.1550549611077542
