,square,rectangle,parallelogram,losange,isoTrapezoid,kite,rightKite,rustedHinge,hinge,trapezoid,random
square,0.0,0.006275588500082918,0.01338431691690778,0.016089411533296682,0.00441980682735299,0.0026590416869516353,0.003040601396188225,0.00786998742370082,0.006754011831405449,0.004538425641329891,0.007843924313796324
rectangle,0.006275588500082918,0.0,0.004298999888761368,0.00925725632006924,0.015255978606143028,0.009039360689251486,0.0105538075579229,0.008568343501288656,0.004597995284932654,0.007945615517767957,0.016586522142014948
parallelogram,0.01338431691690778,0.004298999888761368,0.0,0.0034997440676828306,0.02262201179175638,0.01720221144443934,0.017467610982848547,0.012578664303852682,0.007825721987892664,0.009185920896206734,0.018499925188814825
losange,0.016089411533296682,0.00925725632006924,0.0034997440676828306,0.0,0.02351468685093594,0.01947727967591628,0.01962839510350267,0.013347140101564792,0.010200864420622735,0.008929623426594091,0.015622623171099193
isoTrapezoid,0.00441980682735299,0.015255978606143028,0.02262201179175638,0.02351468685093594,2.220446049250313e-16,0.003324417244059852,0.0033580568899062024,0.014307425802346896,0.014539517655412726,0.0063778286334050804,0.006338581083210948
kite,0.0026590416869516353,0.009039360689251486,0.01720221144443934,0.01947727967591628,0.003324417244059852,0.0,0.0013930965216366609,0.0129127243956082,0.011982286270358133,0.007136587908434189,0.010506321120367756
rightKite,0.003040601396188225,0.0105538075579229,0.017467610982848547,0.01962839510350267,0.0033580568899062024,0.0013930965216366609,0.0,0.012753687106388134,0.012653760748720488,0.005769767712286988,0.009230128218131739
rustedHinge,0.00786998742370082,0.008568343501288656,0.012578664303852682,0.013347140101564792,0.014307425802346896,0.0129127243956082,0.012753687106388134,2.220446049250313e-16,0.001276133906672472,0.008230136745200678,0.009681584972394464
hinge,0.006754011831405449,0.004597995284932654,0.007825721987892664,0.010200864420622735,0.014539517655412726,0.011982286270358133,0.012653760748720488,0.001276133906672472,0.0,0.007429255596961282,0.01086435364674121
trapezoid,0.004538425641329891,0.007945615517767957,0.009185920896206734,0.008929623426594091,0.0063778286334050804,0.007136587908434189,0.005769767712286988,0.008230136745200678,0.007429255596961282,0.0,0.003338098049141869
random,0.007843924313796324,0.016586522142014948,0.018499925188814825,0.015622623171099193,0.006338581083210948,0.010506321120367756,0.009230128218131739,0.009681584972394464,0.01086435364674121,0.003338098049141869,2.220446049250313e-16
