,square,rectangle,parallelogram,losange,isoTrapezoid,kite,rightKite,rustedHinge,hinge,trapezoid,random
square,0.0,0.014493215504374768,0.025197017905989494,0.035836499592715954,0.008637091650061657,0.006674151682177443,0.004040954585257328,0.016341600191658645,0.015560022108255023,0.010593447392965194,0.021848039987856116
rectangle,0.014493215504374768,2.220446049250313e-16,0.008549131394878562,0.020416417506462836,0.027927204658039773,0.0180449508502738,0.01657055397930496,0.010650043362458672,0.006526214896445337,0.01744550281838242,0.03035667835820255
parallelogram,0.025197017905989494,0.008549131394878562,0.0,0.007810666045263148,0.03275067929746378,0.02779516061899967,0.02422036159244867,0.014354204145589633,0.009864619431215527,0.016311640538981487,0.025780152671337375
losange,0.035836499592715954,0.020416417506462836,0.007810666045263148,2.220446049250313e-16,0.0368994199909618,0.035491725788632356,0.03278461533943333,0.018518903771950534,0.016515578686788657,0.01935934286398333,0.01855757445706363
isoTrapezoid,0.008637091650061657,0.027927204658039773,0.03275067929746378,0.0368994199909618,0.0,0.009510096780381172,0.007629156680844407,0.026091039656635173,0.027004377467482188,0.01187974655136359,0.017387387617293415
kite,0.006674151682177443,0.0180449508502738,0.02779516061899967,0.035491725788632356,0.009510096780381172,0.0,0.004484139602057624,0.023110623219591786,0.02278598901936979,0.018084704486328262,0.02691510294561028
rightKite,0.004040954585257328,0.01657055397930496,0.02422036159244867,0.03278461533943333,0.007629156680844407,0.004484139602057624,2.220446049250313e-16,0.02037518768937696,0.019639713351140786,0.010368658530529262,0.02299932022370965
rustedHinge,0.016341600191658645,0.010650043362458672,0.014354204145589633,0.018518903771950534,0.026091039656635173,0.023110623219591786,0.02037518768937696,0.0,0.0014660673134466728,0.016717375288495484,0.021110325434998023
hinge,0.015560022108255023,0.006526214896445337,0.009864619431215527,0.016515578686788657,0.027004377467482188,0.02278598901936979,0.019639713351140786,0.0014660673134466728,0.0,0.01535407331787464,0.022155638863624483
trapezoid,0.010593447392965194,0.01744550281838242,0.016311640538981487,0.01935934286398333,0.01187974655136359,0.018084704486328262,0.010368658530529262,0.016717375288495484,0.01535407331787464,0.0,0.008047711676610891
random,0.021848039987856116,0.03035667835820255,0.025780152671337375,0.01855757445706363,0.017387387617293415,0.02691510294561028,0.02299932022370965,0.021110325434998023,0.022155638863624483,0.008047711676610891,0.0
