,square,rectangle,parallelogram,losange,isoTrapezoid,kite,rightKite,rustedHinge,hinge,trapezoid,random
square,89.40452161325874,102.24049473673996,113.84020371244189,123.58374561824225,108.14760246659449,106.05762924805849,105.6448243879248,111.91744885538832,109.59699234882608,108.26602642417731,119.48883501961652
rectangle,102.24049473673996,87.96995517507244,102.82071849817231,115.39589767178049,119.43400276266475,112.31890920989063,113.02700296700776,107.45002436594638,102.82431197841548,112.00539114664446,123.889245156381
parallelogram,113.84020371244186,102.82071849817231,92.15346071403249,102.14867552734522,122.17562420506626,118.46461448145439,117.56194409174005,110.02027432011961,105.97175436723225,109.66154666247469,118.3384034841083
losange,123.58374561824225,115.39589767178049,102.14867552734522,92.83713551623259,125.31573957201684,125.22765584580168,124.23808404570255,115.96035520671148,113.94298256010038,111.46841353854387,114.16369625504994
isoTrapezoid,108.14760246659449,119.43400276266475,122.17562420506626,125.31573957201684,93.39876794120241,105.32745634837954,104.55829095449758,119.11002173404452,118.64983697562042,106.1449860384741,110.87246139522958
kite,106.05762924805849,112.31890920989063,118.46461448145439,125.22765584580168,105.32745634837951,93.69565451852844,100.93301732185856,114.32945603785252,113.1750081409764,112.45808100024612,117.95280866938022
rightKite,105.6448243879248,113.02700296700777,117.56194409174006,124.23808404570256,104.55829095449755,100.93301732185856,95.19381837319658,113.78569207735075,112.73473238101616,107.21653237469863,115.38823376707172
rustedHinge,111.91744885538832,107.45002436594638,110.02027432011961,115.96035520671148,119.11002173404452,114.32945603785252,113.78569207735075,92.58657854659236,94.98232323037779,113.06921633657026,116.69616180843157
hinge,109.59699234882608,102.82431197841548,105.97175436723224,113.94298256010038,118.64983697562042,113.17500814097642,112.73473238101616,94.98232323037779,90.83867476604532,111.21084975397699,115.94436268180955
trapezoid,108.26602642417731,112.00539114664446,109.66154666247472,111.46841353854387,106.14498603847413,112.45808100024615,107.2165323746986,113.06921633657026,111.21084975397699,94.23866824995402,104.14609143937989
random,119.48883501961649,123.889245156381,118.3384034841083,114.16369625504996,110.87246139522958,117.95280866938022,115.38823376707172,116.69616180843157,115.94436268180955,104.14609143937989,93.83835685086748
