,square,rectangle,parallelogram,losange,isoTrapezoid,kite,rightKite,rustedHinge,hinge,trapezoid,random
square,111.31443474313566,121.68388948761087,126.1005308670118,131.65170539210732,118.85802118964321,117.2587353315202,116.28409960467651,123.60092602924762,122.61924536855867,119.96853849097529,125.75599366030838
rectangle,121.68388948761087,111.56386569179763,118.54148626882268,124.55827251249372,127.97357097240972,123.41688317802776,123.21224928648367,119.9596986721364,117.29256568385905,124.08391525548255,129.65436219841206
parallelogram,126.10053086701178,118.54148626882271,113.18806050084771,120.80167849047582,130.2581755144665,128.007839453417,126.31264250107287,123.20794410107455,120.46441293704862,124.35133777816579,129.43361366788275
losange,131.65170539210732,124.55827251249374,120.8016784904758,115.11185624453483,132.36490075105215,132.50400136391025,131.28357373810226,125.90405306668018,124.4093939871986,125.95389908096537,126.87341117351137
isoTrapezoid,118.85802118964321,127.97357097240975,130.2581755144665,132.36490075105215,112.42285743497362,119.77098315417584,119.34164199039658,129.02436366511054,128.55982576334273,120.79942611534936,123.93737482767143
kite,117.2587353315202,123.41688317802776,128.00783945341698,132.50400136391022,119.77098315417582,113.06790020582875,117.18185060023798,127.01433376910211,126.17898878310501,124.06204417955504,128.5227355994034
rightKite,116.28409960467651,123.21224928648367,126.31264250107284,131.2835737381023,119.34164199039658,117.18185060023798,113.02447158283563,126.21284940404652,125.22287386054629,120.56629118367621,127.20923861176917
rustedHinge,123.60092602924759,119.9596986721364,123.20794410107452,125.9040530666802,129.02436366511054,127.0143337691021,126.21284940404655,114.40059676371972,116.08953292054031,125.71492876911198,128.31546961576743
hinge,122.6192453685587,117.29256568385905,120.46441293704862,124.4093939871986,128.55982576334273,126.17898878310498,125.22287386054629,116.08953292054031,113.24181271658915,124.389986652587,127.88494428375391
trapezoid,119.9685384909753,124.08391525548258,124.35133777816579,125.95389908096536,120.79942611534936,124.06204417955504,120.5662911836762,125.71492876911198,124.38998665258697,113.91352808856249,121.41704180207974
random,125.75599366030838,129.65436219841206,129.43361366788272,126.87341117351137,123.9373748276714,128.5227355994034,127.20923861176917,128.31546961576746,127.88494428375391,121.41704180207974,114.73649634147496
