,square,rectangle,parallelogram,losange,isoTrapezoid,kite,rightKite,rustedHinge,hinge,trapezoid,random
square,66.12297448849533,71.73102302795309,74.05688521535725,76.94781665689106,70.51561920369426,69.77509832868333,69.03044487432632,73.02025883034216,72.36085573153274,70.83089112563425,73.81430452717956
rectangle,71.73102302795309,66.09000126112632,69.95686130482578,73.02632568570407,75.07484719361527,72.94179569532777,72.63612775894262,70.8196964110722,69.32907262022745,72.8942624391542,75.60722705644893
parallelogram,74.05688521535724,69.95686130482578,66.97274894882503,71.11452419133198,76.24240073429405,75.24738879472963,74.28708639365107,72.49002604504709,71.01841744780185,73.15046868246313,75.60675837993192
losange,76.94781665689106,73.02632568570407,71.11452419133198,67.7415288249091,77.33140469507174,77.52338795458606,76.88032403245347,73.79390542844826,72.99506730431743,74.05818836838134,74.31689568726014
isoTrapezoid,70.51561920369426,75.07484719361527,76.24240073429405,77.33140469507174,67.09877108375699,71.1964149630151,70.86421158754665,75.83446832674244,75.49088659460527,71.55776463654341,73.16468431634233
kite,69.77509832868333,72.94179569532778,75.24738879472962,77.52338795458606,71.1964149630151,67.59991185295611,69.83715042232396,74.91016185895926,74.3851650048254,73.21917738802442,75.39917434580298
rightKite,69.03044487432632,72.63612775894262,74.28708639365107,76.88032403245347,70.86421158754665,69.83715042232394,67.29030701412243,74.35522664228368,73.71770693620826,71.31390342318734,74.67550427072769
rustedHinge,73.02025883034216,70.81969641107221,72.49002604504707,73.79390542844827,75.83446832674244,74.91016185895926,74.35522664228368,67.96194141760492,68.91426329568907,73.9225574015006,75.09886508961412
hinge,72.36085573153274,69.32907262022745,71.01841744780185,72.99506730431743,75.49088659460527,74.3851650048254,73.71770693620826,68.91426329568907,67.17805523056562,73.15243575145509,74.81189935180811
trapezoid,70.83089112563427,72.8942624391542,73.15046868246313,74.05818836838137,71.55776463654341,73.21917738802442,71.31390342318736,73.9225574015006,73.15243575145509,67.4994211714365,71.6585520088282
random,73.81430452717956,75.60722705644893,75.60675837993193,74.31689568726014,73.16468431634232,75.39917434580298,74.6755042707277,75.09886508961414,74.81189935180811,71.6585520088282,67.80635334671551
