,square,rectangle,parallelogram,losange,isoTrapezoid,kite,rightKite,rustedHinge,hinge,trapezoid,random
square,53.771680314363614,59.06097458449316,61.886409545195995,64.7191344164493,57.79119105607852,57.09813947198712,56.444084799605875,60.19914512006336,59.72991600470547,58.72402124306313,61.735098506519435
rectangle,59.06097458449316,53.775348008812415,57.82262850017316,61.213625204829555,62.81652722132974,60.38363233749626,60.049389205787136,58.1988460858754,56.8171757737786,60.76259393200174,64.17026980380612
parallelogram,61.886409545195995,57.82262850017316,54.37144242037999,58.28177007328279,64.27135907242115,63.231437271630305,62.04221644316556,60.18123977138547,58.64280370404734,60.680462274495575,63.59187835223453
losange,64.7191344164493,61.213625204829555,58.281770073282786,55.01243498169568,65.28267219146713,65.52207062252867,64.50673063451161,61.93464452845169,60.995614985419046,61.324399656656794,62.1865608446399
isoTrapezoid,57.79119105607853,62.81652722132974,64.27135907242115,65.28267219146713,54.22907842241472,58.25395247549074,57.729539358960245,63.2945382513023,63.16989022203337,59.01830902743588,60.52968433770523
kite,57.09813947198712,60.38363233749626,63.231437271630305,65.52207062252866,58.25395247549074,54.820971624844105,56.906238097891126,62.02220224679819,61.8256733858409,61.102488671650235,63.416574781745574
rightKite,56.444084799605875,60.049389205787136,62.04221644316556,64.50673063451161,57.729539358960245,56.90623809789112,54.30932257915157,61.50671051873993,61.18519698958337,58.880457600711296,62.24592413656375
rustedHinge,60.19914512006336,58.1988460858754,60.181239771385464,61.934644528451706,63.29453825130229,62.02220224679819,61.50671051873993,54.84034687160718,55.93608992497899,61.64417833814561,63.40708126643902
hinge,59.72991600470547,56.8171757737786,58.64280370404734,60.995614985419046,63.16989022203336,61.8256733858409,61.18519698958336,55.93608992497897,54.41633158902049,60.92627334932652,63.10277027679184
trapezoid,58.72402124306311,60.76259393200174,60.680462274495575,61.324399656656794,59.0183090274359,61.10248867165023,58.880457600711296,61.64417833814561,60.92627334932651,55.24881483268555,58.901053820193724
random,61.735098506519435,64.17026980380612,63.59187835223453,62.1865608446399,60.52968433770522,63.416574781745574,62.245924136563765,63.40708126643902,63.10277027679184,58.901053820193724,55.47513361561373
