,square,rectangle,parallelogram,losange,isoTrapezoid,kite,rightKite,rustedHinge,hinge,trapezoid,random
square,128.70665161367737,141.66504903743038,163.42183456343534,181.5044920509259,154.80033576252978,152.83331091780255,153.98494432101592,162.46633868467353,157.86875324078017,154.92916872163227,167.0093849479186
rectangle,141.66504903743038,126.18379263830039,152.2117436931102,172.632757522028,165.11942322199954,159.09383128576604,161.00355435860223,159.12640992702592,152.68986867599355,158.92890242512445,172.31363917409936
parallelogram,163.42183456343537,152.21174369311018,141.42705858699327,159.35563108205417,175.13983805798568,172.534598615252,171.57004399010876,166.6694542896033,161.5015125203911,161.33327979202633,172.3214050493416
losange,181.5044920509259,172.63275752202802,159.35563108205415,148.2943084117408,185.13308163955446,186.30273396316292,184.42791157126635,178.62168975573908,176.02999398642237,169.31565911541352,175.44081323339864
isoTrapezoid,154.80033576252978,165.11942322199954,175.13983805798568,185.13308163955446,137.71769119527627,152.03104897532438,150.74742534517543,168.26327999027046,166.20454784951116,153.0444246002381,160.25681443252662
kite,152.83331091780255,159.09383128576604,172.534598615252,186.30273396316292,152.03104897532435,134.91112383904803,143.37850461294553,162.19399894963345,159.4528169707699,160.4297960680459,166.50878974319554
rightKite,153.98494432101592,161.00355435860223,171.57004399010876,184.42791157126635,150.74742534517543,143.37850461294556,135.71545559356528,160.53750038346604,157.99227191822882,155.06493362678884,162.63766478955748
rustedHinge,162.4663386846735,159.12640992702592,166.6694542896033,178.62168975573908,168.26327999027046,162.19399894963345,160.537500383466,137.8634871835462,140.99071942080496,164.32198855615673,166.46736642800414
hinge,157.86875324078017,152.68986867599355,161.5015125203911,176.02999398642237,166.20454784951116,159.4528169707699,157.99227191822882,140.99071942080496,134.59904870672904,161.06411286952968,164.63952349278006
trapezoid,154.92916872163227,158.92890242512445,161.33327979202633,169.31565911541352,153.0444246002381,160.42979606804596,155.06493362678884,164.32198855615673,161.06411286952968,138.88397133952088,153.08670252225474
random,167.0093849479186,172.31363917409936,172.3214050493416,175.44081323339864,160.25681443252662,166.50878974319554,162.63766478955748,166.46736642800414,164.63952349278006,153.08670252225474,140.59795069778394
