,square,rectangle,parallelogram,losange,isoTrapezoid,kite,rightKite,rustedHinge,hinge,trapezoid,random
square,100.98964946730679,117.55904951205106,129.23244816667096,139.93824724025072,120.78481849127584,114.72581527056741,115.47720098647628,122.75659545362264,120.23324574094683,122.94569839177281,135.33213856248364
rectangle,117.55904951205105,97.4547799050553,108.45442602147847,124.11268581646765,140.3309824880884,127.96552722457919,129.15350101203327,112.96941664879238,106.20672570938602,127.32338037920002,143.80473127351155
parallelogram,129.23244816667096,108.45442602147847,97.63648821622344,111.489550849826,145.58520246152156,139.68871185333649,138.07035473048472,120.34200920262458,111.29733749565519,125.75736484382487,141.4478394245694
losange,139.93824724025072,124.11268581646765,111.489550849826,106.95414643300353,147.07523344216267,149.00178325867904,146.86933173670033,132.1140695764067,124.22345737888745,127.2238394181927,135.5493459265842
isoTrapezoid,120.78481849127584,140.3309824880884,145.5852024615216,147.07523344216267,105.80099668161316,121.85140281282064,122.23064909422777,142.03193378748662,140.3607846295826,124.77378854992514,127.08029796611955
kite,114.72581527056741,127.96552722457919,139.68871185333649,149.00178325867898,121.85140281282064,105.89227812156811,115.79930683328843,130.51426844074618,130.8523825386075,134.72250539613657,141.80787783207379
rightKite,115.47720098647629,129.15350101203327,138.07035473048472,146.86933173670033,122.23064909422779,115.79930683328844,111.28804823987532,131.01865338043729,130.7878861033996,129.01386307359735,139.91573672845877
rustedHinge,122.75659545362264,112.96941664879236,120.3420092026246,132.1140695764067,142.03193378748662,130.51426844074618,131.01865338043726,104.94847542558803,106.95156232774508,133.6160640201085,145.1775932302761
hinge,120.23324574094683,106.20672570938602,111.29733749565519,124.22345737888745,140.3607846295826,130.8523825386075,130.78788610339961,106.95156232774508,100.32557846814731,127.23558990948,140.2151762489513
trapezoid,122.94569839177281,127.32338037920005,125.75736484382489,127.2238394181927,124.77378854992514,134.7225053961366,129.01386307359735,133.61606402010852,127.23558990948,111.10192519063531,121.7690691971768
random,135.33213856248364,143.80473127351155,141.4478394245694,135.5493459265842,127.08029796611955,141.80787783207376,139.91573672845877,145.1775932302761,140.21517624895128,121.7690691971768,111.1370623310681
