,square,rectangle,parallelogram,losange,isoTrapezoid,kite,rightKite,rustedHinge,hinge,trapezoid,random
square,80.71431725814827,94.51153044537371,103.36025261394961,111.53817207374486,94.10803835881207,91.01806437317097,90.64307630129757,98.43210845907088,96.21749866006378,96.74261710590227,107.84107387382903
rectangle,94.51153044537371,79.3447319982841,87.13748341874316,98.14005940737198,109.45741139948528,102.09965013043382,102.08101722720988,92.18125547317914,86.32768302351421,99.57468705571391,113.1427221678178
parallelogram,103.36025261394958,87.13748341874316,78.53863144138148,88.63369447320188,114.71179260347894,111.27727069776759,109.36341292648626,97.21877928728733,89.89326170042528,99.14203082924914,112.01722177717532
losange,111.53817207374486,98.14005940737198,88.63369447320188,84.2062406967034,117.08972467828781,118.3153988605048,116.33363976424546,104.93440648987091,98.63934951945517,100.73555086297229,107.85606770967782
isoTrapezoid,94.10803835881207,109.45741139948528,114.71179260347894,117.08972467828781,83.1153182750023,95.34179640143581,94.59564860875831,110.73584994578724,109.6071761416288,98.73744975620947,102.9636456231739
kite,91.01806437317096,102.09965013043382,111.27727069776759,118.3153988605048,95.3417964014358,84.56036865998755,91.31532172888517,104.62297106698864,104.48092530799647,105.95853044198854,113.21587988234926
rightKite,90.64307630129757,102.08101722720988,109.36341292648626,116.33363976424546,94.59564860875832,91.31532172888517,86.71954831388145,104.07588416592381,103.62112636000799,100.89328987386499,111.4957651676973
rustedHinge,98.43210845907088,92.18125547317912,97.21877928728733,104.93440648987092,110.73584994578724,104.62297106698864,104.07588416592378,85.87510986747563,87.05232044456255,104.75679869323196,114.46864451544455
hinge,96.21749866006377,86.32768302351421,89.89326170042528,98.63934951945517,109.60717614162883,104.48092530799647,103.62112636000799,87.05232044456255,81.60437526595253,99.82817067367172,110.64606821598443
trapezoid,96.74261710590227,99.57468705571391,99.14203082924914,100.73555086297227,98.73744975620949,105.95853044198853,100.893289873865,104.75679869323196,99.82817067367172,88.15099945131449,98.07040690870531
random,107.84107387382903,113.1427221678178,112.01722177717532,107.85606770967782,102.96364562317389,113.21587988234926,111.4957651676973,114.46864451544455,110.64606821598443,98.07040690870531,91.2061420784814
