,square,rectangle,parallelogram,losange,isoTrapezoid,kite,rightKite,rustedHinge,hinge,trapezoid,random
square,0.0,169.44138375676388,238.3894113598077,242.77712399797454,151.40353648508886,113.19425698527525,117.54783238966361,159.71124594157897,157.9439488441429,182.16150847312935,212.801709622691
rectangle,169.44138375676388,0.0,144.52949782007963,177.47498418660717,246.8742094349262,199.5402726100404,185.64741076488792,172.85948848441194,138.20113460809102,215.13783259412352,253.83256590672084
parallelogram,238.3894113598077,144.52949782007963,0.0,76.00943525933845,261.1647067044974,261.0404232074014,218.6548697269159,237.99378600025332,196.44690428086224,191.3234458399776,224.46857657484853
losange,242.77712399797454,177.47498418660717,76.00943525933845,0.0,247.99370677709888,264.1859388638891,216.7813180850579,244.77826997668885,206.32936860998703,158.2600020429377,192.78853133759563
isoTrapezoid,151.40353648508886,246.8742094349262,261.1647067044974,247.99370677709888,0.0,144.06838259659605,130.64809570810502,233.18997506788457,230.1103403979757,155.80756938282664,159.5855545540634
kite,113.19425698527525,199.5402726100404,261.0404232074014,264.1859388638891,144.06838259659605,0.0,103.28114141098098,211.85651807267195,214.6357782033894,215.44866464848607,232.53652106376225
rightKite,117.54783238966361,185.64741076488792,218.6548697269159,216.7813180850579,130.64809570810502,103.28114141098098,0.0,204.2870687323058,197.6233392407926,153.09142330511597,199.954158048219
rustedHinge,159.71124594157897,172.85948848441194,237.99378600025332,244.77826997668885,233.18997506788457,211.85651807267195,204.2870687323058,0.0,70.6284804301696,217.98194634252937,229.6684663660627
hinge,157.9439488441429,138.20113460809102,196.44690428086224,206.32936860998703,230.1103403979757,214.6357782033894,197.6233392407926,70.6284804301696,0.0,196.82387649593787,213.16497870899067
trapezoid,182.16150847312935,215.13783259412352,191.3234458399776,158.2600020429377,155.80756938282664,215.44866464848607,153.09142330511597,217.98194634252937,196.82387649593787,0.0,107.13723472822133
random,212.801709622691,253.83256590672084,224.46857657484853,192.78853133759563,159.5855545540634,232.53652106376225,199.954158048219,229.6684663660627,213.16497870899067,107.13723472822133,0.0
