,square,rectangle,parallelogram,losange,isoTrapezoid,kite,rightKite,rustedHinge,hinge,trapezoid,random
square,0.0,10.655032871257433,14.162304344172288,16.91697578539515,8.729533049909145,7.687560840649484,6.80923094050972,11.892134650328702,11.339321838953982,9.755410865664595,13.39992822255237
rectangle,10.655032871257433,0.0,9.279548336928142,13.614381569785644,14.969402202081966,12.108483987039458,11.872818419154198,9.88471662173452,7.8970002587286094,12.442154263643836,15.946952937074977
parallelogram,14.162304344172288,9.279548336928142,0.0,8.909104956213012,16.26338272994633,15.334122618871827,13.990709974855156,12.172291732943703,10.418530599091152,11.953216687551375,14.989615823006602
losange,16.91697578539515,13.614381569785644,8.909104956213012,0.0,17.25679340137241,17.444492478109765,16.412125945066908,13.557370072367487,12.843510223393352,12.526746181518225,13.06187991970985
isoTrapezoid,8.729533049909145,14.969402202081966,16.26338272994633,17.25679340137241,0.0,9.14531303930676,8.66241825835383,15.172292847328803,15.08083541406462,10.092893626814178,12.057831311869704
kite,7.687560840649484,12.108483987039458,15.334122618871827,17.444492478109765,9.14531303930676,0.0,6.641881338639488,14.17386617570642,13.894505317461888,12.537262319880618,15.146376064070953
rightKite,6.80923094050972,11.872818419154198,13.990709974855156,16.412125945066908,8.66241825835383,6.641881338639488,0.0,13.75760667649564,13.332778490721203,9.533742762631615,13.859795836141105
rustedHinge,11.892134650328702,9.88471662173452,12.172291732943703,13.557370072367487,15.172292847328803,14.17386617570642,13.75760667649564,0.0,4.050607922342394,13.034099320384685,14.209762126731972
hinge,11.339321838953982,7.8970002587286094,10.418530599091152,12.843510223393352,15.08083541406462,13.894505317461888,13.332778490721203,4.050607922342394,0.0,12.354064191820967,14.191577211977549
trapezoid,9.755410865664595,12.442154263643836,11.953216687551375,12.526746181518225,10.092893626814178,12.537262319880618,9.533742762631615,13.034099320384685,12.354064191820967,0.0,8.641724980494851
random,13.39992822255237,15.946952937074977,14.989615823006602,13.06187991970985,12.057831311869704,15.146376064070953,13.859795836141105,14.209762126731972,14.191577211977549,8.641724980494851,0.0
