,square,rectangle,parallelogram,losange,isoTrapezoid,kite,rightKite,rustedHinge,hinge,trapezoid,random
square,0.0,12.035182954537815,14.275987059749916,16.717938973140257,9.624382772369856,7.891694867281306,7.14603490638946,12.190084127511202,12.036679608032037,9.693751575050017,13.4742374940373
rectangle,12.035182954537815,0.0,9.072834683971857,12.968083476333641,15.738507430322711,12.907522985661402,12.417499257527654,9.569202094292093,7.920648067996453,12.744338043410073,15.986318520139847
parallelogram,14.275987059749916,9.072834683971857,0.0,9.08934829277566,16.328134066494894,14.970824684713904,13.975820322520358,11.29886045523055,9.852557143682919,12.818574110119732,15.44434374042722
losange,16.717938973140257,12.968083476333641,9.08934829277566,0.0,16.982763546194057,16.8474138078704,16.21756856689384,12.350573190443937,11.83395285379485,13.299916372562842,13.36495114639055
isoTrapezoid,9.624382772369856,15.738507430322711,16.328134066494894,16.982763546194057,0.0,9.718267305186766,9.207653134966092,15.117798372159431,15.395064996384352,10.625023438199365,12.525796566109737
kite,7.891694867281306,12.907522985661402,14.970824684713904,16.8474138078704,9.718267305186766,0.0,6.886845502146687,14.116639985862806,14.04121241692158,11.945616930071694,14.65147144861228
rightKite,7.14603490638946,12.417499257527654,13.975820322520358,16.21756856689384,9.207653134966092,6.886845502146687,0.0,13.277889133096172,13.118409567307337,9.708641435271925,13.949435741646282
rustedHinge,12.190084127511202,9.569202094292093,11.29886045523055,12.350573190443937,15.117798372159431,14.116639985862806,13.277889133096172,0.0,4.717546322712943,12.43231253699624,13.947985163446916
hinge,12.036679608032037,7.920648067996453,9.852557143682919,11.83395285379485,15.395064996384352,14.04121241692158,13.118409567307337,4.717546322712943,0.0,12.168100995300627,14.268193003968763
trapezoid,9.693751575050017,12.744338043410073,12.818574110119732,13.299916372562842,10.625023438199365,11.945616930071694,9.708641435271925,12.43231253699624,12.168100995300627,0.0,9.848422756993275
random,13.4742374940373,15.986318520139847,15.44434374042722,13.36495114639055,12.525796566109737,14.65147144861228,13.949435741646282,13.947985163446916,14.268193003968763,9.848422756993275,0.0
