,square,rectangle,parallelogram,losange,isoTrapezoid,kite,rightKite,rustedHinge,hinge,trapezoid,random
square,0.0,15.067956061195945,20.983248927302153,25.180664054901726,13.16561367572787,12.296036168985218,11.301066618039483,17.975033499460192,17.00136660974587,14.915080297067814,20.32330456517055
rectangle,15.067956061195945,0.0,14.300712199437193,20.91800416160771,21.89992719320209,18.074518036035762,17.775236885427894,15.511637674259859,12.67851282233858,18.56758085349877,23.99176661995318
parallelogram,20.983248927302153,14.300712199437193,0.0,13.069002951183974,24.09661964304445,23.266475205473547,20.980152167605638,19.10844820953986,16.421675936752422,17.25292440385098,22.021307430579636
losange,25.180664054901726,20.91800416160771,13.069002951183974,0.0,25.67659941978904,26.32008684290021,24.413284580128753,21.355998166796734,20.133475451615254,18.130817510153747,19.32551837531465
isoTrapezoid,13.16561367572787,21.89992719320209,24.09661964304445,25.67659941978904,0.0,13.748449487699883,13.103749093843252,22.81646869423604,22.566540139184454,14.999615237940704,17.88776123306344
kite,12.296036168985218,18.074518036035762,23.266475205473547,26.32008684290021,13.748449487699883,0.0,10.101118744440889,21.578410085903275,21.122700219811964,19.347323334532117,22.986243312658257
rightKite,11.301066618039483,17.775236885427894,20.980152167605638,24.413284580128753,13.103749093843252,10.101118744440889,0.0,21.24086875216912,20.543069818832052,14.487181554548773,20.708345896811892
rustedHinge,17.975033499460192,15.511637674259859,19.10844820953986,21.355998166796734,22.81646869423604,21.578410085903275,21.24086875216912,0.0,6.115743880759707,20.10382730801027,21.523824771175715
hinge,17.00136660974587,12.67851282233858,16.421675936752422,20.133475451615254,22.566540139184454,21.122700219811964,20.543069818832052,6.115743880759707,0.0,18.94531220177101,21.233294882980427
trapezoid,14.915080297067814,18.56758085349877,17.25292440385098,18.130817510153747,14.999615237940704,19.347323334532117,14.487181554548773,20.10382730801027,18.94531220177101,0.0,12.411327382743696
random,20.32330456517055,23.99176661995318,22.021307430579636,19.32551837531465,17.88776123306344,22.986243312658257,20.708345896811892,21.523824771175715,21.233294882980427,12.411327382743696,0.0
