,square,rectangle,parallelogram,losange,isoTrapezoid,kite,rightKite,rustedHinge,hinge,trapezoid,random
square,0.0,9.663526544116413,12.693905985377363,15.142263813385059,7.826811992585314,6.797156911519683,5.977899957345822,10.654093709038177,10.177184140651665,8.706151552738318,11.938748069006659
rectangle,9.663526544116413,0.0,8.264554334435141,12.094311418595252,13.445365842493878,10.874917629124507,10.653744546434277,8.751667559729341,6.966416123081589,11.151656332653923,14.190465436949307
parallelogram,12.693905985377363,8.264554334435141,0.0,8.03972775976065,14.535905922270945,13.665747481803997,12.50316308365121,10.80879150812828,9.256397738996693,10.814340263985967,13.456149235693923
losange,15.142263813385059,12.094311418595252,8.03972775976065,0.0,15.400403305893793,15.538666897421143,14.686739112207647,11.995137756670973,11.388020705699592,11.325053504522582,11.715164101178798
isoTrapezoid,7.826811992585314,13.445365842493878,14.535905922270945,15.400403305893793,0.0,8.188308316259082,7.768594003386839,13.552476120409393,13.480548188976831,9.056807888273804,10.816439304017186
kite,6.797156911519683,10.874917629124507,13.665747481803997,15.538666897421143,8.188308316259082,0.0,5.936179771785552,12.617731517290865,12.376310172771865,11.123424452449065,13.445967304951955
rightKite,5.977899957345822,10.653744546434277,12.50316308365121,14.686739112207647,7.768594003386839,5.936179771785552,0.0,12.212872849891648,11.840484938426151,8.508992344128709,12.37823749670403
rustedHinge,10.654093709038177,8.751667559729341,10.80879150812828,11.995137756670973,13.552476120409393,12.617731517290865,12.212872849891648,0.0,3.607265707404139,11.621910578331235,12.652678884956906
hinge,10.177184140651665,6.966416123081589,9.256397738996693,11.388020705699592,13.480548188976831,12.376310172771865,11.840484938426151,3.607265707404139,0.0,11.035734289818459,12.671665060301184
trapezoid,8.706151552738318,11.151656332653923,10.814340263985967,11.325053504522582,9.056807888273804,11.123424452449065,8.508992344128709,11.621910578331235,11.035734289818459,0.0,7.862829314376708
random,11.938748069006659,14.190465436949307,13.456149235693923,11.715164101178798,10.816439304017186,13.445967304951955,12.37823749670403,12.652678884956906,12.671665060301184,7.862829314376708,0.0
