,square,rectangle,parallelogram,losange,isoTrapezoid,kite,rightKite,rustedHinge,hinge,trapezoid,random
square,0.0,199.0938470156696,280.4103388426619,285.7782841091414,179.57352839054903,134.1123066817097,138.33149870814552,187.90285455378384,185.82553115234856,214.97846153129748,250.99068322464547
rectangle,199.0938470156696,0.0,170.18182133926697,208.7892451171588,291.67538123335254,235.99370281872604,218.5678164893723,203.89226031862344,162.54686819809737,253.67910106348748,298.8670552779053
parallelogram,280.4103388426619,170.18182133926697,0.0,88.41771817498912,308.50267379912356,307.60521663159915,257.43586279251065,279.4579743821833,230.09770088341273,225.2027769758206,264.05651368070414
losange,285.7782841091414,208.7892451171588,88.41771817498912,0.0,293.26818028761414,311.54378088824365,255.7506182371214,287.4269532038522,241.81099547118936,186.45468597166717,226.9621345086196
isoTrapezoid,179.57352839054903,291.67538123335254,308.50267379912356,293.26818028761414,0.0,169.0231914604967,154.15745455576834,274.12881041506273,271.170777835182,184.7573670419205,188.6834491512956
kite,134.1123066817097,235.99370281872604,307.60521663159915,311.54378088824365,169.0231914604967,0.0,121.03936241837332,249.16235520077086,252.69963341175387,253.87081027244048,274.00070758710723
rightKite,138.33149870814552,218.5678164893723,257.43586279251065,255.7506182371214,154.15745455576834,121.03936241837332,0.0,239.58201336068242,232.0324541965539,181.0407922589618,236.14806939202546
rustedHinge,187.90285455378384,203.89226031862344,279.4579743821833,287.4269532038522,274.12881041506273,249.16235520077086,239.58201336068242,0.0,84.14754921708399,255.56275394322307,269.82047131249925
hinge,185.82553115234856,162.54686819809737,230.09770088341273,241.81099547118936,271.170777835182,252.69963341175387,232.0324541965539,84.14754921708399,0.0,230.664642963621,250.55112249387696
trapezoid,214.97846153129748,253.67910106348748,225.2027769758206,186.45468597166717,184.7573670419205,253.87081027244048,181.0407922589618,255.56275394322307,230.664642963621,0.0,125.46390488243767
random,250.99068322464547,298.8670552779053,264.05651368070414,226.9621345086196,188.6834491512956,274.00070758710723,236.14806939202546,269.82047131249925,250.55112249387696,125.46390488243767,0.0
