,square,rectangle,parallelogram,losange,isoTrapezoid,kite,rightKite,rustedHinge,hinge,trapezoid,random
square,0.0,53.97854354781191,77.47228222351282,82.8417591772958,49.03265669879207,43.265420227031214,44.281004306100364,57.841115171197515,56.08094660348123,58.874620199237526,71.89701902810974
rectangle,53.97854354781191,0.0,49.89411216934979,64.73590960185756,78.72390674286939,66.48176393060163,64.49623168989193,57.453117177291055,48.04616632874157,69.79613664133844,84.94912864601626
parallelogram,77.47228222351282,49.89411216934979,0.0,32.30961619798023,84.14993019020909,86.29126472643792,74.39017327493603,77.45191635127102,65.92079850775156,62.43164680041029,75.61545606554355
losange,82.8417591772958,64.73590960185756,32.30961619798023,0.0,82.67373947285256,89.63983458464288,76.48052832282998,82.14610607242801,72.5025550350734,55.73689190997172,65.81437438354718
isoTrapezoid,49.03265669879207,78.72390674286939,84.14993019020909,82.67373947285256,0.0,49.37421081185919,44.007046301932526,78.30973809772607,76.63249506650664,49.70247667519779,54.88560692522681
kite,43.265420227031214,66.48176393060163,86.29126472643792,89.63983458464288,49.37421081185919,0.0,35.702632992295136,72.74480426255721,72.55263989694973,71.37788891097543,78.657848072432
rightKite,44.281004306100364,64.49623168989193,74.39017327493603,76.48052832282998,44.007046301932526,35.702632992295136,0.0,71.87979223503162,69.47215644439551,50.48976313979036,67.4797981391693
rustedHinge,57.841115171197515,57.453117177291055,77.45191635127102,82.14610607242801,78.30973809772607,72.74480426255721,71.87979223503162,0.0,21.699723006939305,74.43533321502095,77.46739020013825
hinge,56.08094660348123,48.04616632874157,65.92079850775156,72.5025550350734,76.63249506650664,72.55263989694973,69.47215644439551,21.699723006939305,0.0,68.44008200022107,73.06647584916546
trapezoid,58.874620199237526,69.79613664133844,62.43164680041029,55.73689190997172,49.70247667519779,71.37788891097543,50.48976313979036,74.43533321502095,68.44008200022107,0.0,39.212765275344296
random,71.89701902810974,84.94912864601626,75.61545606554355,65.81437438354718,54.88560692522681,78.657848072432,67.4797981391693,77.46739020013825,73.06647584916546,39.212765275344296,0.0
