,square,rectangle,parallelogram,losange,isoTrapezoid,kite,rightKite,rustedHinge,hinge,trapezoid,random
square,0.0,20.027469185478072,28.689097205774075,34.092614881916674,18.351760164229944,17.886370545762627,16.792230112386694,24.66326195137559,23.41245646751307,20.863231569760714,28.20267373109812
rectangle,20.027469185478072,0.0,19.740133984711864,28.55206104900869,29.70259056843702,25.22988801095835,24.723978477094747,22.000587048582453,18.453131511225493,25.530207166281027,32.956201420138875
parallelogram,28.689097205774075,19.740133984711864,0.0,17.06217222195153,32.789665646012196,32.35281594317952,28.941223005117926,27.118614422918345,23.456290839332826,23.366300297153884,29.907500026636868
losange,34.092614881916674,28.55206104900869,17.06217222195153,0.0,34.686231063466714,36.08851831189925,33.01402673433012,30.09641725641936,28.18666663758032,24.126524439078207,26.298594608369868
isoTrapezoid,18.351760164229944,29.70259056843702,32.789665646012196,34.686231063466714,0.0,19.045168700834903,18.05125003076886,31.136364898494882,30.776154952628687,20.250539882838915,24.256938148196845
kite,17.886370545762627,25.22988801095835,32.35281594317952,36.08851831189925,19.045168700834903,0.0,13.84933953657225,29.633604642458874,29.087551239149075,27.020459446181132,31.56799495353348
rightKite,16.792230112386694,24.723978477094747,28.941223005117926,33.01402673433012,18.05125003076886,13.84933953657225,0.0,29.189784507420477,28.290651284053084,20.082854069035168,28.110872520366396
rustedHinge,24.66326195137559,22.000587048582453,27.118614422918345,30.09641725641936,31.136364898494882,29.633604642458874,29.189784507420477,0.0,8.252782363063558,27.967836150667768,29.413285891624778
hinge,23.41245646751307,18.453131511225493,23.456290839332826,28.18666663758032,30.776154952628687,29.087551239149075,28.290651284053084,8.252782363063558,0.0,26.334873544331337,28.768631239724712
trapezoid,20.863231569760714,25.530207166281027,23.366300297153884,24.126524439078207,20.250539882838915,27.020459446181132,20.082854069035168,27.967836150667768,26.334873544331337,0.0,16.794803861656597
random,28.20267373109812,32.956201420138875,29.907500026636868,26.298594608369868,24.256938148196845,31.56799495353348,28.110872520366396,29.413285891624778,28.768631239724712,16.794803861656597,0.0
