,square,rectangle,parallelogram,losange,isoTrapezoid,kite,rightKite,rustedHinge,hinge,trapezoid,random
square,0.0,8.350019576449554,10.751574879219866,12.825113353466678,6.682938410233778,5.735585517400369,4.971222986875946,9.043848856711083,8.687307055902892,7.349606032624509,10.12727575265674
rectangle,8.350019576449554,0.0,6.928668108990322,10.139877239733732,11.480536508010225,9.320903609622956,9.09661586646853,7.345203320870342,5.854188879483548,9.491213195071518,12.00681952717409
parallelogram,10.751574879219866,6.928668108990322,0.0,6.9748177455257405,12.328819759916213,11.557748863931922,10.612762361028349,9.05079390645263,7.748193253830975,9.349062348624196,11.547982818903217
losange,12.825113353466678,10.139877239733732,6.9748177455257405,0.0,13.042586542917942,13.140744737193318,12.503098864889463,9.937414039102809,9.457752991291173,9.797761050376142,10.019510997697102
isoTrapezoid,6.682938410233778,11.480536508010225,12.328819759916213,13.042586542917942,0.0,7.012366057740963,6.659583025818863,11.463907628749402,11.43826525472923,7.730128900493965,9.28107260523504
kite,5.735585517400369,9.320903609622956,11.557748863931922,13.140744737193318,7.012366057740963,0.0,5.034451427347959,10.69417451582653,10.511659413922512,9.372082879594776,11.373119248818215
rightKite,4.971222986875946,9.09661586646853,10.612762361028349,12.503098864889463,6.659583025818863,5.034451427347959,0.0,10.278874864162905,9.986180474766108,7.260165933683271,10.587913447856199
rustedHinge,9.043848856711083,7.345203320870342,9.05079390645263,9.937414039102809,11.463907628749402,10.69417451582653,10.278874864162905,0.0,3.0581074346939285,9.769475201345017,10.644722293436404
hinge,8.687307055902892,5.854188879483548,7.748193253830975,9.457752991291173,11.43826525472923,10.511659413922512,9.986180474766108,3.0581074346939285,0.0,9.31990423302495,10.718708044348976
trapezoid,7.349606032624509,9.491213195071518,9.349062348624196,9.797761050376142,7.730128900493965,9.372082879594776,7.260165933683271,9.769475201345017,9.31990423302495,0.0,6.92161348627048
random,10.12727575265674,12.00681952717409,11.547982818903217,10.019510997697102,9.28107260523504,11.373119248818215,10.587913447856199,10.644722293436404,10.718708044348976,6.92161348627048,0.0
