,square,rectangle,parallelogram,losange,isoTrapezoid,kite,rightKite,rustedHinge,hinge,trapezoid,random
square,0.0,293.3188521756453,413.220507423076,423.3566968363587,271.5765262572721,207.14449661630502,209.37564906206373,281.0932181213928,278.4044415104216,319.8378704534382,375.1600185453446
rectangle,293.3188521756453,0.0,251.37582864028965,309.4082855934603,435.51724347270005,354.9873185192982,325.16586055696496,305.44295506379837,243.8326998188921,376.0724045429763,443.07636332677185
parallelogram,413.220507423076,251.37582864028965,0.0,128.8837757282099,461.1605744623334,457.40727319552957,382.5752873741765,410.62127331427155,337.84763392895786,333.4991100257741,390.4872449454274
losange,423.3566968363587,309.4082855934603,128.8837757282099,0.0,440.55472617838745,464.6207469925156,383.0614199290132,423.1157162531004,356.3120111394757,279.25377973608875,337.08220327855514
isoTrapezoid,271.5765262572721,435.51724347270005,461.1605744623334,440.55472617838745,0.0,248.57408842702256,229.6536536212671,405.13189669706844,403.964660655922,278.4684819425097,285.1194034667659
kite,207.14449661630502,354.9873185192982,457.40727319552957,464.6207469925156,248.57408842702256,0.0,177.50015510445144,369.74766111989373,375.98069802062236,377.1859307804509,408.3891157921069
rightKite,209.37564906206373,325.16586055696496,382.5752873741765,383.0614199290132,229.6536536212671,177.50015510445144,0.0,352.6712024775555,343.03616081964583,271.68303821922893,353.5606516350596
rustedHinge,281.0932181213928,305.44295506379837,410.62127331427155,423.1157162531004,405.13189669706844,369.74766111989373,352.6712024775555,0.0,128.3484163696875,375.46033548419393,397.842681449641
hinge,278.4044415104216,243.8326998188921,337.84763392895786,356.3120111394757,403.964660655922,375.98069802062236,343.03616081964583,128.3484163696875,0.0,339.28745765861896,370.4664922275976
trapezoid,319.8378704534382,376.0724045429763,333.4991100257741,279.25377973608875,278.4684819425097,377.1859307804509,271.68303821922893,375.46033548419393,339.28745765861896,0.0,184.31067070878385
random,375.1600185453446,443.07636332677185,390.4872449454274,337.08220327855514,285.1194034667659,408.3891157921069,353.5606516350596,397.842681449641,370.4664922275976,184.31067070878385,0.0
