,square,rectangle,parallelogram,losange,isoTrapezoid,kite,rightKite,rustedHinge,hinge,trapezoid,random
square,0.10006309040177208,0.12168586144566977,0.15261137280595014,0.1764153576219933,0.12425394552707632,0.12245125058347377,0.1188580644894962,0.13997539696888972,0.13545142807340066,0.1305029497683047,0.15502586436951915
rectangle,0.12168586144566977,0.10225839645707042,0.13067757358179047,0.16042812127970793,0.15465364707084048,0.13943992802119243,0.13728392209739523,0.13434958630844823,0.12486063501615208,0.14319256852686296,0.17369617999890616
parallelogram,0.15261137280595014,0.1306775735817905,0.11536450317992888,0.13395112599692763,0.17306641365713613,0.1703301554588085,0.15811606936171807,0.15439873933575624,0.14316710255869455,0.1423321847145308,0.16790414561386033
losange,0.17641535762199329,0.16042812127970793,0.13395112599692763,0.11717368907688294,0.18331519593039763,0.19035453868078492,0.17615126315119775,0.16814211886064553,0.16135368874415817,0.14584869769400374,0.15633333841080424
isoTrapezoid,0.12425394552707632,0.15465364707084048,0.17306641365713613,0.18331519593039763,0.10809615380610159,0.12928351196556032,0.12533066313593663,0.16427835258290924,0.16249195121846668,0.1315677997054838,0.14465713154295898
kite,0.1224512505834738,0.13943992802119243,0.17033015545880847,0.19035453868078492,0.1292835119655603,0.10950592441443405,0.11851930397535022,0.16031623243216211,0.1574985374915412,0.15102580076348815,0.17257837584649519
rightKite,0.1188580644894962,0.1372839220973952,0.15811606936171807,0.17615126315119775,0.1253306631359366,0.11851930397535022,0.10669771497945463,0.15620676027663197,0.1523117624068062,0.1311489790865389,0.1574416728306798
rustedHinge,0.13997539696888972,0.13434958630844826,0.15439873933575624,0.16814211886064556,0.16427835258290924,0.16031623243216211,0.15620676027663197,0.1093814804630016,0.11351366814394757,0.15470899339468913,0.1652419242263194
hinge,0.13545142807340066,0.12486063501615208,0.14316710255869453,0.1613536887441582,0.16249195121846668,0.1574985374915412,0.1523117624068062,0.11351366814394757,0.10967120462011999,0.14899659116667816,0.1632638536057501
trapezoid,0.1305029497683047,0.143192568526863,0.14233218471453077,0.14584869769400377,0.13156779970548377,0.15102580076348815,0.1311489790865389,0.15470899339468913,0.14899659116667813,0.10884958861972996,0.12697478381070745
random,0.15502586436951915,0.17369617999890616,0.16790414561386033,0.1563333384108042,0.14465713154295898,0.1725783758464952,0.15744167283067978,0.1652419242263194,0.1632638536057501,0.12697478381070745,0.11420166271545835
