,square,rectangle,parallelogram,losange,isoTrapezoid,kite,rightKite,rustedHinge,hinge,trapezoid,random
square,0.11662917171105566,0.14060920702694338,0.16528975465044435,0.1847599104211088,0.13504943299846595,0.13267519179648912,0.12800907220587082,0.1497496449787391,0.14656305988080917,0.139801022842547,0.16154367228085645
rectangle,0.1406092070269434,0.11908158376546034,0.14088034241382086,0.16452713102213282,0.1674188798507527,0.15138743398556168,0.14824495890157244,0.14297117178416052,0.1346424525016289,0.15280959577609302,0.17969430331222452
parallelogram,0.16528975465044435,0.14088034241382086,0.12706368168361426,0.1433921164953433,0.18312942112183345,0.17688806473278715,0.16643119529302014,0.15743392998471092,0.1477489679161644,0.15368721113172665,0.17553082740195547
losange,0.1847599104211088,0.16452713102213284,0.1433921164953433,0.12931897308946777,0.19199885899190428,0.19371399421098512,0.18259871317721352,0.16743797856006576,0.16195082156208732,0.15772661175048847,0.16492847395657134
isoTrapezoid,0.13504943299846592,0.16741887985075274,0.18312942112183345,0.19199885899190428,0.1219061802151717,0.13981587354581596,0.136465144461105,0.17197993829502803,0.17090459748403591,0.14405126246806474,0.15599209480695553
kite,0.13267519179648915,0.1513874339855617,0.17688806473278712,0.1937139942109851,0.13981587354581596,0.12257946997371637,0.13049085012339728,0.16754272895537078,0.16554851657044026,0.15782487111703306,0.17775511751457984
rightKite,0.12800907220587082,0.14824495890157244,0.16643119529302017,0.18259871317721352,0.136465144461105,0.13049085012339728,0.12012810835297089,0.16276266529150593,0.1598939174686262,0.1407047641002006,0.16587537190397242
rustedHinge,0.1497496449787391,0.14297117178416052,0.15743392998471095,0.1674379785600658,0.17197993829502803,0.1675427289553708,0.16276266529150593,0.12217083570415775,0.12566072728371627,0.158986213488733,0.16990414521035732
hinge,0.14656305988080914,0.13464245250162893,0.14774896791616438,0.16195082156208734,0.17090459748403591,0.16554851657044026,0.15989391746862616,0.12566072728371627,0.12237374543612527,0.15426453708337032,0.1689339701562857
trapezoid,0.139801022842547,0.152809595776093,0.15368721113172665,0.15772661175048847,0.14405126246806474,0.15782487111703308,0.1407047641002006,0.158986213488733,0.1542645370833703,0.12229014682093904,0.1394514306915539
random,0.16154367228085645,0.17969430331222455,0.17553082740195547,0.16492847395657134,0.15599209480695553,0.17775511751457984,0.16587537190397242,0.16990414521035732,0.1689339701562857,0.1394514306915539,0.12786223767626517
