,square,rectangle,parallelogram,losange,isoTrapezoid,kite,rightKite,rustedHinge,hinge,trapezoid,random
square,0.12158530264633786,0.14885667257188637,0.19637217463862994,0.2270827258563178,0.17893367627812812,0.17584824716991274,0.1714428977541175,0.19663745450326833,0.191644561652372,0.1822962720795011,0.2268457940814265
rectangle,0.1488566725718864,0.12340903447185102,0.17224240608269822,0.21140178959987435,0.21502467330257133,0.19661601931159228,0.1947995549532808,0.19101487485456461,0.18005275841566237,0.1998863889514685,0.2494463057698386
parallelogram,0.1963721746386299,0.17224240608269822,0.14386554563299778,0.1658046859378846,0.22563850946719669,0.2279473150763051,0.21089207693595147,0.21573185145620033,0.20375733717881803,0.1824002770171994,0.22320926890624004
losange,0.22708272585631784,0.21140178959987435,0.1658046859378846,0.141486608872994,0.23599022486754329,0.24926390729056605,0.22756681041843174,0.22982191058995122,0.22254503632244227,0.18234507587415225,0.20133225446356742
isoTrapezoid,0.17893367627812812,0.21502467330257133,0.22563850946719669,0.23599022486754326,0.14308478287212478,0.1811806188298335,0.16650953075016908,0.22520390560811226,0.2233788347412436,0.17287949139643063,0.19480062639800022
kite,0.1758482471699127,0.1966160193115923,0.2279473150763051,0.2492639072905661,0.18118061882983347,0.14147486706524867,0.15395241955411545,0.21616485199474364,0.2153997791879436,0.20880501375351898,0.23716736103242628
rightKite,0.1714428977541175,0.1947995549532808,0.21089207693595147,0.22756681041843171,0.16650953075016908,0.15395241955411545,0.1332159321602505,0.20993417262208425,0.2066394703855825,0.17517775068082014,0.2076435711104125
rustedHinge,0.19663745450326833,0.19101487485456461,0.21573185145620033,0.22982191058995122,0.22520390560811224,0.21616485199474364,0.20993417262208425,0.1472539775015683,0.15383505983917756,0.21809210343872013,0.22653964419372427
hinge,0.191644561652372,0.18005275841566237,0.20375733717881803,0.22254503632244232,0.2233788347412436,0.21539977918794362,0.2066394703855825,0.15383505983917756,0.14800153353076648,0.2109084669305819,0.22353866794080066
trapezoid,0.1822962720795011,0.1998863889514685,0.1824002770171994,0.18234507587415227,0.17287949139643063,0.20880501375351904,0.17517775068082014,0.21809210343872013,0.2109084669305819,0.13423514934121983,0.16760427097328856
random,0.2268457940814265,0.24944630576983864,0.22320926890624004,0.20133225446356742,0.19480062639800022,0.23716736103242628,0.2076435711104125,0.22653964419372427,0.22353866794080066,0.16760427097328856,0.14266878638527203
