,square,rectangle,parallelogram,losange,isoTrapezoid,kite,rightKite,rustedHinge,hinge,trapezoid,random
square,0.0796217464259111,0.0985279635700067,0.16599753913994866,0.20550727696534413,0.16559631642528763,0.164356693436432,0.16716293228275944,0.1911623928614758,0.18147166170440637,0.16339918172511073,0.2262017630040373
rectangle,0.0985279635700067,0.08259675704952214,0.148786508411648,0.194325602593677,0.18748495572742951,0.17814935420450437,0.18162049777039604,0.1883604777790946,0.1756254806231185,0.1746806510316078,0.24024608433924957
parallelogram,0.16599753913994866,0.148786508411648,0.11800532712949025,0.14096490957305557,0.1915336594711539,0.1912439100354803,0.19107690883077996,0.1943070772353403,0.18696746440123205,0.15478591932915847,0.20795191925389533
losange,0.20550727696534413,0.19432560259367704,0.1409649095730556,0.12033213991342606,0.2004102519548927,0.20381110501453156,0.19805176990664144,0.1952869133340056,0.1932668125852808,0.15778709745469136,0.18142987669555832
isoTrapezoid,0.16559631642528763,0.18748495572742954,0.1915336594711539,0.2004102519548927,0.10054271170004188,0.12977547162646647,0.12179738516439577,0.16205024749802022,0.16220594909999353,0.13640980101415484,0.1474859383336589
kite,0.164356693436432,0.17814935420450437,0.19124391003548027,0.2038111050145315,0.12977547162646647,0.09452300481930102,0.10133182597399769,0.15584917758316172,0.1523514086049779,0.15459595460735148,0.16511040584215084
rightKite,0.16716293228275944,0.18162049777039604,0.19107690883077996,0.19805176990664144,0.12179738516439577,0.10133182597399769,0.08597522408770078,0.1461288235220959,0.14373289821009103,0.13954516686014187,0.1476839341950069
rustedHinge,0.1911623928614758,0.18836047777909457,0.1943070772353403,0.19528691333400558,0.16205024749802022,0.15584917758316172,0.1461288235220959,0.10078552400469841,0.10624359673150274,0.17371984612886926,0.156785611937126
hinge,0.18147166170440637,0.1756254806231185,0.18696746440123205,0.1932668125852808,0.16220594909999353,0.1523514086049779,0.14373289821009103,0.10624359673150274,0.10174012717437689,0.17035316520658428,0.15788316741567013
trapezoid,0.1633991817251107,0.17468065103160782,0.15478591932915847,0.15778709745469136,0.13640980101415484,0.1545959546073515,0.13954516686014187,0.17371984612886926,0.17035316520658425,0.10859662133270787,0.14542484602135433
random,0.22620176300403727,0.24024608433924957,0.20795191925389533,0.18142987669555832,0.1474859383336589,0.16511040584215084,0.1476839341950069,0.156785611937126,0.15788316741567013,0.14542484602135433,0.1027493856541084
