,square,rectangle,parallelogram,losange,isoTrapezoid,kite,rightKite,rustedHinge,hinge,trapezoid,random
square,0.08977102437797718,0.11227925417797205,0.1815777712084431,0.2211150731630384,0.174165608832093,0.17603138854694383,0.17569444583242103,0.19912061008150797,0.19112992030299594,0.176131485613097,0.2377548844075698
rectangle,0.11227925417797205,0.09340231979473737,0.15970230213078512,0.2064523188997043,0.2017625417958668,0.19237679776280708,0.19312432931483264,0.19553494034201255,0.1834309447440291,0.18919727014780502,0.25565345732324396
parallelogram,0.1815777712084431,0.15970230213078512,0.1278490727074269,0.1505926464223605,0.21162726583135838,0.21198362294721496,0.20696686722316412,0.20543000095570682,0.19789676808605408,0.16975513777786708,0.22287508077600499
losange,0.2211150731630384,0.2064523188997043,0.1505926464223605,0.1272085263543266,0.2207166402616929,0.2261281717690448,0.2149317162068169,0.20756409394443348,0.20551076363676307,0.17098865429041005,0.19296133101064417
isoTrapezoid,0.174165608832093,0.2017625417958668,0.21162726583135838,0.2207166402616929,0.11213377357773702,0.14446268149372332,0.1348613115005202,0.17938162819882664,0.17994105776807898,0.1521790754920787,0.16438349000492333
kite,0.17603138854694383,0.19237679776280708,0.21198362294721493,0.22612817176904482,0.14446268149372332,0.107375352912427,0.113865173492836,0.17454569521130286,0.17147836638225028,0.17434805795335093,0.1872165243923603
rightKite,0.17569444583242103,0.19312432931483264,0.2069668672231641,0.2149317162068168,0.1348613115005202,0.11386517349283601,0.09593983157157189,0.16276452654799725,0.16042993062320418,0.15391277868397382,0.16570568542434563
rustedHinge,0.19912061008150803,0.19553494034201255,0.20543000095570682,0.20756409394443348,0.17938162819882664,0.17454569521130284,0.16276452654799725,0.11011378382392542,0.1161350493517205,0.1892405613963634,0.17482831121929956
hinge,0.19112992030299594,0.1834309447440291,0.19789676808605408,0.20551076363676307,0.17994105776807898,0.17147836638225028,0.16042993062320415,0.1161350493517205,0.11171798512654346,0.18585350569114348,0.17587662039945842
trapezoid,0.176131485613097,0.18919727014780505,0.16975513777786708,0.17098865429041005,0.1521790754920787,0.17434805795335098,0.15391277868397382,0.18924056139636336,0.18585350569114348,0.12089885928337488,0.1579304865613962
random,0.23775488440756984,0.25565345732324396,0.22287508077600499,0.19296133101064417,0.16438349000492333,0.1872165243923603,0.16570568542434566,0.17482831121929956,0.1758766203994584,0.15793048656139616,0.11432003419260403
