,square,rectangle,parallelogram,losange,isoTrapezoid,kite,rightKite,rustedHinge,hinge,trapezoid,random
square,0.11462591505320976,0.14293213875790495,0.19274550122537237,0.2247455464057653,0.170259381283699,0.17092633707679428,0.1656791388831379,0.19246696333335334,0.18666103268102852,0.17545208824641753,0.2185305195895659
rectangle,0.14293213875790495,0.11902189529335518,0.16737370582286454,0.20707877112422043,0.2059568284514321,0.19149353475603045,0.18869311486252818,0.18727021470294625,0.17555899366506109,0.19217582549758508,0.24027591596304657
parallelogram,0.19274550122537235,0.16737370582286454,0.14296859625559477,0.1671751673587869,0.22427127433661387,0.2244398715102898,0.2107959175523266,0.20958586936865783,0.1971968796836525,0.18301878741862088,0.221921893665592
losange,0.2247455464057653,0.20707877112422043,0.1671751673587869,0.14404784753233002,0.23733195649169522,0.24693517983085603,0.22973695779884545,0.22393853774645645,0.21668961501314568,0.1854314505396389,0.20282577701256896
isoTrapezoid,0.170259381283699,0.2059568284514321,0.22427127433661392,0.23733195649169517,0.13671596229183874,0.17250579974276933,0.16140595905482447,0.2157892600894892,0.21463426081414563,0.1693524437237974,0.19229057686634954
kite,0.17092633707679428,0.19149353475603045,0.22443987151028974,0.24693517983085603,0.17250579974276936,0.13692273705730706,0.14839589984075993,0.2122036702063155,0.20949621129033313,0.20044620236059976,0.22844687650971618
rightKite,0.1656791388831379,0.1886931148625282,0.2107959175523266,0.22973695779884545,0.16140595905482447,0.14839589984075996,0.12896992620273554,0.20338057116838767,0.1998024410673074,0.1718579451650896,0.20574493862102766
rustedHinge,0.19246696333335334,0.1872702147029463,0.20958586936865783,0.22393853774645647,0.2157892600894892,0.21220367020631556,0.20338057116838767,0.14069426960214557,0.14647364268424792,0.20843124936224652,0.21536663948861648
hinge,0.18666103268102852,0.17555899366506109,0.19719687968365246,0.21668961501314568,0.21463426081414563,0.20949621129033313,0.1998024410673074,0.14647364268424792,0.140450890434334,0.20232021996718946,0.21304101986752183
trapezoid,0.17545208824641753,0.19217582549758508,0.1830187874186209,0.1854314505396389,0.1693524437237974,0.20044620236059976,0.17185794516508962,0.20843124936224655,0.20232021996718946,0.13484399074693526,0.16709934387473047
random,0.2185305195895659,0.24027591596304662,0.221921893665592,0.20282577701256896,0.19229057686634954,0.22844687650971618,0.20574493862102766,0.21536663948861648,0.21304101986752183,0.16709934387473047,0.14291889245381476
