,square,rectangle,parallelogram,losange,isoTrapezoid,kite,rightKite,rustedHinge,hinge,trapezoid,random
square,0.4274597040711253,0.44286709054548895,0.45646601448245333,0.4683268679868912,0.4404675415536498,0.437366744566659,0.43744084172688125,0.44830551360596343,0.44550921117174686,0.44368602099186794,0.4550551682561844
rectangle,0.442867090545489,0.4266090948201233,0.4450027507475021,0.4577617182400186,0.454707607739413,0.44730400784851854,0.4466159943919663,0.4420177094296018,0.43678540328772303,0.4502800143834617,0.46181707644686815
parallelogram,0.45646601448245333,0.4450027507475021,0.4450573403981301,0.45864205028265953,0.46439577243652935,0.46072795330057886,0.4588499215453398,0.45454013994488524,0.44929853982745727,0.45931981988951714,0.468904979186271
losange,0.4683268679868912,0.4577617182400186,0.45864205028265936,0.45502459078042684,0.47103372330323606,0.4709158335670341,0.4698887804464263,0.46163141940589514,0.4580968358255475,0.46526164446656204,0.46837699337912764
isoTrapezoid,0.4404675415536498,0.45470760773941293,0.46439577243652935,0.4710337233032361,0.43206829527311136,0.44307535916223867,0.44270721533871016,0.4580853040583589,0.4565021723118841,0.4481270310034327,0.45523507274080605
kite,0.4373667445666591,0.4473040078485184,0.46072795330057886,0.4709158335670341,0.44307535916223867,0.4336713814211115,0.43942725879759426,0.45541909180450135,0.4527044541951352,0.4507567147755832,0.4603738139346908
rightKite,0.43744084172688125,0.4466159943919663,0.45884992154533977,0.4698887804464263,0.44270721533871016,0.43942725879759426,0.4347743751948018,0.45393033326598276,0.451084098793271,0.4472011440481718,0.4595511606902088
rustedHinge,0.44830551360596355,0.4420177094296018,0.45454013994488524,0.46163141940589514,0.4580853040583589,0.45541909180450135,0.45393033326598276,0.4383207591573619,0.4386697442893332,0.45486867557253324,0.461861063323742
hinge,0.44550921117174686,0.43678540328772303,0.44929853982745727,0.4580968358255475,0.4565021723118841,0.4527044541951352,0.451084098793271,0.4386697442893332,0.4329905426471083,0.45196981503065786,0.46027292784811585
trapezoid,0.44368602099186794,0.4502800143834617,0.45931981988951714,0.46526164446656193,0.4481270310034327,0.4507567147755832,0.4472011440481718,0.45486867557253313,0.45196981503065786,0.4403786055223668,0.4537312403555891
random,0.45505516825618453,0.46181707644686815,0.4689049791862711,0.46837699337912764,0.45523507274080593,0.4603738139346908,0.4595511606902089,0.461861063323742,0.46027292784811585,0.453731240355589,0.4467425010897744
