,square,rectangle,parallelogram,losange,isoTrapezoid,kite,rightKite,rustedHinge,hinge,trapezoid,random
square,0.14168339665779828,0.16507533513048125,0.18195505609599757,0.1994402384607966,0.1581574670797977,0.15338525226410743,0.14953440610177782,0.17117108036221929,0.1680411133488344,0.16077444616866277,0.18075376737788895
rectangle,0.16507533513048128,0.14226651966766307,0.16019898253077547,0.18016120905232147,0.18824420064694633,0.17278435742035328,0.16978183810559008,0.16249213894130674,0.1546516218912145,0.1731032283920301,0.1955333957162742
parallelogram,0.18195505609599755,0.16019898253077547,0.14780799603274503,0.16408559226998176,0.19604649488050935,0.18965677552380852,0.1818565925487033,0.17356343912132552,0.16505955969231922,0.1741199407976147,0.19271134173215643
losange,0.1994402384607966,0.18016120905232147,0.1640855922699818,0.15013364262436013,0.20233869950070607,0.2035802728478546,0.1973921267493434,0.18075238301286653,0.1764834316527931,0.1780205290003383,0.1810803496913899
isoTrapezoid,0.1581574670797977,0.18824420064694633,0.19604649488050935,0.20233869950070607,0.14447525605164,0.15980719800384607,0.15784459198869158,0.18975727098923573,0.18877931017522548,0.16394714093628374,0.17504062192525682
kite,0.1533852522641074,0.17278435742035328,0.18965677552380855,0.2035802728478546,0.15980719800384607,0.1436137844217495,0.15117295247330995,0.18400349522091933,0.18182665527763356,0.1729838971250809,0.19010268841763747
rightKite,0.14953440610177782,0.16978183810559008,0.1818565925487033,0.19739212674934342,0.15784459198869163,0.15117295247330995,0.1428129198879463,0.17939430323578975,0.1763479316313527,0.16060312054930415,0.1838289668790369
rustedHinge,0.17117108036221929,0.16249213894130674,0.17356343912132552,0.18075238301286653,0.18975727098923573,0.18400349522091933,0.17939430323578975,0.14803793309082894,0.149512640828172,0.1764688254273744,0.18610178348663733
hinge,0.1680411133488344,0.15465162189121448,0.16505955969231922,0.1764834316527931,0.18877931017522548,0.18182665527763356,0.17634793163135268,0.149512640828172,0.14546220961610987,0.17263308844250527,0.1860770138609742
trapezoid,0.16077444616866277,0.17310322839203007,0.1741199407976147,0.1780205290003383,0.16394714093628374,0.17298389712508086,0.16060312054930412,0.1764688254273744,0.1726330884425053,0.14430983229805688,0.16222821002852614
random,0.18075376737788898,0.1955333957162742,0.19271134173215645,0.18108034969138986,0.17504062192525685,0.19010268841763747,0.1838289668790369,0.18610178348663733,0.1860770138609742,0.16222821002852614,0.1482214808767324
