,square,rectangle,parallelogram,losange,isoTrapezoid,kite,rightKite,rustedHinge,hinge,trapezoid,random
square,0.10265364096575989,0.12581688751436063,0.15663177683248536,0.18002228713866072,0.12407867450342293,0.12127828309671924,0.1172868358087659,0.1409586792739294,0.13578750667175155,0.1308476343265423,0.15513490061590307
rectangle,0.1258168875143606,0.10528154052615173,0.1322721959873935,0.1608674900580362,0.15650102567339427,0.13948026728923632,0.13703621515095404,0.13541472329686044,0.12480407060230038,0.14368472597026247,0.17464243088168177
parallelogram,0.15663177683248536,0.1322721959873935,0.11702605780445023,0.1344111975403182,0.17637948046968646,0.17150635559016578,0.1593787657651852,0.1542227761155344,0.141954749820768,0.14398990598103717,0.1695542578965754
losange,0.18002228713866075,0.16086749005803616,0.13441119754031822,0.11883548301041151,0.1875807529608107,0.1922001881722286,0.1782300518055236,0.16730113423178458,0.1595201508452517,0.14820789265624232,0.1583594538688584
isoTrapezoid,0.12407867450342293,0.15650102567339427,0.1763794804696865,0.1875807529608107,0.10914294869822717,0.12889079439307685,0.12521738582402922,0.16496654502158697,0.16265282383528576,0.13327173126214353,0.14631605326935154
kite,0.12127828309671924,0.13948026728923632,0.17150635559016578,0.19220018817222861,0.12889079439307682,0.10955779839593063,0.11898966000247177,0.16172598839129004,0.15812651962889887,0.15112254006169767,0.17360653392388634
rightKite,0.11728683580876594,0.13703621515095404,0.15937876576518517,0.1782300518055236,0.12521738582402922,0.1189896600024718,0.10793262279953574,0.1574339954957896,0.15288505349317152,0.13129897561345238,0.15880491422032111
rustedHinge,0.14095867927392944,0.13541472329686044,0.15422277611553437,0.16730113423178458,0.16496654502158697,0.16172598839129004,0.1574339954957896,0.11133832486397688,0.11499983070785089,0.15337948402567836,0.1649603358401238
hinge,0.13578750667175155,0.12480407060230037,0.141954749820768,0.1595201508452517,0.16265282383528576,0.15812651962889887,0.15288505349317155,0.11499983070785086,0.11080906950016733,0.14692153059671917,0.1626495471825259
trapezoid,0.1308476343265423,0.14368472597026247,0.14398990598103717,0.14820789265624226,0.1332717312621435,0.1511225400616977,0.1312989756134524,0.15337948402567836,0.14692153059671917,0.11028655184156289,0.12796675251246575
random,0.15513490061590304,0.17464243088168177,0.1695542578965754,0.1583594538688584,0.14631605326935154,0.17360653392388634,0.15880491422032111,0.16496033584012382,0.16264954718252592,0.12796675251246573,0.11559554493110735
