,1610555604.25mOvVXuL01OCiReyVWBfesjuvXmB3MoPy,1610555605.43B6oDsBtWRQ29Q9UMQuTUEPZy3FSSWXzc,1610555610.92HPGJJSmyPM40z7otPBgHalNrHFA7zk5d,1610555606.68LaSQbm9EHAFycEfFtEqAwYqlBsQPjIRW,1610555617.19EKxMEwDHfXiEJZc27TsGoERaD6Da4BZU,1610555722.52PJ3FD50MGhRXyUD28vluU8Z9UjLJLZn4,1610555617.52Ijr5puT55g9apK8auM7zaxa3NANg502t,1610555638.77ZLjTLkz4jYJdFMI2wWBztzsDILkoOtAk,1610556912.46C7tJPLF0XfNnm8f1820X9aLmXMHoc0Dw,1610555617.51LjzIROg0aeCP2GhDcAVQ0LipKJB9jmKc,1610555608.17OpjjHobqRkX0UPcaXrbu7K6L3805SZri,1610555721.82zWeNZfGUUfRJkgnAwlP8VMhPzXctnSd4,1610555735.75bom85BDF0C7W2eIseHeMxi24qR68nzMi,1610555735.77NnT5xqKnwcf2BbjIekeb2arTQj6QMNwk,1610555638.33wjf1PhdNaoWfbRzXVn50hmFyB5bYAiLV,1610555606.65jCE4ig8Pu8kvAzkxnSGfWsV0nQBjCf8H,1610555608.18ONsBCVo1i7BrX0XG9stct4oiA6ejX9Oz,1610555721.51RNoQUMP19FTMS79BmA3JkgSm2IC2AQuQ,1610555971.86O0cHB2ibBJ8jxoObg01EpGe8VVV5mpwn,1610556911.51zU3duZSGpcw1BDNsBLxdOCITAXwl6z3i,1610555988.71dMoYT8250UHHJGxgmITTmbHe7V6gH1yU,1610556042.81mlUZsSp7gbGjrp8jQSnybT1gPy6e62o1,1610555637.02UBW5nKvDyUrKnaWcYRGajZPxTRDS0q3N,1610555619.13oUYNikU4facCTpUSiSLr0vPI0tJLnXiT,1610555721.03nzkucfjAUh31zTbmCVvTVYqtjoxZFnBh,1610555722.67fhKURdXVzRbLIjXmjRwdJHTnE7PWb1AE,1610555638.39J2ZWBLuLTHP0jOlzB4tNHmYeijH5g5YJ,1610556032.17Q6yCDx9g7alRnL9jBFXD2JhhUyB2hKfJ,1610557007.49MyVgDnuUuBxrvL6SGOdhKf69VYlW1MSm,1610555638.44hjT5hbYdKoE3MB6hijrjqbjmLgvCUYKD,1610555608.13zUvmFSCRt6SsLbhqFznMEvGx54GPGQzM,1610556038.62a5C4ynd1AARyAhTv8a58NCqHvXRjscqH,1610555644.45Xse8u7pusHNsd7F3d0A32HXvXr6weOJE,1610556038.62gKXOCG7XCn55eJvyl5voNjbwOW0znQDq,1610555987.13v0oleKK97pkesp6oMgprH8SoSdoDVdIO,1610556964.96ZLLeiQW0qpmxhPGTg7K03fmzkqsC2bjC,1610555987.13VQlEedQ50VvkPMEMzZDv3KNnQCewykN9,1610555982.186TY6MMGkDecIN1woW6vsfAMXVV7jnyjO,1610555982.673LuMndkwkvdmZOn0MmE2Pkidx0FtNalb,1610555733.38zItcuH7gHNfKdALR2d9Nek6bxCyw36Vm,1610556034.15BQxSbZINGCay0yp6RBVlgcPrw76Yn9ON,1610555639.37BPZpgtGml8qUsh9AdV4m32jPLfI2aNFq,1610556965.57S0adAalhWYe6K3bkZU0bRHbqnDK8gGkR,1610555983.54zteLPCMjyrjzPdhHhlZr3faCgD0TfYr3,1610555987.79rHnNRmt9a0ufmnwCvZqBouyUoZDNpylW,1610556960.041xWER61rmArlsKfiMl4frikWmUCnQ7op,1610556035.13a7NHZDutfTMJ88qle1gTYY59Dr4WmMsj,1610556890.456ZBDaY16bMtrTZTqAgHl3wq1tRxzqDow,1610555760.24e6890pkbyZ97Or6croI1rQgjkSsR0yVt,1610556043.02YpWMIJg3W004iqlPyv8OcVAZdSC5rNYw,1610555987.03z05P26TLtONYM1HSzupoc2CeNMa6HTqr,1610556032.15OYCzUxpsz7b10AXBAuDXrvEcvxFhf0M7,1610556032.63Z80yI9pNwS3jSmsDABbuhf8wkNa2Ze9y,1610555736.28eGuESasTXdR3SqY6pHhEXWZtcdciYLCO,1610556034.61bebeZA0MkaFG2sm3VKiqrxeqQginTTW0,1610556944.5XwXOphKYT3ZkWA8gViqOS97VHVuMVUqb,1610556944.745UVLFBzf7fPh4UH37I6tYQOFPqRDytEh,1610556034.63XsUwaFaPZevO1JNFjfhvY4aKNFnV4noV,1610556964.89xwBHw9faT1HjQRMNQEyA4qJ3hWkwgj3k,1610556966.74DydzH91jtyvRyYau47JpVkZoMRSNTt01,1610555740.77UueVziDbaXyRR4OcVJIIZyzOfAzN51bj,1610556046.84e3vwjyRCzqz0wJQhrk8zsxlFfFSv98Df,1610556137.99eoPuVrDThKAOvmeprLPb2FWRqIhzUodc,1610555740.73XFwSrmTXJPlaxGZSefh0jOVA8PI3III1,1610556123.88AOfNaz9jSnqU5Czc7okOv1RCrYfKFBTo,1610556046.85nB7NvyoYQeLcOV391Lmmut1wAM8CFGLw,1610556123.89H4pdIAzDthI7bMXMhlIhKUYIQIvtmPPQ,1610555740.87GOYQUJKpkynIS2lFqppYK4b32ol7NeGh
1610555604.25mOvVXuL01OCiReyVWBfesjuvXmB3MoPy,0.0,3381.0240491745885,774.8059515916896,3128.00180884707,2158.5893825013277,2825.275854832288,2038.099600904424,776.4235050256024,1578.5446059880178,2478.6694291589374,3852.3342221458397,3325.113007146023,3003.832174567144,1332.2535548284145,3421.5273238010514,2803.9711656657537,3908.0076930853966,3635.1982916268125,2362.1421726978247,2413.190323159662,3513.5151382793792,3922.7743333562353,2605.955323463288,761.9493656604494,3096.62698701384,2812.437040365214,2281.850770410871,3357.202753496144,3257.3353018943735,2527.5226547578354,2622.7479334449927,2729.235170298445,2848.782961369384,3060.7614368205473,3180.27302941587,3241.8525151674075,3098.6793471897527,2934.201167246384,3389.2612242982,3150.4382330646263,3246.6187544537156,3860.265669212903,3133.9931798300913,2920.1054442766517,3611.062867208869,3752.2876192884332,3085.0222686964958,2645.844078584425,2592.5055832342405,3207.4694352907127,2690.249515905043,2615.5313600077834,3225.8857556146836,3848.8039255624976,2610.2183244960597,2907.403736942349,3132.5692705282627,3173.883431808715,2592.2358734275463,3106.0094924720083,3843.596599143375,4179.602466514261,2922.506357397015,3849.388952037673,2710.147504815127,4113.135713834522,2948.3237528562845,3727.365851050428
1610555605.43B6oDsBtWRQ29Q9UMQuTUEPZy3FSSWXzc,3381.0240491745885,0.0,3403.122451084511,2837.2306685521758,3501.304813397174,3485.8621583035915,3470.806621665671,3529.9704289302053,3570.5529346042363,2978.2355176332712,3335.3724083499387,3706.953164677876,2484.9432782655877,3600.570377370868,3561.4192853977943,3494.713287794137,3274.608144339985,2044.4850467082529,3519.1091443549544,3222.466567807663,3914.7542480679303,3505.081270616459,3244.1021665073813,3490.8800825035814,3461.862830433332,3694.7214989730605,3499.443348181627,3622.346323085,3059.44944908066,3145.007537351632,3534.7189189743376,3397.5177340144483,2778.314658453938,2967.7239360772487,3668.472852494962,4001.0098685359962,3619.4011583027627,2851.1808208908114,2768.2399611003502,3959.8651336713597,3227.0811438869987,3823.6436106929714,3840.7724880630385,3137.3346427856286,2554.562132313295,2078.5945279100147,3750.7214581530607,3593.9420472898105,2921.8732227950304,3711.62651721124,3527.993825076542,3783.029731104844,3664.0789618220347,3182.0032461348046,3351.790362946057,3582.8770851086374,3542.13238509159,3480.716102759877,3503.5501052492664,3551.8361268556396,3517.0153071786744,3369.5227348427484,2944.088834601805,3820.226919769699,3054.00008918609,3621.044191859538,3642.6451768223446,3550.182984015808
1610555610.92HPGJJSmyPM40z7otPBgHalNrHFA7zk5d,774.8059515916896,3403.122451084511,0.0,3143.0140515743433,2197.1735519589542,2911.912672198336,2001.431103564945,943.5815245708451,1847.1566414163144,2509.0783164131117,3860.091175332159,3438.650389800575,3028.953788936634,1434.2359348445905,3550.204996646379,2808.625238015668,3911.5390215409006,3721.537953374002,2492.661108443172,2446.3872828663257,3635.9149838757016,4037.581240869946,2642.4137026217577,991.4900965583914,3107.3385198915857,2947.16171894325,2315.4464914248,3426.8795379350427,3271.896487370833,2563.171407074487,2653.795419966325,2819.8735925153633,2875.2388206290248,3074.4868630681262,3274.230769152159,3311.351444981394,3155.4983388824817,2961.597808708036,3411.126396088515,3270.432761727003,3250.2340670578274,3970.3039382510588,3292.937818706889,2988.3185638125033,3638.0741043835665,3754.310398660353,3259.2418330191485,2778.9685287956154,2622.2832773922337,3212.8431342087897,2807.603496193273,2694.0608528041334,3244.690909246982,3868.2610275333413,2630.435024061855,2905.6604547150873,3212.2103546768285,3203.1854860821213,2706.9223083487914,3218.4458452075546,3970.9021585181563,4170.310229004992,2949.1467353287585,3954.430819270829,2742.566767095405,4222.687186613949,2949.432508708736,3858.44173970185
1610555606.68LaSQbm9EHAFycEfFtEqAwYqlBsQPjIRW,3128.00180884707,2837.2306685521758,3143.0140515743433,0.0,3189.856782496213,3540.392810525358,3129.6608940502624,3252.295671538336,3328.094674226693,3182.0054280771874,3018.2164572627926,3181.518219724078,3279.446756350468,3396.177974561773,3604.118102830464,3160.5456569932153,3176.2266281374077,3068.7676142505625,3246.055266074484,3017.3979743056893,3473.0130759033786,3461.9651670704984,3386.1721490115833,3209.299507260198,3854.177120490453,3591.7931205616296,2996.3414305755905,3312.495782972461,3089.1212513034698,3161.180613051992,3199.9281437567956,3329.816987616005,3200.306778685241,3301.9632961346133,3218.509116862836,3073.8859982059944,3354.6590407587287,3166.9237160484813,2717.1705086172356,3690.463522249696,2757.8790978088423,3250.8525647059755,3439.5568594812075,2650.712503330141,3157.0916594913574,3388.0733512182123,3848.0588040141934,3362.3070238566943,3051.0884768182964,3410.137314680399,3187.6235227524153,3607.8636983155025,3585.4118585211513,3162.6727049307547,3152.03784174239,3732.4310627755603,3688.9611756655645,3257.2415188722694,3317.1719008460923,3742.8390888422628,3600.1295492142626,3528.25359780687,2955.1192291089583,3727.2552137609623,2981.3598352344948,3783.9041613207382,3035.641468037449,3559.4066847651206
1610555617.19EKxMEwDHfXiEJZc27TsGoERaD6Da4BZU,2158.5893825013277,3501.304813397174,2197.1735519589542,3189.856782496213,0.0,3170.224271230828,1928.9585065453336,2392.8681503244266,2053.6293401544976,2795.423111631189,3559.716748594967,3538.0886071499785,3271.2862344673654,2402.511352611648,3550.866759876866,2890.9454215762917,3625.1552911791505,3641.785817038947,2702.4925879261095,2714.5449033802233,3628.117285488104,3697.008836868618,2192.212429297933,2372.6573165688073,3139.1315635537094,3218.479406923886,1876.5776023199555,3507.046298795445,3378.8098393235528,2266.951920468075,2665.6326589300334,2241.354994187008,3127.7170021209317,3153.8012260092983,3288.4996301649285,3288.7347717232988,3255.9653714125225,3010.4929774789794,3503.7388595684147,3452.5166292568915,3142.744323887291,3833.9682908885284,3195.76383778718,3291.0237674557934,3593.6398262147645,3774.7374836397503,3229.301630199885,2984.997163617139,2766.345868718346,2722.811472198976,3174.0769524504353,2760.1013610523264,3330.5624984904916,3761.9590976040686,2827.97023003974,2814.479724570864,3111.0615490849236,3444.261791756098,3041.124369956837,3060.0956885984965,3659.547194494534,3958.584474431416,2987.040100713342,3680.9386925270487,2739.222992876036,4006.543562311412,2904.1341479723146,3549.1635030845355
1610555722.52PJ3FD50MGhRXyUD28vluU8Z9UjLJLZn4,2825.275854832288,3485.8621583035915,2911.912672198336,3540.392810525358,3170.224271230828,0.0,3211.3608541166923,2958.0394839120167,2808.140807848789,3355.0695209214123,3639.444121503277,3525.484530873903,3500.6480623281313,3055.0086094401613,3641.870947062747,3570.331364370541,3604.6414663610435,3481.1988743949883,1794.949409909452,3297.2223394947027,3385.8463896629,3433.802222133234,2930.872121227757,2935.9289746940153,2986.5434779916764,1388.9873461332336,2966.6196830090757,3626.520613333497,3818.9567419746477,2829.2290576321516,3393.6180244722023,2621.777418698694,3612.751838697606,3753.1907207249683,3576.7934354212216,3549.4530821925982,3807.8395907938866,3680.4998823941087,3466.871775973703,3473.0022151543617,3820.193658867938,3623.732271757749,3712.5685174819682,3208.1937909739895,3431.780667799184,3260.571852115596,2950.5059742670355,2890.2585359333616,3463.2050934956187,3252.946856367881,3191.960273735973,2812.1834860783306,3548.1721768076336,3646.0095534341376,3366.155134352398,2903.719712125027,3402.246473796251,3436.100078975869,3138.32265580495,2529.6134004872474,3524.3533115775426,3773.998194689232,3597.219703732868,3384.9032255726925,3549.5066252657793,3790.861557536032,3034.5544721712404,3585.9739280377103
1610555617.52Ijr5puT55g9apK8auM7zaxa3NANg502t,2038.099600904424,3470.806621665671,2001.431103564945,3129.6608940502624,1928.9585065453336,3211.3608541166923,0.0,2226.7450930614673,2410.0536991399995,2994.068026812598,3579.669072275697,3899.389919972281,3290.440916267921,2260.456874260738,3675.163538659688,3223.926632945582,3715.2726761896156,3860.972098125947,2749.699013478162,3098.309861143479,4105.887271260063,3922.3202062181476,2763.6927872453157,2202.6362935479333,3473.813987726375,3078.460781471966,2620.6050865070993,3647.8404746381116,3224.6261547388617,2033.6863709897552,2958.9370478588053,2360.9389905235153,3306.9300066423198,3345.474865200966,3601.016782978247,3388.1641647342717,3660.427745411342,3207.1688010143466,3384.164707814845,3584.3665634051013,3474.50026810618,3992.9894405138384,3529.7843885919033,3158.6166090314805,3652.2977595691386,3791.390464532521,3763.0115096220575,3315.046186939524,2983.6017865731615,3262.8712712937117,3449.9627590581918,3130.340278806986,3259.1616964144746,3590.920017867144,3072.1736788691683,3007.744042003657,3368.0160029909853,3702.7107734033557,3291.9226840428437,3108.662224321641,3926.9881504490586,4003.6414727805086,3205.0441551345425,3769.4773637276608,2975.4024822569445,4088.413105393537,3162.3489176133503,3836.5872936479936
1610555638.77ZLjTLkz4jYJdFMI2wWBztzsDILkoOtAk,776.4235050256024,3529.9704289302053,943.5815245708451,3252.295671538336,2392.8681503244266,2958.0394839120167,2226.7450930614673,0.0,1746.7968668730446,2683.7963173522253,3974.900804803151,3423.760483890571,3169.57585025254,1200.7597046832825,3509.22891225225,2979.2143732752784,4011.461406507668,3707.1011007667516,2464.7469389131466,2594.073155003255,3618.74256039506,4026.7387235422957,2817.9554331440404,739.4183655073749,3228.9205361792815,2945.0275628766176,2496.5247599226423,3479.8625988310673,3387.385770629983,2754.722791806985,2806.272041977745,2983.629546317028,3028.901362173905,3224.75291886181,3333.850845730786,3359.1000716033873,3239.490989785959,3103.532717487573,3533.3015410843514,3219.3059180623172,3346.1872545744104,3924.9172317210096,3253.667732835577,2970.7312324205946,3716.3462914534507,3863.847547177871,3250.6912238480018,2809.2700348667327,2789.943734384161,3357.315745034794,2787.9420030205465,2765.6447124698707,3368.5891324919917,3981.7124498812827,2810.019347986815,3077.305974711359,3237.4909016682054,3348.2743133868557,2701.247753965908,3264.189977275076,3939.2551443627053,4280.590711300057,3102.782907155188,3927.5480581396578,2897.703640908462,4180.268939142692,3099.098125180852,3837.150699178304
1610556912.46C7tJPLF0XfNnm8f1820X9aLmXMHoc0Dw,1578.5446059880178,3570.5529346042363,1847.1566414163144,3328.094674226693,2053.6293401544976,2808.140807848789,2410.0536991399995,1746.7968668730446,0.0,2766.314979822472,3960.5630986514043,3293.194424034704,3239.4443139652876,1872.3773089041538,3329.3441319753374,3055.5853480793244,3958.4041689145174,3534.9619895618903,2199.8255131323635,2622.759733268663,3310.0679560221556,3759.4054993711707,2698.224823658539,1668.280057992243,3195.3988506144065,2778.949535555734,2428.108177268561,3338.1678700595603,3511.1885020845666,2691.078469442029,2885.007484382677,2704.309243299394,3102.4181855987295,3292.71571947558,3265.3409763197765,3290.8769242360413,3206.773823934646,3186.91002935002,3580.1797483568184,3260.080949835494,3355.6532882074625,3771.0404672777618,3063.87309237796,3026.427518618478,3668.1910819952855,3779.966977453419,2970.8161101081537,2658.9380051243024,2893.024410964254,3174.8827121460936,2745.1379475108515,2687.186625892512,3454.1512112019795,4018.311276911564,2962.193535909491,3054.80362937088,3143.6585697452397,3323.1422959468714,2645.4041535181354,3037.495070384712,3706.988591835259,4244.9139883045655,3157.5030588502236,3744.1893777748705,2977.139258253663,4026.262287190047,3123.8741864994986,3607.811394712417
1610555617.51LjzIROg0aeCP2GhDcAVQ0LipKJB9jmKc,2478.6694291589374,2978.2355176332712,2509.0783164131117,3182.0054280771874,2795.423111631189,3355.0695209214123,2994.068026812598,2683.7963173522253,2766.314979822472,0.0,4000.344000214155,3627.411808492787,1893.229953011626,2931.024460320275,3694.1683496337173,2890.8365311615385,4076.135148669273,3643.1968832183716,3305.198770528686,2664.831394291141,3784.092161204945,4225.546617344543,2723.6540019863355,2624.518909286902,3183.5691804759813,3495.419714894093,2698.000344586971,3633.5975769502697,3263.593619928207,2914.063586179266,2713.7065421946954,3175.485717810833,1390.6886654576351,2900.100337080618,3286.454252489844,3653.215631878512,3078.912108863015,2780.0865670555067,3039.599769607024,3323.472797077385,3270.9038230950373,4267.554282980737,3306.257374376481,3404.953983765393,3644.336339665763,3609.511285957673,3184.7022640735863,2983.007707582685,1505.5217336784076,3411.8173317566875,3066.707763353962,3074.7008227327806,3054.8838545432313,3907.555642127559,2736.7951128005025,3189.6662847344555,3463.510124434514,3031.719064070554,3094.615668042791,3541.0739884116106,4096.136264231025,4263.537043640826,2686.768620830526,4335.1148736018695,2379.2674576958525,4403.617002474633,3257.704020081317,3980.2901028210913
1610555608.17OpjjHobqRkX0UPcaXrbu7K6L3805SZri,3852.3342221458397,3335.3724083499387,3860.091175332159,3018.2164572627926,3559.716748594967,3639.444121503277,3579.669072275697,3974.900804803151,3960.5630986514043,4000.344000214155,0.0,3400.0559120741523,3940.8679768727457,3964.874286139947,3387.2381826056567,3511.386052429672,1620.5713456769506,3185.02185276914,3611.713956594339,3682.117124316207,3308.022497292289,2723.0082906843636,3540.144452989816,3975.021346773928,3442.8618854678925,3553.0259536976455,3656.655392365014,3426.7215888466194,3277.3862031854032,3641.504732002155,3832.408517184754,3223.0947150678294,4023.701563959763,3759.185569788024,3507.6320321657595,3185.5212796543155,3639.425849015466,3745.9911823927955,3270.9523564392916,3914.8713778750775,3333.3475996352913,2541.651007946782,3528.5127664229167,3381.571849649571,3070.304027477437,2976.260022646413,3996.1524372926165,3670.720290263407,3841.070311645865,2984.044243306426,3837.8893730809946,3990.1030830005893,3680.9200530570633,2798.7666076762384,3811.8668802226716,3326.5388188016973,3370.4750795939094,3661.802478360545,3949.85688010471,3505.5072453872035,3135.2262992863416,2391.678094204475,3529.9882827731344,2833.18752746231,3626.5670036273764,2567.5739172473072,3078.9308318402004,3376.00786054847
1610555721.82zWeNZfGUUfRJkgnAwlP8VMhPzXctnSd4,3325.113007146023,3706.953164677876,3438.650389800575,3181.518219724078,3538.0886071499785,3525.484530873903,3899.389919972281,3423.760483890571,3293.194424034704,3627.411808492787,3400.0559120741523,0.0,3808.5040096305165,3466.183347307563,3711.691818018483,2933.4122841393705,3374.549443938705,3115.290099847171,3436.4043516239235,2729.8367617358804,1827.198381050362,2726.45923811082,3615.709864554374,3459.880465210904,3626.3857492200673,3516.7496913630457,3565.8931283745633,2826.515917150688,3269.915489345342,3889.451630222136,3711.0978774542104,3723.748216983833,3568.3155908409617,3378.461008701294,2865.7414643872553,2759.5443716790787,3477.1413004028745,3302.0916762304364,3400.5359353759195,3759.4360081579907,3547.317099381037,2892.2437901668336,3745.488759689976,2763.2999238533284,3607.968897305561,3698.273794931956,3613.9708300823368,3173.482326116731,3467.7099410338305,3374.671654841514,2195.757501251333,3388.8342243757647,3924.3343774242617,3482.8873291688856,3482.75971895633,3636.6798740017903,3353.137568841597,3190.7571854612715,2728.3920196928107,3717.997802804841,3449.9125796728235,3717.6910651058333,3010.1816821884554,3549.775909718439,3130.4886267196434,3508.719387017585,3201.519470692046,3451.862039661565
1610555735.75bom85BDF0C7W2eIseHeMxi24qR68nzMi,3003.832174567144,2484.9432782655877,3028.953788936634,3279.446756350468,3271.2862344673654,3500.6480623281313,3290.440916267921,3169.57585025254,3239.4443139652876,1893.229953011626,3940.8679768727457,3808.5040096305165,0.0,3309.72950825587,3517.2896985094135,3170.5076105577996,3946.1652398110373,3223.576420093806,3476.036338142598,2929.9763032974693,3953.5216128061406,4094.5032078507857,3189.6031279522454,3124.577102188349,3583.1830004103535,3661.9966973611204,3181.826343083212,3779.872208865717,3105.884596570869,3155.624482630922,2912.899436054525,3394.532801731569,1268.307713144242,2862.9044192665715,3517.2250038501084,3901.0114859930636,3335.228474689607,2786.4086094247514,3198.6234427848185,3419.092019396645,3327.4371600365016,4282.975982501621,3544.4640430784357,3433.4657545737027,3335.8738390132935,3220.8586166400196,3424.983209118713,3418.2682159141755,2418.8671171394353,3654.5948537766967,3400.948663580264,3499.665136607646,3081.0923380026934,3574.897461932954,3056.1677436748714,3587.254080241455,3748.3276947663985,3290.56541655204,3424.1267031982284,3730.558510286214,3884.410173842277,3948.1003795929682,2849.597889309046,4278.8086986892395,2882.2790251345173,4106.205806929845,3513.9193513605073,3785.2588543570423
1610555735.77NnT5xqKnwcf2BbjIekeb2arTQj6QMNwk,1332.2535548284145,3600.570377370868,1434.2359348445905,3396.177974561773,2402.511352611648,3055.0086094401613,2260.456874260738,1200.7597046832825,1872.3773089041538,2931.024460320275,3964.874286139947,3466.183347307563,3309.72950825587,0.0,3450.647176252769,3237.6998603414345,3968.328593678747,3675.6512492162433,2469.6634913789508,2821.987729880077,3694.9055572020234,3913.1758655575345,3010.050445285741,1491.698254101182,3283.4806514160027,3070.950509754624,2735.8065447035847,3637.369110244029,3538.1560077171434,2818.9336416667084,3062.8738468040733,2939.896862905181,3249.986700454288,3455.420505081793,3527.2080781549384,3519.999158317901,3410.631911500794,3334.753428979798,3687.2657525813897,3397.2562203595226,3525.8706734257707,3947.575797130177,3412.4846293158826,3176.3650522146254,3685.1107568192915,3818.3067911134603,3489.400076359533,3032.1466398419007,3009.4774800332925,3408.4402807036663,2970.1784281425234,2884.8440896697325,3549.859567538343,4089.8562565268,3100.975726048542,3220.6219338867413,3151.3906738611468,3628.3529985294917,2905.4542492964097,3243.919274805262,3917.077436712112,4252.161420149783,3364.6719266404975,3881.3894526780123,3138.190807482907,4136.935268900679,3239.0596089689234,3805.737615571272
1610555638.33wjf1PhdNaoWfbRzXVn50hmFyB5bYAiLV,3421.5273238010514,3561.4192853977943,3550.204996646379,3604.118102830464,3550.866759876866,3641.870947062747,3675.163538659688,3509.22891225225,3329.3441319753374,3694.1683496337173,3387.2381826056567,3711.691818018483,3517.2896985094135,3450.647176252769,0.0,3618.3618413068198,3274.8599533360484,3479.4546357978493,3433.4887105952766,3511.762066085157,3500.9961744384377,3465.1389309832657,3655.781864108728,3512.549569437057,3695.399266197698,3567.779568937779,3574.7353284531437,3986.1070581489194,3366.075528672382,3679.2348924460507,3331.47132737819,3401.1328812698093,3638.9104204583177,4092.9789439773176,3216.8519444074805,3493.2581259813765,3403.3650966032333,3919.6491861254694,3767.2115994850433,3670.095492171842,3060.802479128938,3628.201875054137,2883.1598357770454,3488.948618281723,2821.385503454422,3396.574903739228,3648.8808279983737,3477.090664187277,3842.706878757844,3454.8143159192423,3529.94491875239,3589.0091099099263,4407.967635533361,3528.7926148464294,3650.198403062457,3775.7630957199913,3114.7034419745346,3658.203436457039,3742.473372011186,3680.2136446907434,3869.610033336722,3550.0192022723336,3700.9056345245904,3718.2316117219275,3806.3790521541036,3283.0556751289414,3527.447938755423,4001.7922349268824
1610555606.65jCE4ig8Pu8kvAzkxnSGfWsV0nQBjCf8H,2803.9711656657537,3494.713287794137,2808.625238015668,3160.5456569932153,2890.9454215762917,3570.331364370541,3223.926632945582,2979.2143732752784,3055.5853480793244,2890.8365311615385,3511.386052429672,2933.4122841393705,3170.5076105577996,3237.6998603414345,3618.3618413068198,0.0,3592.9063701449377,3745.385956694268,3571.2050749018313,2039.2651256176282,3052.3627907209943,3857.6243254676483,3047.442587035013,2958.1325382716745,3395.303379277413,3722.7122549689775,2802.6468429979586,3090.907775595931,2814.3551241284636,3376.8640299028866,2592.8853432317646,3376.4091580874087,2891.9666500714097,2380.47026090262,2194.588093605346,2756.9722582028166,2737.571572901183,2441.321296521014,3504.5782748029155,3738.880767870177,2873.2761944464382,3641.3994675398426,3529.9969058310044,3269.853344673898,3604.292387480851,3837.381567009457,3328.458706564781,2962.168088082862,2847.285579845558,2996.8410035646825,2788.2919681164067,3354.025060607039,3208.8709735225234,3569.123708471652,2488.149133162132,3357.8245963951654,3449.3837027530544,2497.5854498926074,3008.654785111287,3771.9781542350493,3692.8127047288463,3891.459400470277,2323.475370337606,3927.7180624569187,2675.515399209364,3903.7251239603684,2852.484940972945,3584.0379196011745
1610555608.18ONsBCVo1i7BrX0XG9stct4oiA6ejX9Oz,3908.0076930853966,3274.608144339985,3911.5390215409006,3176.2266281374077,3625.1552911791505,3604.6414663610435,3715.2726761896156,4011.461406507668,3958.4041689145174,4076.135148669273,1620.5713456769506,3374.549443938705,3946.1652398110373,3968.328593678747,3274.8599533360484,3592.9063701449377,0.0,3056.3345268149033,3619.142012164314,3715.805163446099,3162.4856612581707,2509.3435734709387,3605.0955545897814,4030.4902989201464,3288.7863847744325,3491.1960670717804,3734.521961692473,3291.104804665031,3281.6955522237035,3760.5053779438626,3921.8826669955215,3233.5891638979606,4053.6779528466764,3747.2484541008716,3461.1702118259814,3165.261977248821,3665.2241905840774,3716.7778946616686,3197.8629289721625,3872.864511697306,3418.02145899497,2440.092833462854,3521.2164368920344,3351.3773318686617,2882.4061214457365,2780.1538693386005,3940.5699995471546,3710.33655092604,3906.7640109974923,2915.6942804445807,3847.926266862264,3954.442640040549,3661.3696813677884,2737.920112059301,3909.3033750992076,3282.1504807674837,3106.1497516723052,3633.245371305249,3938.823879810656,3441.4171897566944,2868.974221714318,2042.2997278268642,3566.390026172205,2453.725563109253,3681.6431645387775,2179.3883189332128,3076.3623124673545,3107.6851151696974
1610555721.51RNoQUMP19FTMS79BmA3JkgSm2IC2AQuQ,3635.1982916268125,2044.4850467082529,3721.537953374002,3068.7676142505625,3641.785817038947,3481.1988743949883,3860.972098125947,3707.1011007667516,3534.9619895618903,3643.1968832183716,3185.02185276914,3115.290099847171,3223.576420093806,3675.6512492162433,3479.4546357978493,3745.385956694268,3056.3345268149033,0.0,3417.461937936913,3513.6374766105077,3441.1002594539436,2957.332979962012,3552.346310364136,3700.1970516199417,3706.047541781712,3627.44892792238,3735.008390511056,3564.7427864127094,3501.9910679219615,3618.6085161885085,3846.5908060373054,3632.2480825546,3449.4810416374926,3570.9856137099846,3863.7770494526344,3831.4949011562862,3940.013815836972,3485.713473714645,3137.065038245056,4042.371530471222,3455.303295082737,3400.608218812016,3770.5275260001486,3109.290977591127,2808.867709654231,2277.927488097533,3729.8865841850807,3726.490707171912,3596.3562786613857,3640.5030120159836,3388.1097719779423,3904.0575620669115,3983.684801856918,3267.6226127848563,3922.376836816794,3751.789732210266,3537.8913601717204,3902.0334158484466,3427.7442919910995,3565.124442604767,3141.3209602668244,3194.2520386022943,3397.4635905142063,3380.3296057421576,3509.956245912489,3211.5909892695827,3743.5530701460275,3255.2704478770806
1610555971.86O0cHB2ibBJ8jxoObg01EpGe8VVV5mpwn,2362.1421726978247,3519.1091443549544,2492.661108443172,3246.055266074484,2702.4925879261095,1794.949409909452,2749.699013478162,2464.7469389131466,2199.8255131323635,3305.198770528686,3611.713956594339,3436.4043516239235,3476.036338142598,2469.6634913789508,3433.4887105952766,3571.2050749018313,3619.142012164314,3417.461937936913,0.0,3262.430425892796,3466.2459580678574,3332.451801069641,3032.6432891918266,2458.2803138443023,3302.379675676161,2085.110195491551,2810.555387770299,3604.7157654335238,3802.7913971820876,2637.2306516435233,3406.2035904158793,2485.5520606419946,3587.814988626553,3737.3423756646202,3570.0199787321676,3539.866667627526,3797.6551881999817,3668.807744157294,3566.769931469128,3329.492415918482,3713.647976422406,3629.599765676896,3547.5189280563973,3053.048980416102,3510.2750870899386,3545.017800507783,3309.820861477208,2805.9429822793977,3408.277843828615,3286.3537442319866,3107.825553520396,2700.105912375547,3650.4586960803695,3764.9197236763544,3454.1200992551862,3152.9079523009186,3248.067562384076,3662.194600325486,3010.9658482740824,2590.456689996225,3544.1813722520155,3921.31741766696,3645.0389770177226,3420.992935388901,3484.4694595924966,3770.4135039438675,2975.060606518251,3524.9676233756727
1610556911.51zU3duZSGpcw1BDNsBLxdOCITAXwl6z3i,2413.190323159662,3222.466567807663,2446.3872828663257,3017.3979743056893,2714.5449033802233,3297.2223394947027,3098.309861143479,2594.073155003255,2622.759733268663,2664.831394291141,3682.117124316207,2729.8367617358804,2929.9763032974693,2821.987729880077,3511.762066085157,2039.2651256176282,3715.805163446099,3513.6374766105077,3262.430425892796,0.0,2821.297283966855,3678.6066178476144,2788.491549065637,2581.465287360979,3249.3331785476794,3449.561125502779,2524.0484603208724,3043.4224055819004,2972.1849194437577,3139.2589457900453,2622.341047445255,3127.866629651461,2626.7554660854003,2667.336890048054,2473.3287061537008,2829.0687641139525,2409.9804767630594,2599.3534987980565,3337.5378694067326,3617.3765691962617,2800.2101599230673,3598.1921058382086,3385.5149333826776,2958.507786657658,3191.027361294042,3702.787083146816,3091.244771864068,2586.3285394457243,2657.446388682352,3206.2547159177407,2586.316136089929,3016.8830045072928,3323.13254777459,3604.1006265645283,2343.4442049535814,3137.294929148714,3140.7174158867438,2370.982817348364,2618.5395941306474,3537.9014070949897,3779.955413568651,3948.840928830941,2378.5589003010537,3989.8818800235813,2420.527079399312,4041.564024922062,2934.653799990832,3699.720468199333
1610555988.71dMoYT8250UHHJGxgmITTmbHe7V6gH1yU,3513.5151382793792,3914.7542480679303,3635.9149838757016,3473.0130759033786,3628.117285488104,3385.8463896629,4105.887271260063,3618.74256039506,3310.0679560221556,3784.092161204945,3308.022497292289,1827.198381050362,3953.5216128061406,3694.9055572020234,3500.9961744384377,3052.3627907209943,3162.4856612581707,3441.1002594539436,3466.2459580678574,2821.297283966855,0.0,2696.5278399390163,3586.5904927254433,3632.61703219391,3449.840554843206,3384.273034175925,3526.0612662045323,2805.7734295756472,3540.6099810266664,4100.3923464442705,3680.0977534284793,3654.7141151068886,3726.5618420182686,3576.842424462978,2677.406371112148,2626.465389315294,3380.989623064785,3496.979678898255,3536.1412067744473,3756.6798753416174,3514.1849161882374,2636.524604082415,3426.344431483686,3049.9811066724005,3478.948380117664,3560.8619395141227,3376.3186154929444,3254.710725460214,3666.1747304330715,3202.1101928333146,2708.161877506749,3434.042467098874,3868.6380253382836,3509.297927536118,3570.322185664594,3475.1848810355095,3271.9181280955067,2845.681407692925,3159.8902130257784,3732.692721203694,3174.7403557644157,3513.0487897208277,3244.435404449883,3303.3577059147656,3354.0296046291537,3278.2044158058666,3126.375355323536,3233.5632664241325
1610556042.81mlUZsSp7gbGjrp8jQSnybT1gPy6e62o1,3922.7743333562353,3505.081270616459,4037.581240869946,3461.9651670704984,3697.008836868618,3433.802222133234,3922.3202062181476,4026.7387235422957,3759.4054993711707,4225.546617344543,2723.0082906843636,2726.45923811082,4094.5032078507857,3913.1758655575345,3465.1389309832657,3857.6243254676483,2509.3435734709387,2957.332979962012,3332.451801069641,3678.6066178476144,2696.5278399390163,0.0,3580.5333181630654,4049.6464106863177,3523.15081798954,3377.0736036759963,3895.138663297084,3114.9908940276882,3636.2893507427043,3628.570985903601,4261.596581919816,3024.5575209924505,4174.937303734704,3971.7887008543294,3602.0799142258593,3295.9044048959336,4013.6373552870173,3818.7604909227857,3486.8851258305062,3966.647932597908,4001.5459899783305,2553.6581413671793,3896.770977673356,3289.6360145482367,3035.1527854474607,3099.964119092559,3935.572426830985,3646.948281295459,3949.33894283446,3284.8275146583806,3435.011126205781,3829.8334338088525,4179.224629175091,3157.764600161085,4273.460850236194,3471.0183218319394,3154.3512959729846,3699.7563851688437,3642.2503234597457,2984.896493367876,2688.157041639214,3013.5914377574804,3655.919572077918,2622.3502565087256,3718.373178774621,2523.497465044229,3370.21843547328,2933.041722887505
1610555637.02UBW5nKvDyUrKnaWcYRGajZPxTRDS0q3N,2605.955323463288,3244.1021665073813,2642.4137026217577,3386.1721490115833,2192.212429297933,2930.872121227757,2763.6927872453157,2817.9554331440404,2698.224823658539,2723.6540019863355,3540.144452989816,3615.709864554374,3189.6031279522454,3010.050445285741,3655.781864108728,3047.442587035013,3605.0955545897814,3552.346310364136,3032.6432891918266,2788.491549065637,3586.5904927254433,3580.5333181630654,0.0,2756.324901334468,2619.9925796250823,3070.067439900322,2073.3254278555264,3699.0877031605205,3299.751649247844,2150.2663715782764,2664.973742704592,2155.5971151781646,3048.9576948562635,3268.5891751900103,3339.535567065699,3299.3234386894546,3189.96938696821,2862.241718446125,3175.150855991374,3623.1280468185555,3296.2249488898083,3884.8604494072497,3378.8596494185886,3500.6808199756583,3426.256000723819,3404.2876550455812,2866.803222792542,2845.102252142385,2506.8208036082747,2769.0960319547908,3265.7463472167356,2764.767018649402,3367.0956811053657,3568.7532817861643,2741.590967569944,1900.8054503604715,3289.5691806265218,3242.5083837894863,3183.7043051290084,2655.0578539871685,3701.0843996757953,3908.289959495338,2741.6253877350046,3711.763503117393,2586.1293945946754,3922.1089701796814,2988.7588888945143,3780.408178447594
1610555619.13oUYNikU4facCTpUSiSLr0vPI0tJLnXiT,761.9493656604494,3490.8800825035814,991.4900965583914,3209.299507260198,2372.6573165688073,2935.9289746940153,2202.6362935479333,739.4183655073749,1668.280057992243,2624.518909286902,3975.021346773928,3459.880465210904,3124.577102188349,1491.698254101182,3512.549569437057,2958.1325382716745,4030.4902989201464,3700.1970516199417,2458.2803138443023,2581.465287360979,3632.61703219391,4049.6464106863177,2756.324901334468,0.0,3238.044797242834,2913.26885828741,2449.68267993376,3467.785043427359,3354.012138783301,2678.6561910271093,2747.8610764544724,2933.1344261768877,2976.5081202912847,3179.3847756119217,3299.617724791938,3339.6617313151623,3233.0583118148,3041.6189708696843,3469.3375839242676,3214.4430330048895,3323.1682703962356,3943.7666903608015,3206.181457975625,2974.1469135204234,3727.94698635292,3873.798258082151,3181.36458746407,2784.2785936328937,2732.871610600921,3363.2543601788357,2783.2770139041827,2770.9725600576508,3314.076787448737,3920.218771162662,2764.9411930886836,3059.338569295346,3272.3388577827886,3291.2981911083307,2692.1050313617784,3231.1963748340054,3927.662120731234,4299.12713963686,3031.961793131313,3925.9331747186966,2831.7846071875465,4177.440715659267,3095.3125347191763,3829.29407753455
1610555721.03nzkucfjAUh31zTbmCVvTVYqtjoxZFnBh,3096.62698701384,3461.862830433332,3107.3385198915857,3854.177120490453,3139.1315635537094,2986.5434779916764,3473.813987726375,3228.9205361792815,3195.3988506144065,3183.5691804759813,3442.8618854678925,3626.3857492200673,3583.1830004103535,3283.4806514160027,3695.399266197698,3395.303379277413,3288.7863847744325,3706.047541781712,3302.379675676161,3249.3331785476794,3449.840554843206,3523.15081798954,2619.9925796250823,3238.044797242834,0.0,3133.4283070821075,3188.955240643877,3559.1832110060323,3701.861598703164,3275.04317938532,3307.523834723016,2981.345519563833,3447.182385567373,3455.4461296451054,3405.2774440774037,3576.161027364401,3495.2210330833595,3191.8558587403613,3149.1506218201694,3423.8201596249314,3820.198477299244,3529.090842199517,3433.684619271558,3731.772304869975,3569.6532785584845,3068.9621728775,3259.534266926724,2803.5096900239155,2915.9326003682495,3155.968481295277,3332.752345195722,3152.0292241011875,3395.748730785374,3678.3667595931365,3278.6775929196033,2293.16676220365,2733.7752704476043,3226.5414758877155,3299.6609520982383,2691.313785879007,3389.8791610469734,3522.2613960808403,3119.7274752459552,3193.8052537686517,3037.5925892696705,3531.91210268992,3081.596817670373,3569.8808071842523
1610555722.67fhKURdXVzRbLIjXmjRwdJHTnE7PWb1AE,2812.437040365214,3694.7214989730605,2947.16171894325,3591.7931205616296,3218.479406923886,1388.9873461332336,3078.460781471966,2945.0275628766176,2778.949535555734,3495.419714894093,3553.0259536976455,3516.7496913630457,3661.9966973611204,3070.950509754624,3567.779568937779,3722.7122549689775,3491.1960670717804,3627.44892792238,2085.110195491551,3449.561125502779,3384.273034175925,3377.0736036759963,3070.067439900322,2913.26885828741,3133.4283070821075,0.0,3073.316229421778,3519.6531882370296,3716.6307396228062,2914.0963250706736,3563.7590616037673,2601.9028704533116,3749.2228133357294,3910.078576277554,3728.285300316791,3381.678677020272,3920.749612690925,3822.514398539649,3444.1208747122027,3391.766315110407,3895.5708495498216,3454.0637358088516,3592.6095708023713,3147.5942238322855,3558.270429902449,3383.6040788414743,3025.0176168918683,3035.0789162568226,3599.330500193296,3253.026107058624,3237.747407460709,2889.2954659652414,3546.820511788433,3590.2999386294705,3525.6498310714373,2845.096071924696,3368.409018870374,3611.996043979045,3160.0390108785446,2486.6857798525916,3526.3402110565908,3693.1248782087114,3746.4455462050582,3243.2963085071824,3697.0394335737983,3623.824093710482,3069.4545365572835,3578.979667464447
1610555638.39J2ZWBLuLTHP0jOlzB4tNHmYeijH5g5YJ,2281.850770410871,3499.443348181627,2315.4464914248,2996.3414305755905,1876.5776023199555,2966.6196830090757,2620.6050865070993,2496.5247599226423,2428.108177268561,2698.000344586971,3656.655392365014,3565.8931283745633,3181.826343083212,2735.8065447035847,3574.7353284531437,2802.6468429979586,3734.521961692473,3735.008390511056,2810.555387770299,2524.0484603208724,3526.0612662045323,3895.138663297084,2073.3254278555264,2449.68267993376,3188.955240643877,3073.316229421778,0.0,3587.6340390213336,3447.6126884653067,2691.474169922205,2370.5382959360563,2572.3199743461146,3035.365994815281,3259.7696173381055,3237.519916612522,3189.864440351364,3043.769117985496,3115.48006018428,3526.191911691642,3296.206922525917,2854.565919418513,3897.385055347453,3073.3418601652534,3372.7116172883343,3574.563228985574,3799.8796138876487,2853.328460602242,2762.9485308167846,2737.835647075413,2495.972181131945,3076.2194682245713,2464.9609417194765,3395.9949473452252,3898.417441577986,2664.9288991675376,2761.350764096603,3354.3824127751955,3095.755755639856,3005.6758522756777,3270.1325809444143,3820.464119455259,4030.3916365604896,3039.8122259065744,3861.626365066647,2900.3125546902324,4128.46019063422,2445.496641283949,3773.264107034453
1610556032.17Q6yCDx9g7alRnL9jBFXD2JhhUyB2hKfJ,3357.202753496144,3622.346323085,3426.8795379350427,3312.495782972461,3507.046298795445,3626.520613333497,3647.8404746381116,3479.8625988310673,3338.1678700595603,3633.5975769502697,3426.7215888466194,2826.515917150688,3779.872208865717,3637.369110244029,3986.1070581489194,3090.907775595931,3291.104804665031,3564.7427864127094,3604.7157654335238,3043.4224055819004,2805.7734295756472,3114.9908940276882,3699.0877031605205,3467.785043427359,3559.1832110060323,3519.6531882370296,3587.6340390213336,0.0,3374.170400198876,3898.8233837051407,3789.6836425333677,3640.3819416467527,3573.7978158810997,2824.2224501370856,3380.0331126567826,3133.6929066391326,3652.9758839107776,3086.3727455228873,3343.310447811935,3570.5224611165563,4003.03219519176,2871.714579504098,3588.1525868501512,2754.8422045781285,3697.5336245372387,3529.1546933695736,3589.8399628585603,3454.733701799417,3610.9666388204782,3317.299144165824,3096.594192094707,3704.378593857189,3436.527090875705,3530.324831396219,3743.587857821206,3673.09736744079,3399.897178429645,3006.3475590526164,2965.223308638518,3784.3858564751276,3361.375558271315,3697.6403557985595,3122.8695231397624,3318.1540383071438,3240.035935760207,3443.8074921937573,3275.9480168352275,3304.2435933688894
