,1610555604.25mOvVXuL01OCiReyVWBfesjuvXmB3MoPy,1610555605.43B6oDsBtWRQ29Q9UMQuTUEPZy3FSSWXzc,1610555610.92HPGJJSmyPM40z7otPBgHalNrHFA7zk5d,1610555606.68LaSQbm9EHAFycEfFtEqAwYqlBsQPjIRW,1610555617.19EKxMEwDHfXiEJZc27TsGoERaD6Da4BZU,1610555722.52PJ3FD50MGhRXyUD28vluU8Z9UjLJLZn4,1610555617.52Ijr5puT55g9apK8auM7zaxa3NANg502t,1610555638.77ZLjTLkz4jYJdFMI2wWBztzsDILkoOtAk,1610556912.46C7tJPLF0XfNnm8f1820X9aLmXMHoc0Dw,1610555617.51LjzIROg0aeCP2GhDcAVQ0LipKJB9jmKc,1610555608.17OpjjHobqRkX0UPcaXrbu7K6L3805SZri,1610555721.82zWeNZfGUUfRJkgnAwlP8VMhPzXctnSd4,1610555735.75bom85BDF0C7W2eIseHeMxi24qR68nzMi,1610555735.77NnT5xqKnwcf2BbjIekeb2arTQj6QMNwk,1610555638.33wjf1PhdNaoWfbRzXVn50hmFyB5bYAiLV,1610555606.65jCE4ig8Pu8kvAzkxnSGfWsV0nQBjCf8H,1610555608.18ONsBCVo1i7BrX0XG9stct4oiA6ejX9Oz,1610555721.51RNoQUMP19FTMS79BmA3JkgSm2IC2AQuQ,1610555971.86O0cHB2ibBJ8jxoObg01EpGe8VVV5mpwn,1610556911.51zU3duZSGpcw1BDNsBLxdOCITAXwl6z3i,1610555988.71dMoYT8250UHHJGxgmITTmbHe7V6gH1yU,1610556042.81mlUZsSp7gbGjrp8jQSnybT1gPy6e62o1,1610555637.02UBW5nKvDyUrKnaWcYRGajZPxTRDS0q3N,1610555619.13oUYNikU4facCTpUSiSLr0vPI0tJLnXiT,1610555721.03nzkucfjAUh31zTbmCVvTVYqtjoxZFnBh,1610555722.67fhKURdXVzRbLIjXmjRwdJHTnE7PWb1AE,1610555638.39J2ZWBLuLTHP0jOlzB4tNHmYeijH5g5YJ,1610556032.17Q6yCDx9g7alRnL9jBFXD2JhhUyB2hKfJ,1610557007.49MyVgDnuUuBxrvL6SGOdhKf69VYlW1MSm,1610555638.44hjT5hbYdKoE3MB6hijrjqbjmLgvCUYKD,1610555608.13zUvmFSCRt6SsLbhqFznMEvGx54GPGQzM,1610556038.62a5C4ynd1AARyAhTv8a58NCqHvXRjscqH,1610555644.45Xse8u7pusHNsd7F3d0A32HXvXr6weOJE,1610556038.62gKXOCG7XCn55eJvyl5voNjbwOW0znQDq,1610555987.13v0oleKK97pkesp6oMgprH8SoSdoDVdIO,1610556964.96ZLLeiQW0qpmxhPGTg7K03fmzkqsC2bjC,1610555987.13VQlEedQ50VvkPMEMzZDv3KNnQCewykN9,1610555982.186TY6MMGkDecIN1woW6vsfAMXVV7jnyjO,1610555982.673LuMndkwkvdmZOn0MmE2Pkidx0FtNalb,1610555733.38zItcuH7gHNfKdALR2d9Nek6bxCyw36Vm,1610556034.15BQxSbZINGCay0yp6RBVlgcPrw76Yn9ON,1610555639.37BPZpgtGml8qUsh9AdV4m32jPLfI2aNFq,1610556965.57S0adAalhWYe6K3bkZU0bRHbqnDK8gGkR,1610555983.54zteLPCMjyrjzPdhHhlZr3faCgD0TfYr3,1610555987.79rHnNRmt9a0ufmnwCvZqBouyUoZDNpylW,1610556960.041xWER61rmArlsKfiMl4frikWmUCnQ7op,1610556035.13a7NHZDutfTMJ88qle1gTYY59Dr4WmMsj,1610556890.456ZBDaY16bMtrTZTqAgHl3wq1tRxzqDow,1610555760.24e6890pkbyZ97Or6croI1rQgjkSsR0yVt,1610556043.02YpWMIJg3W004iqlPyv8OcVAZdSC5rNYw,1610555987.03z05P26TLtONYM1HSzupoc2CeNMa6HTqr,1610556032.15OYCzUxpsz7b10AXBAuDXrvEcvxFhf0M7,1610556032.63Z80yI9pNwS3jSmsDABbuhf8wkNa2Ze9y,1610555736.28eGuESasTXdR3SqY6pHhEXWZtcdciYLCO,1610556034.61bebeZA0MkaFG2sm3VKiqrxeqQginTTW0,1610556944.5XwXOphKYT3ZkWA8gViqOS97VHVuMVUqb,1610556944.745UVLFBzf7fPh4UH37I6tYQOFPqRDytEh,1610556034.63XsUwaFaPZevO1JNFjfhvY4aKNFnV4noV,1610556964.89xwBHw9faT1HjQRMNQEyA4qJ3hWkwgj3k,1610556966.74DydzH91jtyvRyYau47JpVkZoMRSNTt01,1610555740.77UueVziDbaXyRR4OcVJIIZyzOfAzN51bj,1610556046.84e3vwjyRCzqz0wJQhrk8zsxlFfFSv98Df,1610556137.99eoPuVrDThKAOvmeprLPb2FWRqIhzUodc,1610555740.73XFwSrmTXJPlaxGZSefh0jOVA8PI3III1,1610556123.88AOfNaz9jSnqU5Czc7okOv1RCrYfKFBTo,1610556046.85nB7NvyoYQeLcOV391Lmmut1wAM8CFGLw,1610556123.89H4pdIAzDthI7bMXMhlIhKUYIQIvtmPPQ,1610555740.87GOYQUJKpkynIS2lFqppYK4b32ol7NeGh
1610555604.25mOvVXuL01OCiReyVWBfesjuvXmB3MoPy,0.0,886.1032615257992,224.49337267470085,826.3160670398375,655.9197853108432,733.028345874797,659.3052686334547,272.5399607946297,600.7501259689899,665.8136270475849,1041.0102793996052,827.4015443061267,841.3723503127774,552.1776345578054,952.3756640341614,706.8234743518777,1120.6783316525366,961.0338982863414,690.7725143064924,592.1900642542935,926.4321496742474,1051.4474634476348,652.881652781208,254.00798201670335,795.2091133532313,808.8173983717619,610.8063816202831,864.2932342791826,853.7999346811097,648.2360643071014,695.464423979666,724.4467593707626,761.6676374092831,770.961147785639,798.7325274140383,856.3449551758928,744.7486557186218,751.3783932323422,872.7828369076935,837.6034355534255,784.7784029398955,1047.5077599425492,841.8703113028618,756.043615391291,954.5290354614351,994.1287628984575,761.6261986792732,670.6810905446849,683.626697936855,866.273450143639,667.4650456313457,699.2037880850015,876.4837063848881,1019.533296280728,620.6864566868113,759.0620024906158,861.1628475503519,704.2669530441669,665.6979521221309,807.6704996669615,1042.6271903479344,1101.671899831241,735.7902579363183,1076.7433028662783,710.1152584028803,1125.205692309437,769.7347966975353,1001.0449938412613
1610555605.43B6oDsBtWRQ29Q9UMQuTUEPZy3FSSWXzc,886.1032615257992,0.0,873.6792986653043,977.7024495174303,921.9580734514797,956.9846903398407,912.7661032262886,896.8798354784806,914.7910799102414,879.3965308798298,1054.5224857364194,1006.8895529532435,939.7586462234665,927.1149251432666,1115.5905515589152,960.2834662169731,1155.4484358565185,537.1490243776233,946.5292417427206,856.639601388423,1093.4126129781007,1116.805856542319,904.2546414604222,883.1716085438366,980.6075516972006,1028.9041208279953,920.6412794871599,994.0836118451887,995.6077964645185,887.0101350636864,957.4894844471129,958.5045565206792,910.0065968209332,932.3108030545789,994.7023797249179,1058.2925818120207,981.6117716416803,939.2597432040081,975.3130848257872,1091.0976143852993,963.9247811047892,1131.5987868367047,1062.273777352319,1008.7664009429096,779.8767515424711,571.8139724849555,1009.4946571832908,954.9783138860666,894.2752002362452,1083.5929867192979,929.3146183632687,965.0893446029042,1074.2053279258644,1153.6472763179818,899.0332772308158,970.7620203376032,996.4386043053902,922.375376862328,927.1355195611637,982.4659016010353,1140.9568764824198,1136.4574514510882,975.6510481325851,1143.388976251476,963.8768506147946,1171.1551331364496,1027.713404347339,1124.112105983104
1610555610.92HPGJJSmyPM40z7otPBgHalNrHFA7zk5d,224.49337267470085,873.6792986653043,0.0,813.5930979729326,635.265503931926,728.4109809659556,643.1220233562996,325.1494667238243,611.0478260420417,649.1873853497901,1031.5163484003435,847.3078806183399,828.2776728707788,552.6924355399801,945.9470024758288,691.938002451069,1114.5341508554745,976.2149369381273,689.5920452420547,572.4693655295307,923.116832933379,1054.100580782441,637.1346801087595,324.00351926529646,782.6488397129202,799.6811168463004,596.5412773127639,849.3306551963562,841.148461940109,631.175139106575,679.5534510956894,717.6786166815773,747.1773987559468,756.8826745175016,777.3979721254461,844.1899177148234,735.0119178865485,736.711428539389,860.1869309883879,851.4784465744654,768.3963945811312,1036.7826120621576,829.4847939004593,787.8990620238242,942.490908851145,982.5082348978938,751.4003339170071,661.2529338529567,667.4460526599829,856.9965258580911,690.7672003348317,684.1495212777854,864.2852221324711,1009.3093498715697,602.8582121615719,746.9785058148245,845.7879301656005,693.1049247798055,676.5204689110474,804.2585866156942,1035.8613167510125,1096.1621005936208,720.7705061275561,1070.8580872454136,694.5577339240741,1123.5328459862747,759.2993665838677,997.8507523273339
1610555606.68LaSQbm9EHAFycEfFtEqAwYqlBsQPjIRW,826.3160670398375,977.7024495174303,813.5930979729326,0.0,887.8736424343444,947.3845578522531,904.4891150548142,838.7421391139176,842.2897317683376,878.5620732161832,1031.490515007126,924.7420853588824,1007.5491186073508,876.3387352164485,1134.7442164080678,900.286321038468,1156.965945922864,1045.9449926011837,923.104590153341,815.6491126761642,1021.3120783588433,1113.7505573155565,880.6957588919308,819.3255930892391,977.8055412560997,986.6241387508471,823.3352876304762,945.0116904455593,1024.204875790861,890.7491658169607,889.383556207248,966.9358231058378,927.8612245679811,940.0349726881075,941.2732240802211,1033.6411112076444,928.8017073996714,941.0242025589347,978.3571536719886,1045.6313849328567,932.3728386813716,1060.9360278372749,1019.7935462233088,901.6504484576914,1026.6257018053302,1065.0664743198524,976.5043180406122,890.1232481075169,876.4161523891446,998.8683212234414,845.4359230243418,906.5604172721859,1065.0779079944411,1129.3521217176492,845.7275742104846,964.0901915004723,1030.190016344331,845.6124046470762,884.0745128208152,1006.6264673802054,1121.7930164723455,1216.5798830165504,907.2477138732376,1250.922832230822,889.2444515039965,1280.1340651945256,926.4083194373528,1099.5772322721218
1610555617.19EKxMEwDHfXiEJZc27TsGoERaD6Da4BZU,655.9197853108432,921.9580734514797,635.265503931926,887.8736424343444,0.0,818.1751935346684,616.0416737206566,662.9538361159656,661.5950953805684,728.1925906538512,1037.5956208631992,925.3956942067872,892.2568300019065,724.0087517955096,987.7549727634387,759.9217657559819,1122.1474751149908,1020.7988984249812,800.3024802827418,685.5910388483496,971.192083910725,1084.4841794468239,722.2069770510697,656.5340468959764,827.0153956303691,866.1615396525376,685.2169268805803,909.4477863002293,919.4613428641733,667.6644114230471,774.520376917072,766.2218206373124,816.7449920819978,837.0420423848626,858.3897139236383,911.7864904511416,832.4033701839223,825.7388943218785,909.1390696877638,919.5247803584629,841.8493871318857,1111.6820524768505,889.6496097748403,894.460352063,981.5307979273472,1029.111063512884,837.7983599898787,757.015713084128,733.7485755664961,894.6993012378518,784.2733850022662,732.4457811787325,939.1177107873082,1075.246601423919,679.6650372114619,781.5883830060935,847.6158743449264,788.603501605005,777.8074053329267,840.3737600048019,1051.0882805172248,1148.7094385689823,816.1606519696442,1093.2813965091088,777.9220604475128,1153.6251448261896,832.3800453527894,978.1360792502113
1610555722.52PJ3FD50MGhRXyUD28vluU8Z9UjLJLZn4,733.028345874797,956.9846903398407,728.4109809659556,947.3845578522531,818.1751935346684,0.0,788.681519345959,739.9402534120997,738.1756773907612,833.843023971221,1077.334290616113,953.0866820895474,943.863366244892,764.9756683418158,1062.6651585300312,860.8644518590168,1168.9672316076058,1019.2537307564905,481.4241866756647,774.3166692621116,1024.1639313717271,1064.9497249864544,791.9044085943905,729.7738207268543,900.1255186416241,648.0056926684553,788.1137732961193,972.129370480182,968.3641046875593,757.888064204845,852.8259451835441,840.3969488996692,906.2167680083419,916.093041868039,907.9844082917144,960.3603888793843,889.0160856177124,898.8179822091115,990.5118041940452,984.0463281502286,927.0551008138606,1115.0320194644844,989.822162196369,948.7959805821242,1053.1309085778428,1031.7921304800334,866.7356741428791,795.0589721533953,849.9471663559839,981.7811430196336,844.9367251672611,788.179102248102,986.4323009177963,1116.69426876239,789.7307259568239,814.999692459923,966.0468731165237,862.9984989528489,834.1404622360459,821.3491728588796,1131.4995526685116,1189.3761750016101,883.9288555915955,1093.541045451706,869.8910965352151,1181.3890487843234,893.5391430325093,1094.8109096640203
1610555617.52Ijr5puT55g9apK8auM7zaxa3NANg502t,659.3052686334547,912.7661032262886,643.1220233562996,904.4891150548142,616.0416737206566,788.681519345959,0.0,691.7751727076385,654.6078662807603,744.4577772743183,1040.939428421802,971.0370500500834,885.9798824382882,689.8278212740688,996.1716140269253,785.1268373837803,1143.78774427664,1027.5717684103524,756.7693186284255,714.0133161741364,1008.3293667297763,1107.8112696692895,712.1073759668274,662.7763858935248,855.7372826973545,854.3646181486753,702.4433765277695,898.8436034512571,922.4359569482385,657.0619250472862,789.0322549427107,747.105242805149,831.2917012661895,841.2308025633652,862.6991457544194,922.2733007300656,846.4406954460832,843.8849783282618,922.7701375898472,911.7450458492993,852.9381860872282,1112.9770798296458,922.2835366229351,900.9117512917828,984.5670200180161,1032.0831865922569,840.2207422797595,770.4215586301183,754.8333932154953,925.2528108940963,817.4913824575283,771.9380141099116,952.290694966098,1062.9154431797906,715.0696382358914,791.9626199046155,908.0495228402362,802.1378487644554,798.1955566145872,824.703540350273,1050.4474717295755,1133.1742809650505,826.1151479002464,1077.640829206054,792.4916273064279,1150.8826980632641,858.8148178203521,1022.8589614848988
1610555638.77ZLjTLkz4jYJdFMI2wWBztzsDILkoOtAk,272.5399607946297,896.8798354784806,325.1494667238243,838.7421391139176,662.9538361159656,739.9402534120997,691.7751727076385,0.0,626.3856921446395,680.1341227525993,1055.8784486157754,848.2486737229679,852.7170104017591,536.3424642763066,955.2627443479696,727.2599850642393,1132.727518168207,975.664783950008,708.7865348183016,606.4617702442922,936.5591626565274,1064.4274652307438,668.1420650751012,352.5130080625822,806.7544664775945,816.6305967433469,631.6315222634772,880.8219871982662,862.4465726353145,663.897795096377,703.980040246318,739.3300449091606,774.2171716300578,789.1389366851081,812.8193459779438,869.4521308859861,758.4343086139947,760.9265184044814,879.4093940502976,850.8766514518453,799.261688949051,1062.0054725580992,859.3922427649761,773.9085963940846,963.7403889654504,999.8587083179843,779.9547249526123,680.4875546458862,697.7241286269574,876.300962329154,689.6637947489234,707.8453958654361,876.1736481520371,1029.304984871309,633.7522175166451,775.3966476018032,865.7354063201595,718.6001604506795,676.7746390332502,814.4109453889397,1057.6702377607742,1119.1838922050529,745.3089760473679,1086.7956090746563,722.9195375024826,1139.0349089305964,783.1159062128621,1013.8827876311675
1610556912.46C7tJPLF0XfNnm8f1820X9aLmXMHoc0Dw,600.7501259689899,914.7910799102414,611.0478260420417,842.2897317683376,661.5950953805684,738.1756773907612,654.6078662807603,626.3856921446395,0.0,708.6742883674744,1054.9769268640578,856.4578819316532,875.7230118502671,649.9728149976404,958.6529615799567,742.0038038933469,1141.704923554091,979.2729189183739,679.7453601361268,641.4490850928664,913.5665630814293,1064.6889633432593,668.2934492574157,592.0471000552665,829.6267535310544,815.8618529575125,647.2096518053581,894.0324196638215,880.1481381769717,696.6559143376605,734.2722793596998,788.5821049736952,799.4053948858806,803.1665312624677,830.6071857447592,884.5302841290747,781.8519295063035,789.7579922765293,902.7954357844949,888.9511337266295,826.0983491415545,1063.1965412659376,871.2319732765051,854.8419605208917,986.9085960053364,1028.1821859696704,789.5120093346015,681.3140238570485,726.8134803179663,884.5974794512468,709.8033074080871,716.465014755535,905.5328700560482,1044.5975783160454,658.283282544672,781.9192201177332,879.8660661697202,739.086338098036,699.2918234767075,833.2298128217664,1067.7162789615597,1134.5571097602933,773.5506561710462,1089.7236049859337,749.5988864268672,1152.10779376763,803.8456783871588,1007.7599487017505
1610555617.51LjzIROg0aeCP2GhDcAVQ0LipKJB9jmKc,665.8136270475849,879.3965308798298,649.1873853497901,878.5620732161832,728.1925906538512,833.843023971221,744.4577772743183,680.1341227525993,708.6742883674744,0.0,1086.8047570758622,904.7037799316738,551.3988911933601,728.3470704191706,1002.8106350364665,766.5010582058733,1173.0992733797511,988.7657661425116,817.7283733136959,688.6759144841166,975.1317486583379,1088.129133597734,720.1209307936034,661.8766911885353,820.9189685466763,894.6639781467147,717.8717461271809,912.9760674748226,832.7478782858817,734.9849780138001,752.243511107938,821.1905941226323,386.7389122138256,827.2516837760131,843.0672927022792,918.4743979030727,809.3118771409315,815.1103505691991,911.7140371860776,926.8089552926492,856.2921339856914,1105.1646631126666,909.0772148886158,896.36045524751,984.213924282577,1019.434316945985,846.9854786199804,762.9841409387844,478.32645615982386,936.9994253663514,773.68547328477,775.9372912961813,909.6508172743212,1062.980673077567,697.2522386330394,818.509689485052,910.64347869846,763.2405805230927,776.7047235633205,875.0824193525543,1084.079607931518,1145.2901511134194,728.841585759001,1130.50060231616,685.2963028700465,1164.2615733153168,860.0451277133907,1046.2956976539979
1610555608.17OpjjHobqRkX0UPcaXrbu7K6L3805SZri,1041.0102793996052,1054.5224857364194,1031.5163484003435,1031.490515007126,1037.5956208631992,1077.334290616113,1040.939428421802,1055.8784486157754,1054.9769268640578,1086.8047570758622,0.0,1116.473211923033,1189.9020186823009,1079.7344690066495,1232.5925316794478,1056.1608477806053,1117.4701889709384,1121.8099097830607,1091.2526181137937,1038.5342259552212,1161.0366738187888,1206.844958465079,1053.646426327998,1039.2529338177167,1139.9929551962753,1136.3263588638108,1035.5515096649603,1134.5543227437781,1164.898495494052,1057.361200921986,1121.889765051837,1107.41102753518,1127.2430081728119,1099.0976985934115,1114.4889756861041,1203.7174245817373,1115.5499869044584,1141.2973449918582,1262.5991377095365,1203.6775111557056,1108.2220296529338,1130.856845263461,1169.9621718523676,1163.1834161046013,1136.0881568433401,1077.4576368891123,1149.2359706871227,1070.0036352970878,1089.594812746085,1162.7745424786472,1072.1795118712807,1088.519968726674,1145.1828220494997,1284.4197876756655,1041.296062081971,1107.4004339609435,1143.437341723878,1076.7264784775439,1098.3969903999882,1118.5060903913559,1319.4959033993896,1266.6274510558374,1120.3648592453494,1312.1930491145386,1088.6194252699315,1297.0995901389067,1109.4959879164644,1268.4824763042
1610555721.82zWeNZfGUUfRJkgnAwlP8VMhPzXctnSd4,827.4015443061267,1006.8895529532435,847.3078806183399,924.7420853588824,925.3956942067872,953.0866820895474,971.0370500500834,848.2486737229679,856.4578819316532,904.7037799316738,1116.473211923033,0.0,1016.8108492416648,850.7852692163355,1133.3930808377434,935.5230086022895,1204.524798616726,905.2890654317339,943.7747230904425,811.7457959383021,845.0041694516522,913.558567872109,914.4156176897421,820.2159521880549,989.256187689999,1006.6470767802633,887.2152386834618,1055.1040527616055,964.1783647123059,936.8318101190719,935.3331116649433,976.8817124057733,944.4300940856743,967.4101883394,965.7466197492038,978.8925539686729,949.4300723721346,946.117822221558,1021.1460752249795,1052.5021781567086,1022.2174721427615,1075.3415595023735,1043.2194400200685,940.0097882910952,1065.795930889485,1080.394004143377,985.4187376532897,875.2133107593708,868.0465621248463,1014.2914767171459,558.9468328929175,918.2625785547966,1059.5161970025176,1109.5425539105902,885.2929187770384,980.2006139622061,1041.174503293156,836.8343221701191,834.1175791088776,1030.2430767715696,1162.9576274543183,1222.1263727046698,852.5986965531943,1225.1809213912961,843.4035670466591,1235.4034563784658,954.516777387091,1139.8316622815898
1610555735.75bom85BDF0C7W2eIseHeMxi24qR68nzMi,841.3723503127774,939.7586462234665,828.2776728707788,1007.5491186073508,892.2568300019065,943.863366244892,885.9798824382882,852.7170104017591,875.7230118502671,551.3988911933601,1189.9020186823009,1016.8108492416648,0.0,886.2612253224671,1088.7734283065374,899.5927239857784,1275.590933491421,1051.4210897991418,934.7476766943032,807.3232557146619,1093.4495119421563,1152.9194355767509,883.6529338443587,838.2633160662946,963.2228486756194,1010.0987021043572,882.325700146202,1016.9349990628862,950.5976694516578,871.1454524264203,892.2902675526849,944.9092190256129,410.70047027646575,880.2920805346755,964.2402879200486,1028.5500744093526,937.319842559923,876.385482270865,1039.390285173417,1046.2030646908036,981.9191476500482,1192.0759375256596,1026.5897134305214,999.3791485364022,1065.4158685749135,1071.9939818131986,984.6991675936841,920.0054666777164,729.9568041135748,1062.6116284470847,913.7317290587712,930.0881940510144,1012.9259886342392,1147.0729516492042,846.6358433967538,961.1235474893986,1046.6616630143244,903.2637943590653,915.106305995782,988.3637703197792,1160.785090929504,1217.1744100734306,824.4040313172688,1219.8028339909229,858.8721266535362,1231.559536560045,996.3319392575141,1131.049445677126
1610555735.77NnT5xqKnwcf2BbjIekeb2arTQj6QMNwk,552.1776345578054,927.1149251432666,552.6924355399801,876.3387352164485,724.0087517955096,764.9756683418158,689.8278212740688,536.3424642763066,649.9728149976404,728.3470704191706,1079.7344690066495,850.7852692163355,886.2612253224671,0.0,964.334604464425,773.6149653735765,1165.7724180717144,994.7728784788426,731.2828569982552,658.8665550276536,966.1635198197515,1062.7781590822367,705.3844940600942,572.0423839165704,833.691329157551,844.9213364435218,692.2719420949287,914.3842201453803,897.0211891658219,698.7143096895749,764.378570391629,762.184664151805,816.8961105402561,845.674490549763,868.1506543743161,919.8020482102104,801.6016367566752,804.4289569513721,917.2085689130031,897.698853410432,848.3586013385267,1090.7482747506133,909.64470364379,869.3781489599003,978.384533306353,1016.996390235652,827.0544421503636,716.8943852620919,747.7221784173768,924.3649719107967,730.5700980347157,737.0755374328768,933.8472407426052,1050.5516854853502,690.3320469705782,810.2956799687558,897.2128744646685,765.0365220536596,716.1035324286022,850.0593103649977,1074.840027840324,1151.473629500015,798.9588967173523,1114.8215424479674,763.2842686918246,1149.7292860877492,831.0246663810709,1026.0194208019668
1610555638.33wjf1PhdNaoWfbRzXVn50hmFyB5bYAiLV,952.3756640341614,1115.5905515589152,945.9470024758288,1134.7442164080678,987.7549727634387,1062.6651585300312,996.1716140269253,955.2627443479696,958.6529615799567,1002.8106350364665,1232.5925316794478,1133.3930808377434,1088.7734283065374,964.334604464425,0.0,978.1481333285249,1291.9434621431644,1193.3577602504597,1053.6651214749174,970.0171457582757,1131.1812741030085,1237.7834935796438,1011.3792808385261,943.8030304742872,1099.3819310878487,1081.6967295725126,991.9720073548372,1134.3333540863657,1094.6673163530863,1009.7117684342759,1002.1571786923819,1059.9407335095684,1056.0711440399955,1072.091119918337,987.2767147410855,1072.048047605313,1013.749734409636,1060.4072734619308,1136.8906384765523,1121.199601053756,985.4667271881433,1214.8607216033772,1033.9104200476884,1110.7326045021941,1126.1367318811351,1192.2248065501426,1062.72177106784,961.8718026639789,1037.8727501410456,1160.7181456677824,1048.3272411163766,980.9055874298783,1144.6300500019795,1148.7042402206757,957.1175902137186,1076.6584551267968,1077.030454648534,1035.6935798503628,1023.2590904675021,1102.5006638356138,1242.2219038237686,1299.7940708940328,1072.899625024892,1267.5220317000453,1038.4032606188853,1282.7406966282792,1110.7386971242408,1217.359014734856
1610555606.65jCE4ig8Pu8kvAzkxnSGfWsV0nQBjCf8H,706.8234743518777,960.2834662169731,691.938002451069,900.286321038468,759.9217657559819,860.8644518590168,785.1268373837803,727.2599850642393,742.0038038933469,766.5010582058733,1056.1608477806053,935.5230086022895,899.5927239857784,773.6149653735765,978.1481333285249,0.0,1163.918907001889,1057.4857355722,849.8640339558682,691.3589581508343,965.9706061051882,1132.000486527336,781.4369709701889,701.648606306987,887.4935113223386,922.0675707073547,752.4834667172585,926.4238885542957,929.109197813832,806.6315265295398,782.4946708034208,866.2236064561143,816.0099339118464,714.8609842925636,739.6024991129082,903.3702903960309,857.9506446675842,733.8089341802989,950.7536550306942,975.4070658194233,817.4107242577644,1117.1695789754751,941.2554809924296,919.7156487428331,1031.4263677578342,1061.1576749518254,861.1171790499066,781.7490548751698,798.5841322712974,973.9023739752506,807.615372650812,808.382285177917,947.5270654649926,1094.335144943121,713.1552293160959,864.0065858930948,945.8559249400843,765.4084813786714,812.0671373649154,926.6567850058884,1057.1146756142275,1145.4035437009427,828.3494844731334,1152.3412147200117,853.8574496829558,1121.8311421533485,880.6896519464683,984.0719532160173
1610555608.18ONsBCVo1i7BrX0XG9stct4oiA6ejX9Oz,1120.6783316525366,1155.4484358565185,1114.5341508554745,1156.965945922864,1122.1474751149908,1168.9672316076058,1143.78774427664,1132.727518168207,1141.704923554091,1173.0992733797511,1117.4701889709384,1204.524798616726,1275.590933491421,1165.7724180717144,1291.9434621431644,1163.918907001889,0.0,1196.3409074858853,1171.5828292131778,1124.1611412352497,1201.5842073686904,1249.740814134096,1131.9930204708921,1123.8585056431048,1180.4354838050663,1153.5910572369614,1134.6233223384795,1226.0454920967786,1209.1266334029078,1129.3775316796232,1162.7310742168838,1145.8357814631938,1220.8475442026224,1215.6569817709042,1177.48630956235,1193.1398872302634,1188.9559337881924,1196.1154038210334,1206.3867683840376,1273.2526816947034,1195.9573102130248,1246.88503844434,1238.1281235474514,1222.9283824451368,1226.6597870446617,1196.6120209088172,1199.9733563530708,1161.214961315933,1157.1544417949704,1180.4591906506814,1165.1943122730986,1188.0443623943677,1262.0443935270482,1262.176886548693,1137.471466002992,1167.1933313618385,1203.3696281743412,1149.9041821214835,1184.4191071335126,1196.511750608999,1352.1539002844527,1237.8396116882273,1168.5253296082076,1290.9147465329613,1153.5017896565466,1311.7463122017891,1163.0111071894553,1341.907442011077
1610555721.51RNoQUMP19FTMS79BmA3JkgSm2IC2AQuQ,961.0338982863414,537.1490243776233,976.2149369381273,1045.9449926011837,1020.7988984249812,1019.2537307564905,1027.5717684103524,975.664783950008,979.2729189183739,988.7657661425116,1121.8099097830607,905.2890654317339,1051.4210897991418,994.7728784788426,1193.3577602504597,1057.4857355722,1196.3409074858853,0.0,1005.6982807395304,965.8402761418415,1091.0385620469062,1112.4927991013578,999.2064726143707,948.2783105747839,1058.1426382363359,1103.0160750938514,1008.9761130366022,1111.6395949327439,1079.9379668454317,994.0081992816055,1056.8763958552768,1040.638423712341,1024.992453549329,1039.3095138046776,1095.1003875627032,1124.166868487571,1074.020296178709,1059.806760207052,1043.9916165280285,1152.468196892302,1071.7325690016166,1205.490784948573,1137.019865105407,1085.009494696905,912.9450002239297,736.5415451966196,1083.0710030939604,1001.1825840509755,1002.0187642513223,1141.1544872654104,904.0420495333328,1037.6423945254926,1157.8414373797343,1222.1490086422348,1004.2123907144794,1061.8015531095114,1062.5656042222315,1012.4236381309182,980.1507139903468,1063.036844985448,1201.5564358605766,1196.5794153517656,1057.2706739080088,1207.8846757959318,1045.8140271527718,1238.4306449153053,1090.3260613799712,1179.2030403037402
1610555971.86O0cHB2ibBJ8jxoObg01EpGe8VVV5mpwn,690.7725143064924,946.5292417427206,689.5920452420547,923.104590153341,800.3024802827418,481.4241866756647,756.7693186284255,708.7865348183016,679.7453601361268,817.7283733136959,1091.2526181137937,943.7747230904425,934.7476766943032,731.2828569982552,1053.6651214749174,849.8640339558682,1171.5828292131778,1005.6982807395304,0.0,759.2878292158948,1007.2357529311288,1042.816903700946,770.2070696650904,692.5500039214812,909.6539795822805,722.7523839884259,751.8400408353236,965.6510647737226,958.1901367721075,718.1382745305255,835.1207694080489,783.3120253164119,896.1287708791886,902.8025426116861,889.6458434597349,953.4978317099201,873.3118935687405,887.5469187500671,973.5659838599945,972.7581635818274,909.971337909256,1130.3615068223198,967.2013075029337,928.2878308101219,1034.294498046133,1042.8087698954346,878.0571233314168,778.993015631557,833.0630422453906,954.3098366132721,822.2843071406319,768.8204764678287,985.0708049391309,1105.5123565814947,774.0862834012861,871.2966257284736,955.2095323142313,849.2022186994989,805.2255522058298,817.1812709433931,1108.5937094453993,1177.9877280547103,873.9578674573097,1083.4247705208143,854.5029224028289,1175.6765725706036,871.0676769056213,1078.647906861567
1610556911.51zU3duZSGpcw1BDNsBLxdOCITAXwl6z3i,592.1900642542935,856.639601388423,572.4693655295307,815.6491126761642,685.5910388483496,774.3166692621116,714.0133161741364,606.4617702442922,641.4490850928664,688.6759144841166,1038.5342259552212,811.7457959383021,807.3232557146619,658.8665550276536,970.0171457582757,691.3589581508343,1124.1611412352497,965.8402761418415,759.2878292158948,0.0,884.8829096633384,1031.0692956436349,687.4303363416224,592.1514449589488,814.4819665628493,837.8407823220303,646.4200531369,828.1037944420476,814.0392837253169,698.7603392833594,720.7078709300415,781.5969166289004,712.9925678591986,718.7674830661088,787.144609077567,833.142107101091,753.487112152664,698.4729434579313,892.8234224287557,896.0068171075927,779.4704161232248,1029.452497736618,868.434383138251,807.2101415269302,909.6325702156479,972.8455516056853,778.4979932860308,693.7183094089457,703.9114447618944,879.7861783746552,684.4982654517397,719.6355117897917,898.1421251093809,1034.1636804975822,645.2783420106798,785.6709689373721,867.6696170531668,675.0688507846481,694.4034032859995,849.7298343134208,1068.8864235607045,1094.32905834898,680.3546789184013,1113.8055975154796,701.512405805461,1121.233876051875,798.8236350215204,1012.5315768315401
1610555988.71dMoYT8250UHHJGxgmITTmbHe7V6gH1yU,926.4321496742474,1093.4126129781007,923.116832933379,1021.3120783588433,971.192083910725,1024.1639313717271,1008.3293667297763,936.5591626565274,913.5665630814293,975.1317486583379,1161.0366738187888,845.0041694516522,1093.4495119421563,966.1635198197515,1131.1812741030085,965.9706061051882,1201.5842073686904,1091.0385620469062,1007.2357529311288,884.8829096633384,0.0,1032.2771121798187,984.6293213499787,928.439536915549,1059.4395772658909,1030.4617280387445,950.560225181088,1067.4011124080434,1063.159100263268,1004.4417678010907,989.7837839811416,1050.8556756897071,1026.4470352518317,1045.7860652060508,947.2996444819983,1020.311867625171,1011.0443916955841,1027.367594999261,1078.5988113009992,1122.5725121098806,1047.9187164383743,1108.6300666335574,1096.0102031823515,1043.6849602530283,1111.0857644339317,1141.7617220141206,1031.5913217032899,949.3493107895521,949.130301142922,1079.6041803629062,879.5674231711406,969.6317713640326,1103.1172862321898,1143.7141179627306,964.814446169901,1041.0246553475884,1080.9801087855574,911.5373882581375,975.7439789538096,1060.3090837151149,1197.4060379523346,1256.7125720845697,952.4621688157424,1229.0780853891995,940.2848914747369,1272.7544274320283,1032.1741798195267,1180.8956631821773
1610556042.81mlUZsSp7gbGjrp8jQSnybT1gPy6e62o1,1051.4474634476348,1116.805856542319,1054.100580782441,1113.7505573155565,1084.4841794468239,1064.9497249864544,1107.8112696692895,1064.4274652307438,1064.6889633432593,1088.129133597734,1206.844958465079,913.558567872109,1152.9194355767509,1062.7781590822367,1237.7834935796438,1132.000486527336,1249.740814134096,1112.4927991013578,1042.816903700946,1031.0692956436349,1032.2771121798187,0.0,1003.7397982198655,1048.053973996274,1110.990409100254,1096.6081762232463,1072.1155311370371,1149.977100458091,1167.8314425050478,986.1845396146358,1127.1392474060008,990.0422771912655,1121.182645152548,1153.0949853390964,1145.8848885383895,1157.9524848800886,1131.6343412217698,1148.9523149262084,1161.1941243741321,1212.206089602542,1186.331488529703,1186.67365954336,1214.567733639198,1147.6279283811823,1151.7599766594942,1167.165556406376,1156.9967969641718,1075.9712099201818,1024.5760628103103,1173.4837848126012,976.1252360306814,1086.64975382859,1215.7424371345874,1268.95971568623,1095.027733910085,1116.9118279602287,1138.0238077694169,1061.9698426670545,1053.166871305717,1004.5085164955082,1247.4617102587831,1333.3478706471626,1054.9048851361295,1269.0863649033417,1082.0232714491194,1272.153645166859,1121.2981652100832,1231.9156850595796
1610555637.02UBW5nKvDyUrKnaWcYRGajZPxTRDS0q3N,652.881652781208,904.2546414604222,637.1346801087595,880.6957588919308,722.2069770510697,791.9044085943905,712.1073759668274,668.1420650751012,668.2934492574157,720.1209307936034,1053.646426327998,914.4156176897421,883.6529338443587,705.3844940600942,1011.3792808385261,781.4369709701889,1131.9930204708921,999.2064726143707,770.2070696650904,687.4303363416224,984.6293213499787,1003.7397982198655,0.0,650.1159680020511,772.7671860169534,847.1717548958361,666.6622384748864,929.1175231432646,906.4471719454792,636.1646616714745,761.8414474845474,715.5333625479258,807.7372643273278,841.7419423114393,859.1277335580472,915.647524063441,810.2029241288607,817.6414035371498,882.1577272576108,933.7303327366285,850.389878714187,1083.2212089713394,927.0178202336584,898.4848459355464,960.8327378044849,1007.8724414096245,803.8425907900399,748.5010234272454,675.3565654567288,886.6100671801493,784.183572689794,739.7040777217233,939.6380247081455,1052.7935144447429,697.6450315972431,670.579931236517,873.9095836827605,769.7945032742583,767.4405968197004,770.8001860555827,1041.5768824221286,1127.0818915779441,783.2793736462603,1058.1489047644804,780.7168626638352,1109.632902054352,826.7239298044502,1050.0015455877758
1610555619.13oUYNikU4facCTpUSiSLr0vPI0tJLnXiT,254.00798201670335,883.1716085438366,324.00351926529646,819.3255930892391,656.5340468959764,729.7738207268543,662.7763858935248,352.5130080625822,592.0471000552665,661.8766911885353,1039.2529338177167,820.2159521880549,838.2633160662946,572.0423839165704,943.8030304742872,701.648606306987,1123.8585056431048,948.2783105747839,692.5500039214812,592.1514449589488,928.439536915549,1048.053973996274,650.1159680020511,0.0,796.7044087213471,813.1088209295865,601.101053987063,874.6744050621913,847.1523316307884,645.5273241757187,691.7167696504678,726.7024781945573,758.2285659700977,760.0279063964318,793.5687512237051,850.7374960326886,744.1489472489321,749.0199798710236,870.5454676603787,852.9101277061095,792.075858552338,1060.811546208611,838.075992751869,788.7430771919302,955.0178141571238,999.097056844546,759.847633240136,662.0710497482736,679.9217023244564,870.5055232748379,646.3953415068174,694.0895814339555,873.8201335173702,1016.3535879790944,615.6266375359467,758.058278193316,862.7082528426757,700.9057002773171,650.6751476440643,804.456430425439,1041.291048068646,1099.0512424182555,732.5219139309523,1074.350149252104,707.0828308687314,1124.6675403698034,770.0258648727711,996.3978358003393
1610555721.03nzkucfjAUh31zTbmCVvTVYqtjoxZFnBh,795.2091133532313,980.6075516972006,782.6488397129202,977.8055412560997,827.0153956303691,900.1255186416241,855.7372826973545,806.7544664775945,829.6267535310544,820.9189685466763,1139.9929551962753,989.256187689999,963.2228486756194,833.691329157551,1099.3819310878487,887.4935113223386,1180.4354838050663,1058.1426382363359,909.6539795822805,814.4819665628493,1059.4395772658909,1110.990409100254,772.7671860169534,796.7044087213471,0.0,952.8241125018186,831.587173553454,1004.2205508364497,1009.6295681843136,822.3994951424739,885.3203288009885,897.345287826755,890.1982959191511,934.0679938599706,949.2399721411249,1008.0603619442763,918.6242005389704,928.093334435062,947.0459412438872,1015.5592624827117,967.9613733271327,1153.937639968178,986.3700719951343,984.8532154485271,1027.2865351319615,1031.9538612794768,929.763434480836,847.0436729040257,794.6120349792652,1010.8742867808672,883.3776546447203,862.814104024695,1036.0851152258938,1147.1604250674266,822.8548631404807,802.7799733796471,875.6293048136419,886.7575385437602,875.6948830965912,855.7740601523199,1133.3061669368506,1202.5182669740573,889.2981095856006,1121.1190286453118,900.9180836445461,1174.851782685462,956.0495320858366,1145.5911041399663
1610555722.67fhKURdXVzRbLIjXmjRwdJHTnE7PWb1AE,808.8173983717619,1028.9041208279953,799.6811168463004,986.6241387508471,866.1615396525376,648.0056926684553,854.3646181486753,816.6305967433469,815.8618529575125,894.6639781467147,1136.3263588638108,1006.6470767802633,1010.0987021043572,844.9213364435218,1081.6967295725126,922.0675707073547,1153.5910572369614,1103.0160750938514,722.7523839884259,837.8407823220303,1030.4617280387445,1096.6081762232463,847.1717548958361,813.1088209295865,952.8241125018186,0.0,851.1343804082429,1032.520822771538,1022.8050546216291,834.4084353587682,913.3437560958705,885.4927533744745,963.9281714726494,971.6125916765507,972.2649402448254,1017.00776065976,944.7762758652848,956.823533445008,1012.5122531565402,1031.1630765621533,980.9573888826155,1120.6355936894695,1049.0824984940587,970.4194360368056,1094.822859009927,1090.1518040462508,920.3599889139344,859.7148970884373,909.6917591232389,1009.591016010366,901.548637774414,863.3695144100666,1020.0695209425638,1145.0168551586517,858.6446573174637,866.1516872196513,1002.0580635248014,917.5191950522238,890.2897641573069,866.9333259658639,1152.4007659049569,1205.3165266016467,942.8566474050534,1132.4855378345926,929.393371983294,1183.5589410066968,943.783721672746,1118.4048605158719
1610555638.39J2ZWBLuLTHP0jOlzB4tNHmYeijH5g5YJ,610.8063816202831,920.6412794871599,596.5412773127639,823.3352876304762,685.2169268805803,788.1137732961193,702.4433765277695,631.6315222634772,647.2096518053581,717.8717461271809,1035.5515096649603,887.2152386834618,882.325700146202,692.2719420949287,991.9720073548372,752.4834667172585,1134.6233223384795,1008.9761130366022,751.8400408353236,646.4200531369,950.560225181088,1072.1155311370371,666.6622384748864,601.101053987063,831.587173553454,851.1343804082429,0.0,904.6667902863124,889.3723115816216,696.70524326337,725.0796943153065,742.7351248511591,807.2021172447618,816.0119084690799,833.4439347812136,894.2115942847249,778.9229978149665,797.1429937089308,902.9186377879676,915.9423644240525,806.553882840845,1078.7764856061297,873.4481202813632,871.484152913729,976.0141063506536,1020.8077813352627,755.4904635527148,729.5371806630269,733.4442052706147,686.3302643824326,750.0225712832361,722.8425598714166,912.4873956579524,1048.1325176085377,682.9313566646126,801.6802490174471,884.7742838904801,732.5272344689045,735.5423020644946,831.5768713532614,1068.0112455470812,1107.1674953643515,775.5259112194119,1103.453825736251,757.315590942078,1157.2315865890967,642.4371644366805,1020.547853698708
1610556032.17Q6yCDx9g7alRnL9jBFXD2JhhUyB2hKfJ,864.2932342791826,994.0836118451887,849.3306551963562,945.0116904455593,909.4477863002293,972.129370480182,898.8436034512571,880.8219871982662,894.0324196638215,912.9760674748226,1134.5543227437781,1055.1040527616055,1016.9349990628862,914.3842201453803,1134.3333540863657,926.4238885542957,1226.0454920967786,1111.6395949327439,965.6510647737226,828.1037944420476,1067.4011124080434,1149.977100458091,929.1175231432646,874.6744050621913,1004.2205508364497,1032.520822771538,904.6667902863124,0.0,999.273765974924,928.9491971075722,950.9423996767562,992.3422747471985,952.8046210967557,935.5821429860096,1000.171597377644,1008.692514919422,977.1124910343414,930.2678706150631,1035.1121785933574,1061.847042489639,1013.9225227394612,1082.0378486623997,1027.5515616707587,962.3267491486928,1080.2902500686685,1070.3682707473647,983.5861944666673,949.4193290068208,919.6534653487405,1063.3391460004482,953.5432258628095,926.7122797179454,1126.6642733386338,1182.7362737808598,889.1111810474166,997.9173468485924,1034.236216730901,858.7623338660288,905.5812458212831,1033.143223061462,1113.8389402316775,1259.0962872872933,911.9002778580868,1207.8433653432514,914.8843959692239,1230.455562933184,998.9805183726442,1091.6318769726247
1610557007.49MyVgDnuUuBxrvL6SGOdhKf69VYlW1MSm,853.7999346811097,995.6077964645185,841.148461940109,1024.204875790861,919.4613428641733,968.3641046875593,922.4359569482385,862.4465726353145,880.1481381769717,832.7478782858817,1164.898495494052,964.1783647123059,950.5976694516578,897.0211891658219,1094.6673163530863,929.109197813832,1209.1266334029078,1079.9379668454317,958.1901367721075,814.0392837253169,1063.159100263268,1167.8314425050478,906.4471719454792,847.1523316307884,1009.6295681843136,1022.8050546216291,889.3723115816216,999.273765974924,0.0,925.3050544686374,940.440660461067,998.5011516536666,866.5737568353946,932.5504542980614,977.6382585092223,942.3473519762005,939.1582915377458,866.4408633386332,1063.2077223170784,1069.173857594087,910.2270760745629,1168.882063815637,1022.9017092167539,1017.160281924074,1095.5578954554328,1089.28209916069,984.264542972382,928.8450542455813,894.1934593562311,1050.6847668136688,882.0957432321125,938.4876711214708,1078.8673041571562,1103.9940246040496,862.8764241236273,978.6620140167712,1060.5348492759572,880.2140582569382,913.0627913523065,1043.0566296654415,1178.4416394076147,1182.8959588562686,762.6116574751801,1243.1625917478784,815.7721398312245,1124.3324024246313,986.4799860715715,1160.229737471115
