,square,rectangle,parallelogram,losange,isoTrapezoid,kite,rightKite,rustedHinge,hinge,trapezoid,random
square,0.0,0.027330033247635055,0.07597078442810612,0.1214741783934864,0.03973152586375972,0.03089798852946879,0.02312057834856618,0.06001346568251653,0.047054243162147014,0.04547497139212808,0.081898986539516
rectangle,0.027330033247635055,0.0,0.05009085909143196,0.10772208979714315,0.07665888918608588,0.051730148430411904,0.04635144442527628,0.05103474039315403,0.03150827539435053,0.062470094641771556,0.10371136389916924
parallelogram,0.07597078442810612,0.05009085909143196,0.0,0.04057386195841828,0.097747075198378,0.09514092777914451,0.07490286407037594,0.07459510716877127,0.054016113642469055,0.048352219200571867,0.08220499527557112
losange,0.1214741783934864,0.10772208979714315,0.04057386195841828,0.0,0.11762943095651357,0.12818192476779788,0.1103848681437084,0.10326715625876237,0.09558518384890968,0.060335671579334726,0.07201169401325413
isoTrapezoid,0.03973152586375972,0.07665888918608588,0.097747075198378,0.11762943095651357,0.0,0.03664662503842697,0.0299796497228777,0.08645423509095063,0.08211896108136785,0.04056909484714011,0.058285525751321066
kite,0.03089798852946879,0.051730148430411904,0.09514092777914451,0.12818192476779788,0.03664662503842697,2.220446049250313e-16,0.019654921630598454,0.07992176841442344,0.07475365233291043,0.0707540577571697,0.0964728179202069
rightKite,0.02312057834856618,0.04635144442527628,0.07490286407037594,0.1103848681437084,0.0299796497228777,0.019654921630598454,0.0,0.07748530205874904,0.06909137318981728,0.04037249846776614,0.07838040307613214
rustedHinge,0.06001346568251653,0.05103474039315403,0.07459510716877127,0.10326715625876237,0.08645423509095063,0.07992176841442344,0.07748530205874904,0.0,0.008663418801566403,0.07564408873533435,0.08455114422451815
hinge,0.047054243162147014,0.03150827539435053,0.054016113642469055,0.09558518384890968,0.08211896108136785,0.07475365233291043,0.06909137318981728,0.008663418801566403,0.0,0.06367392260852955,0.07984953517003712
trapezoid,0.04547497139212808,0.062470094641771556,0.048352219200571867,0.060335671579334726,0.04056909484714011,0.0707540577571697,0.04037249846776614,0.07564408873533435,0.06367392260852955,0.0,0.026493851627381826
random,0.081898986539516,0.10371136389916924,0.08220499527557112,0.07201169401325413,0.058285525751321066,0.0964728179202069,0.07838040307613214,0.08455114422451815,0.07984953517003712,0.026493851627381826,2.220446049250313e-16
