,square,rectangle,parallelogram,losange,isoTrapezoid,kite,rightKite,rustedHinge,hinge,trapezoid,random
square,0.0,0.02279878566018889,0.05020923137961597,0.07590654358011673,0.022471543732857202,0.01968874927594433,0.017263739715258963,0.03931770001175572,0.03406658831661291,0.029056479957657033,0.053538556566733564
rectangle,0.02279878566018889,0.0,0.02444658655306442,0.05671504207776179,0.05521603448525225,0.03748858127565602,0.036594320121317025,0.03193615203879796,0.02109646400384757,0.04196787621975129,0.07327309839480001
parallelogram,0.05020923137961597,0.02444658655306442,0.0,0.019938003698982576,0.06892933527076461,0.0650358507098232,0.05280300502279178,0.047338138266228236,0.034515551146265366,0.03397120751938831,0.05998042205366183
losange,0.07590654358011673,0.05671504207776179,0.019938003698982576,0.0,0.07956071388643271,0.0866146300544881,0.07210531391939579,0.06167578123429829,0.053901982878151955,0.036966358212755956,0.046031629628501936
isoTrapezoid,0.022471543732857202,0.05521603448525225,0.06892933527076461,0.07956071388643271,0.0,0.02294771054516198,0.02009432542273737,0.06222649235545408,0.0600284604890563,0.02592295401275757,0.03767619047939974
kite,0.01968874927594433,0.03748858127565602,0.0650358507098232,0.0866146300544881,0.02294771054516198,0.0,0.011694236858237339,0.05708033750554975,0.05370797426771634,0.04688917859807318,0.06827840780304628
rightKite,0.017263739715258963,0.036594320121317025,0.05280300502279178,0.07210531391939579,0.02009432542273737,0.011694236858237339,0.0,0.05382830202577438,0.04933436844204475,0.026124846052784534,0.05273693879563657
rustedHinge,0.03931770001175572,0.03193615203879796,0.047338138266228236,0.06167578123429829,0.06222649235545408,0.05708033750554975,0.05382830202577438,0.0,0.004525547367924876,0.05102405439373314,0.06002051449494317
hinge,0.03406658831661291,0.02109646400384757,0.034515551146265366,0.053901982878151955,0.0600284604890563,0.05370797426771634,0.04933436844204475,0.004525547367924876,0.0,0.04447682160429378,0.057648499514005636
trapezoid,0.029056479957657033,0.04196787621975129,0.03397120751938831,0.036966358212755956,0.02592295401275757,0.04688917859807318,0.026124846052784534,0.05102405439373314,0.04447682160429378,0.0,0.017397102416362942
random,0.053538556566733564,0.07327309839480001,0.05998042205366183,0.046031629628501936,0.03767619047939974,0.06827840780304628,0.05273693879563657,0.06002051449494317,0.057648499514005636,0.017397102416362942,0.0
