,square,rectangle,parallelogram,losange,isoTrapezoid,kite,rightKite,rustedHinge,hinge,trapezoid,random
square,2.220446049250313e-16,0.018947495483450982,0.07425818384063376,0.11698337578483242,0.08289153045329212,0.08466450587142804,0.09197629894403003,0.11077894046547754,0.09967565555239255,0.07640433208216935,0.14858331008458459
rectangle,0.018947495483450982,0.0,0.05362511068741349,0.10318558549012002,0.10550825703235167,0.09831241774641875,0.10632966984849102,0.10627182026423321,0.09174617989933331,0.08747093874994205,0.16273487734301884
parallelogram,0.07425818384063376,0.05362511068741349,0.0,0.024811994827951378,0.09232939537169682,0.0950322529073282,0.09910033424235798,0.09528910212402886,0.0864364864166064,0.04689075276731669,0.10992357668042663
losange,0.11698337578483242,0.10318558549012002,0.024811994827951378,0.0,0.10103010405786472,0.10792195815348848,0.10565404330899719,0.09506618070391204,0.09223744814802703,0.04899690212100882,0.0785715944324007
isoTrapezoid,0.08289153045329212,0.10550825703235167,0.09232939537169682,0.10103010405786472,0.0,0.03565308059266692,0.03135869939396696,0.06806177051770157,0.06779600970586797,0.03545865030666617,0.051046827828853614
kite,0.08466450587142804,0.09831241774641875,0.0950322529073282,0.10792195815348848,0.03565308059266692,2.220446049250313e-16,0.012204161421515036,0.06437822588684183,0.060004918712328825,0.05900001938705146,0.07382482934003054
rightKite,0.09197629894403003,0.10632966984849102,0.09910033424235798,0.10565404330899719,0.03135869939396696,0.012204161421515036,0.0,0.05796978604283298,0.054895135909074355,0.04678327009047867,0.05885922326142978
rustedHinge,0.11077894046547754,0.10627182026423321,0.09528910212402886,0.09506618070391204,0.06806177051770157,0.06437822588684183,0.05796978604283298,0.0,0.005611424655983632,0.07704233031185803,0.06128310082202193
hinge,0.09967565555239255,0.09174617989933331,0.0864364864166064,0.09223744814802703,0.06779600970586797,0.060004918712328825,0.054895135909074355,0.005611424655983632,0.0,0.07282651462630363,0.062138373275773096
trapezoid,0.07640433208216935,0.08747093874994205,0.04689075276731669,0.04899690212100882,0.03545865030666617,0.05900001938705146,0.04678327009047867,0.07704233031185803,0.07282651462630363,0.0,0.0444416504860371
random,0.14858331008458459,0.16273487734301884,0.10992357668042663,0.0785715944324007,0.051046827828853614,0.07382482934003054,0.05885922326142978,0.06128310082202193,0.062138373275773096,0.0444416504860371,0.0
