,square,rectangle,parallelogram,losange,isoTrapezoid,kite,rightKite,rustedHinge,hinge,trapezoid,random
square,0.0,0.029554667399665058,0.07319919164765454,0.10931103872811221,0.05093800068144283,0.05154633597021985,0.04988869129016882,0.07412259483545991,0.06750123567474997,0.0577609489023585,0.10290042681455536
rectangle,0.029554667399665058,0.0,0.04171815391557765,0.08676941492279189,0.08947346726261696,0.07272537999125872,0.07372319118595694,0.06584828224755745,0.052408058081769404,0.07461239819806564,0.12566571549460392
parallelogram,0.07319919164765454,0.04171815391557765,0.0,0.027560161901696634,0.09798297621902563,0.09811419408944244,0.08646675374548718,0.07867927408589748,0.06427946973208243,0.05121391380547835,0.09200627263066186
losange,0.10931103872811221,0.08676941492279189,0.027560161901696634,0.0,0.11249954544196461,0.12363195726314213,0.1077378371063834,0.09477234377687438,0.08640199587031583,0.05340648392890479,0.06915338510695623
isoTrapezoid,0.05093800068144283,0.08947346726261696,0.09798297621902563,0.11249954544196461,1.1102230246251565e-16,0.041323499209249714,0.032801061111935814,0.08948584771616541,0.08816933275755168,0.03856659793151529,0.06091949597138169
kite,0.05154633597021985,0.07272537999125872,0.09811419408944244,0.12363195726314213,0.041323499209249714,0.0,0.017699539138864795,0.08510179547981755,0.08201955276880046,0.07452388243809527,0.10282688604977297
rightKite,0.04988869129016882,0.07372319118595694,0.08646675374548718,0.1077378371063834,0.032801061111935814,0.017699539138864795,0.0,0.07896095885622989,0.07491152442300197,0.04594858575679395,0.0806418515757561
rustedHinge,0.07412259483545991,0.06584828224755745,0.07867927408589748,0.09477234377687438,0.08948584771616541,0.08510179547981755,0.07896095885622989,0.0,0.006906350977312847,0.08159666298208534,0.08552080196124268
hinge,0.06750123567474997,0.052408058081769404,0.06427946973208243,0.08640199587031583,0.08816933275755168,0.08201955276880046,0.07491152442300197,0.006906350977312847,0.0,0.07462732844950548,0.08297661714563442
trapezoid,0.0577609489023585,0.07461239819806564,0.05121391380547835,0.05340648392890479,0.03856659793151529,0.07452388243809527,0.04594858575679395,0.08159666298208534,0.07462732844950548,0.0,0.032603173116895645
random,0.10290042681455536,0.12566571549460392,0.09200627263066186,0.06915338510695623,0.06091949597138169,0.10282688604977297,0.0806418515757561,0.08552080196124268,0.08297661714563442,0.032603173116895645,0.0
