,square,rectangle,parallelogram,losange,isoTrapezoid,kite,rightKite,rustedHinge,hinge,trapezoid,random
square,771.0852941293616,948.652006415513,1136.0006435051048,1264.1504767347024,927.3539748969977,918.2480735716464,863.3667382344594,1011.5734251303923,1002.3053287869366,965.0687362354081,1125.3909475895307
rectangle,948.652006415513,802.77162231677,970.3515235247314,1117.9716694945485,1107.5655410957513,1022.6237302715138,994.877947655481,990.6731628895185,941.3257031167076,1014.5911658015833,1191.071342887654
parallelogram,1136.0006435051048,970.3515235247314,877.19749136438,968.5785742702118,1241.3338573402316,1209.6667557223361,1156.6345238028623,1086.8235787480965,1028.6857158115515,1042.3687906177563,1165.3828043556266
losange,1264.1504767347026,1117.9716694945487,968.5785742702119,889.6825505705476,1321.711129718926,1326.5700915865818,1269.4395626207731,1165.550937158274,1124.300701351874,1091.8606753615375,1130.818298456386
isoTrapezoid,927.3539748969977,1107.5655410957513,1241.3338573402316,1321.711129718926,842.9808713365925,977.4094170818295,925.7971519808984,1125.2625518279544,1131.922364297955,999.5674530729086,1098.5522710742187
kite,918.2480735716465,1022.6237302715135,1209.6667557223361,1326.5700915865818,977.4094170818295,843.0557459176297,893.5704708309107,1135.01089177333,1130.638905023423,1098.7351709887253,1229.755098399128
rightKite,863.3667382344594,994.8779476554807,1156.6345238028625,1269.4395626207731,925.7971519808983,893.5704708309108,805.2973190043186,1088.3977773162367,1081.7317439606322,987.7851657049257,1150.9781870954723
rustedHinge,1011.5734251303923,990.6731628895185,1086.8235787480965,1165.550937158274,1125.2625518279542,1135.01089177333,1088.3977773162367,836.9134157392757,876.0664601469675,1054.5981902143928,1140.8375777016674
hinge,1002.3053287869366,941.3257031167076,1028.6857158115513,1124.300701351874,1131.922364297955,1130.638905023423,1081.7317439606322,876.0664601469675,849.0905719541086,1030.6839169864763,1137.180179729464
trapezoid,965.0687362354081,1014.5911658015832,1042.3687906177563,1091.8606753615377,999.5674530729086,1098.7351709887255,987.7851657049255,1054.598190214393,1030.6839169864766,839.6997245637884,971.8274724432893
random,1125.3909475895307,1191.0713428876543,1165.3828043556266,1130.818298456386,1098.5522710742187,1229.7550983991282,1150.9781870954723,1140.8375777016674,1137.180179729464,971.8274724432893,900.4682503797205
