,square,rectangle,parallelogram,losange,isoTrapezoid,kite,rightKite,rustedHinge,hinge,trapezoid,random
square,107.85548178881324,180.99814540058622,253.62540789730224,271.6935508139285,278.5121807499098,268.1503986309412,260.04149861138916,289.5898927081124,270.06219766513254,261.03106693063444,289.7738422739566
rectangle,180.99814540058622,131.15409562621417,250.4249688392242,275.77473663003695,279.8150358618641,271.2725807496235,263.7045426655439,286.6253643536281,265.730886266293,257.2719943917393,291.6855712245705
parallelogram,253.62540789730224,250.4249688392242,142.99247182670234,176.77911401859237,235.2710546367254,222.35648527654678,224.8057701159265,254.09225033356168,237.17642251052584,192.14879469873557,231.98733088304303
losange,271.6935508139285,275.77473663003695,176.7791140185924,162.82418018408728,244.30196637817292,232.97945329668474,236.68006317346465,261.71285013754726,250.53312544906603,208.89662053651608,234.1329126165258
isoTrapezoid,278.5121807499098,279.8150358618641,235.2710546367254,244.30196637817292,122.41148338751256,178.08977582614315,170.15418263594964,218.64809497893535,212.77087158485085,188.27561625874114,189.58325291273465
kite,268.1503986309412,271.27258074962344,222.35648527654672,232.97945329668474,178.08977582614318,126.40800210702555,140.8049740666052,203.51335220617491,187.53341314891335,186.76380714969167,176.27609061640754
rightKite,260.04149861138916,263.70454266554395,224.8057701159265,236.68006317346465,170.15418263594967,140.8049740666052,115.18407741098297,196.9707029798769,181.07590054117486,184.63801103853532,180.36549018896298
rustedHinge,289.5898927081124,286.62536435362813,254.09225033356168,261.71285013754726,218.64809497893535,203.51335220617491,196.97070297987688,161.86540723368975,174.0360867273409,230.9901471410831,210.24712080755575
hinge,270.06219766513254,265.730886266293,237.1764225105259,250.53312544906603,212.77087158485085,187.53341314891335,181.07590054117486,174.03608672734086,144.55861064047815,217.20156341211808,202.2989853070257
trapezoid,261.0310669306345,257.27199439173927,192.14879469873557,208.89662053651608,188.27561625874117,186.76380714969167,184.6380110385353,230.9901471410831,217.20156341211808,142.1701833079366,188.62316716714224
random,289.7738422739566,291.6855712245705,231.98733088304303,234.1329126165258,189.58325291273465,176.27609061640754,180.36549018896298,210.2471208075557,202.2989853070257,188.62316716714227,135.1814225416941
