,square,rectangle,parallelogram,losange,isoTrapezoid,kite,rightKite,rustedHinge,hinge,trapezoid,random
square,0.19209339516743967,0.2698535472611812,0.3468233235269003,0.39656005407388956,0.3253265449609492,0.2844303349807136,0.2707536833497303,0.3518650950523896,0.32757610006908017,0.3019800364619067,0.3820395305665201
rectangle,0.2698535472611812,0.2023722870355508,0.2950068539145362,0.36824394954061296,0.3674710330095468,0.322140311936365,0.3116833136279655,0.33770596920649437,0.29690981089440605,0.3261739981773919,0.40241069200761326
parallelogram,0.3468233235269003,0.2950068539145362,0.2430722793889923,0.29333120015333997,0.378370931002193,0.3518051220800127,0.33713021175056274,0.3353139461998621,0.3065192566434739,0.31107086332036343,0.3679831478372851
losange,0.39656005407388956,0.36824394954061296,0.29333120015333997,0.25048057029999427,0.39385696332471787,0.38761321399934867,0.37421776196690393,0.3589199244953998,0.34665183659482296,0.3249016451785486,0.3447428312747055
isoTrapezoid,0.3253265449609492,0.3674710330095468,0.378370931002193,0.3938569633247178,0.23823529179949884,0.29828067606095016,0.28546316327197974,0.35786028379557044,0.355389617429343,0.30145634177843633,0.3270545259065502
kite,0.2844303349807136,0.32214031193636494,0.35180512208001274,0.3876132139993486,0.29828067606095016,0.23106580741155225,0.2530482001347665,0.3440207196879464,0.3317808627388918,0.3217118090418834,0.3678154688877418
rightKite,0.2707536833497303,0.31168331362796553,0.33713021175056274,0.37421776196690393,0.28546316327197974,0.2530482001347664,0.22477744423100005,0.3287669202072389,0.31557718236569304,0.2872607670768715,0.34855573855536176
rustedHinge,0.3518650950523896,0.33770596920649437,0.3353139461998621,0.3589199244953998,0.35786028379557056,0.3440207196879464,0.3287669202072389,0.2423378636018738,0.25646577822904637,0.33496402498737404,0.3543501846564603
hinge,0.3275761000690802,0.2969098108944061,0.30651925664347396,0.34665183659482296,0.355389617429343,0.3317808627388918,0.315577182365693,0.25646577822904637,0.2405664413157736,0.3190258052160993,0.35374704148027636
trapezoid,0.3019800364619067,0.32617399817739196,0.31107086332036343,0.3249016451785486,0.3014563417784364,0.3217118090418834,0.2872607670768715,0.33496402498737404,0.3190258052160993,0.23558022158675682,0.29277433178658324
random,0.3820395305665201,0.4024106920076133,0.3679831478372851,0.34474283127470545,0.3270545259065502,0.3678154688877418,0.34855573855536176,0.35435018465646023,0.35374704148027636,0.29277433178658324,0.2549738822995815
