,square,rectangle,parallelogram,losange,isoTrapezoid,kite,rightKite,rustedHinge,hinge,trapezoid,random
square,0.13321645481248548,0.15706545962084326,0.17795803402291166,0.1971696042900725,0.1511718225421065,0.14834868956672642,0.1440257662199995,0.16432606578406078,0.16170940357687785,0.1555993127730798,0.17702588338091593
rectangle,0.15706545962084326,0.13387120583508952,0.1530766020131685,0.17419093590974957,0.18125290133395014,0.1661834176244901,0.163840008009041,0.15552249612189797,0.14784649186275564,0.16669515095648593,0.19113311197072247
parallelogram,0.17795803402291166,0.1530766020131685,0.1389194544003236,0.15407247282878933,0.19473243625415967,0.18845996611835664,0.17968973092580617,0.16714777810891293,0.15810658713047507,0.16633408985914946,0.18676029887972453
losange,0.19716960429007246,0.17419093590974957,0.15407247282878933,0.1378363623309886,0.20275093219078066,0.20480348831431294,0.19679447267269784,0.17586335878940218,0.17067461538947754,0.17041876528061897,0.17535567556464443
isoTrapezoid,0.1511718225421065,0.18125290133395014,0.1947324362541597,0.2027509321907807,0.13635054294320434,0.15448540560648874,0.1515467900838789,0.18353073609959003,0.18349923817575756,0.15854169370423926,0.17067875060996224
kite,0.14834868956672642,0.1661834176244901,0.18845996611835664,0.20480348831431294,0.15448540560648877,0.13800674533770646,0.14611983958168445,0.17947995040903036,0.1782457336906248,0.17232329559575835,0.19092286749560441
rightKite,0.1440257662199995,0.163840008009041,0.17968973092580615,0.19679447267269784,0.1515467900838789,0.14611983958168442,0.13629449976503843,0.17549214059300322,0.1733102049802678,0.15737039099696887,0.18174883846594495
rustedHinge,0.16432606578406078,0.15552249612189797,0.1671477781089129,0.17586335878940218,0.18353073609959003,0.17947995040903036,0.17549214059300322,0.13574870878818565,0.13924403894428994,0.17042746361807853,0.1807639927145477
hinge,0.16170940357687788,0.14784649186275564,0.1581065871304751,0.17067461538947754,0.18349923817575756,0.1782457336906248,0.1733102049802678,0.13924403894428994,0.13609978450398458,0.16641640488479076,0.18023772244982006
trapezoid,0.1555993127730798,0.16669515095648593,0.16633408985914946,0.17041876528061897,0.15854169370423926,0.17232329559575835,0.15737039099696892,0.17042746361807853,0.16641640488479076,0.13769457010517566,0.15551395014788597
random,0.17702588338091593,0.19113311197072247,0.18676029887972453,0.17535567556464443,0.17067875060996224,0.19092286749560441,0.18174883846594495,0.1807639927145477,0.18023772244982006,0.155513950147886,0.1422800322255732
