,square,rectangle,parallelogram,losange,isoTrapezoid,kite,rightKite,rustedHinge,hinge,trapezoid,random
square,0.05927370087416124,0.08300228275800536,0.1046641471163127,0.12182657840634427,0.09205336810848248,0.08753179528760452,0.08292790190172543,0.10192826853607512,0.0954665498120408,0.08783461826140014,0.11193293418831836
rectangle,0.08300228275800536,0.0709288717122805,0.09222146967142818,0.11162684318777955,0.11485014635195222,0.10180831264030621,0.10037502246319378,0.10714455963614224,0.09544856742833047,0.0986744855583272,0.1233420938623362
parallelogram,0.1046641471163127,0.09222146967142818,0.07428638075813299,0.0863467241996724,0.12298965259458301,0.11420194849480444,0.11137710963339452,0.10482920937348421,0.09464829563219541,0.09354216032481946,0.11244502651660783
losange,0.12182657840634427,0.11162684318777959,0.0863467241996724,0.07306852484336344,0.1319931012562828,0.1285352083061517,0.125619066107325,0.10967393396472656,0.10330535990858355,0.1004224418572193,0.10899420104254698
isoTrapezoid,0.09205336810848248,0.11485014635195222,0.12298965259458301,0.13199310125628283,0.07414620412089175,0.09397127953417506,0.08816088030496927,0.10965661024096414,0.10981038323854952,0.09470409542150748,0.10431485084024571
kite,0.08753179528760452,0.10180831264030621,0.11420194849480444,0.1285352083061517,0.09397127953417506,0.07425342741747694,0.0806011332751654,0.11156943573327076,0.10855954901074859,0.10301537896530005,0.12108498030278197
rightKite,0.08292790190172544,0.10037502246319376,0.11137710963339452,0.125619066107325,0.08816088030496927,0.0806011332751654,0.07367292064477751,0.10611438308828693,0.10327861259290413,0.09330374997751897,0.11316240041960397
rustedHinge,0.10192826853607512,0.10714455963614224,0.1048292093734842,0.10967393396472654,0.10965661024096414,0.11156943573327076,0.10611438308828693,0.07657537237803175,0.0814222389176595,0.0997612353489902,0.10739353991272392
hinge,0.0954665498120408,0.09544856742833048,0.09464829563219543,0.10330535990858355,0.10981038323854952,0.10855954901074862,0.10327861259290413,0.0814222389176595,0.0765822943208443,0.09443853015430369,0.10642215581353533
trapezoid,0.08783461826140014,0.0986744855583272,0.09354216032481948,0.1004224418572193,0.09470409542150748,0.10301537896530003,0.09330374997751897,0.0997612353489902,0.09443853015430369,0.07130761149139356,0.08869468067011112
random,0.11193293418831839,0.1233420938623362,0.11244502651660783,0.10899420104254698,0.10431485084024571,0.12108498030278197,0.11316240041960397,0.10739353991272392,0.10642215581353535,0.08869468067011112,0.08199859243086376
