,square,rectangle,parallelogram,losange,isoTrapezoid,kite,rightKite,rustedHinge,hinge,trapezoid,random
square,0.15678032963734467,0.21049834557929395,0.2605368784056383,0.28928744656777655,0.24344157994598808,0.21881005972251488,0.21277938017265413,0.2670724640210866,0.24636893412802854,0.22685144908038138,0.27623299299003357
rectangle,0.210498345579294,0.1624582170486715,0.2294488894035353,0.2744019729508355,0.2731032156624162,0.24463151780893672,0.2422073028791782,0.26713419619671347,0.23389703702385156,0.2435966487767085,0.29141212791014515
parallelogram,0.2605368784056382,0.2294488894035353,0.19226511017709808,0.22651495158723778,0.2820385875883647,0.2623102116422113,0.2574957727460183,0.2626499120919886,0.23904538295402006,0.23675733760403203,0.27135923430824155
losange,0.28928744656777655,0.2744019729508355,0.2265149515872378,0.19620648317121134,0.28949186934993115,0.2819422292604818,0.2770883255280464,0.27103049409925084,0.26043803480774524,0.246092014298733,0.25615558681038575
isoTrapezoid,0.24344157994598808,0.2731032156624162,0.28203858758836464,0.28949186934993115,0.18408912587659787,0.2250096594213274,0.22008173906244674,0.2741912127951577,0.26761677194614814,0.22861943627435916,0.24160582441397163
kite,0.21881005972251488,0.24463151780893674,0.2623102116422113,0.28194222926048174,0.2250096594213274,0.18198964417522737,0.19908876141852072,0.2629332986446835,0.25007245149376084,0.23612475711836686,0.26409117814724087
rightKite,0.2127793801726541,0.2422073028791782,0.2574957727460183,0.2770883255280464,0.22008173906244674,0.19908876141852072,0.18060837391030765,0.2558912156131287,0.24320270031145302,0.2187012972531712,0.25625064261798275
rustedHinge,0.2670724640210866,0.26713419619671347,0.2626499120919886,0.27103049409925084,0.2741912127951577,0.2629332986446835,0.2558912156131287,0.20402815251140108,0.21429709043506973,0.2581895557489758,0.2694613939014831
hinge,0.24636893412802854,0.23389703702385156,0.23904538295402006,0.26043803480774524,0.26761677194614814,0.25007245149376084,0.24320270031145302,0.21429709043506973,0.19822879786188308,0.24197799580472118,0.26512325320321395
trapezoid,0.22685144908038143,0.2435966487767085,0.236757337604032,0.246092014298733,0.22861943627435916,0.23612475711836686,0.2187012972531712,0.25818955574897584,0.24197799580472118,0.18309377766749116,0.22209389566209978
random,0.27623299299003357,0.29141212791014515,0.27135923430824155,0.25615558681038575,0.24160582441397163,0.26409117814724087,0.25625064261798275,0.2694613939014831,0.26512325320321395,0.22209389566209978,0.193423882798314
