,square,rectangle,parallelogram,losange,isoTrapezoid,kite,rightKite,rustedHinge,hinge,trapezoid,random
square,0.050200751376485664,0.06083037430887863,0.06871870819418675,0.07659730424976129,0.05734952656503605,0.05606365016204444,0.05502585686133316,0.06347357161139318,0.06220453189804089,0.059970530660174104,0.06820730235779782
rectangle,0.06083037430887863,0.05234859076217195,0.05927010617400231,0.06786643361915413,0.07001835456582711,0.06397233903259737,0.06380569495364594,0.06084054955315596,0.05758820104862566,0.06542680205387812,0.07483392305219547
parallelogram,0.06871870819418675,0.059270106174002316,0.056904756552276003,0.06352571381409845,0.07551875392914803,0.071851624302887,0.07013837000739974,0.06530724511453329,0.06181827381457878,0.067175049822112,0.07516785117017412
losange,0.0765973042497613,0.06786643361915413,0.06352571381409847,0.0599674218066652,0.07919981439251776,0.07870804064550402,0.07710708672456812,0.06948435282161285,0.06730416517049385,0.06993626022371098,0.07209093684532457
isoTrapezoid,0.05734952656503604,0.0700183545658271,0.07551875392914803,0.07919981439251776,0.053312537413265346,0.059596987754424395,0.058831372210055945,0.07080274849631578,0.07043536993171003,0.061829761753536334,0.06636934006014168
kite,0.056063650162044426,0.06397233903259737,0.07185162430288698,0.07870804064550402,0.059596987754424395,0.05397063923923043,0.05690380162310091,0.06912404767002173,0.06801281439536153,0.06603966449161619,0.07307996865121938
rightKite,0.05502585686133316,0.06380569495364592,0.07013837000739975,0.07710708672456812,0.058831372210055945,0.05690380162310091,0.054291676810583514,0.06791842540083921,0.06668665745591318,0.06185365817284467,0.07090892940038651
rustedHinge,0.06347357161139318,0.06084054955315596,0.06530724511453327,0.06948435282161285,0.07080274849631578,0.06912404767002173,0.0679184254008392,0.05609923383406377,0.05646420954230381,0.06693845629729273,0.07147328362006314
hinge,0.0622045318980409,0.057588201048625665,0.06181827381457878,0.06730416517049385,0.07043536993171003,0.06801281439536153,0.06668665745591318,0.05646420954230381,0.05463384128468096,0.06528223940921633,0.07112309911996909
trapezoid,0.05997053066017412,0.06542680205387812,0.067175049822112,0.06993626022371098,0.061829761753536334,0.06603966449161618,0.06185365817284466,0.06693845629729273,0.06528223940921633,0.05668713660665492,0.06366384362440952
random,0.06820730235779783,0.07483392305219547,0.07516785117017412,0.07209093684532457,0.06636934006014168,0.07307996865121938,0.07090892940038651,0.07147328362006314,0.07112309911996909,0.06366384362440952,0.05910409600522219
