,square,rectangle,parallelogram,losange,isoTrapezoid,kite,rightKite,rustedHinge,hinge,trapezoid,random
square,0.13140701282345393,0.1650784114010445,0.20244265503380066,0.2507860152496418,0.1655488753716112,0.16680091465680247,0.159651358041146,0.1827287659244467,0.17388165507498993,0.17217134072106333,0.20910317772559092
rectangle,0.16507841140104454,0.1518170673542057,0.1812394821428074,0.22432320091056235,0.20266533926171243,0.18844751563525036,0.18688358377612133,0.18180250030541403,0.16980772419314197,0.1872737650701859,0.22391970179117643
parallelogram,0.20244265503380063,0.1812394821428074,0.1481876799304187,0.1683088370038386,0.23985536166020935,0.242227550613869,0.22745865022044817,0.18489172246257443,0.17009034275358098,0.17247092967237232,0.19384086238428222
losange,0.2507860152496418,0.22432320091056235,0.1683088370038386,0.13019448379427703,0.27923854444220475,0.2920925780867423,0.27538855818059443,0.2101696149954829,0.19906077324992957,0.18417188187531547,0.17917627384213075
isoTrapezoid,0.1655488753716112,0.20266533926171243,0.23985536166020938,0.27923854444220475,0.13866544622642155,0.16280045172647858,0.16556718121433645,0.21358589047427454,0.21311269167899216,0.19234402067995962,0.2204116388370208
kite,0.16680091465680247,0.18844751563525033,0.242227550613869,0.2920925780867423,0.1628004517264786,0.12917733190541528,0.15134522148460208,0.22262851733488864,0.2227013406843351,0.22295752316310752,0.26019143034613507
rightKite,0.15965135804114597,0.18688358377612133,0.22745865022044817,0.27538855818059443,0.16556718121433645,0.15134522148460208,0.14154833294729371,0.21984603296636956,0.2149289765836355,0.1966274727432236,0.23944198810706932
rustedHinge,0.1827287659244467,0.18180250030541403,0.18489172246257443,0.21016961499548284,0.2135858904742746,0.22262851733488864,0.21984603296636956,0.12527982967871795,0.131561389802425,0.18095987666359403,0.19027763528169261
hinge,0.17388165507498993,0.16980772419314197,0.17009034275358098,0.19906077324992957,0.21311269167899216,0.2227013406843351,0.2149289765836355,0.131561389802425,0.12669000133637243,0.17009644498581478,0.18449888797106226
trapezoid,0.17217134072106333,0.18727376507018587,0.17247092967237232,0.18417188187531544,0.19234402067995962,0.22295752316310752,0.19662747274322356,0.18095987666359403,0.17009644498581478,0.13592516008941624,0.15516525644462428
random,0.20910317772559092,0.22391970179117643,0.1938408623842822,0.17917627384213075,0.2204116388370208,0.26019143034613507,0.23944198810706935,0.19027763528169261,0.18449888797106226,0.15516525644462428,0.13716924165654595
