,1610555604.25mOvVXuL01OCiReyVWBfesjuvXmB3MoPy,1610555605.43B6oDsBtWRQ29Q9UMQuTUEPZy3FSSWXzc,1610555610.92HPGJJSmyPM40z7otPBgHalNrHFA7zk5d,1610555606.68LaSQbm9EHAFycEfFtEqAwYqlBsQPjIRW,1610555617.19EKxMEwDHfXiEJZc27TsGoERaD6Da4BZU,1610555722.52PJ3FD50MGhRXyUD28vluU8Z9UjLJLZn4,1610555617.52Ijr5puT55g9apK8auM7zaxa3NANg502t,1610555638.77ZLjTLkz4jYJdFMI2wWBztzsDILkoOtAk,1610556912.46C7tJPLF0XfNnm8f1820X9aLmXMHoc0Dw,1610555617.51LjzIROg0aeCP2GhDcAVQ0LipKJB9jmKc,1610555608.17OpjjHobqRkX0UPcaXrbu7K6L3805SZri,1610555721.82zWeNZfGUUfRJkgnAwlP8VMhPzXctnSd4,1610555735.75bom85BDF0C7W2eIseHeMxi24qR68nzMi,1610555735.77NnT5xqKnwcf2BbjIekeb2arTQj6QMNwk,1610555638.33wjf1PhdNaoWfbRzXVn50hmFyB5bYAiLV,1610555606.65jCE4ig8Pu8kvAzkxnSGfWsV0nQBjCf8H,1610555608.18ONsBCVo1i7BrX0XG9stct4oiA6ejX9Oz,1610555721.51RNoQUMP19FTMS79BmA3JkgSm2IC2AQuQ,1610555971.86O0cHB2ibBJ8jxoObg01EpGe8VVV5mpwn,1610556911.51zU3duZSGpcw1BDNsBLxdOCITAXwl6z3i,1610555988.71dMoYT8250UHHJGxgmITTmbHe7V6gH1yU,1610556042.81mlUZsSp7gbGjrp8jQSnybT1gPy6e62o1,1610555637.02UBW5nKvDyUrKnaWcYRGajZPxTRDS0q3N,1610555619.13oUYNikU4facCTpUSiSLr0vPI0tJLnXiT,1610555721.03nzkucfjAUh31zTbmCVvTVYqtjoxZFnBh,1610555722.67fhKURdXVzRbLIjXmjRwdJHTnE7PWb1AE,1610555638.39J2ZWBLuLTHP0jOlzB4tNHmYeijH5g5YJ,1610556032.17Q6yCDx9g7alRnL9jBFXD2JhhUyB2hKfJ,1610557007.49MyVgDnuUuBxrvL6SGOdhKf69VYlW1MSm,1610555638.44hjT5hbYdKoE3MB6hijrjqbjmLgvCUYKD,1610555608.13zUvmFSCRt6SsLbhqFznMEvGx54GPGQzM,1610556038.62a5C4ynd1AARyAhTv8a58NCqHvXRjscqH,1610555644.45Xse8u7pusHNsd7F3d0A32HXvXr6weOJE,1610556038.62gKXOCG7XCn55eJvyl5voNjbwOW0znQDq,1610555987.13v0oleKK97pkesp6oMgprH8SoSdoDVdIO,1610556964.96ZLLeiQW0qpmxhPGTg7K03fmzkqsC2bjC,1610555987.13VQlEedQ50VvkPMEMzZDv3KNnQCewykN9,1610555982.186TY6MMGkDecIN1woW6vsfAMXVV7jnyjO,1610555982.673LuMndkwkvdmZOn0MmE2Pkidx0FtNalb,1610555733.38zItcuH7gHNfKdALR2d9Nek6bxCyw36Vm,1610556034.15BQxSbZINGCay0yp6RBVlgcPrw76Yn9ON,1610555639.37BPZpgtGml8qUsh9AdV4m32jPLfI2aNFq,1610556965.57S0adAalhWYe6K3bkZU0bRHbqnDK8gGkR,1610555983.54zteLPCMjyrjzPdhHhlZr3faCgD0TfYr3,1610555987.79rHnNRmt9a0ufmnwCvZqBouyUoZDNpylW,1610556960.041xWER61rmArlsKfiMl4frikWmUCnQ7op,1610556035.13a7NHZDutfTMJ88qle1gTYY59Dr4WmMsj,1610556890.456ZBDaY16bMtrTZTqAgHl3wq1tRxzqDow,1610555760.24e6890pkbyZ97Or6croI1rQgjkSsR0yVt,1610556043.02YpWMIJg3W004iqlPyv8OcVAZdSC5rNYw,1610555987.03z05P26TLtONYM1HSzupoc2CeNMa6HTqr,1610556032.15OYCzUxpsz7b10AXBAuDXrvEcvxFhf0M7,1610556032.63Z80yI9pNwS3jSmsDABbuhf8wkNa2Ze9y,1610555736.28eGuESasTXdR3SqY6pHhEXWZtcdciYLCO,1610556034.61bebeZA0MkaFG2sm3VKiqrxeqQginTTW0,1610556944.5XwXOphKYT3ZkWA8gViqOS97VHVuMVUqb,1610556944.745UVLFBzf7fPh4UH37I6tYQOFPqRDytEh,1610556034.63XsUwaFaPZevO1JNFjfhvY4aKNFnV4noV,1610556964.89xwBHw9faT1HjQRMNQEyA4qJ3hWkwgj3k,1610556966.74DydzH91jtyvRyYau47JpVkZoMRSNTt01,1610555740.77UueVziDbaXyRR4OcVJIIZyzOfAzN51bj,1610556046.84e3vwjyRCzqz0wJQhrk8zsxlFfFSv98Df,1610556137.99eoPuVrDThKAOvmeprLPb2FWRqIhzUodc,1610555740.73XFwSrmTXJPlaxGZSefh0jOVA8PI3III1,1610556123.88AOfNaz9jSnqU5Czc7okOv1RCrYfKFBTo,1610556046.85nB7NvyoYQeLcOV391Lmmut1wAM8CFGLw,1610556123.89H4pdIAzDthI7bMXMhlIhKUYIQIvtmPPQ,1610555740.87GOYQUJKpkynIS2lFqppYK4b32ol7NeGh
1610555604.25mOvVXuL01OCiReyVWBfesjuvXmB3MoPy,0.0,143.04632264033287,69.15332216171694,138.28689175792616,99.86317000343803,124.92269090847088,126.73639120013516,84.82692568917811,95.57977824654272,119.10558558405184,145.59833840936162,149.34146514188666,144.293062405426,118.6014989970902,144.50559375300904,136.27718731288496,150.13394999238238,151.48222843897614,108.01442498257641,122.87894670075787,151.3240224897857,154.2697194937653,109.04115410015282,82.11050874626672,125.9631921390975,125.99241889141538,104.2159978332606,146.1994588550946,138.61676105731843,122.25267650760797,141.95017133848808,124.19485376488498,127.58040676535028,139.94692876922278,148.19056307691545,137.59757768815132,145.0263642958641,132.8267442084683,136.21913533552993,142.3334635773403,141.53524703367893,146.36823731533866,136.18199829851602,137.77217562084746,146.17888916099545,147.4112490474174,134.3537872872848,111.44000542201982,128.35933707618847,141.37033252883415,133.79719539416615,156.6829747403673,151.41122786128102,150.84293275043157,142.45892928359135,126.72231475000214,127.12001947901221,142.41499048328384,132.1487521937654,129.61872398095775,149.86221806497295,157.33983729441104,134.74085357286984,151.57729808711042,129.76882172651955,160.56876325608485,135.4616105906104,144.8369051004382
1610555605.43B6oDsBtWRQ29Q9UMQuTUEPZy3FSSWXzc,143.04632264033287,0.0,151.77829558198684,104.58334669940794,139.52463316866462,133.73169593278703,137.04104169829395,151.3036785955552,146.44044452215363,135.87901928077386,103.28842740882261,125.40623732948829,116.49027986452276,150.86251771576008,100.2364027988611,98.13209050775465,109.92845076865376,78.2890824699467,131.72065476081158,138.76730186441944,130.83059082887337,115.0600475136558,133.00417433464358,151.26614381352672,103.79387953016291,131.31748135332987,137.01617617643524,127.64243689621262,117.138046333589,117.71061315710088,120.97656926018544,135.1108656050064,121.30547682744515,128.73919168151426,126.82887940577942,103.74681397071608,127.23649071582062,111.5874497145502,86.016651836178,129.72325351178856,112.40166698751726,103.27508512594117,122.52781918110189,114.66595435790788,84.55991118027171,81.43891205102219,124.91742119831392,131.64700363839827,132.38411767426106,137.0196435236402,121.17307803944846,158.68898174898192,136.86011400721856,106.11373751315914,124.98315706072948,123.77817658209855,115.20214263864551,137.51762448230951,127.25214271743738,121.66279430575959,106.15752274540522,116.47665883232085,117.72827673734767,107.9670093919981,123.50520112405752,116.06720170848408,136.78720891371697,112.16394438530007
1610555610.92HPGJJSmyPM40z7otPBgHalNrHFA7zk5d,69.15332216171694,151.77829558198684,0.0,144.46174893825344,106.96366706765663,129.8803679644564,111.73753711459915,57.24386117482528,108.26934042049363,133.13596609870993,149.6415939823967,154.6433047221735,155.58061683896864,95.9181306027301,147.26215564122614,143.94757319729158,152.5936042334878,158.0560496999633,113.52352825799913,133.48490924679237,157.27393090319364,156.8155505495544,115.72048880684214,48.111951985221005,134.90976080999317,132.84806868985515,111.39109360271833,152.4103524989704,146.9403589060042,118.5283469977423,149.70573082350506,127.7277385275581,142.13853646860252,146.4265169462559,155.82071554768373,141.96860394786236,150.05665885014756,141.28980319352368,145.81450068596308,146.3573437772538,144.48178688953215,151.59711622106957,141.6286096343273,144.1550097551999,152.24837378145335,154.17281457589377,140.81604678600246,119.20662337981479,133.31346897122043,146.62648326864624,139.30629475942678,156.16578455515355,154.06959255700338,154.954742794297,145.19244164038008,130.63589084799855,133.6760532926148,140.220171907107,138.32652581644157,130.32217351046316,154.14566018443944,161.07567501260715,140.00031910147322,153.64101282551385,135.39001097956216,163.41613340765645,141.36582952322667,149.64478929167487
1610555606.68LaSQbm9EHAFycEfFtEqAwYqlBsQPjIRW,138.28689175792616,104.58334669940794,144.46174893825344,0.0,125.68941575166839,97.20075451752905,133.02836938938555,146.1289326164823,138.03093881844063,129.41451209333215,73.84354655095986,120.13502845473862,143.9201628951555,148.5903186653343,106.90180164778576,91.85335270832519,106.36801323531843,96.0360434274111,104.52795469003378,119.93230289043883,110.39190622570553,124.21702748350202,109.1680801984405,146.32025690622908,101.00222265696587,106.02140467584006,129.1310037260621,97.74620327218388,94.48389948890599,103.52421799110294,122.44918419365086,131.99363258846472,130.08653515296282,103.9995221488993,96.97263114718947,75.70843888252624,103.08806809280166,95.15621107275068,91.95439447264326,109.11310265284696,84.53522324390505,90.87961593115449,89.72160932773717,82.97887919668368,80.8673521932321,75.09460123631376,111.84246556843283,112.26421730998024,127.50663383611402,131.69328968899666,85.0711295809792,146.217130282295,136.82207808748078,112.65936657263515,124.22991451510697,106.67465828698917,90.79601320184763,110.7196575403697,87.71785093573796,99.91880954334569,94.12322706945824,118.84552390800393,121.53197439680284,109.270965205015,121.97186472963821,119.51143101990493,125.11882330670322,84.58645407727177
1610555617.19EKxMEwDHfXiEJZc27TsGoERaD6Da4BZU,99.86317000343803,139.52463316866462,106.96366706765663,125.68941575166839,0.0,97.19986034789802,107.38016325263392,111.00894543290724,76.56558528498822,127.85545750080311,131.0322219563259,146.06970717068455,157.50722887619818,115.59749638222202,131.4228958588476,133.1395163711579,140.4901227676963,137.23084784809947,77.18136077758567,124.84289411473223,136.9820771626956,143.84759931030234,83.56226472548484,109.6933597767114,102.07183005873357,95.12735876098156,100.36251339886309,136.51353514257096,130.2911189946391,109.07542877950839,146.85946436940847,117.47226165846699,140.0554361944523,131.72489083615093,137.7358145090707,121.16151120341091,124.78210475027036,128.66235491678356,124.83220605095714,137.02220709733098,128.225369589597,131.4808839197422,123.3362639517821,128.24806916567516,130.6419933595986,132.05128818534317,128.41220928609457,111.67948815227359,130.946317714411,133.55196404406485,125.14869853518589,148.3110970114993,152.43135199488296,141.6089054665601,148.507884143202,103.61860474776019,101.8879613398007,133.46968717472635,121.67909353416843,104.36115174530535,133.04291167975123,148.3234382712574,135.15670673787818,138.18134393456506,130.54719970691949,147.62519940212667,132.72940472416704,126.22875473304248
1610555722.52PJ3FD50MGhRXyUD28vluU8Z9UjLJLZn4,124.92269090847088,133.73169593278703,129.8803679644564,97.20075451752905,97.19986034789802,0.0,128.88465690872346,132.63458879438062,113.63232223589893,132.13570407595756,107.25231695842857,140.97918651159546,153.236196077192,137.51899369026884,124.64825810193365,123.6865500944527,125.32316452475942,123.69651531774214,68.83208025727222,124.57328150124549,125.87099292289417,137.44934410697175,81.99764030278897,132.77517486654244,102.13423868966251,64.0943471857419,116.57592873178687,122.79824993101792,116.43565265899531,108.18365584264482,141.7815124982484,112.44494707869461,137.90620705681076,109.47855925253081,125.28470948298096,108.38656271656002,116.80909438089685,111.12953949919518,116.24194267463913,126.2971700853105,115.73721504699472,116.58945203045899,111.05499384321344,109.5569071627747,114.51681220385677,107.35032684610154,119.10236513747094,106.91307120973075,129.59482308696363,128.8275936494351,107.68882524117208,145.17957494596186,150.82530831793113,130.65515759437744,144.50125262247602,96.49864844997558,93.35268628512603,125.20193411902488,102.35868970768043,99.21165068347455,118.91256701731592,135.867741226785,130.2871802845599,125.57813813290839,129.85343428713583,135.7950940545348,126.90694206046928,109.40335223786568
1610555617.52Ijr5puT55g9apK8auM7zaxa3NANg502t,126.73639120013516,137.04104169829395,111.73753711459915,133.02836938938555,107.38016325263392,128.88465690872346,0.0,115.33655385039675,118.0343219843634,148.99297012007582,132.6385513000275,146.78047417416755,162.25767246113006,82.50678642613325,133.12892564603277,136.1465136531461,139.31087613541993,138.4314645485873,121.33487476503663,150.6568176557598,144.2882628863431,144.65136417201023,125.61408542577561,111.35389787872346,124.54593959760135,121.45410842569129,131.1292741214715,142.62725218518315,139.4601058204222,96.72364880309193,149.66802641579383,136.80029670470248,155.52759328714595,146.02191987633142,144.09653120164745,125.30454262066715,139.68050230692168,142.29695763314714,135.39519198742303,142.96027812094226,131.42677062590693,135.59900211420464,134.75614444422817,136.5245352195157,129.8921576359642,136.8496105513759,138.68822293848118,134.1051430650567,147.9343431338236,150.91139737049917,131.39775217178754,151.9224245892339,151.15046233638253,145.7075250162824,146.99616751758475,130.78354704679063,125.18750303140374,127.16563708386936,135.0512150291346,116.26032668451256,137.54207471209492,150.21287164472605,147.15659643549128,138.22473520682433,144.39233873437442,150.41082715287865,148.36002709764003,133.02275681653447
1610555638.77ZLjTLkz4jYJdFMI2wWBztzsDILkoOtAk,84.82692568917811,151.3036785955552,57.24386117482528,146.1289326164823,111.00894543290724,132.63458879438062,115.33655385039675,0.0,112.11263932409426,138.24534676596446,147.916522691754,158.05916049186348,155.9746848803867,80.92370113922793,147.714518945211,148.12922405141785,150.03198474620086,155.81938760508572,119.76503110267471,139.73168068218067,155.47008557175104,156.93700420540134,124.43690940044466,29.72768496162493,136.70657915117937,133.21441368762905,114.73558832865444,156.94345440622996,150.9589848330001,128.7930514256265,150.3432581881372,134.07096496588343,145.2828985511059,152.41650327929372,160.66108584926621,144.2042924713622,149.44589767296245,147.4239051376285,147.57146271322677,149.0804644622649,147.77212657954638,151.19891753192064,143.9806193172806,151.03326024655283,152.7221085697896,153.0018108943714,142.19569379279886,128.03972222824186,135.69568145592743,149.68775967485664,144.21238059658586,160.19296191641575,152.89537161928493,153.85269582540806,146.54340189135542,137.29167237346772,137.43975186438846,145.94919218941558,142.13370842553675,134.81037318580061,154.26159137123372,160.10791851758339,141.1100335241759,151.363202377837,135.72267228289888,162.19815042485058,145.23342909915323,151.14241528381186
1610556912.46C7tJPLF0XfNnm8f1820X9aLmXMHoc0Dw,95.57977824654272,146.44044452215363,108.26934042049363,138.03093881844063,76.56558528498822,113.63232223589893,118.0343219843634,112.11263932409426,0.0,141.48349308205533,140.26904100166038,151.62473893984725,159.3132745911735,119.24913484700758,141.20218593061182,142.6138339910742,145.75636071215365,143.31892523458413,93.74538650115208,132.52601314981032,142.91307453207207,146.58725629722278,111.89457681529156,111.82846199491189,118.1019141602107,105.59787233971892,115.25351058373909,144.26539471000797,139.71385170811865,120.61723674507729,155.93599626042882,133.69701083207872,149.08306246912906,141.24349876017737,147.5838667232491,131.89682378589976,138.6914003438407,141.8707707592091,134.67342522463204,145.49648995250368,138.027857054398,136.9562454513574,135.88693561448315,140.68522010101628,140.2453333409666,141.5842232834664,134.52416041020453,121.5766109212504,141.36102068112652,139.63106502166752,137.2738711715904,155.77743398496946,159.04263166068534,143.77764030885007,154.49226950983217,118.48118745368468,114.21529908319003,140.81754551595722,134.73025097072434,121.1503198677918,140.91724832166366,151.9123767612333,143.0970343736573,143.88057555778192,139.9211272451668,151.78540208266665,136.5983268225737,135.339838360967
1610555617.51LjzIROg0aeCP2GhDcAVQ0LipKJB9jmKc,119.10558558405184,135.87901928077386,133.13596609870993,129.41451209333215,127.85545750080311,132.13570407595756,148.99297012007582,138.24534676596446,141.48349308205533,0.0,137.61976705804068,145.58895431689217,116.54794636133404,150.63747930729278,141.26190630850527,128.17492526235367,144.70786912041353,144.0353205590431,126.05478748809136,101.49149051346194,145.6755908088512,154.61294155335025,123.63536400777201,137.62892512669987,116.32911423720428,135.345426317557,117.90531559863601,139.3864488781661,122.86377949692951,135.83707812892536,136.42717803547808,143.71611760633584,79.13952107754253,127.69252491498587,139.69207435161738,133.30560781135344,133.1899824368062,119.14171122061738,118.67411747243634,130.12931237782888,137.25261310073148,144.60411193083283,131.95282007638434,130.392571136146,135.69343594418686,138.14327095905702,131.7501579297435,109.30728922880195,84.61487756548408,133.81449574396308,124.3395219210116,160.2229716523809,139.7643400745226,147.01852273963496,142.5284115753884,134.66744610780773,124.85041138107495,143.16250330877236,124.6353715510377,133.89641736548296,143.65829753721206,153.66653686478705,114.66801037531377,148.80484121687206,101.37750180525809,157.66554969460867,123.30754897492893,139.8434237035428
1610555608.17OpjjHobqRkX0UPcaXrbu7K6L3805SZri,145.59833840936162,103.28842740882261,149.6415939823967,73.84354655095986,131.0322219563259,107.25231695842857,132.6385513000275,147.916522691754,140.26904100166038,137.61976705804068,0.0,126.02174763714403,140.7799116688779,147.13722840115395,103.00393371794954,112.06390389441574,57.957706513790946,89.13342146159027,113.93201671752405,131.2992378560577,104.48630075178997,111.88200274154829,123.62279438860286,148.90515492523798,103.64619691877718,98.2623564368885,131.778076053672,111.36157944831942,108.28107779838348,115.8683412730263,135.54551032315112,130.78204313427153,135.5347950356757,118.85086604091026,115.80297434341483,82.73612129379853,115.04023163707501,116.9569411940005,100.9533481151309,117.94417696295864,98.90087754498147,75.33213784635691,101.20473662347086,101.94215066652225,82.60275590485556,65.65859069527151,122.02542666063232,125.04903468124982,132.0986491500562,123.82982830183917,108.87986066081048,154.38734398988328,138.64983149853086,103.97932834202525,132.30833467155097,113.716317346044,88.21022712915875,122.7369536055071,110.91433057510693,107.82012816866106,86.13076201222609,104.4117930606249,121.12267644972005,91.65150077000538,123.09913451089055,102.29927573598336,122.52807629224719,83.84872044613866
1610555721.82zWeNZfGUUfRJkgnAwlP8VMhPzXctnSd4,149.34146514188666,125.40623732948829,154.6433047221735,120.13502845473862,146.06970717068455,140.97918651159546,146.78047417416755,158.05916049186348,151.62473893984725,145.58895431689217,126.02174763714403,0.0,154.99177687307272,159.88898339903588,131.10730270362237,115.8459222032088,134.91138045477385,126.27131797645046,139.48728084932415,127.65608855483158,72.6525152299715,133.59041569504572,139.4266888452635,157.32375142863722,119.70144096063174,140.41698294709593,149.6174591523873,72.42890289103018,98.110631384576,133.33807529974305,155.63660330299604,149.55938673243722,144.19789054229466,125.65980398454646,90.71252350599171,110.50390663629774,137.78491807728884,121.91567971610444,109.38216269888031,142.51499777605932,117.55039570840091,118.33183050876802,130.63101185658212,105.78726553944597,115.14558906280504,123.26071239007867,140.6330308486371,140.63655632572838,147.81461948373874,145.65877832081475,108.04244063887455,172.08558812933734,159.40157008495237,138.74314643700257,152.45855656291985,129.73363047257016,121.2488794716219,111.97853534551479,127.2151433923896,124.35395116773397,127.51946122449844,145.6379347094007,126.01938210529472,143.80493710130088,142.416893226266,146.84220452347463,138.86696872793414,123.6868938896199
1610555735.75bom85BDF0C7W2eIseHeMxi24qR68nzMi,144.293062405426,116.49027986452276,155.58061683896864,143.9201628951555,157.50722887619818,153.236196077192,162.25767246113006,155.9746848803867,159.3132745911735,116.54794636133404,140.7799116688779,154.99177687307272,0.0,162.56049077586908,139.11526903942797,142.32248667893387,141.98743519812638,133.0896439464581,149.82838177019178,132.1893933722791,156.73224668595245,149.7721539228733,152.3665417018607,156.0596540741757,137.33454327901418,151.20164868173242,139.67626322344196,154.59809108275414,141.82369331701324,152.72134684469475,150.84189740954605,148.7621373827337,72.039242497276,144.6487141514737,159.3678290041095,144.2450373677294,153.9226545452757,139.29950687688162,129.3122746067835,148.58126680784162,148.81867723230238,143.3459598743855,149.25193259423185,149.9563814594433,139.01367139756306,136.2324064609134,146.5257184755793,146.38625016420377,126.00291073385885,140.51938267928344,151.04430732046362,177.95376814059296,145.52988338493094,137.24183978105145,152.04730475093194,151.60839599707538,148.26301704143862,160.4354071629833,154.38822524525168,155.1952225109935,146.93406363084475,145.25366424484213,118.98649596745493,143.48573003725235,121.86792952748354,151.37293543266048,139.58248319581003,149.55639036543988
1610555735.77NnT5xqKnwcf2BbjIekeb2arTQj6QMNwk,118.6014989970902,150.86251771576008,95.9181306027301,148.5903186653343,115.59749638222202,137.51899369026884,82.50678642613325,80.92370113922793,119.24913484700758,150.63747930729278,147.13722840115395,159.88898339903588,162.56049077586908,0.0,147.5819690184871,150.50802861966184,148.70014752940412,153.6493716553403,127.16785636507134,152.1545062665383,155.00359902615648,154.72618141570916,134.7077361849057,79.84624373402276,137.951084942503,133.57620338599227,130.28384296836134,158.74432091693254,153.41405990775098,124.37285342408813,156.24578826159868,145.2390198772081,156.83228209671933,157.48157497873814,162.67187736335222,144.6592246454813,151.57417709521903,153.8332987961056,149.11072188390565,152.42412589252254,150.5830424820023,150.10425801122497,146.5689765492228,154.11010357624795,151.35213449291817,151.59741459119218,147.2650682924276,139.98178903229234,149.13647286838037,153.58859155637367,147.46280686612275,164.89757456340158,156.62924651982365,153.79557320680325,153.15041323146832,143.06892188114213,139.5209553574373,141.4519538034958,147.70106032817785,134.77255436613828,153.08137851165534,159.29377860157882,150.2253711517472,149.34242720062772,144.99163697095892,160.39520326239867,150.96942563196137,150.10040559356935
1610555638.33wjf1PhdNaoWfbRzXVn50hmFyB5bYAiLV,144.50559375300904,100.2364027988611,147.26215564122614,106.90180164778576,131.4228958588476,124.64825810193365,133.12892564603277,147.714518945211,141.20218593061182,141.26190630850527,103.00393371794954,131.10730270362237,139.11526903942797,147.5819690184871,0.0,113.46461567893836,111.9671011813648,99.94109524624346,121.65282905229252,140.85733707436165,123.85256830708154,86.75035745191641,130.41118876415047,147.54338833633304,108.43439278567087,121.36731534567744,130.694045956824,128.92641913899303,118.30194490241179,120.91636629144342,132.53841343538627,138.22006803162142,137.2788392158981,134.4310256278513,126.17673361690932,96.64619465414404,120.4092747599103,126.79411407211738,106.64438535977756,108.89504112840686,102.48477083152652,90.11231640249842,100.41216312983916,119.66825108092563,93.57461341994538,96.46032830048097,114.86545103349842,128.2238189062642,140.32975328248097,125.46371629659201,119.12319145891695,150.67173953040498,137.6368509122211,94.34425589251755,135.64499395840784,125.47788043398307,104.75269653578951,136.07625451531962,120.91573145392276,108.55616675079146,89.39847027001164,95.69202627772577,129.35646392106605,87.21631799409965,130.6039386112622,83.84181791756583,127.47016381721421,96.44545681517269
1610555606.65jCE4ig8Pu8kvAzkxnSGfWsV0nQBjCf8H,136.27718731288496,98.13209050775465,143.94757319729158,91.85335270832519,133.1395163711579,123.6865500944527,136.1465136531461,148.12922405141785,142.6138339910742,128.17492526235367,112.06390389441574,115.8459222032088,142.32248667893387,150.50802861966184,113.46461567893836,0.0,127.32557426283336,113.61199371707131,122.73695324338527,118.55001753204766,124.84037693156097,133.2218722394338,113.73041548224515,147.41586405731053,101.85729151542591,128.5155657754518,132.97121544171492,110.84517723823664,97.42011655842852,100.40782621665012,99.0728321211499,136.49716041069826,125.25437179514118,105.93572142165215,92.19574389444692,79.66486775430667,105.19135250172019,73.69845742298604,91.00436791937393,112.64433548229286,91.95638270841701,115.43596884494801,105.38443646398308,92.19553155856956,88.65847682984327,104.82316660507298,112.49992641467998,108.66012284767656,130.23479851514813,136.44882352080003,87.7175308475391,148.0963556689069,140.06400593582285,123.618229198603,103.63482479041981,110.26160917838399,108.62530852868296,109.79384562221745,99.08824758056227,110.64349701194497,110.78160086817357,133.4681993023736,117.22648815858231,127.20446007077875,121.53313423558123,135.06940859161512,130.2480471507048,108.57442725566335
1610555608.18ONsBCVo1i7BrX0XG9stct4oiA6ejX9Oz,150.13394999238238,109.92845076865376,152.5936042334878,106.36801323531843,140.4901227676963,125.32316452475942,139.31087613541993,150.03198474620086,145.75636071215365,144.70786912041353,57.957706513790946,134.91138045477385,141.98743519812638,148.70014752940412,111.9671011813648,127.32557426283336,0.0,102.0026847119923,128.0569926786783,140.10755371619518,116.19700519036417,113.8454417767731,137.0764300196169,150.94527499033012,116.76461058465347,112.0530659246846,133.23497318183638,128.59072377677302,126.79946855792849,128.48354615684713,144.13580395846083,138.25172512416125,142.03276281787703,132.23890083785932,133.49930893503503,100.94314183981643,129.93314545815636,133.1646509748878,114.94404071833334,129.75845374523627,116.7706689633002,84.63556869796636,116.98560135449503,122.88080607255522,101.71422531305198,89.13839964102459,132.31036354686293,135.93091657884816,134.21714464662406,125.93367818555473,128.35044130173145,161.95870661545058,144.81075207466617,103.60295124003018,136.7935225267986,126.97328617374124,104.7780335241477,136.808436024196,129.07396525454973,122.66000579328112,98.48521571598354,103.71314134258085,121.38212329480842,90.59849687433965,123.94449503633267,102.46035777177626,127.60378427188006,101.02364678035211
1610555721.51RNoQUMP19FTMS79BmA3JkgSm2IC2AQuQ,151.48222843897614,78.2890824699467,158.0560496999633,96.0360434274111,137.23084784809947,123.69651531774214,138.4314645485873,155.81938760508572,143.31892523458413,144.0353205590431,89.13342146159027,126.27131797645046,133.0896439464581,153.6493716553403,99.94109524624346,113.61199371707131,102.0026847119923,0.0,126.3651342397998,142.03385494129304,117.79846500184026,109.81442711809082,135.81253145331962,156.0562475743167,106.89431064001623,118.16938263984582,140.52992550855762,121.81045906875939,116.86618476477358,122.41972700064176,133.5138012269297,139.88558174119652,135.76609550906858,129.71605024151125,124.09480739064311,94.13533186396353,123.36661754477517,120.07986577594153,97.73867945384124,124.10796460734296,109.01638870293328,87.008697760445,116.40412371658262,111.41723983032433,79.77716836960734,68.57227876627832,121.94152837356974,132.86056143205286,139.56421910577004,133.1443520124255,120.66253843908011,158.75838919434761,135.50992516271145,98.53810196025643,136.28498010316088,119.33200624843838,106.95216903827152,139.29908183279645,122.47016982373314,115.65513948743724,92.122559382863,106.82181639291326,127.19409991631584,96.2450043498734,131.29048167792524,102.82190455428432,134.43530619476192,96.40028801511482
1610555971.86O0cHB2ibBJ8jxoObg01EpGe8VVV5mpwn,108.01442498257641,131.72065476081158,113.52352825799913,104.52795469003378,77.18136077758567,68.83208025727222,121.33487476503663,119.76503110267471,93.74538650115208,126.05478748809136,113.93201671752405,139.48728084932415,149.82838177019178,127.16785636507134,121.65282905229252,122.73695324338527,128.0569926786783,126.3651342397998,0.0,119.95016966561116,129.82428164512075,133.44882001384084,81.25083275440949,118.89844597114227,93.80184978989257,80.72575594693696,108.73229459989587,122.32696717629086,114.85922472628032,101.03012022084332,143.07721388045772,109.98730301536547,133.25747456258804,116.31533510699138,127.73170791532128,107.60836016580888,119.95332122748033,115.86898070099934,111.13057141885342,121.82585456879568,114.21537549493355,117.83445830399906,110.18118422763258,108.53144951801892,116.18622366419727,113.89300208425352,123.02011799352867,99.97433765631114,126.8592842385069,124.69370132316206,111.35898656662609,145.15936550832848,149.38442205243848,131.40954311392997,142.94335367077613,95.96464291186776,85.2475127350633,123.16357050184494,109.6100454801257,93.56424531548187,116.88400781254335,136.36049379405222,126.91580107165476,125.32516117129278,125.03059889885334,135.55714277107663,120.09554684552748,108.40884787716163
1610556911.51zU3duZSGpcw1BDNsBLxdOCITAXwl6z3i,122.87894670075787,138.76730186441944,133.48490924679237,119.93230289043883,124.84289411473223,124.57328150124549,150.6568176557598,139.73168068218067,132.52601314981032,101.49149051346194,131.2992378560577,127.65608855483158,132.1893933722791,152.1545062665383,140.85733707436165,118.55001753204766,140.10755371619518,142.03385494129304,119.95016966561116,0.0,125.06512575504188,153.55222238515958,117.68260529577121,139.50494273791813,121.22431306509216,128.6083815796002,111.88416034715627,121.26916061452775,116.7854053973467,133.43711096113924,139.2313598936931,141.7703913425687,110.1857609769298,113.10106604947028,120.96431447674068,120.5285454750796,116.24234768557628,114.59151276392049,123.48916306504071,132.40739087790854,127.07388634118635,136.5466463591539,121.36264282582825,118.61332039980546,130.8200848997072,134.20280359735773,122.39032514590899,116.89056850011383,110.89590610241719,129.80013144062457,109.03821410605063,157.65392774002746,150.39557003920427,144.56882183801898,135.4637818807567,127.37307245296054,120.44750070681746,123.2846673875959,112.73213001273095,134.5082869395605,139.76150567306598,153.9812763312456,110.3700053688439,148.8613301814228,109.73653443903805,157.47662453181712,120.01758685119496,134.69223474671122
1610555988.71dMoYT8250UHHJGxgmITTmbHe7V6gH1yU,151.3240224897857,130.83059082887337,157.27393090319364,110.39190622570553,136.9820771626956,125.87099292289417,144.2882628863431,155.47008557175104,142.91307453207207,145.6755908088512,104.48630075178997,72.6525152299715,156.73224668595245,155.00359902615648,123.85256830708154,124.84037693156097,116.19700519036417,117.79846500184026,129.82428164512075,125.06512575504188,0.0,125.0314525179798,137.00419301851485,156.1690422226887,115.57212528236033,118.7824147065107,145.1325675618668,81.74510481643864,102.72789011624812,136.72391456138166,158.0266496526077,148.6532782666298,147.69562474624257,125.33616754362832,100.92010516744377,103.1878138327968,124.17005977240153,129.30545996392806,112.8739276176333,135.5720785517263,112.00351743750656,101.68020656280646,119.91710418445933,107.57230415067268,109.45124113889567,108.44938392986379,132.14741423884925,139.5630364253597,146.33007932068122,135.2970630090137,108.06017932600946,170.18034870744225,154.54290935339884,129.39056474282037,152.96328146649753,128.2155066150472,107.96987277219192,110.20007695795557,118.91847663752095,120.44270767974989,113.96194496868439,134.98273511976117,127.55673770884532,130.3534353285495,138.25089752116432,133.40467632975256,131.28808920652423,108.89757176474508
1610556042.81mlUZsSp7gbGjrp8jQSnybT1gPy6e62o1,154.2697194937653,115.0600475136558,156.8155505495544,124.21702748350202,143.84759931030234,137.44934410697175,144.65136417201023,156.93700420540134,146.58725629722278,154.61294155335025,111.88200274154829,133.59041569504572,149.7721539228733,154.72618141570916,86.75035745191641,133.2218722394338,113.8454417767731,109.81442711809082,133.44882001384084,153.55222238515958,125.0314525179798,0.0,145.44955936536962,156.7697088233018,123.17578684144725,130.32138893850774,146.9186076945307,134.78640895679513,134.08126014755234,130.89097863774393,155.17570599300367,146.24373544397065,152.89497079408275,142.6775835054694,145.0115604650533,113.9139133995085,143.45438874422229,141.12349520819953,119.55406935273777,125.72617672909571,120.8182430444533,92.05523637313476,124.321186873437,130.57754046416144,113.19569350379007,107.43468321394475,133.22180932460884,144.3121257385432,152.41356243646243,119.66476163682921,135.54542963125428,166.84091329524267,140.5407888072907,96.2695641019194,151.7598006896936,136.3095439321373,114.35983287298771,145.72293455800283,140.1029346442404,119.07121556760579,90.2077190978214,89.61181747243992,137.04602003133877,92.80154302806137,140.12080163444247,73.98584088018144,126.97003654007014,99.31116521442027
1610555637.02UBW5nKvDyUrKnaWcYRGajZPxTRDS0q3N,109.04115410015282,133.00417433464358,115.72048880684214,109.1680801984405,83.56226472548484,81.99764030278897,125.61408542577561,124.43690940044466,111.89457681529156,123.63536400777201,123.62279438860286,139.4266888452635,152.3665417018607,134.7077361849057,130.41118876415047,113.73041548224515,137.0764300196169,135.81253145331962,81.25083275440949,117.68260529577121,137.00419301851485,145.44955936536962,0.0,122.89110866893289,97.75459530979215,98.34526712893319,105.95944487573647,126.26864835723897,115.09665775262533,95.86348376594333,135.0794288460885,94.87444863178499,128.87123500975943,103.24414195726055,124.97672709778597,112.53161071868274,122.89802132814627,93.83441353457694,112.97856232201389,130.5722168618385,115.37170087430863,128.97117711484265,114.64677030329419,107.7423883185596,118.1048007533393,122.7321841888781,121.99203050241537,100.63050742585422,124.5933036435372,133.06739355629605,108.89317561033096,143.3110110322122,155.27018290512032,138.39567175415016,139.6573027291543,82.54665940523519,97.81924520663982,116.28452323884657,107.40999497960922,97.40543876801328,128.5733704843243,147.25255731673911,126.17522472814336,136.84108639366195,127.00476897916079,148.28243418697102,132.64918537080808,120.1133572250214
1610555619.13oUYNikU4facCTpUSiSLr0vPI0tJLnXiT,82.11050874626672,151.26614381352672,48.111951985221005,146.32025690622908,109.6933597767114,132.77517486654244,111.35389787872346,29.72768496162493,111.82846199491189,137.62892512669987,148.90515492523798,157.32375142863722,156.0596540741757,79.84624373402276,147.54338833633304,147.41586405731053,150.94527499033012,156.0562475743167,118.89844597114227,139.50494273791813,156.1690422226887,156.7697088233018,122.89110866893289,0.0,137.1086030198378,133.53667669844396,113.56623039858088,155.99740737514344,150.55155385988942,126.21330758853965,149.77493117948117,132.97632339090922,145.4350164953045,151.76699989413444,160.03782643528922,143.98905478521218,149.73441633885088,146.71955299441885,147.7231672478725,148.68450033392486,146.9441349723638,151.60015775058378,143.6244814918238,149.6608951002452,152.8096381590253,153.6407697918486,142.04069584292142,126.98914676838365,135.73810515209408,149.5950313706683,143.08611485846734,159.3707617320504,152.28913322803498,154.3151707376891,145.77294150789902,136.11348801344712,137.63903532159605,144.827850331135,141.55382080632782,133.4440610819173,154.60098356721835,160.63413926989625,141.62041631765055,151.8175688356339,135.94510922945648,162.61035075185083,144.8386310935948,151.28081776428948
1610555721.03nzkucfjAUh31zTbmCVvTVYqtjoxZFnBh,125.9631921390975,103.79387953016291,134.90976080999317,101.00222265696587,102.07183005873357,102.13423868966251,124.54593959760135,136.70657915117937,118.1019141602107,116.32911423720428,103.64619691877718,119.70144096063174,137.33454327901418,137.951084942503,108.43439278567087,101.85729151542591,116.76461058465347,106.89431064001623,93.80184978989257,121.22431306509216,115.57212528236033,123.17578684144725,97.75459530979215,137.1086030198378,0.0,102.5888958354723,121.80142817093373,112.52694975533642,93.62351807378215,104.34160703127633,131.71629726628197,119.1081855816854,121.89527172239883,110.3696906456342,113.8867156288973,93.4890977526969,114.49256304535503,100.01373796745243,63.13381304136628,114.4340441237705,112.12698010145368,106.63446634467704,105.86109364083829,97.8189263116174,91.05564981340412,94.92155670827329,114.09366037752298,93.40450649442488,118.77117225892525,122.73377022655066,101.00325730217868,145.423653376854,138.35940871372344,119.3897790991319,138.52123593707387,92.64659152802565,72.7414687949595,122.22743397176407,106.98011305466348,88.28313318933276,102.31528597335634,126.82246237509843,114.58471744756386,113.29907644493363,116.0029255543737,126.29850362300726,114.41457772184295,102.13909652390912
1610555722.67fhKURdXVzRbLIjXmjRwdJHTnE7PWb1AE,125.99241889141538,131.31748135332987,132.84806868985515,106.02140467584006,95.12735876098156,64.0943471857419,121.45410842569129,133.21441368762905,105.59787233971892,135.345426317557,98.2623564368885,140.41698294709593,151.20164868173242,133.57620338599227,121.36731534567744,128.5155657754518,112.0530659246846,118.16938263984582,80.72575594693696,128.6083815796002,118.7824147065107,130.32138893850774,98.34526712893319,133.53667669844396,102.5888958354723,0.0,117.09835386865969,125.59160430841278,120.07512846021815,115.24792494259601,145.55269352987798,115.37885789630236,138.92027825684323,119.78176497526688,128.4378794283107,107.17892754336451,119.61103907291528,121.69043001785087,116.21620811133513,128.57073425510603,119.33617563802187,109.6088657040426,116.05639845265155,114.30317708116239,111.449507045441,105.26740984174529,122.10536519393877,113.58789119928693,132.63599043570622,125.9130035394254,118.58121223808146,149.83951289866584,147.5831906334347,126.13166336718017,146.7899942318183,101.66649077363971,92.17880507571235,128.77613414826106,115.08254383428874,102.23029774786367,114.7342268244191,129.5207563325842,130.9547160404079,118.82698373074363,129.9916643690684,128.39931288569196,125.78142197484843,107.8275607970394
1610555638.39J2ZWBLuLTHP0jOlzB4tNHmYeijH5g5YJ,104.2159978332606,137.01617617643524,111.39109360271833,129.1310037260621,100.36251339886309,116.57592873178687,131.1292741214715,114.73558832865444,115.25351058373909,117.90531559863601,131.778076053672,149.6174591523873,139.67626322344196,130.28384296836134,130.694045956824,132.97121544171492,133.23497318183638,140.52992550855762,108.73229459989587,111.88416034715627,145.1325675618668,146.9186076945307,105.95944487573647,113.56623039858088,121.80142817093373,117.09835386865969,0.0,143.41819489208416,137.18311997054582,125.741654926876,126.91795972138907,131.42054794776163,125.81377004810508,128.03546946685142,141.2932806566656,125.34259493699841,124.3649482796499,132.0958203914735,132.76588594171074,127.16745934754833,131.8163078026847,134.9525546725879,119.26981711854536,137.25339627282435,136.87929012111283,137.20893681261396,121.51437120655036,110.0051483090039,104.450586501052,117.57886265508168,127.7940831417442,136.62818929429147,142.20234315740007,138.00848652298438,129.9384632138915,121.30442758623573,121.84517783593206,142.6438672012515,122.50386658995357,124.72333072430199,136.85533292676402,144.48750199989448,111.12382485242469,135.78104567411611,101.74915058289916,147.9016341035193,114.47816853120656,133.1636148216589
1610556032.17Q6yCDx9g7alRnL9jBFXD2JhhUyB2hKfJ,146.1994588550946,127.64243689621262,152.4103524989704,97.74620327218388,136.51353514257096,122.79824993101792,142.62725218518315,156.94345440622996,144.26539471000797,139.3864488781661,111.36157944831942,72.42890289103018,154.59809108275414,158.74432091693254,128.92641913899303,110.84517723823664,128.59072377677302,121.81045906875939,122.32696717629086,121.26916061452775,81.74510481643864,134.78640895679513,126.26864835723897,155.99740737514344,112.52694975533642,125.59160430841278,143.41819489208416,0.0,87.19737257904401,124.42996635036063,150.97591497884613,146.07576189056024,139.19332327697083,109.90346045354055,82.8576039342815,97.6686556114231,125.43097852333419,110.32749449345438,105.57612175826594,131.1344743445182,104.35164051899375,107.88077428367706,114.89129884347693,90.23926544899047,105.2080216759554,108.28311252582452,132.9006652168944,131.2600504514973,141.3523406523073,140.16649867590118,91.13998291938219,163.62099327752517,151.34650649947625,135.48546610811493,147.31179258781756,120.51055438438857,106.20509432501731,104.36022045928388,106.67827142400274,113.27816194907714,112.37298443487202,139.75968254682778,124.98538547383694,135.01401739160602,136.3815203646208,140.37830618405565,132.2408775459198,101.88195679306564
