,1610555604.25mOvVXuL01OCiReyVWBfesjuvXmB3MoPy,1610555605.43B6oDsBtWRQ29Q9UMQuTUEPZy3FSSWXzc,1610555610.92HPGJJSmyPM40z7otPBgHalNrHFA7zk5d,1610555606.68LaSQbm9EHAFycEfFtEqAwYqlBsQPjIRW,1610555617.19EKxMEwDHfXiEJZc27TsGoERaD6Da4BZU,1610555722.52PJ3FD50MGhRXyUD28vluU8Z9UjLJLZn4,1610555617.52Ijr5puT55g9apK8auM7zaxa3NANg502t,1610555638.77ZLjTLkz4jYJdFMI2wWBztzsDILkoOtAk,1610556912.46C7tJPLF0XfNnm8f1820X9aLmXMHoc0Dw,1610555617.51LjzIROg0aeCP2GhDcAVQ0LipKJB9jmKc,1610555608.17OpjjHobqRkX0UPcaXrbu7K6L3805SZri,1610555721.82zWeNZfGUUfRJkgnAwlP8VMhPzXctnSd4,1610555735.75bom85BDF0C7W2eIseHeMxi24qR68nzMi,1610555735.77NnT5xqKnwcf2BbjIekeb2arTQj6QMNwk,1610555638.33wjf1PhdNaoWfbRzXVn50hmFyB5bYAiLV,1610555606.65jCE4ig8Pu8kvAzkxnSGfWsV0nQBjCf8H,1610555608.18ONsBCVo1i7BrX0XG9stct4oiA6ejX9Oz,1610555721.51RNoQUMP19FTMS79BmA3JkgSm2IC2AQuQ,1610555971.86O0cHB2ibBJ8jxoObg01EpGe8VVV5mpwn,1610556911.51zU3duZSGpcw1BDNsBLxdOCITAXwl6z3i,1610555988.71dMoYT8250UHHJGxgmITTmbHe7V6gH1yU,1610556042.81mlUZsSp7gbGjrp8jQSnybT1gPy6e62o1,1610555637.02UBW5nKvDyUrKnaWcYRGajZPxTRDS0q3N,1610555619.13oUYNikU4facCTpUSiSLr0vPI0tJLnXiT,1610555721.03nzkucfjAUh31zTbmCVvTVYqtjoxZFnBh,1610555722.67fhKURdXVzRbLIjXmjRwdJHTnE7PWb1AE,1610555638.39J2ZWBLuLTHP0jOlzB4tNHmYeijH5g5YJ,1610556032.17Q6yCDx9g7alRnL9jBFXD2JhhUyB2hKfJ,1610557007.49MyVgDnuUuBxrvL6SGOdhKf69VYlW1MSm,1610555638.44hjT5hbYdKoE3MB6hijrjqbjmLgvCUYKD,1610555608.13zUvmFSCRt6SsLbhqFznMEvGx54GPGQzM,1610556038.62a5C4ynd1AARyAhTv8a58NCqHvXRjscqH,1610555644.45Xse8u7pusHNsd7F3d0A32HXvXr6weOJE,1610556038.62gKXOCG7XCn55eJvyl5voNjbwOW0znQDq,1610555987.13v0oleKK97pkesp6oMgprH8SoSdoDVdIO,1610556964.96ZLLeiQW0qpmxhPGTg7K03fmzkqsC2bjC,1610555987.13VQlEedQ50VvkPMEMzZDv3KNnQCewykN9,1610555982.186TY6MMGkDecIN1woW6vsfAMXVV7jnyjO,1610555982.673LuMndkwkvdmZOn0MmE2Pkidx0FtNalb,1610555733.38zItcuH7gHNfKdALR2d9Nek6bxCyw36Vm,1610556034.15BQxSbZINGCay0yp6RBVlgcPrw76Yn9ON,1610555639.37BPZpgtGml8qUsh9AdV4m32jPLfI2aNFq,1610556965.57S0adAalhWYe6K3bkZU0bRHbqnDK8gGkR,1610555983.54zteLPCMjyrjzPdhHhlZr3faCgD0TfYr3,1610555987.79rHnNRmt9a0ufmnwCvZqBouyUoZDNpylW,1610556960.041xWER61rmArlsKfiMl4frikWmUCnQ7op,1610556035.13a7NHZDutfTMJ88qle1gTYY59Dr4WmMsj,1610556890.456ZBDaY16bMtrTZTqAgHl3wq1tRxzqDow,1610555760.24e6890pkbyZ97Or6croI1rQgjkSsR0yVt,1610556043.02YpWMIJg3W004iqlPyv8OcVAZdSC5rNYw,1610555987.03z05P26TLtONYM1HSzupoc2CeNMa6HTqr,1610556032.15OYCzUxpsz7b10AXBAuDXrvEcvxFhf0M7,1610556032.63Z80yI9pNwS3jSmsDABbuhf8wkNa2Ze9y,1610555736.28eGuESasTXdR3SqY6pHhEXWZtcdciYLCO,1610556034.61bebeZA0MkaFG2sm3VKiqrxeqQginTTW0,1610556944.5XwXOphKYT3ZkWA8gViqOS97VHVuMVUqb,1610556944.745UVLFBzf7fPh4UH37I6tYQOFPqRDytEh,1610556034.63XsUwaFaPZevO1JNFjfhvY4aKNFnV4noV,1610556964.89xwBHw9faT1HjQRMNQEyA4qJ3hWkwgj3k,1610556966.74DydzH91jtyvRyYau47JpVkZoMRSNTt01,1610555740.77UueVziDbaXyRR4OcVJIIZyzOfAzN51bj,1610556046.84e3vwjyRCzqz0wJQhrk8zsxlFfFSv98Df,1610556137.99eoPuVrDThKAOvmeprLPb2FWRqIhzUodc,1610555740.73XFwSrmTXJPlaxGZSefh0jOVA8PI3III1,1610556123.88AOfNaz9jSnqU5Czc7okOv1RCrYfKFBTo,1610556046.85nB7NvyoYQeLcOV391Lmmut1wAM8CFGLw,1610556123.89H4pdIAzDthI7bMXMhlIhKUYIQIvtmPPQ,1610555740.87GOYQUJKpkynIS2lFqppYK4b32ol7NeGh
1610555604.25mOvVXuL01OCiReyVWBfesjuvXmB3MoPy,0.0,256.00463615526365,68.97878173516054,238.92730952620425,201.3201525332687,225.60387522293198,200.21421895328692,79.73564837839027,200.15238539230774,203.54807671021285,300.65831596628647,244.56768743823466,258.36357504747275,178.2351751137017,280.72667178107014,203.60934577699214,351.0427373081881,284.6441692407463,237.234076556774,198.91944370293217,282.1920732548734,317.76450690636034,201.07514890660778,74.20138093407465,239.08452121686605,252.59564388536788,180.08681754236272,253.80723723458334,247.06053672127805,191.6001165076473,204.82936356686528,225.00625249663594,236.6213091641544,226.84023288522704,232.30235655434385,254.61080857628411,219.35090681862684,220.84992772919648,256.64097670703933,248.1152521400764,231.10556832756595,311.667670497414,249.89924057599177,219.67142439996613,279.7239608157958,291.55494799948383,225.25361871995997,211.6238110706283,201.8386380083178,267.9165571554798,196.2907453656284,203.0691287006426,258.63739617926973,307.1685999962642,179.31488666776627,233.555892331264,256.51252712358286,199.98825778855797,199.4472067263099,239.49163999678493,310.8326881813566,336.15032288085575,214.93101326984979,321.8120175517003,204.86167576154008,343.9558867177618,252.8490588144124,293.4000671591254
1610555605.43B6oDsBtWRQ29Q9UMQuTUEPZy3FSSWXzc,256.00463615526365,0.0,249.3432243070691,289.2293128097253,273.2910482385279,287.4057291289943,270.4755026411203,251.56053657581896,273.00592698097216,266.45221603176145,335.1044294128474,299.19396112555535,296.3954059697984,262.2488070012979,346.2273399276843,278.9494473721093,371.47599879313475,151.2745846264994,277.84444556997863,264.94687195740215,327.6300588779107,345.9558413144584,269.8565639804096,248.9607934303194,295.18520809547897,312.0547469538862,263.362264059688,299.29459323615873,303.5327458315788,258.73345851897454,282.2242188738712,284.3603088109114,282.3512821713508,283.8139160986947,293.55915318978356,316.03445243776076,293.89782798568996,279.30294670152455,302.3015123400069,319.8735537024554,293.4540241865633,346.26895955028965,319.11312582304305,296.12583789042804,248.58744073784348,162.7064752365557,297.22816091792737,286.01977628233163,264.54889030658956,326.9260159105052,270.6104621454528,279.69075383253505,323.6113215939258,362.06029882821497,262.6845296996181,292.69949353225553,302.2630974741754,267.43232372488785,269.85932869566943,292.11993309424884,356.5453202617918,371.8984512703575,276.51038328179465,352.6838122640338,274.91150766088276,382.43105068640324,316.8524077270505,346.7537881041862
1610555610.92HPGJJSmyPM40z7otPBgHalNrHFA7zk5d,68.97878173516054,249.3432243070691,0.0,231.78078068007125,192.77830165990042,219.4103903407416,191.62307597450618,90.4360424352985,190.49599165879255,195.10379111458408,295.0072300835413,248.2797093362899,251.76458584591978,173.81790269092713,277.697471519976,195.16771111685392,346.16331398470106,285.18546654716033,223.1882637920454,188.4509647345117,274.41823650403745,317.4529882073159,192.52242799910715,93.59988934878896,231.4425017586928,246.26898210330015,170.48483753438163,246.8992394999496,240.14709205978923,182.60414677821706,196.44016380074717,217.39706400371816,229.39771952967385,219.2946899272319,224.65770519921205,248.18589110756233,211.98382033784702,213.09237516356183,249.99652137579764,248.4859955376115,223.82713085657605,305.6444330153645,243.2615990469954,230.2479559319483,272.51008813096666,285.3117199229048,217.79664327101256,206.12723554681028,193.31969782696586,261.3832359817426,199.54167648743024,196.1813950577328,252.04557619059582,301.63921926453986,169.6687901634559,226.1937537785789,249.2993437912308,191.3869719394705,197.3119208376387,232.52207238460562,305.94934525492783,330.99555394043756,206.95170992301846,315.96592976099834,196.47385569251463,338.05929228048024,245.95070228834413,288.16032460232594
1610555606.68LaSQbm9EHAFycEfFtEqAwYqlBsQPjIRW,238.92730952620425,289.2293128097253,231.78078068007125,0.0,263.02627551858933,279.51785538646914,261.2192269937668,232.69220517756008,253.71199630254372,260.1576322868171,330.6179006132334,284.40958170480025,301.17532456402705,250.06936665569108,327.54668845312926,263.4676818098819,388.84584732204894,313.3479902695699,270.3528201140147,253.63156503521563,313.94418348175566,346.64177768443943,262.7522773155616,230.68780634839354,292.7592431634857,305.842967145852,242.49822263392775,289.11235600974095,294.7120023540317,254.49124232814492,263.797908850354,281.0774704325226,282.285636441892,279.922593481272,280.65989400572255,310.1038665152406,277.59544113184825,271.8368058759991,317.2902113390787,305.66148783912945,282.86613763602975,340.8225325190348,314.6192213091933,290.93473860887406,307.6677608599152,321.3506890701397,282.52076354516834,268.27344627282605,260.1161071133158,310.682205894017,249.81411654882976,262.5705668240521,307.8442302011086,361.62750193347813,245.71175826792825,288.6478680775725,305.36572002727024,249.51860028578685,254.83272874336143,293.3888024200492,332.25517486386616,371.8500402477717,268.3762822311592,363.5611858376238,256.3333076492829,382.31464259827595,299.68761432813756,327.63490685595684
1610555617.19EKxMEwDHfXiEJZc27TsGoERaD6Da4BZU,201.3201525332687,273.2910482385279,192.77830165990042,263.02627551858933,0.0,249.1483708345607,204.6599629893737,194.96055630999288,247.75681389684152,225.61028569238965,313.5122722122667,276.5974733683216,275.9699007669048,211.6177186580831,299.6093058508935,227.6306796167989,358.91112641560005,304.7737318845153,237.8657521944586,230.0595409383804,298.0076650842755,333.00025447061523,221.4106038576084,192.49538785391775,257.41372622082525,270.52530229431295,210.75035274937488,274.5394689632458,270.31490765510324,211.93828159875872,232.05455675175207,254.58255688568943,255.84726973007417,252.0878715005039,256.73022188605114,279.47771999949765,245.77434209943507,246.40130318566216,274.1851825063857,276.66877473456043,258.04905130712314,334.68398180786295,270.20455435698955,268.9503872491816,296.8363517568064,305.72197293458436,251.69059838529805,238.16694984229636,225.02594089746114,288.14528443809877,233.9425098983355,224.64516401611573,280.04817398204807,326.5192143377276,206.22740395827043,249.59834658498178,263.8172356277393,228.29261444650922,231.1408869704067,257.53391050072156,325.6217177465382,349.4877182878652,241.42955274167556,334.9568312703529,233.94992661275083,356.08072939835193,275.7651179481453,303.842889714563
1610555722.52PJ3FD50MGhRXyUD28vluU8Z9UjLJLZn4,225.60387522293198,287.4057291289943,219.4103903407416,279.51785538646914,249.1483708345607,0.0,243.6451239908829,219.29009992074074,238.55788787011917,249.95920507063005,328.9417161962388,283.24178638049466,292.8594660798142,229.12248343637506,315.93491579944003,250.46469733965282,375.160263930604,310.9945071261945,158.51850209086822,246.1100783975546,319.66488037254993,337.9023039380985,253.16562477715848,214.34481986460068,283.93905588429976,228.0793142961804,232.92689431103264,291.7904105204876,286.54760138818347,230.0351329560095,251.07075040839803,260.384918392117,277.55617200428657,269.52574940769654,270.8894241434967,294.2508109355169,263.03824521364635,264.2404599414742,295.66361540512247,297.25219337534463,275.13196502044303,340.27885064231276,292.002254236732,285.51159100426383,319.2842105102186,319.72824066287325,263.9090042585364,250.84489296977546,248.51555247279617,305.20595176542247,250.34277620078652,246.8089156678676,296.4611351920126,339.2256481180692,230.7735460370714,240.711798723624,294.8574488790156,247.60504858341793,248.02736751273284,262.9265739110727,347.25733948516626,372.73367574591464,259.4533566394869,342.12849515335455,251.26378648973858,367.11940748510114,290.83143690403534,325.61968201542464
1610555617.52Ijr5puT55g9apK8auM7zaxa3NANg502t,200.21421895328692,270.4755026411203,191.62307597450618,261.2192269937668,204.6599629893737,243.6451239908829,0.0,197.44106690876094,216.82863734057898,225.55808258098915,311.19408937957985,272.10249519466913,273.990570643246,209.9162314475334,301.087692915837,224.4690947740363,363.94385861635936,300.8534910049009,233.10143225075106,227.35941561036623,303.0538195914937,329.16743842403696,221.7095559376397,194.35724483409837,257.5765085098616,271.1982253930034,212.14745397842003,270.1357325706352,270.2750902046911,204.00966050305303,232.039581127343,235.80474015553017,255.80123736163586,252.37178884742005,253.81210874170523,279.29304176334716,245.02919575888674,246.0607776583524,273.6408358443555,271.60310562580247,254.73577497992827,326.0941757699332,273.30468084591325,266.2060831684736,292.59752828956925,304.60931626747805,250.06680021195058,238.42041424555876,225.1285470297817,292.8070494569584,231.41670682709474,227.8658561204513,280.28187061910245,327.11856500066597,210.15491428628178,248.74530115712253,273.44998466591,227.46061624066905,231.36585719931062,252.70256226098607,320.4403960255714,353.2017538756224,241.44343091934968,327.1329620067466,233.70889501356024,352.25348520254624,280.4227220173642,309.30620755156946
1610555638.77ZLjTLkz4jYJdFMI2wWBztzsDILkoOtAk,79.73564837839027,251.56053657581896,90.4360424352985,232.69220517756008,194.96055630999288,219.29009992074074,197.44106690876094,0.0,189.9984130355187,197.92965761035404,299.3162519431546,245.44303837790955,253.9607582691393,169.10359007751586,276.11076474733,200.2646067830165,347.436300135749,284.71449728720273,223.53970114859905,192.99549644055202,278.1441178823808,315.91094977154347,195.3856323713181,95.59390910666522,234.31213578977884,249.03516711427767,177.82679018315264,251.34187832646742,241.66953785892207,185.62170286898103,197.04168643305053,219.9377766387942,231.80589677547815,223.83178578972942,228.64366389324658,250.71558165775642,214.14749625311788,215.51993063312835,251.0228906143921,243.02740475027284,229.25624050576388,307.39196802497526,248.52893349857703,220.99101451187687,275.60319862303413,287.58502474387893,221.94823514060118,205.6180821499021,196.1712660467329,265.90517359384614,197.63059372187328,196.9679184721198,251.56195873108908,303.03695854619906,172.8391865458202,228.80444743248995,252.40377391249203,194.2669119603958,194.05107136041033,233.95237419752206,307.41723878376035,334.81600742374707,208.28205211851946,318.52612993597023,199.19739330486607,338.7606483710555,250.20078467848612,290.7282143542789
1610556912.46C7tJPLF0XfNnm8f1820X9aLmXMHoc0Dw,200.15238539230774,273.00592698097216,190.49599165879255,253.71199630254372,247.75681389684152,238.55788787011917,216.82863734057898,189.9984130355187,0.0,224.60447656683806,316.82902250882404,266.43343823576276,275.1515501958967,214.25645899372034,297.89016597185247,225.19102073832244,364.62356386945595,302.0923755611183,223.12270851736713,220.91408796934877,292.8720838356915,333.1958055588595,222.403029809792,187.56785889179258,257.31326690863074,273.30986458206917,203.39171000143776,272.11503811826935,265.07834654349455,213.98982498265337,225.95739985870762,245.50600564933652,254.96077210424932,246.225075914396,251.66265830383222,274.28546731636635,242.98027168969236,240.15301349121316,273.90893561948974,274.8414835938895,257.914458766276,325.61389671681314,269.2495932077619,264.3696112660333,296.1660093741413,306.8425451614547,246.0900312643898,225.5466018088984,222.99674104161505,282.5612487707488,225.32360176428057,228.52553987233185,275.77145307925736,320.7447431529139,202.84221493693366,252.34357483716573,279.09712402966784,221.4887847213382,223.0459733273418,252.9675168862995,326.1372178930412,349.8392283243203,235.29737635093323,331.0942557851237,225.98886154493863,356.6453599070914,269.7715008277257,305.4536804407226
1610555617.51LjzIROg0aeCP2GhDcAVQ0LipKJB9jmKc,203.54807671021285,266.45221603176145,195.10379111458408,260.1576322868171,225.61028569238965,249.95920507063005,225.55808258098915,197.92965761035404,224.60447656683806,0.0,321.73603905275354,270.5077952097657,162.7780093743605,213.74591610712048,298.70100739703366,230.38323978429096,369.20398066798367,297.13380257258615,240.61502872512213,229.20029829004844,299.3119324054468,330.5978230939359,222.933138663368,194.61480535892463,256.836969533077,277.2461288066677,211.22941394258535,274.50085160215525,247.2533879815152,215.67254960389008,225.4760758427466,245.82891951411662,121.53244051477216,250.42273824753778,255.3045932465392,277.31334181438444,244.09986544368306,245.4503225674445,276.0363398035406,276.751049680549,256.7820179035686,330.4061713116499,273.4692104676132,268.12329428071496,297.3331593239245,304.0265622483648,251.76283465637476,239.14614532335236,145.14809260309053,287.39280341356863,231.64836758721265,230.5876648991127,276.4015502808587,321.91797733922476,211.96254864355592,253.00990637336977,272.7331368093927,226.69636782958895,231.37233710120464,257.86615889813976,326.9370954893687,346.76801333605516,222.03371122961505,336.44928401202577,203.60747797836353,357.72250058450913,275.87429600250476,310.7854825503062
1610555608.17OpjjHobqRkX0UPcaXrbu7K6L3805SZri,300.65831596628647,335.1044294128474,295.0072300835413,330.6179006132334,313.5122722122667,328.9417161962388,311.19408937957985,299.3162519431546,316.82902250882404,321.73603905275354,0.0,334.3633094924855,362.79580999255154,312.05189414805733,374.2122525409044,314.4947006305565,401.7642911257657,356.80656891936036,325.2468876132445,314.78753158795286,357.25205840188784,385.828388303951,322.1097957409805,294.9765703102886,347.7358605028631,353.06831009374287,300.77051892855036,347.85458106392076,353.7764230750613,313.2298107243021,322.544997987679,335.9858796539617,341.35504119244655,330.7977874218492,333.268806285904,355.71302294336806,332.4826357497318,335.43010358760483,359.1235272487621,355.34688037572874,336.44957474951866,364.9304694633937,357.2771958895746,339.5922402644541,352.0131391563585,351.1178633529947,334.4208360545639,322.67287594716976,317.8623684877526,359.9729520637619,311.81378503261413,318.68875662663464,350.6100494061247,403.47932920499943,302.788296736884,339.72019845966236,353.1079823829458,308.3996877646016,319.47113428386024,343.7498859682482,403.4689265294495,418.83409045598745,321.79559148983947,408.8513315571459,316.10921812344293,426.46168471812234,351.22350006180267,388.9245176934519
1610555721.82zWeNZfGUUfRJkgnAwlP8VMhPzXctnSd4,244.56768743823466,299.19396112555535,248.2797093362899,284.40958170480025,276.5974733683216,283.24178638049466,272.10249519466913,245.44303837790955,266.43343823576276,270.5077952097657,334.3633094924855,0.0,307.1177959044739,245.8217840315711,332.60694086947024,273.7510796454108,382.55806888727426,261.3008266652076,280.1124234299108,259.9009968842649,278.01572727001036,304.8120097883788,271.3587069152181,233.4510044380448,300.69049207299724,312.36230638200055,255.01971223010923,314.31330359016016,298.2983849225562,267.6199635204562,274.23914772260235,289.95549161006693,288.7743757437035,285.22726040957775,290.4822074930848,305.4604583676184,284.0337261795637,279.6749938369589,318.14355484082057,314.27385026795724,296.68889870401796,341.15429172148606,310.1866982907175,290.57564482001305,320.5550918103672,330.4177611103795,289.5239030184865,268.31101885713156,257.9642496875157,314.74784094249367,157.41133276703718,268.29923646041186,315.4723371956635,350.7754319358015,258.11870171229793,299.1219563504173,311.74921491294225,254.58569235415774,258.0856627026919,302.2127214209581,359.3128927841471,383.338486111129,260.3779689934792,370.7415866854262,250.98031893294603,385.0671333583352,304.3263371487262,345.03200530748256
1610555735.75bom85BDF0C7W2eIseHeMxi24qR68nzMi,258.36357504747275,296.3954059697984,251.76458584591978,301.17532456402705,275.9699007669048,292.8594660798142,273.990570643246,253.9607582691393,275.1515501958967,162.7780093743605,362.79580999255154,307.1177959044739,0.0,265.2054472648735,334.9348365223357,272.8409873992243,403.5445272610445,325.04569366473413,284.93959545860514,259.4821390527641,333.5242486106268,358.3218115803285,273.7876724593513,251.38583859035575,302.05520539230827,316.60439065250324,264.39964799783405,310.5191823058248,291.3758039174196,265.09015659762616,275.397750948342,290.1551311657085,109.70267539958519,263.1414762901243,294.14427956854183,314.738659005009,284.88512278894035,260.32175139081875,318.9158170356167,320.6079624966657,294.7334106589872,360.70397487333423,310.64632974159383,303.7129829713503,329.7516435794561,330.58373191118153,298.5931587498724,287.0850955490792,218.09321200393845,327.43009444536295,276.0126381152208,280.01051376554295,317.19733905098815,357.0276260839873,258.6251274424986,298.8014907399328,315.8277930091823,270.9633663275176,275.90335155555516,300.1136224649205,360.1788027706334,372.0437305286665,248.26127776367088,369.94362137713546,256.76119650726974,387.74496051612533,317.37868422106817,346.1719187997518
1610555735.77NnT5xqKnwcf2BbjIekeb2arTQj6QMNwk,178.2351751137017,262.2488070012979,173.81790269092713,250.06936665569108,211.6177186580831,229.12248343637506,209.9162314475334,169.10359007751586,214.25645899372034,213.74591610712048,312.05189414805733,245.8217840315711,265.2054472648735,0.0,285.52823409453555,219.38534558334638,362.9208007053031,287.2252844856494,220.34047438399134,210.9139667911766,290.3637697517951,315.3767156260138,210.92828963749747,168.10176502559344,246.9610088287713,263.1726038317178,198.94317032660868,265.8214303407875,254.72120419667885,199.12983664911934,218.49583215521238,231.45172468733213,245.4488563236827,239.10820857910716,244.36973124170672,265.14432386730806,230.61718249947575,232.33504905108052,267.24841648992384,266.52812208139244,245.04162853978332,324.5074036544068,260.747943335577,255.69879945349982,285.07975181605894,295.79841587864024,238.30339114271285,221.48754946494972,212.54667497820503,282.6093868303643,208.145803275318,214.93916553078975,270.93107520610664,316.03615698425625,193.82983567357604,243.0746505947427,265.6768159674607,213.15008506302198,206.77702379901288,247.55200866677293,317.1369909502497,345.5535584855569,228.0792783589693,325.29262983897206,218.96098418460886,342.6287516220269,266.35368393432105,305.82573303262205
1610555638.33wjf1PhdNaoWfbRzXVn50hmFyB5bYAiLV,280.72667178107014,346.2273399276843,277.697471519976,327.54668845312926,299.6093058508935,315.93491579944003,301.087692915837,276.11076474733,297.89016597185247,298.70100739703366,374.2122525409044,332.60694086947024,334.9348365223357,285.52823409453555,0.0,293.86818881927,414.54944925843006,369.4884412511424,307.4491820561029,300.81091664121584,354.8831103633852,385.94188683416075,300.3878887457268,274.56490034951344,326.8511767932375,334.9098770279521,285.9934692015065,337.042157371303,342.22010469098996,302.02544706400124,304.5606104914942,323.99176256738394,322.022324908912,318.50693876982723,305.9640833518081,335.5350009393388,309.1792148392329,313.95291976917133,341.4937454267109,339.73155526535857,310.62099916067507,375.4997051596807,328.12114157617486,332.79563674437816,363.06325759199814,372.49970396982513,319.3564812857675,298.4049176558519,302.76882365707314,348.9997519234107,303.0620991404605,292.7211066550288,341.9664916295334,359.03538630414994,285.5827932894959,324.8572362707149,332.4290711988852,302.7228543506274,300.5483517202869,331.6237123060297,379.69203812885803,404.58664759405974,311.4449559836731,390.2904401829237,303.12694082230786,417.679074220997,342.68419798050695,366.2388309254249
1610555606.65jCE4ig8Pu8kvAzkxnSGfWsV0nQBjCf8H,203.60934577699214,278.9494473721093,195.16771111685392,263.4676818098819,227.6306796167989,250.46469733965282,224.4690947740363,200.2646067830165,225.19102073832244,230.38323978429096,314.4947006305565,273.7510796454108,272.8409873992243,219.38534558334638,293.86818881927,0.0,367.75372122823035,309.0504988954624,241.1315631314283,225.69892977841732,294.66875213785795,337.86512707521644,231.8282168495907,195.6063422247879,265.2367209152115,277.27331185065935,211.85944150877353,277.68517058200496,270.0364372380711,223.65247086021492,236.85850818340217,252.22232131375551,252.01488831004767,229.2796877326375,228.9176364286656,278.64240691979865,246.99314503109346,223.87038653447118,282.79498107150164,280.334343302762,248.0070102688873,335.3230275766235,273.6692612167805,268.8032899090081,312.68113795226526,311.6481352409015,250.68405898518432,239.04063149608916,228.82485248389148,287.36890804144207,234.34182388491465,231.30471284707326,284.8409623504559,328.44831781472806,209.18494447522949,260.39613591738845,283.0834259056721,230.99877066362296,231.01218503386875,265.95500902793407,326.27038019010587,351.81276534358494,231.82560358207823,340.09773378785576,230.62981745338152,355.02269115501554,274.7648172350532,299.27585661488484
1610555608.18ONsBCVo1i7BrX0XG9stct4oiA6ejX9Oz,351.0427373081881,371.47599879313475,346.16331398470106,388.84584732204894,358.91112641560005,375.160263930604,363.94385861635936,347.436300135749,364.62356386945595,369.20398066798367,401.7642911257657,382.55806888727426,403.5445272610445,362.9208007053031,414.54944925843006,367.75372122823035,0.0,392.6921530349015,367.96573335748894,364.70967679269773,397.733348083335,426.4556833742764,360.9761961994864,346.97338848637503,386.74448089859766,384.8244684017059,358.8574311962142,394.64853982222155,385.03358998464796,353.9591331939271,362.49154124694485,376.04895538990877,387.0789505241343,381.2942124809504,379.14585594892054,379.6730370065036,374.82551182575884,367.10890800732915,398.16957602078605,398.17901797189285,383.2795835210674,424.89617873900823,399.0922386245165,391.1523589876167,388.1829522026454,384.168551230549,383.85862108920804,371.5934858472665,369.22512078404543,401.7702184402687,363.92619045092306,369.9744591508287,409.39961305153,424.7248210468021,355.78675052535306,382.26813937198796,384.88716708929405,362.585962793375,365.89688224355206,382.28282432553476,449.48521461114365,447.27593865190175,368.45173996014023,434.9532659887165,369.11110324448424,450.6577773885026,393.1903554409599,433.20480243509024
1610555721.51RNoQUMP19FTMS79BmA3JkgSm2IC2AQuQ,284.6441692407463,151.2745846264994,285.18546654716033,313.3479902695699,304.7737318845153,310.9945071261945,300.8534910049009,284.71449728720273,302.0923755611183,297.13380257258615,356.80656891936036,261.3008266652076,325.04569366473413,287.2252844856494,369.4884412511424,309.0504988954624,392.6921530349015,0.0,306.58809183067973,296.7851502488095,331.83192635687647,349.33930358335516,299.53847747981223,275.81401810321745,322.60367207707543,340.606183560882,293.6581931250287,332.77996188617357,325.51358803882164,290.83142793879244,311.0883497847081,313.03313639388506,312.2926717580669,313.6419565851085,322.57674922248907,342.9346691691391,321.60114406623694,309.4244134181592,327.3078874981406,342.527866084623,322.02320465574786,373.82565018749114,345.32833132080225,321.3163255072039,287.00280394954734,221.84696937216725,324.2028397992798,306.0995158598195,295.4282122029917,348.46101498312447,263.0667916316506,306.0759483882326,348.2316936687606,387.0062049770399,293.7122438310242,322.42535097302266,328.18602174246206,296.2631876602151,299.11642412078714,319.7907108463412,376.75428758028704,395.7760027061445,301.89770744113974,376.65143528656534,298.89888226802077,402.660011564686,339.5202988837793,368.6734193050768
1610555971.86O0cHB2ibBJ8jxoObg01EpGe8VVV5mpwn,237.234076556774,277.84444556997863,223.1882637920454,270.3528201140147,237.8657521944586,158.51850209086822,233.10143225075106,223.53970114859905,223.12270851736713,240.61502872512213,325.2468876132445,280.1124234299108,284.93959545860514,220.34047438399134,307.4491820561029,241.1315631314283,367.96573335748894,306.58809183067973,0.0,236.8465598369617,307.69007533506607,328.0788529956667,236.38454776131226,220.09764937690218,274.8530329027874,232.76479777912834,221.76979190464394,285.16411597027303,278.5320180334932,217.30789311200292,241.58747029739416,247.80459740858015,269.171723006937,260.7953819469894,261.37647276765256,283.2410763807165,254.13790496649793,255.2984728182095,286.05433885423884,295.16941731637536,268.9392237985215,339.19109010879936,284.6051081376211,286.3694276699799,310.59086973520374,310.62226692050774,261.51054131766944,241.27291888623756,239.11496747319927,293.78786362183035,244.1817895736942,238.03129796324288,290.36126580265005,330.7978027048077,220.5780892773408,263.7860845267188,285.5799178195358,237.73001497375162,237.69196947539604,259.0060666024358,337.7929932530704,364.21223142256963,250.6480751001609,334.81339481348306,241.91285365014016,365.40177374330113,281.28641157585776,316.26308764679084
1610556911.51zU3duZSGpcw1BDNsBLxdOCITAXwl6z3i,198.91944370293217,264.94687195740215,188.4509647345117,253.63156503521563,230.0595409383804,246.1100783975546,227.35941561036623,192.99549644055202,220.91408796934877,229.20029829004844,314.78753158795286,259.9009968842649,259.4821390527641,210.9139667911766,300.81091664121584,225.69892977841732,364.70967679269773,296.7851502488095,236.8465598369617,0.0,291.0301073904691,329.3767296773473,227.0284193112643,190.41346859457067,260.95787758290766,273.81227051356865,206.5403179898283,261.02211424778346,256.3515265586615,219.01346935835244,229.17065944875583,248.37746092987754,237.48743127235298,226.35974963022994,252.93597610047445,263.14581090322093,247.2039465550652,219.97420788268795,277.88971668516405,276.3348701864895,252.41414471998146,318.17387475739747,270.21891265467235,254.50223692004064,277.7510368914453,299.7944571422937,246.7562004886646,235.0034750678528,227.6551864370885,284.87206957601046,220.7288827712046,227.02242473272477,278.1639983756541,324.32515467340824,207.1644028505889,256.3553006851188,278.0857128888723,219.83673740352398,218.97561552928036,262.17723727384555,327.4784636860182,345.5194384158708,220.61834868091054,342.21209190210686,223.32634667906717,347.136503463791,272.8928313475359,311.38346869897464
1610555988.71dMoYT8250UHHJGxgmITTmbHe7V6gH1yU,282.1920732548734,327.6300588779107,274.41823650403745,313.94418348175566,298.0076650842755,319.66488037254993,303.0538195914937,278.1441178823808,292.8720838356915,299.3119324054468,357.25205840188784,278.01572727001036,333.5242486106268,290.3637697517951,354.8831103633852,294.66875213785795,397.733348083335,331.83192635687647,307.69007533506607,291.0301073904691,0.0,351.96614731188555,300.76548742801333,275.6254472459203,325.19574413838757,332.3337282237794,284.9482946771817,340.5406857446043,327.0626007643866,296.3834654771746,303.0936596111078,317.0560629565617,316.713946545185,312.8053273364922,305.4867451509284,335.1951200179151,311.4725544980959,309.00979465543503,343.0565115392851,339.9866306384445,319.62700692824876,368.6903980944053,334.08830336309967,317.22190753781786,343.6770403290121,353.95852266440534,315.64006074239114,299.6022362230814,289.92175460952757,346.4685732062431,270.70530352218765,304.5746285851403,340.4321481330531,374.50679398096133,284.81281490488175,324.49438645447697,335.0896796959664,280.5872579567756,286.11670164877273,318.7413767453018,380.8513182598294,402.89621916705096,294.86229759136165,384.7621448305376,285.6077921073508,405.659122972965,340.90526114810564,368.6992917583387
1610556042.81mlUZsSp7gbGjrp8jQSnybT1gPy6e62o1,317.76450690636034,345.9558413144584,317.4529882073159,346.64177768443943,333.00025447061523,337.9023039380985,329.16743842403696,315.91094977154347,333.1958055588595,330.5978230939359,385.828388303951,304.8120097883788,358.3218115803285,315.3767156260138,385.94188683416075,337.86512707521644,426.4556833742764,349.33930358335516,328.0788529956667,329.3767296773473,351.96614731188555,0.0,312.29085938453613,309.6839915183652,349.82287495431245,359.79924077666146,325.89348918065104,369.7091401090175,360.934199465845,306.33900581349025,340.19243585764394,324.360673748794,345.7760823754004,349.01916319992125,349.1045721162325,363.9834740538286,347.58940566206945,347.9745279547057,367.7678223521169,371.90467958341304,356.56772304550833,395.8631557456667,369.26108422618205,357.18547265728404,368.0776460113476,373.16180701708373,352.55355502924084,334.6677868762589,315.9894534031428,372.2620859145015,303.52239102384635,333.4291211688001,372.9845755608349,406.61525298526504,325.14071227576073,358.88632797504675,361.0787761642466,326.26747236369914,315.15114644779425,331.53414423245636,406.813148923909,435.785695418325,324.89696442150694,407.5722107281912,328.2774131999759,425.01268720216154,361.8922047735945,392.2452215311767
1610555637.02UBW5nKvDyUrKnaWcYRGajZPxTRDS0q3N,201.07514890660778,269.8565639804096,192.52242799910715,262.7522773155616,221.4106038576084,253.16562477715848,221.7095559376397,195.3856323713181,222.403029809792,222.933138663368,322.1097957409805,271.3587069152181,273.7876724593513,210.92828963749747,300.3878887457268,231.8282168495907,360.9761961994864,299.53847747981223,236.38454776131226,227.0284193112643,300.76548742801333,312.29085938453613,0.0,192.02686905816105,250.12057346521487,274.15733128420396,210.08893675982438,275.66840830215875,268.6272942505279,200.92966741824904,232.4400253033071,243.45655308708166,253.48966198334816,251.88963592083888,255.64132849183733,276.83499287336053,245.07700998936602,245.66154272169985,269.0949996906749,278.9762194201058,257.36184262349155,332.97889472813046,274.6080231425264,268.33949911385685,291.2835504474573,303.10062095742,244.6625866757051,238.7749847802312,210.01361505133488,284.8697488414792,231.3806523945897,229.7357592928527,281.2738300996614,327.14680718872705,210.3512095733427,242.56730765060075,267.7382128734643,226.4618216009623,229.26912190702419,243.84948700465335,322.0804903685333,349.25003633492685,236.3532213066469,327.8986993358708,232.47537089265694,350.6325747073471,272.8071024722072,315.84183820676213
1610555619.13oUYNikU4facCTpUSiSLr0vPI0tJLnXiT,74.20138093407465,248.9607934303194,93.59988934878896,230.68780634839354,192.49538785391775,214.34481986460068,194.35724483409837,95.59390910666522,187.56785889179258,194.61480535892463,294.9765703102886,233.4510044380448,251.38583859035575,168.10176502559344,274.56490034951344,195.6063422247879,346.97338848637503,275.81401810321745,220.09764937690218,190.41346859457067,275.6254472459203,309.6839915183652,192.02686905816105,0.0,232.14523501779868,246.91204026686478,168.61767322195394,248.06981387841924,239.6589396694185,182.08159593492516,195.9076560630631,216.95832916725143,228.98197938489344,218.36532882943763,224.10247570611324,248.80799123313327,211.9707406012666,212.6049413706943,249.6127315567454,245.89725295827296,227.10940814642933,310.94033233103204,242.10882506319513,225.23330885725915,274.1402529184822,285.7068109210715,217.1633518489744,201.9213811690269,192.82618786232942,260.6659292150959,184.4737510084527,193.97116239603102,251.5358702629518,301.1341679090924,169.03781537611505,227.6976679051798,250.87715662433192,190.8884653030886,188.00268889651895,231.76813237052696,305.39834849359085,330.5736880399521,206.45195049853407,314.47698546181846,195.95444530348166,338.6713412617782,245.12474316784642,287.60306229399754
1610555721.03nzkucfjAUh31zTbmCVvTVYqtjoxZFnBh,239.08452121686605,295.18520809547897,231.4425017586928,292.7592431634857,257.41372622082525,283.93905588429976,257.5765085098616,234.31213578977884,257.31326690863074,256.836969533077,347.7358605028631,300.69049207299724,302.05520539230827,246.9610088287713,326.8511767932375,265.2367209152115,386.74448089859766,322.60367207707543,274.8530329027874,260.95787758290766,325.19574413838757,349.82287495431245,250.12057346521487,232.14523501779868,0.0,304.6973000284136,247.4663003022289,303.55015594945843,300.45539803783566,245.80986945310187,266.5183145455438,272.2574344945924,283.7658424424376,284.6642772358472,287.61019894913505,305.51658188600476,277.42490220927937,278.98626918137734,294.858290799835,308.2581094520107,290.33317553554554,358.4403646853904,301.6817554170248,298.3931372633358,315.697131156527,326.2877518661497,279.5552249993411,282.4731588697584,250.56816928487856,320.17453201030503,264.80704015929047,263.63390267983095,310.8858072231895,350.84498856502444,245.44451258438392,279.0105820892317,288.69968304012394,262.8620230021148,263.35057333239666,271.07613341704507,362.5443496195636,379.89927319401943,274.5963915591158,349.0470545158213,267.12214794561396,378.4919812810002,310.1752098262393,340.3897641947307
1610555722.67fhKURdXVzRbLIjXmjRwdJHTnE7PWb1AE,252.59564388536788,312.0547469538862,246.26898210330015,305.842967145852,270.52530229431295,228.0793142961804,271.1982253930034,249.03516711427767,273.30986458206917,277.2461288066677,353.06831009374287,312.36230638200055,316.60439065250324,263.1726038317178,334.9098770279521,277.27331185065935,384.8244684017059,340.606183560882,232.76479777912834,273.81227051356865,332.3337282237794,359.79924077666146,274.15733128420396,246.91204026686478,304.6973000284136,0.0,268.72861778786194,315.5875577474987,310.67124942765895,260.1911549826246,277.98368893541135,291.8221303453394,302.36276284690825,294.76132035910183,296.1935169452601,319.0931453413589,289.03377956357326,289.90965223953566,314.67066893397606,318.6165577799515,299.8431373035083,356.8404730646067,315.3829605272479,300.87384960011343,339.95811023882663,341.33066735900945,292.9582650945777,279.11854524456544,275.9452691379232,337.20748417322045,275.05269797925496,273.167085632047,316.05091059061226,359.6440997028378,259.99290208826017,282.2253027631804,313.97051352109776,275.64549491752274,273.9108766047367,294.781606542878,371.0252305958552,390.92176274523126,285.6027961823196,360.9181040755581,278.0528959824664,384.8470954334118,315.79539860454315,343.2915018984505
1610555638.39J2ZWBLuLTHP0jOlzB4tNHmYeijH5g5YJ,180.08681754236272,263.362264059688,170.48483753438163,242.49822263392775,210.75035274937488,232.92689431103264,212.14745397842003,177.82679018315264,203.39171000143776,211.22941394258535,300.77051892855036,255.01971223010923,264.39964799783405,198.94317032660868,285.9934692015065,211.85944150877353,358.8574311962142,293.6581931250287,221.76979190464394,206.5403179898283,284.9482946771817,325.89348918065104,210.08893675982438,168.61767322195394,247.4663003022289,268.72861778786194,0.0,259.3998813090034,253.39526466950858,200.6938913133109,211.66950706981257,225.3427744362793,243.2605387905316,233.78221454440282,239.15947058368116,260.7880681606714,225.56566210186725,227.4403904776143,264.13869852985454,269.52394060487757,241.71086214988094,321.5747787416036,256.27610933197536,251.97594063272604,287.30947291294933,298.14876288363445,222.032822345856,219.04639803884712,211.7449213641182,208.94370552007197,211.51599991225632,213.31621650169723,265.2497979559591,312.26150403688166,188.01346336710958,245.48518184569366,264.8318479975714,203.55072426681556,209.1799789262321,240.6607541646809,316.53207115844253,333.3075736841377,222.39478901170614,330.40698760931014,212.15776428076202,350.7979218006595,216.12491073110405,296.7693485642758
1610556032.17Q6yCDx9g7alRnL9jBFXD2JhhUyB2hKfJ,253.80723723458334,299.29459323615873,246.8992394999496,289.11235600974095,274.5394689632458,291.7904105204876,270.1357325706352,251.34187832646742,272.11503811826935,274.50085160215525,347.85458106392076,314.31330359016016,310.5191823058248,265.8214303407875,337.042157371303,277.68517058200496,394.64853982222155,332.77996188617357,285.16411597027303,261.02211424778346,340.5406857446043,369.7091401090175,275.66840830215875,248.06981387841924,303.55015594945843,315.5875577474987,259.3998813090034,0.0,306.5858800561266,268.8519661243333,277.66621097865703,294.6660804530826,292.3892304870697,291.1275379615156,299.69086416530223,306.02344221888546,287.6765988092208,283.0552039506652,320.10528742034523,316.06447869931895,299.34239796066703,345.9219688945376,310.9451410053575,292.5149077831668,326.36066122122696,329.9420678722793,292.6513528837889,283.7580309703412,273.85268696051287,329.5497109549154,274.7770300575964,270.9566624913588,320.5477313250301,363.8056090571772,260.7509152345796,300.86076404571594,313.1134255235048,261.3775975024318,263.8962655718834,307.3733560848608,348.41229098960235,382.51787991683034,277.89735029694594,371.14758819415624,276.2306419940445,389.9929941548992,318.255007295944,339.4396090711397
