,1610555604.25mOvVXuL01OCiReyVWBfesjuvXmB3MoPy,1610555605.43B6oDsBtWRQ29Q9UMQuTUEPZy3FSSWXzc,1610555610.92HPGJJSmyPM40z7otPBgHalNrHFA7zk5d,1610555606.68LaSQbm9EHAFycEfFtEqAwYqlBsQPjIRW,1610555617.19EKxMEwDHfXiEJZc27TsGoERaD6Da4BZU,1610555722.52PJ3FD50MGhRXyUD28vluU8Z9UjLJLZn4,1610555617.52Ijr5puT55g9apK8auM7zaxa3NANg502t,1610555638.77ZLjTLkz4jYJdFMI2wWBztzsDILkoOtAk,1610556912.46C7tJPLF0XfNnm8f1820X9aLmXMHoc0Dw,1610555617.51LjzIROg0aeCP2GhDcAVQ0LipKJB9jmKc,1610555608.17OpjjHobqRkX0UPcaXrbu7K6L3805SZri,1610555721.82zWeNZfGUUfRJkgnAwlP8VMhPzXctnSd4,1610555735.75bom85BDF0C7W2eIseHeMxi24qR68nzMi,1610555735.77NnT5xqKnwcf2BbjIekeb2arTQj6QMNwk,1610555638.33wjf1PhdNaoWfbRzXVn50hmFyB5bYAiLV,1610555606.65jCE4ig8Pu8kvAzkxnSGfWsV0nQBjCf8H,1610555608.18ONsBCVo1i7BrX0XG9stct4oiA6ejX9Oz,1610555721.51RNoQUMP19FTMS79BmA3JkgSm2IC2AQuQ,1610555971.86O0cHB2ibBJ8jxoObg01EpGe8VVV5mpwn,1610556911.51zU3duZSGpcw1BDNsBLxdOCITAXwl6z3i,1610555988.71dMoYT8250UHHJGxgmITTmbHe7V6gH1yU,1610556042.81mlUZsSp7gbGjrp8jQSnybT1gPy6e62o1,1610555637.02UBW5nKvDyUrKnaWcYRGajZPxTRDS0q3N,1610555619.13oUYNikU4facCTpUSiSLr0vPI0tJLnXiT,1610555721.03nzkucfjAUh31zTbmCVvTVYqtjoxZFnBh,1610555722.67fhKURdXVzRbLIjXmjRwdJHTnE7PWb1AE,1610555638.39J2ZWBLuLTHP0jOlzB4tNHmYeijH5g5YJ,1610556032.17Q6yCDx9g7alRnL9jBFXD2JhhUyB2hKfJ,1610557007.49MyVgDnuUuBxrvL6SGOdhKf69VYlW1MSm,1610555638.44hjT5hbYdKoE3MB6hijrjqbjmLgvCUYKD,1610555608.13zUvmFSCRt6SsLbhqFznMEvGx54GPGQzM,1610556038.62a5C4ynd1AARyAhTv8a58NCqHvXRjscqH,1610555644.45Xse8u7pusHNsd7F3d0A32HXvXr6weOJE,1610556038.62gKXOCG7XCn55eJvyl5voNjbwOW0znQDq,1610555987.13v0oleKK97pkesp6oMgprH8SoSdoDVdIO,1610556964.96ZLLeiQW0qpmxhPGTg7K03fmzkqsC2bjC,1610555987.13VQlEedQ50VvkPMEMzZDv3KNnQCewykN9,1610555982.186TY6MMGkDecIN1woW6vsfAMXVV7jnyjO,1610555982.673LuMndkwkvdmZOn0MmE2Pkidx0FtNalb,1610555733.38zItcuH7gHNfKdALR2d9Nek6bxCyw36Vm,1610556034.15BQxSbZINGCay0yp6RBVlgcPrw76Yn9ON,1610555639.37BPZpgtGml8qUsh9AdV4m32jPLfI2aNFq,1610556965.57S0adAalhWYe6K3bkZU0bRHbqnDK8gGkR,1610555983.54zteLPCMjyrjzPdhHhlZr3faCgD0TfYr3,1610555987.79rHnNRmt9a0ufmnwCvZqBouyUoZDNpylW,1610556960.041xWER61rmArlsKfiMl4frikWmUCnQ7op,1610556035.13a7NHZDutfTMJ88qle1gTYY59Dr4WmMsj,1610556890.456ZBDaY16bMtrTZTqAgHl3wq1tRxzqDow,1610555760.24e6890pkbyZ97Or6croI1rQgjkSsR0yVt,1610556043.02YpWMIJg3W004iqlPyv8OcVAZdSC5rNYw,1610555987.03z05P26TLtONYM1HSzupoc2CeNMa6HTqr,1610556032.15OYCzUxpsz7b10AXBAuDXrvEcvxFhf0M7,1610556032.63Z80yI9pNwS3jSmsDABbuhf8wkNa2Ze9y,1610555736.28eGuESasTXdR3SqY6pHhEXWZtcdciYLCO,1610556034.61bebeZA0MkaFG2sm3VKiqrxeqQginTTW0,1610556944.5XwXOphKYT3ZkWA8gViqOS97VHVuMVUqb,1610556944.745UVLFBzf7fPh4UH37I6tYQOFPqRDytEh,1610556034.63XsUwaFaPZevO1JNFjfhvY4aKNFnV4noV,1610556964.89xwBHw9faT1HjQRMNQEyA4qJ3hWkwgj3k,1610556966.74DydzH91jtyvRyYau47JpVkZoMRSNTt01,1610555740.77UueVziDbaXyRR4OcVJIIZyzOfAzN51bj,1610556046.84e3vwjyRCzqz0wJQhrk8zsxlFfFSv98Df,1610556137.99eoPuVrDThKAOvmeprLPb2FWRqIhzUodc,1610555740.73XFwSrmTXJPlaxGZSefh0jOVA8PI3III1,1610556123.88AOfNaz9jSnqU5Czc7okOv1RCrYfKFBTo,1610556046.85nB7NvyoYQeLcOV391Lmmut1wAM8CFGLw,1610556123.89H4pdIAzDthI7bMXMhlIhKUYIQIvtmPPQ,1610555740.87GOYQUJKpkynIS2lFqppYK4b32ol7NeGh
1610555604.25mOvVXuL01OCiReyVWBfesjuvXmB3MoPy,0.0,455.9163723129891,117.60865978781639,420.27001684174434,372.45146883247827,430.8495080747544,309.750732981305,124.05731673338605,348.93629865051315,314.323929622998,445.54827888785377,538.6613212054269,297.33845670886745,231.31166316755372,480.8261300481855,472.6778653495737,462.7496307086194,479.1883056002642,383.78527209592266,482.13331232956085,521.9025974936221,453.3009863315738,273.06497046280845,125.19194193523602,411.08104295714054,491.37136930169436,384.2865913193426,515.855999519863,382.83796969809606,352.6423050943223,461.8636425938768,393.33867602469104,292.814738707581,421.49853981282513,387.1269873741991,443.65245862348104,461.5737783416969,352.8750824414817,401.70015945086254,404.8932533472083,485.63320561839913,460.26939855237123,414.0032218602181,449.35008016902106,426.51532762902,413.0363170381809,500.4193445201015,376.5120719768983,302.9091329468854,578.5251136146729,448.44277107381726,321.6394252930115,455.9746573233405,429.15241846373334,327.79515850777955,373.46621835554987,423.52628691014144,473.9502597493752,437.0539485977041,353.13262605620895,421.56230710535044,463.40112736274654,331.60038552709756,391.20124790980395,462.80107536031505,509.5558484866829,444.08547219728314,429.7262589128388
1610555605.43B6oDsBtWRQ29Q9UMQuTUEPZy3FSSWXzc,455.9163723129891,0.0,404.6030372597602,231.75095228825117,301.9058013167116,291.503975078276,317.6019960055356,433.4043730145993,314.22879603850225,331.4137535317234,246.6648210212785,304.0733177049822,438.148606048352,362.3105691577789,287.33648915684074,290.22307031354467,270.7055313612264,156.48584329744736,295.4096720678072,304.80489396303807,318.1910542883256,288.3665768653773,335.60908970840944,415.0385781484447,291.2874890986645,317.97722424039574,302.30657093541225,294.68733599038507,276.13272973899495,274.2998681193374,301.3307953101603,279.0294758013676,389.68951020842223,260.1654178778684,306.20044324685495,301.7332862665899,307.31051979832245,281.6132528847291,238.7736549084669,339.9113974604935,271.3688373548681,286.715189578297,313.87605110678265,256.68273940207916,210.1038532203192,186.40600427833047,326.9139366038747,317.79007883059916,329.56862120361575,360.55053449067486,287.8086330985543,340.3205155420341,305.21788351189184,276.5140041062565,316.86224316330026,303.39654829788805,285.2436739545813,291.21314453895894,290.0747730747799,306.6323541109863,286.7242331694975,288.03184215886847,312.2510229696732,316.5534036040358,279.07696628388976,279.8979367189426,319.20661036520477,282.85949724585146
1610555610.92HPGJJSmyPM40z7otPBgHalNrHFA7zk5d,117.60865978781639,404.6030372597602,0.0,367.1319538336835,311.05489467982073,370.3846873120817,247.89879039839133,115.8761449507804,283.30453318663024,279.59029931422737,396.9123242610544,478.30689029191154,308.6292689789319,172.3590878782275,425.011724404555,412.0209014108853,415.6846517627679,427.83852234020577,325.08400594932687,419.0535357308681,465.3795657528813,407.50200069406077,242.4158624062511,106.60238308895809,358.46751255290786,427.35221883811505,324.226446850374,455.8540768070835,338.6645686427751,296.0779792960943,401.50493205322624,340.87868095031564,285.38497218813484,369.4409675458156,342.3481933914876,389.6578661892144,401.7119139970006,314.05221286321887,358.50192311189016,358.0266167585265,423.9062889730354,413.4742480204157,362.2397956424434,397.03733673427257,380.07815466533265,371.8236721344741,439.05339854321977,322.56698937121155,270.8609836070558,512.9647980539098,390.24692689977036,273.6963372438355,402.34474563441114,388.12259358110333,281.70000398206037,324.3170885239018,367.7862057066163,415.12294617494024,379.0222420259724,306.6296670748501,378.94231397245994,417.83820144931576,298.3099471904955,356.2531541632308,402.8963986196991,457.0465461631781,386.24007247130044,382.65455477392163
1610555606.68LaSQbm9EHAFycEfFtEqAwYqlBsQPjIRW,420.27001684174434,231.75095228825117,367.1319538336835,0.0,288.4282015435013,300.8359868296244,297.18966890090877,393.2556078773218,297.4566349970233,324.34834527984196,228.08372981783359,289.57475801297375,434.372581830082,328.34428759557824,295.2536469458795,281.0223792599245,268.56204013968033,258.5071977036926,285.19979091108604,297.5113275670182,302.3661130209964,294.2753099762453,326.35663492699547,376.0765076794569,304.0102133996938,325.19273773801353,273.81097388386024,285.7241730070726,277.86056944944914,275.7097066258444,290.08087784337636,286.58598474696674,382.65863652541924,277.96502265011105,267.57313875225014,256.2439831247409,289.0230212559378,289.3507686507964,238.66792861057147,313.60989945637755,248.47016261455522,256.3995010009565,275.7680860003473,236.44840819708577,265.2776806338452,269.3271955851119,330.65910936312093,299.78599839154714,320.0155338259218,360.6606377280611,270.6038029015937,308.6347848159651,301.9792883139727,276.2292209593214,281.73932280165286,307.54229270562,294.7183084794804,278.1989027507024,281.2688707970464,313.5562235297241,295.7039841714461,301.4023421086995,296.19114369719864,316.563294455313,279.6480845583814,315.04473545694304,292.98345071709736,291.14043179203514
1610555617.19EKxMEwDHfXiEJZc27TsGoERaD6Da4BZU,372.45146883247827,301.9058013167116,311.05489467982073,288.4282015435013,0.0,276.73019745517365,195.30773580166286,343.174176040944,191.9627525829394,300.21311653226076,313.65581386898026,339.4534087013261,437.8005356814002,265.4111045107415,315.13417219909684,280.3046954412196,338.4862919982178,321.23653663513676,250.8145671522867,286.5804053988611,342.84975203057365,330.2197491592954,243.37309315030217,322.04600029019963,275.4737908290666,301.1544757800751,192.20083943327697,328.59579140969,312.26500182856466,203.39590699066767,267.1371836771583,203.48895245795984,377.61882143005954,286.72192004482474,298.03945982994156,298.6305875406449,289.4626027404514,292.7544841908168,305.1868005568821,315.2422692467346,294.3507055364831,338.07169753477,291.0078956224629,304.2228830332773,312.66746025234136,334.56660390701256,296.58735177146485,260.2040074802558,296.512211216849,330.45881027671805,284.62354850655714,266.9420171194664,307.44013558749896,337.2082657845221,271.4992470166659,247.02245813142056,273.7792649393402,299.3071542014479,274.1649247415995,273.3655718205371,328.7100205252508,348.3296094289348,306.71167453653084,336.35781424329286,270.3045050419136,348.6817329770159,288.681048988109,312.98741459325777
1610555722.52PJ3FD50MGhRXyUD28vluU8Z9UjLJLZn4,430.8495080747544,291.503975078276,370.3846873120817,300.8359868296244,276.73019745517365,0.0,284.67293670229776,398.6310808286163,252.96657153151585,347.1191212582639,309.0221925086496,328.89066202298477,469.53145970246095,320.0319357749488,315.92976377448025,305.9627357838938,330.1419655399808,305.9937991097191,166.067150840892,306.90412106515976,330.87361897027745,315.74667441526043,325.4577279170747,381.4708830656164,287.4679054775989,145.06307142506984,267.02865098618275,318.1328915790226,329.0041316128646,248.95390034787178,303.5281829771309,237.57734693255816,419.70932669088455,312.76992150058,324.10932640018217,302.57303838911866,314.7105336008218,339.0875172849655,311.52337280118286,315.75663884136895,317.47216308516994,332.4069885831153,317.8204158542104,288.50153627959713,305.62263632177866,314.653034183312,276.74877684958716,272.6827216888081,356.465341706737,335.0709027264737,286.5266697709119,287.5372108485834,303.59791955405126,340.6548190623203,321.83973163084977,276.4540801222978,303.2144618684133,297.9298160155126,280.31176329500715,260.9635593421741,322.8314744463315,339.4761586713009,353.22451803797486,327.59363420435267,313.29161639361195,331.0513560524852,301.65917124566846,312.41231131169883
1610555617.52Ijr5puT55g9apK8auM7zaxa3NANg502t,309.750732981305,317.6019960055356,247.89879039839133,297.18966890090877,195.30773580166286,284.67293670229776,0.0,274.4542463345391,235.67755841239875,289.43435092105636,317.44674343061797,385.8260173194124,390.33646605865044,204.66280726644442,338.18188430407497,328.5972021501969,341.1331236183564,341.24935672882657,252.28394891406288,338.7141461651579,384.7185838523453,328.1220353448282,244.34531684684222,255.37756144482765,293.93203206229714,320.0110679958498,254.33776880557517,365.27799110527906,299.0508720074625,173.23213022765285,315.96097959088434,223.86211577033663,346.40481489173646,311.07738413665845,308.8292596747892,314.43511910814016,332.6732721500068,293.3310667288254,300.96063848049886,317.8307752845502,339.06264577518544,350.2229030799948,310.1062028435771,322.1255446415876,311.8091097386753,323.7044343451768,354.2821657084635,274.78750935725003,281.17762309057895,399.58372488554005,319.1079290743752,258.578884607319,326.322676860671,327.97757109421843,272.3918081763597,260.14227254641446,294.356577996384,343.3638629760215,307.1963095252177,240.06342405044418,322.9698785385366,346.99449061271457,298.13466549003783,313.51539194670977,316.806815110662,367.0076193212793,310.72116165676033,317.8621558475662
1610555638.77ZLjTLkz4jYJdFMI2wWBztzsDILkoOtAk,124.05731673338605,433.4043730145993,115.8761449507804,393.2556078773218,343.174176040944,398.6310808286163,274.4542463345391,0.0,315.8079097928972,303.5302946759796,417.3354017303357,504.78882409579705,312.37305699717297,168.9647831231605,449.93110110912124,441.56474127866466,433.7956323923072,451.32189940254085,353.9226185643228,450.3482357386054,488.2718479882521,424.52565499836004,265.6956845348045,99.12369239261739,384.302437030062,454.2433818131615,357.86349110383594,481.70773626226116,361.24798814122084,327.48321504585596,432.7422286774131,370.23706636133784,297.88715701344955,397.0951571818873,363.51931060959055,411.55274703917024,431.5366571682845,336.2273082854584,381.79990312333626,379.64717597598514,453.0385729943247,430.23405110485925,384.1883227368156,417.80596112103797,403.5097838515789,391.8143430286552,469.00923455476203,350.3471425983738,293.2602888157959,543.9707059371971,416.6015455946375,298.6175346074294,429.5357604069429,406.8186679215069,307.1550221619529,349.7865781594474,391.5353888657636,444.24421494250487,405.3364828492712,330.0996050405309,395.018266894396,437.10388123207696,318.01909614676606,367.63038967950837,434.06278881511037,476.65294095329944,415.3515975982676,400.89777720613665
1610556912.46C7tJPLF0XfNnm8f1820X9aLmXMHoc0Dw,348.93629865051315,314.22879603850225,283.30453318663024,297.4566349970233,191.9627525829394,252.96657153151585,235.67755841239875,315.8079097928972,0.0,298.9721144847963,330.85860723172965,332.3279623140576,435.1869718658042,242.55547703760723,310.7712233570392,288.40746815762094,351.21941467846113,322.54114522742424,210.44870776242996,281.1119753880048,331.2780163973205,339.7083762936257,282.75200857069393,292.1861745877947,285.40793757209235,280.76297747245206,219.23067364981705,321.1066410143646,315.2190806210422,241.1841378005994,281.1196549678811,243.29476727196882,376.73690210329977,292.8531305761538,297.43657300897826,296.49717631071667,288.2300660792558,304.1749946445894,319.4303519643818,304.857051584277,302.23067248586244,334.08761496712594,288.6179197307377,294.8635176236646,321.6566524866398,338.114813815545,290.4478506175152,247.92601301761107,306.23710528056955,344.01586169314425,267.3269690238959,261.7531812027257,311.61226736943235,348.60604681961547,279.0763130225654,270.52935505564466,281.5604876950774,289.3034249620919,259.50208183193644,280.8821386437718,333.84600560145964,360.35505503719514,316.2930424509525,342.10596530242,284.73030236435204,352.00312696068613,292.1646558849732,320.6696877296695
1610555617.51LjzIROg0aeCP2GhDcAVQ0LipKJB9jmKc,314.323929622998,331.4137535317234,279.59029931422737,324.34834527984196,300.21311653226076,347.1191212582639,289.43435092105636,303.5302946759796,298.9721144847963,0.0,358.73139445471435,415.4361978185869,260.21001930703903,275.66578217928316,381.5911876041923,345.20155355998446,379.9085835726288,368.9253018892313,331.8546816552599,353.08100823982784,410.0178799602625,387.03922974967384,265.1648948011834,288.2259680020079,314.98191632704277,391.97009880945194,296.1408845712474,399.3297626448568,301.40539623096373,290.6516074003334,330.22115029342876,321.3394542638647,176.08251458195,307.54170728782384,313.93384189511477,353.656479838593,343.27298855811665,275.4075582810024,295.86650233110106,320.2962879691652,365.75217151029665,379.4875663884906,329.83091940675655,356.76968751402757,342.3263405891173,336.0164380631529,378.05713583557684,294.8042355100876,161.1280750868619,445.69415874181715,341.3890684037489,292.0361451242009,325.91567373882265,356.77280797748756,270.4689204146255,308.282484865498,335.89779979952436,351.22583497489074,335.1426465054295,318.705704981819,357.7123633217047,382.6005589192107,259.45063098021956,355.71728293451145,301.9879760361555,412.4421820032444,344.96649236966357,355.5508844938028
1610555608.17OpjjHobqRkX0UPcaXrbu7K6L3805SZri,445.54827888785377,246.6648210212785,396.9123242610544,228.08372981783359,313.65581386898026,309.0221925086496,317.44674343061797,417.3354017303357,330.85860723172965,358.73139445471435,0.0,321.56638119125523,453.04304501929676,352.1032090305097,295.95270217078877,306.090338400534,174.67803115923013,262.6204743548608,305.7914810631579,342.73456049174206,318.76127310607103,278.9720804531516,337.79015367491496,402.63333557614243,290.45487415904773,328.91944574587586,313.3511432500729,311.487335980713,291.6186070259403,296.43798608712063,328.3947437234795,291.2501933313654,409.748559035066,308.1989524873064,296.23477490609827,273.8481966099741,322.057495681785,318.56692204222065,269.3173634766968,340.32854493219816,295.0065465724764,239.0421229230013,297.5568360715605,283.6637820617621,260.3914915944586,233.86319612285675,352.74821300400555,324.19208073476887,353.2023862514321,370.66275224756794,312.1634560242997,337.4885561536897,316.71791769872874,268.9679380985023,324.0741040522677,295.1245192036483,282.0261102688385,314.6445463592948,320.2455266167998,302.1352141356433,280.08009775904145,268.43227717914834,324.03842617249126,283.44684720589566,318.3038489227231,274.58337275219594,316.4935166022481,286.5829820532775
1610555721.82zWeNZfGUUfRJkgnAwlP8VMhPzXctnSd4,538.6613212054269,304.0733177049822,478.30689029191154,289.57475801297375,339.4534087013261,328.89066202298477,385.8260173194124,504.78882409579705,332.3279623140576,415.4361978185869,321.56638119125523,0.0,558.0785099142294,419.6629513102859,326.3238054945284,262.85012696842045,344.739790511571,265.70797074434097,334.5621217977409,270.738353726167,164.38839548610787,290.0973062593393,426.36600563173204,484.29990136780265,345.1614108913479,327.7565675585862,329.91559499462704,228.21568240304168,341.916993519249,358.0687710071192,318.8145907942133,349.35788819790935,492.47018525244306,308.3476390211487,301.9353121481166,274.49499001758534,303.82097687714673,361.42800477831304,339.2598318657104,363.4600593702259,280.69153348913875,287.2901129085477,346.45487890801996,254.95981212229668,337.9597709485843,357.02540072822194,305.06477839093947,329.5717147519277,415.1356927120565,319.24537313838636,200.41325901537175,373.1329817073061,341.5302758524047,351.2177065162274,363.3808790679787,363.20195618412737,325.4482353018251,240.9683584525271,245.30087403515742,391.43314039350776,362.2655958204908,362.1430772984287,379.23474798051825,400.48307016272196,287.84378477972194,326.12084839702,319.85023487869836,345.094728475404
1610555735.75bom85BDF0C7W2eIseHeMxi24qR68nzMi,297.33845670886745,438.148606048352,308.6292689789319,434.372581830082,437.8005356814002,469.53145970246095,390.33646605865044,312.37305699717297,435.1869718658042,260.21001930703903,453.04304501929676,558.0785099142294,0.0,346.906349002641,489.61823127881775,491.8122942865095,466.18857504330686,473.53032615321837,449.19501774378136,500.8647423584244,543.3307664505554,471.9255979161295,335.3715069252468,310.77834596731833,439.15536036075173,525.1918334728465,437.13925685895856,535.4563919744045,381.39960869720846,406.2505424886289,472.2210373531349,443.0674517752053,148.37097585945853,416.92286002809055,413.57401661001575,472.6040861099041,479.3972353365798,351.3334954268838,398.2807746330042,416.65367504559003,500.27859207546885,474.5469389486143,436.44136904315104,474.600663882931,425.7130472961327,399.77525083317835,520.3744004596672,426.00755555991026,295.0393529332545,597.2779228111277,483.96000993241876,387.0977226681136,446.9943910079255,425.1900228245765,365.702267497147,415.3969507682045,460.4662988024634,498.1601865904153,475.42552808525204,403.4739485808854,426.71205478663273,459.16376778969527,328.84628329859595,412.35966414277897,471.4034858295429,509.723443249859,472.9719573128675,438.17072754220555
1610555735.77NnT5xqKnwcf2BbjIekeb2arTQj6QMNwk,231.31166316755372,362.3105691577789,172.3590878782275,328.34428759557824,265.4111045107415,320.0319357749488,204.66280726644442,168.9647831231605,242.55547703760723,275.66578217928316,352.1032090305097,419.6629513102859,346.906349002641,0.0,373.72965927870985,363.0090971497348,370.8545996650933,378.3197045204482,280.8593378143237,368.67683851908924,410.9600288422471,361.8392143447266,245.45783935848877,173.21072027321918,319.0885451419706,365.22990334865716,284.4412685434484,401.4150047326815,316.6971011938993,254.16995262811312,354.8223312256394,293.0540645320819,310.7682004179133,335.5912037419794,313.75975190549866,341.4641094603058,357.535683957889,299.3319800349499,330.07268956740853,326.48859004285003,375.1957348366065,367.57531523991474,323.87425386553736,351.0077449768368,342.4755255206404,339.38936559722987,387.9472315573239,288.0339311632815,270.7074774151154,452.7827177986779,339.82437689226805,256.8186677803802,361.44819277605785,355.66182353918015,268.6479928340525,290.93266644588954,318.48336428944333,367.59050905378575,329.47522664024854,275.56610895658577,340.81748385081204,377.49536109543874,294.137706716929,325.5721293781603,355.6002288233957,402.88876887702776,343.0846796791756,338.8122496075565
1610555638.33wjf1PhdNaoWfbRzXVn50hmFyB5bYAiLV,480.8261300481855,287.33648915684074,425.011724404555,295.2536469458795,315.13417219909684,315.92976377448025,338.18188430407497,449.93110110912124,310.7712233570392,381.5911876041923,295.95270217078877,326.3238054945284,489.61823127881775,373.72965927870985,0.0,303.5936397973883,311.916204823827,292.13933002567865,309.3846533766943,323.4550581743221,322.6105880371159,317.3308927638252,373.1673781430456,431.8670374610827,318.9769678125166,321.18317775051526,311.777607671718,334.57840496364815,305.75414365250305,315.4705655207865,298.03951553147,303.18779384480246,440.5954986736246,337.4135756343574,297.6859948407741,286.49886914250976,286.59580555362203,356.1330391826011,322.7200862554806,336.88366457165773,252.34698653655803,319.21818602678155,260.85347109197437,303.57547467790533,262.3332256762714,311.36530740644,321.3478792053178,318.006827520057,391.0724857844649,349.9014786392568,305.65331262851174,336.4120959088588,355.4281015784283,311.7223234886485,335.1663669609951,326.4764608270086,277.5846178112502,311.3288072302149,317.479795391558,329.1251918720811,349.333132464382,316.84025579649983,367.26265248028665,361.94048299843735,328.8722618182245,296.13109068498034,319.7490634889439,344.05700525921645
1610555606.65jCE4ig8Pu8kvAzkxnSGfWsV0nQBjCf8H,472.6778653495737,290.22307031354467,412.0209014108853,281.0223792599245,280.3046954412196,305.9627357838938,328.5972021501969,441.56474127866466,288.40746815762094,345.20155355998446,306.090338400534,262.85012696842045,491.8122942865095,363.0090971497348,303.5936397973883,0.0,333.4854230386629,308.53491890580125,312.6410418720589,221.64253810105512,277.2394239684179,341.88615501782596,355.72094085938403,421.36868441935286,307.3428656765899,319.9836893388117,266.66330570946536,264.20955325425683,283.6785149149228,309.0605316614072,238.15635325203883,307.1770086508216,421.2419087301158,224.0455461753886,235.47754321557946,236.8923297096082,239.6024801522256,266.23684021413476,319.39659005566983,328.92606373595027,246.81849099970657,313.4675858743703,306.46421134937077,282.9281805093034,308.0975425742503,346.13774317481943,283.82570451788894,284.960657510841,343.06860866022055,297.79883664772706,238.55545816000316,334.1001726220218,285.85086497724683,331.59569866005995,275.01251864346233,318.6705396563336,300.505727711773,225.9623638689593,251.6587495786251,351.7742686217451,335.08854764548914,341.781193657253,294.8136378917647,367.94094488628724,237.3465570800904,318.73111455656084,272.5711039342193,315.8178600584547
1610555608.18ONsBCVo1i7BrX0XG9stct4oiA6ejX9Oz,462.7496307086194,270.7055313612264,415.6846517627679,268.56204013968033,338.4862919982178,330.1419655399808,341.1331236183564,433.7956323923072,351.21941467846113,379.9085835726288,174.67803115923013,344.739790511571,466.18857504330686,370.8545996650933,311.916204823827,333.4854230386629,0.0,277.8159262039474,328.59243476801186,367.0894050970269,336.65631032925836,290.4203344821991,359.50031794982215,420.6422106614554,303.99609455043003,341.8283789928997,341.03101113102605,331.5743203617727,308.25519418976216,323.73062917186314,354.13864698412624,314.3788453599759,426.1078288010278,330.99139867404824,319.4028035212639,290.9984671095759,347.6507833081777,336.7382400341428,281.6031182788486,359.85963364453113,324.70120241302146,255.61576993329786,322.3291852047506,302.70616742142647,274.3524616070376,249.50683551575864,372.5119079223074,348.86126616704183,373.5982975582856,387.52887605343795,336.30883211865716,358.7995905887474,336.96148451918003,274.3068248560807,351.4434437975563,314.3393063075663,292.809411853278,339.2933521810885,344.0445126994489,319.4238009779582,283.2777341765637,265.24468100421535,345.54073449437146,276.49213758157254,342.43512169998786,271.67274592726403,338.3103490276858,293.3922604081544
1610555721.51RNoQUMP19FTMS79BmA3JkgSm2IC2AQuQ,479.1883056002642,156.48584329744736,427.83852234020577,258.5071977036926,321.23653663513676,305.9937991097191,341.24935672882657,451.32189940254085,322.54114522742424,368.9253018892313,262.6204743548608,265.70797074434097,473.53032615321837,378.3197045204482,292.13933002567865,308.53491890580125,277.8159262039474,0.0,302.8994649852184,321.46697420084433,280.95394701342786,267.45526112864997,368.72224185056683,432.74842086376515,310.09888210686915,325.0321847650986,323.81532091797584,289.49529449474016,306.18726292233936,305.4960808985678,324.82988633561735,306.1647922314075,426.4142109130434,296.2294201664497,324.2526416063135,299.7551310674089,326.1612784860477,322.6321436855936,274.53964838962565,350.08991697771035,285.0250816687472,280.80384243909606,325.1216813663686,261.5651357764276,239.94386624578888,218.03049169453595,331.0227228682009,326.6754240008151,368.27425066331716,361.86025026292805,277.49597814412886,355.36646087831315,328.50534727671817,293.36145265025766,348.5402468460043,325.4314297724739,297.1854591542474,304.86586167527645,287.54937810351,324.36087717182687,295.64172744958944,293.35433236139977,345.783025800604,322.8125321725309,305.54885444512223,277.5936178165672,329.9054017530056,289.8499723848296
1610555971.86O0cHB2ibBJ8jxoObg01EpGe8VVV5mpwn,383.78527209592266,295.4096720678072,325.08400594932687,285.19979091108604,250.8145671522867,166.067150840892,252.28394891406288,353.9226185643228,210.44870776242996,331.8546816552599,305.7914810631579,334.5621217977409,449.19501774378136,280.8593378143237,309.3846533766943,312.6410418720589,328.59243476801186,302.8994649852184,0.0,313.92754209309226,335.9645698231887,305.6661695388663,311.94594387060005,336.0136090342568,290.745648806788,220.7983341621971,255.57306418000064,323.2652159184667,320.7826950085773,227.20743979206034,306.3677290244061,228.17041938502777,402.2774775533835,313.47335839922795,315.9867191202811,303.27091271185003,316.7614245950455,330.57930418901,308.84293127383967,298.8365519184857,315.1530245132739,328.53327597568205,303.14384770029494,282.9086016624799,303.7479195024254,314.20705065964773,304.57110491519234,263.7166458228399,338.56867331453253,351.59935169410045,285.15731544229743,264.9292644509097,312.6420039234733,337.32697100161323,310.1689985571945,283.62988249557253,298.0447845470387,305.2621762678858,276.50029652414327,250.4920750481125,318.1099250513444,339.1011421353182,343.735974078985,319.0368137630215,312.8020383583615,335.11201737108155,293.2418368157247,307.24151977452516
1610556911.51zU3duZSGpcw1BDNsBLxdOCITAXwl6z3i,482.13331232956085,304.80489396303807,419.0535357308681,297.5113275670182,286.5804053988611,306.90412106515976,338.7141461651579,450.3482357386054,281.1119753880048,353.08100823982784,342.73456049174206,270.738353726167,500.8647423584244,368.67683851908924,323.4550581743221,221.64253810105512,367.0894050970269,321.46697420084433,313.92754209309226,0.0,284.21155100686275,360.98141092715974,370.53149646921133,429.93500014656945,323.5473769627107,314.6073707171154,269.60747691715403,283.12342276490966,330.0181806385125,317.2346827012013,262.9984661125883,314.04173374299137,429.7561932847902,270.1377566395814,292.67299106381404,281.6387984328177,242.4109390161388,316.29705190271466,340.85309937204335,347.9304807391735,262.68913690515757,341.1939110164834,320.8879087147523,285.4142872327848,325.7155736982742,366.6937393979037,278.333458045291,291.0245652271208,360.17216246885266,317.52007431444713,248.9649361383452,345.14694546942485,319.35945902210955,362.5583398219127,293.17932729097924,332.48771402072384,311.1941561000476,229.0517669602269,258.2415405347392,366.70636842894254,373.2047026102699,372.6428611326139,330.92534646701534,401.2942800021647,243.00041024213903,355.60469370498424,293.63100310706477,354.25831921357747
1610555988.71dMoYT8250UHHJGxgmITTmbHe7V6gH1yU,521.9025974936221,318.1910542883256,465.3795657528813,302.3661130209964,342.84975203057365,330.87361897027745,384.7185838523453,488.2718479882521,331.2780163973205,410.0178799602625,318.76127310607103,164.38839548610787,543.3307664505554,410.9600288422471,322.6105880371159,277.2394239684179,336.65631032925836,280.95394701342786,335.9645698231887,284.21155100686275,0.0,294.57573079535075,415.23638120282055,469.8305583712039,338.7129313666003,334.42007325842496,333.4581044302087,243.94585858565125,342.07572690580645,361.4758318868865,327.20481276682284,350.08346344661663,480.6736441389478,316.78334443580064,286.00047208801084,271.6467087446536,307.62195972384853,358.5886933054698,338.6459376586491,367.4529152399342,285.8316793471713,281.38660340688494,338.9973252412425,266.16777458078406,332.60043214141695,348.08590156671755,310.5575450080744,330.47830083901914,409.43831828735404,337.8632623928024,237.05566436477713,364.4977379911725,343.5554653235062,346.9590860710002,357.9394456945013,354.87211760828444,323.914793163484,234.72082125605246,269.75628680018013,383.7723424211301,352.77783820106004,356.29047118103705,374.5408303163179,387.158768071156,304.21246855911454,328.5156705949564,323.21676697315615,338.2530599536415
1610556042.81mlUZsSp7gbGjrp8jQSnybT1gPy6e62o1,453.3009863315738,288.3665768653773,407.50200069406077,294.2753099762453,330.2197491592954,315.74667441526043,328.1220353448282,424.52565499836004,339.7083762936257,387.03922974967384,278.9720804531516,290.0973062593393,471.9255979161295,361.8392143447266,317.3308927638252,341.88615501782596,290.4203344821991,267.45526112864997,305.6661695388663,360.98141092715974,294.57573079535075,0.0,344.73527238003857,412.2903053234526,315.52713526769736,333.1934560260463,344.6812061485329,310.2907290543942,319.5391479283488,294.6583308081052,368.1586039831406,291.68005004455415,431.11592985408384,333.20810578823387,315.04127004289137,303.88720585334676,357.1476667366062,337.64534866761693,304.6874224079548,350.17675956540546,344.536178911827,284.87027740552855,336.2338918025597,302.0922314089531,280.0952903640635,284.27219595549377,362.6240446833373,332.0706671781855,371.0568359933353,393.1949134154522,301.62339525597105,342.87574848708186,358.2372819076014,309.1821845564228,356.8142867171412,317.3908689272287,310.51384183036515,319.51582291453144,315.40597159473765,276.13352905120166,278.46378349975527,318.8235532960201,346.8318187075929,302.1496177892956,344.16840241273763,290.30774922413065,341.89003700964673,281.2288540605774
1610555637.02UBW5nKvDyUrKnaWcYRGajZPxTRDS0q3N,273.06497046280845,335.60908970840944,242.4158624062511,326.35663492699547,243.37309315030217,325.4577279170747,244.34531684684222,265.6956845348045,282.75200857069393,265.1648948011834,337.79015367491496,426.36600563173204,335.3715069252468,245.45783935848877,373.1673781430456,355.72094085938403,359.50031794982215,368.72224185056683,311.94594387060005,370.53149646921133,415.23638120282055,344.73527238003857,0.0,251.56619892436237,278.81457765338376,376.7444204197195,249.93254222779422,407.7693201548584,303.3610305472844,227.24195098796426,336.7859016365205,252.73723753014082,293.6575615017719,320.1825796646775,303.7141418855281,340.4700817275075,348.6703685514667,264.383500164893,294.1765013320938,338.6305971015488,370.34792489236327,367.30107762632497,322.04979430028266,362.06420254947443,321.74061756676304,316.0351042347453,369.62184676438477,287.2579711326246,241.1236281054349,434.56912863345957,355.6796181229915,247.5987144597534,352.5996334535444,336.52078378224434,252.92372094714904,209.05707953500115,316.5963316534152,362.2306783626022,344.10646068963956,241.81649146961834,328.2116215361582,364.71261599862237,260.01276000708464,310.66819918334716,337.42600379767777,390.4651171127899,344.74037253490326,335.1737633109144
1610555619.13oUYNikU4facCTpUSiSLr0vPI0tJLnXiT,125.19194193523602,415.0385781484447,106.60238308895809,376.0765076794569,322.04600029019963,381.4708830656164,255.37756144482765,99.12369239261739,292.1861745877947,288.2259680020079,402.63333557614243,484.29990136780265,310.77834596731833,173.21072027321918,431.8670374610827,421.36868441935286,420.6422106614554,432.74842086376515,336.0136090342568,429.93500014656945,469.8305583712039,412.2903053234526,251.56619892436237,0.0,367.3540068339027,436.98323259070384,335.64961390793803,463.39101754451224,346.74534853448824,307.5348939353403,411.587073870418,351.3132157525604,289.9051494445899,378.42514188404414,346.59742966668387,394.05923709305614,411.6730789844783,321.4705336546896,366.5978350762221,365.445186829621,434.73096840470174,414.6646342519046,367.65824414897423,402.3833344205723,388.1974870725513,377.69971323250144,448.1419958135943,330.6304705718062,279.2810309869722,523.3835911976635,394.9193584528182,283.6982207516462,411.29351369817493,393.13461170615625,290.49492955616995,332.88784037052443,374.2214194812304,423.58515809176174,384.87722595781764,316.29000991796227,382.31230101213123,422.6176088927991,304.67437825023194,355.89562520233494,413.7101587419939,461.3670458774068,396.0552224969079,387.92559440305115
1610555721.03nzkucfjAUh31zTbmCVvTVYqtjoxZFnBh,411.08104295714054,291.2874890986645,358.46751255290786,304.0102133996938,275.4737908290666,287.4679054775989,293.93203206229714,384.302437030062,285.40793757209235,314.98191632704277,290.45487415904773,345.1614108913479,439.15536036075173,319.0885451419706,318.9769678125166,307.3428656765899,303.99609455043003,310.09888210686915,290.745648806788,323.5473769627107,338.7129313666003,315.52713526769736,278.81457765338376,367.3540068339027,0.0,319.01583153484063,284.3029341141967,327.4780297935086,318.45639955558715,265.90843753012416,308.37213960328893,262.48883905993915,382.9973411120207,298.9844216273145,300.5443610597336,302.8942373479633,311.85054797693437,292.74471511497643,248.78819641407443,314.2433877445256,326.06375056328125,316.3158122910521,297.0206994728894,312.47846519508636,298.8150994212926,276.70473115114726,318.1194918010482,255.14592464533337,301.7964572146558,366.4174171746478,299.2243383365558,289.76660466271596,295.06845172884806,319.9945467402783,302.8312703460872,219.5529684349551,234.61043655314361,303.3403095318567,291.1539267987632,247.24575466485987,293.4005636161703,316.06503894387134,308.4736592127018,290.90920052277903,289.2416052293493,320.8713659938106,296.0141565037755,299.27606240694695
1610555722.67fhKURdXVzRbLIjXmjRwdJHTnE7PWb1AE,491.37136930169436,317.97722424039574,427.35221883811505,325.19273773801353,301.1544757800751,145.06307142506984,320.0110679958498,454.2433818131615,280.76297747245206,391.97009880945194,328.91944574587586,327.7565675585862,525.1918334728465,365.22990334865716,321.18317775051526,319.9836893388117,341.8283789928997,325.0321847650986,220.7983341621971,314.6073707171154,334.42007325842496,333.1934560260463,376.7444204197195,436.98323259070384,319.01583153484063,0.0,291.99113603531436,321.8884258853286,361.68221881664266,284.6420751991136,317.1426144701228,259.96541633839263,471.585868490638,340.93332915420825,360.73558187088366,314.4398683257106,329.91844614525655,381.7005537174816,342.9824616906923,343.6182696562868,327.47759955274677,345.52607956110074,336.76873310812584,306.03054895549485,332.9896863870368,349.45932642257435,283.9830656855001,305.73256799976957,404.3455256756861,320.27046476651105,303.3112811982404,333.89205206115196,323.0707390442208,365.12836466119796,366.0687276524825,309.8005976409612,324.15950293944485,314.28703667076525,299.37625997512794,297.66354684508553,349.99198401474706,359.92643893341716,399.94400159429847,360.7944528178915,326.78280295161693,332.9708651254053,317.81924156617526,335.62622236916883
1610555638.39J2ZWBLuLTHP0jOlzB4tNHmYeijH5g5YJ,384.2865913193426,302.30657093541225,324.226446850374,273.81097388386024,192.20083943327697,267.02865098618275,254.33776880557517,357.86349110383594,219.23067364981705,296.1408845712474,313.3511432500729,329.91559499462704,437.13925685895856,284.4412685434484,311.777607671718,266.66330570946536,341.03101113102605,323.81532091797584,255.57306418000064,269.60747691715403,333.4581044302087,344.6812061485329,249.93254222779422,335.64961390793803,284.3029341141967,291.99113603531436,0.0,325.56792567543056,309.58927801511027,235.8265145550988,230.2268980332104,235.79902976599897,375.07741353725135,284.96999117369063,289.1441753644608,286.72808646472157,269.6695446703802,298.251509988289,309.655625946053,295.02498111920517,268.1908596780989,332.5098034608514,279.3261400502909,304.5765143609446,312.90604632644096,334.35168707675575,276.4126012420826,245.1223208848399,301.69152844434615,291.94905926942596,274.8381803122162,242.23310904594194,303.84189194983156,340.917979054911,259.87804481582407,253.08663064824455,289.8713691381459,279.2552505926707,267.7166589812848,291.47987333786807,338.55009626033177,348.1991378470489,305.98441472945626,346.11359701845123,265.65898410070156,350.36176789533124,245.00057661910657,329.69388967151895
1610556032.17Q6yCDx9g7alRnL9jBFXD2JhhUyB2hKfJ,515.855999519863,294.68733599038507,455.8540768070835,285.7241730070726,328.59579140969,318.1328915790226,365.27799110527906,481.70773626226116,321.1066410143646,399.3297626448568,311.487335980713,228.21568240304168,535.4563919744045,401.4150047326815,334.57840496364815,264.20955325425683,331.5743203617727,289.49529449474016,323.2652159184667,283.12342276490966,243.94585858565125,310.2907290543942,407.7693201548584,463.39101754451224,327.4780297935086,321.8884258853286,325.56792567543056,0.0,333.57978953000423,345.2199621029573,322.86494884068486,335.087415829536,472.74504781533915,268.99506596916905,315.883615848808,280.5875316650262,310.12071075227135,331.70312505824387,324.6853850214978,344.7079222403627,305.3383000303148,276.81309960929747,330.40925653285746,246.9015273232845,329.89660239705836,337.499585551556,305.0582840105101,326.61256246195995,398.23954349091105,323.74411976206414,236.99813436761596,364.9252908337075,307.86718220057963,342.5496614023095,358.7794662656421,351.5820738078244,309.81297635720637,234.67283472364804,240.78408473477222,372.329067091413,329.49299293859286,353.2740131052331,363.794422998171,362.97671812839894,287.0426286783886,311.10160804978403,318.8217386928022,309.9751933780931
