,square,rectangle,parallelogram,losange,isoTrapezoid,kite,rightKite,rustedHinge,hinge,trapezoid,random
square,0.16450916213037847,0.18944379576472672,0.25245379512202765,0.28930277692780315,0.23366734363644054,0.21878251112304714,0.216671806138065,0.25410631388573196,0.2387078892124908,0.22754850922243683,0.2732707469660145
rectangle,0.18944379576472672,0.1613155538355299,0.22753391606308299,0.27229911611578644,0.26420122512884525,0.2350456253184284,0.23432185417591878,0.2429975411918046,0.22120099953997432,0.2407953075080932,0.288099893258228
parallelogram,0.25245379512202765,0.22753391606308299,0.20340496020446375,0.2267895040384335,0.27817891745968387,0.26395428593404424,0.2571889942492222,0.25391280203318584,0.23820597464823615,0.23988302834466838,0.26680373843872063
losange,0.28930277692780315,0.27229911611578644,0.22678950403843345,0.19783387104847605,0.2847467964591151,0.28477492689504064,0.2763085034531151,0.2665488412563209,0.26009891822785886,0.2452674260427887,0.2501552124420859
isoTrapezoid,0.23366734363644054,0.26420122512884525,0.27817891745968387,0.2847467964591151,0.18754671012026297,0.21969045650807695,0.2120569256533144,0.2695610364992128,0.26340454328402374,0.22101795098742372,0.23486307788201957
kite,0.21878251112304714,0.23504562531842835,0.26395428593404424,0.28477492689504064,0.21969045650807695,0.18891452035779546,0.20220529273616145,0.2550401798680294,0.2446116046829728,0.2392613763598352,0.2636041305254084
rightKite,0.21667180613806494,0.23432185417591878,0.2571889942492222,0.2763085034531151,0.2120569256533144,0.2022052927361614,0.18547613541550997,0.2516764863209993,0.2403109202063702,0.21891868478748555,0.25104328906471435
rustedHinge,0.2541063138857319,0.2429975411918046,0.25391280203318584,0.2665488412563209,0.2695610364992128,0.2550401798680294,0.2516764863209993,0.20064839855093597,0.2020022874828395,0.25853919428049243,0.26736622475460414
hinge,0.2387078892124908,0.22120099953997432,0.23820597464823615,0.2600989182278589,0.26340454328402374,0.24461160468297286,0.2403109202063702,0.2020022874828395,0.1888165046393756,0.24727423464481474,0.26316923201696363
trapezoid,0.22754850922243683,0.2407953075080932,0.23988302834466838,0.2452674260427887,0.22101795098742372,0.23926137635983524,0.21891868478748555,0.25853919428049243,0.24727423464481474,0.18999531530583127,0.2181586804313496
random,0.2732707469660145,0.288099893258228,0.26680373843872063,0.2501552124420859,0.23486307788201957,0.2636041305254083,0.25104328906471435,0.26736622475460414,0.26316923201696363,0.2181586804313496,0.19084765274301835
