,square,rectangle,parallelogram,losange,isoTrapezoid,kite,rightKite,rustedHinge,hinge,trapezoid,random
square,0.1785653388347486,0.20191220705964905,0.21885114419481608,0.23602169828695393,0.19491837089012742,0.19024349640817767,0.18747235246628685,0.2086198089888532,0.20545733465004182,0.19850358280972277,0.21694528892814824
rectangle,0.20191220705964907,0.17261099556427492,0.19484194915814534,0.21510689404916442,0.2287885888349687,0.20821531754311007,0.2069812003920497,0.19465328606768545,0.18621094526446055,0.21032679117013767,0.23148966483346917
parallelogram,0.21885114419481608,0.19484194915814534,0.18439832869141606,0.20233660501784856,0.23476855237166863,0.22536561184199483,0.21834505509546895,0.2090426748348859,0.2003887455560714,0.2110938899489059,0.2295422202496943
losange,0.23602169828695393,0.21510689404916442,0.20233660501784856,0.1858331245683691,0.23984502771517563,0.23809386502751875,0.23363650512144152,0.21543753760598824,0.21148720611579677,0.21457475515153263,0.21718431596111454
isoTrapezoid,0.19491837089012742,0.2287885888349687,0.23476855237166863,0.23984502771517563,0.17763936138256445,0.19654331422430596,0.19540610107561202,0.23008505074736693,0.22930076875604355,0.20127423712797082,0.21214121890800045
kite,0.19024349640817764,0.20821531754311007,0.22536561184199483,0.23809386502751875,0.19654331422430593,0.17844667378478388,0.18788921821630164,0.2206718701512072,0.21822171854020653,0.20973730133008242,0.22510999947289473
rightKite,0.18747235246628685,0.20698120039204976,0.21834505509546895,0.2336365051214415,0.19540610107561202,0.18788921821630164,0.17991318339739598,0.2174137862145639,0.21427449727029102,0.19860877893136053,0.2213612538852369
rustedHinge,0.2086198089888532,0.19465328606768548,0.2090426748348859,0.2154375376059882,0.23008505074736696,0.22067187015120723,0.2174137862145639,0.18068407831473174,0.18203293191178263,0.21488397248657004,0.22327669219039056
hinge,0.20545733465004182,0.18621094526446055,0.20038874555607145,0.21148720611579677,0.22930076875604355,0.21822171854020653,0.21427449727029102,0.18203293191178263,0.1774899402531505,0.21072136367229305,0.22294513469234037
trapezoid,0.19850358280972277,0.21032679117013767,0.2110938899489059,0.21457475515153257,0.20127423712797082,0.20973730133008242,0.19860877893136053,0.21488397248657007,0.21072136367229305,0.18145907490605953,0.19976418351985073
random,0.21694528892814824,0.23148966483346917,0.22954222024969434,0.21718431596111454,0.21214121890800045,0.22510999947289467,0.22136125388523695,0.22327669219039056,0.22294513469234037,0.19976418351985079,0.18257824920841517
