,square,rectangle,parallelogram,losange,isoTrapezoid,kite,rightKite,rustedHinge,hinge,trapezoid,random
square,0.10113491148523943,0.12116635776952908,0.15118293627077853,0.17180067533113014,0.12227862238025808,0.12082749734066561,0.11563586782225954,0.13699444845580755,0.13275548470514026,0.12861559280363496,0.1518634509915449
rectangle,0.1211663577695291,0.10008478265367124,0.12793424983685958,0.1550763520397865,0.15300187522304678,0.13681491828574593,0.1331716516409261,0.13090205771671282,0.12166301015471695,0.1386556344965129,0.16999703112145712
parallelogram,0.15118293627077853,0.12793424983685958,0.11891978959674822,0.13519434938277902,0.17291834586348073,0.16710400425023705,0.15595059052897975,0.14876439268797692,0.13840618711858857,0.141266840622442,0.16643450751884237
losange,0.17180067533113014,0.15507635203978654,0.13519434938277902,0.12175089553388271,0.18156578420809,0.18469458907893363,0.17191291134501144,0.1616409802134187,0.15517841964547052,0.14530612973234572,0.1562984926070869
isoTrapezoid,0.12227862238025805,0.15300187522304676,0.17291834586348073,0.18156578420809003,0.10525152789636348,0.12564686383492188,0.12130957340000999,0.1599005211868921,0.15798091024265734,0.13130158574361464,0.14263320937635987
kite,0.12082749734066561,0.1368149182857459,0.16710400425023705,0.1846945890789336,0.12564686383492188,0.10964741683854178,0.11759719904344586,0.15648847813903538,0.15353799412545793,0.1474501932036446,0.16763414528184076
rightKite,0.11563586782225954,0.13317165164092606,0.15595059052897975,0.17191291134501144,0.12130957340000996,0.11759719904344584,0.1076073981307106,0.1502470226442602,0.14674293380781542,0.1298594655322883,0.15417847467145995
rustedHinge,0.13699444845580755,0.13090205771671282,0.14876439268797692,0.1616409802134187,0.1599005211868921,0.15648847813903535,0.1502470226442602,0.11113423760133084,0.11491266969304248,0.14773493750274996,0.1614849401505722
hinge,0.13275548470514026,0.12166301015471695,0.1384061871185886,0.15517841964547052,0.15798091024265734,0.15353799412545793,0.1467429338078154,0.11491266969304248,0.11150004085395676,0.14202834668097405,0.1594602674613863
trapezoid,0.12861559280363496,0.1386556344965129,0.141266840622442,0.14530612973234575,0.13130158574361464,0.14745019320364464,0.1298594655322883,0.14773493750274996,0.14202834668097408,0.11172670593090886,0.12832519243599966
random,0.1518634509915449,0.16999703112145714,0.16643450751884237,0.1562984926070869,0.14263320937635987,0.16763414528184076,0.15417847467145995,0.1614849401505722,0.1594602674613863,0.12832519243599966,0.11651519355225141
