,square,rectangle,parallelogram,losange,isoTrapezoid,kite,rightKite,rustedHinge,hinge,trapezoid,random
square,0.0967520793592427,0.11511547278083892,0.14855035784009366,0.17229067439738013,0.12242808020241627,0.12115533508262681,0.11723049711545881,0.13808470101486742,0.13309899405787304,0.1282141184708317,0.1517549215675142
rectangle,0.11511547278083895,0.09513193704610304,0.1271898656080736,0.15766134207493052,0.15028910844688137,0.13519603081491952,0.13242331275823233,0.1313719792999299,0.1216865795645386,0.13786594956081458,0.16850120566824198
parallelogram,0.14855035784009366,0.1271898656080736,0.11871250996774561,0.13598338388225756,0.17088878088634743,0.16622970779982782,0.15589186676107042,0.15096993620392804,0.14046670198419212,0.14117526631186314,0.16476016621656087
losange,0.17229067439738013,0.15766134207493052,0.13598338388225756,0.12364787541411902,0.18168972115201634,0.18636893532216714,0.1734751011320057,0.16620657813021306,0.1595047184013849,0.14647849337848864,0.15721563925383616
isoTrapezoid,0.12242808020241627,0.15028910844688134,0.17088878088634746,0.18168972115201634,0.10396147132563294,0.12443102271169534,0.1200794095125628,0.15925538716944948,0.15597425673360987,0.12956336000598823,0.13933543826711417
kite,0.12115533508262678,0.13519603081491952,0.16622970779982782,0.18636893532216717,0.12443102271169534,0.1083183620865799,0.11654957854706875,0.15546867843278694,0.15122993357949224,0.14717997844075667,0.16541334938560337
rightKite,0.11723049711545881,0.13242331275823233,0.15589186676107042,0.17347510113200576,0.1200794095125628,0.11654957854706875,0.10633433403646637,0.15010615842136266,0.14539341628398655,0.12953326698885234,0.1515300002865641
rustedHinge,0.13808470101486742,0.1313719792999299,0.15096993620392804,0.16620657813021306,0.15925538716944948,0.15546867843278694,0.15010615842136266,0.11093765431733414,0.11394458400234761,0.15053256466266393,0.16174847891032545
hinge,0.13309899405787304,0.1216865795645386,0.14046670198419212,0.1595047184013849,0.15597425673360987,0.15122993357949224,0.14539341628398655,0.11394458400234762,0.10953740041637187,0.1441468082015528,0.15838390664082522
trapezoid,0.12821411847083172,0.13786594956081458,0.14117526631186314,0.14647849337848864,0.1295633600059882,0.14717997844075664,0.12953326698885234,0.15053256466266396,0.1441468082015528,0.11062403929121674,0.12619022547000835
random,0.1517549215675142,0.16850120566824198,0.16476016621656087,0.15721563925383616,0.1393354382671142,0.16541334938560337,0.15153000028656408,0.16174847891032545,0.1583839066408252,0.12619022547000835,0.11325517016812817
