,square,rectangle,parallelogram,losange,isoTrapezoid,kite,rightKite,rustedHinge,hinge,trapezoid,random
square,44.192310394238454,49.08002378890388,53.16024292160521,55.92787481370684,48.87119375068056,48.06739594487801,47.46653148362848,50.99632397178272,50.47067289359309,49.94113683983183,53.10325583764455
rectangle,49.08002378890388,44.09148250776691,49.33497334295479,52.82234779140836,53.140611395332236,50.748349188237526,50.55244761737817,49.3807236941053,47.977539951932776,51.623176588009805,54.97100960842895
parallelogram,53.16024292160521,49.3349733429548,45.36975153510464,49.245565048096296,55.326904844881376,54.690792020847375,53.25479847501635,52.020432836128144,50.56002243041737,51.36687409593746,54.240423357320594
losange,55.92787481370684,52.82234779140836,49.245565048096296,45.824920581593624,56.375225968153984,56.9209686223511,55.599060101380466,53.60387245407988,52.84537802712767,51.88230770987862,52.59198792535782
isoTrapezoid,48.87119375068056,53.140611395332236,55.326904844881376,56.375225968153984,45.32536494197647,49.37827376078577,48.84007972662368,54.20274914057183,54.082797271682274,50.21369984124472,51.8796193918373
kite,48.067395944878015,50.74834918823753,54.690792020847375,56.9209686223511,49.37827376078577,45.279531149236384,47.72879230387646,53.37866694340626,53.091505997389895,52.73283005671688,55.114056538149846
rightKite,47.46653148362848,50.55244761737818,53.25479847501635,55.599060101380466,48.84007972662368,47.72879230387646,45.013988983945595,52.927923722103394,52.568993713847895,49.97018268316947,53.513752789421176
rustedHinge,50.996323971782736,49.38072369410529,52.020432836128144,53.60387245407989,54.20274914057183,53.37866694340626,52.9279237221034,45.12742165591509,46.35348450204595,52.780472551006824,54.10709775774126
hinge,50.47067289359309,47.977539951932776,50.560022430417376,52.84537802712767,54.08279727168229,53.091505997389895,52.568993713847895,46.35348450204595,45.07563207769666,52.148911391382015,53.886114909318415
trapezoid,49.94113683983183,51.62317658800982,51.366874095937476,51.88230770987862,50.213699841244726,52.73283005671688,49.97018268316946,52.78047255100684,52.148911391382015,45.89545442179648,49.49100988336061
random,53.10325583764455,54.97100960842895,54.240423357320594,52.591987925357806,51.8796193918373,55.114056538149846,53.513752789421176,54.10709775774126,53.886114909318415,49.49100988336062,46.047202574855895
