,square,rectangle,parallelogram,losange,isoTrapezoid,kite,rightKite,rustedHinge,hinge,trapezoid,random
square,32.100205450192504,35.96605335245138,40.802092285006566,43.798501404600756,40.69566696511098,39.55824884166503,39.2892835816495,42.410073735699925,41.485048918178286,39.639724040839575,43.64645118518303
rectangle,35.96605335245138,32.0326195194011,38.160220345926746,41.81059117180453,43.655108699317275,40.99207934356523,41.26024069333717,41.32725485820823,39.72712985014185,40.73215556151871,44.64411093483747
parallelogram,40.80209228500657,38.16022034592675,34.51166016022571,37.748020130827854,45.40598258471282,44.26946310139789,44.11679625430358,42.71319862976539,41.66519283763023,40.70814989519666,43.69543001859648
losange,43.798501404600756,41.810591171804525,37.748020130827854,35.166671356392996,46.71401025675955,46.51909842056866,46.30493973903422,44.52625792668722,43.94189426020108,41.537563722084194,43.074680946147794
isoTrapezoid,40.69566696511098,43.655108699317275,45.40598258471282,46.71401025675955,37.800439074884316,42.486954913068615,41.61960161806388,46.55467405149706,46.61507484672238,41.72595843789316,44.441203086078104
kite,39.55824884166503,40.99207934356522,44.26946310139788,46.51909842056866,42.486954913068615,37.609098067744625,40.52543814459361,45.995475274983136,45.18959112200846,43.70796426740035,46.21614491820252
rightKite,39.2892835816495,41.26024069333717,44.11679625430358,46.30493973903422,41.61960161806388,40.52543814459361,37.11146619970236,45.335375735070585,45.05709163897439,41.663588467440455,45.55247784398187
rustedHinge,42.41007373569992,41.32725485820823,42.71319862976539,44.52625792668722,46.55467405149706,45.99547527498314,45.335375735070585,37.568340708910576,38.84817053735136,44.248858994524625,45.56568609261664
hinge,41.48504891817829,39.72712985014186,41.66519283763023,43.94189426020109,46.61507484672238,45.18959112200846,45.057091638974384,38.84817053735136,37.20382916663304,43.794594402069016,45.17374429363161
trapezoid,39.63972404083958,40.73215556151871,40.70814989519666,41.537563722084194,41.72595843789316,43.70796426740035,41.663588467440455,44.248858994524625,43.794594402069016,36.616961021982306,41.01114543301405
random,43.64645118518303,44.64411093483747,43.69543001859648,43.074680946147794,44.441203086078104,46.21614491820252,45.55247784398186,45.56568609261664,45.17374429363161,41.01114543301406,38.38563455988873
