,square,rectangle,parallelogram,losange,isoTrapezoid,kite,rightKite,rustedHinge,hinge,trapezoid,random
square,36.386043324413265,40.56550725548019,44.389848456189654,47.13910973954635,41.06638688413866,40.26427650687986,39.566903939546734,42.75341176831541,42.32196430138023,41.553541675187624,44.54183091234376
rectangle,40.56550725548019,36.24593030534493,41.01121741851833,44.55615846015594,44.74751947432187,42.46048017041289,42.126575957463544,41.382650635078505,40.233553050430096,42.931266028398596,46.13530137466933
parallelogram,44.389848456189654,41.01121741851832,38.25817086126577,42.04629552825925,46.842991184554855,45.71291069044416,44.66867030135323,43.580297013984435,42.5177457584473,43.30151735081004,46.030174595668946
losange,47.13910973954635,44.556158460155935,42.04629552825925,38.82983207849332,48.03516106151652,47.894682939469774,46.907764871411274,45.4070201575479,44.87516173848724,43.94313042616672,44.87877206758759
isoTrapezoid,41.06638688413866,44.74751947432188,46.842991184554855,48.03516106151652,37.822289207896006,41.3576912986844,40.75843209933766,45.5086765703664,45.5494012982759,41.9789241238776,43.56356711426105
kite,40.26427650687986,42.46048017041289,45.71291069044416,47.89468293946977,41.3576912986844,37.76885507186667,39.75723921168322,44.65605405755383,44.34069513322973,43.852387565546614,45.84481551017152
rightKite,39.566903939546734,42.126575957463544,44.66867030135323,46.907764871411274,40.75843209933766,39.75723921168322,37.277150204419485,44.04754437570868,43.80726836279065,41.60522783334998,44.68940281867571
rustedHinge,42.75341176831541,41.382650635078505,43.580297013984435,45.4070201575479,45.5086765703664,44.65605405755383,44.04754437570868,37.84717760618138,39.01898997856949,43.98240364735742,45.321298049581976
hinge,42.32196430138023,40.233553050430096,42.5177457584473,44.87516173848724,45.5494012982759,44.34069513322973,43.80726836279065,39.01898997856949,37.83591809908397,43.593307362354736,45.19882264851279
trapezoid,41.553541675187624,42.931266028398596,43.30151735081004,43.94313042616672,41.978924123877604,43.852387565546614,41.60522783334998,43.98240364735742,43.59330736235474,38.21057678210158,41.563015478279944
random,44.54183091234376,46.13530137466933,46.030174595668946,44.87877206758759,43.56356711426105,45.84481551017152,44.68940281867571,45.32129804958197,45.19882264851279,41.563015478279944,38.6703084237808
