,square,rectangle,parallelogram,losange,isoTrapezoid,kite,rightKite,rustedHinge,hinge,trapezoid,random
square,29.01358281419584,32.91592498832625,37.33310452840846,40.6552798563675,35.12236609792217,34.57540882471863,33.254988772427566,37.10752181803383,36.59183075534576,34.88801671378094,39.50569393683392
rectangle,32.91592498832625,29.191216517437585,34.861273531372845,39.11463038844255,37.917057184472355,36.25637332586626,35.31703546706239,36.05194100741669,34.9542353032154,36.05542359329982,40.52520762695702
parallelogram,37.33310452840846,34.861273531372845,29.41286822172919,33.12799472304594,37.511270127939284,37.11149633336022,36.394241092846976,35.573213737248565,35.40184226012559,34.21382559040659,37.1576526956266
losange,40.6552798563675,39.11463038844255,33.12799472304594,31.03248089823979,39.101236072638386,39.55016039310547,38.90498664601966,37.68290242255513,38.010142036213836,35.47933885689028,36.572828964094256
isoTrapezoid,35.122366097922175,37.91705718447236,37.51127012793928,39.101236072638386,31.315806843745335,35.11084662922556,33.83606085941092,38.24174414050219,38.908466864352384,33.775042378995465,36.834116874638404
kite,34.57540882471862,36.25637332586626,37.11149633336022,39.55016039310547,35.11084662922556,31.297365754985638,32.966587844342904,37.51725946485631,37.42185425079107,35.68951641847069,38.24036972972172
rightKite,33.25498877242756,35.31703546706239,36.394241092846976,38.90498664601966,33.83606085941092,32.966587844342904,29.90368031490985,36.67596156103572,36.85716976090671,33.470359805480626,37.57477889660454
rustedHinge,37.10752181803383,36.05194100741669,35.573213737248565,37.68290242255514,38.24174414050219,37.51725946485631,36.67596156103573,31.092227859215928,32.54013775900689,36.33075653421909,38.00946360978626
hinge,36.59183075534576,34.9542353032154,35.40184226012559,38.010142036213836,38.90846686435239,37.42185425079107,36.85716976090671,32.54013775900689,31.51434446952778,36.699512517934835,38.57828044548098
trapezoid,34.88801671378094,36.05542359329982,34.21382559040659,35.47933885689028,33.775042378995465,35.68951641847069,33.470359805480626,36.33075653421909,36.699512517934835,29.72293635803125,34.16246535574815
random,39.50569393683392,40.52520762695703,37.1576526956266,36.572828964094256,36.834116874638404,38.24036972972172,37.57477889660454,38.00946360978625,38.578280445480985,34.16246535574815,31.809267478879335
