,square,rectangle,parallelogram,losange,isoTrapezoid,kite,rightKite,rustedHinge,hinge,trapezoid,random
square,0.0,1024.109523204912,1462.6171429190304,1816.2503775241642,862.8845405357583,801.7788927833976,608.5348907139442,1176.3671789287082,1119.2480506979164,1004.7222794918143,1459.3043787281545
rectangle,1024.109523204912,0.0,859.0018923163658,1384.733618551405,1471.7639534009031,1192.134399829155,1129.7612500762834,1028.4150580512908,817.3302872876218,1195.0127656404059,1666.117338594629
parallelogram,1462.6171429190304,859.0018923163658,0.0,784.6616955370249,1685.3005997792577,1596.4634540478837,1454.4148487621396,1164.356467151782,953.6469979575571,1118.8134657493722,1477.5288841731226
losange,1816.2503775241642,1384.733618551405,784.6616955370249,0.0,1871.1432290157386,1886.042641218227,1763.930266315821,1373.834607093146,1266.3593259202146,1273.5518738201795,1294.318019800449
isoTrapezoid,862.8845405357583,1471.7639534009031,1685.3005997792577,1871.1432290157386,0.0,916.4145689346929,790.2926573581202,1479.9811812282542,1481.620064586919,1027.0653743267512,1286.9726423413545
kite,801.7788927833976,1192.134399829155,1596.4634540478837,1886.042641218227,916.4145689346929,0.0,638.1835971260313,1473.4948380190078,1449.929069443935,1359.7625536982596,1681.916323953842
rightKite,608.5348907139442,1129.7612500762834,1454.4148487621396,1763.930266315821,790.2926573581202,638.1835971260313,0.0,1370.9129213153863,1324.432455333379,1000.4711746651227,1490.541113533121
rustedHinge,1176.3671789287082,1028.4150580512908,1164.356467151782,1373.834607093146,1479.9811812282542,1473.4948380190078,1370.9129213153863,0.0,356.6380487653477,1200.3495955161466,1380.2903457558145
hinge,1119.2480506979164,817.3302872876218,953.6469979575571,1266.3593259202146,1481.620064586919,1449.929069443935,1324.432455333379,356.6380487653477,0.0,1109.6916743170293,1382.7789306489112
trapezoid,1004.7222794918143,1195.0127656404059,1118.8134657493722,1273.5518738201795,1027.0653743267512,1359.7625536982596,1000.4711746651227,1200.3495955161466,1109.6916743170293,0.0,830.6227645932906
random,1459.3043787281545,1666.117338594629,1477.5288841731226,1294.318019800449,1286.9726423413545,1681.916323953842,1490.541113533121,1380.2903457558145,1382.7789306489112,830.6227645932906,0.0
