,square,rectangle,parallelogram,losange,isoTrapezoid,kite,rightKite,rustedHinge,hinge,trapezoid,random
square,0.0,387.1154656962504,446.61308978357687,532.9900661892402,290.8038851600987,236.46329805569286,188.67662407506893,379.34423785921416,376.59092689061185,304.1960331643183,419.86402293403444
rectangle,387.1154656962504,0.0,276.2306750498843,391.7429413580135,493.21567384816467,412.669173330369,397.9184782570042,274.6946600229266,216.26061899350253,405.1987667838838,476.8537062394421
parallelogram,446.61308978357687,276.2306750498843,0.0,275.05216596807145,489.8050952409751,460.7316408054115,429.40787559573164,335.6024047587219,291.5176321135892,398.37655354253246,460.64067625504146
losange,532.9900661892402,391.7429413580135,275.05216596807145,0.0,516.0451127020815,519.1082016675034,511.9771756868218,371.204951674002,361.19071055424257,433.04707736164346,406.52154795844234
isoTrapezoid,290.8038851600987,493.21567384816467,489.8050952409751,516.0451127020815,0.0,297.9219483151756,280.61922702795005,464.0683184384215,474.5361534561526,319.79674617587375,385.7218555727986
kite,236.46329805569286,412.669173330369,460.7316408054115,519.1082016675034,297.9219483151756,0.0,204.22998893323003,427.12051300671703,429.86708995446713,370.8757254572145,438.7153067196774
rightKite,188.67662407506893,397.9184782570042,429.40787559573164,511.9771756868218,280.61922702795005,204.22998893323003,0.0,399.87776228720736,397.47704748155047,295.542517006094,429.5005357399802
rustedHinge,379.34423785921416,274.6946600229266,335.6024047587219,371.204951674002,464.0683184384215,427.12051300671703,399.87776228720736,0.0,113.51734494440012,388.39245852656745,414.126993302152
hinge,376.59092689061185,216.26061899350253,291.5176321135892,361.19071055424257,474.5361534561526,429.86708995446713,397.47704748155047,113.51734494440012,0.0,382.4525095622992,427.9771892304244
trapezoid,304.1960331643183,405.1987667838838,398.37655354253246,433.04707736164346,319.79674617587375,370.8757254572145,295.542517006094,388.39245852656745,382.4525095622992,0.0,307.10332922695585
random,419.86402293403444,476.8537062394421,460.64067625504146,406.52154795844234,385.7218555727986,438.7153067196774,429.5005357399802,414.126993302152,427.9771892304244,307.10332922695585,0.0
