,square,rectangle,parallelogram,losange,isoTrapezoid,kite,rightKite,rustedHinge,hinge,trapezoid,random
square,1402.7584174995952,1361.1871040383166,1632.928956829393,1723.826841279299,1627.4930071722601,1572.5777889802425,1544.145794415941,1605.8471612862584,1525.3191985089536,1465.282490552082,1703.408281100109
rectangle,1361.1871040383164,1225.7554842056556,1534.3523396752503,1644.3155820105605,1609.819022711512,1515.2365148445888,1497.7729140611636,1552.393065013394,1458.588227483322,1420.361071463459,1679.3988411788387
parallelogram,1632.928956829393,1534.35233967525,1594.6102279448037,1700.2635964410167,1751.2981412836816,1752.7386666316281,1750.896119768701,1775.1251911996192,1674.3244838031762,1617.1096923135085,1805.242462155361
losange,1723.8268412792995,1644.3155820105608,1700.2635964410167,1743.1715602191923,1825.61509736525,1826.1037969641966,1828.2793666638433,1862.9717918916895,1771.653868294053,1693.0616409373908,1866.0941220052255
isoTrapezoid,1627.49300717226,1609.819022711512,1751.298141283681,1825.61509736525,1479.2976345742886,1767.46720523092,1682.2163361885277,1752.6229342412694,1660.891278218743,1528.5197754807862,1564.8145828712222
kite,1572.5777889802425,1515.2365148445888,1752.7386666316281,1826.1037969641966,1767.46720523092,1464.3509432598262,1524.487004974985,1810.5679659713796,1755.725820395351,1656.346638157996,1870.2017386061266
rightKite,1544.145794415941,1497.7729140611636,1750.896119768701,1828.2793666638433,1682.2163361885282,1524.487004974985,1465.8448991789667,1719.0957978498495,1674.1907850828957,1570.808706055399,1779.0804921504193
rustedHinge,1605.8471612862584,1552.393065013394,1775.1251911996192,1862.9717918916895,1752.6229342412696,1810.5679659713792,1719.0957978498495,1593.4052365300397,1560.4316872508628,1583.4067259352676,1815.2046498014709
hinge,1525.3191985089536,1458.588227483322,1674.3244838031767,1771.653868294053,1660.891278218743,1755.725820395351,1674.1907850828957,1560.4316872508628,1467.8352988860943,1496.8083036426863,1719.008117030833
trapezoid,1465.282490552082,1420.361071463459,1617.1096923135085,1693.061640937391,1528.5197754807862,1656.346638157996,1570.808706055399,1583.4067259352678,1496.8083036426863,1363.2015401129975,1582.5053557079518
random,1703.408281100109,1679.3988411788387,1805.242462155361,1866.0941220052255,1564.8145828712222,1870.2017386061266,1779.0804921504198,1815.2046498014709,1719.0081170308335,1582.5053557079518,1527.4621864865883
