,square,rectangle,parallelogram,losange,isoTrapezoid,kite,rightKite,rustedHinge,hinge,trapezoid,random
square,149.17416096573257,165.54986884451927,180.45676773141417,190.65543318488065,164.28775542173437,163.1396532783675,160.3918285599018,172.6438161170115,170.6976541570549,166.71449536040356,179.66372607513108
rectangle,165.54986884451927,146.7342235359493,166.50614883703147,180.8478702717262,182.02376642753748,173.01061581269576,171.45156332792644,166.95084025649666,161.64207011015503,173.28973503980112,188.6295086713969
parallelogram,180.45676773141417,166.5061488370315,156.70899779157588,170.185260390939,189.4708701394021,186.96526406428413,182.299447693809,177.5102937167183,172.26897962095254,175.03253071593707,187.8242951081621
losange,190.65543318488065,180.8478702717262,170.185260390939,159.31279954026408,193.0809398393842,195.15919926747853,190.66287935572916,184.14465004885824,181.48006073977274,177.1535714307635,182.39918881401832
isoTrapezoid,164.28775542173437,182.02376642753748,189.4708701394021,193.0809398393842,149.7798765955233,167.55564754138507,165.01520404223777,184.36161339762077,183.9780794602868,167.53637173742385,174.28231702555766
kite,163.1396532783675,173.01061581269573,186.96526406428413,195.15919926747853,167.55564754138507,153.7771758151798,161.62894937518465,182.53592067335032,181.49098666918727,177.62318917352366,188.00191296729648
rightKite,160.3918285599018,171.45156332792646,182.299447693809,190.66287935572916,165.01520404223774,161.62894937518465,152.51356871562467,179.58201102907174,178.3158389515635,168.21391146931126,182.42819838923734
rustedHinge,172.64381611701148,166.95084025649666,177.5102937167183,184.14465004885827,184.36161339762074,182.5359206733503,179.5820110290717,153.17389267556405,157.2861735524295,177.6237605589854,184.64037070328104
hinge,170.69765415705487,161.64207011015503,172.2689796209525,181.48006073977274,183.9780794602868,181.49098666918727,178.3158389515635,157.2861735524295,152.93196187403825,175.29936624632592,184.27144764164868
trapezoid,166.71449536040356,173.28973503980114,175.03253071593707,177.1535714307635,167.53637173742382,177.62318917352366,168.21391146931126,177.6237605589854,175.29936624632592,152.63257965664573,166.50815709291257
random,179.66372607513108,188.6295086713969,187.82429510816212,182.3991888140183,174.28231702555763,188.00191296729648,182.42819838923734,184.64037070328104,184.27144764164865,166.50815709291257,155.9785625927432
