,square,rectangle,parallelogram,losange,isoTrapezoid,kite,rightKite,rustedHinge,hinge,trapezoid,random
square,1450.4222243128381,1415.6267054679531,1696.1397447426714,1791.217240795124,1693.1596766574662,1632.7337266339368,1603.1718243264343,1672.128136828945,1589.6206760595849,1526.6698786193006,1775.2139993020169
rectangle,1415.6267054679531,1276.3011166548201,1596.169336489881,1711.5178456692165,1676.4058161708642,1576.0815361387747,1557.4353066760623,1618.5563047167652,1522.4695105326482,1482.8866956938978,1750.8040213868105
parallelogram,1696.1397447426714,1596.1693364898808,1650.6797371626617,1763.663127451467,1819.5683174799922,1816.7770158871642,1813.848370320117,1843.9478443922515,1741.0584427277797,1681.8694557149242,1876.9494643035994
losange,1791.217240795124,1711.5178456692165,1763.663127451467,1801.5436379666623,1896.0576822521973,1891.817492974099,1893.4610407414007,1932.5651490719401,1840.5647791030099,1760.1927018946012,1937.960045742593
isoTrapezoid,1693.1596766574662,1676.4058161708642,1819.5683174799922,1896.0576822521973,1533.731911715207,1826.0683469189767,1737.9757946221837,1815.4749998496077,1723.4774660369496,1587.563893145534,1630.3109602949635
kite,1632.7337266339368,1576.0815361387747,1816.7770158871645,1891.817492974099,1826.0683469189767,1514.5896157886427,1575.7225372674627,1868.6763508306394,1812.5258536983388,1712.2043721478642,1933.1738761789195
rightKite,1603.1718243264343,1557.4353066760623,1813.8483703201166,1893.4610407414011,1737.9757946221835,1575.7225372674627,1511.572989509529,1775.1695285510834,1728.9722730390595,1624.750852439976,1840.35066859362
rustedHinge,1672.128136828945,1618.556304716765,1843.9478443922515,1932.5651490719397,1815.4749998496077,1868.6763508306394,1775.1695285510834,1645.1176077898615,1614.2455313150124,1645.807915477112,1879.208923518272
hinge,1589.6206760595849,1522.4695105326482,1741.0584427277797,1840.5647791030099,1723.47746603695,1812.5258536983388,1728.9722730390595,1614.2455313150122,1519.0407154859495,1558.6845898535723,1783.1400958928173
trapezoid,1526.6698786193006,1482.8866956938978,1681.8694557149242,1760.1927018946012,1587.563893145534,1712.2043721478642,1624.750852439976,1645.8079154771124,1558.6845898535723,1416.3567982041739,1645.9175063662683
random,1775.2139993020173,1750.8040213868105,1876.9494643035994,1937.960045742593,1630.3109602949635,1933.1738761789195,1840.35066859362,1879.208923518272,1783.1400958928175,1645.9175063662683,1586.228903389061
