,square,rectangle,parallelogram,losange,isoTrapezoid,kite,rightKite,rustedHinge,hinge,trapezoid,random
square,1449.4507217320834,1414.887254416631,1697.4986696668145,1793.936572338561,1695.5787711735907,1633.8431339493038,1604.301843437718,1673.8259683323936,1590.9873753303439,1528.3367076561387,1778.570535300585
rectangle,1414.887254416631,1274.7184212702143,1596.9758989782006,1714.2135877960159,1679.4147536206767,1577.3885091831555,1558.8422552729483,1619.9592751334862,1523.3236348060304,1484.9237989287249,1754.778538057801
parallelogram,1697.4986696668145,1596.9758989782006,1651.8317611801613,1765.8606723019045,1822.997731746393,1819.0162652715692,1816.20754943803,1846.1734154688224,1742.8779158396615,1684.2388714662388,1880.9355884024567
losange,1793.9365723385615,1714.2135877960159,1765.8606723019045,1803.8232788218024,1899.7452760821677,1894.8890926657862,1896.4287970192547,1935.5224430892486,1843.3257294102543,1762.7752662288501,1941.7121676058575
isoTrapezoid,1695.5787711735907,1679.4147536206767,1822.997731746393,1899.7452760821677,1534.691668436745,1827.8149453775047,1739.2471381240348,1817.9457738285225,1725.933046179457,1588.6036792195919,1632.128043054948
kite,1633.8431339493038,1577.3885091831555,1819.016265271569,1894.8890926657862,1827.814945377505,1514.9893983192153,1575.840450786655,1870.177097785629,1813.844128090279,1713.5022642782171,1935.854627363533
rightKite,1604.301843437718,1558.842255272948,1816.20754943803,1896.4287970192547,1739.2471381240343,1575.8404507866549,1511.446679802923,1776.2487768464464,1730.0235686529095,1625.5167405264208,1842.509863780056
rustedHinge,1673.825968332394,1619.959275133486,1846.1734154688224,1935.5224430892486,1817.9457738285225,1870.177097785629,1776.2487768464464,1645.7808916567735,1614.7535428096728,1647.4818162258002,1882.2737016246947
hinge,1590.9873753303439,1523.3236348060304,1742.8779158396617,1843.3257294102539,1725.933046179457,1813.844128090279,1730.0235686529095,1614.7535428096726,1519.3485054884284,1560.2150486070293,1786.1312502927576
trapezoid,1528.3367076561387,1484.9237989287249,1684.238871466239,1762.77526622885,1588.603679219592,1713.5022642782171,1625.5167405264212,1647.4818162258002,1560.2150486070293,1416.715853798663,1647.6944810414743
random,1778.5705353005849,1754.778538057801,1880.9355884024567,1941.7121676058575,1632.128043054948,1935.8546273635325,1842.509863780056,1882.2737016246947,1786.1312502927574,1647.6944810414743,1587.9126729238865
