,square,rectangle,parallelogram,losange,isoTrapezoid,kite,rightKite,rustedHinge,hinge,trapezoid,random
square,1450.9088481532206,1414.0932050172642,1701.6618466041184,1800.507017787234,1701.039937456656,1637.8932863383275,1608.5047774234465,1677.3256188442767,1592.750900142022,1530.6529482974545,1785.6427473683905
rectangle,1414.0932050172642,1274.284235322277,1601.0915389971371,1721.3164524005017,1687.7420646370058,1582.630448155072,1564.7404196717364,1625.2526611128044,1526.4362948076841,1489.2552865508517,1765.2907538154805
parallelogram,1701.6618466041184,1601.0915389971371,1658.301122627364,1773.3854287153367,1833.8742354457468,1829.1587769146438,1827.3475865159423,1855.2548302170533,1749.9040166698974,1691.4099775850564,1892.9939886129864
losange,1800.507017787234,1721.3164524005017,1773.3854287153363,1814.1144931937772,1911.858610629296,1907.5739024203388,1909.757067356403,1947.1568924659284,1852.9964983350526,1771.0738811817303,1954.4087047981095
isoTrapezoid,1701.039937456656,1687.7420646370063,1833.8742354457468,1911.858610629296,1544.0518296685098,1840.338337923814,1751.7112776970098,1832.2974815606894,1738.9176079649249,1596.8414573385892,1642.2394752711587
kite,1637.8932863383275,1582.630448155072,1829.158776914644,1907.5739024203388,1840.338337923814,1523.3878001293633,1585.0829587126768,1883.1432188194435,1825.3686977263733,1723.916938162641,1951.0547968189062
rightKite,1608.5047774234465,1564.7404196717364,1827.3475865159423,1909.757067356403,1751.7112776970098,1585.0829587126766,1521.1095082090185,1789.2532135444194,1742.0948523400828,1635.3942403048927,1857.1724708580678
rustedHinge,1677.325618844277,1625.2526611128048,1855.2548302170535,1947.1568924659286,1832.2974815606894,1883.1432188194435,1789.2532135444194,1656.6932727495143,1624.6581582631254,1656.8397561779575,1898.3663291387795
hinge,1592.7509001420221,1526.436294807684,1749.9040166698978,1852.9964983350526,1738.9176079649249,1825.3686977263733,1742.0948523400825,1624.6581582631254,1528.1998394922882,1568.0184477271835,1800.4611888896295
trapezoid,1530.6529482974545,1489.2552865508517,1691.4099775850564,1771.0738811817303,1596.8414573385894,1723.916938162641,1635.3942403048932,1656.8397561779575,1568.0184477271835,1422.2775829344264,1657.2099828705573
random,1785.6427473683905,1765.2907538154805,1892.9939886129869,1954.40870479811,1642.2394752711582,1951.0547968189062,1857.1724708580678,1898.3663291387795,1800.4611888896295,1657.2099828705573,1598.954508571369
