,square,rectangle,parallelogram,losange,isoTrapezoid,kite,rightKite,rustedHinge,hinge,trapezoid,random
square,464.7641497654885,462.3499982042817,520.3146764041107,541.8773595983557,475.8518151836547,510.7976073126309,489.39483395334463,510.6435029411122,497.519611319743,473.4825193051775,485.67551347174674
rectangle,462.3499982042818,404.1192450705894,466.4364304354044,494.73573787259795,474.27815200286614,492.7722842843105,475.64051361611916,472.4699976481237,457.40398589018355,452.73261068333125,467.4985014078183
parallelogram,520.3146764041107,466.4364304354044,469.1460982306674,496.07613049603304,511.505261460697,533.1189392597732,523.0053571695153,526.2062643891423,509.00546190783655,488.985590553612,497.1977118562182
losange,541.8773595983557,494.73573787259795,496.07613049603304,497.11046043407845,527.5330440584579,544.7106929792675,539.8105862303446,551.6211179607706,536.2236260474598,506.9021042310699,510.23476342494683
isoTrapezoid,475.8518151836547,474.27815200286614,511.5052614606969,527.5330440584578,399.640073224643,516.7417851342245,481.93523350358896,505.06578240525744,485.0080066069441,442.6182292406325,424.9411614650602
kite,510.797607312631,492.7722842843105,533.1189392597732,544.7106929792675,516.7417851342245,463.7115427786441,482.39687272811636,565.8126458730858,559.3815034832147,514.7500665459042,532.1480694696287
rightKite,489.39483395334474,475.6405136161193,523.0053571695153,539.8105862303447,481.9352335035891,482.39687272811636,456.27412129382304,531.1167128386007,524.7066219387935,479.3145274596978,495.9593594325339
rustedHinge,510.6435029411122,472.4699976481237,526.2062643891423,551.6211179607706,505.06578240525744,565.8126458730858,531.1167128386007,475.4757784590531,469.7983490150994,493.1857360312424,497.1644394477067
hinge,497.519611319743,457.4039858901835,509.00546190783655,536.2236260474597,485.0080066069441,559.3815034832147,524.7066219387935,469.7983490150994,448.44660373163373,476.07794300026785,476.2405809115072
trapezoid,473.4825193051775,452.73261068333125,488.9855905536121,506.9021042310698,442.6182292406325,514.7500665459042,479.31452745969773,493.1857360312424,476.07794300026785,427.93712824655455,435.27569377653367
random,485.67551347174685,467.4985014078183,497.1977118562182,510.23476342494683,424.9411614650602,532.1480694696287,495.9593594325338,497.1644394477066,476.2405809115072,435.27569377653367,401.0824830339338
