,square,rectangle,parallelogram,losange,isoTrapezoid,kite,rightKite,rustedHinge,hinge,trapezoid,random
square,1447.9702399731302,1412.9275350183482,1697.7111870069036,1795.5300053187666,1697.0507554970811,1634.1501403307107,1604.6873665757767,1674.6632215968566,1591.3409045637104,1528.6305668961384,1781.0283035301413
rectangle,1412.927535018348,1272.3857656448522,1597.0933700907062,1716.2300436182254,1681.5809340574808,1578.0254304487846,1559.709549033332,1620.9807839999887,1523.6940018893126,1485.8237085212677,1758.1665097764417
parallelogram,1697.7111870069036,1597.093370090706,1652.7992193554398,1767.6085852314955,1825.726667906305,1820.849313411988,1818.4109236493662,1848.1595967966157,1744.2992102559558,1685.782063971227,1884.4869802933435
losange,1795.530005318767,1716.2300436182254,1767.6085852314955,1806.0558642391122,1902.8316316130295,1897.6941508376417,1899.3744108636201,1938.3964941610266,1845.7912903745992,1764.6430151871266,1945.21975687904
isoTrapezoid,1697.0507554970811,1681.5809340574808,1825.726667906305,1902.8316316130297,1535.6120500428485,1829.670540770786,1740.751467740292,1820.307546045923,1728.1602129267326,1589.281157687527,1633.7812614876239
kite,1634.1501403307107,1578.0254304487844,1820.849313411988,1897.6941508376417,1829.670540770786,1515.4378180822205,1576.1500295982464,1871.8927306431865,1815.2458400381015,1714.7062508317047,1938.7955103266256
rightKite,1604.6873665757767,1559.709549033332,1818.4109236493662,1899.3744108636204,1740.7514677402921,1576.1500295982464,1511.7641331038267,1777.6499864694506,1731.392565997531,1626.4044041873383,1845.1721608290743
rustedHinge,1674.6632215968566,1620.9807839999885,1848.1595967966152,1938.3964941610266,1820.307546045923,1871.8927306431865,1777.6499864694506,1646.5636232911684,1615.3988380855583,1648.7555529114504,1885.5164373317161
hinge,1591.3409045637104,1523.6940018893126,1744.2992102559556,1845.7912903745992,1728.1602129267326,1815.2458400381017,1731.3925659975305,1615.3988380855583,1519.7740077575322,1561.218981525811,1789.0641694182011
trapezoid,1528.6305668961381,1485.8237085212675,1685.782063971227,1764.643015187127,1589.2811576875267,1714.7062508317047,1626.4044041873383,1648.7555529114504,1561.2189815258107,1416.713255173465,1649.4256667014083
random,1781.0283035301413,1758.1665097764417,1884.4869802933435,1945.21975687904,1633.7812614876239,1938.7955103266256,1845.1721608290743,1885.5164373317166,1789.0641694182011,1649.4256667014079,1589.8447326172193
