,square,rectangle,parallelogram,losange,isoTrapezoid,kite,rightKite,rustedHinge,hinge,trapezoid,random
square,1404.4710229234502,1363.9088293679881,1636.7335106466192,1728.3062513449013,1631.791615281374,1576.4204467288243,1548.0033034227054,1609.8849702132452,1529.3859702113734,1470.2892658476162,1708.4816090208644
rectangle,1363.9088293679881,1227.9046373810522,1537.8643868198474,1648.830662559409,1614.9387579802305,1519.747870928455,1502.2866493454817,1556.462770278841,1462.6340747769732,1426.0292349333356,1685.0339264286083
parallelogram,1636.7335106466187,1537.8643868198476,1597.103130665452,1703.433539254201,1756.3809605260576,1757.1799080627675,1755.2272656612893,1779.1622627216987,1678.4690334002378,1621.9802441787028,1810.216061316713
losange,1728.3062513449013,1648.8306625594084,1703.4335392542014,1745.645343958978,1830.7021496352857,1830.6850016189057,1832.7811683276273,1867.1600182062036,1776.172039510686,1697.8012992725694,1870.6120710868142
isoTrapezoid,1631.791615281374,1614.9387579802305,1756.3809605260576,1830.7021496352857,1482.036221131467,1770.4919550942866,1685.1243571450507,1757.038946201662,1665.7958777156023,1532.159078451949,1569.3170402395474
kite,1576.4204467288246,1519.7478709284549,1757.1799080627675,1830.6850016189057,1770.4919550942866,1467.0254499967702,1527.3344081579414,1814.1030043653877,1759.4492208472584,1659.9298569643474,1873.828619897009
rightKite,1548.0033034227051,1502.286649345482,1755.2272656612893,1832.7811683276273,1685.1243571450507,1527.3344081579414,1468.0355883535792,1722.5919819033754,1677.8867724381034,1574.157965840867,1782.7035268212755
rustedHinge,1609.8849702132452,1556.4627702788412,1779.1622627216987,1867.1600182062039,1757.038946201662,1814.1030043653877,1722.5919819033754,1595.7606131022628,1563.152514901364,1588.3918137042313,1819.1910228446934
hinge,1529.3859702113734,1462.6340747769732,1678.4690334002378,1776.172039510686,1665.7958777156023,1759.4492208472584,1677.8867724381037,1563.1525149013642,1470.421067555508,1502.2671359364863,1723.3635632017365
trapezoid,1470.2892658476162,1426.0292349333356,1621.9802441787028,1697.8012992725694,1532.159078451949,1659.929856964348,1574.157965840867,1588.3918137042313,1502.2671359364863,1366.6195713361146,1586.3843923715388
random,1708.4816090208644,1685.0339264286083,1810.216061316713,1870.6120710868142,1569.3170402395474,1873.828619897009,1782.7035268212755,1819.191022844693,1723.3635632017365,1586.3843923715388,1530.6346044038703
