,square,rectangle,parallelogram,losange,isoTrapezoid,kite,rightKite,rustedHinge,hinge,trapezoid,random
square,103.13248536220263,115.9594398469827,139.04485688877818,153.3104514934222,151.22653550367235,145.24101808948166,145.59725941617322,156.1428402101137,151.58046559199695,146.87480136194816,166.23259027061252
rectangle,115.9594398469827,101.6452598376563,131.32508969996064,149.95203157197986,157.16450519594255,147.83406609426476,148.75565560523046,152.28571393691465,145.936961592707,149.42767745129865,168.52821716404463
parallelogram,139.04485688877818,131.3250896999606,117.30709616118467,131.11221152652868,156.98604676271682,152.6147123997312,151.6707413811516,154.50737223810873,150.16020582683632,145.46970231578655,162.35342026912156
losange,153.3104514934222,149.95203157197986,131.11221152652868,120.18598811359364,159.2952241556585,158.11584444885062,156.40183620865832,159.4490160579902,157.64296534787115,146.4289447848015,158.26952586288718
isoTrapezoid,151.22653550367235,157.16450519594255,156.98604676271682,159.2952241556585,113.64687966092018,132.3522367219288,126.92355684993477,148.13550791905175,150.2864085745564,129.4618654130558,141.4038219138043
kite,145.24101808948166,147.83406609426476,152.6147123997312,158.11584444885062,132.3522367219288,114.97714004037711,120.66736988082545,144.05774287411444,143.48332641056155,136.70449156027107,147.25416993137793
rightKite,145.59725941617324,148.7556556052305,151.6707413811516,156.40183620865832,126.92355684993477,120.66736988082542,109.77148704037596,139.90767601369853,140.63863471881274,129.19228404655598,142.4557633997245
rustedHinge,156.1428402101137,152.28571393691465,154.50737223810876,159.4490160579902,148.13550791905172,144.05774287411444,139.90767601369853,114.22515048874295,121.31694121497033,146.72480395918578,149.63327854713503
hinge,151.58046559199695,145.936961592707,150.16020582683635,157.64296534787118,150.2864085745564,143.48332641056155,140.63863471881274,121.31694121497033,116.93497115190868,146.47135422139738,150.30087847894583
trapezoid,146.87480136194816,149.42767745129868,145.46970231578658,146.4289447848015,129.4618654130558,136.70449156027107,129.19228404655598,146.7248039591858,146.4713542213974,115.93795505961053,135.87079188415126
random,166.23259027061252,168.52821716404463,162.35342026912156,158.26952586288718,141.40382191380434,147.25416993137796,142.4557633997245,149.63327854713503,150.30087847894583,135.87079188415126,121.82524374699337
