,square,rectangle,parallelogram,losange,isoTrapezoid,kite,rightKite,rustedHinge,hinge,trapezoid,random
square,1410.0081674654132,1371.7135854569706,1646.2760891865803,1738.9607836795874,1641.118085028396,1585.1311018304807,1556.7630685019376,1620.6246717859808,1539.8245902660997,1479.9545416614415,1719.3609235754939
rectangle,1371.7135854569706,1234.576101787036,1547.0517409191007,1659.8718762099534,1625.5829471693967,1529.575724518437,1512.1872400237792,1567.4347015761255,1473.1716295704794,1436.8201790939681,1696.794705877551
parallelogram,1646.2760891865803,1547.0517409191007,1603.984739139675,1711.7570614525002,1766.4810911255872,1766.4593486289039,1764.5944562355642,1789.3692924782358,1688.4338022983898,1631.5755342758055,1820.5058655401933
losange,1738.9607836795874,1659.8718762099531,1711.7570614525007,1752.3168751442372,1840.8228593585627,1840.0995662341306,1842.3593386710456,1877.4706327257297,1786.652207927963,1707.3997334488372,1880.1878915428915
isoTrapezoid,1641.118085028396,1625.5829471693967,1766.4810911255872,1840.8228593585627,1488.2123183160322,1776.9806140898281,1691.496210208883,1765.6643852030895,1674.6043438660618,1539.3615918697558,1577.7148049575546
kite,1585.131101830481,1529.575724518437,1766.4593486289043,1840.0995662341306,1776.9806140898286,1472.7389889506385,1533.3675400454583,1821.5969221343662,1766.7660832155652,1666.7902358592335,1881.0038255120644
rightKite,1556.7630685019378,1512.1872400237796,1764.5944562355642,1842.3593386710456,1691.496210208883,1533.3675400454583,1473.0835982742713,1730.0455550508636,1685.2035619494607,1580.814998048336,1790.0766650263758
rustedHinge,1620.6246717859808,1567.4347015761257,1789.3692924782363,1877.4706327257297,1765.6643852030895,1821.5969221343664,1730.0455550508632,1602.0670818244485,1569.8687614580529,1597.608353516563,1827.412586986938
hinge,1539.8245902660997,1473.1716295704794,1688.4338022983902,1786.652207927963,1674.6043438660613,1766.7660832155657,1685.2035619494611,1569.8687614580526,1476.6243951161618,1511.6311954910116,1731.7479912809013
trapezoid,1479.9545416614415,1436.8201790939681,1631.5755342758055,1707.3997334488372,1539.3615918697558,1666.7902358592335,1580.8149980483358,1597.608353516563,1511.6311954910118,1373.317029993081,1594.2125672250786
random,1719.3609235754939,1696.794705877551,1820.5058655401933,1880.1878915428917,1577.7148049575546,1881.0038255120644,1790.0766650263758,1827.412586986938,1731.7479912809008,1594.2125672250786,1537.1528669398274
