,square,rectangle,parallelogram,losange,isoTrapezoid,kite,rightKite,rustedHinge,hinge,trapezoid,random
square,1428.244196618031,1390.403799308656,1670.4094490384932,1765.445435299428,1666.9944835553272,1608.0086463269615,1579.1745655327852,1644.7743818362899,1562.3366331373388,1501.963477053529,1747.5855481200967
rectangle,1390.4037993086563,1252.213037010031,1570.648778102658,1686.3285722701162,1652.4760568628888,1552.6235114958242,1534.98747791643,1592.1669678104474,1495.9360795145747,1459.6518114646265,1726.1182841408731
parallelogram,1670.4094490384932,1570.648778102658,1628.0370798478993,1738.699665106378,1795.7806738718186,1793.934810093328,1792.109857871565,1817.9472831440587,1715.0744008437223,1657.7000311238219,1851.7190086002447
losange,1765.445435299428,1686.3285722701162,1738.6996651063778,1779.6138246899368,1871.5759269476794,1869.5139495377152,1871.7439205910964,1907.5724795521644,1815.2146538662746,1735.0386807136906,1912.2025829240151
isoTrapezoid,1666.9944835553272,1652.4760568628892,1795.7806738718186,1871.5759269476798,1513.0910375121093,1805.20479693931,1718.3612770565805,1795.0934160044876,1702.873841794489,1564.944303585092,1605.9934093816983
kite,1608.0086463269618,1552.623511495824,1793.934810093328,1869.5139495377152,1805.20479693931,1495.3088479028647,1556.4329942596678,1848.8269778805643,1792.6809699913792,1692.3466165115838,1911.8545328153434
rightKite,1579.1745655327852,1534.9874779164297,1792.109857871565,1871.7439205910964,1718.3612770565805,1556.4329942596676,1494.5256471107607,1756.2196529307848,1710.3292352828203,1605.205681504395,1819.566417932521
rustedHinge,1644.7743818362899,1592.1669678104474,1817.9472831440587,1907.5724795521646,1795.0934160044876,1848.8269778805643,1756.2196529307848,1626.430035784726,1594.1157471789904,1623.6625725121048,1858.5502651125914
hinge,1562.3366331373388,1495.9360795145747,1715.0744008437225,1815.2146538662746,1702.8738417944887,1792.6809699913792,1710.3292352828207,1594.1157471789902,1499.4116589729092,1536.347993565842,1761.745320796642
trapezoid,1501.963477053529,1459.6518114646265,1657.7000311238219,1735.038680713691,1564.9443035850918,1692.3466165115838,1605.205681504395,1623.6625725121048,1536.3479935658418,1395.2576978099905,1621.9313451371556
random,1747.5855481200967,1726.1182841408731,1851.7190086002445,1912.2025829240151,1605.9934093816983,1911.8545328153432,1819.566417932521,1858.5502651125914,1761.7453207966425,1621.9313451371559,1564.4008858331695
