,square,rectangle,parallelogram,losange,isoTrapezoid,kite,rightKite,rustedHinge,hinge,trapezoid,random
square,0.002241739067854801,0.0027016218518349697,0.004224529838556115,0.004895280483502689,0.0038762145945810574,0.004124341983953421,0.0040250705969730955,0.004300751106025333,0.004169918027664885,0.0041044283198602895,0.005161159590241573
rectangle,0.0027016218518349697,0.002292282565625308,0.003763753121076092,0.004568513215893555,0.0043924370104681905,0.004376600181651452,0.004316417435198339,0.004162635354956386,0.003936435306924167,0.004289477775898086,0.0054227956013082725
parallelogram,0.004224529838556115,0.003763753121076092,0.002997848884247503,0.003590481500980359,0.004813152585967471,0.004996254414119503,0.004847441292332564,0.004568921092810935,0.004338553853361112,0.004103273711729585,0.00516419059036771
losange,0.004895280483502689,0.0045685132158935545,0.0035904815009803587,0.0031309657702152365,0.005059712831965699,0.005293547395583126,0.005152994532577056,0.004857650157090427,0.0047335064272081085,0.004174857294149578,0.00482777703159539
isoTrapezoid,0.0038762145945810574,0.0043924370104681905,0.004813152585967471,0.005059712831965699,0.00277041293342076,0.00358737462335711,0.0034428120532439266,0.00439397388275085,0.004403057607029674,0.0035597190578111793,0.004164112406908444
kite,0.004124341983953421,0.004376600181651452,0.004996254414119503,0.005293547395583126,0.0035873746233571107,0.0027314121488591658,0.003019064594767007,0.004256899323303272,0.004190735427488312,0.0042390446664211925,0.004585577597256796
rightKite,0.0040250705969730955,0.004316417435198338,0.0048474412923325645,0.005152994532577057,0.0034428120532439275,0.003019064594767007,0.002664779844196922,0.00410103635596852,0.00404780429570952,0.0038219661983724075,0.004272797238284017
rustedHinge,0.004300751106025333,0.004162635354956386,0.004568921092810936,0.004857650157090427,0.00439397388275085,0.004256899323303272,0.00410103635596852,0.0028296030332062377,0.003006082603011014,0.004388121959287056,0.004483519174929206
hinge,0.004169918027664885,0.003936435306924167,0.004338553853361111,0.0047335064272081085,0.004403057607029675,0.004190735427488312,0.004047804295709519,0.003006082603011014,0.002868827750590896,0.004285445308034409,0.004416179494792027
trapezoid,0.0041044283198602895,0.004289477775898086,0.004103273711729584,0.004174857294149578,0.0035597190578111793,0.0042390446664211925,0.0038219661983724075,0.004388121959287056,0.004285445308034409,0.0029075330222440667,0.0037864716422738175
random,0.005161159590241573,0.0054227956013082725,0.00516419059036771,0.0048277770315953905,0.004164112406908444,0.004585577597256796,0.004272797238284017,0.004483519174929207,0.004416179494792027,0.0037864716422738175,0.0031225657056413282
