,square,rectangle,parallelogram,losange,isoTrapezoid,kite,rightKite,rustedHinge,hinge,trapezoid,random
square,0.00013217840496786438,0.00015617933520686118,0.00018444056512040516,0.00020647364404469777,0.00014748957145260306,0.0001475574906540299,0.00014951536273451218,0.00016916222597319932,0.00016024826334730164,0.00015633772290682215,0.0001791673860738995
rectangle,0.00015617933520686118,0.00013690589013426688,0.0001637183849372091,0.0001907977117358467,0.00018195862385487232,0.00016788754598584917,0.00017115924484816116,0.00016600801217734698,0.00015148290340579926,0.000170938015602566,0.00020108597226491066
parallelogram,0.00018444056512040516,0.0001637183849372091,0.00014619228061367792,0.00015987115134966475,0.00019819784572882177,0.00019152382549292104,0.0001866325354055326,0.00017769500837771374,0.0001641976849811716,0.00016650340285259484,0.00018924845464410414
losange,0.00020647364404469777,0.0001907977117358467,0.00015987115134966475,0.00013978888045175318,0.00020804240845495188,0.00020604510717560912,0.00020104676309821466,0.00018547197379809437,0.00017818262951274798,0.00016868522315649067,0.0001743682240121019
isoTrapezoid,0.00014748957145260306,0.00018195862385487232,0.00019819784572882177,0.00020804240845495188,0.00012839627210898478,0.0001493569915059067,0.00015207220665267886,0.00018746850534990481,0.00018162571728375004,0.0001546124911251527,0.00016735834141889188
kite,0.0001475574906540299,0.00016788754598584917,0.00019152382549292104,0.00020604510717560912,0.0001493569915059067,0.00012946314143786513,0.00014473396880331958,0.00018045243393124898,0.0001753818993410246,0.00016903299749912107,0.00018731378357487663
rightKite,0.00014951536273451218,0.00017115924484816116,0.0001866325354055326,0.00020104676309821466,0.00015207220665267886,0.00014473396880331958,0.00014085255278001058,0.00018269031132116432,0.00017633934841735572,0.0001576361920771145,0.00018119051856361863
rustedHinge,0.00016916222597319932,0.00016600801217734698,0.00017769500837771374,0.00018547197379809437,0.00018746850534990481,0.00018045243393124898,0.00018269031132116432,0.00013994923757926821,0.00014055365720654788,0.00017390173420997758,0.00018314712830386584
hinge,0.00016024826334730164,0.00015148290340579926,0.0001641976849811716,0.00017818262951274798,0.00018162571728375004,0.0001753818993410246,0.00017633934841735572,0.00014055365720654788,0.0001332163593982438,0.00016557299695626597,0.0001801169676076412
trapezoid,0.00015633772290682215,0.000170938015602566,0.00016650340285259484,0.00016868522315649067,0.0001546124911251527,0.00016903299749912107,0.0001576361920771145,0.00017390173420997758,0.00016557299695626597,0.00013249631803425167,0.00014815417780198478
random,0.0001791673860738995,0.00020108597226491066,0.00018924845464410414,0.0001743682240121019,0.00016735834141889188,0.00018731378357487663,0.00018119051856361863,0.00018314712830386584,0.0001801169676076412,0.00014815417780198478,0.0001335691120902758
