,square,rectangle,parallelogram,losange,isoTrapezoid,kite,rightKite,rustedHinge,hinge,trapezoid,random
square,0.0033307474414673586,0.004093274167777166,0.0074349390899711145,0.008648786786253188,0.006388249886077872,0.00674941080039557,0.006441347666087613,0.00743887735062176,0.007200486634843623,0.0069313061213909346,0.008379843430121003
rectangle,0.004093274167777166,0.003366115659786491,0.006896367589683376,0.008340065389236317,0.007167406779751017,0.007117514266608504,0.006853453325442116,0.007291573947646334,0.006911552441019954,0.007262869202451573,0.00877951648072817
parallelogram,0.0074349390899711145,0.006896367589683376,0.004781993159788701,0.005978915995593046,0.007462206390122318,0.007863280255389488,0.007603951198562569,0.007753925461175815,0.007214930020504503,0.006617341806881889,0.008144575086862194
losange,0.008648786786253188,0.008340065389236317,0.005978915995593046,0.005354918115713753,0.00815524764547185,0.008645587501863904,0.008350647269207036,0.008397364188121521,0.008020444499464235,0.006963065044459753,0.007778839162464216
isoTrapezoid,0.006388249886077872,0.0071674067797510175,0.007462206390122318,0.00815524764547185,0.004016003575731726,0.005384332190618413,0.005108092831245528,0.0069275125839027415,0.006754017712864837,0.0054888351257233,0.006251045777660955
kite,0.00674941080039557,0.007117514266608504,0.007863280255389488,0.008645587501863906,0.005384332190618413,0.0040486253677637805,0.00449990176443625,0.006589472126358366,0.006340110403944001,0.006532988489694782,0.00688027490446886
rightKite,0.006441347666087613,0.006853453325442116,0.007603951198562569,0.008350647269207036,0.005108092831245528,0.00449990176443625,0.003827701605602515,0.006199545177391053,0.006024015097054031,0.005948378243786918,0.006377128910754106
rustedHinge,0.00743887735062176,0.007291573947646334,0.007753925461175815,0.008397364188121521,0.0069275125839027415,0.006589472126358368,0.006199545177391053,0.004552728587488271,0.004823786789438979,0.007226978527584145,0.007011869611432458
hinge,0.007200486634843623,0.0069115524410199546,0.007214930020504501,0.008020444499464235,0.006754017712864837,0.006340110403944002,0.006024015097054031,0.004823786789438978,0.004511920903282824,0.00687127833576209,0.006709072539270357
trapezoid,0.0069313061213909346,0.007262869202451573,0.006617341806881888,0.006963065044459753,0.0054888351257233,0.006532988489694782,0.005948378243786918,0.007226978527584145,0.00687127833576209,0.004482677607622657,0.005882625070487631
random,0.008379843430121001,0.00877951648072817,0.008144575086862192,0.007778839162464216,0.006251045777660955,0.00688027490446886,0.006377128910754106,0.007011869611432459,0.006709072539270357,0.005882625070487631,0.004449885233480283
