,square,rectangle,parallelogram,losange,isoTrapezoid,kite,rightKite,rustedHinge,hinge,trapezoid,random
square,0.0002774367386568923,0.0003279592521751838,0.0004005489626566085,0.00045604263701471337,0.00032585605553917636,0.0003272213963730883,0.0003264466735632504,0.00037010694447570645,0.0003546914357323697,0.0003441794744222316,0.00040419485341473306
rectangle,0.0003279592521751838,0.00028354757752598785,0.00035062900392388355,0.00041825248712146185,0.00039859798920770885,0.0003681742689220602,0.00036995822540142787,0.00035987801871941735,0.00033282777521670697,0.00037211061200755893,0.00044843704811333394
parallelogram,0.0004005489626566085,0.00035062900392388355,0.0003040027402212812,0.00034166212648291915,0.00043838974325223034,0.0004330999904985127,0.0004107117570163542,0.00039387457218407747,0.0003661651461029905,0.00036016851146156305,0.0004197842824105498
losange,0.00045604263701471337,0.00041825248712146185,0.00034166212648291915,0.00029769374618576777,0.0004632510862949675,0.0004731432101714022,0.0004487359680857042,0.00041842409631651415,0.00040386399192920356,0.0003688210086811105,0.00039002843237708807
isoTrapezoid,0.00032585605553917636,0.00039859798920770885,0.00043838974325223034,0.0004632510862949675,0.0002831540606189786,0.000335264335960629,0.0003345007601791303,0.00041901913195916324,0.0004107793046128447,0.0003428124738910825,0.00037746279674030786
kite,0.0003272213963730883,0.0003681742689220602,0.0004330999904985127,0.0004731432101714022,0.000335264335960629,0.0002848097573190424,0.0003160153387612668,0.000406962928843939,0.0003986774030155229,0.000388090678567925,0.00043375161540090766
rightKite,0.0003264466735632504,0.00036995822540142787,0.0004107117570163542,0.0004487359680857042,0.0003345007601791303,0.0003160153387612668,0.00029632714415624595,0.0004056045883221625,0.0003941194164972611,0.00034868841632142616,0.0004059549785908119
rustedHinge,0.00037010694447570645,0.00035987801871941735,0.00039387457218407747,0.00041842409631651415,0.00041901913195916324,0.000406962928843939,0.0004056045883221625,0.0002922368918795988,0.0002993689392615716,0.00039181160144506383,0.0004129363679828712
hinge,0.0003546914357323697,0.00033282777521670697,0.0003661651461029905,0.00040386399192920356,0.0004107793046128447,0.0003986774030155229,0.0003941194164972611,0.0002993689392615716,0.0002864939560220069,0.00037545946906749906,0.00040633727826929513
trapezoid,0.0003441794744222316,0.00037211061200755893,0.00036016851146156305,0.0003688210086811105,0.0003428124738910825,0.000388090678567925,0.00034868841632142616,0.00039181160144506383,0.00037545946906749906,0.00028548847929103956,0.00032879582262179626
random,0.00040419485341473306,0.00044843704811333394,0.0004197842824105498,0.00039002843237708807,0.00037746279674030786,0.00043375161540090766,0.0004059549785908119,0.0004129363679828712,0.00040633727826929513,0.00032879582262179626,0.0002955234709954735
