,square,rectangle,parallelogram,losange,isoTrapezoid,kite,rightKite,rustedHinge,hinge,trapezoid,random
square,0.0,40.6358090634703,62.42469367703959,74.13601720959169,49.92275748727249,55.62862225691039,52.835927120421104,64.9191878941231,61.118863773462365,55.42606568684864,70.92686639770922
rectangle,40.6358090634703,0.0,47.156251267012145,65.27828972054908,67.24981993681914,64.53583680354255,63.22503112026007,59.877953363294516,53.276017462255446,62.46884740072925,78.75709702249452
parallelogram,62.42469367703959,47.156251267012145,0.0,36.65698398300175,71.22389343509282,73.59260721152,69.02722050803192,66.27506720172748,59.47166439491851,55.257953147510676,70.02556020639778
losange,74.13601720959169,65.27828972054908,36.65698398300175,0.0,75.556056441604,80.36512162638984,75.64315752463796,71.70646734914358,67.60590527150028,56.34769276061247,62.91521189775094
isoTrapezoid,49.92275748727249,67.24981993681914,71.22389343509282,75.556056441604,0.0,46.540636898158795,43.13827111643185,70.58351592966599,68.85520981915427,42.994746457100774,54.920273013181266
kite,55.62862225691039,64.53583680354255,73.59260721152,80.36512162638984,46.540636898158795,0.0,30.284780812230085,67.30081536055509,64.29744764064014,59.99484989988581,67.4276198371447
rightKite,52.835927120421104,63.22503112026007,69.02722050803192,75.64315752463796,43.13827111643185,30.284780812230085,0.0,65.39400877502668,62.00757300700243,47.99310610285531,60.1704356684568
rustedHinge,64.9191878941231,59.877953363294516,66.27506720172748,71.70646734914358,70.58351592966599,67.30081536055509,65.39400877502668,0.0,20.68086124312174,65.95985670345048,66.5608599712547
hinge,61.118863773462365,53.276017462255446,59.47166439491851,67.60590527150028,68.85520981915427,64.29744764064014,62.00757300700243,20.68086124312174,0.0,62.11983811534974,63.840435950295216
trapezoid,55.42606568684864,62.46884740072925,55.257953147510676,56.34769276061247,42.994746457100774,59.99484989988581,47.99310610285531,65.95985670345048,62.11983811534974,0.0,40.59870236856075
random,70.92686639770922,78.75709702249452,70.02556020639778,62.91521189775094,54.920273013181266,67.4276198371447,60.1704356684568,66.5608599712547,63.840435950295216,40.59870236856075,0.0
