,square,rectangle,parallelogram,losange,isoTrapezoid,kite,rightKite,rustedHinge,hinge,trapezoid,random
square,0.0,81.57270805795523,134.42375080561635,156.28804214075907,115.40316776941238,129.23220304242747,123.57531781741864,154.93480159857265,140.84546260063954,126.28371356131339,156.10738385470108
rectangle,81.57270805795523,0.0,111.40903718270444,142.86647170126227,143.72238679108443,142.41366945670433,140.50420740606816,141.59496945958168,125.46755883144037,138.7405189583717,168.6469628561185
parallelogram,134.42375080561635,111.40903718270444,0.0,72.86710083224379,144.93654673225058,148.96783394844755,142.91663766904912,148.6670804461115,129.21934328870665,114.53150593959369,141.92546429723436
losange,156.28804214075907,142.86647170126227,72.86710083224379,0.0,153.0001904708227,160.79716981144577,154.24675584221504,157.39610797961723,143.10731392122665,116.40605765230255,129.12940262711834
isoTrapezoid,115.40316776941238,143.72238679108443,144.93654673225058,153.0001904708227,0.0,97.202177942739,89.01189105046788,153.3698458668324,141.0165744783874,86.89459202361076,112.63556878531485
kite,129.23220304242747,142.41366945670433,148.96783394844755,160.79716981144577,97.202177942739,0.0,62.7710567705832,144.4360861340319,131.15325030602398,121.15760665249118,135.56711129644606
rightKite,123.57531781741864,140.50420740606816,142.91663766904912,154.24675584221504,89.01189105046788,62.7710567705832,0.0,142.3010648405874,127.29715633334027,100.03281295550639,122.04926985751588
rustedHinge,154.93480159857265,141.59496945958168,148.6670804461115,157.39610797961723,153.3698458668324,144.4360861340319,142.3010648405874,0.0,50.5707148290141,145.30512612649264,144.66591114739086
hinge,140.84546260063954,125.46755883144037,129.21934328870665,143.10731392122665,141.0165744783874,131.15325030602398,127.29715633334027,50.5707148290141,0.0,129.13321349953688,129.99144790507725
trapezoid,126.28371356131339,138.7405189583717,114.53150593959369,116.40605765230255,86.89459202361076,121.15760665249118,100.03281295550639,145.30512612649264,129.13321349953688,0.0,81.96519264680889
random,156.10738385470108,168.6469628561185,141.92546429723436,129.12940262711834,112.63556878531485,135.56711129644606,122.04926985751588,144.66591114739086,129.99144790507725,81.96519264680889,0.0
