,square,rectangle,parallelogram,losange,isoTrapezoid,kite,rightKite,rustedHinge,hinge,trapezoid,random
square,0.0,31.534439916940837,49.05318722117204,58.902825286547575,39.24713618269004,43.73819662809792,41.91937774353106,49.813978503388874,47.70889573643017,42.95927058420188,56.36981894625362
rectangle,31.534439916940837,0.0,36.468020666540035,51.30245373428069,52.81036376969993,50.60673406577554,49.56466512231214,46.72549785316827,42.129504863124644,48.0583735671947,62.03621872030636
parallelogram,49.05318722117204,36.468020666540035,0.0,29.07743480702137,56.66491019180621,58.37626578136896,54.58157951780839,51.24753332466393,46.67987215579357,42.92436053439531,55.48498238027101
losange,58.902825286547575,51.30245373428069,29.07743480702137,0.0,60.37938603519497,63.95468542439307,60.08367439367887,55.52977091028035,53.086279743334266,44.10821535996475,49.84805655775011
isoTrapezoid,39.24713618269004,52.81036376969993,56.66491019180621,60.37938603519497,0.0,37.04042750773878,34.47444615528631,54.69149534569366,54.41494500664177,34.30608682170722,44.22406733756022
kite,43.73819662809792,50.60673406577554,58.37626578136896,63.95468542439307,37.04042750773878,0.0,23.708058741202947,51.89812007058843,50.524471189121414,48.15028217699185,53.669053344745215
rightKite,41.91937774353106,49.56466512231214,54.58157951780839,60.08367439367887,34.47444615528631,23.708058741202947,0.0,50.01375953219187,48.475527341195196,38.19252370616127,47.739136136003836
rustedHinge,49.813978503388874,46.72549785316827,51.24753332466393,55.52977091028035,54.69149534569366,51.89812007058843,50.01375953219187,0.0,15.082472958812987,50.69585202662327,50.71284466119412
hinge,47.70889573643017,42.129504863124644,46.67987215579357,53.086279743334266,54.41494500664177,50.524471189121414,48.475527341195196,15.082472958812987,0.0,48.67329967565767,49.623188019067044
trapezoid,42.95927058420188,48.0583735671947,42.92436053439531,44.10821535996475,34.30608682170722,48.15028217699185,38.19252370616127,50.69585202662327,48.67329967565767,0.0,32.57901312447227
random,56.36981894625362,62.03621872030636,55.48498238027101,49.84805655775011,44.22406733756022,53.669053344745215,47.739136136003836,50.71284466119412,49.623188019067044,32.57901312447227,0.0
