,square,rectangle,parallelogram,losange,isoTrapezoid,kite,rightKite,rustedHinge,hinge,trapezoid,random
square,0.0,8.778027643940776,11.571518360219653,13.778096618815823,6.815592166702605,5.8713750464495,4.968195947536982,9.51214496619257,9.218577532361664,7.678505742996843,10.939276333034991
rectangle,8.778027643940776,0.0,6.807279050829473,10.660691405609962,12.34929219277268,9.793191126620336,9.577580382594821,7.834982781385847,6.176628888087983,9.93166800735974,13.211989248303867
parallelogram,11.571518360219653,6.807279050829473,0.0,6.784744293048635,13.502586069018019,12.36132031149353,11.448802815933522,9.344847869373291,7.801468859687566,9.650718772063644,12.375607159964252
losange,13.778096618815823,10.660691405609962,6.784744293048635,0.0,14.263018993571473,14.192327036198774,13.410312653309845,10.551540367281103,9.85771011943753,10.0797302824413,10.494826828543626
isoTrapezoid,6.815592166702605,12.34929219277268,13.502586069018019,14.263018993571473,0.0,7.213398572912064,6.58890634979213,12.18379374335478,12.279996119173196,7.954569410810325,9.72210516976186
kite,5.8713750464495,9.793191126620336,12.36132031149353,14.192327036198774,7.213398572912064,0.0,4.989423642158653,11.491742498484989,11.323579737169998,9.956352724014609,12.422146873363744
rightKite,4.968195947536982,9.577580382594821,11.448802815933522,13.410312653309845,6.58890634979213,4.989423642158653,0.0,10.991767365751311,10.723858591243514,7.5544656155244105,11.337213768347185
rustedHinge,9.51214496619257,7.834982781385847,9.344847869373291,10.551540367281103,12.18379374335478,11.491742498484989,10.991767365751311,0.0,2.990246068925505,10.059722521394594,11.397166896027509
hinge,9.218577532361664,6.176628888087983,7.801468859687566,9.85771011943753,12.279996119173196,11.323579737169998,10.723858591243514,2.990246068925505,0.0,9.570927953208527,11.497904591683948
trapezoid,7.678505742996843,9.93166800735974,9.650718772063644,10.0797302824413,7.954569410810325,9.956352724014609,7.5544656155244105,10.059722521394594,9.570927953208527,0.0,6.850091458149688
random,10.939276333034991,13.211989248303867,12.375607159964252,10.494826828543626,9.72210516976186,12.422146873363744,11.337213768347185,11.397166896027509,11.497904591683948,6.850091458149688,0.0
