,square,rectangle,parallelogram,losange,isoTrapezoid,kite,rightKite,rustedHinge,hinge,trapezoid,random
square,0.0,8.211581867006965,10.514118954086403,12.458117446146236,6.1839161463106445,5.2537605929390825,4.298926717079086,8.626454842380289,8.477857999798678,6.836977747454344,9.946420976403259
rectangle,8.211581867006965,0.0,5.928555704722135,9.48025345877211,11.399389907511242,9.033649457474938,8.76761341419771,6.982742610119504,5.527582458410321,9.014260330188126,12.077612131074472
parallelogram,10.514118954086403,5.928555704722135,0.0,6.117345711701553,12.341786165509806,11.159330505574395,10.396073226341416,8.129620493144357,6.755241090566183,8.966771277005797,11.41344412072014
losange,12.458117446146236,9.48025345877211,6.117345711701553,0.0,12.942707203628089,12.795337832265162,12.138896045306797,9.173211357861913,8.563725211912244,9.328159114776247,9.58512271991995
isoTrapezoid,6.1839161463106445,11.399389907511242,12.341786165509806,12.942707203628089,0.0,6.567985497776933,5.940784459347415,10.992565514275082,11.21085617107653,7.239614705792494,8.936735096840556
kite,5.2537605929390825,9.033649457474938,11.159330505574395,12.795337832265162,6.567985497776933,0.0,4.377723676291933,10.42090284004289,10.331508797482973,8.835377995523631,11.217870571241702
rightKite,4.298926717079086,8.76761341419771,10.396073226341416,12.138896045306797,5.940784459347415,4.377723676291933,0.0,9.796849245393487,9.635617311037944,6.797130949546684,10.31305189420775
rustedHinge,8.626454842380289,6.982742610119504,8.129620493144357,9.173211357861913,10.992565514275082,10.42090284004289,9.796849245393487,0.0,2.6476719459228346,8.831432715952708,10.230372002808032
hinge,8.477857999798678,5.527582458410321,6.755241090566183,8.563725211912244,11.21085617107653,10.331508797482973,9.635617311037944,2.6476719459228346,0.0,8.498946475489916,10.432231951121246
trapezoid,6.836977747454344,9.014260330188126,8.966771277005797,9.328159114776247,7.239614705792494,8.835377995523631,6.797130949546684,8.831432715952708,8.498946475489916,0.0,6.45354556024981
random,9.946420976403259,12.077612131074472,11.41344412072014,9.58512271991995,8.936735096840556,11.217870571241702,10.31305189420775,10.230372002808032,10.432231951121246,6.45354556024981,0.0
