,square,rectangle,parallelogram,losange,isoTrapezoid,kite,rightKite,rustedHinge,hinge,trapezoid,random
square,0.0,10.242924976082607,13.743729392421447,16.412521039465247,8.19654037564658,7.197682282558725,6.232281785010262,11.375725441882766,10.920404268270987,9.279748545298924,13.050633516884377
rectangle,10.242924976082607,0.0,8.432813542573149,12.941622075751512,14.550108001254646,11.598674921574897,11.359976216801238,9.490841810557516,7.497384224396155,11.849648034645833,15.680737527043602
parallelogram,13.743729392421447,8.432813542573149,0.0,8.137170438908266,15.957199928464236,14.792721960140401,13.608968401003503,11.447290715528027,9.601419122385693,11.3202231091181,14.525818889234474
losange,16.412521039465247,12.941622075751512,8.137170438908266,0.0,16.93278362290932,16.95268767995259,15.935897542176177,12.942261794250292,12.1125288375263,11.89593323201443,12.469470734809681
isoTrapezoid,8.19654037564658,14.550108001254646,15.957199928464236,16.93278362290932,0.0,8.669221434079368,7.942325051136657,14.564375842039487,14.581516799248279,9.528196583942355,11.556626910577958
kite,7.197682282558725,11.598674921574897,14.792721960140401,16.95268767995259,8.669221434079368,0.0,6.1298514227685414,13.748776778276186,13.511291434698256,12.06912544792843,14.86535620609787
rightKite,6.232281785010262,11.359976216801238,13.608968401003503,15.935897542176177,7.942325051136657,6.1298514227685414,0.0,13.277587988900832,12.891301894322389,9.095873970058783,13.476630370312083
rustedHinge,11.375725441882766,9.490841810557516,11.447290715528027,12.942261794250292,14.564375842039487,13.748776778276186,13.277587988900832,0.0,3.65472807990278,12.255878954901148,13.694990989740742
hinge,10.920404268270987,7.497384224396155,9.601419122385693,12.1125288375263,14.581516799248279,13.511291434698256,12.891301894322389,3.65472807990278,0.0,11.586827675037556,13.724765773939554
trapezoid,9.279748545298924,11.849648034645833,11.3202231091181,11.89593323201443,9.528196583942355,12.06912544792843,9.095873970058783,12.255878954901148,11.586827675037556,0.0,8.005916838729764
random,13.050633516884377,15.680737527043602,14.525818889234474,12.469470734809681,11.556626910577958,14.86535620609787,13.476630370312083,13.694990989740742,13.724765773939554,8.005916838729764,0.0
