,square,rectangle,parallelogram,losange,isoTrapezoid,kite,rightKite,rustedHinge,hinge,trapezoid,random
square,0.0,113.2787719016142,193.73049408958363,223.33417466433337,177.57023012331126,198.454043934606,188.2980677918512,217.65540232385047,206.15930774369178,192.15432915665397,233.83030638204804
rectangle,113.2787719016142,0.0,161.97237878811416,204.02044310872566,210.41364072002426,213.98263544482032,207.1999842182874,203.60226851933,188.39709392795857,205.3925943236544,247.5046112691579
parallelogram,193.73049408958363,161.97237878811416,0.0,99.93420429194046,204.06484302664484,212.2960515262175,202.0670931890251,199.08076818131212,180.76562907792166,163.3748906108767,202.95531184511918
losange,223.33417466433337,204.02044310872566,99.93420429194046,0.0,215.7415658497755,227.76209488727594,217.74153432719402,210.53182610429573,198.923981240411,166.84708761462656,185.00426742530163
isoTrapezoid,177.57023012331126,210.41364072002426,204.06484302664484,215.7415658497755,0.0,139.98422482766918,127.0930123856973,202.6792846888512,193.30624209892747,126.40618961126863,163.53668137799386
kite,198.454043934606,213.98263544482032,212.2960515262175,227.76209488727594,139.98422482766918,0.0,88.33981765646601,194.51542203316382,182.75960168616658,171.73527246903882,192.2656575496149
rightKite,188.2980677918512,207.1999842182874,202.0670931890251,217.74153432719402,127.0930123856973,88.33981765646601,0.0,186.26741275598033,173.29672870963606,142.07031566874318,172.9252075996831
rustedHinge,217.65540232385047,203.60226851933,199.08076818131212,210.53182610429573,202.6792846888512,194.51542203316382,186.26741275598033,0.0,64.90477868377424,190.28043739095992,190.84591872073545
hinge,206.15930774369178,188.39709392795857,180.76562907792166,198.923981240411,193.30624209892747,182.75960168616658,173.29672870963606,64.90477868377424,0.0,175.21975764440782,178.6667573537786
trapezoid,192.15432915665397,205.3925943236544,163.3748906108767,166.84708761462656,126.40618961126863,171.73527246903882,142.07031566874318,190.28043739095992,175.21975764440782,0.0,118.29867982641633
random,233.83030638204804,247.5046112691579,202.95531184511918,185.00426742530163,163.53668137799386,192.2656575496149,172.9252075996831,190.84591872073545,178.6667573537786,118.29867982641633,0.0
