,square,rectangle,parallelogram,losange,isoTrapezoid,kite,rightKite,rustedHinge,hinge,trapezoid,random
square,0.0,0.06656808618603205,0.1717528710654963,0.18391686507712912,0.20521288284089567,0.19493772642852414,0.18725818350812973,0.21087788632654048,0.19260629629883952,0.1807074983230439,0.22154675470661234
rectangle,0.06656808618603205,0.0,0.15185264257339548,0.17811418756628006,0.19557743066002764,0.18780793500639725,0.18078685629031366,0.19182189302645236,0.1708022480489464,0.16009090342142096,0.21258274564557444
parallelogram,0.1717528710654963,0.15185264257339548,0.0,0.01804086249492609,0.10980341264214832,0.09521612645705535,0.1037963567566278,0.12198626836196458,0.1095705729140597,0.04636077832301555,0.09982480625522672
losange,0.18391686507712912,0.17811418756628006,0.01804086249492609,2.220446049250313e-16,0.10885096420812412,0.09525232195226707,0.10572331531879453,0.11766813978243018,0.1138624022101391,0.05587359605155906,0.08917559242234507
isoTrapezoid,0.20521288284089567,0.19557743066002764,0.10980341264214832,0.10885096420812412,0.0,0.04345076095680467,0.03972215201203977,0.07303405454047696,0.0765106074534101,0.04738562451261952,0.05050925299401354
kite,0.19493772642852414,0.18780793500639725,0.09521612645705535,0.09525232195226707,0.04345076095680467,0.0,0.01137656056418579,0.053789688570904826,0.04538089772184417,0.04927080273460005,0.034881304980830086
rightKite,0.18725818350812973,0.18078685629031366,0.1037963567566278,0.10572331531879453,0.03972215201203977,0.01137656056418579,0.0,0.050668306743882674,0.0431317673144469,0.050943795125966806,0.043669033455191464
rustedHinge,0.21087788632654048,0.19182189302645236,0.12198626836196458,0.11766813978243018,0.07303405454047696,0.053789688570904826,0.050668306743882674,0.0,0.015469759051386922,0.08531691324091784,0.05627648856047596
hinge,0.19260629629883952,0.1708022480489464,0.1095705729140597,0.1138624022101391,0.0765106074534101,0.04538089772184417,0.0431317673144469,0.015469759051386922,0.0,0.0787861384130788,0.056791066496082565
trapezoid,0.1807074983230439,0.16009090342142096,0.04636077832301555,0.05587359605155906,0.04738562451261952,0.04927080273460005,0.050943795125966806,0.08531691324091784,0.0787861384130788,2.220446049250313e-16,0.04416451565813084
random,0.22154675470661234,0.21258274564557444,0.09982480625522672,0.08917559242234507,0.05050925299401354,0.034881304980830086,0.043669033455191464,0.05627648856047596,0.056791066496082565,0.04416451565813084,2.220446049250313e-16
