,square,rectangle,parallelogram,losange,isoTrapezoid,kite,rightKite,rustedHinge,hinge,trapezoid,random
square,0.0,0.004126021682464898,0.006039940240855413,0.00881169320230224,0.00235522993257542,0.00163753371760067,0.001076328546018912,0.004311553741354723,0.004100776045730448,0.002806808887274359,0.005514702042534458
rectangle,0.004126021682464898,0.0,0.0021696632603870336,0.004974519829620494,0.006870659482282382,0.004718133608625608,0.004487149293048276,0.0024161503843055376,0.0015586091535138014,0.004714002887529989,0.007080251642795021
parallelogram,0.006039940240855413,0.0021696632603870336,0.0,0.0025047971701587235,0.007412998432368645,0.006463588640223339,0.005692311280326323,0.003406470343457091,0.0025522165974150024,0.004669413049583571,0.006661688833813018
losange,0.00881169320230224,0.004974519829620494,0.0025047971701587235,0.0,0.008351797009427786,0.00848273303278424,0.008184192428742909,0.004333317404118464,0.004127310370794057,0.005547021898156701,0.0049683605704098355
isoTrapezoid,0.00235522993257542,0.006870659482282382,0.007412998432368645,0.008351797009427786,0.0,0.0025412640642754614,0.002212688548564934,0.0063420535634749475,0.0064513673680025585,0.0030260137447030155,0.004576127253417939
kite,0.00163753371760067,0.004718133608625608,0.006463588640223339,0.00848273303278424,0.0025412640642754614,0.0,0.0011970751123577816,0.005516195217078468,0.005423225250388852,0.0043014808015016115,0.006278724600996544
rightKite,0.001076328546018912,0.004487149293048276,0.005692311280326323,0.008184192428742909,0.002212688548564934,0.0011970751123577816,0.0,0.0049395796121946,0.0047298284271047875,0.0027241379735806204,0.0059008226210300885
rustedHinge,0.004311553741354723,0.0024161503843055376,0.003406470343457091,0.004333317404118464,0.0063420535634749475,0.005516195217078468,0.0049395796121946,0.0,0.0003721285472537694,0.004459505291937282,0.005201971448198228
hinge,0.004100776045730448,0.0015586091535138014,0.0025522165974150024,0.004127310370794057,0.0064513673680025585,0.005423225250388852,0.0047298284271047875,0.0003721285472537694,0.0,0.004223531241519751,0.005527001606171256
trapezoid,0.002806808887274359,0.004714002887529989,0.004669413049583571,0.005547021898156701,0.0030260137447030155,0.0043014808015016115,0.0027241379735806204,0.004459505291937282,0.004223531241519751,0.0,0.002803989524317485
random,0.005514702042534458,0.007080251642795021,0.006661688833813018,0.0049683605704098355,0.004576127253417939,0.006278724600996544,0.0059008226210300885,0.005201971448198228,0.005527001606171256,0.002803989524317485,0.0
