,square,rectangle,parallelogram,losange,isoTrapezoid,kite,rightKite,rustedHinge,hinge,trapezoid,random
square,0.08740843458152701,0.10325943360198415,0.12321315084948004,0.1383377289190853,0.10569993520150961,0.10188237973295775,0.09927529252393914,0.11491188380660676,0.11203776070998016,0.1085464931956796,0.12347325681731769
rectangle,0.10325943360198413,0.0867747306520183,0.10540605538867139,0.12333458064018175,0.1246997970302071,0.11261552021468739,0.11149232491761932,0.10799668512079827,0.1020195435497383,0.11519113742875332,0.13223033069398876
parallelogram,0.12321315084948006,0.10540605538867139,0.0971659279008195,0.11112803664361795,0.13656018130140654,0.1300195200581693,0.12506386065577293,0.11909851788948586,0.11303954061644786,0.11747691896962704,0.1318465148496589
losange,0.1383377289190853,0.12333458064018174,0.11112803664361798,0.09963171500890106,0.14324904542524175,0.14215590095227362,0.1373516986392286,0.12833269000384948,0.12475726115527687,0.12107878014339053,0.1255785893444603
isoTrapezoid,0.10569993520150964,0.1246997970302071,0.13656018130140654,0.14324904542524172,0.09440345073795268,0.10709269875085811,0.10503573606104272,0.1294661399660901,0.12896472671343517,0.11069258998807685,0.11817231794559004
kite,0.10188237973295775,0.11261552021468739,0.1300195200581693,0.1421559009522736,0.10709269875085811,0.0936675130462926,0.10042538310043655,0.12479936370808456,0.12244560037591108,0.11978516270261323,0.1301644786004686
rightKite,0.09927529252393914,0.11149232491761932,0.12506386065577293,0.1373516986392286,0.1050357360610427,0.10042538310043655,0.092726665722238,0.12221464747494498,0.12019906515572186,0.1091500727793529,0.12465201248130035
rustedHinge,0.11491188380660676,0.10799668512079827,0.11909851788948586,0.12833269000384948,0.1294661399660901,0.12479936370808456,0.12221464747494498,0.09573639953854107,0.09807063646654923,0.12110857042982139,0.12776481016291125
hinge,0.11203776070998016,0.1020195435497383,0.11303954061644786,0.12475726115527688,0.12896472671343517,0.12244560037591108,0.12019906515572183,0.09807063646654923,0.09465704365142844,0.11836035151020409,0.1265469304718392
trapezoid,0.1085464931956796,0.11519113742875332,0.11747691896962707,0.12107878014339053,0.11069258998807685,0.11978516270261323,0.1091500727793529,0.12110857042982139,0.11836035151020409,0.09643995253436319,0.10868164817853468
random,0.12347325681731772,0.13223033069398876,0.1318465148496589,0.1255785893444603,0.11817231794559006,0.13016447860046862,0.12465201248130035,0.12776481016291125,0.1265469304718392,0.1086816481785347,0.0982440173969405
