,square,rectangle,parallelogram,losange,isoTrapezoid,kite,rightKite,rustedHinge,hinge,trapezoid,random
square,0.06955112204305053,0.08231794225563732,0.10596208391088131,0.1220166664572869,0.10235327925888228,0.09672981406101554,0.09660742787666879,0.1130809021830678,0.10809731552103109,0.09904223842502662,0.1184239641159362
rectangle,0.08231794225563732,0.06888185808353406,0.09248781024949669,0.11068010776878351,0.11661489043314142,0.102872510490881,0.10530435211811016,0.10706742157584212,0.0992117100955845,0.10361759131306725,0.12301988139822861
parallelogram,0.10596208391088131,0.09248781024949669,0.0814565424087645,0.09257206504624725,0.12677546149797775,0.1204508258543076,0.12094080517916245,0.11484710875694913,0.10923164011985033,0.10447768477208405,0.11863077956711726
losange,0.12201666645728691,0.11068010776878351,0.09257206504624728,0.08469368966588645,0.13437544187436193,0.13304385710506622,0.13329925811938606,0.12444218000768359,0.12104127260923915,0.10930466554338686,0.1156605025443484
isoTrapezoid,0.10235327925888228,0.11661489043314142,0.12677546149797778,0.13437544187436193,0.09106120159530066,0.10868868203823814,0.10576488280255,0.13198439606479656,0.13210377664500533,0.10667958248089242,0.1196987579367576
kite,0.09672981406101554,0.102872510490881,0.12045082585430758,0.13304385710506622,0.10868868203823812,0.08950291222686375,0.1006009114622677,0.12878056290963089,0.12410538599106558,0.11611699588249107,0.12870298145870732
rightKite,0.09660742787666877,0.10530435211811016,0.12094080517916245,0.1332992581193861,0.10576488280254999,0.1006009114622677,0.08977290740489009,0.12653578640982546,0.12466375592416441,0.10729626214415798,0.12658394752976165
rustedHinge,0.11308090218306781,0.10706742157584212,0.11484710875694913,0.12444218000768359,0.13198439606479656,0.1287805629096309,0.1265357864098255,0.09426568781656607,0.09702961670620883,0.1213998237144767,0.12762143668048964
hinge,0.10809731552103108,0.0992117100955845,0.10923164011985033,0.12104127260923916,0.13210377664500533,0.12410538599106559,0.12466375592416441,0.09702961670620883,0.0918709214435661,0.11876579173597912,0.12524776931933404
trapezoid,0.09904223842502662,0.10361759131306723,0.10447768477208405,0.10930466554338683,0.10667958248089243,0.11611699588249107,0.10729626214415798,0.12139982371447668,0.11876579173597912,0.0888030922154007,0.10477765742555385
random,0.11842396411593618,0.12301988139822861,0.11863077956711726,0.1156605025443484,0.1196987579367576,0.12870298145870732,0.12658394752976163,0.12762143668048964,0.12524776931933404,0.10477765742555385,0.09574001041133737
