,square,rectangle,parallelogram,losange,isoTrapezoid,kite,rightKite,rustedHinge,hinge,trapezoid,random
square,0.07049506552852997,0.08796160265757058,0.11307829421262681,0.13665524228041404,0.09588620621172861,0.0969506362262738,0.09229309820467615,0.11789149279529204,0.1117384375385995,0.09846028893861591,0.12836457060588125
rectangle,0.08796160265757058,0.07197666294214053,0.09615535794215203,0.12238276226663608,0.11620125432434847,0.10758022403413331,0.10575370742270702,0.11452711200871257,0.10503992425411794,0.10652890707039002,0.13779260789695508
parallelogram,0.11307829421262681,0.09615535794215203,0.07982249832793048,0.0945255934409382,0.11799632178252013,0.1168992667547387,0.11392523265237932,0.11392455945310959,0.10808076100416544,0.1000491381523148,0.12260048807716356
losange,0.13665524228041404,0.12238276226663611,0.09452559344093821,0.08629903023576799,0.12898988770298558,0.13477602165229485,0.13073344306759913,0.12333987090831378,0.12160328528589295,0.10796631911404554,0.11825032224150363
isoTrapezoid,0.09588620621172861,0.11620125432434844,0.11799632178252013,0.12898988770298558,0.07639726518160041,0.09700042225691306,0.091759736953532,0.12233322077014275,0.12289977717029436,0.09204593441860501,0.11168326034427448
kite,0.0969506362262738,0.10758022403413331,0.1168992667547387,0.13477602165229485,0.09700042225691306,0.08210711759009591,0.08988486489101276,0.12156934731379136,0.11739359516315503,0.10727526568443325,0.12516713707141838
rightKite,0.09229309820467614,0.10575370742270702,0.11392523265237935,0.13073344306759913,0.09175973695353201,0.08988486489101274,0.07990846462438425,0.11798384460578938,0.11571790825254402,0.09585145679061913,0.12075396936966569
rustedHinge,0.11789149279529204,0.11452711200871257,0.11392455945310956,0.12333987090831378,0.1223332207701427,0.12156934731379136,0.11798384460578938,0.09038308135263597,0.09412818371157065,0.11452423104436489,0.12392765854596738
hinge,0.1117384375385995,0.10503992425411793,0.10808076100416542,0.12160328528589293,0.12289977717029435,0.11739359516315505,0.11571790825254402,0.09412818371157065,0.08971262478088884,0.11233893885489642,0.12366251851552065
trapezoid,0.09846028893861591,0.10652890707038999,0.1000491381523148,0.10796631911404554,0.09204593441860501,0.10727526568443327,0.09585145679061913,0.11452423104436489,0.1123389388548964,0.07902896299478021,0.1007522581775279
random,0.12836457060588127,0.13779260789695508,0.12260048807716356,0.11825032224150363,0.11168326034427448,0.12516713707141836,0.12075396936966569,0.12392765854596739,0.12366251851552065,0.1007522581775279,0.09141420129153559
