,square,rectangle,parallelogram,losange,isoTrapezoid,kite,rightKite,rustedHinge,hinge,trapezoid,random
square,0.0761021776732799,0.09404306971418216,0.12274460359341709,0.14534498808666269,0.10745367404100582,0.10335271418569462,0.09597466494453245,0.11928100268688971,0.11519198266393772,0.1067395810484536,0.13608796012907273
rectangle,0.09404306971418215,0.07923643386850522,0.10888126969020666,0.13625771093032593,0.12612954597306703,0.11455609746955846,0.10868532500693272,0.11419934219746374,0.10690212504580143,0.11491172716280727,0.14488152588267209
parallelogram,0.12274460359341709,0.10888126969020669,0.08420116745565501,0.10141453842993654,0.12581813302831799,0.12187128314807613,0.11735366272658469,0.11303727586629787,0.11109386715143034,0.106007680948599,0.12473472509529834
losange,0.14534498808666269,0.13625771093032593,0.10141453842993654,0.09394213306493755,0.1365241272727202,0.13811052469331908,0.13394312847757145,0.12628975933205902,0.12742002295721455,0.11420797867105612,0.1209871895026197
isoTrapezoid,0.10745367404100581,0.12612954597306703,0.125818133028318,0.1365241272727202,0.09137031474614896,0.10799053305702888,0.10081923078860362,0.12832651278113597,0.13169087446853572,0.10167322298620507,0.12019112461928708
kite,0.10335271418569462,0.11455609746955847,0.12187128314807613,0.13811052469331908,0.10799053305702888,0.0893634638202428,0.09534150905496415,0.12236232936111244,0.12083802858005563,0.11172733861549344,0.12789087592861953
rightKite,0.09597466494453245,0.10868532500693269,0.11735366272658466,0.13394312847757145,0.1008192307886036,0.09534150905496416,0.08229317992721391,0.11721258668685781,0.11738195147050699,0.09885047990930064,0.1239134318242216
rustedHinge,0.11928100268688971,0.11419934219746374,0.11303727586629787,0.12628975933205902,0.12832651278113597,0.12236232936111244,0.11721258668685781,0.09014691933033774,0.09480641542263876,0.11653377663319023,0.12723208744379938
hinge,0.11519198266393772,0.10690212504580143,0.11109386715143034,0.12742002295721455,0.13169087446853572,0.12083802858005563,0.11738195147050699,0.09480641542263878,0.09123031767214171,0.11792115332428824,0.13013313022606945
trapezoid,0.10673958104845357,0.11491172716280727,0.106007680948599,0.11420797867105612,0.10167322298620507,0.11172733861549344,0.09885047990930064,0.11653377663319024,0.11792115332428829,0.08369556998036576,0.10533569091514394
random,0.13608796012907273,0.14488152588267209,0.12473472509529836,0.1209871895026197,0.12019112461928708,0.12789087592861953,0.1239134318242216,0.12723208744379938,0.13013313022606945,0.10533569091514397,0.09571817648025832
