,square,rectangle,parallelogram,losange,isoTrapezoid,kite,rightKite,rustedHinge,hinge,trapezoid,random
square,0.12428803465644973,0.14523980654957153,0.16808717130790232,0.18495405964342002,0.14389795494172888,0.13961775174459515,0.13676816790379256,0.155725807410902,0.15244838865050223,0.1500191867928004,0.1678513778709541
rectangle,0.14523980654957155,0.12391806835285349,0.14544090345591623,0.16496682915768482,0.16868586067552774,0.15443669096805857,0.1534210040230878,0.1467209985552606,0.13922869864673254,0.15929575161315962,0.17950097349456304
parallelogram,0.16808717130790232,0.14544090345591626,0.12956614932632599,0.14466063602027388,0.1814349663028389,0.17707747283676167,0.16848445009592747,0.1605409022147899,0.1519585243850568,0.1571701450860824,0.17421901773915488
losange,0.18495405964342002,0.16496682915768482,0.1446606360202739,0.1309976455217535,0.18769261161445822,0.19082730767746414,0.1827321840868407,0.16911518146327728,0.16418997363129187,0.16031261574328584,0.1641519623513271
isoTrapezoid,0.14389795494172888,0.16868586067552774,0.1814349663028389,0.18769261161445822,0.13050062973488383,0.1466481393384711,0.14436245237205028,0.17511765514359756,0.17394447657330353,0.15172291346157474,0.16054242811578118
kite,0.13961775174459515,0.15443669096805857,0.17707747283676167,0.19082730767746417,0.1466481393384711,0.12947851959420345,0.13859279099892985,0.16983380635090495,0.1677461455556874,0.16549528307206218,0.1798550514892962
rightKite,0.13676816790379256,0.1534210040230878,0.16848445009592747,0.18273218408684072,0.14436245237205028,0.13859279099892982,0.12875160743887387,0.16738051474947735,0.16477073161404535,0.14998583488152373,0.1703493629423302
rustedHinge,0.155725807410902,0.1467209985552606,0.1605409022147899,0.16911518146327728,0.17511765514359756,0.16983380635090492,0.16738051474947732,0.12934632259921894,0.132194198026929,0.16568571479032984,0.1732889650049775
hinge,0.15244838865050225,0.13922869864673254,0.1519585243850568,0.16418997363129187,0.1739444765733035,0.1677461455556874,0.16477073161404532,0.132194198026929,0.12861976778220155,0.16150781868683603,0.17166234042925246
trapezoid,0.1500191867928004,0.15929575161315962,0.1571701450860824,0.16031261574328584,0.1517229134615747,0.1654952830720622,0.1499858348815237,0.16568571479032984,0.16150781868683603,0.13291534230388022,0.14744698335851944
random,0.1678513778709541,0.17950097349456304,0.17421901773915488,0.1641519623513271,0.16054242811578118,0.1798550514892962,0.17034936294233016,0.17328896500497748,0.17166234042925244,0.14744698335851944,0.13329829294734802
