,square,rectangle,parallelogram,losange,isoTrapezoid,kite,rightKite,rustedHinge,hinge,trapezoid,random
square,0.10286982645977807,0.12036512976926139,0.149037883939849,0.1723204729156279,0.1283655786767434,0.12442117639006783,0.12170284864277371,0.13995755502198653,0.13759661603242143,0.12949977590289188,0.15040841348472936
rectangle,0.12036512976926139,0.10073909689171218,0.1288393454930017,0.15663322756832315,0.1485609527455173,0.13441573716902278,0.13377535654758438,0.13171759829304977,0.12626807986359206,0.1366752878043911,0.15885269767368476
parallelogram,0.149037883939849,0.1288393454930017,0.114760548759076,0.13380035676787727,0.16232556821874558,0.15378534384269835,0.14845391031049845,0.14389448230523347,0.14017170550027097,0.13897566744362336,0.15721514104351275
losange,0.1723204729156279,0.15663322756832312,0.13380035676787727,0.11933986300968041,0.17224417303338513,0.1695551136270541,0.16397954559521796,0.15569823262387075,0.15593073174558614,0.14512738980612255,0.15106512245487283
isoTrapezoid,0.1283655786767434,0.14856095274551734,0.16232556821874558,0.17224417303338513,0.10838614627017937,0.12476246907126909,0.1222339112681389,0.1509273893669207,0.15208270815703678,0.12786245700324486,0.13602221940452566
kite,0.12442117639006783,0.13441573716902275,0.15378534384269835,0.16955511362705414,0.12476246907126909,0.10686486589563084,0.11605283866211687,0.14227282178639847,0.1405360671560873,0.13782458765366817,0.14570988355030398
rightKite,0.12170284864277371,0.13377535654758438,0.14845391031049845,0.163979545595218,0.12223391126813889,0.11605283866211687,0.10544809928193605,0.1403218360636274,0.14049883912698394,0.12457695878228806,0.1405088973472079
rustedHinge,0.13995755502198653,0.13171759829304977,0.14389448230523347,0.15569823262387075,0.15092738936692074,0.14227282178639844,0.1403218360636274,0.10854144431778853,0.11403471487142401,0.14208629447775328,0.14676337143224058
hinge,0.13759661603242143,0.12626807986359204,0.14017170550027097,0.15593073174558614,0.15208270815703678,0.14053606715608732,0.14049883912698394,0.11403471487142403,0.11119564925693301,0.14209273732037275,0.14701531286885755
trapezoid,0.1294997759028919,0.1366752878043911,0.13897566744362339,0.14512738980612255,0.12786245700324486,0.13782458765366817,0.12457695878228806,0.14208629447775328,0.14209273732037275,0.10998662947261816,0.12590405984021807
random,0.15040841348472936,0.15885269767368476,0.15721514104351278,0.15106512245487283,0.13602221940452566,0.14570988355030398,0.14050889734720792,0.14676337143224058,0.14701531286885758,0.12590405984021807,0.1114742478826704
