,square,rectangle,parallelogram,losange,isoTrapezoid,kite,rightKite,rustedHinge,hinge,trapezoid,random
square,30.575021757669383,34.00705412588908,35.62718018902772,36.92544068580294,33.192482595774635,32.8851118671095,32.36945193902116,34.41791035790514,34.153005547185316,33.29610746237892,35.16534803506293
rectangle,34.00705412588908,30.90718583189392,33.440850352532664,35.01128677427611,36.19152595445042,34.954049097872286,34.67367486258795,33.579462599354706,32.755596457493546,34.79145201714431,36.624168717943675
parallelogram,35.62718018902772,33.440850352532664,30.961867740111444,32.982729963184376,36.88832756070898,36.53965563177292,35.68376971643063,34.68870001035869,33.84443843161499,34.51557597834283,36.13673447070734
losange,36.92544068580294,35.01128677427611,32.982729963184376,30.57425481924445,37.19917640602446,37.51124512827563,36.8305668743519,35.21154220465021,34.791918760632974,34.61860177113922,35.002278643778226
isoTrapezoid,33.192482595774635,36.19152595445043,36.88832756070899,37.19917640602446,31.086484345788776,33.70870348778005,33.30437586394364,36.1657684021763,36.0990221504299,33.63986545560437,34.65477457331713
kite,32.8851118671095,34.954049097872286,36.53965563177292,37.51124512827563,33.70870348778005,31.375859007111405,32.73255011291705,35.796117209607665,35.65402685872444,35.018353489701425,36.42590179951154
rightKite,32.36945193902116,34.67367486258795,35.68376971643063,36.8305668743519,33.30437586394364,32.73255011291705,31.01461570621595,35.40356166271232,35.18001048684839,33.49624262411462,35.606271947968935
rustedHinge,34.41791035790515,33.579462599354706,34.68870001035868,35.21154220465021,36.1657684021763,35.796117209607665,35.40356166271232,30.99508418790001,31.755316356892674,34.97732112529394,35.706025714283314
hinge,34.153005547185316,32.755596457493546,33.844438431614996,34.791918760632974,36.0990221504299,35.65402685872444,35.18001048684839,31.755316356892685,30.928173262221197,34.63678238747226,35.67091029475004
trapezoid,33.29610746237892,34.79145201714431,34.51557597834283,34.61860177113922,33.63986545560437,35.018353489701425,33.49624262411462,34.97732112529393,34.63678238747226,30.809339664979852,33.16976008262698
random,35.16534803506293,36.62416871794368,36.136734470707346,35.002278643778226,34.65477457331713,36.42590179951154,35.606271947968935,35.706025714283314,35.670910294750044,33.169760082626986,31.152854520914516
