,square,rectangle,parallelogram,losange,isoTrapezoid,kite,rightKite,rustedHinge,hinge,trapezoid,random
square,38.51499700764468,44.07774928862422,50.932573767122875,54.66403241061863,49.35897981624199,48.49673978904991,49.181757648218365,52.40135837537835,50.725112687696374,48.83164788437711,53.17155417746038
rectangle,44.07774928862422,38.65707680234756,46.74261953993262,51.30023871062475,53.442103290024946,50.78412990820823,51.75171151382027,51.34160573748718,48.72689560006418,50.292242512843686,54.88581101652649
parallelogram,50.932573767122875,46.74261953993262,41.589478832896276,46.17641534019441,57.035138655729455,55.34082112165599,55.4486402245006,54.19345870115687,51.77900399733874,50.584303173736615,54.63409267189939
losange,54.66403241061864,51.30023871062476,46.17641534019441,42.759064057433235,58.83865458168466,57.951073109583895,58.0795999806561,56.34499042900567,54.66660794341297,51.8406540286057,54.23704159707804
isoTrapezoid,49.35897981624199,53.442103290024946,57.03513865572944,58.83865458168464,43.14375465924713,49.25893779379423,48.449936737254056,55.063158887455856,55.01091447263366,49.21133227482055,51.96768058949537
kite,48.49673978904991,50.78412990820823,55.34082112165599,57.951073109583895,49.25893779379423,43.64782849288343,47.00468985158896,54.554459297088755,53.99408518267507,52.428669375973385,54.93232365117762
rightKite,49.181757648218365,51.751711513820254,55.4486402245006,58.0795999806561,48.449936737254056,47.004689851588964,43.2477078898441,54.002629308434884,53.70954413390545,49.76749899545403,53.72284068114401
rustedHinge,52.40135837537835,51.34160573748718,54.19345870115688,56.344990429005655,55.063158887455835,54.55445929708876,54.002629308434884,44.36260083277456,46.200299976037634,53.45801637604159,54.784706688146294
hinge,50.725112687696374,48.72689560006418,51.77900399733875,54.66660794341296,55.01091447263366,53.99408518267507,53.70954413390545,46.200299976037634,44.38321209691777,52.651265618509456,54.4412661400511
trapezoid,48.83164788437711,50.29224251284369,50.584303173736615,51.8406540286057,49.21133227482055,52.42866937597338,49.76749899545403,53.45801637604159,52.65126561850947,42.01286809239225,47.72367095934273
random,53.17155417746039,54.88581101652649,54.634092671899374,54.23704159707804,51.96768058949537,54.93232365117763,53.72284068114401,54.784706688146294,54.441266140051106,47.723670959342726,44.629506256320845
