,square,rectangle,parallelogram,losange,isoTrapezoid,kite,rightKite,rustedHinge,hinge,trapezoid,random
square,25.04482118474104,27.118754613728587,28.182966350769288,29.305810351002386,26.523096191691433,26.29055050234276,26.01729552936654,27.289361802971474,27.102306687659244,26.689512194164006,27.75714209959734
rectangle,27.118754613728587,24.989801185407536,26.615433725233146,27.861393032721857,28.267402239138626,27.494986602668863,27.347364914918693,26.54805396472199,26.029323890256222,27.483983430632644,28.559657608353884
parallelogram,28.182966350769288,26.615433725233146,25.2311358321377,26.806018540821366,28.819318903603843,28.545596052002292,28.064225410612682,27.248671168575495,26.720483448945792,27.52366259640866,28.462401513391747
losange,29.305810351002386,27.861393032721857,26.806018540821366,25.55012095729669,29.338484094232392,29.468400221033896,29.094811866045966,27.819625076510963,27.55188079744043,27.899731046540037,28.025424449305454
isoTrapezoid,26.523096191691433,28.267402239138626,28.819318903603843,29.338484094232392,25.06451174580742,26.621440004328868,26.459172948686035,28.18284094838356,28.127983869883387,26.821062152585377,27.354094929315494
kite,26.29055050234276,27.494986602668863,28.545596052002292,29.468400221033896,26.621440004328868,25.23540180755853,26.132849194783102,27.923555499055016,27.804804292786606,27.553029983981258,28.334793069017962
rightKite,26.01729552936654,27.347364914918693,28.064225410612682,29.094811866045966,26.459172948686035,26.132849194783102,25.0926590349904,27.670675789127763,27.504293087890034,26.702641676712837,27.88732219062035
rustedHinge,27.289361802971474,26.54805396472199,27.248671168575488,27.81962507651096,28.182840948383554,27.923555499055016,27.67067578912776,24.950566921220062,25.422159640883848,27.503758131502416,27.916814547321394
hinge,27.102306687659244,26.029323890256222,26.7204834489458,27.55188079744043,28.127983869883394,27.804804292786606,27.504293087890034,25.422159640883848,24.803359973721268,27.284441466492915,27.896770174361123
trapezoid,26.689512194164006,27.48398343063264,27.52366259640866,27.899731046540037,26.82106215258538,27.553029983981258,26.702641676712837,27.503758131502416,27.284441466492915,25.169817837177106,26.63636924752247
random,27.757142099597342,28.559657608353884,28.462401513391747,28.025424449305447,27.354094929315494,28.334793069017955,27.88732219062035,27.916814547321394,27.896770174361123,26.63636924752247,25.237626249047487
