,square,rectangle,parallelogram,losange,isoTrapezoid,kite,rightKite,rustedHinge,hinge,trapezoid,random
square,29.384017589464943,33.813229923218984,38.07989738209651,40.23112685828112,36.590062365141016,36.574538879371325,35.725243645201054,38.50465211653362,37.21574022825063,37.142394166038194,39.34158018131235
rectangle,33.81322992321898,27.83576016136775,36.6232482892144,39.31045931993292,36.87488858754938,36.81866772422724,36.318171100305086,37.3345245315704,35.427710916493446,36.892117013023146,38.98359080021743
parallelogram,38.07989738209651,36.623248289214395,31.85189589750197,35.79006843538119,38.0988569633281,37.849117957029385,37.65236213304191,38.784089891225676,37.48697225334191,37.05053026403564,38.82270610650241
losange,40.23112685828112,39.31045931993292,35.790068435381194,33.74396722302423,39.58850568681849,39.78863020863855,39.50539211888136,40.339912468383154,39.484041757957435,38.36795047255464,39.33558247619071
isoTrapezoid,36.590062365141016,36.87488858754938,38.0988569633281,39.58850568681849,28.910840645772016,33.75766107149204,32.93156274427187,37.33405010900128,36.43344250540698,33.63336416782022,35.65344435158802
kite,36.574538879371325,36.81866772422724,37.849117957029385,39.78863020863856,33.757661071492045,30.458119618596424,32.330082999875515,37.13090358258681,36.03753922556329,35.549154681753926,36.94662053137147
rightKite,35.725243645201054,36.3181711003051,37.65236213304191,39.50539211888136,32.931562744271865,32.330082999875515,29.07044426208402,36.3177132164396,35.21600015834688,34.41044074596826,36.68625301273918
rustedHinge,38.50465211653362,37.3345245315704,38.78408989122568,40.339912468383154,37.33405010900128,37.13090358258681,36.3177132164396,32.0135856594793,33.523947123277985,37.67234869885774,38.072960035402005
hinge,37.21574022825063,35.42771091649344,37.486972253341904,39.484041757957435,36.43344250540698,36.03753922556329,35.21600015834688,33.523947123277985,31.007106356089597,36.61609603927126,37.5994900462594
trapezoid,37.142394166038194,36.892117013023146,37.05053026403565,38.36795047255463,33.63336416782022,35.549154681753926,34.41044074596825,37.67234869885773,36.616096039271255,31.10466004576368,35.032635967646414
random,39.341580181312345,38.983590800217435,38.82270610650241,39.33558247619071,35.65344435158802,36.94662053137147,36.686253012739186,38.072960035402005,37.599490046259405,35.032635967646414,31.911709040086937
