,square,rectangle,parallelogram,losange,isoTrapezoid,kite,rightKite,rustedHinge,hinge,trapezoid,random
square,16.095777331176443,17.604855463031118,18.39959294120904,19.190238827469905,17.147262494085112,16.737112238553177,16.701457257347247,17.76839124754584,17.60387490591149,17.341815540888692,18.084899746129445
rectangle,17.604855463031118,16.419840209171756,17.45344676607685,18.288235373465437,18.362818392796157,17.643193688114007,17.703764922508654,17.447660271017188,17.06511862327746,17.970846016616644,18.647813013796046
parallelogram,18.39959294120904,17.45344676607685,16.658502948898867,17.83039703082935,18.864230075839238,18.440367034877674,18.255011598605087,17.861757822243693,17.496069380073045,18.135043445452094,18.672877287894153
losange,19.190238827469905,18.288235373465433,17.83039703082935,17.273032899701594,19.29209642538136,19.12125612806322,19.03487731562552,18.33427827616707,18.1178335529603,18.51844704546644,18.597278462340533
isoTrapezoid,17.147262494085112,18.362818392796157,18.864230075839238,19.29209642538136,16.42694359954552,17.142460098096407,17.12686022461128,18.35455216552287,18.27407166971203,17.52080498568026,17.931643761344688
kite,16.737112238553177,17.643193688114007,18.440367034877674,19.12125612806322,17.142460098096407,16.02102401143866,16.67811772975919,18.007760339482434,17.852328828989044,17.732736040226406,18.31008073929607
rightKite,16.701457257347247,17.703764922508654,18.255011598605087,19.03487731562552,17.126860224611278,16.678117729759194,16.152980691806416,17.941111806715274,17.780135772860678,17.33848327890732,18.136190625313468
rustedHinge,17.76839124754584,17.447660271017188,17.861757822243693,18.33427827616707,18.35455216552287,18.007760339482434,17.941111806715277,16.574831958952732,16.793230654872012,17.999814963550875,18.264085884259416
hinge,17.60387490591149,17.06511862327746,17.496069380073042,18.117833552960303,18.27407166971203,17.852328828989044,17.780135772860678,16.793230654872012,16.342484709021438,17.819757868134953,18.20299725733342
trapezoid,17.341815540888692,17.970846016616644,18.135043445452094,18.51844704546644,17.52080498568026,17.732736040226406,17.33848327890732,17.999814963550875,17.819757868134953,16.6264332670701,17.58433656528955
random,18.084899746129445,18.647813013796043,18.672877287894153,18.597278462340533,17.931643761344688,18.31008073929607,18.136190625313464,18.264085884259416,18.20299725733342,17.58433656528955,16.74925281905282
