,square,rectangle,parallelogram,losange,isoTrapezoid,kite,rightKite,rustedHinge,hinge,trapezoid,random
square,35.563663341002034,40.19841521334749,44.738316933812015,47.85551789175295,41.27357397488727,41.2239162739158,40.658007157769894,43.49222340521666,42.742384265487715,41.877485198671536,45.94857609350348
rectangle,40.198415213347495,35.33137415195377,40.925745819137326,44.842375809916106,45.335365778473204,43.51264134525099,43.32159202712502,42.28790851110211,40.61249822103206,43.36274907593571,47.55073583016352
parallelogram,44.738316933812015,40.925745819137326,36.62280328095328,40.40021141662549,47.19699354313706,46.548166644158556,45.7218097099976,44.091484807029154,42.562592002105156,42.93023648137894,46.359990874795905
losange,47.85551789175295,44.842375809916106,40.40021141662549,37.16913399214852,48.54960821342818,48.698026168315174,48.01745646617226,45.866118659180955,45.00225501493042,43.88190151946352,45.31442435857079
isoTrapezoid,41.27357397488727,45.3353657784732,47.196993543137054,48.54960821342818,37.65382769483306,42.163437483193135,41.623510150899335,46.15600699188578,46.12694885379999,42.20649593042515,44.4990872576103
kite,41.22391627391579,43.51264134525099,46.548166644158556,48.698026168315174,42.163437483193135,37.9374341030029,40.38044645922228,45.62251554793028,45.33048935543913,44.9216130753816,47.36610681372882
rightKite,40.658007157769894,43.32159202712502,45.7218097099976,48.01745646617226,41.62351015089934,40.38044645922228,37.73280950587744,45.167434525646954,44.81441402855437,42.61500636402016,46.08989018946422
rustedHinge,43.49222340521666,42.28790851110211,44.091484807029154,45.866118659180955,46.15600699188579,45.622515547930284,45.167434525646954,37.43243254170542,38.77110344047137,44.47979948819363,45.84495794968283
hinge,42.742384265487715,40.61249822103206,42.562592002105156,45.00225501493042,46.12694885379998,45.33048935543913,44.81441402855437,38.77110344047137,37.495208068866155,43.92218972171311,45.84695305073117
trapezoid,41.877485198671536,43.36274907593571,42.93023648137895,43.88190151946351,42.20649593042515,44.9216130753816,42.61500636402016,44.47979948819363,43.9221897217131,37.31597051183202,41.52760328617272
random,45.948576093503476,47.55073583016352,46.359990874795905,45.31442435857079,44.4990872576103,47.36610681372883,46.089890189464214,45.84495794968283,45.84695305073117,41.52760328617273,38.66293154418647
