,square,rectangle,parallelogram,losange,isoTrapezoid,kite,rightKite,rustedHinge,hinge,trapezoid,random
square,26.64826444206173,29.510317216855857,30.822146566678335,32.273713537293354,28.300871896859256,28.05315621853276,27.630164756816313,29.608324269154785,29.480140679427986,28.560921691751485,30.15537830567025
rectangle,29.510317216855853,26.721909965752612,28.610455707336577,30.234952393792856,30.748037597253372,29.744683254427468,29.55378797671826,28.672275899340036,28.08386605726264,29.680848114506173,31.280562732079275
parallelogram,30.822146566678335,28.610455707336577,26.799245406024518,28.744790101856903,31.38810410104572,30.95792411837938,30.407787338285484,29.39781974213986,28.832153466256354,29.673280022852133,31.00763535297068
losange,32.273713537293354,30.234952393792856,28.744790101856903,27.193876667127242,32.03173166240497,32.14413392281316,31.715000260199243,30.16129760588289,29.94252532920668,30.18371915007499,30.414764310967033
isoTrapezoid,28.30087189685926,30.74803759725338,31.38810410104572,32.031731662404965,26.118310288822872,28.166346378569017,27.90904564121042,30.40946484936252,30.504928577158218,28.472255440879838,29.226788356764747
kite,28.05315621853276,29.744683254427468,30.957924118379378,32.14413392281316,28.166346378569017,26.494543971812636,27.537542835563773,30.096446100915042,30.084193941829888,29.44096730312581,30.565336171214025
rightKite,27.630164756816313,29.553787976718255,30.407787338285484,31.715000260199243,27.90904564121042,27.537542835563773,26.265556100987773,29.73097968117457,29.66692462806123,28.319574337611016,29.969154952234682
rustedHinge,29.608324269154785,28.672275899340043,29.397819742139852,30.16129760588289,30.409464849362518,30.096446100915042,29.730979681174556,26.48155710966357,27.163656087098865,29.55431014073756,30.21338954342165
hinge,29.480140679427986,28.08386605726264,28.832153466256354,29.94252532920668,30.504928577158218,30.084193941829888,29.666924628061224,27.163656087098865,26.57639785155647,29.394631541212142,30.349242260907236
trapezoid,28.560921691751485,29.680848114506173,29.673280022852136,30.18371915007498,28.472255440879835,29.44096730312581,28.319574337611016,29.55431014073756,29.394631541212142,26.487588065722303,28.406048135697315
random,30.15537830567025,31.280562732079275,31.007635352970688,30.414764310967033,29.226788356764747,30.56533617121402,29.96915495223469,30.21338954342165,30.349242260907236,28.406048135697315,26.67145269518388
