,square,rectangle,parallelogram,losange,isoTrapezoid,kite,rightKite,rustedHinge,hinge,trapezoid,random
square,29.272235540164168,34.324882185453184,38.21061748570239,40.18357976835111,36.37402505798828,36.33358118757442,35.31185926282175,38.354814128397805,37.3333032221517,37.09332258571177,39.31031031694343
rectangle,34.324882185453184,29.142225175580325,37.23235252496558,39.69988474140198,37.81710410740852,37.51605926588467,36.916220149221154,38.11501514905867,36.60672702325919,37.86123046790113,39.807539270817216
parallelogram,38.21061748570239,37.23235252496558,32.145531007162745,35.95337350407687,38.70900739257736,38.01636390048677,37.93129845585006,38.910327595962976,37.919614327666686,37.72661305574847,39.14616618593411
losange,40.18357976835111,39.69988474140199,35.95337350407687,34.07773947204166,39.94020309461014,39.64592225045563,39.533995743096966,40.164778584559436,39.622626698198026,38.774886834495284,39.44211778265094
isoTrapezoid,36.37402505798828,37.81710410740852,38.70900739257736,39.94020309461015,29.593523823578185,34.16554554828247,33.26674090547335,37.350156809214376,36.88468605283867,34.41881402649168,36.194230520389425
kite,36.33358118757442,37.51605926588467,38.01636390048677,39.64592225045563,34.16554554828247,30.7283725917667,32.51024795170041,36.831731601853,36.218581441827354,36.06711058785606,37.069751008915695
rightKite,35.31185926282175,36.916220149221154,37.93129845585006,39.533995743096966,33.26674090547335,32.5102479517004,29.317066838093883,36.08736720110316,35.3447896972995,34.84408834921349,36.843614964926424
rustedHinge,38.354814128397805,38.11501514905867,38.910327595962976,40.164778584559436,37.350156809214376,36.831731601853,36.08736720110316,32.079630234274255,33.850763214063804,37.92819519983824,37.866480502394296
hinge,37.333303222151706,36.60672702325918,37.919614327666686,39.622626698198026,36.88468605283867,36.218581441827354,35.3447896972995,33.850763214063804,31.642567280685164,37.239981253937735,37.842260034150826
trapezoid,37.09332258571176,37.86123046790113,37.72661305574847,38.774886834495284,34.41881402649168,36.06711058785606,34.84408834921349,37.92819519983824,37.23998125393773,31.98809237080876,35.790028543336135
random,39.310310316943436,39.807539270817216,39.14616618593411,39.44211778265094,36.19423052038943,37.069751008915695,36.843614964926424,37.866480502394296,37.842260034150826,35.79002854333613,32.20259699194638
