,square,rectangle,parallelogram,losange,isoTrapezoid,kite,rightKite,rustedHinge,hinge,trapezoid,random
square,36.274336110588976,38.61450149060605,39.30671058356958,40.50282653096913,37.76431723176621,37.537295468760995,37.288577395024774,38.71188155332928,38.46726852627183,37.98093218507737,38.81153968567243
rectangle,38.61450149060605,36.712853932614436,38.072977557566716,39.2693237834773,39.56630221505018,38.89062228452762,38.76381368315003,38.1920768804472,37.65534222032937,38.99081059721269,39.670192864291145
parallelogram,39.30671058356958,38.072977557566716,36.76822713247605,38.45435773036653,39.900554390553765,39.57896628822478,39.26599226234184,38.658661890664,38.11647602101375,39.08683723121997,39.629833341454365
losange,40.50282653096913,39.2693237834773,38.45435773036653,37.37783975154751,40.52445861936406,40.58306853717407,40.36815756636543,39.25412221693761,38.91126760277065,39.62719254932831,39.43906281825287
isoTrapezoid,37.76431723176621,39.56630221505017,39.900554390553765,40.52445861936406,36.426225194587126,37.95601785042517,37.80259149927235,39.4978247041512,39.345444135089565,38.19191776366892,38.54580489098149
kite,37.537295468760995,38.89062228452762,39.57896628822478,40.583068537174086,37.95601785042517,36.55497900775913,37.45069656470097,39.273048978856245,39.039613091965485,38.68877854444716,39.26255923249326
rightKite,37.288577395024774,38.76381368315004,39.26599226234185,40.36815756636543,37.80259149927235,37.450696564700976,36.412225129484405,39.02695352324773,38.77688192711857,38.06114135679668,39.01916337328808
rustedHinge,38.71188155332928,38.19207688044721,38.65866189066399,39.25412221693761,39.4978247041512,39.273048978856245,39.02695352324773,36.81296293303044,37.2406456401984,39.02052733093318,39.20849289321029
hinge,38.46726852627183,37.65534222032938,38.11647602101375,38.91126760277065,39.345444135089565,39.03961309196548,38.77688192711857,37.2406456401984,36.41887206565264,38.728992377229225,39.0647856729644
trapezoid,37.980932185077364,38.990810597212686,39.08683723121996,39.627192549328306,38.19191776366892,38.68877854444717,38.06114135679668,39.02052733093318,38.728992377229225,36.7647765293735,38.17510767248599
random,38.81153968567243,39.670192864291145,39.62983334145437,39.439062818252864,38.545804890981486,39.26255923249326,39.01916337328808,39.20849289321029,39.0647856729644,38.17510767248599,36.53859584405145
