,square,rectangle,parallelogram,losange,isoTrapezoid,kite,rightKite,rustedHinge,hinge,trapezoid,random
square,36.80275796933399,43.39407401575951,49.35172406701115,51.11536981106896,47.631705138062244,47.60793868157255,46.668197682137546,51.353174635655414,49.64751137950709,47.43992042020205,51.65450479345217
rectangle,43.39407401575951,36.99634011085945,47.704774282260814,50.45008180295249,49.28478363916505,48.8233044453804,48.307553041425535,50.79864635375632,48.17449511741014,48.199526705106095,52.225665194680936
parallelogram,49.35172406701115,47.704774282260814,39.805984057747374,43.689607021207564,49.302981275071076,48.79954322049584,48.54292079356941,50.54870483371785,48.82411837166109,46.48428454423149,49.681941487172814
losange,51.11536981106896,50.45008180295248,43.689607021207564,39.75369701931011,49.783935062954505,49.805192309283505,49.50672470307485,51.33414733177177,50.35085950929923,46.85653129615241,48.84499850118374
isoTrapezoid,47.631705138062244,49.28478363916505,49.30298127507108,49.783935062954505,36.149662747180436,43.16569687862188,41.88277040077517,48.59324574984782,48.18482135524401,42.481572952933284,45.96912012274666
kite,47.60793868157254,48.8233044453804,48.799543220495835,49.805192309283505,43.16569687862188,38.33217205818407,41.01540701176694,48.50253921316953,47.79829381148368,45.43207185854959,48.076070093215215
rightKite,46.668197682137546,48.30755304142554,48.5429207935694,49.50672470307485,41.88277040077517,41.01540701176694,36.9543886482556,47.68963635903676,46.96495987703336,43.57725378177165,47.45828845159822
rustedHinge,51.353174635655414,50.79864635375632,50.54870483371785,51.33414733177177,48.59324574984782,48.50253921316953,47.68963635903676,40.92716087015979,43.625419884001296,48.63555431907572,49.30957627912787
hinge,49.64751137950708,48.17449511741014,48.82411837166109,50.35085950929923,48.18482135524402,47.79829381148368,46.964959877033365,43.625419884001296,41.125085941384334,47.65460848472237,49.370132921695635
trapezoid,47.43992042020204,48.199526705106095,46.48428454423149,46.856531296152404,42.48157295293329,45.43207185854959,43.57725378177165,48.635554319075716,47.65460848472237,37.858506115291426,43.915314790950035
random,51.65450479345217,52.225665194680936,49.681941487172814,48.84499850118373,45.96912012274666,48.076070093215215,47.45828845159822,49.309576279127874,49.370132921695635,43.915314790950035,40.201838865346936
