,square,rectangle,parallelogram,losange,isoTrapezoid,kite,rightKite,rustedHinge,hinge,trapezoid,random
square,33.698084074064276,41.32955327551858,48.9122767959892,52.14599545137927,46.53545956749308,46.35239547867101,44.51011457280444,50.02847490077515,48.20382709112022,47.003972641463804,51.6291632244767
rectangle,41.32955327551858,32.7232061987205,45.05545298173617,49.39461219718717,46.3214614511066,45.910021054658834,44.7330228810573,46.848150820181544,43.93698052957859,45.926361214097845,49.972146653643605
parallelogram,48.91227679598919,45.05545298173617,37.93600676144234,42.521514033976416,48.3403417623691,47.20702349866038,47.15351182416946,48.57272633186941,46.599037846893125,45.363654382832365,48.72526015122284
losange,52.14599545137927,49.39461219718717,42.521514033976416,39.172679116377275,50.25392697813055,49.59312991354257,49.67860183482348,50.631214514319105,49.427145346610594,46.99467636217786,48.82230837519941
isoTrapezoid,46.53545956749308,46.3214614511066,48.3403417623691,50.25392697813055,33.68145107688445,40.77539061795694,38.85851167580065,46.09218014188428,45.54148576762256,40.70285186442031,44.32297032321001
kite,46.35239547867101,45.91002105465883,47.20702349866038,49.59312991354257,40.77539061795694,36.00392795842037,38.4017682827907,45.98440229810902,45.275223872270814,43.94855135188622,46.49300408752446
rightKite,44.51011457280444,44.7330228810573,47.15351182416946,49.67860183482348,38.85851167580065,38.401768282790705,33.90912153689372,44.773197121059525,43.91454723691281,41.5675533336915,45.747462579419434
rustedHinge,50.02847490077515,46.848150820181544,48.57272633186941,50.631214514319105,46.09218014188428,45.98440229810902,44.773197121059525,37.03304526337108,39.46016927325421,46.60439647127379,46.98991588739801
hinge,48.20382709112021,43.9369805295786,46.599037846893125,49.42714534661059,45.54148576762256,45.27522387227081,43.91454723691281,39.4601692732542,37.13340331111084,45.507803612009425,47.107971539348476
trapezoid,47.0039726414638,45.92636121409785,45.363654382832365,46.994676362177856,40.70285186442031,43.948551351886216,41.5675533336915,46.60439647127379,45.507803612009425,36.59513854544755,42.6134727800793
random,51.6291632244767,49.972146653643605,48.725260151222834,48.82230837519941,44.32297032321001,46.49300408752446,45.747462579419434,46.98991588739801,47.10797153934847,42.6134727800793,38.14261239792383
