,square,rectangle,parallelogram,losange,isoTrapezoid,kite,rightKite,rustedHinge,hinge,trapezoid,random
square,31.40504718914445,36.922960236540696,45.499746037786394,48.47722880842094,42.66436978254311,42.63088930860879,41.70278650983321,45.10129940544624,43.61939976614776,43.35310482151012,47.07923098593391
rectangle,36.92296023654071,32.07233101349599,43.8369310473675,47.68603699984595,45.5892812037408,44.9978185460817,44.234932118799634,44.886223359219365,42.63356101391945,44.93318355473554,48.580127823063954
parallelogram,45.49974603778639,43.8369310473675,36.40109684961891,40.54734001601254,47.25246797920165,46.056507394459025,46.096609634317765,46.06279716278778,44.39116841121887,44.06201776483014,46.5871532216693
losange,48.477228808420946,47.68603699984595,40.54734001601254,37.00879793375937,48.37728884194794,47.76137286160168,47.83594151141786,47.4306006897422,46.473506281295215,44.84375170332423,45.84183645030024
isoTrapezoid,42.66436978254311,45.5892812037408,47.25246797920165,48.37728884194794,32.92168983706094,39.782085358862474,38.33423562376264,44.43796425178566,44.1251377404684,39.00833116329477,41.990035851303716
kite,42.63088930860879,44.997818546081696,46.056507394459025,47.76137286160168,39.782085358862474,34.77841830593181,37.417169550604115,43.65758494260545,43.12532904380517,42.320374078378286,44.17780774401953
rightKite,41.70278650983321,44.234932118799634,46.096609634317765,47.83594151141786,38.33423562376263,37.417169550604115,33.34268447616567,42.54860191875858,42.011208841558215,40.32896670845126,43.64944027469821
rustedHinge,45.10129940544624,44.88622335921937,46.062797162787774,47.43060068974219,44.43796425178566,43.65758494260545,42.54860191875858,34.728990171649166,36.7708824417192,44.00271674397959,44.37602868627837
hinge,43.61939976614776,42.63356101391945,44.39116841121887,46.47350628129522,44.125137740468396,43.12532904380517,42.011208841558215,36.7708824417192,35.0802392719378,43.23195668995162,44.40946687288755
trapezoid,43.35310482151012,44.93318355473554,44.06201776483013,44.84375170332424,39.00833116329476,42.32037407837829,40.32896670845126,44.00271674397959,43.23195668995162,34.760936557052545,39.77750210910716
random,47.07923098593391,48.580127823063954,46.5871532216693,45.84183645030024,41.99003585130371,44.17780774401953,43.64944027469821,44.376028686278374,44.40946687288755,39.77750210910716,35.85800777197425
