,square,rectangle,parallelogram,losange,isoTrapezoid,kite,rightKite,rustedHinge,hinge,trapezoid,random
square,33.44988097996764,40.56029206801503,47.26400940804207,49.71748659666906,45.32262288439558,45.345844265485084,44.077421874460036,47.358295507466764,46.20109009822651,46.11485585266937,49.053681769655974
rectangle,40.56029206801503,34.76613182723994,46.51075486973458,50.10711512853748,48.20038995180383,47.81325234591306,47.01636596832378,47.88577904453713,45.622037827796305,47.92241780378162,50.748278110249984
parallelogram,47.26400940804207,46.51075486973458,39.671608401417494,44.305227304461006,49.60364802607951,49.04707239969139,48.86994190927535,49.287189261805224,48.021723791940516,47.31597783002641,49.519148318461525
losange,49.71748659666906,50.10711512853747,44.305227304461,40.776242409907915,50.989811632315615,50.96338267770751,50.81268663902398,50.85579434255932,50.45084533619073,48.64510562332932,49.313309364407786
isoTrapezoid,45.32262288439558,48.20038995180383,49.60364802607951,50.989811632315615,35.32768974425382,42.224027150006826,40.99968300963121,46.70402601104149,46.613111956656276,42.55084375433972,45.05721470172727
kite,45.345844265485084,47.81325234591306,49.047072399691395,50.96338267770751,42.224027150006826,37.49826890568713,40.310251776365426,46.54951752014162,46.2928805130002,45.619273069813126,47.27298769984514
rightKite,44.077421874460036,47.01636596832378,48.86994190927535,50.812686639023966,40.999683009631205,40.31025177636543,36.144971965750855,45.676097313454044,45.29946417779742,43.77347727630207,46.62692291694003
rustedHinge,47.35829550746676,47.88577904453713,49.28718926180523,50.85579434255932,46.7040260110415,46.54951752014162,45.676097313454044,38.67987525928952,41.43033353474481,47.50527109077651,47.44782232263262
hinge,46.20109009822651,45.622037827796305,48.021723791940516,50.45084533619074,46.613111956656276,46.2928805130002,45.29946417779742,41.43033353474481,39.25121762303913,46.86750624167424,47.82857579792753
trapezoid,46.11485585266938,47.92241780378162,47.31597783002641,48.645105623329314,42.550843754339716,45.61927306981313,43.77347727630207,47.50527109077651,46.86750624167424,38.48667878105702,43.75985024246829
random,49.053681769655974,50.748278110249984,49.519148318461525,49.31330936440778,45.05721470172727,47.27298769984514,46.62692291694003,47.447822322632625,47.82857579792752,43.75985024246829,38.97666056422075
