,square,rectangle,parallelogram,losange,isoTrapezoid,kite,rightKite,rustedHinge,hinge,trapezoid,random
square,33.715524296328574,40.78375405951597,47.42846794656762,49.58814733186608,45.763894199237164,45.02138820315075,43.540515911332214,49.41170953828821,46.62307127130003,46.37718333101397,50.19471978895432
rectangle,40.78375405951597,34.38307702253531,45.59854466750978,48.97324596836374,48.14568446551923,46.823262227100905,46.16709504699083,49.13779437231104,45.284455454561204,47.52915588702953,50.937029627038406
parallelogram,47.42846794656762,45.59854466750978,37.445558424392786,41.325448242095504,48.44604809224285,46.50398511693117,46.84096242139837,49.16899988870982,46.35172936102062,45.54864387441561,47.93742486432701
losange,49.58814733186608,48.97324596836374,41.32544824209551,37.4440670037112,49.18846629786809,47.81289810702657,48.10360722518071,50.32449790752537,48.292888727752064,46.28835251152156,47.41773421636437
isoTrapezoid,45.76389419923716,48.14568446551923,48.44604809224285,49.18846629786809,34.928422042644044,41.80653039299871,40.47970395245671,48.22420600885682,46.96908129549207,42.15477681700648,44.976982601596724
kite,45.02138820315075,46.823262227100905,46.50398511693117,47.81289810702657,41.80653039299871,36.06803267635049,39.095758612305715,47.194929388031156,45.50851060844018,44.276652004936494,45.96267240683366
rightKite,43.54051591133221,46.16709504699083,46.84096242139837,48.10360722518071,40.47970395245672,39.095758612305715,34.98719050312016,46.452729323194156,44.8712615013626,42.72469069389711,45.9215986833219
rustedHinge,49.41170953828821,49.13779437231104,49.16899988870982,50.32449790752537,48.22420600885681,47.194929388031156,46.45272932319415,39.27590402186081,41.59952741868534,48.593565003976394,48.531082894541065
hinge,46.62307127130003,45.284455454561204,46.35172936102062,48.292888727752064,46.96908129549207,45.508510608440176,44.87126150136261,41.599527418685334,38.44436550164449,46.74893100441049,47.767048033280695
trapezoid,46.377183331013974,47.529155887029525,45.54864387441561,46.28835251152156,42.15477681700648,44.276652004936494,42.72469069389711,48.593565003976394,46.74893100441049,37.70461018929779,42.982775385804516
random,50.194719788954316,50.937029627038406,47.93742486432701,47.41773421636437,44.976982601596724,45.962672406833654,45.9215986833219,48.53108289454106,47.767048033280695,42.982775385804516,38.20020170497419
