,square,rectangle,parallelogram,losange,isoTrapezoid,kite,rightKite,rustedHinge,hinge,trapezoid,random
square,0.08940879577289407,0.10027286106834825,0.11004432205903177,0.11939076475786663,0.09802954929880678,0.0950767685913884,0.09531435232578184,0.10532277806628575,0.10260785865472183,0.10117759608621425,0.10997202220204688
rectangle,0.10027286106834825,0.08865118501727126,0.1003943550635265,0.1097458626699271,0.11020063601985529,0.1032639311587244,0.1041850997202401,0.09995131945024183,0.09529154498514122,0.10667041726801996,0.11484700887698293
parallelogram,0.11004432205903175,0.1003943550635265,0.09711982710159833,0.10744065007955805,0.11622843685598945,0.11329846158720995,0.1114418570028524,0.10862851061564895,0.10371105715512174,0.1101768664233838,0.11832026856012114
losange,0.11939076475786665,0.1097458626699271,0.10744065007955805,0.10029131388551811,0.1204653124665518,0.12069124627391717,0.12037577693158065,0.11210945079408635,0.10945590131986742,0.11347015116834704,0.11464200335935487
isoTrapezoid,0.09802954929880678,0.11020063601985529,0.11622843685598945,0.1204653124665518,0.0920357729549643,0.09928025964265985,0.10006903799832785,0.11407025538743844,0.11203646529363721,0.103002742160568,0.10919188852064317
kite,0.09507676859138843,0.10326393115872437,0.11329846158720995,0.1206912462739172,0.09928025964265982,0.0910099861699829,0.09627701986997203,0.11045892706638447,0.10811401731846314,0.10659949627020582,0.11417355820072592
rightKite,0.09531435232578182,0.10418509972024013,0.1114418570028524,0.12037577693158062,0.10006903799832785,0.09627701986997203,0.0934689007315447,0.11073873806844446,0.10805348430203851,0.10298541260906305,0.11394629545338274
rustedHinge,0.10532277806628576,0.09995131945024183,0.10862851061564895,0.11210945079408635,0.11407025538743844,0.11045892706638447,0.11073873806844446,0.09567487054469928,0.0955348988343004,0.11098941563950077,0.11460530762183221
hinge,0.10260785865472183,0.09529154498514122,0.10371105715512173,0.10945590131986742,0.11203646529363721,0.10811401731846315,0.10805348430203851,0.0955348988343004,0.0922706395028328,0.10804057962544832,0.11316036592697182
trapezoid,0.10117759608621425,0.10667041726801996,0.1101768664233838,0.11347015116834704,0.103002742160568,0.1065994962702058,0.10298541260906305,0.11098941563950077,0.10804057962544832,0.09580904110362572,0.10597137026517678
random,0.10997202220204688,0.11484700887698293,0.11832026856012114,0.11464200335935487,0.10919188852064317,0.1141735582007259,0.11394629545338268,0.11460530762183224,0.11316036592697182,0.1059713702651768,0.09906599159542993
