,square,rectangle,parallelogram,losange,isoTrapezoid,kite,rightKite,rustedHinge,hinge,trapezoid,random
square,0.0689968797066818,0.08423829987251466,0.09647149647524358,0.10635138585123413,0.07854388396569807,0.07603146873664468,0.07348243567610714,0.08691410827818237,0.08607352287821926,0.08074402131442568,0.09435284267959497
rectangle,0.08423829987251466,0.07109500898121064,0.08074820898936681,0.09321705424970599,0.09900638759249188,0.08826534613061403,0.08684069348072879,0.08288299126972379,0.0785724486401325,0.0888513287627856,0.10564877646729888
parallelogram,0.09647149647524358,0.0807482089893668,0.07701561142510671,0.08488320419551482,0.10739189599020385,0.10040277749594084,0.09690308833337548,0.08886579009671472,0.08412062916957304,0.09164106102361952,0.10457164274013646
losange,0.10635138585123413,0.09321705424970599,0.08488320419551482,0.07913062772005826,0.11097450316947444,0.10954270189764742,0.10546411241372226,0.09389857292914604,0.09090611011709498,0.09352412239496616,0.09692709331919983
isoTrapezoid,0.07854388396569807,0.0990063875924919,0.10739189599020385,0.11097450316947446,0.07202665690834822,0.08067197417470792,0.07849857689605823,0.09809001394115265,0.09892554794452774,0.08343002670613149,0.09072949508139759
kite,0.07603146873664468,0.08826534613061403,0.10040277749594081,0.10954270189764742,0.08067197417470792,0.07163716852834255,0.07498196805615671,0.095869779651246,0.09501651926517748,0.0887741903235933,0.1013644921816563
rightKite,0.07348243567610714,0.08684069348072879,0.09690308833337549,0.10546411241372226,0.07849857689605823,0.07498196805615671,0.07075381885456679,0.09250564952671789,0.09151029598072244,0.08146497828975215,0.09624995313564713
rustedHinge,0.08691410827818237,0.08288299126972379,0.08886579009671472,0.09389857292914605,0.09809001394115265,0.095869779651246,0.09250564952671789,0.07405176437511368,0.0750402867222811,0.08931942929191876,0.09789180087532816
hinge,0.08607352287821926,0.07857244864013249,0.08412062916957304,0.09090611011709498,0.09892554794452774,0.09501651926517748,0.09151029598072244,0.0750402867222811,0.07321903008689026,0.0876244828041173,0.09827187024018397
trapezoid,0.08074402131442568,0.0888513287627856,0.09164106102361952,0.09352412239496614,0.0834300267061315,0.0887741903235933,0.08146497828975215,0.08931942929191876,0.0876244828041173,0.07369919235746528,0.08380000014181212
random,0.09435284267959497,0.1056487764672989,0.10457164274013646,0.09692709331919983,0.09072949508139759,0.10136449218165632,0.09624995313564713,0.09789180087532816,0.09827187024018395,0.08380000014181212,0.07763578641568897
