,square,rectangle,parallelogram,losange,isoTrapezoid,kite,rightKite,rustedHinge,hinge,trapezoid,random
square,0.12109889368490333,0.13848624541336857,0.17473366493935874,0.2019826824593149,0.14481461554956998,0.14115013469458063,0.1373123978403941,0.15739700637768547,0.15051525745195152,0.15397884237550916,0.1743045466599992
rectangle,0.13848624541336857,0.11811576407402301,0.15359012904776734,0.18960124403669773,0.1702353561235649,0.15573595212139935,0.15167819392060986,0.1491736373553198,0.13792820634159422,0.16363964423282087,0.1902228153243194
parallelogram,0.17473366493935877,0.15359012904776734,0.12752503642620244,0.15257436964748883,0.19070311179991006,0.1945251664379871,0.1746389926032783,0.17534775141911277,0.1609524896349516,0.1566830473548838,0.1813141576727392
losange,0.2019826824593149,0.18960124403669773,0.15257436964748883,0.12920657639077263,0.20263237959771435,0.21502713369886925,0.1962118320568814,0.19508188703093257,0.1876621398191578,0.1621945156004032,0.17406415407937986
isoTrapezoid,0.14481461554957,0.1702353561235649,0.19070311179991006,0.20263237959771435,0.12301773561575947,0.14713293764998941,0.14110144431884403,0.1832026511675792,0.17902590393271842,0.15087067729253537,0.16248348255008882
kite,0.1411501346945806,0.15573595212139935,0.1945251664379871,0.21502713369886925,0.14713293764998941,0.12454215765471312,0.13642733971954868,0.1791082785144051,0.17557618517633253,0.1763286672261182,0.19373885574953856
rightKite,0.1373123978403941,0.15167819392060986,0.1746389926032783,0.1962118320568814,0.14110144431884403,0.13642733971954868,0.12189310237658796,0.1767063611952973,0.17085401616135998,0.15197361690316213,0.17647061424521285
rustedHinge,0.15739700637768547,0.14917363735531974,0.1753477514191128,0.19508188703093257,0.1832026511675792,0.1791082785144051,0.1767063611952973,0.1226768767180436,0.12758490748180604,0.17517997943085115,0.18180314683082646
hinge,0.15051525745195152,0.13792820634159422,0.1609524896349516,0.1876621398191578,0.17902590393271844,0.17557618517633253,0.17085401616135998,0.127584907481806,0.12287109965359615,0.16716690793999456,0.17881638096958694
trapezoid,0.15397884237550918,0.16363964423282087,0.1566830473548838,0.16219451560040324,0.15087067729253537,0.1763286672261182,0.15197361690316216,0.17517997943085115,0.16716690793999456,0.12487659367482443,0.14112330507486198
random,0.17430454665999917,0.1902228153243194,0.18131415767273923,0.17406415407937986,0.16248348255008882,0.19373885574953856,0.17647061424521285,0.18180314683082646,0.17881638096958694,0.14112330507486198,0.12715438285700706
