,square,rectangle,parallelogram,losange,isoTrapezoid,kite,rightKite,rustedHinge,hinge,trapezoid,random
square,0.06634550687592328,0.08082286157480559,0.10675941293401747,0.11410845662129808,0.11738446927489478,0.10422897260488104,0.10242461548958846,0.108546816064564,0.10080681270019466,0.11693628705183376,0.1305883883077485
rectangle,0.08082286157480559,0.053862856324981626,0.0899188588772751,0.09864821726881189,0.11085403653900802,0.09842369329993404,0.0963495202710229,0.09655297380673737,0.08718034264095056,0.1070077702826197,0.12142260662575287
parallelogram,0.10675941293401747,0.08991885887727509,0.0791257339297041,0.09129182069518904,0.1154574909680187,0.10605732034346493,0.10346553848839984,0.10485753645332904,0.09563444659836161,0.10556913857926263,0.11759510173146687
losange,0.11410845662129808,0.0986482172688119,0.09129182069518905,0.08385428322630593,0.12106041013966912,0.11323785287746653,0.11110494791331614,0.11070226375360688,0.10301332388762187,0.11082862074536506,0.11801861675827635
isoTrapezoid,0.11738446927489475,0.11085403653900802,0.11545749096801872,0.12106041013966912,0.07687275938229304,0.09817704250545538,0.08924471457406577,0.1144610301756712,0.10939947908570027,0.09484192140611386,0.11000949003933333
kite,0.10422897260488104,0.09842369329993404,0.10605732034346493,0.11323785287746653,0.09817704250545538,0.07874838436286828,0.08443765872773544,0.10695913497708066,0.10122671997457981,0.10286687251268883,0.11533257888817795
rightKite,0.10242461548958846,0.0963495202710229,0.10346553848839984,0.11110494791331614,0.08924471457406577,0.08443765872773544,0.07193715097628099,0.10509448443390867,0.09880244253890108,0.0946560117041788,0.11110631892232145
rustedHinge,0.108546816064564,0.09655297380673737,0.10485753645332904,0.11070226375360688,0.11446103017567123,0.10695913497708066,0.10509448443390867,0.08015603518413043,0.08163788340628869,0.11281309451361524,0.11595277615612512
hinge,0.10080681270019463,0.08718034264095056,0.09563444659836161,0.10301332388762187,0.10939947908570027,0.10122671997457981,0.09880244253890111,0.08163788340628869,0.0727221543762468,0.10624647121810217,0.11198297587193956
trapezoid,0.11693628705183376,0.1070077702826197,0.10556913857926263,0.11082862074536505,0.09484192140611386,0.10286687251268882,0.0946560117041788,0.11281309451361524,0.10624647121810214,0.08295690235636045,0.10446625971640945
random,0.1305883883077485,0.12142260662575287,0.11759510173146688,0.11801861675827635,0.11000949003933333,0.11533257888817795,0.11110631892232142,0.1159527761561251,0.11198297587193955,0.10446625971640942,0.09581376963652204
