,square,rectangle,parallelogram,losange,isoTrapezoid,kite,rightKite,rustedHinge,hinge,trapezoid,random
square,0.10482587377742832,0.14869121503051055,0.2054303116908688,0.22043995206933853,0.20344847042832032,0.18283402472264523,0.17765417412025222,0.20992800854268198,0.19483649126213842,0.19847198595337787,0.21936630994103526
rectangle,0.14869121503051055,0.10330407123002769,0.18230780146280465,0.20117495286328818,0.20919693171539555,0.18845382966475382,0.1874985380997948,0.20032659500057418,0.17915053796613226,0.1888543451011525,0.2091687732137696
parallelogram,0.20543031169086876,0.18230780146280465,0.1304359220746832,0.14880077914029777,0.21985134591425512,0.19465046176066111,0.20082349437176167,0.19677191555532045,0.1840292352612157,0.1863878453473611,0.194306713433539
losange,0.22043995206933847,0.20117495286328818,0.14880077914029777,0.13099676017786005,0.22602303271271568,0.20357648996522795,0.20965847986420968,0.1999893948912383,0.19123790813320293,0.19095367578064404,0.18963985821075732
isoTrapezoid,0.20344847042832032,0.20919693171539555,0.21985134591425512,0.22602303271271568,0.12243041479930579,0.16318795789179052,0.15706577083797565,0.20644588473211395,0.2028857914038917,0.1617658702737829,0.18001134726234927
kite,0.18283402472264523,0.18845382966475382,0.19465046176066111,0.20357648996522795,0.16318795789179052,0.12356947044779314,0.14096696186207988,0.18599520179357926,0.18054297346991757,0.17700021144394254,0.18453544302703767
rightKite,0.1776541741202522,0.1874985380997948,0.20082349437176167,0.20965847986420966,0.15706577083797565,0.14096696186207985,0.12575583786343023,0.18746843124082502,0.18155798689377717,0.16583267149974776,0.18511213676656232
rustedHinge,0.20992800854268193,0.20032659500057418,0.19677191555532042,0.1999893948912383,0.20644588473211395,0.18599520179357926,0.18746843124082505,0.13319251683245917,0.14112030065880773,0.1955896263152607,0.1847452497634956
hinge,0.19483649126213842,0.17915053796613226,0.18402923526121567,0.19123790813320293,0.2028857914038917,0.18054297346991757,0.18155798689377717,0.14112030065880776,0.13082250872446863,0.18754230930523158,0.18301658470885396
trapezoid,0.1984719859533779,0.1888543451011525,0.1863878453473611,0.19095367578064404,0.16176587027378286,0.17700021144394254,0.16583267149974776,0.19558962631526067,0.18754230930523158,0.1341642350591711,0.1603587569313587
random,0.21936630994103526,0.20916877321376964,0.194306713433539,0.18963985821075735,0.18001134726234927,0.18453544302703767,0.18511213676656235,0.1847452497634956,0.18301658470885396,0.1603587569313587,0.1282865013468268
