,square,rectangle,parallelogram,losange,isoTrapezoid,kite,rightKite,rustedHinge,hinge,trapezoid,random
square,0.04027719336707017,0.04364921175535525,0.046120659370698376,0.051754484793794714,0.04335741971458658,0.04241966783161519,0.04285852357481552,0.047087949566262485,0.044916488993724336,0.04427372127209526,0.04712392447747883
rectangle,0.04364921175535525,0.04086847342077004,0.04400095925681085,0.04936145047667539,0.04616207263376933,0.04477288290755187,0.0453578018816896,0.046086698361880306,0.043478235910769714,0.046082645985606505,0.048510662108746945
parallelogram,0.04612065937069837,0.04400095925681085,0.042706885546104946,0.048950264159557104,0.047984053227624654,0.047321164489597216,0.04715899805188929,0.048313323203661954,0.0456800293315303,0.047073848594206276,0.04978280515944884
losange,0.051754484793794714,0.04936145047667539,0.0489502641595571,0.048945539344688746,0.05224501979780471,0.052483930074196425,0.052751194579753746,0.05176330218316678,0.04991316214022858,0.05085107882317999,0.05162767491326409
isoTrapezoid,0.04335741971458658,0.04616207263376932,0.04798405322762466,0.0522450197978047,0.042103603042218066,0.043939981415458414,0.044589006227970865,0.04943272688476528,0.0473934104107192,0.04533840352801291,0.047617802088601384
kite,0.04241966783161519,0.04477288290755187,0.04732116448959722,0.0524839300741964,0.043939981415458414,0.041541859031011305,0.04354455003861147,0.04858850026188373,0.04651466053373965,0.04629144413143405,0.04869261099763147
rightKite,0.04285852357481552,0.045357801881689606,0.04715899805188929,0.05275119457975376,0.044589006227970865,0.04354455003861147,0.04265825755525073,0.048979569673320046,0.04689014287822368,0.045554021596173964,0.04893636702849585
rustedHinge,0.047087949566262485,0.046086698361880306,0.048313323203661954,0.05176330218316677,0.04943272688476528,0.04858850026188374,0.048979569673320046,0.04628246157577848,0.045285071901609915,0.04926052610693804,0.05029209927120245
hinge,0.044916488993724336,0.043478235910769714,0.04568002933153031,0.04991316214022858,0.047393410410719206,0.04651466053373965,0.04689014287822368,0.04528507190160991,0.04294463926092473,0.04715133161317935,0.04869096773280221
trapezoid,0.04427372127209526,0.046082645985606505,0.047073848594206276,0.050851078823180004,0.045338403528012904,0.04629144413143405,0.045554021596173964,0.04926052610693804,0.04715133161317935,0.04337195964972526,0.04713046092227304
random,0.04712392447747883,0.04851066210874696,0.04978280515944883,0.05162767491326409,0.047617802088601384,0.04869261099763146,0.048936367028495846,0.05029209927120245,0.04869096773280221,0.04713046092227304,0.04537126299118365
