,square,rectangle,parallelogram,losange,isoTrapezoid,kite,rightKite,rustedHinge,hinge,trapezoid,random
square,0.15852411542162387,0.21191122844009927,0.2690926625213899,0.29326408792347547,0.2560358489655443,0.24610133406679982,0.2407305989956428,0.27638990214963804,0.25993173915229295,0.2610142783934387,0.2950698309804863
rectangle,0.2119112284400993,0.15958551857168057,0.2563423048260888,0.2898338040872879,0.27990586575754994,0.2669117949297787,0.26454470602105834,0.2758891369759708,0.24979148880405327,0.2739423927224259,0.30624286831811415
parallelogram,0.2690926625213899,0.2563423048260888,0.1867652119417688,0.2148222853809383,0.2520184847435187,0.2596550625858226,0.2544375259355859,0.26224370836684324,0.2542030941884176,0.23630139346087367,0.2584165204091882
losange,0.2932640879234754,0.2898338040872879,0.2148222853809383,0.19054526399967253,0.256013264478356,0.26999134358229887,0.26525136769423385,0.2697010600706904,0.2694368545425359,0.24112630809988575,0.24795784377576766
isoTrapezoid,0.2560358489655443,0.27990586575754994,0.2520184847435187,0.256013264478356,0.15185654038280377,0.2095245162110761,0.1980414635321596,0.24818354326001188,0.2513826596360061,0.1988367315465101,0.221694183224102
kite,0.24610133406679982,0.2669117949297787,0.2596550625858226,0.26999134358229887,0.20952451621107607,0.17171255512568873,0.19020765077139878,0.23965493491037204,0.239477394455588,0.2337569215259779,0.24354424100449726
rightKite,0.24073059899564275,0.26454470602105834,0.2544375259355859,0.26525136769423385,0.1980414635321596,0.19020765077139878,0.16849007315447795,0.2380136566686335,0.23783141321355913,0.21683459336059072,0.2387491742722906
rustedHinge,0.27638990214963804,0.2758891369759708,0.26224370836684324,0.2697010600706904,0.24818354326001188,0.2396549349103721,0.23801365666863356,0.1785174625082059,0.19302071366160028,0.25527678571791135,0.24489723402811925
hinge,0.25993173915229295,0.24979148880405327,0.2542030941884176,0.26943685454253596,0.25138265963600614,0.23947739445558794,0.23783141321355913,0.19302071366160028,0.18356438874163405,0.2536389022747038,0.2524958487385651
trapezoid,0.26101427839343877,0.2739423927224259,0.23630139346087367,0.24112630809988575,0.1988367315465101,0.23375692152597793,0.21683459336059072,0.25527678571791135,0.25363890227470387,0.17712236616305355,0.21608443980739306
random,0.2950698309804863,0.30624286831811415,0.25841652040918817,0.2479578437757676,0.22169418322410195,0.2435442410044973,0.23874917427229056,0.24489723402811922,0.2524958487385651,0.21608443980739306,0.17976673910633248
