,square,rectangle,parallelogram,losange,isoTrapezoid,kite,rightKite,rustedHinge,hinge,trapezoid,random
square,0.021382423911434013,0.02484891425185587,0.026708718540213415,0.029353288257584646,0.023860839814330768,0.023248480601518608,0.0228610848159563,0.025688251419149738,0.02504132141091189,0.024440121732364203,0.02695530435498798
rectangle,0.02484891425185587,0.021962710526036676,0.02382135025599342,0.026252255112275292,0.02696085479693672,0.02553243600784334,0.02546845507469229,0.024627198277113894,0.023409187116141646,0.0260714502196458,0.02820992047951652
parallelogram,0.026708718540213415,0.02382135025599342,0.022505666317118228,0.024861517855309285,0.028212695992810788,0.02733681592927447,0.026838059918624962,0.025631533696647873,0.02436054269197156,0.026291937843173182,0.028281189160110493
losange,0.029353288257584646,0.026252255112275292,0.024861517855309285,0.023530276882248027,0.029578328998404315,0.029556292573755926,0.02925143941753894,0.026762518762512618,0.02591512446040825,0.027377573538005875,0.02761347676084526
isoTrapezoid,0.023860839814330768,0.026960854796936728,0.028212695992810788,0.029578328998404315,0.02255171834945395,0.024363292593526892,0.02414978434625294,0.0274974065040114,0.027030386915475556,0.025039649271442074,0.02646158099677667
kite,0.023248480601518608,0.02553243600784334,0.02733681592927447,0.029556292573755926,0.024363292593526892,0.022338547063784898,0.023404174065378956,0.027009251324921116,0.026391857847630793,0.02622965197281132,0.02806897854671158
rightKite,0.022861084815956296,0.025468455074692285,0.026838059918624962,0.02925143941753894,0.024149784346252944,0.023404174065378956,0.02236495718105765,0.02666862235868728,0.026015838364389473,0.02492542918209275,0.027653461505554314
rustedHinge,0.025688251419149738,0.024627198277113894,0.025631533696647873,0.026762518762512618,0.027497406504011404,0.027009251324921116,0.02666862235868728,0.023197319774005232,0.02314730228133891,0.026625844036795812,0.027497996187367327
hinge,0.02504132141091189,0.023409187116141646,0.024360542691971555,0.025915124460408244,0.027030386915475556,0.026391857847630786,0.026015838364389476,0.02314730228133891,0.022263593757048873,0.025864184538253187,0.02710671977613203
trapezoid,0.0244401217323642,0.0260714502196458,0.026291937843173182,0.027377573538005875,0.025039649271442074,0.02622965197281132,0.024925429182092743,0.026625844036795812,0.025864184538253187,0.02320871617680881,0.02565108256005895
random,0.02695530435498798,0.02820992047951652,0.028281189160110486,0.027613476760845267,0.026461580996776674,0.028068978546711573,0.027653461505554314,0.027497996187367327,0.027106719776132035,0.02565108256005895,0.024015539583728582
