,square,rectangle,parallelogram,losange,isoTrapezoid,kite,rightKite,rustedHinge,hinge,trapezoid,random
square,0.11958338976176305,0.13954708515418732,0.15407299809984992,0.16808745301469058,0.1348896814266908,0.13041700568197892,0.12627494127887487,0.14282487719185896,0.1410302242019735,0.13636726123213444,0.1509988644306997
rectangle,0.13954708515418732,0.12005440526100486,0.13510227764416907,0.1499757958346452,0.15680480178712325,0.14542275026771823,0.14209720984019036,0.13526165451454564,0.1296940698051146,0.14575681285452768,0.16177546576294724
parallelogram,0.15407299809984995,0.13510227764416907,0.12259579150517468,0.13446520448748578,0.16419313248265305,0.15928338664572375,0.15203397832000612,0.1443711379703456,0.13844175079318805,0.14462892392347573,0.15839433639191774
losange,0.16808745301469058,0.14997579583464518,0.13446520448748578,0.12248800229681231,0.16901728449189174,0.17029335563147305,0.16425347897766707,0.15090018279689504,0.14795096782217174,0.14765961866074426,0.1507069089854955
isoTrapezoid,0.13488968142669078,0.15680480178712325,0.16419313248265305,0.16901728449189174,0.12330285875489941,0.13611389147823133,0.13350463931226558,0.15674443248526754,0.15671765429924467,0.13858094790012992,0.14538291703859066
kite,0.13041700568197892,0.14542275026771825,0.15928338664572375,0.17029335563147305,0.13611389147823133,0.12245170060324631,0.128309847741767,0.15181842494390044,0.15118576951152313,0.1472375960486008,0.1584554086178873
rightKite,0.12627494127887487,0.14209720984019036,0.15203397832000615,0.16425347897766707,0.13350463931226558,0.12830984774176707,0.11967304189537285,0.14741236650633768,0.1460674036290193,0.1352666358320434,0.15103380656798113
rustedHinge,0.14282487719185896,0.13526165451454564,0.1443711379703456,0.15090018279689504,0.15674443248526754,0.15181842494390044,0.14741236650633768,0.12143511302571526,0.12408363241318097,0.14692009343084245,0.1536589172058068
hinge,0.1410302242019735,0.1296940698051146,0.13844175079318807,0.14795096782217174,0.15671765429924467,0.15118576951152313,0.1460674036290193,0.12408363241318097,0.12147342221067843,0.14442368931837174,0.15389521548690424
trapezoid,0.13636726123213444,0.14575681285452766,0.14462892392347573,0.14765961866074426,0.13858094790012995,0.14723759604860076,0.13526663583204343,0.14692009343084245,0.14442368931837174,0.12170389772457572,0.13464133300333164
random,0.1509988644306997,0.16177546576294724,0.15839433639191772,0.1507069089854955,0.14538291703859063,0.1584554086178873,0.15103380656798113,0.1536589172058068,0.15389521548690424,0.13464133300333164,0.12340270228478764
