,square,rectangle,parallelogram,losange,isoTrapezoid,kite,rightKite,rustedHinge,hinge,trapezoid,random
square,0.13254305573901598,0.18490778872937838,0.28191751677485427,0.31345264327400835,0.24292456497503512,0.2327505160416116,0.22144067528912684,0.2822769699020329,0.26151072131360914,0.2630157062062664,0.31109327278488036
rectangle,0.18490778872937838,0.14221657566708695,0.25983474259032,0.3023455397867356,0.28530650795660567,0.26711524928979474,0.260031405386405,0.27542950007649514,0.2412860810649736,0.28407847465957653,0.33168543884493684
parallelogram,0.28191751677485427,0.2598347425903201,0.1993984236465437,0.2305903178859446,0.30628659296955446,0.293911280378272,0.29442182077207285,0.30193374725445243,0.2825204867260216,0.2705542019611443,0.3043194722580863
losange,0.31345264327400835,0.3023455397867356,0.23059031788594458,0.20498217073010214,0.31908032964965555,0.31232184111876443,0.3140144041485346,0.3167910853258904,0.30489552553304655,0.27771470297538153,0.288042316138795
isoTrapezoid,0.24292456497503506,0.28530650795660567,0.3062865929695545,0.31908032964965555,0.15525413184800946,0.2151742958101257,0.20147736058292384,0.28774181801708615,0.284283863878023,0.21701950106710882,0.25572389535373263
kite,0.2327505160416116,0.26711524928979474,0.29391128037827197,0.31232184111876443,0.2151742958101257,0.17345755552592082,0.19290177272824316,0.28054409675539377,0.27228783124096023,0.2552776671988001,0.28073709479222003
rightKite,0.22144067528912684,0.26003140538640496,0.29442182077207285,0.31401440414853465,0.2014773605829238,0.19290177272824316,0.16593844767812824,0.2742980331691258,0.265847984600278,0.23202498999776405,0.2752625159738424
rustedHinge,0.2822769699020329,0.27542950007649514,0.30193374725445243,0.3167910853258904,0.28774181801708615,0.2805440967553937,0.2742980331691258,0.1902160150950479,0.20157945550476503,0.29438463592656167,0.29312073985352105
hinge,0.26151072131360914,0.2412860810649736,0.28252048672602165,0.30489552553304655,0.284283863878023,0.27228783124096023,0.265847984600278,0.20157945550476503,0.18663220455191054,0.28400812270671333,0.29368206854349044
trapezoid,0.2630157062062664,0.28407847465957653,0.2705542019611443,0.27771470297538153,0.2170195010671088,0.2552776671988001,0.23202498999776408,0.29438463592656167,0.28400812270671333,0.1900360244456939,0.2385186464386241
random,0.3110932727848803,0.3316854388449368,0.3043194722580863,0.288042316138795,0.2557238953537326,0.28073709479222003,0.2752625159738424,0.29312073985352105,0.29368206854349044,0.2385186464386241,0.19893298153254466
