,square,rectangle,parallelogram,losange,isoTrapezoid,kite,rightKite,rustedHinge,hinge,trapezoid,random
square,0.050633698649069386,0.056942696557613026,0.06129662495547783,0.06840546085955967,0.05512876148380758,0.053565337754033736,0.052666881771834026,0.05821470213309125,0.05743950673252284,0.05602499697240803,0.062021778588205144
rectangle,0.05694269655761301,0.049314484393167636,0.05404549581182578,0.06123536747812954,0.06160931168491675,0.058041452937221315,0.05736420403026555,0.054617163102518455,0.05254489478180792,0.05850710100181501,0.06448890241510356
parallelogram,0.061296624955477844,0.05404549581182578,0.04952542629094621,0.05599979916201882,0.06351014575459532,0.06193511410187094,0.059847215262897505,0.05641018893011488,0.054562465788430076,0.05762675833969979,0.0624021155863404
losange,0.06840546085955966,0.06123536747812954,0.05599979916201882,0.05399012369536527,0.06735811687396161,0.06791202238381269,0.06639298477229039,0.06059017577467358,0.059919797132401184,0.061115931743049086,0.06186158109966644
isoTrapezoid,0.055128761483807576,0.06160931168491675,0.06351014575459535,0.0673581168739616,0.05037971174345532,0.0545835487192734,0.05416518218235483,0.06158707987106924,0.06151614120718705,0.05571235041364992,0.05881992147805425
kite,0.053565337754033736,0.058041452937221315,0.06193511410187095,0.06791202238381269,0.0545835487192734,0.050130507640943976,0.052502503635152624,0.0603801088779915,0.05990735974241393,0.058696795780289156,0.06325434977339725
rightKite,0.05266688177183401,0.05736420403026555,0.059847215262897505,0.06639298477229039,0.05416518218235484,0.052502503635152624,0.04999008049929053,0.05896319799358699,0.05837639591068204,0.05513254178723522,0.06121131873494073
rustedHinge,0.05821470213309125,0.054617163102518455,0.05641018893011488,0.06059017577467358,0.06158707987106924,0.0603801088779915,0.05896319799358699,0.0498325282281413,0.05063353079850307,0.058273588295305274,0.060687211098942
hinge,0.05743950673252284,0.05254489478180792,0.054562465788430076,0.05991979713240119,0.06151614120718705,0.05990735974241394,0.05837639591068204,0.05063353079850306,0.04954794790435658,0.05760082258863495,0.06111050121043308
trapezoid,0.05602499697240802,0.058507101001815005,0.05762675833969979,0.06111593174304908,0.05571235041364992,0.058696795780289156,0.05513254178723522,0.058273588295305274,0.05760082258863494,0.050654701884466385,0.05556242237432889
random,0.062021778588205144,0.06448890241510356,0.0624021155863404,0.061861581099666434,0.05881992147805425,0.06325434977339725,0.061211318734940734,0.060687211098942,0.06111050121043308,0.05556242237432889,0.051252713886890386
