,square,rectangle,parallelogram,losange,isoTrapezoid,kite,rightKite,rustedHinge,hinge,trapezoid,random
square,0.09347325439100977,0.10324711553782905,0.10713568734976385,0.11212419001948652,0.09943263500452915,0.0975427385531486,0.09639639468919724,0.10374015746049584,0.1035105341986764,0.10005705259996293,0.10569838015419916
rectangle,0.10324711553782905,0.09424628826291136,0.0985457171839954,0.1032581587499714,0.10925320917329019,0.10450513367248086,0.10409493665397468,0.09981538950522698,0.09787773537263876,0.10493374105569454,0.1098949554902931
parallelogram,0.10713568734976386,0.0985457171839954,0.09410259861482675,0.09849316546042683,0.1111458098308366,0.10823470191267102,0.10678420841165862,0.10194620908045918,0.0998813095429335,0.10508164688757225,0.10935094886324584
losange,0.11212419001948652,0.1032581587499714,0.09849316546042682,0.0933940244326171,0.11249496007575875,0.11202661408630259,0.11113998978557339,0.10335203928842471,0.10234773686651152,0.10614132815980917,0.10587142155229261
isoTrapezoid,0.09943263500452915,0.10925320917329019,0.1111458098308366,0.11249496007575875,0.09516538384342149,0.10019919872065257,0.09958933833093528,0.10874849698087384,0.10912368009607326,0.10135579771135159,0.10412017266270804
kite,0.0975427385531486,0.10450513367248086,0.10823470191267102,0.11202661408630259,0.10019919872065257,0.09484392241314026,0.09726823351005959,0.10673021780179019,0.106519334687453,0.1036813567782725,0.10784339840029643
rightKite,0.09639639468919725,0.1040949366539747,0.10678420841165862,0.11113998978557339,0.09958933833093528,0.09726823351005959,0.09458817346744111,0.10555925881440646,0.10527102815512634,0.10032153253570353,0.1067624226760017
rustedHinge,0.10374015746049584,0.099815389505227,0.10194620908045918,0.10335203928842471,0.10874849698087384,0.10673021780179019,0.10555925881440646,0.09523450916977685,0.09617874533231544,0.1049525424347686,0.10696115050521383
hinge,0.1035105341986764,0.09787773537263876,0.0998813095429335,0.10234773686651152,0.10912368009607323,0.106519334687453,0.10527102815512634,0.09617874533231544,0.09511890876828992,0.10440918248997634,0.10729946571267543
trapezoid,0.10005705259996292,0.10493374105569454,0.10508164688757225,0.10614132815980917,0.10135579771135159,0.1036813567782725,0.10032153253570353,0.1049525424347686,0.10440918248997631,0.0955288988613079,0.10132578478440658
random,0.10569838015419916,0.1098949554902931,0.10935094886324583,0.10587142155229261,0.10412017266270807,0.10784339840029643,0.1067624226760017,0.10696115050521383,0.10729946571267543,0.10132578478440658,0.09587845756093495
