,square,rectangle,parallelogram,losange,isoTrapezoid,kite,rightKite,rustedHinge,hinge,trapezoid,random
square,0.20826644496100138,0.27748890153328476,0.35743947133873377,0.3843924188878085,0.3339158459721166,0.31696272243297413,0.3109276649375652,0.34129990173972735,0.3282258259359423,0.3425159385951499,0.37740828470279125
rectangle,0.27748890153328476,0.21370057626572125,0.3416847546592476,0.3794903969304747,0.3572886306182176,0.34051611022921957,0.33817554184508936,0.34458310585919943,0.3204663411227956,0.3507758723702178,0.3894403557123879
parallelogram,0.35743947133873377,0.3416847546592476,0.264455182137547,0.30314362225817093,0.35552995836542717,0.3465953585689266,0.3500677806810542,0.3486176131469297,0.3375298234556502,0.3325869138717003,0.35709896477854325
losange,0.3843924188878085,0.3794903969304747,0.30314362225817093,0.2714129251179056,0.3679344708226977,0.3621080683159605,0.36532607541198153,0.35857197323937534,0.3542450766975153,0.34306973655336614,0.3489325795020695
isoTrapezoid,0.3339158459721166,0.3572886306182176,0.35552995836542717,0.3679344708226977,0.20756199820649365,0.2754930647267651,0.26557807463587646,0.3297214564931709,0.3293841947955077,0.27510879984330566,0.3091193558323492
kite,0.3169627224329742,0.3405161102292195,0.3465953585689266,0.36210806831596043,0.2754930647267651,0.23000889301693556,0.25391015754188295,0.3157291844379065,0.3136681611491725,0.3052979883572306,0.32444971453341936
rightKite,0.3109276649375652,0.33817554184508936,0.3500677806810542,0.36532607541198153,0.2655780746358765,0.2539101575418829,0.22308974309083815,0.3172778746799524,0.3138284519368467,0.2890805051443414,0.3271072666020302
rustedHinge,0.34129990173972735,0.34458310585919943,0.3486176131469297,0.35857197323937534,0.3297214564931709,0.3157291844379065,0.31727787467995244,0.24014051701947892,0.2562344748830649,0.3369933534580663,0.3284047491559743
hinge,0.32822582593594235,0.32046634112279554,0.3375298234556502,0.3542450766975153,0.3293841947955077,0.3136681611491725,0.3138284519368467,0.25623447488306494,0.23996631228149023,0.3314446929399519,0.3348107678473754
trapezoid,0.3425159385951499,0.35077587237021773,0.3325869138717003,0.34306973655336614,0.27510879984330566,0.3052979883572306,0.2890805051443414,0.3369933534580663,0.3314446929399519,0.24244424213230417,0.299825529521712
random,0.3774082847027913,0.38944035571238794,0.35709896477854325,0.3489325795020695,0.3091193558323492,0.3244497145334194,0.3271072666020302,0.32840474915597423,0.3348107678473754,0.29982552952171204,0.2497825489297544
