,square,rectangle,parallelogram,losange,isoTrapezoid,kite,rightKite,rustedHinge,hinge,trapezoid,random
square,0.0,0.0826478595121618,0.266781506857496,0.4174655680332353,0.21731500364049927,0.13423680555227624,0.12050621346206103,0.23972741741226455,0.19197181729129176,0.21210465905596587,0.3430945260498861
rectangle,0.0826478595121618,0.0,0.18841032210498276,0.37995694451895223,0.3096107761265141,0.18414030497976497,0.1807018474335731,0.2157931793087251,0.14819010320460402,0.2634702246494741,0.41102355674956625
parallelogram,0.266781506857496,0.18841032210498276,0.0,0.1411898476240513,0.33210779153380265,0.2845908063273592,0.24052079336812493,0.2689194767936657,0.22071457382423787,0.1756357173813563,0.3159957107113006
losange,0.4174655680332353,0.37995694451895223,0.1411898476240513,0.0,0.36833956493715136,0.37544511466220554,0.34727302746370214,0.34502589978164633,0.34320699870225013,0.19590098318466065,0.2468942832398724
isoTrapezoid,0.21731500364049927,0.3096107761265141,0.33210779153380265,0.36833956493715136,0.0,0.16782460836418167,0.13562153805175126,0.3468883957635187,0.3353441061668293,0.129366294760766,0.1772788734411732
kite,0.13423680555227624,0.18414030497976497,0.2845908063273592,0.37544511466220554,0.16782460836418167,1.1102230246251565e-16,0.05508325734067354,0.28144928635304745,0.26042710332882946,0.24121561628993216,0.3255848715972247
rightKite,0.12050621346206103,0.1807018474335731,0.24052079336812493,0.34727302746370214,0.13562153805175126,0.05508325734067354,1.1102230246251565e-16,0.2704242091304687,0.25259436040150596,0.15568942264307173,0.28748278992670984
rustedHinge,0.23972741741226455,0.2157931793087251,0.2689194767936657,0.34502589978164633,0.3468883957635187,0.28144928635304745,0.2704242091304687,0.0,0.02653308312298608,0.2914918379877597,0.30347098915070825
hinge,0.19197181729129176,0.14819010320460402,0.22071457382423787,0.34320699870225013,0.3353441061668293,0.26042710332882946,0.25259436040150596,0.02653308312298608,1.1102230246251565e-16,0.2747260425473924,0.31808455528142976
trapezoid,0.21210465905596587,0.2634702246494741,0.1756357173813563,0.19590098318466065,0.129366294760766,0.24121561628993216,0.15568942264307173,0.2914918379877597,0.2747260425473924,0.0,0.11113818680220378
random,0.3430945260498861,0.41102355674956625,0.3159957107113006,0.2468942832398724,0.1772788734411732,0.3255848715972247,0.28748278992670984,0.30347098915070825,0.31808455528142976,0.11113818680220378,1.1102230246251565e-16
