,photo_face,photo_profil,photo_eyes,photo_face2,photo_walking,photo_standing,photo_hand,photo_legs,photo_bird,photo_butterfly,photo_girafe,photo_fish,photo_cherry,photo_tree,photo_flower,photo_carrot,photo_watch,photo_key,photo_truck,photo_velo,photo_road,photo_house,photo_mountain,photo_windmill,drawing_face,drawing_profil,drawing_eyes,drawing_face2,drawing_walking,drawing_standing,drawing_hand,drawing_legs,drawing_bird,drawing_butterfly,drawing_girafe,drawing_fish,drawing_cherry,drawing_tree,drawing_flower,drawing_carrot,drawing_watch,drawing_key,drawing_truck,drawing_velo,drawing_road,drawing_house,drawing_mountain,drawing_windmill,geo_face,geo_profil,geo_eyes,geo_face2,geo_walking,geo_standing,geo_hand,geo_legs,geo_bird,geo_butterfly,geo_girafe,geo_fish,geo_cherry,geo_tree,geo_flower,geo_carrot,geo_watch,geo_key,geo_truck,geo_velo,geo_road,geo_house,geo_mountain,geo_windmill,word_face,word_profil,word_eyes,word_face2,word_walking,word_standing,word_hand,word_legs,word_bird,word_butterfly,word_girafe,word_fish,word_cherry,word_tree,word_flower,word_carrot,word_watch,word_key,word_truck,word_velo,word_road,word_house,word_mountain,word_windmill
photo_face,0.0,140.7073911694122,230.41089436925583,181.31650694313274,171.98720489456917,147.30507966219577,150.7235527827422,160.935908841683,193.23449431780415,208.02835615418252,227.3934177021322,195.66375884567498,172.95360778164283,158.89721886862964,152.21952453679876,153.52323309737244,159.68016528029247,203.96584159815373,213.47908213856942,207.9712797105009,222.2318804002474,158.27896793718608,196.16436437218417,174.44571176897483,192.56534356721727,167.08622283161807,209.64692078631694,210.6044619442451,175.9608759817578,156.5793003365224,176.2728797540556,160.7749274787821,201.4426835470507,233.95058272064568,163.51225321860215,201.5017555583859,198.9730311670983,155.26808257583497,159.12661043979102,155.78572073402694,172.69583292620436,211.23095456672618,206.16311663337223,199.7276987635652,205.5157227522946,206.0856377458657,197.04683299967624,162.22398410191482,200.50723938309525,175.19546976782487,217.7063494318985,177.92937536106731,169.96181085602663,184.26799151104154,164.74463139906024,173.48861476773462,181.35884110585448,199.6471335633486,185.30526711066207,210.88727053985534,189.8850093980705,168.4590912506779,169.3732654113954,165.43728639448165,167.29146518065414,215.2186579817199,226.90376886674156,212.4023531113898,175.57142719871928,183.2839513785154,197.77465420155656,171.32331476673525,189.57770325402834,194.32889653468888,192.23757797829086,204.4681047894514,216.02056562854716,219.6891765391854,194.88242306169607,212.98241044868655,210.52537594390785,206.16488611493912,195.28837833666117,213.2809425832325,209.85356567876184,194.90304530526348,196.54469887453095,208.8195477728757,210.89729910067288,185.71865070801394,215.82121139846885,189.55419336110722,202.14829136523738,212.87893593452537,218.78165312157114,204.29046115865634
photo_profil,140.7073911694122,0.0,231.6493326765385,187.96001639874507,187.70354094704902,169.2020801125874,163.6428674305682,181.04768420773777,205.99662193091538,212.60868717750213,239.06858216808854,204.30338751678403,186.80123760850293,173.55187227871613,171.54249231408755,176.0350189032861,182.2689378961548,215.48208623294568,220.7880001720497,219.68824886167297,223.1853203480451,156.97867512570377,208.01476243904688,174.80320679534768,209.73740407579174,169.12543023741978,219.68421454083628,219.92583818027984,191.38088972350556,174.4193839806776,190.85576198286202,176.9211169051883,213.32157269125656,241.31475841088314,181.35843827549314,213.8467506624103,206.38806544184678,174.9678641145997,174.4951326673853,177.6927143745333,193.9983508728112,224.46658820649742,216.7577191894194,206.37554817867914,216.62181600072128,212.7715033294769,212.48858459423542,171.39493680285855,203.39805825458131,196.35242412660946,228.77063244129977,192.47213126881826,186.8507132591753,200.9290576726086,179.63716819145716,192.6944495214005,201.92012250151723,209.2003319649941,201.84324389393933,221.2597493217034,200.59910462955884,187.80135425050932,188.4708648547326,188.580832355778,188.76405006635792,230.5631643355892,237.55741445891024,223.02703999482227,191.59842158131255,194.99297057901154,211.02084034358268,184.52573511047248,208.71263033782105,211.18744135078805,210.04244743992462,216.20587394435134,226.74847806170536,230.50179895146593,211.95234831101885,223.37476045702695,221.51682612665306,217.01788524206694,211.32230664879228,224.57881366826058,221.23010388194112,210.69055510540696,214.17922075976526,220.44408275621683,222.531681297499,205.61431563921906,227.59919872279443,207.48766927203332,218.00040133565628,223.5372335084821,227.99885470382057,219.96772524788332
photo_eyes,230.41089436925583,231.6493326765385,0.0,193.7116041626572,204.200543715909,239.27199095800324,236.64465135046598,227.4632573282772,188.97327733904007,193.90020782605333,252.8898059088621,184.24506377634052,230.3773560969659,247.27088232733004,241.48837783156085,236.77874150803842,239.57618703592922,198.38606338188094,193.7049068897989,203.683254763831,168.75721479772358,232.34515443378064,195.52895377647832,245.57707931128664,229.22628780950456,239.57504579985965,205.67573906518265,203.56965026535525,220.7873273661693,245.00461668090662,238.1223138426475,252.1481621474723,204.71658012007563,223.13161137883841,242.8064566816862,205.53337143129346,213.03549214594017,245.565332522429,243.79653813510708,245.8466966234619,225.80606046971735,211.07525773396688,201.58343708685277,195.96280928483637,205.22297414026968,200.53182047553082,211.26578317587303,246.13723376434956,258.35622592918395,240.7959179412065,214.54275547707994,257.77462915801254,241.05046378350357,233.74787063019903,252.5257644898193,236.80655046291633,239.9475978156569,221.85135102178032,249.1436565418929,204.63510535674186,251.7512442009334,247.06656097946214,251.49816172059857,249.54359885210098,253.12047537775751,216.20950610956967,220.44379675441917,204.61326014988543,257.8207865040469,263.8099123254739,214.68348616515,256.8656875236496,213.9451342352304,211.21572734006767,214.01757283252886,206.8432359163274,215.5714164909762,216.64714320915738,214.85501480903875,209.89832643080032,211.15691457258282,203.47705557319625,207.6761376951457,209.8516893769641,208.27926820249115,213.0439075802786,216.36826582302098,208.35785101177424,210.87549609825214,211.6978871681773,212.2398202018592,211.467171475751,219.52874347000196,211.71382911763737,215.8867961995647,221.1124551332045
photo_face2,181.31650694313274,187.96001639874507,193.7116041626572,0.0,169.38716350280484,199.3623313371822,195.64929225855403,195.59414039562404,177.27152501482817,188.4768553919832,219.617405547025,180.19815981716178,197.84486651133096,209.84559019699034,205.20393711023198,201.5704590166865,206.3804097014469,194.60244581447006,195.31298377711408,200.73462820143203,190.2063016014436,186.56121684580455,188.21107471459757,208.92565475690932,192.61814057520223,202.30836103915806,203.08437255867616,195.16982291382817,187.3794989394605,207.8199278635317,201.50870515267212,212.66349974985152,196.8829226784541,220.93855104417656,207.9857237474021,199.7671623996116,201.6381089665258,210.12740267526044,206.61138131110573,211.03087004905245,194.8647176136366,207.71830240123245,198.54649402215853,190.5294046065695,198.15490346055861,194.89764715914097,195.34393447608244,208.79819304267554,241.19527736278621,207.17706238074425,213.9407993383409,222.70668753357188,206.09602125084086,200.35557569663467,214.26827981274278,201.68045292906282,210.5197549139702,206.80578551505263,219.12497477804513,201.5700546880592,214.31254233302866,217.43779719579877,217.92554089883552,216.5137292861121,219.66105852492214,212.22539530604956,217.90335603084299,204.37017999027478,221.80188098578503,228.27663528267632,191.3286585017976,219.6689841021745,193.27345881320105,194.20195146361357,194.0442272414073,200.94746086536054,212.85085540001728,215.46887057425437,196.43181885202216,207.80671744096475,207.91891674379195,200.32212601020726,195.2333432419608,208.8712346741965,205.61923842155733,195.71208774959078,197.612612867853,205.27301934249374,207.0556615567102,190.32496905709078,211.62809946606149,192.04212995687976,202.09249290804192,208.2546338861139,212.638047445118,203.88033887360567
photo_walking,171.98720489456917,187.70354094704902,204.200543715909,169.38716350280484,0.0,159.44468321087015,179.53995440298374,153.48040271844303,153.27800964649424,180.18408442577243,214.2944176832014,155.60749647783396,161.64954320604042,176.5592627580225,165.44462621781366,158.74787905721075,175.7158902400377,156.93054892541238,179.04136307288678,168.82906809656828,188.6535711393418,193.4142335243836,154.26524802579792,200.20027047661563,160.9962790729807,187.28483081946843,172.99016486534123,177.55926965896074,137.29693242598105,181.6447344192825,167.5445762607289,177.13606218058348,163.46528803154416,201.39093829364205,167.06316037963248,160.98668071384864,174.88004150181453,171.10139552914566,182.0438122484353,165.76460353612796,147.6703369692638,171.85443854715177,171.86214207570015,165.70092954156144,165.00513671914993,177.67999688290834,149.78294822034525,189.42383791138124,228.5140539740052,161.5514108079004,184.87625891045778,195.99769210073688,171.41210472187507,154.48274554349393,187.80486977198862,154.27612642467457,162.42107132501582,185.7147581634618,181.23428020949626,174.72134038780172,176.90088773058093,170.3571197708058,185.15813310064792,172.06956521864248,179.11164287703068,176.70478096499684,193.20355991195223,178.1720255087698,182.98955934856122,204.96767512768025,157.5680749857441,192.11565379235282,147.10102919116682,153.58244422988426,150.69595826190314,168.79256011167678,179.15456915501218,181.45771859975292,155.00338535432027,174.9685484886376,174.030629003588,169.01698097211658,154.8172230196838,174.77265540756426,169.58421011853895,155.49509559575367,155.9984207500054,170.07455230898816,173.24124897127726,145.41404329660338,175.8767201757112,147.1313259324219,163.6332960188625,175.1459027728837,182.58622746323874,165.77869816863054
photo_standing,147.30507966219577,169.2020801125874,239.27199095800324,199.3623313371822,159.44468321087015,0.0,158.9077728699255,147.15818865478457,188.3521759779767,214.67706640970883,221.77140789424354,194.38080333308423,166.9083998170614,156.22740030103216,122.08215279998646,126.18969120691155,145.9004008259761,192.63025703016896,211.70567598860467,200.7346056271459,226.93627314940696,175.71231444160355,187.14999590575752,179.37351584004233,185.32903759842668,173.2365508930447,203.8932718777755,208.51600256501786,168.85157746423994,138.24976038156393,163.32881040652984,145.93813398875074,191.54814120246607,228.29450536357257,137.69877895859588,190.69990842722805,198.8856397802209,142.86198191000463,151.71858817229597,125.43814140276767,152.58365003886502,198.85862103955537,202.6479411455999,202.03499385020442,194.4612991637017,204.46900301877713,181.77003526024126,158.0336877303943,207.13803330321795,140.81061972253372,210.26618045314683,158.18371873554048,162.25725268284802,160.3272656471052,158.0797809762881,150.18188692347965,157.39927112000217,197.2353953023452,156.7726273381463,205.2517511523348,175.24252332298403,141.6852302179358,149.72345477345397,131.0953272356263,138.6243837040092,200.59112891860698,218.54792246463606,208.00774182062017,154.32814361293322,175.07556534910347,185.69653961470274,158.3435563867821,172.5938573699462,179.5656438123051,176.32097958387013,194.75684006179995,205.24432737668425,206.85442894301514,178.41709145900455,201.3822446588192,199.8169942529498,194.97351123654735,181.57722922140528,201.17696763988675,197.64739098490767,180.87405964000868,180.13226731045768,197.7283629917341,198.7351562041276,170.62191880966475,202.7977499821978,173.26188202714917,187.99114876743292,200.75548074484516,210.64889118194458,190.15806223094117
photo_hand,150.7235527827422,163.6428674305682,236.64465135046598,195.64929225855403,179.53995440298374,158.9077728699255,0.0,156.3439875739481,204.20658702855306,223.5434488289366,234.17497649973393,199.76547045174783,185.28952098678138,171.92406437917623,164.09914382147068,158.81672965158825,174.46493264626983,209.06246361299904,225.93470314447268,218.8232649571567,225.32423877129526,167.7522986191012,207.92584817006087,182.81879568748033,208.3700057622025,181.4159127266538,218.98862511155397,222.90148446054482,188.50660233008247,166.99153966400277,176.8859568492907,172.72185240031303,215.99391358759067,246.424126905011,178.98118042123068,212.65457260422787,209.70619241446897,169.90102021220642,167.87726318063903,169.95578148628084,184.51509634665877,224.1468900210453,219.51647089813733,211.47438038115072,212.66279078834825,218.5031551211323,209.2901665905715,176.40638841615134,218.45693308862172,185.9724313543631,224.13699784033227,184.5967752039412,181.72511168172255,196.55772736501874,168.60963389089042,182.1469824012725,194.3071275926916,212.6564049389771,195.58693615327553,223.13145098036952,201.09942944541598,177.42408660787908,179.2635759885046,174.68657727216674,180.468096712793,225.71159944722606,238.5145617632734,223.63169069270705,179.34072066370445,189.5566581150131,206.30398857601125,184.95346500946738,199.93990155782282,204.0911080115225,200.93397750757626,212.12287836100168,224.3903058785145,228.87001911665826,203.11114846682653,222.50328852617326,219.41635626248882,214.48797513136947,205.0059933062116,223.7435722932858,219.4221134420244,203.672938738282,205.27526912614348,217.74732645869577,221.02978340582115,195.82590478063216,224.86633273856336,195.68745966449833,210.35536891134865,221.64023478731713,224.63074840858914,210.77104072820558
photo_legs,160.935908841683,181.04768420773777,227.4632573282772,195.59414039562404,153.48040271844303,147.15818865478457,156.3439875739481,0.0,184.64510785161264,212.35836318065978,236.3634820455524,186.5111385900122,171.92652788475797,170.72796162951948,153.63348241593263,139.06533748539752,163.70141086829275,188.57142361409987,213.28556932894472,201.7906333815664,216.2679987834075,184.18952023977934,185.00941311931825,193.88237909688755,180.72852522924822,180.9254277827198,201.7443655891935,208.29154896547115,164.34669734951044,166.77174864793884,170.37000612753127,162.87735682176964,193.02015599428944,230.44024640431925,169.02606148388347,191.2283850991495,194.19551619570794,163.03412505795973,169.40547106435147,155.1108853585095,152.39424064248678,202.79372016583872,205.2168304113403,198.56842488242256,192.54581324196442,204.94121377010822,184.79945244056654,180.77810567848292,219.79377717741502,162.3296641600985,206.36547394160135,179.40282201222425,162.2737881724354,163.87619213010353,176.18684135752466,160.50230666180516,159.52906855489536,199.49075100895422,184.74161924085746,205.50532725843465,187.07277379262996,163.70746314014315,170.54479048982353,156.6328293540905,167.65501069676617,203.46911268491218,219.91332479668682,207.52300437666324,172.96782117624804,191.11045376096638,185.90452491962287,181.08360582421227,173.71549386167618,179.7490827440795,176.54615559076194,193.1983120329612,204.28406910478165,207.54223371305787,177.87605252361283,202.49327615012282,199.43163741591377,195.79466151356772,182.5595924725827,202.54971808763938,198.67866600931615,182.16610507968977,180.25906512721,197.31310254485766,199.67380761753492,170.18458579250776,202.73026946937054,169.15859374268533,187.34682491917673,201.0061845393826,206.95837113299777,187.24485511590214
photo_bird,193.23449431780415,205.99662193091538,188.97327733904007,177.27152501482817,153.27800964649424,188.3521759779767,204.20658702855306,184.64510785161264,0.0,159.43296484112872,218.01793557438987,136.29710013994531,188.05868901584745,201.5712211114624,191.2337943521226,183.4608232539892,193.34053866913396,141.69340320635146,164.0596147434162,154.56824626668572,180.61935733744795,211.0047816293031,159.046613147738,219.69231006330023,180.94150225733708,203.85772460473456,159.8070334284718,166.3867904819178,173.81107830055498,199.6978520686984,195.4198771570352,203.904803510666,141.4920619073877,196.50624168642534,194.03988967040158,150.87602462921575,173.5824022145434,195.7579506768295,199.38610665949994,193.0612638741048,170.92233696271546,157.1256997477216,161.1121934925387,155.26383285964286,153.65624405519503,168.00114464652327,154.89447690967552,208.75153902161415,223.5125365178994,186.4606937966905,171.64995380418148,214.16793416544698,197.49047072895564,182.47752015178807,210.89201892122068,185.06221424780517,184.64608230304566,179.10142780479006,203.57308738590615,158.12162218362778,204.67793511216104,195.27704741781218,204.2779284534518,197.02445078019764,199.94705490041216,157.7942402101959,183.43111698855245,167.04506297757132,210.06634822913188,222.5834623358663,169.6219094897607,213.40350566886062,154.8144152719282,155.36752009466926,155.36491957137576,155.05453695309663,167.62939697767223,168.61354157855894,158.17863708610102,161.82406526774932,160.1008047823289,156.36836776745605,150.19413590212082,161.37193858231478,157.13741520170248,156.88740598254998,158.9105567074695,157.15998502659232,158.66611207940227,153.0225651492833,163.66561713232423,155.4455580679401,166.866229384716,161.22562155074607,172.27643634903666,168.3606265670724
photo_butterfly,208.02835615418252,212.60868717750213,193.90020782605333,188.4768553919832,180.18408442577243,214.67706640970883,223.5434488289366,212.35836318065978,159.43296484112872,0.0,234.03745453242806,163.5347293137685,202.27621534320824,226.0439232029041,218.7946304699999,215.20688604957203,219.7095561833986,183.4977289333962,175.93088130142436,173.8523510818898,184.29842399229585,220.4227374413533,185.26745381983943,224.502626604697,205.37392448797578,213.68451672526896,182.35199480652432,162.94787300853966,188.32005654372753,217.40399355897702,213.31309834362577,223.89318016711368,175.41262157299084,179.64632990167811,216.911383166074,177.18880457440656,180.93146589907965,220.0554607992537,218.3843884869043,219.0250033778193,198.9335930121609,187.99836562146749,173.1392849722948,167.10674995366762,180.93537738260372,172.82594596011884,184.91730280824856,215.15731134410257,227.6866712370509,214.44038832983802,193.14854304820847,232.61077525801568,211.58369536718246,200.7020858870139,226.09860788073257,208.99560992370638,211.18273984375645,180.03922894697723,225.00066893100802,176.2704511103553,225.12927589907488,223.06074363021355,224.9892200295895,223.78881976252555,226.08944578350318,192.6923698460423,192.77986596849945,178.45618189987854,233.21780209254516,238.96758133778596,186.29948983549625,228.96139362499173,190.9234683440426,187.8757059017266,191.55867482287852,186.29557726467937,194.13142377127923,196.15565333182906,192.70099295191073,187.82254917344017,188.7081320885978,184.74913860147154,184.19239491872239,189.23627670609972,185.81881475533103,190.0017942255858,194.96146206686421,186.81383284023823,187.9036710279838,188.93454448443842,192.6653418141789,191.6340691317015,199.84382516573785,190.087972236396,197.78360860732485,203.56067152639145
photo_girafe,227.3934177021322,239.06858216808854,252.8898059088621,219.617405547025,214.2944176832014,221.77140789424354,234.17497649973393,236.3634820455524,218.01793557438987,234.03745453242806,0.0,225.3457590357358,235.81952656977722,237.8708082842262,227.29706807532997,225.9895019060254,230.05440523862046,232.29453194870308,235.69729879573038,239.5706762813951,243.22142793721073,231.77153005099134,230.66236955691105,247.6071928650493,229.0071812446867,235.5773449186499,235.67946209132762,236.78987799908438,223.00126238434711,228.01230644540246,222.87903807759187,234.7835372667034,234.34287302550152,233.85825389603895,221.51868992713258,234.4625380549606,243.78215168759218,235.2031258446486,232.65997283007974,230.86732558630175,228.31721669197205,239.20841903388276,235.2341048553578,234.14097364872862,232.96014718825685,237.08257946685646,227.3769898960946,235.3960313459589,269.27113237055363,225.6724280349304,244.25961421542456,233.18774429892497,240.91804210692464,230.30406584778382,234.4430223205811,221.81485928160694,239.9384626317077,244.88136014004058,225.37314409506533,238.23718008415202,236.07868550736396,238.40620453593556,234.52049111077318,233.89069653065573,237.56180839035457,238.72804427320818,248.57098811409747,240.44334796721932,240.95457298213643,247.944147312216,220.70760742646712,240.564116636543,225.81067290100978,228.64233129888916,226.25752391483132,236.64180326415016,246.81053318047705,248.3225489809715,229.80266095741212,242.4401939922865,242.2867513791407,236.06367656176025,229.9736636598939,244.2083387983974,240.16491270647617,229.46461392809334,230.26793393022285,239.8959417914962,240.50680705404187,223.40093472989375,246.00652733033928,225.71887797705267,232.66733300779404,242.58632432138936,247.97516859212033,234.46903852294312
photo_fish,195.66375884567498,204.30338751678403,184.24506377634052,180.19815981716178,155.60749647783396,194.38080333308423,199.76547045174783,186.5111385900122,136.29710013994531,163.5347293137685,225.3457590357358,0.0,192.73535553344638,206.92310498058197,198.88379359703995,189.1777664198528,201.46449050779688,143.93510408705743,158.24709274362024,155.27280251404764,172.83378104787124,209.55393205135255,166.21451952461175,216.92187366001187,187.51002776307766,202.67694086149578,149.33180093984078,169.52186428628954,174.8604331108207,200.12743413525786,192.65011770836907,211.0342129879467,158.71277024127014,195.7308580970064,200.26197101684124,142.57148628232542,169.22238624584975,201.65888636411304,199.84140897850529,198.60824224861997,176.76803272613253,156.15604097405577,150.45927561339784,148.90761158232038,144.6872421174735,163.09590534961492,153.46756684157606,209.91810262732884,223.76569840773442,192.08471186275094,162.888960536783,215.68882970927274,197.68950004326652,187.73918256657905,212.7568432292633,190.49233077382127,191.1599457434025,181.1797807760161,209.54638527685242,146.03932580203974,211.40759539079332,202.0458094745979,205.96285519498852,203.5288601193434,206.89703696112306,162.11441455041913,174.09676879012207,162.50987199765254,217.02045769350192,224.75248415979175,164.11537230931887,219.09686908326807,156.84033853271714,154.08328428700733,155.6985029931312,154.06867574834894,161.06409300080432,165.388149688794,159.2994637751446,156.65735584589814,154.44765875616338,152.33031103524377,150.65806229136055,157.94135798090232,152.8785987952811,155.72712946101228,160.93049671896287,152.12071491456385,156.04339938249365,154.21320259641044,158.7953139420576,155.79561593935952,168.04578897986912,157.08373506539664,165.60472644318526,169.64676357136366
photo_cherry,172.95360778164283,186.80123760850293,230.3773560969659,197.84486651133096,161.64954320604042,166.9083998170614,185.28952098678138,171.92652788475797,188.05868901584745,202.27621534320824,235.81952656977722,192.73535553344638,0.0,175.60589727136943,171.63972182872396,163.42305956223018,177.40690488774067,193.260406187114,207.92003109862824,195.15622641567882,220.8721833262281,194.2092784326655,189.44610002439015,200.6260837498869,195.60898674891726,185.99480682897718,206.28380047256792,209.8920697376817,170.26053051417355,183.38095809276982,194.50223075634614,174.93066357059124,195.21841277901152,225.24698800995463,165.7816901478436,190.51285306210337,201.08519161670336,174.05057410602043,188.44016854283228,169.20396759767848,173.4063682558814,199.63413434137573,198.1934124094483,195.13692780106638,201.83430464609546,200.54391150567025,184.54205333989523,187.36260826026913,220.07671712419432,185.437829280835,207.28842259317847,198.07426203054877,178.64662563814258,183.47447661630397,189.09137606264355,179.2180018636011,178.04791243565091,202.04940857558216,174.8047700825869,200.6386825434843,188.3257735108359,173.40385820961527,186.65688535242225,175.41415838665944,177.24414536097865,202.59757794727813,216.52803899939207,201.0275766482914,182.2681003262693,199.6501432271824,187.2979528208016,184.63308192333142,181.57833424871183,187.3166171025913,183.84902571038904,198.9328709353944,204.95412840393377,207.2790805236419,187.36985986999082,199.63943616176797,199.81146146859257,197.88051206316896,185.52062725590324,200.23320990130887,195.9323950892392,187.18882014010987,188.291147372398,198.60398138078298,200.78644642507012,178.3914868111991,202.85264330936715,181.20514767157104,192.2469395130231,203.81440884711492,211.55322146238296,196.92027566670396
photo_tree,158.89721886862964,173.55187227871613,247.27088232733004,209.84559019699034,176.5592627580225,156.22740030103216,171.92406437917623,170.72796162951948,201.5712211114624,226.0439232029041,237.8708082842262,206.92310498058197,175.60589727136943,0.0,154.07431102719733,151.30937365403437,163.13204715521655,205.65949713586315,226.91290561155682,219.37606627265708,235.95914185284983,179.86582399918404,192.97420712851496,184.53320125397073,201.52234749838144,187.72133638575116,217.46398399482075,224.04899284515022,183.0446519494285,170.7831292428063,192.64086325247467,164.96613489810568,205.11151641753824,245.54843296910792,163.85005289735994,204.77239732954527,213.16563056864825,149.02770279157951,178.22787588620503,157.2632404604938,176.53373352504943,215.28917535475165,217.56514772368988,214.19401551050663,212.86925220459875,218.50617967116006,197.76183738756336,179.74050582604957,219.06424146344128,175.05983726367583,227.00668074003633,192.73240419330864,184.21532427445345,190.46285990946876,179.56129349669123,173.92694916713896,183.87009944355302,216.76594464456008,182.34295931319062,221.42936491919312,188.9929794373901,161.32599223209155,178.32311772037232,164.68945604425213,169.03616257102107,219.37754813437962,235.15561036295895,226.2671174972318,174.73778464397188,191.38067532062698,203.51690695096605,177.2345837363537,191.49996057318268,198.70207815988002,194.42935613464758,208.82188340447487,218.25150257455564,220.2198904056811,195.8297359120925,214.54982708966602,213.92264215223966,211.16858301035967,198.51684990274921,215.85775694108122,212.31101021944528,196.9850726476459,198.39817735395746,211.72503716576915,213.19633684908956,190.22718810876012,217.5825357079754,191.27251474389982,204.141042000055,214.75586203926292,222.38553139195758,205.2578830188555
photo_flower,152.21952453679876,171.54249231408755,241.48837783156085,205.20393711023198,165.44462621781366,122.08215279998646,164.09914382147068,153.63348241593263,191.2337943521226,218.7946304699999,227.29706807532997,198.88379359703995,171.63972182872396,154.07431102719733,0.0,121.2194108006725,142.3648332868108,194.42529508201324,217.69283701371188,206.64782048695636,229.1755718131822,180.89427261940938,191.96668555342066,184.38846870860232,187.81554992284762,174.90237283888703,204.06561508160416,213.0019849184905,171.27272239221068,144.53474629094143,168.91797870013508,153.27384826279032,193.59667219598657,233.67130602016567,142.74442307347223,192.7034646306024,204.61799949933962,140.05903703987127,151.9488587463783,121.4023926944438,154.5603309138756,201.75305387259385,206.81704894835343,205.86870510197912,197.02093379816637,211.75684527606663,185.13988612955922,171.65081101529296,208.24302069815354,138.84360668739595,211.11575637741555,162.0074944844166,166.08524341858836,164.88217716703244,163.80195650197854,151.23456583344233,157.1603625282376,203.53406888401477,161.66688765419033,208.58717817235214,177.14323464444738,140.16021193884626,147.35002036591587,125.82372254097056,138.03474557367275,202.63926820103444,222.5970205134951,213.24364453856398,155.88589361052064,180.85534381776628,189.19312775733863,165.88145092700054,173.20380629668668,181.54983706125628,177.19223511134746,195.53990452640227,205.41493510899898,207.3540504194546,180.01797838896715,201.88287671168655,200.24217908734124,196.5350242911656,182.73753779447978,201.89420260484678,198.58045740668715,181.8475711668281,181.19872615859003,198.52726130994827,200.19756420255823,171.2512382494714,203.35402614868963,173.75275756909159,187.9303182462438,201.81951410388118,210.31232372860893,189.9650339661002
photo_carrot,153.52323309737244,176.0350189032861,236.77874150803842,201.5704590166865,158.74787905721075,126.18969120691155,158.81672965158825,139.06533748539752,183.4608232539892,215.20688604957203,225.9895019060254,189.1777664198528,163.42305956223018,151.30937365403437,121.2194108006725,0.0,140.77651431078672,185.45054693712038,213.89977737893224,202.99357993800248,224.95809476324445,182.3924864426663,182.64742131821475,188.09497881001118,180.56207177053605,179.04084803944002,199.9211086513984,209.82061267626153,167.85333636389706,146.81611595857842,165.35972049291595,152.15752555594256,190.64145024248504,231.44833226271479,147.15593358777477,187.54854442546477,199.7871677403157,140.68670726439493,154.13521898057283,116.11455463935997,148.85234694675958,196.32031829975253,202.53245873019569,201.63362805137444,190.70632610343122,207.23251523100927,178.73219870579683,176.37687982462407,211.75600088728703,142.43710654988416,204.56672068432778,168.451344926232,166.2162441823277,161.88160424883498,166.81198448716995,145.9927662924467,153.0145387299793,200.57961691543125,164.4520904696222,203.55363906891586,172.83210489335465,140.33053572714948,148.6939810711987,121.58146472592809,138.2540028705179,196.5656382676016,217.79797784741402,209.72119323705456,157.5142693378702,182.9267014417961,183.9353224325334,171.34938507060454,164.2950310502311,173.82388835383986,169.69723661029016,187.68438592612236,199.00552548789585,200.37628136478395,170.8871630998089,195.39168421561675,193.36946767083347,189.9676366964102,175.65332254693917,195.28489717188089,192.042249009345,174.39501543853086,172.74864516739714,191.6067740142102,193.1290497479004,162.52306398563817,196.6145717774654,162.77299377399987,178.95206471108588,194.63257687108546,203.53082722208978,180.29815737254094
photo_watch,159.68016528029247,182.2689378961548,239.57618703592922,206.3804097014469,175.7158902400377,145.9004008259761,174.46493264626983,163.70141086829275,193.34053866913396,219.7095561833986,230.05440523862046,201.46449050779688,177.40690488774067,163.13204715521655,142.3648332868108,140.77651431078672,0.0,199.83780457878473,220.03915995224264,207.43287945701675,230.64418083744195,183.0188923489208,191.07918538140564,192.56660040543255,192.1341293488046,183.46576242031352,210.41952754150034,217.31081081164874,178.60014629266297,159.38058810948945,183.03941453127547,164.68578273995334,200.49027166152467,238.93888783257304,159.24571710653174,197.91062545804445,207.0658200033138,155.08569993340868,165.88215209667968,147.26951178953115,163.3703067897112,206.9742554918404,210.71983390095548,210.2745034311569,205.69472663825186,213.3959503208776,191.45169187829427,177.07821845687886,213.67002960509882,158.00867179650044,214.51236312127907,179.21137210840638,175.68431829573652,179.0274894306237,173.36523737627547,163.286168208096,168.63562597451963,207.59584884687516,173.21076621317917,211.90525962854733,183.14097629259035,157.38792996460418,160.07708312697278,152.09399580163793,145.56767834145595,207.1025651374188,225.61957660654807,216.78961111049134,173.3762107820202,184.89922855572425,197.68061201966037,175.92396262462617,178.69950913908733,186.08355883453606,182.55143781087023,198.83640675993544,208.93218114888109,209.6748909168537,181.45800344316487,204.83651426743904,202.89570583616933,199.85338564014393,186.36862270800864,205.53952875388038,201.74015933379843,186.570803160042,185.3457629513314,201.10773449857274,202.32336115500433,175.7926000077919,204.98966553934542,177.97677902706036,190.6289680241041,203.58004534130993,214.26217370662036,192.30239418927914
photo_key,203.96584159815373,215.48208623294568,198.38606338188094,194.60244581447006,156.93054892541238,192.63025703016896,209.06246361299904,188.57142361409987,141.69340320635146,183.4977289333962,232.29453194870308,143.93510408705743,193.260406187114,205.65949713586315,194.42529508201324,185.45054693712038,199.83780457878473,0.0,168.40326651402026,161.41864051317228,186.43286395698408,218.85191429483652,168.1421749232613,228.0808499073732,185.95359864309196,208.71500654746617,134.73276958794776,178.21681133079136,179.48867823377498,205.20900875678086,192.94808093758164,206.08588984096522,155.24306805188718,204.35575535683694,195.6199612480988,145.51960257079043,177.59344237693517,198.3114227884943,203.49295993558988,192.20847761266322,171.65338147772513,122.0017599196451,162.22143780811928,157.05025182700112,147.5936710280131,170.43648972050678,148.24909621188718,216.99552823455898,230.564571094653,184.26011288613546,148.65121782162535,217.05285127990206,205.25946952721708,186.1889354583979,216.137316586244,185.3067803130613,185.7755680750449,189.10724369265697,202.62162021798017,155.8844844654702,206.9547767385744,196.59010204305807,204.31954513786172,193.73969409070597,200.5639264330293,126.86930124254964,179.49720041727383,166.7522280682572,210.48453315773492,225.5718213329805,167.61572468230878,217.99066720357712,146.7086480949554,143.39671323295457,140.1519357067544,145.64906250757005,146.31222727217494,146.69911361522352,148.07840667741146,151.18223813888423,140.0551468700368,143.80477867226207,137.90949131130196,141.36492486017232,142.90795043288654,146.43930959704923,146.93756986414039,135.19416275828405,144.23563729702778,144.70383199870764,139.92326739327916,145.75603395368302,151.67441006871678,145.99446446353127,160.77580150078168,149.19872977361288
photo_truck,213.47908213856942,220.7880001720497,193.7049068897989,195.31298377711408,179.04136307288678,211.70567598860467,225.93470314447268,213.28556932894472,164.0596147434162,175.93088130142436,235.69729879573038,158.24709274362024,207.92003109862824,226.91290561155682,217.69283701371188,213.89977737893224,220.03915995224264,168.40326651402026,0.0,158.68508143790172,184.35550908213557,221.085176670012,176.93285673257324,232.04427466303997,196.0760737565119,211.92273511216732,168.73538978045838,172.85995596758715,187.37288748678924,212.41432387774825,205.49231419845765,221.28753502616297,169.22061099492086,195.50318808519637,210.77809807524523,164.1140427421388,178.1933508417766,215.28434935411255,213.59971177298667,214.28255957007974,190.71810114058124,169.94058054913927,138.67595982695127,153.3938353657476,159.55879652612325,156.10428522935217,161.35131540432107,214.81243748563355,229.19392858427983,202.11839106644183,184.04195677874407,226.2290797020503,204.97021854620778,197.34896579856235,219.6089446627908,204.1301148709437,201.37054570306827,186.40411700595902,213.67611591448065,157.08836472418912,219.3147792546292,211.88448937188332,218.3381188197268,215.85710512977656,216.61428618796992,173.37634351954242,152.04829408832774,156.23161134020205,226.68807064539254,230.7594891091194,174.72121665014197,226.19033953157088,176.6600666347111,171.12253242132738,176.9562357119843,174.2840613951985,178.06893391285317,179.306387631304,178.52658128592648,174.60230762288117,174.40877914325975,169.1305394035067,172.4741946412787,172.3949821069444,172.69892066248198,176.2119709450059,177.61725490942123,174.4003961171624,174.51931101904046,176.91207322586988,177.30387665180433,178.9652681997351,185.72039263388396,175.50787919502815,183.90513369297463,187.9946373166962
photo_velo,207.9712797105009,219.68824886167297,203.683254763831,200.73462820143203,168.82906809656828,200.7346056271459,218.8232649571567,201.7906333815664,154.56824626668572,173.8523510818898,239.5706762813951,155.27280251404764,195.15622641567882,219.37606627265708,206.64782048695636,202.99357993800248,207.43287945701675,161.41864051317228,158.68508143790172,0.0,194.52772436979586,222.77173492848237,171.91832234008908,228.51662017916485,182.95151712845507,204.11786868652194,164.4518088665855,172.53485311150132,176.47963850332044,205.47953501861045,197.5484597324155,209.25982706599703,162.61226929501512,197.72839714797158,201.9108861742627,148.2750219098445,164.52636047296212,204.49999632543515,205.754563621081,203.12067089340425,175.61228395168905,161.3173202338381,147.91257105601778,130.25529949756387,159.65155513175927,160.52000698408756,155.69440684751973,209.67779003163062,218.1156868368322,190.8923852503683,167.74440692598813,218.22970348763076,195.61591909902884,184.9891810675029,212.83947256791745,191.5897234464514,188.98986669849822,179.4279765280113,207.20848553132632,150.29729789228287,206.37502256378383,198.56549887051168,208.13229588945893,203.44038237428208,204.5020362154697,163.97327718462012,165.61323622316615,133.1711968232436,213.11939793289832,220.823485237434,165.79191870240555,215.67168061245548,165.18677614127458,161.64708141238225,165.4748766590361,166.6906353220708,170.99433030714377,172.7749522629068,166.47581348325235,164.2718474465776,164.0433346878971,164.9317956385818,156.57723704778647,165.3530171690962,160.06590542819353,165.39999883100828,168.8648881011348,161.86617955431544,164.53954666395293,163.5326959876407,166.6244543239876,164.54334286940625,177.4477090767268,166.59880048872614,181.6164028858088,181.3015030833026
photo_road,222.2318804002474,223.1853203480451,168.75721479772358,190.2063016014436,188.6535711393418,226.93627314940696,225.32423877129526,216.2679987834075,180.61935733744795,184.29842399229585,243.22142793721073,172.83378104787124,220.8721833262281,235.95914185284983,229.1755718131822,224.95809476324445,230.64418083744195,186.43286395698408,184.35550908213557,194.52772436979586,0.0,221.76502099157184,189.97577192703753,230.71528134295679,218.0044852333784,231.1029283651432,198.7994153736507,193.70264031377297,207.11968567126598,233.02214932208517,223.946930083386,239.62322826446547,195.8629143231833,211.87588359590532,231.3700488462208,196.36696439324695,203.13941771191992,233.0185492773166,231.7163081868131,232.59089507636747,213.47655952682967,204.7858554844218,192.98407751353756,184.4524115937672,190.22770475845246,192.47751059393963,200.11783042966826,235.96257423804522,252.41361056770592,228.20466744135877,210.8743213890426,247.242619709789,229.9425784317204,221.1922808643127,241.3594472601152,222.80556487428535,228.5479058785269,212.76743732695283,239.17702700235475,198.05450596761014,239.62962462591332,236.00458794188015,238.3918361776998,236.840352639599,240.89227147558503,209.79485865418155,212.01377155734986,199.26323923977822,245.22971199720178,254.45609751502985,200.38613115867733,245.08553971187607,205.02093368800234,202.92469790735038,204.2683001561632,199.23775150209667,208.0552755301584,210.70576908326893,205.91108126500393,203.4106877816342,204.63719123109829,196.5953784351223,201.62023081684046,204.2875122177627,201.37358672979116,204.1778513130132,207.73179552807807,201.64724546841893,204.38935476249014,202.53374443576985,206.65367480331764,201.45370636833104,211.6115328639701,204.97902456682104,206.42470926494158,212.6847065864568
