,square,rectangle,parallelogram,losange,isoTrapezoid,kite,rightKite,rustedHinge,hinge,trapezoid,random
square,93.91547405095332,116.54243557289513,136.35962936733645,152.51480392271475,127.15010872503561,121.97013273730745,117.64984657602356,136.6531236252043,129.5748367013283,125.94624056377177,143.67323249513427
rectangle,116.54243557289516,102.2844467963317,131.7071341948051,152.44916059654497,146.63767572393635,136.66613824317858,134.21702316559464,141.40359527765813,130.26415260875459,137.95888965995897,156.90927597934777
parallelogram,136.35962936733645,131.70713419480512,112.25473755607096,131.29582770344766,150.9581895572787,149.33173623419137,143.5691253733593,140.27749543574183,130.6245869116553,132.97968770555366,147.71927666197715
losange,152.51480392271472,152.44916059654497,131.29582770344769,116.32990460641106,156.64297382170153,160.94627104691122,154.5650704334153,145.32357307721722,141.15330593977197,138.07843327009832,142.73881933226247
isoTrapezoid,127.15010872503561,146.63767572393635,150.9581895572787,156.64297382170153,107.08697855457518,130.97221678426106,123.82487672971578,143.31574969046895,141.69143758286293,129.16696907647457,138.48433924273107
kite,121.97013273730742,136.66613824317858,149.33173623419134,160.94627104691122,130.97221678426106,109.58469112689585,118.03011455493005,148.7627744157941,145.05271677207617,142.91976469048012,155.10712801357215
rightKite,117.64984657602356,134.21702316559464,143.56912537335927,154.5650704334153,123.82487672971578,118.03011455493002,106.96065335289185,141.77182311909237,138.8829567862244,132.67827513334944,147.16247945716773
rustedHinge,136.6531236252043,141.40359527765813,140.27749543574183,145.32357307721722,143.31574969046895,148.7627744157941,141.77182311909237,109.01958630269188,115.3726911273928,138.12855891157778,144.23547967910676
hinge,129.5748367013283,130.26415260875459,130.6245869116553,141.15330593977197,141.69143758286293,145.0527167720762,138.8829567862244,115.3726911273928,107.8073042478184,132.39080991621753,141.96991099803617
trapezoid,125.94624056377177,137.95888965995894,132.97968770555366,138.07843327009832,129.16696907647454,142.91976469048012,132.67827513334947,138.1285589115778,132.39080991621753,109.00698791862912,124.04216036195442
random,143.67323249513424,156.9092759793478,147.71927666197715,142.73881933226247,138.4843392427311,155.10712801357215,147.16247945716773,144.23547967910673,141.96991099803617,124.04216036195442,110.84316846517356
