,square,rectangle,parallelogram,losange,isoTrapezoid,kite,rightKite,rustedHinge,hinge,trapezoid,random
square,105.32892211811664,122.27605878052239,139.0846572101164,150.3685948775104,128.09789448907648,124.6369160598894,121.05478594776235,136.29022158569762,132.28775289794763,128.95604467539977,143.37489154715746
rectangle,122.27605878052239,108.63377210166675,131.61221469138243,145.9715446905688,142.84055962958243,134.50921316786727,132.7024019201875,136.18801821414326,128.6940535685508,136.40719474458024,150.91383979727095
parallelogram,139.0846572101164,131.61221469138243,117.41170872415952,132.39786410332823,150.46458901427343,148.92939874729987,143.84661409424012,142.60535313100027,135.49971026956499,135.51200548556406,147.179761422755
losange,150.3685948775104,145.97154469056878,132.39786410332823,118.08698345821315,155.34113334761548,158.05284010299076,152.8600086951976,147.73693644576468,143.86890213909695,137.74237816203635,142.17824208512155
isoTrapezoid,128.09789448907648,142.8405596295824,150.46458901427343,155.34113334761548,111.12159847418212,129.88189264825826,125.94187131635907,145.80764287344604,144.58005590787164,131.14167074137026,139.38187198448986
kite,124.6369160598894,134.50921316786727,148.92939874729987,158.05284010299076,129.88189264825826,112.18344756122335,120.80104157213064,147.59665938190884,145.19676290576226,142.05004625920827,152.78782508351338
rightKite,121.05478594776237,132.70240192018753,143.84661409424012,152.86000869519756,125.94187131635907,120.80104157213061,111.06139540368176,143.760723912786,141.56340262970983,132.74599012898142,146.6756778027279
rustedHinge,136.29022158569762,136.18801821414326,142.60535313100024,147.73693644576468,145.80764287344604,147.59665938190884,143.760723912786,113.32863855876286,119.45615829922714,141.65570833334178,146.79314079506128
hinge,132.28775289794766,128.6940535685508,135.499710269565,143.86890213909697,144.58005590787167,145.19676290576228,141.56340262970983,119.45615829922714,114.31536962344336,137.59004922055362,145.01488245860295
trapezoid,128.95604467539977,136.40719474458024,135.51200548556406,137.74237816203635,131.14167074137026,142.0500462592083,132.74599012898145,141.6557083333418,137.59004922055362,113.19080068817127,127.26296447899203
random,143.37489154715746,150.91383979727095,147.17976142275504,142.17824208512155,139.3818719844899,152.78782508351335,146.6756778027279,146.79314079506128,145.01488245860295,127.26296447899199,115.10135041677437
