,square,rectangle,parallelogram,losange,isoTrapezoid,kite,rightKite,rustedHinge,hinge,trapezoid,random
square,0.0,0.08073375161686025,0.1637691523623226,0.2341439851497873,0.12412679796241499,0.12730496379811507,0.133468950522587,0.18895391617130164,0.16880170422463292,0.12407348711495969,0.22394694029818474
rectangle,0.08073375161686025,2.220446049250313e-16,0.08535565156837255,0.17229852458135786,0.20498177399767448,0.17094248349428176,0.18305450505822796,0.17461115334077726,0.1383237795755179,0.15527907967625987,0.26137089234116073
parallelogram,0.1637691523623226,0.08535565156837255,0.0,0.04991669382460584,0.20401476895236392,0.19173469691256595,0.1852394886383929,0.16037686285032537,0.13079806956975015,0.11271108046108269,0.19451180781325017
losange,0.2341439851497873,0.17229852458135786,0.04991669382460584,1.1102230246251565e-16,0.23188715804210647,0.23712891686482973,0.23038154564238433,0.19568010035488026,0.18034262547584123,0.13076096691877637,0.17615656539915847
isoTrapezoid,0.12412679796241499,0.20498177399767448,0.20401476895236392,0.23188715804210647,0.0,0.07288905445466842,0.06503864837841233,0.17568320289970207,0.1752159596142283,0.07083863440069416,0.11364931666121958
kite,0.12730496379811507,0.17094248349428176,0.19173469691256595,0.23712891686482973,0.07288905445466842,0.0,0.033519200981969366,0.13917536745561154,0.1290867547691028,0.1177945508589463,0.1513719818035768
rightKite,0.133468950522587,0.18305450505822796,0.1852394886383929,0.23038154564238433,0.06503864837841233,0.033519200981969366,0.0,0.13182145073034968,0.1234011601086894,0.08115906397011319,0.12424241517911128
rustedHinge,0.18895391617130164,0.17461115334077726,0.16037686285032537,0.19568010035488026,0.17568320289970207,0.13917536745561154,0.13182145073034968,0.0,0.017404228827672563,0.14511852468779007,0.1470178766187865
hinge,0.16880170422463292,0.1383237795755179,0.13079806956975015,0.18034262547584123,0.1752159596142283,0.1290867547691028,0.1234011601086894,0.017404228827672563,0.0,0.1323261768208417,0.14651520342493674
trapezoid,0.12407348711495969,0.15527907967625987,0.11271108046108269,0.13076096691877637,0.07083863440069416,0.1177945508589463,0.08115906397011319,0.14511852468779007,0.1323261768208417,0.0,0.06802555045527015
random,0.22394694029818474,0.26137089234116073,0.19451180781325017,0.17615656539915847,0.11364931666121958,0.1513719818035768,0.12424241517911128,0.1470178766187865,0.14651520342493674,0.06802555045527015,0.0
