,square,rectangle,parallelogram,losange,isoTrapezoid,kite,rightKite,rustedHinge,hinge,trapezoid,random
square,1.1102230246251565e-16,0.01711722698026974,0.042739958897035746,0.04878147443493219,0.02833448933836813,0.02683158567375532,0.026728396878584637,0.04424526720096067,0.04175205065136034,0.028229688032280542,0.04878871491532477
rectangle,0.01711722698026974,0.0,0.024916253457176518,0.038217770054180034,0.045599619046100326,0.03888098782460103,0.03871144453537467,0.041956497382907854,0.03566135439819018,0.03345083291615969,0.0583756611341103
parallelogram,0.042739958897035746,0.024916253457176518,0.0,0.019101380943380653,0.053449534864072,0.05544453050575049,0.05188054816251375,0.053424524156724384,0.046633322976607605,0.03164317187763688,0.05576578269835952
losange,0.04878147443493219,0.038217770054180034,0.019101380943380653,0.0,0.05509920901008525,0.05799614943855258,0.053502357247206644,0.05249844648041346,0.048181819367415724,0.03007479949481362,0.04301213872517651
isoTrapezoid,0.02833448933836813,0.045599619046100326,0.053449534864072,0.05509920901008525,0.0,0.020066137120531957,0.01838699405598454,0.042095739698696955,0.0444049028837612,0.01800025260695115,0.026403797065607026
kite,0.02683158567375532,0.03888098782460103,0.05544453050575049,0.05799614943855258,0.020066137120531957,0.0,0.009888065051019801,0.03571162550157525,0.0345676405077715,0.03095344070853001,0.0411220300232934
rightKite,0.026728396878584637,0.03871144453537467,0.05188054816251375,0.053502357247206644,0.01838699405598454,0.009888065051019801,1.1102230246251565e-16,0.030306035261625786,0.029898614468810703,0.021140348454228186,0.033272418931821535
rustedHinge,0.04424526720096067,0.041956497382907854,0.053424524156724384,0.05249844648041346,0.042095739698696955,0.03571162550157525,0.030306035261625786,0.0,0.005286908584135275,0.03774561426263945,0.0409002541641561
hinge,0.04175205065136034,0.03566135439819018,0.046633322976607605,0.048181819367415724,0.0444049028837612,0.0345676405077715,0.029898614468810703,0.005286908584135275,0.0,0.034998431468635016,0.04071870498829322
trapezoid,0.028229688032280542,0.03345083291615969,0.03164317187763688,0.03007479949481362,0.01800025260695115,0.03095344070853001,0.021140348454228186,0.03774561426263945,0.034998431468635016,1.1102230246251565e-16,0.015455786111335135
random,0.04878871491532477,0.0583756611341103,0.05576578269835952,0.04301213872517651,0.026403797065607026,0.0411220300232934,0.033272418931821535,0.0409002541641561,0.04071870498829322,0.015455786111335135,1.1102230246251565e-16
