,square,rectangle,parallelogram,losange,isoTrapezoid,kite,rightKite,rustedHinge,hinge,trapezoid,random
square,0.0,0.041064845583037246,0.05829806924862779,0.08487338268507982,0.030996028646562923,0.024446632243205313,0.022954726259114433,0.05410156334078409,0.049817281239207034,0.038384013736496914,0.07848457928757602
rectangle,0.041064845583037246,0.0,0.022137856268366063,0.06043421378049396,0.07725312328473855,0.05846291643475321,0.05440036736248555,0.04091397383920148,0.02869176380558347,0.05093833556014671,0.10435622717648718
parallelogram,0.05829806924862779,0.022137856268366063,0.0,0.020426177430823422,0.07671506813446705,0.06880064740804437,0.05915774924372785,0.04390029607186163,0.03189163877327128,0.036201734686580944,0.07820195341418379
losange,0.08487338268507982,0.06043421378049396,0.020426177430823422,1.1102230246251565e-16,0.0846434628710645,0.09005895511454465,0.07881572418378546,0.06516321739516395,0.05705856883835492,0.0376813732290916,0.05525586540913119
isoTrapezoid,0.030996028646562923,0.07725312328473855,0.07671506813446705,0.0846434628710645,1.1102230246251565e-16,0.02889633609003006,0.021774029866396427,0.06790694750626791,0.06991728761656713,0.02923789326548898,0.04749904218205625
kite,0.024446632243205313,0.05846291643475321,0.06880064740804437,0.09005895511454465,0.02889633609003006,0.0,0.013212839816438837,0.06090058782267649,0.058003628844229826,0.050789812117530864,0.08002735599465294
rightKite,0.022954726259114433,0.05440036736248555,0.05915774924372785,0.07881572418378546,0.021774029866396427,0.013212839816438837,0.0,0.04944245043912221,0.0489291434867708,0.030603825049583255,0.06316492554701247
rustedHinge,0.05410156334078409,0.04091397383920148,0.04390029607186163,0.06516321739516395,0.06790694750626791,0.06090058782267649,0.04944245043912221,0.0,0.005823774543755156,0.04891064685024227,0.07478934960918071
hinge,0.049817281239207034,0.02869176380558347,0.03189163877327128,0.05705856883835492,0.06991728761656713,0.058003628844229826,0.0489291434867708,0.005823774543755156,0.0,0.04328290042465388,0.07438266788034342
trapezoid,0.038384013736496914,0.05093833556014671,0.036201734686580944,0.0376813732290916,0.02923789326548898,0.050789812117530864,0.030603825049583255,0.04891064685024227,0.04328290042465388,0.0,0.025368260369991846
random,0.07848457928757602,0.10435622717648718,0.07820195341418379,0.05525586540913119,0.04749904218205625,0.08002735599465294,0.06316492554701247,0.07478934960918071,0.07438266788034342,0.025368260369991846,1.1102230246251565e-16
