,square,rectangle,parallelogram,losange,isoTrapezoid,kite,rightKite,rustedHinge,hinge,trapezoid,random
square,0.0,0.03643277313480531,0.049145826408539484,0.07223080599031606,0.022563600837311015,0.015856887815344556,0.015104390811999213,0.043411775534764496,0.038449279273570336,0.030250935355557673,0.06333790815885099
rectangle,0.03643277313480531,0.0,0.018322662950099766,0.051600403328297295,0.0624365073313482,0.045950312143128835,0.04239121737132523,0.03236657708264523,0.019410958301243952,0.040790637604938396,0.08605054375852983
parallelogram,0.049145826408539484,0.018322662950099766,0.0,0.01958517846223007,0.06593188105158809,0.05955824880232874,0.04946870908221501,0.038742366255843264,0.0249581910133021,0.02992400068174117,0.06603033748212284
losange,0.07223080599031606,0.051600403328297295,0.01958517846223007,0.0,0.07537545344876917,0.08077029611654474,0.06955328711127151,0.058408054605170845,0.048180077827586376,0.0326814956799345,0.04634592621526701
isoTrapezoid,0.022563600837311015,0.0624365073313482,0.06593188105158809,0.07537545344876917,0.0,0.02359733260054009,0.01784658381131543,0.056776040064103306,0.05712723940726272,0.026643153951429688,0.04280501591495878
kite,0.015856887815344556,0.045950312143128835,0.05955824880232874,0.08077029611654474,0.02359733260054009,2.220446049250313e-16,0.011743752250899853,0.05445026681964815,0.05130280415983668,0.04545459211435032,0.0745394957656148
rightKite,0.015104390811999213,0.04239121737132523,0.04946870908221501,0.06955328711127151,0.01784658381131543,0.011743752250899853,0.0,0.042672391978152424,0.041452451360044495,0.027821003363542207,0.059505794982992355
rustedHinge,0.043411775534764496,0.03236657708264523,0.038742366255843264,0.058408054605170845,0.056776040064103306,0.05445026681964815,0.042672391978152424,2.220446049250313e-16,0.0052602897183191555,0.04171550878809793,0.06534581820671204
hinge,0.038449279273570336,0.019410958301243952,0.0249581910133021,0.048180077827586376,0.05712723940726272,0.05130280415983668,0.041452451360044495,0.0052602897183191555,2.220446049250313e-16,0.034524325771949194,0.06441764275121964
trapezoid,0.030250935355557673,0.040790637604938396,0.02992400068174117,0.0326814956799345,0.026643153951429688,0.04545459211435032,0.027821003363542207,0.04171550878809793,0.034524325771949194,0.0,0.02183653645203143
random,0.06333790815885099,0.08605054375852983,0.06603033748212284,0.04634592621526701,0.04280501591495878,0.0745394957656148,0.059505794982992355,0.06534581820671204,0.06441764275121964,0.02183653645203143,2.220446049250313e-16
