,square,rectangle,parallelogram,losange,isoTrapezoid,kite,rightKite,rustedHinge,hinge,trapezoid,random
square,1.1102230246251565e-16,0.04640626778619972,0.07096767547269367,0.10285031112025367,0.029779198462204115,0.02087347092780012,0.016234142667306828,0.053280936561794,0.04951396720014256,0.034848809719731255,0.06598227503510079
rectangle,0.04640626778619972,0.0,0.03118979770298569,0.06448364993126854,0.08499353245885355,0.05619399205925846,0.053947396032624884,0.03368256372085032,0.02098029808634916,0.05934202159412627,0.09077063788077766
parallelogram,0.07096767547269367,0.03118979770298569,0.0,0.03258814854828995,0.09245449081575985,0.07998405151209009,0.06760082878179341,0.051042065209185306,0.03737734389956082,0.054254938032386346,0.08251211169849304
losange,0.10285031112025367,0.06448364993126854,0.03258814854828995,0.0,0.10342476622591001,0.10370718680239233,0.09652505332343508,0.06044084074700451,0.05563203208115908,0.06162225710191915,0.06163492765866019
isoTrapezoid,0.029779198462204115,0.08499353245885355,0.09245449081575985,0.10342476622591001,0.0,0.03213453110874076,0.029342964381906644,0.08528950395507151,0.08501764285271363,0.037334505419250874,0.05547377898687289
kite,0.02087347092780012,0.05619399205925846,0.07998405151209009,0.10370718680239233,0.03213453110874076,0.0,0.016449268590642108,0.0718664690079237,0.06980658825656272,0.05492245167316634,0.07989174211130357
rightKite,0.016234142667306828,0.053947396032624884,0.06760082878179341,0.09652505332343508,0.029342964381906644,0.016449268590642108,1.1102230246251565e-16,0.06756948401094054,0.06393117752733579,0.03403399416478892,0.07200988738842651
rustedHinge,0.053280936561794,0.03368256372085032,0.051042065209185306,0.06044084074700451,0.08528950395507151,0.0718664690079237,0.06756948401094054,1.1102230246251565e-16,0.006274297366763548,0.06274311698642487,0.0729055360158063
hinge,0.04951396720014256,0.02098029808634916,0.03737734389956082,0.05563203208115908,0.08501764285271363,0.06980658825656272,0.06393117752733579,0.006274297366763548,0.0,0.05755416401643121,0.07439685497989712
trapezoid,0.034848809719731255,0.05934202159412627,0.054254938032386346,0.06162225710191915,0.037334505419250874,0.05492245167316634,0.03403399416478892,0.06274311698642487,0.05755416401643121,0.0,0.03192629676857017
random,0.06598227503510079,0.09077063788077766,0.08251211169849304,0.06163492765866019,0.05547377898687289,0.07989174211130357,0.07200988738842651,0.0729055360158063,0.07439685497989712,0.03192629676857017,0.0
