,photo_face,photo_profil,photo_eyes,photo_face2,photo_walking,photo_standing,photo_hand,photo_legs,photo_bird,photo_butterfly,photo_girafe,photo_fish,photo_cherry,photo_tree,photo_flower,photo_carrot,photo_watch,photo_key,photo_truck,photo_velo,photo_road,photo_house,photo_mountain,photo_windmill,drawing_face,drawing_profil,drawing_eyes,drawing_face2,drawing_walking,drawing_standing,drawing_hand,drawing_legs,drawing_bird,drawing_butterfly,drawing_girafe,drawing_fish,drawing_cherry,drawing_tree,drawing_flower,drawing_carrot,drawing_watch,drawing_key,drawing_truck,drawing_velo,drawing_road,drawing_house,drawing_mountain,drawing_windmill,geo_face,geo_profil,geo_eyes,geo_face2,geo_walking,geo_standing,geo_hand,geo_legs,geo_bird,geo_butterfly,geo_girafe,geo_fish,geo_cherry,geo_tree,geo_flower,geo_carrot,geo_watch,geo_key,geo_truck,geo_velo,geo_road,geo_house,geo_mountain,geo_windmill,word_face,word_profil,word_eyes,word_face2,word_walking,word_standing,word_hand,word_legs,word_bird,word_butterfly,word_girafe,word_fish,word_cherry,word_tree,word_flower,word_carrot,word_watch,word_key,word_truck,word_velo,word_road,word_house,word_mountain,word_windmill
photo_face,0.0,4841.353805019839,8109.466334464867,7088.542891755917,5113.924428237643,4894.189185060605,5520.5194476681545,4404.909360112829,8277.070609687511,6538.311890162261,7868.9743357556545,7578.765896167183,5519.731475741229,4885.571270022335,5367.566736140379,6920.8543941576745,4521.789756624477,9561.809846259392,9303.808692978455,6580.964871210144,7411.827832203183,5625.505639729404,7418.727833362618,5390.136151478148,5791.848198908663,5148.098938013701,7495.443270040657,6546.628588667514,4862.668902298447,5813.877059092264,5935.483391797826,5006.313745299179,7954.37903791498,6323.780837610715,6761.890238277083,7367.916503243662,6037.090911414038,5729.571403770964,5150.737644927791,5978.013363303368,5683.690640328441,9541.19253157996,8065.815206083282,8182.107925155005,7471.5385004321815,7604.0241780819715,7971.58873917295,5143.743206978427,5444.729502314948,5601.636787508309,7740.818447010049,5192.491687428279,4819.9379008998885,4682.381927897446,5150.396484849891,4390.631903855979,6884.39927761001,5532.9397498097405,7012.820555584522,7716.505273458026,5945.408148378168,5366.712514953997,6234.165135074631,5860.505379745387,5652.723173400522,9117.072069615218,8088.561126139424,6535.4857108461765,5099.915848904177,4163.90939891337,6355.174411159082,4340.001770411453,6528.619947170709,6813.897664160443,6847.728576754509,7648.511597015022,8493.328166958478,8614.605938905584,6685.733996172414,8248.616119054823,7877.104625079782,8051.192966355899,7258.597007577044,8385.532889372618,8273.908400916891,7410.776808555215,7072.295602291342,7857.4819085487,7674.597435945092,6394.099537277381,8302.695775639637,6540.088027208353,6887.142126991563,7807.185743579161,8979.982220962209,7394.852234682625
photo_profil,4841.353805019839,0.0,5652.705793942293,4966.846113918214,5031.412326237288,6085.547814912154,5381.725775826183,5471.707844499574,8420.719329677455,5763.287894722983,7518.716738083805,7344.953280657479,6063.975445764685,6296.229720917551,7530.643901875425,8857.42435523125,6578.467469991814,8736.19281694542,8300.764852994185,6342.630540831732,5430.220807445132,3493.0393788222545,6295.712118717065,5256.724150869375,5632.29738973392,3632.0846263631383,5855.496229042019,5495.860993392875,5308.369928698978,7345.585113361545,6870.6903370461,5034.976601921285,8394.520097032377,5327.021107458256,7652.618602379156,6903.887744277704,5565.573822860147,7584.281018929006,6595.928782944288,7875.88366762007,7311.706866952763,9349.931509517508,7885.998502479997,8129.789027148978,7785.385884709835,6262.2834734057005,7316.684316046311,5768.096322461753,4287.451522449813,7223.09593776113,6896.578785541559,6082.676742895928,5361.970462602735,6312.920392393982,5492.133549076586,6111.90004765339,8282.448143730162,5102.809286726938,7517.048355751028,6571.107577559847,5797.997144949331,6387.232445638295,8143.714178432069,7350.413861699734,7486.295884513539,8710.078183628888,6924.892050730252,5647.547017438248,5894.963125121635,4728.983861777423,6006.487964153847,4852.479146943399,6359.972431665476,6217.584841084122,6483.932977946806,6853.723720443466,7316.836483338908,7453.965712700198,6304.731439420045,7161.104709121054,6930.759223365555,6822.456877784921,6433.039443444122,7074.667343932519,7229.849765454074,6757.704595566369,6510.146595685259,6815.442058839433,6682.409766517922,6339.390284330825,7218.509596412317,6568.180573481296,6550.163088472958,6670.3435217762635,7523.414061566504,6672.245211835871
photo_eyes,8109.466334464867,5652.705793942293,0.0,5369.727942327104,7028.030610792946,7470.019043079975,6395.066400276324,7428.028229481162,7748.844225927454,5126.792697877245,7558.430098473347,6712.69703728151,7720.005693666937,8740.146119473264,9191.026929940388,10125.90631828042,8531.37748840901,7265.010874852357,6956.6715050905395,6096.437287662409,4879.945114401417,5314.497350199065,6145.560265437675,7059.51615698702,6601.153868245791,5346.629758687641,4634.518886110237,5253.522812110636,7331.034563162334,8561.582823058236,8274.650267251407,6900.876326435651,7817.272730347077,5136.693432809103,8557.804887755978,6340.771137563659,6387.917293913894,8853.07331629187,7947.418735080801,9399.08640593793,8725.836882532843,8642.536138896457,7377.725567671505,7571.811264592187,7774.0312849588245,5377.631479588329,6722.970631734214,7311.595576588465,5401.096644971526,8332.516582292285,5667.7592789272885,7473.21964122152,6664.939301609493,7921.919255846057,7468.119957353163,8302.341887720728,9156.240326470215,5564.364192223808,8012.031553331244,5377.334011256674,7577.643836958156,7603.527280862197,9265.541965440301,8541.782325367722,8760.462116397106,7645.0433957017585,5701.861400483206,5432.944323169536,7860.378019698426,7016.147048252389,6468.037335338375,6723.708946688122,6257.37823778397,5765.569024743901,6051.6620170988035,5867.993303981857,6011.323508645472,6131.484057953635,6078.128992205469,6019.95923144188,5950.069213251691,5319.74138588664,5701.117874924269,5673.263782329357,5966.405837100781,6134.9335188150735,6051.067907917603,5778.473559996859,5800.340220182338,6269.862735889735,5918.478086550228,6498.874292663616,6204.434461681302,5619.138440765378,5885.912137465066,6040.284401610318
photo_face2,7088.542891755917,4966.846113918214,5369.727942327104,0.0,6650.219002105247,7289.194859617839,6748.802418374864,7362.442650794208,8735.211620416732,6181.332816613505,7701.437658391679,8221.62394800565,7845.360738430301,8289.01121490508,9260.483138083158,10286.673238088975,8432.151822399295,9664.365570031583,8485.634987208277,7346.284049894865,5402.648933971331,5058.187940143969,7429.330575786742,6752.994315075961,6570.996518029026,5126.165283295271,6757.2238602770785,5680.039137967667,6746.397014590055,8622.294708805786,7904.679727227285,6392.951742643454,8707.539751653316,5630.514301478428,8613.393276397266,7911.336318768799,6615.210716972753,9006.712275512606,7955.313553890547,9397.086013619524,8847.970219738143,10408.614455340974,8715.229940904032,8612.878821851602,8641.308939087401,6814.751333203546,8176.690470671079,6973.589334447592,5176.727429937692,8827.490937395092,7832.613634113472,7017.861597266199,6390.812902275142,7684.854262301438,7318.338463475539,8058.714046090899,9718.632111121644,6060.2584586077055,8355.876372863462,7317.519996625637,7254.586806382276,7958.445272346294,9373.830701775443,8845.762622474535,9089.740354081354,9487.339621694502,7400.083742576181,6543.607517699972,7570.263674903294,6480.717850410643,7085.148955794905,6271.629605464585,7513.2662259631825,7264.706580326441,7602.104050771316,7662.0265628503275,8109.603564046112,8102.015991981202,7480.4764538305235,7964.448688971048,7841.260598501828,7306.003241003399,7417.8286696531195,7655.534623545628,7959.895767548857,7649.493178312425,7544.315964342397,7641.891999152077,7535.18652739876,7610.504996141519,7964.5294526092885,7668.76170656148,7631.475483443846,7454.416896649947,8119.9819457401645,7775.519827146218
photo_walking,5113.924428237643,5031.412326237288,7028.030610792946,6650.219002105247,0.0,5382.4315407621225,4960.679326161756,4851.739197768459,8960.227379234359,6644.785151537582,7865.513863620097,7331.866839794103,5225.73221050408,5357.314063002255,6749.930893148095,7155.972036355193,5893.269957490686,8849.377697091639,8742.730026464658,6849.2285373462555,6414.97535312843,5621.375744015511,6673.041771147143,6571.355032522669,5322.7239337511055,5294.886672244672,6969.22382414902,6603.139699775321,4204.005842397428,6513.73859921932,5961.1889250759195,5178.759189320138,8088.950347117615,6036.371833297056,6121.820089611454,7105.754554649864,6148.907116606397,5982.424673686475,6088.957335444785,6422.197214127591,6164.00197200053,9442.771885151544,7524.829809273843,7898.809037922349,7736.729571261716,7069.971682574099,7372.24933184149,5911.831839607714,5308.995060703191,6194.257813732861,7560.084250616664,6207.981168384392,4856.684393877921,5730.719594769017,5067.963413736137,5249.303701536628,7398.169917725095,5878.543037019749,6410.218901805773,7322.77711906028,5078.668663308936,5215.086597305434,6983.411721864004,6072.788376739119,6057.115317648281,8871.736169184303,7635.665642179642,6459.546341987302,5266.203826204443,5093.849131326545,6543.361567321302,4892.967317695888,6494.431427282577,6688.109107197033,6882.109584316107,7424.243248364056,7744.599959860805,7960.13354809142,6627.288500539281,7509.58638320216,7349.976294961368,7572.990183815443,6805.746311145137,7647.585475659379,7596.639065707708,7093.557151472444,6917.688264076011,7221.756035990828,7280.665558986757,6272.878807804945,7616.350004723544,6785.540053160711,6866.381914739898,7291.919343241582,8138.476180154237,7114.576792455596
photo_standing,4894.189185060605,6085.547814912154,7470.019043079975,7289.194859617839,5382.4315407621225,0.0,4720.707373066238,3708.574478688735,7837.683851346494,6524.770900731699,7092.536032925826,7435.574659590241,6202.876372172783,5834.929273037814,4318.2515399112035,5600.737899919846,5134.261873704321,8894.933008637696,9004.090978072898,6661.727966104353,6518.502062829797,6315.969857042865,7541.092535308033,6356.485687439062,5533.19476516585,5641.695376878234,7202.862575052004,6665.4408860823105,5304.000895447956,4497.353685509771,4744.987901832652,4719.02913320948,7575.867637364009,6050.040667853267,5879.331944692522,7130.219289456207,6355.409956901017,4859.497443882791,4011.9469710525645,4624.116200473929,5274.512488796998,8964.205165158171,7779.758703540208,7908.501478080763,7126.472965868665,7645.389212804135,7679.852218787952,4805.099225159699,5072.9541166048,4370.980686387876,7288.334994141959,3799.593654594976,4306.398035711893,3788.464810920566,5043.600258670205,4578.606062941876,5605.434291581597,5441.72369450803,6178.59656407841,7296.587743142855,5944.784031356304,4664.30427183867,4729.217057188151,4042.553005766869,4656.118328642389,8477.044820371279,7656.405710937426,6352.842279316028,4819.875005045561,4956.1570500439175,6145.015391837128,4018.5763294207545,6109.420803647636,6354.028580701272,6425.276953481238,6911.68220883743,7580.050562251453,7711.813838794062,6381.956165328529,7351.524169556372,7101.665185494348,7109.612678000746,6574.885753528168,7379.859282816242,7265.988345205095,6834.23268475032,6608.8385495505,7009.400032299357,7062.203607583292,6069.533243510711,7367.188118673217,6213.830936906619,6440.295402938479,7152.1197930730805,7785.791649253156,6943.461915646638
photo_hand,5520.5194476681545,5381.725775826183,6395.066400276324,6748.802418374864,4960.679326161756,4720.707373066238,0.0,4831.158484531786,7548.252705454086,5969.03007201261,6845.271499511269,6149.418002996472,5418.743096145646,5587.189554732492,6408.7484933974165,6923.1388658126925,5517.852047527819,7679.199463073706,7603.102495645542,6176.187597226671,5489.88770697072,5729.321116854473,6670.689604133388,6757.102981106581,5536.905054064501,4888.096130345129,5781.758738584776,5708.537106969072,4958.116543251198,5723.038705858871,5397.797574715021,4924.6791929116325,7246.750794235344,5316.534724743878,5619.945172656155,6018.575102970724,5590.409463905108,5502.173352389983,5023.731849226161,6156.842991253892,5562.939858608699,7956.046983483958,6468.266257256488,6949.6489096307205,6453.219321729149,6270.221168507696,6770.21378982127,4967.1280575342735,4823.744514069879,5744.87046592788,6162.633396050585,5317.229672717454,4496.160354327058,5303.276903218548,5170.600007548022,5118.505458877865,6971.634317156453,4857.730097494942,5447.613733166389,6030.352255744565,5630.777015616856,4881.097292525859,6333.327510160222,5494.824719308587,5542.702523757428,7449.379355431304,6566.860232047562,5632.668789720603,5601.396341971851,4802.470434234914,5870.521672697482,4369.202430317244,5316.052865443163,5449.275327875747,5667.102287912926,5996.730695898471,6306.072751200917,6557.7919165743715,5432.27754860268,6119.9935072544495,5944.276800693408,6052.560531042939,5510.3624065487875,6216.046243354079,6131.807696175693,5771.96912151968,5595.894393302305,5820.1290653876285,6010.018212208245,5147.628958394062,6147.661985913392,5485.212259852607,5536.686744449906,6039.14774143801,6514.633847473805,5876.788564069713
photo_legs,4404.909360112829,5471.707844499574,7428.028229481162,7362.442650794208,4851.739197768459,3708.574478688735,4831.158484531786,0.0,8296.813882399978,6640.033816516904,8072.716712061111,7421.693954784987,5710.784621038082,4751.8129360426865,5277.519241093653,5640.9391538836035,4855.749368958274,8941.195513855138,9175.38251479569,6587.549774721181,6830.278647689794,5992.759952437241,6932.2817896243205,6428.105103511287,5255.786544918497,5434.15800044775,7149.010039875616,6738.965686547775,4556.729231396982,4863.6940322236505,5180.875469843219,4586.529680775914,7887.344415987067,6220.071232899767,6234.799079606518,7028.006781219284,5955.076489927054,4621.996856907832,4719.1830300489655,4781.868031190142,4820.106253718223,9074.549732742551,7751.412683849007,7914.590407657369,7139.79398269799,7522.969064778728,7502.518609870493,4915.7496321763165,5150.574877643105,4048.2725370619796,7386.984282485634,4842.130390919257,4182.932197264805,4069.9582865313723,4359.912762307138,3873.147709872107,5194.633560730285,5576.032450972755,6718.897399276671,7374.7806879971795,5150.363668111526,4458.555106698011,5417.272475989773,4543.773646624009,4599.427409507967,8620.990900167166,7874.103121695068,6449.002066883259,4943.843538607142,4613.836565621025,6236.182759923108,4160.042512390247,6121.6957486826805,6485.581809078579,6501.918583332827,7143.602533584293,7605.420095903922,7802.599417069441,6455.452566067579,7424.637709299974,7147.418106297063,7269.739558362733,6653.646854026091,7460.204362101329,7380.322682680955,6972.746910925342,6704.186037185106,7088.260691737872,7147.881236285599,6000.226566362873,7462.583975551894,6370.204807558162,6620.475168806006,7238.665693932924,7804.9408570420765,6991.83003170392
photo_bird,8277.070609687511,8420.719329677455,7748.844225927454,8735.211620416732,8960.227379234359,7837.683851346494,7548.252705454086,8296.813882399978,0.0,6389.164140746847,6733.603782775698,5846.540831343014,7786.17546929212,8555.36167521655,7862.44741651193,8398.665118582025,6983.016262354689,5996.665866933464,6319.269847518598,6009.913885440456,7549.355026157466,8266.984341365933,6992.118861286728,8370.639216177935,7405.189104683088,7616.056404778227,5950.612787427276,6695.715922101403,8268.713734261566,7403.849935704412,8387.195585717305,7943.773816417541,4771.306052068313,6541.266643596421,8025.431359112875,5574.0954908560525,7000.762388081447,7765.963142208878,7211.648593493592,8147.768320904574,7309.003596061198,6281.259050546169,7035.1666355635025,6594.069077844757,5399.226769662944,6228.534809711603,6031.599933731849,7739.689069876512,7342.330219536636,7686.415790077182,5213.995369690769,7928.378261097732,7226.130428526874,7590.020569142924,7996.959952010121,7737.291593933838,7991.455475587305,6450.962883735028,7672.367440725478,5340.006684122216,8318.069046164108,7104.4811428234825,7530.5041442211195,7604.708060162748,7258.267226808242,5107.053971392513,5992.234829756142,6005.39797619909,8056.399012974124,7442.6277551245075,5829.2893206086555,7579.723352411714,4929.664484445935,5102.732948726428,4827.033460947418,4873.097851655042,5748.187657743695,5274.438343194112,4983.2303556255,5354.021979716826,5353.657679521553,5155.7617810438405,5288.096199421623,5437.853401783249,5240.904391717413,4815.114995553884,5008.282246011972,5417.019440921842,4917.949783678571,5313.966854995409,5391.59235828674,4642.507203361126,4856.421096245366,5131.439151292182,6379.3877368921585,5239.959527250513
photo_butterfly,6538.311890162261,5763.287894722983,5126.792697877245,6181.332816613505,6644.785151537582,6524.770900731699,5969.03007201261,6640.033816516904,6389.164140746847,0.0,6662.24106787178,5654.469008832106,6135.450094326262,7264.7212844459855,7558.813227847683,8852.537186555652,6636.753084759972,7083.037467144882,6587.872910987853,4476.951598469338,6071.56313829463,5340.11060141549,5410.35948119042,5485.652751135892,6079.7332307492825,4943.477475909875,4476.99162372143,3714.5811421923927,6223.434274693891,6756.462452853135,7268.833627162773,6098.306104977709,6625.873103285032,3699.386815719811,7503.7901990522005,5360.544182478861,5012.360050190738,7387.235960425308,6266.4876517173325,8106.648268392784,7150.05999796982,7849.996186223464,6543.094575397761,6655.5119598552055,6551.931091988671,4991.493634163689,6018.056730629354,5828.9288804297585,5109.982575962548,7236.91032225183,4798.050478353897,6593.919457241279,5379.78266312391,6447.326589387745,6441.78472859244,7034.280706940278,7919.537827777949,3948.767095384388,7092.449839965287,4806.09823457089,7088.512339268546,6410.594462075221,7585.160205334124,7396.21711268194,7422.274075428745,6946.30530398491,5094.181994804032,4551.579243334837,6949.068646072016,5809.783397540729,5182.645911578737,5701.879399383754,5088.520998314549,4713.419963478448,4905.36123065433,5206.100779210437,6035.904114240193,5990.315238726917,4858.244762723499,5720.474259391887,5713.189587091017,5255.582694667288,5087.778536457894,5884.924426342902,5853.853175020446,5365.263599716168,5091.3193345136,5408.646683018381,5230.271465043404,4875.776922165324,5741.953700757866,5033.450075464403,5043.199245327276,5357.905158255823,6303.289059398706,5080.391052562069
photo_girafe,7868.9743357556545,7518.716738083805,7558.430098473347,7701.437658391679,7865.513863620097,7092.536032925826,6845.271499511269,8072.716712061111,6733.603782775698,6662.24106787178,0.0,7381.719787191413,7399.942775035405,8038.003159799078,7565.732317167717,8649.95084461233,7319.6676759353095,8601.122444423721,8032.973863376378,7193.110492201712,7195.78988930892,7049.028225583193,7546.583488139404,7119.79274009614,7051.144978351059,6784.834507907643,7018.094897751778,6777.332558225784,7272.78502151183,7497.825711051249,7970.315021461759,7159.52822450856,7845.4784689026465,6509.685165928583,6561.027847454926,7162.383858542445,7121.729233776081,7831.008814886259,7303.787393494307,8169.450320485389,7790.993417737922,9056.457635241612,8090.678154555168,7841.2752323822015,7548.431653258886,7399.6313585479775,7665.337178570274,7020.845932416683,6641.72917693269,7863.440436513304,7159.4418923336925,6996.38278237536,6746.16787313263,7014.510352495782,7081.959897263237,7444.004166160164,9341.973992849207,6610.386717432873,5760.816989357588,7043.619319844904,7757.45866572374,7294.397742945733,7837.455659569686,7622.694769220888,7800.669524799815,8121.933386068863,7093.989232324382,6608.6367804850615,7499.265531215519,7103.017212712097,6274.880673040131,6585.32563210158,6633.508566491535,6624.1030872272995,6933.164733703428,7066.801046404446,7749.130930047909,7534.735587004342,6620.072617457199,7248.969136946189,7334.223298202775,7003.689259711829,6945.373100547539,7334.203389035826,7257.291722473533,6696.8245358240865,6807.995913219235,7191.731283451111,6851.398416110251,6792.4909759117,7370.137280229291,6563.275788374096,6670.860203150457,7053.349602151835,8003.240626743462,7012.801739543429
photo_fish,7578.765896167183,7344.953280657479,6712.69703728151,8221.62394800565,7331.866839794103,7435.574659590241,6149.418002996472,7421.693954784987,5846.540831343014,5654.469008832106,7381.719787191413,0.0,6314.105889493043,7592.787833260771,7899.423688977549,8090.036681579987,6140.620909250216,4525.561800066585,5295.964778262862,4446.419215082199,6760.774401919826,7360.560313399086,5277.602786051778,7622.137705296811,6384.9271896817,6825.308176260011,4457.225472656632,5922.893456331466,7140.088555158834,6993.984680634512,7617.9409985356315,7774.076807668761,6129.447854699704,5318.761889140999,7806.801606498772,3232.1619780163433,5101.588599509863,7184.47688817424,6471.883909139248,7765.61068621165,6550.3508017712675,5178.984207737769,4137.39391291583,4635.947916776822,4172.440188639982,4186.4242739361425,4361.685828001988,7247.016251644083,6586.5216051971065,7280.188112059359,3471.294158673151,8065.47022401964,6394.073125127833,7399.919311981748,7221.884038848155,7374.775715090051,7565.444460087541,5663.213705946467,7230.18690130128,3761.747526112865,7703.179207269654,6282.917544590217,7276.317197402423,7286.550014786128,6771.338800246809,4486.600199460269,4940.887245928255,4493.677340993846,7825.248019831329,6821.322172621786,4816.6743295681945,7087.708331722573,3990.8745486778353,3945.6243550769946,3808.895644449575,4176.080023342069,4348.909833757047,4538.6176504709765,3606.16958787276,4155.3928577728175,4082.2055919686018,4507.662845747963,3872.900908411501,4793.8273810205155,4207.977383563101,4022.135878689261,3986.200043699596,4126.031404637937,3964.5554449441615,3629.532277385012,4178.656852639331,3880.249868136709,3830.1184203462853,4033.7438469936715,5133.70274684692,3712.126538749221
photo_cherry,5519.731475741229,6063.975445764685,7720.005693666937,7845.360738430301,5225.73221050408,6202.876372172783,5418.743096145646,5710.784621038082,7786.17546929212,6135.450094326262,7399.942775035405,6314.105889493043,0.0,4566.195953164434,6848.155993568521,7266.013920624813,5318.137300461135,7675.355995477992,7823.665641027349,5817.1924396483855,7829.108537286032,6231.4621072236105,5433.433682600248,6143.062507296714,5578.004845975564,5808.983007379487,6428.398025004353,6969.866596770803,4658.710446375298,6623.315973062068,6660.937584170049,5773.56993428674,7561.916550784702,6189.385517511194,6068.026741207018,6035.386297546345,5788.939515554555,5890.608456645217,6229.603215092692,6886.797537782779,5856.772345987388,7894.407492426462,6759.264451845538,7043.931429138186,7080.389571965808,6627.463997136628,6177.5350803199335,5807.780173315884,6375.025090921855,6885.41726224014,6505.797147925344,7310.5445711773045,5419.1853091465,6125.294731849154,5623.542294460524,4974.077261899353,7146.080724373978,5744.904711500056,6253.394695559855,6618.343733647154,5227.207827773663,5271.705314226037,7193.868772632469,6494.580846964511,5927.646005598356,7472.79602592538,6860.079402432593,6027.393944312366,5810.204603441586,5601.21262144602,5992.880368909509,5497.163579708045,5470.711341777654,5878.0140445163515,6025.916191540416,6550.229996311631,7071.551122219928,7140.325910969273,5488.362057913308,6737.830990974858,6593.849079856663,7133.087714391351,5980.857874982867,7118.9426767145715,6899.357286817556,6039.290577215133,5857.4597298411745,6498.219836393799,6261.714536469534,5289.9325106748665,6884.031171410555,5653.908290078242,5698.235921909128,6549.904189230216,7663.569683622456,6020.939069361398
photo_tree,4885.571270022335,6296.229720917551,8740.146119473264,8289.01121490508,5357.314063002255,5834.929273037814,5587.189554732492,4751.8129360426865,8555.36167521655,7264.7212844459855,8038.003159799078,7592.787833260771,4566.195953164434,0.0,6410.834460179888,6399.132592360644,4706.890906280451,9321.120295168092,9339.55127545666,7166.689471828441,8217.45110882306,6746.92382244047,6759.307405863946,6974.2820722697315,5181.876192325028,6208.295739194823,7955.9939293681,7487.4088407210675,4013.048247336761,5740.289171776249,6365.204226429453,5136.395529365944,7953.960046207161,6976.197953625844,5875.153157206708,7308.222935051147,6438.482499400654,4627.469233485858,5861.777307628944,5905.706122638319,4720.196501749443,9308.892752048052,7937.358247790293,8144.228512912285,7675.92570529377,7897.346856256575,7436.68405672274,5296.616889427436,6584.633700610498,5748.435506418106,8043.902403398358,6603.599661990598,4858.745634957205,4957.9953997998955,4399.533139140105,4010.954090276415,6495.582676294912,6396.905322844144,6543.961072986261,8079.618205025356,4366.146350998042,4393.510809252575,6338.279362098848,5957.535588004471,4928.83296091806,8948.172233454341,8441.662745833768,7267.714007948388,5009.835361160887,4621.912766994569,6858.241751245958,4881.249376747987,6317.3906828726585,6956.191479710108,7021.000802234374,7809.0249174878245,8388.606109459248,8394.198124338805,6696.8563156093805,8009.533433662608,7875.685118681046,8205.646916932528,7228.296219170639,8309.575406157395,8112.362510370331,7146.845600318261,7033.523076177456,7801.188018316716,7702.499454502891,6316.987514585842,8205.610554452003,6499.086723747105,6879.178080928249,7968.714822105862,8675.907815200882,7387.618022991205
photo_flower,5367.566736140379,7530.643901875425,9191.026929940388,9260.483138083158,6749.930893148095,4318.2515399112035,6408.7484933974165,5277.519241093653,7862.44741651193,7558.813227847683,7565.732317167717,7899.423688977549,6848.155993568521,6410.834460179888,0.0,5064.871634463645,4760.132348024066,9423.467878225772,9878.4726098317,7181.296644383916,8506.187851043567,7822.942092224736,8270.600755393742,7102.434181500176,6557.885265495816,7113.853587798248,8332.085763360745,7854.8576254811,6661.031470671832,4787.6999438296325,5927.153743731207,6191.679249385727,7918.088266891834,7514.931699781331,6517.865307270756,7676.202275101315,7172.157250817493,4792.894321382751,4427.847413059716,4109.940151688055,5282.888902674403,9220.703935375777,8300.032149705241,8442.452492295002,7582.794962129295,8641.759757728487,8300.407359363959,6059.958420164134,6914.963707431676,4100.5437927199555,7894.264357583459,5099.5545044069295,5890.568969291183,4651.339211021485,6066.075314922165,5213.998274040452,6018.897411617756,6408.723237904148,6796.4195950800495,8204.286444567693,7170.412663215894,5008.676473616783,4024.1497993045464,3598.6775802240363,4539.285745614085,8914.845435424673,8562.580632324503,6971.561387245113,5254.67798591295,5979.693687279265,6611.032841605551,5486.770025163329,6753.107049525459,7162.14539168711,7024.746265992862,7801.409493215675,8604.766052060353,8661.966905607589,7044.385019445376,8330.28091349206,8014.929000516559,8246.140576967937,7554.532920842675,8509.617949276259,8219.942927852087,7632.669535086674,7394.77768799588,8009.353202263302,7966.577698682686,6642.9667525390605,8338.057860764327,6710.274470757283,7113.404822284094,8098.7997033178,9037.709286598672,7683.043383983062
photo_carrot,6920.8543941576745,8857.42435523125,10125.90631828042,10286.673238088975,7155.972036355193,5600.737899919846,6923.1388658126925,5640.9391538836035,8398.665118582025,8852.537186555652,8649.95084461233,8090.036681579987,7266.013920624813,6399.132592360644,5064.871634463645,0.0,5083.78867486893,9363.74372488964,10086.83156166707,8177.071566759686,8942.662510551363,9149.900237602933,8432.26722112874,8835.74248806954,6730.53171476497,8384.89774503468,9190.188035693205,9060.334063451013,6700.266618220996,4920.627926975445,6193.8965151759785,7011.632376020569,8107.788215153743,8104.62744805466,6181.551313546737,8071.482806912028,7940.329504305477,4269.985083492399,5433.763937198278,2500.086044184406,4693.829402818613,9056.465320263474,8409.363174390412,8721.599077448507,7357.841034153019,9157.285398718695,8320.17714567642,7272.447037262609,7555.250958257328,4234.565274396036,8667.969506081907,6772.098953278888,6443.657411194654,5263.5426882312495,6515.275163765513,5057.960806661217,5034.793955376254,7667.705765972884,6987.085541934366,8807.654305579741,6535.517359253833,4838.471948566393,4007.739716014441,3264.741776597314,3427.8472213022046,8787.327777506256,9208.399586896337,8251.872267666431,6177.679757722076,6776.920188091229,7488.887023926098,6680.007224135163,7101.56269274011,7742.93328117631,7559.009826099973,8161.873135949272,8568.995308335316,8659.548643605185,7528.856952918814,8275.700020078093,8132.355547701031,8586.928734849847,7895.90527848833,8494.588986411418,8206.848998733432,7882.8873212012795,7792.926700204813,8218.866274648566,8238.581007814188,7102.920503779067,8372.22753420375,7237.672274343938,7579.445928937183,8359.86274612463,9024.824074043629,8127.244821448281
photo_watch,4521.789756624477,6578.467469991814,8531.37748840901,8432.151822399295,5893.269957490686,5134.261873704321,5517.852047527819,4855.749368958274,6983.016262354689,6636.753084759972,7319.6676759353095,6140.620909250216,5318.137300461135,4706.890906280451,4760.132348024066,5083.78867486893,0.0,8088.399506881075,8368.241825159308,6144.500150878889,7704.056701321264,7004.092444434683,6671.467008008055,6604.750279811837,5291.236086575932,6319.564848055552,7107.913716315802,6791.587461106581,5336.978760495666,4200.173463113393,5455.44130129944,5913.438716760462,6891.129689276301,6228.808121061323,6095.468334925244,6039.066592589383,5648.711052423582,4229.632069310032,4386.727883655695,4647.699039716727,3685.4801781350257,7994.066907897166,6836.062674232432,7012.475156743813,5847.222962235619,6948.129056429701,6652.95079124263,5530.054685986658,6167.309905631999,4406.503400775349,6685.547990360731,5838.717850325967,4929.9647546403585,4711.092097828618,5272.039562653259,4430.627073085671,5771.852413250795,5604.701338307968,6367.791902697201,6912.974455490649,6002.321221557332,4063.212229810042,4551.747994927275,4600.75485576027,3916.9696046564486,7576.946659940811,7444.807136023573,6139.7019279556425,5562.589698362613,4708.781327289964,5584.817372584063,4943.134487805501,5239.481199937947,5813.920482839972,5693.565408746424,6573.219470107993,7342.505743308301,7365.465975659759,5466.400124530633,6970.058839452435,6774.779400875526,7069.809832111188,6211.0302345363025,7342.710087227965,7027.525391774152,6151.995539345661,5956.816943987304,6777.006405391228,6566.22871212692,5080.657071565986,7132.195226297946,5150.0448666142165,5718.518866198031,6776.227245066499,7847.447737301191,6226.622182599947
photo_key,9561.809846259392,8736.19281694542,7265.010874852357,9664.365570031583,8849.377697091639,8894.933008637696,7679.199463073706,8941.195513855138,5996.665866933464,7083.037467144882,8601.122444423721,4525.561800066585,7675.355995477992,9321.120295168092,9423.467878225772,9363.74372488964,8088.399506881075,0.0,4944.146171793613,5760.556203599032,7554.21743583992,8781.100700013378,6150.199533775462,9306.12610249131,7862.508552684816,8176.677900882561,4788.156965340723,7498.41768471602,8933.402216904746,8624.864351359309,8998.986783250937,9197.916131290567,6318.1486937879545,6995.770343462248,9124.132222756421,4212.618278509635,6959.743642095724,8748.207024953885,8176.168897628586,9226.822144320467,8115.764711239692,3941.2076442711013,4852.43485204609,5453.3685360758,5231.72061931973,5098.198270893285,4268.687559486173,8778.215151650696,8033.746157886437,8734.464253123322,3715.4360089234005,9591.243332396103,8196.363292521595,9022.980050153736,8924.598938997055,8876.228677029447,8504.888924422283,7253.391759387699,8457.31817076005,4036.9698357654956,8832.281680375261,7571.415768514853,8768.073925115543,8597.990690565657,8064.9929102586075,3215.545722532957,4830.726739713579,5528.508762223088,9130.97157613295,8473.90979523739,6249.159450546062,8646.262724709723,4638.226656342233,4550.259360667469,4240.388029600335,3928.317127389056,3504.0017306753366,3660.9615130635957,4266.539104299299,3575.6911801633987,3596.439889362414,4357.845559865318,3950.6510335098815,4057.102866478726,3614.1799213814948,3979.5133592948773,4179.370032998203,3866.549387193303,3747.2023328386035,4612.944994513525,3574.665378083371,4671.607448904133,4235.195415463769,3621.5687631312476,4435.057422046277,3814.825314834904
photo_truck,9303.808692978455,8300.764852994185,6956.6715050905395,8485.634987208277,8742.730026464658,9004.090978072898,7603.102495645542,9175.38251479569,6319.269847518598,6587.872910987853,8032.973863376378,5295.964778262862,7823.665641027349,9339.55127545666,9878.4726098317,10086.83156166707,8368.241825159308,4944.146171793613,0.0,5568.173505031907,6977.51412494836,8035.697223668877,6138.502122345112,8740.193496374404,7563.172561694105,7638.610041332236,4514.472870934309,6519.827354358603,8724.27857485671,8852.253740735716,9331.251247382015,8975.944788477576,6594.280075483989,6472.619267790024,9474.904840065457,4643.645575403907,6479.121294174408,9057.384579474165,8646.555563808019,9760.955964050738,8629.313188838449,6522.196516148521,4803.501133826,5017.779415861309,5863.171431925654,4356.401583748432,4573.607634150568,8481.640665934476,7390.769783534333,9175.778827105043,4601.966000762866,9468.362999265373,7858.2752277377795,9182.969939118542,8874.693782629074,9027.864017357353,9338.964059990076,6805.041149686956,8768.183119002697,4176.295997701764,8542.211592696473,7819.683829801513,9431.628172150291,9150.947260073743,8792.07010507993,5392.9727304381395,3652.8808191139806,5177.877569569121,9291.087756842659,8356.508798593857,5958.949285097683,8417.73169098449,5249.5849887214345,5034.937397444921,5069.189248860246,4906.204323822567,4887.983343131156,4823.92366976864,4997.423769430579,4665.880143703839,4756.517600456861,5190.081918286075,4731.205939044162,5026.26322227575,4860.725031481234,4779.842288187958,4830.7536221593355,4804.294560978389,4554.01979933819,5421.882366044935,4757.656125826723,5357.200367460321,4936.482603076661,4516.175918334278,5710.466289109625,4776.237423458948
photo_velo,6580.964871210144,6342.630540831732,6096.437287662409,7346.284049894865,6849.2285373462555,6661.727966104353,6176.187597226671,6587.549774721181,6009.913885440456,4476.951598469338,7193.110492201712,4446.419215082199,5817.1924396483855,7166.689471828441,7181.296644383916,8177.071566759686,6144.500150878889,5760.556203599032,5568.173505031907,0.0,6754.024933885479,6242.104991797474,4534.530810656666,6018.648029334396,5715.561753294388,5705.276815247722,4295.934055385967,5479.037544642502,6456.307386832327,6761.733208395676,7471.019798512001,6914.887578170699,6332.331753208943,5111.886328047029,7739.239012302878,3657.3498333143652,4146.46256723257,6890.324797121604,6265.177725353012,7613.440298408017,6683.722256459167,6451.164730062677,4758.517864961174,4213.369661044381,5562.50552057108,4477.576533744452,4238.582131875768,6242.480846557188,5965.9343776663,6821.219822437671,3880.325192684832,7299.478112008509,5633.199853680941,6664.279314950403,6511.000164473725,6834.226901948258,7318.344032271992,4930.525668186143,7357.063418113275,4153.329925520061,6984.108117644199,5846.528656470474,7169.292221852588,6985.584989756039,6810.835470189216,5590.113440466516,4491.421472818124,3374.726490900863,6943.557148781983,6249.637916639996,4113.29001986324,6169.228272968163,4128.422472011898,3961.027657136755,3983.757697623641,4710.327069730748,5274.429290401699,5310.108281754248,3793.6136782802646,4990.339494716768,4634.713040022037,5057.118874444674,4199.279945407561,5405.714899572298,5079.8538128320115,4508.136281026404,4202.63633245788,4677.657551629018,4440.944035133816,3912.152682531658,4952.593968424507,4107.643283459742,3954.6537431511065,4502.2139456252,5991.497321269639,4049.9274177234215
photo_road,7411.827832203183,5430.220807445132,4879.945114401417,5402.648933971331,6414.97535312843,6518.502062829797,5489.88770697072,6830.278647689794,7549.355026157466,6071.56313829463,7195.78988930892,6760.774401919826,7829.108537286032,8217.45110882306,8506.187851043567,8942.662510551363,7704.056701321264,7554.21743583992,6977.51412494836,6754.024933885479,0.0,5622.431579478632,7331.083436997594,7488.878928199276,6580.604443816855,5148.772692020315,5380.60022921599,5266.420265580243,6752.147489387063,7631.008471050537,6976.397995054063,6163.049945433158,7375.660821572259,4995.114044547949,7856.907469025924,6481.780893808788,6204.9693406635315,8208.57911886817,6973.455398337305,8291.599985672814,7975.48377957336,8354.25774376487,7104.931805851245,7396.011568648192,6727.439432328093,5714.102882789203,7085.19363188639,6879.347362644027,4345.068939615228,7653.966144936966,6241.826948875723,6380.528206137634,5922.755205328305,7057.341864889816,6935.325760838836,7451.528080857894,8519.481804566141,5574.3980911940835,7428.00864739086,5628.612513630476,6886.04971819211,7017.650848061528,8262.10361112173,7599.808529178561,7878.727488825957,7512.0729140569,6100.8579133613475,5679.679721171057,7045.2719178811885,6080.735068191089,6323.857331585991,5988.166074216459,6157.236709918706,5816.456641769303,6015.221079143795,5757.66328707781,5944.962246704678,6132.40781023046,6097.877045985032,5976.72992789191,5823.155273043677,5430.761524996178,5737.165684309641,5586.428021129876,5868.076737227187,6065.428278022269,5999.714677210198,5738.632396804531,5827.9671048688515,6266.612490879067,5900.378751062741,6342.937524901332,6168.1254686605635,5671.166620600346,5982.974389744164,6189.8690289444985
photo_house,5625.505639729404,3493.0393788222545,5314.497350199065,5058.187940143969,5621.375744015511,6315.969857042865,5729.321116854473,5992.759952437241,8266.984341365933,5340.11060141549,7049.028225583193,7360.560313399086,6231.4621072236105,6746.92382244047,7822.942092224736,9149.900237602933,7004.092444434683,8781.100700013378,8035.697223668877,6242.104991797474,5622.431579478632,0.0,6343.029511295888,5025.674788370138,5811.541546635243,3636.1496458345887,5712.093115438737,5310.666770365655,5612.280851189379,7351.997260885757,7213.59473808945,5417.945205067608,8426.15724016362,5158.57244251772,7716.221033127235,6898.999957812706,5723.907966094446,7738.117770434819,6801.9665537633455,8223.883237766173,7454.489729836527,9498.80517778676,7911.2375933285275,8213.930323492832,7896.596160050778,6293.143377533496,7420.147002086813,5772.272342653712,4358.183277115302,7445.737947625636,6771.023712584035,6332.563037108692,5387.966407932844,6669.307280214096,5827.479006801735,6388.204922321956,8465.277145761525,4776.543954006057,7474.538836865412,6428.501859522075,6110.6755828640125,6611.579615099043,8366.720816070885,7666.110522166147,7702.405808905082,8714.060434513756,6666.702916904398,5769.056472214454,6178.162807636913,4841.435912074457,6251.404164291483,5171.757978215397,6452.033502883455,6160.605530182252,6575.493305204221,6778.340224514947,7341.536203931967,7418.9511408326825,6338.153522935332,7103.854900243707,6997.474373009225,6664.502545013795,6479.606121520872,7025.370352601863,7210.94241669715,6772.612565661346,6527.086335568346,6874.201697188218,6645.23841187625,6453.096481630427,7210.27266142287,6632.348521691026,6565.793368522232,6609.339128542691,7367.798636272133,6675.203474763706
