,square,rectangle,parallelogram,losange,isoTrapezoid,kite,rightKite,rustedHinge,hinge,trapezoid,random
square,0.4715039013404888,0.5112790737590431,0.5411960744892808,0.5680992584209541,0.49851614373897807,0.49212348820002927,0.48683843926615206,0.519217732403768,0.5161106428406127,0.5039108301364071,0.5365046537830183
rectangle,0.5112790737590431,0.47569368719255395,0.5070671594479293,0.5383916222135009,0.5459207251972438,0.5225611754226241,0.5183701859243353,0.5071986742558833,0.4962857949318961,0.524482260283904,0.5619860035193409
parallelogram,0.5411960744892808,0.5070671594479295,0.49994106896523516,0.5255741530917234,0.5656372876738691,0.5520379770060954,0.5432695023944748,0.5273220676538163,0.5159483154234573,0.536085315941454,0.5663965019993303
losange,0.5680992584209541,0.5383916222135009,0.5255741530917234,0.5127437397456303,0.577534697224312,0.5757905461871641,0.567414129148255,0.5416228631891297,0.5348619544210843,0.5450125936422773,0.5541988721480862
isoTrapezoid,0.4985161437389781,0.5459207251972438,0.5656372876738693,0.577534697224312,0.4808472445402661,0.5051030764373808,0.5003589408280018,0.546299371121991,0.5470156613572171,0.5123098003116769,0.5316431752401606
kite,0.49212348820002927,0.5225611754226241,0.5520379770060954,0.5757905461871641,0.5051030764373808,0.48275784278180944,0.49211975809826414,0.5401632713947654,0.5372361961839542,0.5233840488529494,0.5526775538888006
rightKite,0.48683843926615206,0.5183701859243353,0.5432695023944748,0.5674141291482551,0.5003589408280018,0.49211975809826414,0.4800735805321691,0.5322499664236722,0.5289111216344782,0.5075831401458203,0.5431972199425483
rustedHinge,0.519217732403768,0.5071986742558834,0.5273220676538163,0.5416228631891297,0.5462993711219909,0.5401632713947654,0.5322499664236722,0.489535497926209,0.49188017052761296,0.5282864925647834,0.5489208284327144
hinge,0.5161106428406127,0.49628579493189623,0.5159483154234573,0.5348619544210843,0.5470156613572172,0.5372361961839542,0.5289111216344781,0.49188017052761285,0.48474961490840657,0.5239176834603226,0.5491233157763667
trapezoid,0.5039108301364071,0.524482260283904,0.5360853159414541,0.5450125936422773,0.5123098003116769,0.5233840488529495,0.5075831401458203,0.5282864925647834,0.5239176834603226,0.48863622968710013,0.518572993965217
random,0.5365046537830183,0.5619860035193409,0.5663965019993303,0.5541988721480862,0.5316431752401606,0.5526775538888007,0.5431972199425483,0.5489208284327144,0.5491233157763666,0.518572993965217,0.5026382673194469
