,square,rectangle,parallelogram,losange,isoTrapezoid,kite,rightKite,rustedHinge,hinge,trapezoid,random
square,0.13139242392822317,0.16482201295920926,0.1947215631096323,0.21980047259358487,0.15284910509083316,0.14789382092928613,0.1426284146609054,0.17321108916067912,0.17057221743619652,0.16039528284654317,0.1897892691354932
rectangle,0.16482201295920926,0.1365315245927156,0.1624852881299946,0.19243464684378042,0.19824473816437446,0.17541397892460656,0.17219774384117517,0.16437764554380377,0.15458235513304028,0.17923603717108594,0.2154275933615324
parallelogram,0.1947215631096323,0.1624852881299946,0.1516912517824094,0.17358797200358797,0.21767698007408617,0.2058756815362898,0.19524519822685626,0.18238830226391298,0.17121267729742431,0.184535566976309,0.21510578069186734
losange,0.21980047259358482,0.19243464684378045,0.17358797200358794,0.15835950020628453,0.229006498968722,0.22847344141518253,0.2175770337215831,0.19492454898300657,0.1886687777591516,0.19072613301507596,0.2009802622842129
isoTrapezoid,0.15284910509083313,0.19824473816437446,0.21767698007408617,0.22900649896872194,0.13714806213616249,0.1579660257872802,0.15305112137239435,0.19970445304532372,0.20019031262739387,0.165217502402001,0.18296132990436612
kite,0.14789382092928613,0.17541397892460656,0.2058756815362898,0.22847344141518253,0.1579660257872802,0.13684305052488363,0.14545378270958734,0.19315751519443974,0.19115553717590306,0.17965019203153018,0.20739405847727244
rightKite,0.1426284146609054,0.17219774384117517,0.19524519822685626,0.2175770337215831,0.15305112137239435,0.14545378270958734,0.13407346876890458,0.18698464574934,0.18419141331279018,0.16112065415411564,0.19508111051889263
rustedHinge,0.17321108916067912,0.16437764554380377,0.18238830226391295,0.19492454898300657,0.19970445304532372,0.19315751519443974,0.18698464574934,0.14260226435979656,0.14580959793313153,0.1833753861587586,0.20054369167615757
hinge,0.1705722174361965,0.15458235513304028,0.17121267729742431,0.1886687777591516,0.20019031262739387,0.19115553717590306,0.18419141331279018,0.14580959793313153,0.1418041741508107,0.17905497065483164,0.201008592389478
trapezoid,0.16039528284654317,0.17923603717108594,0.184535566976309,0.19072613301507596,0.165217502402001,0.1796501920315302,0.1611206541541156,0.1833753861587586,0.17905497065483164,0.14244758133382648,0.16671524871747442
random,0.18978926913549324,0.2154275933615324,0.21510578069186734,0.2009802622842129,0.18296132990436612,0.20739405847727244,0.19508111051889263,0.20054369167615763,0.20100859238947802,0.1667152487174744,0.15354127048556954
