,square,rectangle,parallelogram,losange,isoTrapezoid,kite,rightKite,rustedHinge,hinge,trapezoid,random
square,0.16135001519149278,0.19382150873685425,0.23461812538031152,0.2678036035611391,0.19248608523777447,0.19332130409188905,0.1872237632133683,0.2169672034605071,0.2123316321650325,0.20283479388540318,0.23746406209731283
rectangle,0.19382150873685422,0.16418836760092506,0.2016729775499538,0.24182550820791365,0.23737016626192484,0.2189928891647113,0.2146089186302501,0.20813142760002779,0.19634176413061163,0.22091285380134823,0.26408178729952214
parallelogram,0.23461812538031154,0.2016729775499538,0.17727491788528418,0.2040363594254702,0.261217257440241,0.25965558695132324,0.2414938177652233,0.2341906833387582,0.21951442092392043,0.21861715258465556,0.2555326624420823
losange,0.2678036035611391,0.2418255082079137,0.2040363594254702,0.17966690201536853,0.27716581603627544,0.2872700011037341,0.26820265262763376,0.25243958194984356,0.24418215715864758,0.22532757536449574,0.24088433289320976
isoTrapezoid,0.19248608523777447,0.2373701662619248,0.261217257440241,0.27716581603627544,0.1691017888686926,0.2008004224309926,0.19429265736321696,0.24995204118961448,0.24908435878179883,0.2041973023048771,0.2244669707647021
kite,0.19332130409188908,0.2189928891647113,0.2596555869513232,0.2872700011037341,0.2008004224309926,0.174172867662539,0.1868301361569495,0.24655146689555063,0.2442043659272628,0.23273841662741693,0.26199552190410863
rightKite,0.1872237632133683,0.21460891863025014,0.2414938177652233,0.26820265262763376,0.19429265736321696,0.1868301361569495,0.16768164993236537,0.24113137456431535,0.23740989434130857,0.2030697899257532,0.2411140631542777
rustedHinge,0.2169672034605071,0.20813142760002779,0.2341906833387582,0.25243958194984356,0.24995204118961453,0.24655146689555063,0.24113137456431535,0.17061082332494723,0.17780702798889383,0.23618414737662008,0.24973010609191762
hinge,0.21233163216503254,0.19634176413061163,0.2195144209239204,0.24418215715864763,0.24908435878179883,0.2442043659272628,0.23740989434130857,0.17780702798889383,0.17333105936347887,0.2299160290434965,0.24838034896888628
trapezoid,0.20283479388540318,0.22091285380134823,0.21861715258465556,0.2253275753644957,0.2041973023048771,0.23273841662741693,0.2030697899257532,0.23618414737662008,0.22991602904349648,0.1713478161207493,0.1997238327637482
random,0.23746406209731288,0.2640817872995222,0.2555326624420822,0.24088433289320976,0.22446697076470215,0.26199552190410863,0.24111406315427764,0.24973010609191765,0.24838034896888628,0.1997238327637482,0.18187257957604697
