,square,rectangle,parallelogram,losange,isoTrapezoid,kite,rightKite,rustedHinge,hinge,trapezoid,random
square,0.15605292130076434,0.19523651173883633,0.31095218119032236,0.35503749940317375,0.3204807914255921,0.33212185997563953,0.3210707963341028,0.3409288812988034,0.3393154061477955,0.31977533865407654,0.3838424168462961
rectangle,0.19523651173883633,0.16158463887928337,0.28088650405715027,0.3315284683265916,0.3442544097442604,0.34182605379536585,0.3310563087082798,0.327065847129436,0.3198300760579447,0.32800004039333336,0.39255456774381325
parallelogram,0.3109521811903224,0.28088650405715027,0.2020522341418202,0.234136340949389,0.34512242135394416,0.3477301571564772,0.330019933107042,0.3189699959106535,0.31381709151084275,0.29089562375836686,0.3398139628198614
losange,0.3550374994031737,0.3315284683265916,0.234136340949389,0.2052836296202261,0.3603307251626304,0.3662519138750464,0.3455749413382293,0.3284498833686589,0.32949442202015,0.29366890213785235,0.31760299970220757
isoTrapezoid,0.3204807914255921,0.3442544097442604,0.34512242135394416,0.3603307251626304,0.1944841888726099,0.25296683263220004,0.23181410499554556,0.28966375528011035,0.2949584000343559,0.2390847346366107,0.2725325210125796
kite,0.3321218599756395,0.34182605379536585,0.3477301571564772,0.3662519138750464,0.2529668326322001,0.19215710630979424,0.20175493850410142,0.2758765660411962,0.2761866109608257,0.27045903565670093,0.29048571614732766
rightKite,0.3210707963341028,0.3310563087082798,0.330019933107042,0.34557494133822936,0.2318141049955456,0.20175493850410137,0.1677445443815469,0.24958460894230972,0.2522029282572451,0.2364151655062747,0.2585000258932568
rustedHinge,0.3409288812988034,0.327065847129436,0.3189699959106535,0.3284498833686589,0.28966375528011035,0.2758765660411962,0.24958460894230977,0.18410718625616318,0.19894518866430774,0.270272574814475,0.26932596921216573
hinge,0.3393154061477955,0.3198300760579447,0.31381709151084275,0.32949442202015,0.29495840003435597,0.27618661096082564,0.2522029282572451,0.19894518866430774,0.1939553434647681,0.27172024612211265,0.27322481730192977
trapezoid,0.31977533865407654,0.32800004039333336,0.2908956237583669,0.29366890213785235,0.23908473463661067,0.27045903565670093,0.2364151655062747,0.270272574814475,0.27172024612211265,0.18778978291953063,0.2280884126931057
random,0.3838424168462961,0.3925545677438133,0.3398139628198614,0.31760299970220757,0.2725325210125796,0.29048571614732766,0.25850002589325677,0.26932596921216573,0.27322481730192977,0.2280884126931057,0.1826684182578346
