,square,rectangle,parallelogram,losange,isoTrapezoid,kite,rightKite,rustedHinge,hinge,trapezoid,random
square,0.14495969444285586,0.17478262118577234,0.21433065186185918,0.24405470563246454,0.17752172252961204,0.1799383640741693,0.17327366594344515,0.20064420846105382,0.19601140491181568,0.1872851705771656,0.21945359264671585
rectangle,0.1747826211857723,0.14858012643099544,0.18533204501038636,0.2216910302609187,0.21778031320259714,0.20281252005713643,0.1977449039896296,0.1934886082636412,0.18254125494741433,0.20394317664085282,0.24313981745537472
parallelogram,0.21433065186185918,0.18533204501038636,0.1624571424536718,0.18663831895735822,0.24058589894355234,0.24093478979650002,0.22367639692663097,0.2186318017448186,0.20492682015624078,0.202125731864794,0.2357658276850356
losange,0.2440547056324646,0.2216910302609187,0.1866383189573582,0.16377557355487127,0.25409334657096383,0.2644648077685628,0.24634003291613632,0.23485672054461615,0.22671916818908894,0.20680362247391473,0.22134815622572315
isoTrapezoid,0.17752172252961204,0.21778031320259714,0.24058589894355228,0.25409334657096383,0.15386414684600114,0.1843239306817537,0.17744453784439657,0.23068742722018296,0.22957466001056884,0.18630500091143515,0.20497423453584002
kite,0.1799383640741693,0.20281252005713643,0.24093478979650002,0.2644648077685628,0.1843239306817537,0.15649133061614295,0.16834750224728137,0.22766575381746157,0.2250264253642666,0.21405049979812757,0.238742046054303
rightKite,0.17327366594344515,0.1977449039896296,0.22367639692663102,0.24634003291613632,0.1774445378443966,0.16834750224728137,0.1503054734230121,0.22159558219135064,0.21771740889180707,0.18619311102046948,0.21900028749259526
rustedHinge,0.2006442084610538,0.1934886082636412,0.2186318017448186,0.2348567205446162,0.23068742722018296,0.22766575381746157,0.22159558219135067,0.15527892618684125,0.16170607951250332,0.21969234845430383,0.22925399569441862
hinge,0.19601140491181568,0.1825412549474143,0.20492682015624078,0.22671916818908894,0.22957466001056884,0.2250264253642666,0.21771740889180707,0.16170607951250335,0.15711137984139711,0.2136507175442538,0.22733976218381055
trapezoid,0.1872851705771656,0.20394317664085285,0.202125731864794,0.20680362247391473,0.18630500091143515,0.2140504997981275,0.1861931110204695,0.21969234845430383,0.2136507175442538,0.15576341864510604,0.18241537089629567
random,0.21945359264671585,0.24313981745537472,0.2357658276850356,0.22134815622572315,0.20497423453584002,0.23874204605430305,0.21900028749259526,0.22925399569441862,0.22733976218381055,0.18241537089629567,0.1632600164624198
