,square,rectangle,parallelogram,losange,isoTrapezoid,kite,rightKite,rustedHinge,hinge,trapezoid,random
square,0.06447634240387247,0.0972770001248501,0.11661342505818327,0.13242705734349927,0.1104835175698132,0.12392324936556984,0.11122757567753104,0.17784132544336284,0.15605122100420948,0.11511214270323898,0.1378153228732245
rectangle,0.09727700012485009,0.09945487337999552,0.1207506897956662,0.14026147748259304,0.14365946322225395,0.14944933337045535,0.13800449491228162,0.18843275985081717,0.16534447145039188,0.1392279070149787,0.16357524713391391
parallelogram,0.11661342505818327,0.1207506897956662,0.07837668135244892,0.09160138259870645,0.13056480079072436,0.1387094073360825,0.12551056695237883,0.1769487562907497,0.15236990643772133,0.11032223624121767,0.1293798006112652
losange,0.13242705734349927,0.14026147748259304,0.09160138259870645,0.08037764264904258,0.13744083384822772,0.14788912527817505,0.1344517390038076,0.18351125492971032,0.16170458019296835,0.11265347824187834,0.12175415751374172
isoTrapezoid,0.11048351756981323,0.14365946322225395,0.13056480079072436,0.13744083384822772,0.0807282546007709,0.10869775504925552,0.09643123542576519,0.17978614254153671,0.15922545915203204,0.09835021077022409,0.11283094965013035
kite,0.12392324936556984,0.14944933337045538,0.1387094073360825,0.14788912527817505,0.10869775504925552,0.08883418483185532,0.09023682688398373,0.17996077456510948,0.15837520385353254,0.11885319397111015,0.1292875616955774
rightKite,0.11122757567753107,0.1380044949122816,0.12551056695237883,0.13445173900380758,0.09643123542576516,0.09023682688398373,0.07270712818300297,0.16790173370893247,0.14612936526891263,0.0994826733798938,0.11264832889704628
rustedHinge,0.17784132544336284,0.18843275985081717,0.1769487562907497,0.18351125492971032,0.17978614254153671,0.17996077456510945,0.16790173370893247,0.1788456016779675,0.16761694062018218,0.17187626898150246,0.1735510841668087
hinge,0.15605122100420948,0.16534447145039188,0.15236990643772133,0.16170458019296835,0.15922545915203204,0.15837520385353254,0.14612936526891265,0.16761694062018218,0.1462036780794186,0.14909904325376033,0.1519852424207353
trapezoid,0.11511214270323898,0.1392279070149787,0.11032223624121767,0.11265347824187834,0.09835021077022409,0.11885319397111015,0.0994826733798938,0.17187626898150246,0.14909904325376033,0.07695191663168212,0.09530916692488438
random,0.1378153228732245,0.16357524713391391,0.1293798006112652,0.12175415751374172,0.11283094965013035,0.1292875616955774,0.11264832889704628,0.1735510841668087,0.1519852424207353,0.09530916692488436,0.07948409599473302
