,square,rectangle,parallelogram,losange,isoTrapezoid,kite,rightKite,rustedHinge,hinge,trapezoid,random
square,0.16813306107611659,0.2108493028504623,0.3283397567885711,0.3724601085852989,0.3344000889679346,0.34791879680311333,0.3366938179423002,0.3600972558863,0.35835044461636756,0.3365614639532817,0.40050225427816194
rectangle,0.2108493028504623,0.1750604912763128,0.2964539381345792,0.34916674343989224,0.36834678978902774,0.3645420951552255,0.35428483857692117,0.3495230844427086,0.34069565342947983,0.3506313176190946,0.41710529431544524
parallelogram,0.3283397567885711,0.2964539381345792,0.21368643195324133,0.24716600855620877,0.36873784211316674,0.3704155881501666,0.3521029653130729,0.34011773360737785,0.3332878050756242,0.3095874458808622,0.3602691822965335
losange,0.3724601085852989,0.34916674343989224,0.24716600855620877,0.21608195929006196,0.3842070961294194,0.3900483718625567,0.3687236723144293,0.3505875382050865,0.3506490797965175,0.3117212328893473,0.33659273714288557
isoTrapezoid,0.3344000889679346,0.36834678978902774,0.3687378421131668,0.3842070961294194,0.2126786394186619,0.27577368244973416,0.2549300873124834,0.31799603665985576,0.3230616349551362,0.2611301008351364,0.2940374958411257
kite,0.34791879680311333,0.3645420951552255,0.3704155881501666,0.3900483718625567,0.2757736824497341,0.21261656859535147,0.22353475702879594,0.30245564107245665,0.301409230648483,0.29504206514661085,0.31417226151930744
rightKite,0.3366938179423002,0.35428483857692117,0.35210296531307284,0.3687236723144294,0.25493008731248346,0.22353475702879594,0.1879412166602568,0.27646414075226994,0.2781497367961642,0.25966389715504834,0.2817807757053566
rustedHinge,0.3600972558863,0.3495230844427086,0.34011773360737785,0.3505875382050864,0.3179960366598558,0.30245564107245665,0.27646414075226994,0.2035217013823533,0.21916083356772265,0.296316630455266,0.29405960569586215
hinge,0.35835044461636756,0.34069565342947983,0.3332878050756242,0.35064907979651755,0.32306163495513623,0.301409230648483,0.27814973679616417,0.21916083356772265,0.21332348818250832,0.297208092370654,0.29788964010314584
trapezoid,0.3365614639532817,0.3506313176190946,0.30958744588086223,0.3117212328893473,0.2611301008351363,0.29504206514661085,0.25966389715504834,0.29631663045526596,0.297208092370654,0.2057979581538476,0.24774423560015066
random,0.40050225427816194,0.41710529431544524,0.3602691822965335,0.3365927371428855,0.2940374958411257,0.31417226151930744,0.2817807757053566,0.2940596056958622,0.29788964010314584,0.24774423560015066,0.19966259708043407
