,square,rectangle,parallelogram,losange,isoTrapezoid,kite,rightKite,rustedHinge,hinge,trapezoid,random
square,0.24196805145871084,0.2779030761067733,0.30781026838496034,0.3351030723078774,0.26552744770273656,0.2593349003657364,0.25463375033316626,0.2869300851431466,0.28317417057361044,0.27250975798779487,0.30299280407712026
rectangle,0.2779030761067733,0.24614184977525194,0.2751543867442643,0.3064895068925721,0.3115906150892839,0.28855061004253885,0.2854026987397453,0.2757711350964788,0.26462101242411096,0.2920836354048022,0.32719886628871325
parallelogram,0.3078102683849604,0.2751543867442643,0.2680334701889318,0.2936073919346207,0.3311286489635213,0.3185990664607819,0.30969589616789717,0.2955688564958996,0.2835737296419814,0.30305700051352075,0.33262736352157923
losange,0.3351030723078774,0.30648950689257215,0.29360739193462065,0.28073825820251874,0.3442136125004181,0.3427155432513984,0.33463298353001547,0.30957389122474394,0.3024713072610948,0.31287941028066046,0.3215938444014882
isoTrapezoid,0.26552744770273656,0.3115906150892839,0.3311286489635213,0.3442136125004181,0.25007113791491004,0.2714373936399855,0.26758900473759245,0.3132567513939328,0.31302180260909646,0.27996048891895586,0.29933593784739904
kite,0.2593349003657364,0.28855061004253885,0.31859906646078184,0.3427155432513984,0.27143739363998554,0.24923581500086336,0.25861257030323087,0.3064584354845333,0.30313624436087133,0.29071506043069606,0.3188383179797993
rightKite,0.2546337503331663,0.28540269873974533,0.30969589616789717,0.33463298353001547,0.26758900473759245,0.25861257030323087,0.24845412184244667,0.29966508578571127,0.29569835357047886,0.27558417263736507,0.31014780586144575
rustedHinge,0.2869300851431466,0.2757711350964789,0.29556885649589953,0.30957389122474394,0.3132567513939328,0.3064584354845333,0.29966508578571127,0.2588786019529562,0.25984005406726485,0.2967986344588745,0.3148927134461002
hinge,0.28317417057361044,0.264621012424111,0.28357372964198146,0.3024713072610948,0.31302180260909646,0.30313624436087133,0.29569835357047886,0.25984005406726485,0.253623749492045,0.2917925810221714,0.3146357041829073
trapezoid,0.2725097579877949,0.2920836354048022,0.30305700051352075,0.3128794102806604,0.27996048891895586,0.290715060430696,0.27558417263736507,0.2967986344588745,0.2917925810221714,0.2574143117063058,0.2855841780568216
random,0.30299280407712026,0.32719886628871325,0.33262736352157923,0.32159384440148814,0.2993359378473991,0.3188383179797993,0.3101478058614457,0.31489271344610015,0.3146357041829073,0.2855841780568216,0.27032447463419224
