,square,rectangle,parallelogram,losange,isoTrapezoid,kite,rightKite,rustedHinge,hinge,trapezoid,random
square,0.1506539075349649,0.18391634768021908,0.21919627975924325,0.24790830135738684,0.17535100053317165,0.17194122785762464,0.16596063161404437,0.19629769805734731,0.19287486367258,0.18371902265018128,0.21443892430092604
rectangle,0.18391634768021908,0.15421615270584435,0.18583154044542344,0.21992615442948651,0.2208516849868795,0.19858230903206342,0.194658599675304,0.1867893793163936,0.17612346144234783,0.20217692782753396,0.24027211222104025
parallelogram,0.21919627975924322,0.18583154044542344,0.16798740194241787,0.1919997394017063,0.24265008718869416,0.23417147313327102,0.2200187415423744,0.20851750756050255,0.19584856479084356,0.20399965230925635,0.2353935527347912
losange,0.24790830135738684,0.21992615442948651,0.19199973940170634,0.17078665544371552,0.25589933468695236,0.2586845076192615,0.24425380222412985,0.2232520459904038,0.21644584350355103,0.21044590690450146,0.2211037674605187
isoTrapezoid,0.17535100053317165,0.2208516849868795,0.24265008718869419,0.25589933468695236,0.1562887110406506,0.18109247483579796,0.17541449269006207,0.22529223376451554,0.22527904659605882,0.18735983643438583,0.20515483973365864
kite,0.17194122785762464,0.19858230903206342,0.23417147313327102,0.25868450761926154,0.18109247483579796,0.1573414232140443,0.16796945454851192,0.21953474722392355,0.21755040346005095,0.2072718487143128,0.23507945099737343
rightKite,0.16596063161404434,0.194658599675304,0.2200187415423744,0.24425380222412985,0.17541449269006207,0.16796945454851195,0.15319398961109834,0.21378674367730724,0.21054020400859894,0.18376014797819235,0.21912775238003962
rustedHinge,0.19629769805734731,0.1867893793163936,0.20851750756050255,0.2232520459904038,0.22529223376451554,0.21953474722392355,0.21378674367730724,0.1584281662546461,0.16353224994210422,0.2091111832218093,0.22475759905595669
hinge,0.19287486367258005,0.17612346144234783,0.19584856479084353,0.21644584350355103,0.22527904659605882,0.21755040346005095,0.210540204008599,0.16353224994210422,0.1593423198618222,0.20395038197610668,0.22465178029559413
trapezoid,0.18371902265018128,0.20217692782753396,0.2039996523092563,0.21044590690450146,0.18735983643438583,0.2072718487143128,0.18376014797819235,0.2091111832218093,0.20395038197610668,0.15929230667162142,0.18394611248403803
random,0.21443892430092604,0.24027211222104025,0.2353935527347912,0.2211037674605187,0.20515483973365864,0.23507945099737337,0.21912775238003962,0.22475759905595666,0.22465178029559413,0.18394611248403803,0.16837241755820997
