,square,rectangle,parallelogram,losange,isoTrapezoid,kite,rightKite,rustedHinge,hinge,trapezoid,random
square,0.08604051400747469,0.11982062350866093,0.15928790953808764,0.18020967677934732,0.1553578135239082,0.17202013063469995,0.15810171482956228,0.21173425270276025,0.19616066998370596,0.16082042311541944,0.1916611446163105
rectangle,0.11982062350866093,0.11334436470836626,0.15577415680411288,0.18157541972705712,0.18885846266696096,0.1957863215460827,0.18338085802712922,0.21835928401548022,0.20030663620392183,0.18299073045434558,0.21565556093551927
parallelogram,0.15928790953808764,0.15577415680411288,0.10808778253718693,0.1256866613297894,0.17924079577377872,0.1877137802772324,0.17239880952169162,0.20767813955713807,0.18809263846123378,0.15196256081337017,0.17633927284098813
losange,0.18020967677934732,0.18157541972705715,0.1256866613297894,0.11039578106961179,0.18830061285785343,0.19952278572108278,0.18365249893286137,0.21633790700475888,0.19985001053009357,0.15490363135984087,0.16681891876617044
isoTrapezoid,0.1553578135239082,0.18885846266696096,0.17924079577377872,0.18830061285785343,0.11325186753162114,0.1486792217078134,0.13399847323405967,0.21157234642120135,0.19742671925287494,0.13707708812387265,0.15613970667325455
kite,0.17202013063469995,0.1957863215460827,0.1877137802772324,0.19952278572108278,0.1486792217078134,0.11815436854552144,0.12236644374939416,0.21003937494537528,0.19431625624270482,0.161362653814287,0.17545207872149834
rightKite,0.15810171482956228,0.18338085802712922,0.17239880952169165,0.18365249893286137,0.13399847323405967,0.12236644374939412,0.10044393239633934,0.1944030533938832,0.17882399355482148,0.13748947225534908,0.15447834305828276
rustedHinge,0.2117342527027602,0.21835928401548027,0.20767813955713807,0.2163379070047589,0.21157234642120135,0.21003937494537528,0.19440305339388322,0.18517314581126904,0.18034724577489936,0.20026967919146882,0.20261873146820567
hinge,0.19616066998370596,0.20030663620392183,0.18809263846123378,0.19985001053009357,0.19742671925287494,0.19431625624270482,0.1788239935548215,0.18034724577489936,0.16271562572004025,0.18307598277431394,0.18675684064507866
trapezoid,0.16082042311541944,0.18299073045434558,0.15196256081337017,0.15490363135984087,0.13707708812387265,0.16136265381428697,0.1374894722553491,0.20026967919146882,0.18307598277431392,0.10731823151131585,0.13161932224637843
random,0.1916611446163105,0.21565556093551927,0.17633927284098813,0.16681891876617044,0.15613970667325452,0.17545207872149834,0.15447834305828276,0.20261873146820567,0.18675684064507866,0.13161932224637843,0.11023220702898724
