,square,rectangle,parallelogram,losange,isoTrapezoid,kite,rightKite,rustedHinge,hinge,trapezoid,random
square,0.1468727623472929,0.17802839954093153,0.21420765806602726,0.24388579249410464,0.17133699471365105,0.17006232769327093,0.164407439374683,0.19291237153999197,0.18949574195334815,0.18070147905127437,0.21097132410214278
rectangle,0.17802839954093153,0.15044273718516243,0.18323407683195053,0.2184344027564106,0.21390401448628985,0.19479933845120503,0.19120588941104802,0.18433410925237598,0.17422168766469723,0.19811693858349458,0.2357988395192089
parallelogram,0.21420765806602726,0.18323407683195053,0.1638264640924042,0.18827458969281566,0.23584023688108668,0.23096855255401197,0.21630655026110795,0.206661426193753,0.19452604256659586,0.19871874795561217,0.23030166732428528
losange,0.2438857924941046,0.2184344027564106,0.18827458969281566,0.16746627884729978,0.2504317949451899,0.2561272272732361,0.241056509195939,0.22261542254030953,0.21624532026326526,0.20584997302545255,0.21764437339253856
isoTrapezoid,0.17133699471365105,0.21390401448628982,0.23584023688108668,0.2504317949451899,0.15138061744181597,0.17755855112804184,0.17213220587311168,0.22042504068940186,0.22046126046005393,0.18286406200016783,0.2005249413574222
kite,0.17006232769327095,0.19479933845120503,0.23096855255401197,0.2561272272732361,0.17755855112804184,0.15458855228418245,0.16561573888137507,0.21655891681665726,0.21462694094949222,0.20509822879622208,0.23183998481427326
rightKite,0.164407439374683,0.191205889411048,0.2163065502611079,0.241056509195939,0.17213220587311168,0.16561573888137507,0.150205326146059,0.21163885876943886,0.20839483475950601,0.1807304776518795,0.2149852671604101
rustedHinge,0.19291237153999197,0.18433410925237598,0.206661426193753,0.22261542254030958,0.22042504068940186,0.21655891681665726,0.21163885876943886,0.1543961254646537,0.16017126356141648,0.206655518345925,0.22081142333540307
hinge,0.18949574195334815,0.17422168766469723,0.1945260425665959,0.21624532026326526,0.22046126046005396,0.21462694094949222,0.20839483475950601,0.16017126356141648,0.15631286396473174,0.2017069204190837,0.2205303403073739
trapezoid,0.18070147905127437,0.19811693858349458,0.19871874795561217,0.20584997302545255,0.1828640620001678,0.20509822879622208,0.1807304776518795,0.206655518345925,0.2017069204190837,0.1551453232770025,0.17950724995249875
random,0.21097132410214278,0.23579883951920885,0.2303016673242852,0.21764437339253853,0.2005249413574222,0.23183998481427326,0.2149852671604101,0.22081142333540307,0.2205303403073739,0.17950724995249875,0.16402440032784932
