,square,rectangle,parallelogram,losange,isoTrapezoid,kite,rightKite,rustedHinge,hinge,trapezoid,random
square,0.03027360897942903,0.04166203321070715,0.05406184434182551,0.06576407139979983,0.03910147831699473,0.03758599412342929,0.03496648593980221,0.045979250549810655,0.04427312405035638,0.041751455919947,0.05368411186772303
rectangle,0.04166203321070715,0.032416844418767486,0.04140658641495748,0.05336192021774644,0.05411719817238535,0.046278482361583356,0.044941940679617806,0.043815096255692854,0.03959079671936457,0.04690396211030287,0.06100236832774219
parallelogram,0.05406184434182551,0.04140658641495748,0.03598306861481462,0.04245878405383328,0.06236209668674219,0.05898958438536015,0.054862004620334984,0.04844617631897051,0.04369092230068517,0.046893998377209214,0.0568969235238435
losange,0.06576407139979983,0.053361920217746446,0.04245878405383328,0.036982619334476476,0.06916383742180263,0.06920192056242401,0.06497973440172802,0.0540623083805204,0.05089339138657357,0.0509258537441664,0.052378142022228624
isoTrapezoid,0.039101478316994724,0.05411719817238535,0.06236209668674219,0.06916383742180263,0.03327367375682579,0.04100890448161845,0.03896358123308778,0.0553793709870852,0.054996481709959924,0.04368135844618876,0.05053515578615073
kite,0.037585994123429285,0.046278482361583356,0.05898958438536016,0.06920192056242401,0.04100890448161845,0.032261471407340044,0.03631480277983066,0.05465428769878965,0.0535569077630483,0.05093533926224253,0.0614370970120484
rightKite,0.03496648593980221,0.044941940679617806,0.054862004620334984,0.06497973440172802,0.03896358123308778,0.03631480277983066,0.03237148060580538,0.051895496754780016,0.050234076557153604,0.042707848914064886,0.055623724841537166
rustedHinge,0.04597925054981064,0.043815096255692854,0.04844617631897051,0.0540623083805204,0.0553793709870852,0.05465428769878965,0.051895496754780016,0.03446856920667388,0.03530440685993123,0.04805622160816364,0.05353762086299013
hinge,0.04427312405035638,0.039590796719364565,0.04369092230068517,0.050893391386573554,0.054996481709959924,0.0535569077630483,0.050234076557153604,0.03530440685993122,0.03366057571806189,0.04558317044794211,0.053175671160648974
trapezoid,0.041751455919947,0.04690396211030288,0.04689399837720921,0.0509258537441664,0.04368135844618876,0.05093533926224253,0.042707848914064886,0.048056221608163634,0.045583170447942106,0.033395114595197006,0.04115440844818299
random,0.05368411186772303,0.0610023683277422,0.05689692352384351,0.052378142022228624,0.05053515578615073,0.0614370970120484,0.055623724841537166,0.05353762086299013,0.053175671160648974,0.04115440844818299,0.035473425672977156
