,square,rectangle,parallelogram,losange,isoTrapezoid,kite,rightKite,rustedHinge,hinge,trapezoid,random
square,0.02303531047908468,0.03214524968864154,0.04206547060338597,0.043128654857632294,0.02866640735745149,0.02984981909203803,0.027177770019912537,0.03584484403131868,0.03541433369329984,0.03125718145223145,0.03887253976212834
rectangle,0.03214524968864154,0.02196108687037082,0.029178874139047645,0.03540518532039803,0.04209306838828975,0.03673539265246534,0.034484304234022704,0.033681211762754557,0.029905690393102213,0.03582864663362143,0.049902570723476834
parallelogram,0.04206547060338597,0.029178874139047645,0.024784354316351665,0.029166890604234365,0.04961360452075289,0.047626409308362934,0.0427933187763879,0.03904964713037821,0.034042950529679164,0.03541524182159362,0.048253673197689834
losange,0.0431286548576323,0.03540518532039803,0.029166890604234358,0.024608238626364604,0.04635226841859033,0.048000585807037456,0.0427643930267356,0.04074738830328904,0.037174889681419195,0.031813941932724236,0.03954165791572028
isoTrapezoid,0.02866640735745149,0.04209306838828975,0.04961360452075289,0.04635226841859034,0.023679738051110087,0.03107228935507808,0.028878613371415222,0.04418620832619947,0.0440576302313406,0.030560638175485717,0.03455963348085288
kite,0.02984981909203803,0.036735392652465344,0.047626409308362934,0.048000585807037456,0.03107228935507808,0.02601703405272471,0.02743721422696555,0.04626933450001956,0.04492257632843276,0.03742224429776332,0.04619820041946701
rightKite,0.02717777001991254,0.034484304234022704,0.0427933187763879,0.042764393026735605,0.028878613371415222,0.027437214226965545,0.024049676981855016,0.04275498744662542,0.04158923595660197,0.0316336059613749,0.04117415554538653
rustedHinge,0.03584484403131868,0.033681211762754557,0.03904964713037821,0.04074738830328904,0.04418620832619946,0.04626933450001956,0.04275498744662541,0.027385088579466716,0.028281954171558377,0.038191287555649725,0.04510213539642906
hinge,0.03541433369329984,0.029905690393102213,0.034042950529679164,0.037174889681419195,0.04405763023134059,0.044922576328432766,0.04158923595660197,0.028281954171558373,0.026940809927359276,0.036306364309788244,0.0448012386277637
trapezoid,0.031257181452231456,0.03582864663362143,0.03541524182159362,0.031813941932724236,0.030560638175485717,0.03742224429776332,0.0316336059613749,0.038191287555649725,0.036306364309788244,0.023647302214866005,0.029259282685065818
random,0.038872539762128344,0.049902570723476834,0.048253673197689834,0.03954165791572028,0.03455963348085288,0.04619820041946701,0.04117415554538653,0.04510213539642906,0.04480123862776371,0.029259282685065818,0.026510388603559275
