,square,rectangle,parallelogram,losange,isoTrapezoid,kite,rightKite,rustedHinge,hinge,trapezoid,random
square,1.1102230246251565e-16,0.020720242681150136,0.024608724943907312,0.03666891488437607,0.010633002821819892,0.006845863158535637,0.0059385199573496195,0.023352383306704194,0.02001090513289505,0.01670057671464542,0.041033219601636084
rectangle,0.020720242681150136,0.0,0.008280725813295087,0.02633681990028791,0.0348489691195214,0.024340045852825676,0.022455567576915247,0.019226016292780646,0.010112208494466368,0.023520845589076633,0.056942905858701987
parallelogram,0.024608724943907312,0.008280725813295087,0.0,0.010295830211555668,0.03453404855946207,0.029607514171431593,0.02527279564767182,0.022390993209326915,0.012649511953527037,0.01610549769053793,0.04340422958212986
losange,0.03666891488437607,0.02633681990028791,0.010295830211555668,0.0,0.03924186636469207,0.04206710679096837,0.03731219628948135,0.03493731219846796,0.026248001013882027,0.015760690458879067,0.028536455785378334
isoTrapezoid,0.010633002821819892,0.0348489691195214,0.03453404855946207,0.03924186636469207,0.0,0.013371142255161228,0.008766532485044443,0.029155849675819856,0.02976160119864346,0.01552942721323658,0.028977539504450367
kite,0.006845863158535637,0.024340045852825676,0.029607514171431593,0.04206710679096837,0.013371142255161228,0.0,0.006816694632998721,0.0310886158465572,0.027817146614093846,0.025777383485612093,0.05080762074676659
rightKite,0.0059385199573496195,0.022455567576915247,0.02527279564767182,0.03731219628948135,0.008766532485044443,0.006816694632998721,0.0,0.020293856807988786,0.01983202084873037,0.01643183771055523,0.04066366430800217
rustedHinge,0.023352383306704194,0.019226016292780646,0.022390993209326915,0.03493731219846796,0.029155849675819856,0.0310886158465572,0.020293856807988786,0.0,0.0031400006777478895,0.024543379981258107,0.04478493572824327
hinge,0.02001090513289505,0.010112208494466368,0.012649511953527037,0.026248001013882027,0.02976160119864346,0.027817146614093846,0.01983202084873037,0.0031400006777478895,1.1102230246251565e-16,0.019228507952055995,0.0436793907851909
trapezoid,0.01670057671464542,0.023520845589076633,0.01610549769053793,0.015760690458879067,0.01552942721323658,0.025777383485612093,0.01643183771055523,0.024543379981258107,0.019228507952055995,0.0,0.014595777762263396
random,0.041033219601636084,0.056942905858701987,0.04340422958212986,0.028536455785378334,0.028977539504450367,0.05080762074676659,0.04066366430800217,0.04478493572824327,0.0436793907851909,0.014595777762263396,0.0
