,square,rectangle,parallelogram,losange,isoTrapezoid,kite,rightKite,rustedHinge,hinge,trapezoid,random
square,0.0,0.08785988489748853,0.19642626282003983,0.26501583179507326,0.15815240366908212,0.1509118434225245,0.1592419130273678,0.22838084726358743,0.20489273258909668,0.15440195191639317,0.264392074971178
rectangle,0.08785988489748853,0.0,0.10878563689738063,0.1974761298420401,0.239320193331932,0.19647990763166745,0.21152449036622312,0.20496801267264975,0.16678438856812672,0.18422750392888587,0.2987359978466929
parallelogram,0.19642626282003983,0.10878563689738063,2.220446049250313e-16,0.06016864240397979,0.23981363016839574,0.2237137821022933,0.21825696941249517,0.18730098177728083,0.15991325850311033,0.1343852088424793,0.22675376417036708
losange,0.26501583179507326,0.1974761298420401,0.06016864240397979,0.0,0.2713620359069556,0.28012496012389976,0.27513186566307035,0.2309558712965517,0.21836715152628605,0.15584677649755152,0.20996652492240586
isoTrapezoid,0.15815240366908212,0.239320193331932,0.23981363016839574,0.2713620359069556,0.0,0.09093927291548587,0.08049726620313735,0.21503971356032747,0.21723387815976303,0.08766832162929805,0.13669110875427237
kite,0.1509118434225245,0.19647990763166745,0.2237137821022933,0.28012496012389976,0.09093927291548587,1.1102230246251565e-16,0.043262309823717815,0.17469313500699346,0.16375694212945535,0.14045973852065063,0.18102793634686853
rightKite,0.1592419130273678,0.21152449036622312,0.21825696941249517,0.27513186566307035,0.08049726620313735,0.043262309823717815,1.1102230246251565e-16,0.1678540992404709,0.15848276032089337,0.09845453137666627,0.15223030970644136
rustedHinge,0.22838084726358743,0.20496801267264975,0.18730098177728083,0.2309558712965517,0.21503971356032747,0.17469313500699346,0.1678540992404709,0.0,0.02225654093238305,0.17850705363648978,0.18092236352735847
hinge,0.20489273258909668,0.16678438856812672,0.15991325850311033,0.21836715152628605,0.21723387815976303,0.16375694212945535,0.15848276032089337,0.02225654093238305,1.1102230246251565e-16,0.16680196771197253,0.1833161962744131
trapezoid,0.15440195191639317,0.18422750392888587,0.1343852088424793,0.15584677649755152,0.08766832162929805,0.14045973852065063,0.09845453137666627,0.17850705363648978,0.16680196771197253,0.0,0.08134103206264143
random,0.264392074971178,0.2987359978466929,0.22675376417036708,0.20996652492240586,0.13669110875427237,0.18102793634686853,0.15223030970644136,0.18092236352735847,0.1833161962744131,0.08134103206264143,0.0
