,square,rectangle,parallelogram,losange,isoTrapezoid,kite,rightKite,rustedHinge,hinge,trapezoid,random
square,0.0,0.0579518519542398,0.08348270192143192,0.11863163982867375,0.035768094772123726,0.02295523388261045,0.01739418334085041,0.062322302575524735,0.058806084239298784,0.03849985296974012,0.0742691649094428
rectangle,0.0579518519542398,2.220446049250313e-16,0.03107571360520478,0.06456460037804657,0.09870280798852105,0.06385340740273504,0.06227950457597242,0.03551615783059314,0.02189821245642576,0.06660745732256712,0.10017754127174106
parallelogram,0.08348270192143192,0.03107571360520478,0.0,0.03569705999683581,0.10811516449887204,0.08942220226812092,0.07711282469411118,0.05265767412958067,0.038195249820342725,0.06324391996514767,0.0949575343300364
losange,0.11863163982867375,0.06456460037804657,0.03569705999683581,0.0,0.11800281290855141,0.11608854826077941,0.10845726965287183,0.06329023548006762,0.057469730973434774,0.0706350070159758,0.0724476648507042
isoTrapezoid,0.035768094772123726,0.09870280798852105,0.10811516449887204,0.11800281290855141,0.0,0.0358578496179347,0.033780322683197195,0.09819091920213074,0.0979447150896966,0.039907502681207796,0.05795959362949865
kite,0.02295523388261045,0.06385340740273504,0.08942220226812092,0.11608854826077941,0.0358578496179347,0.0,0.01788338244823595,0.07842268337118874,0.07622719484295204,0.05907910409574524,0.08550646355149105
rightKite,0.01739418334085041,0.06227950457597242,0.07711282469411118,0.10845726965287183,0.033780322683197195,0.01788338244823595,0.0,0.07347092506366992,0.06996476211963298,0.03564904413204495,0.07769608945822759
rustedHinge,0.062322302575524735,0.03551615783059314,0.05265767412958067,0.06329023548006762,0.09819091920213074,0.07842268337118874,0.07347092506366992,0.0,0.0066032678901102315,0.06950369286195679,0.08243283774454035
hinge,0.058806084239298784,0.02189821245642576,0.038195249820342725,0.057469730973434774,0.0979447150896966,0.07622719484295204,0.06996476211963298,0.0066032678901102315,0.0,0.0639125508771099,0.0832044705167494
trapezoid,0.03849985296974012,0.06660745732256712,0.06324391996514767,0.0706350070159758,0.039907502681207796,0.05907910409574524,0.03564904413204495,0.06950369286195679,0.0639125508771099,0.0,0.03717612000659887
random,0.0742691649094428,0.10017754127174106,0.0949575343300364,0.0724476648507042,0.05795959362949865,0.08550646355149105,0.07769608945822759,0.08243283774454035,0.0832044705167494,0.03717612000659887,0.0
