,square,rectangle,parallelogram,losange,isoTrapezoid,kite,rightKite,rustedHinge,hinge,trapezoid,random
square,246.03409678062303,268.7708723685744,285.8141121061728,296.54341112361993,250.84067559889996,253.23985168855987,266.39524949760903,274.0732034422141,262.3810937367203,261.2155059012911,271.95760993418077
rectangle,268.7708723685743,258.8623969173197,281.2338526087554,295.6010370329075,274.39247334116897,270.2526381122308,283.84610238013676,277.8935841532726,262.4149981900259,275.2937568652418,288.3511215526311
parallelogram,285.8141121061728,281.2338526087554,264.0094989699187,268.0138373929771,283.62200054199445,277.2936065692013,288.87022121514326,280.8749794708166,269.46615683144387,267.7628578880108,275.4213904048365
losange,296.54341112361993,295.6010370329075,268.0138373929771,235.49052032224088,287.18165695341423,275.12440258127384,290.24799332138326,278.5436534342162,273.461808478057,258.72414959382843,256.55257718551854
isoTrapezoid,250.84067559889996,274.3924733411689,283.62200054199445,287.18165695341423,225.6819056185744,243.2494085613863,257.3154523774579,274.04650845935373,264.16058511600335,250.23999429276964,255.75358786563052
kite,253.23985168855987,270.25263811223084,277.2936065692013,275.1244025812738,243.2494085613863,221.2021510079513,250.3076906941792,267.55895634392493,260.1453000697257,252.65397332397558,258.5734954140275
rightKite,266.39524949760903,283.84610238013676,288.87022121514326,290.24799332138326,257.3154523774579,250.3076906941792,257.49833626979375,282.4043111712421,274.2341907836469,262.8817615791265,272.28053146272595
rustedHinge,274.0732034422141,277.8935841532726,280.8749794708166,278.5436534342162,274.04650845935373,267.5589563439249,282.4043111712421,250.79531032330203,249.34460054234933,267.7429543359597,269.4299157807524
hinge,262.38109373672023,262.4149981900259,269.46615683144387,273.46180847805704,264.1605851160033,260.1453000697257,274.2341907836469,249.34460054234933,235.8767834347102,259.1256873225282,264.04897405777467
trapezoid,261.2155059012912,275.2937568652418,267.7628578880108,258.72414959382843,250.23999429276964,252.65397332397563,262.8817615791265,267.7429543359597,259.12568732252817,231.11541412988385,239.9716533115547
random,271.9576099341808,288.3511215526311,275.42139040483653,256.55257718551854,255.75358786563052,258.5734954140275,272.28053146272606,269.4299157807524,264.04897405777467,239.97165331155463,223.24983389037533
