,square,rectangle,parallelogram,losange,isoTrapezoid,kite,rightKite,rustedHinge,hinge,trapezoid,random
square,46.224172637914606,55.1447687099956,88.45296055017339,96.25297801443291,89.18195476102318,93.40411474342446,92.45614062819762,102.02852140277791,96.32758759598832,87.39840576748453,103.54555924554015
rectangle,55.14476870999559,46.339691070639034,86.71126531980647,95.73974550319791,94.3950156688574,95.76799964394203,95.40542638298612,102.25813804135511,95.47949274954803,89.90312366472145,105.58105322320853
parallelogram,88.4529605501734,86.71126531980647,59.36183497041233,69.60928050688644,87.84092191379057,92.48514285912009,93.59146127821721,97.21281460133449,90.3772836636526,79.24992073738996,94.77612865406171
losange,96.25297801443291,95.73974550319792,69.60928050688644,62.83725258245689,89.29080998892141,93.3683323330127,94.23554626340197,97.02702217374582,92.11414740716405,80.0188764389467,89.8004809654982
isoTrapezoid,89.18195476102318,94.3950156688574,87.84092191379057,89.29080998892141,53.979476433148875,70.44412822260269,68.82760037610716,83.6400177615064,81.45729383895535,68.5901166627112,74.89737035789535
kite,93.40411474342446,95.76799964394203,92.48514285912009,93.3683323330127,70.44412822260269,54.35161816715394,59.21777953366569,76.59777538165018,72.59301427532257,76.56026951684959,71.92769296421967
rightKite,92.45614062819762,95.40542638298611,93.59146127821722,94.23554626340197,68.82760037610716,59.21777953366569,51.734928907751495,72.07352802749251,70.6012180589071,76.08738513822286,71.08932843023433
rustedHinge,102.02852140277791,102.25813804135512,97.21281460133449,97.02702217374579,83.6400177615064,76.59777538165018,72.07352802749253,59.19888782310219,64.76168782152149,87.52265895459803,79.56175318575956
hinge,96.32758759598832,95.47949274954802,90.37728366365259,92.11414740716404,81.45729383895535,72.59301427532257,70.6012180589071,64.76168782152149,59.24112578676097,82.71627614403693,75.98412066400326
trapezoid,87.39840576748453,89.90312366472145,79.24992073738996,80.0188764389467,68.5901166627112,76.56026951684959,76.08738513822286,87.52265895459804,82.71627614403693,56.968842168762464,74.05925049884772
random,103.54555924554015,105.58105322320854,94.77612865406171,89.8004809654982,74.89737035789535,71.92769296421967,71.08932843023433,79.56175318575956,75.98412066400326,74.05925049884773,55.02736632964661
