,square,rectangle,parallelogram,losange,isoTrapezoid,kite,rightKite,rustedHinge,hinge,trapezoid,random
square,207.89350301267328,223.48920097727884,231.3029334367137,235.60180020648238,202.69061021355859,205.61131324960078,222.42472440219765,224.44055588090706,212.6141323668988,212.1780380387018,215.44637642493737
rectangle,223.48920097727884,221.2697269864923,234.05794388204356,239.94405430314032,217.8727333943923,218.22219680237103,235.20358858265894,229.8843554926984,216.16237118028204,223.4700878729012,227.30793719873728
parallelogram,231.3029334367137,234.05794388204356,223.3295149558137,220.09367107089543,222.08738624718595,215.5197481249506,233.24067473211008,227.27388667860004,218.18097994140723,216.6227423246295,216.23788241357863
losange,235.60180020648238,239.94405430314032,220.09367107089543,189.86580253196527,221.9639299517598,205.34800072543374,229.22596136582362,219.9854824723759,216.0921988840263,203.44323675533158,197.12756356761892
isoTrapezoid,202.69061021355859,217.8727333943923,222.08738624718598,221.9639299517598,182.08521534094757,191.1237604865662,209.6352947545665,215.40569539207763,203.87067042625554,198.30048229965215,198.98553868859648
kite,205.61131324960078,218.22219680237103,215.5197481249506,205.34800072543374,191.1237604865662,175.611045258411,203.95531617962789,208.67544162819956,200.2495844758794,192.69167421736307,191.59482893664483
rightKite,222.42472440219763,235.20358858265894,233.24067473211005,229.22596136582362,209.6352947545665,203.95531617962789,218.26619709167534,227.17462111941015,218.44966027458082,213.28922530707683,213.98818784651405
rustedHinge,224.44055588090706,229.88435549269838,227.27388667860004,219.9854824723759,215.40569539207763,208.67544162819954,227.17462111941015,211.9292614143886,206.94160878901613,212.64392915098554,210.0882923114691
hinge,212.6141323668988,216.16237118028204,218.18097994140723,216.09219888402623,203.87067042625554,200.2495844758794,218.44966027458082,206.94160878901613,194.22375930639768,204.4098590676203,203.86304240309116
trapezoid,212.1780380387018,223.4700878729011,216.62274232462957,203.44323675533158,198.30048229965215,192.69167421736307,213.28922530707683,212.6439291509856,204.40985906762023,188.08195151817043,189.8615964140974
random,215.44637642493737,227.30793719873728,216.23788241357863,197.12756356761895,198.98553868859645,191.59482893664483,213.98818784651405,210.0882923114691,203.8630424030912,189.8615964140974,177.32573515474354
