,square,rectangle,parallelogram,losange,isoTrapezoid,kite,rightKite,rustedHinge,hinge,trapezoid,random
square,541.0209486218654,605.8413042881402,702.8115370096766,757.6252852370197,654.5078429006438,662.5663103040056,662.9881779191028,698.0230246646603,677.2232554319406,675.5953614776505,742.7834988821378
rectangle,605.8413042881402,547.7209045821131,664.5430385740523,735.9499580449698,714.5179297492972,696.8710649347604,700.5436649425569,690.0465153254123,658.4314876826296,702.5969603660402,774.8746409496407
parallelogram,702.8115370096766,664.5430385740522,594.1264253836381,656.3566643027419,749.5903317756058,747.9962232797186,739.2667645978373,725.3086106908017,697.1241315301692,688.7171429070576,749.3544570240682
losange,757.6252852370197,735.9499580449698,656.3566643027418,592.8004909091184,770.8918276884807,776.9587838158221,768.8098554859599,751.3108490598876,736.0980059700697,694.1391590146808,720.8915017704855
isoTrapezoid,654.5078429006438,714.5179297492972,749.5903317756059,770.8918276884807,564.2463852223786,651.6687396701966,646.7610564272007,735.7226681195712,728.3946610668783,652.4731022756449,695.3898439910879
kite,662.5663103040056,696.8710649347603,747.9962232797185,776.9587838158222,651.6687396701966,565.5617425102791,616.4691618275207,725.091025155209,714.3960357628931,707.593311837147,741.8917779995556
rightKite,662.9881779191028,700.5436649425569,739.2667645978373,768.8098554859598,646.7610564272007,616.4691618275207,580.483583960505,723.0021186776164,712.2379487702412,674.0249169794463,723.77142766436
rustedHinge,698.0230246646603,690.0465153254122,725.3086106908017,751.3108490598875,735.722668119571,725.0910251552091,723.0021186776164,581.1394223764293,600.9041314094001,726.5401227435171,735.0781703573656
hinge,677.2232554319406,658.4314876826296,697.1241315301693,736.0980059700696,728.3946610668783,714.3960357628931,712.2379487702412,600.9041314094001,572.2218823001293,711.7255958943495,726.5170514493128
trapezoid,675.5953614776505,702.5969603660402,688.7171429070576,694.1391590146808,652.4731022756449,707.593311837147,674.0249169794463,726.5401227435171,711.7255958943496,575.2249359762437,651.6133277350264
random,742.7834988821378,774.8746409496407,749.3544570240682,720.8915017704855,695.3898439910879,741.8917779995556,723.77142766436,735.0781703573657,726.5170514493128,651.6133277350264,588.5010470315135
