,square,rectangle,parallelogram,losange,isoTrapezoid,kite,rightKite,rustedHinge,hinge,trapezoid,random
square,855.1126313324274,967.4029215665072,1214.0240933508317,1308.3202280867474,1157.7122207069197,1196.4651769577686,1184.6871760735414,1224.0035678732684,1202.6571951147102,1193.0035163741393,1338.9052335210424
rectangle,967.4029215665071,864.8901826500623,1146.6151292126851,1266.2848123293184,1234.6874251157492,1234.472092452033,1229.0595915044546,1205.0434182874121,1167.9879181641898,1221.9508961961571,1372.9680694541082
parallelogram,1214.0240933508317,1146.6151292126851,985.361972364152,1109.8637111867688,1294.1978189156555,1319.5116697567466,1302.7335224583608,1263.6507728247004,1228.4218120703526,1193.1079872139564,1338.7413278584659
losange,1308.3202280867474,1266.2848123293184,1109.8637111867688,1000.0391249598292,1328.5702305230973,1358.9184185466884,1343.7352655594445,1304.4900469755867,1286.643675086308,1201.3209626355347,1291.8287566407241
isoTrapezoid,1157.7122207069194,1234.687425115749,1294.1978189156555,1328.5702305230973,944.4282855865198,1112.8970160622605,1091.2737675970595,1235.93911160485,1235.3393782695048,1108.1101152463068,1201.313486280776
kite,1196.4651769577686,1234.472092452033,1319.5116697567466,1358.9184185466884,1112.8970160622605,939.6741258771074,1017.6541924003873,1218.3346575496087,1207.4134455804206,1214.1920112355851,1262.9684747801407
rightKite,1184.6871760735414,1229.0595915044546,1302.7335224583608,1343.7352655594448,1091.2737675970595,1017.6541924003875,934.4852244232309,1198.0933698853573,1189.6964044374931,1153.9392331080037,1221.8255714790998
rustedHinge,1224.0035678732681,1205.0434182874117,1263.6507728247007,1304.4900469755864,1235.9391116048503,1218.3346575496087,1198.0933698853576,956.7317267047725,1003.8419447413489,1236.3459017990197,1249.8857099068905
hinge,1202.6571951147102,1167.9879181641898,1228.4218120703526,1286.643675086308,1235.339378269505,1207.4134455804208,1189.6964044374931,1003.841944741349,960.1757746461476,1220.738601287576,1238.6720878577655
trapezoid,1193.0035163741395,1221.9508961961574,1193.1079872139567,1201.3209626355347,1108.1101152463068,1214.192011235585,1153.9392331080032,1236.3459017990194,1220.738601287576,966.2479704334621,1138.0474835881435
random,1338.9052335210424,1372.9680694541082,1338.7413278584659,1291.8287566407241,1201.313486280776,1262.9684747801407,1221.8255714790998,1249.8857099068905,1238.6720878577653,1138.0474835881435,997.8501510769014
