,square,rectangle,parallelogram,losange,isoTrapezoid,kite,rightKite,rustedHinge,hinge,trapezoid,random
square,210.36123351938116,219.60016887751587,222.74456621542242,227.31296509012958,218.11633638605085,216.26890221184482,215.6634763443524,221.3429680647481,220.5125282068708,218.5813155178519,223.23395581929225
rectangle,219.60016887751584,210.40202790576407,217.68153508681425,222.73549524943672,225.4218008660489,220.98933447097087,220.65628928740912,218.65459293116047,216.6251305885911,221.69237694709096,226.59973029738953
parallelogram,222.74456621542248,217.68153508681425,212.55994050821607,220.13303272327414,226.63060759822983,223.96824856982232,222.96190986435565,221.21116299550332,219.25725322932666,222.5355863248171,226.54348076167014
losange,227.31296509012952,222.73549524943672,220.13303272327414,215.2230192951898,228.70597318102344,227.6950606432399,227.10158462319282,223.70205720948613,222.504601095483,224.44147911066852,225.43776832650852
isoTrapezoid,218.1163363860508,225.42180086604887,226.63060759822983,228.70597318102344,212.14842797814552,218.78634194450245,218.47962393490423,225.98419188186875,225.7111424665458,220.33943506649842,223.0167745161748
kite,216.26890221184482,220.98933447097087,223.9682485698223,227.6950606432399,218.78634194450245,211.4397562642733,216.27191714918985,223.88443751923856,223.1124583204553,221.1215633279767,224.8493530944169
rightKite,215.66347634435243,220.65628928740912,222.96190986435565,227.10158462319282,218.47962393490423,216.27191714918985,211.56477790695794,223.02908098354146,222.1862709417151,219.08533614877774,224.27024505094812
rustedHinge,221.3429680647481,218.65459293116052,221.21116299550332,223.70205720948613,225.98419188186875,223.8844375192385,223.02908098354146,213.74216523768135,216.36538572089285,222.98607721952126,225.69244695888233
hinge,220.51252820687077,216.6251305885911,219.25725322932664,222.50460109548303,225.71114246654574,223.1124583204553,222.1862709417151,216.36538572089285,212.23684446045382,222.0036634814441,225.36051577604746
trapezoid,218.5813155178519,221.69237694709096,222.5355863248171,224.44147911066852,220.33943506649845,221.1215633279767,219.0853361487778,222.98607721952126,222.0036634814441,213.25135632226514,221.1770155888
random,223.23395581929225,226.59973029738953,226.54348076167014,225.43776832650852,223.0167745161748,224.8493530944169,224.27024505094812,225.69244695888233,225.36051577604746,221.1770155888,214.93664834496545
