,square,rectangle,parallelogram,losange,isoTrapezoid,kite,rightKite,rustedHinge,hinge,trapezoid,random
square,308.86813401348536,340.8346259649245,370.93822070899864,390.7506843472213,329.005579709032,332.1176301304875,342.137454444152,356.52555368804303,344.3767231499536,341.0620437909241,363.08013535389944
rectangle,340.83462596492456,320.51758303987975,357.809236209823,384.05683380759996,361.831607723473,353.9046078997118,364.63901070063366,357.3514775816166,339.6725554110159,358.0155684089082,383.70099359640017
parallelogram,370.9382207089986,357.809236209823,329.31107062336736,344.5715313843376,377.0233921610436,373.21239221309423,377.15045091748084,367.79330962581656,353.25332796831816,348.5628265793799,367.2277362719403
losange,390.7506843472213,384.05683380759996,344.5715313843376,305.96127009936333,384.99437787386756,379.98808830242115,385.636677364466,371.73059591420946,365.17996037187595,343.84729634419614,347.12123992741675
isoTrapezoid,329.0055797090321,361.831607723473,377.0233921610436,384.99437787386756,295.95021186302085,326.5176307306552,336.33476097689896,366.96113800432676,358.20901648264083,332.1704737194639,345.16719981465684
kite,332.1176301304875,353.9046078997118,373.21239221309423,379.98808830242115,326.5176307306552,293.51061809707494,326.0161870832097,360.6279725602308,353.6161864429279,346.5753120166263,360.3340979656331
rightKite,342.137454444152,364.63901070063366,377.15045091748084,385.636677364466,336.33476097689896,326.0161870832097,323.539463308404,371.7656109225678,363.4773445812443,344.53176927664214,363.9860376572445
rustedHinge,356.52555368804303,357.3514775816167,367.79330962581656,371.73059591420946,366.96113800432676,360.6279725602308,371.76561092256776,315.7691131282708,318.8916757127107,357.6901611736917,363.07445171432045
hinge,344.3767231499536,339.6725554110159,353.25332796831816,365.17996037187595,358.2090164826408,353.6161864429279,363.4773445812443,318.8916757127107,303.52806830206686,347.9662746318918,357.3976454594323
trapezoid,341.0620437909241,358.0155684089082,348.5628265793799,343.8472963441961,332.1704737194639,346.5753120166263,344.5317692766422,357.6901611736917,347.9662746318918,300.22574477367795,320.8688680761914
random,363.08013535389944,383.70099359640017,367.2277362719403,347.1212399274167,345.16719981465684,360.334097965633,363.9860376572445,363.0744517143205,357.3976454594323,320.8688680761914,296.5816888927186
