,square,rectangle,parallelogram,losange,isoTrapezoid,kite,rightKite,rustedHinge,hinge,trapezoid,random
square,130.20017291664004,140.33503043530325,146.28196072234562,151.95321373715666,137.9527681881768,136.25351792938494,135.2496492419316,142.7451612566707,141.68162464057707,139.26923099986928,145.66092263484222
rectangle,140.33503043530325,127.80494283949233,137.8407425166689,144.8245687194107,148.84773909983605,142.193971534496,141.93274700280915,137.79466452800747,134.7968669970717,142.86030330494356,149.9374964889597
parallelogram,146.28196072234562,137.8407425166689,133.2189500243275,140.9736885868269,151.33095244168666,148.0899615750768,146.40439330994928,142.78167811147384,139.97244699123186,144.03026228756866,149.76085422302995
losange,151.95321373715666,144.8245687194107,140.97368858682694,134.7077608639073,153.2858960289329,152.42723938799838,151.31056634687548,145.58961129166053,144.10552362318737,145.60624187075763,146.5887173391445
isoTrapezoid,137.9527681881768,148.84773909983605,151.33095244168666,153.2858960289329,129.88788249370234,138.53347501310336,138.13146472149913,149.16738105932848,148.9696397981609,140.4594207538365,144.05389924451651
kite,136.25351792938494,142.193971534496,148.0899615750768,152.42723938799836,138.53347501310333,130.35718928250546,135.41317531648977,146.41880730909187,145.56234327511058,143.0230165131454,148.0344027376992
rightKite,135.2496492419316,141.93274700280912,146.40439330994928,151.31056634687545,138.13146472149913,135.41317531648977,131.0894760386208,145.2999005141153,144.2761583306737,139.70018583558527,147.04210724400733
rustedHinge,142.7451612566707,137.79466452800747,142.78167811147384,145.58961129166056,149.16738105932848,146.41880730909187,145.2999005141153,131.70687475657695,133.503939047153,144.43121938412096,147.56965571617454
hinge,141.68162464057707,134.79686699707173,139.97244699123186,144.10552362318737,148.96963979816087,145.56234327511063,144.27615833067372,133.503939047153,130.26857516594794,143.07427523152776,147.36693966099367
trapezoid,139.26923099986928,142.86030330494356,144.03026228756866,145.6062418707576,140.4594207538365,143.0230165131454,139.70018583558527,144.43121938412096,143.07427523152776,132.1917887210018,140.42186139170815
random,145.66092263484222,149.93749648895968,149.76085422302998,146.5887173391445,144.05389924451654,148.0344027376992,147.04210724400733,147.56965571617454,147.36693966099367,140.42186139170815,132.7490397089138
