,square,rectangle,parallelogram,losange,isoTrapezoid,kite,rightKite,rustedHinge,hinge,trapezoid,random
square,214.55806471338758,232.3143114116715,242.6843360968672,248.43501662595398,211.64212187818347,214.5359770755919,230.38603317213662,233.89578645165224,222.24243951701786,221.47203980511412,226.70415774994632
rectangle,232.31431141167155,228.21249559405672,243.2366903573715,251.24317674402252,229.45212433165648,228.62426955013586,244.66443459150773,239.02797180108197,224.94512295167277,233.71726199816695,240.09940320486024
parallelogram,242.6843360968672,243.2366903573715,230.7376526767616,229.09637417540694,235.2972761705331,228.75224197244583,244.7724673776504,237.92152963122962,228.2972219365599,226.72996133293594,228.52672789234722
losange,248.43501662595398,251.24317674402252,229.09637417540694,198.3794110366013,236.15547947435488,220.7127322010757,241.99522615907713,231.99014233052407,227.83069529091748,214.5061008503537,209.4531599634467
isoTrapezoid,211.64212187818347,229.45212433165642,235.2972761705331,236.1554794743549,189.93630778755073,201.29653831572742,218.45593630854856,227.3113288245305,216.279516874518,208.34111024894676,210.2833077430529
kite,214.5359770755919,228.62426955013586,228.75224197244583,220.71273220107577,201.29653831572742,184.19379602572434,212.60715467247923,220.69924568747373,212.59545593464125,204.93711185124775,205.9037289896042
rightKite,230.38603317213665,244.66443459150773,244.7724673776504,241.99522615907713,218.45593630854856,212.60715467247923,225.02667699654242,238.1553861574881,229.64694482597847,222.598266618871,225.6949244075562
rustedHinge,233.89578645165224,239.02797180108197,237.92152963122965,231.99014233052407,227.31132882453056,220.69924568747373,238.15538615748812,218.58148772623457,214.54758885740685,223.5176352650656,222.37646554011366
hinge,222.24243951701786,224.94512295167277,228.2972219365599,227.83069529091748,216.279516874518,212.5954559346412,229.6469448259784,214.54758885740685,201.72897993978762,215.24196116939532,216.39860809018222
trapezoid,221.47203980511412,233.717261998167,226.72996133293594,214.5061008503537,208.34111024894676,204.93711185124778,222.598266618871,223.5176352650656,215.24196116939532,195.7353107264669,199.18934023458488
random,226.70415774994638,240.09940320486024,228.52672789234728,209.45315996344667,210.2833077430529,205.9037289896042,225.69492440755624,222.3764655401137,216.39860809018222,199.18934023458488,185.80470305152969
