,square,rectangle,parallelogram,losange,isoTrapezoid,kite,rightKite,rustedHinge,hinge,trapezoid,random
square,0.0,0.0017521756921468068,0.003743165537342552,0.0058038794220754975,0.0024868615643358627,0.0018788152209917586,0.0014110631810433372,0.0036347999289997324,0.0028868653048510495,0.0024629681675439885,0.0047602969455358135
rectangle,0.0017521756921468068,0.0,0.0022659459493006295,0.0047248158069046475,0.004731111101958563,0.003210696980463723,0.002955306946132552,0.0033669339030454326,0.0020929137793507246,0.0034334283320599512,0.0059484095193731434
parallelogram,0.003743165537342552,0.0022659459493006295,0.0,0.0017201665217443374,0.005398689639753762,0.005039674588441678,0.004152327130111488,0.0036851334310064043,0.002394351846528475,0.002554399581772726,0.004492538118120226
losange,0.0058038794220754975,0.0047248158069046475,0.0017201665217443374,0.0,0.006324446794882976,0.006817948065516388,0.00583343169101147,0.004574460948934322,0.003792736854113965,0.0029395991233118757,0.0035573669018743592
isoTrapezoid,0.0024868615643358627,0.004731111101958563,0.005398689639753762,0.006324446794882976,0.0,0.0022679746201544893,0.0017503869263243432,0.0049128385453902634,0.004594891867083173,0.002410484785570932,0.003601019925145721
kite,0.0018788152209917586,0.003210696980463723,0.005039674588441678,0.006817948065516388,0.0022679746201544893,0.0,0.0009612205375123528,0.005163894358215959,0.004631950110221994,0.004154744174129088,0.0060052268420176524
rightKite,0.0014110631810433372,0.002955306946132552,0.004152327130111488,0.00583343169101147,0.0017503869263243432,0.0009612205375123528,1.1102230246251565e-16,0.004521131356341357,0.004018696090393958,0.002631838340260373,0.004909965498303026
rustedHinge,0.0036347999289997324,0.0033669339030454326,0.0036851334310064043,0.004574460948934322,0.0049128385453902634,0.005163894358215959,0.004521131356341357,0.0,0.0005061673905339958,0.003941976485751786,0.004697346064058472
hinge,0.0028868653048510495,0.0020929137793507246,0.002394351846528475,0.003792736854113965,0.004594891867083173,0.004631950110221994,0.004018696090393958,0.0005061673905339958,0.0,0.0031380398958966715,0.0043104061247026815
trapezoid,0.0024629681675439885,0.0034334283320599512,0.002554399581772726,0.0029395991233118757,0.002410484785570932,0.004154744174129088,0.002631838340260373,0.003941976485751786,0.0031380398958966715,1.1102230246251565e-16,0.0015488813918220767
random,0.0047602969455358135,0.0059484095193731434,0.004492538118120226,0.0035573669018743592,0.003601019925145721,0.0060052268420176524,0.004909965498303026,0.004697346064058472,0.0043104061247026815,0.0015488813918220767,0.0
