,1610555604.25mOvVXuL01OCiReyVWBfesjuvXmB3MoPy,1610555605.43B6oDsBtWRQ29Q9UMQuTUEPZy3FSSWXzc,1610555610.92HPGJJSmyPM40z7otPBgHalNrHFA7zk5d,1610555606.68LaSQbm9EHAFycEfFtEqAwYqlBsQPjIRW,1610555617.19EKxMEwDHfXiEJZc27TsGoERaD6Da4BZU,1610555722.52PJ3FD50MGhRXyUD28vluU8Z9UjLJLZn4,1610555617.52Ijr5puT55g9apK8auM7zaxa3NANg502t,1610555638.77ZLjTLkz4jYJdFMI2wWBztzsDILkoOtAk,1610556912.46C7tJPLF0XfNnm8f1820X9aLmXMHoc0Dw,1610555617.51LjzIROg0aeCP2GhDcAVQ0LipKJB9jmKc,1610555608.17OpjjHobqRkX0UPcaXrbu7K6L3805SZri,1610555721.82zWeNZfGUUfRJkgnAwlP8VMhPzXctnSd4,1610555735.75bom85BDF0C7W2eIseHeMxi24qR68nzMi,1610555735.77NnT5xqKnwcf2BbjIekeb2arTQj6QMNwk,1610555638.33wjf1PhdNaoWfbRzXVn50hmFyB5bYAiLV,1610555606.65jCE4ig8Pu8kvAzkxnSGfWsV0nQBjCf8H,1610555608.18ONsBCVo1i7BrX0XG9stct4oiA6ejX9Oz,1610555721.51RNoQUMP19FTMS79BmA3JkgSm2IC2AQuQ,1610555971.86O0cHB2ibBJ8jxoObg01EpGe8VVV5mpwn,1610556911.51zU3duZSGpcw1BDNsBLxdOCITAXwl6z3i,1610555988.71dMoYT8250UHHJGxgmITTmbHe7V6gH1yU,1610556042.81mlUZsSp7gbGjrp8jQSnybT1gPy6e62o1,1610555637.02UBW5nKvDyUrKnaWcYRGajZPxTRDS0q3N,1610555619.13oUYNikU4facCTpUSiSLr0vPI0tJLnXiT,1610555721.03nzkucfjAUh31zTbmCVvTVYqtjoxZFnBh,1610555722.67fhKURdXVzRbLIjXmjRwdJHTnE7PWb1AE,1610555638.39J2ZWBLuLTHP0jOlzB4tNHmYeijH5g5YJ,1610556032.17Q6yCDx9g7alRnL9jBFXD2JhhUyB2hKfJ,1610557007.49MyVgDnuUuBxrvL6SGOdhKf69VYlW1MSm,1610555638.44hjT5hbYdKoE3MB6hijrjqbjmLgvCUYKD,1610555608.13zUvmFSCRt6SsLbhqFznMEvGx54GPGQzM,1610556038.62a5C4ynd1AARyAhTv8a58NCqHvXRjscqH,1610555644.45Xse8u7pusHNsd7F3d0A32HXvXr6weOJE,1610556038.62gKXOCG7XCn55eJvyl5voNjbwOW0znQDq,1610555987.13v0oleKK97pkesp6oMgprH8SoSdoDVdIO,1610556964.96ZLLeiQW0qpmxhPGTg7K03fmzkqsC2bjC,1610555987.13VQlEedQ50VvkPMEMzZDv3KNnQCewykN9,1610555982.186TY6MMGkDecIN1woW6vsfAMXVV7jnyjO,1610555982.673LuMndkwkvdmZOn0MmE2Pkidx0FtNalb,1610555733.38zItcuH7gHNfKdALR2d9Nek6bxCyw36Vm,1610556034.15BQxSbZINGCay0yp6RBVlgcPrw76Yn9ON,1610555639.37BPZpgtGml8qUsh9AdV4m32jPLfI2aNFq,1610556965.57S0adAalhWYe6K3bkZU0bRHbqnDK8gGkR,1610555983.54zteLPCMjyrjzPdhHhlZr3faCgD0TfYr3,1610555987.79rHnNRmt9a0ufmnwCvZqBouyUoZDNpylW,1610556960.041xWER61rmArlsKfiMl4frikWmUCnQ7op,1610556035.13a7NHZDutfTMJ88qle1gTYY59Dr4WmMsj,1610556890.456ZBDaY16bMtrTZTqAgHl3wq1tRxzqDow,1610555760.24e6890pkbyZ97Or6croI1rQgjkSsR0yVt,1610556043.02YpWMIJg3W004iqlPyv8OcVAZdSC5rNYw,1610555987.03z05P26TLtONYM1HSzupoc2CeNMa6HTqr,1610556032.15OYCzUxpsz7b10AXBAuDXrvEcvxFhf0M7,1610556032.63Z80yI9pNwS3jSmsDABbuhf8wkNa2Ze9y,1610555736.28eGuESasTXdR3SqY6pHhEXWZtcdciYLCO,1610556034.61bebeZA0MkaFG2sm3VKiqrxeqQginTTW0,1610556944.5XwXOphKYT3ZkWA8gViqOS97VHVuMVUqb,1610556944.745UVLFBzf7fPh4UH37I6tYQOFPqRDytEh,1610556034.63XsUwaFaPZevO1JNFjfhvY4aKNFnV4noV,1610556964.89xwBHw9faT1HjQRMNQEyA4qJ3hWkwgj3k,1610556966.74DydzH91jtyvRyYau47JpVkZoMRSNTt01,1610555740.77UueVziDbaXyRR4OcVJIIZyzOfAzN51bj,1610556046.84e3vwjyRCzqz0wJQhrk8zsxlFfFSv98Df,1610556137.99eoPuVrDThKAOvmeprLPb2FWRqIhzUodc,1610555740.73XFwSrmTXJPlaxGZSefh0jOVA8PI3III1,1610556123.88AOfNaz9jSnqU5Czc7okOv1RCrYfKFBTo,1610556046.85nB7NvyoYQeLcOV391Lmmut1wAM8CFGLw,1610556123.89H4pdIAzDthI7bMXMhlIhKUYIQIvtmPPQ,1610555740.87GOYQUJKpkynIS2lFqppYK4b32ol7NeGh
1610555604.25mOvVXuL01OCiReyVWBfesjuvXmB3MoPy,0.0,58.092929229754475,15.318196491043015,54.162544470999705,45.21206610437022,51.245575738290036,45.42888012330244,18.050904188655206,40.94956590965525,50.99897151630227,68.76988869328791,56.70417598584467,66.00764807404333,41.77264561252503,64.0001932503213,46.147442498038686,79.80176039676695,65.5413414108514,54.31601242664511,44.2030296752642,64.71571843526299,72.72239819105371,44.54223474601115,17.022995585602523,53.84717464876522,56.55555618543041,43.07468518146085,57.47517531657723,58.08858932459099,43.86074579992146,46.167209758011175,52.480846255743735,59.381791181967536,52.68980613346258,52.99701658337119,57.392560388564334,50.88980996361195,51.07984654065676,56.383398555021245,57.20524573273481,53.4136245824683,70.7875200483151,57.06121544530268,50.30941408825908,63.86626338738759,66.38247646626665,51.82736993776773,48.511476936871524,48.631318576357316,62.514916237004925,45.64048448081331,46.306230070637596,58.7472306747479,70.96558293612999,40.652537988826325,52.99015604842088,57.27349747298749,45.87036595504576,45.79892947936313,54.469415681559745,70.74690917587654,76.77233747845357,51.859000030393915,73.69798894718637,48.07215517127458,78.98612214702868,55.78428732111494,66.59315909587528
1610555605.43B6oDsBtWRQ29Q9UMQuTUEPZy3FSSWXzc,58.092929229754475,0.0,56.844417418159246,67.12035927611939,63.035752676620156,66.08259338416579,62.450043667957644,57.37043553342079,60.521312284055284,65.09933065181023,77.75136835107243,69.76286994565636,74.69010238521754,61.06679330887308,80.01492739489508,64.6901814027468,87.11321099685652,35.46033523370248,65.56112427476687,61.17687589173515,76.09350372567506,79.89016719252677,62.014025076500296,56.980760307002605,68.40978182977956,71.06252332915555,62.52915448571806,69.6949884480623,71.23227039029366,60.26502336007453,64.38116551667015,66.80080015613859,70.42038161288285,66.9172877120801,68.09792634502297,72.56445703617115,68.52263739000168,65.84057442769276,69.04579415173671,73.42852631389952,69.16505499081183,79.95018799063872,73.26146498018707,68.85218516636303,63.53723006494248,38.05380322140012,68.96081316531867,66.38515277316102,62.93330824131723,76.8642003380099,62.94735598261734,64.67911485551562,74.0674888482455,84.40661149553692,60.76431987931221,67.64327603501502,69.74633923892952,61.97011908672158,63.12831127800598,67.95714862917788,82.25628792796768,86.94240646096775,65.83445825087543,83.15916070693709,64.00743503493895,89.37719323891157,71.7136128906563,80.16061365280802
1610555610.92HPGJJSmyPM40z7otPBgHalNrHFA7zk5d,15.318196491043015,56.844417418159246,0.0,52.821213434468554,43.59279174972637,50.074908786023116,43.82102822132396,20.61287929802167,39.10929061873122,49.57211374187379,67.71992891529483,57.2217369406796,64.91154727306547,40.96630779496748,63.380455692126425,44.5655227078789,78.89630810406835,65.5337698995945,51.97448070572638,42.23531982334566,63.25650348969439,72.3324552208704,42.901165966503136,21.121500566018522,52.42637171484378,55.36008166457358,41.3767782252497,56.20110719641595,56.84005533606984,42.19317939243274,44.58599131966087,51.095387158095434,58.16095330284279,51.309989626763404,51.61956542900662,56.212175686023414,49.54728799805967,49.655312784572416,55.09616137019936,56.94437721093768,52.02744120004906,69.74131303296943,55.81897625204159,52.58851874183645,62.57960443803798,65.23350019739509,50.44355727564829,47.34674287059187,47.13283899354907,61.3561404140235,46.05444186834097,45.0054976351479,57.51292443502328,69.9472181475532,38.847499405362626,51.61767821861848,55.937856440256915,44.27854828205752,45.11765134068003,53.16278599553831,69.77371421006713,75.83183541867542,50.456468854539146,72.54837537840122,46.5556813711042,77.85040709935734,54.48390169846752,65.59649363651124
1610555606.68LaSQbm9EHAFycEfFtEqAwYqlBsQPjIRW,54.162544470999705,67.12035927611939,52.821213434468554,0.0,60.300914335549386,64.72767331553621,60.55037277220677,53.20949523682182,56.234332976861154,62.76375134692876,77.18357110259808,66.64007826995032,75.18814950717929,59.02110045901414,74.84498707755067,60.422981373528096,88.21737583113563,73.74093001561072,64.32596232000098,58.19367651458067,73.02949581171075,80.74604876794123,59.50747438317044,52.94043284391206,66.86669116330401,69.61374228440413,57.8744541594018,66.95531119734962,68.54360777970733,59.314179236309464,60.88525634160086,66.02036865391194,69.11154222952894,65.22564973503454,64.27379193230006,70.44879138247761,64.63132663878423,63.717602504828236,70.39853402441763,70.11535653799429,65.81897243378678,78.91131027958609,71.31705401846243,67.20708749195572,71.8667096835146,74.3019943386778,65.23527174595024,62.296871481652445,61.206647670453826,73.28176984906925,58.71618639658129,60.60412346835863,70.56294488412411,82.66076457046408,56.229090019214595,66.06290559198659,69.42247820869311,58.08129627186132,59.57029931258804,67.64097687139771,77.11104704515472,85.74489817449631,63.88046845559774,83.56268641786205,59.85166859485081,87.6798839413036,67.78441475654475,76.40837675753562
1610555617.19EKxMEwDHfXiEJZc27TsGoERaD6Da4BZU,45.21206610437022,63.035752676620156,43.59279174972637,60.300914335549386,0.0,57.64804010657255,48.887838525483325,44.1929196325004,54.06469501265724,56.46032753220291,72.45302846240403,63.822198956232455,70.34394921251315,49.66614095013669,68.86896811283533,52.50006724878422,82.80496122328688,70.79628386700058,57.306119211764624,51.73172596213758,69.1202208468556,76.63677489364801,50.320251177829924,43.79668951295693,58.768355391057426,61.757998270970376,50.499411284468636,62.87986645067055,63.78528961783487,50.22729867762099,52.87553819540656,60.66511114456371,64.13322550208919,58.87744866327075,59.172142066374604,63.210184029124626,57.22281290143537,57.42337811661426,61.238188418658346,63.57030761797607,59.82094250408223,76.07289907802826,62.08479091578005,61.4470419056236,68.40628807232218,70.9500572750186,58.16803849265664,55.050084207357635,54.36818478291461,67.63777896854126,54.17707015798965,52.49548818586491,64.01340132818571,75.60859960464808,47.54197952619095,57.4643929096305,60.05537489754325,52.80331985941011,52.98507666106086,59.7052766243375,75.14863534401944,80.90257095224347,58.08403322032797,77.68233149776195,54.880458790549625,82.6321618003962,61.63273562296738,70.56033544663933
1610555722.52PJ3FD50MGhRXyUD28vluU8Z9UjLJLZn4,51.245575738290036,66.08259338416579,50.074908786023116,64.72767331553621,57.64804010657255,0.0,56.500698007813824,50.09659702106344,52.97955591650429,62.02529952410635,76.22615017466502,66.41363928757639,73.77950373701708,53.80470892650394,72.85893473204575,58.12013844147535,86.7246929939694,72.24158578678723,41.072987438835646,56.52900991853981,74.23717542790742,79.09105777113331,57.3109821546025,49.459204452988,65.36923604735955,57.41545875035669,55.787384797797046,67.23478250535193,68.05179908580844,53.985511840207785,58.103183221941904,61.277325727655,69.08284743200169,63.42289929111257,63.167106378468155,67.85600988194369,61.94710922817213,62.0600725289386,66.66077623199203,68.45023676361853,64.19442618402665,78.71482154639364,67.5615609679649,65.9355908066133,73.5075948958625,73.67254806996436,62.33698731271121,59.212769750289176,60.09337992903339,71.68014355312263,58.7343025374007,57.97143308463891,68.553774719364,79.10731003944062,53.821829381474195,56.36730951445053,67.3802617416747,57.89088448475435,57.88467366516313,61.35461780607784,79.33480603675824,85.42568131920284,62.698172508594794,80.34705184035509,59.653622529153566,85.15403975041072,65.99857400843865,75.0147547463295
1610555617.52Ijr5puT55g9apK8auM7zaxa3NANg502t,45.42888012330244,62.450043667957644,43.82102822132396,60.55037277220677,48.887838525483325,56.500698007813824,0.0,44.99691415778665,48.20221287301843,57.03224350205168,72.61689517475047,63.52014744424966,70.07808885174333,49.80242732757611,69.66627289503346,52.72798675352786,83.856516664724,69.9202630320796,56.193108155999795,51.915956642337036,70.3828335849063,75.7510159427115,50.98557576205641,44.37070211760544,59.34789966827672,61.806503937368284,51.44315191458968,62.68726794416925,64.22221378284657,48.57378378181555,53.65011772559489,56.47597837625492,64.63728666285039,59.433636120552734,59.14371316497755,63.982727623086156,57.72959830237671,57.83205038351791,61.646092577217495,63.52063445817758,59.8077773427339,75.3044427518944,63.24068108664439,61.454180195521424,68.2444401622484,70.46052621416749,58.534537286550766,55.63776231454879,54.979411972119735,69.16245391687052,54.24941295164959,53.591028262607935,64.69887229572778,76.55088431502568,48.981957913847474,58.00424419823008,62.715940822810715,53.31350131716617,53.949890103082204,58.57169586563701,74.13807928425912,81.44168737402401,58.61598833698444,76.38301667443235,55.33804757397859,82.25600483011131,63.09323763654429,71.84317924772871
1610555638.77ZLjTLkz4jYJdFMI2wWBztzsDILkoOtAk,18.050904188655206,57.37043553342079,20.61287929802167,53.20949523682182,44.1929196325004,50.09659702106344,44.99691415778665,0.0,39.41429171363093,50.17443116291138,68.50628638961999,56.95650086231704,65.37268581806845,40.33736115018634,63.30776341673365,45.566432533942006,79.29015831054055,65.60499803414763,52.00550186930441,43.249369018746094,64.15959617790489,72.4605478110613,43.5957466155808,22.091941586143626,53.05885626411101,55.959891897113465,42.761197783620425,56.965487099207394,57.24450427108238,42.89922457255483,44.83453430860514,51.67995424262819,58.67516996805309,52.15363422941011,52.416920942511865,56.70685962250356,50.0636317885021,50.253586567748926,55.44820736429813,56.208683840510815,53.05372136709015,70.11948980919598,56.94642460458327,50.73520850656756,63.20818287865356,65.70519944819777,51.23016747029093,47.58520277295133,47.76592502272186,62.172521046889024,46.08789920650104,45.37348131359314,57.536236633861456,70.3330567697499,39.60980176218903,52.28744461781824,56.61664164601805,44.951851125965675,44.85589355335418,53.53554562091891,70.21256076296436,76.45078784736678,50.844220999975285,73.12782743402731,47.190222893183346,77.98838114014151,55.31512724250366,66.11704130575004
1610556912.46C7tJPLF0XfNnm8f1820X9aLmXMHoc0Dw,40.94956590965525,60.521312284055284,39.10929061873122,56.234332976861154,54.06469501265724,52.97955591650429,48.20221287301843,39.41429171363093,0.0,53.58704801626653,71.02484538134118,59.69431735938707,68.02924290525971,46.658512663104155,66.13152308281497,49.05413568348488,81.56956293892719,68.09020425791589,51.897471491134155,47.171733445358164,65.88890781576612,74.94237041487872,47.65932668543636,39.133914816963106,56.40099078482082,59.47259200679487,46.107395265916246,59.88199494014839,60.369839991413514,47.32047901812256,48.98734769010925,55.41370546625964,61.61877752240661,55.21584955780749,55.518619844930974,60.04029013563946,54.30033001787305,53.65839008765957,58.89314804585648,60.71519101779491,56.95427511952073,72.63944075714899,59.63944894206033,57.89256527876705,65.83789233838532,68.54110368205417,54.48790590265724,50.005516428169855,51.33856489363225,64.37080372656519,49.66934741724433,49.623332080346295,60.99680799141041,72.63357962220626,43.85166502368586,55.51312683499485,60.857916099573714,48.73614737773951,48.95930540200595,56.72989691314619,72.53916938606427,78.41808280661776,54.40416426223593,75.07899109227583,50.82947437069223,80.40002881524049,58.153444858385214,68.32047064614487
1610555617.51LjzIROg0aeCP2GhDcAVQ0LipKJB9jmKc,50.99897151630227,65.09933065181023,49.57211374187379,62.76375134692876,56.46032753220291,62.02529952410635,57.03224350205168,50.17443116291138,53.58704801626653,0.0,77.35932652038836,65.91386996141897,43.15157807122563,55.05450549588093,72.02180183842351,56.93276677772137,87.30604787764938,72.30322178395313,61.63543997644048,56.193624888147376,72.24576084198902,79.03247478863022,55.52881162137141,49.728399475465004,63.082640441638105,66.7949634308042,55.35149015739512,65.97255174718924,59.24294297558203,55.482417438253115,56.75734216061822,62.52017951338758,31.04492166375159,61.84495870912791,62.3138567885271,66.67892924962896,60.64782277618334,60.83609268727688,65.22149442129812,67.26902365349618,62.676791591239116,78.08182620396956,66.68751246594617,64.6914746316656,72.00443961573842,73.36392440757763,62.42782038713907,59.68811888390615,35.96095562297359,70.91726536855079,57.738646059293465,57.84929443560256,67.40006549290123,78.09458302558251,53.40040483978999,62.435205193610955,66.16005588613727,56.48520625044891,57.62143025305574,63.97448034022566,78.12243460826913,82.27862643033474,55.99932721079623,81.03559824713211,49.665765278096714,85.42385128749093,65.51649065666781,74.41134378802711
1610555608.17OpjjHobqRkX0UPcaXrbu7K6L3805SZri,68.76988869328791,77.75136835107243,67.71992891529483,77.18357110259808,72.45302846240403,76.22615017466502,72.61689517475047,68.50628638961999,71.02484538134118,77.35932652038836,0.0,78.1619645319037,88.5868846867177,72.54619889774187,86.27864790004152,73.18921359988134,93.44245113564311,83.53273639467899,76.45307306144862,72.24383902268315,83.01235800045391,90.38893598123232,74.04679191089392,67.9100143232617,79.91264482816831,80.75959443901888,71.14477254927685,80.75811803590372,82.2193529262379,73.00055588058646,73.67580444824962,78.8030590392178,82.7685894945635,77.398346516096,77.2985590469491,81.38478763732772,77.21253386833385,77.78735205952596,81.266245694851,81.79666354759097,78.1617782482754,85.69555959458899,81.8382329671037,78.2725349944031,81.47913466449562,82.28509287260086,77.4061594209613,75.07501405757047,75.24169093637907,84.27728783465483,72.83667764593771,74.03713348860906,82.04554266490895,93.22137198264586,70.41221936186393,78.2078501483204,81.25923241866353,71.45940323394002,73.86789649223472,80.12262511853594,92.06483208166463,96.17806811182325,76.31695813614833,94.55692567213208,73.7601890839261,98.50348316322108,79.70254306700923,89.20843271986965
1610555721.82zWeNZfGUUfRJkgnAwlP8VMhPzXctnSd4,56.70417598584467,69.76286994565636,57.2217369406796,66.64007826995032,63.822198956232455,66.41363928757639,63.52014744424966,56.95650086231704,59.69431735938707,65.91386996141897,78.1619645319037,0.0,77.26840136090583,58.950283785434614,77.1184706914383,63.48504509344483,88.77663980388466,62.080422700086466,66.74719188185661,60.57830018259294,67.9157070377117,78.25395236623503,62.44005033342236,55.01980341883151,69.32803111346162,71.6295132053422,61.298005448335466,72.20352571531194,71.00493446050163,62.874938583900374,63.56087510366929,68.6491609110086,71.40302663061274,67.10876300160487,68.3216349632535,71.11344215889385,66.78677835704504,65.99113892447082,71.58991559888048,73.14491095800255,69.22103451727686,79.09057363906449,71.7153019604896,68.00556660211036,74.2670880597434,76.67894541669054,67.83175592269568,63.99333567397363,62.73739455381499,75.1255935686669,37.40476093276169,63.00416262453804,73.22040810605993,82.83717385615014,60.27992508802094,69.00865970331914,71.89641988533528,60.1526543987227,61.78492852769801,70.30348520079548,83.43685795720604,88.88059988399043,63.698609351077636,86.1677508851467,60.22594220754489,89.38764644049476,69.99962562026877,79.38279010535096
1610555735.75bom85BDF0C7W2eIseHeMxi24qR68nzMi,66.00764807404333,74.69010238521754,64.91154727306547,75.18814950717929,70.34394921251315,73.77950373701708,70.07808885174333,65.37268581806845,68.02924290525971,43.15157807122563,88.5868846867177,77.26840136090583,0.0,68.7530630069223,82.44797681039597,69.72791398704267,97.03907511601345,81.23834578741926,73.45920482785696,65.632820599839,82.9787143778622,87.59213315829994,69.5794519451217,65.03097894801829,75.76043832523426,77.91840396044527,69.45366418730691,77.28555433085958,72.11237904005804,68.50760716370154,70.8430592269176,74.32204545684714,30.71363618479336,67.00751912296015,74.13058411685839,78.06863523527912,72.85877446737996,66.54837949745517,77.5349978011717,79.59103881916069,74.5652526214077,87.88567286207075,78.0148832045281,76.00425194139892,82.13308960781947,81.99362138289392,75.37802923584726,72.88341938078648,56.17160331835393,82.2307288115567,70.72404108780827,71.45209955461704,78.92197198253797,88.35690479896097,67.09458122467109,75.21770127027732,78.32752195816384,69.66853791457638,70.64216302156359,75.51265347634681,87.94331155075402,90.37232188609777,64.32800809469151,90.39497798341704,65.0633287951512,94.47171651619526,77.61203038105482,84.73925625151232
1610555735.77NnT5xqKnwcf2BbjIekeb2arTQj6QMNwk,41.77264561252503,61.06679330887308,40.96630779496748,59.02110045901414,49.66614095013669,53.80470892650394,49.80242732757611,40.33736115018634,46.658512663104155,55.05450549588093,72.54619889774187,58.950283785434614,68.7530630069223,0.0,66.99743287820316,51.48210076701104,83.76996970740227,67.49976111999003,53.55120120791745,49.259081137722454,68.06297055927179,73.96419643503268,48.9998406604228,40.25561510341179,57.61732900645304,60.39072307109534,48.89971975388388,61.74874469562993,61.90603783005966,47.71606311408607,51.33912936063232,55.74313303628623,62.89913038869592,57.12203801620397,57.405046708581565,61.44645740910811,55.36275536298818,55.57828343256967,60.387948011771954,62.23696622683219,58.03469878604761,74.67345542271913,61.21115918219128,59.44993469455857,67.08344934139505,68.44299628983921,56.39664790848087,52.93390808609349,52.92600322337984,66.82636788650903,50.288719798099436,51.087247778768806,63.05407276585088,74.54914843090864,46.2025970703634,57.086486664826076,60.994220280419434,50.85775877271594,49.672079274677294,57.83620628649374,74.10599903746525,80.12179564108003,56.9543450008512,76.49414082355354,52.90887524993888,80.34419655174254,60.32503328488782,70.63116554743702
1610555638.33wjf1PhdNaoWfbRzXVn50hmFyB5bYAiLV,64.0001932503213,80.01492739489508,63.380455692126425,74.84498707755067,68.86896811283533,72.85893473204575,69.66627289503346,63.30776341673365,66.13152308281497,72.02180183842351,86.27864790004152,77.1184706914383,82.44797681039597,66.99743287820316,0.0,69.06758069176995,95.22687062838945,85.97815667368074,72.5007753314915,68.52579119782806,82.80269977299727,89.68409160634836,68.68019997986397,63.09534302221414,75.3216816756928,76.72589149826342,67.41907900998822,77.44553758267641,79.76616472042392,69.51344788728647,69.88781989483739,75.23231648116493,78.44604157451678,74.4457785795478,71.86158148888494,76.8977171559593,72.24006326319764,73.33650806975645,77.22827859112662,78.18018721102155,73.02915001939202,86.77993674325528,76.59852378889805,76.2013230629671,82.9359745986584,86.18017133726032,73.99340090692931,70.1245175745789,71.63161849873838,81.55303455499403,70.08496515821207,68.49645516880581,78.59085962290891,83.61748157154356,66.31988311540552,74.58245033887275,76.54301765037476,69.98217527259403,69.38626470408478,76.25020823022493,87.50767050458688,92.89140631937377,73.9520104873837,90.83019396836386,70.72071179823952,96.37712240123386,76.8569644847975,84.29723419294419
1610555606.65jCE4ig8Pu8kvAzkxnSGfWsV0nQBjCf8H,46.147442498038686,64.6901814027468,44.5655227078789,60.422981373528096,52.50006724878422,58.12013844147535,52.72798675352786,45.566432533942006,49.05413568348488,56.93276677772137,73.18921359988134,63.48504509344483,69.72791398704267,51.48210076701104,69.06758069176995,0.0,84.31237159273846,71.99345908461527,57.72007124188791,51.75089721393674,68.58637033224929,77.97347574078637,52.4914785697509,44.89004134430878,60.65400942664863,63.177539336962695,50.91396808837923,63.98316889619534,64.15765326442583,52.324997444981115,54.36103427240696,59.6097053459117,63.166196277173924,55.64208985558914,55.8264715745419,64.01702848422788,57.8245043765662,53.27983090161882,63.054876473957556,64.39708170247513,59.018370492441925,76.51238015014414,63.60652075406127,62.00929135160654,71.78576989129532,72.17115193030395,58.4718759938227,55.45923539416134,54.775790817529064,67.47192378254469,54.42787295665732,53.70178642045412,65.25169245796114,76.26303284669044,48.93380046365148,59.83224292861374,63.977150320297945,53.40403825356141,53.43579421741056,61.55895855890302,75.21190603463711,81.06259789553437,55.73875768169172,78.71710828925214,54.061474851000185,82.46722219743165,61.50954410697552,69.55596911950384
1610555608.18ONsBCVo1i7BrX0XG9stct4oiA6ejX9Oz,79.80176039676695,87.11321099685652,78.89630810406835,88.21737583113563,82.80496122328688,86.7246929939694,83.856516664724,79.29015831054055,81.56956293892719,87.30604787764938,93.44245113564311,88.77663980388466,97.03907511601345,83.76996970740227,95.22687062838945,84.31237159273846,0.0,92.80001788061783,86.31132382950338,83.09822954653298,92.83368761396808,99.55956828531244,82.66139406891162,79.11051832325586,88.40034533415627,88.68199135680585,83.38244039679067,90.59520676589051,89.54789275572438,82.19831122602682,82.8835171244375,87.84433177808383,92.26624035016457,88.04650660351963,87.18177297121011,87.84538509884817,86.61556264060796,84.87792157297432,91.01164090059038,91.40238963123778,88.2788494668136,97.00111884765546,91.33025962984084,89.82232414970983,89.653130013263,90.65775033130929,88.08479558530597,85.74161827699785,86.00060313716475,93.53350129738902,84.30819163526778,84.59985432063294,93.38187984131353,98.9226379648404,81.53699960308799,87.92207987690006,88.46848502882848,83.71976890944093,84.2363120070607,88.0985732413163,101.91376969754401,103.55628362469814,85.73904563954574,100.61483071853743,85.11388502358018,104.67103157369166,89.65479186133632,98.53015596001617
1610555721.51RNoQUMP19FTMS79BmA3JkgSm2IC2AQuQ,65.5413414108514,35.46033523370248,65.5337698995945,73.74093001561072,70.79628386700058,72.24158578678723,69.9202630320796,65.60499803414763,68.09020425791589,72.30322178395313,83.53273639467899,62.080422700086466,81.23834578741926,67.49976111999003,85.97815667368074,71.99345908461527,92.80001788061783,0.0,72.41858897820202,69.08671795879675,79.04192469892415,84.30315309450137,69.47178010464302,64.26162220294187,75.22047062379289,77.84357065882807,70.05873331442763,77.35377224833204,77.1541025440741,68.16072358825933,71.6075755423262,73.80854259249634,77.33102597577549,74.15709802922714,75.22542539573993,79.06402396299782,75.29319348767238,73.16529390148496,75.40507283065092,79.52848627109069,75.89316516731768,86.6703283046515,79.63288348553503,75.14381796017216,72.14875607537047,51.84021930757679,75.73859434640113,72.27463563591257,70.35932287353567,82.64682057959259,61.98097171963909,71.47233087375407,80.36004664050893,90.31988293571122,68.41779549207116,74.7809393675598,76.46193814781628,69.17122178150083,70.71200976872392,74.86712748817489,87.66735683114747,92.67214405907016,72.50463361585692,88.99118875239382,70.16875914505364,94.64231728008566,77.91655003951293,85.5379190747065
1610555971.86O0cHB2ibBJ8jxoObg01EpGe8VVV5mpwn,54.31601242664511,65.56112427476687,51.97448070572638,64.32596232000098,57.306119211764624,41.072987438835646,56.193108155999795,52.00550186930441,51.897471491134155,61.63543997644048,76.45307306144862,66.74719188185661,73.45920482785696,53.55120120791745,72.5007753314915,57.72007124188791,86.31132382950338,72.41858897820202,0.0,56.10925193099624,73.23007079957752,78.54160161891045,56.218893140697645,51.53118838134706,64.66156806252529,57.2318886105636,55.279349083150876,67.15444880573344,67.69979890914868,53.31415944510451,57.69910667907344,60.662737310687795,68.73303055553069,63.05108678336576,62.75158993307362,66.74113892222397,61.529689421411106,61.66312278642361,66.06808696779254,68.94195306350815,64.20905856399845,79.27658115396437,67.6283001741568,66.94087216726079,73.21572480421423,72.81584515130176,62.72717869263154,58.47910087037789,59.6909037570168,70.92676772757551,58.70707527835232,57.398431553974916,68.37961956733275,78.53690436721179,53.363346058821,62.645333399730795,67.15026601393845,57.44796346580275,57.229503628142,61.69205435411657,78.81111999736517,84.80784261217649,62.33540523098071,80.51970612584046,59.24905376113192,85.49134898245981,65.40355393790944,74.57995013910143
1610556911.51zU3duZSGpcw1BDNsBLxdOCITAXwl6z3i,44.2030296752642,61.17687589173515,42.23531982334566,58.19367651458067,51.73172596213758,56.52900991853981,51.915956642337036,43.249369018746094,47.171733445358164,56.193624888147376,72.24383902268315,60.57830018259294,65.632820599839,49.259081137722454,68.52579119782806,51.75089721393674,83.09822954653298,69.08671795879675,56.10925193099624,0.0,67.9028344294466,75.89158220241555,50.72463792439265,42.77131608082059,58.95356298406881,61.74589522579837,49.13784279420409,60.20809771849267,60.44589681160363,50.54909480110408,51.86937039442961,58.12951411364659,58.61444790350462,51.8774830995701,58.15188238156308,60.26653156948051,56.56392702041207,50.36049695333537,61.4211044118389,62.920749978661426,57.581437058365076,73.11744959126092,61.536437910847255,58.02850335819602,64.75489073767932,69.10008446716554,56.89596292310779,53.952687615063354,54.333423937370895,66.64593899651635,51.16530851072962,51.96279693931765,63.30712045052938,75.29362670774653,47.21150715930133,58.26438219685696,62.48011568346544,50.63284432127738,50.24719031311985,59.9967641227655,74.7856652123571,79.03342099761625,52.798456673408104,78.1035469497228,52.77991978826783,80.21376875722197,60.70047028309378,70.97809558211964
1610555988.71dMoYT8250UHHJGxgmITTmbHe7V6gH1yU,64.71571843526299,76.09350372567506,63.25650348969439,73.02949581171075,69.1202208468556,74.23717542790742,70.3828335849063,64.15959617790489,65.88890781576612,72.24576084198902,83.01235800045391,67.9157070377117,82.9787143778622,68.06297055927179,82.80269977299727,68.58637033224929,92.83368761396808,79.04192469892415,73.23007079957752,67.9028344294466,0.0,83.8497582120812,69.21364053203718,63.78760375575506,75.43989229274524,76.83232644669496,67.96040560820516,78.61317680931322,76.87325487389691,69.26564608690425,70.32616212510096,74.71949253957844,77.54645964159039,73.33753404782586,72.06854087529014,77.57937383945527,72.82662911398495,72.50266543877832,77.94262421625697,78.91805381323739,74.72295046801958,85.02360928923915,77.25060863599828,73.83941865011138,79.62364844676534,82.46300127165057,74.041553162613,70.50948188987736,69.4970347018087,81.86013262602633,65.69163759720745,70.55927770041346,78.73353605391758,88.0375341636731,66.40018945555903,75.1044963249266,77.50343053113936,66.08407928253739,68.18063538282698,74.81805858226888,87.98859889710415,93.36717478206765,70.8173446456204,90.0444634475557,68.13864268151846,94.05689896504985,77.40221005027601,84.35852868248124
1610556042.81mlUZsSp7gbGjrp8jQSnybT1gPy6e62o1,72.72239819105371,79.89016719252677,72.3324552208704,80.74604876794123,76.63677489364801,79.09105777113331,75.7510159427115,72.4605478110613,74.94237041487872,79.03247478863022,90.38893598123232,78.25395236623503,87.59213315829994,73.96419643503268,89.68409160634836,77.97347574078637,99.55956828531244,84.30315309450137,78.54160161891045,75.89158220241555,83.8497582120812,0.0,73.50607106428376,71.43569081017287,80.28346958633621,83.23363255808407,76.57418826421262,85.0470927655909,84.51684158615711,71.94784950522696,77.97983484525024,77.0676697817626,83.67939805006101,81.25357093399927,81.18674682200111,84.49747401029708,81.09908474858405,80.36822706046402,83.71187995396163,85.76233578979115,82.65054581494998,91.39452270826769,85.06086210192946,82.56967674086602,85.86218718904544,86.35554551641421,81.99322990815061,78.57859033597182,75.37600414300111,87.68739281886349,74.40408785158382,77.4630809576432,85.91189459096928,94.67299144868389,75.02937642998035,82.61771276270869,83.37342596585549,75.6580522368386,73.93624146291073,77.28350080585328,94.18365132043199,100.23760122851934,77.8328719693387,95.18336564369017,77.13522620768374,98.94460226043947,83.27677590415921,90.55420114035564
1610555637.02UBW5nKvDyUrKnaWcYRGajZPxTRDS0q3N,44.54223474601115,62.014025076500296,42.901165966503136,59.50747438317044,50.320251177829924,57.3109821546025,50.98557576205641,43.5957466155808,47.65932668543636,55.52881162137141,74.04679191089392,62.44005033342236,69.5794519451217,48.9998406604228,68.68019997986397,52.4914785697509,82.66139406891162,69.47178010464302,56.218893140697645,50.72463792439265,69.21364053203718,73.50607106428376,0.0,43.081658450431235,57.020222903747886,62.174724522857275,49.49318676046301,62.52825080250441,62.9306040345572,47.41803339801418,52.384731764359266,56.20309743425732,63.3146977276204,58.380139400018045,58.43326236959716,62.53539865573925,56.74462117603333,56.335603194435755,60.11510651480811,63.376225578101064,59.23568078112643,75.67029776810281,62.24396532037782,60.75011259462431,67.42494433284512,70.0860732959441,56.73771705337861,54.62558507671627,51.460869672021175,66.31589277307793,53.102753740405014,52.21278065686785,63.75804616783024,75.48230617581152,47.7772797118734,56.265604846543596,60.45483585861635,52.0175922583682,52.29428069399535,56.72956606759821,74.1212549924524,80.25797436560333,57.0905500077631,76.10661878390844,54.03524473931777,81.5439489857081,60.70209782522202,71.50834831975031
1610555619.13oUYNikU4facCTpUSiSLr0vPI0tJLnXiT,17.022995585602523,56.980760307002605,21.121500566018522,52.94043284391206,43.79668951295693,49.459204452988,44.37070211760544,22.091941586143626,39.133914816963106,49.728399475465004,67.9100143232617,55.01980341883151,65.03097894801829,40.25561510341179,63.09534302221414,44.89004134430878,79.11051832325586,64.26162220294187,51.53118838134706,42.77131608082059,63.78760375575506,71.43569081017287,43.081658450431235,0.0,52.75722034206391,55.8122221416162,41.38199219690835,56.53977649743148,56.97232388385254,42.37668746842042,44.7610608287706,51.24702764443827,58.29421706009624,51.31658501795466,51.5962557735514,56.448214181364776,49.737819343901286,49.81078285816275,55.23625677926205,56.74449902599179,52.630279283013905,70.66486289336568,55.887109036702086,51.6717279247614,62.901423891015746,65.46773363371918,50.57579400980601,47.083255047935324,47.297185594345635,61.395418647387615,43.87339286122043,44.85622216900381,57.64595880832011,70.03609558563949,39.04508481174034,52.08724272016786,56.49471165608386,44.453448589740105,43.86777993946436,53.27189003466393,69.88674811543333,75.8369793482986,50.608013236565775,72.69875831881605,46.72147277432162,77.98396908556946,54.52961251092392,65.79781027742206
1610555721.03nzkucfjAUh31zTbmCVvTVYqtjoxZFnBh,53.84717464876522,68.40978182977956,52.42637171484378,66.86669116330401,58.768355391057426,65.36923604735955,59.34789966827672,53.05885626411101,56.40099078482082,63.082640441638105,79.91264482816831,69.32803111346162,75.76043832523426,57.61732900645304,75.3216816756928,60.65400942664863,88.40034533415627,75.22047062379289,64.66156806252529,58.95356298406881,75.43989229274524,80.28346958633621,57.020222903747886,52.75722034206391,0.0,69.06782208045952,58.21984051368927,69.26191575776181,70.11270802474678,57.5873324523954,60.4341362977683,64.3097760217958,70.03371726066722,65.89329301171209,65.6913804918806,69.39538018841533,64.11268191654898,64.3494715747998,66.30615106155386,70.45412286662054,66.76112726598748,81.53671114199997,69.04661785453403,67.92416807697066,73.41339505813795,76.02185501395853,64.70876167049589,64.31555150625596,60.37037443936267,74.08713433208953,61.032569418741325,60.23390454026672,70.47448629118719,81.18095758793268,56.18356267305239,64.99293057358585,66.18585933446077,60.33909779500068,60.34867140828942,63.963873607836575,82.5226879654244,86.7281293664597,65.26710448106863,81.76137748863033,62.127113439584754,87.66494804757477,68.79912281615518,77.30674394746634
1610555722.67fhKURdXVzRbLIjXmjRwdJHTnE7PWb1AE,56.55555618543041,71.06252332915555,55.36008166457358,69.61374228440413,61.757998270970376,57.41545875035669,61.806503937368284,55.959891897113465,59.47259200679487,66.7949634308042,80.75959443901888,71.6295132053422,77.91840396044527,60.39072307109534,76.72589149826342,63.177539336962695,88.68199135680585,77.84357065882807,57.2318886105636,61.74589522579837,76.83232644669496,83.23363255808407,62.174724522857275,55.8122221416162,69.06782208045952,0.0,62.40147956595036,71.75048267934815,72.68027698628575,59.52102815206956,63.12597732764108,67.15812628041428,73.39529390894569,68.1037776389419,67.87131914564311,72.63167468093027,66.68320583127188,66.81902654253796,70.61860466531654,72.67691183064713,68.82667557782847,82.31950859399248,71.81906230911962,69.25896064944715,77.45758009347959,77.91826129573329,67.43762832440692,63.93689616830499,65.00495111883801,77.24533461512155,63.3293787099473,62.64378032919291,72.58662243633336,83.01264686270437,59.26892766267442,66.25751500285295,71.26705391091069,63.06395878731644,62.78593438189816,67.64702642159307,83.78559891952855,88.83488120935151,67.42814124811912,83.78514180579317,64.58930776882349,88.91365506633795,70.47528228522576,78.18168863788783
1610555638.39J2ZWBLuLTHP0jOlzB4tNHmYeijH5g5YJ,43.07468518146085,62.52915448571806,41.3767782252497,57.8744541594018,50.499411284468636,55.787384797797046,51.44315191458968,42.761197783620425,46.107395265916246,55.35149015739512,71.14477254927685,61.298005448335466,69.45366418730691,48.89971975388388,67.41907900998822,50.91396808837923,83.38244039679067,70.05873331442763,55.279349083150876,49.13784279420409,67.96040560820516,76.57418826421262,49.49318676046301,41.38199219690835,58.21984051368927,62.40147956595036,0.0,61.41858728433493,61.90235606654866,49.5509939708022,50.860955912307915,56.882896246782295,63.159239157089246,56.89310659763388,57.25687563553959,61.326673136157176,55.119165826081634,55.33607372381263,60.60393231883493,63.175623062728306,58.07289227260988,74.49344589138687,61.23333288540199,59.55478872630677,67.52054015121023,70.24842720219931,53.34494464093123,53.127166017480924,53.42638158029905,48.18952188419276,51.685747769854075,51.315741096834635,62.55512239767469,73.91543443503885,45.99869844550746,57.91509618930287,61.72558062429556,49.54785222618838,50.74070304522396,57.60179725572542,74.01746009411107,78.47873649372082,56.132794570802176,77.26089213918928,52.66587978186343,82.01060076590889,50.254376526768496,69.90394402281913
1610556032.17Q6yCDx9g7alRnL9jBFXD2JhhUyB2hKfJ,57.47517531657723,69.6949884480623,56.20110719641595,66.95531119734962,62.87986645067055,67.23478250535193,62.68726794416925,56.965487099207394,59.88199494014839,65.97255174718924,80.75811803590372,72.20352571531194,77.28555433085958,61.74874469562993,77.44553758267641,63.98316889619534,90.59520676589051,77.35377224833204,67.15444880573344,60.20809771849267,78.61317680931322,85.0470927655909,62.52825080250441,56.53977649743148,69.26191575776181,71.75048267934815,61.41858728433493,0.0,72.0521224250367,62.309376993266454,63.59693099172332,68.73149234463423,71.42158827252607,67.4133299376784,68.65108541975124,70.59941754491231,66.98403781995766,65.92589844570922,71.42808239093978,72.40887858393151,69.29130075841726,80.04489966952391,71.85170817592669,67.6581257997815,75.5993800853504,76.79611949218535,67.67900192662621,65.3136944076709,64.3283280249103,76.59184886153945,63.22284152680502,63.00136066726459,73.10690307668337,84.14533347793268,59.4665245545185,68.78579200397891,71.39064800249704,61.04396414195512,61.550879208690404,70.48213879545993,80.9856309773964,87.98953895294675,65.98621131058955,85.34523135552332,64.01511564443778,89.47834201509131,71.22447763698284,78.62391484802781
1610557007.49MyVgDnuUuBxrvL6SGOdhKf69VYlW1MSm,58.08858932459099,71.23227039029366,56.84005533606984,68.54360777970733,63.78528961783487,68.05179908580844,64.22221378284657,57.24450427108238,60.369839991413514,59.24294297558203,82.2193529262379,71.00493446050163,72.11237904005804,61.90603783005966,79.76616472042392,64.15765326442583,89.54789275572438,77.1541025440741,67.69979890914868,60.44589681160363,76.87325487389691,84.51684158615711,62.9306040345572,56.97232388385254,70.11270802474678,72.68027698628575,61.90235606654866,72.0521224250367,0.0,63.083149406158824,64.23663603843808,69.38632654730601,64.95898561600686,65.20629406726084,68.23871565583788,70.87031306735629,66.50950745120771,64.79404293183023,72.26340897419041,73.37192269327251,65.90747256173012,84.45298023791169,71.32753349794172,70.10375596843993,76.13864080968892,78.1436492597281,68.13570455906867,65.84312074011451,63.8322751995759,76.20387333056343,63.01805806095249,64.3191637194572,73.59211552777211,83.86771706395054,59.954766134206714,69.41200879533993,72.79089262540224,62.105291848303324,64.24273261496694,70.76276832105428,81.24385168620927,84.92574892176107,61.40021056855092,86.1834475105443,60.03341408575814,82.71148722429629,71.17887924709223,80.07245700689901
