,1610555604.25mOvVXuL01OCiReyVWBfesjuvXmB3MoPy,1610555605.43B6oDsBtWRQ29Q9UMQuTUEPZy3FSSWXzc,1610555610.92HPGJJSmyPM40z7otPBgHalNrHFA7zk5d,1610555606.68LaSQbm9EHAFycEfFtEqAwYqlBsQPjIRW,1610555617.19EKxMEwDHfXiEJZc27TsGoERaD6Da4BZU,1610555722.52PJ3FD50MGhRXyUD28vluU8Z9UjLJLZn4,1610555617.52Ijr5puT55g9apK8auM7zaxa3NANg502t,1610555638.77ZLjTLkz4jYJdFMI2wWBztzsDILkoOtAk,1610556912.46C7tJPLF0XfNnm8f1820X9aLmXMHoc0Dw,1610555617.51LjzIROg0aeCP2GhDcAVQ0LipKJB9jmKc,1610555608.17OpjjHobqRkX0UPcaXrbu7K6L3805SZri,1610555721.82zWeNZfGUUfRJkgnAwlP8VMhPzXctnSd4,1610555735.75bom85BDF0C7W2eIseHeMxi24qR68nzMi,1610555735.77NnT5xqKnwcf2BbjIekeb2arTQj6QMNwk,1610555638.33wjf1PhdNaoWfbRzXVn50hmFyB5bYAiLV,1610555606.65jCE4ig8Pu8kvAzkxnSGfWsV0nQBjCf8H,1610555608.18ONsBCVo1i7BrX0XG9stct4oiA6ejX9Oz,1610555721.51RNoQUMP19FTMS79BmA3JkgSm2IC2AQuQ,1610555971.86O0cHB2ibBJ8jxoObg01EpGe8VVV5mpwn,1610556911.51zU3duZSGpcw1BDNsBLxdOCITAXwl6z3i,1610555988.71dMoYT8250UHHJGxgmITTmbHe7V6gH1yU,1610556042.81mlUZsSp7gbGjrp8jQSnybT1gPy6e62o1,1610555637.02UBW5nKvDyUrKnaWcYRGajZPxTRDS0q3N,1610555619.13oUYNikU4facCTpUSiSLr0vPI0tJLnXiT,1610555721.03nzkucfjAUh31zTbmCVvTVYqtjoxZFnBh,1610555722.67fhKURdXVzRbLIjXmjRwdJHTnE7PWb1AE,1610555638.39J2ZWBLuLTHP0jOlzB4tNHmYeijH5g5YJ,1610556032.17Q6yCDx9g7alRnL9jBFXD2JhhUyB2hKfJ,1610557007.49MyVgDnuUuBxrvL6SGOdhKf69VYlW1MSm,1610555638.44hjT5hbYdKoE3MB6hijrjqbjmLgvCUYKD,1610555608.13zUvmFSCRt6SsLbhqFznMEvGx54GPGQzM,1610556038.62a5C4ynd1AARyAhTv8a58NCqHvXRjscqH,1610555644.45Xse8u7pusHNsd7F3d0A32HXvXr6weOJE,1610556038.62gKXOCG7XCn55eJvyl5voNjbwOW0znQDq,1610555987.13v0oleKK97pkesp6oMgprH8SoSdoDVdIO,1610556964.96ZLLeiQW0qpmxhPGTg7K03fmzkqsC2bjC,1610555987.13VQlEedQ50VvkPMEMzZDv3KNnQCewykN9,1610555982.186TY6MMGkDecIN1woW6vsfAMXVV7jnyjO,1610555982.673LuMndkwkvdmZOn0MmE2Pkidx0FtNalb,1610555733.38zItcuH7gHNfKdALR2d9Nek6bxCyw36Vm,1610556034.15BQxSbZINGCay0yp6RBVlgcPrw76Yn9ON,1610555639.37BPZpgtGml8qUsh9AdV4m32jPLfI2aNFq,1610556965.57S0adAalhWYe6K3bkZU0bRHbqnDK8gGkR,1610555983.54zteLPCMjyrjzPdhHhlZr3faCgD0TfYr3,1610555987.79rHnNRmt9a0ufmnwCvZqBouyUoZDNpylW,1610556960.041xWER61rmArlsKfiMl4frikWmUCnQ7op,1610556035.13a7NHZDutfTMJ88qle1gTYY59Dr4WmMsj,1610556890.456ZBDaY16bMtrTZTqAgHl3wq1tRxzqDow,1610555760.24e6890pkbyZ97Or6croI1rQgjkSsR0yVt,1610556043.02YpWMIJg3W004iqlPyv8OcVAZdSC5rNYw,1610555987.03z05P26TLtONYM1HSzupoc2CeNMa6HTqr,1610556032.15OYCzUxpsz7b10AXBAuDXrvEcvxFhf0M7,1610556032.63Z80yI9pNwS3jSmsDABbuhf8wkNa2Ze9y,1610555736.28eGuESasTXdR3SqY6pHhEXWZtcdciYLCO,1610556034.61bebeZA0MkaFG2sm3VKiqrxeqQginTTW0,1610556944.5XwXOphKYT3ZkWA8gViqOS97VHVuMVUqb,1610556944.745UVLFBzf7fPh4UH37I6tYQOFPqRDytEh,1610556034.63XsUwaFaPZevO1JNFjfhvY4aKNFnV4noV,1610556964.89xwBHw9faT1HjQRMNQEyA4qJ3hWkwgj3k,1610556966.74DydzH91jtyvRyYau47JpVkZoMRSNTt01,1610555740.77UueVziDbaXyRR4OcVJIIZyzOfAzN51bj,1610556046.84e3vwjyRCzqz0wJQhrk8zsxlFfFSv98Df,1610556137.99eoPuVrDThKAOvmeprLPb2FWRqIhzUodc,1610555740.73XFwSrmTXJPlaxGZSefh0jOVA8PI3III1,1610556123.88AOfNaz9jSnqU5Czc7okOv1RCrYfKFBTo,1610556046.85nB7NvyoYQeLcOV391Lmmut1wAM8CFGLw,1610556123.89H4pdIAzDthI7bMXMhlIhKUYIQIvtmPPQ,1610555740.87GOYQUJKpkynIS2lFqppYK4b32ol7NeGh
1610555604.25mOvVXuL01OCiReyVWBfesjuvXmB3MoPy,0.0,28.33724214970961,7.0004890012987016,26.394403042134805,21.305992911358825,24.526539991892307,21.749621903648066,8.265983814415785,18.89532238765137,23.609660232417877,33.11650016705774,27.484246606705415,30.330383571635466,18.974539986405055,30.805710996174284,22.67496821084297,38.25719290391121,31.66053427567789,24.688260706366023,20.816209345769497,31.21899537984848,35.06787202733985,21.547497480959674,7.7428108946454195,25.991960205434996,26.928909847820368,20.760241550878835,27.94425420787221,27.938839213572777,21.36895821945614,22.478916987343617,24.910522283578434,27.479603551102837,25.586130256950288,25.872783807720914,27.905546689986682,24.77957439493433,24.74155880810137,27.4424436691524,27.448258873178712,25.91253685930057,33.92227150355026,27.80372890385434,24.6447317911085,31.029108842852903,32.22821474712643,25.31789091467805,23.215472660806757,23.268006554949093,29.80252999448177,22.139885557729936,22.473579800215973,28.731383893657327,34.31485204840837,19.951088958628276,25.26007924997535,27.94002485204149,22.58880611450861,22.054392496352275,26.621974081018042,33.82622311811282,36.68634068080917,24.786361165753483,35.33923119344687,23.310535932370385,37.60790722352563,27.048731344994717,32.14296539666169
1610555605.43B6oDsBtWRQ29Q9UMQuTUEPZy3FSSWXzc,28.33724214970961,0.0,27.913923711832563,31.89375150853126,30.716401214529622,32.055426064371126,30.71307418427632,28.249040906176365,29.706757328977023,30.56602412489746,36.017552297064995,33.94280305504943,33.8607104299799,30.20867469532078,37.75029783415959,31.79428675240975,39.848079497810794,17.327733844921514,31.811857769150233,29.621704482329037,36.82761004723509,38.03730423672346,30.301323493170326,28.01445685147376,33.045741632003924,34.46046631302335,30.880130296506323,33.46717750151757,33.55029067667395,29.341040729554,31.742844206279415,32.06446966988226,32.56140032692577,31.785159934658683,33.352826433900866,35.55927277104087,33.305188723025466,31.298247180809607,32.34366307778417,36.0144168529531,32.87214630434177,38.00027681810135,35.45988064349289,32.82789999283995,28.641670042641152,18.399120182775658,33.9739716949869,32.5739589280089,30.200922497784564,37.114541581174045,30.909296715798007,31.9880745001005,36.24799813438782,39.56460489976058,29.980491047634313,32.742925767153984,33.69799917888735,30.349561329463988,30.93608694612101,32.93157770009128,38.32774805152678,40.02621493966769,31.610630537995256,39.000579673567735,31.008419051293753,41.26735606209476,35.25660296043518,37.57970264058068
1610555610.92HPGJJSmyPM40z7otPBgHalNrHFA7zk5d,7.0004890012987016,27.913923711832563,0.0,25.941784420178163,20.734840284893096,24.26719330594441,21.207751207037703,9.630369836205588,18.580727471046323,23.12110243646269,32.751219173502896,28.160184079883958,29.94396981045628,19.016898614291183,30.74506226024901,22.15810805686473,37.92721389103915,31.921517766461175,24.228259961997626,20.10032568920401,30.897858211373734,35.28171799445859,21.00868722703216,10.001880188005057,25.48806183789997,26.637412700624985,20.193540347449144,27.532821213238616,27.513915449600027,20.808247564362073,21.95750880961,24.429039316433652,27.053643860341346,25.124574911772484,25.45517729291344,27.600027883900506,24.439187726630674,24.263672534913614,27.004819058724863,27.78199556971639,25.48093595654754,33.64288207614981,27.47789364909521,25.597163387197288,30.587356913904856,31.797062437238548,25.011254985915492,22.987617271698955,22.76399520892667,29.412725037275454,22.7534741257479,22.188947626508487,28.31960684434188,33.96809584240544,19.356030399972816,24.791352289544218,27.476033884641982,22.066315797344053,22.195152505638426,26.261310611152346,33.64389889649427,36.352849042585866,24.310744604083713,35.0511051478837,22.805247787346467,37.45273006271141,26.62984568361804,31.909640683234098
1610555606.68LaSQbm9EHAFycEfFtEqAwYqlBsQPjIRW,26.394403042134805,31.89375150853126,25.941784420178163,0.0,29.5104705408084,31.613186921645895,29.85115202576778,26.174259333893815,27.49950627391607,29.96543610287241,35.68373603975216,32.00881938999882,35.188023394292884,29.032731436247328,36.33185931841746,29.86987537893853,40.91448029139511,34.81328098077037,31.058256382509455,28.213465199271038,35.08027700809448,38.31074340813567,29.525653480914265,26.01776962337511,32.809793209546406,33.639759389460316,28.280372124654257,31.881713154509594,32.90302355218618,29.268937132937047,29.67262729834451,32.03110643572975,32.54169023076897,31.777230322727828,31.233138331501213,33.93057373042109,31.30471370182912,30.939495232066065,33.06051910096822,34.57811733958416,31.510580499150436,36.534109902508234,34.39856865582122,31.223726211557064,34.304809369951045,35.39993572739048,32.443303041019824,30.605187562860884,29.637823000912725,35.07669706062688,28.772273381808503,30.15509012008875,34.76163004218927,38.85718329965982,27.749985952474205,32.40169749636158,34.1637258418472,28.36969280373802,29.473606890422452,33.307264339971915,36.804826587495434,40.327847381314484,30.52325555138161,40.195941827941574,29.21063855956067,41.91831462953221,32.92569158680828,36.33407880197123
1610555617.19EKxMEwDHfXiEJZc27TsGoERaD6Da4BZU,21.305992911358825,30.716401214529622,20.734840284893096,29.5104705408084,0.0,28.0762132263854,22.228306871936073,21.161067963319645,23.920015523282103,26.551281157997376,34.38164299052424,31.117883650874525,32.65224912144356,24.076600091110162,32.890056532774445,25.83328963626925,39.07598561802656,34.09052968361286,27.41415611159335,24.738547734690567,33.33651162256155,36.6585773272775,24.10770677376673,21.06182793171738,28.375665855634093,29.580765309446544,24.218197080001516,30.50316568476713,30.974934198112297,23.534705570608462,25.788974638192382,27.13309051512894,30.039410177482008,28.646680504672958,28.869239363799316,30.77359487264517,28.056248774239425,27.991728337587794,29.799980509797663,30.957136504608393,29.000633301966765,36.510250439818904,29.982716382320582,29.78551029248209,33.13686322162099,34.29851447590933,28.506973841418205,26.780807511688625,26.05623279042562,32.10184994416311,26.611248038026904,25.3310243818354,31.300993658687087,36.50272713862877,23.394738164482195,27.408912316882525,29.023061009623394,26.217055214174877,26.05825707412999,28.725590159313995,35.39315906710395,38.40956097790691,27.99180864864636,36.77170283934108,26.66434078326797,39.299081071111715,29.890698812276526,33.150825319752116
1610555722.52PJ3FD50MGhRXyUD28vluU8Z9UjLJLZn4,24.526539991892307,32.055426064371126,24.26719330594441,31.613186921645895,28.0762132263854,0.0,27.674672458497287,24.280114002154484,25.37433914435503,29.721515926247616,36.10627325492569,32.47139968310894,34.454121792518855,26.116523551460762,35.212970235949065,28.936558848570773,40.61620301178041,34.63357375754132,18.836090799731647,27.474280727783427,35.53909206189572,37.03623016379713,27.86426565825908,24.01440934967145,30.97446591201432,23.644485013736325,27.357233742089594,32.90107297390293,33.22759196512867,25.990394940327775,28.680815086882887,28.77308494571128,32.88030626740449,31.347063433022164,30.94105035930429,32.890181087816224,30.556431691377867,30.55288631153579,32.429445876685975,33.34241668754617,31.602501166440927,37.49391598926011,33.24324212717333,31.893311549908535,35.06950851777626,34.942120565580204,29.802963956861795,28.22245768548226,29.421342468724433,34.38655463218067,28.97195420604087,27.91068035499873,33.71397313611709,38.08951191401774,26.712948487719324,27.294025357017684,32.95661588740304,28.671986806637413,28.493118792918974,29.00228083702982,37.730023688757406,40.29314126981691,30.522255164696244,37.44168105547122,29.459449842692166,40.00577638713172,32.089301652102705,35.8704264607838
1610555617.52Ijr5puT55g9apK8auM7zaxa3NANg502t,21.749621903648066,30.71307418427632,21.207751207037703,29.85115202576778,22.228306871936073,27.674672458497287,0.0,21.97043331239877,23.260487357364138,27.34839236675573,34.66825849723561,31.844078721729673,32.77399158381202,24.202122590816415,33.758332216787466,26.56171858592232,39.86627308792962,34.27516183962575,26.99026245495326,25.587881470977262,34.77513812064528,36.93769224551588,25.10281235031256,21.67537117259437,29.282811019459782,29.857268481514865,25.314931072313342,30.70197020120526,31.369447913666765,23.149144229712988,26.74595159430847,26.47903111351893,30.741719249252494,29.246405449975235,29.319591101487394,31.566232195420117,28.94118138019055,28.602432141736486,30.3576439668303,31.18810212538066,29.534743068533615,36.47548124881334,31.290347628614278,30.103877771496744,33.243535266178085,34.44202259504048,29.432223057445533,27.699977055385514,26.92322465449983,33.085281466961824,27.397412605540033,26.56396815606544,31.962501839587354,36.85346384163171,24.590594592578523,27.97372201503396,30.938514599486744,26.96433823462912,27.045877759085446,28.664166060488295,35.431711730797915,38.655055432241404,28.62905423333281,36.39903321304854,27.317912482316583,39.255459287712,30.924531996607904,34.55017761072611
1610555638.77ZLjTLkz4jYJdFMI2wWBztzsDILkoOtAk,8.265983814415785,28.249040906176365,9.630369836205588,26.174259333893815,21.161067963319645,24.280114002154484,21.97043331239877,0.0,18.60175361050708,23.54989880842689,33.26600989336963,27.82910211883558,30.276477630582814,18.4333133152476,30.704609556442342,22.756082219467793,38.213347542933015,31.9076053580269,24.27089265211443,20.702514968727336,31.154324681157902,35.167326086872315,21.465272923708312,10.400132146417707,25.884782758580297,26.922799673981224,21.010929202343966,28.11995261896545,27.773677991860385,21.250856107553005,22.213337176676742,24.80813448161802,27.417634012408836,25.672990081201537,25.94931160675545,27.951379457440673,24.68377687506206,24.65068816739366,27.284263655847397,27.357252677391894,26.107270551538086,33.894291136857824,28.060442250325533,24.946970689869726,30.951395155006292,32.09182616452396,25.37104769155538,23.105741856339602,23.187529365436855,29.893591707255652,22.592540318679344,22.391282022508864,28.4589426768022,34.269739217247746,19.845461340558554,25.298415442203513,27.851369324401418,22.48839182872415,21.95509380374989,26.458431658317984,33.89194971836044,36.823157576327795,24.61107408531543,35.37017072559359,23.22902677198047,37.471932987690174,27.133878717686883,32.21180333418728
1610556912.46C7tJPLF0XfNnm8f1820X9aLmXMHoc0Dw,18.89532238765137,29.706757328977023,18.580727471046323,27.49950627391607,23.920015523282103,25.37433914435503,23.260487357364138,18.60175361050708,0.0,25.21976280688634,34.26633911051726,29.04561740366708,31.618875597921967,22.06089000552819,31.60562405653066,24.344362880826733,39.30003140243851,32.944674638698764,23.437383351946956,22.55098088796408,31.590537802339036,35.97086042586424,23.30671775480539,18.24901658977741,27.46763187175384,28.26753085269787,22.53645425885209,29.196232523977077,29.400491576913815,23.111578471471464,24.15498048511113,26.41429086760802,28.8794365379666,27.022423226658216,27.189984342904182,29.329469501531623,26.43926203009779,26.26714775945428,28.858920779133058,29.58339459046138,27.887437905262885,34.7391937741727,28.952602310785647,28.043915741490718,32.25786220830715,33.41796962405185,26.51084655864749,23.943792949519487,24.87391762151221,30.88046803551665,24.277341428345174,24.09636199341687,30.076128114477736,35.37125872116932,21.798434292285503,26.795966254058733,29.40945645514057,24.193004051675526,23.664136886428313,27.65191144329413,34.750388152742126,37.85230763997922,26.300439597032536,36.05348490902935,24.943444379529794,38.396672904767925,28.475002311325795,32.84985531225981
1610555617.51LjzIROg0aeCP2GhDcAVQ0LipKJB9jmKc,23.609660232417877,30.56602412489746,23.12110243646269,29.96543610287241,26.551281157997376,29.721515926247616,27.34839236675573,23.54989880842689,25.21976280688634,0.0,36.43700685955188,31.686178068902695,19.918482219304394,26.31737613330325,34.11680756194619,27.253817745224868,41.32171331367459,34.20097341393059,29.43128286617926,26.435518858530152,34.59371764341693,37.95215343289646,26.301598467620952,23.249567422938192,30.06891961279162,32.011516299473676,26.500280772306855,31.686361266777475,28.64916684199012,26.52753664981791,27.005213340508668,29.475781066497937,14.498381507703689,29.333585337769314,29.86096615460789,32.111028548240874,28.921823090217565,28.79688265459296,31.08280527097189,32.0855899067472,29.94182357371299,37.39109804654393,31.70468399231379,30.89368375231194,34.192273040978414,34.73516163678302,30.076848993665134,28.47610243484714,17.21567839822678,33.65184125509566,27.69733758854254,27.77294668204022,31.911571914954454,37.17898916745041,25.585473094960577,29.557984326218037,31.814637018914524,26.954774118018697,27.72861200477422,30.86879224557555,36.89919299091501,39.07460539447572,26.69521295781954,38.91179635551016,24.105301766493813,40.53723219534805,31.55787542921025,35.3352359753547
1610555608.17OpjjHobqRkX0UPcaXrbu7K6L3805SZri,33.11650016705774,36.017552297064995,32.751219173502896,35.68373603975216,34.38164299052424,36.10627325492569,34.66825849723561,33.26600989336963,34.26633911051726,36.43700685955188,0.0,37.3656142284664,41.08682196063794,35.123924941462754,40.669748003500736,34.9828044093362,41.0059573475831,38.61440960054459,36.426812460393435,34.722097758885916,39.169980917007585,41.834409443465724,35.299292249652765,32.970410398801555,37.606952053046676,38.06447087392226,34.16123388275928,38.045581604165356,38.50838073840833,34.86208277367888,35.754828326942445,36.84926397129664,38.74903664244609,36.96038192310784,36.885968966714216,38.73963221867525,36.91708709312494,37.29149935402023,38.737939887371866,39.42218499138527,36.90309516252817,38.731361042832404,38.76084932746844,37.27274055725377,38.15669382149517,37.341423341144406,37.47495148374841,36.09046212188411,35.919781026531396,39.36761605850608,35.306393628976785,35.984383545516465,38.78874946959189,43.03948317515334,34.110496487257564,36.644833653225,38.34680424128487,34.614837379766755,35.83914228162437,37.86632105353435,42.899625448677575,43.49441321338595,36.21548861673846,43.59912258749861,35.18098788931221,44.93646114101683,37.84665838370768,41.73120366186709
1610555721.82zWeNZfGUUfRJkgnAwlP8VMhPzXctnSd4,27.484246606705415,33.94280305504943,28.160184079883958,32.00881938999882,31.117883650874525,32.47139968310894,31.844078721729673,27.82910211883558,29.04561740366708,31.686178068902695,37.3656142284664,0.0,36.42736789807819,28.950389663472546,37.31779571965324,31.13205064529804,41.85794966889515,29.990263412257132,32.23800977362504,29.079159800445797,30.787748238174952,34.37695126454943,31.04519571238144,27.114116270113232,33.9268808263803,34.613704675310345,30.447242024907002,34.617362664452784,33.58686116567794,31.444683253918427,31.57287527808028,33.485892599512866,33.83852381256037,32.72293059375657,32.6668257178171,33.799167028084554,32.68835771699552,32.105939710725536,34.373555568766506,35.775255648719046,33.930412377960245,37.00449071560906,35.29543082797874,32.0085559969916,35.944745475906316,36.891199456015215,33.48903592843658,30.797342233801174,30.365238538815348,35.894702118570244,18.492440035761348,30.73198489119533,36.147022827240335,39.04224351156664,29.94305246589442,33.63439355366792,35.03364675058996,29.185459940692738,29.265483461694984,34.6756987154731,39.315424956848744,41.94652950166802,30.179032920945016,41.05388619007272,29.094174599552957,42.17798724131504,34.021342106675974,37.90623727988341
1610555735.75bom85BDF0C7W2eIseHeMxi24qR68nzMi,30.330383571635466,33.8607104299799,29.94396981045628,35.188023394292884,32.65224912144356,34.454121792518855,32.77399158381202,30.276477630582814,31.618875597921967,19.918482219304394,41.08682196063794,36.42736789807819,0.0,32.16451891476666,38.15337308079038,32.65417317963223,45.24644848722488,37.288187493176494,34.21825250133891,30.508388716469604,39.08538837014926,41.174552199316174,32.49664642977598,30.04662564818557,35.583898598027126,36.53186243802582,32.57716942536724,36.438905145528,33.732320405798774,31.84515660245133,32.94408800762336,34.37686336848147,14.07073023222987,31.371735267971882,34.856386297473996,36.970671336871064,34.1174959534627,31.106306434419352,36.49303615319006,37.169302353928614,34.86502182554316,41.469640062695824,36.55660086192487,35.5767794003926,37.800455452856774,37.715438896517,35.545235833424755,34.225231209442654,26.278125723727122,38.51583325203345,33.2150638648466,33.63562423581499,36.46926177394723,41.053440537552476,31.33572472482356,35.1591765850736,37.12485731233124,32.56269443364636,33.258412104896095,35.55991103870752,40.636515083332505,42.05779485297145,30.236868143817965,42.62859094125018,30.783566718823163,43.72342935634876,36.724403744647894,39.286581190376424
1610555735.77NnT5xqKnwcf2BbjIekeb2arTQj6QMNwk,18.974539986405055,30.20867469532078,19.016898614291183,29.032731436247328,24.076600091110162,26.116523551460762,24.202122590816415,18.4333133152476,22.06089000552819,26.31737613330325,35.123924941462754,28.950389663472546,32.16451891476666,0.0,32.15241914382317,25.97566908048446,40.14073657790648,32.933929984099244,25.199647108641486,23.95782751360967,33.08264208118637,35.73522564919589,24.387028206092058,18.973272408754944,28.129800955054556,29.174104262913577,24.380658634918095,30.564164830000323,30.322401624554725,23.61901645306683,25.731291949334068,26.880131447340485,29.8226720944739,28.462897879930917,28.748269965159203,30.490521113868287,27.302102522491936,27.475846343675094,29.878703832167673,30.44483708874159,28.814333492679943,36.05607977458862,30.35086489681846,28.94750517699504,32.67204277274037,33.46407085864567,28.214032140363887,25.89387921285111,26.00377913600913,32.271871124599414,24.982180196305116,25.252720030210348,31.3130564937974,36.33102219084386,23.408792082677095,27.879389142878523,29.94636446847656,25.67703678618559,24.508149689880433,28.52281781161448,35.72312062681591,38.50107664031578,27.857547468736005,36.81593214018513,26.176011412563042,38.547738981190996,29.752582949607838,34.24372464192578
1610555638.33wjf1PhdNaoWfbRzXVn50hmFyB5bYAiLV,30.805710996174284,37.75029783415959,30.74506226024901,36.33185931841746,32.890056532774445,35.212970235949065,33.758332216787466,30.704609556442342,31.60562405653066,34.11680756194619,40.669748003500736,37.31779571965324,38.15337308079038,32.15241914382317,0.0,33.41459190244192,44.449674518650454,40.38577149366856,34.72091209052701,33.01314444125204,39.02501479558151,42.28170771438212,33.62019683668105,30.57960326570514,36.42764679270822,36.50843888001856,32.987069036678506,37.734381488738606,37.47022973102288,33.72771497085489,33.662584086252735,35.618356457616535,36.80144634479704,36.38800353781125,33.999233637290416,36.69254574323519,34.34997935277582,35.7895611629642,37.21444498173247,37.72062801068794,33.97895832986591,40.95455453434288,35.63664396281727,36.503180645649984,38.58856625186747,40.52632848858915,35.779618131237726,33.495010339289124,34.79343926397457,39.0711062223078,34.16947755451177,33.08678981079929,38.64148061998806,39.42690742546214,32.30216740131407,35.95593408281797,36.31336278332952,34.05613334364064,33.85111425391356,36.77472756644177,41.70332887624754,43.55929581317031,35.720473050681484,43.16755924627538,34.385313713497716,44.73989677482069,37.4056925924238,40.418526555820826
1610555606.65jCE4ig8Pu8kvAzkxnSGfWsV0nQBjCf8H,22.67496821084297,31.79428675240975,22.15810805686473,29.86987537893853,25.83328963626925,28.936558848570773,26.56171858592232,22.756082219467793,24.344362880826733,27.253817745224868,34.9828044093362,31.13205064529804,32.65417317963223,25.97566908048446,33.41459190244192,0.0,40.19101124710639,35.12604405374285,28.735385885456754,24.78062224087928,33.14757311249062,37.964861939872264,26.307534915439984,22.401061244127213,29.997241824437797,31.287153236106285,25.568615999692987,31.036578088645577,30.68202505510957,26.59185543696053,26.651767108530933,29.174658851564075,29.753334502606776,25.876802934911428,26.04775290932598,30.61158573736823,28.38784720076696,25.642449278155222,31.0023376982903,32.25880707253258,28.54324471077824,36.77422806953146,31.672216334535406,30.619161306710673,34.926692408136546,35.246893214434124,29.19994249447071,27.34564568079282,26.86485279751739,32.57561556997416,26.967007607261348,27.053540110648544,32.13706322496898,36.902407690074064,24.17689451881399,29.388025456221783,31.788887457811636,26.070835397504922,26.83431511615383,30.88324469700992,35.70413800002356,38.74144262200964,27.082860818584127,38.11018595419141,26.85968700008156,39.03991491105389,30.41755910105105,32.975148896414446
1610555608.18ONsBCVo1i7BrX0XG9stct4oiA6ejX9Oz,38.25719290391121,39.848079497810794,37.92721389103915,40.91448029139511,39.07598561802656,40.61620301178041,39.86627308792962,38.213347542933015,39.30003140243851,41.32171331367459,41.0059573475831,41.85794966889515,45.24644848722488,40.14073657790648,44.449674518650454,40.19101124710639,0.0,42.138343398290274,40.63141235795795,39.737621376690946,43.14611009763949,45.25601398844246,39.25649003639841,38.20567250299384,41.169259469695795,41.31262520236278,39.578928527624456,42.37002302306861,41.449374125202134,38.898108843403236,39.515615244900744,40.59345689860601,43.4701236356429,41.92196880549512,41.173030336504574,40.605690247997174,41.11520126294914,40.31327055296417,41.51967083465517,43.6552339731856,41.42463990356004,44.01636297214872,42.99762844126602,41.83172817932234,41.49240371288391,41.00459186378437,42.10918110445945,40.67359960413186,40.817212826804884,42.95749825032844,40.43109658777104,40.71564293662604,44.09749658324715,44.56215487627523,39.285213912352695,40.73279626385226,41.28378430556721,39.883183214992556,40.65131415456247,41.246399147211704,46.53621981000158,45.80185003142536,40.17660943011619,45.47060593151152,40.02643827989971,47.08105786876915,42.07924266369476,45.797394716502524
1610555721.51RNoQUMP19FTMS79BmA3JkgSm2IC2AQuQ,31.66053427567789,17.327733844921514,31.921517766461175,34.81328098077037,34.09052968361286,34.63357375754132,34.27516183962575,31.9076053580269,32.944674638698764,34.20097341393059,38.61440960054459,29.990263412257132,37.288187493176494,32.933929984099244,40.38577149366856,35.12604405374285,42.138343398290274,0.0,34.438053191456994,33.20460549192581,36.940666525052336,38.584399067896335,33.78257938677372,31.289293768385658,36.16563791474254,37.26346425938208,34.20141609234714,36.91849597882176,36.271941862263674,33.11815325974631,35.018991877412645,35.33818942968343,36.09790389841207,35.40509805766771,36.60093320556197,38.11298328211575,36.4079559985565,34.994873768297786,35.28487248260047,38.65699099065423,36.13107297240923,40.57630755852338,38.236274965541064,35.55992562034949,32.79815789038119,24.706765369636848,36.872973309540235,34.765212310829405,33.88131157181789,39.46277394355746,30.085983556475647,34.750232460899724,39.16741517032048,42.041061053945,33.616318992498435,35.95492120771812,36.635107030646346,33.709657295755875,33.85350387517649,35.94477294320167,40.54681502648176,42.394246072352914,34.58297667949459,41.28412116181818,33.884706440515586,43.39662279408161,37.85438935015947,39.78933824204163
1610555971.86O0cHB2ibBJ8jxoObg01EpGe8VVV5mpwn,24.688260706366023,31.811857769150233,24.228259961997626,31.058256382509455,27.41415611159335,18.836090799731647,26.99026245495326,24.27089265211443,23.437383351946956,29.43128286617926,36.426812460393435,32.23800977362504,34.21825250133891,25.199647108641486,34.72091209052701,28.735385885456754,40.63141235795795,34.438053191456994,0.0,27.207927190577838,34.84381474546385,36.54426955970376,27.466583078646583,24.03086269424897,31.194108902748535,25.988873354162905,26.808005319523435,32.694790269875774,33.00895025666993,25.436922592947646,28.539259703330423,28.348509660143193,32.61926554412819,31.019794194707593,30.636856401314663,32.637408300401795,30.339998643639035,30.368047226689693,32.13317414311315,33.37907654820484,31.446978347527278,37.895538342904395,32.969811504717676,31.829381889713687,34.967018610523574,35.1300586117025,30.598898878596184,27.778403587370637,29.142695186558203,33.82804502430359,28.56030117086361,27.606609809418188,33.720152046212014,37.89090396798131,26.60639318835219,30.149758804068817,32.622565638796715,28.604569485997988,27.797606947974923,29.19768409603183,37.34315287662593,40.20509639912071,30.35669989278913,37.52421136744462,29.223247981702972,40.33268477185611,31.69350055545262,35.55161226831984
1610556911.51zU3duZSGpcw1BDNsBLxdOCITAXwl6z3i,20.816209345769497,29.621704482329037,20.10032568920401,28.213465199271038,24.738547734690567,27.474280727783427,25.587881470977262,20.702514968727336,22.55098088796408,26.435518858530152,34.722097758885916,29.079159800445797,30.508388716469604,23.95782751360967,33.01314444125204,24.78062224087928,39.737621376690946,33.20460549192581,27.207927190577838,0.0,32.08563176458768,36.410499231625586,24.74083996482417,20.49937412451108,28.650586014130266,29.984511016780154,23.90798509895957,29.13097333639828,28.99039145185868,24.905771544709086,25.387693424024206,27.83881799671723,27.39764717197704,25.35496142218953,27.887033524809983,29.089200263905198,27.17675112686602,24.605740308877493,29.922738069866224,30.89718581045173,27.78179364377609,34.97644353179688,30.302909644754095,28.014400375221026,31.152025731598968,33.42801478448568,27.864561611273903,25.89081580073162,26.123116119091634,31.799707586551936,24.745165587784445,25.445011711451574,31.075460347390475,36.34140662643227,23.084741588158423,28.068833526725218,30.37463000317368,24.18153767750192,24.421358315466446,29.531082079719337,35.91957322306955,37.72350627784249,25.186180846787792,37.70003542865836,25.344965631498297,38.4638218182265,29.50927756692743,34.19242783118476
1610555988.71dMoYT8250UHHJGxgmITTmbHe7V6gH1yU,31.21899537984848,36.82761004723509,30.897858211373734,35.08027700809448,33.33651162256155,35.53909206189572,34.77513812064528,31.154324681157902,31.590537802339036,34.59371764341693,39.169980917007585,30.787748238174952,39.08538837014926,33.08264208118637,39.02501479558151,33.14757311249062,43.14611009763949,36.940666525052336,34.84381474546385,32.08563176458768,0.0,38.08577534907542,33.94429955181917,31.120669347289034,36.43288888246353,36.37246802227995,33.17990429026179,36.93236918103589,36.52185423659581,34.270979546139856,34.19034354468657,35.90933630767181,36.67991411282962,35.55875382380272,33.42378614350304,36.18618895696115,35.139826531681074,35.06793371149968,37.06888763387055,38.241071448628404,35.87964503789438,39.02861783970731,37.298996589184995,34.93625345324138,38.01216921798229,39.23184405462604,35.7902371701881,33.62446523551837,33.513036614313975,38.52112981434703,30.871802676632626,33.83704209278529,38.222029343513114,41.15898302350185,32.674120051188794,35.98009988595406,37.21321469913689,31.473484940035213,32.58624147987691,36.1410058039749,41.090399604835945,43.74147171335718,33.606007075441426,42.17683080889148,32.574665370525544,43.89866701525734,36.9795052001864,39.71601951465016
1610556042.81mlUZsSp7gbGjrp8jQSnybT1gPy6e62o1,35.06787202733985,38.03730423672346,35.28171799445859,38.31074340813567,36.6585773272775,37.03623016379713,36.93769224551588,35.167326086872315,35.97086042586424,37.95215343289646,41.834409443465724,34.37695126454943,41.174552199316174,35.73522564919589,42.28170771438212,37.964861939872264,45.25601398844246,38.584399067896335,36.54426955970376,36.410499231625586,38.08577534907542,0.0,34.981877981264056,34.76564977448912,38.30436486771543,38.60488719351177,36.99215314018548,40.040099133483764,40.07219464993948,34.30939963695152,38.21414941913098,35.55037975808507,39.80867880128835,39.25970539171949,38.83039881611335,39.98026181076386,39.308980737411225,38.75528350879984,39.71300787096213,41.05404282003441,40.10606146371589,42.326157987898156,41.06216185271269,38.917356535918906,40.02995137362672,40.47905885429116,39.424023285941075,37.09012836481111,35.9954346757407,41.01525500605555,34.385659559155954,37.159409766769876,41.88712582886829,44.33251254864277,36.998103522162545,38.85554064804319,39.55712628296083,36.33469074714829,35.364770917799426,36.21483244069636,43.38081582141198,46.485948821712455,36.95434525653003,44.04761399712014,36.85007386253896,45.273371476879795,39.706827945604,41.7541888597637
1610555637.02UBW5nKvDyUrKnaWcYRGajZPxTRDS0q3N,21.547497480959674,30.301323493170326,21.00868722703216,29.525653480914265,24.10770677376673,27.86426565825908,25.10281235031256,21.465272923708312,23.30671775480539,26.301598467620952,35.299292249652765,31.04519571238144,32.49664642977598,24.387028206092058,33.62019683668105,26.307534915439984,39.25649003639841,33.78257938677372,27.466583078646583,24.74083996482417,33.94429955181917,34.981877981264056,0.0,21.139092265700242,27.14642483368221,30.080758031252333,23.86868824565629,31.09010114918421,30.748470526722247,22.506953426497986,25.875023645545593,25.745954402787316,29.82255611192074,28.908437781961386,28.961842502019955,30.7916539439182,28.044513287981523,27.561499858149787,29.162168568951323,31.428392816925655,29.299646566665164,36.56348133549565,30.82711393287148,29.89361445470214,32.610774597202045,33.77693349431238,27.7529156591424,26.732181611085018,24.552905473291048,31.319173459796183,26.674523340091888,25.652788286377824,31.5620072274419,36.57083568194449,23.920578288186892,25.969306161315924,29.65731591703558,25.967255026107114,26.16856532518589,27.00517288726234,35.24296235825708,38.40166447134083,27.46520303284825,36.35774362765749,26.46849044072375,38.81210707115623,29.735292864248304,34.7382155733657
1610555619.13oUYNikU4facCTpUSiSLr0vPI0tJLnXiT,7.7428108946454195,28.01445685147376,10.001880188005057,26.01776962337511,21.06182793171738,24.01440934967145,21.67537117259437,10.400132146417707,18.24901658977741,23.249567422938192,32.970410398801555,27.114116270113232,30.04662564818557,18.973272408754944,30.57960326570514,22.401061244127213,38.20567250299384,31.289293768385658,24.03086269424897,20.49937412451108,31.120669347289034,34.76564977448912,21.139092265700242,0.0,25.800880659771725,26.877798880239418,20.282515374582882,27.893695704450618,27.63127195375573,20.93363208718729,22.083735089355365,24.53728480466009,27.16544471705488,25.180893794508275,25.49747037531878,27.70819215454896,24.545958417558346,24.377401653010935,27.10875356647256,27.725233004215166,25.90191267539221,34.19067498128376,27.500861961284834,25.412289032014527,30.82995202589288,32.05749833193249,24.961026531496476,22.81944037643502,22.887256145426193,29.61652405112852,21.671391965555117,22.08218416989395,28.4337489594192,34.02793945209016,19.510552689415846,25.10056749559058,27.953674021134006,22.18668391109944,21.560809959055383,26.26910838504363,33.60075750958852,36.52158547344986,24.426001513666982,35.10289987202249,22.929406973255,37.39448896489562,26.81344261129726,31.948742558895585
1610555721.03nzkucfjAUh31zTbmCVvTVYqtjoxZFnBh,25.991960205434996,33.045741632003924,25.48806183789997,32.809793209546406,28.375665855634093,30.97446591201432,29.282811019459782,25.884782758580297,27.46763187175384,30.06891961279162,37.606952053046676,33.9268808263803,35.583898598027126,28.129800955054556,36.42764679270822,29.997241824437797,41.169259469695795,36.16563791474254,31.194108902748535,28.650586014130266,36.43288888246353,38.30436486771543,27.14642483368221,25.800880659771725,0.0,32.824548024852035,28.535168869454754,33.83463552126825,34.08712738654916,28.091513619135288,29.73725552957316,30.532721631405128,33.19845861456137,32.25764680197103,32.174410694037526,33.95257239264082,31.347919189120724,31.225128004183865,31.53776797227404,34.234757455844665,32.89432601354775,38.84360506791287,33.605532023267365,33.01626052340997,35.23333251542281,35.61524963713496,31.4155734303905,30.40432619895206,28.82187420837412,35.13859592771621,30.085011455578194,29.33661618462849,34.48160166726289,39.089812495716835,27.79155369447035,29.339978755035574,31.21167217516139,29.750337364932687,29.689217964240207,30.24873201127435,38.86063374968029,40.840825782811685,31.29945700004205,38.00645650730708,30.371812958694235,41.08982699709989,33.336170051197506,37.32747573375513
1610555722.67fhKURdXVzRbLIjXmjRwdJHTnE7PWb1AE,26.928909847820368,34.46046631302335,26.637412700624985,33.639759389460316,29.580765309446544,23.644485013736325,29.857268481514865,26.922799673981224,28.26753085269787,32.011516299473676,38.06447087392226,34.613704675310345,36.53186243802582,29.174104262913577,36.50843888001856,31.287153236106285,41.31262520236278,37.26346425938208,25.988873354162905,29.984511016780154,36.37246802227995,38.60488719351177,30.080758031252333,26.877798880239418,32.824548024852035,0.0,30.010401769153454,34.743149929490215,35.0497875322458,28.58892297528723,31.06420629242912,31.30115650935596,34.97159151097783,33.52940371453587,33.08955746019024,34.692994463892205,32.79388865831577,32.80505180995971,33.784973440928226,34.89955647704065,33.73603891024784,38.61864657679199,34.96566217201649,33.08108940875559,36.89414026377363,36.86592377148013,32.04090417948453,30.462074670005205,31.75467907656466,36.40965905362055,30.80432193936066,30.020133912101837,35.22003052744201,39.41314907783188,29.287690457252232,30.478861324723795,34.36226528988868,31.037098173509047,30.537396237886103,31.317889011593245,39.52136588330961,41.73893150167001,32.77005001548236,38.79178568322397,31.760631456609303,41.40603401602736,33.96097086438096,36.88624831781931
1610555638.39J2ZWBLuLTHP0jOlzB4tNHmYeijH5g5YJ,20.760241550878835,30.880130296506323,20.193540347449144,28.280372124654257,24.218197080001516,27.357233742089594,25.314931072313342,21.010929202343966,22.53645425885209,26.500280772306855,34.16123388275928,30.447242024907002,32.57716942536724,24.380658634918095,32.987069036678506,25.568615999692987,39.578928527624456,34.20141609234714,26.808005319523435,23.90798509895957,33.17990429026179,36.99215314018548,23.86868824565629,20.282515374582882,28.535168869454754,30.010401769153454,0.0,30.47464917358316,30.46476120223236,24.388212011633158,24.975197772674488,25.91488796867819,29.990424544762277,28.23267916714261,28.376953513537632,30.254382404351556,27.24441690272104,27.39893201909115,29.874458041554643,31.04548740300725,28.16934683599082,36.048698201543345,29.97258533532156,29.38383005916056,33.11004551660635,34.374781465567864,26.012119128641334,26.200437534317857,26.228785957114827,23.395652213617147,25.950880150916245,25.094090318354525,31.067567326375787,36.080702252329004,23.27863735718285,28.19059994971685,30.371292223412212,24.84515832143101,25.432443395054403,28.299822727809435,35.459515929234605,37.25541443656847,27.41855652439227,37.18804842363341,26.242484545937586,39.427679988815584,24.682330995220532,33.974675012069405
1610556032.17Q6yCDx9g7alRnL9jBFXD2JhhUyB2hKfJ,27.94425420787221,33.46717750151757,27.532821213238616,31.881713154509594,30.50316568476713,32.90107297390293,30.70197020120526,28.11995261896545,29.196232523977077,31.686361266777475,38.045581604165356,34.617362664452784,36.438905145528,30.564164830000323,37.734381488738606,31.036578088645577,42.37002302306861,36.91849597882176,32.694790269875774,29.13097333639828,36.93236918103589,40.040099133483764,31.09010114918421,27.893695704450618,33.83463552126825,34.743149929490215,30.47464917358316,0.0,34.27325963554574,31.077154272438012,31.671303759594196,33.38745460971791,33.85099572286557,32.078128706946764,33.26453297987203,33.914913160347226,32.908722847107605,31.580813262191068,34.286117831045416,35.28935196920241,34.22980741943721,37.11351892399566,34.919095105224066,31.842269375503584,36.44225773617717,36.57417959799663,33.33674816802273,32.11348292469203,31.328159666100408,36.45638342942529,30.882724858889762,31.05746038039352,36.01485960357865,40.130448332895085,29.725600200140146,33.611832228289124,34.68679084483798,29.115632893578812,29.802143705374217,34.778949758763886,37.857582795151394,41.886639094740374,31.40188577676699,40.34489518915172,30.991084052461705,42.088236831164345,34.73369631846078,37.09362881296859
