,1610555604.25mOvVXuL01OCiReyVWBfesjuvXmB3MoPy,1610555605.43B6oDsBtWRQ29Q9UMQuTUEPZy3FSSWXzc,1610555610.92HPGJJSmyPM40z7otPBgHalNrHFA7zk5d,1610555606.68LaSQbm9EHAFycEfFtEqAwYqlBsQPjIRW,1610555617.19EKxMEwDHfXiEJZc27TsGoERaD6Da4BZU,1610555722.52PJ3FD50MGhRXyUD28vluU8Z9UjLJLZn4,1610555617.52Ijr5puT55g9apK8auM7zaxa3NANg502t,1610555638.77ZLjTLkz4jYJdFMI2wWBztzsDILkoOtAk,1610556912.46C7tJPLF0XfNnm8f1820X9aLmXMHoc0Dw,1610555617.51LjzIROg0aeCP2GhDcAVQ0LipKJB9jmKc,1610555608.17OpjjHobqRkX0UPcaXrbu7K6L3805SZri,1610555721.82zWeNZfGUUfRJkgnAwlP8VMhPzXctnSd4,1610555735.75bom85BDF0C7W2eIseHeMxi24qR68nzMi,1610555735.77NnT5xqKnwcf2BbjIekeb2arTQj6QMNwk,1610555638.33wjf1PhdNaoWfbRzXVn50hmFyB5bYAiLV,1610555606.65jCE4ig8Pu8kvAzkxnSGfWsV0nQBjCf8H,1610555608.18ONsBCVo1i7BrX0XG9stct4oiA6ejX9Oz,1610555721.51RNoQUMP19FTMS79BmA3JkgSm2IC2AQuQ,1610555971.86O0cHB2ibBJ8jxoObg01EpGe8VVV5mpwn,1610556911.51zU3duZSGpcw1BDNsBLxdOCITAXwl6z3i,1610555988.71dMoYT8250UHHJGxgmITTmbHe7V6gH1yU,1610556042.81mlUZsSp7gbGjrp8jQSnybT1gPy6e62o1,1610555637.02UBW5nKvDyUrKnaWcYRGajZPxTRDS0q3N,1610555619.13oUYNikU4facCTpUSiSLr0vPI0tJLnXiT,1610555721.03nzkucfjAUh31zTbmCVvTVYqtjoxZFnBh,1610555722.67fhKURdXVzRbLIjXmjRwdJHTnE7PWb1AE,1610555638.39J2ZWBLuLTHP0jOlzB4tNHmYeijH5g5YJ,1610556032.17Q6yCDx9g7alRnL9jBFXD2JhhUyB2hKfJ,1610557007.49MyVgDnuUuBxrvL6SGOdhKf69VYlW1MSm,1610555638.44hjT5hbYdKoE3MB6hijrjqbjmLgvCUYKD,1610555608.13zUvmFSCRt6SsLbhqFznMEvGx54GPGQzM,1610556038.62a5C4ynd1AARyAhTv8a58NCqHvXRjscqH,1610555644.45Xse8u7pusHNsd7F3d0A32HXvXr6weOJE,1610556038.62gKXOCG7XCn55eJvyl5voNjbwOW0znQDq,1610555987.13v0oleKK97pkesp6oMgprH8SoSdoDVdIO,1610556964.96ZLLeiQW0qpmxhPGTg7K03fmzkqsC2bjC,1610555987.13VQlEedQ50VvkPMEMzZDv3KNnQCewykN9,1610555982.186TY6MMGkDecIN1woW6vsfAMXVV7jnyjO,1610555982.673LuMndkwkvdmZOn0MmE2Pkidx0FtNalb,1610555733.38zItcuH7gHNfKdALR2d9Nek6bxCyw36Vm,1610556034.15BQxSbZINGCay0yp6RBVlgcPrw76Yn9ON,1610555639.37BPZpgtGml8qUsh9AdV4m32jPLfI2aNFq,1610556965.57S0adAalhWYe6K3bkZU0bRHbqnDK8gGkR,1610555983.54zteLPCMjyrjzPdhHhlZr3faCgD0TfYr3,1610555987.79rHnNRmt9a0ufmnwCvZqBouyUoZDNpylW,1610556960.041xWER61rmArlsKfiMl4frikWmUCnQ7op,1610556035.13a7NHZDutfTMJ88qle1gTYY59Dr4WmMsj,1610556890.456ZBDaY16bMtrTZTqAgHl3wq1tRxzqDow,1610555760.24e6890pkbyZ97Or6croI1rQgjkSsR0yVt,1610556043.02YpWMIJg3W004iqlPyv8OcVAZdSC5rNYw,1610555987.03z05P26TLtONYM1HSzupoc2CeNMa6HTqr,1610556032.15OYCzUxpsz7b10AXBAuDXrvEcvxFhf0M7,1610556032.63Z80yI9pNwS3jSmsDABbuhf8wkNa2Ze9y,1610555736.28eGuESasTXdR3SqY6pHhEXWZtcdciYLCO,1610556034.61bebeZA0MkaFG2sm3VKiqrxeqQginTTW0,1610556944.5XwXOphKYT3ZkWA8gViqOS97VHVuMVUqb,1610556944.745UVLFBzf7fPh4UH37I6tYQOFPqRDytEh,1610556034.63XsUwaFaPZevO1JNFjfhvY4aKNFnV4noV,1610556964.89xwBHw9faT1HjQRMNQEyA4qJ3hWkwgj3k,1610556966.74DydzH91jtyvRyYau47JpVkZoMRSNTt01,1610555740.77UueVziDbaXyRR4OcVJIIZyzOfAzN51bj,1610556046.84e3vwjyRCzqz0wJQhrk8zsxlFfFSv98Df,1610556137.99eoPuVrDThKAOvmeprLPb2FWRqIhzUodc,1610555740.73XFwSrmTXJPlaxGZSefh0jOVA8PI3III1,1610556123.88AOfNaz9jSnqU5Czc7okOv1RCrYfKFBTo,1610556046.85nB7NvyoYQeLcOV391Lmmut1wAM8CFGLw,1610556123.89H4pdIAzDthI7bMXMhlIhKUYIQIvtmPPQ,1610555740.87GOYQUJKpkynIS2lFqppYK4b32ol7NeGh
1610555604.25mOvVXuL01OCiReyVWBfesjuvXmB3MoPy,0.0,839.9291455925588,384.8815486905725,797.5272330615973,621.1970710393575,729.628225450135,735.4237267135615,437.3128667926615,560.6931161516587,703.2872788451755,838.7523917048193,846.5758298209421,862.5064774032624,600.3425388625603,855.4893967008696,776.9185933472992,846.6216723678484,852.9633066373475,675.813094240215,730.0484448829285,829.518126653367,908.5496285491107,705.8775778427464,425.9084207798598,783.6664884719589,698.772929420951,626.1888095282897,824.7592141373779,867.109469477029,752.318036970035,731.9078690600671,665.1090858532441,811.4456947947199,819.011084559437,787.7484214736731,825.6534961948623,781.7763709584277,799.7755803229215,815.0778928427725,817.0358043342263,814.7676781847139,902.7490486336034,818.2461943999185,826.5033576906274,867.693161618406,846.1113518610795,805.3905764335817,733.9194253815374,781.2876097151412,877.2896632086164,775.2630452671584,731.2752545188882,809.8291218509173,903.4410946833763,758.3149339701462,810.6980311172744,776.4364235972289,796.4751428812536,762.638109818574,811.4982357275654,880.9077310374031,947.6174641131565,861.4831527499056,897.595704544758,774.1202323153669,949.7768769976133,846.7935633485534,841.5249760037659
1610555605.43B6oDsBtWRQ29Q9UMQuTUEPZy3FSSWXzc,839.9291455925588,0.0,840.1051824709516,700.0914430595545,834.4338633407459,817.1545969926226,833.1456890565116,838.2841529624155,844.9760868707542,793.1044315134712,720.4917781140981,757.9870173658418,831.1061420360534,842.407974123415,741.8319061566069,740.0936320436666,774.9363905001228,528.883548409387,825.2410202286836,833.4933804724928,788.7954402341211,739.9929498761787,817.555992405299,841.2693879793322,748.9209861599884,817.355351400661,814.0818074461838,786.1601518959353,791.4917648167291,749.1396937616906,780.1289076470728,781.498729945264,819.8117244255881,801.1493599228585,786.273858041712,797.335348128874,783.9502347015614,744.290159534205,606.6683756621273,825.2421046437586,726.1204606533684,812.9940434202664,817.2521204089556,771.3653296477108,651.3652910048123,597.2088561939606,774.7592834635104,822.1322939820597,799.0172037259555,892.5488974276441,779.9025799350376,823.6082889341814,792.7103956885317,801.4761379747139,764.7952813615074,835.5149906331898,786.177762845965,779.1017798243987,799.8172473528962,801.0806747855739,767.5577138795044,826.067919551376,801.2816187809434,812.3937239132525,770.1420366345629,823.8791681638263,889.2801744770385,763.4686058785701
1610555610.92HPGJJSmyPM40z7otPBgHalNrHFA7zk5d,384.8815486905725,840.1051824709516,0.0,803.0000141336432,651.3429516627256,739.1656569877604,657.8437837574219,283.0295065924404,598.9591498055603,732.7969548765561,832.4728132371129,830.3888851458555,872.799813322594,510.17429195659815,841.9550512602347,774.3478728766362,834.7680227916028,847.2838317547677,688.7598652905816,737.4664841183065,811.8849938802135,885.863130310537,724.7516488554801,241.92232130038613,789.8034359189487,707.2491857624756,662.1557795957174,811.4945259894756,873.968337322006,724.7936360096573,737.2701386899639,653.8134350439524,827.3521205366338,827.2472269015962,789.3191256814296,820.3633296901373,781.176791584373,812.3417429366266,825.3092405467818,805.6003232674735,800.2461823598143,888.2622491840083,811.5119705449412,828.7633703957035,864.7872076529127,844.4214367019728,796.5469654768468,741.4098667372818,790.7732444653864,866.871457523161,773.1236545890854,719.4480565767215,799.3792866212959,897.3867339618761,735.0860794324245,814.6758342335575,774.145872558358,773.6790286716243,767.4300988641763,798.4457707283742,869.3817641021396,932.2643026131276,859.8112125690936,880.0820095054904,778.4008014267431,932.1964674831484,842.0355641879437,831.1409666793256
1610555606.68LaSQbm9EHAFycEfFtEqAwYqlBsQPjIRW,797.5272330615973,700.0914430595545,803.0000141336432,0.0,740.9909619464088,675.1985600760768,808.7036407887213,807.0753129977791,780.5843584417305,809.6934716721673,582.9155884607517,680.2923538554609,934.2553828612156,791.0442792470977,746.8604822805428,668.1067309314832,742.1893735919334,689.0689786614081,688.0567967395506,720.8802632532842,645.5213356429842,746.5483857741349,692.5077234344901,808.6454914056654,734.6940015149788,708.8211362740503,715.1592631899599,616.7892436902608,668.2579476542088,688.7092745116665,708.5367139101057,749.6672072549981,905.5130919377038,708.2444693106193,611.5033221562563,634.9509042467354,666.8371641578469,684.2212479675968,646.1972989882195,741.0995567034882,609.1651059984837,715.8328450910101,670.5914792984202,635.881816004626,652.9713425597653,639.8863522146613,734.1952683388935,726.2503997761079,776.0640572980022,822.2396966432633,623.0489563511376,733.7212592586226,744.259139087354,779.012887815531,726.8142344671958,750.7076383377705,654.4992657082149,669.6219982187638,669.3396890144819,710.8352593115802,709.4121109063835,817.4512234665949,759.9156252263765,783.3279454354458,716.9750355387953,819.7870212661892,781.14470623163,668.8885728151574
1610555617.19EKxMEwDHfXiEJZc27TsGoERaD6Da4BZU,621.1970710393575,834.4338633407459,651.3429516627256,740.9909619464088,0.0,618.8703445123438,647.6234480226361,660.2044726499832,516.0262286947518,766.6194350568078,797.5619743347903,767.4264420218593,934.4869088144799,607.3457730920145,789.1108078637585,720.3800862999112,842.7108302903773,810.0312364653392,533.989401329348,715.1943652593692,751.9176642491483,818.0479485168362,510.5581706277489,658.243664260943,662.587139061507,650.9747408674725,523.4279213344657,754.165097328466,765.7690082616837,609.1731696215412,720.540266073556,596.9679533892993,897.3002690074545,732.5467274169492,740.4517466759573,731.3868082556934,725.3716907475581,713.8634089530602,743.9475609094845,764.8365010588781,735.3959378935876,825.5497912803478,730.6447692083026,725.326224943562,797.9988595218474,810.767304513167,761.8157260471365,655.2964573645799,741.7939972599657,750.1885092509661,735.6601382705431,714.9029069959995,808.3491764861559,849.2419723250983,773.0655546869671,632.543327785382,646.2167530600225,723.4647319040118,752.4372846811727,674.5743209565895,803.525320434419,877.1761147383918,790.7976183424959,840.773372608928,732.3390706191825,876.7916897313117,742.2442341336923,770.9810869117399
1610555722.52PJ3FD50MGhRXyUD28vluU8Z9UjLJLZn4,729.628225450135,817.1545969926226,739.1656569877604,675.1985600760768,618.8703445123438,0.0,732.5132312016628,744.5025073736504,673.8729993799936,790.2503594636665,734.265834240649,739.5834637464592,946.8024748355148,702.4736090352225,789.8804669890662,716.7420464188366,811.147865652287,783.6576423529897,413.4198828649236,743.2318369784855,692.2862727720104,783.2866052106416,560.0126276957964,746.2369965842477,658.4134467248684,375.7684621115083,652.7066655695814,684.0737607654553,677.1306862581647,606.8872908368093,752.9676192482896,617.686459223378,916.3209379671271,691.8135457015679,709.9290829195667,698.7428820559184,743.929097520063,704.5825040609977,723.7744240729088,729.3654981624062,734.3699538720772,781.8715328373509,712.3324179775443,638.5329368610734,742.236737885745,720.2059321028457,721.402454661752,647.3508804439037,760.7661715266204,755.7581705324764,678.0488073211612,706.3974091240586,760.8980764419092,831.1157800474066,790.9759516349259,590.4335967147629,621.1419858396638,690.2401349360257,706.9645971016721,588.6348528311469,753.2217528084634,850.6182973287315,787.0722747748571,804.6028046428784,760.6040378077748,845.1557727844663,721.3783059029906,711.9050899183205
1610555617.52Ijr5puT55g9apK8auM7zaxa3NANg502t,735.4237267135615,833.1456890565116,657.8437837574219,808.7036407887213,647.6234480226361,732.5132312016628,0.0,664.0404159256645,693.7808918567973,843.9718892187451,833.5183952193337,781.4257251342665,955.9663783655674,541.8636226462289,803.1803559014703,796.671119373211,864.8408433476335,813.423106792894,705.1482041691706,838.0468735690491,784.208646809835,807.9242955078142,730.2834951945824,664.8739862727922,757.6141046101407,734.7102305305243,743.9504534109697,809.4278038989696,834.0476578101665,545.1307415461911,797.4918424426113,644.2483393550849,938.9477408735924,833.9468387512926,810.4156489129124,787.3616180331873,790.3158366808807,821.6588450130777,806.1423457151565,781.7948106571736,770.1165226645422,852.3677615671625,797.6330907674165,798.9285136905808,827.7307968833998,837.2191861117617,810.6272395351842,785.8480128770025,832.2734207196418,851.2019027698663,782.2419566486283,728.4126284335072,815.9481300487585,869.5347122060958,801.2110890594893,756.9895837232622,763.9877130264497,748.5293670873201,804.4683898413533,682.455005191056,834.5875407505893,890.9802022052202,869.8790960988525,858.1923182661995,827.5552481036791,892.6444175412114,840.214412311443,812.2672689549522
1610555638.77ZLjTLkz4jYJdFMI2wWBztzsDILkoOtAk,437.3128667926615,838.2841529624155,283.0295065924404,807.0753129977791,660.2044726499832,744.5025073736504,664.0404159256645,0.0,617.8618709071906,739.6462530694176,836.1286324070487,822.4922383593233,874.6460788889294,464.7230346809175,833.5324507095308,777.2268740642678,844.9681702254363,839.3958647911984,696.8542089018655,749.2847342241353,808.0754379658842,876.8073202666632,729.3342370261021,174.5835685830885,787.2310259062725,712.9551262576774,673.0302300373332,811.3555333912934,875.398230051781,733.1399448736623,741.2104267069146,660.8753552771162,831.9956774644975,834.8366997431059,789.8328443052613,820.4075771629778,784.5890188948007,816.9385274214856,824.5802468128023,803.5921585351974,801.3505203991855,881.6982407529948,811.1881227750115,827.4117764034274,864.56881137248,844.8155499298526,798.7091403382914,750.3096221498874,796.1660618605047,865.2412899483298,779.1513902513879,721.4046245336024,799.8052800521505,893.5271828881107,738.04095535351,813.9097872662678,777.6756975982278,777.9204378609879,779.4894048470788,793.4446036156085,865.7862003728861,927.3215631002569,867.7922435791055,879.8401570153657,783.9460008430344,925.7321115402431,842.9706591608326,830.2229044658012
1610556912.46C7tJPLF0XfNnm8f1820X9aLmXMHoc0Dw,560.6931161516587,844.9760868707542,598.9591498055603,780.5843584417305,516.0262286947518,673.8729993799936,693.7808918567973,617.8618709071906,0.0,766.4314774376562,810.0646698457718,791.8754066761627,893.4460484942462,595.11427117635,799.5886255081506,753.3877988008139,831.3437557942144,814.8264797779822,612.416183645176,704.5739562831457,758.9572676638096,851.1260814731853,670.2126251853472,613.0638926053325,734.1919136707317,646.9786634511762,623.2978229453917,780.1449848569895,831.2301416470333,713.7895171118165,752.4729559652902,670.0167725432507,863.8851618520368,777.7054211215402,756.9496343871307,767.3428086539033,742.8962982098243,787.3666224281837,792.8637223519834,795.828221623922,783.6641080245042,841.4069879636784,771.2930660655444,795.6757861456322,819.0382440317204,809.6573951482159,757.4404427251378,693.0146119312036,787.9566015399467,809.0834664356718,737.8217671678607,734.9524700764249,813.8763152179766,862.51858693234,788.2954211846792,745.0639893860667,724.194065484268,745.0038878883821,738.2509146199437,763.4337594251402,820.1294474205627,897.7869103163225,845.5001446507682,829.3523061653189,777.2666270565579,892.3942150909415,799.1584742628381,793.697738411597
1610555617.51LjzIROg0aeCP2GhDcAVQ0LipKJB9jmKc,703.2872788451755,793.1044315134712,732.7969548765561,809.6934716721673,766.6194350568078,790.2503594636665,843.9718892187451,739.6462530694176,766.4314774376562,0.0,866.4615795173482,845.5589532925112,658.9185170924986,777.4298095726263,862.0815914609951,764.3678525410642,882.2351760391532,857.1187009200672,795.7603493283137,712.4416627214538,838.6043213997556,902.0690299507522,751.1305617010908,741.5258668437644,767.3316134267121,796.932629078138,709.781666249908,828.0302819747326,812.4756982256215,802.5535497669865,749.2563097509886,787.2572844728872,515.8166244070802,769.6169179230785,807.2796381599443,828.7132694658055,799.5717432015134,736.2636431224893,749.9653570841517,826.1479768292013,822.6806465385821,902.6880862070088,827.9927162521753,828.098486181521,839.2530947733527,845.7511951594607,811.5593178872721,738.4814140279041,527.9708380457691,849.4114769287498,804.9290383257902,814.8521050490165,818.0326156690331,899.3238552637613,781.5604086445222,810.0580141402528,798.4048699482863,791.0907317749632,817.0819363405186,839.4651407645489,880.7608558402119,930.431433912413,738.7660013200159,918.2916037701657,655.8078144253005,941.7969449637534,817.6424899629144,855.9972433371281
1610555608.17OpjjHobqRkX0UPcaXrbu7K6L3805SZri,838.7523917048193,720.4917781140981,832.4728132371129,582.9155884607517,797.5619743347903,734.265834240649,833.5183952193337,836.1286324070487,810.0646698457718,866.4615795173482,0.0,762.8110901603405,948.3674590507165,822.9941482548421,762.0458674353032,733.3956760021645,501.6874570040918,671.229839180099,768.9584932666039,798.4971302522924,659.5219019735407,732.2923596710596,771.295018429041,838.8227787077738,755.5845180398225,689.574780871275,775.2362489759769,731.7859100946946,751.7666462904374,758.4809533622563,767.5008229044821,760.7862246659482,931.8408593103981,800.3260836694946,715.0450150413691,694.8191987753092,739.2299185762294,778.5564768136551,722.3762269240623,794.299188519397,716.7120137104714,703.7137778050735,750.1446958990057,757.6773483334837,670.0900006052545,582.4988927535364,770.675523524273,787.6969541930714,840.5470388120679,829.4294833411735,724.8987586184663,795.9622214267342,773.625255646189,793.001095636218,759.6813347603343,796.1948651230217,663.7097863712601,747.0237978253322,756.9624806488736,773.4536918735802,712.5043469709759,802.697034123351,832.5348451088595,733.6547206486989,783.748176390336,789.9395959446836,825.2494922413857,699.3356900759435
1610555721.82zWeNZfGUUfRJkgnAwlP8VMhPzXctnSd4,846.5758298209421,757.9870173658418,830.3888851458555,680.2923538554609,767.4264420218593,739.5834637464592,781.4257251342665,822.4922383593233,791.8754066761627,845.5589532925112,762.8110901603405,0.0,956.7260949952026,773.4083121978667,709.4497765372469,626.4278773026126,829.2671216246489,700.2451182893413,729.0910203724577,725.6343302241439,458.97213643972026,645.2899374992533,748.3019830978105,827.0678911560175,701.0410256940801,776.0995760681405,771.5784030418578,581.5934159993462,697.1679725596973,730.7681518590705,796.3561418000455,781.2671695252408,929.971302059927,717.2443273747372,667.3090117447381,607.4811356076291,713.0632506953334,691.0792960586266,692.0967103803451,741.1983381267055,664.6882551027843,691.7058053324529,707.2424489466606,608.2772687902011,702.3208730502046,763.0511225561598,696.0871553784959,739.4974814100603,793.7720270048026,813.1255288398439,576.5870372210479,768.8846803317671,800.4422343694997,787.5237931694518,787.4114482228748,741.8557783167743,701.1081663774248,607.5166188153538,700.9302773492706,691.0555424291856,724.998913554589,797.0296796679187,731.3908773136338,778.4756593250817,736.644257234119,777.5164640626682,789.2063746566906,724.5309367679733
1610555735.75bom85BDF0C7W2eIseHeMxi24qR68nzMi,862.5064774032624,831.1061420360534,872.799813322594,934.2553828612156,934.4869088144799,946.8024748355148,955.9663783655674,874.6460788889294,893.4460484942462,658.9185170924986,948.3674590507165,956.7260949952026,0.0,923.2783177660763,943.992234805103,921.2327998674641,945.7560574932567,909.6055078827094,957.6075327556948,885.265392703558,955.6705089393704,982.1216698324699,940.8123636152927,876.3665480159054,930.8032427713855,928.5387506221962,884.7845543722157,955.8035254998807,952.095802460274,944.0988606988905,899.996138091591,923.6846550778102,344.0836581890456,937.5240446611983,944.830210467222,963.8903950385356,932.488341129719,917.4018800732827,890.87354314006,949.8240744859651,937.3411139693893,998.4177657701254,959.3605024510811,966.5287566950149,946.0297554878529,924.2093932484703,934.5862987316133,932.7848123407987,847.2068058082518,969.7714535105263,944.8181030597522,939.3259575119663,930.8096806269045,985.2167026816661,905.7027889205983,968.2290138272388,961.893254409511,936.6813596538399,946.39770474442,972.7169375178382,974.9495745239298,1007.5612121775305,900.2507164196213,998.7653905558634,878.0761471276692,1010.2057136472515,962.4695311660616,958.4378709618622
1610555735.77NnT5xqKnwcf2BbjIekeb2arTQj6QMNwk,600.3425388625603,842.407974123415,510.17429195659815,791.0442792470977,607.3457730920145,702.4736090352225,541.8636226462289,464.7230346809175,595.11427117635,777.4298095726263,822.9941482548421,773.4083121978667,923.2783177660763,0.0,793.1337741145448,756.0477450852466,841.6191816502974,824.324534279004,660.8128948979167,747.3624014492328,758.3057180043414,828.1742737240761,687.6041441947953,483.78522844874664,748.4098819988953,695.8890939601943,671.3812489698456,780.3086765143461,831.6280451672134,674.6845389447907,752.2441138838508,656.0786032120676,892.444126338254,800.6412886844456,774.0200284266676,774.0909025585431,762.6041238951743,787.1841806081948,805.2616427735309,769.6705652986197,775.4409343995355,835.2734710642413,770.267248881705,779.4220625747656,831.3076430546035,826.7086844379382,781.2978131564503,734.2190204540075,791.7728987027399,826.1633970598282,750.4585645239392,733.1239086477892,799.8879744250311,859.0723408371954,771.1235134121392,755.9438286890253,732.739016966911,731.677930442916,768.5548877086343,733.0166579014278,825.1121653867133,886.5704694923578,844.3658022540476,838.5493609621027,775.7885078252699,886.682665696353,805.167477242368,798.189863722112
1610555638.33wjf1PhdNaoWfbRzXVn50hmFyB5bYAiLV,855.4893967008696,741.8319061566069,841.9550512602347,746.8604822805428,789.1108078637585,789.8804669890662,803.1803559014703,833.5324507095308,799.5886255081506,862.0815914609951,762.0458674353032,709.4497765372469,943.992234805103,793.1337741145448,0.0,724.0089851436061,824.3081933384035,689.8698351397433,776.9705249447461,824.9835887492173,728.7166912043358,639.836621643877,788.0472103504485,839.0151926392291,754.4618644696641,799.4699142566769,783.347800804108,771.5665230847983,756.262937684892,756.9842225210583,766.3625297851139,801.7218627882128,924.8227403664918,834.2580172968491,716.2117535161113,654.7571123512835,702.8231997681179,802.624771608802,746.9102301277037,699.5811265555196,643.7170358705971,684.966930030754,611.341340463939,751.9827874379603,611.9367545133788,712.8785434654365,677.7330709264812,781.6790835431548,848.3267955704039,819.7834518917145,722.8831592252255,779.3850023372148,835.7845126275556,724.1159152310738,785.3064177863052,778.716031923673,715.0372508702708,762.9648766646015,781.6174129992063,731.3091984717578,685.5849377288886,689.8168579899282,835.1583761266147,687.7293044323882,812.1815069644186,660.3088427634391,821.922931537609,732.0428333172047
1610555606.65jCE4ig8Pu8kvAzkxnSGfWsV0nQBjCf8H,776.9185933472992,740.0936320436666,774.3478728766362,668.1067309314832,720.3800862999112,716.7420464188366,796.671119373211,777.2268740642678,753.3877988008139,764.3678525410642,733.3956760021645,626.4278773026126,921.2327998674641,756.0477450852466,724.0089851436061,0.0,796.695390168606,761.986886363699,714.7613352626157,649.4573912469974,642.2139945961442,773.1039194376895,667.2730925525743,780.607491384696,683.5915120540038,749.7710600471654,693.2996878985323,651.5501713672728,667.8749460744643,705.0013040627032,621.1590097525702,744.0382059376038,874.2859580929021,610.2391966459895,541.3908071378946,563.9169417582528,600.4590226722785,526.1887328696869,682.9971661278453,710.6543281762845,632.1564809241669,752.9396095040682,673.2787239259455,665.8932743889258,679.3391132528124,761.9588222115854,663.3046312125123,672.3998207830415,720.4680388861349,775.0947922910361,597.4907812488068,732.6103754787044,711.900816725077,782.8441148136242,640.0975057058819,716.6446205988167,676.6410182134076,602.6113937400188,653.0517939451979,726.4636052991933,726.388145787588,806.062023671223,665.1758406880651,785.1008722288069,656.3897525985011,808.3441984885155,751.0288347013852,706.6142775194807
1610555608.18ONsBCVo1i7BrX0XG9stct4oiA6ejX9Oz,846.6216723678484,774.9363905001228,834.7680227916028,742.1893735919334,842.7108302903773,811.147865652287,864.8408433476335,844.9681702254363,831.3437557942144,882.2351760391532,501.6874570040918,829.2671216246489,945.7560574932567,841.6191816502974,824.3081933384035,796.695390168606,0.0,746.4799737199688,834.0585266409612,833.6503912220362,741.0796295601759,801.7257045682258,832.1460625792232,844.8994091425243,813.294620730535,744.6361130904673,809.9099201665064,816.061514106984,852.5217950945215,820.0007695187593,819.264999693124,804.8061282417611,932.3825978814679,861.916311575416,803.7721376760303,781.7822600264714,807.2245734595082,846.8824112250325,794.3914698045706,854.266330958283,791.5092124073865,792.7662773071237,830.3606922217378,842.4383355577608,761.7254074347682,705.7094514890481,811.1727141746121,838.5931140304898,863.7078464079071,865.2832112151026,796.6094525803757,838.4323469532796,822.5919072110113,854.0116585909099,792.1376674987317,859.2684813302245,750.3934856396829,808.7440068665251,814.429746091888,842.7528840513977,798.5101988465311,853.6311076695041,861.2438826974665,781.2303429140882,814.8403950848469,845.0578203022778,871.4047388098999,787.7947058669275
1610555721.51RNoQUMP19FTMS79BmA3JkgSm2IC2AQuQ,852.9633066373475,528.883548409387,847.2838317547677,689.0689786614081,810.0312364653392,783.6576423529897,813.423106792894,839.3958647911984,814.8264797779822,857.1187009200672,671.229839180099,700.2451182893413,909.6055078827094,824.324534279004,689.8698351397433,761.986886363699,746.4799737199688,0.0,795.8587515008321,844.0170506311418,715.2379818936153,653.8515853244962,809.8544509494819,844.2218121347237,756.6514290594716,766.5024811112138,808.4970456915011,754.4940843706217,780.3936081717966,750.198349552701,795.2334452020182,791.8735679753753,896.5995790803823,812.370221720063,758.3205115349256,740.5768097488465,770.8453703012995,786.8838634882078,680.923591214966,773.9346806578659,711.1147710594114,723.7227124048349,761.9306020986612,757.8297844213306,607.3895695431604,512.3983850289973,738.3848024150768,810.9950966971841,848.0346607326412,857.3910980827752,739.7258470692415,806.5991694057716,797.059143227741,773.2309250757892,794.0121546401008,814.2210477559685,729.485925078463,778.2156483505174,769.8278025700565,767.3730306300719,672.7266199339234,766.234509415056,842.1339949133716,725.125406781797,803.8303470756098,740.5053187239879,859.6021892577483,684.0757524701947
1610555971.86O0cHB2ibBJ8jxoObg01EpGe8VVV5mpwn,675.813094240215,825.2410202286836,688.7598652905816,688.0567967395506,533.989401329348,413.4198828649236,705.1482041691706,696.8542089018655,612.416183645176,795.7603493283137,768.9584932666039,729.0910203724577,957.6075327556948,660.8128948979167,776.9705249447461,714.7613352626157,834.0585266409612,795.8587515008321,0.0,751.2893018914165,718.1979124615559,774.169941472342,557.0550285553148,697.7623631673019,658.2295992446616,546.9251763330745,614.7117490114497,691.9402706471282,704.0631161726334,574.4310681054569,749.6658625577027,596.9709807321592,927.0110963667357,701.3858263115463,729.3036521536102,701.6326975659233,745.5148619990455,700.6663157869397,721.5369213543323,709.8862103728137,725.567232240219,791.0825574712312,701.5860123837256,612.8048620157632,757.0199864230871,771.1739557132291,750.5640706242452,619.8972167976511,757.336514424283,747.8071370894088,693.1131566305326,680.6394648241941,782.4807941082865,833.1168430911662,793.3685586198133,602.7436944199163,608.5740557560796,702.684157137232,729.493877844805,583.8315656604624,764.0518756353109,852.0678938994444,784.7972028632776,819.1200993118752,752.1412484395985,845.5109439996977,698.092746441854,726.1972344902754
1610556911.51zU3duZSGpcw1BDNsBLxdOCITAXwl6z3i,730.0484448829285,833.4933804724928,737.4664841183065,720.8802632532842,715.1943652593692,743.2318369784855,838.0468735690491,749.2847342241353,704.5739562831457,712.4416627214538,798.4971302522924,725.6343302241439,885.265392703558,747.3624014492328,824.9835887492173,649.4573912469974,833.6503912220362,844.0170506311418,751.2893018914165,0.0,691.2361904245801,856.6475117960862,698.9994773016264,747.7751902133998,761.7502258439988,746.2635985224928,662.7509928097337,711.1437040471538,780.8537964861817,802.6485115988012,701.3291742879201,777.8987614341468,830.2841436971205,681.9395284089811,671.9709327832868,724.595544331506,662.1800243994907,686.0422128591067,786.0964014336462,812.7677689476085,749.3364718494593,839.0562040507953,764.1701156683002,759.2750748358887,788.2026622859855,824.6363655496954,727.1907957628645,702.3926188622842,704.7000418723022,813.615779767993,666.8517350095824,789.4664449491763,810.1362629616126,865.3711034268598,728.1402450882847,789.5345481362405,736.4870296070928,654.6335798820097,704.0948538610587,822.6488098120182,837.3358493113346,903.9621286241149,716.1335542404162,873.4583530022203,658.2232052502221,903.2896963607253,773.7867751813606,807.2038068696426
1610555988.71dMoYT8250UHHJGxgmITTmbHe7V6gH1yU,829.518126653367,788.7954402341211,811.8849938802135,645.5213356429842,751.9176642491483,692.2862727720104,784.208646809835,808.0754379658842,758.9572676638096,838.6043213997556,659.5219019735407,458.97213643972026,955.6705089393704,758.3057180043414,728.7166912043358,642.2139945961442,741.0796295601759,715.2379818936153,718.1979124615559,691.2361904245801,0.0,671.3486939123125,731.9998258633702,812.0899111067694,706.541814571003,700.0582148612646,745.3114759358643,561.5767864226663,707.5238368314422,740.9254989274654,771.5984590945714,763.8731097991573,928.3443949927138,724.8280029646828,619.9615154254175,599.1563147267591,680.4163132226212,715.9392308790419,722.9133256016398,745.7787455070497,661.003939475423,668.2704981986266,690.2892368944821,646.8635275261224,697.6398648830484,707.1976570881072,673.5509842106014,730.6056500476597,794.6125929358656,789.1634662269893,561.3566814616842,753.8155502021442,775.0441687567542,797.7448629343588,760.5759593056108,737.3564916071645,652.5490386764534,549.2319028567313,667.9226880766329,710.0285007384608,698.0101667974649,810.6017678051779,756.9772678829995,759.1199663068978,737.3406102315874,780.7345223497944,773.3300953608771,686.252399895533
1610556042.81mlUZsSp7gbGjrp8jQSnybT1gPy6e62o1,908.5496285491107,739.9929498761787,885.863130310537,746.5483857741349,818.0479485168362,783.2866052106416,807.9242955078142,876.8073202666632,851.1260814731853,902.0690299507522,732.2923596710596,645.2899374992533,982.1216698324699,828.1742737240761,639.836621643877,773.1039194376895,801.7257045682258,653.8515853244962,774.169941472342,856.6475117960862,671.3486939123125,0.0,794.583214276635,881.9067242189647,756.5674622143024,802.754928213371,831.7030058618415,703.5382502004077,769.4175922112039,721.609646943364,853.8515024642429,795.4925995051838,968.326913944215,821.8267823061601,771.1139249381719,669.2615736636719,790.0156457219009,797.6661505587396,740.9423934025257,738.5232789839437,713.9713840142957,568.9909304321138,731.1477366901379,720.3770913973294,655.2466454853476,696.9576606884834,734.3793324358088,800.9946833834526,856.3245442433505,776.2000389768345,745.6602956546125,820.4334851058857,813.9263301949969,689.1700212703089,847.8423130294345,759.1866120743465,714.128356857645,748.0814961143479,812.0254497468648,685.5375085730919,591.0726623359402,630.7905803196606,822.6657153603917,628.7992857587881,808.6022794047922,562.1817756529367,792.2976596657855,645.9372143839602
1610555637.02UBW5nKvDyUrKnaWcYRGajZPxTRDS0q3N,705.8775778427464,817.555992405299,724.7516488554801,692.5077234344901,510.5581706277489,560.0126276957964,730.2834951945824,729.3342370261021,670.2126251853472,751.1305617010908,771.295018429041,748.3019830978105,940.8123636152927,687.6041441947953,788.0472103504485,667.2730925525743,832.1460625792232,809.8544509494819,557.0550285553148,698.9994773016264,731.9998258633702,794.583214276635,0.0,731.3160524058814,605.1910835013967,648.0936319966054,536.1203648238572,719.1083075842616,677.0471919854393,574.7497675772767,659.3653182978027,578.1856468484848,899.4766721788401,639.0465613896444,698.9298385159342,677.3211081454978,701.8397106802339,592.2581819373542,698.053584392867,731.977202857679,707.3828826599108,791.131348930046,684.9356745160305,644.5399051131557,735.0632933572895,767.4254096174978,725.4184372896204,624.6352795858811,685.0698776693655,716.9778994285994,716.1272851220014,688.7741688612704,768.9248326408307,808.4816218781812,746.96260772458,465.83787120030405,587.6841042505672,699.5902459203203,751.2782203703958,571.877190518692,766.5210600194619,844.7538735593147,719.2610927850474,823.1921298694159,676.6556441179833,844.9855779888157,709.5134667743444,740.0099488730002
1610555619.13oUYNikU4facCTpUSiSLr0vPI0tJLnXiT,425.9084207798598,841.2693879793322,241.92232130038613,808.6454914056654,658.243664260943,746.2369965842477,664.8739862727922,174.5835685830885,613.0638926053325,741.5258668437644,838.8227787077738,827.0678911560175,876.3665480159054,483.78522844874664,839.0151926392291,780.607491384696,844.8994091425243,844.2218121347237,697.7623631673019,747.7751902133998,812.0899111067694,881.9067242189647,731.3160524058814,0.0,792.2799418040914,714.5800684895736,674.6896263595221,813.5190500917452,877.1595434247696,735.1411065518744,742.2845850807466,665.0693420721605,832.6769538545943,835.2361352164714,792.1993807582869,823.4648651033665,787.9133404395103,819.0406854691614,827.3525173312129,806.812614965039,803.6157188796507,885.3815143925083,814.4217355911512,831.8311843942048,867.6732651566003,848.0940902951977,800.8382442031711,748.5981355750179,797.16030648782,868.5737728214436,779.2133068887194,725.9909105783643,801.7298166948594,897.1587760632739,740.9212316834435,818.6504114177056,780.0829225779447,777.6945727484886,777.2054669624681,800.6422187554783,868.9173183478581,930.5899592027665,867.639005187057,880.6802245155615,784.99016783104,928.7524843264366,844.7397608393636,834.707761850798
1610555721.03nzkucfjAUh31zTbmCVvTVYqtjoxZFnBh,783.6664884719589,748.9209861599884,789.8034359189487,734.6940015149788,662.587139061507,658.4134467248684,757.6141046101407,787.2310259062725,734.1919136707317,767.3316134267121,755.5845180398225,701.0410256940801,930.8032427713855,748.4098819988953,754.4618644696641,683.5915120540038,813.294620730535,756.6514290594716,658.2295992446616,761.7502258439988,706.541814571003,756.5674622143024,605.1910835013967,792.2799418040914,0.0,711.3112189977782,702.9969592882479,718.8130094704998,715.1225394070746,646.9930278197284,757.1670577578493,659.7626898221079,897.2121543518919,715.2870253818937,724.2280874541935,690.5400019368881,742.1466376848076,663.1076191197807,556.5439570520331,734.7425543201441,742.1420407848556,769.5615297278193,710.6250649329947,685.6198259539489,716.1721726712914,723.5952302748387,725.0617830546421,610.3947899142188,711.829110880321,767.2121729348615,704.9963946793737,749.5694314097425,752.7035319859624,807.0544053666009,795.9755116998413,569.2269204342716,559.494915596849,711.5131459411218,742.0064825209026,600.1119602185554,730.1705227146707,810.4732651618749,738.4600261214703,771.4248669249807,709.5907986345679,806.548948705531,723.8258148345276,729.6723085917455
1610555722.67fhKURdXVzRbLIjXmjRwdJHTnE7PWb1AE,698.772929420951,817.355351400661,707.2491857624756,708.8211362740503,650.9747408674725,375.7684621115083,734.7102305305243,712.9551262576774,646.9786634511762,796.932629078138,689.574780871275,776.0995760681405,928.5387506221962,695.8890939601943,799.4699142566769,749.7710600471654,744.6361130904673,766.5024811112138,546.9251763330745,746.2635985224928,700.0582148612646,802.754928213371,648.0936319966054,714.5800684895736,711.3112189977782,0.0,656.1687382225753,729.4342512277713,769.0902831576943,676.1299623004729,753.3025273846579,640.4792009034294,897.5431788535589,759.5513466484231,726.173288381675,743.8303551994018,744.9743552724595,774.5927995063984,761.5472857934307,759.8818963965964,765.9718936690927,804.2886805241085,755.2896888572585,745.2338004549673,776.5740065033009,714.6807702708211,722.5371317054368,697.1639306399801,798.0288235897143,793.6207501397963,697.5425234469872,714.3569063751047,756.6736007651211,855.2560986010279,776.6059526714181,702.7434232379933,672.2797050191738,720.41014277592,702.4518107358508,677.3501350128138,776.0348298767836,882.3234871427388,843.8680751498113,797.0223828100122,780.8488235910972,866.261215826398,776.181502035481,726.8551606807667
1610555638.39J2ZWBLuLTHP0jOlzB4tNHmYeijH5g5YJ,626.1888095282897,814.0818074461838,662.1557795957174,715.1592631899599,523.4279213344657,652.7066655695814,743.9504534109697,673.0302300373332,623.2978229453917,709.781666249908,775.2362489759769,771.5784030418578,884.7845543722157,671.3812489698456,783.347800804108,693.2996878985323,809.9099201665064,808.4970456915011,614.7117490114497,662.7509928097337,745.3114759358643,831.7030058618415,536.1203648238572,674.6896263595221,702.9969592882479,656.1687382225753,0.0,752.3867480634126,770.303347822253,677.2658322189627,629.9935074707001,641.9326140300393,839.4883749855884,712.6455595717459,722.2934323895951,724.5722482071624,691.1078914103298,706.0948266794762,754.7286165274088,733.4956835738917,712.9573774476876,825.5926197781077,711.4364049886883,745.863613288594,797.2197167693755,804.2669292743046,718.5897142540969,637.6391288898587,660.5843516633375,707.6050930335448,718.5744347648607,675.4635560012014,774.9749151708322,846.5910272297559,703.4210655234014,668.1396120096286,683.6710430178806,716.0053864674156,729.9653936420527,719.9999157195339,810.5917350055007,879.8326058423827,726.0283018102846,843.707701602426,641.2147548345575,877.8787786115105,685.3771254455335,780.0935860798795
1610556032.17Q6yCDx9g7alRnL9jBFXD2JhhUyB2hKfJ,824.7592141373779,786.1601518959353,811.4945259894756,616.7892436902608,754.165097328466,684.0737607654553,809.4278038989696,811.3555333912934,780.1449848569895,828.0302819747326,731.7859100946946,581.5934159993462,955.8035254998807,780.3086765143461,771.5665230847983,651.5501713672728,816.061514106984,754.4940843706217,691.9402706471282,711.1437040471538,561.5767864226663,703.5382502004077,719.1083075842616,813.5190500917452,718.8130094704998,729.4342512277713,752.3867480634126,0.0,684.7486775930804,718.2195796922555,780.5920327943927,765.8698964672186,924.7737883545223,654.0444165310155,645.1598786580362,635.7139226075905,698.3049625246889,679.9829059269799,719.2926287528358,725.5707955404346,674.092511118718,693.9612789479493,686.6241509863704,625.3900216578301,735.1142864293288,728.2219150601765,712.9217470965588,720.5223377933313,779.4845438024627,808.0727396921728,556.8618304528923,741.2657953520592,737.647907976543,803.7281531436859,777.0966666611355,742.2594308048587,670.622792428833,584.6293057087757,625.0935077726765,703.980922192243,698.9053878009026,822.8557024867342,751.5381595004512,781.477479593316,719.5520537112451,793.9772232949671,774.5296541071432,641.5619779794639
1610557007.49MyVgDnuUuBxrvL6SGOdhKf69VYlW1MSm,867.109469477029,791.4917648167291,873.968337322006,668.2579476542088,765.7690082616837,677.1306862581647,834.0476578101665,875.398230051781,831.2301416470333,812.4756982256215,751.7666462904374,697.1679725596973,952.095802460274,831.6280451672134,756.262937684892,667.8749460744643,852.5217950945215,780.3936081717966,704.0631161726334,780.8537964861817,707.5238368314422,769.4175922112039,677.0471919854393,877.1595434247696,715.1225394070746,769.0902831576943,770.303347822253,684.7486775930804,0.0,705.1432322419619,787.3215807859214,785.5935923582451,920.9182360301951,647.0114985568925,697.9599166019473,629.9266143491757,760.1387612355985,586.6807064247878,687.8620748303385,769.2076852017805,676.1539151870146,735.0461472026363,707.1529512442326,588.7911586190129,665.6957749151927,727.4431210972336,790.166888792344,719.0536443317641,744.4607710263284,773.6310384315688,726.2400787247949,815.8390666794716,813.4069795910725,763.3036281406847,824.6982781144148,641.0163582962065,679.0760255150776,715.775101444577,790.3541969511427,702.9766516120463,751.7788309382029,788.0373080427574,664.113673736428,827.1350283625853,724.4098984721895,782.5272579306816,746.196122487836,744.4788488439506
