,1610555604.25mOvVXuL01OCiReyVWBfesjuvXmB3MoPy,1610555605.43B6oDsBtWRQ29Q9UMQuTUEPZy3FSSWXzc,1610555610.92HPGJJSmyPM40z7otPBgHalNrHFA7zk5d,1610555606.68LaSQbm9EHAFycEfFtEqAwYqlBsQPjIRW,1610555617.19EKxMEwDHfXiEJZc27TsGoERaD6Da4BZU,1610555722.52PJ3FD50MGhRXyUD28vluU8Z9UjLJLZn4,1610555617.52Ijr5puT55g9apK8auM7zaxa3NANg502t,1610555638.77ZLjTLkz4jYJdFMI2wWBztzsDILkoOtAk,1610556912.46C7tJPLF0XfNnm8f1820X9aLmXMHoc0Dw,1610555617.51LjzIROg0aeCP2GhDcAVQ0LipKJB9jmKc,1610555608.17OpjjHobqRkX0UPcaXrbu7K6L3805SZri,1610555721.82zWeNZfGUUfRJkgnAwlP8VMhPzXctnSd4,1610555735.75bom85BDF0C7W2eIseHeMxi24qR68nzMi,1610555735.77NnT5xqKnwcf2BbjIekeb2arTQj6QMNwk,1610555638.33wjf1PhdNaoWfbRzXVn50hmFyB5bYAiLV,1610555606.65jCE4ig8Pu8kvAzkxnSGfWsV0nQBjCf8H,1610555608.18ONsBCVo1i7BrX0XG9stct4oiA6ejX9Oz,1610555721.51RNoQUMP19FTMS79BmA3JkgSm2IC2AQuQ,1610555971.86O0cHB2ibBJ8jxoObg01EpGe8VVV5mpwn,1610556911.51zU3duZSGpcw1BDNsBLxdOCITAXwl6z3i,1610555988.71dMoYT8250UHHJGxgmITTmbHe7V6gH1yU,1610556042.81mlUZsSp7gbGjrp8jQSnybT1gPy6e62o1,1610555637.02UBW5nKvDyUrKnaWcYRGajZPxTRDS0q3N,1610555619.13oUYNikU4facCTpUSiSLr0vPI0tJLnXiT,1610555721.03nzkucfjAUh31zTbmCVvTVYqtjoxZFnBh,1610555722.67fhKURdXVzRbLIjXmjRwdJHTnE7PWb1AE,1610555638.39J2ZWBLuLTHP0jOlzB4tNHmYeijH5g5YJ,1610556032.17Q6yCDx9g7alRnL9jBFXD2JhhUyB2hKfJ,1610557007.49MyVgDnuUuBxrvL6SGOdhKf69VYlW1MSm,1610555638.44hjT5hbYdKoE3MB6hijrjqbjmLgvCUYKD,1610555608.13zUvmFSCRt6SsLbhqFznMEvGx54GPGQzM,1610556038.62a5C4ynd1AARyAhTv8a58NCqHvXRjscqH,1610555644.45Xse8u7pusHNsd7F3d0A32HXvXr6weOJE,1610556038.62gKXOCG7XCn55eJvyl5voNjbwOW0znQDq,1610555987.13v0oleKK97pkesp6oMgprH8SoSdoDVdIO,1610556964.96ZLLeiQW0qpmxhPGTg7K03fmzkqsC2bjC,1610555987.13VQlEedQ50VvkPMEMzZDv3KNnQCewykN9,1610555982.186TY6MMGkDecIN1woW6vsfAMXVV7jnyjO,1610555982.673LuMndkwkvdmZOn0MmE2Pkidx0FtNalb,1610555733.38zItcuH7gHNfKdALR2d9Nek6bxCyw36Vm,1610556034.15BQxSbZINGCay0yp6RBVlgcPrw76Yn9ON,1610555639.37BPZpgtGml8qUsh9AdV4m32jPLfI2aNFq,1610556965.57S0adAalhWYe6K3bkZU0bRHbqnDK8gGkR,1610555983.54zteLPCMjyrjzPdhHhlZr3faCgD0TfYr3,1610555987.79rHnNRmt9a0ufmnwCvZqBouyUoZDNpylW,1610556960.041xWER61rmArlsKfiMl4frikWmUCnQ7op,1610556035.13a7NHZDutfTMJ88qle1gTYY59Dr4WmMsj,1610556890.456ZBDaY16bMtrTZTqAgHl3wq1tRxzqDow,1610555760.24e6890pkbyZ97Or6croI1rQgjkSsR0yVt,1610556043.02YpWMIJg3W004iqlPyv8OcVAZdSC5rNYw,1610555987.03z05P26TLtONYM1HSzupoc2CeNMa6HTqr,1610556032.15OYCzUxpsz7b10AXBAuDXrvEcvxFhf0M7,1610556032.63Z80yI9pNwS3jSmsDABbuhf8wkNa2Ze9y,1610555736.28eGuESasTXdR3SqY6pHhEXWZtcdciYLCO,1610556034.61bebeZA0MkaFG2sm3VKiqrxeqQginTTW0,1610556944.5XwXOphKYT3ZkWA8gViqOS97VHVuMVUqb,1610556944.745UVLFBzf7fPh4UH37I6tYQOFPqRDytEh,1610556034.63XsUwaFaPZevO1JNFjfhvY4aKNFnV4noV,1610556964.89xwBHw9faT1HjQRMNQEyA4qJ3hWkwgj3k,1610556966.74DydzH91jtyvRyYau47JpVkZoMRSNTt01,1610555740.77UueVziDbaXyRR4OcVJIIZyzOfAzN51bj,1610556046.84e3vwjyRCzqz0wJQhrk8zsxlFfFSv98Df,1610556137.99eoPuVrDThKAOvmeprLPb2FWRqIhzUodc,1610555740.73XFwSrmTXJPlaxGZSefh0jOVA8PI3III1,1610556123.88AOfNaz9jSnqU5Czc7okOv1RCrYfKFBTo,1610556046.85nB7NvyoYQeLcOV391Lmmut1wAM8CFGLw,1610556123.89H4pdIAzDthI7bMXMhlIhKUYIQIvtmPPQ,1610555740.87GOYQUJKpkynIS2lFqppYK4b32ol7NeGh
1610555604.25mOvVXuL01OCiReyVWBfesjuvXmB3MoPy,0.0,769.7372799158835,344.8540745948366,740.4620351772503,579.0374772759641,667.7775032301859,690.1295464646047,403.57259869408307,533.2607835930573,627.2677807142289,785.6112769325583,811.0797015435198,842.1204291559249,548.6560177918196,831.9241515436352,705.196301335996,776.6486275892887,801.9582741899588,626.4292808857584,685.6318062921939,768.7604239353421,926.9589205880072,655.2455578954258,388.1960449493844,709.9878440876042,632.6753148951487,574.8985308865402,742.571090659256,839.4787238166625,704.6094586635871,656.7499428407662,589.8060828701779,763.5682671133666,777.0293969867956,722.8696098297783,788.7819861500067,716.0980450373256,752.8856812800917,748.0295691413313,753.9874708840273,757.3452153246941,905.931706769529,772.6991635738867,845.2018159520015,818.2624443779364,782.532083447265,738.2743845679354,677.4800295781566,738.7061301383011,854.7324221413929,697.9789207838464,665.553042761192,721.5553735118343,897.6373326765172,676.8634667471384,789.028744160929,727.8663762526331,740.1342518981326,670.1728181769508,763.8451356152814,828.448599411702,975.4615023316956,831.0654725725144,871.452773803469,701.7236379274455,977.8519033358863,815.1009847579209,758.4030346445738
1610555605.43B6oDsBtWRQ29Q9UMQuTUEPZy3FSSWXzc,769.7372799158835,0.0,768.7594521847977,654.8511338748367,800.5126039691011,765.8682068077106,794.8127711475036,781.8598253801475,815.4982509011165,755.0064178896048,688.8421149706555,715.4314865731017,842.0402594891744,789.0992868420325,719.4402383347066,684.7258170762336,723.8275257544768,511.8086881835683,778.3688741111051,781.000640525164,726.0256490875253,758.4540332087053,795.0032010965515,776.8353091830965,709.2779551133674,762.3356241436327,779.91267524011,704.3173157637223,808.4662455829737,719.2423989049703,741.3404535546734,722.3956732266889,806.0203851425571,770.6780404744991,726.57846996881,753.6678755544577,722.738839337922,739.4248052661337,584.444046155301,776.0075675451757,674.1479429879447,810.088298626803,772.7304151763885,786.2452996567775,623.736606728185,567.5766999972252,711.0409055728345,786.6048841696767,752.7160555808213,894.6584811507228,705.1929952056605,777.66175309855,739.7899544002895,806.3288910814055,725.3970648023783,839.1849001832571,750.7727897117903,721.8293408418133,723.5098815462807,767.2890644990875,746.8121510575411,858.760307997461,771.4216037762003,802.9618070443441,703.7664554998047,866.4403151011813,882.4173942177481,715.7753778934057
1610555610.92HPGJJSmyPM40z7otPBgHalNrHFA7zk5d,344.8540745948366,768.7594521847977,0.0,746.5775856899332,607.2029838153396,678.0323848385237,617.6872289685782,258.6889430173896,566.0932534662002,651.5096831361742,782.4356728776143,801.0207556099302,853.0142918128629,465.2917744147388,823.8568523348193,703.9611097724533,769.4651585517178,797.5070461537342,641.5503493831831,694.2429115328035,755.786093151292,912.1385466579603,674.1339305597317,216.3788866075781,716.6762740378855,640.6553973212102,606.9075980062739,735.14344554073,851.2609756461479,678.9147930433314,657.7982236526591,579.5624470249606,778.4817757680241,786.976126018037,726.1320669113742,785.7758855626879,714.8517082205276,766.22448969662,757.8522872984884,743.5490654384719,747.7966756002909,896.815623320268,767.980584128096,855.0448851609204,818.1439456182298,782.8982147848201,731.0321238335613,683.2687349885999,747.318859180618,850.3678718882793,699.6415003190237,652.0632572774159,708.3775770645123,894.0068592428108,653.272645969009,795.7326926432316,729.1973243702273,722.7837027919493,674.3239827505561,755.5218662004886,820.7806999938813,966.0994863746656,833.6259714193975,859.1561827679727,705.9491726590286,967.1873053131544,814.8589490972475,751.5918190396732
1610555606.68LaSQbm9EHAFycEfFtEqAwYqlBsQPjIRW,740.4620351772503,654.8511338748367,746.5775856899332,0.0,723.8406449009707,639.2117018253285,788.430499863545,764.4060286054755,763.0962773310457,773.704575826364,568.2089971862372,664.4205508023949,948.1171230191769,754.4853037049575,746.7299974445953,633.3168438733296,699.8613173994158,664.4092840553628,659.6301317557711,683.6801672683224,605.0947731731876,785.0539583412809,683.1849863802196,758.4270014462189,699.4865544353067,669.3672489859597,700.8497743147641,560.516768697996,699.5263544998045,673.8707677787412,684.8433069760318,703.2213463746651,894.484215210811,684.3060347494647,576.9140657228199,618.3461810202355,632.9270690378006,686.1317176172643,625.1535791854808,709.4403253842631,580.2629903698719,737.9471304349547,651.7517877433709,670.5699318282976,629.3724013383553,602.4007745169251,684.636337001235,707.6663125405898,736.5608810048964,837.6962664216828,575.6609803635084,706.3109816176612,701.9422022230497,794.7815041565284,709.3973902729268,765.7723318150656,633.7547880366545,633.3375542721363,615.2282669274712,690.2702609684159,703.2508906305331,868.3897354174024,743.474744510983,793.3857815323487,666.4027196728242,879.7575177611395,790.0708884442265,637.678853351435
1610555617.19EKxMEwDHfXiEJZc27TsGoERaD6Da4BZU,579.0374772759641,800.5126039691011,607.2029838153396,723.8406449009707,0.0,591.8755243342224,635.9007474234413,627.1339155957686,507.71414067728045,715.1612894133402,784.790705583236,766.3460763820378,941.6212715691729,575.9737888682262,801.8233643941941,687.2540644325197,813.224551360161,802.0401107714415,513.2966973451997,701.1809963616822,728.9317805548184,870.2050099243071,497.526506368671,618.6589354782693,626.9435424477301,621.1503514193532,505.35032538651217,714.4324351238895,768.995078024395,596.9273665922879,688.4455670322039,564.2109930055443,876.5088941335284,721.4842280586483,717.0075388217687,731.0228495446102,703.0431508028303,700.2814193143571,712.8005592819876,736.6801337191229,719.0494589276193,859.9197524755558,723.1513712560463,773.550863576373,786.8794619788348,786.6405821381791,736.6159332344754,627.6103761386465,725.2488117375356,760.6809491665327,697.6886401010237,687.149718601005,762.8337741942813,874.9715376987101,736.096193831334,640.784880350465,631.1976442354867,703.3733790859782,699.710927718235,665.9763466878613,790.1627733475779,936.4601309257251,788.511241984797,851.7086917194043,694.9116725228723,936.2810321915701,736.354397672796,731.6414554392508
1610555722.52PJ3FD50MGhRXyUD28vluU8Z9UjLJLZn4,667.7775032301859,765.8682068077106,678.0323848385237,639.2117018253285,591.8755243342224,0.0,706.772552737737,697.4394402307958,654.4482989660902,735.8871337007773,709.3133168493783,718.6833764614595,949.3186184574331,661.5262276711553,783.2013998490213,666.3636806534582,766.5059678610785,756.5097516311727,396.4626643795066,708.0628566384418,654.321407582171,818.7370122471958,541.7596432782387,691.5623416070493,617.8054424970906,362.9287478700329,624.4487086652082,630.0581578128073,678.4948830946638,585.8337699668351,705.3002391820633,576.813972121777,890.9038365126892,661.2872573842178,669.1786749078398,678.3485106326074,701.4042757856761,682.9118122206917,683.6211326088398,691.1292229871639,696.2836149498058,799.8214720001135,685.8242732839636,673.6074926508526,715.4269107375991,684.8830276726713,683.1716925807633,619.0679287593438,719.9915699265609,756.8290274484599,630.4311007969869,672.5484341499698,705.8805126272063,843.9008568342746,744.9798185534615,597.2190467700677,591.1717094429598,658.0275232017531,645.6128138649169,573.6919030938,735.6851245791668,895.7022604622588,761.0960391731682,808.2129826215191,700.4666895054908,894.9245273851512,711.4452388698186,668.1650561025015
1610555617.52Ijr5puT55g9apK8auM7zaxa3NANg502t,690.1295464646047,794.8127711475036,617.6872289685782,788.430499863545,635.9007474234413,706.772552737737,0.0,635.7531631002992,683.7612956753378,787.4356385645773,819.698362472086,771.7126709319244,952.6206600319518,523.726282965015,807.7393068274994,757.3674354436951,833.4243466034708,801.120134310414,687.2402904781533,815.5011867668873,754.7400640677461,854.1053886798783,715.924106319637,629.5830226813687,719.2931641063852,709.6481837403263,719.6521632373838,763.5727149457609,839.2824147648807,537.56850773086,759.0194072492031,613.1126291937506,907.987763538495,817.9087683562508,781.3484655681956,780.1898843760449,760.3373293168115,808.4418798272224,773.12132216457,750.630272674856,748.1996657315784,880.465940736072,783.7526794738482,841.7725027840484,813.460476358364,811.7410190266828,778.9945947086455,758.5361433427372,807.4971860534063,854.1104982771316,739.0483088679649,701.0506365366357,769.4126405229471,890.0027427866314,760.7602552107071,766.1110809049673,750.3700464368559,725.570927214328,747.6722405352474,675.6051909286448,819.2405987176414,940.5861397087428,856.5164608952372,866.612588000566,781.3765134037153,946.881874357813,830.2767632729343,774.4248713960288
1610555638.77ZLjTLkz4jYJdFMI2wWBztzsDILkoOtAk,403.57259869408307,781.8598253801475,258.6889430173896,764.4060286054755,627.1339155957686,697.4394402307958,635.7531631002992,0.0,595.542211175317,670.9246885007375,801.0447332682182,806.6309635141904,868.0674892664401,437.7512417299921,829.6965918789946,719.1332477517371,793.3760294666009,805.5283198908712,661.0750531837471,715.7375275087932,766.521904853335,916.0280063680027,689.9147466490016,161.89874366825677,728.4658128449855,661.545689745255,629.3231833470644,749.2687584977128,866.4093800051577,698.153385552288,674.7982108551251,600.3286861851475,795.2003043347346,807.2155011719451,739.743871479774,798.428420645313,731.0836119882952,783.4986269550755,772.0121234110197,755.3737442160149,761.1527557848491,902.9129577478752,781.275097407879,866.3709327033845,831.8155951456946,798.6337112154545,746.7578742068107,703.7921660498905,764.6695196813247,862.6889641228294,718.6820530793921,666.1231775265352,724.3445398721365,903.4442339035304,668.2097332109157,808.1288647016872,745.263879105548,738.4497282528313,700.2656050796389,764.3092512858927,831.8478345860498,974.2133303833881,853.2639011611368,872.6722306553514,723.1090451865807,974.0686056321638,828.8939448722256,765.9735463268547
1610556912.46C7tJPLF0XfNnm8f1820X9aLmXMHoc0Dw,533.2607835930573,815.4982509011165,566.0932534662002,763.0962773310457,507.71414067728045,654.4482989660902,683.7612956753378,595.542211175317,0.0,723.70692566857,800.0441520320074,797.5995482088363,914.4600067340604,572.3230790028304,821.785097581753,724.5306341999501,804.903247570815,805.069425038077,600.1291149118475,698.8862389338303,743.1093800747674,911.8737573471135,656.2919562889077,584.7555378965259,703.6211528082288,623.3469895893932,605.2105602104833,746.0409007844662,843.5682466022306,701.5590968554516,717.8096062460071,635.7300037439204,855.1733800797772,776.8134752330562,739.5292773951368,772.172464711822,723.3021662086012,779.0480730515743,768.5194649331908,774.6212439309465,771.3574334180468,882.8993356809715,771.2953137162518,855.378590866813,811.619272023684,789.9925923929355,737.9306360320606,673.5320243232478,782.5542483603688,830.1969863986151,708.9501390642104,710.7800743977874,769.6994057175601,894.6380105505085,751.2254126929198,762.7823152573193,715.4109502800601,732.5940846733123,691.0654250592102,759.6240519075454,810.2334992358822,966.2208339774832,854.2551400846512,848.0298950099834,744.5737511635831,963.8818875483552,804.8660019321655,755.714772626144
1610555617.51LjzIROg0aeCP2GhDcAVQ0LipKJB9jmKc,627.2677807142289,755.0064178896048,651.5096831361742,773.704575826364,715.1612894133402,735.8871337007773,787.4356385645773,670.9246885007375,723.70692566857,0.0,831.9054136014928,825.6560859563451,672.0882356410696,705.7632455588185,848.058452156562,718.9591616155523,833.3690499260562,828.5568668486461,740.5583483200412,694.3936988830142,796.6717034584119,926.4525233551699,708.4357592627563,666.8767309194232,712.4785384688556,736.0391622171096,656.8702495471737,767.528080677645,801.9556071104342,757.8252326099333,693.1097369377704,711.2956918070623,512.4114707060539,752.5914003771903,764.1018705015974,808.4069179394072,756.7870146389711,714.8449034505443,712.0269030248965,774.8641206542264,783.1946266664811,914.8049932829067,797.9662062346708,859.0633828083133,814.4404563636461,806.7353742044479,768.1660084798611,690.4082733389881,540.9293463321867,834.4189490410446,752.692634740074,748.7642433162712,756.3069857120452,910.0737693347598,718.687569812918,793.1623492116814,763.0869189981839,758.7361144326896,742.7743687121164,797.1005570295981,843.3155471048017,968.8199720206233,740.0070982204425,905.3188771810101,623.8865413963312,979.2537959344835,791.2136636518189,791.4388618803362
1610555608.17OpjjHobqRkX0UPcaXrbu7K6L3805SZri,785.6112769325583,688.8421149706555,782.4356728776143,568.2089971862372,784.790705583236,709.3133168493783,819.698362472086,801.0447332682182,800.0441520320074,831.9054136014928,0.0,754.7761987120559,965.5716978541438,792.6056525673313,774.0629658182003,703.4475334744268,489.17137551585006,666.4754543400655,748.7240439270572,766.5736966200192,629.0206360378684,788.3373271156541,767.9275144044503,795.8569008342597,736.7361896796622,661.7285567529211,759.3907873357142,688.5444432260434,789.7961590576936,752.4651015313528,743.212334531517,729.3521287444568,924.950468456865,784.0519846262914,685.2341524278406,689.6587172348065,708.1402880169899,785.5126588825235,707.093830135385,771.5210072371585,696.740449528922,745.0228234332075,738.458577796731,798.779689444644,664.4790283938603,565.731667866065,730.4243938836538,775.3869878715642,801.8166008885744,857.3536078534474,678.4348694580084,774.0393709282321,741.1795217212655,826.5027220269878,740.6082419337481,826.0073627181132,653.3269095998065,717.5813826632811,704.4962487394165,769.4746816463273,726.3953915574165,873.2536893702134,822.8758958625444,761.1685936500949,735.0855401582887,869.3661289622588,843.4424972246649,685.6135898353579
1610555721.82zWeNZfGUUfRJkgnAwlP8VMhPzXctnSd4,811.0797015435198,715.4314865731017,801.0207556099302,664.4205508023949,766.3460763820378,718.6833764614595,771.7126709319244,806.6309635141904,797.5995482088363,825.6560859563451,754.7761987120559,0.0,984.9169348479718,760.5280108527409,708.5090430386883,613.6489580088269,802.8414606328575,682.0056307165546,715.6589388962777,721.8620432603375,454.6692021122238,681.6819265711289,751.8615855777679,803.9415972115966,684.0539036172132,754.6916640109595,770.2157099024148,556.9055815304503,732.1378771390306,721.9773312040058,785.2357953792973,747.9953477277633,935.3646274348062,710.8340740260701,659.6473247781107,600.5406173802879,698.010426014048,706.6225058088564,676.1741808133941,726.3729353605866,649.3518649965483,716.118078420791,695.7157176930111,648.2608255661096,682.2396962259149,734.1401598950895,674.3994526039874,742.8521354962705,767.4572595402676,844.6551091096209,564.6709802520744,766.8894521695702,772.3820529890501,805.3897784765243,789.6024637991287,767.2374259736326,696.2026915353212,599.7240278049563,676.729124692012,674.147188408226,726.5049804486907,840.1041141098268,723.9027603037913,795.1207036288984,703.6081202237755,834.4375531192359,812.1451457210447,705.8914573919826
1610555735.75bom85BDF0C7W2eIseHeMxi24qR68nzMi,842.1204291559249,842.0402594891744,853.0142918128629,948.1171230191769,941.6212715691729,949.3186184574331,952.6206600319518,868.0674892664401,914.4600067340604,672.0882356410696,965.5716978541438,984.9169348479718,0.0,917.4196140516832,975.2986952654996,929.9868615903637,958.9249601806855,932.3819725652559,959.1737412696035,916.6722976420753,968.1791867511557,1050.5498654559528,958.4704662298827,863.537738184716,930.9419693813917,930.9570934414446,894.8152129551617,946.7150744692644,989.1456665725319,953.6117288663412,907.2457238320658,905.9599826492928,356.82384964167437,968.4697095100779,953.929004209603,997.2939941731933,946.234486533741,952.2859803981603,901.7261276112026,956.6607169758919,944.102807376923,1060.0143306706495,980.2822531901342,1037.7614988630078,970.1762641490568,935.1254999714602,947.3944348487616,942.3383401065956,877.8304274938877,1007.5850583570639,942.4634089277606,936.3378743073397,935.1899932163684,1049.8163042064984,901.5269534303113,1008.6444863923728,978.8212325683426,955.9946533506007,927.3080062126456,984.1738013510158,994.0867128967881,1091.888435415878,939.296467704424,1038.6664082455702,887.7619427575889,1092.1868007983808,989.1585452260343,954.7237717365937
1610555735.77NnT5xqKnwcf2BbjIekeb2arTQj6QMNwk,548.6560177918196,789.0992868420325,465.2917744147388,754.4853037049575,575.9737888682262,661.5262276711553,523.726282965015,437.7512417299921,572.3230790028304,705.7632455588185,792.6056525673313,760.5280108527409,917.4196140516832,0.0,792.6056563470632,701.1125721533226,792.2990980718027,796.5857780246035,630.5393350708645,711.7558629701197,720.4851495251628,868.2428388642954,650.0085757133962,447.75712893604236,691.9739501389768,649.3467525610924,623.9824318576639,721.5225952736688,825.5095490178718,647.1287305501444,689.0677434059781,601.0063498338144,855.7125961863052,774.6514075036276,728.7829878608945,753.7632215893416,713.7808614775419,754.9620537388723,755.370340583204,723.5852553442996,741.1201234856213,855.6198652959482,744.2640621189644,817.5278716888427,803.0257599460299,786.0934880482968,732.7770895175983,687.7914697002133,758.4865891876012,821.0890223725024,693.9010742349894,683.2234899825421,728.5112518429902,867.8896817050705,707.6311632247115,750.678680900929,704.0317453700073,696.5777081320444,694.918658892956,710.6128239633049,793.562264103902,931.8038911141261,828.0672460194222,832.0334524734059,714.2797024102268,934.0596128638794,788.2282838134123,738.6316712300726
1610555638.33wjf1PhdNaoWfbRzXVn50hmFyB5bYAiLV,831.9241515436352,719.4402383347066,823.8568523348193,746.7299974445953,801.8233643941941,783.2013998490213,807.7393068274994,829.6965918789946,821.785097581753,848.058452156562,774.0629658182003,708.5090430386883,975.2986952654996,792.6056563470632,0.0,713.4640573007817,819.1935840540466,700.1233978543303,776.258148360102,820.5612282766382,717.8820790870842,672.1716855868408,806.738032781143,827.8969794313349,747.5818333938674,795.4166695750345,793.0662267393772,740.2752819504316,804.1603451364875,763.5528640494746,778.4430095838736,784.848582205458,932.531610998734,834.4802849973923,705.4482920127477,660.1229130484621,694.3189972612762,825.2838452434419,733.8743961846429,693.2729196987402,641.0235884878063,716.5148759674215,614.753882682471,803.6571677931033,618.6933644077916,706.6534727601455,660.4813334634619,793.9310421191711,822.6202030483433,859.9193499399278,706.8289631870848,784.6691001266161,814.4347440586276,754.9074797333673,796.5088181273096,816.349689832085,723.9325493634769,753.2039507249514,758.4559458179564,732.9495303509757,690.2430550683879,741.8104152651937,836.1592693449938,696.9440957132595,785.0693571679525,712.8900205435874,852.2378763390416,721.5021339325949
1610555606.65jCE4ig8Pu8kvAzkxnSGfWsV0nQBjCf8H,705.196301335996,684.7258170762336,703.9611097724533,633.3168438733296,687.2540644325197,666.3636806534582,757.3674354436951,719.1332477517371,724.5306341999501,718.9591616155523,703.4475334744268,613.6489580088269,929.9868615903637,701.1125721533226,713.4640573007817,0.0,747.877243970309,729.0309378765729,669.4601086601664,623.2960427026846,605.0437932816513,802.1470111453829,643.1428230783235,716.0963425436187,639.0313423269741,691.6189754787476,660.8322296413252,599.9795547828668,685.2833612278574,670.3992428342759,591.1971986404568,678.9773108862997,859.6797640722796,595.0011798875298,523.0664962704307,552.14901079624,570.8931091024082,524.6045937080901,639.5755782612766,667.4145510811223,601.7888399120619,772.7473297750463,644.6776922822405,689.9946911492966,650.7688183077872,714.1074949476794,614.4516254908756,646.588640471075,683.0012330920138,785.3452867889454,549.1451224998711,690.6842604988793,660.1506226795652,795.5643939139551,618.431225903876,717.4097424104015,643.4779274743274,570.4641113058186,593.0378594908657,690.4299023245914,707.2014766460377,850.0054603558675,658.5620061799431,780.3307498459546,608.0016058588279,857.935781263435,752.7701646074208,660.2878744190042
1610555608.18ONsBCVo1i7BrX0XG9stct4oiA6ejX9Oz,776.6486275892887,723.8275257544768,769.4651585517178,699.8613173994158,813.224551360161,766.5059678610785,833.4243466034708,793.3760294666009,804.903247570815,833.3690499260562,489.17137551585006,802.8414606328575,958.9249601806855,792.2990980718027,819.1935840540466,747.877243970309,0.0,718.7020798802592,795.2925980950903,785.2811938740075,693.4707135685443,842.9027556494005,812.9140954317762,785.8452097016434,777.5135172354646,696.6990142236352,777.7844946307423,749.4807256657118,878.4625004000018,796.647151725333,772.9623013091242,751.4459429982765,918.6855367510424,833.0501486381236,752.036265551734,758.8309244862367,755.0917525998507,840.91607057417,759.5789281359434,814.6914790538801,748.498752218809,817.3577918427734,801.4263082955397,867.5558046267945,738.645613219459,668.0891272366383,754.3472026082585,810.5748642335133,813.986589574836,881.8346884424834,728.009040797196,798.6260041244938,767.9544916792893,875.4030179872279,752.9021205957206,874.0109255319871,726.8927673370775,760.9829285466132,741.8906335368241,819.9198082997995,795.1251193087769,909.7680921001206,841.9458097108222,797.8057321754108,750.0357831161257,913.9290936678224,877.5591628501649,754.1866616973793
1610555721.51RNoQUMP19FTMS79BmA3JkgSm2IC2AQuQ,801.9582741899588,511.8086881835683,797.5070461537342,664.4092840553628,802.0401107714415,756.5097516311727,801.120134310414,805.5283198908712,805.069425038077,828.5568668486461,666.4754543400655,682.0056307165546,932.3819725652559,796.5857780246035,700.1233978543303,729.0309378765729,718.7020798802592,0.0,776.7050694517785,814.4513690943401,683.7006664384679,698.8734696445507,809.3453017589312,801.6140588681415,739.4379973297413,738.2023169681754,797.4387708486449,701.4765504558934,817.1545016575433,743.8564354904631,771.923280488671,757.1412588880196,894.2822581050185,805.1454953282401,730.9881672654496,724.4057881610321,739.089154910647,799.9511274931332,673.4550552893809,753.8855471329972,689.8095629243547,742.9062512516065,751.4463382428054,797.8508279907302,604.7617674464349,502.99029884417854,710.1826883642809,802.2960060232338,821.2175913640599,886.8239558213434,698.7159530409426,784.3182616627248,764.429324249888,796.2823946612264,775.5512582668439,842.4890061528873,727.4432047473169,750.8219953316382,725.199718163624,761.7160487403058,678.2319263873894,822.8317478978223,832.7499122372685,748.3825724375563,760.1678400994007,812.6616206000722,877.0868511308703,665.6166212615785
1610555971.86O0cHB2ibBJ8jxoObg01EpGe8VVV5mpwn,626.4292808857584,778.3688741111051,641.5503493831831,659.6301317557711,513.2966973451997,396.4626643795066,687.2402904781533,661.0750531837471,600.1291149118475,740.5583483200412,748.7240439270572,715.6589388962777,959.1737412696035,630.5393350708645,776.258148360102,669.4601086601664,795.2925980950903,776.7050694517785,0.0,720.6379755620565,684.5789926663392,812.8755731130591,533.7357550770244,655.6815095318226,615.8041714736775,527.5030401111322,590.1917474462879,645.8268414606783,706.5253529413386,555.9150199066995,706.1913029822027,557.8876177401934,900.7032550292972,675.1295315844773,692.8609766960658,686.4198168603045,709.8689361010604,679.850559429998,681.3223531616622,679.9564801722572,693.541465177935,814.8462267042606,684.1036468047982,653.455801699442,733.8467462074091,738.6932823447574,715.1962878378025,591.6361790020414,720.8894357145643,750.8508815499765,650.8772238669258,655.4453328890294,731.5148886694367,848.8826769323413,751.3841856665406,604.7318916061326,580.7527047060842,673.5271809152605,673.3871814622452,567.0326472647743,747.7884755414627,899.2383995629604,763.0459115730355,824.3997046397701,696.3138028995239,895.6752889035251,690.9944018137932,685.8399873142919
1610556911.51zU3duZSGpcw1BDNsBLxdOCITAXwl6z3i,685.6318062921939,781.000640525164,694.2429115328035,683.6801672683224,701.1809963616822,708.0628566384418,815.5011867668873,715.7375275087932,698.8862389338303,694.3936988830142,766.5736966200192,721.8620432603375,916.6722976420753,711.7558629701197,820.5612282766382,623.2960427026846,785.2811938740075,814.4513690943401,720.6379755620565,0.0,658.3000088019045,895.0081098756363,690.5330018462886,708.809216524402,731.2986391935178,703.89434052774,651.2026674251873,653.7873722023833,810.9038155181167,778.3257385970145,677.1713014375061,728.5477688170987,840.8546533350774,663.5608539859793,637.5538461809062,709.0416880274402,630.2622889902693,690.541589560281,748.8928658675615,775.7222244696338,717.7720926423453,861.5129652739048,737.5420827169579,782.5880916497869,761.8352267745411,778.6467718758565,678.829296154724,692.3030022917103,676.0691425056995,837.9777830237911,609.9301373919367,758.8448601231992,756.7357427044649,880.5455779354052,712.4229835373318,807.3135714802129,714.0745817399699,622.3004002589105,648.1459264861522,799.9672107629267,826.8793723967179,956.6749259246023,717.1464480340911,875.0498802329178,616.3499886930701,963.9848337414859,792.910853054672,766.7352089917143
1610555988.71dMoYT8250UHHJGxgmITTmbHe7V6gH1yU,768.7604239353421,726.0256490875253,755.786093151292,605.0947731731876,728.9317805548184,654.321407582171,754.7400640677461,766.521904853335,743.1093800747674,796.6717034584119,629.0206360378684,454.6692021122238,968.1791867511557,720.4851495251628,717.8820790870842,605.0437932816513,693.4707135685443,683.7006664384679,684.5789926663392,658.3000088019045,0.0,706.2787417288145,715.5307516301742,762.7566879131284,672.5330692182704,658.6896134736157,719.6770909610912,516.1770507376101,730.1486958395062,711.4589816768396,735.757825879154,709.9287980932178,916.3885233339711,696.0229519580138,588.9867543455089,576.7414413025738,642.1427138124183,709.9234409790837,687.2374895308125,708.1473621118345,627.6579768410719,686.2744063789314,661.722849266362,673.2432747663664,663.1594178754318,661.7543492679544,630.4996064862745,711.9544446659918,745.7305461417568,801.7443903889189,520.3712809740695,727.9003684220868,721.5760836629561,803.0157204645762,737.4575315062148,748.2538001279086,629.6906559370202,519.9286479932347,618.5942860463208,683.0113134600351,689.5559838311751,849.4996508025923,732.6540272609103,763.57600904869,677.6272551183126,833.7398477444553,777.8246259389356,652.4850679369521
1610556042.81mlUZsSp7gbGjrp8jQSnybT1gPy6e62o1,926.9589205880072,758.4540332087053,912.1385466579603,785.0539583412809,870.2050099243071,818.7370122471958,854.1053886798783,916.0280063680027,911.8737573471135,926.4525233551699,788.3373271156541,681.6819265711289,1050.5498654559528,868.2428388642954,672.1716855868408,802.1470111453829,842.9027556494005,698.8734696445507,812.8755731130591,895.0081098756363,706.2787417288145,0.0,853.6228657465558,914.5869391211552,794.5067130051694,844.7282600316931,883.3396803078898,721.0089383296588,845.5371502155825,768.1773743697399,896.882230356055,829.6224800942947,1013.1095167760423,861.6162210050076,803.7165269031427,708.459262289956,823.7863598465294,860.3805079241112,777.7767950817093,765.6572247057793,738.4228932101441,616.6358586891647,768.4168448279313,802.6950025649747,696.237584211035,731.3291183563953,765.1813644155385,852.5213896020891,878.6187234836616,846.224919494557,769.7231714838546,865.2575805018876,844.5661669075478,747.9245693021874,896.1838130357025,832.1065748657907,762.8786669700327,781.3022284754181,834.1740553789157,727.4977867005867,635.0883806948823,691.3632366854715,856.6407821145067,680.0411137223151,824.1867771956154,626.036629338728,855.4147303724556,682.2589305812744
1610555637.02UBW5nKvDyUrKnaWcYRGajZPxTRDS0q3N,655.2455578954258,795.0032010965515,674.1339305597317,683.1849863802196,497.526506368671,541.7596432782387,715.924106319637,689.9147466490016,656.2919562889077,708.4357592627563,767.9275144044503,751.8615855777679,958.4704662298827,650.0085757133962,806.738032781143,643.1428230783235,812.9140954317762,809.3453017589312,533.7357550770244,690.5330018462886,715.5307516301742,853.6228657465558,0.0,686.0240981333873,581.4877247264154,625.7026694691322,519.617210477514,687.3025915359933,690.8980359831494,566.4686932104453,635.8333442982192,550.3333055534052,889.4534306046543,636.2515691026333,685.1164843450374,683.2461961338627,686.4426832211352,585.4719267744941,679.0818801087702,708.6730662113164,699.0092127037695,832.6233831294447,682.0957034636826,694.8521121038347,735.6755284139059,757.6876708142022,711.0824184809363,603.1824372214115,677.143620706744,733.0511149793606,684.8315135368924,662.426069444863,732.822577507656,844.0583432859718,720.2035567420594,479.31881228283714,577.0949799076375,689.457412143399,703.8945588994511,571.3369967751017,763.0639040883124,913.3007457532531,729.4208702251418,844.2714727784246,650.7082620328127,914.3688350656038,707.1245868637574,709.1208913868915
1610555619.13oUYNikU4facCTpUSiSLr0vPI0tJLnXiT,388.1960449493844,776.8353091830965,216.3788866075781,758.4270014462189,618.6589354782693,691.5623416070493,629.5830226813687,161.89874366825677,584.7555378965259,666.8767309194232,795.8569008342597,803.9415972115966,863.537738184716,447.75712893604236,827.8969794313349,716.0963425436187,785.8452097016434,801.6140588681415,655.6815095318226,708.809216524402,762.7566879131284,914.5869391211552,686.0240981333873,0.0,726.0044524271102,655.4219644947001,625.2629252802222,743.9075933458121,861.7045794634826,693.3718583101264,669.5320673873001,597.1293855420647,790.3072508940672,801.4543920752226,734.9818388708874,794.8150138614852,726.4664337875813,779.9134147538372,767.7202197942925,751.5564127098053,756.1317415436315,899.9334556470526,776.9551204992565,864.3779190807377,827.2636770993063,793.6003120696689,741.9566751630227,696.1551433973474,759.7754404899031,859.3852118722681,711.7771520006511,663.9383876709342,718.2421586063136,900.4237859851177,665.2353612663267,806.4008891774799,741.1639784564447,732.0415354398236,690.6608290509092,763.658298603885,827.7323511157682,970.9823615249405,847.76468356107,866.842681743965,718.5534001790102,970.8327264071265,824.573593346361,762.2132143395703
1610555721.03nzkucfjAUh31zTbmCVvTVYqtjoxZFnBh,709.9878440876042,709.2779551133674,716.6762740378855,699.4865544353067,626.9435424477301,617.8054424970906,719.2931641063852,728.4658128449855,703.6211528082288,712.4785384688556,736.7361896796622,684.0539036172132,930.9419693813917,691.9739501389768,747.5818333938674,639.0313423269741,777.5135172354646,739.4379973297413,615.8041714736775,731.2986391935178,672.5330692182704,794.5067130051694,581.4877247264154,726.0044524271102,0.0,667.1852133386928,661.0214220382574,668.0432919545233,713.1571086884586,617.7748233125782,712.5766402562266,607.1080389985149,870.7824595875596,692.4453245325085,688.0615755839523,675.1520830500696,701.6446792063373,646.9476227424695,528.3474296035117,695.6775848199931,706.3488288245962,791.815261208451,689.0173452300106,718.7361818339219,695.3987801502758,697.7061397296634,689.4641201834637,578.8096933696812,682.5899624416022,766.1151029636284,658.0814981610188,706.2918432936281,705.9877473771792,824.2680218596668,749.5108212826351,572.4215305533238,541.5145908839086,679.527917642741,680.2999838675561,579.3636232557184,711.2671375937454,858.2806182515216,725.8668667508068,775.724193756384,662.9140835429574,856.1732088178844,712.6742704640433,684.3342656555575
1610555722.67fhKURdXVzRbLIjXmjRwdJHTnE7PWb1AE,632.6753148951487,762.3356241436327,640.6553973212102,669.3672489859597,621.1503514193532,362.9287478700329,709.6481837403263,661.545689745255,623.3469895893932,736.0391622171096,661.7285567529211,754.6916640109595,930.9570934414446,649.3467525610924,795.4166695750345,691.6189754787476,696.6990142236352,738.2023169681754,527.5030401111322,703.89434052774,658.6896134736157,844.7282600316931,625.7026694691322,655.4219644947001,667.1852133386928,0.0,620.8397918028024,669.2555628637315,771.8561071550163,655.5128347378661,696.3240167462337,598.0745580539798,870.8507918607685,728.1189246059977,677.460278124829,722.3215874152436,692.4373793552766,748.5177754713536,718.7853148197378,720.3203049358752,725.0325803570238,827.1038125326666,726.8249990139778,783.878616247945,749.2666515107829,677.454102008102,678.1798475715293,665.7380816511536,755.054515565449,797.539247352715,641.6954605791169,674.5793266731956,690.6292924703038,869.8943743597686,719.5021221418648,712.6720857014819,641.1519420590024,681.7352316896735,632.003219778136,665.3651976891805,757.2687850255885,934.2136665401113,821.9123062573855,801.3672909092602,714.5480033226551,922.2475755415896,769.6871219059213,676.970587127097
1610555638.39J2ZWBLuLTHP0jOlzB4tNHmYeijH5g5YJ,574.8985308865402,779.91267524011,606.9075980062739,700.8497743147641,505.35032538651217,624.4487086652082,719.6521632373838,629.3231833470644,605.2105602104833,656.8702495471737,759.3907873357142,770.2157099024148,894.8152129551617,623.9824318576639,793.0662267393772,660.8322296413252,777.7844946307423,797.4387708486449,590.1917474462879,651.2026674251873,719.6770909610912,883.3396803078898,519.617210477514,625.2629252802222,661.0214220382574,620.8397918028024,0.0,708.8973846375776,778.339673322563,657.9739855773919,601.0676330627696,597.1352097857371,822.3142093317211,706.1368903572638,697.18683967261,722.1084484774364,665.0997553974607,691.4346728733376,722.4424449788569,704.8436474768916,701.3875823325442,859.2816356521275,698.8343168022523,797.2781849366893,786.2786851093142,778.1492112338904,689.4529598754137,607.014864487361,645.6216789100637,723.7096887911005,679.5481744896383,639.7641478593567,723.5832028186245,870.315413367561,668.7570126040655,676.0811575485918,663.0148846512146,697.5566463280965,672.8836776351875,705.6818082201972,794.3574048375499,941.5488446603273,736.0337372429793,851.1648937859715,608.3616686862498,938.7081587277785,685.5254952252786,734.7651832765276
1610556032.17Q6yCDx9g7alRnL9jBFXD2JhhUyB2hKfJ,742.571090659256,704.3173157637223,735.14344554073,560.516768697996,714.4324351238895,630.0581578128073,763.5727149457609,749.2687584977128,746.0409007844662,767.528080677645,688.5444432260434,556.9055815304503,946.7150744692644,721.5225952736688,740.2752819504316,599.9795547828668,749.4807256657118,701.4765504558934,645.8268414606783,653.7873722023833,516.1770507376101,721.0089383296588,687.3025915359933,743.9075933458121,668.0432919545233,669.2555628637315,708.8973846375776,0.0,697.1879259130936,677.2726943886245,726.3946300965935,692.0722623504812,892.416681530628,616.8256468466573,591.2079070357428,599.2407009751846,639.6478079404724,665.204722817298,665.345020877121,676.1778976366164,617.5744457057906,694.6106710173013,644.3165815151787,634.6667034947055,683.6473005832222,665.1891589532286,648.7951231882486,687.968231310265,715.0612649564,800.6988193900653,496.7373337604385,697.2468578089108,673.817353742964,791.211756421583,734.8463525070163,737.4365530325371,636.25228279324,536.5790073005021,567.3368199068973,663.8101784710705,673.6359280218131,843.6731994355603,713.2968899703242,770.0676558176672,643.116393699859,830.455384606903,763.4697066107389,594.3573215287433
1610557007.49MyVgDnuUuBxrvL6SGOdhKf69VYlW1MSm,839.4787238166625,808.4662455829737,851.2609756461479,699.5263544998045,768.995078024395,678.4948830946638,839.2824147648807,866.4093800051577,843.5682466022306,801.9556071104342,789.7961590576936,732.1378771390306,989.1456665725319,825.5095490178718,804.1603451364875,685.2833612278574,878.4625004000018,817.1545016575433,706.5253529413386,810.9038155181167,730.1486958395062,845.5371502155825,690.8980359831494,861.7045794634826,713.1571086884586,771.8561071550163,778.339673322563,697.1879259130936,0.0,720.3095052325181,801.6419990937535,774.3738465889054,932.9276126700511,676.6209964159882,730.2859225682172,679.0895746251689,789.4110913270026,612.6596105530734,704.6704328049219,779.5283688759354,703.9445352235947,804.137844495796,738.3291257496967,659.2990837209643,701.8121935775798,753.4967131636162,811.3543935942296,723.8939366799615,766.806487976724,801.0978775016769,741.5936263464232,822.625949196804,827.613086074945,833.1881615541505,840.3471935068271,667.8043920338063,698.6692390791272,741.8010565870987,786.2267111680145,712.9908187188495,776.1344964688598,874.2478626495104,697.268296248142,876.1214948871548,740.2433925575348,867.3905818375652,757.4990175662575,751.1706474633927
