,square,rectangle,parallelogram,losange,isoTrapezoid,kite,rightKite,rustedHinge,hinge,trapezoid,random
square,0.01357311068317835,0.01908887353496115,0.027435757972549806,0.03405730405702851,0.01838957217156333,0.01808229174407625,0.016120918025300482,0.021729702489592648,0.021289950928942654,0.019975402763629222,0.026977320352207974
rectangle,0.01908887353496115,0.014921959542103328,0.020331852381032602,0.026815476705665805,0.025896625299152893,0.022259387892086726,0.02098232766029502,0.02104326695679707,0.019206599341746858,0.022028740971560365,0.030379254927615937
parallelogram,0.027435757972549806,0.020331852381032606,0.01845006704630313,0.02131144482983484,0.032794814734820744,0.03105019384145367,0.02843985671188256,0.0251191113998547,0.02267935952706607,0.023806736850120018,0.029781167820878945
losange,0.03405730405702851,0.026815476705665805,0.021311444829834835,0.0192189709150462,0.037303273562889046,0.037365927730396445,0.034349875426476016,0.0288349419579429,0.026880234949775296,0.02619336958684769,0.028328146598841367
isoTrapezoid,0.018389572171563336,0.025896625299152893,0.03279481473482075,0.037303273562889046,0.01657827194315971,0.020519470195169413,0.018665459735599188,0.026897735823338077,0.027083950261579684,0.02166591378616457,0.025914834394514842
kite,0.01808229174407625,0.022259387892086722,0.03105019384145367,0.03736592773039645,0.020519470195169417,0.016497762871286042,0.01756175133096038,0.02730569881809473,0.027027310584915247,0.025541051646132382,0.031972734975023766
rightKite,0.016120918025300485,0.020982327660295022,0.02843985671188256,0.034349875426476016,0.018665459735599188,0.01756175133096038,0.015100643073698693,0.025207936259577186,0.0247540907203892,0.02095809676000072,0.028259152868111165
rustedHinge,0.021729702489592648,0.02104326695679707,0.025119111399854704,0.0288349419579429,0.026897735823338084,0.027305698818094724,0.025207936259577193,0.016471913562129434,0.017355598666127015,0.02366604199884805,0.0276356539254482
hinge,0.021289950928942654,0.019206599341746858,0.02267935952706607,0.026880234949775296,0.027083950261579684,0.027027310584915247,0.0247540907203892,0.017355598666127015,0.01683769729184708,0.022581144814477105,0.027551768228649718
trapezoid,0.019975402763629222,0.022028740971560365,0.023806736850120018,0.02619336958684769,0.02166591378616457,0.025541051646132382,0.02095809676000072,0.02366604199884805,0.022581144814477105,0.016641013552221702,0.021153467357609753
random,0.026977320352207974,0.030379254927615933,0.029781167820878945,0.028328146598841367,0.02591483439451484,0.031972734975023766,0.028259152868111165,0.0276356539254482,0.027551768228649718,0.021153467357609753,0.019300568253796724
