,square,rectangle,parallelogram,losange,isoTrapezoid,kite,rightKite,rustedHinge,hinge,trapezoid,random
square,0.05312772775993748,0.12538358045966977,0.2258513322852109,0.24566733020582587,0.24531165552350995,0.23893859463043043,0.22797436802399196,0.26576952463903225,0.24316349706171203,0.2341632286204891,0.2660228570193739
rectangle,0.12538358045966977,0.07276912667418739,0.21529032349715785,0.24780905282274915,0.24377205845744,0.2399079106862232,0.22966554640879297,0.25547574965283554,0.23051567669315046,0.22255801075520143,0.2649662875044495
parallelogram,0.2258513322852109,0.21529032349715785,0.07592202651932485,0.10221410006608869,0.16493059792343676,0.15511726152233016,0.1592169655366295,0.19311506789440894,0.17563754351639127,0.11868446047937739,0.16167063637547577
losange,0.24566733020582587,0.24780905282274915,0.1022141000660887,0.09594996686877201,0.17273872463059403,0.16379888277552834,0.1696964037729216,0.19778316471284457,0.18820132726147543,0.13644909071683423,0.16027746249761218
isoTrapezoid,0.24531165552350995,0.24377205845744,0.16493059792343676,0.17273872463059403,0.046550491507930246,0.09208656249062624,0.08424221240303954,0.1343511915781485,0.131272149836039,0.10606251337883382,0.10114753853904712
kite,0.23893859463043043,0.2399079106862232,0.15511726152233013,0.16379888277552834,0.09208656249062624,0.054834111409175774,0.06111617365980688,0.11989681808864244,0.10576198366844743,0.11197225555097065,0.09003085363973362
rightKite,0.22797436802399196,0.22966554640879297,0.15921696553662948,0.1696964037729216,0.08424221240303954,0.06111617365980688,0.04587135583030418,0.11302543430149462,0.09941755906879837,0.10939935854498214,0.09413625062345231
rustedHinge,0.2657695246390322,0.25547574965283554,0.19311506789440894,0.19778316471284457,0.1343511915781485,0.11989681808864244,0.11302543430149463,0.08452819205334837,0.09202167750231417,0.15906236674054916,0.12430128249073538
hinge,0.24316349706171203,0.23051567669315046,0.17563754351639127,0.18820132726147545,0.131272149836039,0.10576198366844744,0.09941755906879837,0.09202167750231417,0.0710034032515083,0.14702401351533437,0.11861454057251318
trapezoid,0.2341632286204891,0.22255801075520143,0.11868446047937738,0.13644909071683423,0.10606251337883382,0.11197225555097064,0.10939935854498214,0.15906236674054913,0.14702401351533434,0.07538844867561657,0.10933999849993628
random,0.2660228570193739,0.2649662875044495,0.16167063637547577,0.16027746249761218,0.10114753853904712,0.09003085363973362,0.0941362506234523,0.12430128249073538,0.11861454057251318,0.10933999849993628,0.05950760687053249
