,square,rectangle,parallelogram,losange,isoTrapezoid,kite,rightKite,rustedHinge,hinge,trapezoid,random
square,154.50502109057126,171.757895621646,194.32047747558494,209.09280380007337,176.0245234657537,173.09297086990918,170.411336881651,183.746092264278,179.27744797263802,181.4894952332499,193.64625789556558
rectangle,171.75789562164599,152.60804144443443,181.55758622066864,202.84005136442042,192.17010256643997,183.04729570343505,180.68855069239345,178.39029957814995,170.42901651960057,188.0898675973733,202.52761714559298
parallelogram,194.32047747558494,181.5575862206686,158.199980867393,179.8019923737038,203.53215175640358,205.52569187365958,194.54652537795542,194.32478185345593,185.4085451620073,183.35061219211082,197.27764093689055
losange,209.0928038000733,202.84005136442042,179.8019923737038,158.7159334272881,209.59291135773898,216.06711928647485,206.29385721135617,205.4629465335059,201.2629832280002,185.7556016522012,192.20519617226327
isoTrapezoid,176.02452346575367,192.17010256643994,203.53215175640358,209.59291135773898,155.87499021097068,177.25902112562218,172.8350302848678,198.91730212682748,196.5637496323768,179.31354406033432,186.50553295651272
kite,173.09297086990918,183.04729570343508,205.52569187365953,216.06711928647485,177.2590211256222,156.4807953720298,168.58482409549492,196.57440631290677,194.43816910386195,195.43588338260096,204.5231127828282
rightKite,170.411336881651,180.68855069239345,194.54652537795542,206.29385721135617,172.8350302848678,168.58482409549492,154.92527407899965,195.26626544810603,191.9151614515106,180.58685657811276,195.05021216923825
rustedHinge,183.746092264278,178.39029957814995,194.32478185345593,205.4629465335059,198.91730212682745,196.57440631290672,195.26626544810603,154.71186592219757,160.76710116864538,194.41702263344547,197.72875154128317
hinge,179.277447972638,170.42901651960054,185.4085451620073,201.26298322800022,196.5637496323768,194.43816910386195,191.9151614515106,160.76710116864535,154.7432097578796,189.75013166605592,195.93057722239607
trapezoid,181.4894952332499,188.08986759737328,183.35061219211082,185.75560165220116,179.3135440603343,195.43588338260096,180.58685657811276,194.4170226334455,189.75013166605592,156.7249823882334,171.70279154534836
random,193.64625789556558,202.52761714559298,197.27764093689058,192.2051961722633,186.50553295651272,204.52311278282826,195.05021216923828,197.72875154128315,195.93057722239604,171.70279154534836,157.2734277852445
