,square,rectangle,parallelogram,losange,isoTrapezoid,kite,rightKite,rustedHinge,hinge,trapezoid,random
square,789.6950582002489,890.431070649846,953.3246131469898,1001.4348014033873,858.1248908679344,842.5199765713859,827.7511905893366,904.3435473587342,900.0959418687946,869.1459431099133,942.1629392840817
rectangle,890.4310706498459,801.5946208249248,869.9056807194986,936.5447092580341,966.2367903414139,910.9923846509554,904.5417591772257,881.022204753004,856.165656944312,914.2200689141374,997.0267704271054
parallelogram,953.3246131469898,869.9056807194986,835.1780928570528,891.0740408062571,1006.9564458415512,973.7152631806862,956.4051015979027,915.5685582826734,889.4341373503067,928.2859229312104,991.6207523090496
losange,1001.434801403387,936.5447092580341,891.0740408062569,848.4708572013265,1023.4868982250297,1018.1410458373158,998.1133699854329,942.4919408115987,926.6456911699063,937.0117558589177,953.8233349771041
isoTrapezoid,858.1248908679344,966.2367903414139,1006.9564458415509,1023.4868982250297,807.1149847052658,869.9857750385603,857.5829602354426,961.8419462653853,966.0557605858222,884.0934889742732,923.5740818176561
kite,842.5199765713859,910.9923846509553,973.7152631806864,1018.141045837316,869.9857750385601,805.0342812169638,835.6856483998681,950.492273299418,946.2303920113676,914.7163295440766,978.7334307591531
rightKite,827.7511905893366,904.5417591772259,956.4051015979027,998.1133699854329,857.5829602354423,835.685648399868,799.8899045834991,933.6252741823001,928.7905531649208,874.31673326591,952.5188541523266
rustedHinge,904.3435473587342,881.022204753004,915.5685582826734,942.4919408115985,961.8419462653853,950.4922732994179,933.6252741823001,818.0672133905003,833.3493090035305,918.0515084453847,961.627478045401
hinge,900.0959418687946,856.165656944312,889.4341373503065,926.6456911699063,966.0557605858224,946.2303920113676,928.7905531649208,833.3493090035305,813.593515026418,908.9983737988792,962.6207167893468
trapezoid,869.1459431099133,914.2200689141374,928.2859229312104,937.0117558589177,884.0934889742732,914.7163295440766,874.31673326591,918.0515084453849,908.9983737988795,817.1488890656738,885.3514890439484
random,942.1629392840817,997.0267704271055,991.6207523090499,953.8233349771041,923.5740818176562,978.7334307591531,952.5188541523266,961.627478045401,962.6207167893468,885.3514890439484,838.9102389295592
