,square,rectangle,parallelogram,losange,isoTrapezoid,kite,rightKite,rustedHinge,hinge,trapezoid,random
square,1.1102230246251565e-16,0.019995760159657094,0.05029078500573225,0.06373976918830782,0.01355331146461125,0.006756613353942065,0.007235477231974707,0.03132063531512419,0.023464057536957683,0.015529521630969878,0.038395845032037856
rectangle,0.019995760159657094,0.0,0.01438728416829993,0.02623341692646064,0.0485315812586542,0.027441796536942675,0.024227921947801656,0.014204944879164683,0.010037029970581979,0.01664227503223925,0.042261167378595754
parallelogram,0.05029078500573225,0.01438728416829993,0.0,0.006911695463149403,0.0794155243532163,0.05600105158005386,0.05282430619708567,0.019034158795082523,0.016909108926358662,0.03216292413694377,0.04823593781523583
losange,0.06373976918830782,0.02623341692646064,0.006911695463149403,0.0,0.09178791160673783,0.0694283817649054,0.06577111204353914,0.025442612023580335,0.023694013595572883,0.035834463193880506,0.04250611977087093
isoTrapezoid,0.01355331146461125,0.0485315812586542,0.0794155243532163,0.09178791160673783,0.0,0.010369779714796024,0.011043865379340323,0.05979438607605847,0.0509122685096558,0.024212308163342855,0.03642763127296422
kite,0.006756613353942065,0.027441796536942675,0.05600105158005386,0.0694283817649054,0.010369779714796024,0.0,0.0033116223161677727,0.03724119324576891,0.029378596731505335,0.017898359865573976,0.036658098269977124
rightKite,0.007235477231974707,0.024227921947801656,0.05282430619708567,0.06577111204353914,0.011043865379340323,0.0033116223161677727,0.0,0.03623449678354662,0.029124222966590008,0.011170560744920177,0.03196846160612543
rustedHinge,0.03132063531512419,0.014204944879164683,0.019034158795082523,0.025442612023580335,0.05979438607605847,0.03724119324576891,0.03623449678354662,0.0,0.0025252591266047286,0.028066026606037853,0.043966968330978684
hinge,0.023464057536957683,0.010037029970581979,0.016909108926358662,0.023694013595572883,0.0509122685096558,0.029378596731505335,0.029124222966590008,0.0025252591266047286,0.0,0.021321680589187597,0.037336632340929654
trapezoid,0.015529521630969878,0.01664227503223925,0.03216292413694377,0.035834463193880506,0.024212308163342855,0.017898359865573976,0.011170560744920177,0.028066026606037853,0.021321680589187597,0.0,0.012884853171401423
random,0.038395845032037856,0.042261167378595754,0.04823593781523583,0.04250611977087093,0.03642763127296422,0.036658098269977124,0.03196846160612543,0.043966968330978684,0.037336632340929654,0.012884853171401423,1.1102230246251565e-16
