,square,rectangle,parallelogram,losange,isoTrapezoid,kite,rightKite,rustedHinge,hinge,trapezoid,random
square,0.0,0.02967708124387536,0.051536514028365454,0.07425031192235199,0.021081699672380272,0.015520606850984331,0.01073489217971757,0.03681212707903436,0.03320169768856629,0.02476601760600783,0.04923852656981198
rectangle,0.02967708124387536,0.0,0.0213249796100613,0.05071194048186234,0.06679259564792495,0.039791955876141816,0.036780573735047395,0.0258438385234121,0.01575821304920133,0.041015926022901494,0.07465607945202013
parallelogram,0.051536514028365454,0.0213249796100613,0.0,0.01992638317422768,0.07474980157093958,0.06142557388065728,0.050544906530790135,0.037355244410309796,0.026639357651726203,0.0343577579770552,0.06253910522413841
losange,0.07425031192235199,0.05071194048186234,0.01992638317422768,0.0,0.0811803528937225,0.07907960217618737,0.06886564739824208,0.048846499244539654,0.04389007271295198,0.037483474761417224,0.04488292730435206
isoTrapezoid,0.021081699672380272,0.06679259564792495,0.07474980157093958,0.0811803528937225,0.0,0.022399878311122556,0.019287301796108935,0.0650495201475253,0.06532540802221498,0.027909331923793412,0.039686828405153474
kite,0.015520606850984331,0.039791955876141816,0.06142557388065728,0.07907960217618737,0.022399878311122556,0.0,0.01118962164401649,0.0536201355238084,0.05174282632264615,0.04148955759557338,0.062270706174541446
rightKite,0.01073489217971757,0.036780573735047395,0.050544906530790135,0.06886564739824208,0.019287301796108935,0.01118962164401649,0.0,0.0484206743706832,0.045408127943910026,0.023125725427889265,0.05156005927435847
rustedHinge,0.03681212707903436,0.0258438385234121,0.037355244410309796,0.048846499244539654,0.0650495201475253,0.0536201355238084,0.0484206743706832,0.0,0.0038648175861258904,0.043467430941165563,0.05734906067983758
hinge,0.03320169768856629,0.01575821304920133,0.026639357651726203,0.04389007271295198,0.06532540802221498,0.05174282632264615,0.045408127943910026,0.0038648175861258904,0.0,0.03884300422338316,0.058174777907179176
trapezoid,0.02476601760600783,0.041015926022901494,0.0343577579770552,0.037483474761417224,0.027909331923793412,0.04148955759557338,0.023125725427889265,0.043467430941165563,0.03884300422338316,0.0,0.01946087720544254
random,0.04923852656981198,0.07465607945202013,0.06253910522413841,0.04488292730435206,0.039686828405153474,0.062270706174541446,0.05156005927435847,0.05734906067983758,0.058174777907179176,0.01946087720544254,0.0
