,1610555604.25mOvVXuL01OCiReyVWBfesjuvXmB3MoPy,1610555605.43B6oDsBtWRQ29Q9UMQuTUEPZy3FSSWXzc,1610555610.92HPGJJSmyPM40z7otPBgHalNrHFA7zk5d,1610555606.68LaSQbm9EHAFycEfFtEqAwYqlBsQPjIRW,1610555617.19EKxMEwDHfXiEJZc27TsGoERaD6Da4BZU,1610555722.52PJ3FD50MGhRXyUD28vluU8Z9UjLJLZn4,1610555617.52Ijr5puT55g9apK8auM7zaxa3NANg502t,1610555638.77ZLjTLkz4jYJdFMI2wWBztzsDILkoOtAk,1610556912.46C7tJPLF0XfNnm8f1820X9aLmXMHoc0Dw,1610555617.51LjzIROg0aeCP2GhDcAVQ0LipKJB9jmKc,1610555608.17OpjjHobqRkX0UPcaXrbu7K6L3805SZri,1610555721.82zWeNZfGUUfRJkgnAwlP8VMhPzXctnSd4,1610555735.75bom85BDF0C7W2eIseHeMxi24qR68nzMi,1610555735.77NnT5xqKnwcf2BbjIekeb2arTQj6QMNwk,1610555638.33wjf1PhdNaoWfbRzXVn50hmFyB5bYAiLV,1610555606.65jCE4ig8Pu8kvAzkxnSGfWsV0nQBjCf8H,1610555608.18ONsBCVo1i7BrX0XG9stct4oiA6ejX9Oz,1610555721.51RNoQUMP19FTMS79BmA3JkgSm2IC2AQuQ,1610555971.86O0cHB2ibBJ8jxoObg01EpGe8VVV5mpwn,1610556911.51zU3duZSGpcw1BDNsBLxdOCITAXwl6z3i,1610555988.71dMoYT8250UHHJGxgmITTmbHe7V6gH1yU,1610556042.81mlUZsSp7gbGjrp8jQSnybT1gPy6e62o1,1610555637.02UBW5nKvDyUrKnaWcYRGajZPxTRDS0q3N,1610555619.13oUYNikU4facCTpUSiSLr0vPI0tJLnXiT,1610555721.03nzkucfjAUh31zTbmCVvTVYqtjoxZFnBh,1610555722.67fhKURdXVzRbLIjXmjRwdJHTnE7PWb1AE,1610555638.39J2ZWBLuLTHP0jOlzB4tNHmYeijH5g5YJ,1610556032.17Q6yCDx9g7alRnL9jBFXD2JhhUyB2hKfJ,1610557007.49MyVgDnuUuBxrvL6SGOdhKf69VYlW1MSm,1610555638.44hjT5hbYdKoE3MB6hijrjqbjmLgvCUYKD,1610555608.13zUvmFSCRt6SsLbhqFznMEvGx54GPGQzM,1610556038.62a5C4ynd1AARyAhTv8a58NCqHvXRjscqH,1610555644.45Xse8u7pusHNsd7F3d0A32HXvXr6weOJE,1610556038.62gKXOCG7XCn55eJvyl5voNjbwOW0znQDq,1610555987.13v0oleKK97pkesp6oMgprH8SoSdoDVdIO,1610556964.96ZLLeiQW0qpmxhPGTg7K03fmzkqsC2bjC,1610555987.13VQlEedQ50VvkPMEMzZDv3KNnQCewykN9,1610555982.186TY6MMGkDecIN1woW6vsfAMXVV7jnyjO,1610555982.673LuMndkwkvdmZOn0MmE2Pkidx0FtNalb,1610555733.38zItcuH7gHNfKdALR2d9Nek6bxCyw36Vm,1610556034.15BQxSbZINGCay0yp6RBVlgcPrw76Yn9ON,1610555639.37BPZpgtGml8qUsh9AdV4m32jPLfI2aNFq,1610556965.57S0adAalhWYe6K3bkZU0bRHbqnDK8gGkR,1610555983.54zteLPCMjyrjzPdhHhlZr3faCgD0TfYr3,1610555987.79rHnNRmt9a0ufmnwCvZqBouyUoZDNpylW,1610556960.041xWER61rmArlsKfiMl4frikWmUCnQ7op,1610556035.13a7NHZDutfTMJ88qle1gTYY59Dr4WmMsj,1610556890.456ZBDaY16bMtrTZTqAgHl3wq1tRxzqDow,1610555760.24e6890pkbyZ97Or6croI1rQgjkSsR0yVt,1610556043.02YpWMIJg3W004iqlPyv8OcVAZdSC5rNYw,1610555987.03z05P26TLtONYM1HSzupoc2CeNMa6HTqr,1610556032.15OYCzUxpsz7b10AXBAuDXrvEcvxFhf0M7,1610556032.63Z80yI9pNwS3jSmsDABbuhf8wkNa2Ze9y,1610555736.28eGuESasTXdR3SqY6pHhEXWZtcdciYLCO,1610556034.61bebeZA0MkaFG2sm3VKiqrxeqQginTTW0,1610556944.5XwXOphKYT3ZkWA8gViqOS97VHVuMVUqb,1610556944.745UVLFBzf7fPh4UH37I6tYQOFPqRDytEh,1610556034.63XsUwaFaPZevO1JNFjfhvY4aKNFnV4noV,1610556964.89xwBHw9faT1HjQRMNQEyA4qJ3hWkwgj3k,1610556966.74DydzH91jtyvRyYau47JpVkZoMRSNTt01,1610555740.77UueVziDbaXyRR4OcVJIIZyzOfAzN51bj,1610556046.84e3vwjyRCzqz0wJQhrk8zsxlFfFSv98Df,1610556137.99eoPuVrDThKAOvmeprLPb2FWRqIhzUodc,1610555740.73XFwSrmTXJPlaxGZSefh0jOVA8PI3III1,1610556123.88AOfNaz9jSnqU5Czc7okOv1RCrYfKFBTo,1610556046.85nB7NvyoYQeLcOV391Lmmut1wAM8CFGLw,1610556123.89H4pdIAzDthI7bMXMhlIhKUYIQIvtmPPQ,1610555740.87GOYQUJKpkynIS2lFqppYK4b32ol7NeGh
1610555604.25mOvVXuL01OCiReyVWBfesjuvXmB3MoPy,0.0,148.9402639991616,64.67759625675266,151.0174749749632,105.71594812509635,134.42318080728683,105.5643408176729,69.04723513422257,90.52232754841485,134.3678905917387,163.26243947597595,151.78224712647238,144.51979484167376,90.29284803161069,155.91702376207076,146.8070621573111,178.89180564082477,154.89749285720745,116.76438304321574,142.48326145269058,155.16459262809198,160.58418348187757,215.49445480699202,68.46002997767809,143.6799738873597,134.69720058633985,116.50630631088595,156.04476253893273,233.6458410068441,124.8724382366341,224.86482201613077,121.38621138529483,143.56270061990517,152.24070599811043,151.11674920634647,154.79901912220438,231.35135809971192,150.37904339636287,150.84080989867059,151.22220427334037,150.92463438342563,163.69225955819897,218.18081250890324,142.65808238002958,159.4388216926572,160.4703089951758,152.23260170848494,132.6361395966539,138.74925017776482,152.23953580836704,145.02558637557016,133.75227114337378,154.79495707559812,164.75932421814798,229.00848565065945,136.84466159497228,143.66095206107514,150.04013147786637,140.88773465220822,138.81525668332384,164.47514582337482,170.02510278436563,150.78821115969188,163.97513771879113,142.28714771334384,169.1377366736162,146.79423472592848,161.3533643678493
1610555605.43B6oDsBtWRQ29Q9UMQuTUEPZy3FSSWXzc,148.9402639991616,0.0,155.16065733045264,127.37512958374845,150.98744295210997,151.12576319283522,147.66165019509913,156.78725926885997,153.46364154626593,140.83389413086618,136.26064851665342,144.01390774566923,134.62384803624101,154.25777881442707,146.8326614769421,145.91419627111378,155.14497968893244,90.43202333344007,151.55158036857455,149.33058178799334,152.41680422110042,136.84383889542494,228.7034733969969,156.35204446768412,144.2676539822922,154.97848209421562,153.63907539515665,150.33781531443012,226.80364171889772,137.5603390513499,232.47442693005974,144.61118047287982,138.13568800367617,141.4578495788538,150.47493485409998,154.15136524825547,235.60966587776923,134.8444953212906,116.3699779677968,164.83081828591378,144.22163823852,145.3803484630199,223.68895094423888,140.28350010805946,117.70878945193698,100.58496520467878,159.44210674755604,157.75507635853262,142.80531693609382,162.5361372101507,150.40201836691475,158.80363492835005,156.17614030039297,141.90369618890065,233.62230982677312,151.12831628671452,147.89958902731897,149.33720396066775,151.76254949552862,144.6597875966841,145.24047948293278,147.948074340349,140.33380595885657,149.885771773461,142.96361801870682,148.17325371809267,162.27365235689606,147.59785023565783
1610555610.92HPGJJSmyPM40z7otPBgHalNrHFA7zk5d,64.67759625675266,155.16065733045264,0.0,153.31445385670858,111.34795321763792,137.0710871493611,96.46086966537509,55.53241014300907,97.52081485018726,141.82409910375338,165.06648273855325,153.86485493875554,152.34219063483,78.51370515761353,158.02199084693686,149.03260526527552,179.9188619390243,159.37219255412705,121.19479235015912,144.97716479920962,156.7166786812783,162.09200427323609,219.96154547894218,55.58283265971695,147.19154986110988,136.43438866343686,123.20793483390979,157.08839338909766,236.52374555540806,124.20489727724815,229.01060655603445,127.18167199383028,150.97651318627567,156.40606428502616,153.52832110306625,157.36319955405426,233.78843924026023,155.25498098252007,156.04970184556845,154.6651287770654,151.60029451946053,166.21902567940896,221.0134284458403,147.98073949385238,162.11904747220913,163.28972435800486,154.78302399698737,136.94191999802186,144.98106930828573,155.5646653893753,147.84138930915574,136.13239151832724,159.0619135452617,169.19364627352604,230.44524088784365,140.48297659093586,145.35864628888862,150.75004249962393,144.62538197860277,138.24313628776014,166.36911454081348,172.9851585036772,155.80571446934107,165.81336840822703,147.50051091942981,171.35206728536113,150.98567958930317,162.79598760574146
1610555606.68LaSQbm9EHAFycEfFtEqAwYqlBsQPjIRW,151.0174749749632,127.37512958374845,153.31445385670858,0.0,148.48107607871125,151.18016781621856,148.74393433356428,155.84178745265595,150.52302763047868,155.5262830207866,123.99581676881118,134.0820505061285,161.00712781222177,153.71469848983014,147.37851853306535,139.4332874491061,158.30318236268113,132.47483566464774,144.88529712086063,142.1714842451508,138.79770893387953,142.28212211397567,235.00938670071324,155.24058987893318,154.64886600025022,153.52979817176882,145.0634739096499,137.38125913399404,234.0860084481684,142.66220206033046,234.248787821748,151.093839398171,159.40819859270513,148.23490986356182,136.1223592059796,136.11211087190415,232.4103352464117,144.56230935256661,130.25348689749433,155.5293692917066,126.53974196595695,134.75494661417503,218.03882544000206,126.93975883622716,138.67566844681699,136.26788019555937,157.6319551579985,152.40790131764123,152.7371720258583,158.61736287392324,136.771403733891,150.2639553759534,156.59012112900075,146.6083038139042,230.75305745692464,154.4691107687532,146.63615863041227,141.55031133731507,140.42151453651024,149.22439994834988,147.5246026622431,153.9248033609871,143.14271818330536,153.71360233610488,142.54879398425294,156.66853449878045,152.3809836117331,145.9798054019127
1610555617.19EKxMEwDHfXiEJZc27TsGoERaD6Da4BZU,105.71594812509635,150.98744295210997,111.34795321763792,148.48107607871125,0.0,136.3136328825591,99.98384778341875,115.13210691032903,97.4975230685063,142.45102487041598,158.0266908986956,153.26016293804,153.1025562013198,110.83352673150881,152.5441346968008,145.43359271083295,175.36998660039583,153.8154981674538,123.42483717147033,143.01908320649642,152.87537590067444,154.8807493403152,203.7203563427492,114.08579428132828,141.49089204912573,135.41623261859942,101.20862580305779,154.93633833029799,234.65518938419868,116.19270923961133,223.53812305174125,109.41429006103677,150.8898306232621,153.35655413796533,148.30287220257776,151.4036201258566,229.03362707559216,148.23003613794458,151.54034381702087,154.70463749914458,146.27049408873194,162.0100210510702,215.83348462288382,149.32440342387306,155.7515197621478,159.0005798600851,149.22453067417032,137.5945940660628,142.34329397020457,141.88550071182036,148.46181427570886,133.0278379461672,157.15897511268284,163.67703847842705,227.779494834755,124.80283932991865,139.29611041948365,150.81152972441868,144.5925900661443,131.08942888056697,158.85609085359482,166.8571400630975,149.50423191027255,158.73730511257153,141.8661762393647,165.7693879104558,149.8101274335883,155.2784595685749
1610555722.52PJ3FD50MGhRXyUD28vluU8Z9UjLJLZn4,134.42318080728683,151.12576319283522,137.0710871493611,151.18016781621856,136.3136328825591,0.0,133.10926353022614,138.81242160033173,128.53906386864819,155.565037113505,154.7059327489052,154.68737378889116,160.63879251528041,135.9983009013957,156.13468115940447,153.35203842502068,173.95619190081172,151.3193685515505,88.64480122282178,151.9126108580297,149.7610478091205,152.46093164375856,222.85432313784025,138.72967583671098,143.09914908157924,63.82502583295996,138.30086809682481,152.4969054921403,237.88778518650113,128.48796937658378,237.33495430242687,125.17896365295468,161.6920833028848,159.107481326112,153.11812336108363,152.91354804545824,239.18252435020025,160.32875474580828,152.34703191001722,155.38880656607233,157.3719158393055,158.70582560549983,223.2342000147194,144.04883570629278,153.07030091338888,144.97214022096236,143.60108579479393,140.27337162150812,158.75769647526005,151.36207463530397,144.34464782834164,139.09400074810648,156.28084841849912,164.46290134991656,238.66075072589317,130.51364552732534,146.49578941899014,150.00756083142994,142.6423532874906,122.40373868734383,154.19934752998324,165.06530886117102,160.92485543375034,152.5304678866763,158.26567679831703,163.5130508124799,152.91032599550832,151.93327538766334
1610555617.52Ijr5puT55g9apK8auM7zaxa3NANg502t,105.5643408176729,147.66165019509913,96.46086966537509,148.74393433356428,99.98384778341875,133.10926353022614,0.0,104.39880801688265,111.49006081704357,145.59527928104254,157.58238325953397,153.77496779298806,154.4652797731099,90.54229948121605,153.6822898354262,148.4266880322261,173.6606295850978,153.60394327092297,122.15581474185456,149.40558369904898,156.2894085012069,151.84847500663835,216.67267450242826,103.05354570259244,144.0188967085953,131.60894858963775,126.33717624557885,155.52069403991786,234.20088345422405,95.32331184193254,228.37255273419942,111.01610173846962,155.05417186283046,157.59470514190207,152.08295005638033,152.77508341256453,233.7034001489867,153.58031181466635,150.66871008936178,155.86794235939456,151.92879121404144,162.55549114038033,220.29036359647094,149.53571044736321,155.21200841695685,157.64807554871072,156.8840800965557,140.77185977150316,146.43430704665354,154.93924796411,149.20090332733315,135.2525760734226,157.7688042235968,162.3580963643382,231.00853143389784,135.6926462876433,142.39870513527939,152.46685318814704,145.73532671611233,123.41387952220296,160.64874030266853,167.04880299472248,154.90699713859354,158.35892986219253,147.2741018115346,166.50722463598257,152.728532069234,157.03386607753762
1610555638.77ZLjTLkz4jYJdFMI2wWBztzsDILkoOtAk,69.04723513422257,156.78725926885997,55.53241014300907,155.84178745265595,115.13210691032903,138.81242160033173,104.39880801688265,0.0,100.12587388137513,143.38370382789037,167.06395065369946,154.0481615018239,153.60845275644033,67.2465989705428,159.72127341429635,150.6210950461397,180.92067269397413,160.08295879873478,124.0534362440229,146.65051621266934,157.0840685720926,163.77275465414542,222.142596609342,45.478880681208516,148.5624327416112,138.18862846997817,127.1908830409155,159.22148671198255,239.025997106606,128.82170191664923,230.93119632527132,128.32946635680736,152.0627011569652,158.33944670015745,155.26282900082936,158.5110419372659,235.64909874941026,156.59102544165924,157.60384007813371,156.46658218602792,153.96146744569185,167.1502524154656,222.72866821572975,147.51634495010347,163.7598009978086,165.3104196636944,156.35412767182675,139.12879336335163,147.41657377804532,158.3677203580484,148.04372342704892,138.0164911167635,161.0306756264041,170.17796736668924,232.68017918707667,143.06978647588394,147.76154726733333,151.47970650468005,144.7547119771617,141.3915104142276,168.20631593682768,174.4064154287461,157.77244347648153,167.41504449061088,150.16861738202599,172.91045504554594,153.97471704493964,164.95928178679785
1610556912.46C7tJPLF0XfNnm8f1820X9aLmXMHoc0Dw,90.52232754841485,153.46364154626593,97.52081485018726,150.52302763047868,97.4975230685063,128.53906386864819,111.49006081704357,100.12587388137513,0.0,144.1999924259856,160.59606384243799,147.5556541970393,153.68916749888697,100.63597000622707,150.35448809403263,146.50741916998697,175.0113033124628,152.16512466109637,108.65212820130974,143.0073430190736,146.83180107864868,154.64063699683493,217.27491941459067,98.9690675731665,143.0336807570357,126.57937297479994,118.50934921596462,149.98035458996372,236.45838343300989,125.84471977140365,228.65341704543187,123.32115453719737,152.3782300470139,153.36526105743542,147.13548428255658,149.25573437565671,231.1733007821957,152.9059670422772,153.86982496321906,151.99240845603117,148.93819780661215,157.68830604942536,216.21299402096943,143.991222946552,156.82695002762915,156.73449118301005,144.86138657571945,133.94395448500003,146.51763287773002,147.65482567499723,140.81257613357494,130.74653869905944,156.40918407699516,162.8088539662164,231.69281082496272,132.62232969669466,140.05614547876385,147.11289751416862,137.6841557472212,134.97509129107522,158.08850407888676,167.25234112387008,154.2742052420158,158.15026502557183,146.825220999559,164.23006033368483,149.9530626335901,154.80962416269992
1610555617.51LjzIROg0aeCP2GhDcAVQ0LipKJB9jmKc,134.3678905917387,140.83389413086618,141.82409910375338,155.5262830207866,142.45102487041598,155.565037113505,145.59527928104254,143.38370382789037,144.1999924259856,0.0,170.9196416608222,160.32251403243288,95.25195351175296,145.24785681622393,164.4762255995054,146.475742089729,185.3046736928514,158.0793344118306,155.24503122611512,140.43100984235792,163.68258315154412,171.79986724465024,221.98103107744782,142.9362643378249,147.010855117697,157.31859405538376,143.10189671735336,163.35785810829938,228.1871176370915,147.74259061605792,220.89167397908528,151.31414409755308,76.18208704079184,147.25366802328068,154.97070836441068,162.5745439193602,229.05721843099786,140.80772410664505,140.53339465855038,156.53557726795955,159.21471176092066,171.99837073764573,220.48475347918082,160.45219917646597,161.16082866915798,161.2559301727501,155.34540952366692,142.88596215592887,87.69719971565185,161.96602734046047,152.15277844437566,154.48337085160375,148.2497938471562,168.56033704345904,227.0970759903068,153.6991983946323,156.64073923739682,151.9292219645773,150.44129733730972,158.03189905594596,169.6288365751486,173.91034783673982,137.71325697191384,173.4036537404595,121.47139244658065,176.68426494455005,156.5774479161977,167.31644058728747
1610555608.17OpjjHobqRkX0UPcaXrbu7K6L3805SZri,163.26243947597595,136.26064851665342,165.06648273855325,123.99581676881118,158.0266908986956,154.7059327489052,157.58238325953397,167.06395065369946,160.59606384243799,170.9196416608222,0.0,148.826473836809,172.85031349833372,163.47811293767418,151.15673172238928,151.5359849690475,118.64923614438341,135.27638660109432,154.14009621721985,161.30767842685188,146.73208009111588,140.86139850641982,240.0659787701319,166.84336757550273,151.52689807234447,153.84792924826908,159.96280724153996,150.00088422221103,238.83723365452832,150.76860058822552,245.8342759636761,150.5779938738733,173.10283176517675,161.9119423131775,150.69395114709212,145.81800607624095,243.1733222074218,157.42211001142692,144.91711288430838,167.83122203353358,146.55568754622436,135.13809264130253,225.889719271609,149.1955653772177,141.0087660159384,127.67556489173086,166.7334677029031,162.85282375123558,167.51083808859786,161.16663598152576,154.10661234641503,162.61376657850263,163.61224512297622,150.58771101581985,242.92133467168514,152.08735795442985,144.6920533501581,155.8201536270248,158.65407926560414,149.6819656181425,148.16826867550316,149.69855186355773,155.81472524021297,147.07499086364876,158.1477142493304,148.68528170707373,161.53128056623527,150.61205389235232
1610555721.82zWeNZfGUUfRJkgnAwlP8VMhPzXctnSd4,151.78224712647238,144.01390774566923,153.86485493875554,134.0820505061285,153.26016293804,154.68737378889116,153.77496779298806,154.0481615018239,147.5556541970393,160.32251403243288,148.826473836809,0.0,166.3831053588255,151.74199727137122,154.02127499885225,129.2973064488114,167.12021635720401,132.4174343470345,153.24274908201699,134.41033184833958,91.7947943473464,123.72208316957408,239.82163200581633,153.52505716335926,151.41400288953687,155.2754903394425,155.74837290277904,122.75140106238352,233.92989527913846,153.0575073953409,241.66875350553087,155.93728833903802,163.53644606897484,148.8473978319484,127.10359057595429,130.63841449532777,234.30123154207632,147.02223389510016,143.95245452910058,159.01133977689366,140.83423471846518,132.53804305021103,223.99592018665194,127.46080422475922,149.59317668383616,149.34679017379258,149.49528375098743,149.50745625673886,157.51259411421034,158.09007582256467,107.92162467653144,149.43882647827323,162.5185733034204,152.92532961889427,234.39775601929716,155.49389952242305,149.2761491982288,120.05747266181773,126.10695402236551,154.02006054910746,153.6658187996582,159.6283913764639,142.50516979725674,157.83403198938655,145.53778208975453,157.087998713138,155.656169503247,153.05121644134434
1610555735.75bom85BDF0C7W2eIseHeMxi24qR68nzMi,144.51979484167376,134.62384803624101,152.34219063483,161.00712781222177,153.1025562013198,160.63879251528041,154.4652797731099,153.60845275644033,153.68916749888697,95.25195351175296,172.85031349833372,166.3831053588255,0.0,154.76138150225128,164.52368400617362,155.52686020256698,185.5897927379957,154.76150864047358,161.10328042641027,148.20160953112517,170.49202198648058,172.1670535914601,228.74493671021446,153.41647039302785,159.49161277130148,162.94148606898906,152.99354609692563,170.18472283911845,231.52783790745545,154.68161983693597,224.2987766026639,157.77275707658256,61.024022501134006,148.84909900775736,162.9567151188746,170.4182130250856,233.35399959030127,144.10527273787477,149.18504837340794,159.9079557270974,162.9504839740534,175.49119324911214,224.28027944005834,165.00800709419173,162.04528047892296,159.390396957016,162.02082237441317,158.4399825704815,129.73698729520646,166.25971916515041,162.45119588428477,162.97387060784183,156.2583301752855,168.20882085561436,232.043393516028,161.75376466547758,167.4643398322757,161.04634559928266,161.1869485856982,165.11310350018573,171.33460910372247,173.69480438445365,142.2825102354969,177.00925335553276,144.5407995121519,176.12911616290347,162.6602025597383,169.94950466073195
1610555735.77NnT5xqKnwcf2BbjIekeb2arTQj6QMNwk,90.29284803161069,154.25777881442707,78.51370515761353,153.71469848983014,110.83352673150881,135.9983009013957,90.54229948121605,67.2465989705428,100.63597000622707,145.24785681622393,163.47811293767418,151.74199727137122,154.76138150225128,0.0,155.614529105068,149.6269994498237,177.48060387162596,157.00672706513055,123.08760199019414,146.77249157428818,154.27369829499415,158.68526673374757,220.12624928824468,76.47922540744067,145.97590621042124,133.9178742569806,129.0065934049505,156.8972746916261,237.18402042336118,121.56134123964065,229.52145497334698,123.56767290631987,154.44434461660222,159.14099012552467,153.2638384485168,155.4412881614523,232.76250141850022,156.54984819675292,156.9960735176562,156.06753747435812,152.88392786524355,164.13208703881392,219.9726039873665,149.55877659963448,159.91278237258715,161.56379266727163,155.69843665726586,139.4252473638903,148.24905086515628,157.93937200920507,145.7405106269806,136.25371353257077,160.87003157764062,167.99767962862177,230.92493133383547,141.10816900629848,143.4222496954087,149.5952072944133,142.65509168105518,134.70178630657858,164.3234696338118,171.00521097096393,158.24121669783867,162.93502685890397,150.63565061460605,169.43576275596558,154.5512024847828,160.76117525455086
1610555638.33wjf1PhdNaoWfbRzXVn50hmFyB5bYAiLV,155.91702376207076,146.8326614769421,158.02199084693686,147.37851853306535,152.5441346968008,156.13468115940447,153.6822898354262,159.72127341429635,150.35448809403263,164.4762255995054,151.15673172238928,154.02127499885225,164.52368400617362,155.614529105068,0.0,149.13798314018953,168.52443341199955,146.83647664854308,152.12193802393188,155.1821012144902,152.4507448627696,146.0891173752284,234.66247144758367,158.86693461280979,154.93165636495849,155.60071588125749,152.94212708874954,160.911140131319,230.26041759056758,152.55975391935684,231.26260295941572,153.17188564785263,165.0879612884687,165.63487137433967,140.68785343699187,141.78533596046495,228.0577074560885,162.2751924210719,154.43906992732772,155.7357555659562,130.98997833223396,150.3920751831241,202.31965088549677,152.69306591591163,134.78220508711377,146.6408273663997,153.8807267551055,153.12322792253724,167.40220084300552,158.00173715574934,149.07345986023347,149.9568866942662,175.00611645785116,150.12502285276346,233.03096195675369,154.71165661583638,140.63814963117218,155.8519860497241,153.67564765741548,149.14878425365555,160.3042184142958,150.48802016324464,161.43617877832492,157.9969575614332,161.43989623285336,146.675027692602,159.23329951202982,162.80880725038244
1610555606.65jCE4ig8Pu8kvAzkxnSGfWsV0nQBjCf8H,146.8070621573111,145.91419627111378,149.03260526527552,139.4332874491061,145.43359271083295,153.35203842502068,148.4266880322261,150.6210950461397,146.50741916998697,146.475742089729,151.5359849690475,129.2973064488114,155.52686020256698,149.6269994498237,149.13798314018953,0.0,169.45592748284395,153.57936196444135,152.29416286395013,117.82022581030905,133.54810995581389,155.42424737858175,229.64842084749765,150.35760299314637,147.95859787778437,155.4775065207712,143.40394100950445,136.33425178892887,223.68459861003544,146.96283802044593,222.33767736119964,152.17350879330075,149.27431336276317,121.62883340382814,102.71297257570602,119.31322748727258,219.81677669352445,109.86179865431674,145.5601314750019,154.9910598978297,131.8633993337752,149.9400673205793,217.43077351979244,142.84163093324196,144.394164127951,155.96902982205035,146.75021934382073,143.59173577325856,142.807557163871,146.6019805669333,126.12453226960334,150.15647354497162,144.27548108761394,152.88657440463356,217.73018385785815,148.33574514776376,149.36256745398433,120.70113038790136,130.00967990087568,153.4597031893452,152.0147018358207,157.71391067899205,119.12091296096412,158.30973005235063,131.35894681556908,157.1417019819693,144.23822667681117,150.53454858729702
1610555608.18ONsBCVo1i7BrX0XG9stct4oiA6ejX9Oz,178.89180564082477,155.14497968893244,179.9188619390243,158.30318236268113,175.36998660039583,173.95619190081172,173.6606295850978,180.92067269397413,175.0113033124628,185.3046736928514,118.64923614438341,167.12021635720401,185.5897927379957,177.48060387162596,168.52443341199955,169.45592748284395,0.0,154.56494885493427,173.9973083829424,177.87405288707868,165.38767315495556,159.1536358979227,254.03641789411552,180.90325166324612,167.68944753641594,171.30588243079168,177.03247357796343,170.55781946850894,253.86994481861905,167.57952091959788,259.46455309394975,168.00402042981,186.37821950613815,178.9542809556319,169.64376830834505,163.68281836410785,257.45957579648194,175.36190195670224,162.61544704784822,183.91256177272646,167.18213479891696,157.43150610682113,241.4899416294599,170.46002311100276,157.8517018454475,150.30522619208475,180.79177682298135,179.15095743514738,180.8234693026027,175.91141039161388,172.99796929607953,178.49592307992646,182.24042815231962,166.8462308427842,256.61020583141817,170.58675212045395,162.2531477666819,172.64731268365085,176.35622455220687,167.93899974555217,166.2751816745109,162.77905037951373,170.08098071265877,159.48967429956852,173.46145178930885,161.4949933282713,177.91410143558693,168.543529199418
1610555721.51RNoQUMP19FTMS79BmA3JkgSm2IC2AQuQ,154.89749285720745,90.43202333344007,159.37219255412705,132.47483566464774,153.8154981674538,151.3193685515505,153.60394327092297,160.08295879873478,152.16512466109637,158.0793344118306,135.27638660109432,132.4174343470345,154.76150864047358,157.00672706513055,146.83647664854308,153.57936196444135,154.56494885493427,0.0,150.97669433502702,155.42365440156007,141.98529279783224,128.1752652393635,235.72783588456304,159.5077629167774,150.60302872638488,153.39426110722314,157.99513222477503,147.38111920056994,234.23119859384528,146.107877750622,240.8826668327226,151.85338834120594,157.00702179067702,154.72507035283505,154.07320799652578,150.87041466658482,241.24089052582747,150.66255401515716,134.30118370880575,165.1898768251816,145.0328252731057,140.5492356383493,224.57373233575848,140.18333568528854,122.78952460248095,101.9853275514423,157.36955781499776,157.907098156637,158.64731565322995,162.37077451732418,144.49310646698245,159.15455401434585,165.29438282431042,145.98385195543702,240.57992228129282,154.63866253688988,146.39542921510156,153.1798630681802,147.40048470444427,146.05370256980166,139.94927695637497,146.68182842117744,152.9881570764404,144.86510966360527,154.41648961422857,142.96489276462822,163.5890412397145,143.35135127489443
1610555971.86O0cHB2ibBJ8jxoObg01EpGe8VVV5mpwn,116.76438304321574,151.55158036857455,121.19479235015912,144.88529712086063,123.42483717147033,88.64480122282178,122.15581474185456,124.0534362440229,108.65212820130974,155.24503122611512,154.14009621721985,153.24274908201699,161.10328042641027,123.08760199019414,152.12193802393188,152.29416286395013,173.9973083829424,150.97669433502702,0.0,151.84449503849865,150.2862706757377,148.99914271936888,224.01640796921865,123.616985649837,147.116871769063,101.34287811277913,131.74815822438143,150.05979021625348,237.2530679984296,122.2439937277299,235.1713591345049,122.24806229252813,162.34624785967122,159.24305179711936,151.94355274539706,152.2673665793576,236.19676079910224,160.40359096035093,153.5170107133922,148.0922247846057,153.23296703463797,157.56716314675424,218.85629405983494,139.24110589685927,153.6400010082629,149.85907032273175,150.87594130888698,137.98769093347522,156.60450067731043,150.28398474729022,144.07644296458858,131.1094870353409,159.001002992383,164.72375660503928,236.60592783854835,138.63076036375335,144.15561394441497,150.72528143502026,141.97290725165428,123.7422300596669,154.3403585861151,165.18075190962765,161.24269189969388,153.26587746594703,155.510008426353,162.4154357102393,146.67746656518463,150.62896399039388
1610556911.51zU3duZSGpcw1BDNsBLxdOCITAXwl6z3i,142.48326145269058,149.33058178799334,144.97716479920962,142.1714842451508,143.01908320649642,151.9126108580297,149.40558369904898,146.65051621266934,143.0073430190736,140.43100984235792,161.30767842685188,134.41033184833958,148.20160953112517,146.77249157428818,155.1821012144902,117.82022581030905,177.87405288707868,155.42365440156007,151.84449503849865,0.0,134.69921308360182,159.49534459327944,226.10434976983345,146.53220080796336,151.47283688084048,153.77019846245116,141.07398427823398,142.07661038402958,229.54025513894393,150.1098115823396,224.11865788067539,152.98840478821307,142.39810936008337,134.18928788478578,126.110068717658,137.16723915269765,216.72660568808493,131.42205324710434,151.58601833385745,160.3784606668383,139.9175167984768,157.2503581869311,217.52268095842769,140.8558148272932,149.1546829225298,159.8105208436057,144.0137955762329,143.02003613356754,141.2338841495122,155.39472151182562,127.36952169084762,152.09243662781694,158.0794838404982,161.28235528214847,216.84357571436422,150.97002906047632,150.35110056464535,122.2697224140584,132.6016999933392,156.31429509130987,162.56820395289157,166.60902826756225,129.16417342684062,168.15660119263634,131.14466155728994,168.65308231724836,150.25613666350097,160.3740843646614
1610555988.71dMoYT8250UHHJGxgmITTmbHe7V6gH1yU,155.16459262809198,152.41680422110042,156.7166786812783,138.79770893387953,152.87537590067444,149.7610478091205,156.2894085012069,157.0840685720926,146.83180107864868,163.68258315154412,146.73208009111588,91.7947943473464,170.49202198648058,154.27369829499415,152.4507448627696,133.54810995581389,165.38767315495556,141.98529279783224,150.2862706757377,134.69921308360182,0.0,133.68237814606704,239.07947335519512,156.84713314209742,151.0684762365727,150.49727942297838,154.787524035844,120.97044508680689,236.2680439969048,156.10012767864185,242.04909308155095,156.76246405435003,167.51319532610856,152.33120893817713,121.71804737699142,130.9155334427485,233.19896538973052,150.79231590623425,149.39705870897762,162.55261590474692,140.1174963081467,132.92514028800161,221.93055703191567,131.95071459078613,149.71090769010922,147.966113787388,146.13165587693194,150.15306239293804,160.85267816313663,158.2019536119858,116.62248543226306,149.51352571121447,163.50601684277544,155.89031802469603,235.18805995856076,152.22337430910136,147.0703308177577,116.40010856903673,130.30386425006918,152.39973226507055,150.63309760879142,160.76172559715044,147.16913165991366,156.6940243363206,149.81461648814283,156.54964737828072,157.1213882764515,150.69389688266202
1610556042.81mlUZsSp7gbGjrp8jQSnybT1gPy6e62o1,160.58418348187757,136.84383889542494,162.09200427323609,142.28212211397567,154.8807493403152,152.46093164375856,151.84847500663835,163.77275465414542,154.64063699683493,171.79986724465024,140.86139850641982,123.72208316957408,172.1670535914601,158.68526673374757,146.0891173752284,155.42424737858175,159.1536358979227,128.1752652393635,148.99914271936888,159.49534459327944,133.68237814606704,0.0,237.95018799871576,163.39896712063572,150.6470347418925,152.89107007242873,161.35109752941528,139.63385508893066,241.53460572479327,140.38750571699774,249.22084662949766,142.7064014437926,173.33280517450788,162.7852954187874,149.91211820406616,145.03574843139532,244.8322286079658,160.47362770169173,146.54637031166897,162.69815142621871,153.072746224284,133.067814564486,227.65377996387227,146.02142104490179,138.2662533074525,136.10611713317235,159.18835045782424,157.47839078570203,166.67282797693036,157.8434122097971,144.67408289671582,155.61839074186068,170.1957792627731,148.51728647807667,246.50812108962313,152.34796490085634,144.71027849675315,147.07811273471992,151.8436334778259,133.04599805390785,136.63579546667157,149.59059900462123,159.30126162932515,140.23117029383806,159.16800402705175,135.5682377200285,159.8361790071581,139.783207018765
1610555637.02UBW5nKvDyUrKnaWcYRGajZPxTRDS0q3N,215.49445480699202,228.7034733969969,219.96154547894218,235.00938670071324,203.7203563427492,222.85432313784025,216.67267450242826,222.142596609342,217.27491941459067,221.98103107744782,240.0659787701319,239.82163200581633,228.74493671021446,220.12624928824468,234.66247144758367,229.64842084749765,254.03641789411552,235.72783588456304,224.01640796921865,226.10434976983345,239.07947335519512,237.95018799871576,0.0,221.49026398893136,222.28755323721634,224.6724153242743,205.02328274945754,240.58796482056508,149.40821657681605,211.00427033231043,129.66307885804852,208.1841521320769,226.43830505999304,230.84934601835562,232.49269625344388,234.9750280711557,139.630546973733,225.8781908682578,230.15492093175018,241.12019340412334,232.6284662954512,243.09445301079288,149.45237280018986,236.50491712354764,235.1941046083488,235.02879078964364,229.96053976579822,226.12180668934812,223.12949100684344,229.8916195598321,235.34679924074408,227.31361133259364,238.01148422956322,239.96252941215303,137.26208587608107,204.1373353169342,229.24263469173388,233.72559701632053,232.96451281776842,217.95320983627087,239.37267588841857,244.57904787042378,227.36979248620236,239.45475909341403,224.0961679108683,242.71943989515302,234.02359595029324,239.72929032927505
1610555619.13oUYNikU4facCTpUSiSLr0vPI0tJLnXiT,68.46002997767809,156.35204446768412,55.58283265971695,155.24058987893318,114.08579428132828,138.72967583671098,103.05354570259244,45.478880681208516,98.9690675731665,142.9362643378249,166.84336757550273,153.52505716335926,153.41647039302785,76.47922540744067,158.86693461280979,150.35760299314637,180.90325166324612,159.5077629167774,123.616985649837,146.53220080796336,156.84713314209742,163.39896712063572,221.49026398893136,0.0,148.83159095766632,137.77384511078327,125.99738232961779,158.62893482517748,238.09967606294626,127.3085868066935,230.3567518062804,128.30480409662206,151.85669504485975,157.80742753088373,154.34795739750862,157.8496875106194,235.362161084774,156.17327971681163,157.01116131347212,156.18238209908415,153.73104597008134,166.69265567264642,221.99959863373232,147.66586082261188,163.66786104303478,165.22899614988026,155.6935236072198,138.68876814207076,146.57206902106978,158.1724440761157,147.34550120923933,138.53080712236488,160.5507647936179,169.78524584118173,232.0635514282225,142.67702970917298,146.87542618743655,150.87473603436376,144.15839161125606,141.1311559286627,167.2707852534182,173.99209410653378,156.99941153812637,166.68411415719515,149.34498513516587,172.49031552802424,153.72503360769844,164.42806028337316
1610555721.03nzkucfjAUh31zTbmCVvTVYqtjoxZFnBh,143.6799738873597,144.2676539822922,147.19154986110988,154.64886600025022,141.49089204912573,143.09914908157924,144.0188967085953,148.5624327416112,143.0336807570357,147.010855117697,151.52689807234447,151.41400288953687,159.49161277130148,145.97590621042124,154.93165636495849,147.95859787778437,167.68944753641594,150.60302872638488,147.116871769063,151.47283688084048,151.0684762365727,150.6470347418925,222.28755323721634,148.83159095766632,0.0,145.70281115044764,146.63659012531159,153.8848050451937,239.27256817251293,136.5599597666328,236.71920497625058,134.17829553659328,156.73578249716465,154.49540950693984,149.05174825781359,151.06559924698558,237.8618842605291,147.08546309185243,122.54117926137157,154.77371180447327,156.5356243171039,155.71019057444283,220.81458379538793,155.3508839838764,149.4074959887855,140.5559659131935,151.49642625604113,129.6255825900805,141.9002817389548,153.40838114449568,148.01848331014492,145.24832859467838,150.37046622117163,157.60768627865633,238.84253917316434,119.28408316728935,124.05660616389333,150.73749974740159,146.40699870264703,124.0120944340453,149.32276781068867,156.96990082200912,149.888567534752,145.97796557712982,141.95769611622066,154.99785377029355,148.85916751380253,153.16746962573404
1610555722.67fhKURdXVzRbLIjXmjRwdJHTnE7PWb1AE,134.69720058633985,154.97848209421562,136.43438866343686,153.52979817176882,135.41623261859942,63.82502583295996,131.60894858963775,138.18862846997817,126.57937297479994,157.31859405538376,153.84792924826908,155.2754903394425,162.94148606898906,133.9178742569806,155.60071588125749,155.4775065207712,171.30588243079168,153.39426110722314,101.34287811277913,153.77019846245116,150.49727942297838,152.89107007242873,224.6724153242743,137.77384511078327,145.70281115044764,0.0,139.2293975661883,154.21394235905072,239.30286022499303,130.43936158688953,238.6695623298767,125.9322110875724,163.71004187684636,161.52070829795883,155.69017740176014,153.68119663203103,240.16189835730034,162.29386504692354,154.258600093057,156.50068486943587,158.2216776072192,158.32606766247815,223.66108792243745,147.29386032579274,154.59289462016105,149.05876394476414,145.29433640275406,142.23200897357955,160.42610190002702,152.82125492091828,147.20283421915337,141.55557203126185,158.6943212043778,165.4705742416157,239.9431378776445,132.291911392499,146.8715129556348,151.8492013554243,145.04196801241014,124.71901317463855,155.09223416664264,166.18162475340407,162.9069924575755,151.92480823797376,160.08274121317552,163.16200200205492,154.44890184125944,152.2920779698505
1610555638.39J2ZWBLuLTHP0jOlzB4tNHmYeijH5g5YJ,116.50630631088595,153.63907539515665,123.20793483390979,145.0634739096499,101.20862580305779,138.30086809682481,126.33717624557885,127.1908830409155,118.50934921596462,143.10189671735336,159.96280724153996,155.74837290277904,152.99354609692563,129.0065934049505,152.94212708874954,143.40394100950445,177.03247357796343,157.99513222477503,131.74815822438143,141.07398427823398,154.787524035844,161.35109752941528,205.02328274945754,125.99738232961779,146.63659012531159,139.2293975661883,0.0,158.8391520469311,236.39136158971004,131.01589560157672,215.96721400171705,125.3546506155361,150.5325451938927,154.39807370054018,146.38290517826007,150.01990695391515,227.3136384251114,150.66366388375997,154.762799969167,148.96726559216796,141.83151686333218,162.61222271967603,215.67204048468562,155.49395427249476,157.59217851563895,161.48764878700607,146.48768845125585,134.1070532476642,143.27953459031139,130.64967270507552,149.92576906915932,124.68457395869787,158.6843012617395,165.06129342767852,224.70627571413743,127.7994426430404,149.0388325282784,149.46296962240334,147.07066178742727,138.7762722574287,162.23710579963074,167.78414259578744,147.24916378452474,162.6640463091439,141.3367676325023,167.64978531028615,134.33091134291337,160.79600856494568
1610556032.17Q6yCDx9g7alRnL9jBFXD2JhhUyB2hKfJ,156.04476253893273,150.33781531443012,157.08839338909766,137.38125913399404,154.93633833029799,152.4969054921403,155.52069403991786,159.22148671198255,149.98035458996372,163.35785810829938,150.00088422221103,122.75140106238352,170.18472283911845,156.8972746916261,160.911140131319,136.33425178892887,170.55781946850894,147.38111920056994,150.05979021625348,142.07661038402958,120.97044508680689,139.63385508893066,240.58796482056508,158.62893482517748,153.8848050451937,154.21394235905072,158.8391520469311,0.0,236.0612965178479,155.901577740819,245.0754884730498,158.64780593890424,167.65888165135658,138.9162263874585,139.71852697433343,137.58165377289504,236.98687851142967,145.3242446748937,149.48359785143415,158.8373642925865,150.85014889035068,131.43745198825025,223.66257807351744,128.00756806852377,153.91239989013417,147.3260082850216,152.53584370712682,152.37954397038615,160.230014164058,161.50729176383936,118.43607158913302,155.34319347007576,154.73389680748508,159.63727046857448,239.10068468063588,157.4881130517685,146.00450336775498,124.09302902382088,122.38338190213517,154.85767053288004,146.0593367508228,163.16256846145893,149.0682001318216,152.60942679963514,149.5197609355862,154.64891098515253,159.34119841828124,141.08694925798102
