,1610555604.25mOvVXuL01OCiReyVWBfesjuvXmB3MoPy,1610555605.43B6oDsBtWRQ29Q9UMQuTUEPZy3FSSWXzc,1610555610.92HPGJJSmyPM40z7otPBgHalNrHFA7zk5d,1610555606.68LaSQbm9EHAFycEfFtEqAwYqlBsQPjIRW,1610555617.19EKxMEwDHfXiEJZc27TsGoERaD6Da4BZU,1610555722.52PJ3FD50MGhRXyUD28vluU8Z9UjLJLZn4,1610555617.52Ijr5puT55g9apK8auM7zaxa3NANg502t,1610555638.77ZLjTLkz4jYJdFMI2wWBztzsDILkoOtAk,1610556912.46C7tJPLF0XfNnm8f1820X9aLmXMHoc0Dw,1610555617.51LjzIROg0aeCP2GhDcAVQ0LipKJB9jmKc,1610555608.17OpjjHobqRkX0UPcaXrbu7K6L3805SZri,1610555721.82zWeNZfGUUfRJkgnAwlP8VMhPzXctnSd4,1610555735.75bom85BDF0C7W2eIseHeMxi24qR68nzMi,1610555735.77NnT5xqKnwcf2BbjIekeb2arTQj6QMNwk,1610555638.33wjf1PhdNaoWfbRzXVn50hmFyB5bYAiLV,1610555606.65jCE4ig8Pu8kvAzkxnSGfWsV0nQBjCf8H,1610555608.18ONsBCVo1i7BrX0XG9stct4oiA6ejX9Oz,1610555721.51RNoQUMP19FTMS79BmA3JkgSm2IC2AQuQ,1610555971.86O0cHB2ibBJ8jxoObg01EpGe8VVV5mpwn,1610556911.51zU3duZSGpcw1BDNsBLxdOCITAXwl6z3i,1610555988.71dMoYT8250UHHJGxgmITTmbHe7V6gH1yU,1610556042.81mlUZsSp7gbGjrp8jQSnybT1gPy6e62o1,1610555637.02UBW5nKvDyUrKnaWcYRGajZPxTRDS0q3N,1610555619.13oUYNikU4facCTpUSiSLr0vPI0tJLnXiT,1610555721.03nzkucfjAUh31zTbmCVvTVYqtjoxZFnBh,1610555722.67fhKURdXVzRbLIjXmjRwdJHTnE7PWb1AE,1610555638.39J2ZWBLuLTHP0jOlzB4tNHmYeijH5g5YJ,1610556032.17Q6yCDx9g7alRnL9jBFXD2JhhUyB2hKfJ,1610557007.49MyVgDnuUuBxrvL6SGOdhKf69VYlW1MSm,1610555638.44hjT5hbYdKoE3MB6hijrjqbjmLgvCUYKD,1610555608.13zUvmFSCRt6SsLbhqFznMEvGx54GPGQzM,1610556038.62a5C4ynd1AARyAhTv8a58NCqHvXRjscqH,1610555644.45Xse8u7pusHNsd7F3d0A32HXvXr6weOJE,1610556038.62gKXOCG7XCn55eJvyl5voNjbwOW0znQDq,1610555987.13v0oleKK97pkesp6oMgprH8SoSdoDVdIO,1610556964.96ZLLeiQW0qpmxhPGTg7K03fmzkqsC2bjC,1610555987.13VQlEedQ50VvkPMEMzZDv3KNnQCewykN9,1610555982.186TY6MMGkDecIN1woW6vsfAMXVV7jnyjO,1610555982.673LuMndkwkvdmZOn0MmE2Pkidx0FtNalb,1610555733.38zItcuH7gHNfKdALR2d9Nek6bxCyw36Vm,1610556034.15BQxSbZINGCay0yp6RBVlgcPrw76Yn9ON,1610555639.37BPZpgtGml8qUsh9AdV4m32jPLfI2aNFq,1610556965.57S0adAalhWYe6K3bkZU0bRHbqnDK8gGkR,1610555983.54zteLPCMjyrjzPdhHhlZr3faCgD0TfYr3,1610555987.79rHnNRmt9a0ufmnwCvZqBouyUoZDNpylW,1610556960.041xWER61rmArlsKfiMl4frikWmUCnQ7op,1610556035.13a7NHZDutfTMJ88qle1gTYY59Dr4WmMsj,1610556890.456ZBDaY16bMtrTZTqAgHl3wq1tRxzqDow,1610555760.24e6890pkbyZ97Or6croI1rQgjkSsR0yVt,1610556043.02YpWMIJg3W004iqlPyv8OcVAZdSC5rNYw,1610555987.03z05P26TLtONYM1HSzupoc2CeNMa6HTqr,1610556032.15OYCzUxpsz7b10AXBAuDXrvEcvxFhf0M7,1610556032.63Z80yI9pNwS3jSmsDABbuhf8wkNa2Ze9y,1610555736.28eGuESasTXdR3SqY6pHhEXWZtcdciYLCO,1610556034.61bebeZA0MkaFG2sm3VKiqrxeqQginTTW0,1610556944.5XwXOphKYT3ZkWA8gViqOS97VHVuMVUqb,1610556944.745UVLFBzf7fPh4UH37I6tYQOFPqRDytEh,1610556034.63XsUwaFaPZevO1JNFjfhvY4aKNFnV4noV,1610556964.89xwBHw9faT1HjQRMNQEyA4qJ3hWkwgj3k,1610556966.74DydzH91jtyvRyYau47JpVkZoMRSNTt01,1610555740.77UueVziDbaXyRR4OcVJIIZyzOfAzN51bj,1610556046.84e3vwjyRCzqz0wJQhrk8zsxlFfFSv98Df,1610556137.99eoPuVrDThKAOvmeprLPb2FWRqIhzUodc,1610555740.73XFwSrmTXJPlaxGZSefh0jOVA8PI3III1,1610556123.88AOfNaz9jSnqU5Czc7okOv1RCrYfKFBTo,1610556046.85nB7NvyoYQeLcOV391Lmmut1wAM8CFGLw,1610556123.89H4pdIAzDthI7bMXMhlIhKUYIQIvtmPPQ,1610555740.87GOYQUJKpkynIS2lFqppYK4b32ol7NeGh
1610555604.25mOvVXuL01OCiReyVWBfesjuvXmB3MoPy,0.0,26.799684191571803,7.635019104481722,25.237316802824523,20.176401463006002,22.78180630923661,19.63100385642128,9.115797274130884,18.443380810512743,21.707544976352917,30.556298524593778,25.61418423683505,26.46210938348817,15.794716580287405,28.813709120040464,22.508530346261843,33.51729654103414,28.800482692210903,20.84255041581045,19.3297033964785,28.51657180452966,31.840221569318555,21.542479388577284,8.600725177326282,25.172237916332826,24.786733139393952,18.969622730617658,26.515698069965765,26.166672476281498,20.595056945462293,22.135470861461613,22.756841293178436,24.086459265474975,24.227211459582822,24.898305300209646,26.867046344336,24.16657678257822,23.691240691515578,26.69617199228932,25.762583014990412,24.585365821675314,31.083097633589063,25.997307390885858,23.47883549845384,28.8059467038108,30.238150593958448,24.635817005721513,21.853997301492143,21.771320570563105,26.560588399423956,21.318601085790146,21.845030275295205,27.593771818372133,31.685577221594617,20.306769707151155,23.550902423427388,26.394076420903147,22.988546115840418,21.102000079201378,25.06747113761573,31.63194076678926,34.01097191469328,23.441176559178547,31.926386971590674,21.99662927646294,33.56224091374637,24.519902876453592,30.083417039281453
1610555605.43B6oDsBtWRQ29Q9UMQuTUEPZy3FSSWXzc,26.799684191571803,0.0,26.422172712290955,24.743755380292814,27.36829676250969,27.457095717359504,26.75028011401921,26.838486285648024,28.23367040459952,25.893540097843076,27.203024525692392,28.29856120580692,26.70818117570042,27.300311939324548,30.35714320091751,27.54013053920522,29.298613138909992,15.165690315685032,27.393044928287463,25.538191753747,31.001961072284374,30.214230749231934,26.515100377019877,26.61985259256013,28.088130372152403,29.711899660278764,27.054070136095216,28.205900921725668,26.868669476731892,24.775813272246097,28.14398036934991,26.647047596092627,26.267439938215674,25.786355444216817,28.50076224029997,31.173011756407124,28.620196250087677,25.413208246638487,24.856463127186426,31.987949604086374,26.54645846522953,30.631265674691992,30.231560968944024,26.81206258260018,20.635258086234536,16.00142256345689,29.95133023944065,28.98780942427369,25.149847765703143,31.08773075412574,26.97256292439076,29.02544990429754,31.380001139873233,29.897995230690945,26.18652865482428,28.058258276220837,28.283858279288584,26.663679920951633,27.369101581790794,27.391380659729375,30.294301066992833,31.39000404259902,26.332847061469106,31.42994668214062,26.03773902741834,31.631302549006545,30.109469592446324,29.704214920988992
1610555610.92HPGJJSmyPM40z7otPBgHalNrHFA7zk5d,7.635019104481722,26.422172712290955,0.0,24.727835475088998,19.465545555007424,22.48398339071418,18.870041802771098,10.28017379211129,18.303200945917936,21.249625549741587,30.131048949006843,26.083854563782218,26.104648339478665,15.277371595430928,28.6572774023093,21.906121127847204,33.08463463046355,29.30742609073225,20.909383055222758,18.587927200915836,28.556885161309822,32.14183518444524,21.066253798591802,10.108254094839413,24.633049203218164,24.432434818922268,18.32134943345171,26.025234858590007,25.66959891228783,20.05518328001205,21.61316084324029,22.35212032443911,23.688643630407082,23.74100995394386,24.480995366519988,26.389287149369906,23.738446472146336,23.231800982991775,26.286264601235555,26.311365746669164,24.142002921687794,30.774143954528913,25.69644941778701,24.521090643588,28.28500457394227,29.784734716849965,24.485535182674546,21.656174118792645,21.296116970638625,26.01478923198632,21.973201513593185,21.345792930930607,27.172992621097524,31.327276484176718,19.69930723403591,23.032352589970344,25.88406578533312,22.496085506151406,21.614742486892307,24.655361467569364,31.407040520184623,33.56876000292613,22.975831029729846,31.686352323134464,21.48547897043331,33.53207351915856,23.986757342076437,29.82536854657191
1610555606.68LaSQbm9EHAFycEfFtEqAwYqlBsQPjIRW,25.237316802824523,24.743755380292814,24.727835475088998,0.0,26.36453068672217,27.32348400626308,25.99882375545091,25.008628824766948,26.143313173980115,26.436213481239356,26.555647115308673,25.416325583021177,29.517099754142524,25.873524728582574,30.654548185469753,25.665484363757624,30.290137840119208,26.95138901123451,26.280277797659227,24.066184889525836,28.522435096274,30.98123740261425,27.268944259083494,24.83528072484093,29.480469373508168,28.870705992046464,24.05545496282963,26.406808322495213,27.252391228980006,25.608214961609725,25.718445997314245,27.443293269349827,27.48255102208124,26.703358402981188,25.953718218921125,27.463272008350476,26.94693526434597,26.17928132131573,25.1460869406172,30.250285319704755,24.625625330819272,28.004806370667342,28.003920401988967,23.724454805749026,27.72129058828986,28.609880687700862,29.19884186513548,27.186378176306185,25.6054379029515,28.916187474758566,24.559945026403803,27.354999375951376,30.31455700794525,29.873202695684814,24.372187671150012,28.798085520674807,29.837470000428617,24.654503166813047,26.061751605295623,29.175556733900844,30.64997987765169,32.642100479554266,25.397751465107554,33.08905216518499,24.736965935490343,34.224775981015235,27.304428633943203,29.941761246335947
1610555617.19EKxMEwDHfXiEJZc27TsGoERaD6Da4BZU,20.176401463006002,27.36829676250969,19.465545555007424,26.36453068672217,0.0,25.148558043177122,17.242986373424937,20.039520780173362,20.0730788185298,23.31734417474017,29.850809399465906,27.815789462385926,27.71483398448796,20.599944855426166,29.08427622563207,23.609084337478947,32.647367956849244,29.794398209744845,23.346790668419263,21.667858821680877,29.618791146764316,31.459856885989357,20.563942201820055,19.858623549432572,25.328795733070894,26.335322492143135,18.42818847316352,27.60857687730836,27.651293326354903,18.74295836421975,23.210403882326176,19.648331515199757,25.444139064937115,25.42145378553053,25.997191081968595,27.810109736310462,25.552969816889686,24.748437843748984,27.166705441997028,28.213935127206234,25.60328259649297,31.958610982815255,26.190931965633993,27.11859286450369,29.151876564144334,30.49005714007355,25.874680552554018,24.064625554625646,22.522202987852225,25.39013635397791,24.64367524485397,22.674379904555536,28.6810094702348,32.03364380935626,21.75871340046868,23.389565693897993,25.997777640631412,24.992213436726203,23.999282499218246,24.46679958120382,30.78018138147993,33.62951111894368,24.8350858509992,31.229227343026277,23.00078989143114,33.544876130489,25.592221868516532,29.10889339417462
1610555722.52PJ3FD50MGhRXyUD28vluU8Z9UjLJLZn4,22.78180630923661,27.457095717359504,22.48398339071418,27.32348400626308,25.148558043177122,0.0,24.00993558504014,22.430317796069794,23.603251844581226,26.16513536716013,30.09685830373349,28.37759230601681,28.849696617334004,22.985737992135864,30.833663746359438,26.453211256753114,32.56369896907833,29.233814202991503,14.73722484182036,24.188654667292404,29.890366714640088,29.75795073020059,23.922204061949586,22.51111479079288,26.29046695842165,14.73640093385606,23.033367437221614,28.934735973217805,29.169091109212832,21.69030390055035,26.144718189498136,22.451886632877976,27.98247076590298,27.913655683292674,27.35823347879853,28.534894090508704,27.78817716515105,27.481480466095405,28.353575286878453,28.818021426664018,28.340085267661653,31.90189892382995,29.038092579241138,27.37473873099655,29.147946951219588,29.051010582306095,24.949051435928087,24.056087379976816,26.312972298062927,27.94106391591469,25.63507822089299,23.233437386103883,29.656690054106082,32.400034187423664,24.581417828083442,24.180608783003944,28.819638021439903,25.945190230397543,25.388983845264647,22.72109341217971,31.695071328512384,33.797684392252734,27.12297726096129,30.302219760774836,26.431516579561208,33.246019835050035,26.745479659730535,30.39856843046197
1610555617.52Ijr5puT55g9apK8auM7zaxa3NANg502t,19.63100385642128,26.75028011401921,18.870041802771098,25.99882375545091,17.242986373424937,24.00993558504014,0.0,19.48787588782164,20.83929904872072,23.80708325751082,29.460394345967693,28.50768705816174,27.486854045288215,19.379164113139822,29.742508321777358,24.27201427916095,32.68364574006683,29.709021897322494,22.421931240435235,22.61531448425196,30.84607455874224,31.573373615003288,22.095420179043007,19.166663114257652,26.0464042439854,25.5055709188301,20.800983730611602,27.345377045225618,26.952904514855497,17.376654274602426,23.986135753159697,20.18655129472735,25.949477298805544,25.705742698344327,26.531535492250292,27.88000849500863,26.546443517142052,25.24825012381042,26.902255547457997,27.832822911842197,26.32609737798893,31.87145995899554,27.612084324576493,26.59514683692736,28.787670915553253,30.026779924129425,27.188436443709048,24.680928197404185,23.23369158170351,27.0780913574769,25.052102299836147,23.599567944248765,28.35238184811539,31.36045574842207,22.554948161007065,23.50933971325282,26.799726225670724,25.64085674136497,24.535830560907307,23.842010722858628,31.072029741556907,33.01235699060342,25.22813705014663,30.756580185679308,23.556254166618977,33.14538339383933,25.967935988684946,29.956864121628918
1610555638.77ZLjTLkz4jYJdFMI2wWBztzsDILkoOtAk,9.115797274130884,26.838486285648024,10.28017379211129,25.008628824766948,20.039520780173362,22.430317796069794,19.48787588782164,0.0,18.32343054300179,21.82140470156502,30.490516756787642,25.569273952288178,26.56391439054074,13.733614923808577,28.481190176285164,22.46560141515949,33.323129906362844,28.953988332487235,20.827597961721874,19.292415833836507,28.3275789320032,31.711432666599034,21.570593942294227,10.371825638841518,24.93713870695234,24.328480682542075,19.00084465565687,26.52128683998474,25.966130402898674,20.527153585121006,22.02697486438506,22.751937027125678,24.202982155132062,24.176836209722158,24.788970192834025,26.537244312235103,23.996124928391936,23.570589023751133,26.565955749344965,25.630296008272808,24.441311983018227,30.766633673012414,25.97240259460546,23.638645950061903,28.66582754701192,30.030351811782023,24.595674857382498,21.56108627819977,21.837541981639063,26.392241940034744,21.4091728197836,21.48761924636036,27.40711762399262,31.538443846166352,20.225169294357865,23.490137392535996,26.071221170878154,22.925244723487516,21.070336730259413,24.83668027980185,31.45468060259021,33.94235028282747,23.44045665402409,31.72946636887415,21.91023327588919,33.28656846076755,24.42395716296701,29.881762598862522
1610556912.46C7tJPLF0XfNnm8f1820X9aLmXMHoc0Dw,18.443380810512743,28.23367040459952,18.303200945917936,26.143313173980115,20.0730788185298,23.603251844581226,20.83929904872072,18.32343054300179,0.0,23.526880257633685,31.411709940891612,26.658317241876787,27.905496732114887,19.613634976926598,28.778432571906677,24.122960355595932,34.302317940168,29.74668540369379,19.673729641040378,21.10574530231299,28.162720956102778,32.00416353970305,23.23709149651014,17.79979509639463,26.37469059079518,25.140887413717298,20.713963922706007,27.204048589618456,27.683716158287055,22.273720029134157,23.765516926944226,24.02802859705557,25.67322494575216,25.667088870945154,25.836719669143314,27.461757954339443,25.209911068169106,25.154536765440106,27.98870492321173,27.54884759521743,26.39881241686784,30.776598135982926,26.37674339170544,26.51475762474856,29.852191780503308,30.973786930378274,25.060274054160153,22.117341184759933,23.6440155457164,27.28757394165178,22.97122447654754,22.66829024998159,28.811418376021834,32.678143830159435,22.185899765306253,24.957691423937167,27.012756268491,24.26096360193232,22.618355195720486,25.554589723546943,31.518507247414824,34.83167082416081,24.993473264936245,31.84247272298871,23.70125269199818,33.82274380043582,25.93063604427591,29.67468295589126
1610555617.51LjzIROg0aeCP2GhDcAVQ0LipKJB9jmKc,21.707544976352917,25.893540097843076,21.249625549741587,26.436213481239356,23.31734417474017,26.16513536716013,23.80708325751082,21.82140470156502,23.526880257633685,0.0,31.603766696215747,28.160827085011334,16.71467373640375,23.239541297256043,30.053698968269103,24.064848153060066,34.78665718760974,29.515906419403642,25.96623067994324,21.915416231266796,30.50848718622929,33.47905248832901,23.216579449466213,21.529651082984262,26.408709324691177,28.191159164604368,22.20209750380042,28.39302284745669,26.005967689571698,23.159608158903144,22.896390609137097,25.18888862635681,11.251598289267465,25.061413475381883,26.44626764692688,28.9070644459417,25.496875140451756,24.414645411525978,26.140983111494283,27.790838557374364,26.436966431532053,33.19466863674321,27.443254719685523,27.69984741185045,29.453085207926325,30.057052459857026,26.629900033882652,24.669092882475173,14.516808684108893,28.350722036395926,24.68017982691696,24.689573058963774,27.189959367475655,32.220259980931495,22.448778509505885,25.482725619667104,27.972418817495754,24.27045381673265,24.83844861697555,27.16321465551137,32.48555800183908,34.773315969657446,23.212788164220875,33.82439486801652,21.127836800497057,35.12904515819189,26.956361202889482,30.95825949401795
1610555608.17OpjjHobqRkX0UPcaXrbu7K6L3805SZri,30.556298524593778,27.203024525692392,30.131048949006843,26.555647115308673,29.850809399465906,30.09685830373349,29.460394345967693,30.490516756787642,31.411709940891612,31.603766696215747,0.0,30.50784511909528,34.00357593347909,30.65672432674284,32.65709030726761,28.988297711998808,26.177615562725475,29.081121526129234,30.453917923882344,29.8796673019732,31.53199703716325,31.706052218960295,30.16898389531956,30.333637228427204,29.775844098934694,31.393737066549736,29.275099693896134,30.811901015440654,30.688401411714967,29.35228708974665,30.74863982666774,29.813586114846657,32.602491112110584,30.596771248073413,29.935761244432133,30.765313674138905,31.023436265252215,30.930846146740024,30.594388653733958,33.81994006593158,29.56916591131875,27.845606705367608,31.303209404474444,30.331584627042062,29.661764786164802,26.369962609964308,32.404204002566836,30.80527428416022,30.725059092863674,31.040158225042006,30.391272021955473,31.471091742604905,31.74423076543023,32.17054891282196,29.412528277220897,29.631033025167245,30.73694694864779,29.86115640145893,31.332469327572728,30.624746820043626,33.40025658993885,32.06015845755859,30.026426037714884,32.30804088630004,29.389418949256104,32.80657173198973,30.495792431465183,33.03474666397351
1610555721.82zWeNZfGUUfRJkgnAwlP8VMhPzXctnSd4,25.61418423683505,28.29856120580692,26.083854563782218,25.416325583021177,27.815789462385926,28.37759230601681,28.50768705816174,25.569273952288178,26.658317241876787,28.160827085011334,30.50784511909528,0.0,31.233923309263808,25.851267293020655,31.63662563140663,25.667299597241087,32.76175880443232,24.436598175703743,27.859729585172218,23.815761972690193,20.279488679190706,24.108656752114623,28.53207621813792,25.221837016595945,30.026747560461388,29.588263111469345,26.674731918465913,26.24000182762814,27.174676847345268,28.43949930201272,28.414000618970963,29.705841760158375,28.99408182596538,27.546931768903008,25.254958475109177,26.768443806706635,28.056473324139,26.88897757689143,28.522541710537865,30.382747697656008,28.3316292889112,28.000388858808346,30.36421536355644,24.61040305880727,29.873756331206167,30.5676356578405,28.851140562376806,26.103042086250085,26.720876800433835,29.201628992978424,16.25533083975053,26.82310471570463,31.900945304624862,31.270579563515813,25.871954381389795,29.248172375478006,29.733020110860966,23.814942146108194,21.991106973928126,30.142581789187386,31.893061281241327,34.43787705015665,25.004956712215584,33.65260086829003,24.80335626721471,33.6436961981851,28.043932658527886,30.93035216512581
1610555735.75bom85BDF0C7W2eIseHeMxi24qR68nzMi,26.46210938348817,26.70818117570042,26.104648339478665,29.517099754142524,27.71483398448796,28.849696617334004,27.486854045288215,26.56391439054074,27.905496732114887,16.71467373640375,34.00357593347909,31.233923309263808,0.0,27.35886724953814,31.578716342188965,27.744885362543524,36.59219812594855,30.26073275277177,28.731379639541565,25.26938652108225,33.36274729117127,34.92975251628329,27.723256560538015,26.32810008556428,30.374060495063514,30.76954490460525,26.788779164113254,31.386883290173156,28.512971069474577,26.57888235177762,26.359057777105374,28.275506131938936,12.690705514288984,26.711464403012588,29.76549658842927,32.131322939053966,28.982005564245423,26.342819370945083,29.796938425510824,30.376786898531655,29.400454038820044,35.49910080492557,30.587460755379915,30.401320787265234,30.763836412038618,30.782323462684744,30.079962120923966,28.8953652605985,22.058293664743253,31.670101646567687,28.53297760863267,28.882910606932832,29.295722197178684,33.27139996461479,26.416102563756773,29.474454239515286,31.664782794008715,28.092895716999507,28.65498040525494,30.007735136155496,33.7417438471985,35.75875213775275,25.991719066057986,35.68001147446546,26.114216959983775,36.03197105105885,30.4152201131928,32.42309530233061
1610555735.77NnT5xqKnwcf2BbjIekeb2arTQj6QMNwk,15.794716580287405,27.300311939324548,15.277371595430928,25.873524728582574,20.599944855426166,22.985737992135864,19.379164113139822,13.733614923808577,19.613634976926598,23.239541297256043,30.65672432674284,25.851267293020655,27.35886724953814,0.0,28.378269888241014,24.062369527756033,33.419176658310455,29.01285615770386,21.391782247171815,20.978002531284734,28.95262828524131,31.056114347326808,22.68905629948781,15.973481173472152,25.320802137249206,24.875915158644204,20.644424958418526,27.306353851513013,27.098396525148154,20.758751678112176,23.61565345507133,22.872128532581044,25.454615952733864,25.68444870392605,26.181262580251282,27.51518957241696,25.011314079571623,24.918765856999574,27.494573968190224,27.19959917418081,25.716480350057694,31.190729936923034,26.90095106567046,25.74622480137381,28.650818914734383,29.82886991933205,25.92679949636733,22.83094122543475,23.142887834069832,27.042054560383562,22.6032968833465,22.406433860682842,28.5927567309895,32.0881369292489,22.11058253522151,24.268020841730294,26.003688293798266,24.53616304069268,22.376180967216065,24.76392228467058,31.46146967657056,33.92471188026191,25.103576741537495,31.428615652198246,23.23950610377186,33.03635845230038,25.495169763972992,30.01831140494577
1610555638.33wjf1PhdNaoWfbRzXVn50hmFyB5bYAiLV,28.813709120040464,30.35714320091751,28.6572774023093,30.654548185469753,29.08427622563207,30.833663746359438,29.742508321777358,28.481190176285164,28.778432571906677,30.053698968269103,32.65709030726761,31.63662563140663,31.578716342188965,28.378269888241014,0.0,28.76897713688424,34.39900099539377,31.925348719569175,30.02895030153986,28.671531745913665,31.65458885708607,33.82230885867289,30.500033564479974,28.482868907117748,31.89515676838438,30.909056679299354,28.695701248530767,32.97756476736852,29.707779833763276,29.400713609735025,28.364738600669863,29.774175044221973,30.81684881299793,31.97497201548653,27.900277179829498,29.997513233843783,28.235896597816044,31.385987919595152,31.91506482668718,32.55886317611366,26.39661791874039,33.52193786482356,27.25250551971318,30.92224265908679,28.942348719754346,32.045221074404544,30.81395146790663,28.771987725978743,30.89543561115176,31.66768533529517,29.679191015892133,28.93082912939232,34.86270903606116,31.931094041446542,28.232233239545835,31.527764620772594,29.105693927682097,29.654591476380006,30.303928901204788,31.029035833592417,35.39359787349458,35.006999983875694,30.759052712406305,35.30951908109974,30.34719348723027,33.907648728206404,31.251686229406154,34.437487676960046
1610555606.65jCE4ig8Pu8kvAzkxnSGfWsV0nQBjCf8H,22.508530346261843,27.54013053920522,21.906121127847204,25.665484363757624,23.609084337478947,26.453211256753114,24.27201427916095,22.46560141515949,24.122960355595932,24.064848153060066,28.988297711998808,25.667299597241087,27.744885362543524,24.062369527756033,28.76897713688424,0.0,32.09258957899575,30.065213517666734,26.42718903532152,19.529610220131307,27.25445765513126,32.38436752142058,24.625083915176155,22.22792761328781,27.104765265650595,28.45043668795744,22.194322553819905,25.735422518065413,23.84164455323158,24.80595626977169,22.063670335867563,26.349993896754533,25.082984358209746,20.235860028916594,19.630499581406227,24.426788381791006,23.656168026121062,20.405431786284765,27.635125680495022,29.172571942119475,23.51308687287777,30.379289763130295,27.525878016594273,26.497690906803488,28.972377676052684,30.70535324509652,26.117411315356552,24.25834811737168,23.521760115758585,26.371917549605143,22.973234052211474,25.229396006646443,27.37320090538214,30.504189166246658,20.032313773111227,26.267274226313322,28.014356978518737,21.489615118247325,23.90085946047174,28.00306500480635,29.950248395093844,32.72414937549732,21.815368840832782,32.017800967586176,22.7130608794177,31.81434952764982,25.304999284726424,27.7668992047821
1610555608.18ONsBCVo1i7BrX0XG9stct4oiA6ejX9Oz,33.51729654103414,29.298613138909992,33.08463463046355,30.290137840119208,32.647367956849244,32.56369896907833,32.68364574006683,33.323129906362844,34.302317940168,34.78665718760974,26.177615562725475,32.76175880443232,36.59219812594855,33.419176658310455,34.39900099539377,32.09258957899575,0.0,30.4822005283646,32.83463176168137,32.92308455630042,33.06440642841602,33.15735894171094,32.488762753483336,33.36307935256559,31.92948817766614,32.80149984475112,32.29270112703052,33.19890614067639,31.75929788804563,31.96265910046747,33.206032201564625,31.744571117776378,35.71688524308568,33.579423423925476,32.01906653409073,31.191510262520687,33.40930308016124,32.52872286963053,30.14453575820314,36.077333520149864,32.32617052066168,31.155148267590874,33.67055908381384,32.35076561530832,30.61469193526605,28.946523652185267,34.580502806613666,33.71975019955126,33.537628855292354,32.39196822160045,33.280338297192756,34.1634353490914,34.65223919557496,31.510173629985502,32.81146021012438,31.848327632955627,31.498512218551227,32.41052276148514,34.0407952268338,32.357597639335026,34.39485581887791,31.30030161360621,32.085950986020954,30.92559589956073,31.955664307216168,32.51281120972523,32.58406015044601,34.018758429244556
1610555721.51RNoQUMP19FTMS79BmA3JkgSm2IC2AQuQ,28.800482692210903,15.165690315685032,29.30742609073225,26.95138901123451,29.794398209744845,29.233814202991503,29.709021897322494,28.953988332487235,29.74668540369379,29.515906419403642,29.081121526129234,24.436598175703743,30.26073275277177,29.01285615770386,31.925348719569175,30.065213517666734,30.4822005283646,0.0,28.74663184141875,28.430398995097246,28.634086358956743,28.01141964583343,29.445960526852364,28.488253647464834,30.63198010353141,31.233151351064155,29.508007372382906,29.927783406726657,29.59286968100934,28.153196050757593,30.911020976849823,29.61047453742814,29.88331487292467,29.415950006500992,30.76568556823591,31.958062192821558,31.20456101356319,29.165052610198245,27.684073070252936,33.184738022488055,29.142071463786912,31.02463815943495,31.98634883014891,27.979287143232742,24.150139847902018,20.29103137376754,31.370298947846074,30.009935456654613,28.886715932744213,32.37023429054302,25.880514529858935,30.62622737182684,33.84676212024454,31.676367796501133,29.51835742961134,30.46018192616781,30.174296131414664,29.293439856745874,27.660169591965577,29.459960157903467,31.253392920246917,32.57028115482993,29.117457073067364,32.273302802923915,28.824227566636058,32.217465861687145,31.717424579626897,30.602340368956934
1610555971.86O0cHB2ibBJ8jxoObg01EpGe8VVV5mpwn,20.84255041581045,27.393044928287463,20.909383055222758,26.280277797659227,23.346790668419263,14.73722484182036,22.421931240435235,20.827597961721874,19.673729641040378,25.96623067994324,30.453917923882344,27.859729585172218,28.731379639541565,21.391782247171815,30.02895030153986,26.42718903532152,32.83463176168137,28.74663184141875,0.0,23.979814441036176,29.623751191701732,29.27319197399761,24.75873469834011,20.872840699710338,27.246820123969414,19.484252701592002,22.693089568645316,28.63100356568381,29.05720537049247,20.8127692810568,26.124384955475513,22.2920141450111,27.848664336553732,27.736056169104288,27.306275886978323,28.79839842546467,27.681236366516995,27.39049681598686,28.353022287690756,28.37825350305513,27.955090731023386,31.763850995441675,28.555947409052035,26.615633444617814,29.25515288268463,29.949049144845702,26.77456730280224,23.704796987255094,26.069993550687887,28.235525061060365,25.012180054941965,22.89531672486109,29.996595206100185,32.46793049377147,24.679820742512067,26.01391087186455,28.2021861985054,26.259374988542486,24.625892731648097,22.878761489508065,31.602264813101513,34.24067248792701,27.197849959216892,30.32019943789871,26.11007254746971,33.47867718531857,26.305502095257133,30.065336654207655
1610556911.51zU3duZSGpcw1BDNsBLxdOCITAXwl6z3i,19.3297033964785,25.538191753747,18.587927200915836,24.066184889525836,21.667858821680877,24.188654667292404,22.61531448425196,19.292415833836507,21.10574530231299,21.915416231266796,29.8796673019732,23.815761972690193,25.26938652108225,20.978002531284734,28.671531745913665,19.529610220131307,32.92308455630042,28.430398995097246,23.979814441036176,0.0,26.147778457344376,31.16003537398875,22.329451202445377,19.149681948278424,25.65798179452682,26.328122807186574,19.69472784598072,24.97553219597692,24.52957604809474,22.44229653316381,21.66698219251484,24.183889058600315,22.33236285669207,21.53871519687709,22.565237668306196,24.845709805951444,21.979862770153915,21.132896197544323,26.563787351124397,27.687798074256875,23.200285755746364,29.964933732973904,26.290126243959424,24.354822819049453,26.704839362063012,29.38323813417876,24.28805613278053,21.84047278554835,21.684248389068234,26.218222977865285,20.872105212172674,22.819428187805855,27.681898436864284,30.90746173732556,18.840443083281354,24.494903578622175,26.625962971175714,19.746434618972664,21.263849182892532,26.228540693326654,31.326487181831553,33.11184805994061,20.71406464294468,32.60464933197672,20.442836239471067,33.15949452649003,24.356831250640422,29.570933574049278
1610555988.71dMoYT8250UHHJGxgmITTmbHe7V6gH1yU,28.51657180452966,31.001961072284374,28.556885161309822,28.522435096274,29.618791146764316,29.890366714640088,30.84607455874224,28.3275789320032,28.162720956102778,30.50848718622929,31.53199703716325,20.279488679190706,33.36274729117127,28.95262828524131,31.65458885708607,27.25445765513126,33.06440642841602,28.634086358956743,29.623751191701732,26.147778457344376,0.0,27.49117727704987,30.208619529198383,28.2684994125888,31.14124758172362,30.76052774736458,28.538525107897172,28.0275957624345,29.75160774265288,30.743621787454664,29.7076260456439,31.218568368339643,31.28209268607853,29.988983271587795,25.098082704152404,27.606510213948255,29.556718247345245,29.303703135799665,30.550523802594093,32.41873499228063,29.32023289299464,28.953085495564114,31.205531544507767,27.63345035792802,31.01074363328932,31.918095976838597,29.84356474659286,27.83837667958185,29.33453173857618,30.458475556320565,23.87025776436358,28.539301803884342,32.93508522295699,32.398252663697484,28.03864773026645,30.359137011536365,30.849724068271325,25.08103901665064,26.38371708004974,31.01467962340214,32.87714772222488,35.159766357070914,27.645144592217772,33.50190534265087,27.4486555722669,34.05450914959409,29.715761695115734,31.657331756235056
1610556042.81mlUZsSp7gbGjrp8jQSnybT1gPy6e62o1,31.840221569318555,30.214230749231934,32.14183518444524,30.98123740261425,31.459856885989357,29.75795073020059,31.573373615003288,31.711432666599034,32.00416353970305,33.47905248832901,31.706052218960295,24.108656752114623,34.92975251628329,31.056114347326808,33.82230885867289,32.38436752142058,33.15735894171094,28.01141964583343,29.27319197399761,31.16003537398875,27.49117727704987,0.0,29.54774620921344,31.60828561477133,32.03204381207829,30.299412331167158,31.716441395516824,30.699399404371025,32.81900947397848,28.712518522664777,33.957526495477666,28.41142213792937,34.129746753177784,33.295689832655874,31.52739345117453,32.13031626279953,33.62742087498639,32.719731891688916,31.96208556442401,34.089214672465324,33.92910917142063,31.730056289215046,34.30847463540663,30.973717076300105,30.775995791583096,31.09071083229858,32.84728290550949,30.67863185362021,31.20342864266397,32.81926958762402,27.507641046760952,31.79497256735607,36.11027127220872,34.31546747904754,32.76318900359132,31.29269247243016,31.640404782628202,30.23043245167354,29.14864783797412,26.926464254137432,32.31617989645513,36.15241791105143,30.99024281832687,32.852422896666944,31.073500564366427,33.26837092788698,31.941461226925426,31.815498944345553
1610555637.02UBW5nKvDyUrKnaWcYRGajZPxTRDS0q3N,21.542479388577284,26.515100377019877,21.066253798591802,27.268944259083494,20.563942201820055,23.922204061949586,22.095420179043007,21.570593942294227,23.23709149651014,23.216579449466213,30.16898389531956,28.53207621813792,27.723256560538015,22.68905629948781,30.500033564479974,24.625083915176155,32.488762753483336,29.445960526852364,24.75873469834011,22.329451202445377,30.208619529198383,29.54774620921344,0.0,21.322884167703023,23.24633775340057,25.852204916417893,18.45716256638534,28.834912764133147,27.47199810672316,18.749697654880848,23.506501833101456,19.30498811772654,25.383404481404558,26.167902605709788,26.520509714408536,27.958667457294286,25.684934057745018,24.611781319935584,25.912447122351292,29.2300443996488,26.742669356157318,32.26161624764509,27.83924507005893,28.014610674672515,28.50390977195001,29.124765615279472,24.231668170150858,24.090607139844426,21.23492508503172,25.096483807733726,25.438713600224002,23.173271002579156,29.06306636787166,31.822918655595835,22.35812459253505,18.340233644170503,26.519594088671727,24.64193601020261,24.977414364810937,22.249744419517107,30.59650101034153,33.3053814299915,23.90398160076563,30.764578658692717,22.76896828802095,32.75088842622212,25.783441914734638,30.60457676726888
1610555619.13oUYNikU4facCTpUSiSLr0vPI0tJLnXiT,8.600725177326282,26.61985259256013,10.108254094839413,24.83528072484093,19.858623549432572,22.51111479079288,19.166663114257652,10.371825638841518,17.79979509639463,21.529651082984262,30.333637228427204,25.221837016595945,26.32810008556428,15.973481173472152,28.482868907117748,22.22792761328781,33.36307935256559,28.488253647464834,20.872840699710338,19.149681948278424,28.2684994125888,31.60828561477133,21.322884167703023,0.0,24.968023780834123,24.54502957084764,18.59742727342308,26.374116856740795,25.786827951466055,20.25370333280445,21.759374744581248,22.543384123077704,23.944521192836184,23.810753519495485,24.513712985393557,26.398120699324853,23.860624351130596,23.39452118220666,26.401732211198382,25.869612417231515,24.64837700319043,30.977765182352183,25.594180826019098,24.21325958009245,28.610935227177766,30.074471158938778,24.233462052459384,21.44641383224854,21.554231938028884,26.399899004778337,20.751510085947782,21.444792080673402,27.21281845129261,31.30865922970954,19.937060797952736,23.346276774736417,26.200050089094553,22.655332456712024,20.61651163866185,24.670943193658445,31.23683288714556,33.78698816898108,23.143032317670027,31.619805387921712,21.673744830657455,33.36757614355649,24.357772372110052,29.721257730349926
1610555721.03nzkucfjAUh31zTbmCVvTVYqtjoxZFnBh,25.172237916332826,28.088130372152403,24.633049203218164,29.480469373508168,25.328795733070894,26.29046695842165,26.0464042439854,24.93713870695234,26.37469059079518,26.408709324691177,29.775844098934694,30.026747560461388,30.374060495063514,25.320802137249206,31.89515676838438,27.104765265650595,31.92948817766614,30.63198010353141,27.246820123969414,25.65798179452682,31.14124758172362,32.03204381207829,23.24633775340057,24.968023780834123,0.0,28.15028520622372,25.27448097618399,29.940343702788134,29.90644212584174,24.66720373351331,26.83359690458306,25.578671050519898,28.33284342164882,28.416928988850508,28.343540344277073,29.832114987883436,28.205766270879348,27.023047372658997,26.06249972197894,30.083575679579877,29.492278879546994,32.15736942422482,29.084902658668437,29.859534662534823,29.50967028241544,27.755309024792187,27.810325442179145,24.94169021829259,24.640805601540958,28.950074538410174,27.25093253519878,26.061258377522975,30.33229047683204,33.209488547580314,25.586795648978367,21.678123382318667,24.89991167866939,26.682600559904785,27.110289185181976,23.370967350706827,31.414785219084226,33.453575555793314,26.597152516540763,30.146410310691007,25.94631702688597,32.40507674205347,27.912597409193406,31.74510132767611
1610555722.67fhKURdXVzRbLIjXmjRwdJHTnE7PWb1AE,24.786733139393952,29.711899660278764,24.432434818922268,28.870705992046464,26.335322492143135,14.73640093385606,25.5055709188301,24.328480682542075,25.140887413717298,28.191159164604368,31.393737066549736,29.588263111469345,30.76954490460525,24.875915158644204,30.909056679299354,28.45043668795744,32.80149984475112,31.233151351064155,19.484252701592002,26.328122807186574,30.76052774736458,30.299412331167158,25.852204916417893,24.54502957084764,28.15028520622372,0.0,24.864729700543172,30.20973769564301,30.27993840411926,23.790454896096346,28.22896153311546,23.806803568826783,29.893767495262292,29.817311221427666,29.135320594237022,28.9298423293687,29.62856849550053,29.424081261775186,29.177935429770866,29.82971219127221,30.071152549325568,32.01674337687085,30.13208365178828,28.417024064159605,30.689204906391836,30.837527411191125,26.510879237322637,25.805586065566054,28.31111909001744,29.063498698177938,27.03817998323624,24.776301719280465,30.669228997375935,32.95323078470604,26.76696895582287,25.671714476848862,29.369679623176932,27.947903214896794,26.840383122589632,23.457834051538917,32.43076416070278,34.56368391061542,29.082386637207534,31.105470936346194,28.409385913376198,33.69441918029472,28.17085057620343,30.67734094290981
1610555638.39J2ZWBLuLTHP0jOlzB4tNHmYeijH5g5YJ,18.969622730617658,27.054070136095216,18.32134943345171,24.05545496282963,18.42818847316352,23.033367437221614,20.800983730611602,19.00084465565687,20.713963922706007,22.20209750380042,29.275099693896134,26.674731918465913,26.788779164113254,20.644424958418526,28.695701248530767,22.194322553819905,32.29270112703052,29.508007372382906,22.693089568645316,19.69472784598072,28.538525107897172,31.716441395516824,18.45716256638534,18.59742727342308,25.27448097618399,24.864729700543172,0.0,26.947774846279234,26.389107943888266,20.884666540684837,20.20153810992868,21.09374262588996,24.442944088149083,24.57027676701599,24.65635030887894,26.18478123412304,23.62133694317333,23.827519645784722,26.890372191498745,26.724223119635813,23.439290898512798,30.67845761564747,24.94380006994284,26.329017001151218,28.626848952215923,30.233515964043065,22.94332591212323,22.08797554942749,22.187220172955058,20.215590026031393,22.970643756468284,20.394747195756217,27.66899260221957,31.589611810556587,20.3124433547274,22.70751015971155,26.403096413067956,22.64065623680721,22.808731251462074,24.767884550343677,30.85207932220755,32.39939922590996,23.414092144241586,31.362242040465937,22.26976821591605,33.48673950232211,20.92839981269114,29.62007543144217
1610556032.17Q6yCDx9g7alRnL9jBFXD2JhhUyB2hKfJ,26.515698069965765,28.205900921725668,26.025234858590007,26.406808322495213,27.60857687730836,28.934735973217805,27.345377045225618,26.52128683998474,27.204048589618456,28.39302284745669,30.811901015440654,26.24000182762814,31.386883290173156,27.306353851513013,32.97756476736852,25.735422518065413,33.19890614067639,29.927783406726657,28.63100356568381,24.97553219597692,28.0275957624345,30.699399404371025,28.834912764133147,26.374116856740795,29.940343702788134,30.20973769564301,26.947774846279234,0.0,28.092129326683633,28.428348761266292,28.887537367838217,29.395005843514895,29.20774105853524,24.98893219752449,27.814798832619676,28.337986516415153,28.796147858617623,25.751962041726664,28.61848609139667,30.624941527703683,29.812945354213387,28.521387771711915,29.358181578736186,25.05745933579969,30.592073571571934,30.357015072061035,29.15957749190083,28.22692393079543,27.72641731199636,29.545933067925667,25.11616988158398,27.88682611002531,30.80511237687086,32.39611467167111,27.125980010653045,29.587564881459297,29.564688548251176,23.92035401612248,24.739988246751302,30.32675666870965,30.632182659338127,35.109213338790646,25.986263436857755,32.35173786062229,26.152494955381115,33.227746631359025,29.046720113270396,29.412996915443625
