,1610555604.25mOvVXuL01OCiReyVWBfesjuvXmB3MoPy,1610555605.43B6oDsBtWRQ29Q9UMQuTUEPZy3FSSWXzc,1610555610.92HPGJJSmyPM40z7otPBgHalNrHFA7zk5d,1610555606.68LaSQbm9EHAFycEfFtEqAwYqlBsQPjIRW,1610555617.19EKxMEwDHfXiEJZc27TsGoERaD6Da4BZU,1610555722.52PJ3FD50MGhRXyUD28vluU8Z9UjLJLZn4,1610555617.52Ijr5puT55g9apK8auM7zaxa3NANg502t,1610555638.77ZLjTLkz4jYJdFMI2wWBztzsDILkoOtAk,1610556912.46C7tJPLF0XfNnm8f1820X9aLmXMHoc0Dw,1610555617.51LjzIROg0aeCP2GhDcAVQ0LipKJB9jmKc,1610555608.17OpjjHobqRkX0UPcaXrbu7K6L3805SZri,1610555721.82zWeNZfGUUfRJkgnAwlP8VMhPzXctnSd4,1610555735.75bom85BDF0C7W2eIseHeMxi24qR68nzMi,1610555735.77NnT5xqKnwcf2BbjIekeb2arTQj6QMNwk,1610555638.33wjf1PhdNaoWfbRzXVn50hmFyB5bYAiLV,1610555606.65jCE4ig8Pu8kvAzkxnSGfWsV0nQBjCf8H,1610555608.18ONsBCVo1i7BrX0XG9stct4oiA6ejX9Oz,1610555721.51RNoQUMP19FTMS79BmA3JkgSm2IC2AQuQ,1610555971.86O0cHB2ibBJ8jxoObg01EpGe8VVV5mpwn,1610556911.51zU3duZSGpcw1BDNsBLxdOCITAXwl6z3i,1610555988.71dMoYT8250UHHJGxgmITTmbHe7V6gH1yU,1610556042.81mlUZsSp7gbGjrp8jQSnybT1gPy6e62o1,1610555637.02UBW5nKvDyUrKnaWcYRGajZPxTRDS0q3N,1610555619.13oUYNikU4facCTpUSiSLr0vPI0tJLnXiT,1610555721.03nzkucfjAUh31zTbmCVvTVYqtjoxZFnBh,1610555722.67fhKURdXVzRbLIjXmjRwdJHTnE7PWb1AE,1610555638.39J2ZWBLuLTHP0jOlzB4tNHmYeijH5g5YJ,1610556032.17Q6yCDx9g7alRnL9jBFXD2JhhUyB2hKfJ,1610557007.49MyVgDnuUuBxrvL6SGOdhKf69VYlW1MSm,1610555638.44hjT5hbYdKoE3MB6hijrjqbjmLgvCUYKD,1610555608.13zUvmFSCRt6SsLbhqFznMEvGx54GPGQzM,1610556038.62a5C4ynd1AARyAhTv8a58NCqHvXRjscqH,1610555644.45Xse8u7pusHNsd7F3d0A32HXvXr6weOJE,1610556038.62gKXOCG7XCn55eJvyl5voNjbwOW0znQDq,1610555987.13v0oleKK97pkesp6oMgprH8SoSdoDVdIO,1610556964.96ZLLeiQW0qpmxhPGTg7K03fmzkqsC2bjC,1610555987.13VQlEedQ50VvkPMEMzZDv3KNnQCewykN9,1610555982.186TY6MMGkDecIN1woW6vsfAMXVV7jnyjO,1610555982.673LuMndkwkvdmZOn0MmE2Pkidx0FtNalb,1610555733.38zItcuH7gHNfKdALR2d9Nek6bxCyw36Vm,1610556034.15BQxSbZINGCay0yp6RBVlgcPrw76Yn9ON,1610555639.37BPZpgtGml8qUsh9AdV4m32jPLfI2aNFq,1610556965.57S0adAalhWYe6K3bkZU0bRHbqnDK8gGkR,1610555983.54zteLPCMjyrjzPdhHhlZr3faCgD0TfYr3,1610555987.79rHnNRmt9a0ufmnwCvZqBouyUoZDNpylW,1610556960.041xWER61rmArlsKfiMl4frikWmUCnQ7op,1610556035.13a7NHZDutfTMJ88qle1gTYY59Dr4WmMsj,1610556890.456ZBDaY16bMtrTZTqAgHl3wq1tRxzqDow,1610555760.24e6890pkbyZ97Or6croI1rQgjkSsR0yVt,1610556043.02YpWMIJg3W004iqlPyv8OcVAZdSC5rNYw,1610555987.03z05P26TLtONYM1HSzupoc2CeNMa6HTqr,1610556032.15OYCzUxpsz7b10AXBAuDXrvEcvxFhf0M7,1610556032.63Z80yI9pNwS3jSmsDABbuhf8wkNa2Ze9y,1610555736.28eGuESasTXdR3SqY6pHhEXWZtcdciYLCO,1610556034.61bebeZA0MkaFG2sm3VKiqrxeqQginTTW0,1610556944.5XwXOphKYT3ZkWA8gViqOS97VHVuMVUqb,1610556944.745UVLFBzf7fPh4UH37I6tYQOFPqRDytEh,1610556034.63XsUwaFaPZevO1JNFjfhvY4aKNFnV4noV,1610556964.89xwBHw9faT1HjQRMNQEyA4qJ3hWkwgj3k,1610556966.74DydzH91jtyvRyYau47JpVkZoMRSNTt01,1610555740.77UueVziDbaXyRR4OcVJIIZyzOfAzN51bj,1610556046.84e3vwjyRCzqz0wJQhrk8zsxlFfFSv98Df,1610556137.99eoPuVrDThKAOvmeprLPb2FWRqIhzUodc,1610555740.73XFwSrmTXJPlaxGZSefh0jOVA8PI3III1,1610556123.88AOfNaz9jSnqU5Czc7okOv1RCrYfKFBTo,1610556046.85nB7NvyoYQeLcOV391Lmmut1wAM8CFGLw,1610556123.89H4pdIAzDthI7bMXMhlIhKUYIQIvtmPPQ,1610555740.87GOYQUJKpkynIS2lFqppYK4b32ol7NeGh
1610555604.25mOvVXuL01OCiReyVWBfesjuvXmB3MoPy,0.0,737.3183593551399,381.4340269713102,707.7184835497414,557.1240139666478,654.1181411813087,572.3850838338817,414.6879776633039,500.0659108208483,658.684067486292,757.8982383421676,731.1814800200976,786.5086562360303,512.3892659532938,759.2840754500123,714.0854336549718,808.2109171073076,751.8792772360123,585.5815754415123,699.4392135024493,727.4495284987403,796.2586929028743,947.9205830563604,410.8975702916044,680.9217760042957,668.2000110348934,585.5894801113504,738.748855517389,1033.1152932037974,623.8759989241689,1027.8254651315156,574.6848142673307,742.1276297735022,732.4140270925773,732.1001765725339,741.4255266867757,1037.60548122709,720.5426016151856,714.647491359385,769.0359741364758,714.6853665760102,750.2959636770718,955.7368229986802,680.6296300956781,787.22629958997,753.9400849034629,755.4883366124465,658.9215315820353,667.8723253455439,738.7853191389643,692.5673137222669,668.9678327331023,739.743822527162,767.4883806178113,1044.3322398671503,661.0051092940803,674.3185220397239,715.1835697059194,692.6200744906179,665.8924577763872,768.660285602532,790.8254558577964,719.1802314479347,764.3345972603603,681.4423175024024,790.3316125428548,685.1559495393495,744.7538587006194
1610555605.43B6oDsBtWRQ29Q9UMQuTUEPZy3FSSWXzc,737.3183593551399,0.0,764.6695064168036,677.0002535249348,766.3689103983872,768.499277577806,756.3320935089462,779.7720646039777,768.6625127638035,742.410542603537,726.3270045920236,741.2493586998525,740.7925346877778,784.8180189214555,752.6822091159087,736.6312740105609,768.1706541835475,553.1591863494991,753.6154200070421,774.8674596560098,764.7733579589215,754.2093656008109,1046.6384114561406,776.7587920019174,733.9558731393888,793.8408547230496,760.1852645643407,766.5567400434637,1054.7065799927163,710.3297251208528,1089.2107629871994,715.6991898585153,745.8002243156471,756.2069977362502,767.984548814851,781.4364048228167,1084.399193668774,727.281160858301,610.377553931553,853.5805533052014,726.6894791599109,752.8352796514203,1019.9365134272582,706.1700788608111,665.3950677959654,615.9208097106455,789.2460745853358,787.6168161824592,747.1669163174321,812.1561785802204,742.5352199926361,777.6946580740791,783.3748068891233,740.0458487650901,1080.0961174399922,757.6431164236445,742.678663104945,750.4376740016728,744.8018705020636,731.7152577978424,749.2520915489255,771.2825831150637,718.6597461258634,766.1194411277528,733.4341454927979,778.8180209833052,794.1930301715395,750.4228966197251
1610555610.92HPGJJSmyPM40z7otPBgHalNrHFA7zk5d,381.4340269713102,764.6695064168036,0.0,727.0901953113856,578.6506610621074,676.2120501629032,548.5829682322333,287.5482941209561,550.194178971767,687.0216220930299,779.3466920581806,747.4727940642797,812.9513010210944,451.1103082316279,772.560921494258,726.650139877712,824.4506342228825,774.7124350163843,601.7570395930727,719.9497412337158,744.0586461918608,816.5418185359258,966.5114756922229,275.77258860292034,709.228012091642,685.3231821114292,610.9903787245058,752.3717887159146,1053.1564875501906,633.509484588631,1036.7687262606744,604.0042749694771,768.3568170295362,751.932621790905,744.6289674403387,757.1777607586743,1049.4866475522979,745.6506580069002,749.2308482533412,782.1573818098788,728.3533453513601,770.5514781936095,963.9756286605137,703.4975872618406,805.4822417747572,777.2207784741602,766.5469603054754,678.4691641358522,691.9329413743847,755.5537273759996,704.4128144449892,680.4986193821052,761.1812476124005,795.4380283525684,1047.9930546399064,680.0013968329782,692.98549131029,728.9672826184756,704.8171612325627,681.1976962108051,788.4963052161249,811.1094059966817,746.6462046628357,782.8095393749529,707.9816398085488,810.0043972299017,713.1336875566227,763.8187751981561
1610555606.68LaSQbm9EHAFycEfFtEqAwYqlBsQPjIRW,707.7184835497414,677.0002535249348,727.0901953113856,0.0,715.888613429466,685.4509993759461,723.4172021742017,745.1640153152888,730.0640320034138,755.9083753242253,605.2626812617688,658.8369326040537,843.4124299339594,746.3005049042251,745.3749404525627,689.5824422241886,731.248126324399,684.0970045207911,655.7834629890651,689.0397585602279,644.2619050482987,742.5003982455322,1003.9503353856666,742.663882255652,713.5737710776586,724.5025081659659,686.3135545582406,657.3993783020245,1003.0611790806337,669.2788882594979,1065.232959057103,698.1077097270703,823.0352597511363,703.9478012917218,675.1381264781844,658.6473703067959,1034.8023907232332,691.1968094819704,632.1401038969433,781.1815360199663,636.0701654515666,657.2921681781721,943.5714817862082,583.0463417843301,696.4871073885878,647.6563297077279,747.5896909382058,700.764753032019,737.1019387954566,748.445552938155,623.2564583919212,706.0966044562194,759.4535845534548,713.5142152595997,1054.6537604429934,704.1379962244976,660.7596127056992,687.1847187900843,659.6867552382141,682.0110170704668,707.161916035876,747.8787364050569,689.6196115733271,740.210969128345,685.1409121794447,765.9874699102209,695.9213460153488,687.0049447821219
1610555617.19EKxMEwDHfXiEJZc27TsGoERaD6Da4BZU,557.1240139666478,766.3689103983872,578.6506610621074,715.888613429466,0.0,650.6668047615767,546.2796176441561,595.063312453727,505.87298115144176,719.0398592689468,761.5337050041592,727.1979178561104,856.3796634451805,582.3443732063806,751.8748261908604,720.8680650679667,810.2485190057038,760.8737845436854,573.7674137486068,707.0702564759454,711.9314446128569,793.0243755674685,891.8650488872779,590.2058371292278,666.5963472120952,657.8657531020729,519.6309528442522,736.4605831752275,1047.4009526763875,591.4996043056991,1050.1028842704648,536.1733962433823,812.1838190734803,740.3513821224059,727.1005290038969,732.265299785369,1032.0317236662324,728.4058203687187,730.0627464507826,805.2726941081974,705.2479217326857,753.375805037596,956.3713017492992,700.1366664888619,783.4208125501417,768.7730720904257,758.1316222669799,669.6294112010094,700.0991930122053,713.0743991584179,693.3731512506964,673.4461489219644,771.800811787551,778.5701668709133,1064.6484219406032,605.479182637425,662.0958410659,719.526599047644,701.8737140968893,626.8848977416524,766.2265474288355,799.8304535800213,738.4512539874827,759.006629513965,698.2690520551104,798.7689773532671,708.6418974968472,741.7559419819657
1610555722.52PJ3FD50MGhRXyUD28vluU8Z9UjLJLZn4,654.1181411813087,768.499277577806,676.2120501629032,685.4509993759461,650.6668047615767,0.0,671.809574434687,699.2547431369127,656.5637736950348,744.8750408550727,723.2480562881065,724.7833770954722,843.2559625555568,693.696194720943,762.8597328552195,728.3015351926949,792.5522388731546,748.7697875947983,452.4845981543971,727.0983783862165,689.7222811527679,769.8815417286354,939.1227428799193,690.9792465907747,654.081062589196,370.647446137462,663.9399289362564,710.8136156093345,1000.6207538591775,607.6731943955293,1081.0744686656378,608.4848603626195,826.3133068691203,715.0949265957106,720.673668068342,707.0945083710436,1055.8696942928432,723.5069266128318,711.783702830372,765.2625008898497,712.6377589904564,726.5252779475663,942.3164503126429,631.2329110421622,751.4445594399647,680.9744366478327,687.5085583558769,641.2580395709446,740.4150043166699,684.3235668974365,659.0439995727504,678.1621127732652,739.3833837340126,742.7423191397128,1088.2756570114045,573.6741281184941,653.7669155828357,713.7752438483898,683.4272233887651,557.4107437726019,713.145484756155,756.7224086825133,752.902068316586,723.6876811596869,743.6465581585555,764.8201147315523,676.0033151864741,682.6251112511251
1610555617.52Ijr5puT55g9apK8auM7zaxa3NANg502t,572.3850838338817,756.3320935089462,548.5829682322333,723.4172021742017,546.2796176441561,671.809574434687,0.0,588.4839554182416,596.743640112644,741.7872495106351,760.1807667675587,746.9356985285718,847.4479635688535,494.519974567937,754.4167399265525,737.3715810057312,804.7380492101263,755.1630639009616,609.0707765971935,751.8876924147452,744.1830638259786,780.7769486310026,967.9577549263179,580.4520132619684,701.7164797048371,678.760049451806,640.7598664187765,757.0994792683861,1059.2772649733413,515.7251424007217,1063.3507952226225,566.3821453221165,819.1756646790213,770.7899279364533,743.371031581269,744.1032836687798,1057.2952314076292,758.8551514135994,741.9421524036655,798.2155792100766,724.5664128391267,757.8072252533269,972.7832744454602,713.565240911726,784.803891015057,765.5609196256645,775.5104828090948,692.6306930211501,729.5661312289755,756.4611876871496,707.8224226341555,676.3020066903006,767.7279970412743,782.2158795578129,1070.8462697230516,671.6709277746553,688.0880694638677,736.4898830778533,708.7533180943059,630.1289212450439,773.8748549323972,799.3205326852228,767.3659397797362,759.3169818176079,730.486796634891,796.9532959256695,716.2487466689818,753.4583154611561
1610555638.77ZLjTLkz4jYJdFMI2wWBztzsDILkoOtAk,414.6879776633039,779.7720646039777,287.5482941209561,745.1640153152888,595.063312453727,699.2547431369127,588.4839554182416,0.0,566.7362191028035,702.2118114093439,794.1977001370218,763.9057617311089,826.0421553827932,424.96927744983714,788.6275779162326,742.0601558311379,837.3493227590882,790.1828611842448,621.6349517332399,730.2761278670771,756.0840500187427,837.4276407069701,985.9381477509921,199.49995080979434,729.6746872505292,701.0947265286964,620.1599370484363,769.3908397640434,1071.2482606949263,674.9912655906928,1043.047471828868,622.892053353891,777.6808273363307,771.5665963088267,759.1594013874986,776.2675568336338,1057.7684225451019,763.5938488218417,768.2020029529052,803.8863632431099,744.273800794768,785.5273327577697,977.7788682747205,722.44768688627,825.1316063781406,797.8025098959002,782.5130892128961,702.6804360787365,709.5741669329319,780.4924830023522,721.1361870471376,700.1614046059094,772.0983889038199,812.3534786297737,1059.701252007989,704.0152485955542,714.419786019907,734.6282568648612,718.6708815746458,711.6278140715534,808.506192665139,833.203148014121,760.0399882360119,799.420252869891,724.5318255739127,826.9905972734346,732.41600263609,783.3615810411055
1610556912.46C7tJPLF0XfNnm8f1820X9aLmXMHoc0Dw,500.0659108208483,768.6625127638035,550.194178971767,730.0640320034138,505.87298115144176,656.5637736950348,596.743640112644,566.7362191028035,0.0,730.5781500312162,773.443910464262,723.9876068813771,843.2931079982438,559.1111172951429,755.8536351370757,729.5736091684694,810.912666533897,760.0087381402808,566.5685939563682,711.5759222543056,710.2371537116063,793.2870509570313,960.5145758783666,563.4350265973163,698.4034514309621,652.9014117157258,596.1086255500975,734.8521621018513,1060.2560939130904,634.3261879622429,1055.166184986602,593.3999049636458,807.1008932889305,755.6325679228097,731.424344222272,731.7087713423579,1038.6807835901116,748.9932234789289,749.3233306157276,795.60569173074,713.1186014917959,752.1624890249822,959.3622008312356,701.3224960289458,789.1318774102009,765.2733517245235,747.8800205931881,684.3699956173008,723.8573487115002,736.3335899425458,688.6340430748317,668.1000566794545,777.3982287342695,778.5769324656302,1067.3860988222846,657.5699175327361,682.1188654603834,712.1681056179841,689.5611365989165,672.7379758681443,770.6998023962899,800.0234631344182,750.9209831575778,759.1358073360859,721.4461512484402,799.1444898585688,717.8384447805593,749.5524665974193
1610555617.51LjzIROg0aeCP2GhDcAVQ0LipKJB9jmKc,658.684067486292,742.410542603537,687.0216220930299,755.9083753242253,719.0398592689468,744.8750408550727,741.7872495106351,702.2118114093439,730.5781500312162,0.0,822.466518686885,784.812563256539,646.4234890065438,722.6728128871367,822.6672345294975,739.8176363819613,872.1272918303004,794.9238778610031,743.7613196904218,723.6982162756808,783.7430699101798,865.6905202746718,1007.2093226206243,697.6331784627741,721.5964582581087,772.8935123441075,691.6055968432819,785.8713888750879,1042.9427735637178,751.8645225525036,1032.1585045814056,731.1339325141001,489.55460457165776,726.2204033984171,771.0606884142446,800.9719326263364,1058.0882875040747,702.1587668689089,700.5945548988796,782.7809706758409,766.4223339229497,807.3161442595614,990.2572408529263,751.1005879430635,823.8409563093522,792.0941200820688,758.8803464213478,703.712729026011,454.5391033151904,785.3681208426895,738.1619459689992,754.0680185907759,713.5206720541469,804.010486261043,1072.3166419486056,741.7035063541103,744.0016191327624,744.9418049680779,739.8368919168702,761.460704586306,811.8841463035046,827.567322683308,687.255921650112,827.2323564920463,629.0877007024072,849.9850100808081,732.9671199870091,787.8900209773492
1610555608.17OpjjHobqRkX0UPcaXrbu7K6L3805SZri,757.8982383421676,726.3270045920236,779.3466920581806,605.2626812617688,761.5337050041592,723.2480562881065,760.1807667675587,794.1977001370218,773.443910464262,822.466518686885,0.0,732.0730113169428,879.1178628806765,793.4110937532707,762.8193476334067,747.3071804297956,518.7694504369065,698.1369503304207,722.5595888892882,775.1891658733822,688.8178234354257,737.9471858585155,1039.3234265519231,792.8135701275996,729.9572656942448,725.3617008500711,756.2116057044827,728.7122929544134,1042.6599940652761,711.3015724607483,1100.0536162114938,724.8328812882589,872.9407823506317,772.4521617950775,734.0747181394465,707.1303432932483,1076.637285498276,755.4988948855441,709.057062121556,832.3629403255089,704.4911693441542,660.325580327262,978.6254583341951,697.3118088758107,706.9301148147242,631.1083681614303,787.5468323963006,766.0826445219291,792.9856274651116,752.4073546628,712.1985107043879,766.287516195014,793.4235811610375,728.3106710648417,1090.1029133047882,721.4758839009379,676.8081982229224,748.1424668977797,735.1672844407162,707.3634157855935,714.7035278135095,735.9559915543327,744.3010675963847,717.2028415850301,748.3534490585199,736.5372261711508,736.1182577628115,710.9864695198603
1610555721.82zWeNZfGUUfRJkgnAwlP8VMhPzXctnSd4,731.1814800200976,741.2493586998525,747.4727940642797,658.8369326040537,727.1979178561104,724.7833770954722,746.9356985285718,763.9057617311089,723.9876068813771,784.812563256539,732.0730113169428,0.0,872.589298289723,755.4403738818055,742.1458772943429,663.1832896687198,795.5545955236273,687.9762965103129,709.3560560852889,671.7144762180212,488.07207320783175,696.3733356648667,1033.4536481669215,760.6585362806012,713.192369067305,748.9061180109645,740.4417981851177,605.445829708867,1023.8439228661159,732.7167184198317,1101.7614899814491,736.6893410391714,846.402573731882,717.1940137470391,648.9769360968161,629.1113628268847,1042.1004609344916,717.8056845535107,702.8974232686496,794.5836671967666,671.3747579066047,644.5580872438666,960.6628226378696,629.877529921195,745.3691300832384,736.930251916336,727.7688790935835,716.2863563153368,769.6818478840041,751.153861504989,536.111128868512,718.1489011997213,782.9495463722795,735.4089138560887,1074.5374316378523,718.8074086651619,702.0367294368011,611.5627928384936,634.3628074715288,705.3526378981476,734.1401276736169,762.6533494182879,708.3190883580714,746.7251063204943,711.7432312078554,760.8003103835559,716.1601583211391,718.3195828742737
1610555735.75bom85BDF0C7W2eIseHeMxi24qR68nzMi,786.5086562360303,740.7925346877778,812.9513010210944,843.4124299339594,856.3796634451805,843.2559625555568,847.4479635688535,826.0421553827932,843.2931079982438,646.4234890065438,879.1178628806765,872.589298289723,0.0,843.4824861238951,862.9326417453847,834.0621054306905,910.7603112651617,822.9863819613423,841.3992988761574,833.840897459798,877.8068892392937,905.832089591702,1101.7028526887625,824.3607125319919,840.5993231534701,869.8392739855706,829.7481067389394,879.3684080493201,1102.652967377919,837.6708837646904,1087.6203469605157,836.0039193117045,412.4276351545941,807.3195708503957,857.081459133075,880.2892719297276,1120.134353409965,790.5571082652071,795.1329189453272,848.1091558214129,842.7217862816219,883.1894371904531,1051.1529054829236,831.6634243804797,861.7549597621983,838.7053297362975,823.0231840403201,854.0032503068511,754.6912119344867,855.8711284839727,853.1962369931613,839.7388727815696,819.6015221408607,848.220718599786,1109.5929784291834,844.4058518572017,857.5687081347596,860.0464258675556,842.3702620614249,842.4075882922516,864.9465132830834,862.3835555152882,776.0084313031682,887.4585155170195,803.9467906021931,882.2512709748073,835.2030838120065,851.1725747160557
1610555735.77NnT5xqKnwcf2BbjIekeb2arTQj6QMNwk,512.3892659532938,784.8180189214555,451.1103082316279,746.3005049042251,582.3443732063806,693.696194720943,494.519974567937,424.96927744983714,559.1111172951429,722.6728128871367,793.4110937532707,755.4403738818055,843.4824861238951,0.0,776.0749281097329,739.920517172788,832.27796285717,788.4407789492132,622.3658532170949,733.9154275558858,749.2442310933452,822.5101622545925,985.3278088022,448.8103275134723,726.7193883428661,693.1174903140832,629.3576629231354,769.8325010010606,1072.2449090963903,648.4415715419325,1054.7188396710972,609.301014562819,802.7245197578573,778.4912076098994,754.8926493122411,765.8579697772436,1053.8922006790738,765.3360084525569,775.3985801964834,806.47273602174,742.5180267937855,777.6186149220514,977.3407884225068,729.0125286706685,816.216870090632,793.1821793798216,777.6485739804314,700.4693083241791,718.2958643179782,778.5487131466082,714.8787226736421,695.2549984572944,773.434473678642,807.0428071447451,1069.5488681885286,698.0613119233711,706.1720890557675,724.6014937239116,715.803528209181,691.0427384107976,803.2314423495826,827.133510138394,767.5466643890092,783.858852487244,731.0311991572216,821.3369177494665,730.7432543449651,778.624635306274
1610555638.33wjf1PhdNaoWfbRzXVn50hmFyB5bYAiLV,759.2840754500123,752.6822091159087,772.560921494258,745.3749404525627,751.8748261908604,762.8597328552195,754.4167399265525,788.6275779162326,755.8536351370757,822.6672345294975,762.8193476334067,742.1458772943429,862.9326417453847,776.0749281097329,0.0,749.1676909658783,801.9323243130449,724.2667964052172,735.198613673894,787.8512607657381,748.649664349229,693.9587040056375,1046.8762299025273,783.4436738951781,762.6447125499739,779.7787224083413,741.609249078392,786.3937967411554,1056.0750970128743,742.7510505123737,1081.9721564155598,745.0796720460314,855.916449873546,815.2546517865032,720.9326006462145,679.7259293842102,1053.3867587057714,798.5435420966933,764.9346959958133,735.2333525711709,645.1685954994873,714.762966651998,897.8828186426222,730.6238053431949,696.49033515346,757.893744751696,745.3576029779209,774.3513416826644,818.991120303958,750.5810673890264,726.4396246597955,720.6340084233324,843.0500391960186,725.708666207831,1088.3576778563506,745.150211155993,712.2686513271302,761.5268346586291,756.1739916076101,710.1885723332645,739.634413048217,711.1003220589851,790.0680596092612,726.1317445189293,800.3953733348319,678.963989040757,740.5242095625105,763.0117567164265
1610555606.65jCE4ig8Pu8kvAzkxnSGfWsV0nQBjCf8H,714.0854336549718,736.6312740105609,726.650139877712,689.5824422241886,720.8680650679667,728.3015351926949,737.3715810057312,742.0601558311379,729.5736091684694,739.8176363819613,747.3071804297956,663.1832896687198,834.0621054306905,739.920517172788,749.1676909658783,0.0,799.3658398188304,772.1759202014384,708.4121450777071,654.0497119504566,670.302661685375,806.5820234632117,998.8530210746692,739.568235703541,713.4005687218413,761.8148161265632,692.6399318984686,703.4129264339688,992.7270858670809,717.3744017729358,1003.4844554335612,721.4414015720531,787.7405897912596,626.4817031873015,536.4171254447748,609.8310738857091,977.2698530267188,562.4085942280957,712.282509862393,773.2297228674153,638.4811993041346,737.8831061945475,934.754745817973,691.8817463037693,737.932474507057,770.7158558176284,727.0399335512922,686.8022266072685,718.1660259352313,715.891985170554,627.2434160660628,717.2751814381882,745.1347597037123,760.5718645589856,985.7805037957523,701.0600764651546,710.0970109368857,615.8461766747845,648.0383647233286,713.9073494338593,755.3908310862612,783.3573011396039,630.1624569501415,777.2374789310413,665.4109666392105,786.7322110380425,682.7896840475827,739.7347317197542
1610555608.18ONsBCVo1i7BrX0XG9stct4oiA6ejX9Oz,808.2109171073076,768.1706541835475,824.4506342228825,731.248126324399,810.2485190057038,792.5522388731546,804.7380492101263,837.3493227590882,810.912666533897,872.1272918303004,518.7694504369065,795.5545955236273,910.7603112651617,832.27796285717,801.9323243130449,799.3658398188304,0.0,739.2828362537606,786.6015710931293,825.1709291913639,757.1863213758902,787.4448150116552,1086.2927138458767,835.8203135192183,791.5313929125297,785.1413853280077,810.9380793825176,798.868828473209,1094.108620178635,768.3908157196665,1137.928917942285,774.2064010931581,906.4242154085572,823.2416828149541,794.2566199165601,765.7669686627958,1113.6282927078405,816.5944567416543,771.8024158829963,879.9853559654731,762.0616163704848,726.1251615565081,1025.5332019476157,781.575723653155,742.4987153868475,699.7273877454107,830.0024588740024,820.2711285365831,840.5414431569111,799.6938806272931,783.6593881908644,808.7965826336984,848.014115030033,768.214903669264,1124.1474625598082,786.8019656863422,738.9565359563559,803.5920091037327,794.0226443971846,771.0335254590813,764.077224324078,754.8068373791875,795.6382865842545,739.917764244837,807.2103295449532,753.1821070305448,790.8170978218652,766.9084850098701
1610555721.51RNoQUMP19FTMS79BmA3JkgSm2IC2AQuQ,751.8792772360123,553.1591863494991,774.7124350163843,684.0970045207911,760.8737845436854,748.7697875947983,755.1630639009616,790.1828611842448,760.0087381402808,794.9238778610031,698.1369503304207,687.9762965103129,822.9863819613423,788.4407789492132,724.2667964052172,772.1759202014384,739.2828362537606,0.0,735.4127256837825,774.0680023199229,731.2228588704122,651.2058662240922,1050.7343071961286,787.0989098551478,745.4003849981167,768.7484711243195,776.5269106793957,742.5300063734429,1052.750614382707,721.9011761133617,1116.0698169317309,737.118802157497,821.217266533843,761.1350351990128,766.870674769668,734.2998155024657,1090.811572072043,750.7588152672535,677.2312559599895,818.9595833560684,708.0993509590899,677.3435597377356,988.0047650618335,694.8665278879391,626.5835234127051,541.2834302716769,760.7842840850357,783.9073956269254,782.6788566115663,771.4928335264298,715.0037111401879,763.5313236216826,794.2103263203511,702.0446880836862,1104.5615558594802,748.6026385435761,719.2045563847614,762.0150371073566,720.7593562208929,718.7334129030668,667.9201247595187,695.4048366984952,741.4444166372483,694.3288426020362,752.1026445092846,687.059238901918,771.6820699425532,688.6322553110142
1610555971.86O0cHB2ibBJ8jxoObg01EpGe8VVV5mpwn,585.5815754415123,753.6154200070421,601.7570395930727,655.7834629890651,573.7674137486068,452.4845981543971,609.0707765971935,621.6349517332399,566.5685939563682,743.7613196904218,722.5595888892882,709.3560560852889,841.3992988761574,622.3658532170949,735.198613673894,708.4121450777071,786.6015710931293,735.4127256837825,0.0,716.8955802597877,686.2132027448445,743.2055087213797,933.3301117122742,616.340218583603,656.4073188014365,546.0281470569494,624.2190703554008,695.2818945645416,1014.7387641188707,558.1044230017435,1060.77318867806,572.7007207257309,822.7680293406479,720.0468108540255,708.3649361351567,691.4487715416642,1039.609833479639,721.5178309519308,702.2188548987602,735.3073003025238,689.6824705202,721.0423246037863,923.2795791019515,612.7466184351075,743.1938670412685,708.8953152551218,719.9698525497145,631.3569885150027,729.3820411076346,689.8308913518613,651.6804438566052,638.6984146915024,755.24391707923,747.229116648976,1070.5111213829193,602.0886774487828,630.7244618674991,703.624717300724,674.0432290792254,550.8880160818285,708.1979582147469,756.0612748076508,747.2401089974467,721.043667147512,722.456281084759,758.2387115271976,653.6353215832733,681.390519608446
1610556911.51zU3duZSGpcw1BDNsBLxdOCITAXwl6z3i,699.4392135024493,774.8674596560098,719.9497412337158,689.0397585602279,707.0702564759454,727.0983783862165,751.8876924147452,730.2761278670771,711.5759222543056,723.6982162756808,775.1891658733822,671.7144762180212,833.840897459798,733.9154275558858,787.8512607657381,654.0497119504566,825.1709291913639,774.0680023199229,716.8955802597877,0.0,658.811869305263,811.1160237131544,1000.254901798387,730.2281184376377,737.9644261356461,755.0233213343502,692.3182966744032,696.5563768035358,1023.9426442067713,744.2113454153624,1046.166996676962,736.9284325926074,789.0564117661079,677.4033601990486,663.2414903313517,690.5034291391657,988.048771485677,680.94222522137,747.0235414909077,811.92477271662,689.3553119243178,744.7960410679318,958.3924501683645,675.558441366413,766.2202458228537,775.5004772653618,719.2966498775132,707.171438032914,709.1857476364064,745.0412161565106,633.0269822800396,751.759965625897,785.1870691974498,770.3523082280589,1020.8226443400769,722.3166210038753,718.2764279368464,633.9404789118781,660.1837094081343,742.7348448634859,787.6591290958388,788.2610603997138,652.3955596374229,796.338805328694,658.5328848639558,807.3305242034185,712.0726916616951,768.3167776976097
1610555988.71dMoYT8250UHHJGxgmITTmbHe7V6gH1yU,727.4495284987403,764.7733579589215,744.0586461918608,644.2619050482987,711.9314446128569,689.7222811527679,744.1830638259786,756.0840500187427,710.2371537116063,783.7430699101798,688.8178234354257,488.07207320783175,877.8068892392937,749.2442310933452,748.649664349229,670.302661685375,757.1863213758902,731.2228588704122,686.2132027448445,658.811869305263,0.0,725.8981158813768,1020.021195375606,755.1388256237223,706.6232859571909,707.591913665464,721.7769129539772,582.8584551400073,1025.2941298027845,732.4146921452216,1094.2343579570684,721.4481497373196,851.0427442010467,719.3621374913255,626.0691640236413,632.9447975462408,1033.8470977078316,717.3684216452003,720.7474001728294,801.9891055491033,667.2798407384718,639.9097404452132,951.811924536015,634.2304558340153,748.9331915583073,716.364848092007,713.8899173684263,706.4996408062375,767.1987163159974,744.4844077349444,553.8708307050314,711.8529125071616,776.3429825055556,743.4809054570641,1075.4236198547983,691.2090874084128,670.8050435107257,589.7570537445687,640.1746376291203,691.3343332236767,716.2626585610367,771.2332223557223,714.0182747623451,739.22900389151,717.6009362265787,763.2202260275626,717.42157005143,697.027854146418
1610556042.81mlUZsSp7gbGjrp8jQSnybT1gPy6e62o1,796.2586929028743,754.2093656008109,816.5418185359258,742.5003982455322,793.0243755674685,769.8815417286354,780.7769486310026,837.4276407069701,793.2870509570313,865.6905202746718,737.9471858585155,696.3733356648667,905.832089591702,822.5101622545925,693.9587040056375,806.5820234632117,787.4448150116552,651.2058662240922,743.2055087213797,811.1160237131544,725.8981158813768,0.0,1061.6941083005306,834.7705814648865,767.7083076060487,794.8140160930499,821.3286279036597,741.041117538526,1087.294492503048,725.8869424089647,1161.3671894816218,752.2966232098537,905.5510739594414,797.8428564566541,778.8175742336116,694.4472878465788,1119.866836400136,796.972610668969,752.801046518037,769.5187042742297,747.2108079907399,641.8615614534922,988.2636800518858,722.4590374372109,685.1866570496668,700.5560985573505,777.1896640641723,799.3399029142887,835.4400980355061,749.6265364271135,738.471502448695,782.3946996655129,829.8178574803358,704.0234599146157,1144.5552969220153,758.5092787937976,727.3049313966638,775.800809066774,766.0694549340284,672.5699244281105,633.0788289466118,652.7491327257338,796.7003365518844,655.7781513999629,796.0828438131332,593.5854172307713,764.4588992039804,669.0659276058307
1610555637.02UBW5nKvDyUrKnaWcYRGajZPxTRDS0q3N,947.9205830563604,1046.6384114561406,966.5114756922229,1003.9503353856666,891.8650488872779,939.1227428799193,967.9577549263179,985.9381477509921,960.5145758783666,1007.2093226206243,1039.3234265519231,1033.4536481669215,1101.7028526887625,985.3278088022,1046.8762299025273,998.8530210746692,1086.2927138458767,1050.7343071961286,933.3301117122742,1000.254901798387,1020.021195375606,1061.6941083005306,0.0,979.323429071056,942.440217414055,978.7706307868455,903.7615740275988,1033.9100453612114,680.7170935824025,906.8018647474754,729.8229564802692,903.3037722859009,1072.2186922229785,989.5512164758233,1014.4001671217297,1004.0836220488044,708.7273447272477,970.9927452808687,997.2793707470785,1081.5416476008897,1002.5563039219437,1037.214429610539,720.7316233673787,984.684970060337,1040.1729110878935,1026.7828036302267,1020.4755499931481,962.864510065061,982.858148853249,973.7002036574312,995.4273284042674,979.469794553322,1065.7810953504625,1029.3668963375178,757.4204997192919,854.988112861551,955.9495909774434,1016.2755773412268,1004.8805659982586,906.4755099693386,1031.1224722123904,1052.3310941969107,998.4492960613237,1036.311760322034,994.9193252988487,1059.5387773399939,987.3430520911254,1025.3226656461436
1610555619.13oUYNikU4facCTpUSiSLr0vPI0tJLnXiT,410.8975702916044,776.7587920019174,275.77258860292034,742.663882255652,590.2058371292278,690.9792465907747,580.4520132619684,199.49995080979434,563.4350265973163,697.6331784627741,792.8135701275996,760.6585362806012,824.3607125319919,448.8103275134723,783.4436738951781,739.568235703541,835.8203135192183,787.0989098551478,616.340218583603,730.2281184376377,755.1388256237223,834.7705814648865,979.323429071056,0.0,727.4392601980164,695.5148141254257,617.9968183352677,764.7937504415456,1066.4666200754568,663.8412084544849,1040.3598717516245,618.2133387726757,776.6230927296411,767.9403443210633,755.4376224553079,772.0707712428832,1057.4226346674225,760.1393926289708,765.1832726757348,798.2742113304067,740.5866326378712,783.2404318623999,973.08966708352,719.2168705322849,821.5347864642549,794.2658595105257,779.9534346122739,697.3312329687781,704.4721104285217,776.8744246920604,714.4397949928467,697.878475884064,771.1036296709862,809.1850927088519,1055.4863314635938,697.3092082295777,710.9109469279597,732.6922267134645,714.1998164709694,704.8934084787288,804.8782253151643,829.8275333403691,758.7323324154298,797.3710120739945,721.3683141562605,825.294729151415,730.6141552479877,780.9304051479611
1610555721.03nzkucfjAUh31zTbmCVvTVYqtjoxZFnBh,680.9217760042957,733.9558731393888,709.228012091642,713.5737710776586,666.5963472120952,654.081062589196,701.7164797048371,729.6746872505292,698.4034514309621,721.5964582581087,729.9572656942448,713.192369067305,840.5993231534701,726.7193883428661,762.6447125499739,713.4005687218413,791.5313929125297,745.4003849981167,656.4073188014365,737.9644261356461,706.6232859571909,767.7083076060487,942.440217414055,727.4392601980164,0.0,702.6702897121094,690.2091878242974,728.5678981746794,1035.0099538722352,640.175567042423,1085.3798957369588,638.9911587951864,809.1096194702903,712.4637733645603,723.742596100543,711.1430214643157,1061.2122330155064,685.5957107723663,572.9020756268759,765.9075683560867,727.4871510937986,736.2661409880527,949.6744928704934,684.2174966453975,746.5276585195949,705.2890674544886,729.5065258247915,607.7673642140261,684.3177481118726,706.9895322914455,671.438513234387,700.1967574975042,733.1739766832886,752.2346920383992,1090.5267241335557,545.0542133057581,557.5342305590691,725.3339245346905,679.9022851534769,557.5884753972692,719.3983731107515,751.1577713931349,708.1061987053995,716.7256706768758,675.1286063597458,751.8634827654166,673.364741422024,715.2735272075386
1610555722.67fhKURdXVzRbLIjXmjRwdJHTnE7PWb1AE,668.2000110348934,793.8408547230496,685.3231821114292,724.5025081659659,657.8657531020729,370.647446137462,678.760049451806,701.0947265286964,652.9014117157258,772.8935123441075,725.3617008500711,748.9061180109645,869.8392739855706,693.1174903140832,779.7787224083413,761.8148161265632,785.1413853280077,768.7484711243195,546.0281470569494,755.0233213343502,707.591913665464,794.8140160930499,978.7706307868455,695.5148141254257,702.6702897121094,0.0,671.4171192655689,737.9669465417425,1037.6412712320455,657.4935287891128,1097.3380811594425,625.7073170418491,851.3622086396257,768.6205937054473,755.3470916554235,742.9062396613426,1073.1228705582027,773.1213499824632,755.8850751404054,803.8319200962922,743.6998738331508,740.1640306317754,971.257191977536,695.9739675603445,786.670371910527,715.1036690849861,730.9570262215989,687.7119432059316,771.2123059519198,731.4740076146012,700.6589795802228,703.2724141592132,767.551361237038,777.7077125599201,1106.1359870580175,634.0686872929863,693.143755368909,736.6678621797505,714.3746516618924,627.2281470228035,746.397753544843,789.2701182414883,788.6448993115495,736.9299262216351,775.9988456251422,789.4761966891023,713.9134978423322,708.8348547432323
1610555638.39J2ZWBLuLTHP0jOlzB4tNHmYeijH5g5YJ,585.5894801113504,760.1852645643407,610.9903787245058,686.3135545582406,519.6309528442522,663.9399289362564,640.7598664187765,620.1599370484363,596.1086255500975,691.6055968432819,756.2116057044827,740.4417981851177,829.7481067389394,629.3576629231354,741.609249078392,692.6399318984686,810.9380793825176,776.5269106793957,624.2190703554008,692.3182966744032,721.7769129539772,821.3286279036597,903.7615740275988,617.9968183352677,690.2091878242974,671.4171192655689,0.0,752.825651219273,1048.767711898494,650.3384534536566,988.6197087779384,593.9900818728115,784.2910577115848,748.2233112659036,711.0762598678308,727.6499825077367,1008.6182856873886,729.1672554005678,738.347171682757,771.303018785004,681.5075478698744,758.4049941866103,938.9499136486442,718.2297002471123,790.2954599546612,776.4868724811543,738.810849280566,646.3531682867358,679.0820857054117,682.230981337464,700.0559864147015,613.3270772307312,768.0955741810432,782.409170128608,1030.2845554768273,626.9848549395728,687.8378430598536,706.2783176243115,704.2001633945029,669.8879032374775,784.9729217077473,806.8004388627129,710.0444811211992,778.0505627717981,675.6691655070496,810.2578808135218,646.3528739821642,768.6321806751639
1610556032.17Q6yCDx9g7alRnL9jBFXD2JhhUyB2hKfJ,738.748855517389,766.5567400434637,752.3717887159146,657.3993783020245,736.4605831752275,710.8136156093345,757.0994792683861,769.3908397640434,734.8521621018513,785.8713888750879,728.7122929544134,605.445829708867,879.3684080493201,769.8325010010606,786.3937967411554,703.4129264339688,798.868828473209,742.5300063734429,695.2818945645416,696.5563768035358,582.8584551400073,741.041117538526,1033.9100453612114,764.7937504415456,728.5678981746794,737.9669465417425,752.825651219273,0.0,1030.3582331991358,738.4609034331677,1112.9111698467746,737.2215972169091,853.2780029162969,687.3600042560043,704.9133322670608,674.2862505306538,1062.7757383994215,717.3388137379915,729.1201670048999,795.4397561345778,709.7305424655652,647.1589092789706,969.4441988914834,641.2253685116355,769.8368551750881,725.7310874649334,749.5774931126913,723.3580910934373,764.7161465908606,762.5624820876584,585.0196145026968,736.169384877393,755.905717264914,759.1246773894935,1092.7910435462693,728.9399240282052,693.8244445522588,652.4802434539041,622.0455570674488,715.8434051288646,712.2033129991954,774.0851588204587,732.425328969311,742.1024954724757,723.5656260588611,762.6364658179342,730.2088863298434,678.7446514841109
1610557007.49MyVgDnuUuBxrvL6SGOdhKf69VYlW1MSm,1033.1152932037974,1054.7065799927163,1053.1564875501906,1003.0611790806337,1047.4009526763875,1000.6207538591775,1059.2772649733413,1071.2482606949263,1060.2560939130904,1042.9427735637178,1042.6599940652761,1023.8439228661159,1102.652967377919,1072.2449090963903,1056.0750970128743,992.7270858670809,1094.108620178635,1052.750614382707,1014.7387641188707,1023.9426442067713,1025.2941298027845,1087.294492503048,680.7170935824025,1066.4666200754568,1035.0099538722352,1037.6412712320455,1048.767711898494,1030.3582331991358,0.0,1025.4402843204623,782.2530660214054,1043.6722717639225,1081.9977077567246,984.314816649306,1012.1996062138215,986.5261202577832,749.300118722705,953.0466243341839,1017.5699669665079,1100.3419691702388,994.5623683188788,1039.411743478822,729.7467109623416,971.8866916340239,1028.5807489003298,1022.970469828401,1056.7261996891975,1035.2372726117246,1042.371241237936,1031.4853568959861,1004.4071265060925,1054.2730886283741,1094.5984899159257,1030.3479688699083,785.5839945975225,1001.3563203090972,1021.18177319705,1039.8990751423958,1022.0106247590039,1012.3652652357381,1055.0557761868824,1057.4469477681414,986.3382593439284,1075.1202679586622,1019.6308771817263,1060.9420325669792,1025.0509137865479,1040.0446544733925
