,1610555604.25mOvVXuL01OCiReyVWBfesjuvXmB3MoPy,1610555605.43B6oDsBtWRQ29Q9UMQuTUEPZy3FSSWXzc,1610555610.92HPGJJSmyPM40z7otPBgHalNrHFA7zk5d,1610555606.68LaSQbm9EHAFycEfFtEqAwYqlBsQPjIRW,1610555617.19EKxMEwDHfXiEJZc27TsGoERaD6Da4BZU,1610555722.52PJ3FD50MGhRXyUD28vluU8Z9UjLJLZn4,1610555617.52Ijr5puT55g9apK8auM7zaxa3NANg502t,1610555638.77ZLjTLkz4jYJdFMI2wWBztzsDILkoOtAk,1610556912.46C7tJPLF0XfNnm8f1820X9aLmXMHoc0Dw,1610555617.51LjzIROg0aeCP2GhDcAVQ0LipKJB9jmKc,1610555608.17OpjjHobqRkX0UPcaXrbu7K6L3805SZri,1610555721.82zWeNZfGUUfRJkgnAwlP8VMhPzXctnSd4,1610555735.75bom85BDF0C7W2eIseHeMxi24qR68nzMi,1610555735.77NnT5xqKnwcf2BbjIekeb2arTQj6QMNwk,1610555638.33wjf1PhdNaoWfbRzXVn50hmFyB5bYAiLV,1610555606.65jCE4ig8Pu8kvAzkxnSGfWsV0nQBjCf8H,1610555608.18ONsBCVo1i7BrX0XG9stct4oiA6ejX9Oz,1610555721.51RNoQUMP19FTMS79BmA3JkgSm2IC2AQuQ,1610555971.86O0cHB2ibBJ8jxoObg01EpGe8VVV5mpwn,1610556911.51zU3duZSGpcw1BDNsBLxdOCITAXwl6z3i,1610555988.71dMoYT8250UHHJGxgmITTmbHe7V6gH1yU,1610556042.81mlUZsSp7gbGjrp8jQSnybT1gPy6e62o1,1610555637.02UBW5nKvDyUrKnaWcYRGajZPxTRDS0q3N,1610555619.13oUYNikU4facCTpUSiSLr0vPI0tJLnXiT,1610555721.03nzkucfjAUh31zTbmCVvTVYqtjoxZFnBh,1610555722.67fhKURdXVzRbLIjXmjRwdJHTnE7PWb1AE,1610555638.39J2ZWBLuLTHP0jOlzB4tNHmYeijH5g5YJ,1610556032.17Q6yCDx9g7alRnL9jBFXD2JhhUyB2hKfJ,1610557007.49MyVgDnuUuBxrvL6SGOdhKf69VYlW1MSm,1610555638.44hjT5hbYdKoE3MB6hijrjqbjmLgvCUYKD,1610555608.13zUvmFSCRt6SsLbhqFznMEvGx54GPGQzM,1610556038.62a5C4ynd1AARyAhTv8a58NCqHvXRjscqH,1610555644.45Xse8u7pusHNsd7F3d0A32HXvXr6weOJE,1610556038.62gKXOCG7XCn55eJvyl5voNjbwOW0znQDq,1610555987.13v0oleKK97pkesp6oMgprH8SoSdoDVdIO,1610556964.96ZLLeiQW0qpmxhPGTg7K03fmzkqsC2bjC,1610555987.13VQlEedQ50VvkPMEMzZDv3KNnQCewykN9,1610555982.186TY6MMGkDecIN1woW6vsfAMXVV7jnyjO,1610555982.673LuMndkwkvdmZOn0MmE2Pkidx0FtNalb,1610555733.38zItcuH7gHNfKdALR2d9Nek6bxCyw36Vm,1610556034.15BQxSbZINGCay0yp6RBVlgcPrw76Yn9ON,1610555639.37BPZpgtGml8qUsh9AdV4m32jPLfI2aNFq,1610556965.57S0adAalhWYe6K3bkZU0bRHbqnDK8gGkR,1610555983.54zteLPCMjyrjzPdhHhlZr3faCgD0TfYr3,1610555987.79rHnNRmt9a0ufmnwCvZqBouyUoZDNpylW,1610556960.041xWER61rmArlsKfiMl4frikWmUCnQ7op,1610556035.13a7NHZDutfTMJ88qle1gTYY59Dr4WmMsj,1610556890.456ZBDaY16bMtrTZTqAgHl3wq1tRxzqDow,1610555760.24e6890pkbyZ97Or6croI1rQgjkSsR0yVt,1610556043.02YpWMIJg3W004iqlPyv8OcVAZdSC5rNYw,1610555987.03z05P26TLtONYM1HSzupoc2CeNMa6HTqr,1610556032.15OYCzUxpsz7b10AXBAuDXrvEcvxFhf0M7,1610556032.63Z80yI9pNwS3jSmsDABbuhf8wkNa2Ze9y,1610555736.28eGuESasTXdR3SqY6pHhEXWZtcdciYLCO,1610556034.61bebeZA0MkaFG2sm3VKiqrxeqQginTTW0,1610556944.5XwXOphKYT3ZkWA8gViqOS97VHVuMVUqb,1610556944.745UVLFBzf7fPh4UH37I6tYQOFPqRDytEh,1610556034.63XsUwaFaPZevO1JNFjfhvY4aKNFnV4noV,1610556964.89xwBHw9faT1HjQRMNQEyA4qJ3hWkwgj3k,1610556966.74DydzH91jtyvRyYau47JpVkZoMRSNTt01,1610555740.77UueVziDbaXyRR4OcVJIIZyzOfAzN51bj,1610556046.84e3vwjyRCzqz0wJQhrk8zsxlFfFSv98Df,1610556137.99eoPuVrDThKAOvmeprLPb2FWRqIhzUodc,1610555740.73XFwSrmTXJPlaxGZSefh0jOVA8PI3III1,1610556123.88AOfNaz9jSnqU5Czc7okOv1RCrYfKFBTo,1610556046.85nB7NvyoYQeLcOV391Lmmut1wAM8CFGLw,1610556123.89H4pdIAzDthI7bMXMhlIhKUYIQIvtmPPQ,1610555740.87GOYQUJKpkynIS2lFqppYK4b32ol7NeGh
1610555604.25mOvVXuL01OCiReyVWBfesjuvXmB3MoPy,0.0,34.85165909568811,10.448037513611498,33.522853556556896,25.02813096137032,29.849191882758962,24.84626827615789,12.963344465590687,22.0299509180268,28.01231688967065,38.94249224994629,34.48766937445397,33.31511403322531,20.319938097831628,37.16491711628956,30.518931561111277,41.571495555804155,37.356366183507255,26.79225379364152,27.16708873621254,36.734498892615626,40.760162758479645,27.600267910552237,12.130198116383886,32.93253911160762,31.518085110828892,24.68006504237144,35.17838130071027,34.62710267846858,26.81713681563038,29.349986408526775,28.965285135957526,30.909620065281487,32.22864939559627,32.97807014092114,35.220830634973446,32.06045592780678,31.68479059816558,35.161315328928964,33.96923928332553,32.904769090730575,39.86072161995304,34.17241716250258,31.75945729313764,37.68776497180188,39.03466629058574,32.65362288091036,28.424044049499603,28.473408468336665,34.651603688035664,29.185597401946605,28.507061676594937,35.41467965080919,40.460868123817136,27.765494418208874,30.798235488645712,33.767498591865156,31.07162162345823,28.56191018272783,32.45556865987146,40.366235778012566,43.15578916731958,31.423451436742592,40.3414691836456,28.874037181352364,42.5401820157477,32.00998749059626,38.62570631487003
1610555605.43B6oDsBtWRQ29Q9UMQuTUEPZy3FSSWXzc,34.85165909568811,0.0,34.97290502160643,29.60267814110589,35.26987050832391,34.98098980913401,34.57449555071885,35.555775331734615,36.62913420992692,33.62045494865278,32.32921962536556,35.4307501665591,33.736759424225134,35.77208034380459,36.85662144629051,34.95003189986263,34.55147820267233,19.343962720229385,35.010686591924475,34.0045000118698,38.12246822547228,36.40298782785508,33.70881886965982,35.316192152539195,35.18643457732256,37.285089929764695,35.276756580981036,35.388983724812164,32.87522848522447,31.752000474782996,35.91464545333566,33.527465499996524,33.65241185957193,32.20950013628734,35.8425865600741,38.277697258233225,36.63594071532012,31.475430374753635,29.384732573556107,40.47391449590006,33.31051207372578,36.68735562935893,38.059526448606185,32.60905576684883,25.81329445385915,20.392777527385533,38.39511601502094,37.30146051106219,32.49440253003964,39.58155759568359,34.56604196172114,37.46663763217452,38.46477659066743,35.263015827095344,34.15748873182659,35.56591052191776,35.08798117960563,34.37852579129972,35.2729519659363,34.458406254798845,36.05312373393509,37.635284064758565,33.04561125066034,37.595512079970284,32.81800868574951,37.48057774966055,38.329096496736916,35.867627820791895
1610555610.92HPGJJSmyPM40z7otPBgHalNrHFA7zk5d,10.448037513611498,34.97290502160643,0.0,33.11079589326892,24.485909160016643,29.572463074167526,23.868812496465182,13.786936364708184,21.810159737559605,28.10380446499213,38.63842216220103,34.86943811197629,33.498596267829555,19.086188897634273,36.89609260150023,30.057112946834373,41.2047860149373,37.95294807389485,26.91437589414891,26.652091649968863,36.88800297086755,40.96297295947401,27.5513208281558,13.147288203245935,32.43971580341255,31.103712158777604,24.262479428502534,34.82268122677507,34.29759829237518,26.546488271499257,29.07576475792584,29.158063133096125,31.064648421258575,32.071734063768126,32.780180948767864,34.827848586125974,31.518669648303135,31.623720117821595,35.129069557646346,34.35673538427546,32.40214216663585,39.58736674708285,33.847429183714645,32.934103645550394,37.29718506850561,38.77342695183439,32.49163822888172,28.290789929084326,28.461485273239035,34.029658051425706,29.736681308619463,27.9457549630677,35.19303711227927,40.37691108242256,27.333168362045832,30.535232568607885,33.17931330421031,30.82619269781249,29.082040298409485,31.910929246166592,40.04190996260222,42.72294913415734,31.316801168694823,40.06073630022601,28.727302052184417,42.4092021464703,31.476877174250397,38.25242676203788
1610555606.68LaSQbm9EHAFycEfFtEqAwYqlBsQPjIRW,33.522853556556896,29.60267814110589,33.11079589326892,0.0,34.23456258193362,35.213410996577565,33.75539263776799,33.42626877201804,34.466346106173006,34.76317474714204,31.038879145766963,31.667492612284917,37.470756573228975,33.836929050407214,37.07725770373728,32.71955078291209,35.53101150745045,32.50973618569668,33.90616711289687,31.91718938933573,34.86230836140742,37.630530004514036,35.087865129551375,33.237166111858265,37.380513860125305,36.6510155059964,31.821797155153867,33.05062372171143,34.10942388424192,33.032725140351225,33.17288705098954,34.79175217979551,35.73153811384335,33.96729308905699,32.46174621426985,33.25369339012053,34.20350916798136,33.32009252480336,30.429522554622743,38.04334213954933,30.056894682719435,33.47676871702152,34.48461254835497,29.28208048354201,34.05009026880767,34.347067469624825,37.55544929935492,35.45583385105922,33.55010243527497,37.07632367620708,31.65891769384238,35.18813553598339,37.452166664335536,35.72390755535157,31.624546245857886,36.85503472137048,36.90919668318962,31.90277930249583,33.4916496420845,36.9301717693864,37.340292909396204,39.26848827942276,32.52331320765943,39.39873610005068,31.82549347154944,40.831006820922475,34.89010493791356,36.72458540950851
1610555617.19EKxMEwDHfXiEJZc27TsGoERaD6Da4BZU,25.02813096137032,35.26987050832391,24.485909160016643,34.23456258193362,0.0,32.36021159651608,21.240877700897897,25.390210899476457,24.37952850977952,30.396302235905612,37.777723457981644,36.434074763734664,35.281441000414354,25.572065429050348,36.89853437720412,31.363486433625688,40.22681077167425,37.86660757325556,30.029588577045846,29.63173781264994,37.87163936424162,39.518227094135256,24.587526341942493,24.964678874046832,32.50630978950235,33.234792000966046,23.054956023029874,36.18602909316726,35.75712261357138,23.915255366062947,29.96880856619502,24.74544679292058,32.90315098513696,33.24487179506731,33.969851114524644,35.66157631408906,33.070225175000104,32.2911870775203,35.373628000552294,36.42137422736835,33.57193748962713,40.31482284976531,34.126115240810776,35.38811122691056,37.34508816396647,38.96543046280857,33.44029303553514,30.77481583097237,29.598084310006257,32.593661021885524,32.66052829746343,29.511011485084087,36.37673033961841,40.3233774321621,29.202480936745594,29.45980856793689,32.97456056603379,33.31313792038746,31.730855294022135,31.093896380226024,38.8975069080586,42.16297519116182,32.304438592446516,38.99005793466385,29.756741312604046,41.8876679096594,33.17380919492639,37.15968718581287
1610555722.52PJ3FD50MGhRXyUD28vluU8Z9UjLJLZn4,29.849191882758962,34.98098980913401,29.572463074167526,35.213410996577565,32.36021159651608,0.0,30.54426017395726,29.563062787726636,30.210460268922148,34.39107754631136,37.59961791129227,37.055936782537934,37.0824868543161,29.820912265870913,38.7293715288453,35.050309792595094,39.84969802186486,37.0713329868475,18.60178668781638,33.22413276273959,38.09767314042833,37.49255382199205,31.149696342220466,29.85915740846754,33.836747878505626,16.871444144334756,30.564171672648477,37.3202830622789,37.535792098304945,27.972928410348022,34.46152607570539,28.563636985496903,36.390200489976884,36.442130992132554,36.002465015448365,36.363862378371294,36.3485129494183,36.38478235605435,36.11716067141038,36.45779481413917,37.06611814172573,39.91196923634722,37.17528832204618,34.94362652699359,36.87097239907055,36.430022536943454,32.238044093371286,31.27422840406904,34.92555406277642,35.92261904575001,33.67368970910651,30.021885480030516,37.00196336403549,40.46609635591748,33.193860941987516,31.41771498042755,36.630875610229744,34.175496279214514,33.32854389491954,28.427769962336647,38.91569536333991,41.78998197112741,35.99534622072187,37.268342287258115,35.052528661649156,41.260341460618804,34.74652892359584,37.72690304247429
1610555617.52Ijr5puT55g9apK8auM7zaxa3NANg502t,24.84626827615789,34.57449555071885,23.868812496465182,33.75539263776799,21.240877700897897,30.54426017395726,0.0,24.57464136307145,26.47553806544399,31.298411010436137,37.14254941779259,37.19729832646131,35.39115183701612,23.58628957112531,37.385945199396886,32.496875266949466,40.03471533156269,37.7273581308184,28.38793127892251,31.112896929613566,39.14630577788805,39.130793643011884,27.827772424471267,24.08361945123112,33.30251512589851,31.44768232387469,26.951973770842198,36.14091079431556,34.90838097883526,21.164932685854566,31.388511246741285,24.910629435640782,33.918656122846265,33.994229177748565,34.93052318023141,35.68578794429155,34.64108557092162,33.353516210402404,34.81322727502389,36.189544483929346,34.6681780106538,40.22610365427078,35.57996136012096,34.64718869532652,36.935631438956115,38.161046818669895,35.30340396385405,31.442693322858577,30.752395958302348,34.79503721394899,33.18827054965526,30.202235441032492,35.87087387003302,39.49396703118069,30.480324721284845,30.059710543965465,33.66738044332691,34.38956874180949,32.37288046058425,29.446997102179985,38.96216864537069,41.3608438884575,33.27577056826112,38.2759060427695,30.880590666273736,41.4161028069217,33.30855532841849,37.647736126430665
1610555638.77ZLjTLkz4jYJdFMI2wWBztzsDILkoOtAk,12.963344465590687,35.555775331734615,13.786936364708184,33.42626877201804,25.390210899476457,29.563062787726636,24.57464136307145,0.0,22.28915061018083,28.892409134113727,38.8428155470831,34.38712233263615,34.21527066647583,16.792594593141946,37.013880279478045,30.588612782690564,41.259051559906624,37.72125295894031,27.010346770156772,27.408350438338335,36.50446870560457,40.56879955052226,28.317673067056216,13.354189428655987,32.87812694373701,30.935431477615815,25.234167782040622,34.997615556763115,34.68092370244465,27.29546398825159,29.64964623557632,29.636657811153313,31.803125771974685,32.5753692589909,32.98652675093225,34.71156397895309,32.02916185614745,32.02970749237988,35.389344427349215,33.85458918383504,32.73737549063817,39.34097003996984,33.90048695063754,31.894249535289195,37.80357538211288,39.072539346527606,32.69473173521046,28.429116530283032,29.237387774036787,34.55674037054105,29.2769081703305,28.20360544158366,35.43686844070932,40.47757019509114,28.013218448754458,30.967998416061317,33.39016541388077,31.243397872372864,28.580316714603317,32.420985290349265,40.03926971310497,43.04293684592451,31.881913518827815,39.96146829943594,29.352076542596137,42.15191215092913,32.123834013965734,38.28913335177849
1610556912.46C7tJPLF0XfNnm8f1820X9aLmXMHoc0Dw,22.0299509180268,36.62913420992692,21.810159737559605,34.466346106173006,24.37952850977952,30.210460268922148,26.47553806544399,22.28915061018083,0.0,30.597214941883678,39.55049114756242,35.02575563099605,35.4116222464211,23.798401765484467,36.42552644275015,32.022100474205466,41.895351247998114,38.08149832987065,25.492541937233494,29.006185444769592,36.09166364126365,40.54412517124902,29.470032186427062,21.43880317354391,33.706788011955865,31.254998514642043,26.429785844793553,35.21656328840979,36.11094580624269,28.829391537291787,31.206342484155094,30.241776398558255,33.12478548989806,33.74657277414482,33.695700989775744,35.21632524535176,32.76775191931447,33.36810053544785,36.6707311857487,35.34610300320291,34.34957567261546,38.988805105141545,33.969693441482455,34.471694365780856,38.30034750556352,39.37390059533066,32.380813803376675,28.711819435147735,31.070637856041813,34.76095804899359,30.308161675339075,29.0733433553332,36.583564623292816,41.32825003310331,29.92461937396412,31.7387761548675,33.93212324735953,32.023469470802425,29.69843415880815,32.525962823484484,39.407089764678226,43.47115504965355,33.19634907983528,39.62175773883731,31.115781030258848,42.218503388103684,33.49726229813879,37.66162120977345
1610555617.51LjzIROg0aeCP2GhDcAVQ0LipKJB9jmKc,28.01231688967065,33.62045494865278,28.10380446499213,34.76317474714204,30.396302235905612,34.39107754631136,31.298411010436137,28.892409134113727,30.597214941883678,0.0,40.273045867655135,37.24449531570771,21.01977156379138,30.528771517260697,38.915626285973424,31.933110061641884,43.0114988800911,38.174799833213406,34.22097717097447,29.525306078976307,39.09936558775314,43.07419065716544,30.373311386258003,28.63082400141243,34.38682112256874,36.135048259223844,29.19114025399634,37.40725808812037,34.219615625703526,30.970525515036808,29.80536862821846,33.12867847170022,14.784828168327083,32.47729536670493,34.72689939791325,37.59711293518745,33.38178902218113,31.533967557006214,33.83920813661887,35.833245974273375,34.86118784715586,42.17044965480271,35.878029978935736,36.30788122003069,38.42339639276095,38.79113937371129,34.731515695653826,31.945054417889395,18.84952413791048,36.91063692381834,32.872068510125175,32.61497044407394,34.204509388485526,41.16781558485178,30.029148329764553,33.663392776408344,36.158064489751375,32.45907789001969,32.90099020657031,35.810495031093,41.50756313497011,44.03943777589187,30.170747316123308,42.70041381874945,27.026997743051737,44.38803079672661,34.978371842011555,39.917238965618154
1610555608.17OpjjHobqRkX0UPcaXrbu7K6L3805SZri,38.94249224994629,32.32921962536556,38.63842216220103,31.038879145766963,37.777723457981644,37.59961791129227,37.14254941779259,38.8428155470831,39.55049114756242,40.273045867655135,0.0,37.16516777880503,42.241874438078014,38.47497045636454,38.8962759772097,35.935270782827736,28.84531132278163,34.5891547963582,37.80600005412633,38.18601753027846,38.10248600329886,37.75679187768528,37.48694316956468,38.70885119775537,36.28152578107515,38.62248063576504,37.28428639461121,37.51118136259565,37.01824469161376,36.513519530265825,38.42949265963138,36.55341345078075,41.176196636467715,38.107299741697695,36.68799966105388,36.21498658229979,38.596552182624556,38.04983404803394,35.671526023302505,41.77631496452283,36.07552736459456,32.71038526346022,38.016922027889464,36.35511158230937,35.26107977256071,30.97117938424592,40.70486115387607,38.89528665489897,38.9073772348311,38.852149863295715,37.738287517476444,39.394677471996744,38.8648644060479,37.26874099389892,37.312088335737265,36.421334957195754,36.46658960264763,37.27256060625494,39.034629281352615,37.31323020379165,38.590915802084346,37.748854853878825,37.2723864133218,37.54557459556167,36.92261574829139,38.14061308044076,38.042981376160604,38.900027751498456
1610555721.82zWeNZfGUUfRJkgnAwlP8VMhPzXctnSd4,34.48766937445397,35.4307501665591,34.86943811197629,31.667492612284917,36.434074763734664,37.055936782537934,37.19729832646131,34.38712233263615,35.02575563099605,37.24449531570771,37.16516777880503,0.0,40.36136526065319,34.73604981787534,39.31879619784565,32.05862350650434,39.47889330357798,30.803480992167067,36.532497744610446,31.42414464949237,22.808846192829623,30.249281109113177,37.19394378955055,34.061251384496316,38.30396844759111,38.1158285140913,35.31136928843898,30.629139687634474,34.24283981132674,37.254662711674435,36.88731188389552,38.53907195104939,38.08092157151295,34.64145381432449,30.58925212983501,32.71986002108643,35.681925735049816,34.27476309571882,35.87864066293127,38.62866011128725,34.73107909591306,33.20652770868418,38.26753542707563,30.338560358168564,37.3839190654022,37.83558359811657,36.67609113903809,34.04298703452342,35.57069298822414,37.65888817600426,21.614123403106312,34.816257281875004,39.77619325016877,38.16262007020873,33.42914807015457,37.721633948900795,37.27858259400869,29.47125408091105,27.85874621814627,38.83685843926248,39.04930474423189,41.967158269739386,32.82957418917103,41.168651997189464,32.73202360399507,40.793293554406645,36.19061123763779,38.10672557461699
1610555735.75bom85BDF0C7W2eIseHeMxi24qR68nzMi,33.31511403322531,33.736759424225134,33.498596267829555,37.470756573228975,35.281441000414354,37.0824868543161,35.39115183701612,34.21527066647583,35.4116222464211,21.01977156379138,42.241874438078014,40.36136526065319,0.0,35.22760363814056,40.12193883698446,35.78535902558575,44.51414013744436,38.405331990958565,37.083016604040424,32.88631108133137,42.10006330548272,44.394367536090165,35.340085641669106,33.97666619735717,38.71900346018085,38.88613943484458,34.30241031470145,40.408750258781595,36.28747606943672,34.637718024198755,33.16777381206473,36.30298311566687,15.415252703266448,33.7670682932952,38.12673311883462,40.94328177382995,36.883012341914885,33.21600225278803,37.32419857986905,38.1845570344107,37.66286333696191,44.30159062085701,38.9555506164376,38.66161379410939,39.34641278679707,39.02605763391229,38.20429972027305,36.75717976740808,28.159546252289047,40.313661311366474,36.95546725443538,37.199225212263265,36.27433643702407,41.79155146204284,34.21751439193597,37.84218673774119,40.09465922915192,36.5635263442086,36.94833893583479,38.8324050550574,42.48667439095733,44.68726612397623,32.78672824362132,44.45275080792931,32.81107491485652,44.913990133038055,38.472712132731736,41.11286044956161
1610555735.77NnT5xqKnwcf2BbjIekeb2arTQj6QMNwk,20.319938097831628,35.77208034380459,19.086188897634273,33.836929050407214,25.572065429050348,29.820912265870913,23.58628957112531,16.792594593141946,23.798401765484467,30.528771517260697,38.47497045636454,34.73604981787534,35.22760363814056,0.0,36.433412957768816,31.9558539157667,40.8216830712508,37.52298704531596,27.56906601591218,29.08770683875369,37.13584273501277,39.61504154134917,29.222833026318046,19.957688093974706,32.83080035039559,31.053809874092465,26.71511943684906,35.52461896820207,35.45454502295627,26.861804489636537,31.059696335173076,29.126587735421243,33.28939913731637,33.91122170140297,34.156575345427804,35.17880578754152,32.90132254864563,33.2496779999692,35.997600416482754,35.113660495257484,33.861864585556354,39.39271973928143,34.47233329701512,33.759064511685175,37.29842324558937,38.45699075899373,33.83462654591049,29.5565682967517,30.578606661731975,34.88658006615714,30.458531271229937,28.942888982831505,36.284802910075605,40.677113112593716,29.89697655037742,31.35269688946,32.71008459441399,32.80529817637872,29.908730501271457,31.51963598312441,39.4756719891398,42.49413008308881,33.43201977494899,39.10237535488462,30.723909612942027,41.49241794727779,33.00270166051764,37.783445743098795
1610555638.33wjf1PhdNaoWfbRzXVn50hmFyB5bYAiLV,37.16491711628956,36.85662144629051,36.89609260150023,37.07725770373728,36.89853437720412,38.7293715288453,37.385945199396886,37.013880279478045,36.42552644275015,38.915626285973424,38.8962759772097,39.31879619784565,40.12193883698446,36.433412957768816,0.0,36.325628359901174,40.64992443419384,38.27099244591131,37.77685016398179,37.12652098033064,39.182498478315175,40.925230277194466,38.24751325215399,36.79441270802044,39.2579878865555,38.69677583774636,36.469327543846674,41.159900922659055,36.107255631208005,36.97200524742229,35.59954514236535,37.15279613512156,39.44405314257473,40.493350351451085,34.64075385219594,36.58386132731028,34.837293852816224,39.70574716987818,39.10178487158268,40.399119655522924,31.89978093638839,40.510608859212894,32.58446172678727,38.15761681693924,34.05953878633827,38.3812883510285,38.76458029481562,36.56451331788019,39.62302042628424,39.32731694955151,37.16668433497275,36.73314031576673,43.50544097533889,38.629685488613895,35.83161530527049,39.097228741078496,35.1332708522568,37.58617687112257,38.535457354598464,38.2221506944947,42.785045122569755,41.42107127748981,38.89313906487413,42.67718534122212,38.57069846568366,40.147749659848095,38.77463621322827,42.2668042112263
1610555606.65jCE4ig8Pu8kvAzkxnSGfWsV0nQBjCf8H,30.518931561111277,34.95003189986263,30.057112946834373,32.71955078291209,31.363486433625688,35.050309792595094,32.496875266949466,30.588612782690564,32.022100474205466,31.933110061641884,35.935270782827736,32.05862350650434,35.78535902558575,31.9558539157667,36.325628359901174,0.0,38.81749098101553,37.757520416907404,35.065138843167645,25.834272384739585,33.68401299450139,40.284637127736595,32.258673803626344,30.37365638119429,35.0281278197088,36.73785242293316,29.5146416228165,32.453660157476676,29.53171994210037,33.202743048414,28.45973496833761,34.81334146712166,32.91291114384181,25.98574150203629,24.18701830336794,29.777178462403405,29.365604289074177,25.492116348808672,35.48874198834962,37.30284062331407,30.07954428747674,37.11688413739325,35.16570057040943,33.84506698049724,36.11498358215614,38.63068643850244,33.88989817385891,31.663760445294006,30.728350338657922,33.25988424150436,29.457143688298245,33.45434738272957,34.19686316773999,37.6515219165299,25.880143147331875,34.398540487235074,35.388808351344025,27.842993968288607,30.753443453675217,36.52698192496724,37.19579257439629,40.272661088692566,27.118815110739472,39.48029715843161,28.704985989995425,39.239123901180626,32.165750721404684,35.21317810105679
1610555608.18ONsBCVo1i7BrX0XG9stct4oiA6ejX9Oz,41.571495555804155,34.55147820267233,41.2047860149373,35.53101150745045,40.22681077167425,39.84969802186486,40.03471533156269,41.259051559906624,41.895351247998114,43.0114988800911,28.84531132278163,39.47889330357798,44.51414013744436,40.8216830712508,40.64992443419384,38.81749098101553,0.0,36.017385406892245,40.089240719300214,40.89699211466773,39.65017395698948,39.440951423999756,39.83027741015588,41.321450524479175,38.172018351213346,39.92666557614895,40.04277804571036,39.66485495639026,38.17576987382688,39.08915351562076,40.94434968818391,38.60028967870576,43.79939932204027,40.710326961181984,38.781620235511014,37.023158827713566,40.81957490752673,39.61505896022667,35.77025873202629,43.92425332353336,39.00665362738046,36.031218522021106,40.51928228820507,38.4400941879988,36.15505455760869,33.65263194359749,42.60725650091453,41.481071080579085,41.432051100339656,40.11395045653347,40.38736563224163,41.83256019846093,41.4825514558444,37.114927027594035,40.399792033945886,38.45436432889868,37.10168734686827,39.62272941993454,41.44257873969847,38.978453898602844,39.638392071247154,37.110592234260245,39.29847547099432,36.24683253096721,39.365212184017864,37.82570608131657,39.981198849323825,39.689103750574745
1610555721.51RNoQUMP19FTMS79BmA3JkgSm2IC2AQuQ,37.356366183507255,19.343962720229385,37.95294807389485,32.50973618569668,37.86660757325556,37.0713329868475,37.7273581308184,37.72125295894031,38.08149832987065,38.174799833213406,34.5891547963582,30.803480992167067,38.405331990958565,37.52298704531596,38.27099244591131,37.757520416907404,36.017385406892245,0.0,36.51393117795329,37.11102079639119,34.776721973819996,33.70381611919334,37.244657294912216,37.27545260066549,38.0679585835298,38.975391614387334,37.945124197653016,36.35326637860588,36.311376086023515,35.687167870855795,39.10605683390246,37.05054357688209,38.29918645022624,36.671949576579195,38.201743093889604,38.80867987612377,39.421034670754345,36.246823919709236,33.46578959452998,41.685915323779525,35.72715212856538,36.72721405901572,39.747075142505246,33.88236351123869,29.69315347107353,25.13233033173467,39.66372415067982,38.26603123336496,37.23099072148994,40.84382163916161,33.05185089674797,39.11819023114309,41.41055737388716,37.49821691952493,37.919373888297386,38.271467750799815,37.10674949424948,36.96508273616122,35.06491079313539,36.71982145377599,37.04491809779133,38.80721972711594,36.76374570431663,38.38047971744948,36.498453599481294,38.02555941231633,40.00009298942931,36.76907709647573
1610555971.86O0cHB2ibBJ8jxoObg01EpGe8VVV5mpwn,26.79225379364152,35.010686591924475,26.91437589414891,33.90616711289687,30.029588577045846,18.60178668781638,28.38793127892251,27.010346770156772,25.492541937233494,34.22097717097447,37.80600005412633,36.532497744610446,37.083016604040424,27.56906601591218,37.77685016398179,35.065138843167645,40.089240719300214,36.51393117795329,0.0,33.0399074595961,37.88665816924358,36.86879040945559,32.005912738999996,27.144591735220246,34.877897578849065,23.732942981045586,29.885451462679217,36.98670189712741,37.44173820341099,26.710093462233687,34.38039409768821,28.222029734118692,36.37974290058389,36.43093062220401,35.925454020261576,36.60331981621352,36.11465543172377,36.33345412709897,36.24658487568595,35.62357969236286,36.41322255955248,39.75217603288139,36.4768993967339,34.05475008811131,37.017072475491204,37.4972096059443,34.60950397280401,30.897893191609388,34.54534491812318,36.238904504517244,33.10127175190095,29.228477953923175,37.48121194416461,40.66467750128603,33.19314267825647,33.221750004257395,35.98484968705689,34.52475325585185,32.53734647738856,28.635987221524054,39.04964753578251,42.22292697547148,36.222439771941154,37.3421453834092,34.48498212800322,41.456421936460835,33.93400661821641,37.48996873755133
1610556911.51zU3duZSGpcw1BDNsBLxdOCITAXwl6z3i,27.16708873621254,34.0045000118698,26.652091649968863,31.91718938933573,29.63173781264994,33.22413276273959,31.112896929613566,27.408350438338335,29.006185444769592,29.525306078976307,38.18601753027846,31.42414464949237,32.88631108133137,29.08770683875369,37.12652098033064,25.834272384739585,40.89699211466773,37.11102079639119,33.0399074595961,0.0,33.29411410934873,40.05825318141895,30.52693976979103,27.244277555904382,34.40641324402823,34.978093651484095,27.559200033933127,32.98508859790154,32.736367940084406,31.403418033043554,29.241735779773006,33.19236994676027,29.822861349799904,28.781683363841346,29.385698016482284,32.37995787344968,28.380183350164607,28.54448687229376,35.42658763617858,36.6579571932271,30.769810603626045,38.21053572633663,34.6409241414958,32.297023816484376,35.36126124419609,38.42266163472298,32.36168336753465,29.634615466115598,29.36200848162342,34.779626259554405,28.23280842554247,31.532717488187803,36.02607897488189,39.454265584784785,25.38174165934314,33.40494338060382,34.91268092756291,26.406765041187054,28.9954815489489,35.459143416608114,39.957561927796135,42.053013661840964,27.5435740826398,41.35673463285767,27.167580417909843,41.99543306543343,32.442353607201305,38.255689108173605
1610555988.71dMoYT8250UHHJGxgmITTmbHe7V6gH1yU,36.734498892615626,38.12246822547228,36.88800297086755,34.86230836140742,37.87163936424162,38.09767314042833,39.14630577788805,36.50446870560457,36.09166364126365,39.09936558775314,38.10248600329886,22.808846192829623,42.10006330548272,37.13584273501277,39.182498478315175,33.68401299450139,39.65017395698948,34.776721973819996,37.88665816924358,33.29411410934873,0.0,33.86278698147999,38.39944343236863,36.39085927387741,38.779810338544976,38.890841581145274,36.657105489722255,32.52643719361206,36.67091928449663,39.167971249194146,37.84667585090587,39.65349160802986,39.90909605620995,36.99673441664193,30.144982236056535,33.34531561664361,36.66142599419826,36.49906294142693,37.7097868107775,40.6019907456137,35.50281858681484,34.23692996582184,38.582153785179074,33.26936301974608,38.30741196074148,38.68613128399278,37.25320375887886,35.52284534542083,37.7611600931425,38.58051371987514,28.829768038862127,36.16123823571258,40.63734307730788,39.28677542440581,35.15742934858152,38.25246199135891,38.11175009722903,29.761743046949647,32.247543223594135,39.56057765599481,39.82889916030825,42.5398942752446,35.15490521077724,41.05435075954208,35.08117295561696,41.361116542763455,37.479844374161594,38.733032763070014
1610556042.81mlUZsSp7gbGjrp8jQSnybT1gPy6e62o1,40.760162758479645,36.40298782785508,40.96297295947401,37.630530004514036,39.518227094135256,37.49255382199205,39.130793643011884,40.56879955052226,40.54412517124902,43.07419065716544,37.75679187768528,30.249281109113177,44.394367536090165,39.61504154134917,40.925230277194466,40.284637127736595,39.440951423999756,33.70381611919334,36.86879040945559,40.05825318141895,33.86278698147999,0.0,37.47206599583565,40.59660901600042,39.46619179817376,38.04107272816241,40.42810065028471,36.94448135002472,40.2312095641705,35.654376845958346,42.772020030750035,35.46382527391855,43.68612619085643,41.29254158479153,38.92684892639988,38.981064751304324,42.12296423066996,40.61581078091762,38.9140672021687,42.47058662037192,41.50309400408369,37.988204098478356,42.16729312990194,37.90707601211197,37.03733806352956,37.249553788735454,41.362091535811096,39.23157796967284,40.469968514856916,41.25327938783896,34.90844983351338,40.172932221617096,44.226607801725564,41.0830641278887,41.39044500264299,38.794588625103735,38.85159643505857,37.51534755538902,37.02120370074255,33.15264675955696,38.06082661796512,43.26073185486203,39.53801793478137,39.388604527787066,39.40905880781727,39.26420873687551,40.361273199817056,37.77970673929946
1610555637.02UBW5nKvDyUrKnaWcYRGajZPxTRDS0q3N,27.600267910552237,33.70881886965982,27.5513208281558,35.087865129551375,24.587526341942493,31.149696342220466,27.827772424471267,28.317673067056216,29.470032186427062,30.373311386258003,37.48694316956468,37.19394378955055,35.340085641669106,29.222833026318046,38.24751325215399,32.258673803626344,39.83027741015588,37.244657294912216,32.005912738999996,30.52693976979103,38.39944343236863,37.47206599583565,0.0,28.02060149834483,29.241504165870413,32.72477345840041,23.144723972070178,37.394593013737435,35.18237340896346,23.563061583704624,30.02913376348839,23.950333387644637,32.86876760112963,33.84250622673737,34.28631655776886,35.600850346713045,33.29176783953694,31.526351709690342,33.22089333405717,37.638536143707036,34.675667531546566,40.43012805442495,35.423556906135225,36.41832199107374,36.39260451078303,36.79286124178506,31.768861300966073,30.943700871376556,28.20336307931324,32.427919725525726,33.8523115511198,29.696583400923025,36.55051151029045,39.65292914193096,29.494670303991228,22.642009847571153,33.221807864703884,32.769197754999745,33.14590640897582,28.077411007286194,38.32711081560633,41.5715911642515,31.09872467628198,38.097829297034984,29.176023055084656,40.56506311297348,33.58418765438797,38.249882970590065
1610555619.13oUYNikU4facCTpUSiSLr0vPI0tJLnXiT,12.130198116383886,35.316192152539195,13.147288203245935,33.237166111858265,24.964678874046832,29.85915740846754,24.08361945123112,13.354189428655987,21.43880317354391,28.63082400141243,38.70885119775537,34.061251384496316,33.97666619735717,19.957688093974706,36.79441270802044,30.37365638119429,41.321450524479175,37.27545260066549,27.144591735220246,27.244277555904382,36.39085927387741,40.59660901600042,28.02060149834483,0.0,32.883744129038135,31.335681391222266,24.712034541663424,34.90970336137999,34.45734500340689,26.86557533757861,29.3213605043846,29.43873397107049,31.563994528216078,32.20208172347555,32.6632280686023,34.58181270556503,31.852722790653925,31.82552457068714,35.2504939148157,34.13137474674507,32.91482838074311,39.402425988764946,33.64620437315425,32.417214134906466,37.68581214907503,39.06543010668477,32.37417480618981,28.231257916886197,28.92268879590872,34.40011553857013,28.65429757395241,28.26542001969856,35.25489589576652,40.27619364747362,27.6969539016227,30.82047023618798,33.38440930377381,30.972466319732646,28.135509565810423,32.3355532859807,39.78078107332844,42.88097612846235,31.54158701025938,39.777813602137854,29.04036059251265,42.18325559036983,31.91000207160351,38.2202904329465
1610555721.03nzkucfjAUh31zTbmCVvTVYqtjoxZFnBh,32.93253911160762,35.18643457732256,32.43971580341255,37.380513860125305,32.50630978950235,33.836747878505626,33.30251512589851,32.87812694373701,33.706788011955865,34.38682112256874,36.28152578107515,38.30396844759111,38.71900346018085,32.83080035039559,39.2579878865555,35.0281278197088,38.172018351213346,38.0679585835298,34.877897578849065,34.40641324402823,38.779810338544976,39.46619179817376,29.241504165870413,32.883744129038135,0.0,35.48974207476835,32.93982964991653,37.926037417798504,37.871733968535544,31.57623254580081,34.630197913651095,32.163119211470786,36.626592033692,36.386930780501935,36.02686840835794,37.094180531195256,36.21860486612601,34.29630018174135,31.90741223517315,38.23139619982441,37.74711676543433,39.51494921885464,36.40696552396042,37.99979739799912,37.098304056720416,33.82331484990497,35.76029642123888,31.474460494463077,32.2214820915776,36.905270631000356,35.25622117868775,33.38011592356219,37.0469434749398,40.45307120411722,33.841841936800535,26.506788349054936,30.080780628383305,34.57267755997821,35.0625107171551,28.83193148787854,37.6588002639941,40.50473297717237,34.38648575521241,36.14722984618846,33.0442016253098,39.42340208517958,35.37968075595778,38.398260974494164
1610555722.67fhKURdXVzRbLIjXmjRwdJHTnE7PWb1AE,31.518085110828892,37.285089929764695,31.103712158777604,36.6510155059964,33.234792000966046,16.871444144334756,31.44768232387469,30.935431477615815,31.254998514642043,36.135048259223844,38.62248063576504,38.1158285140913,38.88613943484458,31.053809874092465,38.69677583774636,36.73785242293316,39.92666557614895,38.975391614387334,23.732942981045586,34.978093651484095,38.890841581145274,38.04107272816241,32.72477345840041,31.335681391222266,35.48974207476835,0.0,31.958310895827662,38.299488877302984,38.29070508171146,29.77322329042376,36.29904928328761,29.581261721987143,38.0943897592793,38.16271031911471,37.60307182073669,36.3678037001483,37.81121872801602,38.07975072663987,36.89215034710629,37.41262952386922,38.51158479304978,40.009176154513256,37.70724266728213,35.99982960395258,38.18207943011286,38.24752035112162,33.59192775342426,32.758293861953895,36.63976321948994,36.736455534741964,34.937641637498714,31.32879629067014,38.03726705234898,40.97862879249724,35.080365063329765,32.39890797049635,37.067485519229216,35.91976100403035,34.596214922360495,28.81730642822104,39.42251675870113,42.58887199730494,37.67945373585449,37.867571083940476,36.76180646470331,41.61866326736274,35.9635058681767,37.928124361003334
1610555638.39J2ZWBLuLTHP0jOlzB4tNHmYeijH5g5YJ,24.68006504237144,35.276756580981036,24.262479428502534,31.821797155153867,23.054956023029874,30.564171672648477,26.951973770842198,25.234167782040622,26.429785844793553,29.19114025399634,37.28428639461121,35.31136928843898,34.30241031470145,26.71511943684906,36.469327543846674,29.5146416228165,40.04277804571036,37.945124197653016,29.885451462679217,27.559200033933127,36.657105489722255,40.42810065028471,23.144723972070178,24.712034541663424,32.93982964991653,31.958310895827662,0.0,35.651115877486625,34.68911044111823,27.305867118348,25.864528847444724,27.633066010730957,31.84348551230578,32.65207498584534,32.256526792256146,33.87354781528494,30.716943491572714,31.75978596833825,35.43988477758717,34.322420912739275,30.834931077708067,39.07254998567624,32.4050416162156,34.94457735363014,37.074583789013694,38.889421212809815,30.604577284012542,28.507236969663797,29.208059291607487,27.081361370135905,30.958733945441317,26.24378314323393,35.57136691672654,40.18291294958096,27.11122482041295,29.366491943348834,33.853447015595314,30.64632252578632,30.634829115094707,32.17981944725549,39.23013545631721,41.307160049297735,30.872657470760593,39.40180146002227,29.038864499400407,41.979516069335205,27.814323631975444,38.02205232164728
1610556032.17Q6yCDx9g7alRnL9jBFXD2JhhUyB2hKfJ,35.17838130071027,35.388983724812164,34.82268122677507,33.05062372171143,36.18602909316726,37.3202830622789,36.14091079431556,34.997615556763115,35.21656328840979,37.40725808812037,37.51118136259565,30.629139687634474,40.408750258781595,35.52461896820207,41.159900922659055,32.453660157476676,39.66485495639026,36.35326637860588,36.98670189712741,32.98508859790154,32.52643719361206,36.94448135002472,37.394593013737435,34.90970336137999,37.926037417798504,38.299488877302984,35.651115877486625,0.0,35.42817049876006,37.17835817681414,37.58273546950965,37.99491909285054,38.265332051357916,30.965085233128203,34.46531023532817,34.71076507396171,36.85622421231039,32.572305152725725,35.95656259888151,38.605719340288196,37.63260090992682,33.69367094965494,37.344591060983696,30.64734261970395,38.32257415210531,37.43993455859008,37.049432878758616,36.068070625534055,36.39214680495143,37.727500448421594,30.152856627374273,36.282292538892534,37.457809650057634,39.364692445864854,35.3274719938447,37.95766636227024,36.80547851238164,29.720106436291946,30.11135838231071,38.84413716992478,37.137722218538244,42.59195656382954,33.69160779389499,38.978513650118614,33.84801147265409,40.00377757877895,37.154106491734666,35.75695895065748
