,square,rectangle,parallelogram,losange,isoTrapezoid,kite,rightKite,rustedHinge,hinge,trapezoid,random
square,0.0,0.048798107463807194,0.09347662254268507,0.1239106209978248,0.06540904731522901,0.050860908076767464,0.044043010611582334,0.08765898266184768,0.07451322927804527,0.05908898706824983,0.10112388195388577
rectangle,0.048798107463807194,1.1102230246251565e-16,0.05938578966091246,0.10488766794259818,0.10119599016383962,0.07171204998828329,0.06899341363609879,0.08526499214468064,0.05907798234111883,0.07305386053023055,0.11690648257385705
parallelogram,0.09347662254268507,0.05938578966091246,0.0,0.03468369017176487,0.10364825231757657,0.08305656548622942,0.07800848207780664,0.07191991654144736,0.053152449574433214,0.05125860555725825,0.08232150094607382
losange,0.1239106209978248,0.10488766794259818,0.03468369017176487,0.0,0.1135384215371148,0.10603489818460288,0.10050378033167895,0.08252941007893266,0.074661915388327,0.06091827734543109,0.06734211779561028
isoTrapezoid,0.06540904731522901,0.10119599016383962,0.10364825231757657,0.1135384215371148,1.1102230246251565e-16,0.045267728086762826,0.03713121005880793,0.08249734031186029,0.08172525585743384,0.04819527043494243,0.06190260009889126
kite,0.050860908076767464,0.07171204998828329,0.08305656548622942,0.10603489818460288,0.045267728086762826,0.0,0.01811164488628625,0.07652654577242024,0.06860580525064908,0.0597107291359712,0.08627702644727131
rightKite,0.044043010611582334,0.06899341363609879,0.07800848207780664,0.10050378033167895,0.03713121005880793,0.01811164488628625,1.1102230246251565e-16,0.06839153438268153,0.06076461505258157,0.04154856702015419,0.07447257471643265
rustedHinge,0.08765898266184768,0.08526499214468064,0.07191991654144736,0.08252941007893266,0.08249734031186029,0.07652654577242024,0.06839153438268153,0.0,0.013933782405713968,0.0642668476511542,0.07089715086998982
hinge,0.07451322927804527,0.05907798234111883,0.053152449574433214,0.074661915388327,0.08172525585743384,0.06860580525064908,0.06076461505258157,0.013933782405713968,0.0,0.054207197494835935,0.07042585655955869
trapezoid,0.05908898706824983,0.07305386053023055,0.05125860555725825,0.06091827734543109,0.04819527043494243,0.0597107291359712,0.04154856702015419,0.0642668476511542,0.054207197494835935,0.0,0.032629285389655815
random,0.10112388195388577,0.11690648257385705,0.08232150094607382,0.06734211779561028,0.06190260009889126,0.08627702644727131,0.07447257471643265,0.07089715086998982,0.07042585655955869,0.032629285389655815,0.0
