,square,rectangle,parallelogram,losange,isoTrapezoid,kite,rightKite,rustedHinge,hinge,trapezoid,random
square,2.220446049250313e-16,0.019146658525168947,0.04059878332129785,0.059625044506709024,0.027134483561318312,0.022211856723947654,0.0175958485334613,0.03643984896734065,0.029504928359776028,0.024136001929071393,0.04439029887204948
rectangle,0.019146658525168947,2.220446049250313e-16,0.02114824047095354,0.04270493401193143,0.04566407424433272,0.03147820781946409,0.0302682397668258,0.03603618641162354,0.02339989400673681,0.02968113724973953,0.050720571466083775
parallelogram,0.04059878332129785,0.02114824047095354,0.0,0.013686998518438243,0.05272433956804934,0.043091697723768196,0.04038976279356665,0.03183037926126264,0.020806211766556948,0.022371258160782004,0.03716442293453037
losange,0.059625044506709024,0.04270493401193143,0.013686998518438243,0.0,0.06307546201699377,0.0591899833022157,0.056394313488706715,0.03770022416320107,0.03082239763761363,0.030434477551409378,0.03404698628479985
isoTrapezoid,0.027134483561318312,0.04566407424433272,0.05272433956804934,0.06307546201699377,1.1102230246251565e-16,0.021350771748983033,0.015362201722112334,0.037106427724185376,0.03726885165193894,0.02373738202447051,0.028507645921983737
kite,0.022211856723947654,0.03147820781946409,0.043091697723768196,0.0591899833022157,0.021350771748983033,1.1102230246251565e-16,0.007169433463936947,0.03908385278066784,0.035800967653921045,0.03260606025771973,0.04659547218917359
rightKite,0.0175958485334613,0.0302682397668258,0.04038976279356665,0.056394313488706715,0.015362201722112334,0.007169433463936947,0.0,0.033501698224928655,0.03042912862204017,0.02245390055278984,0.0383028566171959
rustedHinge,0.03643984896734065,0.03603618641162354,0.03183037926126264,0.03770022416320107,0.037106427724185376,0.03908385278066784,0.033501698224928655,0.0,0.005254336199123966,0.027911156840934592,0.03054334892409727
hinge,0.029504928359776028,0.02339989400673681,0.020806211766556948,0.03082239763761363,0.03726885165193894,0.035800967653921045,0.03042912862204017,0.005254336199123966,0.0,0.022159120522912246,0.029473492428612635
trapezoid,0.024136001929071393,0.02968113724973953,0.022371258160782004,0.030434477551409378,0.02373738202447051,0.03260606025771973,0.02245390055278984,0.027911156840934592,0.022159120522912246,0.0,0.013006733823885952
random,0.04439029887204948,0.050720571466083775,0.03716442293453037,0.03404698628479985,0.028507645921983737,0.04659547218917359,0.0383028566171959,0.03054334892409727,0.029473492428612635,0.013006733823885952,1.1102230246251565e-16
