,square,rectangle,parallelogram,losange,isoTrapezoid,kite,rightKite,rustedHinge,hinge,trapezoid,random
square,0.0,0.0257668867417844,0.06746906344062575,0.1274030886039108,0.03403725102119759,0.0437923855508211,0.029717208707060627,0.052385242749324545,0.04579335859701672,0.04484965839901722,0.08057512012492163
rectangle,0.0257668867417844,2.220446049250313e-16,0.02941868830345018,0.0822927164441336,0.05954107157756128,0.051359110720574974,0.044634166348071824,0.043195369753156965,0.030642169210597037,0.04482497800603635,0.07739442954449693
parallelogram,0.06746906344062575,0.02941868830345018,0.0,0.02952833720302883,0.09974297031503576,0.1107466383807092,0.09597354433332006,0.048895175460383244,0.03149354066615073,0.029406277437908024,0.05012395172169848
losange,0.1274030886039108,0.0822927164441336,0.02952833720302883,0.0,0.14864360597590653,0.1719444861308781,0.15496466426198408,0.08404973813751115,0.06980296748930692,0.04941528466691614,0.04764619329303654
isoTrapezoid,0.03403725102119759,0.05954107157756128,0.09974297031503576,0.14864360597590653,2.220446049250313e-16,0.03753280875158216,0.030654223966797067,0.0745838461777818,0.07578924240162077,0.058820536706992166,0.0831904186378235
kite,0.0437923855508211,0.051359110720574974,0.1107466383807092,0.1719444861308781,0.03753280875158216,0.0,0.014666150604647488,0.10075397613680337,0.10161409754601225,0.10525359678792312,0.13908385361085995
rightKite,0.029717208707060627,0.044634166348071824,0.09597354433332006,0.15496466426198408,0.030654223966797067,0.014666150604647488,0.0,0.0922568522596331,0.0892211180394128,0.0789173139798599,0.11921896612206062
rustedHinge,0.052385242749324545,0.043195369753156965,0.048895175460383244,0.08404973813751115,0.0745838461777818,0.10075397613680337,0.0922568522596331,0.0,0.005723121583871893,0.04364564353099498,0.05303887341570723
hinge,0.04579335859701672,0.030642169210597037,0.03149354066615073,0.06980296748930692,0.07578924240162077,0.10161409754601225,0.0892211180394128,0.005723121583871893,0.0,0.03193795647811781,0.04615944965370533
trapezoid,0.04484965839901722,0.04482497800603635,0.029406277437908024,0.04941528466691614,0.058820536706992166,0.10525359678792312,0.0789173139798599,0.04364564353099498,0.03193795647811781,2.220446049250313e-16,0.017466774388006034
random,0.08057512012492163,0.07739442954449693,0.05012395172169848,0.04764619329303654,0.0831904186378235,0.13908385361085995,0.11921896612206062,0.05303887341570723,0.04615944965370533,0.017466774388006034,2.220446049250313e-16
