,square,rectangle,parallelogram,losange,isoTrapezoid,kite,rightKite,rustedHinge,hinge,trapezoid,random
square,0.0,0.008599665623320929,0.024847229209607802,0.03640421307568942,0.008028797145403277,0.011143745084467471,0.007606168294353122,0.011570317935527319,0.01146204442273413,0.015852905789743188,0.031033453599461303
rectangle,0.008599665623320929,1.1102230246251565e-16,0.012033703943634122,0.02406924517308673,0.021774478376000106,0.019866845954064294,0.016766206856372978,0.013326667994606356,0.00963675702329947,0.020191913174166687,0.04261967695152613
parallelogram,0.024847229209607802,0.012033703943634122,1.1102230246251565e-16,0.0044507860495442975,0.03144050857000724,0.03346101884139885,0.028130282734555423,0.013667465114188482,0.00878009567187732,0.013370892966421355,0.031452850082680395
losange,0.03640421307568942,0.02406924517308673,0.0044507860495442975,0.0,0.04229193703528278,0.04775157484269121,0.040979005190490914,0.019408718261444746,0.014802360827856131,0.016780266310070013,0.02852116985007802
isoTrapezoid,0.008028797145403277,0.021774478376000106,0.03144050857000724,0.04229193703528278,0.0,0.008872367466991826,0.0064534673670025855,0.017903136245888462,0.018006004737901038,0.012745404928968807,0.02201967773464486
kite,0.011143745084467471,0.019866845954064294,0.03346101884139885,0.04775157484269121,0.008872367466991826,0.0,0.0022394241780470114,0.020121581854339987,0.020321672999409013,0.02434185278917822,0.040068689168999416
rightKite,0.007606168294353122,0.016766206856372978,0.028130282734555423,0.040979005190490914,0.0064534673670025855,0.0022394241780470114,1.1102230246251565e-16,0.015597110005084902,0.01576864936358857,0.016990002941621896,0.03329486455436659
rustedHinge,0.011570317935527319,0.013326667994606356,0.013667465114188482,0.019408718261444746,0.017903136245888462,0.020121581854339987,0.015597110005084902,0.0,0.0013931335299498526,0.012434012366898561,0.023245465201535254
hinge,0.01146204442273413,0.00963675702329947,0.00878009567187732,0.014802360827856131,0.018006004737901038,0.020321672999409013,0.01576864936358857,0.0013931335299498526,1.1102230246251565e-16,0.010752916788464462,0.023675487551050756
trapezoid,0.015852905789743188,0.020191913174166687,0.013370892966421355,0.016780266310070013,0.012745404928968807,0.02434185278917822,0.016990002941621896,0.012434012366898561,0.010752916788464462,0.0,0.0082137142584634
random,0.031033453599461303,0.04261967695152613,0.031452850082680395,0.02852116985007802,0.02201967773464486,0.040068689168999416,0.03329486455436659,0.023245465201535254,0.023675487551050756,0.0082137142584634,1.1102230246251565e-16
