,square,rectangle,parallelogram,losange,isoTrapezoid,kite,rightKite,rustedHinge,hinge,trapezoid,random
square,0.0,0.0046622168548776655,0.008613917608630284,0.012829648735393162,0.0028275829664855534,0.0023250349617268684,0.0013356514683741105,0.005525919454099082,0.005096429947622827,0.0036785604853147857,0.008087761855633535
rectangle,0.0046622168548776655,0.0,0.0029132142939874983,0.007373326016913873,0.008768216995757028,0.005667015909219808,0.005309755458236309,0.003911952550824327,0.002469181632720141,0.005745226515054269,0.010592406879829985
parallelogram,0.008613917608630284,0.0029132142939874983,0.0,0.002526957102931271,0.010974979555612996,0.009546115523946352,0.008328714887531286,0.005030151347251266,0.003477023825935399,0.0053439760056424035,0.008642234696221607
losange,0.012829648735393162,0.007373326016913873,0.002526957102931271,1.1102230246251565e-16,0.013063841862105074,0.012949953738494058,0.011946254280964852,0.0068487548982733015,0.006057374480948785,0.006731285338852144,0.006491153345703604
isoTrapezoid,0.0028275829664855534,0.008768216995757028,0.010974979555612996,0.013063841862105074,0.0,0.0032346255773867405,0.0024329585926909925,0.008252927279076228,0.008329659262713895,0.003941348254651422,0.00621179245821446
kite,0.0023250349617268684,0.005667015909219808,0.009546115523946352,0.012949953738494058,0.0032346255773867405,0.0,0.0014815341800527015,0.007882502045629014,0.007622441761544141,0.006424999039209567,0.00997482404817962
rightKite,0.0013356514683741105,0.005309755458236309,0.008328714887531286,0.011946254280964852,0.0024329585926909925,0.0014815341800527015,1.1102230246251565e-16,0.0069619153079575335,0.006540913486665967,0.0036261675969418983,0.00832140522772662
rustedHinge,0.005525919454099082,0.003911952550824327,0.005030151347251266,0.0068487548982733015,0.008252927279076228,0.007882502045629014,0.0069619153079575335,0.0,0.00048480802817130186,0.005530038454602759,0.007185699444383964
hinge,0.005096429947622827,0.002469181632720141,0.003477023825935399,0.006057374480948785,0.008329659262713895,0.007622441761544141,0.006540913486665967,0.00048480802817130186,0.0,0.004924169092396458,0.007458670101711085
trapezoid,0.0036785604853147857,0.005745226515054269,0.0053439760056424035,0.006731285338852144,0.003941348254651422,0.006424999039209567,0.0036261675969418983,0.005530038454602759,0.004924169092396458,0.0,0.0029108134732621638
random,0.008087761855633535,0.010592406879829985,0.008642234696221607,0.006491153345703604,0.00621179245821446,0.00997482404817962,0.00832140522772662,0.007185699444383964,0.007458670101711085,0.0029108134732621638,0.0
