,square,rectangle,parallelogram,losange,isoTrapezoid,kite,rightKite,rustedHinge,hinge,trapezoid,random
square,0.0,7.581171668149192,9.877063758329761,11.834215007964328,5.853262819236908,5.039783702766919,4.33813410975583,8.135171834716392,7.805940679946898,6.523679956728801,9.131007829731612
rectangle,7.581171668149192,0.0,5.732038657068983,8.83046660924466,10.257499989900891,8.18088828152864,8.092214982314827,6.555139632195804,5.112052007005005,8.23831740674658,10.760126590667046
parallelogram,9.877063758329761,5.732038657068983,0.0,5.7093967748800765,11.35076188723884,10.342111494521074,9.638882494365543,7.899876998011528,6.5664118128281075,8.054481240602378,10.289887891137454
losange,11.834215007964328,8.83046660924466,5.7093967748800765,0.0,12.125873651730645,11.983668477447672,11.40478939543368,8.970849046571029,8.328473751501345,8.675799559887233,9.06060459223774
isoTrapezoid,5.853262819236908,10.257499989900891,11.35076188723884,12.125873651730645,0.0,6.157128134283489,5.714524289976465,10.192236535822866,10.164043490314414,6.6474391493159795,8.027285470147305
kite,5.039783702766919,8.18088828152864,10.342111494521074,11.983668477447672,6.157128134283489,0.0,4.277196436201912,9.53773925221093,9.323644836848032,8.335386547231778,10.223318425809236
rightKite,4.33813410975583,8.092214982314827,9.638882494365543,11.40478939543368,5.714524289976465,4.277196436201912,0.0,9.152246573477468,8.871269001760604,6.38657738988215,9.382217361499247
rustedHinge,8.135171834716392,6.555139632195804,7.899876998011528,8.970849046571029,10.192236535822866,9.53773925221093,9.152246573477468,0.0,2.6566406115198133,8.460762269929969,9.466544760599565
hinge,7.805940679946898,5.112052007005005,6.5664118128281075,8.328473751501345,10.164043490314414,9.323644836848032,8.871269001760604,2.6566406115198133,0.0,7.950706505498599,9.43402410971207
trapezoid,6.523679956728801,8.23831740674658,8.054481240602378,8.675799559887233,6.6474391493159795,8.335386547231778,6.38657738988215,8.460762269929969,7.950706505498599,0.0,5.940057700884439
random,9.131007829731612,10.760126590667046,10.289887891137454,9.06060459223774,8.027285470147305,10.223318425809236,9.382217361499247,9.466544760599565,9.43402410971207,5.940057700884439,0.0
