,square,rectangle,parallelogram,losange,isoTrapezoid,kite,rightKite,rustedHinge,hinge,trapezoid,random
square,0.0,15.257481331408627,20.31297208222908,23.54359978897166,18.999411935768006,15.398087902182692,14.2556166288304,20.86899012007725,18.978796440026382,17.002640484542837,22.773268126701563
rectangle,15.257481331408627,0.0,14.836042278865664,20.714755940737227,21.548550139315086,18.152222397216974,17.52619902988124,18.902189191552623,15.288919746959072,18.399122512956815,23.365646404055905
parallelogram,20.31297208222908,14.836042278865664,0.0,11.819521083489953,20.840869062448927,18.93963869730586,17.974672967628333,16.895530859764534,14.138265980959355,15.077342386148471,19.29568934138973
losange,23.54359978897166,20.714755940737227,11.819521083489953,0.0,21.633649236947868,21.34448685022076,20.58988709817278,18.54284281794812,17.58267149234466,16.034050793465216,16.87381558108583
isoTrapezoid,18.999411935768006,21.548550139315086,20.840869062448927,21.633649236947868,0.0,14.343332339991257,13.217111476377935,19.41651080183309,19.27860885611474,14.51391726175985,16.197318841166176
kite,15.398087902182692,18.152222397216974,18.93963869730586,21.34448685022076,14.343332339991257,0.0,8.987515130222391,18.474243546265743,17.471122546351353,16.919268335700828,20.073269083036358
rightKite,14.2556166288304,17.52619902988124,17.974672967628333,20.58988709817278,13.217111476377935,8.987515130222391,0.0,17.404611301318628,16.238650211954983,13.597981036077675,18.732533676042067
rustedHinge,20.86899012007725,18.902189191552623,16.895530859764534,18.54284281794812,19.41651080183309,18.474243546265743,17.404611301318628,0.0,6.847773311058762,17.563779323851723,18.3668215511619
hinge,18.978796440026382,15.288919746959072,14.138265980959355,17.58267149234466,19.27860885611474,17.471122546351353,16.238650211954983,6.847773311058762,0.0,16.12389632192088,18.37520188530484
trapezoid,17.002640484542837,18.399122512956815,15.077342386148471,16.034050793465216,14.51391726175985,16.919268335700828,13.597981036077675,17.563779323851723,16.12389632192088,0.0,12.432247910765762
random,22.773268126701563,23.365646404055905,19.29568934138973,16.87381558108583,16.197318841166176,20.073269083036358,18.732533676042067,18.3668215511619,18.37520188530484,12.432247910765762,0.0
