,photo_face,photo_profil,photo_eyes,photo_face2,photo_walking,photo_standing,photo_hand,photo_legs,photo_bird,photo_butterfly,photo_girafe,photo_fish,photo_cherry,photo_tree,photo_flower,photo_carrot,photo_watch,photo_key,photo_truck,photo_velo,photo_road,photo_house,photo_mountain,photo_windmill,drawing_face,drawing_profil,drawing_eyes,drawing_face2,drawing_walking,drawing_standing,drawing_hand,drawing_legs,drawing_bird,drawing_butterfly,drawing_girafe,drawing_fish,drawing_cherry,drawing_tree,drawing_flower,drawing_carrot,drawing_watch,drawing_key,drawing_truck,drawing_velo,drawing_road,drawing_house,drawing_mountain,drawing_windmill,geo_face,geo_profil,geo_eyes,geo_face2,geo_walking,geo_standing,geo_hand,geo_legs,geo_bird,geo_butterfly,geo_girafe,geo_fish,geo_cherry,geo_tree,geo_flower,geo_carrot,geo_watch,geo_key,geo_truck,geo_velo,geo_road,geo_house,geo_mountain,geo_windmill,word_face,word_profil,word_eyes,word_face2,word_walking,word_standing,word_hand,word_legs,word_bird,word_butterfly,word_girafe,word_fish,word_cherry,word_tree,word_flower,word_carrot,word_watch,word_key,word_truck,word_velo,word_road,word_house,word_mountain,word_windmill
photo_face,0.0,20260.3507396193,38727.64891150584,42695.54580028,25978.222934690624,27792.97522052631,35747.182567567936,20196.47775610474,43440.27065175954,31795.69997266455,42738.313885293785,35639.95385987173,20874.150150680613,26288.35892204686,27952.751552927934,26723.906533332804,29295.954398134054,36770.87930094058,36734.34477145749,27779.987260459602,47843.48786883592,21927.613139152705,27607.243008248603,29908.955015482265,32070.31205709862,29649.519582774803,34157.299414813104,36044.5485948366,25988.121417902104,31264.70263013638,32838.1178337555,26525.628639554063,33949.23469283704,32093.512511202796,29321.266997733903,33312.20641975087,34651.77526656334,27164.13768338256,29996.458007366255,30342.17959883609,33951.54482282487,38370.29344281306,34760.88719174073,40605.0708667496,39840.3200548508,33464.109620361975,31632.870345971867,31900.584966022205,35575.462375280156,27372.66419657265,36709.40146445029,26944.32802066162,31695.749068938778,28534.530863818887,29728.228164620105,24038.035339515398,29654.303425866303,31285.563770783236,31328.713566497936,34910.01087538516,29457.93696492644,25063.644064789878,33244.796933522935,31028.64909712839,32242.57105443897,37608.73728568668,32020.747797718337,35303.18647797035,22290.798560009236,28108.343930856678,34961.902193704875,27483.492345036055,33320.33349376686,34424.15003183994,34497.3747457279,36480.36444575126,37621.60503431106,37703.8937928855,34524.29232261252,35887.28490038378,35028.52488314048,37233.367325055406,34890.458311482515,37055.931879103795,36440.0629996801,36801.018440078304,34564.74933505317,35804.92194928735,34615.64641478839,35647.72934075532,36379.90957950449,34864.64550265294,34756.11765344714,35143.302030382416,39633.48585553573,36002.313943427434
photo_profil,20260.3507396193,0.0,26313.35621973732,30720.970508287835,25248.103885312405,31693.807961441675,28012.08186381261,25779.53911069823,45143.449736376635,30195.09207052557,39071.85623589704,32407.10722093444,22706.559432426086,27179.516452956974,36117.02284090702,38322.9973109737,31831.67539854103,33938.58305990713,30483.98581058634,27204.856033914322,37006.63144896735,20056.58251825896,24580.527229003175,26984.67397380656,30442.102082969133,24688.444862969598,29491.229248435084,28858.029273361186,26174.411035128087,33394.80164325263,30095.320500594196,26064.610054445577,31533.588702021658,27607.602448202004,30829.622858575596,33021.529685692774,32364.313249403443,26695.963552474986,29227.216939278445,34606.83096926795,33482.727499605935,34947.88060238464,30906.208769855017,37236.16262243203,35017.645141703426,30552.240461902948,31648.724095768663,27880.896680396203,30653.026688606755,34162.550122246954,36336.137559854076,29362.79706639871,32681.597319315024,31831.138550566644,28742.75970562512,27023.602396998405,35293.080756516654,30925.266448755854,32513.136632193262,32831.29954894713,30586.4341572607,29421.77473187656,37562.184559945854,36385.29840529317,37807.15331006898,37839.59472684743,28122.084072439553,33162.744782859074,19936.037640721566,28196.92455693353,32855.22443627938,26394.81614110545,34927.84531845189,35726.62085620521,34776.27444790922,35887.66486952804,34718.968049759176,35548.45434841159,35185.394573359896,33832.51557667092,33464.24275680762,35740.266595131936,35541.07354891696,34711.37877825646,34812.046690025,37588.17575286746,35666.72689754468,33470.592676195825,33377.853412032506,37717.25310951797,34792.19864532387,35845.567208637534,35721.75493416844,32920.31022504598,35914.170283015665,36258.84053992904
photo_eyes,38727.64891150584,26313.35621973732,0.0,23517.652414737047,37727.89874574501,39197.59250245435,24656.55129177352,36065.59172906421,43579.36098220843,31264.31135480543,39642.794137258,34104.78286467788,33637.16591626535,30387.79115032911,46003.98585485883,49950.51708074385,39806.68015573722,34845.113002532205,28720.25626782082,30939.58750320764,27303.55908694425,28596.40433022624,33237.70871157759,29222.891135466944,31977.0974538462,29640.59773670378,27422.042430525005,25121.70496848285,35139.60494955278,39398.33459613075,33996.85306507966,32387.456912933354,30149.92470482224,28802.19865240809,38729.770577970965,34577.584236272996,31586.22909440032,33137.44168318704,33556.734618087874,43345.63097625426,37041.49807024482,34845.73556300922,30084.973732219387,31965.051744994176,30593.924342488368,32168.002865288578,33978.80916543177,29267.31664615194,31627.57670511674,42767.768292474844,36122.80016026476,36942.01750583207,36440.38446630459,39800.244564267676,33399.77579506276,36181.200952820865,42362.358156730064,35161.43428871672,37962.96999104786,32833.49163187107,35268.286422548874,37632.902670814234,44401.480308525635,45327.80771063835,45056.00173685203,40294.96622846349,29615.237487319682,31802.316806892803,29934.155255699567,32641.58601557661,31915.511655230002,34066.08571539558,35702.390363801685,37521.71133440769,34795.81421833722,35392.36960851449,33611.368848849444,34577.033630924554,35521.65922161705,33311.41582383431,33321.8741049122,35504.379523473035,35986.444220051395,34291.615575535005,34548.78249324757,36968.774240859086,37220.54612535134,33016.050451108866,33550.81326795809,38909.92234515678,34383.90541139601,35775.36601859482,36124.00823052523,32826.891349155514,33526.58282091865,35556.6228973846
photo_face2,42695.54580028,30720.970508287835,23517.652414737047,0.0,41664.48335214249,41021.21216990162,27244.460810382767,37669.03735269639,47644.38960275694,39122.91994399923,41596.73361655239,39767.68878919822,39761.326099783066,34070.89390751889,48739.38526243716,51864.3451095045,39026.53908612575,42282.606487478915,32677.30581051121,37878.00629296036,25122.33900614645,31486.424234919497,39701.49941872131,37867.08722106902,36197.619745231284,30932.887961364864,32715.53340607266,28741.32455745429,38455.71014409972,41279.355182231455,36918.52617049431,33788.50912028261,36088.715963957344,31732.413392728053,41090.05621556737,38902.12307645916,34032.23115637686,35598.40408394385,37970.57788321592,45611.83029363782,40645.620233814996,38820.55256449414,33080.399926493235,35352.72533406621,35905.85389875069,31395.169387843456,38405.18789807871,30372.89245717321,28836.09216352191,44443.85263545759,39850.32755296435,39574.13674693992,38534.71705280678,41487.59338384146,35761.08825078749,38835.12777291541,44958.40687551384,36863.95895103573,42778.83246157245,36374.97678615334,38587.81378352716,40311.004169981155,47211.66395573445,47051.57892678257,47114.94844257861,44903.733109858695,33214.94302737245,33867.58348451127,31617.942576673053,35646.559639692576,34552.22243922981,36391.64289323886,40548.43960911681,41850.27042121679,40456.21514204995,38998.819150978845,37338.763104182115,38926.97974498494,40333.697267638214,37164.837517451415,37293.59112779102,39151.28142652944,39342.30824701863,37752.17938268693,37682.931112543636,41451.29134972636,42055.91421945788,36304.20262163081,37249.25769383263,43161.9616487447,37619.73232578402,40900.61838403786,40873.16355878148,36323.94049137242,37034.20216671289,40125.022130338475
photo_walking,25978.222934690624,25248.103885312405,37727.89874574501,41664.48335214249,0.0,34297.58838878331,33123.56607196623,27779.036659775782,45176.7231642319,35152.925937022796,39800.39480782167,35622.503030278094,22655.18420840114,29928.061454832685,36004.50836851715,34423.44719034351,31382.07484963904,36481.686329589415,37786.09038546499,31982.386706415276,42371.489042128924,31742.754330504133,30104.065976528735,35644.97014292722,31472.04511190543,30250.06065712245,35391.2578717511,35357.84100293983,26953.426622102103,32767.036006933664,30785.534359062833,33797.29159204826,34825.26619637705,33288.05916732938,33651.32137945314,36544.67816908642,33869.43221775442,30029.335439695566,30068.141991429908,34537.663386496126,31723.3002606321,37799.26221503508,34194.45810573756,38678.66417010195,36894.89489636999,36448.41475563648,34636.2030703166,32485.18100386311,34659.26307595715,32777.19703868687,38817.25368486129,32238.11154562491,33380.02946028238,34083.243182729355,31231.503098817797,30972.156092670863,33152.803772962456,32578.564700956,33729.203735431205,37507.55474168904,31061.022171950797,29158.06904579603,34130.69105442363,36570.814610692774,35373.905522747926,37876.04643773388,34058.69166243027,34880.66968456153,27482.89998727852,31065.84821522301,33451.215244167506,31239.016301370808,35159.86322695545,34899.62137954757,35247.96893800246,39382.3181233383,38943.07279728803,39752.59611626193,34741.32470053047,37917.021218316295,36933.52679155804,38978.04740362181,37280.22295737701,39112.28123713375,38625.433564375875,37232.83026081245,35559.40920976415,37715.708623488164,36994.768701775305,35443.72628124047,38314.56784073907,34904.82877795115,36377.36883385818,37099.2313531474,41786.731985849656,37188.45508876545
photo_standing,27792.97522052631,31693.807961441675,39197.59250245435,41021.21216990162,34297.58838878331,0.0,35946.93662644609,20521.663056540154,44062.027823482604,30259.570842446672,39382.05397867694,38791.86459824759,30059.06972219925,27865.181736164002,20163.762090834607,23737.590136448292,33358.18849531462,37251.60648297028,38768.787788830356,30486.537261442936,45592.257119053924,32186.732803020725,40991.46522590085,28978.97575041511,34053.350294848315,26871.391662846883,31669.181317472317,30020.794443894112,28553.856280949876,23315.467513863303,26690.76968286583,23268.73836846576,32446.92492419437,29072.702529606457,26859.904096666647,31722.18093140611,28381.211218762106,24692.875003566816,25321.385847813774,24983.058939702107,28037.81952899145,34665.99063402437,32004.61288785579,37161.90373140563,35412.86308790569,28248.143677490505,33718.09521390147,28687.73934257297,31924.081598366258,22578.167168650045,32200.22513741694,20499.531450265695,25220.061461784433,21423.646642882253,26131.151018911543,25614.62386632668,26400.29869263544,28536.781638518638,27204.09363832245,32114.59497573682,29992.19245341947,25848.58507606678,27727.50793133612,24819.237759767617,27900.812017966102,34483.94531923491,30596.662032446875,27890.99938545225,25776.21277856573,25016.04597968017,32849.2369593803,29239.913831636186,28287.032468023965,29038.462071137088,30024.18410660442,30171.34127761013,31839.22834882116,31904.052973447677,29825.99268304912,30209.996975269267,29217.663509927745,30279.27378234274,28316.006469803884,30844.27119318013,29334.329678471902,31210.970355420155,29620.67579773489,28075.088745197416,28921.896741820914,30673.361738863485,29818.568572474735,30416.91126847027,29582.655028942776,29352.76088035774,33533.164448178904,30421.257320201654
photo_hand,35747.182567567936,28012.08186381261,24656.55129177352,27244.460810382767,33123.56607196623,35946.93662644609,0.0,31887.28592791844,46157.15863190426,36614.43500502824,39438.731443608645,35616.81158534812,32185.775783830977,27761.63807306393,42044.1954628131,43097.05418868953,33105.32041253713,40154.20710150268,35387.30319997069,34457.648878117754,23755.121039526617,29884.891164534354,36454.70572060035,34234.339471824096,32376.3972370209,29184.631649282106,30444.235645677272,28168.945915446733,33098.99789032427,35653.74261382213,31023.215220956175,33194.502106625856,32499.58471192559,28154.917404304877,35046.79734831905,34055.50452115771,29075.144579199376,31227.76470865378,31203.133678333434,40349.4605228464,34091.23532770338,33561.76220353112,27895.93997677106,31225.492248232174,29671.946972864098,30719.512377527873,34594.478324742406,25260.00685845359,27246.117036795044,38146.46190145343,34124.73731776622,34952.09501720722,31847.176779181205,37732.74405488124,30763.838568384264,35356.996479431284,40208.00467372544,31499.41715869855,35259.35623833558,31740.49481648144,34425.53163516532,32489.10785499187,41787.01015066049,41568.57237047449,41032.93242190568,38615.66924803971,32141.890196778768,29153.851037900647,29992.528146081546,32162.628882091594,30355.812401627496,30656.086230452434,32945.08503414829,34237.055713043635,32096.240577522152,34142.25216532243,36363.29894019886,37542.83207969184,32186.325202635384,35038.929065987,33698.36654470541,36483.95299590951,33412.50137191691,36674.68939578999,35663.94724509807,33185.97246066849,34829.2995253236,33633.869910437796,33764.50394841791,35148.06320325093,35731.600055242874,32722.922273513504,33804.11093666226,33436.645389534344,36731.52625006537,33386.32085656948
photo_legs,20196.47775610474,25779.53911069823,36065.59172906421,37669.03735269639,27779.036659775782,20521.663056540154,31887.28592791844,0.0,40294.29115350422,32189.339329096452,39847.28863871953,36644.33485817575,25137.70472263873,22060.235152376765,21705.769509521713,22374.16045395149,28512.356182976957,36116.08885198831,35388.87645495598,28300.48485714383,42162.646781259595,24404.10151783792,32899.97945463637,28714.263533175665,30808.837253504134,25057.308008645785,30674.395231711158,29724.23745085948,23497.646885773112,24012.683993482045,26453.868201755347,21025.956094274465,29876.288358886817,28977.898353222157,27737.183799611295,30808.671891289603,29337.0746522605,21930.698425756073,24297.770093789022,24274.557011600242,27455.692597968296,34458.136819664236,31037.71185488458,36304.40539060999,35277.399286454805,29024.828155809635,30135.997364139417,26894.488607783365,31026.12463720034,20228.003925815377,31976.102345089756,19484.999098643344,24279.51397769703,21803.41211803058,25359.438202826543,20808.35582973914,22921.944298019596,27294.540703293686,29667.661862296325,31874.406619511356,27133.128752783512,20906.901862884723,26969.64998340383,23844.45348261794,26796.320747191854,34668.71126970147,28844.80023561667,30033.873155048466,19697.439600768535,22590.341259885365,31388.428799028836,24265.34579760766,27822.8846059246,30496.042011700607,30012.157996206974,31007.206483236816,32591.206994164655,33026.27187943498,29752.807422287857,30997.552143377485,29742.83127443664,31983.085140909443,29026.655879199745,31590.03284733844,30789.856828241187,31604.121758743946,31079.619439381957,30185.274781337765,29774.75494142689,30881.505574430754,30652.81675263743,29393.371245308765,30314.730942719143,29958.077657791306,33941.8879984966,30993.87525759552
photo_bird,43440.27065175954,45143.449736376635,43579.36098220843,47644.38960275694,45176.7231642319,44062.027823482604,46157.15863190426,40294.29115350422,0.0,35934.578465929495,40303.20802809947,38902.52006050715,40890.83676879245,36547.203943845074,42127.818775415006,43692.80671186094,37272.97677986681,34952.878191309814,34545.870510297,35959.891537726755,47729.80000980941,40006.13017320381,40915.031614442,40507.91855707416,36553.893984367816,43696.070512946804,35415.144444226025,39996.7780461949,43240.838788712834,39288.240867998094,43041.573205650086,40347.40968210087,32113.264699778963,40518.235414736875,40884.797041448146,36120.82812157365,38893.876940560134,41431.34305792217,40685.67377920191,42272.98114540564,36419.385906208976,41801.87867226187,37036.86558331257,35375.64319653903,35944.00649822958,39740.62736497272,33144.59819489638,40415.73491772193,43521.579923510355,39093.24466910365,36950.09984638381,38769.01281325614,37237.68728349833,40325.98142146967,38761.15778110898,41394.76913477216,38585.92323590172,39128.7234213986,39615.7593275216,37938.24937189037,39633.222580615104,38118.35345727462,38612.411100620324,43008.81552075898,40045.56574697433,38403.30442609396,37486.136527622366,37041.68650001911,40294.0978852452,37477.04061171854,33866.643986963056,42065.13363125478,33950.769646465276,35604.71461583389,34719.642229503974,37058.43005733684,37865.21113144541,37689.26400301104,35227.656425056484,36734.6311415362,35312.68480229575,36492.11261800207,34679.539407041804,36905.09975834982,36415.08655742704,35054.36564801546,35040.44731295578,38429.33600450398,37148.89461714011,34718.5034179132,35267.76174422966,33975.97011004667,34702.257471347664,36246.526111913154,39911.14788061764,34992.01765677869
photo_butterfly,31795.69997266455,30195.09207052557,31264.31135480543,39122.91994399923,35152.925937022796,30259.570842446672,36614.43500502824,32189.339329096452,35934.578465929495,0.0,35053.71726021563,25753.145987912434,28168.572430016724,28697.927158087685,34049.67679232962,38028.83308952578,36076.592601615586,20016.41734125624,25852.18842589194,17680.782944060153,42985.48387027042,29455.988864636056,30347.654418334172,23614.28610490486,27420.924256688835,28402.793022670394,22349.673875491735,26903.714854784736,29548.179187618975,31477.828503302775,32336.627790881867,27894.490209968288,25647.64618537466,20993.765568452367,30132.699348199596,23240.904393204626,24710.235871213597,28957.72687001687,28928.926821953908,33192.43716651454,30999.122386729025,29414.14782556659,27401.750644276915,30135.500645207707,31311.5113386529,25994.623745639125,24974.60925103432,27986.812720059897,31801.77794908085,31637.87707762839,29340.34674275795,30471.678855557177,30337.196469217393,29805.152323202354,27984.514890057253,30463.164585102797,31800.404306203644,26410.25618678236,28529.56341281454,25225.893384922478,28288.13131378829,29067.4176875627,34052.56752650981,35327.22298235614,33985.14845795613,27734.55658429967,23021.209845027795,25726.78553392053,28213.996944326576,27482.773416828833,29277.536252854705,29867.921247578368,26575.788430281456,26259.439327983873,25688.55146221012,26952.805403262017,24030.215840642682,23516.918114851967,27703.069860803953,22810.40037246517,23969.551730693656,26084.887180399022,26601.130369604994,24887.001456311606,24461.98179661959,28151.00008747463,25691.720633565626,24859.36633304721,24883.554483867472,28623.934030469834,24267.89214946645,27805.93921020777,25748.830624921316,24841.585110423166,27023.484881108863,26492.942990177176
photo_girafe,42738.313885293785,39071.85623589704,39642.794137258,41596.73361655239,39800.39480782167,39382.05397867694,39438.731443608645,39847.28863871953,40303.20802809947,35053.71726021563,0.0,38097.487422721395,40182.52409817742,37999.5491576829,40605.59226514429,43696.0334251406,37919.958827433096,38781.86424348616,39642.856077198456,37481.247409399395,42745.22317341419,38167.85785521107,44527.15609782129,36728.877807565375,36938.98876003578,36815.00746722984,33766.921489527456,32290.77421578088,39854.821295690796,39528.70263502185,37630.10886825543,38612.890714294575,33677.58942517588,35574.46140414753,37991.78368712514,38010.81545430677,36879.03948237436,38120.81948221936,37840.58447145689,40982.0816231216,36942.31641641645,40044.09807300858,38277.904414089535,38805.39457754155,36222.765381107354,36650.14103257981,41189.24621703309,36362.58351631585,38018.24220315439,39069.01305985858,38600.25404486983,37900.93789623199,38955.57340467228,39459.99180208198,35103.66648617179,39972.173866157085,41580.084683219895,37653.14287264554,33890.73219738375,38367.90636372456,37356.15227126435,36077.238758960506,39310.519100616286,42185.10173578816,42416.827946086014,40626.88879964066,37128.35595092572,35356.22533743153,35186.102954434085,38291.46815169908,36218.16094889875,38521.468330861906,37150.01230118787,36716.43545694764,37701.713081844144,38101.00978161423,37221.80620236105,38204.272727357216,37446.61065386859,36016.033156598205,36463.65156071559,35832.8330369875,36421.91015466543,37666.696493349635,36321.56642903572,37721.18582201709,37291.274317312105,35946.467340777344,36851.90236727003,37652.33952360629,35719.0571248454,37169.57542357342,37237.12799353645,36614.84829250617,39154.78013471552,37780.699683397346
photo_fish,35639.95385987173,32407.10722093444,34104.78286467788,39767.68878919822,35622.503030278094,38791.86459824759,35616.81158534812,36644.33485817575,38902.52006050715,25753.145987912434,38097.487422721395,0.0,33437.35148227164,33706.53048556624,40644.197006830385,43175.34357957637,34057.95202412521,23468.5338786942,26175.455074055517,22325.017487588288,36904.540214171306,32681.902456474094,27273.687741863363,32421.664017326442,28240.893603814795,32609.365343747326,22434.584988182934,32226.601650098055,32868.703309715296,34916.58388272882,34514.35229726311,33614.22469088935,29067.212877083963,27449.258765780865,35095.7507042112,23927.281716870777,28812.92419923846,30736.064308513007,32572.282478867633,36036.60507999289,31003.437798109495,28507.033067281885,26312.834458473255,26886.580436156008,28025.355818594573,29119.4693329518,26095.482165105444,28955.254339544612,33031.22131721078,34847.03185481199,28365.862399816935,35977.46296732103,33587.69248795657,34484.393839021126,31541.792100339593,32650.966159283795,35869.45245851114,27529.778204926995,33933.861680544374,22463.645885666825,33344.77222530702,29437.527592451162,36070.25564984504,38274.75830340541,35446.09879203078,28446.329136262124,28514.287929207047,28548.77402810702,31363.674550881537,31470.887324530755,28345.525196667324,30374.437540002607,28082.98133563864,27769.369924960374,27280.392755996127,29832.469914795718,28261.0455331329,27163.095368278002,28286.35378273005,25826.64179954847,27421.52385125965,28852.61504803638,28975.55283571639,29348.86892010113,29096.645473842214,29701.14551584218,27450.57832648384,28363.78278146673,26102.089492913583,28885.71117472828,28233.036676266816,28775.323853748167,27500.655428375234,26694.753233630858,28754.44123546069,27038.246861086478
photo_cherry,20874.150150680613,22706.559432426086,33637.16591626535,39761.326099783066,22655.18420840114,30059.06972219925,32185.775783830977,25137.70472263873,40890.83676879245,28168.572430016724,40182.52409817742,33437.35148227164,0.0,23579.95850199233,32467.311220261738,32982.88899940159,30464.539298854725,32013.161094219442,32472.25545860289,23874.35928829055,43648.621963351536,26561.741911912002,26358.419628406158,28330.45499153434,27783.6758599849,28641.217231859402,30318.488310640765,33200.29097449983,24043.329998957688,29851.10191639577,30393.450980939073,27037.634289426136,30645.696564791644,30689.830101883428,29061.112394663684,29857.94874691415,30547.07372465173,25967.125865770526,27983.277054902595,32073.09095033124,31102.872610081413,33111.299963997524,28490.392840081193,33712.17972900629,35414.255222656764,30461.44367075228,26475.498002306053,30292.391282837387,33304.52376320861,30735.560712605275,32960.417885068004,29539.436593068323,29376.43703497767,30617.85166569728,28394.34991168134,25662.20612053483,30635.012369099673,30354.973490881584,30353.071771020714,32056.920010357866,26796.314064533995,27025.758073814875,33766.48933702867,33594.66227264153,31687.140545666676,32790.793268455905,26939.41523344784,30078.619145893,24358.476359569817,25362.416229382274,29454.33741700637,31009.457307012748,31678.70798601576,31973.67860171711,31277.11994367216,34523.75922785859,33205.46749595036,34006.168537608886,31202.170785119284,32227.221263852363,31185.949509335933,34462.5466982882,32382.799078834185,33528.901582112165,32865.35740433109,32903.89297453529,31408.862113718966,32273.544764996594,32360.739758044216,33186.67378176009,32829.84214880994,32073.04054117024,32015.480547366158,32501.722800800817,36854.91220730374,32722.31581705667
photo_tree,26288.35892204686,27179.516452956974,30387.79115032911,34070.89390751889,29928.061454832685,27865.181736164002,27761.63807306393,22060.235152376765,36547.203943845074,28697.927158087685,37999.5491576829,33706.53048556624,23579.95850199233,0.0,31997.490256813602,31494.058452903413,28260.187306326774,33562.2141661232,30960.384295538985,25658.896393750976,38230.36100340913,24455.62146028584,29254.417817474718,28416.06558918643,21472.606814485054,25859.001038454408,28423.128175052767,27719.614100403,22181.468252526094,24616.454186887677,28335.584717272777,21014.312119412345,27496.955331982477,26666.599977325382,26091.838286765575,27443.34513466123,25024.53180980543,19855.671092869114,23819.28346818621,30288.29709507545,27337.98773036974,32079.53336925582,26305.27119018121,30744.70182686939,31264.147361677617,26876.780294080716,25151.607251419948,22196.276630745353,27309.685767112896,26453.90109553431,30281.024846097214,26092.33779435447,22300.279753591967,26652.31009506128,22120.19473651857,20171.619751687595,27277.264815192608,25293.29550118591,27858.965304969526,29274.25104711864,19958.656060092027,22415.655180777732,30399.878129452965,31314.09209593745,26813.911756164805,33607.76546119953,26455.78176544274,26562.07626894892,21922.348850257502,19608.870398088493,25030.80777771393,27225.481093678765,25905.078066669685,28925.14834201,27217.860593856214,30329.593372197327,31351.818054535015,32166.7014167518,26641.78111439135,29830.849205120634,29344.056455659837,31574.531016115554,27995.604575785674,31353.45110102759,30309.13048363528,28691.892012413075,29036.791326275525,29680.305879509277,29484.59282064416,27695.25811100838,29838.34057350946,26229.81842833668,28200.23639077718,29639.753826356256,33184.14416972008,28720.311911475335
photo_flower,27952.751552927934,36117.02284090702,46003.98585485883,48739.38526243716,36004.50836851715,20163.762090834607,42044.1954628131,21705.769509521713,42127.818775415006,34049.67679232962,40605.59226514429,40644.197006830385,32467.311220261738,31997.490256813602,0.0,17740.01362377832,31335.977227096308,38881.03347590208,42135.86192945533,31890.74219039957,50828.54902874768,35124.638520416236,41388.24621309282,32399.568476931738,37250.81651954998,33890.047189771736,35651.238403612566,35061.36486218723,33049.62296084104,24005.650440961424,31625.956398126178,30190.193017248006,32601.973138945814,34466.20078981352,28571.994088305673,33372.74631392759,33453.705431788076,28969.71833096006,28509.370997281872,21462.035182148324,27621.04741646722,37723.8324174365,35692.97826243798,40227.71415086283,39065.62476167452,33968.81145714913,35093.791408988596,34876.68902495513,38498.95079975906,19379.87511017322,34168.04620369553,19626.975884851905,29096.19854182355,23630.42345080993,30372.329553345702,30060.603493696086,25172.36144758122,31440.703598923894,27924.378989229997,35000.435450109006,34204.94631304769,24452.1939644891,24377.733625077508,20707.436689304595,26150.213592413158,35304.95247645003,34039.90693559078,32433.979090344317,30637.063726605546,30304.542608243068,35369.299418052215,30613.005400407514,29577.86935823365,30869.60626459587,32063.25781966243,32647.69650486733,35099.216376740886,34886.828274741565,31395.207591408856,32928.01010283373,32037.242427864305,33138.27883370193,29756.86971013275,33574.52018128508,32055.420878795758,32355.67531392471,31901.797773618007,31975.764725024605,31926.180511048387,31765.112439770237,32057.470289431058,31478.07821867716,31395.760585281932,32481.05825488336,37020.10988546521,32542.9119627926
photo_carrot,26723.906533332804,38322.9973109737,49950.51708074385,51864.3451095045,34423.44719034351,23737.590136448292,43097.05418868953,22374.16045395149,43692.80671186094,38028.83308952578,43696.0334251406,43175.34357957637,32982.88899940159,31494.058452903413,17740.01362377832,0.0,30360.45258383812,42602.98565013924,44917.60272969222,36506.072458579605,53407.28434214542,36271.421421436244,41620.34199419826,38023.79522982402,36631.35867615825,35306.73562310989,39819.46411249221,39191.78145952076,32447.731940198373,24968.52250074419,31430.665267680663,31596.716064621145,35937.79127732511,37078.622918339686,29534.192856980055,36551.57291323335,36566.288416285905,30797.16837443678,28335.96818856082,23556.205968764833,30248.163324236964,40575.16558183062,38903.02862593622,43058.76224296722,41777.681899943265,37103.41697258538,36587.49465735457,34824.16962654815,39073.30253850874,20196.018303019395,37001.41289749617,22848.73645180949,29522.04023772994,24391.220742410533,31851.443515715684,29016.777854773783,24321.195646168453,32043.39410903388,30311.41790212663,38465.94886943815,33720.84778570608,24821.99611013545,24480.888958581992,22285.29226866979,24772.433334018777,37463.72915752316,37726.4814816058,36697.67385609798,31421.510226414932,31136.05259178811,37092.56297941455,31383.693577290418,31504.486104095664,33168.86565165687,34235.77508912503,36155.51267023675,39842.808186420865,40005.90479670994,33313.208698505805,37938.45693115183,36472.520288155654,37744.08642925333,33435.37416600169,38675.19064253751,37167.7890047797,34674.44767482148,34264.30234665672,37300.75257627228,36449.31872866388,32379.207903903975,36986.12990256611,32630.85018762734,34076.302203621286,36958.65674767259,42378.78133325752,35294.33540046977
photo_watch,29295.954398134054,31831.67539854103,39806.68015573722,39026.53908612575,31382.07484963904,33358.18849531462,33105.32041253713,28512.356182976957,37272.97677986681,36076.592601615586,37919.958827433096,34057.95202412521,30464.539298854725,28260.187306326774,31335.977227096308,30360.45258383812,0.0,37593.03810633463,36535.996664645994,32816.97615125822,38506.92108454656,30947.028223369318,33251.00154961299,37803.32620882528,28540.839962345697,32252.945836786475,33253.83775194912,31866.64529737018,32409.455230362153,27106.613823011932,31559.03871896176,31398.381709211328,28772.023895840663,30515.226670298558,31507.085809306285,31825.782335883785,30566.306129166405,27658.08235437565,29460.367585001928,29822.065262221153,23882.185590190275,35219.681727294614,30258.356397070274,30291.637785226463,32182.689399545343,31081.76582012368,31619.64010197474,28157.73976939951,29509.387363460934,25168.47203998997,33077.01867448837,29109.941177533972,27158.329902927468,29756.117263259548,29144.980194391745,30149.826073847464,28225.47330060416,27132.32358151372,31980.485288034433,32891.7716565282,30643.707969194485,23454.192812553705,28936.559461642348,31655.201760271186,27978.00163735264,35146.21364592514,33972.53751319153,30438.516981522538,28621.093124074956,28714.34813584151,25824.670496235336,27778.666247962246,28626.757571447662,28823.949004220634,29666.98494473769,32939.29624896693,36990.46405867159,37555.577802941356,28451.532082336955,34763.07484517842,33154.66860832322,34778.06504175771,29788.710492029568,36217.61754816656,34739.48184617518,30756.992211212608,29962.30279372558,34161.42122822689,32449.756979453854,28091.191979486568,34136.81003012184,28544.646372754843,29995.069650154554,32127.576925022997,38852.08949191001,30250.77297379888
photo_key,36770.87930094058,33938.58305990713,34845.113002532205,42282.606487478915,36481.686329589415,37251.60648297028,40154.20710150268,36116.08885198831,34952.878191309814,20016.41734125624,38781.86424348616,23468.5338786942,32013.161094219442,33562.2141661232,38881.03347590208,42602.98565013924,37593.03810633463,0.0,19864.45596193915,19927.145080272105,43545.91752993783,34942.89547749983,28609.27246168985,30070.31457295068,27633.411699667253,30234.227360192937,19927.983227167104,30433.532347095548,30643.277931481534,33130.669793112356,33630.74013209749,30932.966548121265,25986.38789433386,27243.560374455174,33581.196880633106,21574.881646427108,28538.14115959738,30010.33120883379,30132.386535418176,34258.81314773366,29854.238392365136,24908.529802202196,25570.5567886279,30315.970689161117,28964.731137379178,27427.05747851935,22059.663529685182,29662.842353308955,34851.96959126916,34243.08496840753,25896.993452246716,33585.56136952352,31295.617445561773,31346.946081591646,31118.49670910033,32344.05481756324,33262.375827497264,27741.744754553994,33444.90019256635,23916.533171801955,31030.12411019206,29722.92086779064,33571.32418462835,36728.59926514011,34286.66833795064,22099.042071362433,21070.59246268762,28931.884322937138,30629.55937804927,29228.837261147775,29671.836307971233,31524.886862530726,25811.68559045923,24697.479657611926,23742.658969935634,25124.819609997772,20456.898868584594,19432.460670972883,26326.018745005782,20147.07023239979,21824.400146109714,22462.68731411968,25487.55523456836,21259.350306002372,22348.509671438223,26486.05953773466,23198.362478683644,23931.025809296658,23039.86032521617,27278.005310810207,20875.22102099039,26408.034973330767,24641.57722352411,21615.51218162552,23290.233778243397,24959.05478001835
photo_truck,36734.34477145749,30483.98581058634,28720.25626782082,32677.30581051121,37786.09038546499,38768.787788830356,35387.30319997069,35388.87645495598,34545.870510297,25852.18842589194,39642.856077198456,26175.455074055517,32472.25545860289,30960.384295538985,42135.86192945533,44917.60272969222,36535.996664645994,19864.45596193915,0.0,24108.22053202185,36336.011260177016,30989.042829014255,27192.788882114724,31531.920340447916,26575.46804465816,28449.619046016942,20989.414044423836,27743.286123613405,31625.108810222442,34577.48806949946,33817.92983144307,28657.258042338857,24009.740483830305,26267.950898286465,34096.41938900463,24354.350337945194,28463.87814901013,29698.500758384067,30912.662661054917,36723.8480776584,31601.097359921292,27660.86106418061,23237.517632330506,28218.50916291326,29921.607214401294,25426.84944242749,22528.15314488129,27440.207079060885,30441.322291366207,37253.67402116318,28549.906145599256,33793.09709464336,32803.840657246845,33463.76049892293,31120.811536634887,31499.712721658027,36277.79056789074,28178.777957229773,35138.89328828616,26593.984604661426,31537.6264806134,31671.490677523972,37067.00417093921,38747.76381305315,36666.83191074423,28819.351981153937,19650.434927619615,28931.467879156942,28586.5123299831,29048.479452996915,26939.573004742924,30717.10695026236,29290.318466332,30477.479328421294,27914.447681813584,27620.52576715305,23826.99594442474,24969.152080907614,30109.289332109867,24281.36233779312,24740.16882141975,26665.93421235085,28553.325556348173,24366.318787558503,25431.138476164117,29775.32648819623,28786.458191431622,27002.91056309969,26945.08111201895,31994.514771116283,24549.720566222713,29638.108360783186,29173.321453952412,24731.07207887246,25698.202785477017,29250.208569118313
photo_velo,27779.987260459602,27204.856033914322,30939.58750320764,37878.00629296036,31982.386706415276,30486.537261442936,34457.648878117754,28300.48485714383,35959.891537726755,17680.782944060153,37481.247409399395,22325.017487588288,23874.35928829055,25658.896393750976,31890.74219039957,36506.072458579605,32816.97615125822,19927.145080272105,24108.22053202185,0.0,41636.84854418582,26230.554533984636,23318.76010806389,24231.518660670834,24095.4013448319,27009.96567243868,20298.6279204254,28256.763753577696,25980.79084901754,28362.8882177522,29589.90949458355,25316.784324559856,27099.963938409215,25113.021085852924,28785.665865910032,19873.89898707293,24384.144200021485,24640.52692555836,26360.82390888751,29266.2214897293,28159.777084756544,27971.526122832664,24206.2598639722,29840.915196356036,30437.063329321834,25018.118103541776,20739.611050222535,26693.314346183382,32074.877422522004,28762.388012332925,27326.908229206405,27462.0637802049,27177.17277798112,26853.175749455266,25389.825053578443,25574.975601503902,29948.724098542905,25382.18204761014,28897.956347771073,22313.75699480645,27066.110458650324,25253.489668973823,30405.961659066452,31512.43569978625,30378.104826834155,26195.135489944798,19357.52840907828,25218.447842362326,24067.497502099563,23703.907520483623,27999.25165262109,28219.55837345843,25828.279923435624,26068.69154121101,25341.925172885345,27406.12019713702,23880.331140839433,22762.923295395674,26444.15071467158,21726.665396453336,23391.9198650402,26509.43887757963,25923.759074930047,24873.65399799744,24558.811010505444,27733.10955984876,25685.15742532036,24320.26347404714,23072.79723167413,27708.06918252853,23440.80813112616,27222.782482535615,25600.637255432383,23872.388242142813,26196.581049996064,25534.57796897469
photo_road,47843.48786883592,37006.63144896735,27303.55908694425,25122.33900614645,42371.489042128924,45592.257119053924,23755.121039526617,42162.646781259595,47729.80000980941,42985.48387027042,42745.22317341419,36904.540214171306,43648.621963351536,38230.36100340913,50828.54902874768,53407.28434214542,38506.92108454656,43545.91752993783,36336.011260177016,41636.84854418582,0.0,38982.84278935774,42089.15086848153,42348.916607535015,37104.31546497975,35022.53931820794,32792.46968225334,29926.54560113287,42034.28568788128,41662.2311865114,36383.157692240915,40038.4432192709,34573.400727426284,32573.443299955623,43964.632491254975,38253.621574988036,33568.237422087834,39078.568285096546,38393.09581150771,46305.12910510832,37448.503247977256,35465.179451368385,31092.959548098173,30015.099236576956,28001.527186287367,34311.06218528229,39742.56548280893,31507.094569787445,29449.037811500464,45130.63763120421,36693.81971954357,41887.02226471012,39616.18708903252,44474.4189345561,38531.4057212099,43720.35049579015,46271.09171635085,35444.131299533045,43561.22992386911,34362.584996454214,41899.777219197495,40261.07146908653,46211.595341256085,48211.849231435466,47201.21641476609,42197.672142383075,37245.71061486436,32049.763391172964,37509.99129320478,38691.92635699369,32239.881919827403,36852.15108210953,36498.67870634133,37680.02027192817,35567.07552300155,36517.090611435524,38218.995679420535,39574.12038800038,35226.26711332804,37153.77731196694,36545.89584260464,38233.68426113353,36585.83518596947,38782.45150116946,38176.140109862135,36667.6376479676,38263.88248396052,36006.87843819932,36028.6236171344,38063.34289279302,38065.88612991434,35590.342434662525,37058.98373477492,35100.607584908095,37036.14889579901,35374.94356483945
photo_house,21927.613139152705,20056.58251825896,28596.40433022624,31486.424234919497,31742.754330504133,32186.732803020725,29884.891164534354,24404.10151783792,40006.13017320381,29455.988864636056,38167.85785521107,32681.902456474094,26561.741911912002,24455.62146028584,35124.638520416236,36271.421421436244,30947.028223369318,34942.89547749983,30989.042829014255,26230.554533984636,38982.84278935774,0.0,26266.75096622081,28415.621228920507,30534.10297234714,27422.63000610011,28918.909459130788,29733.279234353897,28697.968688965506,33608.19553068052,32483.670407984486,25032.198131587204,31310.532842740653,28533.162405304894,32535.071993497982,31811.170247541293,32111.86175722829,28202.275558374804,30049.589196951943,34113.44696041996,35455.737018876105,35887.15431716137,32830.43900186835,37967.57747900398,35251.89856483378,29989.262040415615,30940.14983127403,27895.47257603014,30997.531961270495,31608.807225582306,35022.76867350485,29278.4963978147,32561.634529716528,30946.494722879434,29298.49468182973,26148.20670322007,33291.72325116308,30766.157141783515,34267.74650205316,31579.061509070674,30429.35023254462,28530.837092269012,36799.82866671902,35547.68655781827,36653.84906772466,38092.905719390736,27098.523028610638,33499.29681992458,21474.50570001877,27748.224649180836,33003.78852169418,27392.289109905312,33910.806559501674,35698.212400000295,34580.77733617515,34422.771600626504,33805.47800729296,34317.51570244115,34837.771255607644,32774.54157637981,32605.796110760082,34645.30495996104,34067.50861202706,33696.556571575165,33852.39847452243,36564.85432651813,35670.56767945741,33189.47363892988,32280.010096478367,36996.96299061021,33160.38890523189,35099.18037916092,34873.297816606326,32202.53025464911,34550.57092785066,35016.7276055108
