,photo_face,photo_profil,photo_eyes,photo_face2,photo_walking,photo_standing,photo_hand,photo_legs,photo_bird,photo_butterfly,photo_girafe,photo_fish,photo_cherry,photo_tree,photo_flower,photo_carrot,photo_watch,photo_key,photo_truck,photo_velo,photo_road,photo_house,photo_mountain,photo_windmill,drawing_face,drawing_profil,drawing_eyes,drawing_face2,drawing_walking,drawing_standing,drawing_hand,drawing_legs,drawing_bird,drawing_butterfly,drawing_girafe,drawing_fish,drawing_cherry,drawing_tree,drawing_flower,drawing_carrot,drawing_watch,drawing_key,drawing_truck,drawing_velo,drawing_road,drawing_house,drawing_mountain,drawing_windmill,geo_face,geo_profil,geo_eyes,geo_face2,geo_walking,geo_standing,geo_hand,geo_legs,geo_bird,geo_butterfly,geo_girafe,geo_fish,geo_cherry,geo_tree,geo_flower,geo_carrot,geo_watch,geo_key,geo_truck,geo_velo,geo_road,geo_house,geo_mountain,geo_windmill,word_face,word_profil,word_eyes,word_face2,word_walking,word_standing,word_hand,word_legs,word_bird,word_butterfly,word_girafe,word_fish,word_cherry,word_tree,word_flower,word_carrot,word_watch,word_key,word_truck,word_velo,word_road,word_house,word_mountain,word_windmill
photo_face,0.0,60.448598152600255,66.77569071721919,60.708369118879546,57.36433885409913,54.70143203549414,55.57966242774791,53.635900574058084,61.13727251130283,65.82498293400187,68.70812857590641,60.43410833702644,57.433273889785795,55.063023481455076,55.65570386424487,53.35457072093161,53.13422810505269,61.85479365999835,63.59770339812855,61.37628094592041,69.9183241700166,59.54351298430651,62.99166405043588,64.86412389251525,58.559816846720395,66.01066005126376,64.73535433989757,64.87606830528345,62.19082488745157,58.86092569266675,63.1693587881977,61.554795145533475,63.57194982436002,71.01306922739796,61.045946935782375,63.52452183407405,65.44401060974096,56.50639690562438,59.955882609136154,55.07857278089954,54.85024531503772,63.46091425943719,65.09633376233776,66.0144763709771,62.35520526656015,65.57225370604576,61.79600167095272,63.42409270507295,63.50068121319653,58.15797194023317,63.074373465981054,62.03917242332265,59.1145748780408,60.52691515818316,60.129295993126256,58.62573141490133,55.915736820195804,66.74807109685119,62.417400099479394,65.19767864388218,63.9222139690208,58.528302308370456,55.971393988826314,55.59893857055985,55.78702219116232,62.5070681813039,65.06258876818474,66.18772225918585,62.63023119604346,60.953157192061724,63.04967352290285,63.26302760881126,58.55183123937805,59.387157707686825,58.54271375322389,61.259392802653565,63.6649488802677,64.87797884714449,60.03406355526431,64.0390999793959,61.9907353190334,63.65160885438423,61.830131757061146,63.696947148308496,63.96884971277743,59.22025878321722,59.51727024451854,63.666643061019016,61.89762054178226,57.18971034316005,64.70222347423532,58.271810033050386,58.894945548035,62.143871926991864,65.45643514133972,59.375034821353076
photo_profil,60.448598152600255,0.0,73.37128836325671,68.23554700321309,66.09769998095246,65.58207355480658,65.42793295438163,66.34787988812356,68.43677951254209,71.34995498213632,73.64307475054139,68.63543940980868,65.7487225039239,65.21474753396035,67.76907758560958,66.35547365129769,66.75911538337218,69.39238137245039,70.4164868619275,69.53262147311786,76.34310263345546,63.873314644356,70.24450449532219,68.6349784828595,69.51678301449431,64.16165109790899,71.8317967714202,73.46012634951254,68.71775505944183,69.85605778077591,71.59171570920878,68.30874880098494,70.08435408544862,76.19751597328533,68.17098617309233,70.92408118154205,71.21967516864524,68.84219678202606,68.72875704106404,67.7580737113321,67.99979465627663,71.10653251756719,72.21471311976377,72.56318030773305,70.94168692836767,71.77240799113623,70.20536886017082,70.9591800918789,70.02684012401295,69.24338137426888,70.65676338607213,71.13696675614706,69.94010590225757,70.07826174669661,69.26701054988385,69.49709938051295,67.9025436906084,73.25234457964947,69.45149301665178,72.85350981055505,70.5339504581309,69.28402361229723,68.66426796119661,68.15869379448027,67.83519002566038,70.58699605563837,72.59554369106861,72.91323133604394,70.39988633378776,67.88726695223423,71.51639789958016,72.38946480034728,68.23521369657139,68.93927355853442,67.78955201637653,69.59789304947434,71.5381640171479,72.74395451948031,69.52364443862494,72.1251551708402,70.09822458910871,72.0811421741643,70.22225167164767,71.81269135775594,72.08858480585552,68.64167230675396,68.71722859646391,71.30516197432306,70.17128319961435,68.28763273192311,72.64055135653565,68.5378985132103,68.44738352757057,70.54214928840494,73.40878122157692,68.72309978097736
photo_eyes,66.77569071721919,73.37128836325671,0.0,67.24038279126755,71.64060704606688,70.65032661245472,70.44057442824474,70.88977364191099,65.10301280670839,66.44029777476591,74.18551909111434,64.88674738198686,70.82253896364652,70.12408620327832,71.57289744142388,69.05869825912797,70.23846731791066,65.00304379927506,64.52416087494372,65.09463338943182,63.73377307171555,69.71584817739344,65.10200339570285,73.03026028955105,69.55891120395061,77.04966073329246,63.90052654063983,68.25181597814377,75.51965558910517,73.2788630750013,75.68311728904924,74.88823839034735,67.99425867028073,72.2731447843838,74.8104512700774,66.97447571710653,69.78651201435974,72.59581712410679,73.10364634180311,71.29050302853003,70.87253256592146,66.20788267444343,67.59136847809626,67.84987401329,65.92373776144723,64.665389875648,66.01623959941954,74.19286862768583,72.95577337380047,72.63830277550538,63.777010771517645,72.876509176486,73.20024568398001,72.07912934642992,74.5212432496401,73.42328215210517,70.48557703976834,70.44645581149767,73.08521767164699,67.09730941688944,73.19010813891664,71.7634824556178,70.81619792335637,70.18067934682665,70.70707026973174,65.16207765367787,66.58770012141427,66.91753560657051,74.76205908976371,72.61279321984493,67.9840608986676,74.6976647618371,64.52913086872542,64.67641999239721,63.98322436116709,64.6326303232813,65.51672129597472,66.33554872029222,65.23727075801277,65.88786677317877,64.93438848451501,65.6775864316056,64.98210560104145,65.27760152173326,65.78287368218865,64.27039291521788,64.48522659716382,65.59779135738681,64.87274602645445,64.41993182292555,66.32488393920707,64.64403771573696,63.905096323507024,65.12372879573034,67.68861303415024,64.25642646839869
photo_face2,60.708369118879546,68.23554700321309,67.24038279126755,0.0,67.80788915472097,66.79061410297298,65.89189506188335,67.20898491621669,64.9089374391254,68.49599379319358,72.74452922905779,66.7387623421128,67.58602190620309,66.7718206063658,68.52035117023382,66.09311771767452,67.43257480861395,67.61395080727917,68.3265230618677,67.94623647592073,71.27174729943192,66.1322438037133,67.96969901546444,69.83776144675056,67.16506440171862,72.83653372867641,69.91033606644034,63.48069653998797,72.25122871264499,70.40732783022214,73.28755941078192,70.5339842241389,68.83478898149835,73.87551659555557,71.09861427239545,69.30596888848737,70.84717230386528,70.03656603667369,69.24628618229198,68.5683381381808,67.57616439565231,69.21526783881566,70.59862260534659,70.66358742997664,68.17680624517665,68.99097929128006,67.93915151141616,70.36465495056683,69.83661216499503,70.2173583019031,68.93386237166435,69.99987401668213,70.48749817117775,69.82955946586095,70.82036892549549,70.86869048359551,68.2092535821525,70.29990341254212,70.24473805523097,70.40635297110478,71.88638014199007,69.76947509692896,68.16239154708427,68.20646511023013,68.81714716137321,68.67749931457566,70.48711800064285,70.98608976404329,71.58519683883004,70.17411955291368,69.62915039496546,70.98751856121207,66.55963694158908,66.84952834172233,66.29914131483322,67.62544004231687,69.28296152656837,70.21115940522347,67.37648253567949,69.6972315045276,68.20898511103721,69.51214798187898,68.29227565265381,69.10454726739171,69.86200661569019,66.90736608677945,66.7875794123333,69.30259895282904,68.11101881873445,66.2152298790572,70.28729901232133,66.74978417967235,66.37223437736247,68.39377584543772,71.04950861169216,66.59318528379315
photo_walking,57.36433885409913,66.09769998095246,71.64060704606688,67.80788915472097,0.0,51.47645117637853,56.82571135575637,52.2762897830602,59.179662635229334,66.17487318860367,67.28588480076655,59.027000788407065,54.2201084539394,56.32651930030956,55.96406776910636,53.64758905548285,56.80829998801943,60.66879596226972,63.3876459530185,60.55444503190912,69.45899021566008,62.6885861914215,60.41325743882377,64.49881535746692,62.56299859007052,67.04821601166739,64.69709465305499,69.04110585634517,52.643315172948824,59.010493146113866,63.00520002382317,62.210902469058276,61.44719417934379,71.26258872468803,56.700766673784564,62.08183555873881,65.21090460219486,58.37832588278903,61.64938187715121,55.92127690991171,58.113814943217676,62.23261542974535,63.9446144818506,65.07802029879986,60.90320961929677,65.92201100444737,59.836863197299195,64.064050216447,66.5815078260988,58.6817325474711,63.45913295424178,63.746686733986444,56.69959914686723,59.60435308205419,60.933648678352405,59.706856978476004,56.427425462144,68.23702421974333,60.306654521718066,65.16765178141821,62.18370886969859,58.256559149015345,58.14584769897887,57.0673941300826,57.24360857598529,61.8548133906512,64.78323266056744,66.32572969635494,63.29413128483922,64.45538187227811,62.805588047006125,65.36162952507058,60.3227619159887,61.002309162941096,60.72213406381038,62.664590876212955,64.56879515180046,65.93948110929938,61.85502703893882,65.33588296165304,63.58878061135712,64.72180687998159,63.471971491392,64.6585613813237,65.4134454218586,60.90478510308984,61.23802626436781,65.12238170653613,63.335736461022115,59.22728579085777,65.77151732097856,60.4533716969203,60.28988219370197,63.58616249167781,66.50881849386559,60.86362570410524
photo_standing,54.70143203549414,65.58207355480658,70.65032661245472,66.79061410297298,51.47645117637853,0.0,55.27998335780615,47.574989648923335,59.42031099338731,65.35767560013792,65.2188212092111,59.70743691373815,56.80940690231238,55.79485907089624,49.46150003475151,47.85281201593578,50.97013869114051,61.08704097388171,63.43111278903601,60.46653011441136,69.17633213015748,61.001227844566614,61.70275085297664,61.61916302303722,61.956480448562885,67.09391306746603,64.37620530124788,67.55257251128006,57.57023308177211,51.13484131647962,59.56785788556168,58.80866255460164,61.365435773675195,68.69153356629525,54.68185799967797,62.437033783674174,64.57788558776936,56.36995727176858,56.991804670805045,48.5524688630148,54.19553184023994,62.09897691290718,64.38459869632008,65.52198703621661,60.18582774421797,65.58109046426011,60.47183325691681,59.44553101654385,64.43756840024388,53.42489619517719,62.88754492922386,57.70295148177515,57.06399109021737,53.719296328932806,58.383992657749964,54.891871168216454,51.111735658416535,66.47837006424847,58.64621036931898,64.75012514923928,62.30864863166359,56.654856661534275,51.76811196667262,50.401337798898844,51.67435641330459,61.41640998642248,64.84833375125267,65.7886892126781,61.03801803955879,61.885431311321874,61.68699965450231,59.73781509626607,58.989523807771384,59.85732316148054,59.23294027715625,61.60065682071704,64.00261479714622,65.11378826714926,60.56630767224482,64.4969479186923,62.73187212267465,63.5934804656358,62.50424037735923,63.92287955149925,64.58955367965906,59.76601845046253,59.9528316244047,64.28502801796698,62.419735876804765,57.93720260711227,64.90402375737892,58.845127142823735,59.10572122091254,62.58719963246281,65.73969797402475,59.50595164019396
photo_hand,55.57966242774791,65.42793295438163,70.44057442824474,65.89189506188335,56.82571135575637,55.27998335780615,0.0,54.27440048459286,62.3847942606686,66.42233564368618,68.61052643358578,60.86939358303734,55.49901357612634,56.79693913471987,57.32025590349791,53.78241839268088,57.240822907715085,62.971693522986335,65.82748429154876,62.52040993211365,71.65869862340128,61.72583453322698,64.13766025383454,64.73028973750523,65.44656577464225,67.18467886709205,66.30628464330353,69.35327363174724,62.685965112763725,59.434231642834774,61.469887507438635,62.58134165779357,64.90973089727053,71.39924042354335,60.361510036381055,63.920933089548264,65.02355303587511,59.10197415378853,60.57400360707336,56.38450160709441,57.874030522354715,64.1233914057335,65.96364222351262,67.15106600920463,63.48550178918896,67.71092369232431,62.68171115473328,63.455021356879,66.32067967413045,60.01068434235503,64.58619138995961,63.37842726916946,60.86327777111784,61.3418290764802,58.91301207967065,59.01225983897625,57.318293279485,67.4231562792286,61.84675037265037,66.24761425464833,63.89444168139556,60.49501619276953,58.41090133759449,57.14021993958095,57.38879752862366,63.881322425612076,66.56072809075751,66.95658046151408,64.04020526362217,63.1981560817097,64.32899648379008,63.70582585329743,61.667027271902356,61.84658550401412,61.37717343727903,63.99358568165073,66.08501714782012,67.01716200218726,62.70977001439351,66.34566334644914,64.6190143218531,65.67329999227675,64.48172818211256,65.96565863616144,66.76616941364573,61.90173430336398,62.22879489641247,66.05152595068307,64.50679071703894,60.65385123486681,66.92948094817906,61.42590156253987,61.43196897135112,64.71435845662097,67.84041799461288,61.77586086232735
photo_legs,53.635900574058084,66.34787988812356,70.88977364191099,67.20898491621669,52.2762897830602,47.574989648923335,54.27440048459286,0.0,59.57328122403071,65.87792924433832,67.13756180765665,59.33362331091773,55.5641765840199,55.076441739339366,51.84636153216944,48.327801236625156,52.495237791356644,61.57382234758118,64.83210694905983,61.66026704267416,70.24309089274644,62.22419593388241,62.494199823291964,64.49077975891257,61.952234386792156,67.28398685756886,65.12112751742706,69.34187065612815,57.55704705889605,55.6730284223427,60.0783661291084,58.47062053163127,61.97958667696114,70.62510673031333,58.051025679901784,63.06187303642366,65.50385409454702,56.05247426245214,59.658123171527464,51.319637951033144,53.78487219827918,62.84407618971255,65.31879291657368,66.29266812959773,61.60118104007825,66.90523906234849,61.39387456777707,62.123678937606705,65.18798837959022,52.00227328767888,63.22728866063801,60.50905594861472,56.33652703076851,55.94401916522633,59.686143033206385,53.71889127008901,50.882331110206074,67.44007657037476,60.30881702428129,65.23926006447357,61.67016181979968,57.03422458230645,54.6380857402311,52.7257044122662,53.13034830036143,62.09244853223263,65.75486706774032,66.21161549754046,61.33899851697875,61.099486704855735,62.1367983204025,62.09443910667143,60.051157192750146,60.49492921870068,60.02240127329459,62.582754559102554,64.71206186350402,65.89035065324806,61.33390015385311,65.36410194749976,63.57477481118254,64.43546031179221,63.335288604312055,64.81674793542804,65.58006991237684,60.65707400142199,60.7731845038207,65.2065374986203,63.14677602383821,58.56826328081659,65.78849608733802,59.72975112879123,60.04013609419264,63.5857225351936,66.86939853383669,60.53202167942936
photo_bird,61.13727251130283,68.43677951254209,65.10301280670839,64.9089374391254,59.179662635229334,59.42031099338731,62.3847942606686,59.57328122403071,0.0,59.21399676230806,62.66439633796772,51.05327162033309,61.279266861003194,60.24839081331131,61.133762250846395,58.23045632489203,59.98386306985968,51.27286876392782,56.810623297548446,55.34062270315079,64.6706743689693,62.783443417181516,58.15453208422554,65.36473783453293,63.403516724038916,70.06992326206667,58.024261379302374,64.17477061827874,64.77609601370823,63.68679362743292,68.05200312919727,65.94143044615265,49.549948445353564,67.90349408325051,63.39409575725113,55.745201427570265,62.99852980877029,62.768501496548105,64.30151777477263,60.9132638525262,61.132121963170064,54.69932017960465,59.030729135153805,59.7292275859928,54.261941715279754,60.06037349718426,55.58706595022337,66.2795972087616,68.17688753100248,62.80621061018274,57.68092768667523,65.83827728834822,64.16930292204266,63.30648281134398,66.6667788255801,64.78360133788036,60.734984782945425,66.01613906794572,63.603416084853954,58.458963552721826,66.20594006241438,63.66537747705776,61.97703667927559,61.43008310020559,61.71495049777541,54.635627839409416,60.80214205379187,61.63037558223806,67.98136244013197,67.00271592222968,60.20223226706478,68.02404321307688,56.18946383123218,56.73707598339064,55.629587324242955,56.44095899455344,58.79340563073899,59.89290035082066,57.30673542210636,59.33323684020421,57.676348054492294,58.57014453222961,58.137382747956636,58.26173781902275,59.44259481310496,56.389311433113015,55.90824793173948,59.1566866665359,57.54073230089944,55.88084176028426,59.89008778396819,56.57997513105384,55.267291614102746,57.91502178695558,61.183768649214656,55.80470831809097
photo_butterfly,65.82498293400187,71.34995498213632,66.44029777476591,68.49599379319358,66.17487318860367,65.35767560013792,66.42233564368618,65.87792924433832,59.21399676230806,0.0,70.710276634614,61.75755481291,64.9146335135549,65.66512081182897,67.24238703761272,64.81773403538429,66.45027313506174,61.89034684230763,62.64996917572503,60.66682807300632,67.1684499003583,66.69869306346432,63.824779334675725,67.40273966985512,66.1134695205646,71.66435157272079,62.35430606802554,62.86132186449981,68.86608487194218,68.24175618302597,70.43246289255764,69.52402922283422,61.01762907461694,60.7258205041056,69.3620104958187,62.39402021582152,64.17713888410108,67.36164046491002,67.6609700328766,66.60236524396613,66.13347563330542,62.609576044450144,63.13917663027319,63.16081462291236,60.75015749650934,62.009034300993235,61.95248885595467,66.29693143928881,68.69676286745897,68.66825594211178,62.37234374280771,69.30308155558662,67.19158245306949,64.9820800108257,69.12152843306943,68.71485953188125,66.29179668864853,64.18741431362794,68.08420012407825,64.28294472904489,68.82763875944725,66.92422518076415,66.1505360594216,65.98318557340654,67.30484663465879,62.965060117741935,64.33389775713198,63.72117798631091,70.2425237843753,69.11280129698292,62.82668197660543,67.60478929809886,62.794484806475964,62.603807217949935,62.050417502354,63.38418513358668,65.17572368363783,66.02213023170307,63.29081042901216,65.21966798934588,64.1947950106565,65.26587672124657,63.86042474018217,64.94672074624194,65.75160398024526,62.72896532462815,62.71025489532685,65.12598620858498,63.97035737040412,62.42000102850012,65.9908468742725,62.714142195249984,62.33872738162536,64.58011108644936,67.26792166740799,62.78926564328192
photo_girafe,68.70812857590641,73.64307475054139,74.18551909111434,72.74452922905779,67.28588480076655,65.2188212092111,68.61052643358578,67.13756180765665,62.66439633796772,70.710276634614,0.0,66.01865338674394,67.60791971906185,68.30696507082942,66.68012409879202,65.54254679006365,67.80387892620497,65.64697081181886,67.03696978852072,66.78737778011465,74.13160524127001,67.33666100720409,68.13167856294206,69.85660321747494,71.97352587499323,74.83923543397549,69.11243054906926,73.5411132065514,71.34925383827489,69.40675814673844,72.59864955308052,70.41818635774175,67.3906174957918,73.10120058450791,65.6560281124602,67.8372251984169,71.00063699802197,69.91090708520431,71.18819457706446,67.76631686537694,68.90443055104691,67.47350901107694,68.34846618101453,69.36871555925681,66.76380455269269,70.35981238853073,67.6698695336797,71.33629663720491,73.18197439126718,69.28354989462599,68.13832848349904,70.42058155608167,70.99947986375763,69.82428101528572,72.1092940148227,70.10277312722954,69.11044992951628,73.4006434701426,64.11795339708254,69.62536104147236,71.99797176984428,70.94675154172454,68.49489042926366,67.47399333661683,68.89219335833545,67.25035565525266,69.19426403664382,70.21874424368126,71.71410463838595,71.214424424856,68.39927985197616,72.32477414631394,67.79796417316379,67.31165631671776,67.37761771919122,68.30638308176121,69.31741120882363,70.32871834301835,68.53190052534573,69.9290752673465,68.7933660089656,69.08336477682762,69.08168352024309,69.24242371171684,69.99113713332328,67.73010894956167,67.45341718699264,69.56099391058304,68.63070509709017,67.26580128421645,70.35319717978685,67.77202623996477,67.44949185892247,69.00365303145782,71.01743668638439,67.56100472524874
photo_fish,60.43410833702644,68.63543940980868,64.88674738198686,66.7387623421128,59.027000788407065,59.70743691373815,60.86939358303734,59.33362331091773,51.05327162033309,61.75755481291,66.01865338674394,0.0,60.68792509932223,60.11822236428303,60.76710459477715,57.26613502868852,59.792168787113404,49.98300749239789,55.78962088912541,54.44295777621322,66.33103689803028,64.30560689746297,57.1468378189995,66.85076927175294,62.82050833184788,69.4357375552814,53.731607363223574,65.00046878212703,64.74813972890276,63.368082802577334,66.79488542027809,66.03712674379005,55.75726562737257,68.23821537600806,63.58823469147461,48.70916703850387,62.834419151534334,62.47823502062114,64.52679775028501,60.20317827078735,60.10869416291814,51.97648681076503,54.89349035028022,59.30850432960016,51.46737535578533,60.7119014343717,52.72085831163544,66.7353163009569,67.6550958082262,61.71761075242656,53.50614936744833,65.43580484322328,64.18434843474151,63.2938347334744,66.50841482437737,64.09417587316848,60.06823229653775,66.48948375577453,63.58693665405226,52.44302589954559,65.94695195793989,62.02715804292121,61.484740641106846,60.91277610797296,60.45935136102964,52.26781414018452,57.48689454761125,60.1647327140864,67.57950834150911,66.48000872613076,58.001243486143814,68.20665795358612,53.0575291745583,53.27101411085328,52.349225094049146,53.87845492906077,55.32310652577564,56.45625726857685,54.00159497353493,55.74326042351976,53.887670596465,55.39027811485797,54.61943624913009,55.20565599631397,56.010140893884945,53.05233475618865,53.247209574914145,55.26631539525495,54.03909347662724,52.628916481530574,56.20629484304673,53.11120756554958,52.43903940931138,54.268225108422,58.138586236915195,52.894939243778914
photo_cherry,57.433273889785795,65.7487225039239,70.82253896364652,67.58602190620309,54.2201084539394,56.80940690231238,55.49901357612634,55.5641765840199,61.279266861003194,64.9146335135549,67.60791971906185,60.68792509932223,0.0,54.081968680034336,57.68466647592699,54.369300631856404,57.68442540474953,61.8882681443033,63.98753496639416,60.1220414911049,71.28581409481878,61.69053314025666,61.20882878224732,64.16744909913342,64.52266559309837,66.03580063210372,64.83689266838103,69.68715935046954,59.689873446630294,61.20861828605296,63.429072581002835,61.99709171840102,63.43821911842482,69.8467895470136,57.70571938894895,62.46280045960476,63.18423476397828,58.241174694655285,63.70859661845973,56.631219254538685,57.6977052652254,63.13745504800706,63.62486916989065,65.00713251804828,62.50619229614286,65.57513125225194,60.47047895472247,63.42269523960725,64.78173390997361,59.75542938691421,62.74051097905731,64.2386980591157,59.459749534224414,61.6834901109719,60.90422869632561,58.96310375792106,56.95739032511504,65.76076218450575,58.76547932839891,64.83674850525243,60.205246885440005,58.776297761281974,59.48249946464617,57.57019660328743,57.693146530264954,62.66333280280211,64.83722012902383,64.36014248308352,61.724299838495774,61.797241996982365,63.18078077413033,64.14099133189531,60.98794612062691,61.085402805668444,60.72626892654607,63.407411420617535,64.95526579398005,66.26138316643014,61.67355278246996,65.49722796594362,63.5405713458795,65.27133227670323,63.39655071772714,65.09742390427704,65.55020698147639,60.80184997279484,61.1760484388263,65.17527957988597,63.69212277990094,59.601595723120795,66.08034005872305,60.54278503101072,60.60189975536439,63.81715111809855,67.3248912309719,60.97099487002229
photo_tree,55.063023481455076,65.21474753396035,70.12408620327832,66.7718206063658,56.32651930030956,55.79485907089624,56.79693913471987,55.076441739339366,60.24839081331131,65.66512081182897,68.30696507082942,60.11822236428303,54.081968680034336,0.0,55.06564382800203,51.42768915536193,52.67163754522622,61.71958425348233,64.20636820595895,61.43487909823819,70.16657447523676,59.33832789960857,59.54152082828063,62.8156959026584,62.044744795540424,66.86009325617343,64.90839197617075,68.2644833480723,60.70270197918974,58.88103541894807,64.25044981055541,60.68624327171067,63.0552721922252,70.1794110804682,59.09367877273314,62.72074341030614,64.86578382821914,53.66996455366878,61.709870771699165,54.91935535566941,55.30634325478502,63.492296409073134,64.64053251773325,65.7594190485845,62.45108406695944,65.04571369865741,59.91754890366335,62.39559567827018,64.31945513624028,57.92603387711049,63.62086275022051,63.37447394232144,58.796460961156235,60.180458981233016,58.817838066314145,57.38837869604622,56.04794617296195,66.46124912137294,60.718671151941976,65.27530326463774,60.613991359909974,55.07841735077788,57.038869101639456,55.22280656882981,54.54576146675939,62.79930192433283,65.02554128880168,66.18048365070518,60.90650839277876,59.12704319129178,62.81015845311958,62.48721975731667,59.660703759348216,60.6680653960347,59.91630868575481,62.76706149699005,64.68075733465201,65.80302447331523,61.15220156267007,65.09707524540646,63.142745889647706,64.91708761226386,63.19590113841952,64.75250974423663,65.21469287251857,60.338553279208256,60.59663401821823,65.03126406096297,63.03986138945166,58.70325547433719,65.89494777520754,59.897866126642086,59.89822798885573,63.32892095508698,66.95308284700734,60.46748737695223
photo_flower,55.65570386424487,67.76907758560958,71.57289744142388,68.52035117023382,55.96406776910636,49.46150003475151,57.32025590349791,51.84636153216944,61.133762250846395,67.24238703761272,66.68012409879202,60.76710459477715,57.68466647592699,55.06564382800203,0.0,43.09893839107217,50.15411751735832,61.950328679264004,65.14580743703576,62.4492286375533,70.97306014656867,63.39574148024699,63.433641513231116,65.88074200350837,62.71992339029154,68.582417994546,64.97676008440523,68.86622892136806,61.50496311037661,55.223451987176766,59.86552460101924,61.99469009757476,62.90899109184722,70.60012828576605,57.11553682941436,62.907101723039446,66.5286751137621,55.31949829969748,56.02381356667388,45.95443961439875,53.28610512091258,62.91217206069518,65.73091573034417,66.87321392924571,60.58270067097876,66.80955450772451,61.25840515886049,64.33420239336009,64.46359442283352,50.707383812482256,63.009101588712845,57.29153378685781,58.28812885641498,55.76202939181002,59.69167468595887,54.64298347736994,51.65206945648971,66.59124146959604,57.92788094918314,64.80927610403262,61.69635254180048,53.96856767860878,49.031648186243295,45.20284835492831,50.142472240378964,61.70732715974677,65.2842387667108,66.58879230754268,60.286736999975794,62.53141111989402,61.41244340777353,62.70895505506051,59.15226347507042,59.938262745523474,59.20801729142093,62.0613884269446,64.26824730689052,65.231704005793,60.38697070848577,64.56210982902095,62.92293102283091,63.77413900923185,62.61740704367717,64.16548491190255,64.84753166082643,59.413777992512216,59.85693187672338,64.55502825542159,62.39287041976292,57.67936770248515,65.25176180254076,58.78486617366297,59.27051095197282,62.625905076154986,65.91849726324676,59.5537185293689
photo_carrot,53.35457072093161,66.35547365129769,69.05869825912797,66.09311771767452,53.64758905548285,47.85281201593578,53.78241839268088,48.327801236625156,58.23045632489203,64.81773403538429,65.54254679006365,57.26613502868852,54.369300631856404,51.42768915536193,43.09893839107217,0.0,46.408766752795145,59.13009626887429,62.730991627429496,59.886097687455546,69.13912628533477,61.2994226869937,60.22684729107738,64.50555373044456,59.94940422525195,66.84724186091213,62.60936303344357,66.87899078224349,59.80091175707744,52.48393283778692,58.24728842051512,59.222698310453694,61.163277083053586,68.66902952249919,55.39199246628642,60.64232577207639,64.33828380011356,53.17932338610091,54.55106266991339,37.19851379390505,49.49943231402535,60.387763029141155,63.25699062468493,64.78172685108261,58.311712836652994,64.5944251710466,59.00986472517484,62.53727227752257,62.89382783291205,49.360633381868105,60.500731285209554,55.82687311677136,55.310559236151455,52.77598680625161,56.3402301192198,49.81954493062708,48.257753454928284,64.36915667462718,55.47617420496838,62.33096354812832,58.11930527225325,50.52337221447156,46.639214274565035,38.70660058260623,44.327912305647395,59.09437255921691,62.65159307649282,64.0159827842334,57.41941920480772,59.20904777294104,59.24027798777431,60.278453129086586,55.87924423949445,57.178671626359815,56.175950826603156,59.17198330467944,61.84426227138341,62.863396521256924,57.50622862184566,62.3205640122466,60.21978225674791,61.328133796640294,60.08385838685404,61.67771874192711,62.40743173862124,56.9167524193683,56.750549461872055,62.29451053884028,59.88641865282827,54.55293104117885,62.86468568905734,55.52280545682499,56.3459143479549,60.02863918515029,63.709057460653355,56.597507749070274
photo_watch,53.13422810505269,66.75911538337218,70.23846731791066,67.43257480861395,56.80829998801943,50.97013869114051,57.240822907715085,52.495237791356644,59.98386306985968,66.45027313506174,67.80387892620497,59.792168787113404,57.68442540474953,52.67163754522622,50.15411751735832,46.408766752795145,0.0,60.86065826235002,63.22501922092529,61.04848709383391,69.89143171830902,60.630880546418325,60.51909170439873,64.3679519073202,59.79806655743573,66.50004927069546,63.38358845402636,67.28575367443736,59.66864553557353,53.14149469730874,59.82650972112533,60.13684552506103,61.123094283271016,70.59163211331034,55.92084122606241,61.441145895835106,64.83464008238198,51.61897928122715,56.7144274665856,46.82701613453877,47.586503283817294,61.35847518800737,63.54996760806356,64.74897877797144,59.755691460865386,64.33280576418707,59.12828376091561,60.8898249234759,63.169443574062605,50.83367626711704,61.236545336920805,58.00837627277718,55.153687928663615,55.212826023966656,56.531298004642544,51.64731912321969,49.37277951012422,65.92382045306476,58.1779434734227,62.78904332118813,60.26095405422453,52.57968666609053,49.92848761812903,47.888950736538725,44.0870558965114,59.926430622868246,63.40146780121347,65.10410573200788,58.3544796016572,58.09760377407299,60.93309048307318,59.37539434980088,56.697750419697975,58.231494500752085,57.468284536144985,60.38017679477396,63.179656791719864,64.08149294318049,58.519939164727035,63.343397110677216,61.154951005987925,62.70126287928693,60.92283905554962,62.88129010284647,63.325593855143865,58.13051852456931,58.08059953746054,63.32821486239539,61.00122241638868,55.37966309908263,63.895911356248874,56.39679421739981,57.507308714135505,60.91207384939823,64.95684527069348,58.096276349018396
photo_key,61.85479365999835,69.39238137245039,65.00304379927506,67.61395080727917,60.66879596226972,61.08704097388171,62.971693522986335,61.57382234758118,51.27286876392782,61.89034684230763,65.64697081181886,49.98300749239789,61.8882681443033,61.71958425348233,61.950328679264004,59.13009626887429,60.86065826235002,0.0,54.338015262978246,54.246161597475,66.50961139663993,63.990303558888534,58.88268193286961,66.89771438313804,63.013368865825946,69.82359812259016,51.48141613492401,65.33930511329528,66.03866324604796,64.123100825329,67.2357476924028,66.81562089252145,54.98327659164834,68.1270729435361,64.67616512955927,52.60113928362403,63.04508437571164,63.79815747261106,65.01267038959207,61.32127998812228,61.26746984229277,41.433293928659594,55.72165852435452,58.156265349489516,51.95687737146676,59.1849129427264,52.90915513102465,66.81822666169806,66.05074673149487,62.867819885607574,49.875458148179106,64.92663534123648,65.11406601740877,63.85762098094891,66.39026902373621,64.71562147413867,59.566258509097096,65.22892269004159,63.43053766858405,53.68225941482571,65.9051111903169,62.801121917229175,61.76800707792369,61.29632172445448,60.79788854549768,42.20580017470961,54.82427431304742,58.17840907628158,67.38043283200996,66.49165696338572,58.40491418539126,67.83781759782431,51.23477558177741,50.64547029401661,49.49587060109838,49.88654634952926,49.96444729947465,51.207193213200654,51.68389000536543,51.37534398848111,49.1773640489066,51.39680342793556,51.21593169140311,50.10879473635442,50.87686857028889,50.169404266918136,50.217553557543056,50.63439789523904,49.906163845164535,50.82770177990561,51.23209746608218,51.85377609420234,49.21454292832875,50.467757742227505,54.44506154050676,49.70013477558729
photo_truck,63.59770339812855,70.4164868619275,64.52416087494372,68.3265230618677,63.3876459530185,63.43111278903601,65.82748429154876,64.83210694905983,56.810623297548446,62.64996917572503,67.03696978852072,55.78962088912541,63.98753496639416,64.20636820595895,65.14580743703576,62.730991627429496,63.22501922092529,54.338015262978246,0.0,55.76909126478272,65.2168514321036,63.193316157087224,58.95077148185588,67.12119193763208,63.0751525442137,70.12106227949293,57.08406741133551,64.25284448100975,66.75250837311765,65.29289218038421,68.47874310381852,68.07444982655379,57.843111829720044,68.00929450807361,66.56356166954663,56.1676249818081,62.482685230872505,65.10107500578272,66.71714270674921,63.31320277431438,63.12346393374445,54.23853434718056,49.27118501940313,56.80415718188095,54.90513887128235,56.26137100480305,54.4262657152025,66.86164802737463,65.95108385933767,64.77301242342264,56.54030111754173,66.99014024887201,65.13589637186452,64.60549876414149,66.82633208345547,66.50639859695552,62.41536237021947,65.51621091997268,64.88072026309453,56.20686287379102,66.7400089725762,64.72297267660343,64.08619329827035,63.30409216394819,63.30421704222849,54.39767744529464,48.47903215335241,58.024520211102995,67.94399091023125,66.20152835908614,59.85033062289523,68.76667512689835,58.1309837375009,57.320302360605076,57.23187717930612,57.73804047689407,58.06643525370311,58.7311254337562,58.153444303748095,58.81829785995408,57.88237683717209,58.25639086136713,58.80288078857061,57.65828872623332,59.01928497021996,57.74550162465217,57.39937845457248,59.103813760792754,58.39223250072145,57.60329135554748,59.05941710599093,57.753676691316365,57.353796071936614,58.28671239367296,60.78374176306989,57.374027942194104
photo_velo,61.37628094592041,69.53262147311786,65.09463338943182,67.94623647592073,60.55444503190912,60.46653011441136,62.52040993211365,61.66026704267416,55.34062270315079,60.66682807300632,66.78737778011465,54.44295777621322,60.1220414911049,61.43487909823819,62.4492286375533,59.886097687455546,61.04848709383391,54.246161597475,55.76909126478272,0.0,65.28770929385293,62.680468154027956,57.65465621048722,64.72676213942492,61.672862563848675,69.38287996168556,57.021408625315765,64.49064647183798,64.2063320685029,63.16479629337925,67.01405026901841,65.9253419038877,56.796787000343016,66.45701937703126,64.1085502413133,54.630456187234074,59.18516528509438,62.46187748057715,65.10939845456754,61.55199576472598,60.53801319238472,55.00127852542649,55.26699038732442,49.73109068625827,53.77678819189231,57.710590802417315,54.23202298641116,64.3676135064986,64.81350638663129,63.27819211535489,54.951827876971734,64.98828719981672,62.51768084537003,62.21719913348118,65.59226550814336,64.3010136271736,60.29504824353997,63.94193893392666,63.42560357573465,56.94383940439522,63.691559591467346,61.82807702460137,60.85898984203193,61.27218871708589,61.64570757769276,54.92755422242714,56.618238474362656,51.063544236214675,65.28612165298824,64.62788908196556,56.957859467908634,66.13261423970943,55.439052643235996,55.4266909044226,55.302699321130234,56.668317035196154,58.606590850036916,59.53723816054319,56.72164799593694,58.682824874405185,56.637882966638834,58.784647340122305,56.62349694302391,58.398021957120534,58.47289541355017,55.68153554223722,56.12561208249418,57.75605876781358,56.95264349922415,55.63412632321805,58.99526423367368,55.757453024186304,55.23073486296437,57.443055891954856,61.13110907789424,55.45753608667749
photo_road,69.9183241700166,76.34310263345546,63.73377307171555,71.27174729943192,69.45899021566008,69.17633213015748,71.65869862340128,70.24309089274644,64.6706743689693,67.1684499003583,74.13160524127001,66.33103689803028,71.28581409481878,70.16657447523676,70.97306014656867,69.13912628533477,69.89143171830902,66.50961139663993,65.2168514321036,65.28770929385293,0.0,69.55109102271788,63.65655063181501,71.4824112153763,71.10759375987647,79.04053914952381,68.64046082209646,72.44882250923871,74.06914177095544,72.49878252693205,76.5425387074932,75.50993765409285,68.66619838853285,75.21487789749438,73.47747071986616,68.34552535952209,71.01714930376092,72.00749155586715,73.04645061155327,71.07580821450601,71.57236286673846,68.00253121058957,68.39468452301934,67.87332393193032,64.22301044709789,66.43787430209983,65.29932727083398,73.30960657182715,75.0031762093403,72.96724676083772,68.43093832298025,74.25730326328654,72.58352299725011,71.93832860830358,74.69118019951772,74.09752503928306,71.03307583834145,73.11604838516429,73.71020173351776,69.81749569176773,73.7474318243319,71.08620184238131,70.55920730292556,70.79833629591288,71.42848027562883,68.12064860440955,68.88506399608204,69.87411607450159,74.82146351852779,74.54865662043136,68.89254633334951,74.60867585630562,68.14756171962622,68.42289054129398,67.7562926973346,68.80455340476587,69.41312517920187,70.20095149610852,68.92177052130006,69.9161953959097,69.18550423299948,69.60113283394759,69.75799073884981,69.1944803248564,70.07035036305076,68.34817581443008,68.33605596548847,69.8871600331119,69.0546661959655,67.93380644730102,70.36172145709867,68.14724503049807,67.63717040536066,69.16545364898965,71.2971041445854,67.74762868188533
photo_house,59.54351298430651,63.873314644356,69.71584817739344,66.1322438037133,62.6885861914215,61.001227844566614,61.72583453322698,62.22419593388241,62.783443417181516,66.69869306346432,67.33666100720409,64.30560689746297,61.69053314025666,59.33832789960857,63.39574148024699,61.2994226869937,60.630880546418325,63.990303558888534,63.193316157087224,62.680468154027956,69.55109102271788,0.0,64.02626190301132,62.1186715476029,66.22367908503487,68.4282067934057,67.105204751827,69.00496311454323,66.40522922576756,64.29351507148631,68.86873301265119,65.70800052141739,65.99731641150765,72.39384949780538,64.67077707972754,66.04643746299759,65.13721283492005,63.77681837843148,65.70718775713786,63.1252970805015,62.69493140671575,65.5208126103765,65.64640011898157,66.12813005021992,64.29758761422714,63.99481000958921,63.92708412717488,64.65451191596182,66.31662170772782,64.91919246893963,66.382711838978,66.81253482206385,64.49177021526405,66.28919415337472,64.49898342758958,65.52754377308405,62.74232781071844,69.41863749865726,64.86466799312636,68.07347797163585,66.07451951017352,64.76848113789566,63.90867518371898,63.374719183532854,63.6092157110152,65.6211800342364,66.71245090992073,67.77841414097738,65.83176233374478,61.62120737129601,66.43465571528876,67.42827574851438,64.58828258613691,65.0951958426481,64.7303735251399,66.21326329492464,67.92671171761451,68.83588733156175,65.99690219031297,68.33806703092807,66.75704644503625,68.13125591469277,67.00885438820835,67.87862857490246,68.45944714842234,65.30321156255047,65.19940627496813,68.05004644077421,66.78487252216286,64.30177808875996,68.83279084966405,65.21914313200803,64.79509317134485,67.09386381903076,69.98049538360637,65.01748310721325
