,photo_face,photo_profil,photo_eyes,photo_face2,photo_walking,photo_standing,photo_hand,photo_legs,photo_bird,photo_butterfly,photo_girafe,photo_fish,photo_cherry,photo_tree,photo_flower,photo_carrot,photo_watch,photo_key,photo_truck,photo_velo,photo_road,photo_house,photo_mountain,photo_windmill,drawing_face,drawing_profil,drawing_eyes,drawing_face2,drawing_walking,drawing_standing,drawing_hand,drawing_legs,drawing_bird,drawing_butterfly,drawing_girafe,drawing_fish,drawing_cherry,drawing_tree,drawing_flower,drawing_carrot,drawing_watch,drawing_key,drawing_truck,drawing_velo,drawing_road,drawing_house,drawing_mountain,drawing_windmill,geo_face,geo_profil,geo_eyes,geo_face2,geo_walking,geo_standing,geo_hand,geo_legs,geo_bird,geo_butterfly,geo_girafe,geo_fish,geo_cherry,geo_tree,geo_flower,geo_carrot,geo_watch,geo_key,geo_truck,geo_velo,geo_road,geo_house,geo_mountain,geo_windmill,word_face,word_profil,word_eyes,word_face2,word_walking,word_standing,word_hand,word_legs,word_bird,word_butterfly,word_girafe,word_fish,word_cherry,word_tree,word_flower,word_carrot,word_watch,word_key,word_truck,word_velo,word_road,word_house,word_mountain,word_windmill
photo_face,0.0,56.76027806609038,60.811074987821776,55.72648298523218,56.114602084777815,53.36647151570128,53.905495168784945,57.13847093299398,59.8988981492976,65.35571824689386,61.94984878785227,62.415626517134775,60.88699027338026,56.78813401413672,58.182200677320225,56.92168549443443,59.01493522416851,62.46728022010661,62.53469693168338,61.570855043159234,64.53643632362399,63.604833647945874,62.789669320757675,64.87451869655415,55.541522298350756,59.04856136156654,61.230422064079114,58.064010087288274,58.145165508831106,55.82216798197121,59.65751576449388,60.255485911636775,60.87744885692527,66.62102316870605,59.587944942452935,61.16279276925638,63.222542848519254,54.32946882745507,57.083192213229715,57.07914415157898,55.52867532931204,61.80270597305464,63.14361773600744,62.962494221597694,60.9315345673609,64.45879731613825,60.223732154112525,60.90600126825189,64.73469074387872,58.05740204552938,63.78819093188611,61.99135587075981,57.05649918797051,59.17265269246197,58.75088478895401,57.930211209680365,55.84446742092935,62.083652729483056,59.80254303127872,60.98870116890727,58.82542968433535,57.112376743689865,56.28848318314728,57.280321135561216,55.36664876414426,60.88934043814225,62.786482182005564,60.430954459310826,59.71243570490246,61.30833754836186,60.340319271594815,60.953867072302685,56.5551533685576,57.421131398090196,57.75800992222151,58.28105754926011,58.90540832518745,58.286996250324606,56.868334958283185,58.79580755765141,58.63095956087201,58.47485511284187,57.104676790203875,58.856382252920106,59.298662649037816,56.85773596074117,57.05216070363567,58.556244701413235,57.898185376569714,56.06799947875936,58.24261653490878,56.99102013702587,56.632151266649224,57.77007913926821,58.99689456187397,57.05375570609943
photo_profil,56.76027806609038,0.0,63.67401728290831,59.38932657108324,60.37160446228006,60.404467136796576,60.56129720614019,63.47878233931991,63.40402906513334,68.19479073459287,64.55683765143286,66.32771274305503,64.5865598076448,62.28699153299206,64.54501744962658,63.977501482204126,66.66437473211495,65.93502592763416,65.66959631293044,65.67363899725679,66.88072141912592,64.39290418823887,66.21245487147236,65.52285065792816,62.50953274535573,57.75053915181016,64.50714733624291,62.130844598432354,61.83143942045146,62.62954506421563,65.1911865234016,64.23188726877405,64.02259657580491,68.73821281485631,63.57368449779607,64.94730728013829,65.57066580302958,61.6239776298631,61.62904456858549,63.05980405473443,62.4242024803289,65.27343968909157,66.48517066735157,66.03279799412782,64.72451019865046,67.32942648091755,64.20147419981731,64.78189116865497,67.02195036986878,64.59945492568335,66.92017862023555,66.58712413469358,62.358477519175565,64.16166761735349,63.387445961064365,63.305860038693815,61.489171774340136,64.88594980375832,64.1175177883641,64.37304276995572,62.674035618131605,62.87110281053547,63.02556745051901,63.78068272377294,61.901035132985626,64.44646733719068,65.90785210921658,63.54118150508759,64.04529123560391,65.17684698831613,64.98207223959561,64.77885865913626,61.93603783151953,62.670660592484246,62.83337200218468,63.381119758254385,63.37044552632397,62.91452872936898,62.09542387384554,63.26393046410022,63.16845050606208,63.465789637646324,62.34255636412187,63.64139576457855,63.81196017236312,62.387900595495196,62.380196350490834,63.11329485518755,62.76171211586031,62.0221208956513,62.87064272169843,62.646399815996695,61.809044378536186,62.85072438113736,63.23503489745378,62.38990688170794
photo_eyes,60.811074987821776,63.67401728290831,0.0,57.2939612640355,61.691972663841746,61.27957789609843,61.19722057049035,63.447141520304015,59.79151323021673,63.49915305637017,63.28059545831722,61.995072638076614,65.14092737079241,62.93426764729648,63.65348962436427,63.42344394818143,67.15078197758105,62.14739251125693,59.675843429327095,62.362820008340364,54.60948660369874,65.88897622736329,61.16388870132277,66.32028223604715,61.87849888519848,63.72773886749264,58.81409805511962,57.62652950568226,62.85719128302081,62.08839899023805,65.81817399240158,65.07251651073554,60.87779623055987,65.59092284122683,64.5120572891079,60.53189247390651,63.363205083501256,61.33228827518469,61.6899745992798,62.33217652643885,61.792757889399546,60.56934433560715,61.18106613080957,61.16784522317401,59.61762384748599,61.67794143076779,59.487357237771654,64.87356836741702,66.42522988424119,63.794098149898524,62.98442538185735,65.14861660158819,62.251766390230365,63.509802007022905,64.16367982637307,63.0611194216084,60.75727787126833,61.56300517904969,63.25152849707579,59.92852528348908,62.42013609691355,61.761336218620144,61.923585370303954,62.50953766251351,61.056331517381764,60.4971685251361,60.11266934592501,58.382349219058796,64.1423905728046,65.81724354630589,61.16922156947578,63.94116844612214,58.01291053566505,58.62961068814178,59.369056765866034,58.845727300539075,58.370141557671076,57.73994391128868,58.244328199784555,58.6256979841664,58.69972229447666,58.490322427434116,57.859863080683496,58.30480926523553,58.80978929135802,58.249754881437404,58.487595391505984,58.41870657284124,57.82213476747869,58.39214692563271,57.92850649045827,59.04965136825762,57.69713106693056,58.01901540492723,58.90773138461223,58.24598389277084
photo_face2,55.72648298523218,59.38932657108324,57.2939612640355,0.0,58.6543833588095,58.00896411496734,58.0814812551339,60.877254699334614,58.801649650088834,64.33816627228617,61.48492320524551,63.17629006339462,62.57777825877956,60.13551717969017,61.93242322666933,61.568423405679724,64.63359545262392,62.68503210605221,61.50733456210521,62.812904494486155,60.58243988397283,62.96978613509065,62.409534973875,63.792239635551596,58.77369399452241,60.51374378603605,61.291357461924484,56.00292408358655,60.40648971265493,60.21419650586743,63.52103800265831,62.349062296170985,60.476133357615595,65.09192730619814,62.51524092638172,61.880060518816016,62.27058248618998,59.451558323798224,59.81544266205182,60.843328193320644,59.61504295446637,62.23080674814657,63.18448616911235,62.68630721125539,60.718117667434015,63.78316134860843,60.96206700143138,61.94925159318936,64.19689852135326,61.83331933053128,64.0141088151283,63.26510176490971,60.31971670390677,61.54115664989092,61.779708386045286,61.38507688916274,58.692758456562736,60.44910231858959,61.151359672218945,61.34481174198757,60.57310614411823,60.29996643051346,60.30330543966532,61.433988100273496,59.5643704715626,61.42130020675591,62.560655021547326,60.31785878957493,61.67553126312322,63.81988871728731,62.04510060071465,61.284700630813106,58.70574986393556,59.221642683396844,59.639411695720256,59.87118934816171,59.74643022711558,59.256584373545664,58.59910803353329,59.786712860407555,59.76185717371605,59.97845693234617,58.715226752149974,60.02433450466053,60.18490382696593,58.7987826926736,58.84559766170009,59.67119742032194,59.039606528585665,58.6016849343283,59.2648415195889,59.52419215385681,58.281251364422324,59.15952565099368,59.697534842652345,58.756359715528376
photo_walking,56.114602084777815,60.37160446228006,61.691972663841746,58.6543833588095,0.0,50.39687749597467,56.38240408260748,55.56416732766444,58.382536867859216,65.29211943052303,60.49841058429683,61.86739229600972,59.07363437846365,56.31353556544654,57.852479555833206,56.95255301486533,61.919209389550794,61.39454766982774,61.62578468126145,60.84596551073465,63.50356422013415,63.80148563137481,61.15735064582283,64.51886307564338,58.64792819554876,61.08986489138403,60.43462747153833,59.74978535533022,49.87587015723403,56.05065773379935,60.81328087962212,59.32739668212745,59.89916510170911,66.2340957539305,56.358444471376586,60.288199504731125,62.78562550273477,55.68888448505006,57.53948840921231,56.62906280206143,56.82888954247381,61.28111613504511,62.05327102470287,61.34867867840503,59.68717845529732,63.988399262720684,59.444885786716284,61.58929227113975,66.51292479614311,58.74017053612474,63.65827895790791,62.515430913646554,55.29345045343945,58.75371145887852,58.63041703010574,57.83856422823527,55.209319837581184,61.90329091554453,58.09529730873271,60.852029889378684,57.91591315229465,57.39666977071133,57.9995172132768,57.618250660048545,56.05534659111339,60.55670096211317,62.189516985741044,59.570462112304476,59.90765420503346,62.48723130231692,60.55712920846919,60.912976216750195,57.32578646289307,57.92792299137395,58.322130668085165,59.39228327594262,59.308542545872804,58.74304693746284,57.35086381769682,59.30227984232477,59.25696852355766,59.036433695181316,57.945320508162695,59.51860982543813,59.84686116614155,57.51981036138357,57.56204402972067,59.21420348147307,58.42608923090599,56.94021860760188,58.72797594308669,58.304285548323314,56.89453339994917,58.79947940674196,59.21025873688163,57.397559751444156
photo_standing,53.36647151570128,60.404467136796576,61.27957789609843,58.00896411496734,50.39687749597467,0.0,54.65040328437724,52.30376714204898,57.41570463792597,64.11481271112305,59.375615180701516,60.848739783921154,59.51541729513462,54.99982404917877,52.60625634106159,51.61171125162919,57.78273701980242,61.05814217723777,61.15996406991915,60.41864743451545,63.33319309170676,62.80957307218778,61.313012551956284,62.9740905413149,57.510494753771546,60.39235973310782,59.976213786594,58.18987128060606,54.05217780233989,50.57510206706113,58.021627769265606,57.87171871656955,58.720234866860096,64.84702083222288,56.172465877454684,59.6362089714157,62.01516029750482,52.581342640306666,54.25609798830516,51.5957340090628,53.41923940817344,60.4891964317322,61.56700978109658,61.28510169198248,58.23365329823901,63.33768196567213,58.11849680686441,59.87033578942005,64.75447736589464,55.08393595637794,62.92512270655015,59.28086266601163,53.96596119791075,55.03890395388339,57.20605240209501,54.28618266318094,50.776190987997225,60.01969443384953,56.19549744343887,59.96358528128278,57.05123007610809,54.021438060212034,52.937074828518824,52.60472118639172,51.755141070821985,59.62535223171106,61.02301390697724,58.82283251888927,57.469596490714466,61.43600332904322,58.55556851861242,58.31213909436955,55.481312040956105,56.24629451721819,56.8246890727216,57.45178898569467,58.148640560849714,57.542794520739506,55.65284977360145,58.142269531078185,57.94483505855347,57.55399466998288,56.43754163713413,58.14593604802506,58.394400174090045,55.72154813897794,56.02986077569306,57.98437771698952,56.918032615480165,54.89212960117341,57.340799805838316,56.39375853626257,55.18187655215385,57.37894150080256,58.443128065279005,55.7961966738428
photo_hand,53.905495168784945,60.56129720614019,61.19722057049035,58.0814812551339,56.38240408260748,54.65040328437724,0.0,56.37851488857321,60.14533351273949,64.91547649733333,62.22129223586876,61.84606821755651,59.15849144434024,56.371696958477635,57.724109892792605,56.7665272756054,60.125689756024045,62.48343590801176,62.63685799943377,61.98824610410382,64.00756416099514,63.87124176395467,60.75291165659104,64.32293287789918,58.737728104273685,60.634374007611896,61.09110675121438,59.22748910956213,58.283439069836604,57.217147230646525,55.78305472807093,60.33802118965127,61.3962393464862,66.15569685952366,59.07000786102033,60.91365204759402,62.01260689300832,55.58050225170061,57.010899647401004,56.611368170499176,56.05148251253293,61.69519819614375,62.68889736848537,62.32277415683501,60.511174020646045,63.99477079258586,59.69623177621276,61.292202759033124,65.84463585941674,59.649476053663825,64.26868435463754,62.3947910235712,57.73521464399917,59.89714656326506,57.09601837951803,58.085315756549385,56.13659067933309,61.18092483969897,59.08644865345384,61.24399723156093,58.77601259821099,57.125118760140886,57.04175325259843,57.313587421410304,55.64681300236705,61.277893195441564,62.46713339770642,59.97472750197105,59.93941860787625,61.68511783493147,60.39735020090365,60.80125669215131,57.45768649374368,57.871829306439984,58.363675888611,59.119853661297164,59.37432416308391,58.75769604823212,57.53439002607825,59.5310430215102,59.472519305059016,59.28022492355052,57.94362803145389,59.4709867622616,59.502261333463316,57.519861065831726,57.84023419473209,59.1253833892922,58.57989386865951,56.84866363946713,58.73690163916315,58.04372440130236,57.21459786864883,58.828757782841635,59.82702100706135,57.620918124245456
photo_legs,57.13847093299398,63.47878233931991,63.447141520304015,60.877254699334614,55.56416732766444,52.30376714204898,56.37851488857321,0.0,59.55689940768306,66.14051694136903,62.38529486152022,62.69920731664509,60.34246862413834,57.64575283357648,56.40272190140909,53.879455266794224,59.98352406313234,63.14547013662178,63.78541881613454,62.98718516676439,65.60904523198792,65.53714506602552,63.660479123716954,65.66721530910718,59.88747715390995,62.985021076305394,61.850568362276185,60.768628965705254,58.19310949536415,56.2434855351071,60.454345573518864,55.88557772571509,60.52443501411301,66.97795910525527,59.19569496191245,61.64198378227771,63.041475744801545,55.692295213171505,57.70753527657864,54.48975845193028,54.63589646411378,62.57161989872477,63.793989403039795,63.13545033780127,60.76698689107691,65.7529780498987,60.53841407227297,62.00233643115538,66.65383072342019,56.98311501322004,64.69072776241603,62.20013353226969,56.75586209411809,57.927264109229675,59.35058339069846,55.13051363033794,53.73842615433185,62.020859765014855,58.767927632235796,61.756082156080815,58.10647539218755,56.316053294555964,55.80585936297927,54.42622965644398,54.79598734755385,61.80063988656394,63.174755194311054,60.52813311611268,59.34170962787326,62.98907994629083,60.747097557015074,61.00015625696714,58.02968478844225,58.56794924891287,59.256533487179716,59.79740919146041,60.13965134543298,59.576289565966725,58.13637602970333,60.21339082818862,60.0157854953155,59.82878366398192,58.59205469042947,60.13941529797557,60.33907045897053,58.1030821980784,58.34280211579273,60.08319416449296,59.035588246360284,57.61837746003436,59.47484597017518,58.72687483012516,57.680511431603065,59.486443000399284,60.310130427519034,58.10089182638755
photo_bird,59.8988981492976,63.40402906513334,59.79151323021673,58.801649650088834,58.382536867859216,57.41570463792597,60.14533351273949,59.55689940768306,0.0,62.2182395789691,58.70568293897964,54.793682477588554,62.179019294129446,59.3881042252301,58.63871806879547,58.389263770247936,63.41162091238685,56.36496460527749,58.12175433569322,59.132053968850904,62.012519127890506,65.13456979392487,60.748843957838076,65.61153216622922,60.02712860749317,63.12261296786438,57.67620014531935,57.5976603948399,60.47401908918974,58.59437456542145,63.45927226393984,62.47954698253095,47.97541570139382,65.49111688660744,60.449778783274716,55.875489590644484,62.167077303338154,58.023432556555505,58.42534165744256,58.17416111610802,58.154577394885855,57.17745782186646,59.053311866643256,58.982162796134475,55.986815833476825,61.65203395767941,56.789351452773964,63.465120690672975,65.57980769329959,59.88489383958507,60.14628223489357,63.01120964037018,59.15026303041997,60.06664552568361,61.781791343534366,59.769703570546284,56.45230004582316,60.58767703024019,59.687017853587164,56.69851403190517,60.81191474923343,58.76601448092472,58.04692628430701,58.668742572359044,57.55807296847779,55.874272279785785,58.80588731957729,56.95516927284585,61.18350934676765,64.28401685345187,58.440451057312515,61.988907813352085,54.243421936729334,54.59731435775331,55.25452098611332,54.64952421552931,54.91276678635952,54.43179093620867,53.85173874393039,55.232604274292555,55.146053014882185,54.741561946411686,54.09277279886333,55.094029325180486,54.816453416238055,53.96903680822362,54.31216430789158,54.71997672686911,53.94609946148567,54.34358871877784,54.16973439546455,55.2546152013672,53.414353629814464,54.44669823399236,55.00813849682059,53.81339223054775
photo_butterfly,65.35571824689386,68.19479073459287,63.49915305637017,64.33816627228617,65.29211943052303,64.11481271112305,64.91547649733333,66.14051694136903,62.2182395789691,0.0,66.73738940561337,65.30925956957807,65.8137073180842,64.98432199297284,65.44229553193219,65.07900465808542,68.32804509108688,64.56507749180427,64.15303914620827,64.31147116898337,65.78496127859893,68.7955877455992,66.69911334536437,68.05834383857494,65.08265447177581,66.17797667246671,64.65098506546134,60.82614161594465,65.72677429418395,64.20435212837907,68.29920955638993,67.28013940047141,61.938766792568025,58.02638089900448,67.16955806936245,63.50858812458347,64.34691419475483,63.411460628461974,63.464060971392556,64.4938336570722,63.57975993640578,63.9286801503497,64.70715750514918,63.9165944331202,63.86250297727894,64.4816451142923,62.691123156100566,65.53201892958393,69.10798717784175,66.78223231756435,67.30817177422689,68.38876495897384,64.44468851810795,65.6040258473102,66.60011441402862,65.3608645997782,63.10444319052863,63.47952327617372,65.46364814165234,63.35250400014216,65.31875978113983,64.27412009943309,63.84824840708418,64.90701451352548,64.06928586638233,63.83374420932079,64.67583812167167,61.73629514712057,66.6130291945881,67.55676494973471,63.797094470403906,65.76444833877129,61.58356002305276,61.87201749220185,63.02395451045831,62.55646225777902,62.555208339148066,62.079903469656266,61.809770212040405,62.64859102030367,62.51418857866459,62.5852563561093,61.634658149482526,62.47857898925108,62.74378465713451,61.55952926853856,62.229167488018504,62.24135756359671,61.67422748147729,62.010088101837766,62.0926253270325,62.69305685083226,61.44340174532666,62.074662273372,63.2957903832184,62.09841403987739
photo_girafe,61.94984878785227,64.55683765143286,63.28059545831722,61.48492320524551,60.49841058429683,59.375615180701516,62.22129223586876,62.38529486152022,58.70568293897964,66.73738940561337,0.0,62.929737130589466,64.77061936840931,62.41683134927771,61.93779992963767,62.49366246274592,66.45414030399229,63.159160150086514,62.254987967200464,64.02481175441886,64.79901021718386,66.17032076969116,64.03057585501423,66.55004859532194,62.079140692579884,64.11795298383959,62.02447700259267,61.23709757883596,62.046248336479984,61.05239981927211,64.59318686567414,63.68734937363908,61.706826904771575,67.30635625181269,58.39027702478721,62.02363464855762,64.97934096324823,60.69379120411531,61.04847626254425,61.38056146378959,61.519914951420645,62.35525752231884,63.76686862234549,63.33908348220223,61.61775091666525,65.66784513053139,61.72680997812724,64.49740219996427,67.50072698107138,63.0869224386413,64.54123394640158,64.41655484866786,61.90994566030741,62.47776138435308,63.802933675174216,62.21125986987754,60.395513213096464,63.29210425241383,58.958403013002105,61.98856703184901,61.95716440390057,62.07276491003757,61.273592384601066,61.596088941019836,60.73376914363143,61.741444576186964,62.53824314660113,60.80629472799015,63.12045030889765,65.55818505200153,62.32011721195077,63.61592691078879,60.42359182021032,60.92472178589146,61.48753115841295,61.57359191799041,60.852042535125925,60.366358909325385,60.27953792117247,60.95215826495988,61.29428847423947,60.8089039130148,60.469680168762956,61.1139223093459,61.36230853561081,60.43204643590042,60.474937480860774,60.90914780646938,60.32889504703815,60.496147565902916,60.36066082633973,61.30668204383758,59.894619189311584,60.609546147857785,60.744387759173094,60.41214282797684
photo_fish,62.415626517134775,66.32771274305503,61.995072638076614,63.17629006339462,61.86739229600972,60.848739783921154,61.84606821755651,62.69920731664509,54.793682477588554,65.30925956957807,62.929737130589466,0.0,63.907623268829795,62.07676111736468,61.260104636816486,60.25036477118462,65.11353262524152,55.831997441901066,58.9559514450555,60.25580256709802,63.796946280325905,68.10570937277141,61.76629749238886,68.3599274141739,62.027337725817134,65.55634047936087,58.029194698836754,61.21098073048877,62.88024571059605,61.416666097252254,65.61667068137794,65.54490322133005,57.665160826314235,67.77447298421507,62.875373019451025,49.75951831920799,63.82245029506187,60.40568468650528,61.090127891009644,60.452520514023846,60.69152903236852,55.96562263531594,58.06603313640401,60.23512908029239,56.82649072546925,63.22474543344684,56.06020576383755,65.70011555616101,66.95582039540228,62.823507169733205,60.2275685466265,65.51097992861405,61.65467869925412,63.19573105813664,63.96080550040927,62.251187379714764,59.347521178519436,63.200965263657906,61.49574481740355,52.974702453394535,62.45649598703782,60.53621064194607,60.73483459638097,61.064934022071924,59.695727494915374,55.73762659772042,58.61031761597718,57.477707595709205,63.626088334104715,65.82644143031318,59.25026275452632,64.00879303184084,55.07572402264822,55.02268880373418,56.137686291128944,56.10503872921464,55.246606046429406,54.59524254545401,54.7969554410956,55.23629721530603,55.63881846339295,55.515614600977855,54.69724316026533,55.38185561462699,55.22777631203506,54.75589293122001,55.38126297551087,54.86673541912392,54.614024748444486,55.10084264287015,54.363689653502256,55.99300371779134,54.51952153310286,54.74839011432717,56.07420970610004,55.086425136302296
photo_cherry,60.88699027338026,64.5865598076448,65.14092737079241,62.57777825877956,59.07363437846365,59.51541729513462,59.15849144434024,60.34246862413834,62.179019294129446,65.8137073180842,64.77061936840931,63.907623268829795,0.0,58.73941593704395,60.59677946434817,59.023532212240255,63.85985259469807,64.34545906992756,64.50293665601443,63.75029298403789,66.82188594757562,66.21267169003255,63.407150985644364,65.53805195253707,62.03385310605437,63.83106063273709,63.55375545721132,63.05051201617406,61.23020646872992,61.47755325571767,64.55979044556972,62.5233007161076,62.98154002153035,67.23981529717868,62.22883918710304,62.827160364807725,60.572703590292654,58.61510062876866,61.1032927944035,59.65652078301346,59.933358341196495,63.91347058988585,64.80598966136424,64.7875124806494,63.51598967783322,65.93942344293653,61.76518187281744,62.901050443639285,67.70546951852252,62.59470179050821,66.69771991245152,66.03449299907928,60.74538445311021,63.16222996159695,61.96373873181407,60.90257941380773,58.57495994733318,64.01721939529897,60.58039257912003,63.24407703104002,58.93963726577065,59.6071746526423,61.134665780688685,60.96140092914401,59.27249832385222,63.50682457088103,64.44999636406682,61.82016594821303,62.701304291585814,64.06279029154457,63.13239273498774,62.87505371171492,61.021571327116334,61.61650488321784,62.34788736370572,63.04679693245118,62.83369656818757,62.53450131904853,61.10888862945504,62.94337994108276,62.87679558835106,63.0105466477082,61.76383504428724,63.219461531055934,63.33198804597065,61.21631804465539,61.480626799786116,62.864909218555276,62.3084430431173,60.91640464754947,62.49396970875169,62.104899401371256,60.77873641941704,62.64587417967829,63.3727047558175,61.260333003557164
photo_tree,56.78813401413672,62.28699153299206,62.93426764729648,60.13551717969017,56.31353556544654,54.99982404917877,56.371696958477635,57.64575283357648,59.3881042252301,64.98432199297284,62.41683134927771,62.07676111736468,58.73941593704395,0.0,57.23176727521362,55.52121460944249,59.022010126646045,61.644646891151325,62.16835857709178,61.6734371530221,64.40898309147283,63.3800463607543,59.64012743480974,63.56309647239722,58.22542363751588,61.70923518582398,61.36874533927968,60.135813838678416,57.96447935359991,57.242291365497955,61.39911452371755,60.0413616217752,60.66307914996581,66.09656859439906,58.77602854951289,60.553101699531574,62.3194337867677,51.99688009516826,57.89038718708921,56.22249187829314,55.500671744899066,61.4154641041281,62.67325022872669,62.086559580586574,60.10468062811877,63.80436005873692,58.345124970493075,59.97602736047161,65.67966965069155,59.369310143275996,64.76771243597861,62.809868758491724,57.04580558623965,59.01642103636429,58.791523218955845,57.08752079899184,54.92822670114397,61.473843921604725,58.583909535480934,61.39705334908099,57.262161632560385,55.1619337826287,56.83278462997709,57.10417183185618,54.85376416899602,60.88051676686164,62.422207582862974,59.80734034038374,58.97351714964455,60.3861376449199,59.763421302866405,59.35032089190065,56.996357293908666,57.73141145083494,58.203527353868296,59.222452218189005,59.52372349333573,59.11324847891916,57.26055090635901,59.57154265798191,59.424165685006685,59.43643428932723,58.126018808013946,59.75231070751823,59.83803687388894,57.3346779644982,57.56530346438734,59.35648647417421,58.53044875211299,56.60263764197361,59.1119288774204,57.77319398773147,57.01772679112084,58.86663815149643,59.76525324549857,57.65279082434027
photo_flower,58.182200677320225,64.54501744962658,63.65348962436427,61.93242322666933,57.852479555833206,52.60625634106159,57.724109892792605,56.40272190140909,58.63871806879547,65.44229553193219,61.93779992963767,61.260104636816486,60.59677946434817,57.23176727521362,0.0,49.21201538967662,57.861352645979245,61.97657999333582,62.75079321515499,62.588682687407434,65.8450274538417,66.30311491999953,63.04842105916898,65.67675318009543,59.44340412822044,62.980536360246994,61.4436500962366,60.59907901315199,59.553073561019595,55.50522376476329,59.685527637594895,60.51020993777303,59.994976408964135,66.26458515148013,58.180747986730495,60.4142600492937,63.526251708821555,53.46375660250305,53.72957837374945,50.50223939886184,54.3556807140468,61.34552361580661,63.247540178251256,62.90608342571381,59.13631321882909,64.96490192430515,58.74981243209213,62.28072611227993,66.32296299747577,55.34913905692172,64.0901367831546,60.953567858708254,57.174557207343625,57.615159246689046,59.56158818830566,55.81997560789331,52.38596588491201,61.805280466081626,57.108760600638426,60.734376867226175,58.6304640889801,55.01154256782267,50.7338827796016,50.45707327227647,52.43801308920918,60.4843443077961,62.38458313204159,60.291619595451166,59.086162162743754,63.121851003696634,58.73653004946893,60.39199017851548,56.270105953804965,56.71780070588959,57.37222064254831,58.10881207610064,58.91034570012254,58.5385671520066,56.339189738257126,59.19736332032525,58.78549759817009,58.48322646453871,57.2847793554692,58.952411793541344,59.126352747608586,56.40750120027827,56.60770428991555,58.99761904800276,57.99731157562943,55.73526234908573,58.29115243390699,56.80015420928765,55.962823011439355,58.462035773045216,59.578733381245456,56.65094447485536
photo_carrot,56.92168549443443,63.977501482204126,63.42344394818143,61.568423405679724,56.95255301486533,51.61171125162919,56.7665272756054,53.879455266794224,58.389263770247936,65.07900465808542,62.49366246274592,60.25036477118462,59.023532212240255,55.52121460944249,49.21201538967662,0.0,55.60323777652904,60.7008990192981,62.02026194335491,61.648953409147516,65.83947593479871,65.86234838813304,62.27130646823057,65.84393833684152,58.377054923227476,62.64695858917193,61.06422012048613,60.413812617234086,58.17709542194018,53.12812408506212,59.380637352263925,59.95690387291938,59.439487834568766,65.65824032352664,57.390468977123966,59.20948548508798,62.247353721140776,51.88385938209392,54.70085367080613,41.61182469009861,52.26325534911073,60.28248358153725,62.063688575528914,62.706462426769335,58.94744477089709,64.38588829125423,57.820687102914206,61.52347181213085,65.54065466013671,54.70725564897579,63.60827805263211,61.43703876696562,55.04315265235975,55.811928749226865,58.10655909918314,53.66141032764842,50.654054836296,61.28898707737295,56.145478033258485,59.76203209548088,56.27690639191042,52.627026290408054,49.892295657383386,45.53497907462872,49.576967494965544,59.201630901911905,61.48868359179514,59.15847671764214,57.59221905742153,61.9750645474632,58.191662265811274,59.741849079662046,54.95744813980936,55.65837625115095,56.35946229413843,57.171739058416556,57.972753634252484,57.46225410910281,55.3438766044114,58.20155733128782,57.810325942362894,57.38248391593596,56.299229153242344,57.82386335668284,58.092609503060416,55.4359541110523,55.52388398144624,57.86788408583838,56.90965003055956,54.512126979644,57.227031701874736,55.52260343649482,54.93723417347672,57.377052204775666,58.73970699950001,55.45470415635687
photo_watch,59.01493522416851,66.66437473211495,67.15078197758105,64.63359545262392,61.919209389550794,57.78273701980242,60.125689756024045,59.98352406313234,63.41162091238685,68.32804509108688,66.45414030399229,65.11353262524152,63.85985259469807,59.022010126646045,57.861352645979245,55.60323777652904,0.0,64.48933201726598,65.679763135191,64.52389354773237,69.31005207650246,68.96875810988335,65.90904758426134,69.29963968277029,61.389317343442045,65.80043634076851,64.9201178716968,64.15629907795228,62.0217862537709,58.57180218608046,63.007509883811785,63.350283798613304,63.96801885221135,69.50684736170977,61.687654463890254,63.676004021714334,66.468802877299,56.22720631990972,59.72985910028463,55.960064665614674,52.36970630633212,64.21622062135678,65.83025176237305,65.56575789149696,63.42942924173551,67.227295023307,62.422708308004374,63.78342834343553,69.1464211032622,59.643326630601436,66.94393583979236,65.7037071314185,59.372256511600476,60.59998131681216,61.35348977002015,58.38320667979597,56.596530058918916,64.90680309231526,60.508494921746376,63.52950032606879,61.19132515137154,57.680829239168396,56.61002974783872,56.48060953921285,51.303674392501875,62.71316734439231,65.83775125077219,62.98220533017201,61.91452212502574,64.69920652320175,62.61811667344124,63.029246208040455,59.18737434433656,59.63283817431356,60.01021247509879,60.59254324743594,61.6745575344913,61.10599110352973,59.47698720910671,61.38446256372145,61.17965008412575,60.93930361118577,59.51159689665119,61.48556821599585,61.72159040320124,59.3431161090176,59.450819241357294,61.404026853682886,60.62615960406255,58.603977118834756,60.918864864584926,59.55836321148619,59.269531045843344,60.92288280296181,61.838025544817334,59.6814315682964
photo_key,62.46728022010661,65.93502592763416,62.14739251125693,62.68503210605221,61.39454766982774,61.05814217723777,62.48343590801176,63.14547013662178,56.36496460527749,64.56507749180427,63.159160150086514,55.831997441901066,64.34545906992756,61.644646891151325,61.97657999333582,60.7008990192981,64.48933201726598,0.0,58.414373855302664,59.38092028891467,64.11305895479641,67.90426411168063,62.47366638335455,68.17570192803653,62.04892467848992,64.93786522010225,56.007976833541,61.40771672831458,62.848689089144074,61.42155704824704,65.4338299330851,65.28078134333911,58.63087890047915,67.31240437950821,63.730278579588,55.113036979761254,63.8134225155053,60.885072974626155,61.34552926044394,60.88807873834768,60.209618700576684,45.75147704430905,58.272357899684245,59.53261202779441,56.06123691230036,62.055370057648645,55.07438798481974,65.0193964160213,67.55494529305338,63.15534430980322,58.857266853305234,66.65957388856266,62.133098670993654,63.30106507278731,63.613552081341936,61.835945267701945,58.727902053862934,63.246814281086344,61.1397929993511,55.105241728162206,62.45095390565094,61.057650133656395,60.497335666822295,61.002265743327,59.723140742245825,47.92746398894179,57.96569348947114,56.21276358394094,64.00311425876207,65.84130624098927,59.113809880838446,63.85545201556041,53.62243796372701,53.34445857684954,53.8541768312582,53.10230012051573,51.80995463908474,50.89757301235452,53.114474557199024,51.738854477642754,52.657006666721855,52.12512547017099,52.12829407766524,51.98837035344625,52.45565644280934,52.75503308745433,53.239062940560856,51.535520080886165,52.11170452067518,53.55493081430384,51.44443185992541,54.363517277849176,52.562406592678805,52.391473283886036,52.94588534280983,52.86033612002609
photo_truck,62.53469693168338,65.66959631293044,59.675843429327095,61.50733456210521,61.62578468126145,61.15996406991915,62.63685799943377,63.78541881613454,58.12175433569322,64.15303914620827,62.254987967200464,58.9559514450555,64.50293665601443,62.16835857709178,62.75079321515499,62.02026194335491,65.679763135191,58.414373855302664,0.0,58.821905764360345,61.29592843269199,66.75570258146782,61.31213785747857,66.95529474132988,61.68954971066533,63.93870041015804,58.86176252430166,59.46153185371919,62.32194259627638,61.1128879927024,65.1100290282288,65.03486714327911,59.48452033767803,66.39809162638882,63.783207597270625,57.305176699884875,62.28685131346053,60.650704666187764,60.948893287202225,61.55410916434186,60.934617250533954,57.74634465364651,49.681027452059375,57.83814631263532,57.28460178970859,59.55111333605001,56.26942776152531,64.5039518880529,66.56923607333478,64.1156788143742,62.14027210633401,66.19034987320262,61.30074819186435,62.84715040723329,63.73959463136581,62.56598900718174,59.93078577785252,62.548537547433945,62.087290566337224,57.27250433584356,62.390413871323034,61.420506986597594,61.366499051070775,61.7261629655875,60.57572602266516,57.49429341268943,51.05525636251169,55.482659974192394,63.65519250249159,65.80183447927182,60.06686352196491,63.917663573835554,57.676869074834684,57.647902232484725,58.612335923351225,58.03553749790497,56.90216153732558,56.410889537658974,57.357455472668676,57.15248250507291,57.665909608066265,57.42180129553912,57.26952391895034,57.22326352792292,57.38215690527799,57.573754137946196,57.85297164108827,56.92007630828099,56.99896042182503,58.02226922729252,56.57529887928312,58.60659030640635,57.19138928777814,57.22640210275305,57.58911937048932,57.41944445748857
photo_velo,61.570855043159234,65.67363899725679,62.362820008340364,62.812904494486155,60.84596551073465,60.41864743451545,61.98824610410382,62.98718516676439,59.132053968850904,64.31147116898337,64.02481175441886,60.25580256709802,63.75029298403789,61.6734371530221,62.588682687407434,61.648953409147516,64.52389354773237,59.38092028891467,58.821905764360345,0.0,63.60675173850461,66.95861384488366,62.07337274323025,67.35887190856842,61.420556132432594,64.59151802894424,60.410559377687605,60.644893460612565,61.95218822951604,60.98870174696999,65.10168995673465,64.30564683147804,60.31059445336965,67.39950672931482,63.65131643053034,58.26162142964009,62.0616155559248,59.88309667995152,60.66655761883381,61.48358359923028,59.81236159721247,59.4991316811342,58.218387586589,49.58081361818939,58.69657875421269,60.689094292058776,57.541090523964165,63.72709806314235,67.6908859689221,63.629749074972175,63.11712157131309,67.00077960715991,60.97700671566054,63.29029148100795,63.73988020253886,62.33689466482172,59.33755360500857,63.45869959646676,61.88996412622767,59.466564596714306,62.18035519076435,60.519394454813884,61.30765845442709,61.928608185709066,60.233454090618686,58.89671439887947,59.32247881154004,53.61013215555339,63.762674190821976,64.92940614529518,59.56097875249865,63.68175619081904,57.68122021086495,57.79388224141037,58.517059313601656,58.59691959148781,58.79217466251635,58.22996762619492,57.69708495965894,58.462962137218284,58.46883218736687,58.75485373574172,57.16392649772733,59.151946611631985,58.86871323498397,57.60315188352436,57.93310891958752,58.36914511691831,57.788886297833145,57.99393255233388,58.03173213929082,58.724347769064615,57.14871577062016,58.278036654540415,59.16746977866376,57.78192265652772
photo_road,64.53643632362399,66.88072141912592,54.60948660369874,60.58243988397283,63.50356422013415,63.33319309170676,64.00756416099514,65.60904523198792,62.012519127890506,65.78496127859893,64.79901021718386,63.796946280325905,66.82188594757562,64.40898309147283,65.8450274538417,65.83947593479871,69.31005207650246,64.11305895479641,61.29592843269199,63.60675173850461,0.0,67.41564658665963,62.31241030290718,67.16323123937966,64.19230359894749,66.08700738456554,62.251109673606095,60.91724797827733,64.56996554634446,63.954526438203594,67.56344974076849,67.04209703515973,63.18461724932946,67.32612678806832,65.99195884575305,62.53881911450878,64.38228474008329,63.15074694395485,63.18160306751273,64.47583503888411,63.762842396725674,62.42681785273628,62.64618753696923,62.23547910155926,59.242803505343446,62.90905761658775,61.0655973937495,66.50851679894464,69.01886938085472,66.18231780909959,65.72205905928502,67.19023219959897,64.17688880307612,65.09247132399048,65.95856448084541,64.97653041247867,62.60354735969068,63.15425108819542,64.86927950383246,62.04074471618491,64.09085744028053,63.33195401649585,63.733864954634974,64.70790285261317,63.110644656691385,62.33605369082974,61.741354554340695,60.34414010088472,64.5565206774195,67.23255852258909,62.93415754660085,65.27390492557309,60.660407661167376,60.994118754783784,61.53878401633717,61.1381984553773,60.41104552214022,59.951962433920265,60.58479815040348,60.55673405998517,60.84477116352734,60.38361082633216,60.15634971060809,60.72126285903954,60.727540470906334,60.57112083515687,60.75790875945343,60.46536721870388,60.150370817306694,60.66232963786851,59.919440904543364,61.4847017951817,59.83370286605156,60.33633008524387,60.307689322120666,60.718931406700925
photo_house,63.604833647945874,64.39290418823887,65.88897622736329,62.96978613509065,63.80148563137481,62.80957307218778,63.87124176395467,65.53714506602552,65.13456979392487,68.7955877455992,66.17032076969116,68.10570937277141,66.21267169003255,63.3800463607543,66.30311491999953,65.86234838813304,68.96875810988335,67.90426411168063,66.75570258146782,66.95861384488366,67.41564658665963,0.0,67.03997546361535,66.27139994427918,65.06579825012054,65.36779880651603,67.35840165701505,64.69541211143344,65.1935848820363,64.82317917421486,68.22665543554693,66.90415390331181,66.66293392380726,70.4415986437978,67.38166332657563,67.21042252323915,66.68752964832143,63.81840659256555,64.27307607729334,65.49919341220608,64.91460294797997,67.58599479769835,67.87334011808689,67.089244066381,66.2984632233229,66.78549354161316,66.16717669857871,66.43448827295548,69.98587325145395,67.97066637040486,69.912329767475,69.54875898014454,64.90207374866932,66.70952757247967,66.51915295080043,66.16730466481278,63.84697729259423,67.18844077013878,66.01392379353591,66.91921225078666,64.344545001457,65.80354174878268,65.76420262661696,66.02624307602854,64.81352900086513,67.36142554372796,67.6223779683255,65.51682509817755,66.0075494295012,66.05223001024082,67.03980100387206,66.96814152267862,65.32991283130976,65.82212109119587,66.28277874335016,66.19273379380434,66.41675001538773,65.83776027034074,65.23346234434592,66.20465991069743,66.23462954518101,66.23889245817409,65.2870954877867,66.5639672923127,66.55796673185789,65.32001189565186,65.454242419981,66.02595422241548,65.69454249756019,65.3111307404517,65.77055893801025,66.15901769456684,64.97714528644954,65.9308252842536,66.29922968564122,65.49366480947779
