,photo_face,photo_profil,photo_eyes,photo_face2,photo_walking,photo_standing,photo_hand,photo_legs,photo_bird,photo_butterfly,photo_girafe,photo_fish,photo_cherry,photo_tree,photo_flower,photo_carrot,photo_watch,photo_key,photo_truck,photo_velo,photo_road,photo_house,photo_mountain,photo_windmill,drawing_face,drawing_profil,drawing_eyes,drawing_face2,drawing_walking,drawing_standing,drawing_hand,drawing_legs,drawing_bird,drawing_butterfly,drawing_girafe,drawing_fish,drawing_cherry,drawing_tree,drawing_flower,drawing_carrot,drawing_watch,drawing_key,drawing_truck,drawing_velo,drawing_road,drawing_house,drawing_mountain,drawing_windmill,geo_face,geo_profil,geo_eyes,geo_face2,geo_walking,geo_standing,geo_hand,geo_legs,geo_bird,geo_butterfly,geo_girafe,geo_fish,geo_cherry,geo_tree,geo_flower,geo_carrot,geo_watch,geo_key,geo_truck,geo_velo,geo_road,geo_house,geo_mountain,geo_windmill,word_face,word_profil,word_eyes,word_face2,word_walking,word_standing,word_hand,word_legs,word_bird,word_butterfly,word_girafe,word_fish,word_cherry,word_tree,word_flower,word_carrot,word_watch,word_key,word_truck,word_velo,word_road,word_house,word_mountain,word_windmill
photo_face,0.0,52.76845913109325,55.65111989119501,53.97823773407712,48.246946655678705,46.438099019330004,48.02260252766066,44.07212207848052,49.738877449220226,54.08510439042966,55.13138397412484,50.29305137106181,48.223685051377174,47.67949289621961,46.497989386345076,46.19598772447264,49.74727805136291,50.175136819940455,55.12204778507752,52.93919898285373,57.49140012251623,55.09538137585255,51.64585628953382,60.61011766828076,48.99927457305744,54.823012006480404,52.78713702237023,54.89813676441754,51.87094716455613,50.39053600570289,52.69093062707466,52.08494713122705,51.00947489013012,57.43045547177757,49.98564185908726,52.27605117852271,55.8050413175882,48.600798435453086,52.301906828961755,48.03182927508976,48.176481947281516,52.26582262742797,54.134322744831174,57.317992951620134,50.40988021972551,56.21724873266785,50.5080210077105,55.421037156803784,56.290296011913334,47.297646357843526,53.44067523676369,51.33850471686765,52.20605847373315,51.25152948763441,51.49861234453259,49.01705877811517,48.17590329876092,57.96524358710074,51.30459525583234,53.90368573866314,54.47216220899251,49.85608189167532,48.98440655123991,47.2049981921104,47.97101332894765,50.556920968105715,54.55432547976447,55.3876027993916,50.3181424312864,52.431964486148075,51.612909965759265,55.65223002050646,47.71037468903419,49.13091822365608,47.86427939425352,49.8704696040971,52.45862228580439,52.648056434544884,47.925544489861394,52.088487650194395,51.410979358610184,51.53542862771628,50.025871211349944,52.96059497880756,52.3980394557201,48.51718432761958,47.63172817414986,52.26908360987134,50.914267610017774,45.27563426453425,52.059852415838584,47.692222588436174,48.61734544396025,51.95518725706686,53.8525491783125,48.81423540582265
photo_profil,52.76845913109325,0.0,58.37923028509932,56.40996880532908,53.49660819424579,52.745717669177516,53.027658122055456,51.81281325085039,53.713276888128256,55.77614445406698,58.89533114434271,54.9779920071089,52.44334513132458,53.12882799988188,53.03125881860374,53.14218440396311,56.73636065029038,54.00772315494261,58.87028360930929,57.8984067139712,60.412072156751854,56.032448948327314,56.498208207218624,62.689842732222935,56.8431509530385,54.69126138233572,56.93302359705113,58.83560186281308,57.64628522025813,56.5712437651149,58.10619341863716,56.379266717628944,56.44080608794735,60.88199105231176,55.69430910472349,57.39900181861982,59.74683440758262,56.66487881640648,56.978356917088234,55.26373319089132,55.8700439932548,56.48090976655214,58.97916415726275,61.81578413006608,55.559882288371824,59.96685961551937,55.90796818448413,59.404820298637695,59.1672309857561,54.297987491951794,57.5771464785554,56.47125197254501,58.498457126461474,57.19881557823373,56.97770395849569,54.91212009417438,55.14944294408776,61.42183891311822,55.79976737936951,58.97892234593903,58.3697559494456,56.10582251540879,57.01915257282862,54.38241317926567,55.11767604882059,55.73965247576472,59.3328406395595,59.83395662757014,56.26697833123211,55.668367207907544,57.218855442530064,60.03808351650449,54.75246453555384,54.56214342180334,53.8355013495601,55.26624816441825,57.28815224236292,57.12393300635712,53.833053812589746,56.60938035202609,55.63920341295627,56.99490485877718,55.43693048702102,57.49107891446009,56.85984237276966,54.252497023552394,53.840526301035766,56.75332052425127,55.62179138092546,54.314695385025075,56.67248795582095,54.716486948836554,54.04741615960069,56.877637007621175,59.11058881928061,54.13907942301875
photo_eyes,55.65111989119501,58.37923028509932,0.0,57.762153158600555,55.636957850900046,54.5705408057446,55.65437841154281,54.15978035864301,51.74038241683039,53.47906929265963,57.69080026232795,53.02172766639969,54.318951294886496,56.01416490330603,55.166461580361315,54.17480504357838,58.78923339697591,51.60132653922142,55.408023553194454,55.758811211507044,51.11750860220251,60.41432892261869,53.2696132257948,64.31703561461245,56.48432654387295,60.51111401995442,53.642439094408566,57.40260983029835,59.7528015558017,57.81478505073802,59.493805131978824,59.22918354524612,54.47182650117321,58.8658106647979,58.01313137894082,55.225398396868,57.9937521830817,57.61533183724968,58.92457508145932,56.68749926024884,56.53540034780909,53.411201207750075,55.98511506221479,58.937403476416634,53.52637173779683,56.051355861069275,54.175187861048585,61.52782524811707,60.77811601205689,55.39134163045898,52.76339766373251,58.636969365575375,59.59835546722817,58.64742865003608,59.515346768027,56.86857698741885,56.2529936009817,61.11261043664644,57.25208520862946,55.79148223344118,60.299166288868335,57.058533696008425,57.615271708886304,55.46012083546914,55.91047262708487,52.474403242192196,55.94340394079818,56.5275310791574,58.55908895598129,59.11797420119196,56.16064235072937,61.923501044868466,53.22856162727408,53.34841666962766,53.21525968575032,53.28834254127761,54.00402136080245,53.85124002182887,52.88562612134819,53.761416780931626,53.99906187389093,53.46638670962432,53.026648351946854,53.83505044794146,53.7147633055756,53.04380091522082,52.67239916046253,54.061387450464196,54.00023614634364,53.046888228995556,53.26910554543113,53.05178080657876,52.97098232354986,54.32783357022246,55.697446239135864,53.433512294932285
photo_face2,53.97823773407712,56.40996880532908,57.762153158600555,0.0,54.97128594805953,54.29590940523525,53.640383109065326,53.44691860167866,52.211686640838685,55.75568616310561,58.53853256435664,55.15374016546523,53.57431059156377,54.850011805585446,54.65660762097693,53.860951622148654,58.51054355875307,54.70876929721241,58.523449708584025,57.87714562210397,59.02201770905449,58.39976173505114,56.666157884080626,64.0481853159746,56.545839993296376,59.02493899241075,57.51435371390891,56.19011981606071,59.2371632905821,57.19613914649598,59.339141614226165,58.703874716985766,56.211915472588174,59.76705189208885,57.569927499996226,57.73970297724116,60.037668011339555,57.804756836278344,57.85466858444706,56.73596113152232,56.723077570770194,57.183482458921446,59.217013274797225,61.77286330494902,55.35171321507218,59.5340999138088,56.36358155704677,60.6012902942619,60.535739246509536,55.32959475514442,58.78948524517403,57.70482254536914,59.279583213336224,58.49634348622549,58.44076265491497,57.182452529996574,56.78399436715373,60.30027603218982,57.15421323307659,58.90869639843228,60.226996578370795,57.12860930963586,57.920530007990884,55.37523002399597,56.38444195475599,55.947773040402325,59.058540792989504,59.685615302850564,57.84502601566804,58.106419232791154,57.46049646410546,61.443017329066606,55.23803575957043,55.01681006191198,54.896752980034634,55.84084413255814,57.79437600807322,57.90389947369819,54.95415268794125,57.568303094820685,56.7166891185188,57.29640868753689,56.10482282362547,58.39308365613852,57.7924721565614,55.333184548837,54.43410374279058,57.349130337080936,56.35933027242535,54.595004278478115,57.44022314964449,55.34019509391204,55.207426558201504,57.42008310014477,59.06146291983656,55.31788137188288
photo_walking,48.246946655678705,53.49660819424579,55.636957850900046,54.97128594805953,0.0,43.50540024963571,48.14631562901405,42.99878009749889,47.15049071326599,52.09781329551521,54.16369856959883,48.140126280922516,45.23455564415077,46.919119278088644,43.55998842142281,43.923269709344865,49.15782854023056,47.830001682840965,52.944684494067474,51.43277323629138,56.3230439158773,55.87745623197053,48.83356570061695,60.04709847304771,48.345339452928776,54.22739719863861,50.54487019250315,53.08846481669629,46.702388010066,49.16849346168791,50.46991587005463,49.98633931664691,48.86380226859824,54.78664150214615,46.34231343720859,49.67519406200773,54.5828244570239,47.58978138765969,50.84570716520345,46.063241079691714,46.504245958888504,49.99587948070204,52.18196978264466,55.86734892012388,47.78716004708915,54.658698632116106,47.34986694737536,54.35972743884396,55.1871537608053,44.52325843698892,51.678961261551656,49.359789408163735,49.42159973182165,49.308431250414145,50.32906596039214,46.05443522390803,45.64961662137879,55.99706472526077,47.321931483728896,51.74760391691611,51.37642876747131,47.048948455881764,48.740367410973555,44.88236490079205,45.56280909699732,48.392942766591034,52.322349041681775,53.40586276764587,48.89889494952938,51.799209603700525,49.49981254648708,54.2011167778539,46.03833002010854,46.94920490473782,45.907469235415014,48.104999034238176,50.143322329628205,50.385273587953684,46.01918411864895,49.83311152429538,49.33157015028824,49.66797591840075,48.152722213042836,50.829369023244894,50.324440872612264,46.472369027917665,45.780987854816985,50.03265532741488,49.049393679573996,44.51502866627706,49.89532091680047,46.106914691306855,46.43436792645846,49.83486304380204,51.79988684669495,46.513682119648706
photo_standing,46.438099019330004,52.745717669177516,54.5705408057446,54.29590940523525,43.50540024963571,0.0,45.77451069447007,39.456614941444194,46.62497663719975,52.14894630257414,50.99500042242272,47.116265979015196,46.25874673101005,46.188308652600924,38.41201206536105,38.6719465351727,44.533525631575046,46.599123360277346,52.34831886664653,50.93487148508783,55.69189559249749,54.63183438749351,48.438691614882146,57.99316148070473,47.740873035281155,53.06771723933393,49.2489700239663,51.83987084825897,48.46931685545636,42.44247535432836,48.09484186824331,47.88602994155252,47.54974421231726,51.50412739341104,43.923400286674216,49.002642192514536,52.59447901941198,46.1031409695097,47.29786531378245,39.779915101598775,44.2559089250321,48.048444013951936,51.107653240314406,55.605939503856135,45.59240848189792,53.892651956892095,46.800097715687,51.24853787884836,52.30985047914739,38.92600378637324,49.94922735537297,43.93069203583833,47.79174846507024,45.1039474219139,47.4289314344613,43.13021641505818,42.05399252152237,53.994211892605044,44.61758637451272,50.529215697114736,49.72323086769167,44.53345018265796,43.49733289980395,39.20825350030006,40.35418836673351,46.22000056383683,51.13250088225733,52.63328202013101,46.80640562993731,48.54317784282213,46.475862306552266,50.35468132497767,44.0582539535785,45.16425363644068,43.9659909460721,46.011187611037776,48.51117742800549,48.87474804346279,44.188219289405374,48.22548781493545,47.681033326849295,47.42355524707285,46.67137243593249,49.01674026751882,48.70213645006456,44.856073969137775,43.83327203325399,48.66240537734515,47.265329207299914,42.79265818326203,48.27725351010813,43.87897719979534,44.524661716492076,48.09777770197508,49.920943860799234,44.70565489221514
photo_hand,48.02260252766066,53.027658122055456,55.65437841154281,53.640383109065326,48.14631562901405,45.77451069447007,0.0,45.688554826363045,50.021392256807005,53.65709471967384,55.2839901420186,50.47237151927429,47.12906102914579,48.14284803648478,46.337836104366616,45.15140241500202,50.91727292909883,49.92301948508846,55.237314063442156,53.249656622719186,57.02189605400359,54.64415886090252,52.3626609558888,60.50473021803848,52.39027719423539,55.6686529620485,52.74208520818281,55.130803032682664,53.10810952069626,50.30503983700015,52.81767621570378,52.94090414732147,52.51655056415295,57.43800216471131,49.99298773964418,52.64451708858108,56.22755400632512,50.840331805476836,51.92936004810957,48.58770717166292,49.69639329011456,52.10868095757427,54.367438949260745,58.25775542602208,50.60133894842204,56.79396170689788,50.83160308947036,55.59749834333297,57.63943069514626,47.86786709747487,53.44102213568918,52.076140850443124,53.06661847116226,52.65301196971254,50.76956872859452,49.17100217324519,49.26876311074017,58.38809109795434,50.79811317567539,54.65152198575462,54.43248493765909,50.41217554389222,51.23530546955811,46.81697209482834,48.71924743844654,51.06456851604281,55.33711706737902,55.64782144343279,51.63901105708892,52.30307743643064,52.408904331184786,55.93367051330853,49.332293771144364,48.945986467596,48.565398354918,50.65010937034983,52.80305533761897,52.92283153402867,48.55289966550252,52.37838934272839,51.93723129840082,51.965473109837994,50.666933092520864,53.22058068455873,52.727095087502754,48.99444247556166,48.3382170329612,52.447374054470714,51.46709980566989,48.258813220472625,52.51316390916601,49.16832307138661,48.61206086502309,52.59299300076327,54.14497623841113,48.67140737750371
photo_legs,44.07212207848052,51.81281325085039,54.15978035864301,53.44691860167866,42.99878009749889,39.456614941444194,45.688554826363045,0.0,46.16509660044689,51.22986419783152,51.9533615636373,47.07070684624435,44.68625061214463,45.39745125960104,40.77629616826291,39.44827897047517,45.768689062473904,46.80625102292982,52.562435511941075,50.51162037026218,55.48238074401639,54.209588373175215,49.20202055245605,58.457961047551585,46.76964010799582,52.6956394048834,49.34422172119227,52.76259541877784,47.11786555551039,46.014151793705345,48.14577504094308,47.605469702342575,47.97450902704985,53.56020144147595,46.673399433297774,49.1690269561751,53.1168138918684,46.60814428260238,49.11067699829494,42.33684180434987,43.02359260059782,48.17551488082625,51.70236288689523,55.70366747886552,45.989543428724275,54.10627577417927,47.072996038951146,52.24912616178619,52.21412742598371,40.04236021044542,49.79580987999872,45.588274671911506,47.77382201376351,45.369413907876385,47.92599256550081,41.39904077581982,41.021835302862,53.98416538072454,46.386368788097606,50.35840391263085,49.122484137507726,44.69859853443247,44.9693732184145,40.657372714387876,42.32638251627475,46.274406830330335,51.459060549841496,52.48032511741637,46.88960796246985,48.50614716914859,46.864535269302024,51.04412318559994,44.31068363963268,45.13577443653029,43.99629989454833,46.285452434380936,48.67042604055532,48.87746232463412,44.234834503131246,48.36001642207355,47.521966781671885,47.73613838992646,46.62371170433493,49.17310056914493,48.62471978537656,45.00516168720952,43.87985244281107,48.528003341354164,47.4661022166527,42.484157180696066,48.3718958221733,44.25053816605041,44.53586147807136,48.38067802214207,50.23955847321356,44.716296500339965
photo_bird,49.738877449220226,53.713276888128256,51.74038241683039,52.211686640838685,47.15049071326599,46.62497663719975,50.021392256807005,46.16509660044689,0.0,47.52680244397495,50.720622320909065,43.980006262131745,47.79243828473654,48.38596637294265,46.13978012829132,45.27675619122996,50.05374232868105,41.678408947527295,49.696847666847574,48.65767510927733,52.35800621162628,55.33078499275624,48.71614358628941,60.06788846480311,48.89593926303572,54.53391276578966,46.69277031356366,50.5175850809033,52.35243687816658,50.29754724933887,52.66555387088094,52.340894450611046,43.53300392774303,53.6836400606972,49.87111680669441,47.00538038457749,53.74926983906143,49.91801524841771,50.944090257024314,48.416858067842796,48.19331351838948,44.684759112340345,49.735102418074305,53.54243155278745,43.62856271562109,51.55349566702153,45.38120050597393,55.360738544406786,54.841101781778036,46.53752365190751,48.06692379872582,50.26755358783865,52.26983345007072,51.27021464532617,52.309508898739374,48.46097168302671,47.12266175466957,55.62832783106629,48.82094806298558,48.66152309235229,53.939208302925515,48.44879025158226,49.62817015715131,46.79990017911308,46.44313837362883,42.88237300384866,50.407435175343714,51.13905406387517,51.1916381178845,52.23628513148046,48.668124121912655,55.296094072504744,43.687316117311305,44.52203235013775,43.23276682570764,44.081892649052044,46.706485557144674,46.549270630018064,43.557933581323965,46.06175986846208,45.40565389993517,46.16599454944211,44.57253645090413,46.880967985213175,45.96782238337644,43.647396142443995,42.57518513908697,46.25216066182243,45.189243365491464,42.8430865374212,46.255221977207825,43.941709112402755,43.72026559546661,45.62968215558423,48.30365322533102,43.972030841497
photo_butterfly,54.08510439042966,55.77614445406698,53.47906929265963,55.75568616310561,52.09781329551521,52.14894630257414,53.65709471967384,51.22986419783152,47.52680244397495,0.0,56.25191097112419,50.07923040340627,50.85376184864548,52.9325214229812,52.279758361339745,51.492036532712554,56.23912622347246,49.94619465050812,54.04290587387532,52.502005836818704,53.82675603065627,57.40828569015039,52.50838140940227,61.6474267038915,53.856049177094455,56.31464301179474,52.09515492872031,51.2342455289139,55.44638571637326,55.2076626614398,56.75171494830867,56.000459106050215,49.96327586057054,55.76666161331612,54.74672738131388,52.4366716145388,56.30300775519751,54.85596323111974,55.592216664832165,53.70921206350059,53.414154229583296,51.506314924647086,53.2376225412896,56.85698584776558,50.19510174759915,54.55680251141863,51.09744296880412,56.09690538874983,57.739303858785995,52.3839028436887,53.00321299096756,55.09066283760514,55.6124775820116,54.27727792592133,56.116405455159054,53.52441468077141,53.06938439456997,57.21763509472674,53.585783564562526,53.65218383761266,57.842236570164424,53.322071152947565,55.0392968047882,52.14338584817168,53.117308504671755,50.59084247595847,54.20720746562299,54.743800075972935,55.256621620072984,56.22791004678423,52.06292401039247,57.40865707863108,50.85334330310051,50.76086692058261,50.342350495317916,50.78862908863595,52.80443329812741,53.079179301155236,50.26005623015361,52.21700838153572,51.484495799272494,52.64466018221764,50.94784368278576,53.31752077320473,52.30000026927732,50.58126592693408,49.86741725510861,52.21732339596668,51.30873156250844,49.79770307749425,52.2770600377677,50.8294494571957,50.63644559418152,52.180455901854245,54.707118495696264,50.95128309505233
photo_girafe,55.13138397412484,58.89533114434271,57.69080026232795,58.53853256435664,54.16369856959883,50.99500042242272,55.2839901420186,51.9533615636373,50.720622320909065,56.25191097112419,0.0,52.931634077521686,54.35079924858869,54.10607753483315,51.37022830167802,51.51632839272285,55.619109493026855,50.91277587187232,55.64648382139792,56.32866648450009,58.59046226701771,58.36985096906809,54.66085940239774,63.16759748630137,55.0561869355802,59.07089471385661,54.103568091902744,57.14286586489821,57.42504460254508,54.93128946118418,56.453202834910584,56.25761217698674,54.719261159580334,58.277524761255314,53.71937446320573,55.00426664838763,58.384465077899726,55.546861059393215,56.46395402176327,53.46715022444601,53.640561085755124,53.261065595753735,55.625597825295394,59.04747588703512,52.63733136257627,58.19570324057715,53.609561333851126,58.697451389016116,58.14480476803735,52.16546600779839,55.05084078967085,54.20444080716802,57.105656953013856,54.955673737286645,56.02581009185433,52.6199981412052,54.20524039422356,61.120823450526636,52.84628127584123,55.835349504273985,57.62017197774828,54.529621124655016,54.203371449305706,51.729247497846906,53.102813995564524,51.74636936180082,55.463049547959805,57.08242964336188,55.152994720679025,56.91835240629494,53.336480292657356,57.634073825781655,52.69082316750102,52.66938516627672,52.16920614168389,52.690024698488344,54.70696799997864,54.78979686741615,52.3119711654695,54.66663617923387,54.10138337359292,53.43751925164507,53.84130240254395,55.07510366640947,54.58327446653716,52.588450624682125,51.79871674785698,54.44175211824438,53.49624186133213,51.735548102569034,54.20935493521508,52.7478084602338,52.50226720519707,54.425677238267376,56.11560260377072,52.721266488721604
photo_fish,50.29305137106181,54.9779920071089,53.02172766639969,55.15374016546523,48.140126280922516,47.116265979015196,50.47237151927429,47.07070684624435,43.980006262131745,50.07923040340627,52.931634077521686,0.0,49.22971050175098,49.70128047537954,47.710181182427945,45.94970453417926,50.194971102625054,41.91424200738368,48.91382476170337,47.97509432560441,54.28635778599384,56.255426404762645,47.97728427068904,61.14086148982835,50.10278127331572,54.73073129610109,43.16332030202748,52.351897612936405,53.025035265021664,50.46898862188732,52.67787810664694,52.98872354814554,46.714075069364874,54.42084757577045,50.00646412210616,43.74925190164829,53.20513143921506,50.53895828020076,51.77207722850042,48.04314485980916,47.48120992369913,43.22676954455869,46.65818103129473,52.57351710213376,42.312157457639906,52.051252087051026,44.367844374535416,55.853093279918376,55.10342811934458,46.21093414933923,44.96857121899896,50.32916681202596,52.85374586028844,51.12566852662095,52.72696653190486,48.899561712068646,47.091740670476646,55.68003626044651,48.444850501830416,45.586567274363794,53.29961797115958,48.19011720080284,49.729176729111714,46.89785834270861,46.2814575373415,41.98540200553674,48.535992636962646,50.580090578669605,51.295715950331854,51.97913214369328,47.16582548689796,55.590895363353276,42.385915913671965,42.610071538164,41.86730484760369,42.6034763163578,44.11163189969787,44.23377685558304,41.637771641603955,43.4895916300354,42.73837985111449,44.370094260733374,42.71225861057575,45.081548604396275,43.6002577320702,42.13038819619085,41.576263526484325,43.436837032056594,43.13765175627968,41.7993728582673,43.49053044199408,42.446015138359,42.55777456133917,43.71093917858363,46.732249592547596,42.69607985894143
photo_cherry,48.223685051377174,52.44334513132458,54.318951294886496,53.57431059156377,45.23455564415077,46.25874673101005,47.12906102914579,44.68625061214463,47.79243828473654,50.85376184864548,54.35079924858869,49.22971050175098,0.0,45.964701808760125,46.02403611490401,44.649604387468194,50.897365860727334,48.14205770492619,53.14639850159647,51.38465370695602,56.315723731074186,54.65394368721343,49.23094694032086,59.5593413399146,50.56133392518518,53.90811275641309,50.84608859922258,54.35715217405028,49.615636904656796,50.973236363844734,51.77970559097917,50.642630132271506,50.327209991116774,55.60760292815382,48.86413985777423,50.55702763865967,54.385196044722356,49.48803226067391,52.859306765975845,47.546920532670484,48.2307565260486,50.074047782200715,51.727806967062676,56.11488142111479,49.10002865026405,54.097185743181036,48.234420843324,54.086388216148876,55.99421101249537,47.31124616922339,51.4992826321014,51.02188485713295,51.29189968322963,51.07396477523042,51.42585841083743,47.55300804094833,48.107794160097605,55.548118422159625,48.12795033140776,53.066980322064474,52.35202151913966,48.171225255186044,50.424152473927926,46.32833905868588,47.80537424393484,48.93779232457818,53.06658032622834,53.77649111868577,48.938503222217115,51.33835468035968,50.3027900974901,54.29640048951305,47.59393977275859,47.332722955092265,46.589902421761884,49.005909749820134,50.83106864147629,50.56852468953249,46.4831922557689,50.297467550021494,49.75830457571704,50.59917963161431,48.53077883733207,51.047886498840256,50.86949755022748,46.68111963395582,45.99553310858477,50.70132866055557,49.467724428139356,45.55751276522509,50.497388209105,47.53626478499794,46.770712690980645,50.73113787770464,52.86951701146154,46.87142555362489
photo_tree,47.67949289621961,53.12882799988188,56.01416490330603,54.850011805585446,46.919119278088644,46.188308652600924,48.14284803648478,45.39745125960104,48.38596637294265,52.9325214229812,54.10607753483315,49.70128047537954,45.964701808760125,0.0,45.98232349803687,44.279182476465685,48.4957314525889,48.95986726954874,54.46026550210874,52.6514754739209,56.55709635136471,54.067574927820466,48.98593827597096,58.97504750751308,50.4171826082563,55.32197910148052,52.10751570547333,54.801091773039715,50.983056660041214,49.867406283183186,53.02069763772006,51.29365536606298,50.78843431447602,56.677878172106496,49.44991868132058,51.57001769696426,55.2009057844874,47.12172287433378,53.315602570223895,47.50692560365888,48.0884189480765,51.25506602896087,53.53582421878654,57.23033311733048,49.79465815909598,55.62596492282489,49.00686651523996,54.81932045975713,56.57203368686718,46.668677019485855,53.01997942079283,52.04281565121067,51.849632925199266,51.44261330090707,51.39156467695097,48.220850061292865,48.23881473310622,57.651609693684975,49.896226287362076,54.03149792716065,53.07186623421203,47.76165051064977,49.974231528411586,46.22058821451441,47.558213188783455,50.037360865113484,54.024796276268674,55.43620202764867,50.2801333051834,51.796046862212414,51.35524803665412,54.90476746090528,47.9445618019616,48.33377057317942,47.6141456459786,49.756704537127135,52.0845028879606,52.03816863726317,47.45716438261737,51.86027342902024,50.895244189512404,51.31816211312214,49.823774388668916,52.48902687228002,51.94440233776351,48.07468407377285,47.186586045331964,51.92094001991605,50.739459059207135,46.30544920184324,51.57892604003205,48.09633028540669,48.09974813550793,51.73404858850388,53.562196317131395,48.240688586184945
photo_flower,46.497989386345076,53.03125881860374,55.166461580361315,54.65660762097693,43.55998842142281,38.41201206536105,46.337836104366616,40.77629616826291,46.13978012829132,52.279758361339745,51.37022830167802,47.710181182427945,46.02403611490401,45.98232349803687,0.0,36.854791825634464,44.06102697316935,46.745617725327584,52.76463454384713,51.66374109841399,55.57703360406397,54.67134348862407,49.63196235987181,59.684810039150584,47.99624532174296,53.66839965667201,49.90917368291633,52.79951137623827,49.0138618591184,44.33431923779837,48.586025132485524,49.29954597812267,48.238586562170894,52.8130488616792,45.07331025557688,49.45474461786104,53.83534778316417,45.71386249211259,47.30803900520366,39.68577606244552,44.86000636221569,48.590075820962056,51.666700540887945,56.488332344524814,45.673471852515966,54.6927498889351,47.19910160880321,53.838103796797654,52.642936109241006,38.961125471585326,50.721770092634934,45.3468360117542,48.95097923507964,46.431723640892656,48.71721143553331,43.806901858764526,42.95925552621859,55.160093060621314,45.40255068150803,51.27633062361771,50.805891644893244,43.92381127883409,43.444657344888476,38.423430553378566,40.81502315562357,46.95859663068915,51.919147999477396,53.63705854136955,46.56158313746702,49.65391541400124,47.30506325126014,52.66457999080748,44.992539948138464,45.89463008945425,44.45091433513256,46.764149788449835,49.27408624070814,49.326557382867506,45.05599597048687,48.95927475999712,48.26160333860321,48.46513212780044,47.397796573654496,49.737083857709656,49.36307910135514,45.19073610253438,44.51957379123453,49.42507204422871,47.89088269770835,43.35882625377435,48.98394271505098,45.16659330201685,45.226759894436626,48.89329416559107,50.691755736979154,45.41401102192907
photo_carrot,46.19598772447264,53.14218440396311,54.17480504357838,53.860951622148654,43.923269709344865,38.6719465351727,45.15140241500202,39.44827897047517,45.27675619122996,51.492036532712554,51.51632839272285,45.94970453417926,44.649604387468194,44.279182476465685,36.854791825634464,0.0,41.7685568444006,45.63147598610587,51.79303394344826,50.800662081723395,55.50493259820275,54.204798936662016,47.905850868333374,59.23130609849469,47.03787800316727,53.03053608400779,48.656593336066976,52.28934255896734,48.14433224398396,42.290657731539625,47.46388785133357,48.06105134636673,47.27334379506785,52.667887484106274,43.640953933723075,48.39203556621334,52.89420916993881,44.57511115817611,47.175384921891016,33.13086150676332,43.26759873940948,47.00903943545838,50.60569612847086,55.84197039831961,44.5080653803986,53.80032100512274,45.97455742521433,53.45974293014532,52.64412591145318,37.98704823953023,49.20574822630988,45.365734176115794,47.41493521093685,44.097161524928,47.588480294276835,41.89867516550642,41.21961871331483,54.67358148777643,43.73664187927301,49.90617726194018,48.631839474616726,40.953734495832144,41.7656481207585,33.78966038191433,37.54950475467745,45.09499808751408,50.5800024807939,52.57737912021758,45.72815930563193,47.55144871129201,46.389201950211515,51.905080114175746,42.88639891547388,44.28852974720648,42.807686674715555,45.07878504668968,47.77098483693306,47.95134086222221,42.9411004681973,47.298171900168335,46.81711548278785,46.64050378811491,45.97720279089826,47.93184678634125,47.73432904958741,43.92195636777969,42.38140348085553,48.04477697805516,46.30247084952366,41.65214937576864,47.5505630410857,42.97034671044562,43.38714526463283,47.35899583312364,49.28699008255546,43.52141485570463
photo_watch,49.74727805136291,56.73636065029038,58.78923339697591,58.51054355875307,49.15782854023056,44.533525631575046,50.91727292909883,45.768689062473904,50.05374232868105,56.23912622347246,55.619109493026855,50.194971102625054,50.897365860727334,48.4957314525889,44.06102697316935,41.7685568444006,0.0,50.42580001475941,55.828222332034315,54.82455621581062,60.073681563826746,57.74946935949555,51.15818217826013,62.54139430163107,49.68384919138265,55.86968157499629,52.661396652515485,55.28126678895284,50.58033564606669,45.99306274972924,51.8051374681888,50.83003304318639,50.23664338771926,56.88309096595744,47.949892297760364,51.72616218908774,56.170882888640435,46.691100956946485,49.86184836374844,41.61575451029618,44.87391381766709,50.97406080791702,53.89879200756006,58.987412745410325,49.45566960651348,56.60708279699197,49.23955415420994,55.492017899607056,56.07459392601451,43.003064384176625,52.86053893776661,50.09074267274508,50.5402167978563,47.844142172636566,50.154604794127394,45.70876646664741,45.56285901727868,57.46523128916708,48.517558317985014,53.0963586822121,51.40022251474827,44.93008568567275,44.89290472594838,42.80915230089229,40.175532411608145,49.2006518220477,54.490733101698915,55.62902327840818,50.23339959592499,50.60398206590157,50.661290991843934,53.991540925950375,46.74818670413031,47.67994038625077,46.58236495710123,48.85947389717059,51.28586102741173,51.427046623234816,46.822073573388664,51.20906651118881,50.34023899619007,50.18668273380719,49.38707255059396,51.73494861795911,51.36449685347633,47.59970160730892,46.68866140493713,51.40803904692871,49.71651468185319,45.24071397548494,50.94898161918276,46.7438902111906,47.17562180953079,50.61578038003048,52.8895082756214,47.62196982304661
photo_key,50.175136819940455,54.00772315494261,51.60132653922142,54.70876929721241,47.830001682840965,46.599123360277346,49.92301948508846,46.80625102292982,41.678408947527295,49.94619465050812,50.91277587187232,41.91424200738368,48.14205770492619,48.95986726954874,46.745617725327584,45.63147598610587,50.42580001475941,0.0,47.369964605016165,48.16977468607426,52.6316783220142,55.62414955672071,48.38841975082661,60.13659749283171,49.78593726440631,54.083891412709406,41.003337722097655,52.48625301474181,53.22727830592687,50.28053643678595,51.95488480951994,52.63262019245512,45.3250696973603,53.59746318129176,49.94035616818783,44.50974224293575,52.90856548158379,50.462677168315,51.10441445173634,48.03540335282055,48.09623842912585,35.655628961543925,47.206100129343795,52.05844977836172,42.32234295371145,50.55341958763102,43.58395805012982,55.70556539283123,53.47644482602506,46.01964661725403,43.326520815609925,50.26786417080621,52.93641635032033,51.61167604871377,52.05919502395871,48.02671416314275,46.04172186221002,56.195885136374805,48.05060741218992,45.77001873209518,53.46110093520464,48.5857856192232,49.53407078096382,46.30726921995679,45.96628198781936,35.614368091598344,46.859682787813924,50.23947478232489,50.73734579341377,51.338099246628936,47.75789458451593,55.15616330022596,41.75391955738537,41.81136055528088,40.209650230240726,40.68848356725417,41.19464359639422,41.32681973218931,40.8177362511356,41.34206209461561,41.26919395624146,41.49202713175399,41.823225071679055,42.3707501630293,40.89924030995971,40.70780271890123,40.34697435042125,40.71203015315256,41.341920223827735,41.01952025920233,40.506065636381976,42.054756793318454,40.68402661412171,42.3320753898926,44.251693105127856,40.94685793134626
photo_truck,55.12204778507752,58.87028360930929,55.408023553194454,58.523449708584025,52.944684494067474,52.34831886664653,55.237314063442156,52.562435511941075,49.696847666847574,54.04290587387532,55.64648382139792,48.91382476170337,53.14639850159647,54.46026550210874,52.76463454384713,51.79303394344826,55.828222332034315,47.369964605016165,0.0,51.138871060362945,56.389721998448884,58.74794476942993,50.995126451915496,63.71987273698294,52.95408277806802,57.02944559460367,48.68233902261332,53.99113633302657,56.23295793267257,53.790418510371396,55.20176181466653,55.675442978922234,50.71279431474175,56.454129394074364,54.07055335192474,49.51807970861247,55.99003355842054,54.0521542104878,55.39928798545685,52.66943180150652,52.35268201529496,48.00976878105527,45.62970313892909,53.24806888551579,48.10144703316382,53.20469232309243,47.0559333300337,57.651004405215055,56.293855540738114,50.8538447980195,50.54768672447551,53.76756994272722,55.3960581556152,54.576312130399685,55.573701601022094,52.51434907543148,52.04207223173667,58.4761249786615,52.108611688252275,48.93738009968845,56.07078883998934,52.148280433350884,53.68737302503872,51.00948585368852,51.49173490702463,47.28688321552589,42.855534125035064,51.095043184176646,54.04081127479163,55.09824692227955,51.161873935752844,57.700814082236654,49.01047860642144,48.55554344281707,47.97763380043016,49.00853882375247,48.66663807145065,48.816073188999624,47.79967728034102,48.8298416676355,49.07854998859399,49.26050350776309,49.14262457675858,49.08213006893483,48.85066748282992,48.25580421400355,47.69651649266132,48.924987808219164,49.061559029277575,47.99107059660072,48.1203442473097,48.98239444010133,48.471525806779766,49.532971896749864,51.50904713082569,48.56285983825311
photo_velo,52.93919898285373,57.8984067139712,55.758811211507044,57.87714562210397,51.43277323629138,50.93487148508783,53.249656622719186,50.51162037026218,48.65767510927733,52.502005836818704,56.32866648450009,47.97509432560441,51.38465370695602,52.6514754739209,51.66374109841399,50.800662081723395,54.82455621581062,48.16977468607426,51.138871060362945,0.0,57.59916521864585,58.69391638058633,50.80719093554301,62.437460577352034,50.55546930492587,56.54093164503601,49.01479465794151,53.833755180832476,53.84001114723027,53.531872601798035,55.276961853535255,54.899018451312564,49.84926106725166,56.51677770527662,53.27205283781665,48.623560118632874,54.71597447679419,52.66636620794425,54.82443353340392,51.88887373270691,51.08894947566591,49.143384981390405,49.704466275306,48.56351582130094,48.24183465380794,53.21753420639238,47.740473282518344,56.787551598139125,55.859839398790434,50.569076393041456,49.71169078899595,53.37376981535534,53.79641092414628,53.25734591490215,54.947942152976545,51.87899002959545,51.19428289033055,58.276907255589386,52.45363775830588,50.04410597627075,55.620565084944545,51.49716056088172,52.66495476890368,50.7130418437511,50.98563037001739,47.54191928233474,50.26079151065717,46.42536642119685,52.85562760986983,54.274278622127405,49.78069305499413,56.40191450546644,47.68972458503659,47.44043554618095,47.30072342854541,48.34759563255794,49.91775695111663,50.0707125114953,47.269054905890485,49.33147668091347,48.818071701671784,50.18165760557805,47.80370634661517,50.60757407115505,49.44268522628382,47.45721529570582,47.34516166924502,48.86953524395835,48.218853852761065,47.169773002671235,49.23520579691969,47.867500580103375,47.7749532221702,48.9696011957419,51.88640316530711,48.18118739617345
photo_road,57.49140012251623,60.412072156751854,51.11750860220251,59.02201770905449,56.3230439158773,55.69189559249749,57.02189605400359,55.48238074401639,52.35800621162628,53.82675603065627,58.59046226701771,54.28635778599384,56.315723731074186,56.55709635136471,55.57703360406397,55.50493259820275,60.073681563826746,52.6316783220142,56.389721998448884,57.59916521864585,0.0,60.54526305812978,54.38249106546538,64.30236693342316,58.521986216695524,62.82393768426484,56.15738246317141,58.979632545418916,61.46351476471229,59.44114501882315,61.49035981471906,61.30362799296925,56.20204949760157,60.73981295781865,59.55947155913968,57.27587252782468,60.88835043883993,59.25030684062812,60.15893286079816,58.51870321268277,58.430805342083566,56.217736468722386,58.001180264135016,60.77071291743632,53.39226183171171,58.39453207041495,55.57989112933827,62.58395413741814,62.8996451986044,57.173417138868714,58.41612873669032,60.43825231163325,61.24655987146522,60.67624361489836,61.54768528646155,59.1077507817356,58.235443568664515,63.493154591868766,59.42693311728355,57.96319602822633,62.702985749231,58.33422763388669,59.50625071238623,57.20771801137623,58.12782970624814,55.68480323248353,57.74687026245256,59.48876781770705,60.13348573553684,61.28508897995852,58.02227278382115,63.51986167862504,56.452544620079664,56.28192331306043,55.771762969114214,56.603061905766396,57.031747500346015,56.882110643506586,55.854255420806645,56.6533015454842,57.361526254681415,56.71833916008922,56.764109432044684,57.3319300677322,56.61198472459147,56.23133638609135,55.58166549600934,57.088529087756434,56.96746695413329,55.53244732361504,56.71217907521961,56.3611535878407,56.3897773638679,57.620936493315234,58.76637668281707,56.481980988707896
photo_house,55.09538137585255,56.032448948327314,60.41432892261869,58.39976173505114,55.87745623197053,54.63183438749351,54.64415886090252,54.209588373175215,55.33078499275624,57.40828569015039,58.36985096906809,56.255426404762645,54.65394368721343,54.067574927820466,54.67134348862407,54.204798936662016,57.74946935949555,55.62414955672071,58.74794476942993,58.69391638058633,60.54526305812978,0.0,57.68609002714156,63.77159657751047,57.75810726405059,60.66111330949147,58.28537718726291,59.93711353169458,59.8272162592303,58.18122719944763,60.16923435911456,58.66240445179689,58.28425455338738,62.457013239079785,58.18514340506341,58.545930378204304,60.5675893441472,57.52178744593811,59.157542748573455,56.74624043455729,57.20329183077957,57.983313365387346,59.043184896013365,62.5840290241081,56.731785960028255,59.65302897029344,57.026802869307154,60.914748540015275,61.65918235854704,56.22009584343598,60.245162205372885,59.06182989805671,59.717610706148314,59.51553149755131,58.41972326253499,57.08310089402501,57.25185729849866,63.938768516929926,57.89398157690536,60.455616762466725,59.97278457781597,58.04442141431786,58.64226689852386,55.620827193748994,57.26082339784333,57.45884105800819,59.65439632036227,61.46327276327401,57.63140978662479,57.47217555854381,58.779475799612946,62.08078276482641,56.87659098097624,56.38860187295287,56.29619618643907,57.39259449230673,59.010941291617996,59.029023863463216,56.221297183088375,58.77770186745507,58.32777377014556,58.56708956343652,57.49963930177195,59.63156124725057,58.79309703414445,56.46389268964133,55.5837768516202,58.89184917495744,57.71093465068292,56.0884843368842,58.34348666139257,56.952343351481275,56.769298270344336,58.683494515766334,60.56157724572535,56.66799547183818
