,photo_face,photo_profil,photo_eyes,photo_face2,photo_walking,photo_standing,photo_hand,photo_legs,photo_bird,photo_butterfly,photo_girafe,photo_fish,photo_cherry,photo_tree,photo_flower,photo_carrot,photo_watch,photo_key,photo_truck,photo_velo,photo_road,photo_house,photo_mountain,photo_windmill,drawing_face,drawing_profil,drawing_eyes,drawing_face2,drawing_walking,drawing_standing,drawing_hand,drawing_legs,drawing_bird,drawing_butterfly,drawing_girafe,drawing_fish,drawing_cherry,drawing_tree,drawing_flower,drawing_carrot,drawing_watch,drawing_key,drawing_truck,drawing_velo,drawing_road,drawing_house,drawing_mountain,drawing_windmill,geo_face,geo_profil,geo_eyes,geo_face2,geo_walking,geo_standing,geo_hand,geo_legs,geo_bird,geo_butterfly,geo_girafe,geo_fish,geo_cherry,geo_tree,geo_flower,geo_carrot,geo_watch,geo_key,geo_truck,geo_velo,geo_road,geo_house,geo_mountain,geo_windmill,word_face,word_profil,word_eyes,word_face2,word_walking,word_standing,word_hand,word_legs,word_bird,word_butterfly,word_girafe,word_fish,word_cherry,word_tree,word_flower,word_carrot,word_watch,word_key,word_truck,word_velo,word_road,word_house,word_mountain,word_windmill
photo_face,0.0,59.544912332932675,70.18368438737467,63.09985363843921,56.31489075554961,54.414991228989095,57.03669555774275,54.32318300287297,62.13570545703183,66.71189472034389,67.71613321984059,63.3820944193378,57.768977081467185,56.79974340646634,55.426063367442055,54.01421489478618,53.94106911235063,65.68847093818523,67.35352637624042,63.34953929681298,73.11230236901203,62.950915937029876,64.38945277539196,67.5537045215975,58.85140169817358,63.891949147766134,67.35978019450593,66.12220943859197,59.27934294134523,57.8078554364469,64.1239034148497,60.941620992616734,64.58315559313579,71.63394445320388,59.189260269093126,65.49654205409455,66.77618882673448,55.80566304744383,60.00616853757326,56.03792374599244,54.96162462033955,65.96734546861589,67.39636931672726,67.31865788297125,64.21029003790903,68.83485969607135,63.97939411701944,64.38238299905417,65.28550533402829,57.903167571371895,66.36313176238642,63.26226407809571,59.79739585415523,60.168694357978254,61.06188153334795,58.88861367545955,57.864684753045175,68.96183615930536,63.49997401825658,68.04930457201894,65.31672975219183,59.16738776871603,57.08424046585194,57.1686046899999,56.8644500258248,65.45736551106263,68.0872604015621,69.3162235079307,61.202040011701136,61.51160959562915,65.3764113856422,64.69884746043559,62.17085043288152,62.73067683060683,62.94577646993878,65.02928997227595,67.61352755718946,67.49676642784205,62.73870804093012,67.15349370444012,65.61723886197078,67.29123447292015,64.27312597411084,67.53334170583578,67.00042365138462,63.09493632479938,62.94970859562525,66.99963550820645,65.40055040521612,60.878506604291616,67.45347687841513,61.87803030334137,63.18155349953478,65.88874739788709,68.42460719619417,62.84313022265948
photo_profil,59.544912332932675,0.0,73.67860018004785,67.9932163859792,64.3405417307642,64.43352691481768,64.86183194761458,65.45710014141095,68.25340730427844,70.10940694679665,70.93721218176236,70.22667120642492,63.88513472912044,65.21432794505267,65.79075237424153,65.34755738917916,65.58841763482475,71.17368899910777,72.12410362295665,69.23046772527874,76.81530479220028,64.39500572348217,70.50997453657605,69.53788997465186,68.58804372463442,63.11468972054186,72.56948002633976,71.61352413872223,66.68703321731718,67.2004337450953,70.99752270627839,66.55150336973561,70.45235351561418,74.54638922099781,65.91515389541709,71.7111710704547,71.02762623021316,66.87913216002099,67.25268328861716,67.12821178719199,65.92591869427899,71.92197024592117,72.96280590493134,72.36153789899232,70.14269078207124,72.08639201758052,70.64840447617898,69.28374785093459,68.47022475189141,67.30246439220856,71.9923960261835,70.21449350802827,68.68419844595515,67.96215993269634,68.05598358547432,67.25204158793926,67.93119239734379,72.84082662825324,68.40046004176641,73.85157644370832,69.80554849992234,68.54183600619487,68.15118481619352,67.8598197948963,67.54312027316381,71.85937481454553,73.49761095857787,73.77598268527507,67.24101028157878,65.8847872861588,71.94714166613798,71.43957038582519,70.7871316654615,70.40702349323614,70.84910234334977,71.96266822681484,73.87218852413768,73.77174719467048,70.56510950813681,73.6100684155768,72.06956331358921,74.07932419911877,71.34456011024774,74.1021993985532,73.53429393558149,71.02845161792223,70.67679169453146,73.29037831400521,72.10795002631355,70.69757681428744,73.88434302251383,70.4203867918267,71.05883229462196,72.61025043368933,75.10399048936156,70.42894989835614
photo_eyes,70.18368438737467,73.67860018004785,0.0,68.74451789439746,71.13793731085401,72.23132099378591,72.46299010852212,73.12733084885689,64.01345804028742,65.39462906045317,72.80642642291369,66.59259732029602,70.77810652984984,72.97627368588451,72.91774196973633,70.98898414519795,72.8265024792874,67.54264564910413,65.64898022579608,65.96158663973064,63.50447816931391,72.8938762890941,64.38101987343671,75.68832909029743,70.6511461399976,75.2997706587342,66.7673777178506,68.5989488792389,74.10172240175966,73.46201303664331,77.83879244431326,75.55368387350634,67.35713106516933,71.9762483793707,74.33916758998353,68.31142568021873,70.73547627939388,72.87130596026462,74.57220963762992,73.5426825261645,71.8098599611467,67.53132962427095,67.90547637564464,68.00839653614483,66.82685774797595,65.32752238716992,67.51411067805351,75.67308442998078,74.4023681267771,73.05698521575121,66.44172221080171,75.28578166237408,74.69373185981726,73.75515430222411,76.58291623750519,74.71004566725006,73.10610594497835,73.05735530104938,74.43105911770584,69.05889807472447,75.71344820332543,73.59942349114802,73.03292386289147,73.3158868542351,73.34039247869018,67.45364231055945,67.54881719424962,68.32802973932158,75.06036262431631,74.68073222565796,69.68251165895884,77.4759846465263,68.43618236200165,67.87902562311642,68.66388208570152,68.26794182945004,68.6626775859739,68.49515442227582,68.05307567744629,68.63122927829741,68.16607281594415,68.85566713965962,67.71085131414326,68.2773139186006,68.56909514757942,68.22573325969894,67.92238607112357,69.15548626881774,67.82310212279967,68.17727066960184,68.59810139171883,68.28216509022035,68.16805859368269,68.2623588997582,70.55959533009694,67.7197577534713
photo_face2,63.09985363843921,67.9932163859792,68.74451789439746,0.0,67.00974226545607,67.5205366435466,66.69480997628393,68.40701830989114,65.0439981243971,68.07121895052789,71.79435597269838,69.02716874395456,67.08998969619627,68.4216785505259,69.02127083032069,67.59687676818837,69.22641975398369,70.90886454423409,70.79510521911844,68.80071171659716,72.51652623895706,68.04539188333186,68.68273843047855,71.78365270110957,67.96017712158284,70.8926765327333,72.28568264569826,64.46014879995683,70.66499504076148,70.45836766220621,74.65954205559223,70.86158226991957,69.15720004790258,72.667680066882,70.67118527964392,71.28805650583686,71.75447141395637,70.36376666435883,70.44058987436159,70.68239557225859,68.47657214589975,71.57786856854547,72.20045367398282,71.56085895340249,69.4865015775423,70.77088220682008,70.08427945499217,72.09690673800068,71.38545160208001,70.63505553864614,72.42992815526813,72.11274890593091,71.63110265799959,70.81667694172856,72.34806894816592,72.05561500603487,71.02993813621676,71.36030023710384,72.04680834691749,72.89119244092488,73.78084987901461,71.10490139619111,70.76632902905729,70.96028031577002,71.14794089758904,71.61469205011328,72.40724622008382,73.20400677133148,71.51296326054758,71.54233262171257,71.57709422152563,73.90006659785962,70.77770678626287,70.07679801059403,71.12107008592126,71.65471570761989,73.12442477203265,73.0148111235713,70.36022539181886,73.1181796628896,71.86121999427729,73.14810800914088,71.23785731034965,72.98833396111013,73.10095862021925,70.90788614382676,70.35579422865723,72.89961250604128,71.61452874572258,70.31040560763161,73.3419477603615,70.6187198648992,70.99404686572322,72.11171667774164,74.07776048242867,70.27220489590778
photo_walking,56.31489075554961,64.3405417307642,71.13793731085401,67.00974226545607,0.0,51.62819478427907,57.05508605664041,53.15480549649337,58.80031136997255,64.3876861438543,65.70380854178504,60.62696083695721,53.313264747495346,56.811243683148675,54.15050701314761,52.68677088235091,56.374232332452394,62.243826785566675,65.11424041199793,60.49322326124342,71.13572012216116,65.22311034440553,59.74016020357516,67.22905263924818,60.3817317539432,65.40423901004418,64.49836937523702,66.77134722389991,51.02061358706753,59.25164224528869,63.1214334151024,60.99714274095011,61.96338755975347,69.38674457069297,55.326017280296284,62.56782573657591,65.79620264813397,56.35832443873018,61.128879398702125,56.39763135774278,56.120412551186064,63.72971101422623,64.70105968726405,64.49258888064509,61.21962832897028,66.92612253994133,59.88074706508167,64.64843711385043,67.35445203458472,56.95536920037071,64.28217729232611,63.150350103292595,57.661022798097214,58.948151817540385,61.34867682937304,58.38009681997131,57.12746245941716,67.97903000453002,60.46094419733093,66.29856678808201,62.05585990758782,57.589168465959155,58.688684521181145,57.1687537155002,56.58786219780939,63.254260058249,65.94917820465997,67.40741944422469,61.10752983204638,64.57201375114144,63.36670712695633,65.90770616402554,61.0193424538512,61.456142162505344,61.86504557436189,63.76942889824514,65.87566234732235,66.07114762603369,61.21668443907905,65.54486939144695,64.40378287977623,65.89228275856833,63.18545271205908,65.70251577771559,65.71420592349547,61.63304930263263,61.736019709177995,65.70195099907299,63.73216029656813,59.78887610778334,65.96765112985821,60.60954248552853,61.77549068333909,64.38516208655471,66.94482214585489,61.2148615399997
photo_standing,54.414991228989095,64.43352691481768,72.23132099378591,67.5205366435466,51.62819478427907,0.0,55.763283734750644,48.758534884922064,60.79552024468514,66.40325355131992,63.88699504446516,62.40582572651643,56.57277418553838,56.820962268811606,46.51199824252467,47.46739085468408,49.757844614281524,64.0076285731309,66.99859276432609,62.24510941221798,72.47278816216502,64.38867228194599,62.68925794643034,65.11939509271747,60.80279788510218,64.55178866265861,65.54912825059681,66.97995703749275,56.05525383872734,50.40444548695201,59.36667501633718,57.84538119431646,62.74029923997347,68.4200956382251,53.089267713779684,64.0152216870901,65.8204187868851,53.87912512650247,56.48317453234499,48.81839452687247,52.22687952390748,64.10990717423867,66.57060020055717,66.50679674052333,61.183446962288556,68.07372031770932,62.123128021014836,60.289389229856006,65.16807833226193,50.70915184386923,64.48219692753065,56.279566568566885,57.30365049545467,53.42293035065185,58.45385818191555,52.68561013321629,51.93508419339513,67.03457584169601,58.26654371844168,66.63661982383299,62.18167983359685,55.718260933380925,51.840794159493825,50.33572870415993,50.28812327064632,63.18877743806779,66.99014966745693,68.12862973186968,58.29626338512722,61.71149575977517,62.92837199376987,60.64010804629245,60.46285090294294,61.28903800585072,61.39808831840471,63.277515872570355,65.94522639655534,65.97515214077374,60.975521937827075,65.64181471978058,64.44263051563905,65.27143579024019,63.06510612888187,65.69845528058393,65.49393838861684,61.54427525613652,61.41073359763278,65.86432320613345,63.67749111284227,59.334117555676386,65.82364503207758,59.82858479802897,61.31921427523275,64.19552416631814,66.6087666990562,60.94810425487051
photo_hand,57.03669555774275,64.86183194761458,72.46299010852212,66.69480997628393,57.05508605664041,55.763283734750644,0.0,55.69154684141003,64.14062287891788,67.71794620751454,68.45416977274643,63.989400851462634,56.60297342395716,58.717633458751834,57.46222627507589,54.68401737529227,58.524135846110426,67.02534037266969,69.93744055214073,64.5555764022644,74.0876571291806,64.34947898117588,65.98931773077531,68.421923381249,65.74331486825307,66.59354715493558,68.9536153910027,69.62382441378321,61.62254791369072,60.389807951585574,64.15702445887003,63.617174063863885,67.615761146426,72.7019967426081,60.5734491445938,67.03884957245546,67.97276576907795,59.77109304936026,61.59447517931768,59.33561615264155,58.86149284997017,67.66408789175863,69.0329895681485,69.29808816551906,66.10493714115826,70.9575916893312,65.99627176015997,65.51307520723067,69.3445243243215,60.666149606296095,68.12353457728733,65.15816301050808,63.35984952463675,63.18900572908407,61.08487694296328,60.30724292630894,60.92279691833908,70.34613228575788,64.1242468747561,70.23231354063482,66.88802287311285,61.77167600822928,60.98669416365969,59.276085153988696,59.87151846391379,67.71186310308687,70.31215483999712,70.45339015241949,63.399075859955786,64.62198589893576,67.37942960565564,66.24063735135577,65.51448014546234,65.25685045556588,65.87971066302963,67.88587335071635,70.01901887609853,70.01536205916366,65.50316469040155,69.68880956467382,68.3849497130343,69.67695784714513,67.11588224365043,69.94588475363821,69.70132665189918,65.69214206909402,65.77020074167623,69.46171589746156,68.13663848922899,64.52794146725596,70.0094129906809,65.00422273665072,65.89676351789802,68.67912044993318,71.13226946894528,65.34195824067677
photo_legs,54.32318300287297,65.45710014141095,73.12733084885689,68.40701830989114,53.15480549649337,48.758534884922064,55.69154684141003,0.0,61.44469992933603,67.14623125350926,67.1734949297249,62.84189982981782,56.72783256618486,57.838468705234156,51.43374246278729,48.88266069521303,53.201850161647066,65.48303735347073,68.87650972365252,64.56201745225715,73.99364278112901,65.71594195915954,64.72643487095473,67.9712118265525,62.166277206594366,66.04676304778135,66.98929683267156,69.46589157116401,56.94126143767592,56.558374066412846,61.5290927264786,58.47386996428023,64.22389663219269,71.24509311435747,58.17662924444231,66.07477578659862,68.07803691602768,55.373864427622294,60.27775420689153,53.22870788317474,53.42764255643787,65.83289619069559,68.59094280032411,68.37186650368035,63.63136553545769,69.89475332126803,63.89850869828643,63.567690765016536,67.20040101963012,51.355385376182,65.92685340591268,60.42330870192581,58.248041046657846,56.29376306970122,61.214910044457305,53.4902004207724,52.72445961179565,69.39375871325426,61.74986593766898,68.56104688957528,62.9460191896326,57.63228101264154,55.72375989668752,53.84293263156689,53.97500465644243,64.99180702444026,68.76911147529822,69.65494331580487,60.15227445177423,62.0389217590915,64.6805750762912,63.807566271977876,62.84930685114358,63.24705740678418,63.52736456098883,65.5361133950456,68.21119196049473,68.21867575489084,63.238331197606364,67.9386670989808,66.3959597238923,67.80389732918678,65.23150699646756,68.00092472829263,68.07703610148351,63.825408576739335,63.4654751946845,67.84504279006404,65.95737727899936,61.469130917400406,68.27710235800663,62.38239910318776,63.73806707286926,66.64450226829796,69.14900746715784,63.21078699646502
photo_bird,62.13570545703183,68.25340730427844,64.01345804028742,65.0439981243971,58.80031136997255,60.79552024468514,64.14062287891788,61.44469992933603,0.0,57.43013749211163,62.985860519952546,52.389015308636594,61.30924828621235,62.74875985996417,60.633867321285244,58.50276224635189,61.155116246509294,52.461746072248296,58.67295311794798,55.80164656330777,66.29039180269679,66.97970427501087,57.43038531578509,69.51803969465524,61.48716407607903,68.31392632071538,56.495582319040764,62.095302740842115,63.30452134366601,63.20462437335234,68.84559491789871,65.97904991707074,49.403232194804794,66.43126330382488,62.69344184303796,55.60550745909746,64.46022010395626,61.72770706671519,63.90375969999987,62.18465725464815,60.054731206857696,54.47547313905301,59.45367815872501,59.501318186736206,52.942089530369465,60.78864834690769,54.92222169719374,67.98885443667226,69.23916431885165,62.01725533782814,56.992376800797615,66.09835476591162,65.01383916866799,63.564193864519844,68.12717025724194,64.43758898985094,62.07885825278624,66.37603124499522,64.42402585837323,58.3132524535712,66.8586735706669,63.2136847471771,62.78616348106151,62.35881065254202,61.70062839552494,53.72251840909561,60.70707090678923,62.18052704066201,67.05571082910076,67.52182587138127,60.290291139341974,69.39326330091687,56.38691282433341,56.45454351294644,56.195742001709384,56.36303234952114,59.54460414090026,59.125563451307166,55.96731149498787,59.05585675774269,57.545042983728614,59.04464538951106,56.96205373938734,58.71305449175223,58.85514840022535,56.279232080911065,55.620795256345346,59.20625266367186,56.88771584428993,56.07782993302494,59.36216364188209,56.07546218133003,56.18097991003337,57.75625173219335,60.82804506388637,55.82215211248225
photo_butterfly,66.71189472034389,70.10940694679665,65.39462906045317,68.07121895052789,64.3876861438543,66.40325355131992,67.71794620751454,67.14623125350926,57.43013749211163,0.0,69.1773062563324,62.295039416595024,64.30877478368407,67.18922317242605,67.16184398736516,65.56483207259649,67.75138289958691,63.16956579928857,63.11304845430655,60.346416111291454,66.88157862921257,68.53985517394497,63.76936070592836,70.56743504533897,65.4105161160508,69.08285665587269,62.876084750982834,60.4804079266284,66.80540950563378,67.5722335751332,71.57858552745897,69.05526215032384,59.4826930642303,61.595247630460705,67.731405342703,62.75852530154465,64.5352083276938,67.01829371075893,68.24002836910009,67.62185855697584,65.55501480468087,63.21114333966303,63.27108049684844,62.7530178243165,60.78087549574922,62.43036627733467,62.23104207566271,67.82615639552533,69.28144196307262,67.94578410017765,63.62425115329914,69.9750465731418,68.15630865000868,66.16478660037441,70.50151440284024,68.45631764093811,67.86976963715742,64.83790353400842,68.2900410804491,64.79189315112491,69.89047523880454,67.32985614983909,67.92232225529027,67.8238952808165,68.11972939343143,63.572740919529075,64.41686993935377,64.30901435066058,69.79705886890821,69.77847197079235,63.15615995827849,69.83728956179469,64.72585392743919,64.07930837331803,64.64783774415427,64.87541604556036,67.10682336406171,66.91300920972614,64.32843689073697,66.55593315513954,65.57727262834831,67.38724293431015,64.81255866187352,66.8452345350252,66.51705844848217,64.53541743070988,64.349445639848,66.38807922275221,65.09063554745063,64.48564847277443,67.03601820883837,64.47236420738898,64.90661671992792,66.0129499786952,68.40041649010179,64.5093704391217
photo_girafe,67.71613321984059,70.93721218176236,72.80642642291369,71.79435597269838,65.70380854178504,63.88699504446516,68.45416977274643,67.1734949297249,62.985860519952546,69.1773062563324,0.0,67.09370129583127,66.4110909789986,68.23280063233533,64.63905159107676,64.43634772192149,66.75546560213971,66.94550318993694,68.56125131290617,67.35563062886986,74.54188753549575,68.66411670227566,68.07768871727892,71.29922639577953,69.4303030689204,71.566043475223,69.02334516965858,70.88747106242909,68.84875892966095,67.50112302920915,71.66115748005167,69.58552841580104,68.10617465477524,70.3671433967707,64.32409195106749,68.93160939799232,70.74189535324155,67.97520862332566,69.36714218700105,67.59969765469846,66.93140181702303,68.72667794140447,69.12297213360829,69.26242977900519,66.58604375860703,70.67239967161713,68.40489569042941,70.64117831214341,72.08319350738014,67.1104869438101,69.2864938892067,69.10924133802965,70.3213148464813,68.16908979259607,70.99637895183261,67.98293332941266,69.33283240707539,72.5378367913233,64.47522192856951,70.45010365976215,70.95306036209341,69.62354128737438,67.52275261824953,67.05463730384824,67.88348687325602,68.1108100504122,69.69408451569603,71.23921377228118,69.3654538004715,70.64243315536122,68.36680884702454,72.11388884209467,69.28708768758544,68.76275454300843,69.68394057787634,69.64636898619293,71.28612794479587,70.86226928093038,69.03222276868061,71.04501519191602,70.32765453003577,70.60668421577138,69.80356022811007,70.78319128115167,70.87446913149464,69.40611969747675,68.91443412847786,71.09885992365744,69.67468338743338,68.89941099973785,71.13499866666311,69.02789715598186,69.51132508573802,70.25673940320077,72.00574225171326,68.64580377989684
photo_fish,63.3820944193378,70.22667120642492,66.59259732029602,69.02716874395456,60.62696083695721,62.40582572651643,63.989400851462634,62.84189982981782,52.389015308636594,62.295039416595024,67.09370129583127,0.0,62.56772546751964,64.33013481423441,62.48780878378526,59.15490326218704,62.881213401323734,51.30752394610899,58.83101415542979,55.98182013227985,68.51839033746664,69.4229697112974,58.644464300964614,71.63798561409972,63.553808245708645,70.24655889551512,53.123447612624325,65.80928546298932,65.37969415652533,65.33007785488712,70.0957123009967,68.71301534226366,57.39074285647503,69.48346209780571,64.91209737924835,50.19332464093441,65.62709453322385,63.72057201171028,66.14034823308995,63.21806528338514,61.42910460882114,52.584265241304124,56.4401154271112,60.08417767479013,51.32707600301694,63.552803944729014,53.6090074995556,69.99484211390309,70.5485693087553,63.196672324893264,53.553155443243284,67.41775857179881,67.70056311463439,65.66260549818125,70.2708087670342,65.7261225324134,63.2370944342399,69.13641996841181,66.57029967237678,53.373267531825256,68.52138193918236,63.793590647227816,64.12206776010157,63.735216066166565,62.94118283391225,52.758330949051405,58.74472854728057,62.177153770029186,68.280786764661,69.20687075078921,60.07033735594077,71.39403710703507,54.76209256743863,54.5783630915144,54.607796644116014,55.45366409177194,56.552106457911165,56.64409664854587,54.20053139659183,56.034798699814885,54.6850347336092,57.051690333050935,54.52890025704156,56.39818948240253,56.091710930802826,54.519694085109194,54.65723003241826,55.92953239334781,54.81001003062064,54.325834734187445,56.20621233762295,54.52159591157239,55.004822499550485,55.24931283665547,59.0214902062118,54.45302126925885
photo_cherry,57.768977081467185,63.88513472912044,70.77810652984984,67.08998969619627,53.313264747495346,56.57277418553838,56.60297342395716,56.72783256618486,61.30924828621235,64.30877478368407,66.4110909789986,62.56772546751964,0.0,55.093614550478435,57.66227901141443,54.729916295542964,58.19166384476871,64.45201835282812,66.18661829622619,61.25083648338887,72.97767557604342,64.06192215930908,61.25767321169586,66.5606644423351,63.03260918346718,64.21425485584199,65.75209087805541,68.01528476299444,57.57785737523942,60.918736901262996,64.06089070919474,60.88230363579655,64.17166803829014,68.73910709702335,57.62315625849264,63.69876251344794,64.46109035812682,57.6357750149721,63.099896387634594,58.281638606413175,57.28328009410626,64.80277670465327,64.74196561470912,65.58059722368495,63.53826619088652,66.63507135696072,61.50970767826555,63.94926731104541,65.82177950350896,59.509449300876014,64.75545235928526,64.4305319707305,60.348077651428454,61.4700858964544,62.058983926118806,58.22609394672085,59.03252370592456,66.24557344774746,59.431652979938264,66.69781122747158,61.07043443691438,58.837259103096,60.49327858431118,58.69249524677985,58.70714293128117,64.51776381138122,66.51977772961942,66.2121064195443,59.72766147880583,61.74062010828111,64.13290884834062,64.53165967565761,63.22777016358247,62.86335482775828,63.547815129901295,65.77841506998953,67.634286834829,67.5157865723478,62.67046862456203,67.01959923891125,65.75912812984876,67.82595727940813,64.41584416011273,67.49513213663309,67.19724523021117,63.23297545207742,63.04746292402472,66.94881480992761,65.49420294682119,61.77644978350954,67.54478926099728,62.64326679455045,63.49137389136058,66.34191609240496,68.97955964198496,62.906273354247205
photo_tree,56.79974340646634,65.21432794505267,72.97627368588451,68.4216785505259,56.811243683148675,56.820962268811606,58.717633458751834,57.838468705234156,62.74875985996417,67.18922317242605,68.23280063233533,64.33013481423441,55.093614550478435,0.0,57.0652413580241,54.062182524168186,55.621906108437216,66.46783528628167,68.49984273767319,64.64739043847945,73.8731690679707,63.275460068888506,61.68950687951627,66.50269409541622,63.131094569698234,66.18627088800888,68.4031128881202,69.08657769554367,59.10543707735548,59.90691944806694,66.04743340140774,61.034089862630964,65.47502067996616,71.58872773238163,59.419661985511134,65.69459758165178,67.43242185118818,55.632006099485814,63.61002501627058,57.71568466742831,57.090738776739464,67.14197599364778,67.94121914885237,68.24142818168762,65.38910488879921,68.53356905103013,63.06391348799567,64.8479036086321,67.56029640322905,59.67677474640946,67.94231448408023,66.27025605313291,61.23585512926402,61.864984611512654,61.449816639946995,59.06901009846026,60.12035885173029,69.61259898336772,62.832019862920276,69.12036285453942,63.57644776995099,57.7658555390939,59.96680646289035,58.50147466871956,57.64416533163182,66.69142827274838,68.90906395587082,70.2642086092255,61.083079524395245,61.247126984232786,65.92734626802772,65.0417940068807,64.42279312730929,64.67366934537907,65.01617534857627,67.32636532953353,69.44188906256514,69.34303417481597,64.5352804733409,69.04060153351726,67.584847469511,69.40095076093064,66.49254827801228,69.27940116646337,68.98476492519586,64.8563439886121,64.74129956165592,69.0617703620876,67.3034261310092,63.11362476782862,69.44919330378372,63.95552237527466,65.13543145805707,67.87197729803046,70.6018997244451,64.7614171821925
photo_flower,55.426063367442055,65.79075237424153,72.91774196973633,69.02127083032069,54.15050701314761,46.51199824252467,57.46222627507589,51.43374246278729,60.633867321285244,67.16184398736516,64.63905159107676,62.48780878378526,57.66227901141443,57.0652413580241,0.0,43.05213013633275,49.01478755389302,63.80699330065987,67.09756547735809,63.23824447080608,73.33703733453953,66.02449441762766,63.85479591974897,68.26935708319823,61.10513480008374,65.24258166394775,65.01606458443517,67.65689853754773,57.766950842219494,53.21077687771205,59.10937468542936,60.01845443702116,62.3979291514788,70.0585524884951,54.38745821820799,63.58672252875111,67.22852284552592,52.763277856721515,55.42065443718483,46.375096272994256,52.380365194137084,63.80029006341613,66.55314674757713,67.12323637900913,60.817163090559525,68.66882558849017,62.02107379432198,64.1832417452719,64.89368236204848,48.528009793685484,63.61496008046195,56.63395135990468,58.17137274699368,54.60354627771027,60.013989112278246,53.31599351299642,52.0847751319244,68.00570439405296,58.23643915604801,66.21786042529213,61.97573239160849,53.70051473034632,49.09742846788817,45.389518636565846,48.69714977871492,62.56998081222094,66.75639241693189,68.32224772449386,58.056081725409896,62.30121967747892,62.56372267796815,63.184736223482254,59.93698808606651,60.76173177423196,60.63606187224887,62.6305690516202,65.45389828065869,65.51511387266113,60.44830122802111,65.11573887240098,63.70198613097984,64.90100004469261,62.37979117802553,65.21785682348253,65.02859911708927,60.618825517146824,60.67221669398288,65.28876149420066,63.191744538730546,58.590825226819845,65.50027636671553,59.175124006279226,60.90743502486114,63.75812173424895,66.07654552768616,60.46312228702063
photo_carrot,54.01421489478618,65.34755738917916,70.98898414519795,67.59687676818837,52.68677088235091,47.46739085468408,54.68401737529227,48.88266069521303,58.50276224635189,65.56483207259649,64.43634772192149,59.15490326218704,54.729916295542964,54.062182524168186,43.05213013633275,0.0,46.88016933097752,61.784193853890216,65.96238223126866,61.47145735744654,72.34130982881254,64.86372143804408,61.089843532727194,67.99466391836064,59.29669469393423,64.79388356030856,63.579548860209776,66.86615724717626,56.10052200025656,50.813768941960724,58.71521252238313,58.52944812231851,61.57912914729854,69.19806287800529,53.24378275920705,61.959991383669355,65.71646275065477,51.63969715716888,55.332309193848474,38.25930390113782,49.711958318234025,61.99476504599686,64.86970385936048,65.70858937422904,59.322406820043135,67.51312258639723,59.975496563168896,64.107083579439,65.19305222489183,48.20876285799576,62.02351754180282,57.42178707711068,56.59908843932288,52.82811489916493,58.386382019751906,49.83922844804976,49.83861178133105,67.21661403845944,57.10426836844397,64.72304111959266,59.52090921800837,50.962994832978744,47.67564763236759,40.00172614570305,45.19865682719992,60.89595811977955,65.16562568969849,66.75104998992948,56.54338718736379,60.621049855134096,60.892003267118,62.46420228485725,58.08601130065419,59.1891303925286,59.16112503368914,61.3024952008397,64.4736016609683,64.37254733700696,58.81833799340767,63.930436378965894,62.56424888752721,63.69200174774396,61.3294981026629,64.0481093975407,63.97695055313597,59.47154633814484,59.07184604649544,64.29598402191701,61.957072888588634,57.02470656706168,64.32320730708764,57.42780537407264,59.37566023118652,62.68861285922909,65.25577831575612,58.977831493750394
photo_watch,53.94106911235063,65.58841763482475,72.8265024792874,69.22641975398369,56.374232332452394,49.757844614281524,58.524135846110426,53.201850161647066,61.155116246509294,67.75138289958691,66.75546560213971,62.881213401323734,58.19166384476871,55.621906108437216,49.01478755389302,46.88016933097752,0.0,64.3286611117926,67.12383817832448,63.52738133738806,74.43513961594115,65.14641586139204,62.41225691341524,68.19905458601976,59.3763882378345,64.97852610902001,65.4077717140384,67.72687877307477,56.09253240283789,51.50784330012268,60.354110656044966,58.91295087047411,62.21262048335435,70.88519631917882,53.691295418279225,63.24978706425574,66.47614272232006,49.89447728328647,56.81761613531121,47.45481946081374,47.54899629424422,63.56324194603756,65.80528635373808,66.59828662664167,61.04902328956266,67.87957328739814,61.13684378950843,62.503638427244574,65.34211303371623,49.62747719148581,63.80011503827801,59.19052532053142,56.47935727794858,54.51674656125789,57.75154300901416,50.98053401908313,50.77203970431924,68.32289695025749,58.665769362790996,65.6109670785602,60.79714881047827,52.81597240728041,50.32996900256685,49.094820044804926,44.2655235589708,62.39307672261846,66.40491709940284,68.18927397349864,57.50472880890324,58.95910074575355,63.02209560266209,61.07721577946017,59.26694388776236,60.490805440883214,60.61243027995376,62.65008057337413,65.95539541383309,65.7687836769408,59.87097154513235,65.22160889372451,63.65343229703731,64.89344789256992,62.26125255733717,65.49355545768684,65.14498863464567,60.799325569110025,60.379193570432854,65.62985767501388,63.178522807257195,57.978242839848754,65.57916732292469,58.69456812893697,60.5230653603414,63.67993372939761,66.45789436680357,60.01676350524671
photo_key,65.68847093818523,71.17368899910777,67.54264564910413,70.90886454423409,62.243826785566675,64.0076285731309,67.02534037266969,65.48303735347073,52.461746072248296,63.16956579928857,66.94550318993694,51.30752394610899,64.45201835282812,66.46783528628167,63.80699330065987,61.784193853890216,64.3286611117926,0.0,58.44116031593422,56.482528377530826,69.69665315624883,70.46501732621168,61.11687176455285,72.79939326744025,63.9758456114233,70.32704791201475,49.99446540555985,66.45137992674677,66.3450761385972,66.00645038664939,70.35129793976424,69.32211129349967,57.04958750455859,69.77588065332772,65.60684638410311,53.29326365724418,65.78702807164412,65.15286075623533,66.50549413801141,64.3185971294478,62.59900010221202,41.63894592114426,57.29404167533961,59.55013005103396,52.08950832836747,62.27621891779032,54.061570654574496,70.69413828728155,69.64437434780703,64.04652589766786,49.421572136569374,67.3892180793166,68.30559871188358,66.51019071865463,69.89538841300825,66.3063541035687,62.76862671363231,68.65673815515905,66.1276677305362,54.688654767123026,68.53057816998904,64.49942730616017,64.26087784754155,64.14454512196961,63.00061073002521,42.41621225703004,56.7315507295125,60.606974877224076,68.37849737572165,69.3013643818521,60.4928373624499,71.27962104615958,53.2425876948634,51.76024922226359,52.02312497380921,50.96220323778728,50.96082542197916,51.120727592194314,52.149013055951315,51.474325400016454,49.807486608668775,52.1747831168655,51.32038008188129,51.035514979020334,50.55406250555043,51.65501615872914,51.53437335046799,50.430105430314065,50.65169454571048,52.906094493312416,50.57237930501889,53.210626758005766,51.54124323282245,51.17315600845046,54.77126753946629,51.209421277524314
photo_truck,67.35352637624042,72.12410362295665,65.64898022579608,70.79510521911844,65.11424041199793,66.99859276432609,69.93744055214073,68.87650972365252,58.67295311794798,63.11304845430655,68.56125131290617,58.83101415542979,66.18661829622619,68.49984273767319,67.09756547735809,65.96238223126866,67.12383817832448,58.44116031593422,0.0,57.835242474196406,67.61991663196218,69.13136785241066,60.44372683572624,72.28960812394659,63.96780703624163,70.72491307900677,59.13235823421578,64.84509170814728,67.80280371909616,67.35293827533195,71.90751656117511,70.63950443368194,60.437922618474104,68.54579150842348,68.08678885257662,58.73509969726836,65.42873005943171,67.10295477323298,69.10893199898894,67.1825220771638,65.17591777172754,57.92824216822517,51.13395314083415,58.57906655491808,56.85192980725771,59.423400212977825,56.57440622210491,70.43481906929605,69.29553772056937,67.05793922262853,60.276188672209685,70.10908456220687,68.44351404424229,67.50863172557261,70.70056824286014,68.6432953371056,66.99385850151701,68.7459994736734,68.4986562029014,58.5855604565757,69.78726159474115,66.69196924881669,67.68539261061578,67.38844834145434,66.98135049645502,58.43533698349925,49.74151716644186,60.21348051553167,69.5291986944529,69.64147589340132,62.56827400644967,72.52946388570986,62.17355908348084,61.034085557447774,62.17922317084398,61.947323137498564,61.848509907621505,61.3660912757786,61.03896090935377,61.84601816225376,61.49022834362303,62.127631908973704,61.58976598858158,61.44305320056745,61.81705098062434,61.83327187083473,61.34664136083668,62.20610264403196,61.38748595174155,61.56538981144692,61.61303450508688,61.72937360984234,62.361594696808524,61.55200554496523,63.49713649541387,61.42124073655602
photo_velo,63.34953929681298,69.23046772527874,65.96158663973064,68.80071171659716,60.49322326124342,62.24510941221798,64.5555764022644,64.56201745225715,55.80164656330777,60.346416111291454,67.35563062886986,55.98182013227985,61.25083648338887,64.64739043847945,63.23824447080608,61.47145735744654,63.52738133738806,56.482528377530826,57.835242474196406,0.0,68.00934634906478,67.69374918544136,58.37636964796404,68.85699661071759,60.4892499796752,67.96912197554397,57.77435777510617,63.46903813669296,63.52763208977409,64.1985887985346,68.80951905003201,66.80250866911604,58.04468294235445,66.85308893468421,64.32019909626105,55.18448153743051,60.94681265572553,62.75336526482935,65.78549149695345,63.84231254376137,60.90146307681516,56.99826175138082,56.16734832018566,49.811115830658586,55.33101376412694,59.306984365935605,54.61722639834387,66.69292661652453,67.10633882789635,63.691900709488664,56.92918552200315,66.86997730449954,64.31398891432674,63.92767801290629,67.94270312047621,65.09941467091672,63.71047309111937,66.78855575845529,65.52815498675879,57.64482720762436,66.45462208942824,62.99939078790843,63.606671437970384,63.98839249436009,63.890774378902925,57.04526043053737,57.77071259107661,52.27161227097392,65.67707323976538,66.69791091435351,58.2947845956166,68.53170248563517,58.323799760392504,57.44102445734784,58.519492800958744,59.26976718139572,60.568591559277664,60.55573522805189,57.720158828095435,59.907387141449064,58.64697904712493,61.10866720036169,57.77758674184148,60.41831829590692,59.626449284465735,58.01103075897871,58.10719981288019,59.335863680479974,58.52759254711395,57.974205324570434,60.039481197054016,57.87653671288284,58.51290521347153,58.9540455546737,62.690379934639836,58.055249595736306
photo_road,73.11230236901203,76.81530479220028,63.50447816931391,72.51652623895706,71.13572012216116,72.47278816216502,74.0876571291806,73.99364278112901,66.29039180269679,66.88157862921257,74.54188753549575,68.51839033746664,72.97767557604342,73.8731690679707,73.33703733453953,72.34130982881254,74.43513961594115,69.69665315624883,67.61991663196218,68.00934634906478,0.0,73.43360996730561,65.18270802608325,75.53613711108954,72.57011372121852,78.40390717357909,71.17978833353882,72.35385124942924,75.26106984175912,75.21373158199816,79.59461935437945,77.81475932158344,70.2298871385108,75.28243941124086,75.476622144078,71.29165777662914,73.66671027114924,74.53256981648443,75.79829599213062,75.45422965663717,73.80772890812796,71.33415750590814,70.73774676990608,69.91504358700662,67.63934828369216,68.40664997854381,68.77065044489804,76.61174564324193,78.06269764231368,75.48327486990763,72.18635485946261,78.0717682069211,76.34376852941645,75.53786366847753,78.73917598051831,77.19097220786458,75.7797539893428,76.46708066765278,77.0210430477439,72.6831751359951,77.95984835321075,74.90915499213082,75.19127417155799,75.62833459395924,75.55148411773187,71.96482184512732,71.18088013973988,73.18334222273887,77.26659341731586,78.05285410894335,72.26118278063939,79.1354018627516,73.0600244204775,72.46201144333065,73.12437855514635,73.17007446229886,73.48121788645422,73.04700481406219,72.3309251460787,73.4100152881667,73.09654632787154,73.70010829316233,73.04158747137744,73.1162675484365,73.41947617575813,72.87413770987244,72.60591971129031,73.83104138172492,72.64458404808009,72.66399761564301,73.68733873387848,72.84531291816307,73.04621328203606,72.91873639865989,74.62891518781345,72.24039097777167
photo_house,62.950915937029876,64.39500572348217,72.8938762890941,68.04539188333186,65.22311034440553,64.38867228194599,64.34947898117588,65.71594195915954,66.97970427501087,68.53985517394497,68.66411670227566,69.4229697112974,64.06192215930908,63.275460068888506,66.02449441762766,64.86372143804408,65.14641586139204,70.46501732621168,69.13136785241066,67.69374918544136,73.43360996730561,0.0,68.25431089374383,67.44353411393605,68.9193264847766,68.92207826968232,72.28286648041623,71.7047763448162,68.2542841926819,67.3094672344008,72.46804539967766,68.76028371077545,70.48566242293131,74.4452849805209,67.38836801334767,71.44985852854674,69.67957912409594,67.1156580072113,68.8595491748701,68.38804080807955,66.52908046186022,71.80772788431086,70.76886138514493,70.68738103504798,69.12060300070486,69.2222316805972,69.62665046593496,68.33631257278672,70.25537478504094,68.27963885094152,72.74591469992771,71.46144747394422,68.88899448277847,69.64765240653962,67.97715284105878,68.80543097935708,68.5091639554204,73.33675389220942,68.76621299212525,73.31722728583944,69.97089200985089,68.8899964078035,68.91677404447125,68.62973789836761,68.55336417584749,71.91068379458743,71.8854223082565,73.3248245867381,67.58510420929757,65.19033901082385,71.71481087608025,71.75528982621924,71.6145273670982,70.97810008665473,72.17859070789598,72.60247512625187,74.45774216882513,73.92660888968504,70.96500868725684,74.03773933706158,72.99213585596628,74.20953277817759,72.20946071749985,74.23189942203659,74.00521866915348,71.82958598324727,71.2283517285865,73.89317036811728,72.401425934018,71.26665324403558,74.11115070525746,71.2764601037544,72.02406843569347,72.96103292511607,75.38218092739369,71.02129654670259
