,photo_face,photo_profil,photo_eyes,photo_face2,photo_walking,photo_standing,photo_hand,photo_legs,photo_bird,photo_butterfly,photo_girafe,photo_fish,photo_cherry,photo_tree,photo_flower,photo_carrot,photo_watch,photo_key,photo_truck,photo_velo,photo_road,photo_house,photo_mountain,photo_windmill,drawing_face,drawing_profil,drawing_eyes,drawing_face2,drawing_walking,drawing_standing,drawing_hand,drawing_legs,drawing_bird,drawing_butterfly,drawing_girafe,drawing_fish,drawing_cherry,drawing_tree,drawing_flower,drawing_carrot,drawing_watch,drawing_key,drawing_truck,drawing_velo,drawing_road,drawing_house,drawing_mountain,drawing_windmill,geo_face,geo_profil,geo_eyes,geo_face2,geo_walking,geo_standing,geo_hand,geo_legs,geo_bird,geo_butterfly,geo_girafe,geo_fish,geo_cherry,geo_tree,geo_flower,geo_carrot,geo_watch,geo_key,geo_truck,geo_velo,geo_road,geo_house,geo_mountain,geo_windmill,word_face,word_profil,word_eyes,word_face2,word_walking,word_standing,word_hand,word_legs,word_bird,word_butterfly,word_girafe,word_fish,word_cherry,word_tree,word_flower,word_carrot,word_watch,word_key,word_truck,word_velo,word_road,word_house,word_mountain,word_windmill
photo_face,0.0,58.44719833126766,68.76463440539914,62.60595698354619,55.8554749501775,54.389754732525674,57.73688657694905,53.29714019133032,61.17211266055986,64.44530664602888,67.0254566377466,61.001837722455065,57.46828558293533,58.26536949723982,55.17245463871358,54.469925455522784,54.396224417296274,61.79689269904229,65.1855065756544,62.04880938527228,71.34959193000518,62.5769477164956,62.95761801630386,69.88440379701197,57.830709464121576,64.6398051697902,63.821733506645764,64.7076000340605,59.03793623900362,57.839648120665,62.88074371661813,60.82677195375814,62.154421663811405,69.1438665460639,59.23796972598185,62.79812349780436,65.80481339331135,56.045647331859975,59.79155466020186,57.10016806958832,55.54637206399471,63.3248867471593,64.66254010010806,65.13083154878053,62.0612186586708,66.30426405295422,61.08249709324708,64.65094979730996,64.22134101229513,57.60832945513175,62.38633205815991,61.664700855952525,59.76073087036425,59.33309029633627,60.24906692920639,57.80008984710894,56.5830562340101,67.27405228706597,61.31105936646616,65.50526654024338,63.43500926361241,58.52744526746953,56.2482798104321,57.151222383138105,55.79004601900078,61.91214946136379,64.97483408703809,66.43531068664372,59.44244778270079,60.12446183840311,61.38317085271396,62.93530406899477,58.30127692332933,59.275480322745146,58.59700106743511,61.10823383975682,64.7545857308051,63.69749031382303,59.044212555881856,64.10182221957943,62.42772206596165,63.214312475430965,60.80648536203257,63.815432057541905,64.27053802983272,59.3132813191673,59.60345943411592,64.05612856464772,61.801792163622856,57.19579741286856,64.02759169375516,58.37724493811343,59.383610123673634,62.482773794915694,65.07823119891626,59.455448425353055
photo_profil,58.44719833126766,0.0,71.752953190915,66.48848406457907,62.58923974321002,62.96747868306749,63.98390487781259,62.99788708396255,66.13235531893335,66.48313666842857,70.9241321818109,66.89956820467278,61.62050092756495,65.06834767098681,64.30341457103599,63.73046545170053,64.5616592771126,66.46154936401575,69.98256771258347,66.95767272895928,73.92209207429589,63.35578475201153,67.71931775189714,71.63847383067932,66.38229880644452,63.23759873686227,68.5476700183038,69.4581447245663,65.14022628197175,65.31143754109512,68.48306715172762,64.88860703400441,67.5138311829292,71.64540281617937,65.02377038450342,68.37289675200188,69.09813206473424,65.62564358141456,65.76703108999517,66.09763580685392,64.76026653486424,68.35056453011951,69.80745691352018,69.558178721097,67.60872512934381,69.86309066010607,66.73928636539166,68.91823506199917,67.24718137282534,66.1392820264566,67.54631308322325,67.74857264306992,66.87543340440926,65.6895569131549,66.34561614696415,64.80614385947348,65.23443976419404,70.18557954586704,65.77096741467501,70.63029340943713,66.90030483535499,66.2099332594403,65.85122540472211,65.72351039083605,64.8210908031213,67.67817698776629,69.95804291735881,70.3665040852114,65.14571407340324,64.23416708244025,67.3145246469822,68.55612056447387,66.38837002964786,65.99893884410785,65.68519217350173,67.46113971930924,70.52378337784597,69.57642781750883,66.32036866218029,69.93084316743258,68.14309449893054,69.277062436498,67.11213681980267,69.74798974625759,70.21868153363091,66.30991745163944,66.64933518883657,69.80752785147111,68.0055124849323,66.54017988374736,69.77484505011664,66.34304708244008,66.18602831244786,68.78850237048326,71.24050902294167,66.08820437911298
photo_eyes,68.76463440539914,71.752953190915,0.0,68.46801184090394,70.0032868960044,70.86835356338766,70.89827727407032,70.72486912294244,64.41732897802548,64.98793748824309,72.41909887187467,65.02180702189673,69.33299451996149,73.49666951165001,71.72743210042755,69.94875414080599,71.51320110481201,64.76731091596115,65.8053609402613,66.17554696483268,63.52257341638998,72.0362813896133,65.65987726172467,77.28991259800361,69.38431121353118,74.8630547842247,64.37315733575986,69.2548176542328,73.02125793768131,71.74350803143757,75.43999619970529,74.17997146467901,67.20679029975706,71.09018970827562,73.27007980691353,67.11151546977754,70.04881608698757,72.0379653375225,72.89145977610478,72.61443545675448,70.62207496930544,65.561795819015,67.39380319608715,67.92108711066516,66.350598765981,66.5275386901728,66.52431900337852,75.84558169634295,73.3141751098266,71.5837497600213,63.61427500916629,74.01728494973803,72.99933228322082,72.70970033045643,74.65542630126355,72.33859508916788,71.10174041385004,72.11671551159952,71.89557999189384,67.90636801470627,73.71071353348987,71.38797836951497,71.46958065676628,71.53986507911928,70.34795053272967,64.9992047966877,66.68192460279138,67.33591069935642,72.88286299332759,72.92721251037914,67.7252375977934,75.10237649251738,66.1059066699155,65.58021651027423,65.94431657369579,65.78088093184273,66.87417564765981,65.59684636891906,65.71167345413164,66.4902319416106,66.3163333852754,65.95745098851673,65.20564270441503,65.81328277688193,66.66508562482531,65.58520412885315,65.96028036026814,66.94589555007971,65.88228798083247,66.31640873164807,65.9133111042671,66.1979407764459,65.56962386398439,66.35309332975666,68.4187169597525,65.64847445047032
photo_face2,62.60595698354619,66.48848406457907,68.46801184090394,0.0,66.41541753685856,67.1790968158299,65.38916009744793,66.90097015209241,64.78360421622554,66.43931524038868,71.44569063063149,67.8625968926505,65.78689738767747,69.51245646103192,68.21071535154184,67.27608121922977,68.22179064455942,67.7598958435876,69.93203824757177,68.66629761165579,71.59136486350303,67.34121219555503,68.60560298613679,74.43137596533579,66.77875055404645,71.04004231358452,69.40793784099833,64.89451826656719,69.78446989285271,68.98205511952659,72.74822674912087,70.12456199467194,68.15959287896831,71.34622257395644,69.82672646858408,69.70839321303269,71.13078076155037,69.56945915575068,69.67466195105155,70.34642521773058,68.58250715238108,69.44980352406165,70.61229437337111,70.56349371829779,68.35712264323185,69.7560705273482,68.2480934841933,71.97361613096318,70.13912664290176,69.51303866178498,68.80856665512523,70.58354309873964,70.33203965431298,69.92706699009817,70.56129213380407,70.05113515895951,68.94105103012376,70.5085083405882,69.61052564895574,71.06564130731776,71.22770081313871,69.57904865594277,69.10469924570687,69.34617895994673,68.54955089746181,68.48405343593056,70.29237332395553,71.22580398212321,69.91305761892966,69.69331834269323,68.5475477157354,71.61113179602701,67.70125764088682,67.23908224248018,67.6407903006377,68.22945203255989,70.8123337191632,69.92837401893627,67.63731985474527,70.8037181840095,69.14423948168029,69.9321290123383,68.5465120206403,70.21156318179943,70.98446211237736,67.8912261144293,67.69916082261435,70.69067089766713,68.79968464965994,67.6419884500365,70.4967320751371,67.92259271267646,67.77281111073444,69.49716514326363,71.71908763349484,67.57681918269742
photo_walking,55.8554749501775,62.58923974321002,70.0032868960044,66.41541753685856,0.0,50.78902960578135,57.66273463289349,52.122559614461,57.84965086147728,61.824433343360745,65.02281736672505,58.404426458303554,51.93072843198079,57.59012362218086,53.01288617014723,52.26469856431738,54.43454835667872,58.339375828600886,62.16438676354081,59.47320071689089,69.6070796091003,64.49729180155362,57.80040060072048,68.96814327403621,57.44218622423451,63.640499214804166,60.41314402715044,63.92139443518059,50.684854773063,56.48563497867648,60.23844966025553,59.03755283092362,58.943742079128675,65.55386504923801,54.18969672761383,59.09591833226947,63.424996342558366,54.586997235646095,59.15237742588048,54.9729372695759,54.5706469310878,60.222824146362896,61.17632398667961,62.04984828475592,58.3278957045404,63.68984750022645,56.23658042732057,62.73968982948617,64.34773468037962,54.243978091247286,59.86626162272931,60.37217741774088,55.13966088571762,56.618902623361706,58.24789975581043,54.70801030184699,53.91300675918998,65.4598771516702,56.71644409068119,62.519528789600365,58.96491820169238,55.02733604539959,56.45323442673599,54.61873861079193,53.37008177519042,58.75665586107919,61.970312280867944,63.66663161485586,57.47554840899319,61.088544549424654,58.53187344963856,61.75641556661564,56.38280683318493,56.90646369841323,56.9760146606486,59.24385375804269,62.379269771350195,61.300341213427075,56.72862077691232,61.99491882659219,60.502643638354144,61.055603074594295,58.785986012095,61.4903237117104,62.221949146370164,57.10196008098783,57.29280995467089,61.99622842694908,59.52127332678714,55.7135541373513,61.60801729379178,56.659448439664416,57.173977354174866,60.51252802102741,63.0493345483287,56.8772734541576
photo_standing,54.389754732525674,62.96747868306749,70.86835356338766,67.1790968158299,50.78902960578135,0.0,56.80715258157708,47.53523751081527,58.96973556233524,63.68698195821938,63.02606750775656,59.29607143177529,56.28867439838115,58.35930489610072,45.91134623703712,46.76775995434608,49.12115333667787,59.28829522272951,63.3411345988157,60.5538334458353,70.63058324815094,63.953934656026114,60.13741840377827,66.8445029853954,58.01322803636184,63.570249456808135,60.86344360668344,63.94440191416724,54.94950760400448,48.32869624541803,57.5277816196563,56.77520873370654,59.08761113157709,64.21601503180456,52.03672515981002,59.85173812646691,63.13078905915517,53.30990417150267,54.44122801112742,47.113765680480576,51.601745832218384,59.973177556248054,62.1868340785469,63.78222687040692,57.66503556405913,64.56488305930209,57.632434215885226,59.3428051227895,62.0244769212839,48.288052103465965,59.45585850060917,53.12128727404221,55.303343559433706,50.90850737857395,56.044318065643466,50.72653553339603,49.145797752583874,64.73747992842611,54.50793383423055,62.37025423445672,58.79568501638785,53.508927871984,49.72524931250215,47.533826561309084,47.49393390930376,58.12444811246157,62.44939099543074,64.27629630336686,55.19021695938326,58.65362099907694,57.050631253735965,57.08687799884724,55.56125992780975,56.47559504036669,56.053600398529646,58.28531536485262,62.183904771672125,60.98249033231989,56.23037836251622,61.96917108805418,60.110659604977165,60.24613247952347,58.5231002101565,61.31263233615061,62.07971230220737,56.952441682515754,56.68732800449396,61.791789545271946,59.27726651591607,55.18918039350405,61.38946150675593,55.576131886313014,56.78760036886479,59.949738108600314,62.29109115986584,56.376988112166764
photo_hand,57.73688657694905,63.98390487781259,70.89827727407032,65.38916009744793,57.66273463289349,56.80715258157708,0.0,55.41502681392512,63.06788411737628,65.73248665639885,68.30710058220238,62.15473982862123,55.994674269827556,60.48462437530379,58.13576912783796,55.31482550037442,58.48899019194648,63.387971518666895,68.09501994105311,63.78936429451716,72.70754500477403,63.97520612821548,64.446301857075,70.57536603760332,64.75130034556445,66.89084167976914,65.58547055399711,67.76089339374437,61.648691406047874,59.92018875944516,63.66186896148089,63.48378821724984,65.43922127100917,70.32404960005226,60.674248399364444,64.69200271411056,67.14457819392042,60.4193194280092,61.79572033415196,59.77279650616536,59.11854760138133,65.35526153791159,66.50927620717637,67.63665231309726,64.11041758195509,69.06127878438247,63.346373502617034,65.70589862555829,68.4304622571152,60.152065342261984,64.46177564236842,64.48397924031791,62.709027642359445,62.610943746761684,60.69819982740985,59.58085282753288,59.989287399661805,69.21666414505535,62.15696097240708,67.7020126655316,65.26247005746129,61.348433380029675,60.70505334406421,58.57887809168872,58.83784762071944,64.41036716276972,67.92405831588887,68.09571648659411,62.47128384432572,63.52676215652971,64.26842709820879,65.023387599695,61.84910905157148,61.56292795852789,61.92709813824997,64.35756660557855,67.27130818854354,66.29301890051,61.95187622141513,66.77029157475623,65.66160732944813,65.70497913981967,63.90566443987332,66.48448008535506,67.23941280858763,62.18730481684546,62.20549986362959,66.8935297301727,64.74863070786428,61.841030138725024,66.69227130490411,62.07369638252079,62.01135405210146,65.6682030242129,67.8995991634786,61.80280108873271
photo_legs,53.29714019133032,62.99788708396255,70.72486912294244,66.90097015209241,52.122559614461,47.53523751081527,55.41502681392512,0.0,59.4832488677258,63.9398156272462,65.48641867388366,59.426607077826176,55.19458328750484,57.57002651803587,49.92520359690122,47.78064376995251,51.55604714566879,60.518027729970534,65.1197189528815,62.20729430938181,71.69563509976459,63.944414089621915,61.629061430193374,68.76462614404527,58.55631959953508,64.04821431066374,62.21312798010564,65.70502743805297,55.56199511654857,53.841313724575244,58.83996856847733,57.24876809383912,60.38683627401821,66.4724859897004,56.59968018726573,61.43242575392133,64.93994882358405,54.614049890720025,58.080396055369405,51.565816061412775,52.22472862884385,61.50948800089051,63.59808817580429,65.25940260083203,59.615317845737096,66.25713815608185,59.47326105916056,61.91354714317159,63.28467333337451,49.148374084075236,61.10207131427178,56.8248759130406,56.245097014555775,53.546375698522844,57.414348159965805,50.50091888861564,49.27358625193575,66.01539904193187,58.211293092293886,63.88331729277633,59.24069036881075,54.74155531562352,53.38172087534656,50.84917500652979,51.035319515585826,59.93833862062262,64.18355571142948,65.33349854932698,56.31135510775822,58.58239165975198,59.055901243527515,60.011679699545184,57.566882956899484,57.98284537536486,57.930046033972424,60.41610642604437,63.8049078699345,62.6711353689845,58.301812712847294,63.407936217397854,61.833891974487365,62.12153972802305,60.2090693864949,62.94093572434134,63.695473442423484,58.78599926468625,58.36464571159532,63.31670030138528,61.052619817997375,56.59153768766994,63.12959901140037,57.97108699462671,58.372467112272986,61.91146877799586,64.31690973010267,58.10109987025001
photo_bird,61.17211266055986,66.13235531893335,64.41732897802548,64.78360421622554,57.84965086147728,58.96973556233524,63.06788411737628,59.4832488677258,0.0,55.72102782713444,61.1785370531247,51.48773751501535,58.807249627528705,61.889700209839155,58.85297338188565,56.89675870990966,58.422905797732206,49.41627810367576,57.37375756659324,55.72218814507101,65.48382982591437,65.29191106502913,57.310010299008646,70.44159853119056,59.705679118419475,66.77436914991102,54.04803582088991,60.29834087231508,61.75915135675103,60.12899695261547,65.52779913598151,64.16700295070484,49.446368083874525,63.956869047168496,60.70574867462151,54.272634313158015,63.27472029332525,59.74759687849699,60.990767219012014,60.22011505550169,58.24481837481735,52.49060484073325,57.70165580670434,58.737864257000965,51.808750577194814,59.777064076227944,53.36271178664775,66.42263343876452,66.42575102623596,59.540851640318174,54.3217699497938,63.43320741012083,62.16282412718636,61.770506560222564,64.34842381443534,61.05325521159123,58.215308637995534,64.75684299024527,60.42666692544708,56.9290712877799,64.28463761231811,59.73135861928104,60.12277464749422,59.35718715640229,57.62777947169731,50.808601187589396,58.555447751855,60.32093112259771,63.130031353288295,63.83620480229796,57.26218620294615,65.71163189311544,52.94931707175051,53.54176922755297,52.91381980867981,52.869311295843964,57.07798305760001,55.56783735502351,53.270529570175974,56.293766673484996,54.78927836259509,55.28036824602668,53.85706376086575,55.62005116021532,56.44226076223596,52.89378343336245,52.87454737204277,56.47160890864461,54.079370571582636,53.575527461845724,56.348019544655294,53.626014395065695,53.069341501182784,54.87431185151961,57.9740696140877,52.967543443111786
photo_butterfly,64.44530664602888,66.48313666842857,64.98793748824309,66.43931524038868,61.824433343360745,63.68698195821938,65.73248665639885,63.9398156272462,55.72102782713444,0.0,67.61152789533264,59.55028185352616,61.437123205905415,66.09935182217403,64.48690192503837,63.25656857634549,64.79454630299958,58.90584258683222,61.446584572053844,59.4689107049276,65.08243267920086,66.35944651468758,61.45205484169795,70.60215706935118,63.5600912388377,67.57955796353215,59.56021918751084,59.32600734171869,64.42404228036807,64.36165187346431,68.49288370326344,66.64367775852486,58.12495994942036,61.52102924443421,65.35219574789092,60.513327662477174,64.06716111985908,64.41383091990856,65.38745614015225,65.45594284459449,63.26855778086566,60.22885093821863,60.847438267313,61.74315576650426,58.72815732736286,61.53626308748,59.43705791150268,66.13140603627504,66.99751238221212,64.88121715604703,59.68080755542145,66.92710574114064,64.96476857340835,64.28589252414574,67.097366409109,64.9733859750914,63.63053795855736,64.26388769724146,64.08426488479228,62.25184897550677,67.4026789406147,63.95721551353231,64.64809000693631,64.27138744083523,63.79084506990453,59.52039472821407,61.58021165399013,62.63252534290478,65.9151637315446,66.49357626904754,60.11821186922502,66.3634977101782,60.23121443999485,59.70347829596712,59.66933948984471,60.59070176679717,63.297576489934265,62.25881966616033,59.88666225057802,62.56923674296415,61.502070101911656,62.289413218671,60.33483609948984,62.351451811927724,62.99828388713784,59.881056281239374,60.19643708870419,62.692872382026025,60.82327252828784,60.27792971353744,62.651093457310765,60.49016458857552,60.21007109001408,61.80060707752556,64.4257102845815,60.033258363103954
photo_girafe,67.0254566377466,70.9241321818109,72.41909887187467,71.44569063063149,65.02281736672505,63.02606750775656,68.30710058220238,65.48641867388366,61.1785370531247,67.61152789533264,0.0,64.17571147743004,65.81125885995952,68.65636442549322,62.81340188535735,62.489762268263135,64.54838005007552,62.4595222040541,66.50546787218154,66.59725951406404,73.61159329363733,68.49608276110102,66.21264280460828,73.49649970080262,67.23735089825269,71.29163684889089,65.40878803288453,69.31187593848662,67.57458095727193,65.42598926750875,69.3828243177374,68.14195106302087,65.74385908363358,69.61918034951866,62.994975009866266,65.91925251307438,69.48575839545067,66.23371077731741,67.20977462425891,65.3005476845589,65.15186509999096,65.1111239841328,65.98259366974821,67.51589296739292,63.93493014951064,68.94365283671263,64.51358225902821,69.90578646299022,70.45962550761632,64.69356311292125,65.0169666356523,66.51838312832461,68.07724940217858,66.39310136413671,68.22384762700176,65.01920686705641,66.45269876997588,72.01233659203719,61.77780112162864,67.6709563022823,68.76892742785903,66.00925695764518,64.71545506106145,63.7875851654861,64.11588918749834,63.441054730635955,66.25602694741815,68.35986718436267,66.53410828938662,68.3749057160843,64.28599461785106,69.02675907001169,64.95397134534858,64.51769516257338,64.90761124627512,65.33541357766184,68.05628680601353,66.74998303312724,64.87087342967983,67.57346422726839,66.51033995247154,65.98367839641277,65.764425702066,66.9265877319898,67.56084044694623,65.14771387146916,64.87471149025218,67.48143750193924,65.69482794464824,64.87212504696144,67.08659986182244,65.34745002457102,65.08290959062496,66.47723394331105,68.94102111495523,64.58219242460994
photo_fish,61.001837722455065,66.89956820467278,65.02180702189673,67.8625968926505,58.404426458303554,59.29607143177529,62.15473982862123,59.426607077826176,51.48773751501535,59.55028185352616,64.17571147743004,0.0,59.589394169866836,63.10727652562572,59.93780966122027,56.167179651365224,58.935394526925904,49.74608640438029,56.54119376187773,54.89534322262793,66.21922045835464,66.34312011669657,56.97828077097572,71.41531332526723,60.557420478642086,67.00179274860726,51.30656943289979,62.667698410163446,62.753665015167655,60.91683802149754,65.26265495484431,65.2843196136221,55.367037948122174,65.52441753972123,61.500934241762415,50.12340419180056,63.18129463138401,60.47691534195365,62.179584081121966,60.34401256674427,57.87749187620044,51.26360354891394,53.982879909535406,58.59380626414979,50.55613634752844,60.80429723612646,52.24738587131223,67.23019940373189,66.34180772298109,58.529486665931586,52.17420478976265,63.65707933376189,63.293970973996146,62.35720864822392,65.33925186693128,61.11049700638184,58.03794027118236,66.12066573439884,60.69502566451116,52.5556962450314,64.5278103528755,59.4731482075309,60.29379670924198,59.73771756211014,57.4369383331606,50.81686849806589,56.040521572720905,59.061403110184685,63.259188914825515,64.17957413991559,56.21436329844928,66.60872242751229,52.194077672922475,52.107161972990035,52.04827424709881,52.293000250252426,54.50092278018224,53.50428298488991,51.79202544010293,53.85622840527552,52.71586195274725,53.68280030295068,52.41434650187442,53.86055689499605,54.191208549941756,51.98703904887537,52.515616068777845,53.80800064506004,52.19788088508194,52.56761843899444,53.340509981771525,52.65970603241971,52.12008410056113,52.944326645141956,56.45365015891053,51.922137956000256
photo_cherry,57.46828558293533,61.62050092756495,69.33299451996149,65.78689738767747,51.93072843198079,56.28867439838115,55.994674269827556,55.19458328750484,58.807249627528705,61.437123205905415,65.81125885995952,59.589394169866836,0.0,56.21264949795777,57.058202211050784,54.14968117483914,57.50852386584791,59.6121332018779,63.08402843132564,59.85988386489351,70.05495767301734,62.8369451067043,58.71214565221206,68.09026455562224,60.689981475061906,63.668111539121135,61.907956236239315,65.7595197576653,56.51428699853959,59.68733646067116,62.37293871456263,60.100583149163086,61.21273600345927,66.49921913384338,57.39504038250388,60.77000936794224,63.36861034820565,57.30826557826161,61.83782874007817,57.97180489801759,56.74221292944362,61.39185541667242,61.26789600421113,63.41851467254154,61.012652529278604,64.23206647248949,58.22403295932114,63.3425076570134,65.129021104915,58.740056471835175,60.94779976764972,62.92906336515891,59.54532641753083,60.29644461949606,60.58192072856501,56.91234691171951,57.34901771813155,64.98658656451362,57.465064500616585,64.28703889590705,60.28851978573538,57.323292568674624,59.319019507565834,57.20699017898035,56.920667503959265,60.5556088519082,63.30588117236916,63.72309883718296,57.82497462321409,60.33902042358246,60.32979125454531,62.417810369455516,58.71072845960879,58.45330111118544,58.570018775299175,61.40266269040655,63.97697852477117,62.96953495121843,58.50082741109815,63.46275375489638,61.859684906405796,63.073937717927485,60.24857091090565,63.07475443017366,63.79041618261703,58.76591653719088,58.757019574479024,63.491688071956276,61.51962469883224,57.968572430916204,63.298196007002495,59.066472448358596,58.84164615945787,62.37764917914912,65.15714046755039,58.51774828418862
photo_tree,58.26536949723982,65.06834767098681,73.49666951165001,69.51245646103192,57.59012362218086,58.35930489610072,60.48462437530379,57.57002651803587,61.889700209839155,66.09935182217403,68.65636442549322,63.10727652562572,56.21264949795777,0.0,58.281317649622956,54.72664384801592,56.04838890205998,63.930276335583194,67.32632396486184,65.23264513781082,73.13482525060748,64.56119351035493,59.92171092824013,69.5258800423907,62.90550912406251,67.71161479518008,65.80927403751573,68.64038318527842,59.54803810430901,60.22826256084727,66.52164919085807,62.344110382742485,63.89842191601306,70.3619471348434,60.01203320994555,64.35487522976416,67.31976073236564,55.94589949107562,64.11128009815654,58.89416056349415,58.317309768686044,65.21580882538235,65.94542945488388,67.4486264854959,64.17090158367034,67.8954135931223,61.070123287701044,65.92183379341053,68.55889425591575,59.8291085959435,64.9572148423372,66.47487032255489,61.86054529239847,62.2631728250336,61.79838844716157,58.84484479793636,59.374220476208215,69.59847443445128,62.13460677359487,68.0852471973103,63.28652263350845,57.90027599658062,60.0673311584797,58.53868679792345,57.34447073236993,64.21687581872163,67.30383624224103,68.79595544379228,60.68596990573349,61.72596806138078,63.732131862983856,64.88904823618999,61.337804574638945,61.74649729027866,61.74724366762693,64.5642862807302,67.68991332180705,66.42023243945931,61.61622955345973,67.08129523786086,65.43036841232345,66.43205207520795,63.94921245078681,66.6283471135062,67.28239521890666,62.15146076970872,61.981659966065365,67.0675819871955,64.8472113134293,60.648582947473486,66.95911730132472,61.54470702265007,62.177941333859465,65.68444064430409,68.44692839324709,62.19662639239341
photo_flower,55.17245463871358,64.30341457103599,71.72743210042755,68.21071535154184,53.01288617014723,45.91134623703712,58.13576912783796,49.92520359690122,58.85297338188565,64.48690192503837,62.81340188535735,59.93780966122027,57.058202211050784,58.281317649622956,0.0,43.25066705346591,48.27322804169994,59.497135633238216,64.0406782845359,61.89716718822147,71.48972583399299,65.27730616121808,61.52568918167085,70.15816912939175,58.65324056903688,65.03802563873148,61.485217442051095,65.3663417418684,56.6156031516143,51.61920522082335,58.21665687970463,59.44325835826395,59.58821936539699,66.6048060703529,53.46594630944126,60.404631967762015,65.21391791479626,52.63813382481602,54.58704520370856,46.30374258945588,52.83771688427339,60.60367786307585,62.7705607703867,64.91519345277999,57.81892874997142,65.92882618120319,58.17295065412749,63.79620797252498,62.64891379582425,47.70848310871615,60.21860162288214,55.222574603499964,57.04156157609472,53.88735116297376,58.05182525813013,52.27153356818687,50.62721866978989,66.61186324892887,55.292604968101024,63.29703840516325,60.104166174070805,52.5205571719322,48.26310836024311,45.044108966661724,47.36147849868115,58.760971155413245,63.09775964106963,65.56554213610501,55.43610694635552,59.90282846388498,58.26131507958342,60.98477619800803,56.38427887567272,57.04348051967154,56.76859312087901,59.16786060261608,62.941649914832475,61.59656409921088,57.08939015712924,62.57095376457847,60.7152425925065,61.07941273560692,59.32543563372277,61.925759238687405,62.64196062886375,57.39284467355199,57.34555430377523,62.51895688652008,60.02355995396815,55.828376288242715,62.22270491808814,56.68058074228972,57.512940371746865,60.77726197541131,63.064308758082525,57.00509033301537
photo_carrot,54.469925455522784,63.73046545170053,69.94875414080599,67.27608121922977,52.26469856431738,46.76775995434608,55.31482550037442,47.78064376995251,56.89675870990966,63.25656857634549,62.489762268263135,56.167179651365224,54.14968117483914,54.72664384801592,43.25066705346591,0.0,46.0086280582919,57.62111826502583,62.74291172222351,60.46302240562065,70.73896065341225,64.38799976933323,58.75813029211744,69.35163442963012,57.23151166783437,64.07674471768274,59.78494437807726,64.302528726105,55.4503852339389,49.036399118791245,57.17941324433081,57.594653719380915,58.483229630625054,65.3662324225727,52.133956599135104,58.99543909716684,64.00822262358987,51.2897025459701,54.092552164570705,39.12350392313434,50.1312053536392,58.53670342801573,61.13078758905501,63.98785380072781,56.22433626590802,64.92534946265661,56.60361480067245,63.17262623585037,62.36808980411842,46.37343460152401,58.390889797740186,55.05993302638201,55.009965818794164,51.30647805544382,56.15428440482145,48.31579056062443,47.844071604832706,65.58277292959046,53.30067076165298,61.49458915371972,57.20226781902035,49.28275523716795,47.19440847814697,39.76492783887254,43.073873372678925,56.64779217242586,61.635157478111424,63.97163681378918,53.65575537218402,57.36590741195808,56.82173651069888,60.018325722912756,53.88027603139822,55.04853202934625,54.87814566118887,57.34274724298242,61.15034679247333,59.81819234147549,54.74319151990085,60.745301476201156,58.9674462416581,59.17744678488033,57.43994978728259,60.04766802839784,60.99395778714753,55.58584875839224,55.036923653916254,60.85628000403422,58.21250482634947,53.91631089576814,60.35180913071253,54.32627178895583,55.45348431505084,58.96972370540851,61.52835254172531,54.878733346556466
photo_watch,54.396224417296274,64.5616592771126,71.51320110481201,68.22179064455942,54.43454835667872,49.12115333667787,58.48899019194648,51.55604714566879,58.422905797732206,64.79454630299958,64.54838005007552,58.935394526925904,57.50852386584791,56.04838890205998,48.27322804169994,46.0086280582919,0.0,58.93146475442896,63.374773750514926,61.21749641112531,72.00351969882753,64.19263703399164,59.022199993439905,70.06442840250548,56.474185145055316,64.1351128552012,60.3513982409931,64.58533366721697,54.65657499176579,49.60908694944477,58.36667806819544,57.509230863353345,58.2443611005275,66.77337479624924,52.56250677469111,58.809140522672266,63.89286226964301,49.50852665113122,54.4042850903635,46.62954487980296,47.77208394346767,58.93090417794344,61.50119809725319,63.567097845660214,57.312110605929476,64.3181128138664,56.1779677607807,61.989172841332014,62.97636253752614,48.12349647077068,58.73914418512274,57.09220908397354,55.105611401425634,53.21226161290818,55.84660153262925,49.99538149338749,49.087329331023746,65.95500905722096,54.98379938606797,61.8388718093771,57.9511368849946,50.60319103356302,48.63208938274776,47.54617010196719,42.853038227533,57.16404464439897,62.43721663477595,64.3279329908665,54.85499403231805,56.55418650643053,57.82471539101698,58.79673115923276,54.10354342229073,55.13393815004826,54.815338312331725,57.312260797651156,61.3138241972883,59.98285545420183,54.67233330080434,60.64708273548166,58.75036876197163,59.167036619361966,57.17507476730864,60.18899094476603,60.90232596680477,55.540276913623345,55.045168272371534,60.97935075704345,58.248154009699384,53.21806554004758,60.446923157990724,54.30744783396203,55.15587275171208,58.70557213169829,61.51101752930018,55.113147796671726
photo_key,61.79689269904229,66.46154936401575,64.76731091596115,67.7598958435876,58.339375828600886,59.28829522272951,63.387971518666895,60.518027729970534,49.41627810367576,58.90584258683222,62.4595222040541,49.74608640438029,59.6121332018779,63.930276335583194,59.497135633238216,57.62111826502583,58.93146475442896,0.0,54.65464404561257,54.2544271055303,65.56156911594304,66.26382985374171,57.767358777484716,71.43471603249836,59.921805894251925,66.02094432324498,47.222036855951885,62.73514901294226,62.464196361983404,60.299077700103986,64.6203984526368,64.7012146025959,53.6078255414704,64.53683028994381,61.449478800437014,51.173614119392894,62.173159410519766,60.60255113417489,61.47299730382962,60.165267269654514,58.34943089015514,41.50236442333971,54.29300564108552,56.804605435179546,50.16751007977169,58.64308834077705,51.046177526263854,66.67321815351626,64.4262154021126,58.88171102004449,47.53420775283255,63.06736475689192,63.009039584210335,62.23587932747426,64.35747493266106,60.180231904030165,56.874314724467574,65.21236975305848,59.738482233448295,53.20974563280203,63.70194228952794,59.240552832169676,59.84311496672134,58.95489696657664,56.691942929985096,41.50871578773992,53.58775953353329,57.1539977545651,62.07513450970849,63.23050166230891,55.83526440390258,65.43680609598067,50.643692083435035,49.60045531678048,48.95580565434121,48.223883011800034,49.12079859052651,48.140692353273195,49.7262291432153,49.49293505793698,48.46840185260521,48.85091463484745,49.28462665818206,48.589490061526824,48.90312054395438,49.10809708108367,49.592198634122404,48.7321032714188,48.521056411922785,50.93155268478702,48.296319865875454,51.059331275821,49.04892123633355,49.29284853936532,52.228816448443474,48.91805867062466
photo_truck,65.1855065756544,69.98256771258347,65.8053609402613,69.93203824757177,62.16438676354081,63.3411345988157,68.09501994105311,65.1197189528815,57.37375756659324,61.446584572053844,66.50546787218154,56.54119376187773,63.08402843132564,67.32632396486184,64.0406782845359,62.74291172222351,63.374773750514926,54.65464404561257,0.0,56.895752243913286,66.99824611740637,67.29322723748659,58.632861102127215,73.33617091718338,61.586332453797006,68.15613850622327,55.43009419034158,62.989518447182604,64.71288890178162,62.9332458074865,67.1449929064814,66.89883608727187,57.99037920298313,65.63061833058005,64.51971430984953,56.01899999755748,63.42619726538294,63.48255434890551,65.1401855426268,63.703737860312934,61.76797198070144,54.70116856177314,50.5431105514624,57.27050451093095,54.8545042874691,58.90905298004631,53.67549490800576,67.94548996479972,66.01680851848857,62.78943583572717,56.12189861832689,66.12859056575503,64.50893027246563,64.23407778858947,66.79517085362922,63.49217963469332,62.03491644840196,66.34662175242576,63.07113347676525,56.05094803622005,65.52345069510255,62.02451954036559,63.150991862248915,62.32388817953564,61.33585334667096,54.508078589711594,48.016326885709276,57.80801502376303,64.38987856048018,65.31231710312753,58.086953256773455,67.69790568647518,57.86474161570472,57.52235113676039,57.35329185129,57.321231511483504,58.23047951837876,57.07330316427447,57.25145779683594,58.10531829266822,57.70403792947468,57.96681649435365,57.96759229055973,57.41069667559397,58.05334782015944,57.69807409782314,57.60912564990311,58.433620608619755,57.552693375526125,57.88630288518877,57.38031014475666,58.226433791536785,57.98000774219704,58.005605918359,60.1675438367673,57.63191003564857
photo_velo,62.04880938527228,66.95767272895928,66.17554696483268,68.66629761165579,59.47320071689089,60.5538334458353,63.78936429451716,62.20729430938181,55.72218814507101,59.4689107049276,66.59725951406404,54.89534322262793,59.85988386489351,65.23264513781082,61.89716718822147,60.46302240562065,61.21749641112531,54.2544271055303,56.895752243913286,0.0,67.6980793679098,66.70826369155016,58.2437517360626,70.8829764940609,58.38316219236474,66.02383513059678,54.753171547856525,62.31169503449205,61.30262617044554,61.076336934796515,65.48213722997518,64.20323338751699,56.5740648740686,64.60533037568588,62.29378162694892,53.39393290600775,60.17387484525343,60.34229718697669,62.68512211201999,61.711794358055656,58.70271114349288,54.74044039596955,54.46551317489111,49.734931363972876,54.35715246026622,58.27018772743393,53.05487060136291,65.08184732995129,64.22716504007377,60.69679445986857,53.58936666332285,64.40328045755129,61.32318386820877,61.89069817627649,64.52511393597261,61.776289010261436,59.951063694302256,65.0853730427193,61.496076296829045,56.033498354713686,63.76757486287773,59.88131053498841,60.65521064890758,60.84414204517369,59.60742295082098,54.05812275187732,55.48595226737088,50.946981045618585,62.16763049155296,63.23258131104324,55.212608594993284,64.33800030511988,55.184365989926164,54.3577802566332,54.8591001672329,55.660455841449924,58.194640721953824,57.03368883214898,54.7841909058347,57.100224763037176,55.74661872008744,57.059035851384046,54.77588918527878,56.97313269816467,57.26250615723563,54.7206585005978,55.1722220693967,56.63772113315739,55.2137316009568,55.35182609781373,56.68878644820223,55.39383451341681,55.044026778243,55.990917081005435,59.67201963585811,55.20460528037868
photo_road,71.34959193000518,73.92209207429589,63.52257341638998,71.59136486350303,69.6070796091003,70.63058324815094,72.70754500477403,71.69563509976459,65.48382982591437,65.08243267920086,73.61159329363733,66.21922045835464,70.05495767301734,73.13482525060748,71.48972583399299,70.73896065341225,72.00351969882753,65.56156911594304,66.99824611740637,67.6980793679098,0.0,72.20102303844583,65.19245000370555,75.549761999028,71.37268150864467,77.3909073003576,68.10228796219252,71.82240342103441,73.71182998870532,72.92492223009015,77.28598233450705,75.94150003138165,68.98169393665898,73.42180099807636,73.80817327579396,69.20944643311766,72.28292806269894,72.67699434702116,73.87995854376263,73.90967442791947,72.28296800997266,68.71574733009294,69.19987639092916,68.9225559261961,66.37236247660984,68.29364439503034,67.28490652275038,75.82341479712372,75.86470082270412,73.30369504816224,68.60193964108761,76.00613536154222,73.86314412529285,74.31340400383537,76.14394619824317,74.22759037346297,72.7079403315161,74.78880421071618,73.6378436153945,70.34414221821034,75.62928063301061,72.1681493857891,72.91344985479354,73.30529490136747,72.07922650620542,68.48748565271728,68.97519150358428,71.00961103862637,74.4184865962701,75.37100679222198,69.02465684137448,75.99559841328427,69.83551137698252,69.4561355922998,69.5827696436139,69.85745448676677,71.07927297012549,69.87241649294579,69.54410637071976,70.75471823289939,70.19145787318199,70.24306161657047,70.04501380512156,70.13965077183389,70.72065892494555,69.78673022915402,70.00898614465422,70.74362694999716,69.94487638186926,69.98226739635192,70.52431903157071,70.0580607381043,69.91485826923164,70.59201746522277,72.18861738319038,69.513682797407
photo_house,62.5769477164956,63.35578475201153,72.0362813896133,67.34121219555503,64.49729180155362,63.953934656026114,63.97520612821548,63.944414089621915,65.29191106502913,66.35944651468758,68.49608276110102,66.34312011669657,62.8369451067043,64.56119351035493,65.27730616121808,64.38799976933323,64.19263703399164,66.26382985374171,67.29322723748659,66.70826369155016,72.20102303844583,0.0,66.63853079760443,70.91610829577756,67.55728017647002,69.4391190406976,68.57869312051302,70.38123170656182,67.11630605100315,66.11904383007561,70.87345504548234,67.60716341974083,68.11493230567083,72.2645610437102,66.99651491553423,68.44071108029377,68.78428419900375,66.15883046385254,67.80300626932922,67.31778340613268,65.7496202620151,68.47216607424303,67.93931871026032,68.86486934592594,67.11980489705502,68.1069630665954,66.41424354288388,69.235489180058,69.8416193345023,67.0278459679035,68.26173828941715,69.94068894877863,67.609697738651,68.23169637970365,67.15736679028942,66.41942137773026,66.21444866062706,71.99312253654952,67.00589705012234,70.61669069436176,68.01158027287272,67.0828619814137,67.06994154894694,66.72149965839509,65.99103936552383,67.8342970913683,68.53046318920177,70.74598735779043,65.97070744010615,64.88834571650831,67.492153475748,70.06789731749404,67.18031984572083,66.64296686598064,66.97142215243889,68.30087835944582,70.91158882943817,69.74496678613544,66.93576562146168,70.31459846613743,69.23173082213486,69.64702690482129,68.20166987641866,70.13198046390592,70.55642565702175,67.22759229464167,67.18137511372069,70.36547011123557,68.43971797492864,67.42941781949597,69.90693025598088,67.39991270439022,67.30437684044833,69.22662906016909,71.72554822997958,67.09444138149888
