,photo_face,photo_profil,photo_eyes,photo_face2,photo_walking,photo_standing,photo_hand,photo_legs,photo_bird,photo_butterfly,photo_girafe,photo_fish,photo_cherry,photo_tree,photo_flower,photo_carrot,photo_watch,photo_key,photo_truck,photo_velo,photo_road,photo_house,photo_mountain,photo_windmill,drawing_face,drawing_profil,drawing_eyes,drawing_face2,drawing_walking,drawing_standing,drawing_hand,drawing_legs,drawing_bird,drawing_butterfly,drawing_girafe,drawing_fish,drawing_cherry,drawing_tree,drawing_flower,drawing_carrot,drawing_watch,drawing_key,drawing_truck,drawing_velo,drawing_road,drawing_house,drawing_mountain,drawing_windmill,geo_face,geo_profil,geo_eyes,geo_face2,geo_walking,geo_standing,geo_hand,geo_legs,geo_bird,geo_butterfly,geo_girafe,geo_fish,geo_cherry,geo_tree,geo_flower,geo_carrot,geo_watch,geo_key,geo_truck,geo_velo,geo_road,geo_house,geo_mountain,geo_windmill,word_face,word_profil,word_eyes,word_face2,word_walking,word_standing,word_hand,word_legs,word_bird,word_butterfly,word_girafe,word_fish,word_cherry,word_tree,word_flower,word_carrot,word_watch,word_key,word_truck,word_velo,word_road,word_house,word_mountain,word_windmill
photo_face,0.0,44.83170453001146,45.794113517022986,43.196856858452904,40.3479054119899,38.3200647123928,38.60669711757386,37.05717806249591,44.12117596847048,47.941978579295274,49.23254439916344,43.34728195512913,40.8156759625349,43.406916634420604,39.05851737224532,38.508920724799985,39.56143458292297,44.94619159630024,44.51600259423374,44.906727987048505,53.31432330288069,46.78466505935004,44.502069275371454,50.94815367993038,42.33693361917811,44.55658497601111,46.087032651644435,46.35096217630527,41.10607690950776,40.49337040186963,42.876886976144625,42.549676937604474,42.34901523853776,48.53296403341609,40.35174252996109,44.321359968914976,47.6607681266257,39.19337686966316,42.65731571396595,38.00812272746555,38.975413972651076,44.08023788853617,44.05981219172474,49.674168329149275,43.39756917432821,46.30247864030879,43.6711462402349,45.08331511850067,45.92564042924612,38.80792812631042,44.83382507211104,41.6380358332216,39.63938087073459,40.18865007889466,39.495740123474455,39.77725584175204,38.69068994107757,45.82697031001527,41.10702043377882,44.89706598937985,43.22831809831446,39.73043036316584,38.385870787283146,38.527301655940356,38.2830142434778,43.03158378247484,43.96173816964734,45.45300823455229,39.823990399365655,41.83685721838865,42.70257550713849,43.47785865606793,39.68337557258237,40.73158101467264,40.145288134671674,41.18690260503719,43.83591951006081,43.257417596749534,40.12041578628624,43.36563899398475,42.37480548226568,42.305942872097766,41.25892683508458,43.50498635511899,43.417605484588755,40.36116865796967,40.18804373171958,43.41052825512149,42.04828407004979,38.71688375731987,43.06816845711714,39.708296823248645,40.944035113798336,42.07955672854554,44.12614874178857,41.19952126956155
photo_profil,44.83170453001146,0.0,48.81897604398369,46.201019129508076,48.00125796801891,48.19264576217471,46.398016125308324,47.86659652153196,50.10660846040687,50.57082820667492,53.65829069273626,49.96641621151699,47.01795438001334,49.71394232141676,49.28824941000838,49.48679962040915,49.38378332456367,50.935724077440526,50.27837098515898,50.879069897743456,55.47688336659988,48.17272491822107,50.51026758352578,53.38399378096165,51.25565508512773,46.39222188979803,52.26421947457537,51.211245725919504,49.2372398936587,49.28862604597327,50.60916552317224,48.36237945099829,49.992088405383456,53.66515928952885,49.52361821008572,51.67580223367673,52.67707869257495,49.70554864804181,49.3357082192203,49.2539690965643,49.50820575709219,50.82035546428087,50.77015098945935,54.30248718338778,50.89255314110913,51.123393156697496,51.36324923112562,50.728400766581096,51.149712226478364,49.76389252108215,51.35444891346473,49.97841235915492,48.613110555061155,49.31242414576343,48.06823391366851,49.7035933737542,49.894130047668504,51.16826083096381,48.54905972197711,52.09130619720676,50.3495059744701,49.65647260806403,49.508461140237706,49.592000532970374,49.09392037087773,50.983865920830524,50.95527474113673,51.753895567060304,48.399370824342185,46.93518193356863,50.58320654442284,49.98019501660464,49.63326941820872,49.59842905378865,49.510093171986355,49.436016259484305,51.19822232684078,50.85988338001081,49.267465611191795,50.70979310634366,49.79636981955493,50.3366122889963,49.349587000930796,50.88745853419265,50.705838343648985,49.3749633368957,49.33365480772342,50.58277156150124,49.88129322777813,49.98197189182,50.41113596540004,49.73826867037534,49.94960031638073,49.81380825523212,51.95931814157735,50.192579228123265
photo_eyes,45.794113517022986,48.81897604398369,0.0,43.716293239985795,46.80743192156815,47.140762520498825,46.563914810082885,47.58227722223468,44.789081412478254,43.64480828329309,49.36897526698064,43.986986776574746,46.07826386283084,50.57389528153028,48.605260447407886,48.13737066832539,49.43203014004204,44.36193014505465,41.97260658131475,45.30313777141559,43.711611400638176,49.056578920207656,44.25944985956758,52.565109187137836,48.27425976334425,47.95560027037585,45.46528178429214,45.539119640041406,48.86467448736037,48.26149024396372,50.49331584429538,49.32161314102149,44.65485217028634,49.074448630737926,49.07177542499726,46.03093682829728,48.27334193048374,47.84041848585129,48.993524973808626,48.267797387649026,47.19015355525911,44.29799135522752,44.03115991201015,47.778687048968074,45.90404022605776,43.01706019173787,46.422120118139965,50.34197134332376,48.972192651549896,47.7464171597474,44.83967254823264,48.84872961827795,47.228744274403354,48.133933417291644,47.92351453053079,48.820575387544295,48.02714103135223,47.58881071262006,47.51849825375937,45.171026447281314,49.31888854214292,47.31393104182359,47.53173781481747,48.27525056118496,47.417847523782115,44.9702414216242,43.19235515631745,44.93622269196537,47.35011415476491,47.458059324090435,45.53249115512917,49.73465610790303,45.31485256390067,45.16638021877139,45.26993044042671,44.2998306076808,44.52594331157703,44.14253713593293,45.02799476296163,44.21725134431098,44.718529568389904,43.98895908585063,44.32072762476528,44.2385566958428,43.96190288979424,45.03723293887409,45.16320930255653,44.27812115909777,44.55014285768591,45.67061809326542,43.794803451402196,45.526826493053704,45.757240984474265,44.45993708187542,45.4372426808726,46.245341282418615
photo_face2,43.196856858452904,46.201019129508076,43.716293239985795,0.0,45.59174141065555,45.75104564124791,44.19625565008103,45.764235839703595,44.910356077004025,46.93364731389569,50.10299212745563,46.74028300102242,45.09271583245764,48.331086025671844,47.20010025943895,46.73852396713693,47.97639704159482,47.68165190976302,46.09180705495264,47.35707848069408,51.264663270559474,47.20180411859766,47.135969832709016,51.64369221329848,47.39923979927639,46.49337915849964,48.892133884661504,46.17275489760907,47.156745997214706,46.83549773214281,48.6765808436311,46.78796735646383,45.854572515189155,49.44130159063235,47.49672534532254,48.24603093296378,49.40662017585118,46.923319310864045,47.45197942410644,46.98758145117359,46.53753739051974,47.34325873700367,47.222766023847484,50.92864257397114,47.272471998829175,46.69660977628431,48.244246633012416,48.890012045816114,49.02291915755254,47.0261774535016,48.022412345107576,47.67524509291601,45.76373634612337,46.76004297353829,46.14703692399797,47.88137662809536,47.31594845407557,46.90598156587895,46.13913274508918,48.41521358383176,47.86925332305297,46.83560725285403,46.603862569949996,47.10978138988539,46.707257011470944,47.28343892134756,47.019912965868635,47.88372618654762,45.83181499349565,45.54115263470367,47.032862158122946,48.02123745002173,45.90195064393965,45.746940872660204,45.90129965150853,45.7009040717515,47.76195243721313,47.442568560283505,45.753679221897436,47.57292892050895,46.38612236727365,46.54371000757348,45.79260999796911,47.47596928008796,47.367305953024236,45.975026145811526,45.68645140752799,47.14010517668413,46.423912766230636,46.164809916093425,46.97746647422857,46.08394315535933,46.51398741775159,46.27831423017738,48.04253092288473,46.781132697028454
photo_walking,40.3479054119899,48.00125796801891,46.80743192156815,45.59174141065555,0.0,36.33587085129724,40.34692977826681,36.582885293477574,42.133731374049354,47.190390028384265,48.57242700870266,41.40081602860737,38.96536686101225,44.8426937930051,36.44763012249365,36.65180953490651,40.45426650140438,42.06075253856449,42.78432478838966,43.520738035477066,53.50001875807711,49.57193373114847,42.56172812419039,52.550619933199215,41.045897181590895,44.11465634414554,42.99337796157208,44.07942505634912,36.85835891612874,39.91635148827707,42.011610212961635,41.18565583471794,39.85976781901219,45.63713686895219,38.17691074628395,41.65045855544271,46.804626450272195,39.602349346666436,42.1253080452343,36.80008855945343,37.60661228619427,41.00858513435019,41.551786548199765,48.24872859821961,39.79557743731026,45.21455851939275,39.94928069117381,45.07587265758901,43.89799694786206,35.30778218547266,42.10002997069404,39.04796027522365,37.613379982520726,38.38711431392548,39.06331232421943,37.19907146734078,36.278259610881314,43.74664073511865,36.627941150583446,41.16666956922471,40.88305070706806,36.692896699207274,37.90964490987515,36.38411375820765,35.621229517975635,39.469241041259174,40.30346887861598,43.21488637733566,38.38233326595138,41.61399105071487,39.54011578536642,43.41122481747423,36.61868622322176,37.65758244664308,37.12099619521594,38.546162646004106,40.8612420830266,40.349427205152146,37.16365575386573,40.37652884608033,39.433393806617005,39.42406593372458,38.433269066324954,40.80935016017687,40.697877278563,37.43272084338612,36.960376232246176,40.461151023265195,39.21658297683181,35.78819090543395,40.28200611255661,36.90312021906151,37.63239464725224,39.25234605850351,41.37862556268681,37.59717415114869
photo_standing,38.3200647123928,48.19264576217471,47.140762520498825,45.75104564124791,36.33587085129724,0.0,39.1553906916863,32.11159017665955,41.83135720258117,48.37794485292156,46.41746848917677,40.91018337332337,40.67941920323235,45.04142879408892,31.806530749235428,31.65365128640683,36.22729321541502,40.70428595409258,42.29863929745506,44.339996643583916,54.10420148953634,50.02612572177797,43.73032200888087,51.61601962618207,40.637364534089265,43.77397612753962,42.0409890747445,43.50739781795262,38.73538046905511,34.2384599290578,39.797090482672175,39.91658021117119,38.752252133206,42.42267014376275,35.52210571849206,41.21359316048973,45.10144773283017,38.234152859026054,38.745738893508715,31.066354652716797,35.64654636997814,39.23556150862942,41.16670744150666,49.572608074397316,37.85980333468302,45.36605690620443,39.743720935678944,43.085776408217306,41.852255331675664,30.825548060594105,40.82694346957832,33.61685373413998,37.221068705313336,34.8943702131896,37.19231465199218,35.04331099819362,32.510440246651456,41.893705743496426,34.11223927232755,40.13510458018806,39.77983717538165,34.32318652343002,32.32297158179496,30.394291937017886,30.655557705681105,37.33864165949042,39.286165483775065,43.315383158666506,36.04507240935223,38.75429347462703,37.06328997433231,40.85101915213187,34.531936733119004,35.881152047760196,34.96886285946621,36.60254179877239,39.372601633461265,38.763695829390215,35.205394732673035,38.88915319451189,37.951723736116314,37.32382467160285,37.135868943105095,39.204062444968365,39.253894989722895,35.60979222309792,34.67701564615296,39.33416673989165,37.678729228985986,33.73630734748603,38.822053664898945,34.527981912685455,35.43929991089661,37.59043347299824,39.52097019515165,35.4298886274487
photo_hand,38.60669711757386,46.398016125308324,46.563914810082885,44.19625565008103,40.34692977826681,39.1553906916863,0.0,38.856312786978464,45.71087007533168,48.1501123241545,50.538594531715766,43.496823336837856,40.45147979947679,45.025281390713886,40.780759125659564,39.735869661842145,42.20643319641789,44.97111804669425,45.4402371134771,45.102804806137705,53.56465899923494,47.6670996477125,45.58841129717611,51.59539390869037,45.13937213253169,44.97953303672354,45.66185377385092,46.737512230604736,42.51073574569949,41.76557475703911,44.03888089917426,43.5913590501267,44.25754650651192,49.13073064799778,41.631086707767714,44.52159163622356,48.04738301723092,42.06705176764228,43.52027104029083,40.15757855155564,40.96761717152141,44.16857682147801,44.42209446540937,50.377274272968315,43.727540208368026,46.97334051453105,44.2523164059472,45.89359372433664,48.07016815469669,40.55898776638304,44.548652724085166,42.95386291544182,41.66465286789462,42.32317024015429,40.34903616657339,41.34972923849045,40.75652923534825,46.46154389329286,41.482584157546256,45.350275406629805,44.38282836225352,41.33865908923091,41.30792133861535,39.910405280908755,39.82948835571965,44.009378059359335,44.85277818521231,46.13294151321598,41.531995183837424,42.530898400815,43.301742161249464,45.06944966709713,40.797200489179524,40.780000101198304,40.673577411600164,41.76724580503104,43.86807595536932,43.35955026134558,40.64098539917327,43.45718635226125,42.65251082006642,42.568138494876656,41.60026486002396,43.74506574485477,43.66915392752843,40.707466226279635,40.8290136429076,43.23649740140801,42.39873663207624,40.51831251549483,43.20967447899229,40.8732741671219,40.93212794969374,42.41937558674538,44.19561966175167,41.178991146408556
photo_legs,37.05717806249591,47.86659652153196,47.58227722223468,45.764235839703595,36.582885293477574,32.11159017665955,38.856312786978464,0.0,42.96775136723758,48.3094145806974,48.50260849236888,41.75194071431408,39.83809315561362,44.978397500570644,34.00031707553558,33.50318800175848,37.03298904109347,42.05898223298908,43.41790681926161,44.74460028627873,54.68234333929056,49.8108698023607,44.587423534616626,52.628531059687226,40.48783878236568,44.04737614830305,42.76783079499566,45.06850443176217,37.92448728775103,36.89092287182054,40.06836803987633,40.10766583978864,40.16500742115067,45.24912935754754,37.99747185829928,42.144032958265505,46.18326282204346,38.345052780512624,40.25059691787756,33.13829577005857,35.248848827498044,40.614547076828025,42.477142576201885,50.075968271154565,39.45626852392614,45.845984881144815,40.91214896457994,44.20027056126138,42.812890808756705,32.036411586785626,41.65121695917892,36.425518452258096,37.081744721164625,35.177803987856606,37.73324103325509,33.893384562668494,32.33442593520242,43.1969711369542,36.730995042535625,41.37854060985186,39.618297572406796,35.735235861791914,34.65110252333737,32.63702789529311,32.81661765800906,38.88966513499059,40.692467239506655,43.878376057098784,37.377423275567615,39.541733674360785,38.65585373119499,41.818073910495485,36.12615441363105,36.78485318773494,36.1793637668372,37.83601656041966,40.41397418294026,39.786298103504656,36.36088516238483,40.027284366490576,39.08439926584876,38.55687466573381,38.1000591190039,40.420673573842826,40.48102323709714,36.91535299627106,36.01151809750523,40.23421116979581,38.727791051733774,34.929648765773216,39.901302263477845,35.96034271030043,36.55891766740362,38.99780661803906,41.05479058590289,36.55520479729511
photo_bird,44.12117596847048,50.10660846040687,44.789081412478254,44.910356077004025,42.133731374049354,41.83135720258117,45.71087007533168,42.96775136723758,0.0,43.84063858488866,45.78484351000585,38.04292886860085,43.642469897508214,48.00330107146007,42.05391328964958,41.01629465340432,43.13754808983911,37.145651926731844,40.406414001212525,42.11250173432204,51.58740061907528,51.01596064107827,44.51424900717832,54.58491201468007,43.222130905642885,45.07632649988178,40.319235832033314,43.1844441069628,43.870785213948785,42.66507529631131,45.50859004924826,44.439617243448026,36.90355672460467,47.87448097013444,42.397352713487024,40.329927745670545,48.24419459873503,43.3474872545659,43.42853164436109,41.15299080816203,39.99627447724662,37.03653728918244,40.55940262927566,46.692550926739614,38.184551647420605,44.01354786914463,40.37763511327917,48.324682879021246,46.62306358960741,40.14288651359359,38.89040474128994,41.58364833065613,42.61289941791493,42.41195673557321,42.833670827831924,41.16616418543511,39.25862715577535,45.94970873185135,39.56419719839154,40.07632887373744,45.18858529549905,40.505837523345704,41.14002286627218,40.417252021954305,38.983647484906406,35.89813370511175,40.13451242905766,42.314136929650545,41.76001758147122,42.77053333275603,40.802571307051295,46.260789451811206,35.72468413108657,36.432034812314924,35.693477592397144,35.138707226788455,37.92185088350713,37.433448179443815,35.58907677811158,37.3441740616812,36.14006201784412,36.12315237677508,35.49810414332407,37.47755883575068,37.15778264060235,35.5646488434694,34.888019106498064,37.21240388763954,36.301188016281905,35.505765381675516,37.01453077071364,35.83606601196137,35.95020802117139,35.759610721413964,38.261591339252156,36.110488981618
photo_butterfly,47.941978579295274,50.57082820667492,43.64480828329309,46.93364731389569,47.190390028384265,48.37794485292156,48.1501123241545,48.3094145806974,43.84063858488866,0.0,52.097860696018756,44.49357003230882,47.06944150890874,51.3634483204595,49.46970241787374,48.93739160208522,50.30661560160536,45.24041880277515,44.368065456560984,45.61466144150003,49.924913776217494,51.07102238384874,47.47255180406302,54.17488824745783,48.80189333573687,47.529179798815186,45.97248116759244,43.660980337239685,48.0612577773518,48.85093662413902,50.47558434120805,49.54445079677594,44.047145727433396,51.18948381879041,49.29886788138102,46.42809860019031,50.730658789793395,48.53016845769355,48.80766949701178,48.832408469986966,47.07975330152056,44.68051292610195,44.723997045900646,48.83974760091473,45.18091846797809,45.929053318038456,46.293969016607655,49.142151262798144,50.36673238854797,47.73292369737548,45.16517411681739,48.14527483475482,47.03084780341428,47.74182341308741,48.00604823090778,48.47027166132125,47.35414372692699,48.93520277599413,47.21411956191226,46.096431847193884,50.88907925367602,47.31826097124612,48.201678611527306,48.47693464115677,47.7264100239467,44.716286794056835,45.10278938178121,46.65456741443325,47.44240195097531,47.56777278469231,46.149645238217424,49.38925958242811,44.564177159101305,44.25160116864723,44.30904687769584,43.61257269066438,45.50232687971342,45.39608694488307,44.18899875444336,45.055469481271,43.90834041391865,44.68410468694963,43.49028733116884,45.53463940264936,44.80570060788664,44.204307909973615,44.18673440253593,44.678755968349,43.98403007783843,44.50208544802481,44.615853013878606,44.70262562922968,44.807719703350415,44.009769047197345,46.31635465139528,45.19098805978528
photo_girafe,49.23254439916344,53.65829069273626,49.36897526698064,50.10299212745563,48.57242700870266,46.41746848917677,50.538594531715766,48.50260849236888,45.78484351000585,52.097860696018756,0.0,47.45791651405852,49.61412967600739,52.9721294235144,46.920396239481136,47.288132119939974,48.82450645037456,46.544111493200916,46.78798915737557,50.08123006917578,55.628274247606804,53.69109413383644,50.2223166631273,56.612908918157814,49.60821954136556,50.61703951122751,48.6209754478287,49.70743789961991,49.83791189068821,48.46607436856082,49.166004502004846,49.373730522259265,48.097331940927354,51.003017873033336,47.567546647627196,49.079759200730216,52.24408798175983,49.349337930549325,49.14250065983257,47.3735490359471,47.072519446147666,46.545197804785836,46.47951323865207,52.768406257201725,47.3436018654473,50.61554355170376,48.6335033677905,51.60227665712118,49.641315095274315,46.97456167926733,47.71534739420363,46.46578757541221,48.6715511915163,47.4267084521063,47.63385146681545,47.11678551394774,47.57406568436175,51.24539237985281,45.34129038270098,48.36474452242282,49.386532845297296,47.80908449921789,46.024534240997305,46.79456683017656,46.63190014437273,45.9126673143816,46.15872003712258,48.47177765778467,47.610829386905095,48.35529587250955,46.06880105915887,49.29666184345217,46.259244024709666,46.44321653665104,46.25145391701452,45.94766837023664,47.70326153893533,47.416234930727086,46.1463138518191,47.39565299520307,46.8768783601457,45.753540095011104,46.51130290900879,47.5596027308996,47.26995106117159,46.18740189018403,45.58694378723243,47.24434152426271,46.65445690982286,45.94762743145008,46.844850847802775,46.41648216188409,46.3803474903812,46.664305064517976,48.00247820104151,46.47080900668587
photo_fish,43.34728195512913,49.96641621151699,43.986986776574746,46.74028300102242,41.40081602860737,40.91018337332337,43.496823336837856,41.75194071431408,38.04292886860085,44.49357003230882,47.45791651405852,0.0,43.41925004442635,47.496541196718574,41.37641404287686,39.36708256268825,42.581773176885,35.63864305541178,39.24355518320112,40.25431987116791,50.83330002392267,50.84303312729945,42.900427177817434,53.86639538230318,43.98534894037941,44.5617211457189,36.23103028157396,44.330983879485885,44.139494209260114,42.50133424775651,45.52911222700963,45.56351655327362,39.022629939906885,46.82550143125998,42.37474784389799,37.293092693283675,46.67406345494629,43.09182502274458,43.45513679308133,40.08220771947306,39.33283208209776,34.964504847601766,38.067724437931595,46.009312164001386,36.04691224424124,43.55098916711485,38.272063371247036,48.025607005414756,46.56341285003188,38.69051422085483,35.49381883784938,42.1245124963944,43.697939800353645,42.39217571515621,43.12501670274426,40.87911613495848,38.438716185325,45.229886811798146,39.513018522069444,37.02041614162899,44.321989915214125,39.48613352832401,40.86868959234456,39.64025721130126,37.94940353749393,34.410215863171246,38.427171585914756,41.55914112907636,41.79933303168615,42.149282854216246,38.822851996860734,46.330350798941225,33.551894140340984,33.81488928246573,33.61858972611304,33.16314123247745,34.74170701985452,34.18736203205008,33.39394115076118,33.90322505528358,33.294951980891426,34.01232201692908,33.10782152245863,34.64337174353091,33.89929005831212,33.44507353329832,33.24388039999933,33.972394913922685,33.41942442490257,33.89511675642387,33.78280863868534,33.86812833007007,33.90107645996502,33.238693606274566,35.97109272328573,34.28209740535488
photo_cherry,40.8156759625349,47.01795438001334,46.07826386283084,45.09271583245764,38.96536686101225,40.67941920323235,40.45147979947679,39.83809315561362,43.642469897508214,47.06944150890874,49.61412967600739,43.41925004442635,0.0,44.483016787592646,41.54456609146493,40.667261340907864,43.64243472770772,43.41504624690273,42.800442992522825,44.23709652236177,53.6807726892802,48.23136870944441,43.18014274237939,52.13866219769599,44.04274489924932,44.2514572778021,43.971359596548695,46.3128848516246,39.9885201213171,43.09390468021098,44.21215319909471,42.31864531360101,42.09356257794606,48.39314679959732,41.206215698821545,43.37933166974188,48.24081925362836,41.803269992276704,45.78472558940416,40.16633899681935,40.6285886266047,42.33505475334046,41.291177903206034,48.653748795498544,42.91929634875039,44.95318685047144,42.36474388136174,46.03800678484765,46.337271064712326,40.45798384550706,42.77591909467364,42.20056725044046,40.36347853609915,41.543696229516996,41.14144975344386,39.927866787725215,40.0885836357337,44.99962851812102,38.748738731876585,44.1451416951359,42.541499207922485,40.05958036538286,41.816788449393414,40.08849939628457,39.88880000920771,41.86040455706354,41.636189880598934,44.12137764984286,39.17278689727982,41.60513579625492,42.521080836014406,44.54090317132209,39.47402900399818,39.45940053952477,38.86880719045655,40.373818479270554,42.20416887948606,41.53912309217927,39.051833254831365,41.77647337419764,40.77100295264723,41.69398042522802,39.860474449423435,41.95773652580636,42.232777929511016,39.034584835832,38.75485541128535,41.75857594731831,40.79303742989759,38.64107227759803,41.61483489388031,39.7748717421228,39.272130479183346,40.92192197713511,43.14412907309203,39.55912232898175
photo_tree,43.406916634420604,49.71394232141676,50.57389528153028,48.331086025671844,44.8426937930051,45.04142879408892,45.025281390713886,44.978397500570644,48.00330107146007,51.3634483204595,52.9721294235144,47.496541196718574,44.483016787592646,0.0,45.69707218557951,44.3867453042022,44.27459006688581,49.122054406249255,49.26259341541291,49.06211921822013,55.750965221291494,49.294475230388684,46.1285287266183,52.933106577298624,48.86701129102344,50.11619362319554,50.53502134681526,50.92799685146134,45.56588966136881,46.255281625944555,49.97417891535606,47.22072369322004,47.35654908882856,52.95581925041704,46.121208281533434,48.79620749452334,52.03180855000063,44.031490159726154,50.07894617796951,44.812803964638995,45.157060303655676,48.773383068713386,48.19339340980432,52.24538627072135,48.48970637188145,50.15344938613134,47.439603569653926,49.50989181788145,52.03885417548295,45.51677941574552,49.46081158693101,49.175111829975215,45.54113072890979,46.57126725046062,45.89872144037341,46.18004687830092,45.62299230628608,50.14027852055305,46.01533804535645,49.77457385436717,47.40248062616585,44.93823841099251,45.887431420724624,45.51709587949299,44.30270673970307,48.13697568914159,48.74320582511325,50.46263757636301,46.430728254149074,47.496407542501906,48.68080595303549,48.71034694567893,45.40560236154634,46.08191055460376,45.64579516257899,46.60029779304944,48.63623813820838,48.36256364993639,45.467734281967445,48.39891640390886,47.28487426461677,47.68631249541009,46.40009037701989,48.462020606384506,48.370594119959684,45.68360631171084,45.48463321417731,48.389202648407974,47.410871873355894,44.652047925083664,48.24438477271256,45.538050323505395,46.12742343752521,47.175483607187836,49.021078061567614,46.42809682548295
photo_flower,39.05851737224532,49.28824941000838,48.605260447407886,47.20010025943895,36.44763012249365,31.806530749235428,40.780759125659564,34.00031707553558,42.05391328964958,49.46970241787374,46.920396239481136,41.37641404287686,41.54456609146493,45.69707218557951,0.0,30.277193763939547,35.1416679575078,41.14697036702864,42.69884046467275,45.142399389042424,55.449082145709696,51.13729762113545,44.92175083625785,53.914954751529805,40.58457411927077,44.35109368457537,42.31791534394954,44.39367761572466,38.610822169878055,34.97994772590325,38.66906821949343,40.92623305017027,39.387167979231904,44.07731170639597,35.980919823838036,41.41664464244418,46.657303892159284,37.861322454208356,38.85706781693927,29.777832273114434,35.41975675786948,39.46010638169688,41.22644755556585,50.30113307307132,37.99120868152058,46.356036827556515,39.90939983638596,45.90524508003301,41.625081876945465,29.844659524801056,41.16910012091894,34.46130360469519,37.39386739403249,35.226552509984586,37.40606587060715,34.61554017195525,32.482775531300504,43.10664573379997,34.41026813954028,40.50225574530003,40.11667931263736,34.10778534934868,31.708500771819548,29.11848271475343,29.987901495245836,37.473309521211824,39.28082946326483,43.83499716922811,35.4470736633971,39.399249202210804,37.039470748798415,42.46971349741476,34.940022443561396,36.16379298561742,35.18029959022612,36.90297474164723,39.70148394519408,38.890337045682024,35.556350098978946,39.21470867811381,38.23158442910948,37.92779889029457,37.43855199392539,39.52929459100488,39.609621318021034,35.69810801624223,35.00494132367413,39.58107486152128,37.9914882259358,33.94090839013089,39.20900636255654,35.07891433477702,35.61926365826972,37.886188862342095,39.829840956652724,35.581734745268946
photo_carrot,38.508920724799985,49.48679962040915,48.13737066832539,46.73852396713693,36.65180953490651,31.65365128640683,39.735869661842145,33.50318800175848,41.01629465340432,48.93739160208522,47.288132119939974,39.36708256268825,40.667261340907864,44.3867453042022,30.277193763939547,0.0,33.88823832710673,40.162993557927386,42.30562513061487,44.14245763355323,55.15568922530677,50.853068248428535,43.38103441404086,53.76887691352838,40.58643137283941,44.51988569771475,41.73129828333084,44.529465929498265,38.86390186766342,34.225548478995066,39.95212389627435,40.76157554927054,38.73097177265225,44.25757716608056,35.30037941092518,40.74847037551689,46.58271600034377,37.68401801696816,39.1802828259321,27.414563635242096,35.18495526556082,38.64457671811621,40.707955392765456,50.02329876566214,36.95265422736027,46.20200190589685,39.190927667472614,45.78787266542478,43.075227043580846,29.752774721251882,40.292150794287785,35.64860944122654,37.88823441289761,35.24477573597891,37.586668915240764,34.90217081167691,31.90291539943896,43.30262916938746,33.82069635649006,39.845665670492465,39.38645305616027,32.64400726486569,31.679320333142854,27.72279547840754,28.363733115568536,36.54303297894158,38.841106829935384,43.483963343203776,35.904342744205124,38.88951021360633,37.38758350155072,43.07787600518602,33.331930146769274,35.006009178427355,34.01145642028621,35.990293511718086,38.92314506002833,38.11299767073649,34.30145850311119,38.32894527957002,37.40383490372093,36.71815090868036,36.362922388328315,38.56921390626154,38.74878338485116,34.78667290752254,33.72172780155643,38.77934813219658,37.09166783113329,32.734824571373736,38.21178745600667,33.545278063997515,34.66645525589806,36.937146746597875,38.87508210244093,34.59120414232954
photo_watch,39.56143458292297,49.38378332456367,49.43203014004204,47.97639704159482,40.45426650140438,36.22729321541502,42.20643319641789,37.03298904109347,43.13754808983911,50.30661560160536,48.82450645037456,42.581773176885,43.64243472770772,44.27459006688581,35.1416679575078,33.88823832710673,0.0,43.32211059311913,44.961439158035645,46.18464147138385,55.75812242317071,50.7663206693779,44.49267245650606,53.89548598621324,42.637408716388485,46.25877591355382,45.184198870496814,46.63886634228716,41.03049866248544,37.41721252318551,43.06655731213923,41.846250046256856,40.80408870450054,47.43618157593656,38.78883907958012,43.03436961443813,48.00930659612921,38.19912599275993,41.83610614545487,33.62026491402931,36.53044014002262,42.11527191948601,43.74125149833977,51.0663772503127,40.86618497881751,47.51829115633948,41.48119974660318,46.43836300050966,45.74941211882077,34.68389111713813,43.54690485871894,40.27541757993671,40.37916340588859,38.3569180807363,39.50957835556695,37.648287799473266,36.39717890670436,45.446311300142874,39.02758551807715,43.19897518365157,41.414673636851866,36.39602385882171,35.53788868038485,34.52468442267607,32.711061580901855,40.66650907973264,43.47439875450309,46.058387320992956,40.52778040203208,41.109118961627516,41.88662195299212,44.305288594711556,37.508604540272245,38.80328375925296,37.797551785326895,39.40300148527527,41.90696975373618,41.35601888025921,37.902746886421674,41.50671853758233,40.43507434143718,39.87883274556703,39.689362737678046,41.61281600702585,41.72998685803307,38.46429019211696,37.74961380133462,41.746493608336664,40.18439693565509,36.677212101079185,41.37069133979255,37.4946309744185,38.343997950674755,40.125143555246204,41.996381071426,38.45375689924391
photo_key,44.94619159630024,50.935724077440526,44.36193014505465,47.68165190976302,42.06075253856449,40.70428595409258,44.97111804669425,42.05898223298908,37.145651926731844,45.24041880277515,46.544111493200916,35.63864305541178,43.41504624690273,49.122054406249255,41.14697036702864,40.162993557927386,43.32211059311913,0.0,38.11274731334442,40.53666832925398,51.45889933707876,52.06329959799798,44.09694270925333,54.861164534004644,43.791934714684835,43.7531361283027,34.157666862534626,44.43478870760509,44.254118310427465,42.500656146239756,44.51620939677631,44.83472680138852,37.72707265055009,46.048046229386344,42.32407524262604,37.757927559042095,46.19625301723839,43.62121849275862,43.136848656033045,39.68153798956608,39.334206278516,29.061914166786504,38.03803134413268,45.35237181636627,35.62892116494546,42.46633879686377,37.1234936477234,48.4565654802629,44.296348909189554,37.97729517411068,33.17024490150349,40.84897216417154,43.77366438735942,42.01426304155262,42.45601824515372,39.51931527752888,36.28012923735585,44.86381365411114,38.71593197526891,36.243880326578136,43.963813988212095,39.70621308591424,40.44804406383419,39.03522673710081,37.26857221381611,28.53076428136832,36.21734777546537,39.723594340441764,40.72044407314734,41.34703978304211,38.58490819092808,45.90261507135253,32.43592856696803,32.286875042253406,31.52669839999438,30.25602615250494,30.867815345149335,30.490643410512888,31.857086049918504,30.835091309720166,31.004289088470063,30.4136709569121,31.163493333459652,31.2573634696739,31.013736462837933,31.33959083994713,31.560550111949098,30.799674266565763,31.002290606054252,32.64603212700323,30.66157581622491,32.80742461459676,31.4824758811998,31.146785113202586,32.226476192096214,31.81626527609617
photo_truck,44.51600259423374,50.27837098515898,41.97260658131475,46.09180705495264,42.78432478838966,42.29863929745506,45.4402371134771,43.41790681926161,40.406414001212525,44.368065456560984,46.78798915737557,39.24355518320112,42.800442992522825,49.26259341541291,42.69884046467275,42.30562513061487,44.961439158035645,38.11274731334442,0.0,40.41641243839286,49.366472041214145,50.37875147696533,42.355896604583435,53.686792729266614,43.614064639554265,43.87253133839224,37.5298111646575,41.95469601561573,44.11782104035071,42.530679929171804,44.98096943675287,44.592976827891356,39.188695443359634,46.209278201926466,43.16140186338211,38.261252353847475,46.399898185568304,43.73150646872176,44.61505836361086,41.09902089000774,40.802877796115574,36.01441945152818,33.74627779333732,43.575101898150095,38.383679255679894,41.283999302438524,37.57203003794922,46.7005911886325,43.909194210820615,39.702314352166155,37.05612847947646,41.69523054490751,41.99123618433231,41.86470687802832,42.62251805739011,41.14642892223987,40.13945024575732,44.80722119041361,39.703365798762086,36.383413463194266,43.01223302169597,39.36830418380471,41.24252188229723,40.472646726671556,39.926691342806,36.03716872176963,30.915927857996657,37.77533951084888,40.638013457248896,41.73341702265175,38.622740300548735,44.858703274233534,37.34307170803941,36.8952049822374,36.73668501914858,36.809756768350674,36.40492007223268,36.11107159646365,36.49746331383409,36.270091656351276,36.57092847868091,36.51839540927321,36.53846487059301,36.3081460353795,36.352822927719565,36.809697147515266,36.32360084285074,36.68504569237812,36.562584483841285,37.01590493211222,35.6865784453927,37.258654324438226,37.47056502351407,36.621781649276805,38.134698395072554,37.54770741062514
photo_velo,44.906727987048505,50.879069897743456,45.30313777141559,47.35707848069408,43.520738035477066,44.339996643583916,45.102804806137705,44.74460028627873,42.11250173432204,45.61466144150003,50.08123006917578,40.25431987116791,44.23709652236177,49.06211921822013,45.142399389042424,44.14245763355323,46.18464147138385,40.53666832925398,40.41641243839286,0.0,51.76299763389918,50.878032087817665,43.49690895511042,53.25404684665299,44.391827984749895,46.25965822933971,41.514391383181845,44.997508546629184,45.370483927759565,45.60365385843085,47.871060041521616,47.34281833628988,41.64014995311572,49.12716997297647,45.667691072391,40.99439037172184,48.68293527285189,44.736240166332855,46.71689719967903,44.107720779137765,42.47560249238358,40.13273721052035,39.5619905105917,43.19928239858449,41.27258068103427,44.17744394685448,40.30584563798241,48.08973584295019,47.91873618773822,42.96484678041997,40.64290803913997,45.24460784727179,44.17716876015868,44.75118926601696,44.88504813176889,44.253634073239574,42.74374945382516,48.025903904820616,43.404621111884175,41.17455045995132,46.14324367110629,42.7812961315099,44.01372067098007,43.77601173803219,42.88802580910511,40.1271881853413,40.248697742571586,40.29746290211762,43.589973146985486,44.723978237332226,41.752808088047,46.90848735963162,39.22994907740623,38.91681573157452,38.960340750180514,38.94535931331482,39.95565295255092,39.69980509556262,38.931826512717834,39.37095689592759,38.936078644610525,39.75705499036651,38.20946580231085,39.930802879689594,39.44526216878413,38.66077061127801,39.12842966293453,39.03005511724444,38.74036832296978,39.18690830363979,39.10418339515315,39.461433102977324,39.202883640060115,38.714768941751096,40.97859548605948,39.61299301039225
photo_road,53.31432330288069,55.47688336659988,43.711611400638176,51.264663270559474,53.50001875807711,54.10420148953634,53.56465899923494,54.68234333929056,51.58740061907528,49.924913776217494,55.628274247606804,50.83330002392267,53.6807726892802,55.750965221291494,55.449082145709696,55.15568922530677,55.75812242317071,51.45889933707876,49.366472041214145,51.76299763389918,0.0,54.694202889037044,49.79288910284014,56.917939659725995,54.925310332866395,55.19066767403167,52.37604094838591,52.61196305105199,55.50863421458263,55.04247306982608,57.15272106353261,56.31499106382275,52.0141845826321,55.38816012888897,55.651516901723426,52.98630919178876,54.44695089306791,54.32337167596834,55.314348318264116,55.45293533980558,54.0905039332902,51.78248674022999,51.09975188633707,52.848565421348816,52.045130866913,50.36416473589952,53.02307121886565,56.18664604013091,55.94613041027121,54.91305603516744,52.967028809807154,55.89833979191952,54.175504178605905,55.23630669545809,55.267611454967906,56.211082105622744,55.3372966021176,54.64116609916804,54.9121231723917,52.71310637188712,56.37306075794748,54.73269804347456,54.81282430350573,55.48703510212149,54.53101190757774,52.68639699410721,50.76879634181863,52.23978093019383,54.811802504623564,54.87121025252932,52.736632472693046,56.37750636331827,53.16209250187888,53.10104063493869,53.17025702705223,52.18716450527226,52.29484524805686,52.24516157882268,53.08692540878573,52.21211939219646,52.873914985782335,51.64682675156776,52.48049332171062,52.27052445280121,52.022275108326106,53.177469779352606,53.138929730510746,52.38408519219908,52.62071868237255,53.427303264228236,52.030273012627575,53.564079596857304,53.59762917380368,52.77570450426518,53.135012767852466,53.96152489350426
photo_house,46.78466505935004,48.17272491822107,49.056578920207656,47.20180411859766,49.57193373114847,50.02612572177797,47.6670996477125,49.8108698023607,51.01596064107827,51.07102238384874,53.69109413383644,50.84303312729945,48.23136870944441,49.294475230388684,51.13729762113545,50.853068248428535,50.7663206693779,52.06329959799798,50.37875147696533,50.878032087817665,54.694202889037044,0.0,50.5388400915796,53.86494476885334,52.10787825701128,51.11674544671785,53.07831645994608,51.94541725161387,50.546589561053665,50.92811398917631,53.07025005001838,50.64879768945322,51.048611271253996,55.0888813963515,50.9492066682997,52.55020909789067,53.01455780387902,50.418011414452806,51.94891934478512,50.9316592731547,50.8684647586968,51.90960168150159,50.79995364355064,53.737809261989966,52.10224223029304,50.77052953113044,52.285794673256056,51.997702472177494,53.08255454648794,51.50816399484353,52.514534093722496,52.12250450204318,49.768279657456794,51.43128782675045,49.506913576466566,51.51681709631738,51.59628170981493,52.80089320953437,50.43607905542341,52.84722156643218,50.815048528161824,51.04468857854353,51.11688255942831,51.33398860147489,51.03473281828742,52.19034569956693,51.21471924188308,52.62188951385704,49.73110419530788,48.371437665899315,51.70454933460998,52.045309990637925,50.987169683101655,50.70880132609229,50.94101986197068,50.79215211862376,52.52490297230776,52.35540334541778,50.7855038972209,52.01682760202608,51.22085503794418,51.726669087118125,50.55595584653218,52.43944208589929,51.766970962386345,50.76848717540817,50.71272844175682,51.71974961875092,51.206350705623294,51.148846572310845,51.58121799714599,51.2522572656854,51.284184765197665,51.067994809993564,52.98005414465062,51.596191049098984
