,photo_face,photo_profil,photo_eyes,photo_face2,photo_walking,photo_standing,photo_hand,photo_legs,photo_bird,photo_butterfly,photo_girafe,photo_fish,photo_cherry,photo_tree,photo_flower,photo_carrot,photo_watch,photo_key,photo_truck,photo_velo,photo_road,photo_house,photo_mountain,photo_windmill,drawing_face,drawing_profil,drawing_eyes,drawing_face2,drawing_walking,drawing_standing,drawing_hand,drawing_legs,drawing_bird,drawing_butterfly,drawing_girafe,drawing_fish,drawing_cherry,drawing_tree,drawing_flower,drawing_carrot,drawing_watch,drawing_key,drawing_truck,drawing_velo,drawing_road,drawing_house,drawing_mountain,drawing_windmill,geo_face,geo_profil,geo_eyes,geo_face2,geo_walking,geo_standing,geo_hand,geo_legs,geo_bird,geo_butterfly,geo_girafe,geo_fish,geo_cherry,geo_tree,geo_flower,geo_carrot,geo_watch,geo_key,geo_truck,geo_velo,geo_road,geo_house,geo_mountain,geo_windmill,word_face,word_profil,word_eyes,word_face2,word_walking,word_standing,word_hand,word_legs,word_bird,word_butterfly,word_girafe,word_fish,word_cherry,word_tree,word_flower,word_carrot,word_watch,word_key,word_truck,word_velo,word_road,word_house,word_mountain,word_windmill
photo_face,0.0,185.89041122840646,232.80650398478176,202.3888725591065,185.65542925527205,170.74246586907108,157.32367800777055,166.8981059615165,239.3975864055156,230.07689515318717,238.82918926164564,244.6381487859481,206.22600702719367,172.06957321453282,202.11183049694938,211.96344052780753,175.10368948686562,273.9779724438675,255.1738568808523,223.05094516895838,248.8683548277606,190.69152830328824,223.73773791630202,210.11584218326834,189.15262073350883,189.4198603438938,244.8306778548576,222.46914273899822,185.10217635649113,174.60718643340556,198.24560256834755,181.7421864281991,239.71567501322116,243.83540964467915,204.21320758824734,247.3087821336365,228.9203605747533,154.84327755880864,199.62519646761143,196.08526588930584,177.69144144868721,269.60326806171537,247.44355900239844,234.02902326745993,237.49673901986486,226.8528594842254,239.07142291133772,188.2239432688549,223.54636796021535,187.30874104162456,250.6846579258363,213.3252211608419,177.12867643175943,190.5323739092097,175.7694867578304,193.9204608235464,214.6094376501421,241.38001546610604,233.29487039979597,259.15774599869735,206.76958508268953,196.18713164130193,190.85210121193353,205.9854001177515,203.04665066380713,266.14664321584127,260.88500152825065,244.88978365441992,195.438324853424,185.27097541961817,250.05237416346418,206.07894725039378,267.50182918315187,270.9819672529489,271.45458442191733,279.2713914680627,285.0443542623985,283.9495101241717,279.65258019030847,281.3108340276713,289.1353639109669,285.8667261929562,280.9444439956272,275.9648558099065,279.0728800298729,266.02444681468955,271.4836738576795,289.94539946039544,286.92273079116825,265.0217646261403,276.0473895090809,272.7486992905707,274.61472323993235,275.8781935035734,278.20357028206223,283.2712764244257
photo_profil,185.89041122840646,0.0,241.09717055442994,192.61365309442684,204.6559213957216,213.65278595658978,192.23104792066096,218.77038886737586,258.5296244564051,249.28924476608623,250.21117605561648,261.55466026830607,227.2933803486275,212.88025061753987,239.99029062521382,263.4958651247193,236.87985565479312,285.92358225397084,270.65297712379777,244.49068092620766,251.37883430657578,175.61135363898794,235.19141061115153,205.4309506235989,212.146595332206,168.68418239254095,252.6609700880197,228.57585536389035,204.92128892325297,217.97721781012046,222.48191143148145,203.314934956046,252.54384497184438,251.4570185032837,235.9083822350141,260.45044658380755,237.75868309863048,216.5713010268,213.93860924645932,236.5201866968436,231.3910742185972,278.9150967564777,258.547379979319,244.2980741173373,250.88464415334866,228.47149404146612,249.75279340839097,215.80151936741993,220.6778361170091,235.43299401303332,257.13664277730226,234.99736074905783,210.13971580474092,220.9450012049359,211.78552114709143,228.07580896593186,243.31697003203945,251.29152070100707,254.87229067728776,268.6217783924758,221.67641084491603,235.06339689748424,227.615410550418,245.77686381681946,244.66718058794393,277.02170570391377,270.81505319160743,250.34307969706396,222.0319695900169,193.10397630108938,249.67140506289738,232.94298288640073,281.9277593291543,283.0153742715592,281.44463760845923,298.9849331203843,300.56080074615943,300.2524826222183,291.4429761809016,296.65634404064997,309.09767458585213,306.597212666652,298.8483235706469,296.9512575604108,295.5663633791153,280.30868549173636,286.20579484041053,308.2304113101833,306.48043500797934,284.891634289097,298.47752696169596,289.5684842579377,291.94024927000453,297.2313129050835,295.9895588532634,302.40682410122395
photo_eyes,232.80650398478176,241.09717055442994,0.0,218.8257629964418,243.14711926349145,240.8014934468849,209.52023922491864,233.5700306277282,220.61360017380477,203.59723361185397,240.17731934713603,208.597659061009,255.56527320397646,232.56790928972052,256.6113907647562,281.21364142779197,258.1002979388789,240.41242857831435,207.61876616843463,208.73664291285402,143.75158571786403,209.36469788774338,222.002102584308,217.07844510535807,220.38273064984185,215.3485331177782,202.63765513256703,178.2097825240864,232.50014532845157,225.19178943735866,227.79964202094658,236.9446007562149,226.79744234518728,220.5897672750421,247.4439088890097,208.62784796664806,211.41455103714014,229.32437581151706,226.89032088875737,252.54569364245882,258.0726286803073,225.02270928788138,192.10162770031,193.22423967217594,202.8757308438923,149.02898345319838,215.24684053642122,235.72382520684667,220.32781221072582,235.238472044513,208.52727437044226,238.43656958930686,229.18276731076995,243.28489144396616,234.43120573074208,251.79020051958548,268.47493956336353,242.57226073669435,250.51140618392571,213.84214269851182,244.22385684044696,235.57967565038692,236.33477356321856,258.56627162944983,258.63573227735964,224.04955639630248,197.54040712708067,191.54067986341127,258.53958815085724,227.52200408440677,242.00796705374526,254.05948898045938,263.8896224559304,254.765175041321,262.8149713527776,265.71925324114227,266.4864621118521,269.14888980909586,268.43606951689287,265.6815243398011,270.81349988181256,268.4402476417587,259.5459564682605,256.83135319085295,259.58574659354565,253.3371521639008,259.70027208289446,274.3412738132981,264.0040875877909,268.9051845929075,262.5217562168347,272.01836351380894,270.99442306756634,253.79700743432693,273.97996455541704,279.11003191691833
photo_face2,202.3888725591065,192.61365309442684,218.8257629964418,0.0,223.4200534187035,225.40053700528776,209.1249027195853,227.1771058120132,236.54362181628514,225.07513658224116,243.1466429753305,255.38458628762496,239.57625313794367,220.95943668072778,256.49320858314695,277.7546151003797,251.16031978407,282.6028394436162,252.35342304655015,244.06237399233527,226.73992215087878,194.25967832910024,239.49893849241292,203.3284041619044,212.10932289783472,198.42757331331498,251.8072858015034,209.80379551303528,217.90814855908226,225.63928652158754,225.57739141283696,218.27744967714392,233.06158261702427,227.85243108696648,251.01991881326506,252.50829281854038,231.24056606805604,230.52712167935175,236.14280625774398,251.04643578768508,247.76526409339706,278.6367136359427,251.15754496522962,235.58654562413844,254.62642417768618,225.77214123585077,255.0561307148121,212.0044348837404,228.3499136424362,239.6367919909519,252.01019532375926,243.29707374250816,230.0012722498592,237.23223384708206,230.07642852394244,251.57046660110447,262.4674059043188,230.81673262796303,262.08086834792334,265.60449125823345,243.42886822311112,248.49446139126306,243.94835619636217,262.4690770041772,268.2232184329079,270.02619056884555,264.2721042608093,252.38502569798186,238.88297402224265,226.94853542332896,271.2282433029067,224.12534135082294,282.72109029899514,281.7959213965868,279.92216002847334,288.52624214046773,292.80599859131684,292.3096633289128,288.5986321287775,289.595158739376,298.1073608065845,298.8086859469373,288.9347919357647,288.2643186621289,286.72585969879106,277.7006626096475,284.57772681787145,299.95743255531437,295.16416936244474,285.738848364266,288.4443517018625,286.7647324908087,287.8780946151868,285.44804916536583,291.2872391628245,295.4177009659792
photo_walking,185.65542925527205,204.6559213957216,243.14711926349145,223.4200534187035,0.0,191.10930673066161,175.74927811565396,176.26376740379627,248.94670782803485,243.40678556851134,251.10203157719982,251.05281319226052,199.81893117143792,183.0743903067146,224.26945006787682,238.41284765769822,214.8077384189449,267.4929790299482,272.4364305461381,237.98057104898427,256.49247739140964,214.87353294071255,232.07371952333185,224.7722162941726,207.79320168307095,213.9998665201186,241.798383568149,237.3364533975262,153.70560113692656,207.98698987820484,216.35040420766683,192.2537710718404,247.05860932873097,253.29795211750397,186.5701890923123,245.2484930979305,241.7114527245106,185.35352831493137,225.56121695746756,213.5577781031864,219.22949059916849,270.69742821911416,246.43668277890913,236.07022254727522,247.4426790451859,224.70091713927792,243.1338969640714,208.39817435655573,241.48863855413276,195.6113879398345,252.17953225352645,227.73198833488766,195.2002079471066,213.41311550814532,183.6983619979734,206.07011504043598,227.04813373096218,246.93788798564142,225.609216979707,258.43704891847835,204.89815881578468,205.52063839652217,230.67548728775398,225.11827265310478,219.17728260391266,272.17264554714444,267.91501327277996,247.0596014657674,226.1810944370596,205.72098586666777,263.8813138645631,223.05876703862427,275.6822977870252,275.1619992559846,277.27439917105073,291.60333517403905,284.725854160134,287.8298935445288,283.1396581512558,287.00454441437404,294.83227389366834,290.95255534041513,287.6971093332037,280.1229171181166,285.7675429875387,270.8293636231306,274.98901961372434,295.96904424426384,292.1697051821474,275.77897580868944,283.75539694115986,281.10244957296874,280.0671257309902,284.017223131739,281.3963521221114,290.2734020095408
photo_standing,170.74246586907108,213.65278595658978,240.8014934468849,225.40053700528776,191.10930673066161,0.0,174.5138622911162,152.877629898447,237.19264823193325,238.92028450179782,247.38920547418584,252.74157440318425,227.89062968384047,183.55408011119002,171.5016789308375,186.84540886217204,195.6585965422482,285.0754275341541,272.79124385358136,237.4556471312972,256.62552817130035,214.65359508325923,235.90488057079577,221.9830464487849,196.56200975133143,216.50508493621746,253.095122334315,219.0571096145424,183.9219367074123,169.68355813567112,205.1473120897402,185.5625395173211,232.09591329719007,238.96030798349315,198.70926540762784,253.7587688580855,231.5173756678725,171.98389792141987,190.69516785969753,160.65519111897112,187.42862929453455,277.7573187040909,251.34630383532738,238.96230804560045,236.24588757995963,233.80662845731322,233.08486775746857,212.204254109102,226.2190380499824,165.69967997282356,249.82544409597452,187.04946650282366,181.82210466908518,182.73226722893273,195.691493238539,184.34098405040592,192.91949280595412,233.29051858463325,218.27335438772187,260.89224490822187,218.13073192607285,189.05013071850934,177.3973300968386,178.4995133043245,191.09492212349468,268.9584864048874,265.8207531848418,246.94852209333905,212.29294128160117,215.46767706576583,240.82242362144967,210.86200071902712,257.7510223520049,261.8326482694405,266.56046773701456,277.01859332169397,282.64120417804304,284.4326353338161,273.7679151707448,279.5776216149089,284.12553234649374,284.2143845702383,279.27260361509383,275.385470767943,277.2395892323351,257.8283405958229,264.5039829395841,286.7202205832976,283.9266852323679,264.24478405545125,274.801947052486,266.2343808531484,268.01217513201817,274.5844350495295,278.3849900255547,278.01141142600073
photo_hand,157.32367800777055,192.23104792066096,209.52023922491864,209.1249027195853,175.74927811565396,174.5138622911162,0.0,168.51931938580333,249.51630430857324,216.99215926204417,238.28266559782716,229.5621503413742,185.24633029717398,159.4268962547915,193.7373385746927,222.8597555713539,191.8964413338142,270.02108378907974,246.05010131990028,228.0511542665704,227.50451955467972,180.21647698928305,203.05501887175012,194.57470477400446,191.02332771372835,185.0299474998042,223.41230316830092,207.20022347215826,175.0717040441486,180.6487713635332,185.90407957169435,187.21548326766026,243.7460058046852,242.29913746191633,190.44251840984515,231.15006298551236,209.34198383671026,156.2563421774557,191.7868774055009,192.06298046487254,197.76155598244654,261.2796965337692,224.40670789129706,217.61548286371607,216.24005356842707,203.58537791980453,223.4495199126654,187.20036011959178,230.68153197998708,188.96736478779565,232.98181604786475,206.19640586488998,180.88314846729193,208.14267121809377,181.17187603826883,197.631898569383,222.144965312202,234.05036343925,222.62646487514968,245.24960399026432,205.72451761956603,192.3922565020829,194.97601510064663,204.29650688919216,197.68644905307713,260.66556361017115,246.74530232233755,227.88915658304106,214.83317659245716,186.16178821613488,238.76053027336965,214.94624438398972,259.2215160075173,255.35133521381601,260.82264458001686,273.93932342092654,272.7372710753991,273.87407329224254,266.9874370077156,274.10752150889607,282.6783645611087,279.87184783036713,270.9841518585405,266.77521047078716,269.0253927137685,252.94979815619402,258.6198063359572,282.91862459409066,276.56729626648985,255.66005124793784,269.6770733590036,264.9949176766587,267.2878597259291,268.4722197238937,275.5086401145952,276.85692954481254
photo_legs,166.8981059615165,218.77038886737586,233.5700306277282,227.1771058120132,176.26376740379627,152.877629898447,168.51931938580333,0.0,233.28686896097827,231.62658567015455,252.3106579870673,236.3489386224945,221.91179785089147,184.73568384407335,183.14387579400457,190.83963926847122,175.18657508334007,266.57062098779454,261.63470761583045,235.47602865700256,253.17880903130992,214.61983595879656,235.07679126918998,226.26770404671066,200.21743476988175,214.2230009943803,237.64269502754144,214.89098175466373,173.27661197162394,172.83307866423482,205.63494981970638,184.36671334173514,228.09428921437532,245.4362274540445,191.86020094915966,240.40286497107508,236.38034245915796,166.87671765062933,198.45181472489318,171.95501714813588,177.43555580661354,264.46901582870095,239.9477095638682,228.42268258972985,231.50170697069063,226.6483657339478,228.4213287252701,204.66573104185434,232.94259733735737,155.26648852075843,237.18452631858662,200.8064223309281,173.23615636004206,178.71650424434716,183.9201277603145,171.2858457289505,198.5903240520499,244.70116613649753,225.1535861100044,248.61775363807507,207.5435177417269,183.4931311878965,176.11813389582372,175.85099303777764,185.5371101279009,262.38510908180626,256.3263723031227,234.03693472990534,209.78438157101456,205.2897497358856,246.60358852977808,216.39770373650867,253.33372028103636,253.82221581021153,262.85096881497594,270.6036311830271,272.05889460854013,272.1557035834442,263.3617758932114,271.7119091092602,275.157420064236,276.61805081080206,265.7657514111634,262.33313865413663,268.5899407787966,246.65349120974875,253.19462086235615,280.96945297094675,269.21191029184007,258.18689899107306,266.55740908464475,258.0807977288697,261.3569542497075,261.15300507431135,272.4363978780358,267.95660452965654
photo_bird,239.3975864055156,258.5296244564051,220.61360017380477,236.54362181628514,248.94670782803485,237.19264823193325,249.51630430857324,233.28686896097827,0.0,219.44657281357598,235.0266460080804,177.10444559111863,261.0291857102511,235.06805031906077,239.21190170933258,243.77548855302354,241.13510934804603,221.95422899404042,229.97584592774643,210.87196151439232,226.22811749148778,242.85104566580384,232.2766429471578,252.26296911991426,229.8768067653794,249.40632718298414,210.39048239401313,209.07153592136953,244.1513674933697,232.18155190306985,254.44992088002942,243.9012446790137,151.10847228596876,246.83531957014617,241.37362547595635,191.8848805858988,249.9224140001141,239.62975524465824,234.01021372158706,233.76519794068196,237.41153924200634,225.29776474561857,219.53096710570594,207.46840618878875,195.3968974274022,215.8415268743217,215.66336452433208,248.0226172130172,250.46611725430208,229.0428114471475,216.40074011280248,241.94412025506514,238.79983848166398,238.32377981777645,248.431073858746,246.38119098756766,249.39104247395989,250.4206632447503,247.91293009087232,215.7226800180447,269.8395092331514,240.9893581473512,233.67083052844413,239.49550763833125,239.4860186219349,214.74296625976717,239.66845615524178,217.20053416397127,256.290553194565,253.2738256778815,244.24309400179214,257.05306401368665,225.47733371729,218.55799377165124,220.68972228438284,222.11049397898623,237.8712455421449,237.69634638961142,229.3968069560482,237.95108549613064,227.82577909331545,230.44295819964907,219.304232437926,228.35209310188216,225.83605167788406,214.69917149204173,219.66166377234524,230.0543340314955,229.8856251339728,228.29548567388176,223.2790521238915,230.1860405218917,228.72516193924713,223.31715115918004,241.44415231078796,234.35501456107178
photo_butterfly,230.07689515318717,249.28924476608623,203.59723361185397,225.07513658224116,243.40678556851134,238.92028450179782,216.99215926204417,231.62658567015455,219.44657281357598,0.0,244.3843491436295,213.7458011438961,230.08574836278063,218.1800330583048,245.21526127542376,262.8074547483846,245.3009397658237,248.00268018081655,221.43129689897154,202.65150710351895,205.8393682503327,224.08950546693228,221.96400113495727,230.3166799509084,222.7074345758837,224.93112112469007,227.51840431981742,181.87174240332072,234.9091970444446,229.90412337287853,241.3334280461806,236.29981902261335,210.8432745967441,222.14017357209076,253.37152814795718,208.71060051282169,223.7556529524119,225.8856146317576,235.25013821230803,247.57940574773522,241.91402853843883,241.92724974983494,201.733869160111,208.0742847584576,225.8869456967004,204.07980812510078,218.44600383549326,219.38926204081437,234.71231736587325,238.88031003760975,233.48905164243374,240.11848858028955,237.41785365333658,240.32626884762078,236.06886630354654,249.39418709424538,252.40964197867848,241.58572366176588,256.52753073048046,229.80819414265713,258.88207508708365,238.2889749060468,243.29482563880947,252.142414712494,248.16979683688587,238.95295245469492,218.71475789890172,204.79925691933724,259.6948165038784,237.3511425961188,240.3603730340344,246.90100990482827,250.76210676014068,245.84828678336623,247.83007928806492,253.22885692333512,259.83052508757316,259.9057821236767,252.90483061264254,256.21269803686516,261.1318844260595,262.94919506356314,254.86672608810522,254.48562645597153,258.125151365402,239.25426951099269,244.1861221219888,268.0450806380053,257.61647581021873,252.2417382184384,257.08281388617024,255.49225209925686,252.45085188788164,256.17524466752116,265.6947115811013,260.67671557672946
photo_girafe,238.82918926164564,250.21117605561648,240.17731934713603,243.1466429753305,251.10203157719982,247.38920547418584,238.28266559782716,252.3106579870673,235.0266460080804,244.3843491436295,0.0,239.66956493010935,268.74302828800126,238.89512418945952,254.39998749485306,273.27609912766144,263.57192218913383,270.9570355535831,260.13086818685355,248.0113580167654,244.57901071443897,232.83210108467082,246.04592325087683,247.2748517178946,235.48428217788353,241.21169136433863,242.44367596000637,236.07939231321174,242.65468433330028,245.14943003817945,247.8911924346325,242.2166848161818,257.540811518027,266.9820090600907,232.20191595135287,242.97093343320995,257.0143613987469,250.30299409287906,252.46779517500866,250.54765752696227,261.1173554422303,262.4883026154627,246.10318682824735,231.9085741450033,241.1004332092407,238.31424156652108,246.82413091712434,248.6360898209372,265.07839687124806,259.5552008448471,244.88358146605324,243.53892426227378,249.4447754356581,254.97966703839117,246.78060874003782,260.6911764661556,282.93986140334687,266.01940568424965,224.37366450999323,260.35883172399355,262.76008763262365,272.58458962260016,251.84144481179214,257.68032560414497,272.8742774675445,252.3476832138288,249.90980017949224,240.13298574296456,257.38683722385065,243.77643072950283,253.91337346070742,260.8422099306174,277.35011517920117,275.01395099146583,279.5370926409691,284.45352760495126,283.31661963769915,286.7643731122482,286.2092611155805,276.19009864921156,285.85067512460444,282.2561032214277,282.3321977026201,276.7181724609629,279.7230753387171,270.81595401817566,275.6213918626123,287.44481831912293,282.30528818340133,285.5809518592729,275.66380065335665,287.0016549214957,284.78082037052513,278.39503881111926,280.62014050241544,293.27657187309313
photo_fish,244.6381487859481,261.55466026830607,208.597659061009,255.38458628762496,251.05281319226052,252.74157440318425,229.5621503413742,236.3489386224945,177.10444559111863,213.7458011438961,239.66956493010935,0.0,249.67849886248726,223.2508629203048,241.13939610852773,245.33577744472123,241.9855274123707,175.28534491755858,187.8943166407546,181.26966524339653,204.78600435678993,246.42748219222463,194.67978762135704,258.29541298232834,222.5409855553646,251.49295388500377,155.36833354900014,222.07627696178665,245.14194265723853,237.32737709298684,260.75425839961133,251.6374911830428,192.34882003146222,253.24664051669012,239.30343109799222,148.71349949832998,224.7977042686176,234.5487495798709,238.0050290491501,238.15390594680517,238.00451891836502,178.17333325206513,165.18994223060207,165.0340865705809,149.68459512257414,192.395213850651,164.84069383371332,251.84425747621918,244.32638100007338,234.9394519359892,186.09107625023742,243.63749358555316,240.7999256251415,256.0206600299458,242.66911533411684,250.1157504609866,250.5890888776316,259.13836935117365,241.10973490855395,161.86814731871075,258.8901073451259,226.56469823920787,240.81821704590095,244.4328780869166,236.73058584606284,175.71747992970597,193.26893755502203,175.45770117675193,257.92120732599443,248.5677949303373,216.86062640727255,261.3007285528075,192.38104935245596,188.65673999151832,192.0440740681463,197.42451225146652,202.62051903252473,205.14679069248405,198.06264698374503,199.50164506956523,197.72473635974004,199.75565547361342,189.7183429235565,194.737502367113,192.05368233046863,183.55054552749883,193.27894243007844,199.48829256494633,194.80703315907013,198.99732598283086,194.03074007264198,196.89271569114283,199.94789700952467,189.12889192145988,216.04707852919313,206.46426526416397
photo_cherry,206.22600702719367,227.2933803486275,255.56527320397646,239.57625313794367,199.81893117143792,227.89062968384047,185.24633029717398,221.91179785089147,261.0291857102511,230.08574836278063,268.74302828800126,249.67849886248726,0.0,185.94861518004777,236.14486523897162,242.70571426900867,221.74252572851898,280.7677274385268,267.8797554702894,233.96281641417767,267.94497184586226,232.72463615035548,213.74711944623422,230.7949114275633,224.64241062669143,231.87573116175324,258.1023901777773,241.74381886566937,216.18197715818746,238.20201477524225,255.898698631148,227.2333861851503,260.2716411255546,259.8746955016708,227.9491228457029,252.6792980170575,234.9165920188935,195.95531225366057,246.75801233057254,225.6211371691743,226.12035505077688,269.4352668232455,245.3580428450817,242.95296414843853,253.35472429987533,244.56027880401444,241.02112298034436,217.14695046031497,248.9234059669688,224.8214935930475,275.9598227821327,250.2278052113311,228.42816477299556,251.0081551945425,227.0752235807205,240.89653706622693,243.67006646202742,246.067693232625,241.43134394765417,271.10321721843735,226.5525706167672,216.79289139909665,245.2020774146162,239.65228619624094,222.74755813286492,271.147405655721,267.0443177735413,253.81254811327025,252.66862051999894,223.95443233564941,257.60541892315644,241.01795473270934,254.2681688777045,253.38168756843095,256.6700485371313,269.724698565138,275.4354442925041,278.3907893514723,260.9588962090997,276.83222545280074,280.24782943573405,286.2102947798172,271.30645778846656,274.3348390785538,277.0577398988995,251.37368747078563,255.08117471497744,286.8282497540979,278.3020674336327,250.76436286491068,276.06317987503604,262.91656686683564,254.60495669702254,277.6399450819757,284.2873240470952,264.50981933848925
photo_tree,172.06957321453282,212.88025061753987,232.56790928972052,220.95943668072778,183.0743903067146,183.55408011119002,159.4268962547915,184.73568384407335,235.06805031906077,218.1800330583048,238.89512418945952,223.2508629203048,185.94861518004777,0.0,202.902865820315,220.16816040020933,177.39733451978037,259.92999924846794,249.58026223157108,215.85659155415502,239.84964742960514,203.70940946221725,198.86963284124118,207.41466096648887,179.01407335974508,205.8360936071826,224.9363705120399,214.69016015562974,181.50642038258036,193.95590430989967,213.49429064901085,179.68994569982743,228.22434952070012,250.41775200341354,199.68402314517806,221.34116134710425,216.56896610528804,152.92904800683218,214.1863357656189,194.71316803940843,182.47695023832165,251.15134327830918,221.03108575565125,212.01499491490293,215.83637360363207,213.73461476326653,205.93936692909517,180.90621822479426,233.27667632197227,184.71639225272943,235.47416373878582,204.50215463524114,191.94604266263525,206.0422496518725,177.32261728998768,197.24129019231148,203.90084795139134,241.23801253727643,224.5459104106018,240.20065936789402,204.78521300615606,181.1476333677563,206.7935820716032,210.44261301532535,190.18015446136502,252.06504342488378,250.684243024591,225.78711152109548,216.7598334437598,190.4626887948052,234.27897131127625,187.02203646111528,235.9290343527323,236.36942058078395,244.2238049003366,260.03782712062537,261.9251949817485,265.79504927178994,246.34735551655342,261.44671173702596,267.2392414563555,268.23193540334773,259.74271407167413,256.5204027949321,261.31427954068545,237.8807924932424,243.02712888919984,269.0432893140778,266.72179818013103,228.8212361480744,258.5728869085675,240.42300028050298,247.5904909470591,258.87165347710203,262.06566805046225,260.4012559456609
photo_flower,202.11183049694938,239.99029062521382,256.6113907647562,256.49320858314695,224.26945006787682,171.5016789308375,193.7373385746927,183.14387579400457,239.21190170933258,245.21526127542376,254.39998749485306,241.13939610852773,236.14486523897162,202.902865820315,0.0,152.8054851948342,185.05353517610888,288.26274489107414,271.82545240743104,245.2241284116887,271.83945144037483,238.06362384549897,248.0846019720955,250.3657979596928,207.8124824328697,237.6392756687186,254.63362056705859,231.90579710138974,214.77401615836317,190.84349386908752,218.360797236997,204.9339955380909,239.25769915611858,251.5593530526255,194.50569619984293,256.97603372890194,240.3685430256562,174.27447027860006,187.9365259027947,141.04365549284,186.42138587618467,277.3316687465012,252.9687366968182,236.316342159605,237.7120790347006,247.56470416387353,242.2860298719274,239.77010096741597,241.421457605372,163.91684749830557,252.4338026796682,202.9684855657032,198.90351192423844,200.9958953834417,218.6167402952251,196.00155142996573,198.65429997511657,252.31433341708944,227.8032175314869,259.02387457378535,236.13670611399596,202.23467414931753,168.7022518516685,138.24300876047337,177.33167845706626,273.0864383350865,272.62687198673865,243.281621499882,221.42752924232917,231.54316131144753,233.69647863899735,233.46727462828457,249.1409117619344,249.99729970989924,252.80042731653856,266.70362972080966,274.0993150052707,273.43264928211886,258.19606469876146,276.4621591810605,269.77364540446695,271.48951247603236,264.8211222962605,264.95538945425125,270.352443350051,244.67310027465135,251.544407508763,276.8783082821547,276.0756326070819,249.58352347420254,267.6073793062303,253.7296024148697,253.18155077653117,271.1872140285971,277.38255275827726,264.1292716805068
photo_carrot,211.96344052780753,263.4958651247193,281.21364142779197,277.7546151003797,238.41284765769822,186.84540886217204,222.8597555713539,190.83963926847122,243.77548855302354,262.8074547483846,273.27609912766144,245.33577744472123,242.70571426900867,220.16816040020933,152.8054851948342,0.0,186.82688562221747,291.17839256846503,286.244111651756,248.03220045977315,282.67631709948,266.93234551972387,256.96568910331706,273.80405345000804,229.5246740248402,262.35486970588346,271.3897415213007,263.2017930033435,235.4483205374961,204.4411829751445,250.11562916915238,237.23906641172226,247.8901286985399,264.436995655944,212.09042296547713,264.80548236682,256.74252492339315,188.7516350644558,211.24181470493332,141.5260193921618,178.84460774380028,281.8065444240692,267.2924718770469,246.07918983761914,244.3616210069896,268.4313659287239,247.13254685531996,251.16855180302693,267.1396098715952,166.19794269689703,272.313625156816,220.85526204334658,213.45325679203873,214.50005994186813,232.2741757297938,207.55157923184166,195.9208380743666,268.51046184348024,241.80372772671765,271.8189310595648,241.1009593704107,193.10390236215017,182.91528651865264,142.7948902291059,163.66622449569724,278.95445090815446,286.40315573668505,261.6030840910801,229.75917750367455,244.7383397289645,237.18013478176331,250.83384037264258,230.8001030407682,240.03883570774445,239.56269310462312,252.19769678976127,264.61794729057345,266.63769118048515,244.4448000525994,269.3322367361101,256.3166641615096,255.7261921629087,253.48746689136726,257.0867378825533,261.37761420221887,234.10205816843646,237.3899384847699,262.8932706146371,262.3374820182241,236.35491995575643,256.32583325698124,236.01364410495577,234.92706054041153,259.49162816190403,265.5608490773666,243.6039844408304
photo_watch,175.10368948686562,236.87985565479312,258.1002979388789,251.16031978407,214.8077384189449,195.6585965422482,191.8964413338142,175.18657508334007,241.13510934804603,245.3009397658237,263.57192218913383,241.9855274123707,221.74252572851898,177.39733451978037,185.05353517610888,186.82688562221747,0.0,277.76899957786964,268.21453638313903,229.15572964030616,270.929524251098,237.58096709593354,237.59284944096353,249.16648430526163,195.30378315969085,235.46602878094163,247.38264482756105,245.7376689182248,204.2756203884866,186.64539878913843,222.37166761384742,209.7313753536561,238.56143936162684,266.5914815986787,202.07811093725965,247.28589168191027,245.5980694740439,158.20541788058156,203.76100817893382,170.69710454797078,139.1998061352488,267.7476754204588,252.1790352643764,236.08479100314577,240.38577689180508,244.7315061104171,240.86012084922817,218.03111418962249,244.76997552355604,167.07044393052368,247.09352115582155,216.79646384666887,182.68042114425324,196.39781705514272,203.6949486822431,186.55553613082216,198.99925341787616,253.2083089871042,234.13665154283515,250.3882284632219,219.05673729429577,183.10426478667563,180.14694335480175,183.51329619876054,151.98877132552738,260.854602449584,275.0985902154243,241.14538437886824,215.09601079610894,215.42344412433462,245.05622438376568,224.99281253649232,247.32606553771157,240.94568887026026,248.08410323882802,257.0402303986569,267.8055626451719,266.58723852038247,253.4062330166866,266.7343878463121,259.34102853780155,264.04389495762916,251.6110629355741,258.28359200541786,260.79115148423244,241.3864235924743,243.37029224114337,266.6136814967942,262.9562849998221,240.31266634314085,258.50049815520936,247.07251483481008,249.6307179270187,255.54820791535715,261.57389170893185,260.2996655816261
photo_key,273.9779724438675,285.92358225397084,240.41242857831435,282.6028394436162,267.4929790299482,285.0754275341541,270.02108378907974,266.57062098779454,221.95422899404042,248.00268018081655,270.9570355535831,175.28534491755858,280.7677274385268,259.92999924846794,288.26274489107414,291.17839256846503,277.76899957786964,0.0,226.03805543667184,216.74681879635554,241.92510194442164,276.8870420227483,236.39856871813438,285.3267424902938,262.4367628300801,281.93062666689957,165.65621577809557,252.79667867604303,270.27928862956776,277.4938455287281,291.4967728993176,286.4893093695969,233.4474074746301,282.6221902459684,277.25074337248236,180.244562706054,260.8370489752504,276.5170351291328,280.655479678446,285.59892424534604,274.4667978727788,136.33614251270362,206.33575051511028,210.21279743078205,199.9433099349726,229.127566880496,202.23774791742338,279.12750426024934,268.2396707364753,272.51678760242123,180.78838369114695,276.1096158354141,280.4484736736085,287.9790832524739,273.764633175037,280.7608678622569,279.0415066776397,282.45170572133185,271.44343913326713,182.716023040199,287.5494636227048,267.1710719514072,276.5018777413675,285.9046578592736,284.4294049799583,156.63496373072317,219.56235394217128,208.00694720685362,286.4922411220071,272.72125481234053,253.91585384606304,287.181586537898,229.07518939787917,217.92435160773647,221.39687693313576,219.47172935761887,208.68815519162285,202.7844262887597,230.3147679649062,195.392778803024,211.39220222389122,208.86706137049143,206.18164817308215,202.8869137895755,204.35364634066428,208.57004888103125,219.30117850956998,209.33800784431986,211.9384919492268,233.0592625591565,212.35677933452934,232.78513621909465,232.48915100376902,201.53110973038218,222.13167700015129,235.25808211704955
photo_truck,255.1738568808523,270.65297712379777,207.61876616843463,252.35342304655015,272.4364305461381,272.79124385358136,246.05010131990028,261.63470761583045,229.97584592774643,221.43129689897154,260.13086818685355,187.8943166407546,267.8797554702894,249.58026223157108,271.82545240743104,286.244111651756,268.21453638313903,226.03805543667184,0.0,203.05289842192923,211.92160332317027,247.38598189735706,217.55345133106292,263.60940157039124,243.09894551717315,249.60088742853074,200.6928734588708,221.22839801858672,260.31711619357947,260.83712987498615,264.62286725945916,271.72088159490744,235.56207966726194,254.8522916753014,273.69888944236243,195.65889734975732,242.86571631760447,255.574691543402,254.46938167963773,272.4754756276929,266.38509374556145,226.3462159271138,159.47002708843377,195.8122671865376,195.85512345276078,204.07548350138052,205.41175437595393,257.4356876767553,244.26755585318944,263.54605920386484,216.01423498312977,265.26426306645595,259.05543085047736,269.15423232018514,261.4321986486732,268.5086891485036,277.3245961751941,260.3561664948016,268.0973490927598,207.0483409439632,273.29457055315146,260.90016624993433,264.1979939058812,270.2881543261141,272.6107367678671,217.56594833441915,169.21408017055577,193.64946555819492,269.56806728131744,266.6533622533265,246.734733538554,274.14805719752746,251.2586369182463,240.92975284008764,243.69222871246978,248.16910122828327,248.01371745071134,242.6757863369151,250.5719709561157,241.7811879860888,250.67475005425942,252.11879262254817,251.39984685744056,238.95059788806543,244.4615859778286,240.64112784442096,246.90823172752545,253.04528931391854,250.80996377867748,255.34944555164415,244.53642460240803,255.03926226022557,253.88952989704933,237.41744342517114,256.6887005506479,257.7976778965254
photo_velo,223.05094516895838,244.49068092620766,208.73664291285402,244.06237399233527,237.98057104898427,237.4556471312972,228.0511542665704,235.47602865700256,210.87196151439232,202.65150710351895,248.0113580167654,181.26966524339653,233.96281641417767,215.85659155415502,245.2241284116887,248.03220045977315,229.15572964030616,216.74681879635554,203.05289842192923,0.0,210.0163850614555,230.74856021963217,200.18910275232244,245.3934638185229,208.87011281080456,237.36346123816406,200.88764757958396,213.82556852344464,232.56081438407375,231.2361860819553,247.23508469434432,248.926665480834,217.9720415855187,235.1443687535998,242.96538837539998,191.42543664409732,209.82853625694153,227.85367952820337,234.4819995534342,238.29811166028227,225.22345134831554,217.56762569089497,183.39286156877412,166.19718485772555,192.48158166517686,186.30584530184308,198.81984614029778,235.17945741159332,229.07379095180414,231.74100754689684,218.72776624286024,244.91196508947414,227.09542015382576,241.0304559621485,236.93961390111696,248.2220033089092,239.17018573362063,240.85308412313958,244.10618626176074,210.86396426539378,249.24016804711613,229.00686934243785,247.8822171237655,249.42752049693817,234.80776530801123,220.68890235752693,213.93157929865365,177.35464217176815,254.86456855938775,238.89032469729148,225.49371895268993,246.98872006455045,225.4331914214783,222.6312193727063,219.33323751022607,237.08458064055003,244.76920466295624,249.50950411353062,231.4749018934178,238.3623995889256,239.27414452792556,236.80949746816773,228.16003000899477,240.2179018948617,237.85681458755934,222.50003332249443,226.7280858001082,242.91316346192204,243.14035588197027,233.19976609463427,237.35477786565642,233.09950378355035,227.40900829905672,231.79408096690594,247.88550814907597,235.79039540051923
photo_road,248.8683548277606,251.37883430657578,143.75158571786403,226.73992215087878,256.49247739140964,256.62552817130035,227.50451955467972,253.17880903130992,226.22811749148778,205.8393682503327,244.57901071443897,204.78600435678993,267.94497184586226,239.84964742960514,271.83945144037483,282.67631709948,270.929524251098,241.92510194442164,211.92160332317027,210.0163850614555,0.0,227.48640712269327,217.82650208285023,226.38416642433774,229.95392409264278,228.8954322091846,209.45751434336592,202.81346919284562,246.5495094729085,241.21353832720524,238.93703601283158,252.46080804087458,232.03676630163702,233.07279366528803,255.97063250113115,204.67460897656878,222.99816696551105,247.38819341225596,236.65951801106195,266.9195175976388,259.65986546603506,224.39349493602157,200.55837439715688,200.25363684774828,192.81553809761613,163.9554806548582,210.1235795073459,243.61051353723207,240.03863545799692,255.48429006054894,225.47621573959296,245.29815885057707,248.16239317588483,255.21545374789486,242.22202776247858,265.0476803589658,267.12440473297585,252.06749424336357,257.8037086561878,223.51801104854087,260.09914890893083,246.64630982858125,250.97556286328495,275.1167277507378,268.08915120070407,228.85268362493267,207.35852011420172,209.43528520082168,263.5596931147364,237.4426193934172,239.97101392286305,255.62764570948005,253.63591950500518,246.28462613178544,250.1277333969003,255.1026812420563,260.77734274408266,266.7619184489523,257.5201185617135,256.49205817354675,259.7122968791741,260.9140440084171,248.93253677494098,258.43554506580887,257.178198268965,243.56965189649284,249.59989465130755,268.5343007340271,251.66353855428528,258.24207490834044,258.33838020643395,259.13695980843966,259.3416748071803,247.1767602533612,266.2956235656429,264.9173736072984
