,photo_face,photo_profil,photo_eyes,photo_face2,photo_walking,photo_standing,photo_hand,photo_legs,photo_bird,photo_butterfly,photo_girafe,photo_fish,photo_cherry,photo_tree,photo_flower,photo_carrot,photo_watch,photo_key,photo_truck,photo_velo,photo_road,photo_house,photo_mountain,photo_windmill,drawing_face,drawing_profil,drawing_eyes,drawing_face2,drawing_walking,drawing_standing,drawing_hand,drawing_legs,drawing_bird,drawing_butterfly,drawing_girafe,drawing_fish,drawing_cherry,drawing_tree,drawing_flower,drawing_carrot,drawing_watch,drawing_key,drawing_truck,drawing_velo,drawing_road,drawing_house,drawing_mountain,drawing_windmill,geo_face,geo_profil,geo_eyes,geo_face2,geo_walking,geo_standing,geo_hand,geo_legs,geo_bird,geo_butterfly,geo_girafe,geo_fish,geo_cherry,geo_tree,geo_flower,geo_carrot,geo_watch,geo_key,geo_truck,geo_velo,geo_road,geo_house,geo_mountain,geo_windmill,word_face,word_profil,word_eyes,word_face2,word_walking,word_standing,word_hand,word_legs,word_bird,word_butterfly,word_girafe,word_fish,word_cherry,word_tree,word_flower,word_carrot,word_watch,word_key,word_truck,word_velo,word_road,word_house,word_mountain,word_windmill
photo_face,0.0,35.73335086252063,44.133606813432586,41.42688570776477,38.44292538909118,37.661762396164846,33.56107642811808,34.401614469206436,44.881093068099055,45.57179433772302,47.275725765998985,45.931931263658605,40.55639657701071,33.91673296632335,37.03266553946984,39.394514998142625,36.49050927299697,46.01742206227339,47.1575555661891,44.78405934963907,46.47062308112683,41.1112973273515,42.51757046341059,39.24242389768823,39.14364765526219,45.4341501769164,49.521874597478615,48.67003072514322,37.29146865329897,39.10366699122561,40.65832025125863,39.983491533231984,40.868778256764294,49.38843849212674,40.10476556632978,45.43819848637702,43.84486687719932,35.220938399315365,37.82709494792916,38.085868663161385,34.04993158893956,48.15031794426747,47.710525170427985,45.44762329315945,44.462531605012906,49.270596812148575,44.0507284719602,39.14342380424438,50.43287412951944,39.57988189151291,47.74618055708577,41.19636752625572,35.90620486232231,36.32285777889921,37.98152961762361,38.27023906137276,38.72994004444901,47.537894633236135,42.325151983665144,47.74642327342037,43.85173167529722,37.13791737817562,34.46850796329104,37.87820332645044,37.97383467048579,46.2289577504948,50.04510022722147,43.25934329812852,38.68736904634348,37.08818664405425,42.403845967232876,39.575252431076045,40.12460078388363,40.3450568873751,39.92142412642707,44.30382092587636,45.53319026237217,45.60273395489223,40.12232410337375,44.9663765262213,45.00611402522235,44.80815683969895,42.28699325462997,44.95018788052853,45.63321770184044,42.03845969404226,41.55840208904067,45.46877942187034,44.609483314797565,39.158329345307145,45.740534122070635,40.0617593941522,42.64988502095572,44.44268075950777,49.19327631591493,43.249253208160766
photo_profil,35.73335086252063,0.0,42.70466430241399,40.38506271064817,44.46977971155905,45.63196252800512,39.163742471823426,43.879134584176384,47.908896247219005,44.01903410233063,49.96384047447931,49.49296392102105,42.47928879589491,38.94298822797348,45.39475195182324,47.91858759535712,45.18483393073665,49.96680294745687,47.299867655627985,47.25295256036403,45.16219094186816,35.52137177167935,46.229983255537775,38.83177498414052,46.03870565884954,39.457396332426214,51.463481952484074,47.43510957913297,42.89865139776538,45.01925356818984,45.898495501860076,40.910897582918444,45.95106862354811,49.95452358439478,44.387903500187676,48.55977865926741,44.69142394692624,43.82970882548275,43.89471785571709,46.43508807772971,43.811926120474844,50.548301632017385,49.49269998330224,46.86833879551992,49.778781671503545,48.509330281264674,48.85667179927685,41.07285433064589,50.105397885304015,47.99757999455119,49.80999866266988,47.497859273375106,42.048360831094165,44.38699519952607,42.34821737243744,46.803199273861715,47.22732348558872,46.51312875506953,46.218912883373086,50.77014870664195,45.11811328581872,43.77057135924345,43.45470865461989,46.14093678002556,46.40356207675334,50.856466549406356,52.18330155683439,48.4584257848251,42.152888489470726,40.131581972813564,48.04598359093793,42.76872028656687,48.08953117666414,48.217369234194834,48.26884163326954,48.26480513873269,49.046778394630074,49.266500248626386,48.064952976561216,48.83708509337413,48.412180745350426,49.63498172007847,46.085742731944244,48.781254907037585,48.6504783633847,47.76891155423498,47.37563491348687,48.51100036754479,48.99718236873924,48.115148176263546,48.78809688890705,48.16433439797875,48.47463776381384,48.979761283395746,53.31415779047181,48.51718838620029
photo_eyes,44.133606813432586,42.70466430241399,0.0,37.50500810900664,47.09736622835517,49.38262153607915,44.038980665320835,49.102276305368754,42.83708478160161,39.51447628800748,47.70433386288636,42.67792998735626,44.76277097196901,46.09082301673362,49.988352829815284,50.49927494167117,49.15409510716373,44.184291202503324,38.95567670289007,41.93493476643522,31.138140999722168,42.76468520556883,41.68223759258852,42.88475831062595,46.181724520054495,47.365700930807904,43.07113334767968,42.332431651849305,48.39424003446247,48.60210002222667,51.60977591408203,49.09471980148103,42.79380814808748,44.208358525119635,50.498533353721264,42.92914298858468,41.779457030885666,47.43614661367399,48.689083660522044,50.469745506839054,46.22349358397596,44.10026891496982,43.17087260844341,40.01770495981604,45.14832588471047,40.19106741142497,45.57753033089433,45.870584086945904,50.81705776217096,50.81535387002426,43.216106694687994,53.11979817852128,47.317968017537886,48.98105684611388,49.02598946226349,49.924467442927735,50.28647835794927,42.66037365360326,49.899670812644736,44.04462143550215,50.321842936671594,46.86909634891717,48.10425653343175,50.036899127314726,49.664470682113596,45.17173299795248,45.06989145692992,41.414909585697,47.85728811110158,48.05246502027126,44.50919318476817,49.570406584110835,46.32338097790323,46.229743443567564,46.57864399920794,43.729220757659625,42.722335807199016,43.317805508865156,46.3288236756144,43.24376400858291,42.76144687384778,44.14665402938647,43.976796449663475,43.491229242111466,42.581195432503115,45.8219445733583,45.440374918384926,42.752672632602454,43.980498535462,46.26614600859362,42.974542620681994,46.37492664447468,46.454604472675754,43.75145747491683,48.0553236549768,46.61438947577406
photo_face2,41.42688570776477,40.38506271064817,37.50500810900664,0.0,45.595135690731794,47.46970269697923,41.08110397378824,47.048095531056546,43.25402910736209,41.01394612046136,48.331922355309864,47.12512949618822,43.63415584632585,43.79686725614379,48.17155782891208,49.28935479891106,47.66867708757128,48.749580569101006,45.00566425738859,46.3126287866516,40.4393245726051,41.467264804563946,45.73971430595945,42.83473127577732,44.235404287756545,47.57008578028372,49.57092946698257,42.8802127842722,46.183130149929006,46.45064669823689,50.37431145906131,46.22258075331585,44.13572098558943,47.28093359874861,48.65772624359476,47.91022243117446,43.891001838244215,45.943469545663085,46.58548534233427,49.26376441396118,45.161948753763575,49.11887590809777,48.56748557451996,45.3838315477143,48.0757369882681,46.30480031570893,48.2451201670378,43.858208073765525,53.2527607508499,49.681333145432696,48.47903165372461,51.411349727613,44.0753981930404,46.589363576402114,46.279789475524844,48.70386430219945,49.7225034160871,43.2239853873901,48.70009543791183,48.85546244696351,49.06306897424506,45.47622931634637,45.372360294535696,48.352179987360884,48.55948575718969,48.90471708018594,49.37532032840548,45.721215251140435,45.986674391028046,45.960989571266325,46.03955584173844,47.814804547092834,47.12934016873868,46.95192088684812,47.467893813564295,46.89563502658117,48.174457000394746,48.577453339545436,47.12527023284335,48.53190604157915,47.69287674097664,47.884455088163705,46.56885699089607,47.56286142600627,47.77994039491392,47.554015863286665,46.388605314746066,47.729337141478744,47.98137311550318,46.941666820474055,47.74121955325343,47.21984228885182,48.13952407017005,47.57352624132372,51.902376804589196,48.41886544789551
photo_walking,38.44292538909118,44.46977971155905,47.09736622835517,45.595135690731794,0.0,34.94976320063746,36.87782842612016,34.32040762570394,40.77307818344982,46.94994289504947,48.50438544205946,42.90195223560575,36.63783453466002,37.05523268647676,33.12315013660713,35.33131859151286,36.17485876640698,41.76512061539493,45.61270220874734,41.95588863171675,49.2375860972795,46.73891689150864,37.213715982691184,45.70428028885231,37.56538094705131,46.753994297550086,45.83959917509981,46.06409842253574,30.481646967391832,39.48424054884815,43.19899385131363,42.007361138343946,38.551700119970306,46.051114529765286,36.70072503650364,41.267118431829786,46.88722760194988,35.23877851675574,40.2183521110498,34.5750812448573,34.87669305154763,44.70719829843226,44.21874075191767,44.3654786423754,41.058920999984046,47.716627161872665,38.10904374367558,44.93695752861106,46.98142340363822,33.97695242941585,45.05463185137918,39.55503663590604,33.846864947221164,35.87381732239204,41.21332189039165,36.813109360061624,33.79951999744833,45.41890870041249,36.97596923823317,42.782026775212124,39.779344282534566,33.61329614255381,37.32869476406079,35.13386557130044,35.38144581464639,41.77206334479169,45.13994106870779,42.87022451514206,39.84130455955406,43.043341725779705,39.76381229143017,43.54569277770532,35.04134304316337,35.03862080257957,36.061800144373265,41.50133041307197,40.76049908658742,40.86698410843323,34.92512899940092,40.19703540408213,40.87223113102504,40.622652234850655,38.502986186143026,40.49977262624288,41.03183411320115,37.82449664288834,36.73534134619899,41.09563082940845,41.0992823328143,35.742264036777215,41.02695625869023,35.25745873425821,38.0600431978639,40.94666553344887,45.716535221278605,38.81420183122923
photo_standing,37.661762396164846,45.63196252800512,49.38262153607915,47.46970269697923,34.94976320063746,0.0,37.98865985861278,33.528000669789634,44.410872710066435,51.01971124219653,45.80755156833506,45.516547082020296,43.32029482159124,40.471093659241085,27.374263345571503,29.665933586281515,32.55771276937539,42.56305609787835,48.63051007822813,46.44991300055329,50.34888707996784,48.70753421766823,42.700447933768864,44.42713057393688,42.311233514029844,49.354646555157856,48.83182338668693,47.346192780498725,40.044790739457575,32.63874594449944,43.402395801839084,45.15876939638531,40.662978888571885,42.85354605167986,35.19785106716022,44.435652646963064,45.86107222325926,35.57910753009823,36.85829139276124,28.0485576776715,35.82164681563134,45.674910878851755,46.518911966468735,49.30286007158283,40.79825518405889,51.54034679313546,41.61215438514935,42.91203473059165,45.31312984617239,30.46544884474654,47.735729349201385,31.21130906597463,39.00031106440943,35.65161031805825,41.716052268073334,39.70069018000524,33.35563175873141,44.40311907553576,33.757984657009075,46.08280588768808,43.898377036203726,34.45621073766592,30.171100273128744,26.45078330398774,31.083299252663604,42.974928890461854,46.755764145065584,46.74462788001316,36.60728309447164,41.941497212678556,38.543069228187825,44.259948149186705,37.105957846179045,36.88040246911036,36.664027989795265,42.81400453522266,43.209512928902654,42.7246889909021,36.9654926593788,42.438527075158675,42.788588142725544,41.891744628367995,40.67070338774882,42.219126815522905,43.279226164251746,38.52013634593583,38.6088082247986,43.17803761376031,42.25615453970214,37.53574661355896,43.03438996212336,36.760696589862995,38.616951211183896,41.792610595297866,46.743625504564875,39.341565993565254
photo_hand,33.56107642811808,39.163742471823426,44.038980665320835,41.08110397378824,36.87782842612016,37.98865985861278,0.0,36.517694654465146,45.78666936882118,45.73766350563606,49.474688409767204,44.21379613437769,39.88712600573569,36.887856844910544,38.30126469388172,39.24391524316262,39.0772865758872,45.425828981841384,46.25170264588955,43.061680662347484,46.406061326256676,41.89892404739687,42.86575969326391,41.77403609141741,43.034470553673614,44.74742164208742,46.76581823670719,47.137807635312164,40.14986623086091,40.27969452735032,43.57807640960804,43.43576156316788,43.496759189166696,49.21961395513323,41.00979200465232,43.97249827778582,43.72226587057676,38.18986329070686,40.50436948616415,38.47154960733656,38.06444469897035,46.74907767522998,46.817791666865034,45.32970789450456,44.327748904688384,47.909418418383126,43.491659831361645,41.62057362385253,51.55242108273504,40.45819813302829,45.69520804892898,43.40996834666162,39.788142554016204,41.13120103262133,39.228503846659144,41.31903239964041,40.06204180573156,45.24810813099651,41.49459767264927,46.272854113988565,44.97367040688802,37.877178572928614,38.48403494193662,38.42964823391178,38.94312130515188,46.09615033917015,49.09391812864297,44.67085459066056,39.318044021887154,40.27633810880446,42.68047837483294,43.38869770757846,40.1063512833482,39.91620719440007,41.190662379257304,43.87010733612502,43.91876058189751,43.669863140533835,40.02007501756111,42.9115657246731,43.44012344189657,43.87059314854811,40.8404465800959,43.28659481241675,43.61328744106569,41.15543042930138,40.06807513440379,43.55166158700371,44.063803245392535,40.31246048695879,43.62062673675739,40.00633048779447,41.48214976584856,43.616163536667244,47.578891319161926,41.937131264370294
photo_legs,34.401614469206436,43.879134584176384,49.102276305368754,47.048095531056546,34.32040762570394,33.528000669789634,36.517694654465146,0.0,47.404768666811556,50.757908341132186,50.31425885155088,47.73462545406177,42.27861268948645,39.01614702070378,33.432350707836974,34.40331714243995,35.697685245415634,46.04938563539505,50.26619120350841,47.368675688709544,51.545624451560535,47.075395456202635,44.034355291395016,44.779742060324324,40.84785422076129,49.81068967495577,49.38085764867733,50.25415470321124,36.88610951028671,38.3499608558918,43.37051087964231,42.56811902117473,44.5185571113461,48.83722065166882,40.24410050321787,46.562018069303335,47.546739542695356,34.888572603984386,39.917004392111345,34.05738682805128,36.016409545471085,48.55317173843704,49.76814791289234,49.53556202174326,45.03435899455503,52.685763532873615,44.1318189171845,43.09393452806311,49.05661823263456,33.412797881957566,48.509955843384276,39.278298825074415,36.262118900801575,36.145521216635075,41.53293463997145,35.47377836581307,32.901388457328835,48.03245876954709,41.0597979729889,48.08621622465002,40.81729865488836,35.982132722964366,35.50225370579782,33.75407746800472,34.88550290265056,46.20709642592892,49.81956860359131,47.02925760021999,42.48831619986478,42.80321117836161,42.802779327668006,43.52533763320539,39.605112796931444,39.93360483499251,40.34990404388987,45.29865241359231,45.23796879639321,45.26954900763426,39.80478737448661,44.64944567143071,44.866128255305405,44.60952826750682,42.60881989651444,44.89591009291075,45.37064056269102,42.31097872286037,41.20405450530895,45.35487036880222,44.956740340228336,39.58793179424232,45.47443425299564,39.720603848823636,42.165571028324194,45.321079109398944,49.62535945406393,42.81396356629367
photo_bird,44.881093068099055,47.908896247219005,42.83708478160161,43.25402910736209,40.77307818344982,44.410872710066435,45.78666936882118,47.404768666811556,0.0,42.78885789769701,43.49719346046073,35.55470478961873,44.33694663144539,44.55665813677971,43.301454457520705,42.79186548800708,41.176793194903965,33.48735855254001,39.30122036144012,38.96092293195416,44.03282080746731,49.47615226267012,39.81184962067881,49.42790046504149,41.68843613623878,47.19351439085871,37.66076258078228,43.22152049101503,45.30782912459112,43.40695826152913,47.90066913660633,47.757897007125116,30.339970063212284,48.48112415126356,44.133794535613404,36.84030996731776,47.703550247791235,42.631416780558396,43.36404329208315,43.18426224943824,38.93771845741487,33.87867297538193,41.294628376930135,38.82752026341169,35.67510899052791,42.134244546662664,35.57850050116077,48.69976763082384,50.82889393823625,43.047338235841515,36.437594328980055,44.60954729215058,45.68995278933617,43.51366939262968,47.14575981848975,44.052705165449076,41.91950435133058,46.143242366096835,42.131702023745255,37.14813231279142,47.93179191807135,40.70928358105966,43.72293802393839,43.9817701651829,41.20090448439154,32.64514555948038,42.854040423466685,39.32323608857054,45.89688975680514,45.994065595832005,40.44618546429352,49.023965760977,33.70153260557961,34.00090957057607,32.69058070941314,32.482226632700126,33.740445809797045,33.57070515923337,33.162265304496366,34.150021331556914,33.50333015914518,33.12751968447917,32.93136358650574,32.39610297830727,33.037698178296324,33.24076401653022,32.12536070812748,32.95322469345694,32.27063194406651,33.14356416042919,32.79563009819676,33.582056611080326,33.01454350931069,31.59199096718246,38.96212103198261,33.392961653859146
photo_butterfly,45.57179433772302,44.01903410233063,39.51447628800748,41.01394612046136,46.94994289504947,51.01971124219653,45.73766350563606,50.757908341132186,42.78885789769701,0.0,49.741392274163516,45.12854204864684,45.7974493820554,46.00615243497394,51.83915240026183,52.1778029256861,50.44416383630915,46.90123033054737,43.06542369101902,43.32669095493203,40.86886089146413,45.42575708014625,43.25529693080075,43.55332909176731,47.40542858066766,45.798683140709905,47.385467362865384,39.39346614704599,47.084818458929036,49.3652991120986,52.4674655225991,49.72067348621005,41.25983497545993,48.84372677185598,50.64627798494257,45.89224597886962,47.54620393236153,48.42565990730621,48.73270703242621,52.58075968665104,46.17402279348286,46.94331324466151,45.92292093443993,41.978882319706194,46.729214266810914,44.86361724059734,45.202086975087575,44.343695131963244,53.360965098906576,52.14952255332282,45.85261182132435,51.90232698806714,47.441904461971156,47.909270110299325,49.42756040097394,50.99112681949111,50.80322373221635,46.04804074442415,49.963948591449785,46.7467408434107,52.742731396565425,48.31901770366334,49.95183643833303,52.407467057136664,51.37551174521272,47.51561131202385,49.10633863757766,45.94355902952108,49.47732985122497,48.790054201315975,46.39351457693896,48.228240481339334,45.55405994939553,45.49115286567637,45.739096006532996,45.39925770219697,45.74209845813504,46.2887505648906,45.58226252436537,45.77357979716909,45.09581697527836,46.75735873877994,43.28973212775561,46.15050073810813,45.17777921156304,45.10140310071494,44.73850620024008,45.10782694766349,46.28349332053199,45.44791702537424,45.420296659146466,45.69802560477061,45.815396997218684,46.24775535631261,50.614438692423036,46.04686532441616
photo_girafe,47.275725765998985,49.96384047447931,47.70433386288636,48.331922355309864,48.50438544205946,45.80755156833506,49.474688409767204,50.31425885155088,43.49719346046073,49.741392274163516,0.0,48.287767619055614,49.14126823154658,48.744832837294375,46.3426970037618,48.569712325493384,47.16812529683101,46.62773483980471,46.89785431876424,48.73229470981902,47.841436841267225,49.83126759093059,47.5337016141544,48.82560450389634,46.66977366319936,52.68245027362358,48.519422394803634,48.39037490607348,47.7418218499999,48.08288379016331,48.44684737877339,49.78301363283659,45.21229402207517,48.59798594819981,45.07505393480787,47.055761071298825,47.92224027780016,46.36504772054161,49.077807142618845,48.298741221919805,45.835123155321845,47.15192141963206,45.67015557878941,47.394774823457595,46.50119584737845,50.08798420771177,47.07935571259733,48.34241763473653,50.68998935728983,48.69300917990318,47.358148722211816,46.286930810918186,48.809259504398,45.36026480343956,48.40395620149798,47.51773309314014,51.55901718170077,52.4073958667055,45.6817996452738,47.910333949351305,50.25259477712099,48.502941987202675,45.5266848110086,47.697096663364206,48.340377312057484,46.73889716967791,46.999898401355914,45.625248527993136,49.387924821187006,50.03197685064126,44.35398347764997,48.45721464283319,47.011729720831035,46.7587768429354,46.1014914097261,46.72443262029723,47.37339579567526,47.2325562277839,46.64220949315556,47.575230166142575,47.26118155873685,45.73194477662271,47.425985398619744,46.98985930290303,47.28275716782261,46.95749857256094,46.18884315475543,47.05906253390024,45.97811639760265,46.40055952201392,46.975497455295255,46.75781530118406,46.26496537353977,45.797463390914295,50.91653718035546,46.6424920269212
photo_fish,45.931931263658605,49.49296392102105,42.67792998735626,47.12512949618822,42.90195223560575,45.516547082020296,44.21379613437769,47.73462545406177,35.55470478961873,45.12854204864684,48.287767619055614,0.0,45.495743336807294,45.25484438575265,44.97337358276343,43.72082149440127,42.51317720349726,33.977394249856815,39.08871071382402,37.11773771308212,44.30602913129158,50.19304058511625,39.03326549193532,49.48121588919958,45.78313888879253,48.296090243194826,33.50571747301754,45.434133935519746,47.32897265939944,46.20774245402106,50.625623085172805,50.95337545287062,37.12937235859006,49.11934655509191,46.83752656411566,31.745754427869873,46.27893621251262,43.98468212545203,45.82342861271214,44.54831813397248,39.70315760946274,34.14529075942573,39.98358621749603,38.15362141210488,33.81147089874145,42.83740961688114,33.32965765165041,50.36979663644465,52.940172684569866,43.88349493676611,33.07478611608644,47.19149642728426,48.56718396805338,46.618594717758846,48.466329334474835,45.80463033140975,43.30557333769944,47.50624027137915,44.567365097302556,31.6913935667711,49.455930284438224,40.98680529579342,45.75680943529833,45.74094083672978,42.99615636487791,33.99636089528782,44.13883964412576,40.30281097437202,46.05780489730695,47.03113614052844,41.012667849972935,50.45407613127769,33.79865109550189,33.741385169996086,33.95434910200787,32.178763933584236,30.66779034946963,30.827316752584927,33.6611411506325,30.348850073027105,30.136788797536795,32.9901388448483,32.07986990793518,31.09083231729067,30.269254673318713,32.944755456333745,32.59983042025499,30.531965261107416,32.43667320745922,34.361689863128014,30.572011938902154,33.81573332312856,34.12272347292432,31.536296697833524,37.2594664531357,34.248996187172935
photo_cherry,40.55639657701071,42.47928879589491,44.76277097196901,43.63415584632585,36.63783453466002,43.32029482159124,39.88712600573569,42.27861268948645,44.33694663144539,45.7974493820554,49.14126823154658,45.495743336807294,0.0,37.49370157221241,43.53946218419342,43.71205311271598,41.85571207075878,45.28038218517968,46.08834444566453,43.44459994028351,49.203136818716075,43.43780697642427,39.619201544410316,43.2085285258297,44.74104059945524,47.501590390537864,46.51769081470157,48.77708557528157,39.27184215030276,46.35035004494828,47.42057832014693,43.34905650139672,43.97929225594194,49.05180932169894,42.22645827431025,43.75306741970008,47.05176266204656,39.81370881848895,47.54600671133211,42.90706807693577,40.53777041381563,46.3947411230378,42.654092969673876,44.11848266751364,46.776181467221804,47.43879788337702,41.67148861272187,42.93517622803325,51.06827523572428,44.60624484087922,45.12750538061279,47.42856096210818,41.70231637680487,44.40800294726186,44.78084991202809,40.57089518877713,41.90751901407695,45.765114921331495,42.00533664571389,46.21129509352683,41.87150991282008,39.02889084730289,43.97246862420971,43.69597123052779,42.556469540703844,46.4634229390039,47.0255020812793,45.952695108554785,41.732047035915436,42.7719852891925,46.11001687727041,45.627347381550635,41.13061087872225,41.19860434909855,41.949908153852626,44.46887151601176,43.60550850419777,44.01435914119631,41.08866278404586,43.37004094535283,43.12208811596495,46.09527068988609,42.00299393769242,44.03277132015733,43.484229400930104,42.62633894855929,41.27963580498914,43.3164592189059,45.05616490655967,41.54816506275497,43.63767875631463,41.22842776056335,42.98459776205014,45.05698436335843,48.93602070366409,43.53206844780879
photo_tree,33.91673296632335,38.94298822797348,46.09082301673362,43.79686725614379,37.05523268647676,40.471093659241085,36.887856844910544,39.01614702070378,44.55665813677971,46.00615243497394,48.744832837294375,45.25484438575265,37.49370157221241,0.0,40.537846901413445,39.96576018979489,34.624927379749124,45.84232732091296,47.731324317231696,43.090659150640825,48.70875067821274,40.47134546224799,38.136451463946166,38.86561383570362,42.329653761025135,46.22577262319761,49.46214989075382,47.733963216091695,35.04417506701584,40.715690729084876,46.10921114274329,39.90706970312277,41.343329591228276,49.1376892813887,37.57866213537813,44.107817246503906,45.49801665951246,31.99801616553302,45.41741281797044,39.0208674830772,34.53102839039265,47.944763627516735,46.50921656373914,44.274181609408984,45.87804546304318,47.285569543786735,41.813346555686934,39.7513364775674,51.13648044304203,40.75391920804997,47.9527579214087,47.504098404621,36.70447231313995,38.64566998256067,37.5509044925277,39.40472897603824,40.16598773082227,45.51280439991014,40.88816725120074,47.86882409053282,40.71173300929804,33.486164543559944,39.36270967493485,39.66464522097592,37.408786943494654,46.53779550422067,50.455225061683386,44.81038032128153,38.68249084918838,37.10098435064904,46.39765251632984,40.88101839598524,39.837363261319666,40.175224612399106,40.91747510992694,44.62115631667827,44.91245002175304,45.07785905988354,39.98504032781569,44.155131225370845,44.5822527942577,44.87624503960081,42.66743539371551,44.08353946561202,44.76663051783834,42.390932249051346,41.40074243849537,44.78950728124022,45.873239181700946,40.316590567261976,44.90144007011675,40.08458446513693,43.147634712975794,45.1253906515306,48.67561322600441,43.849696756313904
photo_flower,37.03266553946984,45.39475195182324,49.988352829815284,48.17155782891208,33.12315013660713,27.374263345571503,38.30126469388172,33.432350707836974,43.301454457520705,51.83915240026183,46.3426970037618,44.97337358276343,43.53946218419342,40.537846901413445,0.0,26.16457009814514,30.566815945412753,41.49949516317606,48.15278996377275,46.278814733343744,50.59115297509,49.62753405146436,42.762214419823174,47.86411606399803,39.65782434759151,50.29670979633962,47.46999977112959,47.33349610189005,38.30365571475057,31.43087513726448,39.842680124471954,45.87162412476613,40.20875602446259,44.65445255426654,35.95904205475889,43.55309531724381,46.162027305650284,33.358811442055455,36.69019136392018,24.25233122724884,35.2884624240511,44.63709054883036,45.232555843235076,49.10653054888303,40.024919482408635,51.4873136830638,40.21407738832613,46.77277910231026,45.67647387821163,26.0948235525083,46.69870606452014,33.56415303425113,36.815342341927476,33.3955588520866,40.829693885638704,37.54615801719504,31.953529234209814,44.62129816887802,34.97869192113192,45.14203701432121,41.5008443306092,32.77441028602309,28.871146811971965,23.424999022487967,28.688423664628438,41.92942227128181,45.487022704783,46.317361362136296,35.47563012966944,41.327212900823675,37.08568603918997,44.965774800105244,35.96110906504022,36.15375810050834,35.38349540373515,41.6316712022749,42.240485187398136,41.60525461264123,35.81802032382632,41.36794960374383,41.81576750350165,41.78734490581925,39.635550189694264,41.1662226858539,42.23549086500715,37.18583524715692,37.51783379763341,42.15309763585481,41.106505732014924,36.11025163466208,41.947246817997446,35.58825950243909,37.41299451815804,40.70730327140754,45.76930259702251,38.174212630190155
photo_carrot,39.394514998142625,47.91858759535712,50.49927494167117,49.28935479891106,35.33131859151286,29.665933586281515,39.24391524316262,34.40331714243995,42.79186548800708,52.1778029256861,48.569712325493384,43.72082149440127,43.71205311271598,39.96576018979489,26.16457009814514,0.0,27.937421420779422,40.7724534212303,48.92280593575133,46.77487084066664,52.27326914819485,51.194975480040036,41.846270655193166,49.552209405171325,42.5549718163739,51.10140814901403,46.99075979814403,48.130901336372666,40.97203750464212,30.835018765644662,43.19280602117129,46.49819033434659,40.16549196323208,45.88935946110557,36.31186136621714,43.273597680330546,47.814245501473884,33.162812082705805,38.87872346972928,21.48223083484846,36.756831322440455,43.83769508854452,46.17670076926015,49.64633829251946,39.57997277042648,52.01149400071806,39.56945216130221,48.56770649421842,47.7731755753847,26.44093165199733,46.37149888124256,38.426527772372644,39.66305633403339,34.595877705997104,43.352277599252865,40.09545086528864,31.123172340074955,44.75199875162021,35.335700343710165,44.81326551376259,41.594017265676804,29.935396430419374,30.867051935253222,24.58299309210624,24.948181008391522,41.08934873074775,46.50910345293388,47.140676434355605,39.04433180770592,42.55390801725066,40.27691961035373,48.23591464792686,34.89419351924406,35.31908523861801,34.495754011566426,41.00920439438133,41.35794519285177,40.79375505304292,34.84219566259949,40.444750929780035,40.8972707515052,40.888050272267186,38.748175486760374,40.369701810139155,41.392528662407145,36.40200076908873,36.54642027173539,41.298907653947325,40.33282084265315,35.41172849428498,41.133969637350276,34.58428226374281,36.53749876415893,39.8789536053149,45.09475128995189,37.294447275005496
photo_watch,36.49050927299697,45.18483393073665,49.15409510716373,47.66867708757128,36.17485876640698,32.55771276937539,39.0772865758872,35.697685245415634,41.176793194903965,50.44416383630915,47.16812529683101,42.51317720349726,41.85571207075878,34.624927379749124,30.566815945412753,27.937421420779422,0.0,41.593715680975855,48.296080293273846,44.842081499055666,50.09046932728537,48.42932233285106,38.48955220101307,46.16056338643254,38.83798971920968,49.480947195604,47.4134872432742,47.903716290602524,37.963355925219275,30.913265157866142,43.032067332879826,43.1999594639767,37.83056784734531,48.24329990462833,37.17947561772407,41.75210519779728,45.32502829395136,27.323621501782988,38.09430130137216,26.467466324285876,32.369571275266956,43.9775154103477,46.14035279034516,46.835359919131605,40.06914936500402,49.17237822476486,38.18939168042888,44.786552016501794,49.82635817508433,29.029183381834525,45.25470308763964,41.61780944455361,38.55881773675624,35.64081113291166,39.91082706141141,37.26115572588196,33.33932112377284,45.70364575081093,37.65507991304366,44.65531753899138,40.621073566930455,26.876823666741632,28.51359220649998,28.86990806525728,23.922111397020505,41.57719483916529,49.223544000684655,45.06510543848948,40.913784838137374,39.426921363614575,42.60685360157397,44.559493987748354,35.08060278365289,35.06866842657519,34.57732115647865,40.58165035001627,41.40785535058665,40.904393858380786,35.03945791144629,40.49538945084892,40.73005945389065,39.66749446503909,38.713102403300574,40.25642006626518,41.32564281941312,36.94500456027829,36.9584932484551,41.1710632649862,40.43825629678117,34.70568111058432,41.20962454921365,34.957863553609336,37.11700605041522,39.862573859135054,45.16178463108327,37.83421830830451
photo_key,46.01742206227339,49.96680294745687,44.184291202503324,48.749580569101006,41.76512061539493,42.56305609787835,45.425828981841384,46.04938563539505,33.48735855254001,46.90123033054737,46.62773483980471,33.977394249856815,45.28038218517968,45.84232732091296,41.49949516317606,40.7724534212303,41.593715680975855,0.0,40.37557988264838,38.21236012639349,45.73915919030486,51.16504815701066,38.773500758065424,50.27795740330959,45.70283283692875,46.67377338886633,28.752622999199406,46.63693309923199,47.442565031282676,44.69834849980692,46.893443680626774,50.43439881887373,34.99350642986825,48.10371836548777,45.36164213483474,33.79639264924635,45.06555200596363,43.18980495756032,42.6618520984003,41.0786498647968,39.807255959394816,22.45172489424077,40.48127292566139,39.244980722047636,32.968850690655614,43.536579136616474,31.770196002340466,50.13965631346712,47.616500802101974,39.8546577196745,28.80541385295664,42.881356247889855,48.89891673215127,44.75271482720769,46.4699588440544,42.16181879266599,38.31000493617424,46.43571177307481,41.48212113226256,34.47059842080284,46.19649472352318,41.05119103880124,44.19628646951005,42.12311890815769,39.31117849547285,20.671105580862204,40.15028000145162,40.88818313831597,44.36715415972962,46.081082566980065,39.49186532440318,48.759460086340056,27.488080913087504,26.541187013914385,26.43508565112894,25.249002269365146,25.51691622449608,24.67998200443343,26.72359280737135,25.556304383682125,25.700863864866147,26.977498510037453,26.95893739677585,24.708753118870735,24.580295140497242,25.512097905439017,27.504758159307123,24.51674334575935,23.690764380087767,28.38981325442915,24.223800452396652,26.84391186833036,26.246414603519025,24.47095136073772,32.71078366248056,26.989759103089987
photo_truck,47.1575555661891,47.299867655627985,38.95567670289007,45.00566425738859,45.61270220874734,48.63051007822813,46.25170264588955,50.26619120350841,39.30122036144012,43.06542369101902,46.89785431876424,39.08871071382402,46.08834444566453,47.731324317231696,48.15278996377275,48.92280593575133,48.296080293273846,40.37557988264838,0.0,37.428235017780686,40.261259778096054,45.972225017204686,38.74184845812382,46.73145166912438,45.08041557930403,47.817975318567356,38.414201165856475,42.19246885591729,48.86779413006491,47.33080332038499,51.2032714988102,51.081710052257165,40.04409320868177,49.48099939147157,49.87216951091872,38.20838896697853,46.36335801644624,47.31737299167487,47.32577381904905,48.99143888624209,44.69911711545487,40.24516953597343,34.327686068199895,35.43287729618513,41.904044543615456,37.49141662887596,39.49182942910416,47.626176129265865,51.40140047926701,48.29496306473278,39.23009880314602,49.38705208678076,48.03697835565987,47.75656590379249,49.18974226984054,49.278727607515556,48.594349992326094,47.54789095223009,47.925404226133004,38.38334953437817,50.96061099733201,45.033189328425436,48.39784527598557,49.05623884449779,48.37816355386297,41.22044374142972,34.60064549137256,36.086044515144195,47.86359583217514,48.70190395618978,42.17803481703599,49.813717907843156,41.852918190025,41.87472144766886,42.22734725235969,40.63683276973199,37.92574397724333,38.746420999799575,41.67698086382373,38.64597669766663,38.14172106621984,41.5893720281865,39.89173266671085,39.674445339755344,38.10883579168144,41.74291320142351,41.03031547468386,38.290316279258064,40.19231369584376,42.0309983387651,38.53515255378979,41.965106268613255,42.4469240129907,40.236461515647775,44.06869800153144,42.68677855379097
photo_velo,44.78405934963907,47.25295256036403,41.93493476643522,46.3126287866516,41.95588863171675,46.44991300055329,43.061680662347484,47.368675688709544,38.96092293195416,43.32669095493203,48.73229470981902,37.11773771308212,43.44459994028351,43.090659150640825,46.278814733343744,46.77487084066664,44.842081499055666,38.21236012639349,37.428235017780686,0.0,43.24436615053268,47.08019359949992,34.574643343333236,44.615990212813394,41.46631911095499,47.61992330539537,39.304403204504354,46.357437305551784,44.91736247631019,48.36971782052051,51.12831084764544,50.38435417751671,38.213671497950216,49.85538606836925,47.56957776257807,35.953904383206314,46.141669273513756,43.27977896454546,47.23139780338016,47.01147971027131,40.56377519635751,39.29578077088756,37.1693496494991,31.397448196812984,39.9219349994526,39.480856057953055,36.30473299769673,45.5624343806725,52.71036004951299,46.266944383808024,39.01904205065919,47.868054214626476,46.361442526100745,45.57504958918791,46.31302078132684,46.31560816353861,45.04652055021605,48.84482741313392,46.3132217221364,39.499075613681825,48.77214240331486,42.29043038825385,46.39527252860079,46.86740051370817,45.49385517447171,39.51836720649771,42.12483797083379,33.759548724036684,46.10564276641529,46.89409522187408,41.15029529544045,47.5833187502432,37.48253741965453,37.42647124446288,38.373410398748916,38.38977759122671,35.05169349780562,35.62747566654353,37.38407390383066,34.59411158283629,35.15744815715836,38.1214551830472,35.797002855398034,36.72295148732188,35.49821673662647,37.75938042056468,36.848879099864625,35.33902928437778,38.146713266645676,37.795680952438026,35.72578293477233,37.65590402572962,38.10273650625421,37.51389094313125,41.93645176750313,38.3746142078481
photo_road,46.47062308112683,45.16219094186816,31.138140999722168,40.4393245726051,49.2375860972795,50.34888707996784,46.406061326256676,51.545624451560535,44.03282080746731,40.86886089146413,47.841436841267225,44.30602913129158,49.203136818716075,48.70875067821274,50.59115297509,52.27326914819485,50.09046932728537,45.73915919030486,40.261259778096054,43.24436615053268,0.0,45.0424538912705,43.8021886412448,43.630734170417966,47.05358143333513,49.22712736333849,44.46813256021023,42.53222158387712,50.021705439603004,48.72647363091312,52.405946238096085,51.22809316627301,43.85689910182755,45.22657018126189,52.12544044092667,43.682381210631576,42.994251428457325,48.86921126781537,47.884667208289486,51.980657951733626,47.381668394907415,45.590024390177746,43.73246253389245,40.27080156322056,44.59628939785343,40.901145001252225,47.10750993317398,46.80140069881276,51.83803855348935,52.01296713678868,45.173172865718726,53.50566548342432,49.0198595833559,49.57884749773451,50.40449115323618,52.17338384767791,52.09738511402497,44.85148788650157,51.87225261869628,44.814165215954795,52.79565416657687,48.86092699236931,48.06795301288149,51.15831216511878,51.06086638117524,46.53586576440408,45.91044618960101,42.47751434324423,50.054955489619736,49.80518456680326,44.64443129398351,50.01586598989718,48.68817463975861,48.240451494971396,48.38892386569358,45.70064731045934,44.656628157042334,45.20099378268297,48.56973425013918,45.303273090730876,45.13586972689421,45.54120410288447,46.24866872188318,45.31911002011649,44.753131701248435,47.74525475014805,47.66869034581094,44.93290115847093,45.65208244385069,48.26935491730358,44.97461902584136,48.6884142255788,48.29639595657305,45.46323004749694,49.84970824821403,48.54547031066716
photo_house,41.1112973273515,35.52137177167935,42.76468520556883,41.467264804563946,46.73891689150864,48.70753421766823,41.89892404739687,47.075395456202635,49.47615226267012,45.42575708014625,49.83126759093059,50.19304058511625,43.43780697642427,40.47134546224799,49.62753405146436,51.194975480040036,48.42932233285106,51.16504815701066,45.972225017204686,47.08019359949992,45.0424538912705,0.0,45.7561421110624,39.775995982357166,47.35617846291986,45.11603972395833,51.250320367794686,48.16695854280006,45.16890994409853,47.96491455507717,50.9133667434106,45.24210687029759,47.80095041689431,50.690625632688445,47.763430199562535,49.468927028316514,44.35546572641962,46.499635559917955,48.48703555935374,50.41778388475403,45.95882195908774,51.566001548129975,48.57570216356437,46.005334941834,51.086409914920615,47.07547562214074,49.10588072984843,42.74834773465985,52.4644035012749,50.983044208273235,50.894223246516695,52.296890635944614,44.53751730282817,48.68213526957828,45.03278651760598,49.49235584225667,50.25678344650247,48.71996141240604,49.749891881838245,50.75748550609627,44.88133642151758,46.722801236345234,47.72652756803791,49.740945670652664,49.688812489541945,52.090363483968844,51.235321959569966,48.700591659119034,44.45058993871763,43.111349381617735,49.00708442807815,47.022801413609244,50.533348037823394,50.4329148466223,50.758162161413004,50.64966196308469,50.34975921533927,51.0981955894461,50.488982336736406,50.54776524234354,50.308186004266354,51.85003295569861,48.777434957430955,51.171686970788606,50.34510804268596,50.151370086384105,49.86074697240322,50.33504271439848,51.475750309898665,50.46922627859307,50.412644322554705,50.717304150450985,51.07221376523859,51.392551141639636,55.440258790737275,51.240682243852966
