,photo_face,photo_profil,photo_eyes,photo_face2,photo_walking,photo_standing,photo_hand,photo_legs,photo_bird,photo_butterfly,photo_girafe,photo_fish,photo_cherry,photo_tree,photo_flower,photo_carrot,photo_watch,photo_key,photo_truck,photo_velo,photo_road,photo_house,photo_mountain,photo_windmill,drawing_face,drawing_profil,drawing_eyes,drawing_face2,drawing_walking,drawing_standing,drawing_hand,drawing_legs,drawing_bird,drawing_butterfly,drawing_girafe,drawing_fish,drawing_cherry,drawing_tree,drawing_flower,drawing_carrot,drawing_watch,drawing_key,drawing_truck,drawing_velo,drawing_road,drawing_house,drawing_mountain,drawing_windmill,geo_face,geo_profil,geo_eyes,geo_face2,geo_walking,geo_standing,geo_hand,geo_legs,geo_bird,geo_butterfly,geo_girafe,geo_fish,geo_cherry,geo_tree,geo_flower,geo_carrot,geo_watch,geo_key,geo_truck,geo_velo,geo_road,geo_house,geo_mountain,geo_windmill,word_face,word_profil,word_eyes,word_face2,word_walking,word_standing,word_hand,word_legs,word_bird,word_butterfly,word_girafe,word_fish,word_cherry,word_tree,word_flower,word_carrot,word_watch,word_key,word_truck,word_velo,word_road,word_house,word_mountain,word_windmill
photo_face,0.0,40.20215889515473,41.099435538182426,39.2049450565214,38.493842767011174,35.90076777243025,35.70693277167861,33.89629749733103,41.60140576051727,43.915707682921145,49.0645010878477,38.67463690465185,37.97478474079131,43.667667742870684,36.803618339454495,34.40634018701032,36.91194369053624,42.747418612325234,43.32392880808474,45.01093559373516,52.036742681682725,44.96635727988598,41.188916431184595,59.04817721122742,39.83705378310996,41.22268743425798,43.176284921976816,46.208958063281464,37.58750046900953,38.32050810591339,43.2874728212837,39.24012860824992,37.6771603348714,46.32098090246269,38.08134177878213,41.76876455154276,47.32222067465272,39.42194485739191,41.61622298140725,34.88822680610453,35.444752103718116,39.887911992352784,40.80550990846243,53.68514485070231,41.28705011524665,44.10789987116813,39.91459479657326,41.32255768046509,43.60914100446359,35.6862552034259,39.96937877679652,36.47513861640984,36.90162330899059,36.742113420465735,36.220758886021144,34.87421779787866,34.738709770568136,42.28117176612223,36.4277342336884,39.94983974532424,38.64704716123433,35.53857196196153,35.220672433559436,34.460452390036494,34.11159268218209,38.87992190701296,39.882180398585284,38.716773611384056,36.35271149808311,34.924969341392675,38.646452441631,39.17255348598634,34.68482208532778,35.362451403700966,35.35580449187712,38.06369041037544,39.410276326681384,38.48051089778908,35.095323965766354,38.36697447795624,38.0353515389857,37.36910694480379,36.68193996813822,38.23414121895978,38.33468550800382,36.27278278096947,36.530308691500636,38.42509995069639,37.84428221620748,34.54211783624684,38.85507132953935,35.08270564111801,36.37438639490514,37.761878305689294,40.910454242884114,35.94884528901434
photo_profil,40.20215889515473,0.0,44.05813284107318,42.65888318884463,45.207721885840435,44.059009713131125,42.781021520738335,43.37524793520361,46.8736756978758,46.56007671595572,52.25031119207899,44.8405442271836,42.71777819103041,48.04665651816189,44.420989631809924,43.49440777322902,44.370576858178445,48.210784942682004,47.69544844907175,49.7448371833852,54.02670259207531,45.73954862783358,45.694789196275444,59.32853166016061,46.30120709842136,42.39645358984727,48.49726887553259,49.35818081324204,44.10661796330327,44.94766640567967,48.95851367640467,44.412845986889266,44.83141757610126,49.85746758399937,44.21749423369756,47.385571399422105,50.06319863428428,47.038469969443724,47.06116436556236,43.5575098152812,43.895125258686065,45.880018060033166,45.94715606217031,56.49104559820557,47.41867045920826,47.42849464888129,46.22421934661059,45.96072397109497,47.565713612978996,44.441804611662064,46.04392935171903,44.16027728869155,43.66371162240858,44.58581459037636,43.42198394945382,43.92532185318989,44.067472033827734,46.33213734386562,43.36066911586684,46.09450644331807,44.12981537960885,43.51379005557679,43.62003699508668,43.776250344720125,43.186087149746335,45.94918102316759,45.725858926279514,45.933454374946976,43.378471826682286,41.140846897401374,45.203933331033966,44.759341053011624,43.76669666199248,44.28063205606864,44.230911389873775,44.705178606475805,45.667566577159455,45.151265172379105,43.92885641976737,44.990169817610095,44.32861697330991,44.73140278641452,43.66723766592062,44.811895271361216,44.554128802207984,43.996475975318326,44.14364332849458,44.80447965833184,44.72391844876976,44.03181249557972,45.19991693908232,44.007556860959056,44.0448757530297,44.694881969357695,47.44302512755027,43.55126267999079
photo_eyes,41.099435538182426,44.05813284107318,0.0,38.73330979379351,43.94282462163384,42.66474935324827,41.60422809308765,42.39794468061736,41.46199084159822,41.34623920165966,48.944004632111344,38.989711723257564,40.84705789969935,49.00256844856173,44.13998701255488,41.378042153891116,44.30170334062628,42.75719541321181,40.7202238020166,44.85634776677667,45.205606398351044,46.37842941086855,41.79925650245105,59.73671208772054,44.19443340109529,42.94523850832838,41.36877627894837,44.81064911295005,43.78993377957941,43.70567871532394,48.3361876128731,44.5153087054467,40.297655710830256,45.04690059879158,44.370786668336024,41.86899836220725,46.52438866362501,45.8547928429986,47.11327517043127,42.52907355371676,41.83693348070126,39.57937411458969,40.04919461764018,51.644541801491265,43.381214138934915,40.651169990432955,42.39845423153635,44.8816280187243,44.92850972792534,42.76580416329312,39.21766328770257,43.68618722386659,42.25277331897377,43.255081826531,41.844145782093065,41.662301749956136,42.18615714166619,41.61956108804313,41.515397044413305,39.72032833558026,43.27974515957603,41.120144200841345,41.98645199717612,41.85068616038846,41.324101800965714,39.7467635176969,38.95676202702623,39.00074018261816,41.74768489999306,40.91152842309239,41.031334387938024,44.07303196247066,39.857615140247276,40.37015317793407,40.5983253616296,39.65663124553718,39.44233818084466,39.12194034836353,40.27468739978106,39.045434143725224,38.49071383155178,38.65764991015325,39.416013565278845,38.9364880972722,38.43730259190899,40.324766365596794,40.21216946367399,38.81388767288109,39.41705199827683,40.26794571343387,39.25229412602062,40.37088320019321,40.03884898513826,39.09871878604688,41.98004973956992,39.784705051639875
photo_face2,39.2049450565214,42.65888318884463,38.73330979379351,0.0,42.17634542741311,41.430500140143806,39.20600239504126,41.05517280182888,41.35197426324406,41.9535849890358,48.70604547869737,40.56477896462397,39.88419738698492,47.34492942519987,42.68735280273219,40.26822349426791,42.75203635784682,44.27010810653307,43.31040379208778,46.239593979518574,49.478914362694695,45.53739956636804,42.760693158359025,59.53811507367156,43.32131925458942,43.12268599320013,44.08594876617229,43.43408382224911,42.40088686168151,42.20817001564563,47.54773651592087,43.26881701741788,40.4316910969479,46.21700948377609,42.841631848649314,43.801501599720865,47.37165470701507,44.572320545616876,45.79417567376597,41.406372565235316,41.08367817385336,41.48785163131651,42.1760844200475,53.60266282671857,43.87562499424952,42.993355507195126,42.86140753249729,43.77463802924075,45.61721955725161,41.33545911344433,41.903064830151834,42.34358079256636,40.738877551222444,42.05947288238295,40.68995560779174,40.75064250188358,41.369456575318004,41.418411454619616,40.50515465027899,41.625686479466516,42.53314137726581,40.2947003399211,40.841774821723384,40.80921531425144,40.49996427028765,41.24813722504281,40.95182931554951,41.39059259336798,40.82976765299018,39.69419105479231,41.55158137888361,43.26342067391484,39.620028390263855,40.09988987998848,40.235095669075626,40.354107200179484,41.70371291238661,41.183814454533064,39.91099794942884,41.36323234001577,40.3012851278685,40.35573085543399,40.041234288252674,40.71284057712941,40.836113646889366,40.55123132083716,39.88187374834325,40.89221864063076,40.6299558347942,39.8083386785431,41.42659820716184,40.08809556018522,40.27383578550225,40.381238638089705,43.39853147009096,39.83408071860555
photo_walking,38.493842767011174,45.207721885840435,43.94282462163384,42.17634542741311,0.0,34.94404136554919,38.58104006040186,35.01267010795182,41.73799138379827,45.325804827982665,50.57097345024876,38.8754199287532,37.24313399201782,45.54889513228173,34.88519810872374,33.209659322647276,37.492356406620075,42.0543563177286,44.15580074358227,45.59165873922236,53.90246447132122,48.17865821472922,39.31345675679361,61.4875417115204,40.234589595929855,42.89823460041044,42.90225095532211,45.85697150708343,35.28663088837592,38.82000909668483,44.762830220738806,40.57636491361784,37.957563568377054,45.09185914141645,36.842271145407636,40.90165905327399,47.90968305022437,40.331466988925335,42.9315548812518,34.313055596044705,36.18872074257923,39.59656397299836,40.596316463695814,54.333593317762464,40.425158788113514,44.11634146741116,38.25857990831405,43.9850035451179,42.7421871500866,33.56303472279356,40.117814298815105,36.47492271889585,36.38686434741703,37.14764643070638,38.38721422109777,34.77972754833964,33.605453553134694,41.6683840686623,34.48865793752299,38.41744593598889,38.166177453063874,34.11974766099244,36.681595544710454,34.177420714447756,33.46779444657943,38.2029177465022,38.367790716902896,39.93657608438215,37.28748638402558,38.12692722849979,38.06465009367584,41.18003130568438,33.49648212627243,34.43673103487369,34.94413081995121,38.160035260929405,38.56185546782519,37.61650974391385,34.12921515209346,37.56022466103922,37.38445589011921,37.06441499035418,36.27654254220786,37.338579231273066,37.494659240873915,35.794984561239524,35.44662931885341,37.86788830658653,37.44315680958889,34.21326176807394,38.1639892323725,34.35779116260086,35.40610811448349,37.444767954414665,40.51561337023653,35.03919132326532
photo_standing,35.90076777243025,44.059009713131125,42.66474935324827,41.430500140143806,34.94404136554919,0.0,36.928837148722685,30.973275532246483,40.45422949054335,45.42920359850649,47.29988923993679,37.696088985287346,37.795005666898234,45.922956144191296,30.462355093288483,27.292804043548898,34.01017664553568,39.43878659743015,42.602254951061305,45.0626545758522,53.990365958526226,47.83767509428992,40.43698806239549,60.55468974688663,39.753509041061356,41.36039659681786,41.01858776029713,44.234121002889516,36.70918579570085,33.039421346347325,41.738547076682266,38.83527250767234,35.810925505769674,41.37985217516089,33.89297657897433,39.80849498506095,46.53516031509589,38.96147700895869,39.87769964148653,28.244591585812277,34.23270755579402,36.58476177038102,38.63482789516769,55.055062251756056,38.02229815903171,43.58576841256789,37.05080662281273,41.035176229773796,39.15955909242187,28.403535069382293,37.89517834852277,29.308174391481796,35.37587461239517,33.33760193676675,35.0132795167204,32.11309145403613,29.40221886132636,38.68180746267503,29.353394304915792,36.722390834286294,36.353906464388906,31.51565394431446,31.18497397445234,26.74934849810453,28.352525078391594,34.76010717557588,35.67663750891276,38.2371038035365,32.80484738198837,34.34053038604129,34.338028428996054,38.48487930740247,30.647440677850934,31.546649658176868,31.482443862962043,35.27639528732034,36.33539915712364,35.24905314445572,31.331886972698157,35.08512290940903,34.763186200684125,33.805924939745935,33.70279620552092,34.720264970101184,35.1075609261312,32.60770292138357,32.59204596174563,35.39155008647104,34.534477620463896,31.146923495040465,35.864576922463925,31.200079387253233,31.716942226748987,34.287677860529826,37.89761603589225,31.267219305360427
photo_hand,35.70693277167861,42.781021520738335,41.60422809308765,39.20600239504126,38.58104006040186,36.928837148722685,0.0,36.16247220596442,42.894086300794896,44.221294400018266,50.23565551156853,38.79859894345178,38.48422619039999,44.90979209998262,38.10885283701509,35.397057945628674,38.90599975753636,43.02421438301333,44.0228997290655,44.831172443169244,52.25196071740237,45.81077829589141,41.81080600771034,59.728660806711424,42.65609301397243,41.73030234508424,42.48547459097801,46.122527723391535,39.57201807321597,39.55107741947451,44.28915726420087,41.420818215198885,40.185183077606695,46.60743175274873,39.409716580168585,41.790837256449954,47.353869136627175,41.8316564212574,43.20030408765845,36.215580732219564,37.54989998985017,40.17516358968618,41.09234126012389,53.61195847234634,41.862834961237745,43.86418317217652,40.48229212663333,43.097660217782995,45.046394784930314,37.05435084612072,39.73016343996684,38.69754468558103,38.855523995226285,39.610337473075234,37.256894382650046,36.94562910503181,36.38414133698582,41.83396926326448,37.060154651481966,39.74399282033762,40.26211976946561,36.90087713449435,38.0454888476179,35.7902259233739,35.95053557826532,39.735018642529056,40.33445644133209,40.53508715673535,37.58631939257759,37.402695024709004,39.526724818981286,41.52415441517869,35.90036319562497,36.53960765005861,37.09111059196821,38.64766449990398,39.37109763823609,38.66570183021726,36.49537801908943,38.201605812913854,38.177592633074575,37.838646375080316,37.02345919791494,38.360931565690514,38.14737111415297,37.241425079050046,36.7611837794332,38.27412719703303,38.48336690432407,36.22891281205174,38.89640604325583,36.54481602921224,36.77362463351255,38.35834876895666,41.02998731967351,36.286453885938634
photo_legs,33.89629749733103,43.37524793520361,42.39794468061736,41.05517280182888,35.01267010795182,30.973275532246483,36.16247220596442,0.0,41.702624090568925,44.81613600185778,49.044049533396546,38.2321018072451,36.90097191138008,45.30832858975225,33.371073869332555,29.440530759018095,35.24375631172502,41.21847012362873,43.17427410279993,45.35712902056281,53.82383338195427,46.77167787701414,41.00533585237701,60.818832163164636,39.07193667948833,41.63927673265502,41.43622959127724,45.472619097856914,35.55987638959899,35.86273945941045,42.51322720610138,38.25328668812547,37.53359632178264,44.010331853799485,36.17053884868125,40.608260936082495,47.24739915142694,39.0514646315044,41.49608343535784,31.115078612541836,33.915286153782766,38.16751676512992,40.031256405487746,55.10379139088737,39.64316771487432,43.64346154852283,38.27139881068117,41.1514870088314,40.95868548559961,30.55069045609463,38.48097112570879,32.593557333741806,34.86448838705141,34.17353432241927,34.89061798609686,30.46957660207294,29.605978821049963,40.207553068346776,32.78305698275047,37.59418002934614,35.35515587894172,32.378586136065834,33.37954619180364,30.01403185773701,30.206888327388857,36.57369858502506,37.27607260194898,38.46377207878663,35.37260660908871,34.62438612344446,36.26634731818022,38.359626145598064,32.19349991154458,33.07920861658958,33.42237768678494,36.70526566515682,37.23258077032465,36.373558690914265,32.939442067620256,36.27249277779804,35.91938080366416,35.20254044102482,34.86181361287626,36.2672183316278,36.132503956632995,34.51368813258164,34.00790356636315,36.4514525036905,35.842695977726116,32.41846147868114,37.0029612948874,32.92457971710516,33.76392663297187,36.04901772101888,39.34181360925721,33.20710400280571
photo_bird,41.60140576051727,46.8736756978758,41.46199084159822,41.35197426324406,41.73799138379827,40.45422949054335,42.894086300794896,41.702624090568925,0.0,42.511430564924645,46.804779408797536,35.44762633516068,41.320840483363654,48.32999755908255,41.37685352499347,37.68390763471908,40.95698526742018,38.03620188893945,41.35602353974128,44.074518137356144,50.87804616944507,48.849676130503234,41.28281078869078,62.737344166002515,41.79800577453165,43.435726271360004,39.68117317182086,44.95639857484703,42.330415892985016,41.22802203576086,46.417723244780625,44.09377516524343,35.26869076769942,46.84093144180834,41.20641394394023,39.388565336255965,49.32149148233794,43.51357661787002,44.54337588720311,39.31532103646936,38.993984205095686,35.62533581976874,39.52570470607602,50.955838544223205,38.498975483357285,42.11943483434925,38.01641533009103,45.7632641135034,44.88856644245271,38.8256243604635,37.109251415143866,39.60052255496854,41.77893826760471,41.220418937227436,41.37611181667979,38.85269271506667,37.67347252466365,42.817359211390716,37.996021070749364,37.55414022115266,42.40413509009654,38.32142316417769,39.869607586402495,38.688966407349845,37.22474047250544,35.11800810456361,38.09442584469796,38.428343393922894,40.901137036073344,39.95774067558473,39.26065036923677,43.9929930882985,34.116355519202784,34.84596992542618,34.498960767326345,34.6480526967508,36.2313672271676,35.470469830594,34.39670061082021,35.499225577806875,34.88516246186667,34.5893849272122,34.58883116644025,34.62115275165729,34.77279034940373,34.58585237327953,34.36718116108043,35.1311911593164,34.452614803486554,34.363292365691834,35.51251333114384,34.63314443853312,34.35983346052117,33.91860823325616,38.27992921820898,33.933302268496845
photo_butterfly,43.915707682921145,46.56007671595572,41.34623920165966,41.9535849890358,45.325804827982665,45.42920359850649,44.221294400018266,44.81613600185778,42.511430564924645,0.0,51.836897132221196,41.62814735800826,42.98591967457493,49.6643084915854,46.94168598849076,44.334241422215975,46.297247175661155,45.11290866424306,44.20110637361263,46.28746670372881,49.43856140963483,48.54248630690866,43.665958159692615,60.48079878865962,46.343851937237545,43.926706143822884,44.770459470893805,44.648901484053994,44.05754591818108,45.374426174537255,49.71213346847934,46.209825759520065,41.42701520822458,48.625915814181575,45.82964699410792,45.035892462276486,50.30135013317789,47.529137573790024,47.9334753661098,45.28930808126406,43.598470338689175,42.73977105726697,42.884198857514434,53.26091846834835,44.72363905662768,44.03612712259013,43.4281496904112,44.07761202806829,47.87389468169602,44.98413685559494,42.605699140601594,44.732232987561915,43.52099663644592,44.2874119873749,44.006766250587866,44.071289537587724,44.20713938810512,44.4472579888229,43.42222076939174,43.004098895097066,45.97390245265039,42.97072161982246,44.83992649438838,44.76505186188298,43.892843179361456,43.112189626463085,42.746770990984075,43.250973825310496,44.40744459061713,43.04542424804921,43.45971289556281,44.290072177668264,41.279417046919754,41.73336960563579,41.88215205772384,41.962993747139,42.79101138148087,42.525736285870366,41.78679040632815,42.13879801319964,41.56147247077577,41.8797899338968,40.73760467009203,42.113395452374085,41.566479262311226,41.75677238053425,41.569234215347954,41.7484147600771,42.05187959633988,41.42640419520981,42.37524462221489,42.10530080554004,41.601235552616814,41.951321082204515,44.807373297988484,41.33302102627921
photo_girafe,49.0645010878477,52.25031119207899,48.944004632111344,48.70604547869737,50.57097345024876,47.29988923993679,50.23565551156853,49.044049533396546,46.804779408797536,51.836897132221196,0.0,47.27726435670145,49.43763344848081,54.62498427225724,48.56179325110521,46.99210421236068,49.23123650604592,48.99860640209957,49.65096315089122,52.53404189972974,56.746277423074005,53.648119584055955,49.875266867909396,64.84591832051613,50.43754356406681,51.09253759467218,49.65287731551412,51.88609608348118,49.41170812811459,49.47494487221542,51.68484214012649,50.64028418240027,47.971025075668166,51.72633850455601,47.40528840356652,49.360376727723555,53.59947707130038,50.744516192617844,52.281478034510535,48.11502723713707,47.82857013452874,47.14863692462809,47.16852070170231,57.684927450389225,48.5691162473078,50.41659278248408,48.72963675702825,50.582379664060724,50.565242112770875,47.98684292144235,47.79012450180497,47.1595271789666,49.133267423991676,47.86035613531851,48.389851234292195,47.11087599553256,48.89829111725093,50.976910784179076,46.277521745226494,48.03424642092479,49.464714884165375,48.14770069620587,46.74509722775092,47.63156377731428,47.23811339617649,46.452904119174136,46.72579757098661,47.46420442942195,48.711228942874854,47.83092174300722,47.01395580473097,48.889538681440165,47.04444107467059,47.04666854762881,46.912974971249746,47.296929157236434,48.02123573413255,47.54018259337597,46.99997439094735,47.56143232173003,47.200195991209895,46.2153630553042,47.336469404254736,47.32100014247618,47.218197499349465,47.17134932908123,47.268049722837425,47.33574613227915,46.68787185025698,46.89289625355225,47.43856103011946,47.049295416688395,46.83406438547219,46.73079732093809,49.52637523106395,46.386146429825
photo_fish,38.67463690465185,44.8405442271836,38.989711723257564,40.56477896462397,38.8754199287532,37.696088985287346,38.79859894345178,38.2321018072451,35.44762633516068,41.62814735800826,47.27726435670145,0.0,38.51087642167099,46.202897634758784,38.91964056148035,34.52037834065545,38.10022913818465,35.25139351520314,38.56912981149864,40.54870959034801,49.63572870356457,47.23374751242872,37.62364692524809,60.93551931320643,40.92066881417663,41.06352446245208,34.68226748926357,44.0390476094499,40.176129007763166,39.786874318776185,45.531165071369074,42.50164248132119,34.93568065708235,44.30129520701218,39.06268862567128,34.47595870775674,46.252914685638665,41.66585959354367,43.02811066233042,36.38196380294858,35.62903480749443,32.0676180117931,35.16829124985256,49.713925265960455,34.99763549458937,39.51461404172448,33.64172265107927,43.67303171840623,43.35356515442583,35.807700075052125,31.816535728154797,37.60763159026609,40.375375767024074,39.30790249876551,38.745030896487975,36.19371877096209,34.875966769653374,40.20596955723213,35.437245166380706,31.382367772664225,39.74531961774643,34.82844760935804,37.69694012660153,35.978298737735166,34.09496534113591,31.835260751720227,35.31630777598544,35.7726505693156,37.7385281293499,37.05183467193743,36.41866809927203,41.5872701918878,30.002765479131597,30.83242096203397,31.005273827249418,30.70410906929267,31.333306765855358,30.42170432714725,30.5545608334461,30.067957926262963,29.16531971022811,30.2353297318905,30.308195754625533,30.453764153228587,29.574793432326338,30.704465317277105,30.761768090073495,29.9464303718299,30.562418481479643,30.65238316002721,30.76351400718906,30.359809971594387,30.813178655707606,30.008311641771982,33.625899803243335,30.222662438984923
photo_cherry,37.97478474079131,42.71777819103041,40.84705789969935,39.88419738698492,37.24313399201782,37.795005666898234,38.48422619039999,36.90097191138008,41.320840483363654,42.98591967457493,49.43763344848081,38.51087642167099,0.0,45.08378748440008,38.80508316323964,36.11160619551941,39.41559205970125,42.391822539816324,42.17094183760324,44.35152681626189,52.83296808624097,45.72782991895322,39.95480108379494,60.016511838076404,42.34015070568364,41.456935057081274,41.51017832247484,46.17569188767538,37.45004716655431,40.587726217374964,45.20000615166388,39.884542043998515,38.34339192817183,45.24533700642333,38.34950863120834,40.69609926622857,47.64162795760432,41.34107829500543,45.447861361245074,36.75242338736928,37.614712431685845,38.8095310724151,37.590069504034574,53.19381329460319,41.90525039677895,42.53825877403676,38.789950481922546,42.37907452483844,43.31552143963916,37.466864121365084,38.47936913934856,38.97059159512918,37.702279555315684,39.028148423094066,38.44094987292979,35.08301146370441,36.015567473756164,40.592494671785566,35.0916699335026,38.85873758652198,37.510837433455414,35.61720046294673,38.7108963661809,36.43280658763386,35.79724081188742,38.380747469176356,37.86599381630927,39.61451145190762,36.676634631827575,36.61545324933395,39.58294435060704,40.940506672466995,35.11814064661914,35.72139741707399,36.11728697549585,38.035454690687416,38.07922824349955,37.30420061093225,35.533861750911356,37.095073306505356,36.78981039491487,37.57866592084912,36.281608603784335,37.44756802958148,36.97475321653288,36.36542277574403,36.01967492595762,37.037808596217765,37.59770973606811,35.30956163130435,37.64441264562276,35.62553347588437,36.12518881265982,37.40294650488848,40.646244082529265,35.65875105151017
photo_tree,43.667667742870684,48.04665651816189,49.00256844856173,47.34492942519987,45.54889513228173,45.922956144191296,44.90979209998262,45.30832858975225,48.32999755908255,49.6643084915854,54.62498427225724,46.202897634758784,45.08378748440008,0.0,46.42069265469246,44.12132522446283,43.03076795810479,49.91735957805284,51.905039877910866,50.552795116131406,55.35516883692816,48.43587876433863,44.7204026340947,59.420757615855265,48.27096708633509,48.94394040932334,51.145944593474056,51.716733189026556,44.37745457700508,46.8112326774137,51.90061633074732,46.90323237884116,46.62555641787424,52.62625899427335,45.29602591902264,48.753731044241896,52.517856530756696,43.661990561257376,51.226728543943786,45.08867916364548,43.91603746877526,48.860989488044794,48.70807349574714,56.309859684942396,49.37989299860353,49.80602049099597,46.517219484425404,47.28679409993492,51.921073939644224,45.47492558574379,48.97814950604793,48.450845276597,45.171352677931516,46.51499362388675,45.92526108032268,45.17071745003617,45.1294187293471,49.189131723864186,46.04752337865535,48.76224166029991,46.51012219599104,43.69919714121189,46.11388799610265,45.50351262269125,44.36998343995835,48.67211066227221,49.37766792656915,48.89399783519806,46.36664697446336,45.70679653212283,48.8751779394102,47.56492306611298,44.34352227045984,45.0116023298094,45.444368062256075,47.169234309639435,47.87851350378537,47.439128772927326,44.79789169615179,47.29438656620171,46.82986216112851,46.96341779251183,45.906108209900545,46.71886174426281,46.81897696598419,46.078784866125496,45.7289472560886,47.15597788812257,47.586265109832574,44.51982773412924,47.56315701043417,44.81576800043857,45.92987720639273,47.02699012098589,49.49068840676109,45.92910410237622
photo_flower,36.803618339454495,44.420989631809924,44.13998701255488,42.68735280273219,34.88519810872374,30.462355093288483,38.10885283701509,33.371073869332555,41.37685352499347,46.94168598849076,48.56179325110521,38.91964056148035,38.80508316323964,46.42069265469246,0.0,27.457856608193865,33.902950224254866,40.753354233774225,43.90424903852435,46.15881203836032,54.677959686631816,48.6157626869305,41.29764067588846,62.14997021538656,39.91714771569077,43.08307305391815,42.13501894679189,45.51774926582173,37.24025511619955,34.117830802358235,42.13515034634392,40.55817621430003,37.11048214146708,43.53356502081926,35.83634742801445,40.557284100432625,47.166090392777356,38.81685106499399,40.48452040265389,28.074831250976978,34.92150295112051,37.923712425522126,39.72745134349604,55.87910593540142,38.54707601907166,44.6849486370562,38.12581415046643,44.148860780997765,40.983342800963534,29.20725559114912,39.24552584193156,32.3873951584279,36.13185546148936,34.38222301029045,36.62090119545654,33.15193045395092,30.53834642811215,40.199740594732255,31.915325021606925,37.98211264252158,37.110010049999616,32.58219998716487,31.624329117754087,27.819029391680825,29.522705134925655,36.17581668413299,37.08022549930516,39.755701669048555,33.95680099049893,36.0164496515894,35.27540694908658,40.08823680918887,32.140230063007486,33.03969362702088,32.7760805039173,36.4680142477046,37.45754201823813,36.35027074628755,32.84873991151301,36.46514956282899,36.25478952557409,35.54359952910768,35.19981740278379,36.06260395776477,36.47051063893978,33.64321731969221,34.01951329663582,36.727708941011244,35.816166746238736,32.43636655350301,37.041284497315644,32.76336033517354,33.16035051893106,35.501709774651964,38.962389919298,32.802380625500945
photo_carrot,34.40634018701032,43.49440777322902,41.378042153891116,40.26822349426791,33.209659322647276,27.292804043548898,35.397057945628674,29.440530759018095,37.68390763471908,44.334241422215975,46.99210421236068,34.52037834065545,36.11160619551941,44.12132522446283,27.457856608193865,0.0,29.617842115549067,36.96981168557928,40.94074716881621,43.31709725888216,53.06073841476104,46.985928508660365,38.17471273952211,61.580184195924225,38.03911806830588,40.63621737433904,38.701527186209894,43.28590313056896,35.182842247648956,30.206507339624707,40.510553918727545,38.08800423851352,33.57738150480251,41.45128877485855,32.484107846289625,37.37174358013567,46.066765532460494,36.26621383127438,38.63528303200115,22.35223558488711,32.502202849552546,33.882780492414405,36.660515375284795,53.81609811536618,35.101779647881536,41.86203671167477,34.26167025166825,42.09252786596797,38.97493554130415,24.38778271838148,35.629702742265536,30.39010310881859,33.904865494282404,31.17737386371398,33.8005485800488,30.44682625816707,25.54638178648176,37.25800179789805,27.553724679222373,34.1141733627871,33.679788530516035,27.357415348516657,28.540893808592706,22.148268954014018,22.911377341568077,32.004023213402725,33.54588653258875,36.589501813152644,31.423376925429405,32.54903505115361,33.205825306663776,38.592540188338255,27.06833196514504,28.52824894508378,28.373725579892167,32.441508884925895,33.52392673326846,32.28615173869085,28.17090930562152,32.23685252698612,32.00713861080582,31.20576377344781,30.800668294284318,31.807962695746603,32.2340875962628,29.327562773812105,29.40467551970287,32.51751921288881,31.56366904513253,28.048590821731988,32.96926371139408,27.841081654281847,28.68900626113993,31.230006119031778,35.15471236743662,28.199919036267858
photo_watch,36.91194369053624,44.370576858178445,44.30170334062628,42.75203635784682,37.492356406620075,34.01017664553568,38.90599975753636,35.24375631172502,40.95698526742018,46.297247175661155,49.23123650604592,38.10022913818465,39.41559205970125,43.03076795810479,33.902950224254866,29.617842115549067,0.0,41.79033151545033,44.92064415774009,46.028966064571726,54.02812249766638,48.00986417798808,39.624500724175725,61.304325194117105,40.0409112340572,43.46336050216899,43.35628448923203,46.011590923771166,38.00191709315519,34.89270212253964,44.12641096686727,40.32702445323261,37.153321421908885,45.799804244811426,37.175168564320515,40.85052398255825,47.777340294557284,36.60986381133566,41.49465270291295,30.80541170241763,34.69366882911237,39.15550320707725,40.91350429227337,54.70863697569654,39.93893461457544,43.93029365637982,37.76865287473156,43.34621735048891,44.142193857059695,31.778767225670308,40.17846801341953,37.34573928951745,37.99613693826042,36.59704151895394,37.925846743348174,34.81662280936781,33.009392545393915,41.42870902071097,35.055606925377226,39.129202024453406,38.17253501174695,32.13918836422755,32.944711946166095,31.285077109129922,29.470557111265155,37.96444357458489,40.115145460286996,40.61089517035051,37.95108746777374,36.2740606878988,39.05364865764868,41.13829467337502,33.36188207696594,34.23950412442438,34.11900112148655,37.150634930958205,38.45155984388463,37.44264472745175,33.962336181834196,37.47154011483028,36.75745390311388,36.32610277980401,36.018939088079925,36.870223777504684,37.27859785121183,35.09834152270007,35.28088149350819,37.396629694064615,36.81649345848235,33.52650407065708,38.09616621731413,34.004241646977476,34.73704698682677,36.276571770840995,39.926362907937346,34.42378133718293
photo_key,42.747418612325234,48.210784942682004,42.75719541321181,44.27010810653307,42.0543563177286,39.43878659743015,43.02421438301333,41.21847012362873,38.03620188893945,45.11290866424306,48.99860640209957,35.25139351520314,42.391822539816324,49.91735957805284,40.753354233774225,36.96981168557928,41.79033151545033,0.0,41.55697137492155,43.247167635890804,51.88992097363512,50.540094477400686,40.97738518932957,62.8353977479116,44.419483201952964,43.009966684811836,35.019704733724225,47.155023692421516,43.702524666149195,42.22257395939039,46.60569997899139,45.162325983624655,37.36204369841173,46.83263430235973,41.943898174552615,38.20891303486155,48.39346290783192,44.82097559716048,44.42050936044359,38.24246538441671,39.35872903425348,28.338918890572845,38.56100866012142,51.5086838663207,38.07429850391663,41.99428756212634,36.045228867180626,46.94028611604988,43.8797081057238,37.13919760118538,33.438560519112066,39.00203298360302,43.394735740861115,41.62621836578542,41.01198021390319,37.81291812508648,36.059298930621196,42.48653241287075,37.37616480218054,35.73227050656784,41.463276438240456,38.33483606178983,40.26047735035157,37.64423779716125,36.313175055871824,29.70636354284845,36.46443116701109,39.19113948798913,39.96870346158602,39.959368930697174,38.895421435077374,43.5713969785291,31.292920057025228,32.0336761123756,31.523791512148897,31.611047940334384,32.84347034626622,31.84485878458851,31.70349062444278,31.615184664958218,30.956847416005328,31.92289852937227,32.28838802611352,31.463670413747973,30.747698357019587,31.317935264261035,32.24260083558381,31.182143545465735,30.970730697380034,32.11224009489597,32.08575685628787,31.672264313294086,30.838151030184157,31.30267752568661,35.646566911087135,30.714331828326042
photo_truck,43.32392880808474,47.69544844907175,40.7202238020166,43.31040379208778,44.15580074358227,42.602254951061305,44.0228997290655,43.17427410279993,41.35602353974128,44.20110637361263,49.65096315089122,38.56912981149864,42.17094183760324,51.905039877910866,43.90424903852435,40.94074716881621,44.92064415774009,41.55697137492155,0.0,44.36252873016704,51.09331268778381,49.00610021179994,42.07483273237599,62.85189295362481,44.514817848923826,43.76699196561953,40.04859817697606,45.49148174146457,44.486079179780404,43.31026696828859,47.99440290860558,45.23801371999068,39.33466012235357,47.51948079694059,44.07311863614533,40.70145806170883,50.02152522628368,46.74050070831913,47.11267795606341,41.88533881349223,41.67468663899349,37.644808549114735,35.60088984077264,51.37711837670357,41.8056006672562,40.727544945380785,39.636763938996886,46.12120709213399,45.031600397830715,41.45449065740416,38.34756780152593,41.83099509458687,42.959965489497826,42.876067470668936,42.02566028243903,40.98319141359075,41.059906590969995,43.55729240169525,40.23032092717008,37.42207952822657,43.15642608584733,40.080310890705086,42.28454101615254,40.97581169734185,40.38608774710423,37.828295014062554,33.46747178249424,37.03004314656613,41.29780527277861,40.7763390923204,40.19934896949668,44.228645636882725,37.949087414616024,38.30917803573299,38.59717785038577,38.683649448590245,37.36570406834061,37.203295633200526,38.078875628054114,37.23155358794258,36.66170274022537,37.91853574652977,37.85752134236931,37.47032758508765,36.79999761927265,38.52593341472782,38.07809226318051,37.05277963845747,37.88888710264373,38.253342007492336,37.30134818369267,38.484022493176816,38.47424976848946,37.87014506811562,40.1106181646604,37.655227562596295
photo_velo,45.01093559373516,49.7448371833852,44.85634776677667,46.239593979518574,45.59165873922236,45.0626545758522,44.831172443169244,45.35712902056281,44.074518137356144,46.28746670372881,52.53404189972974,40.54870959034801,44.35152681626189,50.552795116131406,46.15881203836032,43.31709725888216,46.028966064571726,43.247167635890804,44.36252873016704,0.0,53.13314419550871,50.70449687466885,42.359682617089405,61.22527425397617,45.350960640382425,46.78408665046968,43.32210602415471,48.95779662453391,45.21029152017334,47.15567902487643,51.1273923731909,48.524492035572486,42.810574659181796,50.401753743031335,46.49172498106646,42.92671713730523,51.66350520599993,47.39605819585288,49.67993579197755,44.6932366569588,43.708587193229334,41.638684145769,41.434303925783944,48.27323788837762,44.403220669853084,44.66584368701838,41.59226004637321,47.56936819345453,48.75435680967768,44.25435466995914,41.70614081361156,45.04778080774561,45.62283080775743,45.32677567494167,44.95254215381785,44.01765709588113,43.71454969675432,47.391855696015675,43.94002287106525,42.068074329975836,46.544190279545134,43.2165882816645,45.37758076538373,44.07850401078091,43.387391894961155,41.88015295838183,42.053614215167144,40.11287612521091,44.848484973298575,44.484752697123,43.60493523627584,46.7806687441473,40.30530264701041,40.597520297672254,40.74326461743696,41.32349676997131,40.9620221639787,40.26750365376988,40.49196475109828,39.530277979098436,39.76054877520081,40.81674337774107,39.73952563689556,40.75034512050192,40.07309684064682,40.7878859860568,40.635100484118595,39.99520082366269,40.81940066780612,40.49155888651306,40.71894041164879,40.780536817839256,40.58504129520559,40.83962750193269,43.38625794526894,40.36814084712536
photo_road,52.036742681682725,54.02670259207531,45.205606398351044,49.478914362694695,53.90246447132122,53.990365958526226,52.25196071740237,53.82383338195427,50.87804616944507,49.43856140963483,56.746277423074005,49.63572870356457,52.83296808624097,55.35516883692816,54.677959686631816,53.06073841476104,54.02812249766638,51.88992097363512,51.09331268778381,53.13314419550871,0.0,54.21158906134771,49.325617793802905,62.639270530680356,53.13518609410153,53.678096667079224,50.968868578879054,53.323575754269214,53.67891466820421,53.82411646101065,57.97149033890737,54.99660083034518,51.155539852043454,54.05780242741121,54.46287908706712,51.191215623497236,54.54975211486463,54.01502812200244,55.87260545947206,53.92303368095937,52.26875522665599,50.91771723684286,50.213580430241734,54.90973377529281,50.8826395177294,50.394510601013444,51.50753568673724,53.22340753886594,55.15242405079883,53.6665036564495,51.19262914028528,54.35118567949912,52.639114120884805,54.20741490662209,53.48134543558523,53.368177304065505,53.49316035407365,52.57898203102359,53.4165177445077,50.8859912883573,54.161285124552585,52.18254094621684,53.27437665507144,53.32566532785084,52.71791050051484,51.39288585323651,50.34095644896066,50.4996795887262,53.59349377433915,52.97390090440031,51.668373059025775,54.06814065666352,51.69328980209368,51.88998312011713,51.912540733901025,51.11235721894107,50.961925665594165,50.73684450806728,51.9532951331979,50.671377226806335,50.72483579018265,50.49650401088063,51.088091205259246,50.60525179360781,50.32990159063765,51.75642935523952,51.658912518095335,50.692908386640795,50.81189408111503,51.99911286550582,50.7358566123563,52.154634580821224,51.910438026032224,50.95122465126163,53.1124534553813,51.74603904058866
photo_house,44.96635727988598,45.73954862783358,46.37842941086855,45.53739956636804,48.17865821472922,47.83767509428992,45.81077829589141,46.77167787701414,48.849676130503234,48.54248630690866,53.648119584055955,47.23374751242872,45.72782991895322,48.43587876433863,48.6157626869305,46.985928508660365,48.00986417798808,50.540094477400686,49.00610021179994,50.70449687466885,54.21158906134771,0.0,47.48510555037205,60.850348068684525,49.04262121048198,47.56504099444808,50.023895350168004,51.035436298923074,47.19728394533604,48.22605455770018,52.52103646349201,47.94852342323475,47.31325121950867,52.066685637753906,47.745445663941986,49.64495791495756,51.95681363605499,49.18923882771173,50.94729031469074,47.78455984686861,46.96952686428615,48.40440894669384,47.79022683560543,56.58739768244046,50.00435331161588,48.28164657412141,48.578520052161124,48.479565509457935,50.5824002886438,48.07159315706021,48.59411283595996,48.561371205342404,46.69526716781197,48.45553011228002,46.24510800629763,47.30081580051509,47.44826631832435,49.37722584749718,47.12418372037431,48.19262514447055,46.58933225922517,46.92053913431731,47.736833975479115,47.50988392217053,46.9763330212345,48.60590826676019,47.813774371838534,48.27082864786051,46.44936924377716,44.67396474197865,48.60659241671743,48.59903100362435,46.990660541063306,47.47165804223893,47.60773347954287,48.24505599798446,48.39540289377684,47.92974552869971,47.35515640648075,47.745683608669886,47.45789051783277,47.974888743747016,46.81522947385133,47.95280527570093,47.51012233567771,47.334089771570184,47.30868728866938,47.779142151234495,48.054488136630766,47.21736019362462,48.058880590515756,47.56372811736993,47.55291338496462,47.91344568711534,50.5210514462781,47.189308868797994
