,photo_face,photo_profil,photo_eyes,photo_face2,photo_walking,photo_standing,photo_hand,photo_legs,photo_bird,photo_butterfly,photo_girafe,photo_fish,photo_cherry,photo_tree,photo_flower,photo_carrot,photo_watch,photo_key,photo_truck,photo_velo,photo_road,photo_house,photo_mountain,photo_windmill,drawing_face,drawing_profil,drawing_eyes,drawing_face2,drawing_walking,drawing_standing,drawing_hand,drawing_legs,drawing_bird,drawing_butterfly,drawing_girafe,drawing_fish,drawing_cherry,drawing_tree,drawing_flower,drawing_carrot,drawing_watch,drawing_key,drawing_truck,drawing_velo,drawing_road,drawing_house,drawing_mountain,drawing_windmill,geo_face,geo_profil,geo_eyes,geo_face2,geo_walking,geo_standing,geo_hand,geo_legs,geo_bird,geo_butterfly,geo_girafe,geo_fish,geo_cherry,geo_tree,geo_flower,geo_carrot,geo_watch,geo_key,geo_truck,geo_velo,geo_road,geo_house,geo_mountain,geo_windmill,word_face,word_profil,word_eyes,word_face2,word_walking,word_standing,word_hand,word_legs,word_bird,word_butterfly,word_girafe,word_fish,word_cherry,word_tree,word_flower,word_carrot,word_watch,word_key,word_truck,word_velo,word_road,word_house,word_mountain,word_windmill
photo_face,0.0,36.38870226817471,39.49079295824393,37.42210123542483,34.958525131433504,33.40534416861028,32.9516995958508,31.913119309586527,37.586441998797206,39.71293198352729,40.616373300624005,36.08210694113168,36.171884896696305,34.5441477919755,33.27350641274179,32.221007444743606,34.1164570839527,38.00274973354811,39.480492585366775,38.87871362722789,43.278870581096406,39.11526082648693,36.75050593997097,43.023611423525516,37.14618117904349,38.35621879998833,38.9836355422984,40.80467356513135,35.72889801459911,35.2163823964615,38.23294967488716,36.51450215529018,35.685522147574005,42.551849104077725,35.035428082084,38.26513720357167,41.16775465796708,34.148926276157475,35.75502058048354,33.15688937642069,33.59128759779284,37.154996554829204,37.74869131649721,40.15812169255172,37.31033365589391,39.856460089867085,36.874992847753255,37.54480527336434,41.539635963916076,33.69923323963138,37.79444238628233,35.24148648724261,35.00346926661396,34.941119912245064,33.96088109633094,33.22066517710466,33.13536103232206,40.19415405038139,34.83361783625919,37.807577653782104,37.61307909174228,34.1135943967444,33.36289718965281,33.18271100180858,33.037778246143354,36.721443302906295,37.52602646380674,37.217801918767975,34.891770367676116,34.715966134617545,37.02782247020049,36.869917933334456,33.03047718711428,33.76490949704608,33.93088676043851,35.84850291149052,37.404665123110256,36.83896647359757,33.42693530544869,36.666485029355684,36.39578234250044,35.86606397720278,34.94963638013477,36.611976407528324,36.64997341900429,34.570841801743214,34.440493485959365,36.68038250854524,36.236927426171654,32.791620606085104,36.941688672900256,33.25700954481244,34.45086303941531,36.630654348490175,38.51834592532896,34.81414737148161
photo_profil,36.38870226817471,0.0,40.054507529710335,38.67172861482979,39.193405285603,38.60996697397265,37.44715912222411,38.00681746914455,40.52807864804019,40.02122493907391,42.992320147647426,39.498443752483254,38.511730087482626,38.564678378482384,38.969482989405414,38.131606045193166,39.68359654246565,41.26155610268047,41.695140901854714,41.70992977029368,44.23432219651806,38.64967940041879,40.13731088913546,44.20257003972974,41.56891882604028,37.138806490696744,41.87337381832031,42.466563100584075,39.759599691145425,39.62719074044459,42.41428070527714,39.6032481672971,39.996815321126185,44.216622570350616,39.00729894767839,41.7442326281566,43.440798156291216,40.186294959494816,40.014747811292246,38.98587019538447,39.40540298302656,40.180383736287034,40.37341776525491,42.57602005678338,41.28732461603893,41.484154839695876,40.803725380387824,40.23480461819532,42.69346863497922,39.28673233388481,40.62413560406023,39.84581631551866,39.459111364490816,39.78670050240547,37.93527309031543,39.07478885723601,38.82450479488175,41.63024906461395,38.45290056354428,41.00073454214311,40.193381150005024,39.09331482338895,39.24088496684144,38.78510115844945,38.8034553303096,40.60659117637739,40.44865399877467,41.23050942334307,38.810718569001985,37.470121355522295,41.11782386960676,40.101775208154955,38.58043512489532,38.998071818073974,39.19836046119188,39.51039943992977,40.5390941631802,40.15081634402468,38.676283515287125,39.906377104397166,39.48609014878185,39.88584216223892,38.46372968253165,39.98840147374019,39.823795610467485,38.97551291838629,38.74009539688421,39.800525298328715,39.91148013278772,38.905015746092594,40.1386327585622,38.80739937403079,38.904243853057665,40.30449227969438,41.9981757370047,38.81637091044842
photo_eyes,39.49079295824393,40.054507529710335,0.0,37.24049436782603,40.721059303336105,40.42636988690763,39.456392079436284,40.41963060681887,38.39523887804312,37.79193258026849,42.095653624174545,36.93802086338048,39.68291811457897,40.85484162689228,40.66496728657758,39.20550129319501,41.609466044272686,38.889861443274654,38.12644087812764,39.66324122769793,36.14083835620764,41.263224814696684,37.89067109335306,45.25735444596935,41.983836558944375,41.864586833046154,39.16305599872859,40.74646170778712,42.08418601206513,41.04563887950532,44.43814421517734,42.81737274176812,38.77502866315028,42.166221681257646,41.63115179243706,40.03465014195205,42.35846174556217,41.50435158509608,42.09761005015241,40.62413981805947,40.87917551038883,38.188294548926855,37.682100742553146,40.19396085907947,39.693540772452295,38.35165320697672,39.93101766343911,42.27465000060083,43.44621163145525,40.69884932559202,38.351244557693,42.27110351894079,41.18978191637618,41.692609052774046,40.5812954618132,40.80790801003856,40.37034678561686,40.61036381064368,40.28023948670209,39.0577474012298,42.78153436495745,40.27667446912578,40.71811821038799,40.15207807201523,40.0315300627278,38.65004536414102,37.29283954975372,38.75653837340968,41.16048635879858,40.90623916786917,39.861013955230426,42.67539365051644,38.20979755769503,38.727467089453306,39.00639762633891,38.279866449896396,38.50590026713687,37.87677843672028,38.48252650987164,37.97260336092407,37.775719700315385,38.0451986591918,38.09688375202322,38.13631237243615,37.78976113197578,38.57337548201953,38.494129889305135,37.86083154770857,38.429209465599925,38.58011057228787,38.182390598830885,38.55668914101217,38.53245649490738,38.52970804472366,40.22605602680457,38.61815056795345
photo_face2,37.42210123542483,38.67172861482979,37.24049436782603,0.0,38.923980627418246,38.952605157662866,36.895987092223905,38.77759513707398,37.79812758062908,38.313010795353726,41.67305243785117,37.807672805051666,38.42830396462304,39.038413480771126,39.23321740223384,37.997134886626455,40.01723728579622,39.80010413974216,39.83391617545993,40.366235024463506,41.37683155076027,40.105903856537154,38.779760486278185,44.37778150038655,40.440221864229386,40.82216713600432,40.44816918144486,39.85832889461539,40.26172951763588,39.28386981845738,43.02747237309191,40.78480457281612,38.45068968500618,42.744837753442326,39.764476966459554,40.73639017472607,42.07406712063706,39.903486382542006,40.33307424655775,39.22706205323434,39.356251237478006,38.981784036566204,39.25682269003098,41.25510170861249,40.0858202902694,39.67276985983721,39.7793609773469,40.667458318344245,43.4848318868468,39.242213427839275,39.74588544320036,40.501590514080824,39.384018318278976,40.11048356764438,38.34913905825046,39.37732212338352,39.13738733487223,39.31234267418391,38.70627480534901,39.743604058151575,41.245200250838884,39.07438643551585,39.10255902722267,38.879290460340734,38.76326943555838,39.15849142956876,38.748632145780945,39.53174362677888,39.31895872369845,38.81242014170713,39.51601271779346,41.117921893593156,37.53548276842237,37.89209313726273,38.178527369795916,38.29567765655047,39.608050688315025,39.290965794167164,37.65794325284397,39.13867591832644,38.7711214402532,38.60518695770116,38.05521007431718,39.02283560320367,39.02989234031434,38.11803674435253,37.725619871247424,38.947875917760946,39.02547628346174,37.69970804210276,39.18053184557444,37.92646265216918,38.14812959562484,39.04999693080086,40.88673825780772,38.1617782154829
photo_walking,34.958525131433504,39.193405285603,40.721059303336105,38.923980627418246,0.0,30.959611958485812,34.453864690399705,30.80543289555502,35.10845991248717,39.25245835858091,40.015869329803515,34.37879108339615,33.47502197733922,35.17035360383282,30.091631862046242,29.362819851920964,33.17731964258794,35.34153325142128,38.01485883727349,37.16947529045968,43.565838547578984,40.95387400477929,33.95747866178775,44.53752807832191,35.696988780472815,38.411284173638954,36.863620093564904,39.206203017184905,31.708292388816034,33.96253834485491,37.83294695191618,35.61572277182679,33.678281531811976,40.15653725112347,31.996398638382548,35.791378991660444,40.62855672809234,33.09530918278219,35.702464776927485,30.666896272230456,32.387052878172234,34.93558635727232,35.5703776412771,39.09517737594338,34.742868370998515,38.04607142435092,33.50027776521508,38.210292957301064,39.27630604069043,29.801767524321363,35.814802437926424,33.27541891165363,32.707736249151445,33.30635633265076,34.03593610006607,31.35078310785773,29.835099967681515,38.0786589412614,31.211059121622526,34.84248928699749,34.80933077496264,30.91361626364201,32.834032592827896,30.33176698477858,30.24214646960482,34.02152131323606,34.4035119698007,36.048963956653324,33.44969139220087,35.246668923857726,34.44801530005396,37.00519145919126,30.312597043032085,31.113161333458102,31.620107319339827,34.07027151607426,34.84566211018661,34.243959314069606,30.66212854757888,33.95185699229983,34.051516395584116,33.776485910928216,32.81606001626385,34.17446080220836,34.13533877196019,32.0015090165561,31.712394073256576,34.2585440285879,34.115619610358095,30.682479465178368,34.44330981241437,30.763719315534775,31.9468186043326,34.41294706250977,36.461241963878166,32.05803314462172
photo_standing,33.40534416861028,38.60996697397265,40.42636988690763,38.952605157662866,30.959611958485812,0.0,33.268863151423886,28.27497414906621,35.01844269007525,39.937902546132285,37.643667120112774,33.9973117447323,34.835496108942785,35.18174917726888,26.581395049000953,25.144481764855982,29.88474125891178,34.32706479041902,38.01963639004721,37.65162804143683,43.62247963203929,40.64058761470711,34.783813415111915,42.81811243743036,35.63891005658784,37.98069316387338,36.40173997123602,38.751101704233676,33.6170485335547,29.3899631338593,35.793912899657364,34.930538414105484,33.2940441289026,37.82609534379164,29.919669194551204,35.713852136107384,39.71664419489119,31.916574548282448,32.87407719988444,26.17363099479858,30.897634628210273,33.81744488307296,35.208622386722254,39.65438825294083,33.24095380469062,38.541223953681836,33.19271471373542,35.76990253993148,37.34420866077548,26.410827351852916,35.20032635884085,28.364873075724624,32.93572012012724,31.048516830165987,32.50992401448708,29.860407541852677,27.49834945979748,36.789604269244094,28.367540175288323,34.56872147921812,34.80161983557639,29.826467097349102,28.899435744329317,25.28947687087878,26.88192882939984,32.72288045063587,33.66775827186402,36.02696283039351,31.459576197430863,33.71010768370973,32.533794076023014,35.16408183278094,29.08702418692969,30.053723846386937,30.039842542453602,32.76419803363907,34.059417131543015,33.44848153551909,29.46485396143185,33.21774463631846,33.26803891328743,32.34036750471145,31.940713826917097,33.2468218570604,33.51482600742157,30.775035153923398,30.630362167945737,33.44477255913735,33.010174892769044,29.47590398394745,33.64573504091265,29.391760543314497,30.288538230929035,33.17523824257815,35.29751660982031,30.29936679583732
photo_hand,32.9516995958508,37.44715912222411,39.456392079436284,36.895987092223905,34.453864690399705,33.268863151423886,0.0,32.654229778012834,37.600305616612694,39.171713812997965,41.247169074855584,35.182524993169736,35.09513452350053,35.24683446629066,33.653777424799266,31.75665510838563,34.723344415859756,37.5353679009231,39.41691160615111,38.18835011785531,43.31994260780128,39.233770441209565,36.66286463210419,43.6160334860114,38.69722641197076,38.5114327491258,38.09299341707469,40.32289370657796,36.29437377832157,35.07814059858604,38.536921428705654,37.46922690717549,36.75684071038425,42.022352936806826,35.13535292561427,37.787657108821335,40.667741473689865,35.41747961479029,36.44544884148836,33.10504712378841,34.474447227054114,36.45714967618383,36.9180916329866,40.18308459629751,37.00170877283432,39.220245513019684,36.58357656369019,38.420151969343316,41.87345254385896,33.83981918077678,36.82780862164032,36.26704747404671,35.81829940024662,36.05513716880248,33.810337061375364,33.99348421809238,33.31940004961856,38.99650593607924,34.347947696224104,37.03486944989449,37.87241323775669,34.20808339523261,34.80946977732152,32.664321944699296,33.177385280728,36.35039216901436,37.093831113200324,37.80207205175971,35.344071283202794,35.40194818195723,36.883422178163265,37.87597126729323,33.18450164180743,33.709791466444955,34.20384420712589,35.592465541256146,36.636354565075095,36.036047484214116,33.48501397405604,35.54201817604043,35.68702238886651,35.4177085495987,34.35804918394587,35.89907813708966,35.84679561764842,34.22661481037623,33.68593629941343,35.68330906985939,35.94388292329889,33.541666834621665,36.2098121544886,33.64320254354697,33.749457404931654,36.24581462029389,37.79919385265517,33.89327375870451
photo_legs,31.913119309586527,38.00681746914455,40.41963060681887,38.77759513707398,30.80543289555502,28.27497414906621,32.654229778012834,0.0,36.117473930286565,39.67186855401309,39.12110174484673,34.69273008742214,34.22687829252722,34.39129244366523,28.86982139356809,26.993461591935507,31.138740014733504,35.667321356466616,38.65804328704859,37.54872934426055,43.744194495003136,39.96741360059104,35.35734536699632,43.06816162312396,34.910374005622636,37.92104719478808,36.674021550995946,39.566791354491734,31.959388845192535,31.539929384530193,36.23911102696665,34.42068891023642,34.35691497576624,39.87473647953861,32.06978403952742,36.42349091536389,39.95965504198843,31.768851562029248,34.02107103131003,28.56358180202436,30.665739591792153,34.86657220327141,36.3354520994927,39.65147121016414,34.55616045811762,38.77161978228738,34.160739461024136,35.87786215993913,38.67285468016529,27.783440141358675,35.53462873091859,30.581097415958048,31.847526937951404,31.375813917749646,31.910471528988325,28.574804465503927,27.488462006924514,37.76087038886305,30.98348798855373,35.084429263371625,33.672796950121864,30.044757185933516,30.33337203288066,27.78773673961467,28.243494679411313,33.96211421060916,34.84500592898861,36.020081994944995,33.09085572630058,33.33885835015704,33.80534221851668,35.22894195828886,30.189629398312928,30.951787428414804,31.418942712994507,33.74589475743473,34.65082515434296,34.14994598127493,30.432509376736174,33.89250431191766,33.913367825749226,33.11503880009256,32.53985672182795,34.25249399630567,34.22526287247358,32.02404863901752,31.62381711700386,34.078791753254635,33.75757485583317,30.189597634362936,34.38760975025522,30.433782728368183,31.60867106455867,34.29397914293326,36.27232897459397,31.484713924657914
photo_bird,37.586441998797206,40.52807864804019,38.39523887804312,37.79812758062908,35.10845991248717,35.01844269007525,37.600305616612694,36.117473930286565,0.0,37.2077980671842,38.009166990505506,30.70701966670611,36.756823319174096,37.61085749486511,34.48058664026632,32.746344575128376,35.31443914671663,31.120850910352292,35.34663155480257,35.462202691498454,41.6099236870877,41.83542729992143,34.92957637274131,45.71724804819007,36.71443051007954,39.01113335310305,33.400314749788265,38.26708465984109,37.30090874061486,35.623133119322276,39.61073985145606,38.67730150247766,30.687932116832116,40.622774837025645,35.3300327081852,33.80865066035434,41.09699373440877,36.11757480360039,36.5755256392093,34.127692391707036,34.41892513194769,30.477770264458723,33.98443393005235,36.48354707041963,32.25954205260666,36.04112096597756,32.350413672895286,40.0041457351267,40.40359368610095,33.48652452514841,32.49130488301825,35.04521418543174,37.02000374172147,36.133610178136884,36.43977649128408,34.57595407781516,32.927986068199864,38.03662241025594,33.309198462015665,32.63926268566567,38.367143719859875,33.940809589484466,34.988618955357644,33.62350069186107,32.49539861141748,29.98351678503769,32.87471728405377,34.158072665175766,36.21272589883865,36.49625657315874,34.81145991208708,39.231248420132395,29.272414322353082,30.30125902792085,30.03284299084997,30.156886852460357,31.4025262371762,30.786444319651405,29.387247583039542,30.53732500000881,30.515459738412595,30.215001249335767,30.309884296431164,30.49124529843702,30.63476941281105,29.685153599931233,29.157535622958104,30.807430157826946,30.46029825737494,29.830551887013563,31.04620391270978,29.52015771887073,29.634282443972694,30.38789548929146,33.39071348394031,29.60595119679645
photo_butterfly,39.71293198352729,40.02122493907391,37.79193258026849,38.313010795353726,39.25245835858091,39.937902546132285,39.171713812997965,39.67186855401309,37.2077980671842,0.0,42.36975987971916,36.68528814515077,38.58390201128608,40.10657692396143,40.149705194168746,38.91153377868457,40.795360358233395,38.76489241869445,38.63818614879282,38.86398378148777,40.74681211162608,41.59790682346101,37.555680752895924,44.972703146992764,41.29959199523356,39.6757372947624,38.98904802583637,38.15378981405665,39.40336380409555,39.89307893042979,43.01134811173125,41.144238444173716,36.53682209221406,42.23529418502243,40.01728046601674,39.54392314427213,42.414554765386136,40.32404686928843,40.68621031183882,40.00178655237894,39.21525946555634,37.43430610445065,37.36489101886819,39.40978370093592,38.565011433218174,38.41915429430755,38.26864092772653,39.421543320992825,42.86172101797149,39.64194843114545,38.24177605953149,40.27920709618051,39.422752595899944,39.29753840835972,39.27386476510039,39.62673564895546,39.09133167657579,39.34485139672773,38.69675047258564,38.225051584153775,41.756089652395424,38.77601198018145,39.98991633456241,39.40826983212488,39.107705659970726,38.00050441973004,37.61646405153539,38.73528504518808,39.96044895915661,39.41515253188344,38.87793510432696,40.14555839890864,36.71336157572555,37.150640242186526,37.330184079418714,37.1508167544233,38.32776156297445,38.067537703671285,36.93987110544073,37.662844781771504,37.3662412777026,37.693256651297936,36.46493248418364,38.026168067160846,37.48142263407407,37.01934071447729,36.76429525452419,37.39338236089349,37.80860049494702,36.93007810261137,37.83750874512292,37.0557912393771,37.00307127609154,38.188682489090944,39.82590868638212,37.03876935057325
photo_girafe,40.616373300624005,42.992320147647426,42.095653624174545,41.67305243785117,40.015869329803515,37.643667120112774,41.247169074855584,39.12110174484673,38.009166990505506,42.36975987971916,0.0,38.59825392566862,40.77929604990228,41.088872922325265,37.95513548368626,37.2024949043155,39.39274543725994,38.68356710939197,40.33390331655321,41.530417421105874,44.90593643265921,43.667699254346566,39.814924119332616,46.72359607607226,41.23477231576231,42.8124883457158,39.6857469450172,42.05480588298807,40.426809523447844,39.33433142633716,41.912225999316284,41.10923398757727,38.9529006231886,42.63283134679027,37.62240172725158,40.3719623011272,43.54753939574128,39.64698196650458,40.955485873988955,38.01149005419716,39.055630410512315,38.15089129461216,38.51139330919923,42.01367390116187,39.1124346111357,41.309147721626566,39.21501193047839,41.33046357410945,42.41301555408684,38.00976687467663,39.1971442870202,38.19936252155613,40.07233398694789,38.85477211428243,39.16204389706984,38.200500641012624,39.316252259469934,42.605667528352335,36.54227125517845,39.30432142622667,41.15894016834439,38.95160446489728,38.191345420988135,37.56636546300201,37.79876096325509,37.62540337145594,37.29862492270025,39.29159159676054,39.523182143086565,39.91037992073416,38.71565463719599,40.859753849099725,37.378978488672985,37.668207501007856,37.9340264873424,38.220688649725005,38.955966610925216,38.61505016764217,37.4562132017189,38.7546790641303,38.52679319125161,37.51429509556004,38.21791892890092,38.520590973413846,38.6257917120354,37.993139723982566,37.81175375302882,38.556396153978056,37.95361281639528,37.471675398325885,38.7946874250121,37.58552621572463,37.62141202918903,38.259929258795935,40.46850893165981,37.53346253035364
photo_fish,36.08210694113168,39.498443752483254,36.93802086338048,37.807672805051666,34.37879108339615,33.9973117447323,35.182524993169736,34.69273008742214,30.70701966670611,36.68528814515077,38.59825392566862,0.0,35.67638637819926,36.22841467489358,33.842491274698055,31.29407335576899,34.15625902075746,29.627162392574512,33.27781705079524,33.25987677558134,40.2533715823767,40.72669569831223,32.46761125010868,44.411798919808035,37.143751106723435,37.97435154927788,29.738812811724536,37.743959936357285,36.69855529384208,35.19183852735865,39.32947207027089,38.43381340932037,31.399477849781025,39.757655404951464,34.692802105760656,30.100776732806192,39.25889255092494,34.98897208991122,36.36996777961511,32.8025501700558,33.19509064607101,28.343113929256194,30.945308833961693,35.164620216299326,29.884114045343214,34.65797896383635,29.565665420588658,39.018888180014116,39.92837758722374,32.19685854699592,28.91213324761097,34.67202378919781,36.62240161114452,35.85963902741724,35.391510407733485,33.64780689446805,31.96958220457176,37.437846197701,32.598345601572106,28.08955266105256,37.26595087247552,32.29685212012674,34.52403512926193,32.71569037072118,31.720316773586894,28.444330907241085,31.2353654866403,32.87711250998442,35.1307576667328,35.38305362220593,33.35629127445306,38.17558809929331,27.25411330854868,27.91668998229633,28.236156470330343,28.124001542534046,28.50317052408952,27.6426327732788,27.426384699720142,27.449477901420636,26.96182408772788,27.835934431133452,27.493643724010592,27.91627133615974,27.366360308043006,27.65818547620277,27.510080514006077,27.26099372572292,28.274189416433597,27.972195988133507,27.79251694209954,27.72763098345382,28.069747590444408,28.240763191009428,30.74303961416715,27.806445794616813
photo_cherry,36.171884896696305,38.511730087482626,39.68291811457897,38.42830396462304,33.47502197733922,34.835496108942785,35.09513452350053,34.22687829252722,36.756823319174096,38.58390201128608,40.77929604990228,35.67638637819926,0.0,35.27134438995784,34.873279581597004,33.38382400908407,35.902285718866,37.07150562226627,38.58674637380742,37.70434854956376,43.30072936898576,39.922462818360515,35.00289768848613,43.95749590090974,38.743269382726716,39.10794717310635,37.83453905440314,40.895290694226325,35.28350150692264,37.16312038254263,40.10460700852327,36.862369279333905,36.03803075839746,41.34793031307476,35.179114540055174,37.331468914590864,41.02256772408876,35.562941731310524,38.92131935749132,34.48324093239708,35.189326361387,36.122235995527824,35.417972093034905,39.50145472165067,37.33078830003074,38.40647659879653,35.32166194475609,37.92400458188337,41.2210534774539,35.012642957023225,36.69556541131311,37.201110835708484,35.63492518236453,36.634837376414445,35.836996356575504,33.98764958724301,33.781460456903375,38.367804339188744,33.820152568783335,36.94451181479663,36.2188918882537,33.90195813554277,36.06189649128367,34.12294426874311,34.003910069808796,36.19640782115117,35.9182946522098,37.66847335606885,34.93856637032377,35.68210539739552,37.24738370901129,38.146271858023724,33.398787781768,33.924525602747394,34.38974899573385,35.657437490738936,36.22149828730789,35.626082501830666,33.53181819654048,35.33176018557977,35.295675991097156,36.02676294646284,34.41134206660932,35.793635904246806,35.57725868855217,34.31570253574386,33.91170483471064,35.41975679986912,35.90955301877272,33.515188337575296,35.841960844435896,33.74814409261207,34.193817530659416,36.10747435981114,38.01064200072222,34.23886902726696
photo_tree,34.5441477919755,38.564678378482384,40.85484162689228,39.038413480771126,35.17035360383282,35.18174917726888,35.24683446629066,34.39129244366523,37.61085749486511,40.10657692396143,41.088872922325265,36.22841467489358,35.27134438995784,0.0,34.97971353353855,32.77100832183154,34.14409508527458,37.8468270334571,40.141190413597045,38.90470233526712,44.13074084840581,39.72618823632399,35.60184170674232,43.51130031424145,38.80237576883626,40.02021921313103,39.39008347935869,41.40752605428032,35.93148027669067,36.25455362133525,40.44067305709852,37.75181998048117,36.39459059254078,42.70553264852644,35.0946066381961,38.52384738314187,42.32114178970177,33.75708582895521,38.91548609915047,34.31318793542414,34.715384456813666,37.440388275650065,38.1580349302059,40.74930032597408,38.09772219070887,39.96252070653163,36.57384606387063,39.02058792291804,42.14775319791123,34.59890606020991,38.446818325270975,37.85865106194003,36.15710846824597,36.555604853269365,34.87709623903169,34.527091884290755,34.20126279211074,40.51263395909269,34.86556754212667,38.51601564668131,37.53360584926691,33.560862511913214,35.72625844627514,34.10140087726114,33.60481140367327,37.14789594407972,37.9899913651202,38.76203537954609,35.530700917406776,35.61086441428828,38.6051896636687,38.25298898305899,33.65207128874524,34.28794138220321,34.74114389953826,36.50349341245403,37.39298451491401,37.05311975040278,33.84866451259998,36.73760563499868,36.635995186466545,36.42397476259304,35.4119197347662,36.61452335855845,36.81489457588456,35.10195288447882,34.76633014121429,36.896298079964,37.06123657879644,33.86716439757964,37.08495723356859,34.07725705998637,34.93061943948108,37.09526944282,38.834519264021274,35.11970437887851
photo_flower,33.27350641274179,38.969482989405414,40.66496728657758,39.23321740223384,30.091631862046242,26.581395049000953,33.653777424799266,28.86982139356809,34.48058664026632,40.149705194168746,37.95513548368626,33.842491274698055,34.873279581597004,34.97971353353855,0.0,23.952694125511837,29.350431993177086,33.98466133733383,37.823357409494626,37.410882144278304,43.62900151295114,40.9527327896921,34.74136882852976,44.416085920997006,34.632692558746825,38.28599746303453,36.05772920785764,38.82322256787752,33.01818616213962,29.470033431734212,35.29560167666767,35.624153400050666,32.8950619164462,38.57041446090233,30.510069406117697,35.25544853337552,39.56401141370211,31.048737205622604,32.31463893225983,24.851332822700893,30.132318287612616,33.44141161600774,34.63566858760648,39.35718183010951,32.55474381992745,38.37296053547498,32.752359235413714,37.63667979265455,37.47979783979767,25.440350926661985,34.89459881177184,29.298849624410607,32.40671712574409,30.567848095518407,32.361756907710635,29.398575100233128,27.131386297724976,36.89765751927471,28.954862704039538,34.30279659223059,34.373556472708266,29.046833596709025,28.107653291778103,24.408402443042036,26.099495746426367,32.34092826732998,33.29110120935312,35.75007243706171,30.58601602823271,33.551959535628114,31.95532752328139,35.95745615860853,28.735592882000674,29.776793070029644,29.538471141835345,32.18608001198477,33.70561449885137,33.04363413886379,29.074014425664664,32.89653524459563,32.88462490179258,32.29080786102652,31.663062977753366,32.815310830216966,33.03180032118417,30.193198611192138,30.277452034333123,33.10602304806463,32.64354955088961,28.999410116346148,33.24663099747201,29.00156101300547,29.847830983632566,32.82817084863207,34.879593875867485,29.944236958950675
photo_carrot,32.221007444743606,38.131606045193166,39.20550129319501,37.997134886626455,29.362819851920964,25.144481764855982,31.75665510838563,26.993461591935507,32.746344575128376,38.91153377868457,37.2024949043155,31.29407335576899,33.38382400908407,32.77100832183154,23.952694125511837,0.0,26.15416067250917,31.893185885713933,36.49353774977494,36.01815058964908,42.76757350497705,40.0808570412847,32.40467997459332,43.5806668534698,34.10388987974445,37.44896960383442,34.04524097308376,37.78574792289101,32.03015238993882,27.05765075602859,34.53583011893486,34.183438464315095,31.085618100993987,37.70147513655859,28.474087846588457,33.48698156522332,38.91573098192603,29.297530493693188,31.755294517335958,20.659243347991794,29.097689606702684,31.217524657958784,33.388170288738706,38.21229377642343,30.739846219210822,37.19579762070149,30.69653612946511,36.80748087911277,37.16908446722783,23.12580107690763,32.92711452063251,29.206469497339075,31.20584936610931,28.82203172907419,31.17651981334208,27.924676524257784,24.459234589068537,35.41018774791809,26.69119870916538,32.20982548752666,32.29209772370282,26.066429547502267,26.70196003863879,21.237721860907104,22.034983214095323,30.011992910582816,31.61708553060515,34.470599632490746,30.18230713773127,32.03101054502902,31.34446382816967,35.53978247902064,26.03272363487704,27.34325704093422,27.06022351979256,30.149973390930416,31.61387951433512,30.944376316293955,26.556700682104776,30.616954417792535,30.623539005761472,30.025264173577774,29.30518485166972,30.681573761205204,30.924625742637716,27.945422015167285,27.787975918164598,30.854075442967453,30.395679010948136,26.644677079701868,31.142140154898737,26.42539269571362,27.43974716996887,30.568762333585227,32.920415038653296,27.408885241834586
photo_watch,34.1164570839527,39.68359654246565,41.609466044272686,40.01723728579622,33.17731964258794,29.88474125891178,34.723344415859756,31.138740014733504,35.31443914671663,40.795360358233395,39.39274543725994,34.15625902075746,35.902285718866,34.14409508527458,29.350431993177086,26.15416067250917,0.0,35.45364003276137,38.6667227673615,37.98545696858089,44.396321412218825,41.36641689301621,34.43353377545757,45.02064578560751,35.18721944041839,39.2238537681026,36.89916105273425,39.8364139560883,33.7390825465009,30.226930272958825,36.9217945697374,35.64648844326346,33.23860318850264,41.09445877123592,31.93661043445418,35.680100763618675,40.326235870236616,30.14663429621734,34.060865185554924,26.95090737473306,30.346412170762946,34.409054168941815,35.938429972663855,39.61821348642359,34.30799173824306,38.52624367131778,32.83846782886328,37.951430251932535,40.071007828493656,27.759133093818864,35.51315253276142,33.26773818162024,33.72363241418583,32.45103716388484,32.96813492146713,30.058363651892492,29.148733467521026,38.49113329684977,31.349740810236508,35.11833045806676,34.847273288937714,28.542084312826184,29.35080790459835,27.68713491989732,26.019104363465047,33.50968341238344,35.78759953012382,36.58228220147193,33.8262559099783,33.62005657664705,35.09644025727054,36.707511449338455,29.94266887885881,30.83637148619766,30.7358311678087,33.19093094253467,34.56916095589366,33.99628936913601,30.161053580488215,33.840281801021476,33.68018729673957,32.76631833269614,32.323216231267594,33.56531198912605,34.0370067450994,31.44191242459546,31.424073207749906,33.84142578236464,33.35773715916974,29.888405015531234,34.19120248684077,30.2974171382857,31.151253239993412,33.42876883150372,35.77691494656424,31.059832517674273
photo_key,38.00274973354811,41.26155610268047,38.889861443274654,39.80010413974216,35.34153325142128,34.32706479041902,37.5353679009231,35.667321356466616,31.120850910352292,38.76489241869445,38.68356710939197,29.627162392574512,37.07150562226627,37.8468270334571,33.98466133733383,31.893185885713933,35.45364003276137,0.0,34.830792781544815,34.721164152053845,41.8890387143492,42.30121066535963,33.94255094065468,45.732863178841534,38.0671595409759,38.164228564181116,28.737379326418395,39.12997798535995,37.85818943218784,35.9012249493628,38.99324048256421,39.03952837240923,31.796399618769684,40.41609116212313,35.249210699105134,31.883247301011213,40.06709667517846,35.99390494528271,36.08781429821836,33.13233716467058,34.263346754539256,23.332974243991025,32.71650323602107,36.379658987291016,31.000749870169987,35.42453334599367,30.04075084924745,40.0798092616623,39.06290800622677,31.947358465081024,28.883419351049138,34.44379308240205,37.725477429631646,36.33628011184339,35.78441722058537,33.37766155241708,31.15312285901848,37.96772811543936,32.36896926095582,30.738508361975082,37.14589063501474,33.39717083418694,35.01358468066127,32.500855207287316,31.4818026824807,24.510305822413642,30.78859555040523,34.078826567901885,35.43603198628266,35.81693513501774,33.73684390118368,38.33781413746718,26.499323415540164,26.84901287580712,26.670346381464313,26.714034049999423,27.233426484236556,26.75022376829378,26.46726439462506,26.823975028753928,26.763650519315142,26.894483914182402,27.188264391884157,26.593230500267772,26.84463489911429,26.42638240119896,26.90279238730903,26.77102002793497,26.262407910015774,27.29474266502584,27.07210556266062,26.854156773164025,26.15839266440121,27.039088646927357,30.25505845562611,26.087559720104
photo_truck,39.480492585366775,41.695140901854714,38.12644087812764,39.83391617545993,38.01485883727349,38.01963639004721,39.41691160615111,38.65804328704859,35.34663155480257,38.63818614879282,40.33390331655321,33.27781705079524,38.58674637380742,40.141190413597045,37.823357409494626,36.49353774977494,38.6667227673615,34.830792781544815,0.0,35.73714160707883,41.463568034268555,41.826673608072255,34.88545251722328,45.85981962221399,38.80731694107761,39.818028603442656,34.43123966072921,38.80942797815756,39.36253493717389,37.64489457254618,41.020912037344175,40.4256272388592,34.73484111717384,41.6919797733455,38.310642034746145,35.111686650630304,41.35018956288391,38.368175415092225,38.95176580889641,37.028191277160886,37.062391302855254,33.121319034680404,30.94699517851563,36.46141784496204,35.191222817478256,34.696199993205106,33.521285464258746,40.26074919454089,40.61840316463597,36.64397589500904,34.37190559979479,37.75399131543659,38.50544259399263,38.36046654062896,37.75481616916916,37.27463501659309,36.47850157326386,39.47749042765557,36.24836649964279,33.47564428995169,39.85034566442989,36.09847822641399,37.84840964058234,36.48624141371964,36.19917531720713,33.49442028110466,29.64754570129997,33.34964503772929,38.0238064410156,37.951607357507605,36.12427406323142,39.73201627496759,33.43136700101186,33.79561043573752,34.07442672085331,33.99085088512128,33.33671254470293,33.36649299328828,33.45300635307739,33.279606629338694,33.098975036011105,33.7808091493239,33.513346031770546,33.52309490876743,33.2293354279074,33.996553810070026,33.50010532705719,33.15457089032718,33.81563908864781,33.7561120000963,33.392783429875124,33.90573075003667,33.92647015368093,34.16739793529784,35.5093130101546,33.56587046563523
photo_velo,38.87871362722789,41.70992977029368,39.66324122769793,40.366235024463506,37.16947529045968,37.65162804143683,38.18835011785531,37.54872934426055,35.462202691498454,38.86398378148777,41.530417421105874,33.25987677558134,37.70434854956376,38.90470233526712,37.410882144278304,36.01815058964908,37.98545696858089,34.721164152053845,35.73714160707883,0.0,42.78193742028182,42.48059999612526,34.23858579594382,44.99810381267878,37.47431410943129,39.8720519648011,35.1190454349901,39.89676502148342,37.915530860935434,38.56589862382592,41.684119838835315,40.47154771854056,34.82780118018537,41.83307488121437,37.83730535061168,34.4566071703632,41.27308370356201,37.412634729862695,39.477571305613885,36.87469176636511,36.27128824814291,33.77273168957625,32.81055650019624,33.549640809779085,35.35828860769005,36.34201041901285,33.5849999086411,39.501296960364286,41.38814824803919,36.41968884545639,34.48770051220784,37.81219540110241,38.18720495027768,37.92730559146268,37.4156682496851,36.869942450413276,35.96147479637192,40.28359880346762,36.35751944795423,34.273453854084245,39.52545692835115,35.79581197296464,37.52195061805008,36.338096741248755,35.87840314078868,33.82614936723539,33.730064641729385,31.939180969837253,37.855852962155865,37.81241058944348,35.95093326820101,39.429076762564534,32.915268386222095,33.24438938696709,33.53638177489335,33.72651151019348,33.71482150077589,33.255521023414786,32.965027248879,32.60727303950063,32.83288959336787,33.65088492017885,32.57643103419515,33.46403169410468,33.13770096859151,33.47547797597707,32.7998517158165,32.83475601075157,33.69077953616824,32.97867076650677,33.28634494177672,33.210627645613805,33.14240645437935,33.842685844165956,35.95826181288464,33.13322037505246
photo_road,43.278870581096406,44.23432219651806,36.14083835620764,41.37683155076027,43.565838547578984,43.62247963203929,43.31994260780128,43.744194495003136,41.6099236870877,40.74681211162608,44.90593643265921,40.2533715823767,43.30072936898576,44.13074084840581,43.62900151295114,42.76757350497705,44.396321412218825,41.8890387143492,41.463568034268555,42.78193742028182,0.0,44.795169522127644,40.67731727456825,47.32441438488266,44.70098380402233,45.24027693835522,42.12037681503152,43.88178510534305,44.8965835263581,44.01066896922921,47.3671160231039,45.830445592313446,41.90083181724916,44.862348397055854,44.30467471825774,42.63207761528755,44.98321759012613,43.98911501299278,44.79029795223153,43.720256072097555,43.67439076312778,41.45370285083795,41.11142816197229,42.772259501668266,40.93198543940273,41.540445546890965,42.51421713695763,44.86596988448748,46.27531183154712,43.60989906490106,42.343954279420224,45.02498090060481,44.24811780452224,44.63044382231606,43.78025563327841,43.90510402555087,43.33703880864645,43.603963660840705,43.531173154029325,42.18592062127312,45.6784654986847,43.29269273050638,43.67008425351204,43.28631710806522,43.10674006666469,41.858341107675436,40.84286260597715,41.97790526087548,44.202520659044495,44.19975858632799,42.7672429375842,45.42719218460779,41.79763164029672,42.15836345131447,42.32042850036209,41.62855764968168,41.654589050904576,41.608755611041985,42.05660426604409,41.59053474420375,41.52813883528848,41.3300985040864,41.830389789564656,41.42318810996138,41.4117723299835,42.0594688771016,41.864414469421355,41.6028942205287,41.81257128086433,42.00866278574725,41.616836819456154,42.21902462828344,42.06729878001219,41.94504939568127,43.55900042383458,42.10306645834063
photo_house,39.11526082648693,38.64967940041879,41.263224814696684,40.105903856537154,40.95387400477929,40.64058761470711,39.233770441209565,39.96741360059104,41.83542729992143,41.59790682346101,43.667699254346566,40.72669569831223,39.922462818360515,39.72618823632399,40.9527327896921,40.0808570412847,41.36641689301621,42.30121066535963,41.826673608072255,42.48059999612526,44.795169522127644,0.0,40.93137016757878,45.16760488256883,42.850699130033945,41.94249433123223,42.77788821363618,43.65025563715739,41.68005425324198,40.996639633137896,44.25091012744283,41.60127613631165,41.552346878572926,45.295142054061124,41.02859393258391,42.80344508356549,43.981719567430524,41.406496309952296,42.04838629144775,41.04262770760578,40.90674779673125,41.49466444413698,40.94306412282646,43.27790816422299,42.37727050341937,41.57633254835555,41.85524964141736,42.0700961217349,44.48358679354141,41.19120614931106,42.23042100800697,42.25096401665097,40.92167379352665,42.17416343452688,39.904523019398766,40.889901000984,40.752666570600816,43.565253531079904,40.75727935116396,42.13018759766206,41.40830186049959,40.988260873914456,41.34357485348939,40.77196000804432,40.725313941713424,41.89263077036551,41.00617765291876,42.333373910395004,40.2816321607397,39.38530981033647,42.384970374329946,42.60267771456171,40.49752079123869,40.886975792582334,41.1714840684069,41.565108991199445,41.93936497291923,41.661742133088296,40.67681169927828,41.50979580671028,41.46419331270366,41.69198668338317,40.501190297965856,41.80729706052186,41.53293226863904,40.8809439970765,40.624818087014035,41.56610062669929,41.83100989028507,40.77943215200834,41.62401139276038,40.896717772010156,40.8434474494856,42.01093313298587,43.72129488992499,40.89221538599911
