,photo_face,photo_profil,photo_eyes,photo_face2,photo_walking,photo_standing,photo_hand,photo_legs,photo_bird,photo_butterfly,photo_girafe,photo_fish,photo_cherry,photo_tree,photo_flower,photo_carrot,photo_watch,photo_key,photo_truck,photo_velo,photo_road,photo_house,photo_mountain,photo_windmill,drawing_face,drawing_profil,drawing_eyes,drawing_face2,drawing_walking,drawing_standing,drawing_hand,drawing_legs,drawing_bird,drawing_butterfly,drawing_girafe,drawing_fish,drawing_cherry,drawing_tree,drawing_flower,drawing_carrot,drawing_watch,drawing_key,drawing_truck,drawing_velo,drawing_road,drawing_house,drawing_mountain,drawing_windmill,geo_face,geo_profil,geo_eyes,geo_face2,geo_walking,geo_standing,geo_hand,geo_legs,geo_bird,geo_butterfly,geo_girafe,geo_fish,geo_cherry,geo_tree,geo_flower,geo_carrot,geo_watch,geo_key,geo_truck,geo_velo,geo_road,geo_house,geo_mountain,geo_windmill,word_face,word_profil,word_eyes,word_face2,word_walking,word_standing,word_hand,word_legs,word_bird,word_butterfly,word_girafe,word_fish,word_cherry,word_tree,word_flower,word_carrot,word_watch,word_key,word_truck,word_velo,word_road,word_house,word_mountain,word_windmill
photo_face,0.0,45.51347574729345,49.92855324568649,44.07930634958968,46.08052531246939,45.73862467677025,50.883890710857244,45.36029860329653,51.24613989621981,51.09443103388778,54.73480395537176,53.39209860313125,50.5951856795434,47.54017381532733,47.130998434572355,46.17337077369377,48.199237512922274,49.726798947229476,50.661683708707436,48.94245721245497,54.024703980864125,49.54464598222703,50.56669248429366,50.959008865270455,46.33046866137736,51.18588375045269,52.88078864153229,50.6996583429631,47.994950660087,48.57031321610953,53.59535573644523,50.01278838019662,49.83536579301347,53.424879051478975,50.61876206005768,51.58592889083472,51.193279841197445,49.52606982848261,50.94465538540508,48.62160677125191,47.44748168088754,50.98085325556869,51.077668181136225,52.778612467960606,50.79256638841948,52.009189815264506,51.64833319968952,50.97402908587057,51.74308107081986,48.2215164873412,51.36274247634849,52.064168471024324,48.5551676486004,49.65283564127738,52.30238596580374,48.91235218758833,47.38001771770845,50.93694241315875,49.47165604037717,53.85129091073521,52.10726977211489,50.65959691245052,49.50445115280668,47.71546455911147,49.45231537512957,50.789401722270384,52.0249204381476,51.78666836199971,52.21320982318075,51.37350885209434,52.405704545366554,49.56255312466868,47.96774788519105,47.95862557882538,49.0823743689554,49.2692975554152,49.39077712596727,49.24868971755507,48.37835212989022,49.76480681390979,49.23048159688182,49.0382408982629,48.50826362302155,49.72624550231898,49.498646297578645,49.2375941376039,48.62982634335902,49.46337818721984,48.91259654103085,48.198418428247116,49.493343073212884,48.451892593021746,48.368813489748,49.116462095062225,50.20663052989395,48.68083373114656
photo_profil,45.51347574729345,0.0,55.154128407520936,51.95522979395658,52.946145283957115,53.28028906944188,57.022961859254096,52.704749173972104,56.32585088015672,55.75224299194121,58.40722343665127,58.29026222341595,56.314964387559,54.14883034827189,54.610498529412425,54.27175945421561,56.10897012889623,55.35468787357665,55.48629493291854,54.92934287967489,58.44570798704611,53.45508962552749,55.47373385232891,54.58836470578571,53.531023068654214,47.44987734280881,58.32937029807187,56.40621604182245,53.821932491569015,55.985081985644705,58.87894319405264,54.7930616680325,55.10373346380362,57.46594611694781,55.797530265675576,57.07795691703695,55.62129893871062,56.62094518008971,56.486975571389394,56.08131641430283,55.32879647129861,56.49087311717526,56.20881609145858,57.58641799177155,56.82513371290036,56.771962635225975,57.14066267965796,55.77775588253968,56.185972677803406,54.97295974607497,57.063101595857155,57.56534619746956,55.03160677454602,55.99419163292806,57.9436921779913,56.697185849903214,54.6985522418529,55.80517685624368,54.76878223028338,58.81452818216198,57.81007521234996,57.68636921809068,56.8960349796011,55.34040940258978,56.80406978290732,56.114129237185004,57.17460725022925,57.36468506428182,58.36901303467451,56.88622269550334,57.85813480491648,54.94795924051947,54.910692441732685,54.792538175857004,55.741227202154185,55.33397847169988,55.13520231590749,54.99831618219021,55.0944303495746,55.6638302913202,55.192132256809145,54.86721727895521,54.98670237589771,55.5236748316619,55.3279351449742,55.579372601601825,55.10442709819754,55.275955343480476,54.87480826567529,55.05536390267734,55.24136196357643,55.42859100280487,54.871603285228026,55.09110474895141,55.79563672514881,54.94113806369427
photo_eyes,49.92855324568649,55.154128407520936,0.0,48.08672556967591,54.18045665740288,55.19289799598145,59.01877702602873,54.27682432105116,54.233331327226004,54.09077737269657,58.64580611115031,55.04064442215345,56.05241760686973,56.33747174311323,55.01087887493298,54.38398831115405,55.483271864192176,52.20963339454471,51.117615718249354,51.02000607118889,49.07003204501684,53.986676348700286,51.6218243009112,55.24176196159978,54.56979491903251,56.81496656513876,49.93800219760095,53.42340713268567,55.58805985299812,56.96729217407023,59.733302486422865,56.382369141864594,52.755547481794174,55.98090453811268,57.898073623181396,53.291886577614285,54.2400959141091,56.70597169148821,57.29824853807952,56.21264998950829,54.600561067768524,52.371521974442885,52.532991427586765,54.00435206724103,52.98844459022703,52.71632473602506,52.95844701532276,57.44580913396911,56.306512446288366,54.337094741410326,51.56627221823359,56.46029017692402,55.76026882146544,56.39642178536662,59.187689928415146,55.8506150439898,53.858372586415314,53.362361560048576,55.11838911478507,54.861289431611475,57.623851342145045,57.00948098113497,56.57683539029244,55.05196201731595,55.94173428665012,52.162197503680986,52.51930269581789,52.80216497426178,58.607327608685054,57.50948460716128,54.79704472563791,55.57554808614435,51.016467358357794,51.12089898166918,52.049707979806556,51.078876898803415,50.66828789852836,50.3518178101918,51.62661732813042,51.376922027712226,51.005189919245744,50.67584455254123,51.03478502455179,51.20631849377161,51.13180142868689,51.98964593772273,51.4008928740577,51.1107020135234,50.845201044272585,51.47196824751489,51.05693878497396,51.60920795630686,51.15963680924064,50.930007719094725,50.678413352005414,51.32652690173562
photo_face2,44.07930634958968,51.95522979395658,48.08672556967591,0.0,52.26123451945897,53.254428313407786,57.232591023696585,52.290167337320035,53.49908204132642,53.40275457928656,57.82430589786893,55.52493364802555,55.14806217464576,54.31973598196287,53.77951925820663,52.89832505793057,54.43481274976173,52.35796781635438,52.10405969525875,51.813807404043516,52.292245171424995,52.799429067877405,52.142982590753206,54.532895425480476,50.90270369328588,55.491360981133134,54.4129298016014,47.04673592275277,54.00718408419728,54.88952926995433,58.536546091270395,55.05882560816035,52.35598757656516,55.40153097509729,56.369588518709,54.05328905652711,53.82398045854434,55.705534401330446,55.80363070952594,54.93260118286161,53.278287282418944,53.14365874006055,53.16114555541092,54.5116764118704,53.34348335265787,53.66521553149145,53.73485516303727,55.50982621458105,55.15168298056637,53.506915681499514,53.44643508702673,55.30644387682061,54.138487601559085,54.64124332545676,57.78815136200684,54.88924897512108,53.05957529732099,53.240485492351766,54.31423090720617,55.691601381983126,56.64144759402077,55.85782021240625,55.2317033177767,54.079401011117156,54.921981842893736,53.07697541577943,53.87460730047679,54.030976180122465,57.263787625391025,56.32195673692657,55.0314857435844,54.561519807670955,51.44008640011748,51.18468259002898,52.36062647550756,51.71867688268545,51.52010218952749,51.27306223837277,51.69104009775545,52.106337241157895,51.629635333944556,51.008732390875274,51.43807179423409,51.85621210135092,51.765808630865656,52.290105453536974,51.56416553262497,51.94631089244048,51.482589602427964,51.6305578630387,51.68596628829967,51.927642671596054,51.41436225415644,51.49892512382962,51.73646397260073,51.6914049210958
photo_walking,46.08052531246939,52.946145283957115,54.18045665740288,52.26123451945897,0.0,43.496598470169815,52.72910730122004,43.61850545829274,50.355694509109505,52.76123434584767,53.652821643944634,53.65796348479232,48.898915970621196,48.90501051372803,47.97152652865451,47.26404016262837,50.636690937970634,49.56671628572763,51.266602673925036,49.24561698063456,55.93643061633031,51.62130292041974,50.68240578622941,52.18397322504192,52.63468235094452,54.563727317213704,54.17840628049866,56.05483376188937,41.24907540939758,49.00195284056891,55.07187500695517,49.23907959602312,48.65552855199792,55.018712936409,48.604829395122536,51.60021343102697,52.1747745466608,50.92650870609253,53.88986655375659,50.239360141864005,49.95379385227032,51.21305572045273,50.86548783955346,53.24924275783993,51.24413166836466,53.423878591221566,51.736914124645175,52.30286664568059,55.309666536955014,48.558346366761036,51.62996460043308,54.40076847531632,47.219657529614224,50.65361685370261,53.47767797913359,49.37817060150426,47.68413052357445,52.493109013560925,49.067996875504065,54.67754104573156,52.527377353430175,51.641438343221765,51.92835594488533,49.37304337665513,50.57356161367263,50.81001823340102,52.594343385467,52.88251096443241,53.10998029559847,54.400956597154654,52.257515850870924,51.69012599996168,48.97069506739495,49.235682159328825,50.13978322997025,50.70801936864932,50.386957707641315,50.34285285710182,49.63458074325079,51.040479925264115,50.44871191881032,50.447032426747185,49.92609627734141,50.68510180913295,50.71320710627014,49.95526556695686,49.74026926435563,50.77167549672624,50.133131609905035,49.34051039597979,50.83783609095399,49.33565254772477,49.482368492864765,50.46990462348612,51.64760167282621,49.904405613999096
photo_standing,45.73862467677025,53.28028906944188,55.19289799598145,53.254428313407786,43.496598470169815,0.0,51.954023547721825,42.28866380195531,52.62682061528988,53.860385054520094,52.48350573956953,55.841220247015706,51.41245595858218,50.045966878905865,45.5616600504663,45.13654796740688,49.18798848682739,51.9912250327318,53.19645844659137,51.10972270678123,56.87765495860096,52.02750113928897,52.78739084999011,51.19029971634161,53.578911218456,55.40930853931677,55.801194844480115,57.09157886633636,46.041566647994614,44.321168090238174,52.0262287762545,49.51906227916193,51.28583715680393,55.01450157967629,46.57935902307649,53.644172290982006,53.182544832055214,51.013996463876886,52.05896009788741,47.77657643974422,49.521072850815855,52.81891786485846,53.124308614161116,55.37531698636145,52.44001135047293,54.85221656658241,53.66623529744851,50.71500593325088,54.716225225588516,47.427723403874985,53.05963605431559,52.8857059634029,47.79872548631208,48.12552981497187,53.10895534253584,48.50326560707909,46.708250489395404,53.14330462626972,48.29651222420781,56.04334410340344,53.477985253803084,51.823690926831226,49.398324967669154,47.46377686744169,49.70199024084348,52.32995935950609,54.059226943078215,54.13264924474527,53.26976700936293,53.834655434894884,53.09924884877083,49.43062005642797,50.283281199730915,50.655667750743596,51.313732224575794,52.04375207878636,51.98223576725581,51.84264365291476,51.00850006015872,52.58918858755272,52.036393155747106,51.730357996297165,51.541280089050346,52.37843715544888,52.36617737639313,51.57171578109874,51.25560398046819,52.45898713706937,51.59892814661289,50.62115078156329,52.429399722103526,50.72856395336301,50.98937009647663,51.836351369336114,52.730548931042335,51.27367349263515
photo_hand,50.883890710857244,57.022961859254096,59.01877702602873,57.232591023696585,52.72910730122004,51.954023547721825,0.0,51.32370463593331,57.8865407841459,57.6448203180232,60.34956843569598,59.029021145177396,55.460158392135114,54.82566933045517,54.02252445392999,52.9481009811331,55.71919336331284,55.908150483366256,57.45450941653995,56.10080506833299,61.83433124707447,57.02102143527054,56.95678146613474,56.74208292518525,58.316189616799775,59.173934064691224,60.546671875488826,60.78105642584283,54.782344073243415,55.96787864479301,51.07864969587617,55.87339820722918,56.51698814213956,59.54306656709697,56.16200412448734,57.37286175426148,57.167957991256394,56.627994017122504,57.66438296766939,55.46422833849231,55.26404911767154,57.11325371469123,57.391305858540406,59.30199161564426,56.57593505922905,58.90674767286145,58.399169617944914,56.15110134150334,59.5794996424847,54.94303650287192,58.07237852527821,59.7464523630061,55.7503163165581,56.55572329652652,53.136200230455586,55.93858842977265,53.6971136160929,57.26400136561976,55.0251344748925,59.440930945901805,58.15242086611498,57.170831242659325,56.11507512408288,54.987033854245546,56.156900767822556,56.65991737260193,58.333021169371555,58.184904177666816,58.42694876060827,58.808848630998895,57.95195148428906,55.80471450724678,55.98081920040247,55.908850405125136,56.84689281935106,56.70493988415277,56.7318598171717,56.58919604533293,56.22122741518488,57.194360552355555,56.7303518240331,56.59361120175905,56.403904859355194,56.95049965034631,56.93475566910258,56.76567812854359,56.389692840873195,56.97639922333076,56.50380832736088,56.08919017960825,56.95115506368284,56.410884787528396,56.16962133819139,56.59990959528969,57.39433430133072,56.28748394755422
photo_legs,45.36029860329653,52.704749173972104,54.27682432105116,52.290167337320035,43.61850545829274,42.28866380195531,51.32370463593331,0.0,51.49823902251308,52.72642443397304,52.51107735153446,53.970414928496155,50.15444962171693,48.570247043740274,45.374587413866315,43.74310874029197,48.32580665000785,50.379191545654315,52.86173595224053,50.67299825310508,56.2316216336147,52.10328372631657,51.20665738699277,51.317835661234014,53.15955659704271,54.05732408826381,54.849111972946815,56.60982189736732,45.29534591367542,47.504302580665126,52.05114461332714,44.548325902887846,49.33522794503852,54.11882334557007,47.466453002702536,52.151935634833684,51.60033776812459,48.900292951503474,52.27325050548715,46.66364354362479,47.18761515840412,51.487008561191715,52.407492851201695,54.29017082734777,51.23932556680805,54.27823145828451,52.25198840619753,50.66156500911033,54.48234352055892,44.33864940214439,52.093720097324656,52.50236001389118,47.11924995788391,47.8081179850475,51.7472190531255,44.87944508921842,44.187016419063625,51.46028761771719,47.735287584036435,54.748390396459094,50.81896157438345,49.771480551742535,49.40880930293583,45.6612526020521,47.63765644893978,51.0347714887033,53.24899820666701,53.074444726017404,51.50015366711236,52.94619412929318,51.495672640795796,49.21520496774716,49.24861412286542,49.48349531934602,50.18141646214862,50.667415679152334,50.6697466826285,50.648587064119845,49.840602776613146,51.21863266898911,50.707726805292815,50.56486994730599,50.3519963252285,50.91885128257197,50.95389469645335,50.356098030909656,49.997998826867594,51.20505232140825,50.48844849984877,49.515930503340044,51.20353694529545,49.43095628409207,49.932496446092685,50.619743811048416,51.50232248604271,49.99557233748504
photo_bird,51.24613989621981,56.32585088015672,54.233331327226004,53.49908204132642,50.355694509109505,52.62682061528988,57.8865407841459,51.49823902251308,0.0,51.18272694854596,51.43598180311615,45.982440966947436,52.77189368722641,53.21839618965559,51.29201647130145,50.63452883238303,54.51338948111171,45.328694984937265,49.792412695240365,49.2655806908643,56.02292929977154,54.8397739104598,49.79726293114693,54.72901517776096,55.96724733021948,57.15792827759282,52.95009743414363,56.97850379316991,52.97267268890815,53.710644031730105,58.24252326770084,54.55367865434232,38.897557651527286,55.502301294706164,53.731647658188734,46.584931920228165,52.76052363504349,54.845419562578385,54.85642896626378,53.291130897518585,52.37935683806662,46.9483971588153,49.818418112742826,51.702683206579785,48.0191780137925,52.28732164400445,49.573590836690585,55.36225409384313,57.81685163259519,51.57813280282514,50.55553926158113,57.02651810360438,53.60434255020896,54.033792882034504,57.908546113268834,53.36438120777067,50.76009184471042,53.33700732382869,51.966295824996934,51.10076537695305,56.22710121312201,54.927496254617495,54.5268263962677,52.18253710504023,53.86523937367789,46.88645732754067,51.90972725161407,52.27053359240735,57.06808258993918,57.44846542570077,52.247339843036144,54.712943126418786,49.03075292113592,49.18029126139107,50.063689972346104,48.96326555787843,48.98269111517717,49.17733113293739,49.75030471033705,49.59918325492582,49.271629800424314,49.04554888162301,49.052133056761406,49.38949412385129,49.07431476670778,49.90112423512261,49.40442910953418,49.40658900615399,49.15084064983963,49.37955802843912,49.505914480690706,49.469149873331716,49.40171265982125,49.12098959517672,50.20445243956453,49.64590249712817
photo_butterfly,51.09443103388778,55.75224299194121,54.09077737269657,53.40275457928656,52.76123434584767,53.860385054520094,57.6448203180232,52.72642443397304,51.18272694854596,0.0,56.19925477952731,53.84939956395006,52.26914940784978,53.05416084900296,53.382010392420504,52.387496891791336,54.60764773185954,50.66426651028019,51.71642229262585,49.90957559131194,55.65789077122364,54.09253158999722,51.42892580050487,51.8568746050382,55.62703299436838,56.10215866193132,54.32365201495457,55.150297554168745,53.60694054844704,54.357768120484806,57.90165511725458,54.3165161610752,49.56042980669135,44.72117598398306,55.3985170456074,51.25062562205246,48.980241425921335,54.16959124518814,54.96335282684736,53.833627465571816,53.171192224530984,51.89194691406731,50.84909426794881,52.52465968465332,50.15328858540824,52.74095976981191,52.46749199019684,51.77152481035081,55.80744066929445,53.80173657917696,53.245013622166525,57.698655165456465,53.25457379352725,54.146293751834385,56.824850360447655,53.65361399925577,52.985304280585,49.1249448526115,54.00569540107912,54.66287368021198,54.61787112565077,55.139841102995945,54.09558025759488,53.32523306504299,54.79729417384546,52.40166767992614,53.07173045184712,52.27257782003628,56.64602755847322,57.22861681384052,53.58881124881815,52.423863419777646,52.867561765597934,53.0795483872608,53.817871981979536,52.86013793501974,52.31243480779357,52.56325465807547,53.326503788120576,52.87213315047357,52.90817848775262,52.65994333857244,52.83625487302451,53.03540318942317,52.65450207042247,53.82623840414504,53.235366931750974,52.80920037401923,52.88377731581935,53.204514089171475,52.881467184154914,53.18808300035088,53.2401348597062,52.82999857139721,52.90862121663678,53.292933321294484
photo_girafe,54.73480395537176,58.40722343665127,58.64580611115031,57.82430589786893,53.652821643944634,52.48350573956953,60.34956843569598,52.51107735153446,51.43598180311615,56.19925477952731,0.0,56.83086300916374,57.07278332348624,56.326516506246804,54.319258340231734,54.08674498575572,57.382339077149766,54.39587043282402,55.54979164145642,55.37227749891467,60.33022463606764,56.002827614576105,56.71120456568899,55.718044553206,58.56665292817891,59.17801754444001,59.434653667306684,61.12939483389642,54.426172321895784,54.933842615640614,58.90231632009716,55.4261426126182,53.13070225890605,58.01333048772016,49.187064415963015,56.456571961497765,56.64968704400068,57.72934471002749,58.47865706404237,56.31630563351586,56.80047957413439,56.1189937578939,55.96078384196569,58.09033813842689,56.04656815126154,58.0993355537539,57.61577463988798,57.55644738191964,59.66021271506977,55.54436332325264,57.57501715382885,59.44738538573596,56.463609717856286,56.33495421317274,59.69588536080306,56.32683346054848,55.8230881722458,57.263429076639135,52.234528240440824,59.17283637022569,58.88276438117816,58.450605326431855,57.071102410255115,55.46139325888582,57.659377783879364,55.847232469677,57.08911463941457,57.728291880570644,59.1859774548495,59.3406629021911,57.15647493856534,56.5533513154723,56.24322896265889,56.367139483680894,57.1413975758186,56.5883575245035,55.883378787006514,56.05495116621352,56.75694966113727,56.66398734949487,56.551970657535854,56.014753771643335,56.531150928180544,56.556147236387964,56.33125003335655,57.00466353621641,56.432418007809574,56.51304947001047,56.35469270111266,56.353626132800876,56.5487803161245,56.72256161538957,56.482298931600646,56.3315993560425,56.63559713016189,56.62749140672733
photo_fish,53.39209860313125,58.29026222341595,55.04064442215345,55.52493364802555,53.65796348479232,55.841220247015706,59.029021145177396,53.970414928496155,45.982440966947436,53.84939956395006,56.83086300916374,0.0,55.15454509767335,54.96170264668315,54.323292862926,52.94859018430462,56.13182845751688,46.28388428239719,51.05018110941642,49.556818939973915,57.69257463919361,56.9928733122819,50.59221555803603,56.96387500145926,57.83465075219225,58.91716347281708,52.43975081351727,59.375023379421286,55.73150651824197,57.04795209017028,59.888417875636385,57.29237146948803,47.736272700209554,57.152239902593884,56.98844481309826,42.04096939610538,53.91359588955222,56.059193871025855,57.55209757045997,55.81273185969421,54.66716917459567,46.839859735469446,48.566937562181664,52.669769368136514,49.7779658488018,53.87601144687804,50.07025096006953,57.589497271571105,60.00943578009564,54.53632755943879,51.18160785321191,59.42247365876618,56.64907379522229,56.96277712736459,59.60875554282164,55.96907317529876,54.04446473313197,55.986677837733986,55.24138364814487,45.75093149644348,58.44363667128467,57.12551055289497,56.950632588794214,54.741374747372745,56.17831446516153,47.996495299395086,52.91337138408419,53.043637436882705,59.26429915130136,59.27600705494686,54.40761464250565,56.62865786575211,50.81801731120577,50.707753603743555,51.59474650736966,49.97229571590965,49.55003365042812,49.744912682435505,51.41136466659836,49.99100201217767,49.95196939073212,49.96903513597444,50.162116441181006,50.08135119159496,49.40670335562269,51.43260983414108,50.940082642307004,49.62361245891398,49.918663822458186,51.13208748054436,49.705221314317356,51.253765573699965,51.06646808835991,49.85434586304237,50.968951009383304,51.10957077892825
photo_cherry,50.5951856795434,56.314964387559,56.05241760686973,55.14806217464576,48.898915970621196,51.41245595858218,55.460158392135114,50.15444962171693,52.77189368722641,52.26914940784978,57.07278332348624,55.15454509767335,0.0,49.630755912047455,50.22250520612488,49.17576572135088,53.102126147132694,51.15734073120464,54.21226581556044,50.46851003010592,58.19939327088859,54.07744065391172,52.5928940357971,53.443350040438204,56.3308465408238,57.21702084155064,56.7483425416134,59.311503371043166,51.704722696573256,55.37450561011626,57.7881028433155,53.144651518806974,52.48123885923963,55.46613161555642,53.06965287468809,53.49894692055161,50.65973163838595,54.61932261889476,56.47493006392036,53.16653173079541,52.81196240338108,52.894679337367336,53.00482601769067,54.98858448548925,54.053661462501644,55.87582480125627,54.00077315762993,54.19843880720328,56.86060644853312,52.421732811418345,53.356277587942735,57.19258027122613,52.774816772779765,53.916008496876756,55.77406792228954,52.08022621425362,50.33618539117129,53.69798793774229,51.334364819124474,56.64830246224644,51.266141045870015,54.854192701335116,55.119926740071634,52.055338476309636,53.537651696093704,52.586446280003116,54.92228547047231,52.991091691605085,55.870095691223405,56.53404332842725,54.22549356118014,53.5964956378757,52.26842908550671,52.390901682917836,53.19164702917792,53.311960808428104,52.869410959059515,52.83165644976459,52.6906305441128,53.32074265133006,52.99175637134596,53.34109959327327,52.79951969346387,53.32754673491431,53.05308195820168,53.161282278400066,52.81367760973128,53.203939396032496,52.97342661982608,52.44469766740072,53.280468575088804,52.38041413690183,52.74090953625945,53.09364402091173,54.09185517560873,52.66821994105105
photo_tree,47.54017381532733,54.14883034827189,56.33747174311323,54.31973598196287,48.90501051372803,50.045966878905865,54.82566933045517,48.570247043740274,53.21839618965559,53.05416084900296,56.326516506246804,54.96170264668315,49.630755912047455,0.0,47.98578799827625,45.68814032110818,50.136411724680336,51.61769420890606,53.76109243063822,51.61888341512085,58.023807877002575,52.269936600988025,50.6395516619537,51.71985977509168,54.54173066950051,55.98173910136038,56.8545059672479,58.3714096619541,50.32939627427316,52.48474217738063,56.138634461574256,51.77368124098075,52.01184580626858,54.93806149465222,52.80259473224721,53.201428991281155,52.53298676084446,47.810284705683465,54.05829680912888,50.22529039687751,49.920629713759155,53.06661189414505,52.99925850098194,55.35610480770395,53.311092948952094,55.10350747974678,53.06672880856225,52.73273080104678,56.05991285686598,50.54934578433503,54.10004071545358,56.68851278447681,51.171284334436656,51.814730196772736,53.15957138751988,50.13388872400028,49.77464105425059,53.51903771744679,51.221805294303024,56.113326571537286,52.193961782420104,51.08364289358144,51.37054723260298,49.10799968891157,50.89212930532501,53.02230536157351,54.242633403658296,54.17798433342862,53.844905000179736,52.98037150226487,54.1142685959492,51.69075139921415,51.508871927373654,51.71164772564533,52.58785584314062,52.738201832506256,52.700014587581514,52.40990987203547,51.94313366544727,52.999008908846534,52.64141364031937,52.76382826973479,52.08121800696051,53.17139013340483,52.80849019530538,52.49707010701516,52.13541983287572,52.77006861673287,52.411453717308,51.79596576257301,52.76212013956761,51.94315748858983,51.97891507366174,52.6251909127222,53.674107751035,52.285885532895264
photo_flower,47.130998434572355,54.610498529412425,55.01087887493298,53.77951925820663,47.97152652865451,45.5616600504663,54.02252445392999,45.374587413866315,51.29201647130145,53.382010392420504,54.319258340231734,54.323292862926,50.22250520612488,47.98578799827625,0.0,37.68728253066331,47.07347239047621,50.1806850002369,53.046675789625134,51.19172980698347,56.6831431520652,53.14303817524699,51.79811736103047,52.78427705457401,53.68661646507861,55.774942688628855,54.41276163836469,56.95017573607059,49.57949147924837,48.92833548037836,51.983177834131425,51.06795818379122,50.00772590751723,54.60642349422553,50.024584843671214,51.78169275910026,52.61443964325627,48.3904828327263,47.819725749196195,41.687328857905506,46.76709521747845,50.87793984636293,52.552322838171065,54.361940211430976,50.33155011128396,54.52997856975055,51.90831994429458,52.916810184939244,55.22792553624344,43.53048583958976,51.2789439796078,52.287059508840606,49.60035767299992,47.696763694966975,53.22018066276457,46.468179515784314,43.55331343561445,51.869562529142975,48.30953898935576,54.3149578910453,51.76458235351363,48.5273867274214,43.81919849475797,41.049563949020644,45.59622199023295,50.63144644789789,53.518537722603504,53.15392294668867,52.393058410538174,54.49056447168554,51.40802526032075,49.62769430957696,48.47147570971988,49.03826149888363,49.67571463615821,50.20662653548939,50.31204129952572,50.2329386406806,49.250229261392356,50.75968821975366,50.17338335052114,50.25121607526155,49.70505900538219,50.66381787948991,50.59591821955641,49.87724415940935,49.72457250511023,50.73221520716372,49.8895852246774,48.86930240294065,50.65038136565882,48.771933275830264,49.485482011817346,50.04439730281899,51.21460231673375,49.66096972360103
photo_carrot,46.17337077369377,54.27175945421561,54.38398831115405,52.89832505793057,47.26404016262837,45.13654796740688,52.9481009811331,43.74310874029197,50.63452883238303,52.387496891791336,54.08674498575572,52.94859018430462,49.17576572135088,45.68814032110818,37.68728253066331,0.0,44.59400064302193,49.17551571210357,52.136497344506594,50.04360848642479,56.13305947906398,52.1993792089761,50.150212068860014,51.90215650575966,52.54011303382094,55.22916851542057,53.48707428693407,56.359987274838645,48.733104589716845,47.323729718996724,51.7568338281525,50.1477570721997,49.565793504546086,53.68999714084804,49.27862969130133,50.56269331011999,51.414090440878184,47.093294673895734,49.183194903659334,32.42571282227142,45.025900337295255,49.82898255993749,51.4464236447636,53.42582390646135,49.62730134178553,52.91958940329842,51.078922926025506,51.64836655068438,54.36870205982614,43.12556015708509,50.29394239887662,51.61787966092556,48.40307281855729,47.104821821416806,51.47222893170129,44.09458840719063,42.86260618587426,50.89524939242957,47.05855689717236,52.79843317667052,49.75568055209797,47.63323955046137,45.152076845467114,34.939421734082075,42.59581093505753,49.17528599177042,52.17534847702251,51.757565332310335,51.3929096554289,52.78684480644974,50.49825412802365,48.959264729643785,47.24923824195449,47.557856891649564,48.38597972513562,49.09481530794921,49.328844091013124,49.12534060891199,47.8063684386673,49.622708083489066,49.062570549108294,49.09608893725174,48.53006650087967,49.64761203937342,49.5063094295159,48.72104214718447,48.433921385854376,49.586398273309946,48.80318799902513,47.5464050010651,49.55178940501075,47.57778378397796,48.19358019731719,48.9349709893463,50.378353525043245,48.4167435103209
photo_watch,48.199237512922274,56.10897012889623,55.483271864192176,54.43481274976173,50.636690937970634,49.18798848682739,55.71919336331284,48.32580665000785,54.51338948111171,54.60764773185954,57.382339077149766,56.13182845751688,53.102126147132694,50.136411724680336,47.07347239047621,44.59400064302193,0.0,51.51332209105953,53.33664996495805,51.56035400159392,57.666152359280694,53.76114212780677,52.90823519389466,53.900663845746394,54.73442390719908,57.82721812618699,55.586601612104054,58.13464153467732,51.79610569327351,51.71144121361081,55.43364753422635,53.29254635778566,52.7475009235178,56.1035378224588,52.77903276334687,53.811642451640296,54.22640720897528,49.219387556353425,52.7598688669104,46.529034915093796,45.15607954921402,52.405460694141986,53.641816239931195,55.18131577443002,52.74970369819116,55.2528679868719,53.47823199142721,52.78287896534751,56.5157797234097,48.4249674032109,52.73145773597582,54.76430047513573,50.61761316540338,51.151524804565184,54.44015577161557,48.78704836717353,47.66638565939679,53.46169149627473,50.961037825915575,55.47273922994525,53.87410415626432,51.30069539680636,50.28493482824933,46.49765411137902,43.838044794571495,51.80430092468097,54.50572612270012,54.05993989016011,54.30960153177837,55.30271324387444,53.8275344062768,51.36348875964794,50.01744927356565,50.62107578649382,51.34969527014966,52.0389621780254,51.89583018271455,51.54973917808231,50.7447158350152,52.24316916026395,51.8309868943695,51.7702616910402,51.29862141707554,52.2269325970426,52.0928947437047,51.50508309201797,51.27478485219582,52.197366464073724,51.648297316843376,50.365398934316254,52.12119240642429,50.550443789793384,50.90809090380505,51.770875218972456,52.86305931952983,51.33675757442571
photo_key,49.726798947229476,55.35468787357665,52.20963339454471,52.35796781635438,49.56671628572763,51.9912250327318,55.908150483366256,50.379191545654315,45.328694984937265,50.66426651028019,54.39587043282402,46.28388428239719,51.15734073120464,51.61769420890606,50.1806850002369,49.17551571210357,51.51332209105953,0.0,46.75443415207821,46.19756400320547,54.81542600020959,53.053616122256415,48.28629618203319,53.51525762893463,54.62707771625938,56.06351224155492,47.82878940485356,55.30218005017701,52.524349706339784,53.76460179356019,56.60881408856066,53.48516437052923,44.32217833447024,53.86480805836937,54.10288454022974,44.42880426765512,51.090244620889116,52.714126021175964,54.388450712955326,51.62761661915884,50.33308763870151,33.6944501336546,45.73568846035348,48.992258245188886,44.64460420765997,49.78376946279272,45.590856608276475,53.68160695021281,55.38223163172469,49.76338983446634,45.14560619679837,54.75893639160871,52.972981162825505,53.21591971965184,55.89509666135484,50.706101797214686,48.929143779168456,51.32376198997992,50.351114451938265,47.09207531165537,53.98695214665208,53.0428479842031,52.825439980919484,50.14022657984017,51.37184694145804,36.28671204511469,47.52977735222059,48.261473427688244,54.18381222193828,55.59458294489035,49.81197249236452,52.54054243158108,44.29392592778127,44.17400613483719,45.417055296348316,44.037153723262755,43.097431864113936,43.22019769426482,45.01485953324787,44.27891579423301,43.5906599526663,44.06213292803507,44.19196779050113,43.915620469980034,43.51891260004963,44.97887569643058,44.53059649546143,43.59325578382627,43.41865312880588,44.87041977770523,43.74210908620954,44.87998778513783,44.05834058031912,43.73392963048572,45.65203294268502,44.423922158478746
photo_truck,50.661683708707436,55.48629493291854,51.117615718249354,52.10405969525875,51.266602673925036,53.19645844659137,57.45450941653995,52.86173595224053,49.792412695240365,51.71642229262585,55.54979164145642,51.05018110941642,54.21226581556044,53.76109243063822,53.046675789625134,52.136497344506594,53.33664996495805,46.75443415207821,0.0,46.06002640578448,54.48619435804875,52.45239978476002,49.44595799539969,52.901303613060755,53.401152721657674,55.5997199365552,50.93416082179654,53.92715832768854,52.7115224398082,53.30263884445285,57.04402759382485,54.06086410106757,47.13685534757362,53.04748884849176,54.92443690939533,48.195608805804156,50.21745135211932,53.728315840066806,54.73420517872576,53.22838578737323,52.011106610727936,46.92894527762665,38.130506816930044,47.602340802691984,48.357014831124864,47.61979209085737,49.404094037814446,53.270469421651654,54.09158401521737,51.74326025387706,49.9144299642566,55.66289370434519,52.37494126070581,53.03548012511681,55.8023014097047,53.14157210306688,51.08541263193353,50.38911388111001,51.67708610051066,50.45504616413142,54.97700617029635,54.55250832190547,53.93098829071333,51.960875272881786,53.083869615381495,46.86309760754795,40.650872816968025,48.317016491398356,55.506906256069186,54.857355615548265,51.84771728975325,53.25782072616453,49.17625906555266,49.408139086764926,50.50750626104248,49.485297652059,48.6763647700968,48.56141167449028,49.870699200548536,49.35913811340995,49.10145462184981,49.024734792291696,49.417104661596866,49.41155271283833,49.07787066103199,50.33649173300708,49.59768756429271,49.2763016809919,49.14284359552018,49.73260066288792,49.09137676560537,49.81741849450892,49.72886696706295,49.05883029032094,48.873905475856795,49.98988989900673
photo_velo,48.94245721245497,54.92934287967489,51.02000607118889,51.813807404043516,49.24561698063456,51.10972270678123,56.10080506833299,50.67299825310508,49.2655806908643,49.90957559131194,55.37227749891467,49.556818939973915,50.46851003010592,51.61888341512085,51.19172980698347,50.04360848642479,51.56035400159392,46.19756400320547,46.06002640578448,0.0,53.369109405773635,52.625467110603644,47.76839789201109,51.808144008711125,53.01665515134392,56.38060368092309,50.39197795251671,55.1964681162413,51.3957304429663,52.97511540613072,57.029377946353776,52.93468566807596,46.7393486532248,53.55646463239523,53.326048639400945,47.1400354955383,49.38126680201366,52.643603790763365,54.791927717154856,52.204523760611394,51.02612744977977,46.70754502120255,44.63264163262857,37.82645297273626,47.54482769007366,49.259113994069885,47.74194469624057,52.3853317313136,54.4088589203172,51.10233306313312,48.354572680473176,55.54366651824902,51.0648451204224,52.51461964252767,55.02052177417897,52.04460595007207,49.77074602438977,50.55632872145677,50.71101043759974,49.950109550023164,52.22967081485566,52.79117174302008,52.70211759759579,50.72873695733515,52.300455048686416,46.83469105556484,47.34047431444966,42.93740707253297,54.53346946718177,54.99553976828931,49.94241105306258,51.60130525375669,47.67551753559626,48.12273717888661,49.04590176592404,48.12983555046866,47.784531734766375,47.565139577315115,48.4055886126265,48.23597274679796,47.855003828129504,48.052060757664464,47.77952381800227,48.22431221684989,47.826485638723476,48.58764330463972,48.41972165258184,47.91975162370339,47.63730950932732,48.362871712762384,47.897098114892664,48.452337984253326,48.15333317993213,47.74315080678398,49.33661486840514,48.50400304210827
photo_road,54.024703980864125,58.44570798704611,49.07003204501684,52.292245171424995,55.93643061633031,56.87765495860096,61.83433124707447,56.2316216336147,56.02292929977154,55.65789077122364,60.33022463606764,57.69257463919361,58.19939327088859,58.023807877002575,56.6831431520652,56.13305947906398,57.666152359280694,54.81542600020959,54.48619435804875,53.369109405773635,0.0,56.63598730211976,53.175497412249186,56.97433317934418,58.087156886906385,60.7899115416599,57.189292028825655,59.27803351842185,57.733967002758796,58.45742054851638,61.62917350721227,58.48066478191534,54.73840763436785,57.83417093857984,59.39516057889368,56.122270868891654,56.49523738324023,58.43898082500289,59.04156254319191,58.105111807195215,56.998998757741674,55.16185591404156,54.986153444907764,55.892481959361824,53.19280545912367,55.46379503668345,55.01238533207474,58.74796868236479,59.79731689652285,56.77938236076065,55.96803439589997,59.861578637702515,57.79512997861359,58.301315031806055,60.98411797405418,57.454602089690425,56.1023370295092,55.82088768073276,57.36909472502509,57.544319248517944,59.312913567560805,58.184145571449754,58.01818214871058,56.73032150842735,57.962513130836534,55.22492737662713,55.99094696899498,55.914048027425906,59.80877491399157,60.57685346128316,56.839896621665694,57.17880430796805,53.933399079582195,53.819305026662725,54.75494615226781,54.09099385593438,53.633689774977675,53.360952845401634,54.05664724752528,54.09305723336238,53.990855329877604,53.30947223960076,53.91044039828133,53.986021344176,53.819318498076896,54.68238969402714,54.065534240236424,53.959180698700216,53.643401711238745,54.314480099333835,53.92116103552219,54.29843283274385,53.92078870619714,53.58569890414913,53.58153379801391,54.011464670378736
photo_house,49.54464598222703,53.45508962552749,53.986676348700286,52.799429067877405,51.62130292041974,52.02750113928897,57.02102143527054,52.10328372631657,54.8397739104598,54.09253158999722,56.002827614576105,56.9928733122819,54.07744065391172,52.269936600988025,53.14303817524699,52.1993792089761,53.76114212780677,53.053616122256415,52.45239978476002,52.625467110603644,56.63598730211976,0.0,53.48933340848283,51.36199321745838,54.84130714310894,55.96319238884498,56.682677268454526,57.551163749026315,53.54746919913396,54.73682981110162,57.39529730877961,54.265656110084805,53.904920646240676,55.859862682493024,55.152571491589384,54.92329789080146,53.04478599367684,54.90391241202858,55.556478715035915,54.74974491076611,54.15716829609495,54.55785290884395,53.4959641834026,55.71711072253434,54.33053038340053,52.050360125477454,55.339388887207804,53.989059565334344,56.1133638436178,53.77858930643608,55.63048298094537,57.14346428791869,53.805087532759245,54.99955327595411,56.0049406904708,54.79561344550328,53.20270562215677,54.67820293101072,53.38388158775236,58.12422799224513,55.95465714325547,56.06306265562783,55.53239137533709,54.02274007865294,55.34362356403105,54.564961012065865,54.91509684413121,55.361812925770785,56.81488454553778,52.75677039913108,56.2095762153551,54.52329086734749,53.99562873191069,53.92360525986465,54.985122051400566,54.45331974747868,53.860381744516204,53.69273249277502,54.28670491033723,54.37965099548971,54.45775908741408,53.88438223638495,54.17149308019234,54.46494132919616,54.270643952883596,54.7720243675297,54.269877888555,54.32468496812211,54.06268764599139,54.39637813991555,54.28529626050527,54.61240869634006,54.21163038558878,54.137901592584946,54.226542564032485,54.36125620670242
