,square,rectangle,parallelogram,losange,isoTrapezoid,kite,rightKite,rustedHinge,hinge,trapezoid,random
square,0.0,0.06323612383216315,0.191319939062218,0.3089998128723781,0.25490235232069414,0.167277564569973,0.16625136038984456,0.28896301198083996,0.22787219410867354,0.2172340207086798,0.32857027284372686
rectangle,0.06323612383216315,0.0,0.15219759647087538,0.30188417805890844,0.3151557562562175,0.2158516724933196,0.21235870299612425,0.27811059991036746,0.19998127441374136,0.2507233763184824,0.3734141209856878
parallelogram,0.191319939062218,0.15219759647087538,2.220446049250313e-16,0.0827784557536293,0.22854983835583986,0.17900412106513097,0.16992263597537127,0.1904255168013952,0.14136194061651197,0.12758761997592827,0.24172041794521448
losange,0.3089998128723781,0.30188417805890844,0.0827784557536293,0.0,0.20799717203547174,0.21490223100848416,0.20318272020842887,0.18336263773848294,0.17390880261761044,0.11512407088832288,0.1576584508303176
isoTrapezoid,0.25490235232069414,0.3151557562562175,0.22854983835583986,0.20799717203547174,0.0,0.10010241114324969,0.07681042565736451,0.1579796096516689,0.1747981752119051,0.09458397831788001,0.11093971268274372
kite,0.167277564569973,0.2158516724933196,0.17900412106513097,0.21490223100848416,0.10010241114324969,0.0,0.03258223250140024,0.17739057902825295,0.15771964724762977,0.1504168480832916,0.19765331248187057
rightKite,0.16625136038984456,0.21235870299612425,0.16992263597537127,0.20318272020842887,0.07681042565736451,0.03258223250140024,0.0,0.15178866110654177,0.14093778131808254,0.10855075542771953,0.17350482400873468
rustedHinge,0.28896301198083996,0.27811059991036746,0.1904255168013952,0.18336263773848294,0.1579796096516689,0.17739057902825295,0.15178866110654177,0.0,0.024301955243256956,0.17385457520569092,0.16431403292316882
hinge,0.22787219410867354,0.19998127441374136,0.14136194061651197,0.17390880261761044,0.1747981752119051,0.15771964724762977,0.14093778131808254,0.024301955243256956,0.0,0.16023759826555994,0.17765179276319787
trapezoid,0.2172340207086798,0.2507233763184824,0.12758761997592827,0.11512407088832288,0.09458397831788001,0.1504168480832916,0.10855075542771953,0.17385457520569092,0.16023759826555994,0.0,0.08020279820840581
random,0.32857027284372686,0.3734141209856878,0.24172041794521448,0.1576584508303176,0.11093971268274372,0.19765331248187057,0.17350482400873468,0.16431403292316882,0.17765179276319787,0.08020279820840581,0.0
