,square,rectangle,parallelogram,losange,isoTrapezoid,kite,rightKite,rustedHinge,hinge,trapezoid,random
square,0.0,0.008242063993187165,0.01128525428717353,0.016370060987007218,0.004558140280851886,0.0030056508881893818,0.0021562578146137046,0.00818437120777804,0.008035311756282026,0.005178338837688923,0.008989863200445591
rectangle,0.008242063993187165,0.0,0.004473771007928784,0.008688494205071451,0.012936642972018242,0.00912738622300524,0.008812110674501716,0.00402950476717856,0.0025812450547578747,0.009017212623134485,0.01171802883233275
parallelogram,0.01128525428717353,0.004473771007928784,0.0,0.005075036761971519,0.013496708279188474,0.011933356681343987,0.010485973571470297,0.006492469411888968,0.00506706317802319,0.00967862315083079,0.012149460823556613
losange,0.016370060987007218,0.008688494205071451,0.005075036761971519,0.0,0.01574410342930277,0.015687150271633588,0.015695826551431535,0.00796486103372529,0.0075726436324187185,0.012122725163544068,0.010799183542653856
isoTrapezoid,0.004558140280851886,0.012936642972018242,0.013496708279188474,0.01574410342930277,1.1102230246251565e-16,0.0050183540706301155,0.004648622793186896,0.01197685691363859,0.012350641452098299,0.006039218305582406,0.008533171740075396
kite,0.0030056508881893818,0.00912738622300524,0.011933356681343987,0.015687150271633588,0.0050183540706301155,0.0,0.0024057974373443702,0.009932733579808839,0.009943338840329052,0.007373597114798014,0.009820171909093123
rightKite,0.0021562578146137046,0.008812110674501716,0.010485973571470297,0.015695826551431535,0.004648622793186896,0.0024057974373443702,0.0,0.008965691294683276,0.00886650472212236,0.0051664383240178635,0.009886675235217357
rustedHinge,0.00818437120777804,0.00402950476717856,0.006492469411888968,0.00796486103372529,0.01197685691363859,0.009932733579808839,0.008965691294683276,0.0,0.0007722842741660907,0.008784529580686318,0.009612089681653502
hinge,0.008035311756282026,0.0025812450547578747,0.00506706317802319,0.0075726436324187185,0.012350641452098299,0.009943338840329052,0.00886650472212236,0.0007722842741660907,0.0,0.008500264850412775,0.010061636942193641
trapezoid,0.005178338837688923,0.009017212623134485,0.00967862315083079,0.012122725163544068,0.006039218305582406,0.007373597114798014,0.0051664383240178635,0.008784529580686318,0.008500264850412775,1.1102230246251565e-16,0.005970967634731372
random,0.008989863200445591,0.01171802883233275,0.012149460823556613,0.010799183542653856,0.008533171740075396,0.009820171909093123,0.009886675235217357,0.009612089681653502,0.010061636942193641,0.005970967634731372,0.0
