,square,rectangle,parallelogram,losange,isoTrapezoid,kite,rightKite,rustedHinge,hinge,trapezoid,random
square,0.0,0.013643343590626023,0.021555668466151978,0.030086399886545934,0.008224923179433574,0.005627046499305677,0.003927507626262927,0.014732986663690384,0.01408465189704855,0.009132204419095014,0.018078299096893846
rectangle,0.013643343590626023,0.0,0.007556338515622429,0.01646599512877467,0.023262452967095726,0.015485864255925796,0.014647508204293502,0.008507761614419684,0.005323964143345239,0.01543983325801146,0.02487595822261701
parallelogram,0.021555668466151978,0.007556338515622429,1.1102230246251565e-16,0.007592837390836937,0.027430439337202572,0.022907460208026476,0.020071952578923358,0.012629640776479212,0.009159226739016701,0.015448787676631048,0.02344791081644959
losange,0.030086399886545934,0.01646599512877467,0.007592837390836937,1.1102230246251565e-16,0.030121948869006987,0.029686563832778567,0.027460216868162468,0.01612227868991023,0.014484490228830693,0.017172396643014176,0.01775586282371322
isoTrapezoid,0.008224923179433574,0.023262452967095726,0.027430439337202572,0.030121948869006987,1.1102230246251565e-16,0.008238235583750364,0.00748252428152496,0.022376791685668307,0.022821914444016267,0.009927827628536057,0.013818478171978676
kite,0.005627046499305677,0.015485864255925796,0.022907460208026476,0.029686563832778567,0.008238235583750364,0.0,0.004181866475598484,0.019151985647178127,0.01879661927066678,0.014615911118545877,0.021637242753575814
rightKite,0.003927507626262927,0.014647508204293502,0.020071952578923358,0.027460216868162468,0.00748252428152496,0.004181866475598484,0.0,0.01743021009936796,0.01673600423096311,0.008677723875721521,0.018806481461938862
rustedHinge,0.014732986663690384,0.008507761614419684,0.012629640776479212,0.01612227868991023,0.022376791685668307,0.019151985647178127,0.01743021009936796,1.1102230246251565e-16,0.001527710545895511,0.015414021840260084,0.019292759482515853
hinge,0.01408465189704855,0.005323964143345239,0.009159226739016701,0.014484490228830693,0.022821914444016267,0.01879661927066678,0.01673600423096311,0.001527710545895511,0.0,0.014313042299472722,0.0197845769675713
trapezoid,0.009132204419095014,0.01543983325801146,0.015448787676631048,0.017172396643014176,0.009927827628536057,0.014615911118545877,0.008677723875721521,0.015414021840260084,0.014313042299472722,0.0,0.008109862707588067
random,0.018078299096893846,0.02487595822261701,0.02344791081644959,0.01775586282371322,0.013818478171978676,0.021637242753575814,0.018806481461938862,0.019292759482515853,0.0197845769675713,0.008109862707588067,0.0
