,square,rectangle,parallelogram,losange,isoTrapezoid,kite,rightKite,rustedHinge,hinge,trapezoid,random
square,0.0,0.078717780133427,0.17877972460996783,0.2323772813526953,0.16747254497389552,0.14054370680699713,0.12611495756753732,0.21378266622912834,0.18103998205778804,0.15138346147324788,0.22511940245900242
rectangle,0.078717780133427,0.0,0.1053416061077449,0.1775411152508658,0.18924540811734836,0.1538434774988302,0.14825356793914124,0.1782074261312413,0.1334173055056176,0.15432401119603578,0.22150227733267025
parallelogram,0.17877972460996783,0.1053416061077449,0.0,0.045019112870558264,0.17922500632465344,0.15527200255770324,0.14584094892758392,0.1467856084260618,0.1151917867654434,0.09600512000651729,0.1472116525727276
losange,0.2323772813526953,0.1775411152508658,0.045019112870558264,0.0,0.20057497906685218,0.1855199561851245,0.17709630792667364,0.15964517761733965,0.1424424675057313,0.11043221545121285,0.1293972076542722
isoTrapezoid,0.16747254497389552,0.18924540811734836,0.17922500632465344,0.20057497906685218,0.0,0.08593586259774455,0.06828796156410999,0.16590538576996317,0.16060985948119544,0.07518732328843303,0.10414827612679456
kite,0.14054370680699713,0.1538434774988302,0.15527200255770324,0.1855199561851245,0.08593586259774455,0.0,0.036993271161605,0.1398433247949853,0.1275695672957784,0.11797556786757879,0.14154011332414618
rightKite,0.12611495756753732,0.14825356793914124,0.14584094892758392,0.17709630792667364,0.06828796156410999,0.036993271161605,2.220446049250313e-16,0.12959712233102905,0.11838551348672488,0.08258236503684246,0.12802020886884558
rustedHinge,0.21378266622912834,0.1782074261312413,0.1467856084260618,0.15964517761733965,0.16590538576996317,0.1398433247949853,0.12959712233102905,0.0,0.018182829416491297,0.1402494824973496,0.1334096470771381
hinge,0.18103998205778804,0.1334173055056176,0.1151917867654434,0.1424424675057313,0.16060985948119544,0.1275695672957784,0.11838551348672488,0.018182829416491297,0.0,0.12413172291002539,0.12798822164646473
trapezoid,0.15138346147324788,0.15432401119603578,0.09600512000651729,0.11043221545121285,0.07518732328843303,0.11797556786757879,0.08258236503684246,0.1402494824973496,0.12413172291002539,0.0,0.05783199161492514
random,0.22511940245900242,0.22150227733267025,0.1472116525727276,0.1293972076542722,0.10414827612679456,0.14154011332414618,0.12802020886884558,0.1334096470771381,0.12798822164646473,0.05783199161492514,0.0
