,square,rectangle,parallelogram,losange,isoTrapezoid,kite,rightKite,rustedHinge,hinge,trapezoid,random
square,0.0,0.05330478314575393,0.144699424815658,0.19874903786643916,0.12424519665481404,0.1178441598214569,0.10266544125713561,0.16913259850330642,0.13968867224580417,0.12497563625300756,0.19587822171922054
rectangle,0.05330478314575393,0.0,0.0939251346903861,0.15868778395996574,0.168484323282588,0.14623510671356776,0.13409658215336195,0.15486666156607087,0.11331827248152226,0.14235934237182346,0.21395619483054285
parallelogram,0.144699424815658,0.0939251346903861,0.0,0.038825154921395155,0.1590101356018786,0.1492764918532361,0.1359831030718872,0.1382484804075509,0.10737925755064381,0.08640452563766343,0.13963501890659746
losange,0.19874903786643916,0.15868778395996574,0.038825154921395155,0.0,0.1759021236655688,0.17999131361034548,0.16708095562912806,0.15521030039095163,0.13734155135910453,0.0976060212907448,0.11755485464337878
isoTrapezoid,0.12424519665481404,0.168484323282588,0.1590101356018786,0.1759021236655688,0.0,0.07696290138624184,0.05494241598867944,0.14927325784901224,0.14647643566459723,0.06446933914409292,0.09579991539139321
kite,0.1178441598214569,0.14623510671356776,0.1492764918532361,0.17999131361034548,0.07696290138624184,0.0,0.03385112499501686,0.1374297054938557,0.12794004407371828,0.11891674928093854,0.14290737745640347
rightKite,0.10266544125713561,0.13409658215336195,0.1359831030718872,0.16708095562912806,0.05494241598867944,0.03385112499501686,0.0,0.12279032191674377,0.11282781076794657,0.07834645318855049,0.12104960143141397
rustedHinge,0.16913259850330642,0.15486666156607087,0.1382484804075509,0.15521030039095163,0.14927325784901224,0.1374297054938557,0.12279032191674377,0.0,0.016349043858369106,0.1353858959351224,0.13029736257270863
hinge,0.13968867224580417,0.11331827248152226,0.10737925755064381,0.13734155135910453,0.14647643566459723,0.12794004407371828,0.11282781076794657,0.016349043858369106,0.0,0.12065321679871832,0.12814284771248263
trapezoid,0.12497563625300756,0.14235934237182346,0.08640452563766343,0.0976060212907448,0.06446933914409292,0.11891674928093854,0.07834645318855049,0.1353858959351224,0.12065321679871832,0.0,0.05254015879257512
random,0.19587822171922054,0.21395619483054285,0.13963501890659746,0.11755485464337878,0.09579991539139321,0.14290737745640347,0.12104960143141397,0.13029736257270863,0.12814284771248263,0.05254015879257512,0.0
