,square,rectangle,parallelogram,losange,isoTrapezoid,kite,rightKite,rustedHinge,hinge,trapezoid,random
square,0.0,0.041876879191975136,0.11423347730542688,0.15512969345885708,0.08566916737187569,0.0768300814920575,0.0715627914359912,0.12659975399224277,0.1021472149300936,0.09049775582870123,0.1384745645661929
rectangle,0.041876879191975136,0.0,0.07149376506661742,0.12244641174303672,0.12932062531024058,0.10306435252059054,0.10075807584765795,0.11619916910438188,0.08211416188196674,0.10709975340611089,0.15834565349955332
parallelogram,0.11423347730542688,0.07149376506661742,1.1102230246251565e-16,0.03105640663535869,0.13375932330161466,0.12015516449166519,0.11241367063765662,0.11400938593505316,0.08939035971391063,0.07113992713096728,0.11152684218454834
losange,0.15512969345885708,0.12244641174303672,0.03105640663535869,0.0,0.14680544270524598,0.14386385082415787,0.1353204017720443,0.12685732638114533,0.11161891187626782,0.0804519042214743,0.0953134756886429
isoTrapezoid,0.08566916737187569,0.12932062531024058,0.13375932330161466,0.14680544270524598,0.0,0.05850035680452759,0.04126712763214457,0.12084663461516876,0.1166620882512448,0.053200745544126016,0.07498689341447096
kite,0.0768300814920575,0.10306435252059054,0.12015516449166519,0.14386385082415787,0.05850035680452759,0.0,0.02662006262846306,0.11212216569975353,0.1021427974739596,0.09247465761334017,0.11257717273183232
rightKite,0.0715627914359912,0.10075807584765795,0.11241367063765662,0.1353204017720443,0.04126712763214457,0.02662006262846306,0.0,0.09987982335437418,0.0911472943404078,0.05967710077544597,0.09232615665260524
rustedHinge,0.12659975399224277,0.11619916910438188,0.11400938593505316,0.12685732638114533,0.12084663461516876,0.11212216569975353,0.09987982335437418,0.0,0.012111172046343377,0.10786314711570888,0.10292854080710334
hinge,0.1021472149300936,0.08211416188196674,0.08939035971391063,0.11161891187626782,0.1166620882512448,0.1021427974739596,0.0911472943404078,0.012111172046343377,0.0,0.09432372078019935,0.09826862814546977
trapezoid,0.09049775582870123,0.10709975340611089,0.07113992713096728,0.0804519042214743,0.053200745544126016,0.09247465761334017,0.05967710077544597,0.10786314711570888,0.09432372078019935,0.0,0.03891355703306565
random,0.1384745645661929,0.15834565349955332,0.11152684218454834,0.0953134756886429,0.07498689341447096,0.11257717273183232,0.09232615665260524,0.10292854080710334,0.09826862814546977,0.03891355703306565,0.0
