,square,rectangle,parallelogram,losange,isoTrapezoid,kite,rightKite,rustedHinge,hinge,trapezoid,random
square,0.0,0.06874609066502235,0.13388620890913716,0.1674319451487587,0.11915058183686589,0.10853265929938527,0.0986225546505608,0.15701948422216505,0.13645533148412414,0.1148198327095663,0.16519786140971926
rectangle,0.06874609066502235,0.0,0.08244635649246068,0.13407260777497265,0.15394072039694007,0.1330406197624051,0.12790539767670417,0.1383568469962243,0.10772862023916352,0.128891798594013,0.17990301065614522
parallelogram,0.13388620890913716,0.08244635649246068,1.1102230246251565e-16,0.040128315045150575,0.13730766775959158,0.129649977686089,0.11953268777671955,0.11555452798700427,0.09474496658817377,0.0858869794681707,0.12684224956481327
losange,0.1674319451487587,0.13407260777497265,0.040128315045150575,0.0,0.14851877224780907,0.14861468642096176,0.13975387898567004,0.12447158913560219,0.11552575839207924,0.0951209871914207,0.10892932442479664
isoTrapezoid,0.11915058183686589,0.15394072039694007,0.13730766775959158,0.14851877224780907,1.1102230246251565e-16,0.06564988928080917,0.05251988171116739,0.12078808041656108,0.11783094124106797,0.06300402412442496,0.08026919945546918
kite,0.10853265929938527,0.1330406197624051,0.129649977686089,0.14861468642096176,0.06564988928080917,0.0,0.032970625324473035,0.11758646584068244,0.1096195065581157,0.10023821514850184,0.11657459729945652
rightKite,0.0986225546505608,0.12790539767670417,0.11953268777671955,0.13975387898567004,0.05251988171116739,0.032970625324473035,0.0,0.11101627013231741,0.10086921272745386,0.0713134273223529,0.10418770069593586
rustedHinge,0.15701948422216505,0.1383568469962243,0.11555452798700427,0.12447158913560219,0.12078808041656108,0.11758646584068244,0.11101627013231741,0.0,0.016230614620406425,0.10875055844827985,0.1019886684662723
hinge,0.13645533148412414,0.10772862023916352,0.09474496658817377,0.11552575839207924,0.11783094124106797,0.1096195065581157,0.10086921272745386,0.016230614620406425,0.0,0.09848269003483612,0.10229326210382217
trapezoid,0.1148198327095663,0.128891798594013,0.0858869794681707,0.0951209871914207,0.06300402412442496,0.10023821514850184,0.0713134273223529,0.10875055844827985,0.09848269003483612,1.1102230246251565e-16,0.05056916664861433
random,0.16519786140971926,0.17990301065614522,0.12684224956481327,0.10892932442479664,0.08026919945546918,0.11657459729945652,0.10418770069593586,0.1019886684662723,0.10229326210382217,0.05056916664861433,0.0
