,square,rectangle,parallelogram,losange,isoTrapezoid,kite,rightKite,rustedHinge,hinge,trapezoid,random
square,0.0,0.004170908791743089,0.0064347747830961755,0.009004565362204175,0.002422919051246031,0.001792314130035444,0.001324441667732379,0.004525745547058979,0.004296499314952795,0.0026910431699077586,0.005443171019704596
rectangle,0.004170908791743089,0.0,0.0021214355524710182,0.004892134418508998,0.0069134514366484545,0.004602022534556771,0.004461261953593643,0.0028184009192928627,0.0017851351707064422,0.00462583498973923,0.0075245931709013725
parallelogram,0.0064347747830961755,0.0021214355524710182,0.0,0.0023201557356704594,0.00826073982981268,0.006841356485835726,0.006107048577834395,0.003843261219233618,0.0027122391471293694,0.00467434472181838,0.007021227969169708
losange,0.009004565362204175,0.004892134418508998,0.0023201557356704594,0.0,0.00924500591736388,0.009045690611700574,0.008400871361886941,0.0047339360282792065,0.004173824791626313,0.005247022035474003,0.005359267926693723
isoTrapezoid,0.002422919051246031,0.0069134514366484545,0.00826073982981268,0.00924500591736388,0.0,0.002556494414694521,0.00220910587818135,0.0066223002780808615,0.0067325747025931415,0.002992761422900281,0.004272705468089666
kite,0.001792314130035444,0.004602022534556771,0.006841356485835726,0.009045690611700574,0.002556494414694521,0.0,0.0012983454035099262,0.005981405257783234,0.005787399141605198,0.0044276374586094125,0.0066349790373011475
rightKite,0.001324441667732379,0.004461261953593643,0.006107048577834395,0.008400871361886941,0.00220910587818135,0.0012983454035099262,1.1102230246251565e-16,0.0054115675354440285,0.005195143628123122,0.002748955119492802,0.005794691625657267
rustedHinge,0.004525745547058979,0.0028184009192928627,0.003843261219233618,0.0047339360282792065,0.0066223002780808615,0.005981405257783234,0.0054115675354440285,0.0,0.0005649616592842133,0.004544344275164036,0.005584420490714392
hinge,0.004296499314952795,0.0017851351707064422,0.0027122391471293694,0.004173824791626313,0.0067325747025931415,0.005787399141605198,0.005195143628123122,0.0005649616592842133,0.0,0.004184351543537801,0.0057345312553795935
trapezoid,0.0026910431699077586,0.00462583498973923,0.00467434472181838,0.005247022035474003,0.002992761422900281,0.0044276374586094125,0.002748955119492802,0.004544344275164036,0.004184351543537801,1.1102230246251565e-16,0.002544201178167449
random,0.005443171019704596,0.0075245931709013725,0.007021227969169708,0.005359267926693723,0.004272705468089666,0.0066349790373011475,0.005794691625657267,0.005584420490714392,0.0057345312553795935,0.002544201178167449,0.0
