,photo_face,photo_profil,photo_eyes,photo_face2,photo_walking,photo_standing,photo_hand,photo_legs,photo_bird,photo_butterfly,photo_girafe,photo_fish,photo_cherry,photo_tree,photo_flower,photo_carrot,photo_watch,photo_key,photo_truck,photo_velo,photo_road,photo_house,photo_mountain,photo_windmill,drawing_face,drawing_profil,drawing_eyes,drawing_face2,drawing_walking,drawing_standing,drawing_hand,drawing_legs,drawing_bird,drawing_butterfly,drawing_girafe,drawing_fish,drawing_cherry,drawing_tree,drawing_flower,drawing_carrot,drawing_watch,drawing_key,drawing_truck,drawing_velo,drawing_road,drawing_house,drawing_mountain,drawing_windmill,geo_face,geo_profil,geo_eyes,geo_face2,geo_walking,geo_standing,geo_hand,geo_legs,geo_bird,geo_butterfly,geo_girafe,geo_fish,geo_cherry,geo_tree,geo_flower,geo_carrot,geo_watch,geo_key,geo_truck,geo_velo,geo_road,geo_house,geo_mountain,geo_windmill,word_face,word_profil,word_eyes,word_face2,word_walking,word_standing,word_hand,word_legs,word_bird,word_butterfly,word_girafe,word_fish,word_cherry,word_tree,word_flower,word_carrot,word_watch,word_key,word_truck,word_velo,word_road,word_house,word_mountain,word_windmill
photo_face,0.0,1094.1736341518229,1255.1718920909652,986.394799490649,817.3106316523098,747.9823085783161,909.0365914317532,723.9904848298041,1009.8498974099218,1191.0110542069854,985.7854650305718,1075.4927638012741,917.4910447875088,623.1025889275325,847.0649957016218,789.5289320197342,846.6981333934109,1081.4454447931023,1265.4111105421202,979.80791165403,1204.3145550639438,1055.8298383997515,813.2879689235,987.5530510189332,793.7646067060779,1047.8899981773518,1173.7413531701513,937.4160230323467,908.1706739975276,802.2153187553871,955.2619930695802,793.0967077847571,1078.259139872351,1247.084543592041,892.1443624346987,1056.88145507434,1023.0391654575559,563.6202902868769,701.206166409705,885.2995903452328,730.8920215557449,1090.2407536601743,1227.410240947696,1076.9803692592293,1146.1558241481093,1158.937674108047,1036.6562263763449,930.9653782295811,1179.5118236655658,765.521128797658,1063.1054218991337,858.4122352321958,759.283779025969,881.2036509256577,731.615568919827,835.8129888597338,860.230839543597,1049.214596799976,945.8850031884406,1256.5365869979507,972.1994431276876,756.8104836325042,679.249762152707,924.0977581785974,836.7407468623948,1090.4416451010552,1279.794213782248,1092.277823235919,874.7998576697876,709.9563391610737,818.8344024129718,675.7316692582942,981.1695151898132,950.76319436741,959.1998337551406,1037.1727708241667,1052.5481192752509,1041.2851664140185,899.8147875286495,1052.5379242987835,1047.2881489988388,1040.8098101725257,1038.3297048352927,1050.2467102849791,1045.6461847576797,953.0995275800478,950.6498395195173,1049.1174402548597,1047.9831992066636,855.5863165333332,1043.132443952429,889.9964949830036,1028.1230848237576,1045.3634804047733,1056.1451368938203,1033.1146481630174
photo_profil,1094.1736341518229,0.0,1256.1942543652708,1093.415086969083,1105.805149754283,1285.0281842714503,790.0055012287238,1172.8465202090044,1404.9589714733468,1179.8275618275475,1252.823680770163,1332.881180292283,1077.3970268230348,1050.9988133291108,1266.6514828091563,1322.5050700932793,1080.293889354611,1452.0677037317728,1393.6705619263812,1230.8178399714866,1205.0020653220984,693.7665113083085,1204.0743973281199,1096.5771386700335,1238.012482287847,1019.9955256983477,1416.5768265637134,1206.62371476865,1147.3784198402554,1230.9542360106016,1216.0389197957618,967.3434182178127,1462.3883240710438,1334.2752295604073,1289.3709510581675,1416.3728598339753,1120.0516704982908,1236.7269425009727,1024.091099245678,1295.798272827669,1134.4755369640627,1445.601588282062,1349.7872792565431,1344.112373508269,1393.3096518701486,1231.9238171723432,1392.9835178191245,1103.6455403045832,1121.8368640737872,1296.9643559024237,1410.01656271144,1250.215922127128,1110.795401382349,1300.7277793524438,1094.7281238205499,1041.7417453899993,1287.370763799672,1189.3012172324225,1317.45595035526,1365.0677849787564,1148.251523531489,1296.8907737897434,1224.668831964359,1332.6358984560632,1323.6526752253267,1428.1307611112493,1383.2124127042896,1319.1732979051305,1104.4854901703366,1100.3545397621247,1323.8413185354657,1227.3243671637601,1337.3263572393034,1300.3268754355565,1318.7487840623596,1389.2605148952975,1396.2525093606869,1379.680369601574,1304.1003185848901,1392.2012991483587,1391.9114550619674,1383.0334020433984,1383.5842466357176,1393.302474595633,1388.972628238144,1372.2710520454548,1302.9353585098668,1393.1565995696776,1390.486195282183,1324.784390998619,1385.6241933746555,1330.8943760968707,1371.4508335107332,1387.9486513319441,1396.3813356331464,1374.2540744201413
photo_eyes,1255.1718920909652,1256.1942543652708,0.0,838.2974324906206,1439.4340218803327,1385.1330730139166,1358.8036690004822,1386.15718032303,1123.2065306612742,901.1432950901273,1320.0084854273746,1257.4019195590563,1318.8008462636496,1361.0109576347568,1456.1401539124622,1417.6135995633763,1207.4876188966957,1173.240831329261,1134.0519126008367,1075.837840948739,674.4128143660865,1195.870324249526,1202.146447102046,1059.8493205542356,1309.0442164086421,1241.5981551886675,1194.3027335384302,994.2567270711854,1553.1933970656012,1328.441600554443,1558.9859366559583,1356.4602265786955,1175.4495186529996,1048.1730975902635,1496.5647674757709,1238.342559825905,1047.6354695784598,1332.5114388342827,1256.7847404275485,1496.6545243070034,1458.5500325704122,1254.9061761541511,1171.4439356640466,1186.275111352296,1184.8869632994692,1022.3283594072496,1206.5426206451211,1228.5125167730057,1130.6112958466306,1395.5140350157515,1232.888654606352,1463.146121846184,1331.5506854912865,1462.8098763146384,1412.0533704138652,1491.8996307972932,1467.0236928697009,952.4665872962493,1507.3733763022692,1072.4258650206789,1471.6644499233055,1384.8109892637394,1375.5203293418685,1500.278476340466,1436.0219610334764,1250.5711396656866,1139.307651763847,1014.50792750141,1538.0996782458021,1422.7155562410755,1258.758087099988,1235.447515010388,1211.2262861751506,1243.8885507769146,1228.919436837533,1196.3064814495915,1215.8646550226981,1205.8407164274531,1242.7026338949488,1212.3730430047497,1213.8515162301755,1205.2105117097817,1211.9733930162627,1213.1367850028216,1213.3398029034518,1202.5131353013087,1226.6426610017936,1220.0521432101334,1206.3860380738427,1267.8411135217925,1214.3176066223657,1256.5454850942897,1207.3123253892381,1201.9884847430244,1215.5251698792688,1210.5272297152871
photo_face2,986.394799490649,1093.415086969083,838.2974324906206,0.0,1221.1092400330074,1164.2001063418336,1205.9863962638658,1153.3746992335743,1144.3690318763267,735.0384281931927,1176.8811634141887,1250.934720556982,1064.7651935428994,1117.805257405615,1251.3547177138448,1201.8345418718718,1043.3960245153285,1206.9018348103564,1208.787776533144,964.2094399721494,748.5126911055345,1026.896014913649,1102.682734806722,897.1058634969007,1065.5637052026918,1084.2164191349848,1336.9356725713144,750.1620165861533,1345.0160664782052,1177.9251748441634,1343.527996869804,1104.3294916342263,1209.3393081996808,1074.9356925914183,1290.9367098036391,1280.4112675965894,1046.8047172875742,1091.941457273517,1100.1544547970884,1292.0988896128076,1234.6860613115734,1292.4951341587969,1173.9651734573392,1084.5459071032687,1314.9027793624957,1047.0908757154102,1242.4710136190254,1065.8947495645693,1126.387425947574,1180.955553632985,1279.2367021387606,1256.3462216604444,1093.692395354817,1250.9364957957534,1188.6079288471208,1282.5724526354825,1260.1951669950888,842.0183024382717,1311.6182934942467,1207.8732806892651,1260.1939389436018,1169.3650521197048,1156.5685989874653,1303.8443414395203,1234.9226866188258,1290.4249226529143,1248.0659379128656,1070.613863997303,1331.5362386407094,1198.851635046485,1163.5125310309934,979.8495988724593,1202.503560515755,1166.131256266608,1178.710200618784,1235.843113169326,1255.2628061773667,1244.4855826016476,1168.5467261607714,1250.9445925730113,1254.1743366256087,1244.26019214731,1248.688086774947,1252.2553611023145,1251.783310384616,1238.1315238557554,1160.0568939163418,1258.2105998428417,1244.3139805290218,1196.7570981997576,1250.2265205868339,1199.246481568055,1239.358459081787,1240.6694795919495,1253.3974356341262,1243.7120738127237
photo_walking,817.3106316523098,1105.805149754283,1439.4340218803327,1221.1092400330074,0.0,908.21698723336,884.5217664611347,796.4132359245227,1168.1614128038234,1368.873841135442,1173.5628934061006,1121.289518503097,831.9084005983916,783.9146667303323,885.0353417799488,967.056074564578,1066.7058737510238,1124.5986600145293,1411.2633129645037,1166.52960592573,1380.0901014779167,1172.4299814550877,1064.0044984146546,1194.5822532301588,1030.6474913635348,1145.6894779960044,1220.1010510911085,1191.2951698793868,698.0201806520419,1023.1086140608735,879.7964965383983,936.1273517239988,1242.760573989022,1417.7331098488307,748.1175259209456,1130.3368305607569,1251.08857905178,854.0909907249618,1001.954263205856,930.3235107024573,865.8036938279562,1125.7651341059136,1279.3889245601608,1248.6688798571827,1217.714262898174,1343.693303313178,1075.4330698867307,1031.1993435477734,1346.604856469626,954.8080789432324,1098.4732085186954,951.7585566547147,862.347714851583,945.5806019439973,851.4013395461182,800.2317076650564,925.3693241628288,1246.097840202256,809.0714992222229,1391.288510672834,1036.759250301572,967.4831683759281,940.8721432073525,980.3351199775822,987.2922043105747,1120.3181600249447,1407.4920881684877,1254.6018081842533,827.8063327893823,851.8387096161536,1046.807628054451,907.0853886189348,1006.3120325811904,973.3435574346747,988.5414678942836,1084.9888368485922,1072.9078732416633,1058.6418220516393,918.687725185535,1070.211722094198,1081.1619412571872,1063.7401005890474,1062.906593332337,1073.062522915036,1068.4794937142556,981.4634412501229,982.2424236814296,1072.856615043796,1071.5938310207555,879.9222653120482,1063.0280024620545,909.864325674992,1050.1841634616617,1069.1363806664842,1077.5669701928562,1052.2440250987154
photo_standing,747.9823085783161,1285.0281842714503,1385.1330730139166,1164.2001063418336,908.21698723336,0.0,1098.266633335863,643.2989729084187,1071.833437619138,1319.0283940234754,932.904231023912,1155.5753363964532,1078.5388292848825,845.6108481429112,580.3021087592139,472.2076016575466,1021.3064748778897,1144.9478096714026,1223.5426293553928,1109.4031917019174,1321.4447337206125,1215.0652808163932,959.3525019868741,1135.4238002720235,935.2013666880849,1139.559650781674,1253.1986987530065,1120.9732078199531,844.2926843130232,713.6105690664026,914.62903021865,990.0713770087624,1142.5195477948175,1365.5478376009673,836.4396067092588,1141.3009848006325,1207.8009101152456,722.4747880003526,945.3226981280073,629.5702657768379,932.0772109033621,1164.6302267679578,1298.2714271987168,1159.8837040346655,1222.2956090246137,1288.8810711544484,1114.3865998020988,1054.9315657283266,1080.4341388849396,686.7399056438541,1140.6561614904958,586.4156090197458,878.2194454750019,569.5705006116859,773.9240957023335,1002.4542644742115,741.8335750393765,1187.477630437007,896.2717347740188,1318.3487676760296,941.9920906278168,722.064113489659,646.3561566816264,667.2806460686048,604.3771156773488,1160.622000148668,1246.178360411981,1192.8233388894935,987.936978296062,853.8577771616232,948.8699931803377,863.5601159278159,1058.0185545526842,1033.08066353777,1042.874002516711,1111.2192593725779,1124.4100636313747,1112.095007803518,984.8299997032007,1121.8735368679904,1120.7027158603435,1112.8258529914185,1111.4250991122112,1121.6088492347592,1117.8585119289778,1031.2807416649691,1034.2430218268237,1122.9784560403302,1119.2616881895126,944.3220196142456,1115.2963645826385,976.4641332471639,1100.7650578372084,1115.1249607762275,1126.0576538107564,1105.0347446565365
photo_hand,909.0365914317532,790.0055012287238,1358.8036690004822,1205.9863962638658,884.5217664611347,1098.266633335863,0.0,949.0435876727978,1345.3565189715214,1284.4801205918482,1194.4467882107847,1272.158349237845,1034.8023807128693,828.4957938641749,1068.104933886371,1138.0483663242962,1019.1607750469483,1400.588724858168,1457.4913099791825,1306.8999428838156,1305.4121613917275,921.0453381437324,1169.9811564969827,1070.0145511333183,1190.4051598943447,1032.0526576818147,1361.4974476819748,1137.9230211325935,937.2039958263827,1022.5615290307748,957.384870139844,927.8899216586252,1408.1960082372022,1407.8585632151676,1094.3049522936672,1365.749434324167,1104.2995355390783,1021.3969355134655,809.233103622159,1095.7715428656122,905.5012137408664,1393.9281119471732,1417.820345012056,1414.1926819928433,1333.6117267272418,1316.0345994281695,1352.6691006204244,880.2516270960915,1238.8409234123624,1112.9835083516098,1359.8868275391,1066.1018515439157,902.1788698497238,1108.8420983892859,872.8999152527701,809.3876988227425,1091.530635715891,1155.6599983035783,1129.84111136677,1427.667615718211,1116.9010089996643,1121.0311150186985,1034.0432047898819,1144.8841184353826,1139.2861945018512,1379.3867126553096,1447.8738405457339,1388.5705816520378,890.2252141493091,915.1012156619234,1158.8344765040397,1016.3597219192134,1280.4859267056934,1246.44738680233,1264.154928253474,1338.1243477136854,1346.7568150060883,1331.5899620971688,1203.696876491486,1343.3221285113607,1341.9181362292932,1332.79600749728,1333.6331537229207,1343.4752303440423,1340.1986142862618,1257.381088512191,1251.6923156187227,1343.9167575354772,1341.7331180072347,1162.0241961048166,1335.93110595524,1195.6256506584286,1320.6244582080749,1338.2415442585207,1347.9273910416653,1323.7733411846002
photo_legs,723.9904848298041,1172.8465202090044,1386.15718032303,1153.3746992335743,796.4132359245227,643.2989729084187,949.0435876727978,0.0,1115.960732867676,1316.3087512511104,1107.1624560788487,1187.3882775156103,950.2501982842363,672.4218265296712,798.5199626904338,717.9911481137657,1004.2476261871258,1185.147075047158,1369.2974998267898,1115.6179807427495,1326.419285795532,1109.3670480562664,993.5620012585714,1130.0466424488268,962.2856259832516,1079.8273920673928,1281.6427292482592,1108.7225979437485,742.9950325863308,754.536955986935,765.9858522356108,826.134290341107,1189.4683340244496,1365.4518571606886,1008.6028301080785,1171.6879032582842,1187.9709671151911,750.0419838128696,920.4919306795324,828.9829790956431,933.7775934240465,1192.959155113553,1336.4585927177525,1197.1294635494935,1253.5842272949594,1288.980719946957,1142.6472730482062,941.4322984895931,1175.739028299074,701.2205669246808,1168.2832292241676,678.4244866007981,793.7551525906899,673.9458137654882,596.4248477828279,876.7618759110381,639.2840451251845,1182.741158328531,1047.8318018082564,1350.7460541690334,998.1186435801856,737.2679858708958,666.9290845064438,858.4684808664066,770.1205752396542,1187.3295994242262,1372.3472696000931,1207.683889903874,912.2131722169084,759.1078434125059,977.6463671946377,812.0918788222451,1076.0472227690173,1044.8654841063185,1060.3714724839974,1137.606173063079,1147.683118495867,1134.1178068423803,997.7198196861037,1145.4120400413428,1145.6686575649126,1136.5921010959864,1134.676224942461,1146.0678521645095,1141.9781418726322,1051.369902907444,1050.8281047653168,1145.7375934574957,1144.3984371731087,949.3298771375562,1138.4522469380847,987.1845179842448,1121.5444107499195,1139.9295336111782,1150.2164787817749,1124.9914389919463
photo_bird,1009.8498974099218,1404.9589714733468,1123.2065306612742,1144.3690318763267,1168.1614128038234,1071.833437619138,1345.3565189715214,1115.960732867676,0.0,1286.8972061034542,999.4113817463068,908.419685813223,1294.556705940047,1113.1324710229935,1141.6728833552277,1110.4184693717953,1245.7856154450142,611.9116913012955,1018.7498905411277,901.5609334438062,1175.5457267259244,1327.1720873462396,1024.1255708962658,1235.980541273378,1006.8605200480566,1257.5273302622536,898.5148408932619,1100.93123587592,1254.6556836794214,1151.5091097713048,1340.2645943022242,1146.0560396095784,559.4127159261003,1232.149924740296,1204.606029179613,738.9763936846385,1275.487558766369,1016.2575353901728,1167.1552432927895,1202.2287216242373,1181.9192301874716,768.253187719122,1106.0976513980365,949.2970051087015,852.5380117935381,1237.3552516600919,867.843523836444,1217.6592986291553,1277.9247416555327,981.5124436208154,776.5677465217891,1176.908358819906,1189.0998295866407,1162.3864682397107,1175.1283330471822,1254.99582094414,1156.985589298821,1127.2615457342692,1226.9632048503674,1000.6898882813496,1292.3575732588436,1005.8377104774165,1076.0869810897232,1208.3958932139708,1145.0135185434217,780.7420207885793,1047.4186021904732,846.5466635638542,1128.5270774954893,1117.2000263264697,1033.4644511331046,1018.7645536696375,722.7873080648797,783.0140743848247,751.1917344721857,698.9114421084208,733.4387666849112,725.0524788974046,778.057811725824,734.760166100973,733.7061230446634,726.5578288106807,730.0756964613463,733.5699186948524,731.9736625239935,709.0535640111998,759.5230308382098,741.2347608502155,723.960766498069,811.0246351914036,734.4251004965297,790.5448493445055,721.112396268225,715.0220516824609,738.5487768711348,728.8156850674841
photo_butterfly,1191.0110542069854,1179.8275618275475,901.1432950901273,735.0384281931927,1368.873841135442,1319.0283940234754,1284.4801205918482,1316.3087512511104,1286.8972061034542,0.0,1239.563021927835,1217.1024171864028,1233.0736688229993,1283.4612004596092,1392.97934056645,1349.5519476734823,1114.265398851501,1338.860166681991,1185.567680073388,1126.2960525820693,791.2029048721881,1103.545272319153,1269.2527388339547,972.884337625575,1244.8493618075645,1162.0503104114505,1295.6678756873805,884.7180432792252,1480.4041494424534,1244.0838715528425,1484.222090915419,1271.6747729443696,1334.1445687239327,858.9456236899027,1422.2406727552664,1355.512751857327,1101.4240566962494,1252.4983785958864,1168.0662699223797,1429.0968027371646,1379.0858796598598,1332.1080608811817,1128.7023489300907,1144.387061825651,1274.9494680392625,980.7722412560906,1377.0298906923474,1128.2839878402076,1192.4265718843542,1330.685123886918,1318.7724442509393,1405.2795383158843,1250.3947318767764,1390.9444041072466,1336.0371016434897,1420.4497875708848,1401.8058043251099,911.2328539505525,1347.3299014560678,1155.7368864126051,1400.77927286313,1316.8465675268599,1307.196867125358,1439.3267246041694,1376.7965033177982,1337.691089114643,1201.4227952381232,1216.0235705671641,1469.5900366195356,1348.5253631301034,1310.68056737316,1148.0792748831973,1273.560159365817,1243.4020596936991,1259.02030256091,1290.8154101090954,1319.3999168585879,1311.690841651254,1259.1808573861738,1306.4247852608744,1310.7325681752804,1304.4155142765644,1308.1504236877809,1328.5092016474296,1323.9392702138316,1349.0060198409144,1239.207521360033,1311.5925866899147,1301.521525182811,1303.8400644591093,1307.7251174380608,1281.145297913312,1305.1902712350995,1314.13657126193,1306.5110896081533,1306.4123868967088
photo_girafe,985.7854650305718,1252.823680770163,1320.0084854273746,1176.8811634141887,1173.5628934061006,932.904231023912,1194.4467882107847,1107.1624560788487,999.4113817463068,1239.563021927835,0.0,911.2535526619905,1295.9674106047962,1106.8063372803908,1013.717531724661,959.4757710346573,1078.4871060875637,1066.6596815874589,971.0318225675267,1025.3963403629207,1255.9561906982374,1162.08400636461,1154.4242361592112,1185.730929644314,981.3319103568106,1074.641170646443,1031.714940885509,1022.152810945175,1239.716007025638,957.5434844253128,1320.7873900433815,1101.7401690255037,1066.4396404628328,1297.6398910362136,1020.0648633168951,1033.87257018395,1241.3101103631639,974.0296170003719,974.5155308399907,1052.3417257153394,1147.2438009457762,1083.3889203224617,1068.6945353515534,1063.2376054559898,984.6154724696293,1204.7549211412097,1153.985726914842,1149.0269932078393,1121.98555034852,953.9341150317148,1061.9290005665036,1036.2409354413967,1126.307880395078,1039.389875757565,1145.4560331231764,1237.229545749602,1160.1258566549516,1110.4472112847297,1076.1233675966482,1117.915024112647,1162.8710425727738,974.2869366830397,1047.5819621139915,1076.1847427852483,1014.1933086131138,1081.8274694920337,1016.329282878711,1110.4688190515267,1100.837752029478,1085.1981523512684,1144.596253066817,1101.5639760110353,992.1487843995664,957.698001065617,965.3672646937681,1037.0919426918872,1049.7583062048218,1040.29135650876,962.538746026998,1049.6206812695027,1043.0654119061958,1037.458718515385,1041.12605032821,1048.740609553254,1043.3655190394334,1031.6842973569624,953.8828071642173,1049.441934031553,1047.8789938346843,994.8618567893121,1041.6018904643915,994.081225879856,1032.5205805725502,1044.3838158204946,1053.432453844341,1037.1546419768704
photo_fish,1075.4927638012741,1332.881180292283,1257.4019195590563,1250.934720556982,1121.289518503097,1155.5753363964532,1272.158349237845,1187.3882775156103,908.419685813223,1217.1024171864028,911.2535526619905,0.0,1245.570595201017,1185.5711426542805,1218.0141962395808,1178.5019690934355,1165.6648403101772,831.3034855965325,969.8068133888065,955.5496676831347,1194.816574806414,1253.1389409863816,1091.168887217743,1256.1074037799226,1067.1032783490796,1165.8730136436245,653.3262539645183,1107.3720579180726,1252.0383555368542,1069.297874180248,1396.700769295932,1204.0687041937954,981.7281038717965,1152.6247599569035,1136.9968365382783,720.5845002809614,1187.2730242527641,1072.5272519532775,1075.3919133834522,1259.3323309688205,1229.0658445422205,744.8325052066964,725.6852035098588,916.9764387315506,634.592117836141,1062.7718185463482,943.5882604715648,1236.2476946533714,1202.224982575211,1041.8082760425534,724.8107378164563,1243.6386243145362,1241.8237214013134,1249.1707068032047,1226.0326269022867,1307.5191588460348,1225.3957453600187,1138.0138177703798,1081.2339512944186,934.278610555823,1348.6390503645782,1058.9980255838307,1133.7582789968546,1272.5903165589712,1204.1871041872519,770.9396714631395,985.3567113714385,1038.7844372686839,1181.5709256503392,1170.3451228982362,1085.5669554660337,1179.2219595303022,736.313040986684,800.2049918470719,771.7005830601671,734.2219187607013,737.1136700206132,728.6811685439767,806.1999315014647,728.0780836221616,735.5047509633827,720.3669836248354,723.5645826297804,754.22314601619,741.3858777448643,783.2710300766406,785.6596657900166,723.9410933570113,727.2209453088918,873.505417680053,718.8170124561939,811.9173703659173,726.7390020279095,747.8215339438342,734.8555843703055,728.1204880047104
photo_cherry,917.4910447875088,1077.3970268230348,1318.8008462636496,1064.7651935428994,831.9084005983916,1078.5388292848825,1034.8023807128693,950.2501982842363,1294.556705940047,1233.0736688229993,1295.9674106047962,1245.570595201017,0.0,804.5832398268437,1159.7112125259139,1119.6502956579175,1033.5089127085855,1250.13625128939,1370.8813133899132,1061.8240054591504,1264.3093661470657,1023.1315601337711,971.5336377268198,1143.9503978511734,1005.3389016192381,1139.4285865305358,1338.7668567445487,1173.5159370839172,975.7908993315572,1165.9104349251747,1124.5915953928593,939.0787699356247,1362.309363334387,1379.6361687504022,1052.5818567124913,1246.8162863533134,979.2617061591052,999.9486866536425,1020.4551239515255,1187.2924626863978,1044.578875827283,1247.3894437190772,1189.1797752897412,1168.3891705872443,1333.4713420305736,1197.244010521767,1070.2942588735575,1117.075495181028,1304.017196054315,1107.9252497938585,1225.0201062128456,1059.085081825509,800.1065135578448,1093.9918398234686,911.6934401483309,969.2276702561737,1071.854378492019,1226.9652951564672,1089.948846682682,1328.167813482936,953.09827902963,1092.9181901474872,1027.6166293605945,1212.6569625523666,1142.5797002891127,1245.4135707113924,1367.0951143253085,1157.8841765859459,1018.3900146106049,908.7671748575921,1055.8687419510022,1009.9174671296515,1143.604687895068,1107.9660914027015,1124.6669859480091,1215.8524640399455,1205.73180205537,1192.6160655303381,1060.3606789666094,1203.3360744742479,1212.3866009569238,1197.632607557815,1194.2775787000364,1205.7326429121856,1200.440035302679,1120.1324609127391,1116.29545831559,1203.367717723823,1203.9680760180102,1023.2716304385864,1196.5398787735414,1053.31779918383,1183.6168480948068,1202.9001505497022,1211.456213244098,1186.297882463342
photo_tree,623.1025889275325,1050.9988133291108,1361.0109576347568,1117.805257405615,783.9146667303323,845.6108481429112,828.4957938641749,672.4218265296712,1113.1324710229935,1283.4612004596092,1106.8063372803908,1185.5711426542805,804.5832398268437,0.0,969.3835742692335,900.3543831358963,958.5666282777548,1184.5177007316981,1367.7761982337527,1088.2717435314555,1298.6147653382477,961.9692155722128,896.7595472323235,1073.5375602391748,942.2298088190577,1043.8235037541215,1280.1695884377407,1075.485879356396,859.4159918221047,938.2382347877774,927.7087917700313,678.7317036219648,1189.9536566602444,1334.7382453439059,1009.7420778428468,1165.3536040356594,1072.4609990815852,706.7987479475173,784.0741491144082,1006.0615122959907,831.9912540538947,1191.465398474979,1331.1094482141323,1192.0042154940581,1251.1264306602213,1247.0407784363697,1127.9729166610155,879.8288703011796,1253.186005371567,887.7054436760648,1167.1724411371067,827.6798353666053,658.8833608228264,865.0208302636722,633.1132352548983,747.7996910560963,841.7306094491029,1152.2677048142623,1052.415416149771,1350.0297581171685,900.0699684246905,877.8518072663373,788.2895049458857,1031.5534783923154,928.5792670123525,1187.4305634076954,1371.599696720132,1191.4186687361994,807.0917005114565,614.8364465583646,918.6231679231155,748.7934879794356,1075.6309848197163,1043.7750398797232,1058.549455610887,1137.1199049474135,1148.7226668789529,1135.6318823701292,995.084500882212,1147.5116204689314,1145.9927470609382,1138.4824879633838,1135.4127761841542,1146.756286376936,1142.6372713415988,1048.7331619750917,1050.2895622913925,1145.763459906923,1145.186565957147,944.3005509537746,1139.521396705368,982.4169843243603,1121.413727442665,1140.537067097219,1151.5390839944657,1125.641388521662
photo_flower,847.0649957016218,1266.6514828091563,1456.1401539124622,1251.3547177138448,885.0353417799488,580.3021087592139,1068.104933886371,798.5199626904338,1141.6728833552277,1392.97934056645,1013.717531724661,1218.0141962395808,1159.7112125259139,969.3835742692335,0.0,549.0402622906273,1081.8896992868831,1215.5646407209115,1290.3096345955387,1184.062107825337,1395.7495994153803,1316.0768068387151,1048.350925741535,1227.8959999564788,1018.1981694823111,1239.9873992352009,1317.636705501842,1208.9008507765966,799.1579310735392,830.9663961109925,851.0646085242295,1099.4348803679175,1209.1430910946697,1439.149550138251,739.8611112344928,1205.8384736592247,1278.2358455260548,817.4175603705883,997.1240524693517,463.05561006770006,843.4931557583282,1227.0515223184323,1366.2240060136162,1230.8152803897606,1286.4907819537755,1357.2464597282403,1184.077575831776,1176.7938108639203,1143.5464934708068,759.4780430334056,1201.8113449823186,728.8118943693607,978.8577862632288,711.9427540477008,878.8825997172745,956.2413048887178,849.8761687469329,1261.9368604307313,805.1691935105727,1376.765898559138,1019.2249216902686,802.8817942110294,731.6960758717919,574.6942510770904,671.1854277309619,1219.3677548821067,1302.8056296618483,1257.96276387927,940.4898957173101,967.6749835472,1024.6984875479473,972.3033736810836,1126.112999470054,1104.1948732278738,1113.4697744241132,1176.852532955026,1188.0881168709918,1175.008116039409,1056.8599071012231,1184.623628500583,1183.6739383594368,1176.156903322642,1174.9557424976401,1184.2701641967162,1181.2689857864807,1099.1174425187346,1103.7749419701868,1186.4246663147428,1181.7245433701169,1021.8900738489168,1178.197808912173,1050.0767830668626,1164.1560824876763,1178.9081892269226,1189.7356554672222,1167.621307059591
photo_carrot,789.5289320197342,1322.5050700932793,1417.6135995633763,1201.8345418718718,967.056074564578,472.2076016575466,1138.0483663242962,717.9911481137657,1110.4184693717953,1349.5519476734823,959.4757710346573,1178.5019690934355,1119.6502956579175,900.3543831358963,549.0402622906273,0.0,1036.9033390040092,1175.9882972654427,1248.6937054978848,1141.814568432834,1356.8468193263445,1267.500623962325,992.7146273626869,1179.3301697566708,963.1095668398106,1190.3091710052756,1281.2076733330966,1158.5640648796527,892.0972248759729,757.7295037420868,911.8272931839149,1057.5556194456963,1178.8552162009084,1400.4648270919365,844.8898366142862,1167.7464342510234,1231.6910140940092,747.2258604478052,966.9277333183727,488.8192596195381,932.7937553833713,1189.9869501598437,1324.0987482813352,1189.9132267016007,1248.8580441232773,1314.7644114578875,1142.6254418471394,1123.4086273637972,1099.246071838252,705.3471061088674,1167.6374497926806,643.9384628912709,929.1440607826806,621.3119508404613,828.9247485756102,1028.9149105112606,775.8039637772888,1220.1058094050643,895.6388928486492,1341.2196654799116,975.2255728288975,732.9889133304058,658.210505866572,595.313373458277,598.9696772908129,1187.2740478994344,1265.8460816276197,1218.5495099719342,1019.5895840892248,909.4069109256787,972.2987405950119,917.320905385923,1089.5258340359974,1062.648031356337,1073.868922957136,1143.1855179757763,1155.7220430845139,1143.1959169240677,1014.6814291157319,1152.8790473914912,1150.8429161560935,1143.8670967385654,1141.4375017064503,1152.0132077507685,1148.413422956218,1062.7301984228632,1064.7122211720775,1153.219935920499,1150.0521173049058,974.5064240776314,1145.8602792764282,1007.6470394801236,1131.0753284908365,1146.8833177403085,1157.7411270313642,1134.4238080197306
photo_watch,846.6981333934109,1080.293889354611,1207.4876188966957,1043.3960245153285,1066.7058737510238,1021.3064748778897,1019.1607750469483,1004.2476261871258,1245.7856154450142,1114.265398851501,1078.4871060875637,1165.6648403101772,1033.5089127085855,958.5666282777548,1081.8896992868831,1036.9033390040092,0.0,1297.3742097801958,1224.779812698818,1058.3732505130054,1147.0036651817975,1019.1313755917274,966.8039533180374,883.241860173846,919.0693457512049,1175.1323110401622,1266.136627486721,1036.5164862198712,1171.0789200700679,881.5769563466118,1163.585023072847,1089.4105795858693,1221.6795130456348,1165.163601773893,1108.2673466817157,1203.40154754224,938.0914356694868,884.8420367555786,800.4695341508551,1099.1606829391044,894.3330991591438,1292.5451341295486,1174.7214932922232,1172.1754592893585,1230.54934736502,1080.6953298831158,1122.694372102118,992.5997256934579,1109.0450431749837,1009.2343643543774,1269.040259297214,1117.623632385348,1030.6923240704486,1116.8216198310201,1006.8500736414813,970.4108164136629,981.506075162961,980.6189932559151,1155.225424893387,1115.5015458795722,959.34849557804,913.4693502182668,974.8931240130702,1037.5294982747712,934.5137527101699,1210.0267854560152,1234.4552230944937,1163.639115083502,1149.9688250704132,1035.8236975191924,1080.1699780171987,940.519810772299,1198.0742442093847,1167.851715103801,1178.5945112038573,1250.4461943621889,1228.991759622748,1244.83626991832,1121.9901232303741,1233.7863295251584,1215.0596353353255,1247.7875027250943,1246.2814759870967,1205.6755827872678,1209.5987664806867,1169.196700988055,1166.8131873681616,1257.7901476597651,1254.4685674207785,1080.8155693342803,1250.7283277081856,1113.6360877726286,1236.7725424347198,1212.0115407978137,1262.3427064310124,1241.125344535743
photo_key,1081.4454447931023,1452.0677037317728,1173.240831329261,1206.9018348103564,1124.5986600145293,1144.9478096714026,1400.588724858168,1185.147075047158,611.9116913012955,1338.860166681991,1066.6596815874589,831.3034855965325,1250.13625128939,1184.5177007316981,1215.5646407209115,1175.9882972654427,1297.3742097801958,0.0,1070.1725802246428,963.4275279234724,1232.5679445205892,1375.1420557819702,1088.8576260389357,1290.7202566724955,1070.4183064582396,1307.5178431764282,792.7298714866995,1164.543332109962,1259.6808168171192,1215.5332159467273,1401.035555867952,1202.6960634013126,706.7003872369884,1284.5126545425514,1159.6927044672514,670.9959418209569,1328.2770092054618,1083.9746208721483,1226.6507643123305,1264.8366503774394,1239.9947043695006,571.7583011007711,1035.8656228544253,1006.1033555588442,779.3558589537034,1287.2519651524688,781.0035058795038,1275.2439960981492,1329.8580862470496,1046.3434175387104,662.81187427459,1238.0426840855616,1246.9552080531168,1224.1858518351726,1233.8343715319268,1309.444856528596,1217.7924499476107,1181.315622921666,1176.0012458549133,1046.4009821097222,1343.987325438338,1069.9121440543317,1140.5038671311372,1272.0934511296036,1206.2200342307608,645.5263122352626,1091.6078419051175,898.0674237218495,1186.392295442613,1176.2965192893257,1096.4116744953635,1082.4822819102023,622.976414861597,689.5975488475849,648.7855141331057,613.8702681906325,612.6867340525985,611.3945221780491,685.3357299143643,617.9405827987038,629.9661748166915,614.0777523723256,619.6710346341595,621.2284185678199,614.0200115939765,611.9464324055972,667.8317265949619,626.0042116534852,615.4393030263625,734.2716074631215,616.8047342112402,700.1423300420099,617.6393882050692,608.274978156948,632.1177142310091,624.091260615527
photo_truck,1265.4111105421202,1393.6705619263812,1134.0519126008367,1208.787776533144,1411.2633129645037,1223.5426293553928,1457.4913099791825,1369.2974998267898,1018.7498905411277,1185.567680073388,971.0318225675267,969.8068133888065,1370.8813133899132,1367.7761982337527,1290.3096345955387,1248.6937054978848,1224.779812698818,1070.1725802246428,0.0,943.4793704936939,1149.1462722976955,1307.5702170350294,1142.4542436727584,1281.1150763131661,1101.0794200006233,1287.0180217469256,980.4652930828158,1201.802947688358,1479.5551778049387,1255.8602128741977,1566.3755543838615,1375.591112220388,1066.186927212998,1178.567137213062,1318.710950932815,1022.2470686873697,1162.7727891214413,1257.8890322055377,1262.0130851965228,1322.7426282677238,1408.3453094416602,1031.1929047495528,825.1070729819285,898.6710407652203,936.804868875031,1028.0065991850067,1035.8604999137158,1382.5778335366272,1029.3141818895099,1219.1321527018442,1018.544952426758,1299.9813132049178,1324.1440824261726,1300.2322438903984,1395.135881529443,1475.2914523137658,1394.3236861132839,1212.9632077742615,1275.986407075789,833.649811862426,1293.935689641296,1224.1800125404577,1306.661830364552,1333.5940939791283,1275.996285092667,1041.690743688703,472.7080170026759,925.3124731991944,1354.2135471563765,1346.504141421544,1215.2760416466115,1328.5303749682078,1011.9046005436519,1058.968162316124,1041.1953835918887,991.8154306335182,1017.8145301741349,1007.6401289926696,1064.9764787210606,1011.6687773071811,1007.651771448327,1006.1760422536272,1007.4071554831584,1026.67135762095,1020.5341729319745,1038.1245551377606,1042.0044111021239,1010.3028594044686,1005.7297070340843,1108.1977394167682,1007.3919133398368,1072.4108384015913,1005.0889916965755,1017.1565445809977,1010.7466895355855,1009.764808521639
photo_velo,979.80791165403,1230.8178399714866,1075.837840948739,964.2094399721494,1166.52960592573,1109.4031917019174,1306.8999428838156,1115.6179807427495,901.5609334438062,1126.2960525820693,1025.3963403629207,955.5496676831347,1061.8240054591504,1088.2717435314555,1184.062107825337,1141.814568432834,1058.3732505130054,963.4275279234724,943.4793704936939,0.0,1009.7514778015682,1162.2872512969684,882.0454504360979,1166.9447065020695,822.8833710607811,1174.6900656071184,1068.3859620695446,1066.280417760772,1268.1567539720115,1159.2175903343548,1306.65770006868,1076.3100000693992,954.0580304494581,1140.047204368321,1212.349059833836,909.4329140688099,953.9215624621202,1014.9484319325322,1118.3717167735274,1219.0122482135648,1166.307239894153,957.7693571903635,836.5848447043758,508.40201202077577,1024.747908487072,930.0478725752725,876.2531608124218,1274.5714141110154,1092.208791121504,988.6096616947973,943.3519234123912,1207.5006011579408,1065.4403355205568,1209.645877785269,1142.9595619577758,1227.4099228059813,1187.9825472404443,1068.099150582786,1244.932568440105,913.721693452678,1177.5041929994184,985.5075137160721,1082.1790039603106,1235.8652492074991,1162.2472684028864,966.204868284087,963.9310527996261,617.4054225640815,1135.1353810025246,1124.8761267977495,950.8905053048712,1076.7686405370657,919.7155272012748,969.0176868885922,943.7884256657554,921.961369418941,936.036055123816,925.2079394238501,965.4818245883373,935.6841267090638,929.6985776379385,925.8093673389155,921.9509453030681,936.1186875121929,927.3938143353921,913.8721337065252,952.8539087735359,930.8427257020587,932.4380527036245,996.2320440757117,925.2825981981448,977.0758438077263,917.5215804553285,932.0276520838755,946.538327012521,921.5109427951847
photo_road,1204.3145550639438,1205.0020653220984,674.4128143660865,748.5126911055345,1380.0901014779167,1321.4447337206125,1305.4121613917275,1326.419285795532,1175.5457267259244,791.2029048721881,1255.9561906982374,1194.816574806414,1264.3093661470657,1298.6147653382477,1395.7495994153803,1356.8468193263445,1147.0036651817975,1232.5679445205892,1149.1462722976955,1009.7514778015682,0.0,1129.7313954174097,1129.693809134467,981.1278946920079,1254.2905018176075,1186.9004806220576,1287.3884053160464,950.5018815721877,1498.2584603157502,1266.8196966298506,1513.3233964700244,1305.4460241829522,1240.5796463594222,955.746530906531,1440.7746728785248,1301.3037517135722,988.7303244126377,1271.9553042873958,1201.5016126190087,1441.5596025574462,1404.1720584927693,1317.7155418644202,1112.9249914964817,1123.596860482815,1241.8825233473085,981.7578438915867,1268.2224419104411,1170.2871508820226,1068.499401341225,1340.6090526158175,1300.9131493324526,1410.9769294791543,1279.4142495255535,1406.1804861501105,1360.588509176923,1441.780823711646,1413.42372367758,884.1144942037124,1453.867824891765,1148.8613296419828,1416.132821409794,1325.756608800675,1316.527721473487,1444.7127443707407,1379.634396932316,1310.0899934141423,1190.8612051294479,1101.8042830635397,1483.6409735147581,1368.328384659385,1197.3382455919534,1179.8764580351537,1266.1265462101153,1300.001779650264,1286.4041348524293,1257.2610081864075,1274.5188532226557,1262.3055226729202,1293.4823477034045,1268.9730503030776,1273.1026113878968,1261.6710231538993,1270.1308398361668,1270.7463323700829,1271.0226130021208,1259.5820638393725,1282.4518804168688,1278.7280448905078,1262.9355770679106,1320.8504375140296,1269.8506035855694,1307.2127808603702,1263.0247984168243,1259.4598181504275,1271.112086136074,1266.8733291526455
