,photo_face,photo_profil,photo_eyes,photo_face2,photo_walking,photo_standing,photo_hand,photo_legs,photo_bird,photo_butterfly,photo_girafe,photo_fish,photo_cherry,photo_tree,photo_flower,photo_carrot,photo_watch,photo_key,photo_truck,photo_velo,photo_road,photo_house,photo_mountain,photo_windmill,drawing_face,drawing_profil,drawing_eyes,drawing_face2,drawing_walking,drawing_standing,drawing_hand,drawing_legs,drawing_bird,drawing_butterfly,drawing_girafe,drawing_fish,drawing_cherry,drawing_tree,drawing_flower,drawing_carrot,drawing_watch,drawing_key,drawing_truck,drawing_velo,drawing_road,drawing_house,drawing_mountain,drawing_windmill,geo_face,geo_profil,geo_eyes,geo_face2,geo_walking,geo_standing,geo_hand,geo_legs,geo_bird,geo_butterfly,geo_girafe,geo_fish,geo_cherry,geo_tree,geo_flower,geo_carrot,geo_watch,geo_key,geo_truck,geo_velo,geo_road,geo_house,geo_mountain,geo_windmill,word_face,word_profil,word_eyes,word_face2,word_walking,word_standing,word_hand,word_legs,word_bird,word_butterfly,word_girafe,word_fish,word_cherry,word_tree,word_flower,word_carrot,word_watch,word_key,word_truck,word_velo,word_road,word_house,word_mountain,word_windmill
photo_face,0.0,512.2319347483452,573.0308381850986,448.22979725301917,359.5971915639487,324.2569023390316,412.9023237628024,312.23920801865023,449.5528241286789,534.5805875064965,435.8387083495122,481.0262409763037,404.213337632032,267.5718802585871,372.5700208664533,342.6592958295152,377.17382525459857,474.676973334004,557.8057788973986,433.375018705043,546.3513353921837,479.445212152131,358.8974223639472,437.0565758652177,349.48734874315295,458.98898038075436,537.5570043957104,426.18707123045687,384.60004342247714,353.1702205580262,431.74244425671594,356.96306869228783,473.4880625415183,565.8262089173695,386.6028062564842,460.54496474861566,465.8858769189314,221.17399758353736,314.16294136978513,387.9836093685181,308.71482322500765,486.15894233167495,542.5617525573297,462.70692364362526,513.2304888342389,522.2790581157764,468.0948395374931,406.4409279665605,551.9179854519913,329.00755541513803,488.24056137128696,386.6067842088063,322.21981142590164,388.36075437443196,307.140297505914,377.9121419925679,378.60887557592014,486.8906312763471,417.84678672145793,575.045220522102,439.41847330959075,313.0711963844954,291.05402319624665,422.4133552688548,365.57307943673476,492.32276972036226,587.2852263099549,494.7994954278953,401.58267333185387,306.0095711452114,354.3973128121884,294.67174168887726,447.9008465005978,430.40554780932456,436.08144353299025,471.7291112809718,481.39979810530235,478.95047398879484,412.08000036802736,484.6567206290007,476.39343147231745,477.5005105887796,475.74887373921376,479.138536147917,477.29576825859175,438.5002368496602,430.44124228811455,480.9100984305943,479.87368003042434,386.50808542626567,478.22705980385916,403.73187827539306,468.3442288846737,476.8103668856897,486.7824892886317,471.579283240795
photo_profil,512.2319347483452,0.0,578.8341093544764,495.22330422987994,510.73453891872975,585.1137467680154,360.96829470727266,540.333497068796,652.0405259204746,535.6710025691185,570.5466587830675,613.0082813581155,480.6786305282102,483.7996643576283,582.2131010348991,606.6683417038759,482.11372075536593,663.45340735799,627.5635749808167,560.1727712908662,552.7385695637438,295.3999755317611,555.6657624973474,490.2748952736766,571.6360585194952,473.6183617950594,659.7331253673011,556.2344324206163,520.5915785314257,563.7501347529588,567.0746286199085,437.7038115036612,675.4946884618784,606.7805467771268,592.2456446558807,645.7697572622855,510.49592083756943,569.3954986214877,466.9151395121977,601.8160244961568,522.5225885153457,670.0433174208531,607.0970086278497,603.1850508241369,640.0351606422662,563.7033832936465,645.9582640013193,506.5261566034834,525.271647840464,600.5494211252153,667.6687326294258,591.1464466595952,513.1855997269867,608.1987931612404,504.2643959682612,492.6972776394497,604.3808728332677,566.1248073740232,611.9444022752156,634.7646218418696,530.4351372786148,594.7379335870202,575.7753290508992,629.1814357434776,612.8495179899298,668.3950912791448,645.8457176391017,615.87960970385,524.2553445609512,511.5650754422354,618.4878503983631,570.9237768398134,636.5192714021716,613.4472635848641,624.4407918267598,657.3659842642204,660.2747295116651,655.4363739496634,615.3989557313149,662.0380215153136,656.9726044904667,656.1913765150654,656.0895918963405,659.0604609618599,657.2696709066769,648.2794505186483,616.5379121421317,659.6322770663924,659.2416165720581,626.5962071920784,656.3018922573943,626.2186422572344,649.0049398070494,657.635454340422,663.1888108196624,650.7292009603009
photo_eyes,573.0308381850986,578.8341093544764,0.0,374.3788270561969,661.2839915866283,626.339112150511,631.5715613304017,635.1741113389811,504.90505546945974,398.91555926132514,590.0479774347461,559.7605473148207,596.9629131708405,616.8526462464889,667.7277439429489,648.8161037902272,538.413009108428,518.459923770541,497.9899265775725,480.2981871549922,293.53017996375763,537.8684759109016,531.5012709042401,455.91010725304756,599.6313095175943,561.1980171394729,540.8864082135284,447.0101193332364,706.7159977030791,604.195645445638,731.7213170971356,620.7454981938265,522.0150334546165,461.09039192841334,688.2586503281664,544.5216829469566,454.8996578995669,608.5966724379654,569.6444104719872,695.8743450065107,670.0403655038481,561.149298528099,511.6600476806641,521.9357571243413,524.1566734601608,441.41854973485056,543.1416449511481,557.8883124512907,517.1439740489209,642.6708286096763,566.8963782748635,676.656052006582,612.2294359302773,672.3984767432325,645.7999121398374,703.6186176528947,681.809160808751,418.3828970892423,697.4161324973853,476.96733967767386,681.5627417005746,631.7981737663563,633.3959992746321,709.69421949976,666.501083191117,565.5408638504186,517.2012566791011,458.84118765754204,731.5899980385042,657.8171073772982,573.8076538044955,571.0775987587609,554.997763287108,571.4193585464994,560.0398461683478,544.907903259672,556.4545925132232,554.8424934772358,569.8604045254854,558.1277230891342,552.9351238935428,553.6292603214642,557.0178138075039,553.8357304163272,555.2707885903656,549.8140541161247,560.851677394265,560.2890189682978,552.6482998826293,583.9166496818781,558.5065616247994,571.8425258613717,554.4593403532768,548.3585475149538,560.1988698861643,557.4304550862252
photo_face2,448.22979725301917,495.22330422987994,374.3788270561969,0.0,558.7747326773949,523.5019013479746,551.0634112893848,526.581880868061,522.418607969418,316.550801121104,514.9869318216694,556.0512639072542,475.4134087888099,502.56671965102896,573.4972224652195,547.8101690392141,452.15414619882597,541.8565946946851,523.1001988448868,434.82386065946065,335.4375584337021,449.107679134576,489.15793895156355,378.919173668269,485.85963550768685,477.7951255821134,606.3840550351051,321.675184846185,605.9909507369586,525.5619728223112,628.4600259907023,498.6459081514452,544.8712514319864,475.27308740614654,590.5218982978774,571.2554356799975,452.54986776821,495.0040646094901,486.14270169565356,598.8583470097927,562.858190799336,585.4606175486018,510.24365373636647,478.31280110192574,585.5017209253822,448.9950430528551,565.1289107036334,472.511990971757,516.4569823082768,541.1967604295968,596.6721083010563,579.7429117124321,497.92440858040516,572.1934991754104,537.3961859201435,601.7874159606712,582.9550039777945,372.86779319269203,605.1928709539578,545.6743904425313,579.3450212939525,527.6070608115996,529.3826125812094,616.2219147119737,571.4637942538657,591.6619092662665,568.8976669764567,492.37440600328244,629.6501341289767,548.240496508839,532.3870584607472,451.1370681282057,562.2898535261044,538.9481568429065,546.6929197431617,571.3550180311036,582.5016183903006,580.730632502889,539.5497599027486,583.3583786575113,580.1053987349411,579.1363441584087,581.5918036204473,579.7975031547004,580.8388737910708,573.5922781957485,536.1956855973286,585.7002007070377,577.751058128638,555.8745133985353,582.0162637955236,553.0200900777389,576.145994147479,574.4189889311916,585.245354618284,579.1449533323635
photo_walking,359.5971915639487,510.73453891872975,661.2839915866283,558.7747326773949,0.0,394.3506183981979,399.2921305397437,354.1549783894135,529.0951349824934,622.3452520461376,527.7163040019709,503.90715865262916,346.1196498927868,344.72131415196867,386.7947250738529,421.86440034067016,478.02322756935166,497.6268123153658,626.7842769685648,516.8926303823996,629.9440797547253,531.3791026696905,468.94425273480624,537.5611905985801,461.83705607025126,508.81911279583574,559.0193824917535,548.9775785608381,297.5222146387142,461.9236504189757,397.7236190957185,423.9806721672286,557.6561532013784,650.1008106169551,309.2941270874275,504.40285408893124,566.8126256615967,374.76767889869217,453.20879845383837,408.0217435426264,367.19558121618195,504.069550111907,570.516700826787,545.9339546868929,555.1023829091994,611.8840556787541,485.49723507618455,464.0359949298239,631.5054283764247,422.2305792581949,507.4615354535486,432.5167401846672,370.6822272934161,426.5705624006888,364.0034758810202,356.66074757089086,414.34521728383265,588.5253768938588,347.8220168220754,641.1578484280819,461.22314631850253,425.8784471994413,418.5992945032678,443.0558575962865,435.54780163460714,508.7551787653189,650.8179319336432,574.91726639172,376.9251864263785,380.7363580723598,464.4125681616462,407.4568777545993,462.85689040973296,444.36690716882094,453.3627671070621,501.28773643717136,491.770217873342,487.5347228113088,422.7537126750432,494.1966319244158,497.2191160500187,490.35438918977974,489.8602773995282,491.97540182555605,489.9703040486498,454.3266654091642,450.5672281218164,493.83496013878835,492.61418850397365,400.973212448471,488.39709143594666,414.18616267394634,481.38176358745807,490.41055823457,497.37542935341554,482.3999440308878
photo_standing,324.2569023390316,585.1137467680154,626.339112150511,523.5019013479746,394.3506183981979,0.0,492.3195787877494,259.26731333942706,479.3878000558743,589.8765641293157,416.3570602814059,519.6496112674633,465.3442680488969,358.1437835326111,247.23067666395843,178.00721607815086,454.4108265192285,504.11896178859445,539.3088252371867,486.16123763523524,592.4412026111389,540.0650352023773,422.9199751892613,499.4610298752451,423.4237261256156,502.9759701787487,575.4338889329748,505.8107668859161,349.54052623693406,318.7014265651828,396.721430577577,440.7334273741103,507.84300384349666,615.5149370803358,365.6157241088061,505.0059215218409,542.3466739501034,317.7379110069907,421.4982907504904,260.0262039137464,405.1398968743055,522.6913659595293,580.4031331401482,506.36766222203005,551.4471090438559,578.9317793654211,505.25712728250653,457.1725762847846,496.7959189885248,293.0533919246328,528.4280109122502,241.30741282780232,380.1557551821438,228.73294493407866,320.7603591835503,445.6521063277517,309.4215431262386,549.1654755912771,397.4952031137146,606.7171074219945,421.1148444344206,310.8925140016363,273.84582809192204,293.13085531677575,255.72815294710188,527.2791557386663,574.4202629866371,540.9221571328236,454.60558102583065,377.00319491835745,419.7986269635248,376.9566573936068,484.589602010427,470.98661441835,476.97196145931787,507.72025000310896,515.6753415017726,512.1101114318072,452.8845909291599,517.8608155147548,512.8498680520418,512.5105113160226,511.81876322678755,513.4086967257548,512.2801542559639,475.39381321935525,472.146235129189,516.736032286083,513.5708590648363,428.6103706288368,512.7330635275503,444.9662594681409,503.7818278616961,510.0518428128495,519.7360105572326,506.0658208672497
photo_hand,412.9023237628024,360.96829470727266,631.5715613304017,551.0634112893848,399.2921305397437,492.3195787877494,0.0,428.7848851496437,621.8168303579041,587.4787510889003,535.622663532103,578.2754455204796,459.77858384002855,372.058945293363,479.6306220956154,510.1616279967068,444.06014087336047,636.9560875058688,658.4639237932936,594.9224130274081,604.8959101317884,418.0366705408925,542.4813207632343,478.8737113255081,546.6134124649985,463.2552752286148,629.3067877048902,516.5116348707065,407.45919552525777,452.5944917592729,434.7730577830747,417.4506169145611,646.8867592771803,641.2691593391421,487.34314737674794,616.5196501007088,503.520984718496,456.761571837369,353.04243667465704,493.26585403656804,400.01759398723584,641.6874163289567,639.2806616801554,636.346126982587,607.9137650879272,604.6283011538331,627.2256288360161,383.169697665953,584.1768869571669,501.4958741620636,639.1122555299719,493.94262260306436,398.96332972980616,506.7589726333485,382.6730078454111,366.7782827591746,500.1255985900249,547.1093472818307,513.7707259411031,664.4549928079168,512.1559991228346,502.58432886594,474.6623996486647,528.6844888909592,513.7937924527369,640.718796246355,675.8651338920032,648.49100381354,410.8171275644727,416.50721007430246,534.6304912063962,455.16706669822054,603.984283990426,583.5484773643012,594.242949189827,629.0819070620104,632.6341310177102,628.422963186189,569.2166199532463,634.8491021009823,629.3507514908172,628.1918594084902,628.8407800818677,631.4769735773247,629.9841865696161,595.5346831172391,587.6706994925685,632.5918059492384,632.3067404272326,543.412033534022,628.6694330409975,561.6328657311004,621.1925587745858,629.7967521712128,635.7090140870594,622.9168778391202
photo_legs,312.23920801865023,540.333497068796,635.1741113389811,526.581880868061,354.1549783894135,259.26731333942706,428.7848851496437,0.0,502.5062594952153,596.5137068562406,494.1883163317031,534.4328044668364,415.64260924576973,287.4863089719866,341.91111843684257,295.68559675227704,449.7531741382894,524.9825715972803,607.0705627708448,495.108991511065,605.0641350040554,499.234959456544,437.8407153725745,505.18207179580895,430.8693258096221,470.7729001455767,588.1801716870173,507.2144330421765,289.19335280647084,321.9544192213236,333.0168662099483,373.58182605209487,529.7851608102161,624.1852467479307,441.72081673100513,516.6664871505819,536.3133523902081,318.8640348499961,410.08427955342006,350.7558777809876,399.6727911614651,535.4617766160184,595.6099097610175,522.6451952235532,565.4709113587044,585.1435401044887,517.0097794748374,412.15616801187343,544.8481305305656,283.44810751524983,540.0010582028605,285.18955798367733,334.2859278628859,280.6343921638446,235.04944933561268,390.6596713947496,258.0999169863847,555.362290521213,464.63595433623567,621.4692922925916,446.6777638416711,306.21659810194683,271.15835102152545,381.37924296415406,323.6425664867283,539.9353846714106,632.0528220653537,551.8159677752033,413.7864513264984,326.022490839678,427.81788573889446,354.44136784898524,493.3247848134473,475.8243214184273,485.20402953184765,521.0367753360529,527.6859449786385,523.3061399105169,458.76222411290615,530.4566480717841,525.3614837947373,524.6901878387899,523.2372642946086,526.5332208382646,524.8325059361817,485.03279206364346,480.1522449534119,527.9952390480807,526.6903285455264,429.24633245115723,524.2961957811929,449.23729661031433,513.7172295108198,523.216589707647,532.1020619151084,515.969868908882
photo_bird,449.5528241286789,652.0405259204746,504.90505546945974,522.418607969418,529.0951349824934,479.3878000558743,621.8168303579041,502.5062594952153,0.0,580.8198365078656,444.796069847584,400.03198368189794,584.0596405222425,500.78381913085497,521.1325048205578,503.505685430969,567.5549919414491,241.6969769204036,441.41735922780884,381.00419863140917,530.5605415093066,603.8956967930252,453.3722190887848,553.9599175392422,456.6875162957491,567.6024469866086,398.5332562928602,502.8858939705969,565.3531354659914,528.4971974527298,624.6172559382758,520.7098633577336,209.36374850235532,559.1272719610187,550.0857182308871,294.8248598133041,576.1346578314273,461.7647963046114,531.2810181486159,554.9785036963028,534.9370407100482,315.79663479293,485.73455072509995,400.45181493649966,365.0337801736037,556.088070781794,379.91635058854587,553.160823931106,598.800689443619,446.9902780017368,343.8338969185804,543.5403203021692,535.4340000825881,532.9351815609165,528.56919941488,584.5865611386546,532.8975431001346,517.1316335050151,564.1387237178976,448.01550913420624,599.9539175849181,460.06043116632924,494.1856479009421,571.6607133071359,527.615722378068,332.96191175180036,477.6154125687208,367.38519498900126,538.6567295910543,515.5866207179936,464.33700548817404,469.74237354617065,311.4659976611961,344.9614805030765,322.46265877281905,297.000788345171,320.7601785959529,320.9301071446777,340.35847802543645,325.3247068927044,317.3001415726593,319.9066124985688,321.8598502921292,318.8960856869852,319.0372632200855,305.41034996175523,330.06901252334893,327.9404834584528,316.8598291053098,360.1083059668067,325.1824068646072,339.1761640849212,315.2442847480564,308.41645662105384,328.02175145007266,320.7943635398034
photo_butterfly,534.5805875064965,535.6710025691185,398.91555926132514,316.550801121104,622.3452520461376,589.8765641293157,587.4787510889003,596.5137068562406,580.8198365078656,0.0,547.5709652965775,546.5440957942934,550.2670072556343,573.3786018615986,634.0599089724415,611.5193704538192,488.3332032273488,596.2924725381272,521.0943109407651,502.9738244208346,344.18847247193673,488.7353080311953,559.1299984783743,414.6357347674244,562.9217749117446,517.2282583899287,585.4401407079132,384.0416776681668,666.646135842933,558.0513866211162,687.7314387571711,573.6103039638367,598.1621141290552,375.6364677059038,648.5615715956297,607.6478180638597,479.62702558396074,564.1183022607358,520.3835724456412,658.1688414412439,627.0791251657312,601.1793470747401,495.1465505030885,508.3342238610483,570.1028547783151,420.9928502234921,621.0275209736518,502.9831202697579,544.4671990591672,606.2031666829645,608.2592642136925,643.0523220041486,567.9768513052995,633.238529579293,602.6428336377843,662.6404965852299,645.0312819023559,406.1521774634662,618.269925291413,519.5179805838305,641.5762381529831,592.8066919651425,594.7244436239637,674.1687924539578,633.3848989318948,610.7926584653007,547.1541288584116,552.8030929892635,690.7552849456089,615.3555897054913,594.2569591807019,523.1517536017549,593.1969046497164,575.0586103436424,583.867290700914,592.6196392160766,609.6422597148912,609.2551012495708,582.4115928610028,605.2897440014369,603.1806602450681,603.6922035026529,605.9521105396449,613.9232977997403,612.7649002095219,621.9819686505994,572.6151525373548,606.3476492946398,600.4945865093354,605.3908730045414,605.2604808638994,591.108678596068,604.1775647866596,607.0785651927861,604.348673404405,605.6568618829374
photo_girafe,435.8387083495122,570.5466587830675,590.0479774347461,514.9869318216694,527.7163040019709,416.3570602814059,535.622663532103,494.1883163317031,444.796069847584,547.5709652965775,0.0,396.5924125626077,577.9450815336057,491.373160611924,462.02172520355214,431.67957539813074,476.40990517306506,468.41382732357124,406.3189662216006,446.0157997808725,556.2287238627583,513.3401001345669,515.06415313997,518.5305404106853,442.3395611044888,468.00829368623295,463.78394232613664,448.7709871383668,554.2822834001325,425.31802850731026,606.7738142112746,497.89152725656857,470.6064384597328,580.3853529552799,463.74372526871025,447.6799921081294,551.0562020357507,437.7900980482845,422.50013345437674,480.2585367900244,514.479233948384,483.7204990589261,460.40916061204894,460.16624750258495,428.3795321937089,531.6419488054095,521.7813570539294,504.18878819924316,509.8450318745166,434.41291601194075,487.8200244442572,470.85072531814785,506.60064203195236,473.14568393599654,506.2135996518395,569.5398875827169,532.4686296725515,504.2794270304411,487.84950294661485,503.80572682773294,533.6281331879903,441.46341965382896,475.88286058826645,503.073310312911,464.0935449063238,488.2423583992776,454.381840194583,497.9447594088248,517.9299990931846,491.7497014719987,515.8328864943348,500.3397196273961,458.9179205795896,438.02452676450866,443.32320125890374,473.89370342588654,482.3385513923928,480.0292102778275,438.79636420605283,485.3470266619521,476.66523093402293,477.18782213889165,480.1679396010998,479.932877008003,478.43672659391774,471.300450000722,435.7588075358445,483.6481234968655,481.76999182243213,457.8227228928351,479.82259882288423,451.84392272039685,474.24319344469853,478.582224976755,487.3756716543679,477.18457885530853
photo_fish,481.0262409763037,613.0082813581155,559.7605473148207,556.0512639072542,503.90715865262916,519.6496112674633,578.2754455204796,534.4328044668364,400.03198368189794,546.5440957942934,396.5924125626077,0.0,558.5165347924731,532.0488859583947,557.4065155394409,537.1527300251937,522.2938253707588,350.71755493119855,418.7237797794908,409.01679113522624,528.0905479437099,563.0092163943619,487.58163994047993,552.9666571952998,484.57370921693496,517.7781112911341,280.837226193106,495.85081019378595,572.2322935251842,481.8041744698486,648.8303751097901,550.3285024320633,429.4035442798014,518.7861804070319,517.5366270429065,315.48140810608066,527.7824615226364,488.4596490218587,479.63324177685803,583.5860605269478,558.208752562696,324.2500442073365,307.6118552413419,400.120980702226,275.6564277403382,474.05510208438653,423.258429152063,551.7629767112376,555.7851181975685,478.18335134389883,327.9246412387198,574.6582063218214,560.2105968359201,577.5395973267615,551.6347391372017,609.4237231027748,567.8272274943665,511.9820472095387,499.78480638382115,420.6088173626309,626.1869263370451,486.48409235525276,521.2822174747491,602.1405472299876,556.2221263072232,342.3316220126057,447.0217457526481,463.3407107406786,562.1700218999608,539.9072352025493,490.62277083502227,542.3975683457085,334.73516360333196,367.9888405358492,348.8194881049935,337.54962406209995,335.05948346063707,334.1024541008414,365.9323458210693,333.4826461464761,332.9157517855049,328.3049138915988,331.7685890914105,341.91711001869464,336.32455091674393,353.04777160806543,358.42772874386844,331.31865970697413,331.9995007705979,403.10078035984225,328.51579048991084,363.695752601899,332.59994186515274,340.126552778198,335.62225552828414,334.2316570318525
photo_cherry,404.213337632032,480.6786305282102,596.9629131708405,475.4134087888099,346.1196498927868,465.3442680488969,459.77858384002855,415.64260924576973,584.0596405222425,550.2670072556343,577.9450815336057,558.5165347924731,0.0,350.2630208514783,507.7652491250917,490.80271474299343,449.33546718332235,550.2626717897554,611.8631161155827,470.09128203974086,570.7737851249021,453.78237462764895,427.31316118987195,500.73946539273726,439.49523298482626,505.40824168781654,608.5394532406184,534.6545643422886,418.9521982715619,518.2346553490261,498.77330448227417,413.2212024115192,609.353444103183,619.9468288299348,448.18060194353643,553.1424184537758,444.5515156432325,431.20283398524225,462.13406072178356,522.6750027369069,452.5572545284338,555.5401364758269,527.5593259042568,509.2366596121569,604.4323376216777,540.2295119211634,475.3503656828109,487.76980160651,600.4132548195058,486.2341574309808,558.2746422481645,476.83493586332,343.72036741728226,484.77987538186034,391.9039135599934,430.21006900734454,475.78629349814486,567.8508155366696,471.7793618144385,608.9486938131508,417.6746030114152,470.4620977848378,457.1539996531366,548.0694875114775,502.7701024907854,561.7050713380941,629.5314888188957,526.2896880036467,457.66989647785635,398.98230729636305,473.46308633789624,439.9704275691819,519.9598806639318,498.6196891016045,508.8112487008285,555.4798465731086,546.8144772969249,542.7373556178409,480.89551007984767,549.0870652587779,551.2710594862011,545.6975933698611,543.5254102260113,546.9893753771591,544.6423082415721,511.98373089767927,504.4198627281707,547.1941218671864,547.9139260972858,459.4231725028802,543.8062880027928,473.97619696433065,536.5382592777127,546.6344799995805,552.2972796967651,538.139072144551
photo_tree,267.5718802585871,483.7996643576283,616.8526462464889,502.56671965102896,344.72131415196867,358.1437835326111,372.058945293363,287.4863089719866,500.78381913085497,573.3786018615986,491.373160611924,532.0488859583947,350.2630208514783,0.0,426.9474914480092,388.4142107230545,419.373924664489,521.948890546719,604.5748929135679,477.99366741460574,586.9798815958288,432.8165422350216,394.27136371806597,471.3389109807864,413.06899844563804,454.4500216312994,585.3950481876157,484.34213456444013,359.6427211432981,410.6227088057105,412.8826430959159,295.2915747248782,527.3272083249655,601.29314730685,439.12284305711813,510.185219156493,481.6677541413467,286.9346326318677,348.6745341737783,440.74361543171017,356.72537046913476,531.6632651988657,588.8437208317945,514.3006703489276,562.371917339776,562.1982320260296,505.0501665948889,371.774959872655,581.5673804650428,380.1433448796278,535.5001869787556,368.46858879135385,266.2724291577921,374.8221355887566,252.88923575880014,332.95249114807217,363.7504949693501,532.3856282640185,465.67553770099937,618.1711581967663,399.9880781846567,366.56877965277096,340.4811672617903,469.2969859123105,400.438811347275,537.1635486061089,629.0441875424067,539.6975871508364,365.8051251988909,253.98053726045856,400.757837818065,309.26997490309475,489.5431406446926,471.53436514565936,480.54032540032836,517.6409182729899,525.0325819792484,521.4118277978732,453.96087413928535,527.8923021352832,522.193211267837,521.8814270795316,519.7141628364747,523.9421420649704,521.7998970531967,480.35548263399687,476.0779122775793,524.5270443590192,524.4463072357801,422.2339937942047,521.6296866861943,443.06904349979374,510.4367331263564,520.6872039016896,529.5585651703069,513.1585897192473
photo_flower,372.5700208664533,582.2131010348991,667.7277439429489,573.4972224652195,386.7947250738529,247.23067666395843,479.6306220956154,341.91111843684257,521.1325048205578,634.0599089724415,462.02172520355214,557.4065155394409,507.7652491250917,426.9474914480092,0.0,217.6723253407519,489.3179982220049,546.0084405178006,579.3274202540184,528.3381730928927,635.4334519578686,597.1361600369087,471.43146845516566,551.8371737978734,468.5355357506413,560.0857974970722,611.8601654531043,555.6819018524164,330.59202732153756,379.25689936152315,369.11191334208735,498.5022181561494,549.4528661210807,658.9549449876332,321.38438466290626,543.9858921258317,580.4215735054115,370.3314715859173,453.3735232556114,170.52615541834092,362.64101854847684,561.0428763545141,620.5135698368356,547.906004750847,587.9579353718824,619.1557933818891,545.126750339509,531.2565305555952,527.5462571140573,331.24315310392416,563.4471541868749,319.8087286881959,434.57880218155924,312.66880178027225,380.148151646856,428.88265669023565,378.4541883378088,592.6493479747045,359.3293181398725,641.9376092748271,461.83397788493386,354.6337512694736,320.4591961097758,234.6202517954653,290.0720621939884,562.886290823376,607.9903924392245,578.482587082537,436.30470761944144,441.42448843174185,460.17715175344694,442.75908682321716,524.0859863612257,512.7540867341478,517.4934402705477,546.2926012564564,552.5318754968962,548.7189172016407,494.5780310040624,554.4057026256817,549.4387548378805,549.3354508341904,548.3947491098253,550.0011865990002,549.1876676062111,514.4265802156398,512.7797616213646,553.1051062585248,550.0011812198395,473.6559082477792,548.8443750166687,487.5478608265744,541.2037882975419,547.7865976107328,556.7163849284167,543.0161389272739
photo_carrot,342.6592958295152,606.6683417038759,648.8161037902272,547.8101690392141,421.86440034067016,178.00721607815086,510.1616279967068,295.68559675227704,503.505685430969,611.5193704538192,431.67957539813074,537.1527300251937,490.80271474299343,388.4142107230545,217.6723253407519,0.0,465.8717723992038,526.1620112106439,557.2201958037297,507.4435164680725,616.921566611215,572.1645837787553,442.67254516082767,526.2120954422288,437.6124407858472,534.4770921967641,592.8828424747362,529.5692847448513,368.90958112641067,335.5697160266134,385.6808632442962,475.75366913601545,531.9560855100337,639.3127532784986,364.8162828088059,522.0624400024548,557.3938874245481,329.5283318134103,432.02232515113866,203.55776172067414,401.6570154714484,540.7522655277486,599.2337937010379,526.459868101219,569.0148645938011,597.1087337345405,522.7388029579619,500.4998826980431,503.7491804418611,296.891063128812,543.9849413167734,265.8239383187101,407.3555735075864,253.67122380135822,350.91077933234754,458.91133107501315,327.0891239387865,569.971268271868,391.93285800722737,623.2094905300745,438.09810611118706,311.57675680550517,271.8760322856424,240.3446730402516,242.04842204203055,544.1171549910212,586.4595890925457,557.7325120586224,467.97107177244436,407.4903095012682,433.11752996608226,408.9905834790289,503.1024602220743,488.2302745654227,494.6102321375476,526.9851429880356,533.789806275298,530.0375679554725,469.4325195657313,536.0221389409787,530.3905999972699,530.49448764812,529.3104371980527,531.0847177292359,529.8761232930482,493.3807329782466,489.6714281501449,534.2090862532576,531.7421739973114,444.7841581185448,530.2546275153845,462.4270344641242,522.0810208363578,528.9756213197868,538.2434518099534,523.791642411851
photo_watch,377.17382525459857,482.11372075536593,538.413009108428,452.15414619882597,478.02322756935166,454.4108265192285,444.06014087336047,449.7531741382894,567.5549919414491,488.3332032273488,476.40990517306506,522.2938253707588,449.33546718332235,419.373924664489,489.3179982220049,465.8717723992038,0.0,581.0074902863417,534.5355153667367,472.98443550888044,506.7579499660879,442.14401832621644,421.0948563902072,362.76739793762414,408.4350864901499,516.482460282664,578.4050365689819,466.89659074207094,514.1872122492063,387.4203743814242,533.588350395604,496.02427407519565,560.7000027008816,520.2461431698026,497.8691149164833,543.53923928226,403.08677760042946,390.15452637684626,345.36436672379085,501.92691064784213,413.2372561348138,588.7429685156013,510.31652882126355,511.27128662976804,549.9919613615572,474.9962211583067,507.1676319116071,429.91939670432134,503.06775192904814,454.54145587739436,590.3354141289562,507.90008187991555,458.73154665781203,511.3080214164005,443.92661754855,447.07333197046137,452.2753269570491,450.52946191523165,523.2890059227641,507.56049402174983,429.7657192599207,404.11362247606934,435.3550985735328,487.0443303946198,425.6443299368544,560.7014276369424,561.1452241862887,530.9545004418109,533.5024959678659,467.68399057309773,479.3913749995682,429.17741204979563,556.83729379691,540.4135129827806,546.7719370628952,579.0768653860657,575.6569345718375,578.9909340347783,523.4132778686717,579.9202201255708,567.4616459386102,580.1645463525987,580.1019792785245,564.7514093253535,566.6015030156104,546.1706000028557,539.4998184847595,584.9180188149521,583.0115602233458,498.0139847472761,580.3301253973341,515.6644344257917,573.7306107091226,568.5676128846757,588.3972915074577,576.7660779371713
photo_key,474.676973334004,663.45340735799,518.459923770541,541.8565946946851,497.6268123153658,504.11896178859445,636.9560875058688,524.9825715972803,241.6969769204036,596.2924725381272,468.41382732357124,350.71755493119855,550.2626717897554,521.948890546719,546.0084405178006,526.1620112106439,581.0074902863417,0.0,453.0872136186829,398.8326305018982,545.7738625965801,614.7153116165433,472.16432202680556,569.1929859491171,474.7196687485875,581.7114177643117,331.8145894930476,524.4795342610524,566.2541166624111,548.5723305420772,642.5404463699252,539.3531710638744,273.3638169161075,573.238974198951,521.249858188868,249.7164638449852,588.3035170780265,483.7776076436589,549.527263149577,576.0664374939228,554.7418679300379,214.71149418858937,439.8315566942661,416.1596111878689,324.9225697605605,567.1008593365145,325.0371195403233,568.4797490172556,611.5552944026363,470.77989539075,270.33201599970613,563.003423576542,553.5888373295128,553.5060967280951,546.7841474290153,601.679927467319,552.0173074354798,534.138141284182,531.2967728722954,456.1356138135993,613.2222047264387,481.6511540635941,515.9524123253707,592.7572294541945,547.8652850694076,253.97990142289788,484.61669599147564,379.1409013235007,556.0545960121061,532.9094930265668,485.0204784223218,490.9183843550829,247.00499815149666,285.35355447510403,255.66879811113452,240.9109291413506,240.2094026987932,243.31769357287095,278.19875907703823,248.34387490058003,249.08098262570343,245.5692829937534,249.6950394007662,242.31320598389635,240.80034617975736,238.51028853016885,269.9635942066608,252.53605400734332,243.5192694523134,311.27457331193983,248.60106462899967,278.8111257792222,246.40448219834371,234.47323804635798,255.12564608732166,251.41700113084528
photo_truck,557.8057788973986,627.5635749808167,497.9899265775725,523.1001988448868,626.7842769685648,539.3088252371867,658.4639237932936,607.0705627708448,441.41735922780884,521.0943109407651,406.3189662216006,418.7237797794908,611.8631161155827,604.5748929135679,579.3274202540184,557.2201958037297,534.5355153667367,453.0872136186829,0.0,393.5791342169425,491.20829663211117,570.9541191549667,493.00160318901646,541.7559140810113,484.06695157664086,576.2084491361921,442.4606654984947,533.5955666254877,660.9243817392585,560.0415847712778,720.9143959023274,620.1079665435185,460.29857412066224,513.0424175815946,593.3900916056574,445.9885194362448,511.2285064522342,564.7343708647157,560.1952587863058,602.6561783835496,632.8545662906785,459.325261828825,358.54246825643236,384.46879708937723,412.66775763212354,454.54258526747395,457.06538252424195,607.331368881194,463.2002094602737,548.8830874942809,470.14959143519997,587.6836150595628,604.4762142075522,587.0682676846925,622.1887372313257,679.239905227077,636.1777151324197,538.5765504677386,584.1106922749939,378.4517581381785,587.3575958360221,549.3423709734643,592.2485151868777,619.0083167801178,581.583533339033,470.41304225194614,221.49580305755111,410.5234114145042,632.9780723342859,612.2771480343182,547.3317243270398,598.1593888177243,462.965048749488,486.52361607159185,473.9044923956284,453.4830452446884,468.13029335988625,466.2535655477729,486.8525711806541,467.3713423862129,461.0532875516789,462.96839076453756,465.7625692479732,469.79743783394446,468.3111380862495,471.74977825093157,475.783438595223,467.23335753999737,463.24004660354257,508.1174258144864,465.2516977486447,485.6483095694319,463.40152329116705,466.026316184817,467.92403661632653,466.3790246205668
photo_velo,433.375018705043,560.1727712908662,480.2981871549922,434.82386065946065,516.8926303823996,486.16123763523524,594.9224130274081,495.108991511065,381.00419863140917,502.9738244208346,446.0157997808725,409.01679113522624,470.09128203974086,477.99366741460574,528.3381730928927,507.4435164680725,472.98443550888044,398.8326305018982,393.5791342169425,0.0,444.208910681818,512.5823838327861,363.29101345478256,505.5756633234356,352.00021441334474,522.4183180513141,475.04238437713855,491.36474381442906,558.2553041307577,521.4774789666321,604.2046438243195,487.66125271709024,405.4620258731876,507.7060864973014,545.3489220876477,379.098089986102,423.6305654068693,449.52468158792294,504.81885419564986,554.1592592954893,520.3679473957403,412.5121276543877,343.0004206040286,192.4926827783358,441.0378025503137,408.00983949927354,371.12809903151805,573.368046072716,500.0891012786669,440.7797984897585,418.83945475082714,545.7813516268035,482.1648375658226,548.3972957026657,507.82219745514413,565.6810154134822,537.5557024034047,488.100197205713,562.4176957459603,400.59811056224294,529.9699683704025,433.8694151044561,485.229329170857,572.4284280040683,525.4293995527665,422.7968329629622,429.68917658598525,267.20843702573035,524.8077286444232,504.8092571289201,417.9863447292978,492.5598690784841,400.7262220402072,428.3217878959404,411.4069283429395,403.593609613953,414.29431246375185,410.5320788385329,422.96379800297717,416.9914594909877,407.9977805598975,410.4789901918074,407.47419755387745,411.76694941210565,408.2321846447629,398.41657198957284,417.9816917364896,412.38898112200087,411.736364800498,442.5169804391404,410.0821916484956,423.0582929543742,402.7455671057318,409.7560367971291,422.09024762002116,406.98209073068057
photo_road,546.3513353921837,552.7385695637438,293.53017996375763,335.4375584337021,629.9440797547253,592.4412026111389,604.8959101317884,605.0641350040554,530.5605415093066,344.18847247193673,556.2287238627583,528.0905479437099,570.7737851249021,586.9798815958288,635.4334519578686,616.921566611215,506.7579499660879,545.7738625965801,491.20829663211117,444.208910681818,0.0,504.73409238395845,491.5935926712969,416.03420006477006,569.5895008211593,532.2763010655036,581.8254388796008,424.76158246480253,676.9370768461787,570.6556758454018,708.0385883205137,595.3082311741844,553.312679109886,410.89768942398297,656.964392898427,573.4626508905957,425.5892127207199,575.3653453744218,540.2504648512498,665.6834150230712,640.3525455706246,589.5901865223972,478.606041041299,486.2384592575464,552.6124137040583,413.60769431249184,569.4762351733635,528.4919425608443,487.7917254824652,612.1069640717052,599.7449374476041,648.4902605584756,585.3437388471303,642.9180435523324,618.2802894235105,676.9899604673069,652.068236220827,387.42350086125754,667.7422742774468,516.6790334133966,651.5250857347986,600.4345738763302,602.0652361383248,680.1279059302487,636.2077026510154,594.7088062135364,539.4655767033814,498.9722191714552,702.3896168465366,629.2050232194949,541.5030881040885,543.3738118375807,581.0940479649082,598.1509125231266,587.8061990466717,575.5953202730789,585.4973449798725,583.0109493336555,593.5301346115726,585.8572803286525,582.7446346467948,580.9348054983335,585.777043209748,582.6297597694193,583.8392812155834,578.4872296589791,588.0487649719552,589.0356892758905,580.3710408827322,609.2999278274835,584.855149045704,595.6611938068544,581.95132448934,577.2109473907228,588.2437258441876,584.9702217484474
photo_house,479.445212152131,295.3999755317611,537.8684759109016,449.107679134576,531.3791026696905,540.0650352023773,418.0366705408925,499.234959456544,603.8956967930252,488.7353080311953,513.3401001345669,563.0092163943619,453.78237462764895,432.8165422350216,597.1361600369087,572.1645837787553,442.14401832621644,614.7153116165433,570.9541191549667,512.5823838327861,504.73409238395845,0.0,498.0722573434203,438.1201155296372,525.3446217010264,432.9275343318578,613.2529959986146,506.1837292331441,541.4065904562294,511.6003247266236,596.7324953282931,397.9149102663054,628.2709822783175,560.9550047117131,608.129369836164,598.5607941559712,463.26427722483584,517.9529273377166,423.1080092674016,616.7557034247503,542.9663672252183,624.5547809104614,550.5762454454243,550.9693755605558,589.0803326089576,508.3261200611604,598.9305452685184,451.77346545073044,492.6266976676913,564.4709800267052,625.1543205891285,545.7857585207173,475.13889051193223,564.3812090987612,467.1252543888571,520.1327947245072,558.5384763866886,522.8984862278769,623.1431569056028,586.7479725927395,494.49939268309265,551.7164984767026,530.1970554307547,635.7259516814859,581.2427577900884,626.0001799477702,597.6299061490145,569.4530214394463,544.1726139433312,456.0058337269671,573.1521161750785,525.5817809938351,593.5431099229439,568.8205321950492,580.25869668658,613.7169251859307,617.5660990407175,613.0329467058498,571.7008669152701,619.7287262833974,614.473273440003,613.3784692803076,614.0222920875585,616.4042832322991,614.5364546629229,605.7797931838821,572.0736112061929,617.3088149591528,617.0771811011869,583.0051436210232,614.346076175694,583.3603297524991,606.9092571793838,614.7333692895395,620.8412513137197,608.9448987313766
