,photo_face,photo_profil,photo_eyes,photo_face2,photo_walking,photo_standing,photo_hand,photo_legs,photo_bird,photo_butterfly,photo_girafe,photo_fish,photo_cherry,photo_tree,photo_flower,photo_carrot,photo_watch,photo_key,photo_truck,photo_velo,photo_road,photo_house,photo_mountain,photo_windmill,drawing_face,drawing_profil,drawing_eyes,drawing_face2,drawing_walking,drawing_standing,drawing_hand,drawing_legs,drawing_bird,drawing_butterfly,drawing_girafe,drawing_fish,drawing_cherry,drawing_tree,drawing_flower,drawing_carrot,drawing_watch,drawing_key,drawing_truck,drawing_velo,drawing_road,drawing_house,drawing_mountain,drawing_windmill,geo_face,geo_profil,geo_eyes,geo_face2,geo_walking,geo_standing,geo_hand,geo_legs,geo_bird,geo_butterfly,geo_girafe,geo_fish,geo_cherry,geo_tree,geo_flower,geo_carrot,geo_watch,geo_key,geo_truck,geo_velo,geo_road,geo_house,geo_mountain,geo_windmill,word_face,word_profil,word_eyes,word_face2,word_walking,word_standing,word_hand,word_legs,word_bird,word_butterfly,word_girafe,word_fish,word_cherry,word_tree,word_flower,word_carrot,word_watch,word_key,word_truck,word_velo,word_road,word_house,word_mountain,word_windmill
photo_face,0.0,37.85694308225887,36.03564783319797,39.364909717090065,35.61719881880246,36.76053228375327,33.61203214952052,32.692429086635144,45.30307079477926,59.4117623451906,71.43967095138883,40.891713014813725,43.83461939503144,47.643673741834235,35.54342259501538,34.72336156193926,70.70719270951138,32.485975598424844,48.228098868665676,42.76088064678481,46.21990369072835,46.7524843391631,62.6170581770746,45.672392832978794,43.00322741739811,48.921100332440126,42.328330594098254,45.404884583417704,49.55654531160825,44.487832907941645,38.845603296427704,43.319743353285105,41.32214731804267,47.329816810509094,45.67322739489968,43.74944423960415,47.98710431634433,44.32001458933383,43.48798310741066,39.644575273507314,39.63697990113727,43.25088107289281,51.351840229056606,51.026318304815256,33.61032236095234,52.6299763668595,37.80392364082632,53.119559328303,44.85446290395104,35.6977128232688,41.74712723813938,37.21013702773918,49.331522975369964,41.08639091631613,48.92328739582465,37.57976923122247,39.94147771857389,51.244771390674636,43.4680906018514,42.62262464452652,43.509588189230435,39.70052023979128,43.13056030605053,37.78783736001941,39.524638616050886,40.05787255897884,44.86419126087857,44.43283784248748,39.204875555180266,46.78700907659514,40.447943576778975,51.90112450640222,36.95708623127712,38.320925591495374,36.80284710036303,41.881323131984544,41.363850211356784,41.67497332316166,38.61610741743087,42.22790559240475,41.346038008648705,41.93589458758565,40.095932244298034,41.64948622129,42.01822759165156,38.3372434159652,36.45837121762679,41.63708186233923,41.0616608127384,35.727819956064074,40.963462270535544,36.452859911358814,37.82619740772329,42.07431504837818,46.48853258044891,38.99999736688888
photo_profil,37.85694308225887,0.0,38.16676269889752,40.3097451633156,37.366315993130286,38.6397680192989,35.83910412244597,35.411769099179885,46.25711179006521,61.326310130263415,72.34280596546424,42.90191153564108,45.99514005709091,49.74594008280367,36.94058032675086,37.792373635803365,71.63016536079569,34.075367609071655,49.972594939541885,43.96864100256742,46.82666116605231,47.47495694382815,62.94059088835484,46.79630768664454,44.2906448827126,47.84578498824222,43.90787487012782,46.3432143234971,50.278176957225924,45.60495268775221,39.917006692137136,43.51809236429429,42.798882614851465,47.5614548353283,46.810033192152076,44.73725843413605,48.2672087367319,45.998047746418194,44.11484669803792,40.84881754495584,40.91954061195429,44.37053724685262,52.135108876169944,51.9105745613777,35.2440868357229,53.29872314010877,39.33981868200772,54.255720644926825,45.239368588431454,37.336885241271695,43.02896855815755,38.09529066082233,50.45290575842495,42.11148330280556,49.99154562439184,39.128448765894895,41.013684262349756,51.84192904042142,44.46406248609366,43.846147005471806,44.598656734039714,40.51272882199143,44.2691070378435,39.17206515051702,40.7970331435829,41.70793230257954,45.83235576894937,45.58099482855295,40.0464289820467,48.05990094768984,41.06090779409544,52.58129812906518,38.791473806515995,40.01599205101029,38.19519112143113,42.81162130405057,42.49523529244284,42.920826031258976,39.94882848567468,43.355951956750374,42.25966211052651,43.870830119999624,41.0853652749292,42.49853482081879,43.04598974587709,39.95778800725129,37.54478543803992,42.652365186447426,42.86335485198404,37.89103372005487,42.148272640830875,38.09309923277779,39.5366056921558,43.20959881725023,47.92412316928911,39.7105293496457
photo_eyes,36.03564783319797,38.16676269889752,0.0,39.05214276278617,35.84655467181934,36.83049706548808,34.170141471308014,33.36918158670497,43.78645002789262,60.95267445237415,71.07449942267509,39.87167180701669,43.94069361986256,48.633674061859985,35.69718917473655,35.30264934046842,70.5876347683761,30.96783005375337,48.60011694061383,41.97952578951417,44.46657077242551,47.1687390465739,61.80692892238065,45.60170743351552,43.07031622205032,48.5347436100127,40.691354563150036,44.44472622686585,49.551861988992066,44.305824821346,38.97613236985004,43.06476773604172,40.65251317222979,46.802010952546375,45.68378061823992,42.90836895108664,46.913067923618115,44.75408172254983,43.44260095788464,39.59537346878576,39.521061582902476,42.02199748243132,50.890377192695375,50.35620342222828,33.13795330988109,50.91342497813118,37.211582623322805,53.099420311854615,44.49689142399649,35.51987126679069,39.105942488829484,37.02630719062488,49.580261195835114,40.90843368166256,48.775625806195855,37.20288339927323,39.82294104732843,50.945135437721994,43.11219137037803,41.59563859672615,43.595774999984144,39.39859679841904,43.342122075978,37.79279789713939,39.37282469952261,39.40067580150882,44.034538867181375,43.33129604722251,39.240300509145186,46.92649282628948,39.85421196264523,51.94604595473244,36.12950226491001,36.8630022508293,35.65420209279147,40.312213542480514,40.4535640644934,40.21171053417282,37.274215902501865,40.62892599274796,39.76720886862345,40.857539121039544,39.16083555381812,40.625414318075165,40.60094640961594,37.49664926274791,35.236461523650206,40.28104397108282,40.102227329382565,35.41749095110917,39.93627518427323,35.56705284596081,36.44217202481553,40.59180498112842,44.86937741546868,37.23924001169801
photo_face2,39.364909717090065,40.3097451633156,39.05214276278617,0.0,39.33742176068176,39.93606251474925,36.249145934580405,36.48853155658783,46.67628820036088,62.498730638677316,72.83648303291915,42.91261260453003,46.353823374833375,50.6137318492964,38.47775721951464,37.842601113904045,72.94141434893497,35.5496734731549,51.243562770628806,45.27064745664422,48.45841858190192,48.773860522711324,63.96762029804955,48.56869231561501,46.043015796795764,50.8313698232384,44.740146044283875,47.194496071287354,51.602701860627185,46.921998761727224,42.132047247288135,45.57352258248604,44.02015392343296,48.89275487179208,48.331418819737706,46.186813907270604,49.89097193961383,47.60920246310092,46.20827360172709,42.721437603886045,42.65159796991489,45.6179533204041,53.44946810390661,53.398909423997935,36.749559601966155,54.732509882939716,40.856570153766455,55.345276750859036,46.92991458538959,38.691413382071964,44.647784021209176,39.64815039424319,51.935845243543575,43.74464781731908,51.33080285657487,40.642023925493675,42.74290609873233,53.56649307140317,46.038673176328395,44.90718613418781,46.4013524276534,42.46066155442863,45.24506744976166,41.05777226399801,42.598948021075365,42.70567367113441,47.10690584803636,46.290634853281134,42.153254194554904,49.54558136130849,42.742787052602615,54.151485375984244,39.897030775107844,40.628080073658055,39.68878803092258,43.80080812205893,44.178727916420165,43.98769398911586,41.47846231182485,44.654521264790525,43.7189376557538,44.95656295031953,43.001295026535146,44.16552485293792,44.3953877136867,41.23709380620519,39.32602115058748,44.43019265289926,43.663009263495326,39.395732582836395,43.330709390458004,40.00176891511555,40.51572860755537,44.72325343875688,48.96582301857588,41.213604521911705
photo_walking,35.61719881880246,37.366315993130286,35.84655467181934,39.33742176068176,0.0,34.453576625071896,33.35254252245915,32.243134572257524,44.06456744760781,57.01073066912048,70.87410816358624,40.78232143633114,43.51038345692141,47.15190200576765,32.740177844361426,33.95572743687148,69.80191989880934,29.79033905032814,47.22963602572762,41.30461121958165,44.309450869587394,46.29076584883083,61.17296521645094,44.11808823833121,40.77129089500068,47.22644122453822,40.3130538926046,43.160001799273346,47.307548967590115,42.27849653096239,36.6771627030231,41.13824139402852,39.233099837974976,44.84815304758384,43.343164719120665,41.51021346126803,46.09783279731337,42.68906212802319,41.55486863537708,37.39582025495743,37.13826935286226,40.949559414522426,49.58463034735755,49.436842827782094,31.019027343964023,50.7781760215401,35.54691327699843,51.24493803875126,42.55257485708326,32.603360318522114,40.114022017587835,34.35681406771972,47.406672881681054,38.37668950463991,47.32677649800446,35.041399665662105,37.54130611844212,49.51709188554916,40.98235862575035,40.50077576916046,41.407996207000494,36.79307812159038,41.30328109824731,35.1125801485004,36.75484201315662,37.60646572298539,42.730356475575206,42.08286441630434,37.37821115242836,45.09508723292981,37.95542279448922,50.67971605172562,34.458525069483976,35.55809413138021,33.88218051654927,39.01701420872614,38.95596261981611,39.391696426818065,35.82527711128882,39.95808139862098,38.755017081978124,39.690484611948236,37.99369385345509,39.32253638817918,39.48687371656825,35.969399477185526,33.81951139213431,39.492873909186535,38.846008810584784,33.5166652236415,38.52179378795772,33.98970265477243,34.81585243484128,39.78290563797457,44.46323451797885,35.76910107036713
photo_standing,36.76053228375327,38.6397680192989,36.83049706548808,39.93606251474925,34.453576625071896,0.0,34.70565340090302,32.53957631304225,45.26368257921303,57.725420610389975,70.9498999624738,41.66087837590879,44.39147082096055,48.363309099827866,33.67810824733946,34.59790781803196,70.16706676682242,30.698425496858285,47.71369717372939,42.32639612931889,45.1965091218366,46.963410125834,61.10623179804578,44.789484874475775,42.121069136106705,47.85229125228673,41.17471979489219,44.23384561179186,48.20185539562605,43.13913597303389,37.64411238768146,41.63161879583818,39.921594421488415,45.373389373670264,43.95484013430616,42.627301189785555,46.70244802996638,43.80012249386311,42.27692498354462,38.11389180835091,38.272727900781454,42.03938911228942,50.22437184488737,50.48167482014199,32.30615951897334,51.59040701950105,36.93544216610955,52.205135565010586,43.262964019670314,33.15647511925364,40.78109979611424,35.28801723060714,47.630553738564466,39.69180207055255,48.777035968541526,36.060636252866544,38.31689112569085,50.08414287869138,41.22964939546526,41.40969949423731,42.88712174119057,37.84998808287227,41.85213979493588,35.967755152422264,36.39129669416167,38.87634517873925,43.58621956560523,43.60190762535034,38.026204843215375,45.68953062881113,38.74641432850533,51.3107605309194,36.08304851797249,36.858097111682945,34.95009343009842,39.8050080689057,39.83891511073072,40.273001076522526,36.83861482115699,41.5589988450065,40.158363597579616,40.69983889410152,38.81034468031753,40.29406139178628,40.91318040640815,37.08466095958625,35.08946431468675,40.33544035917829,39.915369397424804,34.79329777270691,39.517351373786006,35.44955138080521,36.234656499886604,40.623783337311316,45.05010481039138,37.20240032463587
photo_hand,33.61203214952052,35.83910412244597,34.170141471308014,36.249145934580405,33.35254252245915,34.70565340090302,0.0,29.92046136362643,43.562288141046544,58.10860119785787,70.14053812044986,38.60314719788946,41.910322631659106,46.25874585331805,32.666842245472246,31.997575789071774,69.65070546559338,29.866474377574487,47.226601294529985,40.64536436741342,44.02500484766649,44.76573697070972,61.021482359652204,43.95926160319754,41.33027592740052,46.99380714158211,40.13325191059142,43.20671076662721,47.335837110361105,42.379200345910476,36.20214078992744,40.89902427844588,39.32071380500836,45.01485100116304,43.83564668734561,41.4931347823355,46.07269400858741,42.63740119671537,41.4728525386955,37.348228258414764,37.44589441247154,41.12233806886633,49.69200412058914,49.39072932411819,30.991745288142603,50.9311876465737,35.801389260342035,51.451608306089845,42.567436556227015,33.267324663682444,39.68989913641744,34.47343936307713,47.8115752422448,38.83017890699041,46.34389268238297,35.04571636281154,37.44473322946899,49.21401089439396,41.019022286968415,40.46662289452263,41.52715274384482,37.007248951200346,41.08626837266852,36.34483841504021,37.07711974580459,37.87541654366217,42.90882386857485,42.11780632907048,36.74374736290773,44.93076091263809,37.93569415898897,49.90355183949858,34.941722841510774,35.85161251190023,34.21520796285257,39.107739115318466,39.08683813004759,39.33516100624279,36.08643873847701,40.07459162852521,39.0256708533119,40.187309740596845,37.99614493458236,39.25105688310775,39.74431938706766,36.15001476893049,33.96752388653634,39.6505103154361,39.00919778607727,33.913434087919086,38.75725479580663,34.06235925196259,35.06795889411145,39.974074956431615,44.622638070246126,36.30670297967459
photo_legs,32.692429086635144,35.411769099179885,33.36918158670497,36.48853155658783,32.243134572257524,32.53957631304225,29.92046136362643,0.0,43.18145423525145,55.841181578764285,70.1384364493235,38.35961677584464,42.34152609757078,46.291843290046685,30.707093914127704,31.602074721230082,68.84441474911127,28.132916239397467,46.5563100231951,40.16962707576922,43.74018354338823,44.865406281977215,60.47735986280393,43.63599953234164,40.52187109296805,46.63361758332123,39.19793472123392,42.98220626769457,46.776460508008796,41.51861691197803,35.87351972005429,40.33448597679278,38.253812174853515,44.22858722252729,43.30492046187528,40.808029131745634,45.837070415609276,42.12593637363374,41.19483574830007,36.36638540516186,36.28134968002776,39.881524932146675,48.898014448697324,49.325002986903975,29.649203592167353,50.63461861655215,34.69629268059006,50.88031443640023,41.90812583728376,31.497936576079375,38.82726051871482,33.50592595864586,46.951448469925836,37.72083470294876,46.40121959323657,33.70832480603053,36.52086135260043,48.548538189823674,39.91206461926665,39.68043268641732,40.77910346762404,36.08476478580712,39.990743168498234,34.094795498912475,35.99991148914413,36.49163753973458,42.03696213830673,41.90879385269755,36.01358062972685,44.30203601907948,37.072774383285655,49.56185680784374,33.48949246623893,34.700866058229316,32.98295377313455,38.02829837675843,37.83061848998327,38.02793166596955,35.07223546469785,38.77480990491811,37.98551051222597,38.62626973848505,36.638234889987146,38.20983109927797,38.55156585193398,34.84179359547932,32.41205908677682,38.370082272539946,37.83694117073675,32.198716917063734,37.49166257936497,33.101192979244765,33.699727487269286,38.74052440830073,43.313753031901555,34.7763770068918
photo_bird,45.30307079477926,46.25711179006521,43.78645002789262,46.67628820036088,44.06456744760781,45.26368257921303,43.562288141046544,43.18145423525145,0.0,64.9477499666769,75.00086387615552,47.6408313481571,51.62521927038707,54.32467622696966,43.74616212636862,44.09129904094941,75.0058785580954,40.139874942099816,54.287515416095204,49.498260811498746,51.86879923368845,53.5642632437946,66.96987785423815,52.492376544215944,49.05178254191422,53.63154673350622,48.41110282804089,50.92795151219903,55.10747790155151,50.876618597888395,46.40316459596182,49.59884182556605,47.431554097167265,52.48741844598267,51.69064521856531,49.78591484984221,54.28401108265018,51.347470748814466,50.791755423034026,46.93668688168509,46.55995293032686,49.18994526357603,56.6876557358862,56.37242975852259,41.27087441506015,57.5153425343992,44.79985541269095,58.059021643316534,50.96740950560175,43.86850592560793,47.75683439153362,44.69325208268,55.30852989982147,48.31285179850424,54.91732057840021,45.10591131960121,46.824259990283274,56.51607307530708,49.66400171204744,48.65796400619766,50.16923767088474,46.59947257231436,50.23265566608069,45.59622769060261,46.69282052709749,46.1711689964332,51.06576782567219,50.297795008423044,46.69173642039251,53.10547353799184,46.94840230858442,57.565888089546384,44.3102829406964,45.11392123849262,43.63730078361948,47.180586987618824,47.276019421674235,47.35747624906405,45.469534313638675,48.27075242007344,47.33559745197822,48.26346535319166,46.38598642681186,47.453952745722674,47.929667708472664,44.63565616866741,43.44632876052199,47.65745773153325,47.920751232336315,43.334247371726136,46.851473760289174,43.892471267347496,44.528833640698466,48.23714506127309,52.048362299408865,45.08153157185888
photo_butterfly,59.4117623451906,61.326310130263415,60.95267445237415,62.498730638677316,57.01073066912048,57.725420610389975,58.10860119785787,55.841181578764285,64.9477499666769,0.0,84.5473092721842,63.00598684788839,65.60224278441487,66.55384335310897,56.75339578645805,56.65277456187475,83.5381509051915,54.96120183277513,66.08631786232033,62.48380632409223,64.13409492965461,66.82774418265738,76.37738584355542,64.05275594071827,61.93816889514565,65.83526518954558,61.12911827346866,62.44545223181589,66.1102222911419,62.714029381649866,59.270559657279186,62.03064751818864,60.31724414097191,64.01813401308064,63.60676330318967,62.26820114594886,65.73381886587678,63.20723969679806,62.413808010457,59.45206738712259,59.550617624857644,61.68946684799698,67.22611145424459,67.73559880546632,55.26710046680383,68.51216920540533,58.407486323883916,68.41413180339725,62.380722261803214,56.82648458176425,60.82243125472341,57.498683801966386,66.06722735312869,60.15826843495527,65.65371680261815,58.167785091703486,59.45251291661026,67.27665834526762,61.859867219688795,61.31616374496942,62.296877202853985,59.34990045784164,61.716986047908826,58.25648660016966,59.35073397569685,59.24139857223959,62.705253280368424,62.94042237121108,59.275418228101756,64.57757017311555,59.83957993510628,68.3036760394494,57.670619381168365,57.79001930071619,57.53517740918006,60.38064757402034,60.31577185209463,60.31814211670914,58.31047838760268,60.75636100005188,60.249019910688276,60.40013716360374,59.48661199004651,60.36581757287249,60.410357544705036,58.54482253411002,57.01944114544203,60.859175055499456,60.11351448024708,57.144134815041134,60.105106573035904,57.23272182890123,57.465949074983776,61.011830581452834,63.641767008504914,58.432584374859765
photo_girafe,71.43967095138883,72.34280596546424,71.07449942267509,72.83648303291915,70.87410816358624,70.9498999624738,70.14053812044986,70.1384364493235,75.00086387615552,84.5473092721842,0.0,73.02655469219279,75.39276265655604,77.1923067197775,70.26785189295335,70.85824688720356,92.78828593998819,68.44618728740002,77.37868685239769,74.17358147445934,76.04186477838229,76.62627430907212,85.85949985212281,75.79549640928859,73.71063351828757,77.13918375567201,73.37464137336876,75.12728110751532,77.22686123919927,75.06444778080008,71.61084323054322,74.27955527664214,72.85163577209488,75.45845449199744,75.31699856858823,74.26743514087246,75.89854695406437,75.006602511582,74.56397848455653,72.0117707946437,71.79989501412432,73.56551474354978,78.50726856307159,78.57920249450045,68.94891913481428,79.61838107169812,70.86128311968862,79.47751421813052,74.57715991129874,70.15387043808786,72.4660354023314,70.26832517147433,77.45177735946636,72.33893639253664,77.56661806151806,70.9877858484507,72.50987369785202,78.50735240790203,73.99606556748016,73.77201671429793,74.30718748332312,71.79422690845367,73.67736961619893,71.28658485770568,71.99863662581099,71.97158104765398,74.33046758820237,74.26134009260028,71.80110958642825,76.4439194001315,72.10382200486241,78.64650746173737,71.19234346244609,71.39042271026238,70.11026507627821,72.94953124551566,72.77683216711458,72.9347323633167,71.42875974514224,73.65411611819813,72.99656542859863,73.21375982933023,72.33003787098647,73.02335538208413,73.16896090401735,70.75097089847702,70.17519253320485,73.0539097176255,72.89981369547547,70.22671379017166,72.50986315493219,70.61663566419121,71.04826719833413,72.85776519245297,75.82929552122474,71.53306681987281
photo_fish,40.891713014813725,42.90191153564108,39.87167180701669,42.91261260453003,40.78232143633114,41.66087837590879,38.60314719788946,38.35961677584464,47.6408313481571,63.00598684788839,73.02655469219279,0.0,48.523891384469344,51.829488954808056,40.184945514109955,38.57156885904224,73.31039825607152,36.510771202968776,52.23849380515858,45.89827485379089,48.3347144486446,50.69516662222671,65.03071325417858,50.73126540611645,47.1904054422868,52.22194959468948,45.31394824844905,48.97390939786156,53.08463724742232,48.18819264627845,43.740501129878695,47.4554498039617,44.98830873451364,50.869709152612344,49.36701531324477,47.23199705603519,51.67599978781967,48.84598797611527,47.72042308343839,43.86737741676748,43.90579691208663,46.36289544858527,54.49573067955704,54.48670769593233,37.81396712522361,56.006501835877835,41.815244486433045,56.79466256603337,48.606265826340454,40.24767123536268,45.353529768742014,41.640850681873275,53.13346180812938,45.35875163780594,52.827752256288164,41.91365610427745,43.752418455478285,54.34239916049736,47.040743618576116,45.96783571570937,47.77888108089746,43.72423812329127,47.36349552869611,42.21497197095968,43.69988435752748,43.31886988084729,48.315787586365715,47.79058356044305,43.81511215703721,50.66492442247416,44.21161517139708,55.5197862613151,41.00013597345934,42.25793350071153,40.863724462962224,44.9786241630401,44.4650265772425,44.73821236928741,42.23917164925357,45.1002589901476,44.447148781063454,45.71906685658142,43.54765844457982,44.7975574726492,44.84394930480387,42.02926910551866,40.25364615424642,44.86370694852371,44.74120711002095,40.03766050342016,44.10533265576999,40.47196698522594,41.27040162973839,45.298266141080326,49.47441795688849,42.104285102011566
photo_cherry,43.83461939503144,45.99514005709091,43.94069361986256,46.353823374833375,43.51038345692141,44.39147082096055,41.910322631659106,42.34152609757078,51.62521927038707,65.60224278441487,75.39276265655604,48.523891384469344,0.0,55.23743600163809,43.58241494546502,44.10427219321414,74.90978254947781,40.822952372456655,54.56191075586038,49.574394183335556,52.65720321578226,53.1014572972775,66.72936733076581,52.08744653039622,49.80017339890506,54.80160934960499,48.8553524959123,51.673544541664555,55.14075905063053,50.97735869877579,46.27213792178093,49.67494205712417,48.39331830293653,53.19665676315798,52.17792982352685,50.30773551716417,54.268534482749004,51.09092819353889,50.39720279949155,46.98065013088582,46.943672365790896,49.88719540210501,56.75872841673258,56.88093347321179,42.044344858179294,57.960664143480344,45.418508317700415,58.83710853004303,51.093872168911986,43.7679600686816,48.6599056784994,44.69723461617765,55.439171900754744,48.59905042209483,54.894063744525425,45.00687173632033,47.255616546427596,56.818371436319104,49.88766670679529,49.250087641974844,50.08540411531589,46.589715504958484,49.687188413262874,45.050288840386706,46.635211350418615,47.08027254217128,51.29982479081899,51.052614220108275,46.072514986464235,53.22589054377966,47.50048619822466,57.64877986505544,44.71193053252767,45.511809486015714,44.24520505371968,47.98084489595555,48.24682887259583,48.198775906630466,45.93021762283338,48.80878735610959,47.70819244347345,48.571616379986764,47.27112829660093,48.414170290650524,48.383970477524976,45.88854945087803,43.98915263891403,48.12831574709703,47.930339513834,43.89494329683694,47.68807841287603,44.190656682371284,44.799954635023695,48.63310163424463,52.81194580982634,46.043746319060425
photo_tree,47.643673741834235,49.74594008280367,48.633674061859985,50.6137318492964,47.15190200576765,48.363309099827866,46.25874585331805,46.291843290046685,54.32467622696966,66.55384335310897,77.1923067197775,51.829488954808056,55.23743600163809,0.0,46.68551509462486,47.21760624787018,76.54796782907633,45.05595578251219,57.17728417747308,52.80232036935036,55.112640678098195,54.40618505659076,69.15836485882622,54.10614750455356,52.816881871690505,56.85871956143632,52.186594842675504,53.578676655240216,56.65994847326917,53.31870428302749,49.18899835668797,51.29071460706726,51.27523739330145,55.10368700040383,54.744168289156136,52.63328544665824,55.695508814658076,52.2388675713587,52.54804463912129,49.70479388982025,49.13507234362214,52.880531263326915,59.48659380943016,57.9971583903661,45.64078281506726,59.73194935810044,47.921401393428724,60.04217110438131,53.86960894989704,46.95281586743147,51.51485467506922,48.61338051891021,56.79167159124575,50.76230803742916,56.905295668446094,48.18364673830301,50.48003154524375,58.48580430225211,52.85026634074819,52.153328461776134,52.17456863510417,48.83444574469748,52.41563932820408,48.556750592843564,49.115333300698346,50.47029059595171,53.963217784588146,53.387350708523385,49.29319620967608,55.37397831348073,50.516955881328826,59.48079074215572,47.959855796430105,48.97711533529852,47.6850921598829,51.063819616484025,51.179181455781126,51.664165216968435,48.85665680053145,52.25061100492055,51.10412614851537,51.77794626609781,50.341999337669556,51.37944280137339,51.88479061444495,48.91671882218115,47.04261426282216,51.98260189910525,51.57580761823886,47.19801827267532,51.28947841536652,47.91147008387761,48.53158300970909,51.933680865491084,55.36025997590475,49.294647805453685
photo_flower,35.54342259501538,36.94058032675086,35.69718917473655,38.47775721951464,32.740177844361426,33.67810824733946,32.666842245472246,30.707093914127704,43.74616212636862,56.75339578645805,70.26785189295335,40.184945514109955,43.58241494546502,46.68551509462486,0.0,31.830228924276373,68.87251102945918,29.484842553831093,46.831946041773556,41.242207572307606,44.15401263314063,45.63802386437053,60.61336864728021,44.12064794999865,40.802860169590424,47.01964958731799,40.006553237545255,43.17523027314756,47.441398932941176,41.77961035408533,35.685888308839544,41.127464737205834,38.86497537515846,43.85735297092221,43.238553274471705,41.32257844999113,45.99100196648264,41.99025840378413,40.89208014825967,36.72131116951466,36.97240237701762,40.658234481205106,49.483289950641314,49.646616629890005,30.568697815704784,50.7174698331387,35.376320178177224,51.321391188513914,41.835738548360304,32.07171843751259,39.721899887256306,33.81820592910439,46.94396243009614,38.11881465607465,46.7581312918786,34.91035104855637,37.04333682010218,49.155528017130386,40.2904577226604,40.15344532284848,41.26346525856157,37.02223477745343,40.79917744648452,34.31678208987597,36.01891023554981,37.41441860792615,42.43185513249531,42.397780509728825,36.78088392826983,44.69627915648075,37.23526686151728,49.874124178148826,34.45719858704514,35.452844221617035,33.99070278633587,38.73234416541015,38.97339171806771,38.84946424690328,35.93857737555797,39.62455649172678,38.766603112926944,39.86180645924665,37.68139075183143,38.93446517625603,39.40276410688997,35.5495801665712,33.646868738843786,39.343999938509484,38.596567173545786,33.720559904088596,38.186136967889894,34.08322670037197,34.808568633073186,39.85685947555426,43.98989111502597,35.847830427479614
photo_carrot,34.72336156193926,37.792373635803365,35.30264934046842,37.842601113904045,33.95572743687148,34.59790781803196,31.997575789071774,31.602074721230082,44.09129904094941,56.65277456187475,70.85824688720356,38.57156885904224,44.10427219321414,47.21760624787018,31.830228924276373,0.0,69.48403769527292,30.481633922975735,47.749511328332545,41.431431112001206,45.14617025875871,46.147956705526475,61.48798085003758,45.837967214999466,41.83096205749028,47.72125800934967,40.87688678475516,44.290526264882836,48.086407965937525,42.994773072219104,37.24833058740301,42.14751362507407,39.63911268535421,45.603853046620785,44.13514537612939,42.229224449752,47.12194503216649,43.438580172842684,42.30541222850486,36.931544884363966,38.201134732680316,41.26089431429798,50.12854301375732,50.54760653865501,31.65870032444547,51.6305448133045,36.50370316276505,52.587748139104164,43.242162986351204,33.540820231545894,40.43792923381021,35.20246129739039,48.315260653754244,39.27867974433524,47.81014887363914,35.84891951416467,37.95055569189706,49.93023740306051,41.40968039561751,41.19009552507769,42.35892216163052,37.79727785548231,41.55748890932747,35.910914590470995,37.46987963146434,38.33170684612066,43.50094085126887,43.331620305238786,37.78375620862922,45.39885605297579,38.6880873815499,51.13436063250368,35.16322474473556,36.433684405792704,34.87147746992497,39.701415947250496,39.68725385585882,39.91041692660323,36.91906423741366,40.54285538442909,39.51733685968255,40.48269544804971,38.45627666071787,39.79751658898887,40.10899902089311,36.828381475115016,34.49453664323909,40.138038097542356,39.54530110855364,34.32536984880738,39.07473574053567,34.821279340408296,35.605330079141815,40.417776738956526,44.835383798101766,36.63367910147972
photo_watch,70.70719270951138,71.63016536079569,70.5876347683761,72.94141434893497,69.80191989880934,70.16706676682242,69.65070546559338,68.84441474911127,75.0058785580954,83.5381509051915,92.78828593998819,73.31039825607152,74.90978254947781,76.54796782907633,68.87251102945918,69.48403769527292,0.0,67.69624577194115,76.22043094734664,73.5238762715825,75.65523240781451,76.32876911004257,84.62146211300823,75.4586893848075,73.1454159626151,77.1567455498224,73.01286687683105,74.24344958972829,77.22535559517507,73.1398151233225,70.66654121725493,73.61401952096142,71.82472313287684,76.30217947228905,74.93078451149032,73.86293083257465,77.09085811251059,73.28047645418141,72.7891732575034,71.14976432252159,70.93448087625104,72.85701318838775,79.04815966084882,78.27583846308461,68.39878758118779,79.06625215451825,70.3700072400033,79.48093869827457,74.56623271588705,68.71393126486657,72.60561242920807,69.53373861418329,76.48817536350667,71.86397414987137,76.38774215335026,69.71254895112904,71.3895866427684,77.77438726819702,72.92711639308807,73.03846775120554,73.25805759023908,71.50906678567509,72.6993971053056,69.99232840714124,71.45820460481967,71.77641831907134,74.45306002650717,74.56236893629726,71.47100319611634,75.75188480702182,71.35314419955735,79.04223366725617,69.93602097046913,70.69569482522242,69.9664210363628,71.91213388972447,72.69567054014156,72.32325162386934,70.71649252604462,72.4876704342879,72.14646611093399,72.65023299200574,71.46919776425125,72.19496519712362,72.70893976167798,70.62242459938875,69.87881364562895,72.46127770819257,71.9307803445263,69.526970188991,72.13308234838115,69.63499407489384,70.83793460039972,72.55864152399614,75.46604608657083,71.2097406217275
photo_key,32.485975598424844,34.075367609071655,30.96783005375337,35.5496734731549,29.79033905032814,30.698425496858285,29.866474377574487,28.132916239397467,40.139874942099816,54.96120183277513,68.44618728740002,36.510771202968776,40.822952372456655,45.05595578251219,29.484842553831093,30.481633922975735,67.69624577194115,0.0,44.25721110455284,37.41413343053038,40.75357942236982,43.62812333880251,58.478586503292185,41.46957555588692,38.272337653595734,43.78917991372137,35.571550601953824,40.07709625190425,45.01812684949764,39.486493662102944,33.553710253993714,38.19218798059996,35.76893876700975,41.64358201741564,40.88230468437068,37.54656992799942,43.07748712644462,40.29095656598262,38.658988410546414,34.221148555572604,34.11077996078239,37.00109015319334,46.83164895957458,46.46124615305033,25.521000630181295,47.469941067734716,30.887323622190554,49.09071885891893,39.411099638355616,29.21845126893182,34.901641551068465,30.762139507308216,45.43757670985292,35.713758104685034,44.03822758657318,31.27146952597962,33.72097800481827,46.46725358580568,38.42075025943621,36.333316688693664,38.64039607304869,34.149660815656716,38.195702125074945,31.497242209275342,33.57688997619762,32.59524397159196,39.00312474279395,38.72596883231494,33.58963621705873,42.03461879845137,34.087881712364805,47.84556325254973,29.965915830874685,30.968198992481994,29.369905869628273,34.61663531586269,34.20582642502499,33.86890687640741,31.25825164466425,35.42542091114657,34.3909325143851,35.766995568670715,33.46880654245323,34.69096247040608,34.63984284885757,30.892451971609965,28.919261513099865,34.60485032706007,34.48592037457529,28.567670369796296,33.58418211924966,29.740644899977077,30.407934622141077,34.98750440528973,40.36615520150344,31.623647766208588
photo_truck,48.228098868665676,49.972594939541885,48.60011694061383,51.243562770628806,47.22963602572762,47.71369717372939,47.226601294529985,46.5563100231951,54.287515416095204,66.08631786232033,77.37868685239769,52.23849380515858,54.56191075586038,57.17728417747308,46.831946041773556,47.749511328332545,76.22043094734664,44.25721110455284,0.0,52.70703160024255,54.745485636754594,55.507397388881664,68.7799756892917,54.6648151263475,52.41731811561469,56.624122068717895,50.8115342882898,53.27381820980206,57.835121103970934,53.657920809273556,49.07441065036239,52.424377721696416,51.289198969121465,54.95221876010874,54.35845262275381,52.49379133659149,56.345230356451104,53.873682214044955,52.894257689026816,50.033496121420406,49.890722572390246,52.20402922204472,58.087518317462106,57.79077201799226,45.04728782754706,59.101351910270516,46.46667808875857,60.661170473729314,53.43250608882198,46.77699891610354,51.188777329760995,48.21505027982735,57.75717930340818,50.789978882942194,57.39918805992183,48.30351081789489,50.22158125804589,58.77381165596949,51.39422730884231,51.540911959520095,52.67053114993161,49.516769088440284,52.74312375001678,48.467622851787716,49.957451595404734,49.62991431643588,53.35014583983337,52.737444410162134,49.40847986403072,55.026320100257145,49.8346134616155,59.05979342867684,48.18042843105407,48.68235178837555,47.79100484173965,51.54378797639778,51.24250126495707,50.86392598729873,48.74887119900573,51.406264292431,50.87981560710347,51.571245516109904,50.3944944936879,51.21922518221313,50.89435738131963,48.86802893895754,47.979804176131104,51.09059848373855,50.980112727367334,47.3402609921098,50.15276564339086,47.88337043639635,48.29277512371981,52.22184867333094,55.10530708231931,48.77796151301033
photo_velo,42.76088064678481,43.96864100256742,41.97952578951417,45.27064745664422,41.30461121958165,42.32639612931889,40.64536436741342,40.16962707576922,49.498260811498746,62.48380632409223,74.17358147445934,45.89827485379089,49.574394183335556,52.80232036935036,41.242207572307606,41.431431112001206,73.5238762715825,37.41413343053038,52.70703160024255,0.0,49.34183728376561,51.412308510056995,65.04701443176559,49.59624755631233,47.38215604164264,52.26586715096506,45.863781632524976,48.664817998769394,52.93282687791101,48.39058038516383,44.08701731089024,47.240912030282,45.502984810336315,50.765710044680766,49.67948239014174,47.2214909947196,51.61159326997758,48.994851302723376,47.9918873356448,44.748509748050026,44.39775235276834,46.88849014711231,54.25436665449542,53.33722911479426,38.78216864372031,55.00394458618175,42.02212219909175,56.27681135578023,49.04536589675539,41.19951069315984,45.810692220019966,42.11780594008521,52.56729983673358,45.34906916084638,52.67234236614424,42.590158403029214,44.71542091591144,54.61845481337696,47.74638680601857,46.342509853313,47.9668764569678,44.27136064844283,47.49944583225861,42.94963965650231,44.48897421566843,44.21378476776558,48.87132097405282,47.91903478411428,44.02254253189176,50.5491909001829,44.554742020487296,55.55205774846816,41.91429984624483,42.75743259989219,41.06230852767799,45.22514298589658,45.3444216963819,45.340591163415105,43.11152958735124,46.0353339424911,44.866322463407855,46.63156299442163,44.141561253688586,45.40282353689084,45.55169498644786,42.81822512602475,41.09646892465746,45.012185243677244,45.381484383135806,40.937858400895536,44.47929097561348,41.81604402879728,42.188907641959155,45.426792219979255,50.03298297075236,42.62485330442405
photo_road,46.21990369072835,46.82666116605231,44.46657077242551,48.45841858190192,44.309450869587394,45.1965091218366,44.02500484766649,43.74018354338823,51.86879923368845,64.13409492965461,76.04186477838229,48.3347144486446,52.65720321578226,55.112640678098195,44.15401263314063,45.14617025875871,75.65523240781451,40.75357942236982,54.745485636754594,49.34183728376561,0.0,53.77218345063821,66.2901625052622,51.97893502318178,49.92433691254621,54.55915823446729,47.68582128588936,50.94102576818269,55.490650624280974,50.47323972050786,46.71281444383968,50.0019419867304,48.27279537229743,52.47605589078819,52.11560846667836,49.05419819740382,53.08828715999362,51.50536980222104,49.93383558341677,47.587497849238794,46.77241679342509,48.9774066084833,56.6306809421231,55.239380194481434,40.9673185406083,57.07748384907514,44.633182205653874,58.42036263335266,50.93383796051281,44.12623853019727,48.106020369425295,45.297807940908925,55.432899842399145,48.573436347188974,54.877139810058,45.63607779155658,47.66655626994244,56.596713210353414,50.092466784061884,48.156174320311614,50.48635905971718,47.39732117038041,50.2419264231677,45.850012290249325,46.93497223445921,46.609598143967204,51.02522612543532,49.5512943239959,47.0884916214069,52.72391530841853,47.07624054653558,57.783741658477126,44.84973214180481,45.34271528565381,44.36070390879692,48.028915273624015,47.64587305440161,48.07466138693491,46.221136612491954,48.63660443240483,47.95594363683696,48.34128850616995,46.95140137531928,47.75132933301528,48.286128578809894,45.783459559905864,43.8462792532984,48.220376949883644,47.643239386835035,44.21325417532413,47.78955833020536,44.84111580129418,45.13388921969749,48.64698204955935,52.65545253313018,46.19641576609879
photo_house,46.7524843391631,47.47495694382815,47.1687390465739,48.773860522711324,46.29076584883083,46.963410125834,44.76573697070972,44.865406281977215,53.5642632437946,66.82774418265738,76.62627430907212,50.69516662222671,53.1014572972775,54.40618505659076,45.63802386437053,46.147956705526475,76.32876911004257,43.62812333880251,55.507397388881664,51.412308510056995,53.77218345063821,0.0,69.65649152615516,53.07944833568097,51.02635840897891,55.252554565846765,50.83725065241703,52.3593178692062,56.995688199528,52.733196903893585,48.25013555966573,50.923640471948346,50.425177569511874,53.842638254503385,53.51626648098318,51.609755700038406,54.852164246581765,52.693202509272744,51.98244295742728,48.90399612277578,48.85903987639591,51.461553672839045,58.164646504972836,57.4454434750955,44.26127503366123,58.42623754941898,47.0578924829303,59.69294799306957,52.117883771419955,45.55316922937624,50.42595244307428,46.97011025147746,56.70869332208997,50.02675993604933,56.42473793857714,47.32366911282838,49.68525671393574,58.17525553330801,51.535114432670134,51.17271396343706,51.64539682212906,48.46051377733394,51.68351459263083,47.599516199192514,48.98439721433193,49.448503121703006,52.42348734902473,52.37751153998616,47.99088472823922,54.51016445117692,49.0470119784117,59.05579328057397,47.00882044111559,47.82533648038905,46.8203101155064,50.35778548795762,50.080511137334895,50.77722969448552,48.070846646225114,51.211178440328766,49.96678731405085,51.23787077737571,49.51485812669146,50.30650250266573,50.50357345149863,48.2408025270584,46.163936633464616,50.77898531304032,50.273745437482305,46.39355972408019,49.500286413710135,47.08071485248093,47.44040688546503,50.75163083697555,55.03355840707998,48.04467267949633
