,photo_face,photo_profil,photo_eyes,photo_face2,photo_walking,photo_standing,photo_hand,photo_legs,photo_bird,photo_butterfly,photo_girafe,photo_fish,photo_cherry,photo_tree,photo_flower,photo_carrot,photo_watch,photo_key,photo_truck,photo_velo,photo_road,photo_house,photo_mountain,photo_windmill,drawing_face,drawing_profil,drawing_eyes,drawing_face2,drawing_walking,drawing_standing,drawing_hand,drawing_legs,drawing_bird,drawing_butterfly,drawing_girafe,drawing_fish,drawing_cherry,drawing_tree,drawing_flower,drawing_carrot,drawing_watch,drawing_key,drawing_truck,drawing_velo,drawing_road,drawing_house,drawing_mountain,drawing_windmill,geo_face,geo_profil,geo_eyes,geo_face2,geo_walking,geo_standing,geo_hand,geo_legs,geo_bird,geo_butterfly,geo_girafe,geo_fish,geo_cherry,geo_tree,geo_flower,geo_carrot,geo_watch,geo_key,geo_truck,geo_velo,geo_road,geo_house,geo_mountain,geo_windmill,word_face,word_profil,word_eyes,word_face2,word_walking,word_standing,word_hand,word_legs,word_bird,word_butterfly,word_girafe,word_fish,word_cherry,word_tree,word_flower,word_carrot,word_watch,word_key,word_truck,word_velo,word_road,word_house,word_mountain,word_windmill
photo_face,0.0,28.632342030248367,29.072714924593402,29.13721662598351,26.3823291452729,26.452385534214166,25.850518565179378,25.155271931968986,29.30516273572683,35.56665920484034,35.924598324053804,28.554647116892543,29.388407186404194,29.104660118952506,26.405430455708995,25.725911417592812,34.594115668911996,26.541158721134995,31.09647684763408,30.233887229732215,32.10778416605831,31.674544814266614,33.33909137891111,32.55940477813897,28.87161394666978,31.412511091097283,29.32954112806061,31.036972286494144,30.12745241215976,28.997041131636315,29.156651094548643,29.72079107830946,28.54766259474863,32.20493630042503,29.06789023471792,29.611082672309244,32.28356776542043,28.568358439905555,29.309114938380773,26.849019938946988,27.83950545347162,28.796125204133595,30.972284060352063,33.32844134381713,26.885692442285652,33.06868990598204,28.291001907610035,32.74336731764543,31.01595322569665,26.46867931227077,29.378389015262442,27.409868682390186,30.414715007278875,28.38003831401544,30.081492655819634,27.041494251103153,26.775971232471395,32.1280476138679,28.255753134499617,29.339732524232105,29.923934148740006,27.779413040960126,28.048281996373593,26.736952465467777,27.213017643670263,27.945644980125003,29.049204282784014,29.989766569082676,27.515061237489235,29.69532715503465,28.523661289234255,32.24893166914472,26.583083869505653,26.8902583858252,26.653325943291108,28.580271737568303,29.354152706264095,29.20356805256347,26.816598381189998,29.555376674196673,28.96127489216262,29.034578531603668,28.240050632021756,29.48457495334503,29.488693640086485,27.43577688602547,26.875447126400537,29.114750579770764,28.629384442402735,26.00901914381405,29.241584400668252,26.520527420042576,27.31771013468257,29.12803283732541,30.709826240600776,27.53288304995437
photo_profil,28.632342030248367,0.0,31.037918892316718,30.510499234594334,29.05509482382477,29.28571335703522,28.904537039847195,28.756344059353903,31.5260790033761,36.89204415922609,37.7671691516351,31.26843526829326,31.373160510151756,31.68194154978923,29.35194195844559,29.289832510513104,37.05431987474068,28.915694396831576,33.19711722878117,32.637379505083395,33.71800364377957,32.4080321597211,34.70568324023718,33.84793630260879,31.826588858968528,31.042265827924993,31.582372260195953,32.80189914484337,32.74741932877096,31.47138325614563,31.781840308811212,31.417327900053913,31.43804836326133,33.6669570688085,31.269255783227468,32.193772265764224,33.66618152733234,31.88907855418706,31.427656483993417,29.920204449349875,30.789456657864775,31.01485920823682,32.899386104489686,35.07006902519521,29.650354539862587,34.60911105204895,30.86491624102938,34.63627878435189,32.601229012860095,29.56976500126237,31.502939349582384,29.811648508995436,32.85036604744817,30.986348096900528,32.423951328444865,29.95145791454989,29.73533651636158,33.62770941203253,30.26973041109042,31.726616651837034,31.839824507100456,30.28941668162512,31.072882958170403,29.48059157636101,29.959413997923292,30.41293474905346,31.333555737714686,32.56332271065284,30.02808852460424,31.657043982039927,30.868142431836475,34.10647440350356,29.77147848926111,30.07809460115183,29.576526713943952,30.957086981549605,31.57160715029929,31.50040741395917,29.80457003082186,31.784537860777498,31.12614791571946,31.653145234813756,30.62906912282522,31.636064336615817,31.781972279568325,30.122624775074396,29.547826605776866,31.50067845448994,31.18745948779794,29.78581437541752,31.492703266171144,29.624671047700794,29.875577351533856,31.503223360689415,33.23843430767586,29.88157252702604
photo_eyes,29.072714924593402,31.037918892316718,0.0,30.105942607836063,28.401686819567377,28.782633436373967,28.427392705987693,28.20496295796043,28.819895713400165,34.90987710096283,36.03875192324825,28.299457023878187,30.507555615877056,31.52725607871703,28.962693066082938,28.00798895792429,37.08303249243048,25.868136882988654,30.90460460081649,30.193338257743747,28.761725531792568,33.34980554979811,33.028949915267276,33.34841101852837,30.86624882683948,32.38117449467252,27.951399185055415,31.281196114974907,32.1717020772983,30.760758256895222,30.799573804289924,31.611409843936112,28.6554952539727,32.01172944205163,31.08006935446589,29.55453481991418,32.04083357219114,30.74750892140503,30.68968701637597,29.08538012721878,29.647878943854646,27.937141299233204,30.686748480312907,32.27225874725465,26.994458143486792,31.586164361253395,28.60213441422157,34.12219756094275,31.91564388615784,28.306119138656264,27.32305526970293,29.278889600949036,32.15380744636072,30.159156293554442,31.783148558668735,28.703810510807404,28.5812418361211,32.32092167170913,29.24132405715285,29.090824721193798,31.41368549495311,29.33436907708053,30.19605211979404,28.558940133815433,28.855500869538965,27.29294731598147,29.059925996113527,29.591066742127175,29.48327644498995,31.24058019168167,29.23017784873197,33.69437946726365,27.009218759720614,27.099390483918643,27.260259838295084,28.082259259501193,28.47859980665021,28.06720873870939,27.31661660075783,28.39959391930823,28.23053042372248,28.232827540345074,27.575689151614313,28.314280319300867,28.163588141085555,27.33370373674363,26.946830005427103,28.208938912742884,28.20646318139204,27.26771930492058,28.01161763759175,27.07379133380397,27.080396036335138,28.372987433137908,29.97755961700621,27.406980567573953
photo_face2,29.13721662598351,30.510499234594334,30.105942607836063,0.0,28.914486195337243,29.028816036891573,27.89642400152906,28.563783083436512,29.59879078384942,36.01967387295255,36.47898315589881,30.107645572368995,31.05362675363969,31.126796797396178,29.270775440557745,28.579817914821117,37.40364949038997,28.081121504697446,32.467031874277474,31.91908356567946,32.64602695098656,32.82736485571179,34.62968203148669,33.960531973235135,31.51014005216733,33.17856056264546,30.841488966031374,30.343528566748354,32.61884563091002,31.16972906181578,31.391426275387143,31.9201702849262,30.288300964581147,32.768218539036255,31.53610189539073,31.63005214804978,33.47919813561609,31.25147751130877,31.280810098521624,29.942570329932582,30.502110357865078,30.46167571411266,32.5898909535844,34.46339887871628,28.72154899402266,34.08127716670581,30.150892331687565,34.404849755031435,32.490427201431885,29.033543022946763,31.122677877709325,29.524643471276093,32.35093217871322,30.699005956991016,31.99797143811573,29.71764134892437,29.49555744328935,32.62380789509972,30.14966108791115,30.694928999924176,31.96858765157656,30.002973567979115,30.46774834043107,29.382139073625883,29.707145660536327,29.594802887716114,30.464518464817054,31.39595997926932,29.916444090075128,31.663693662222652,30.217456153101715,33.8618504395404,29.119203397975898,29.131650744136603,29.051888099420673,30.235892750175612,31.155647254436825,30.900620290618246,29.325373162302213,31.42563928672957,30.698198267016227,30.978671821230215,30.330359838398156,31.251469812460957,31.33732020934626,29.770721633833944,28.947377282148928,31.002084237394627,30.578418798224284,28.970995129116414,30.9759386625931,29.136144802571867,29.518407408286116,30.89223740722146,32.56184404391631,29.635277152417366
photo_walking,26.3823291452729,29.05509482382477,28.401686819567377,28.914486195337243,0.0,23.2361144354128,24.99774740825974,23.085655616179192,27.371570555376152,33.33501343724096,34.74104718274734,26.738509451249495,27.23538982207787,28.325917337085958,23.31802718551869,23.39752500980388,33.32770668221974,23.367499086422555,28.96089604020319,28.013940825495567,30.381924238783103,31.676142145437797,30.751627525812978,31.205751707396054,26.552330560873035,29.456717382645053,26.24265371730482,28.389160549522376,26.528690388341836,26.5198912686496,26.441501260211353,27.217581378205132,25.674804098917345,29.043796471556824,25.74611426602436,26.668826750903115,29.702202816208846,26.393288659899472,26.590124102181328,24.061317590549063,24.689914398171073,25.736528662821552,28.32844989374344,31.194069275012954,23.524443999338143,30.54600354776369,24.69829200210081,30.455261158500868,28.325596081641947,22.80376523173026,26.353035139030766,24.218675662184875,27.339790435656237,25.349986037931785,27.708297954271977,23.588677180505954,23.7163965972494,29.186200934836318,24.309435666353778,25.867646839004326,26.822270709409718,23.928120489552217,25.499187502839884,23.450249998062155,23.687411509104265,24.446017152209496,25.885257638751586,27.240859429433495,24.866921504098208,27.61832518475216,25.332856590446756,29.790758881678887,23.50565633706841,23.683046542629032,23.819882776603794,25.578465966214033,26.36523030123723,26.16906663047062,23.83990918865468,26.608494132025708,26.16711864791776,26.123930604992395,25.29026014825488,26.668708567124387,26.580813304498772,24.411269313171616,23.722773597505007,26.272184850122457,25.807529543620852,23.366928990705894,26.13816910055884,23.52662500264285,24.10998521909416,26.38192803793123,28.073217543349358,24.445157605776068
photo_standing,26.452385534214166,29.28571335703522,28.782633436373967,29.028816036891573,23.2361144354128,0.0,25.058403029319475,22.45016144953365,27.729086688519097,33.86577064456876,33.84078342837159,27.400250585773545,28.100319354871203,28.539702128383357,22.52523598215263,22.471590766558514,32.380278923996144,23.37863615981084,29.133527861806346,28.53969166146707,30.782146607996637,31.747646077689538,31.36723486731592,30.849190752290955,27.069562899087664,29.48366924187555,26.426813321450425,28.368504743496562,27.924208085996973,25.074118846771455,26.20600303132483,26.72939718326115,25.946150362600857,27.9493361489385,25.621935451154485,27.30159854332553,29.661849188879362,26.958207408953914,26.027081225760806,23.039012138494986,24.990504903788022,25.806002558837335,28.64141984364979,31.928148899695177,23.643394517317528,30.740321691197103,25.33221764477028,29.870934365700666,27.807439195562633,21.834553149173136,26.56490034742867,23.33887814619023,27.4244678327053,24.75101984498804,26.885358209416495,23.734428488375915,23.21324642750064,28.725470706176267,23.539065507751864,26.435297754143487,26.700391768388762,24.133152664174744,24.819752162981906,22.176457008698247,22.675946303509342,24.34135115366787,26.14446343427628,27.675451989969982,24.467156182638245,27.152506407397926,24.838300286910165,29.200269649359022,23.6686789397058,24.18775115417061,23.893418283323136,25.796010554049932,26.544515739569633,26.47618852279741,23.99890453908655,26.747359019855914,26.287604920909327,26.175353374368974,25.589529482554582,26.6256252965484,26.768975846711225,24.737221084068665,23.752728836324312,26.5357645454294,26.167663243608676,23.577306872181573,26.525535037983886,23.55801446663912,24.332533672371206,26.487684034522594,28.127852132999102,24.665661054170325
photo_hand,25.850518565179378,28.904537039847195,28.427392705987693,27.89642400152906,24.99774740825974,25.058403029319475,0.0,23.992396971736618,28.813728890748937,34.682850647594385,35.28595263727762,27.48677748848243,28.038349685126285,28.42708863499634,25.23746935737132,24.015314575259588,34.206454124277315,25.197330575091083,30.756764334146354,29.09580317384107,31.367408312343958,31.04261131549403,32.635143795991134,31.882920656395875,28.62161681228571,30.5096484928071,27.687277376767188,29.58022794932697,29.147004530325233,27.6511650062137,27.199184519525488,28.41643374032008,27.81016759255023,30.696515241877954,27.779676261549096,28.482754388758863,31.104342017248257,28.141914966282194,27.960501082985495,25.54001392766717,26.49418289900527,27.51287833147669,29.773242879173797,32.26236311893844,25.488786979790152,31.92629510128324,27.043025403599646,31.644057672623187,29.9222297239193,25.072385841884152,27.684432272186996,26.054819411448257,29.37150577432985,27.29298268049756,27.775309766404927,25.215942757872906,25.402167049572448,30.56203712441301,26.3969533347306,27.915605595985518,28.480062395001294,26.418813684232752,27.222113490640965,25.03465826959986,25.48673752719828,26.535604899827337,27.934462291242653,28.852270400324556,26.24675712487475,28.556449930808565,27.147706496494205,30.900815039289302,25.655886045516443,25.43789993200345,25.601447348638885,27.334275824519246,27.901506610872786,27.77070017288361,25.648172671851537,28.242187854067,27.841990724576966,27.58212087877687,26.94768193674073,28.024840146054373,28.07408069870731,26.238214120062747,25.442482570859053,27.695444588781356,27.49619032236898,25.307870587274852,27.728504023196034,25.44017407484154,25.809231181639618,27.906880797032663,29.419347654077388,26.09534701627994
photo_legs,25.155271931968986,28.756344059353903,28.20496295796043,28.563783083436512,23.085655616179192,22.45016144953365,23.992396971736618,0.0,27.660987197042033,33.576806633462716,34.72599995663147,26.47624288168551,26.966979560579897,28.266563577367606,22.729602173746347,22.07115112588551,32.85274266413857,23.44845409024479,29.418623084277172,28.233499359945167,30.946380644404247,31.330011070979143,31.77181298911472,31.21861516597131,26.471530059067927,29.393821261839214,26.15388381078216,28.736521756209438,27.3185882423886,26.042363572808437,26.15708971643505,26.82205911419423,26.042534253580722,28.968381778999618,26.583125715534745,27.141865865749484,29.86910088259114,26.68317070642833,26.75207032428966,23.50865338774725,24.509760034815585,25.758269978317394,28.709503181756013,31.767803391884733,23.588226815668,30.817994458883387,25.338524787281948,30.510728360564183,27.94063601663778,22.142323849897085,26.308397981332252,23.66969499761645,27.592528424238925,24.73912094386586,27.25533102534924,22.961869888729023,22.657799041836352,28.985046500021678,24.278048347809914,26.096197461268307,26.56463270953219,24.13478956060778,25.08490215796754,22.711123288511228,23.476094941902083,24.384573984246348,26.138828399095924,27.662170862221082,24.433193770245538,26.715231086110897,25.157515699819847,29.753740468146532,23.752144564931,23.816678098495313,23.770923922403586,25.809517729697973,26.393819997119095,26.251049758850634,23.98125682132136,26.596569234156163,26.23653505539988,26.038468317790347,25.390432304880314,26.68299166778682,26.550524169038408,24.610759856051487,23.680330007589106,26.2696695441271,25.940158926652447,23.309655931404716,26.272765005670195,23.672235516939658,24.109202617169245,26.444856746568863,28.090436674168377,24.36347336432645
photo_bird,29.30516273572683,31.5260790033761,28.819895713400165,29.59879078384942,27.371570555376152,27.729086688519097,28.813728890748937,27.660987197042033,0.0,34.20248038699711,34.18119233415961,27.04565133751776,30.243524483033646,30.752482884221187,27.768257561519956,26.846136957999164,35.448375847268025,24.14071177174774,30.502252001851243,29.57359273370902,30.985082339197376,33.63804056717464,32.90544471666361,33.848576058741024,28.917710941796937,31.288416424777772,27.69842452359027,29.945355248042016,30.640996689172724,29.283872897038435,29.382299853572867,30.493479959584473,26.57422273558914,31.494828935324545,29.35213118782816,28.567512380372513,32.33545918632226,29.47204748141732,29.107474283324734,27.819546679109656,28.052164213427996,26.42183394833093,29.926054645765987,32.18308235729038,25.520322024494504,31.816957560654984,27.11141429993009,32.941189210756065,30.96952724898161,27.015603859543138,27.561282527837452,27.51631686958582,30.77480175921672,28.932044628186627,30.233520204565306,27.267797033162296,26.465867978116094,31.598279514098557,27.61736067332534,28.184679180953342,30.184081086775528,27.940384172859105,28.494548785573198,27.08872567475689,26.756585143486028,25.345791712346806,28.21191300481215,29.112097886708646,28.292596305272866,29.909244499008395,27.984925458307973,32.32249086535049,25.313255648695087,25.76115777580686,25.62021596041695,26.661642350551645,27.85947035190624,27.427938287086953,25.89629145040338,27.83247568679606,27.23190430981875,27.585784358722226,26.479148458750654,27.689238008182386,27.512612802285485,26.02687312257002,25.44351071349457,27.49726248510093,27.199618006887835,25.383007827805258,27.494260674664943,25.553492790003016,25.800912829488787,27.290146793646755,29.174811301892586,26.270492351738707
photo_butterfly,35.56665920484034,36.89204415922609,34.90987710096283,36.01967387295255,33.33501343724096,33.86577064456876,34.682850647594385,33.576806633462716,34.20248038699711,0.0,40.725170962401236,35.03137758507318,35.5521155567168,36.377026391684396,34.33244215072115,33.97647281449942,41.16386331300495,32.36104946673956,36.10067208311682,35.11919132126756,35.80390430034209,38.55943664816089,37.70733606649487,37.63298137197877,35.155271277173846,36.16505125888027,33.97425100529734,34.21926512161963,35.188571851802216,35.20410116473923,35.43307026844585,35.76872955602883,33.418315573587456,36.144416572459335,35.52259246970737,35.12648210649051,36.96591819550747,35.27483215600289,35.127837221396355,34.19204491451511,34.36395015419601,33.59667469580922,35.41744722208641,37.266846137231795,32.43282396604806,36.54014835223322,33.71809295991506,36.16664190658356,36.12172258842279,33.3950151562121,34.17729489726194,33.75510835061174,35.445278869482465,33.87144821521474,35.681489608776396,33.83490659249925,33.58739724269002,36.22375656579838,33.80153909780356,34.55061125497949,36.03601096954791,33.80491905785683,34.88213070385419,33.48336707196184,33.993211358395314,33.097375448619545,34.22668664058844,35.06521351094479,34.31884807585683,35.905967070636414,33.56903294201466,36.459788133038494,32.82806268233134,32.86032825485495,32.96609684437274,33.81524632674683,34.43300874390977,34.46136636241554,33.15798798732735,34.38203383839193,34.02406279726928,34.33542401846577,33.51663781766884,34.54613409569202,34.27597377180343,33.21765346954839,32.77734801058978,34.2373608423402,34.034514621310024,32.67922331436085,34.23700481353375,33.05759915024136,32.84394679452728,34.204363577993895,35.871850374545495,33.24618184177032
photo_girafe,35.924598324053804,37.7671691516351,36.03875192324825,36.47898315589881,34.74104718274734,33.84078342837159,35.28595263727762,34.72599995663147,34.18119233415961,40.725170962401236,0.0,35.1185259337325,37.13108223167963,37.05301635168608,34.21929136086351,34.18263531623182,40.98916087129769,32.77685137763719,36.82916109526044,36.7106601408571,37.641212733203915,38.93708080863658,39.1434565972486,38.97811331893313,36.229117698054196,37.71355421817604,35.18746833735498,36.81563016589425,37.158915074191334,36.31050549708544,35.579637508341726,36.813421319823085,35.46735933129069,37.107757148359084,35.82870116810042,36.09289523831163,37.99841554777443,36.19247806974557,35.923307035714,34.731251988904766,34.924935831781646,34.48268366177105,35.84927812944314,38.44630573305162,33.81117170077427,38.32083021705695,34.795967118833325,38.051471859183025,36.798244274225624,34.25991469515019,34.95165183606072,34.26354305989229,36.87418935177219,35.016319185959354,36.4213694382219,34.15859406254955,34.46121701875974,37.8975325758771,34.66567902347036,35.41456635731723,36.47343310063014,35.08786105585035,34.63517011002027,34.341096025591646,34.539405725420814,33.93488460449063,34.732793164795915,35.70947855351398,35.115751963369654,36.55972099064415,34.38571503729029,37.31896351049853,34.21720669262003,33.869694579961276,33.82478127679008,34.89291526929888,35.50402600229675,35.23564762975676,34.10999022556237,35.715126314609044,35.10552693852242,34.86791114161291,34.84423062227439,35.53297556626994,35.4196859908008,34.173687125083106,33.76614072226853,35.23554812581247,34.9675767408277,33.79104461135085,35.25792599664456,34.15431836051254,34.04390310314574,35.160690673035965,36.626405683180344,34.2353596845087
photo_fish,28.554647116892543,31.26843526829326,28.299457023878187,30.107645572368995,26.738509451249495,27.400250585773545,27.48677748848243,26.47624288168551,27.04565133751776,35.03137758507318,35.1185259337325,0.0,29.762374241527812,30.232533920375342,27.384982394479284,25.62664359398849,35.2563750642031,23.924300139037655,30.04631763690025,28.777901742767583,30.355722110252838,33.32903610252904,32.348768104260735,33.69261819607734,29.51393286722211,31.339156422490124,26.333102375861344,30.506072285118538,30.83760362922065,29.427581316298426,29.541078468443665,30.358404594343536,27.54505789769235,31.295765626021957,29.259540459177117,27.22630773266955,31.667221135351642,29.446252045984945,29.23671128287942,27.40607991954264,27.44458645560164,26.254188784422425,29.117344417008926,32.00428257462622,25.112760142199335,31.65819903321967,26.713569989010175,33.20364009538813,30.999945824301747,26.296102577880347,26.466568122323395,27.455382133877873,31.220073584903947,28.720896725703245,30.37508695114868,26.98456886940923,26.45018976891019,31.28449565469543,27.31934754493501,26.682302274751297,29.907783182802625,27.307474807360926,28.508790645502717,26.721354811283266,26.642986717094722,25.309601344356373,27.790878061293338,28.82577713387171,27.8366356018686,29.774137604720675,27.68750456687006,32.58134086022314,25.042077806882542,25.43039453248393,25.160901479935415,26.2180996504197,26.937929699519138,26.757439446986616,25.21700976161449,26.86336426536415,26.177254940205664,26.99972910770799,26.027145792884866,27.108328278978377,26.814537641463847,25.534611252237656,25.02176736416038,26.50688577007149,26.422440548312302,25.015702249734392,26.80595816442626,25.06446964733217,25.427194739284932,26.702197937237766,28.49434784153778,25.530031522884414
photo_cherry,29.388407186404194,31.373160510151756,30.507555615877056,31.05362675363969,27.23538982207787,28.100319354871203,28.038349685126285,26.966979560579897,30.243524483033646,35.5521155567168,37.13108223167963,29.762374241527812,0.0,30.828606161232013,28.02506968486149,27.422024181483145,36.362281967583506,27.133700736432807,31.60451864759777,30.916881844577762,33.63278228434199,33.50248916473025,33.237405777683634,33.455103201795716,30.73708171979681,32.50232730657746,29.53585746405078,32.129873556314514,30.735335581751997,30.401474481478445,30.378640439027183,30.560561483961774,29.415852974666848,32.38532994170361,30.107421990083054,30.453834848168746,32.92095263813383,30.388692500909745,31.06621889321148,28.132830456921695,29.12271958300141,29.350172316730287,30.703556492496272,33.81964839129766,27.95181734011605,33.26032907975167,28.834381512399037,33.701603912657625,31.827059752965553,27.984705460033894,29.803749987398398,28.64159469825231,31.25992422544045,29.48231845959129,31.403645858498905,27.933140602777723,28.0590521702827,32.052902775362824,28.272463116237727,29.950138420459524,30.466759180568612,28.582182383680667,29.885603802278922,27.69594272637169,28.256846000145497,28.550179384821124,29.59486576468416,30.95581105367685,28.243016927644383,30.662720612087618,29.458512286698397,33.351740446395965,27.889117200224316,27.672427248286116,27.574695658940268,29.145020787707786,29.70208744252042,29.423422942037647,27.856157112460004,29.841130505561054,29.397072940206446,29.660662679740092,28.897734435453632,29.838677219493476,29.842778568528015,28.070741183849055,27.412487676754964,29.44809803326568,29.13029776766741,27.436920442479554,29.47291772834341,27.7861733578516,27.737876583181144,29.5393237905419,31.503913987764157,28.083006382266746
photo_tree,29.104660118952506,31.68194154978923,31.52725607871703,31.126796797396178,28.325917337085958,28.539702128383357,28.42708863499634,28.266563577367606,30.752482884221187,36.377026391684396,37.05301635168608,30.232533920375342,30.828606161232013,0.0,28.65664962556374,27.63498304152101,34.71460568270458,28.42028028031683,33.02881349904752,32.00709672266636,33.30412683235194,32.52358724398722,32.81829636608017,33.021984815073935,30.94896392378077,33.0274629613805,30.737839103149188,32.0010632735714,30.985816478495053,30.169526508675983,30.96564757397,30.961382127670326,29.81465489294849,32.820712720861906,30.21846289282471,30.74516207269247,33.27951110651796,28.78096150253424,31.004671941701275,28.45814234157423,29.151609061188122,30.284249469652174,32.100500777284225,33.99534139138856,28.671699944594124,33.81093800050726,29.244515278389837,33.39024134259194,32.768495918941504,28.197961948484565,30.978990842241384,29.724579461654475,31.427719809318862,29.98245379217725,31.363420402559754,28.695409173246652,28.46227377169651,32.57859867631498,29.256256602744873,30.842870197951576,30.855921282830504,28.62879309079609,29.797430306012412,28.410486208490685,28.297633132002858,29.3919124781862,30.716848987814945,31.80898340647743,29.615116014776596,31.404319906680943,30.430472205033674,33.289254071837235,28.37896131716034,28.6673718932458,28.531045077480712,30.14552946705093,30.746667433463465,30.7789188327374,28.653640385863028,31.15684889119658,30.43718779645852,30.45830374137563,29.808872026095905,30.665253250187252,30.887159988312906,29.147491346862697,28.327052707673765,30.80302519838572,30.63509764569927,28.17128773361616,30.8211272386258,28.43323592151053,28.83897727072385,30.688704343000744,32.23048249168549,29.284844712867304
photo_flower,26.405430455708995,29.35194195844559,28.962693066082938,29.270775440557745,23.31802718551869,22.52523598215263,25.23746935737132,22.729602173746347,27.768257561519956,34.33244215072115,34.21929136086351,27.384982394479284,28.02506968486149,28.65664962556374,0.0,21.47310764421077,31.964422723166543,23.657199201103165,29.34153127894661,29.03066682868425,31.10304727913042,31.979354496317285,31.94355432004297,31.8969490057119,27.112604596125884,29.5970654636581,26.33898448916941,28.876941197340795,27.72701743619332,25.663356018439245,25.912364213861654,27.130837914745513,26.181219223836166,28.43060160818489,25.82386767780794,27.17286744042523,30.002621992038126,26.431404438570883,26.106924491469858,22.57954094668758,24.999637889014146,25.83141331906237,28.69572868872265,32.18565095293987,23.50628514778256,31.05631247529652,25.36160223742972,31.01347547097422,27.80749133496642,22.321824864002622,26.594992953920695,23.644184852250145,27.807243856701525,25.070859674671993,27.262288832677132,23.984524922872748,23.04733243390994,28.538439049204086,23.896573300657618,26.314429505699618,26.82907007929198,23.682411542822088,23.99159249350127,22.090159877944277,22.58345216919143,24.42205374372067,25.998996662228166,27.823941684695022,24.040428920097774,27.18539153551445,25.19118398696646,29.859859377465025,23.999131663043766,24.026576109643973,24.030684393646077,25.905084911617926,26.627317942505204,26.311608952927138,24.379492868400384,26.954100357600925,26.397684505547563,26.49207005795059,25.71997111520171,26.897746611152908,26.738108313640687,24.526994513176728,24.082083217133924,26.58178194124351,26.06126044213631,23.582609715927635,26.401427055005104,24.02011663299562,24.443489401646822,26.518725020949834,28.22498665026138,24.790390945682407
photo_carrot,25.725911417592812,29.289832510513104,28.00798895792429,28.579817914821117,23.39752500980388,22.471590766558514,24.015314575259588,22.07115112588551,26.846136957999164,33.97647281449942,34.18263531623182,25.62664359398849,27.422024181483145,27.63498304152101,21.47310764421077,0.0,31.203291585263422,22.975499487609337,28.914384560692046,28.1450867136049,30.78930791800917,31.37923305762735,31.23856219052778,31.873811725167776,26.763744652235893,29.57934955655114,26.00600473353769,28.671508762649818,27.660795515544763,24.991981869251806,25.86230264259989,27.073198092021038,25.66501658668292,28.716034218194412,25.509830428530027,26.91182114785986,29.968625228109524,26.370666298544474,26.10585654312138,20.497891185215867,24.851952603000935,25.30939185933467,28.2310568515234,31.69962914904189,23.09973160430518,30.702485807187674,24.932410431594256,31.072066760442084,28.24081056135849,21.92948778131385,26.110949995323832,23.885462693615047,27.55895711441646,24.400574394434532,27.21088455017841,23.681409194930062,22.702545783793816,28.928894777241776,23.557021665453682,26.02279768856495,26.570403325305417,23.45170306542886,24.40714074102473,20.800245227580888,22.12992583837849,23.868855353635624,25.760084914254,27.556085211471345,24.262403939372412,26.71149710594001,25.291909380379597,30.08659411763957,23.036041004180895,23.658719188154844,23.560738578896615,25.44495746138786,26.268401299564594,26.009651521486624,23.572317375792277,26.325859537447982,26.039256598269652,26.020587241279163,25.260250305965428,26.259388444567602,26.31150188587252,24.277979529583007,23.211958653303622,26.19020660719246,25.704776846754488,23.253298232791327,26.000553104068505,23.03352423063218,23.98556670572187,26.206224620640818,27.816978609359897,24.315753165350483
photo_watch,34.594115668911996,37.05431987474068,37.08303249243048,37.40364949038997,33.32770668221974,32.380278923996144,34.206454124277315,32.85274266413857,35.448375847268025,41.16386331300495,40.98916087129769,35.2563750642031,36.362281967583506,34.71460568270458,31.964422723166543,31.203291585263422,0.0,33.08539288556766,37.144596240099524,36.705558604279,38.4821429639474,38.580777752522785,37.669846001639115,38.87902805207546,34.65605150461769,37.34475693512109,35.34176321350294,36.61404711849277,35.309844028002374,32.96270867899816,34.727444828297095,35.08572627890437,34.22503100151625,36.91442177056865,34.26688907268782,35.05708463285795,37.358529814644506,33.56669822496593,34.26116978398948,31.36281133578871,32.538036812480854,34.25963802956047,36.455982722840396,39.02971022614761,32.98819434119641,37.89284603325161,33.57546282240688,37.66599427856413,36.76941349196199,31.536449104279757,35.138850845809884,33.512613843129564,35.628211606756466,33.60902700812753,35.18869986745841,32.68654983742511,32.43700417470151,36.3715145508313,33.14593528646495,34.91368630460482,34.836420767989296,32.3264171547223,32.4785954194972,31.623548065797703,31.11264691965635,33.387295840528175,35.06340884936628,35.9281785571198,33.99584965830957,34.654654062187184,34.43585832130011,36.891471321935825,32.576742473040824,32.864738248175875,32.66276439162269,34.15298767034377,34.942364493273296,34.65302557158932,32.81565604684999,35.04828619724753,34.48361025630119,34.63641775027151,33.94057991570027,34.80521467014229,34.891934880573686,33.32820695158314,32.88444001589653,34.84843956838047,34.281752972033104,32.42213353027039,34.876926004194814,32.626104631420326,33.09638935850563,34.55270189751063,36.069845716818186,33.31810137611749
photo_key,26.541158721134995,28.915694396831576,25.868136882988654,28.081121504697446,23.367499086422555,23.37863615981084,25.197330575091083,23.44845409024479,24.14071177174774,32.36104946673956,32.77685137763719,23.924300139037655,27.133700736432807,28.42028028031683,23.657199201103165,22.975499487609337,33.08539288556766,0.0,26.438555009604958,25.837377978907703,28.371166923058126,30.892923165369318,30.246458707446916,30.826791052249263,26.152846562604683,27.898203063741757,22.087615535181822,27.08582680277811,27.502752442271998,25.750164867664328,25.427775551029843,26.526414388454768,23.242259053088535,27.829288373853633,25.678277211296443,24.431473250767645,28.388000730846734,26.24671254562916,25.46116416470536,23.222012870081358,24.17062475432007,19.496727885804813,25.851103624055966,29.068972741879076,20.743715596215225,27.63869156706555,22.388049470986818,30.11166035569103,26.708031965253266,21.77097981403255,22.504168216901945,23.033225369958927,27.672759932608784,24.814910393027482,26.306437108608808,22.460223470636034,21.75215382684124,27.960922198252693,23.055024169953285,23.08052876173411,26.101984817702025,23.7012991374219,24.76982447424804,22.26854576093892,22.384896601708196,18.865446351996063,22.97146028350657,24.939324853825465,23.368689099000566,25.566617383781264,23.810900725547622,29.00342372881351,20.75617810368079,20.558417163552928,20.410192473619002,22.038973311751494,22.42572822614906,21.822387011979142,20.707377950209313,22.570486860161456,21.96083793765587,22.64601736027647,21.84584547077297,22.545868957204757,21.952791484705934,20.72122673417927,20.295309572054986,21.811668486637743,21.873369750975517,20.648491027145738,21.917592765478197,20.766443790163283,20.554246909794326,22.246769202037754,24.5745727005102,20.996640186899775
photo_truck,31.09647684763408,33.19711722878117,30.90460460081649,32.467031874277474,28.96089604020319,29.133527861806346,30.756764334146354,29.418623084277172,30.502252001851243,36.10067208311682,36.82916109526044,30.04631763690025,31.60451864759777,33.02881349904752,29.34153127894661,28.914384560692046,37.144596240099524,26.438555009604958,0.0,30.59614983938925,32.38922703365961,34.08433791502013,33.81635847015513,35.14789706902033,30.608070682959223,32.101695588420476,27.93256350053617,30.777632980865043,32.18564829855756,30.691096678924364,30.350633682313745,31.150237997712527,29.10413164169148,32.11804497619741,30.596605277163984,29.098651894433065,32.91129516657869,30.773340242650388,30.64934601818369,28.861657859109773,29.41067960509517,27.710635941787732,27.389898754957095,31.749821289112898,26.956341915712663,31.695524280216436,27.12678362355708,33.8108301706704,31.082474519739044,27.683333747585824,28.42050682469562,28.21182829225889,31.759506706093244,29.714453688479825,31.62250464787557,28.28103954744754,28.152076329320497,32.4919468058614,28.084916924902103,27.886503440571783,30.581797486646398,28.6189073778248,29.98502113061696,28.19845473801701,28.379088567562547,27.34214030416886,25.161653435615467,28.8792868635717,28.74894820820317,30.43911149351423,28.840817296162005,32.95114418754192,27.664080097955292,27.452634789795948,27.515297844747465,29.004150198180348,28.701035400025045,28.41062776895255,27.36507568462311,28.909608475809485,28.494810605549564,29.223577896472232,28.60489617179888,28.752232389406732,28.660779861680155,27.906164944148077,27.231804362623645,28.572325726029632,28.485035786491128,27.421733225934304,28.27289980181199,27.72090952512032,27.747992483617413,28.871456571205467,30.371033156844806,27.712327718183516
photo_velo,30.233887229732215,32.637379505083395,30.193338257743747,31.91908356567946,28.013940825495567,28.53969166146707,29.09580317384107,28.233499359945167,29.57359273370902,35.11919132126756,36.7106601408571,28.777901742767583,30.916881844577762,32.00709672266636,29.03066682868425,28.1450867136049,36.705558604279,25.837377978907703,30.59614983938925,0.0,32.35298683590964,34.147833585222315,32.895264174089824,33.65070676668549,29.23066029895351,32.02242288676764,28.239673214979252,30.758400141900538,30.77372692672898,30.51784875005857,30.464798485323893,31.005039096439113,28.436011758925847,32.211647402725745,30.19437186952223,28.83010242943044,32.59687344782813,30.211165421758356,30.419068055210296,28.54318430005653,28.91287122634787,28.095509930372856,29.60529022222083,29.396720446934314,26.82662355267143,32.025919472698526,27.5311213304295,33.06779212472799,31.193483660405782,27.675326050231295,28.15072592109009,28.4931228169555,30.90187142999132,28.987862123385273,30.921621080706565,28.12872972142228,27.95836040747504,32.5254665724762,28.69663716448145,28.453277520095615,30.920878895756218,28.733743855469683,29.65809928128759,27.840849080487946,28.107037623259863,27.329272587471543,28.138767938548423,26.898968439410403,28.52196769012145,30.48124919423556,28.834390540565728,32.81024820772946,26.74213030745234,26.599435278451246,26.67630346636437,27.97798040146399,28.52567253689359,28.508819816075167,26.786635885325087,28.715413332348867,27.966408552888268,28.672583025204112,27.49355384889136,28.759107420906812,28.642053264893455,27.134873687811297,26.728407530158446,27.951286767998727,27.89393272447892,26.650634406019474,28.26640188943819,26.78694211499685,26.81575447548809,28.111446257935086,29.996945803938356,27.03808567892837
photo_road,32.10778416605831,33.71800364377957,28.761725531792568,32.64602695098656,30.381924238783103,30.782146607996637,31.367408312343958,30.946380644404247,30.985082339197376,35.80390430034209,37.641212733203915,30.355722110252838,33.63278228434199,33.30412683235194,31.10304727913042,30.78930791800917,38.4821429639474,28.371166923058126,32.38922703365961,32.35298683590964,0.0,35.45168149479665,34.3150714757964,34.745861114029424,32.6318048281411,34.56088874243987,30.031094633269518,33.07128519756444,33.79391941061751,32.540557349314604,33.06646092007285,33.70303455116442,30.91262527380901,33.74068046149549,32.71729109318838,31.238255961183864,34.08089475822723,32.36972349522582,32.05669709804207,31.52255418955235,31.705036552802092,30.168440099457143,32.31391041269385,33.91203427857331,27.879049972361322,33.91196796007322,30.379708848207184,35.41323945616378,33.89818134168668,30.571829185367374,30.744365248275727,31.379113995785904,33.95943768844778,32.34275684450332,33.793877827346385,31.183179597373222,30.724472288701342,34.230187591610026,31.42803179077576,30.891986785939494,33.275780136254795,31.28813336462125,31.978341340312333,30.915691081620444,30.854712487244836,29.825377435064055,30.90523169162216,31.574787135699523,31.62226682673333,33.07391213787139,31.0796577286814,35.16125224179218,30.0136944077213,29.933883370378112,30.092482134172226,30.743193306646333,31.164964771126368,30.919969909945365,30.448846745705897,31.110585980398767,31.277505145741088,30.7022703502583,30.720399157293613,31.179518308743503,30.919501459648995,30.415504577776765,29.916018614308367,30.97662689388435,30.893367358277757,29.94872659165885,30.880949405757704,30.232710679910184,30.244627024942396,31.318618974626457,32.64913760993894,30.56895920278592
