,photo_face,photo_profil,photo_eyes,photo_face2,photo_walking,photo_standing,photo_hand,photo_legs,photo_bird,photo_butterfly,photo_girafe,photo_fish,photo_cherry,photo_tree,photo_flower,photo_carrot,photo_watch,photo_key,photo_truck,photo_velo,photo_road,photo_house,photo_mountain,photo_windmill,drawing_face,drawing_profil,drawing_eyes,drawing_face2,drawing_walking,drawing_standing,drawing_hand,drawing_legs,drawing_bird,drawing_butterfly,drawing_girafe,drawing_fish,drawing_cherry,drawing_tree,drawing_flower,drawing_carrot,drawing_watch,drawing_key,drawing_truck,drawing_velo,drawing_road,drawing_house,drawing_mountain,drawing_windmill,geo_face,geo_profil,geo_eyes,geo_face2,geo_walking,geo_standing,geo_hand,geo_legs,geo_bird,geo_butterfly,geo_girafe,geo_fish,geo_cherry,geo_tree,geo_flower,geo_carrot,geo_watch,geo_key,geo_truck,geo_velo,geo_road,geo_house,geo_mountain,geo_windmill,word_face,word_profil,word_eyes,word_face2,word_walking,word_standing,word_hand,word_legs,word_bird,word_butterfly,word_girafe,word_fish,word_cherry,word_tree,word_flower,word_carrot,word_watch,word_key,word_truck,word_velo,word_road,word_house,word_mountain,word_windmill
photo_face,0.0,816.6414676444084,935.2511247001743,726.2603185648132,588.166264070938,530.1956643313692,667.7804520651017,512.9182095838505,738.2718783972362,876.9805183158898,712.5128172127826,791.8249796777957,661.1432442082349,430.42709995761,612.0254245892922,555.5113970352148,609.5440162035192,786.8014799894906,930.4040521503885,710.7975961464643,889.4878160179231,773.1961091256693,579.8801194549133,713.1131804138207,569.1754411958668,764.2515959132487,873.8898947278791,687.1326326743635,646.3933901323738,572.8150237125332,700.7372144420373,569.2165118468166,785.9302007320323,920.4425957562586,637.9271651291183,771.3002843537425,744.465756385578,367.188707126704,492.75701910251775,634.7033930546548,507.6920887140719,799.8217140841496,898.5058602866438,774.4732885179648,843.5144942273691,853.1299946517663,765.1982209486522,666.2356802602071,884.5114638065676,540.8000944400278,791.576335645905,624.7533462866566,530.5363806940801,634.2918807564704,505.24471576071255,608.4000467591255,618.8974832322918,780.835636765188,686.4902782751623,941.0259115230189,712.1370114013556,528.5511459880979,473.08894730822647,679.9107513021048,600.2052746685308,809.0557409646282,959.023877365813,809.6680813438534,642.6881120816632,493.50567027983107,583.1302321142208,465.6444880925838,726.0981506660478,700.6665223462576,708.0183260111035,769.8080813515342,782.8126375048547,774.671695809047,661.1788359170745,784.8624041686446,777.9248162352477,774.6259012022296,772.7149176379417,780.4723234925835,777.3477224849288,703.3871996900951,700.2306740214148,780.5855064824291,777.7772508637412,624.4933236685258,775.9571501773828,651.8007007702207,762.0369037245808,775.7621207493905,785.5216202461947,766.4044919975206
photo_profil,816.6414676444084,0.0,934.6357482924137,804.1319764564059,819.526191683438,953.413948067226,571.6745353632065,869.3429139122006,1052.5659048667108,868.8145520269259,926.7300434636616,995.0637260344472,784.0099079995482,773.3395246360882,944.6481584026427,981.0113465778107,789.4641375438572,1082.2931409281039,1031.8195840116805,907.5128009675159,888.9294183412225,472.22563297118387,894.355292513625,798.7925362653276,925.0657136672679,760.0482148193146,1064.28912830999,897.0101273905436,846.3237605645259,915.3210763677351,911.6214792023655,706.884682906142,1097.2872512329118,988.6311438238823,961.8516151228555,1058.7931256092354,821.7723606622213,922.0157644739319,754.4121163576119,970.1026560304321,840.9624687486473,1085.1180428000441,995.4745086729577,989.6695714949952,1039.903366899517,912.5769537291526,1046.7176934455154,811.7001264984468,837.8912202384886,973.9811704871818,1068.9538379617998,942.2746825074321,823.7228696473668,977.3218077491531,810.1230453626855,779.2836648748416,967.3822208259479,896.0103982934902,989.5603016589171,1027.1437784638117,854.7699003736739,970.7330602907266,920.7101466729464,1009.1581580538299,994.7618877769057,1080.188423220758,1042.9401690265845,993.0802804983223,830.8607584352648,818.4475372757219,994.1918742085173,917.2056377454411,1015.2200969551193,984.0416021262402,999.3249722433217,1054.7069432370108,1059.4689754339724,1047.8453849316786,986.7817078055723,1058.8029441012109,1055.9037246989637,1050.8065603369648,1050.9410023876242,1057.4270659423285,1054.5567216309619,1039.726836439999,986.9091039937568,1057.6699535729645,1054.5838791265141,1004.3286619011384,1051.9358841922995,1006.702060028953,1039.7404224938123,1053.4579832036518,1059.2633188619156,1042.3346235797478
photo_eyes,935.2511247001743,934.6357482924137,0.0,608.8522828353509,1078.90100836941,1030.0321186904494,1022.620410528893,1036.0059112375084,827.7800967404162,651.0863456018045,975.3999088229807,933.275151983075,978.5879896710208,1013.1350941338409,1093.0891493078368,1056.3518843131822,889.0700767178952,860.8286875021388,831.0363390608621,787.3786732257843,472.8799549029033,879.5882014000226,890.341839272882,762.9239003974295,982.314834855116,921.7299441051019,894.064593980222,733.6547941598386,1162.6558368012368,990.1201886130613,1181.828400873791,1014.4552884647773,866.244354041496,764.139241713163,1123.9007939138726,916.8399958114406,758.2427366941804,996.0375405090125,936.0628223567396,1128.687492101302,1092.9802557090618,931.8602935673254,857.7966747778219,868.4693444281104,876.535744219829,744.0319711393298,900.2574173093897,908.2064818983873,841.7830823503774,1049.6057115957858,927.5539186823786,1105.2983131265544,996.6254297140184,1100.021532143009,1056.074140950555,1133.6162856024641,1107.8734818448834,694.3057078566086,1138.5584821720618,793.9940363817682,1110.1083356507263,1038.676217708614,1034.7040834665333,1143.1785945405873,1084.2430276648877,937.5569850050625,850.1052064573706,751.4435164018973,1173.9555949825096,1070.3415924766032,940.0067189276913,921.452712514163,910.2067363209886,936.7557335175317,922.8849458317829,897.5909421225398,914.070573810799,907.0445972175683,934.9598711291034,913.5207274922701,911.3798734163428,907.0871383252892,911.7988611071675,911.1373298212189,912.2843771549184,901.2258123116889,922.2943722916416,917.8379925240606,905.3411842765099,956.028081611474,914.1342025998135,943.3751351051151,907.0672816045759,901.5739043918019,913.5275651420114,910.7771395801238
photo_face2,726.2603185648132,804.1319764564059,608.8522828353509,0.0,907.8536473547131,857.324541866056,899.4840276957866,854.8068987135391,848.5423098090031,513.5003680957886,859.1586624170001,926.6343439320129,777.7310885790163,823.5901482181969,933.3071257117251,886.9832386055778,754.6209742892631,889.565421453095,883.2241144205155,700.515019516325,531.0155302817268,742.4101762898014,810.4327860003336,633.5037967991782,791.4007759383073,792.6560204113239,999.7608546429362,536.6215313859775,997.6004464415438,867.8819038481615,1011.9101726115686,813.9686864433846,893.9186773696256,782.46099505078,961.4314881264137,950.2334710441229,753.8716048057747,805.5427220798186,807.5263970390369,966.3749614158263,915.6327619567134,961.528843963817,855.0894509640976,786.8163666818709,974.2098791929739,756.7271092188345,927.8220328671413,774.8098926425756,838.0546833118364,879.4805516206393,964.8771681839088,942.7135451466012,806.8075381357652,932.9864555767412,877.6736373158823,966.6903975827836,943.4535998157278,605.945038652815,983.3244463900689,900.5270319426818,941.9700719404519,866.8625040341997,861.2556829452079,986.9286480576936,924.8526667366823,969.0989597657737,933.3069417192521,796.2966057966529,1008.665280810608,891.4053063229827,863.7956415594812,717.9862376456321,906.1203993369504,874.7885523201304,885.3654647286494,929.9729231513691,945.582583285119,938.5488793782661,875.9467278883124,944.2979825881929,944.3327042862012,938.3043834504218,941.9090193444182,942.6926439364227,943.353562851092,930.4947430827639,869.949958334935,948.9428716031979,935.9413589391759,900.1378276288253,942.7704789648526,899.4160571263375,933.0343942104134,933.2744272057853,944.6890234358976,937.0479145519118
photo_walking,588.166264070938,819.526191683438,1078.90100836941,907.8536473547131,0.0,662.7522394148514,648.4948790513206,581.1916116069991,870.6796254070091,1020.7393639011232,866.6192134091474,830.9199627183234,588.0039915835968,564.7905134267454,645.148053041671,701.82943933971,785.5407120534145,825.882912474866,1046.721517814844,857.7059996910876,1030.4256450862076,866.628706239084,779.2373152416661,881.5499923802269,757.7796695806469,842.858136031066,911.4910798327642,887.1643594869472,494.04926157966497,754.5244077485339,644.9669862842849,688.5949481203279,923.7315705713328,1060.1590978515999,522.3736015658196,836.2811103321425,924.6233328411081,617.9972648511576,737.6974135006068,675.771430151857,615.0905892684149,831.8154140461922,942.841319856812,914.0482567980257,906.2217475033247,1002.4668302568084,798.6647990873273,755.6457711971553,1020.8530724347919,701.486980953986,824.0072385777664,704.1607375330037,621.6211479555425,696.464386325323,608.7370910995822,581.445969922212,678.7634457482117,944.8828570785547,580.4801716833455,1050.733525675172,764.6204371571276,710.0238354964474,691.8945762337198,728.9787468992349,727.4673323811312,837.906864058844,1063.8870753164804,942.6973022225296,607.6016859073629,617.4049287375227,769.7978317160763,661.4708157728782,752.3389662313544,725.2893157621633,737.8819771824237,814.768931699503,803.9385887568851,792.9675823468338,682.3255864907848,804.4173606964216,811.3852385933915,798.3768210440663,797.8129303860272,804.1962964792206,801.1337367858484,731.4526733130032,732.7873580965854,804.6048420112114,801.3025058723243,650.7823959463561,796.7351977661386,672.8415745825697,784.9209549010084,800.1605303258532,806.3963331820651,786.8039053367389
photo_standing,530.1956643313692,953.413948067226,1030.0321186904494,857.324541866056,662.7522394148514,0.0,814.4068643989765,446.82403886707334,788.5142848052434,974.7568444966232,674.869353582873,854.7346315418529,783.4594384142642,605.1757231376852,400.53594698891004,285.5505002733068,747.4714791082033,837.0602394393921,898.0277225154983,810.0378268325724,977.0250583987837,893.3571034536591,693.7971462157567,827.7432102075211,683.9466572446994,835.3067165025896,935.5593304863997,826.0532754931719,597.0039894766019,509.7622265841896,665.0805403735302,726.9502573306006,840.4819511248222,1012.1802419885646,598.0721510165782,841.2376400050861,888.3001174087859,513.6737923168939,688.48800389955,423.82429708321814,670.9716796253982,860.559070682235,956.6016999301269,842.6339261943947,904.4215477350818,954.0416822692274,827.1623072570708,765.7324516059799,804.1742870363702,481.2758141251536,855.3086099950682,395.01907370343264,633.8622410161958,376.0411984638716,540.2889041540786,738.8919374195536,519.7296508312954,890.9750512378838,650.4103317385637,991.0997404977024,687.9911468923756,509.1187639592149,448.31444212399765,471.3343792900646,411.9951549504702,866.7253886741543,933.627766803824,889.9419238384979,734.689397415173,614.4728169026295,690.0774752956283,620.5089298084264,787.8392436600195,767.5492344573595,775.4771049549762,829.0350394880047,840.5997093753489,831.6110058964058,730.6999601176647,841.5298604606055,837.5620774592053,833.378498957494,832.6105646046589,838.3220870205125,836.3131576046056,766.8253296746649,768.8403252158828,840.5109061016713,834.7343369549347,696.9806077376682,834.4588417242181,721.6294997779568,820.5133339150276,831.9618951415026,841.664880337082,824.2079285068314
photo_hand,667.7804520651017,571.6745353632065,1022.620410528893,899.4840276957866,648.4948790513206,814.4068643989765,0.0,699.9578526547327,1013.0835158309499,958.5760042323823,882.7825238770569,952.0112886888033,757.7499895441722,601.3958869925187,791.3069688424542,839.1282351751793,743.6060045221826,1047.1994392820686,1089.1516081533146,972.5670163256277,977.4595364335585,668.6883095511145,876.1200552737431,783.8780583133886,891.8462066015898,759.5009088404008,1026.123203319874,846.1501159962642,679.145450060164,751.7903851473021,711.7940426284295,680.4408591176134,1059.89480996979,1050.763012814382,808.035015378097,1023.1291428176072,814.5999337192219,754.8337133062921,582.7541577582233,810.9119886421395,658.0691153789531,1049.1717989890399,1055.3956083392186,1050.7315357507673,998.622438407651,985.5995187074778,1022.2364424794474,630.2534201766083,938.487743187831,829.2127049842027,1034.186514733622,798.8914977345008,656.4671633425238,827.121302229089,631.7620122396127,591.872854300593,814.2028312802083,874.5983399326838,844.030601413471,1083.6659828140905,834.270492269487,834.5733974694676,771.7238763915838,862.6337860705049,851.3641167643995,1046.7385841011865,1100.0373164359007,1053.1971449396422,660.1933625227273,673.3711644015709,868.4492509354869,748.262549641574,975.4924987633063,947.3497680785754,961.786974131783,1019.6317380915947,1025.7661590477492,1015.1837535068737,915.7958243409367,1025.5491784358292,1021.8896494010567,1016.5491037357506,1017.3234781382398,1023.730613981332,1021.2935431068181,956.9510525044882,951.9609951023089,1024.0875457425045,1021.5827368406241,880.6704437551108,1018.0238302669945,907.2306532604899,1005.5329554862243,1019.4760055185858,1025.7868568476395,1008.4258190751075
photo_legs,512.9182095838505,869.3429139122006,1036.0059112375084,854.8068987135391,581.1916116069991,446.82403886707334,699.9578526547327,0.0,827.6445640466658,978.1346964616995,813.2473195832833,882.2745072706509,689.3318032797787,475.4266197340146,574.6254307470198,498.9096653083487,736.3375675097922,872.9183821870689,1012.4350404363645,818.6185036115352,987.5665505199759,814.0036824638223,725.0428112522146,828.7012342894714,706.5294339981822,786.3640261619757,959.8384559293795,821.927977011875,510.2361570678424,535.133116510651,549.598488515597,604.5217082749308,879.1389028300873,1017.0461269804732,735.8815166897652,865.6535073084526,874.7210447356945,534.2133090962119,670.7283937838337,590.9478776192506,672.9077339856568,884.5275155651052,986.5729122216344,873.6125926213415,931.0441767852847,958.6294620484391,851.10403422307,678.0767911174901,881.2995700835147,488.74326706735627,878.4664863767216,474.24946561579026,563.8018151669086,467.0994332064117,394.2110585590183,642.6922417311082,437.3522050202439,892.5630163068231,772.1535750658213,1018.0436563756541,734.7777861204297,520.4079515478005,464.0097184197024,629.6339698383732,548.9329049098479,889.8365417949941,1033.6663742390933,905.339950347731,673.4657211498653,538.1222910889018,713.4800155613059,581.5006213352051,805.3779809862992,780.3262864340818,792.6312298729024,853.0205620248572,862.6216286884472,852.109779967394,744.2674492553755,863.5197639495544,860.6339851045484,855.4172833129429,853.843036813279,861.1659934149764,858.5158855747167,785.5050409166711,785.4722586996928,861.513742552036,857.7853616137235,703.9861619348309,855.8061909575148,733.378693562738,839.7600403730337,854.9430652784552,863.9624908467871,843.1966628790938
photo_bird,738.2718783972362,1052.5659048667108,827.7800967404162,848.5423098090031,870.6796254070091,788.5142848052434,1013.0835158309499,827.6445640466658,0.0,956.5795582619032,728.9614398543683,665.4450856448568,965.4387129992809,826.6453574073649,853.8215220075945,819.4184556927097,928.6157103615934,406.1688362249198,739.5052414334689,642.0460845215794,869.5806359021552,989.2530998401121,749.7096855603833,913.6004874256267,743.079701687307,933.2790713363337,653.2179874416257,815.3775585364214,932.4560424665634,857.4632984286751,1013.8113636534986,850.257849352288,361.42047576992593,912.7598092128354,898.268783111821,513.9023291686112,944.1685358607234,750.7273655885591,869.4763429888557,899.9942446058795,875.5702127997072,535.312600137707,807.5309307842698,674.6592672521939,610.2921534546042,917.0365348782199,632.5069224168385,905.2428545990285,966.7568561205826,724.5765115821324,561.1412812473417,884.5748579983789,883.5964947305794,868.9707985993352,871.2595201878124,949.1715150434288,867.4017290956372,843.4704530211112,920.7528716322973,739.6630506954506,974.223077561582,745.1593182570996,803.8725515758803,918.9945304556973,857.8190654888688,560.5340102837743,780.1358918457565,612.7543262877083,856.8898513929663,833.6903995216666,762.6605171366965,754.1532129410685,516.7360378192676,568.193323979355,539.5222375221462,496.4600636613208,527.6493941729668,521.9847816222355,563.5528910297778,531.0715948603349,526.651838663178,523.4782518920235,526.5920342025065,526.8578139656378,526.8027406643855,504.37931247835587,547.9779743556821,535.9603126957312,518.1134593248199,593.6309554262953,530.5583909792449,571.1611549914912,516.2561014541299,510.13342149597366,531.3389168776306,523.1978826909099
photo_butterfly,876.9805183158898,868.8145520269259,651.0863456018045,513.5003680957886,1020.7393639011232,974.7568444966232,958.5760042323823,978.1346964616995,956.5795582619032,0.0,911.5032642147338,904.7930368475016,908.8971132814982,948.8491117134953,1041.940102325691,1000.2592402565822,813.4298282842477,990.8879004005357,870.4098067352767,827.5189395580106,555.705405401064,804.555362069626,936.1225214331405,695.9546100351786,925.5643789599646,854.3068444655295,966.0569790456849,640.0742551094129,1103.0691289030365,921.280403015161,1118.5141665261312,944.2404854529713,992.6621864981482,623.9852833813242,1064.4422801987382,1010.080825153974,801.3510807914392,930.1665962339562,862.968616654384,1072.3344945885506,1028.858096903235,992.1751000929586,823.8089854186288,837.6134188425507,945.730560413723,707.9043006633984,1029.1820466607749,826.9450804510005,887.6351774955472,994.5704675340955,992.0295691504888,1054.9954723501016,929.6594225260042,1041.384676712152,992.2631966557216,1073.4972013541553,1053.308943668303,664.1505434873995,1010.8051768737344,858.2493906508013,1050.70901095417,981.0372747426799,976.8858814262301,1090.8612363448406,1034.0789940571217,1004.4692638759548,896.5179264221321,907.8256104835443,1114.9022814731704,1007.4635174156781,976.7656102275967,849.8311704967826,959.6675543343728,934.7026528876848,947.495942718321,969.8743727570408,993.4086417608809,988.6097709333224,946.5146162189002,984.78697525892,986.1622707673333,982.7016257048639,985.9182497132151,1000.6205577212202,998.0475656280589,1015.726265086036,930.8516587107052,987.717170432431,977.7958831170952,983.3859217604728,985.0800144045569,962.6455430590989,982.259973843864,989.0664013154925,982.1741998791973,984.0144122847992
photo_girafe,712.5128172127826,926.7300434636616,975.3999088229807,859.1586624170001,866.6192134091474,674.869353582873,882.7825238770569,813.2473195832833,728.9614398543683,911.5032642147338,0.0,657.3133078384881,955.8506279462928,810.6217717495306,748.3184197139641,694.8075601350204,786.5992981374699,775.487394171011,690.9460909304048,741.966600043507,922.389159736769,850.0168396702097,846.1904234282345,864.6325844107054,715.458198858098,779.3977571025711,755.1892184864645,740.4907538425314,914.1620009276484,693.5275421275983,989.2502119244471,812.5970397124202,777.560375384282,957.3978734654837,752.6282456670559,751.8955156912015,909.445936275312,709.2748650590923,701.9217629176196,773.7985239375074,841.4401273510189,793.2179951108765,769.800667496232,766.0133115702686,709.3525545560959,883.5070927796625,854.6333383274512,839.0823416496722,830.9432733911885,698.1853316910627,788.185154243578,764.0699963157223,829.2196543545924,764.9357707107584,838.692823133446,926.6384940514305,861.2597654797738,822.7019982911152,794.7721494036755,826.7471048352492,863.6359708336995,712.433537977368,773.2610827706245,803.9803917838492,745.9234266835588,800.3122615520236,745.1228042555033,821.1924515612261,825.2725158222042,798.202702793543,844.3271115694224,811.1645828513615,734.634388964721,704.7442883165129,712.0178356626783,768.3539489134699,779.5609845699508,772.5331186153547,707.4951778157424,781.8668970685923,773.7300356539502,770.6294749300126,774.3661701328808,777.7329909752609,774.9609745035754,762.548794039952,701.8518527464867,780.4561481311221,776.5324449785136,736.3974149820389,774.1997693609203,731.6984404006687,765.0801396291841,773.8066022530412,782.491408888235,769.0764698854224
photo_fish,791.8249796777957,995.0637260344472,933.275151983075,926.6343439320129,830.9199627183234,854.7346315418529,952.0112886888033,882.2745072706509,665.4450856448568,904.7930368475016,657.3133078384881,0.0,925.6224267580478,880.0297957933976,913.4289324489963,875.719485816197,863.7931042063973,594.8067571445401,705.3437390474821,692.1494978198975,879.8346299250445,928.9115061085668,806.019570579553,925.7712457771502,791.4314544897434,860.9875125364103,458.14624524288047,818.8436423071172,934.1043811616006,788.9434771809171,1057.1468151466197,900.0730850278538,720.9728311197845,850.9596293614824,846.3940031965502,523.7855868470858,874.1703193853548,797.2421302171385,794.4395720831758,948.123843427181,915.2613070539411,532.2551334273817,509.6083854427253,661.6761627999693,446.80791681919385,781.7008986166933,700.5866790447724,916.0542435144911,905.5181897576381,777.7199446101789,528.5795593425347,937.8214083192438,926.7030634865628,940.4337065076,912.3256302876594,991.2987873973674,923.9003761769324,849.6430905464102,808.4756283401949,692.8483806242313,1018.8579058255099,790.8852278424758,850.9999579195722,969.9497462766454,906.641890565843,562.3808984286911,733.2684275102027,772.6702240279994,899.1345436712055,876.4140878688551,807.4257754610536,881.9842508334444,538.3397969076376,592.2268590249427,567.0021209067943,538.7374915763409,538.7379972858553,531.9323706007292,594.2272577796423,533.5872177685297,537.5281307746147,526.1750062098162,529.9169499139322,552.3492654058728,543.1364379491864,573.4423787700963,579.0422251982079,529.895292666739,529.6203296887136,652.0982966996562,525.56983884631,597.1303920397398,530.411671009302,546.7587379709616,533.1990947209928,532.1444469898667
photo_cherry,661.1432442082349,784.0099079995482,978.5879896710208,777.7310885790163,588.0039915835968,783.4594384142642,757.7499895441722,689.3318032797787,965.4387129992809,908.8971132814982,955.8506279462928,925.6224267580478,0.0,574.2224206744928,852.0410456322131,816.2236113697545,746.8721778754008,918.4003052075553,1014.7415294586898,774.3340956993103,934.2153454400748,741.826474557574,705.9460141344384,833.6198796760434,731.8665767638685,833.1213277240054,999.1480360916942,867.1660174684705,698.5055945533524,856.2910290384465,827.2011221399309,677.5389717651744,1012.7471779910529,1021.8325414869834,760.0200039391838,921.9019517978883,714.760493719874,723.7653443301874,748.1592986487298,872.0129856167379,754.3975573645339,921.6851445984769,870.5612804787772,850.3296143784868,992.4965146121671,883.3780346710557,788.6048313298741,810.7551532680285,977.1048001984835,812.5655168469822,915.5109727708243,778.876414006098,560.2712908989542,801.0991911275923,648.1053658574328,705.4451586185011,785.581686991395,919.0485103536529,795.5284866884831,996.8142008535208,689.6906307736411,796.8568962365462,752.8296103952664,903.8288218201089,840.0096348483767,928.8938077866453,1027.0204674179356,861.3957722918211,748.9652219596386,652.123658079938,775.3911118718067,730.7270129214065,852.9580719549563,823.1265152062755,836.8575615656538,910.470329124588,900.4967852454594,890.6705764308639,786.5556715642182,900.8384708056334,906.6126954002422,895.9561082616898,893.2189201059791,900.6165816328478,896.9334229228982,833.83073498591,830.0723061293891,899.2857545864363,898.5781028850166,755.8241535735856,894.0594815220818,779.007187752705,882.7652732091678,898.2470613893129,903.9874583106773,885.3531980877424
photo_tree,430.42709995761,773.3395246360882,1013.1350941338409,823.5901482181969,564.7905134267454,605.1757231376852,601.3958869925187,475.4266197340146,826.6453574073649,948.8491117134953,810.6217717495306,880.0297957933976,574.2224206744928,0.0,710.4435282797434,645.9055633673119,693.6549854627897,870.8393576402165,1011.0880038386377,793.3027992573125,964.4421842638418,700.4141392922377,648.7119174383689,781.7598160307023,684.2983801929613,756.4457840303132,957.6941006351087,790.584447434129,606.4794403426507,679.0743442198785,676.1826085773713,471.5410172369883,877.310894663307,987.992633398581,732.8026030510063,857.5525604973338,780.1835860409271,490.33151083197663,557.207285156419,731.1108737981376,588.8480197245926,880.2833127489038,979.7153336810867,865.7937973915638,928.3487585316025,923.1234012301082,836.8594130735853,621.6447303608771,941.6388404291897,637.697205480654,874.5341505942538,598.3589157302649,442.6757204385864,620.5130912420627,418.93058255768204,534.2248785858717,601.4066097125664,861.807246064146,772.8187657325992,1015.6323770702501,652.6630849814918,627.9660224475543,562.2502729831439,766.1134304529227,672.3889968362215,887.1921287373426,1032.090754941859,888.0142233291031,587.2641531538035,412.3972514788069,665.2066749046772,519.999923045803,802.5881880142127,776.3139713668791,788.5805540275029,850.9639550292702,860.7829852123865,851.4876582992682,738.9621055848532,861.991435663813,858.2455353032323,853.7366586125405,851.1619988147107,859.2483079723436,856.144403323245,780.8907641926145,781.8156959706884,858.6641707524205,856.9907500813746,695.6589666865276,853.8574983948447,726.5608584064122,837.8557481804652,853.565794228806,862.8404981010859,841.635764539221
photo_flower,612.0254245892922,944.6481584026427,1093.0891493078368,933.3071257117251,645.148053041671,400.53594698891004,791.3069688424542,574.6254307470198,853.8215220075945,1041.940102325691,748.3184197139641,913.4289324489963,852.0410456322131,710.4435282797434,0.0,367.1165308524707,805.6235794816158,902.4902144221769,958.5458058193423,876.1799841237005,1043.3803792280141,979.7551242391171,771.3695184189244,907.6000957199063,756.6044200466183,921.1341268006914,993.2034731878448,902.8926350145491,563.1316591521681,608.9365948335476,618.0887458594817,818.2809815930563,904.3877948436505,1077.9072348171035,525.1662711444263,900.7771532996288,948.9338397049735,599.5894685483158,740.939084667975,287.24847258052034,605.0466761198816,919.4933104530803,1017.919551458249,907.3182481471412,961.992258268574,1015.5828815893586,889.5111410597248,872.620428795093,856.9457123487106,548.8944775494203,910.626976872156,521.1117537848535,719.8830620651722,508.2077681222714,633.3753509610386,709.18107319314,622.6959143817759,957.6667459546715,584.9305277566583,1045.1935952110189,755.6813234013142,582.6711582332881,527.7460733807691,395.44622301854326,475.36953074216484,921.6722525491401,986.2031955948067,948.563441625676,703.5837086249774,714.5090949649724,755.8512269145544,718.5728308391302,849.5669411161881,831.7694247120296,838.6253751580582,888.8017036565168,898.3889047724083,889.2835090582566,795.6360134983875,898.7715718437744,894.6870931080309,891.002298180176,890.0966817669946,895.5566646118057,893.9375387583281,828.3414148826665,831.7960596218433,897.8638715100277,891.998419569785,766.4026765340841,891.4624655173045,787.8401441513495,878.7541312729189,890.4685168139151,899.8824508468224,881.7271750454822
photo_carrot,555.5113970352148,981.0113465778107,1056.3518843131822,886.9832386055778,701.82943933971,285.5505002733068,839.1282351751793,498.9096653083487,819.4184556927097,1000.2592402565822,694.8075601350204,875.719485816197,816.2236113697545,645.9055633673119,367.1165308524707,0.0,760.8525512774959,864.3440867272639,917.9728742641661,835.7334967365049,1006.2078601723753,934.4428462841317,718.5877216595911,860.9604375975476,702.0923532436972,874.3561946159476,956.8499846866409,855.0829612946959,625.8570327721667,534.8558729558637,651.2390050073286,775.1995730317514,869.7482587409207,1039.7817068500847,598.9962327243476,861.2208479311209,905.1561152748613,529.4360141229265,702.1119400611586,336.9784616715987,667.0769770149446,881.7144817428247,978.0658455356261,866.3280427802035,924.6999563742273,974.6938641580567,848.0762011202816,819.6536436632704,813.2122166894635,488.88952551663704,874.461016370155,432.026221481885,669.7886940513589,411.76363036032353,579.7098542285999,756.6541922874618,544.4588829168123,915.1216220251983,643.8627534499439,1009.0925290756895,710.8826402225942,511.3317255712654,448.1979935226081,401.2196138082142,395.04601419233063,886.8237777887458,947.8584661470771,909.4737705096019,755.3419204222341,655.8252770058357,706.8192472374328,660.3299278857367,810.9879008434496,788.979375140447,797.4436249486869,852.8496069219717,863.1386948351349,854.4251892637932,751.5337636178301,864.0071687509313,859.1517747121106,856.0047631205626,854.4717223628135,860.1420305862512,858.1303661677741,789.5135536855237,790.8725565896292,862.315718474129,857.5238105210657,717.5772515931899,856.4321468960201,743.4139632728932,843.2928302372301,855.280173658633,865.3472660082209,846.1760465153175
photo_watch,609.5440162035192,789.4641375438572,889.0700767178952,754.6209742892631,785.5407120534145,747.4714791082033,743.6060045221826,736.3375675097922,928.6157103615934,813.4298282842477,786.5992981374699,863.7931042063973,746.8721778754008,693.6549854627897,805.6235794816158,760.8525512774959,0.0,961.800913188647,898.5719309969861,776.9670330602577,836.479122300381,733.8020930846056,698.2296884641878,616.9728131691,669.2169391022153,863.3567122664463,946.5752053948,761.7789984615481,862.0684558446408,640.8442069982211,872.1016683193108,808.705443027459,913.1920872447199,857.458399588938,822.1954312545635,895.9458599902482,669.8437634013454,644.580336429738,572.7828695296113,821.5732975413599,671.0783312219303,967.2023602384802,856.3895447687908,854.9028546778592,910.1606676241868,789.1147177808758,833.2209759942139,717.7931726998145,822.0066337474723,747.3154335809631,957.8713985233588,832.3242217961854,757.8515062318734,833.416702585489,735.5208426090555,723.4095427893078,729.6647759390751,726.4962557747216,860.8882517595097,831.2830184232969,704.2497015152197,666.9150330045042,718.4965275888702,780.9418282707143,692.584029853423,911.4044720934193,923.8678971595513,869.7686826904173,866.1213826898745,763.8866420297259,794.9276895972537,690.2404419154008,903.1777054911236,878.8577265464424,887.620634612748,943.5539563537291,929.4019395204378,939.9894276234553,843.5867930463629,934.9214707167819,917.7392268658323,942.7613918960736,942.2305549528918,910.7642478952822,914.1488579998511,880.3870856349843,877.5023052176683,950.0345460937565,946.1508913433483,808.787054429241,944.0683190857726,834.8922103147784,932.6444479623794,915.8058540273792,952.5924750244317,936.7270941816494
photo_key,786.8014799894906,1082.2931409281039,860.8286875021388,889.565421453095,825.882912474866,837.0602394393921,1047.1994392820686,872.9183821870689,406.1688362249198,990.8879004005357,775.487394171011,594.8067571445401,918.4003052075553,870.8393576402165,902.4902144221769,864.3440867272639,961.800913188647,0.0,772.033654796642,685.4900532963602,905.3884325076097,1019.1454207408925,791.8946161294417,948.5007774070265,783.2601606958734,965.7808657304273,557.4879744067241,858.8353020902549,931.6887454682768,899.7051359128857,1052.9344755422076,889.1202519971928,471.7989250258565,946.9208824859103,854.547351929852,445.54857620720196,976.5004436830063,795.1634892766472,907.600362780427,942.3152036082811,914.6170053515518,381.3308512106879,742.9695646890125,713.591773705634,544.8588650991311,947.386363870049,550.8341605654767,940.9510119488582,999.0593922136743,770.8435438978876,452.97548856647455,924.6579274182998,921.0113685792335,910.382679256274,909.356658504636,984.774374970865,907.3185325875226,879.4368929664435,872.275060163243,766.2383648205318,1005.7944460169841,787.659913658953,846.6878068907325,961.1144112877623,898.5381893490573,441.7679900117625,804.8415874297067,644.8648103749115,894.0966140326021,871.2646654155196,804.8286968204918,796.9986955644431,417.9943664526387,478.18513413038505,440.23476983374235,409.31372757929046,409.7289201257087,407.1396306542361,471.186839744067,417.03714806494884,425.31689332271503,412.90248639570564,417.82067208943334,415.0471995846236,411.6222874608108,403.71526174172783,457.48074615209316,423.3094956507526,408.35002515086524,518.1657002130544,416.4885137344871,481.19472323656413,412.4661028965003,401.2830352844145,422.87893003438927,419.4722647008924
photo_truck,930.4040521503885,1031.8195840116805,831.0363390608621,883.2241144205155,1046.721517814844,898.0277225154983,1089.1516081533146,1012.4350404363645,739.5052414334689,870.4098067352767,690.9460909304048,705.3437390474821,1014.7415294586898,1011.0880038386377,958.5458058193423,917.9728742641661,898.5719309969861,772.033654796642,0.0,673.8633785113046,832.6186800907957,959.2855621518428,833.674279482554,931.1317446990158,809.1320888475049,953.3727123117962,721.7871295482105,886.3798269903597,1099.9875560392738,928.6418794883907,1181.3083223511812,1026.288283524603,777.856754436768,862.0474633385,980.4130589816243,751.2204885813975,849.5512304298998,934.2114051996945,935.3330190934226,987.3854268204642,1046.988138576387,758.2191333054266,600.0920790456123,642.51585783694,682.6716313464558,753.3772143730464,763.7110361868081,1023.0551944364896,760.1641807024283,907.3051340577754,759.9375738515207,971.2333880428235,990.0490740929907,969.6256770679553,1037.7634424525056,1114.65883312951,1046.7596552808343,901.8203869032288,955.2647372073234,609.2989801085678,967.0779773546618,910.0869795474157,977.5575390127354,1007.1795265202677,954.2475415664688,774.3450672163976,332.6842526017366,680.2926789805898,1025.5972240634114,1006.4281302662928,903.3395551625816,989.2725690735347,753.7982825337832,791.2560617203615,775.8800997221492,738.7770086242033,760.6063527818668,754.0851897108064,796.3345145494194,757.5051114885576,751.6564855647398,751.4460450074794,753.0084679427915,766.7250196219092,762.672638391484,772.8036591396095,777.7091014669619,756.0409983930005,750.8435164283983,830.2392991102745,753.7069192738121,798.74979068618,750.2666576450296,758.8022020912082,754.3652393313766,753.44563034011
photo_velo,710.7975961464643,907.5128009675159,787.3786732257843,700.515019516325,857.7059996910876,810.0378268325724,972.5670163256277,818.6185036115352,642.0460845215794,827.5189395580106,741.966600043507,692.1494978198975,774.3340956993103,793.3027992573125,876.1799841237005,835.7334967365049,776.9670330602577,685.4900532963602,673.8633785113046,0.0,728.9861252321558,847.1566237563885,623.2322377080579,846.753433344724,589.5212899635037,864.0528556851457,789.0095134244284,789.4037447587577,934.450636793306,857.9183863529804,981.0653614654282,795.7672395807418,688.613612607875,836.8405926232377,900.7735302090018,657.6152033237247,690.1752471871021,743.4257694814424,827.8828542749753,908.1066062424479,860.4266600327987,696.2408224525162,588.5412625565101,342.42897475482886,745.9628191178967,674.088529378909,633.443259473513,943.5278300694242,812.5565078410115,725.442035706501,694.9003063138343,899.1760701276836,787.1721996817578,900.4382952986638,840.5470429505294,921.4617781870171,883.469567734009,795.7101594572575,928.1458731490104,667.2222732601247,874.9909157662493,722.119816394537,801.8895758092702,930.5946176320891,865.2142043595019,711.1714523034157,710.8301034020732,443.7685062869383,850.1322630317364,830.4997510101491,693.9007351851143,796.178373326933,670.4541055662385,712.7925776465402,691.183062120261,673.5109198789668,687.7566550405825,677.46822835685,707.1878507833857,689.1873531189998,681.719025960176,679.6679121987963,676.0969428373547,685.9343657172084,680.584105915052,663.9134465819387,698.3406179747278,683.7397109407182,681.2724736681333,734.9328698004514,679.6366252961808,714.2494225488259,669.1804206384767,681.4031230099733,693.1369480558919,674.2386415618577
photo_road,889.4878160179231,888.9294183412225,472.8799549029033,531.0155302817268,1030.4256450862076,977.0250583987837,977.4595364335585,987.5665505199759,869.5806359021552,555.705405401064,922.389159736769,879.8346299250445,934.2153454400748,964.4421842638418,1043.3803792280141,1006.2078601723753,836.479122300381,905.3884325076097,832.6186800907957,728.9861252321558,0.0,824.2718914134332,828.9590604188911,697.6249509963374,933.8737181018998,872.0526778837296,958.7690879402932,690.1462407826527,1116.5165261129955,937.3602539221554,1143.6488441921722,971.3772930424595,915.6172972729979,681.31200899631,1076.6740495297947,963.0327577922499,705.7019392875569,944.1857271389026,888.5915270985843,1082.122836258584,1046.4641962662251,977.1480280608837,804.3851946116489,812.0122654079863,921.8300677861348,701.7152095768608,944.3536787978279,858.1386345312203,789.3219411018601,1001.1184990540344,977.6979672219627,1060.8689199092296,952.739856480239,1053.3129654492282,1012.2605626196454,1091.0282752924481,1061.5518436704665,636.4941257138437,1092.1250668875364,851.97642604236,1062.9916708432982,988.8321419661291,985.3461224888894,1096.820829814461,1036.8750242073459,981.6504968790059,886.2091264905202,816.9967367275046,1127.7754795959702,1024.336147410038,887.6896975198594,874.730644535607,951.3741637254068,978.5135597743963,966.1515882391233,944.568385535494,958.7273267142309,950.4025476974999,972.663216844237,956.5221914462707,956.7155472347586,949.7150286088561,956.2469617901996,955.3233060821574,956.3763870481541,945.3550938805988,964.2815107388046,962.57457816447,948.4547300469592,995.8067356764485,955.8105546299504,981.1780375892959,949.4180562858905,945.9226095494597,956.678873186832,953.3127937162033
photo_house,773.1961091256693,472.22563297118387,879.5882014000226,742.4101762898014,866.628706239084,893.3571034536591,668.6883095511145,814.0036824638223,989.2530998401121,804.555362069626,850.0168396702097,928.9115061085668,741.826474557574,700.4141392922377,979.7551242391171,934.4428462841317,733.8020930846056,1019.1454207408925,959.2855621518428,847.1566237563885,824.2718914134332,0.0,816.3282523437626,723.3610901226757,863.1499887488577,710.1663454943068,1003.5289221687362,829.4837848589669,889.96452073857,844.7771663610873,966.4616352584504,647.2876008833798,1035.9726235985634,926.3394820279311,998.3220682850908,998.18245247179,757.3914088982932,852.4452213076075,692.095347662167,1005.4956113336808,884.979254204383,1026.1187542898585,921.869545820149,922.1248125711279,973.5402646842969,839.6005359568359,985.8696939596874,735.5750101706082,790.2923045189515,925.5408663693389,1014.7268382248728,880.8722653857271,771.4758773469853,918.2765760726122,758.6635294286137,834.6050573800795,906.7865239856096,837.6763929894331,1020.7714347443803,965.9787654255782,805.2962186929742,913.8590139005438,858.9028058857144,1026.967414322711,952.3135076454229,1026.108076283193,980.9960974494279,934.2709600013704,874.0651124772702,742.2073872245381,934.8647521113044,856.200762787776,959.5879745586615,926.4679048690759,942.1752652443216,998.6606369260116,1004.6266186467456,993.6366472178923,930.5986265782603,1004.5388208312247,1001.3863535713276,995.8445738711149,996.6807184704294,1002.8965964946019,999.9094266266044,985.2293458860349,929.5817057875179,1002.9951546698095,1000.4422056758859,948.0766427398192,997.9323785632668,951.6337384862418,985.6553123926369,998.7531580087621,1004.7621527694802,988.6788909311025
