,photo_face,photo_profil,photo_eyes,photo_face2,photo_walking,photo_standing,photo_hand,photo_legs,photo_bird,photo_butterfly,photo_girafe,photo_fish,photo_cherry,photo_tree,photo_flower,photo_carrot,photo_watch,photo_key,photo_truck,photo_velo,photo_road,photo_house,photo_mountain,photo_windmill,drawing_face,drawing_profil,drawing_eyes,drawing_face2,drawing_walking,drawing_standing,drawing_hand,drawing_legs,drawing_bird,drawing_butterfly,drawing_girafe,drawing_fish,drawing_cherry,drawing_tree,drawing_flower,drawing_carrot,drawing_watch,drawing_key,drawing_truck,drawing_velo,drawing_road,drawing_house,drawing_mountain,drawing_windmill,geo_face,geo_profil,geo_eyes,geo_face2,geo_walking,geo_standing,geo_hand,geo_legs,geo_bird,geo_butterfly,geo_girafe,geo_fish,geo_cherry,geo_tree,geo_flower,geo_carrot,geo_watch,geo_key,geo_truck,geo_velo,geo_road,geo_house,geo_mountain,geo_windmill,word_face,word_profil,word_eyes,word_face2,word_walking,word_standing,word_hand,word_legs,word_bird,word_butterfly,word_girafe,word_fish,word_cherry,word_tree,word_flower,word_carrot,word_watch,word_key,word_truck,word_velo,word_road,word_house,word_mountain,word_windmill
photo_face,0.0,351.995195158883,392.32894127831906,312.4725882424619,252.3305212894707,230.1494826558447,286.9079931661182,223.69309854627826,311.22554867368757,365.3502168426811,305.73573775855186,332.1831968489773,279.7366846802826,196.7561144649461,259.49811033889813,242.9043307283078,265.8906082385598,325.2407597594912,381.16042555558096,300.9760956307083,377.3147050117501,331.22844560881134,257.0566748409695,306.8359493559061,250.14099435822578,313.7626694739299,371.31534432146935,300.1484211587965,265.948818900219,252.79452475279203,302.6120621280477,253.9931439325571,326.2818815459201,390.00517490345055,271.95772511587467,318.0287912342763,327.2149235345875,169.45120071493528,228.5320132847769,272.5331119669049,217.26043871507213,337.0141050164111,372.5061322113954,318.63858033558677,354.0125591921524,361.066940549627,326.1464304650512,286.24746578238586,383.83751089077174,235.37439388351217,339.5426043419412,274.052446829635,229.79195644722645,273.61671921216356,221.21420786278202,264.7923563083651,267.4888050078048,342.1866421141507,291.5856915517899,395.11416412047464,306.2447529625473,220.98695077091693,212.42347771025837,293.7441802501965,258.4413098327678,340.9390221120221,403.9444024500671,343.41902778847157,281.0327875373638,221.93422651295302,252.20756429112316,221.52418348457124,309.75435344211235,301.08524256577806,305.0928985044458,326.66251449530193,336.43763061961397,334.97583728244257,291.012849118505,338.1780861956048,331.13675884932303,332.5284551505905,330.90171991842885,334.19920182177856,332.4571573384147,309.1097861421431,301.6247082961532,334.62995740619147,334.04835237798153,274.58984402666647,333.2086647760815,286.01306162152986,325.115995795467,332.29633589522393,339.9410495752507,327.502848007232
photo_profil,351.995195158883,0.0,400.6525067122002,343.3719604635861,354.2881162101634,400.5052753985916,262.7853036653976,375.7278513992838,447.4084688170223,370.3250566934668,393.76162344762037,420.95487864851987,333.3645774937462,340.1385220675863,398.8689785293774,416.10758644000026,332.14425885139616,451.2027056049016,429.4873276026085,385.8128195934919,386.3469826374709,221.26557953770546,385.6721168467947,342.3543765070973,394.2864420912635,328.71424497125975,453.2297210838034,385.5091556411998,361.27004969167865,387.6052536960643,394.26472388902044,308.76188775938266,462.35578721878494,416.1885128562282,407.12497933336164,440.78652063583394,356.1488218171764,391.8401453764692,326.1232730284449,415.30919426329297,362.6824994874708,459.98509403361606,415.5978668347531,412.4090017622572,439.5681675193425,389.1339559988018,443.3865013153392,356.84674079300385,367.99399278608774,412.14928712665505,459.503408817772,410.61208966795436,359.6522398706762,419.3287948164555,352.68202575259147,348.6719515450342,419.8049400428545,398.10062104864477,421.5592907572198,436.29249770993556,368.479169790922,404.84353622412766,400.1358249366098,432.62961765837446,420.2568018878818,459.2146962221695,444.6265643409672,424.5086047126426,367.3629443386197,357.36965453567643,426.4742084999953,396.6629169476671,438.973106645282,424.25154371868825,431.6445779891673,451.9847527292526,456.3292018561552,453.14937363678945,425.7600301445833,457.074574656359,452.6780101475384,452.4794322442846,452.3642722835044,454.9377522556237,453.4344748250967,446.9016914933779,426.3936039232603,454.83152512058933,454.64054147627877,432.730632586284,452.9607985538075,431.8092498167784,447.08257827828334,453.88853798903534,458.0006582024657,448.25072947292733
photo_eyes,392.32894127831906,400.6525067122002,0.0,265.4936521596839,451.04416435402675,427.8121627000841,436.48862309118306,437.1164461398133,347.9882525323066,281.72082869612876,402.928694815581,378.22777699989143,410.1655427937165,422.68412815571816,455.3204624488241,444.6850929426923,370.05624823384966,353.6699830764508,341.1798963944557,332.76179817784544,215.98062436895123,372.6629423432703,358.0055666929314,317.238319387719,410.697989536561,387.4704191411475,368.57947288689206,311.60460531622186,481.6499962136363,414.9556071340095,504.5773458112377,427.74020521119775,358.0477804185823,318.9850899281979,471.5780417992753,369.38328302627343,314.00072897642787,417.94638863867306,391.4084881483744,478.3268821081804,457.6318325995532,382.9505450951698,348.6927867255935,357.3475127171674,356.3885149092702,300.7903088190513,371.13211367538213,389.03784728938643,361.23212411164695,440.80047432021087,387.5468297256626,461.85849110058484,423.161144308542,458.6489440140629,443.74950632276574,484.2202293524914,468.46158842123646,292.92277102070204,476.4034711596653,328.9639743779112,466.79686180696734,429.77017869474986,434.1245693251046,486.0894915782497,457.3768785395422,385.8205629161622,356.66373570716854,319.91294694704527,502.89450623832937,450.6417594778938,393.52943647340464,398.93582932932145,381.3715864902301,391.4722442923794,382.9583776356962,372.23409742235185,382.5357727214142,381.2167601236309,390.71364589322934,383.3470035418672,378.21743748987575,379.4442591604794,381.94986700228475,379.88567895681456,380.8603550871414,377.4585661990446,383.4354271853859,384.05954622704076,379.0565239688932,399.7043210947956,383.5084575298659,390.65795118608236,380.67310487355024,376.1589021429463,385.4576712849013,382.9061232999722
photo_face2,312.4725882424619,343.3719604635861,265.4936521596839,0.0,384.61496840392624,361.78406847692486,379.67966684377814,367.031515189214,361.5171175314162,229.80661609678134,352.5761498222406,377.45671286079494,332.08959460072913,349.28185059307,395.36286940850533,380.2063475360678,312.32947307760907,372.2957897553507,355.58936988947903,308.5105200395747,246.5226601133364,311.9549223363932,335.75051636895284,269.9041277386721,338.0367072337802,330.2910549753733,412.24842372619315,227.8576315845005,415.41077293333274,361.1644367261136,436.90337612475145,348.2242585612094,375.90170764628317,327.84619356855814,408.547955807748,390.2319174377287,313.59743874849795,345.93062494014634,334.24339934985153,416.0568249604075,388.3481482880915,402.48340621620093,349.43487923424254,333.57406168871563,397.4281553446414,308.6776233141337,388.6423779883389,331.4926802460912,360.58382149038863,376.1910191199723,411.6651301495949,399.89497336145075,350.30146187829075,394.3498638559002,373.4269529995727,418.0260987107318,404.92061900701117,269.9557078611342,417.4765183828779,375.14510594330204,400.4238204736646,362.94411545590214,368.0151284924935,425.7089594738223,397.32514727609026,407.05691142251305,390.7229596637949,345.89962124251844,435.5169331481383,379.4869800446492,370.5262415586052,324.7213289741979,389.46007436881484,374.4456831826431,379.99964666045895,393.78083985247684,404.0038391980338,402.7885616847011,375.3199846992554,404.06353156950786,400.601481896462,400.2790401653343,402.2159282894913,401.2834464072438,401.8456634339388,397.0266800382715,372.5768881201024,405.03756891185174,399.71699880878765,385.7267763228242,402.8795063030421,383.277657270346,398.2747123241316,397.66926534880184,405.66427624543314,400.3479406430156
photo_walking,252.3305212894707,354.2881162101634,451.04416435402675,384.61496840392624,0.0,269.78024141753707,280.0673907078783,249.7636170673435,363.10287483237187,421.671110035607,364.2187615126462,347.52198184584,235.1059729137326,243.79501624896898,266.9729410917316,289.4063484436688,327.5844181024475,340.48890083524685,425.6125142102325,351.3534536802336,430.2191365685378,365.3377397459428,322.23609995631983,369.61801684135827,321.83679950255623,349.07297477876375,385.37739587825985,380.2071506346729,212.80006787199838,322.48715266484146,281.1091891268491,296.67066184018205,381.73491151995523,444.1612729206101,219.44567989997242,348.89142916843866,389.1380447105353,263.7779985564169,314.5227444772004,284.24851186230086,254.48646229504794,348.3537793138814,391.7539656220124,371.092512425688,384.0355107911138,418.6532787856447,336.1402418849885,324.8999095428685,434.63253270846315,291.6522433805722,352.3295237292073,304.2931932539766,256.92706730866416,298.86521752343634,255.9480962296635,252.0315153415196,291.7361021736302,408.1564392641217,245.95698458151045,437.74394535261433,317.20235204453064,292.0852721332715,291.7362109491152,306.0625121364787,299.59824091562723,351.6408637226664,445.4112233753704,395.0303544717873,267.13598649631376,272.65862041729616,320.651659840129,288.23919947130076,319.9814742806017,310.6239262008686,316.58504248082266,347.83325952029014,342.4778734687912,339.85877450707125,297.62045749703583,343.72839833187595,345.578900648032,340.76635404704876,340.3193346947232,342.2726006581658,340.3210720779699,319.5263675524319,315.4574675331592,342.79929789148395,342.2494529091923,283.8379810954917,339.24601646184533,292.27499343243267,334.0151149576264,341.2560585409156,346.3333454140071,334.6433814449697
photo_standing,230.1494826558447,400.5052753985916,427.8121627000841,361.78406847692486,269.78024141753707,0.0,337.2377717170653,183.57631055533273,331.15022343919856,400.2712511412788,293.1479681521261,357.9236806019664,315.2411489636551,248.41774414391358,178.8904906942747,138.4997157057134,311.5872431132266,344.29363700199656,371.3433100452814,332.2357675906813,405.31345061228984,368.4504137365364,295.8210604372695,342.92533041427674,299.349495196855,345.1399340625749,396.44214123877845,350.80684951529264,242.84438616286658,228.89985611078433,274.468241601687,303.9287033493959,349.6135560333882,419.8473228877175,257.1497504472081,347.6725378253625,373.24963504317145,228.2270884264161,292.7155509935796,189.6652127445415,279.68419223478116,360.2505516608609,398.9081957923002,348.09135132416066,379.31861817889757,397.0933245180494,349.1580902962405,313.8305447401688,346.2067234684841,208.85378856175726,366.2624130169868,180.64822764869638,262.87167306937755,171.6678401120486,228.78144370193132,304.89188411382406,219.0061983901128,380.7470222248822,278.3431082287563,416.5652114348117,295.4060784040211,221.75306498361238,198.64908248829977,208.1657572286932,190.08196500348876,363.29493545988487,397.71914768128966,373.48584309004093,315.15458847137006,267.99518810151613,293.1364034083706,265.0963713196246,332.9229679894926,326.784628507107,330.77472985906985,349.84770598627426,357.9979911259792,355.6466294847443,316.001865107352,359.1881842218143,354.49759548150143,354.9652614764067,354.24750398229344,355.8527323247977,354.59028827593124,331.867216933906,328.22534799355475,357.4954841371519,355.37973640801357,299.5542389292507,355.08835903668904,310.7273275508163,347.9057474670352,353.12286227265326,360.48500934641794,349.52268280921226
photo_hand,286.9079931661182,262.7853036653976,436.48862309118306,379.67966684377814,280.0673907078783,337.2377717170653,0.0,298.54023518754747,426.48235384647694,403.50431895924856,369.07253037742646,395.5158503991661,316.8441672661104,265.94486258144974,328.93856616372085,348.79560059084287,304.1205230170564,433.0011152759531,450.191536013755,407.3379079783985,420.740118612253,299.48181936969047,377.96416111944575,335.2168918791202,377.83279973647205,320.5134150730141,431.66267027693095,356.9583421733723,283.60874946144423,310.863434699589,302.0655582308372,294.6148840486214,442.95862525663836,439.1100413251041,334.5410665310082,419.77736021975824,352.0042216217575,313.9569981878881,249.3861312430851,339.9240225547289,277.3579579986612,439.7307501843073,436.0888887141763,433.75242997752565,416.49472742451815,416.49322843587464,430.8897026103475,273.5558480134931,406.9915875897954,343.5431131548521,438.96786577506646,344.4662122545482,280.853549303878,350.06984299550516,268.0987959868027,262.64962770061334,347.59979605126273,384.7168002769761,354.25791828442163,455.24764537873267,355.3423032447523,341.5326247177213,329.70150601000256,362.6517285893405,351.10836803450536,439.404127757245,464.2120629666475,445.52965761383234,290.2512839298439,294.9136851160875,370.2994736616309,316.8038313160914,413.8696093565177,401.9672909596548,409.6557883685091,431.83704994030245,436.51502119924,433.86236383585083,393.9495662869102,437.8131259973289,432.79856399802014,432.4158126698799,432.838206253681,435.18235216653534,433.82953681299404,412.42147533177604,405.4214003832833,435.2697775830006,435.51630130192297,376.34935160440625,432.9111655897342,389.26630764800603,427.0646614640059,434.0685207087928,438.4529159900085,428.24145948620804
photo_legs,223.69309854627826,375.7278513992838,437.1164461398133,367.031515189214,249.7636170673435,183.57631055533273,298.54023518754747,0.0,347.7645030066633,408.48812141045073,343.652709124866,368.7006533443775,287.70018174555275,208.6235667005823,237.92688821582018,207.67434240883986,311.912961876189,359.3446755901764,416.440621031122,342.2881014256014,417.80773102765596,347.04965482225015,306.42019239916357,351.0399189386524,304.23476175466016,326.1323539675065,406.1266933749104,354.81403177540403,204.1646299626713,229.60876532354658,238.29344183066726,264.0012315081925,365.02620443935353,430.04572404187917,305.4082875696535,356.09408689646966,372.36733478723505,226.99392730910048,286.90627485009145,244.7534076197476,274.2568007386475,370.0969101731942,410.35461212102865,360.1808214511481,390.0278595777241,404.88668230412253,358.27266032953645,291.37845359162196,379.4112723244635,199.92776478599606,374.97170163945884,209.20387054478675,236.49163820620174,205.38080722283445,180.44891596730065,272.12593887040657,189.49481511807227,389.1557614948986,320.9912443251804,428.19688063826584,311.9824708305474,216.75893813363706,195.51228319955163,263.179501092452,228.01953671179464,373.3016874322007,436.01146033775376,383.0793946407183,289.9344268133656,236.53205628257308,298.69453445602016,253.6384843422209,340.21018882810284,331.12681347081235,337.79845863665844,360.3260471014139,367.58597376819057,364.6678900698692,321.283602849481,369.20970570530346,364.3766130275869,364.7364575584469,363.35232746611297,366.32547413670267,364.5671640432182,339.8135080218991,334.754318357553,366.5299607261795,365.75474024072355,300.93838368132845,364.37311138374895,315.14132969836237,355.95006408157013,363.67824477579205,370.4869389838695,357.5647199506936
photo_bird,311.22554867368757,447.4084688170223,347.9882525323066,361.5171175314162,363.10287483237187,331.15022343919856,426.48235384647694,347.7645030066633,0.0,393.03505583837637,309.77040094959455,273.86687078020384,395.5074503563758,343.5435019535037,357.8468101790935,348.2121450788632,388.5142468897728,176.32267257718067,305.25148646876306,263.28590427589876,365.1579795888517,412.5048345458316,312.56978161327396,380.09074777512495,319.89729123688056,389.029302719465,277.4484114874776,349.26270443952643,388.7958989798138,368.0242201901979,430.60434987508864,361.26068740946664,155.8900754578092,385.0353660284121,380.15003533721296,207.36999694956305,394.4025956744735,323.3818027035492,365.5298241063488,384.689859667273,368.3225332715309,222.68613076919505,333.80139692813304,276.8559780612859,253.52287007242202,379.47598026495206,264.1479129818678,382.0663730027202,414.2069448999173,313.892814617034,244.47200931254534,375.8667226732684,367.7456091671869,368.399471995917,364.6336935424061,402.1218697345074,368.5170778305064,357.47538345364853,388.3104274884653,308.4465268312177,413.47380218263027,321.69491864467875,343.6389838858896,394.12911686141337,364.7174527060924,233.24771911033173,331.7578441572502,259.57332956125384,376.8011671589825,359.15708030835265,322.2024564520447,332.3766538584772,223.56060480777361,244.57075498186003,228.64381067042797,211.3559733095238,231.22085474,231.53279148901055,241.85007868641858,233.87647396041797,226.3217834366966,229.52321156033284,230.2501969827634,229.49748700745232,228.6127612386431,219.81748996681873,233.88877260799046,234.3748676159331,227.796053321572,253.08940947713,233.4851832487519,237.967273432487,226.5451367939373,222.4998776427076,236.44351442918742,230.60907422073547
photo_butterfly,365.3502168426811,370.3250566934668,281.72082869612876,229.80661609678134,421.671110035607,400.2712511412788,403.50431895924856,408.48812141045073,393.03505583837637,0.0,371.57720667512893,370.13096014615064,374.4472786843999,389.9659673390217,430.2100412044435,416.76608446580735,333.30317519076897,400.38919594435646,353.540574045831,343.09543011660753,250.77247892406643,336.79513462802595,375.98255276287983,288.221477055904,383.9324660132017,353.98120454224795,395.63625307889583,263.77089336443373,450.2424070345338,379.8074058273022,470.88706118377354,392.0999752877223,402.01147426607844,256.9916500455534,440.8527191982277,407.96646235133363,325.05954794419404,384.33217933889085,353.9188154961982,449.77231846326083,425.1856496938717,407.4363760942695,337.26015539136057,347.8114578973058,384.9493815253511,287.76007983520094,418.1562795171017,347.1202894961638,374.3807713132775,413.0885630747773,413.51919131131956,436.2495869650698,389.3748085665358,428.4209090934165,410.45880504481465,453.0578831001675,440.793274064083,284.1868527908889,421.4216255460975,354.6640663086571,436.3864570748908,399.679675716002,404.70293904612026,459.0828800180871,432.7174400898459,414.5888976038074,373.55307662780876,376.4004353001334,472.0616511121139,418.7795098767648,403.5497463314989,362.40292125917665,405.4799791861904,393.8769686192584,399.64920881713533,403.110324108776,417.117539547094,416.97672747485126,398.6250673160604,413.8102521402333,411.1393402313041,411.9507443948461,413.5795363251317,418.8971432366665,418.04456008419015,421.48734485643314,391.91139816995826,413.7396525390001,410.06126160602616,412.13532015873955,413.5303512620011,403.68329113207545,412.3311921221928,414.5757426136856,413.6158884370688,413.49040154068734
photo_girafe,305.73573775855186,393.76162344762037,402.928694815581,352.5761498222406,364.2187615126462,293.1479681521261,369.07253037742646,343.652709124866,309.77040094959455,371.57720667512893,0.0,279.29959134206894,393.868483486349,340.31726004043276,322.78920999150534,304.88784626033845,329.74844046869043,322.31958743580543,283.76079509380077,309.5968015076431,381.4260421169293,352.2635362413641,356.07024465330164,355.76311910546815,314.06948751239156,323.14811057666907,324.9525519683489,312.4867900804808,382.0542114736867,300.2556407594291,417.87367137817176,346.6127553449855,326.76937124465223,396.936834289494,324.43021686111206,310.3361316465688,377.9655287957688,309.6388694177551,293.91269107203897,338.08371477573223,356.75816548176675,337.221192879293,319.0283131509714,319.3926937374014,298.96141314079136,364.7238755777598,361.0711018547104,346.56868743864624,355.22748482374,308.47793636762646,341.8756653007393,330.1403976219664,350.54682811711746,331.77127087914795,349.68109728740404,393.1233924801833,371.59679120502875,351.7778855841857,338.82020399900796,349.3293255329155,372.45252238820507,312.12756735104006,332.5251718387741,350.714496724613,328.2682464134584,339.85641556931705,318.31882848522685,346.1442743880772,363.6851834566537,343.6630520599064,357.8984999291227,350.6642078151632,323.46409308623697,311.1059205507337,314.7951166968855,331.53496243623573,339.85072095297016,338.5827150078476,311.8589883388791,341.5031567177096,334.4394483725376,335.00628132671505,337.5441791121049,337.65404593314594,336.4334359575769,331.7582929648725,309.54165990225533,339.70238347861203,338.5787948590966,323.5105624445789,337.38039899968663,318.67198073270947,333.27895958683115,336.66540591390327,343.1816185969035,335.2642009457127
photo_fish,332.1831968489773,420.95487864851987,378.22777699989143,377.45671286079494,347.52198184584,357.9236806019664,395.5158503991661,368.7006533443775,273.86687078020384,370.13096014615064,279.29959134206894,0.0,379.8494595324429,364.63391710242774,382.44233846185136,370.5523823449713,357.6412209117506,238.58946642433295,288.6621172150927,279.8099568470799,359.6869876954383,385.14400223193906,335.3009437487673,375.9846652298177,338.5416827498447,354.38097414352416,202.63884698575973,340.37070329204954,395.7796832799688,336.40664460671206,446.09665455305276,381.39631160362023,293.1857094390837,358.0955572292376,359.69874025683845,219.6781977375396,360.9852515418095,340.69985360650145,330.6009927923344,403.69846992867286,383.8264157642541,230.43829586528867,220.676268030185,280.08770106910845,200.60241632641774,327.6750795791125,291.61116885238414,377.60905062728233,384.0649967369254,334.038447860132,234.9347511016632,396.1376154547007,384.11676457213423,398.14267319627334,379.39501825933684,418.9932673864769,392.81983378673306,349.8585000651896,349.38534823013543,289.1497342655615,431.61696143750856,338.43698287261486,361.2346012230577,414.7301740503214,383.8681814239417,241.91941825511313,310.2145902678881,317.9903743373796,392.1885327311541,374.75599104717827,339.01802005584557,377.1061212355107,240.89700012910697,261.01582222908206,247.19790210772734,242.03949246616736,241.26485831359335,240.8467487130103,258.3855515705167,239.99569889966472,238.7644943337216,235.86274671835554,238.45902298907475,244.68530579732175,240.40242076581592,248.78557345982108,253.88604256260624,238.00508634542834,238.83705259143673,280.93049145655664,236.59249149560816,255.10196239264545,239.71866846492458,243.8309897566535,242.64601108401428,241.13623266922002
photo_cherry,279.7366846802826,333.3645774937462,410.1655427937165,332.08959460072913,235.1059729137326,315.2411489636551,316.8441672661104,287.70018174555275,395.5074503563758,374.4472786843999,393.868483486349,379.8494595324429,0.0,246.58702428628857,341.1050950793263,332.67919427628647,308.5896192197238,370.9162975589615,416.68331623582293,323.0988720796464,393.74465016999324,316.38736891940056,296.25084920907443,343.41832298832543,302.3696882049037,346.8002512345196,414.64367950310697,371.875131963389,288.3484593043362,354.9305638851381,342.25791826566876,290.03153040017696,411.99430509622664,421.42394936163964,302.8990511942189,376.5120334195273,314.761774470582,293.9598219231489,322.8989479340823,353.7280339479903,307.2596037063773,378.18577298362845,363.29108754077686,347.3781353204796,413.2348898059529,372.9039577534582,326.3736757290767,335.6576578913943,412.57317505990454,330.4912751750633,381.16568498157795,330.78888669978363,247.70272456054116,332.6755252982196,274.7781973558075,297.89496389989165,327.7981792634246,393.78506757787943,318.3783026111644,416.8174214117174,288.50642335287216,314.8049094786709,315.37514636026475,370.25214039810925,340.6321772479234,382.8921743562232,431.1260672139735,362.7336079748324,315.46065576146356,281.4460285075454,326.8410313100846,304.7052340796762,353.6885991826675,341.43199786538355,348.8134425896972,379.5918393972825,374.7956223688317,372.1585902570666,331.0935281842541,375.9851941271741,377.1562657475901,373.34815161480066,371.40630603283745,374.5504590706857,372.5585515715039,353.0810026831405,346.05285780493773,373.7663288628234,374.8165366368691,317.26536994216116,371.8125172291346,327.15103436098786,366.2147897152395,374.5148155939613,378.59795821856426,367.2506049201127
photo_tree,196.7561144649461,340.1385220675863,422.68412815571816,349.28185059307,243.79501624896898,248.41774414391358,265.94486258144974,208.6235667005823,343.5435019535037,389.9659673390217,340.31726004043276,364.63391710242774,246.58702428628857,0.0,292.4388481157512,267.920565760262,290.49147131571414,354.3046226439406,411.7664341464729,328.2876408833987,403.1608753943311,304.2052123396254,276.58921797401007,325.3336774558422,288.6176562370363,312.7755012084475,401.9525348056911,337.63383797762737,252.5871724072102,286.11238660023207,291.91265886553424,220.21022101975444,360.77745273619803,411.78180662020253,302.7165498479187,348.80868631678277,337.39795222851075,201.225929259026,252.2583194452339,304.26501435375025,249.32018668186967,365.35308540853697,401.48914589945025,350.4342769911119,385.6824150510087,386.77930441545766,346.8068721158072,263.1945051291451,402.7061101391448,264.0799496187014,369.64408802961094,264.20007751296305,198.6484200828653,264.4327402058644,190.57386812862563,240.91525626526393,257.54299353299155,371.45177870065146,320.6913677884449,423.1032390352641,281.9218178152124,249.8632310126026,241.91672662286888,322.2883493701654,276.4335414733254,369.4931647295682,430.93387639959104,371.7605563645118,261.0977884489699,193.4797674847248,280.06320898523387,222.9579986288246,335.358459303254,326.46311909535837,332.66311173093254,355.88695298730715,363.78861574415146,361.5123528532382,316.46268444095926,365.41314724288884,360.2338741509905,360.5704914628541,358.55487523457543,362.54302551966043,360.46346409583003,334.5795891786944,330.11065890295134,361.9715393149593,362.2877733645678,294.83480465937964,360.4752680641713,309.48355195411926,351.4847576677857,360.0456256660633,366.79198554054307,353.5584621275083
photo_flower,259.49811033889813,398.8689785293774,455.3204624488241,395.36286940850533,266.9729410917316,178.8904906942747,328.93856616372085,237.92688821582018,357.8468101790935,430.2100412044435,322.78920999150534,382.44233846185136,341.1050950793263,292.4388481157512,0.0,155.3178392225674,332.5401308665359,371.38310325607415,397.7723816995279,359.5579438704726,433.57326232842024,405.9210551250059,326.69323548019395,378.8641040654588,328.1417631849156,383.2278992870513,420.20279525301686,384.0454017986952,231.25940908200224,268.52755073069665,256.4924108712622,341.3480138223316,376.87363747265664,449.6104079899182,230.14008073815245,373.2865786623027,397.85629613893246,260.70404421726914,311.25759315405367,133.60959019011582,250.56190516947947,385.50315154491,425.6682267050087,374.9670576204289,403.3818108786575,423.87102936068436,375.51500153394585,365.15095729045396,364.8332718351956,230.19374147522657,388.83746359588855,228.50374645372156,296.6169812190749,223.1182028993592,265.12641347839747,293.15250550364357,262.90079362559874,409.2472050696724,255.57916503779364,439.6646487699797,318.36000746924924,247.04307783136557,225.1045407820839,168.1313940094054,206.91353497661962,386.3868970065691,419.6211458623865,398.1777415628125,301.93407889394047,308.80002095795237,318.5306842509973,309.9050002027873,358.4241748347794,353.90118637950343,356.81618424109973,374.81351217301375,381.6208579853126,379.0811917945372,342.6628158561468,382.57340410974626,377.9322369108251,378.72640528189083,377.6936732442299,379.16798306696023,378.243270841968,356.6865085725594,354.44341167831516,380.89307589634876,378.68865689343914,328.673727923834,378.20420026536686,337.96175244321483,371.99479063822406,377.2328460492624,384.2751488473006,373.2877303795218
photo_carrot,242.9043307283078,416.10758644000026,444.6850929426923,380.2063475360678,289.4063484436688,138.4997157057134,348.79560059084287,207.67434240883986,348.2121450788632,416.76608446580735,304.88784626033845,370.5523823449713,332.67919427628647,267.920565760262,155.3178392225674,0.0,319.1772659432032,359.85016870583553,385.03999915011275,348.2747603156574,423.94263107855994,391.928953561971,310.13858004365346,364.3274419532903,309.2072632572128,368.1780555336938,409.29053808351495,368.16401904702826,254.73846874423347,240.3282198022388,265.37911147450757,328.65816681235196,367.14432983380266,438.6528720457294,256.15102357958494,360.04231085315814,384.9126933626293,235.08864199698814,299.6513774405248,144.75150276462114,274.8307198071478,373.44575601594954,413.10997625195074,362.9906973752157,392.4850245994521,411.10251392743317,362.0859480161295,346.417293635092,350.82851595103676,209.13358415001125,377.34194317976227,194.75441398882703,280.69170138746983,185.57622634685953,248.4570425985986,311.9426306784941,228.5736930623477,396.00396714462704,272.9856925220345,428.78056243349965,304.82641866960256,219.45704117929407,194.3163779253053,166.32354640390992,176.07066866375396,375.39412725865384,406.52139066222475,386.0711453491759,322.3249644369129,288.050246653481,302.09977088778925,289.0806648425467,345.75320077911795,338.6130952063298,343.07253153800366,363.45232208714117,370.7336926478407,368.18748401639743,327.13873218009985,371.93879789636344,366.73235720360674,367.7067051812437,366.50579595986574,368.22097128862976,366.91633729605877,344.35831845195577,340.3524899438227,369.8438928622963,368.1610791914686,310.39553711584455,367.3801443624321,322.6191897214127,360.74335014033505,366.3729918462908,373.5431114879978,361.902194932134
photo_watch,265.8906082385598,332.14425885139616,370.05624823384966,312.32947307760907,327.5844181024475,311.5872431132266,304.1205230170564,311.912961876189,388.5142468897728,333.30317519076897,329.74844046869043,357.6412209117506,308.5896192197238,290.49147131571414,332.5401308665359,319.1772659432032,0.0,393.45060120679557,364.83529208797864,326.21673825811473,350.16710744597844,305.35815098042804,293.05672139762703,254.75747884388417,287.1615581902293,350.87424247404704,396.7229676865572,325.69846012543445,348.25749503393365,268.83981612476646,367.16189767686006,343.45620996247413,386.8951269204049,357.6486305258637,340.45526991993654,372.54952608295616,281.45521134726556,270.12588387353225,241.62994563753142,343.29499122055347,283.169340041355,401.7568510837302,347.9281343583193,349.4260810375677,375.9593229967692,327.6192045503618,348.9905344492831,297.53596995415444,348.8312798922595,311.6264627914442,404.87492519694285,348.29781032335677,315.1511241964101,350.589231467518,305.5957681060525,309.3444325211257,315.74561980194585,318.1402241874811,357.5145714743911,350.9295408592691,298.36783975645585,277.0228561526681,298.9560721982561,335.1433478444018,295.0730431462108,386.80547882390937,384.7841767088773,366.1166209289259,364.3598183118641,322.9927614973105,328.144689599219,303.53331037098974,379.4192126721227,371.59570845114615,375.6137590331569,395.6569593331539,397.13589145277365,397.582477359002,361.2294503728457,399.0598025833296,390.3358546973606,398.0461146593723,398.2568941227473,390.67971189374504,390.8214970980142,377.0781811815248,371.0166449886395,401.5963054581405,399.90913968499837,343.9001505381842,397.6308235699669,356.27639940339486,392.8363644528145,392.37217626945255,404.468708833491,395.1423756843653
photo_key,325.2407597594912,451.2027056049016,353.6699830764508,372.2957897553507,340.48890083524685,344.29363700199656,433.0011152759531,359.3446755901764,176.32267257718067,400.38919594435646,322.31958743580543,238.58946642433295,370.9162975589615,354.3046226439406,371.38310325607415,359.85016870583553,393.45060120679557,0.0,306.66923729125,268.8193469715265,371.52238547749846,415.15899054389996,320.52790745509867,386.69944385719924,328.16776151448465,394.7352974718608,227.90087313965665,361.2775627430222,388.9665629156596,377.62934802058436,439.06978622846293,370.40305719340154,194.8101293302982,390.7188468312323,360.25738862388016,176.95557240674415,398.3628984862808,334.13508342144394,374.52126833245654,395.2600117374803,378.60810838857054,147.76468575153254,299.07475787908436,281.0995110681546,226.1757590972865,381.94741955000086,225.13483609640318,388.7929694407666,418.0364195403977,326.18695440453837,191.4264168265519,385.3228341774393,376.88638703195085,378.96044634102134,373.2104291576919,410.3633794653857,377.8483474124719,365.7721759490285,364.27626821273554,307.7816517152633,418.3592591558405,332.0832013395423,354.8669405774029,404.9625952376542,374.7304945289468,175.24755385264604,329.3297436375615,260.62761845542195,384.3973601575837,366.53052208562116,331.55254265992994,342.95992215439156,179.9107719717637,202.42492283904886,181.74569715306234,172.71154824100117,173.96669870237466,176.6706384804667,198.1711541170258,179.72406555059513,177.82860287903785,177.27263917952047,179.74438344463528,175.73355804643336,173.27595302283078,173.99585217336343,191.40582853644366,180.57889679855126,176.65284237418368,218.752673612994,179.0960422045185,195.5337405859226,179.0056915774646,171.32405428039664,185.47531271460136,182.24904393394303
photo_truck,381.16042555558096,429.4873276026085,341.1798963944557,355.58936988947903,425.6125142102325,371.3433100452814,450.191536013755,416.440621031122,305.25148646876306,353.540574045831,283.76079509380077,288.6621172150927,416.68331623582293,411.7664341464729,397.7723816995279,385.03999915011275,364.83529208797864,306.66923729125,0.0,269.50362506841407,334.1603679195569,387.2679556030463,335.51609271224606,365.17666830253455,334.59214972526934,395.2033190540554,309.39417738991636,365.7420388409509,451.0038689044163,386.55055693229116,493.8282100818493,425.0614621785445,315.0288438384474,350.0034289825867,409.2099020294603,306.1726898184787,350.584423958033,388.74201181466447,383.0308930007767,416.9899090861895,432.8289476874573,318.75614113548914,247.14618729953528,267.95171009913963,288.1610040882583,313.2296571238141,313.9437245493014,410.9980593411795,325.994513717081,378.7761670155209,329.74156017274913,403.7238422093841,415.3638526429883,403.08042021073743,424.76426766032284,464.5117322395552,436.8870442802069,366.6263385152145,404.1948681646814,270.31504410847555,405.4010123606719,376.98621518630245,406.9926812315613,425.7105656932907,402.25117468397497,326.3297489073304,175.63777804269566,287.60075681204745,437.0554401428393,420.6289032203509,375.5794387722624,411.1378849303535,324.76631215129737,339.4140051318962,330.00248200235654,316.8139791711281,328.59764904514265,327.6147103758884,338.8012818288878,328.1783119271582,322.6661807877241,324.39143242925184,326.96826432927844,328.6918710344987,327.80153519620285,328.02043341855807,331.5577841485234,327.74564089481703,325.14396656356683,351.3630135670485,326.57993892578475,336.3389531436082,325.71610114353155,326.41804130441807,329.1747057206715,327.9084453331047
photo_velo,300.9760956307083,385.8128195934919,332.76179817784544,308.5105200395747,351.3534536802336,332.2357675906813,407.3379079783985,342.2881014256014,263.28590427589876,343.09543011660753,309.5968015076431,279.8099568470799,323.0988720796464,328.2876408833987,359.5579438704726,348.2747603156574,326.21673825811473,268.8193469715265,269.50362506841407,0.0,309.77389065522897,351.068134284877,249.98031056945482,344.74806765334245,247.8121411174208,358.7323390714049,324.30537216367657,344.09561441963655,379.1780508570559,359.54770543969533,416.6825085317743,339.32784379773767,277.62740406045793,347.8124133974334,374.0288884996137,257.77047133178917,295.5010539365584,311.47682552360925,347.32945089546774,381.12876501009725,355.39378921350857,282.56215886387054,238.0992921147557,139.0095754050152,300.0603822220844,283.7338044668039,253.8013258696468,391.75007166520123,347.15443730486754,307.2554678462676,288.4841961838422,374.0935961502297,334.7111372488423,375.6992283569194,349.0469000296397,388.00311636092897,370.12993525889186,338.1470047653063,384.04914293684885,277.5602415934768,362.66652087127403,298.39207781342355,333.9909575277061,391.22971107182684,361.01197493676517,289.7896620764582,296.41998862349703,192.41707374310857,362.56005245750384,347.23763292075773,288.4220428760739,343.9014681346233,277.45114987111117,295.2166532092944,282.7952680609762,277.6976807720609,288.32535007429476,285.72457657306944,291.3852649244086,289.4021722445974,282.0117253801391,284.6034981701932,282.0575784415806,286.05469530004507,282.8115277687353,276.14400780031184,287.51935383911336,285.24830398307813,285.17947196989496,303.8479876774173,284.39595937173357,289.0478255114949,279.2415021584968,284.2788213076484,293.9051699192601,282.47459200521496
photo_road,377.3147050117501,386.3469826374709,215.98062436895123,246.5226601133364,430.2191365685378,405.31345061228984,420.740118612253,417.80773102765596,365.1579795888517,250.77247892406643,381.4260421169293,359.6869876954383,393.74465016999324,403.1608753943311,433.57326232842024,423.94263107855994,350.16710744597844,371.52238547749846,334.1603679195569,309.77389065522897,0.0,352.0067266634424,330.7131007196469,292.33396768900906,392.38501908186873,370.6558724321187,396.791804280055,301.0548304575898,461.9688135168059,393.4924865967097,489.57166553197646,412.15888120737435,379.24537257394,289.3011244846385,450.6447496592424,388.7300676573034,298.22463298725603,396.38445002365194,373.02109671488944,458.4892109790708,438.4421393537952,402.14231022567844,328.52437309945157,334.1031576903202,375.13158211938253,284.1807981098899,387.9380149140735,371.71418990031464,344.37785756090415,420.96502854158496,411.015812471749,443.7408308681527,406.26469435724624,439.9841355626679,426.1836164066776,467.0193168939126,449.4396812672792,277.08280912688457,457.04071406193145,356.20919154092616,447.25457120466405,409.3268750846379,414.02734194289025,466.5313607308084,437.9005868650419,406.2024945291414,371.03963498627826,346.49132443351687,483.75043995687986,432.7235513700359,373.13984012296595,381.9297226537413,399.0520463925442,409.9239608208646,401.9849060385985,393.68243272307,402.631457410817,400.6938596200734,406.67938907686084,402.4387633644853,399.071947733751,398.258941521752,402.1309888090775,399.8203325359157,400.6746371764396,397.42711461130284,402.2870890845027,404.06873264046175,398.0947018205902,417.2113321237538,401.5614045415262,406.7323750759932,399.6900518755499,396.09016782782305,404.7796039651522,401.8986881240115
photo_house,331.22844560881134,221.26557953770546,372.6629423432703,311.9549223363932,365.3377397459428,368.4504137365364,299.48181936969047,347.04965482225015,412.5048345458316,336.79513462802595,352.2635362413641,385.14400223193906,316.38736891940056,304.2052123396254,405.9210551250059,391.928953561971,305.35815098042804,415.15899054389996,387.2679556030463,351.068134284877,352.0067266634424,0.0,344.4813618917701,305.58882854011483,361.8944407924973,301.0396820541389,419.4906967629335,349.41494437769944,373.27006512106993,350.0111557603503,412.9590632248631,283.8891202282071,428.2080950198115,383.84759116241463,415.47120287568566,406.5367934891584,322.5112681795965,354.841798233061,296.7355606331143,422.5759906201784,373.61641073267606,426.7402301545002,374.2103194001746,374.1016596089736,402.04162585034595,347.72086249221275,409.02177367064235,317.7048120500841,346.4129312831634,386.8489387815036,429.04162379461167,378.65898319597505,332.9753042094635,388.4760806019216,326.95830292313235,363.8382342035888,386.9451831793074,367.62972353767066,425.27304119701023,401.39961989145326,344.22084944074396,373.86592531093487,367.76532550909684,434.4435891476926,398.5238292430347,428.5139719737677,409.05649118619306,390.4802729512878,377.84461986216644,317.9540018574461,393.6408848530943,364.306853957466,408.2441744907798,392.21047027701144,400.26868566440834,420.6769692975665,425.7038040015893,422.6719645509715,394.61926268586234,426.76501716528446,422.2948163663389,421.6676298889386,422.26018196132156,424.3775819430272,422.83953723422644,416.4571112473501,394.57785384093273,424.500860639135,424.4619256788539,401.3013777396157,422.881610075039,401.2034072930109,417.00933076974763,423.17230451699567,427.6986861838456,418.4223505328525
