,photo_face,photo_profil,photo_eyes,photo_face2,photo_walking,photo_standing,photo_hand,photo_legs,photo_bird,photo_butterfly,photo_girafe,photo_fish,photo_cherry,photo_tree,photo_flower,photo_carrot,photo_watch,photo_key,photo_truck,photo_velo,photo_road,photo_house,photo_mountain,photo_windmill,drawing_face,drawing_profil,drawing_eyes,drawing_face2,drawing_walking,drawing_standing,drawing_hand,drawing_legs,drawing_bird,drawing_butterfly,drawing_girafe,drawing_fish,drawing_cherry,drawing_tree,drawing_flower,drawing_carrot,drawing_watch,drawing_key,drawing_truck,drawing_velo,drawing_road,drawing_house,drawing_mountain,drawing_windmill,geo_face,geo_profil,geo_eyes,geo_face2,geo_walking,geo_standing,geo_hand,geo_legs,geo_bird,geo_butterfly,geo_girafe,geo_fish,geo_cherry,geo_tree,geo_flower,geo_carrot,geo_watch,geo_key,geo_truck,geo_velo,geo_road,geo_house,geo_mountain,geo_windmill,word_face,word_profil,word_eyes,word_face2,word_walking,word_standing,word_hand,word_legs,word_bird,word_butterfly,word_girafe,word_fish,word_cherry,word_tree,word_flower,word_carrot,word_watch,word_key,word_truck,word_velo,word_road,word_house,word_mountain,word_windmill
photo_face,0.0,435.365792068168,487.025731858672,382.98440759091994,307.4716825345744,278.6021035763597,352.3432657107166,269.5591488022732,383.0798995911412,454.0986263572023,372.7248109280747,410.1460485800753,344.59775204210615,232.7310912742719,318.21514535081957,295.0752409289415,323.8435521423429,403.1799398135629,473.2380085979747,369.5296848569997,464.97970264813955,407.7379612563306,309.4299149265436,374.0147829200238,301.98906313162183,390.0890984610112,458.9866372003802,365.83453619140073,327.80826059177076,304.84798271168637,369.9619145764418,307.26889817236076,403.07567703649056,482.19259232635756,331.2784359728724,392.93030135414165,399.38682574867573,194.97688664874758,272.9577506234945,333.32494977264946,264.5780690598525,415.5734127249197,461.6942669194745,393.3674331824514,438.2718374559644,445.62106936506257,400.98352453066,348.182514918343,473.2400301040801,284.1901270731946,418.4029000938421,332.9917198084267,278.02737534148855,333.72307260624586,265.36183821022314,323.69916649460146,325.9430777315846,418.44073924931024,357.94737553645405,490.76208528156303,376.47470909820373,268.88931965259707,253.0903528442307,361.42309754868006,315.1396881216381,421.19398185807,501.5726704463426,423.2704282325135,343.95504469518124,264.6899405422584,305.2741649317937,258.56864036709646,382.92915225924287,369.770316290827,374.26340484043544,403.48488290982726,413.5731073712139,411.28819897998375,354.8331424946662,415.9896138853593,408.5172602312402,409.37377150110757,408.02920559328294,411.1808281740143,409.2282498604806,377.3992419179323,369.87694085964046,412.43046975838797,411.35893995853144,333.6779187215072,410.3005517870339,347.9215777297753,401.25516308207807,408.9273903942167,417.55949832167954,404.15566107557026
photo_profil,435.365792068168,0.0,493.2689682414724,421.8435269048154,435.43663979043674,497.16928956726287,312.6401336334423,462.38230360364093,554.5974391768233,456.637290498644,485.6197548151477,522.0985266128993,410.2120294081438,414.8351484033669,495.0315970465595,517.0297792038185,410.1631391896465,562.567471693638,533.0432284367469,476.8703416254031,472.1256870293186,257.7982590744151,474.0655280916746,418.41891526952816,488.2559671418106,404.388745573437,562.4340937792384,474.80690273390024,444.64619216445817,480.29046329789156,484.8548846170475,375.6621795247791,574.6833483302566,516.3227506314706,504.3820405648629,549.6226082028242,436.27252225619344,485.7748205363586,399.83564273252614,514.0333217120323,446.0507596059035,571.4916926587796,516.8659472888211,512.420327297319,545.9730036704672,480.39264254887,551.4639921769469,433.95894803507304,450.73803116952007,512.4989807722358,570.8601955094942,505.9470529816689,440.50484517991475,519.1510342638946,432.2892590420621,423.7814213324859,517.8643058935957,486.3039501298404,522.4714015237862,542.2465775717494,453.94674087104966,505.78753713807225,493.2048786257689,536.7920380676201,523.0567339553057,570.9480163273684,552.2817015723008,526.1383279497969,449.8803858294673,438.24794524227616,528.2409393415509,488.30968540749274,544.6683690050305,525.6525435262241,534.3714735463416,561.6752588172217,565.7394071613631,561.4556647092808,527.1296113834293,566.8359711774459,562.3293029952424,561.5222897835574,561.6839374653131,564.2913653661786,562.4845377665777,554.4068543538086,528.2591557030551,564.6698533679413,564.0478428090402,536.6528949039209,562.0561624900282,535.7080180430377,555.2698104950251,562.8420491374995,567.6559976403493,556.797840315499
photo_eyes,487.025731858672,493.2689682414724,0.0,321.5972321062779,561.4499304678623,532.3351689958996,538.88771329458,542.1597047938938,430.15200069824726,342.4447572658093,500.7107261170966,474.22188120440774,508.21872114286924,524.8135313528625,567.5611028963367,553.2068522413882,458.14111765208276,440.09306156247254,423.244204091729,409.6306538072471,255.54812620678044,458.0741411422694,449.3948813505076,388.4694746457294,510.98022184980914,478.65134340432144,460.41706443379644,382.36260480459515,601.044066295284,514.8509221332702,624.5808711443207,529.3640657185803,444.41166122578466,393.1044309062086,586.0328592764394,462.3083247540773,386.86786267670936,519.1618721876393,485.5860495194013,594.2852529551682,570.14076063971,477.7643752045348,434.77172648210654,443.5180786424606,445.7622584044139,374.72018350251767,462.92659708829535,476.81095876843744,443.5738018033182,548.4190822826764,483.68305291783645,576.3142573694141,523.3834363702022,572.2023396100905,550.7322593129235,600.5875273019172,582.2846520633901,358.15979889889985,594.3541058902124,407.5069300231977,581.0876514852933,537.3510111716074,540.289471382164,605.200915084402,569.3032399083208,481.94061111591634,442.31597506421485,392.91035859326405,624.2976488149715,560.5068455691986,489.22273574061217,489.5755223336528,474.304790962798,488.0687372488435,477.4718975469163,464.4786711240134,475.8905521293315,474.24471365439643,486.640003560942,477.0994228914992,472.0513878401982,472.69114359534115,475.97011217265947,473.12991198533683,474.26189782488666,469.47205902568464,478.6498726032533,478.693510415854,471.9487214685759,498.6307366362677,477.41264646951487,487.64446057447685,473.7408076691288,468.27320469866595,478.7726623902583,476.456635647798
photo_face2,382.98440759091994,421.8435269048154,321.5972321062779,0.0,475.3121810286462,446.34132851193226,469.3172501065975,451.09296083097274,445.4913830129185,274.2031134571016,436.93711681300215,471.5973625536855,406.68233130728333,429.23172203437343,488.8374678531388,468.76714398969665,385.0855992143931,460.83580153041953,442.7505551186851,373.50050580440666,291.42936785826384,382.21221692217836,415.91264602446944,324.91817950912883,415.84327698934493,407.23460849717765,515.099152140166,275.9390702578278,516.0344567862575,447.6907699728854,537.5877899212846,426.725905071471,464.48652992547295,404.64967565898326,504.1319965904491,486.23337876148014,385.50992287117464,424.4447900989319,414.2710342115543,512.997293293541,480.23706776125726,499.5525244132357,433.8160201418795,408.6141543231167,497.46966342980306,381.7118635289546,482.67889811507007,404.03966759199653,442.7721236594926,463.6736562652051,510.4603892657064,495.27474240183966,428.03651267753503,488.36235781247035,459.6533275221415,514.9012973810571,499.42913032728325,322.69305741910046,517.1068731058431,465.7156093440501,495.10241796603003,450.2049622734226,453.613356962424,526.6137461604934,490.10940931887154,505.513763330302,485.54935539725767,422.8658810652234,538.1928360435952,468.3347548611002,455.9381838110566,390.2892373414861,481.65662641097435,462.36589030642045,468.5591714435898,488.3600589522219,499.63214308966457,497.8478277480809,462.84356523055897,499.89311098556675,496.82044063268614,495.78796804835093,498.277491095973,496.7411070637286,497.42810958573733,491.09276306753554,459.978161236723,501.7703813723814,494.68677698811695,476.7893473735588,498.8194864586423,473.79155060213213,493.3684451808257,491.9634606876184,501.392693878676,496.0298616582089
photo_walking,307.4716825345744,435.43663979043674,561.4499304678623,475.3121810286462,0.0,335.0188032946247,342.2242540467502,304.8517366516809,450.2191466791173,527.5369390991239,449.42471100611294,430.11610090256505,293.07367772539203,296.1389757956043,329.83784167354037,359.7512983051086,406.61188785341074,422.84158368693033,531.0380206429211,438.065573855515,534.4012273857618,451.48684176716625,398.86967688126475,456.9570444376587,396.06074744754164,433.4030709938337,477.43786262358844,468.93150388761586,256.846483814094,396.3399079336373,342.02453786945597,363.57866895967464,474.54818819208936,552.9502694929912,265.9937880251316,431.2925897810557,482.8427222017348,322.4850076131812,388.125258023191,349.8867657063067,314.0015079883604,431.14761378335135,486.18800489292994,462.66838610258367,475.12318598364527,521.1562258933233,415.5457144722913,397.2122064211373,539.8288730272801,361.3060350209204,435.4924374417514,371.9274193309065,317.7025086468761,366.3161967295596,312.7097766715135,306.93282742897094,356.83590672092856,504.00043179741573,299.9781191069042,546.7190022779107,393.6598200746029,363.2796265621064,359.2807261736321,378.76123313086333,372.5492753234642,435.70558683065985,555.6400989161933,491.0234127703237,324.80036256982197,329.03577756005404,397.0664256400556,350.96712372380813,396.6786010904709,382.6800873873786,389.7098251373695,430.01071101313363,422.81006606016086,419.1051305233242,364.64816161364854,424.5629647290944,427.2276592698648,421.0155609839872,420.90765400035355,422.67052786944174,420.5264216494603,391.5443331021678,388.0913503020283,424.0699706945198,422.91299406034057,346.70229431897695,419.5050917684222,357.45061164651355,413.2957697324176,421.22363676649053,427.16151889129884,414.2027842885008
photo_standing,278.6021035763597,497.16928956726287,532.3351689958996,446.34132851193226,335.0188032946247,0.0,418.8237426687144,222.7645504516987,409.04474660520435,500.45761555698806,356.96050769045877,443.56629279666475,394.4507015404403,305.8643823884287,213.57395063328278,157.9902469991983,386.86607278663814,428.40507732058086,459.3112040298381,413.1364752111555,503.22302589509707,457.8859007806935,361.9825186611363,424.7688883800193,365.10272918026857,428.63750737370543,491.6421338638354,432.52420760775175,298.84921083076784,275.962366276488,338.3987656460186,376.16188254649234,432.89789372431756,523.3864213636152,313.91293211701907,431.22500481374414,462.4518173519683,275.1076885144693,361.231380440327,226.46888918752862,346.3921152568254,446.7569449542704,495.18911144801166,431.07630364460294,471.17457642225344,493.63513061208255,432.2473363167078,388.7180637902709,426.68777434044273,253.35237482054504,453.07095752671376,211.36710044177394,325.21525996170334,200.64375635411628,276.45655413219373,379.4315234878076,266.5228793498377,470.47748468787654,341.5336365104381,518.4063752128092,361.79056832697125,268.5243735407826,237.88045705330475,252.11710266554235,224.4815498352974,451.13858495566694,492.314105239667,463.07308170308465,389.0048450954254,324.58835504186084,360.2979068928239,323.81398964953297,414.4682774459523,404.44224512629637,409.14837713312494,434.606899153438,442.9760812953729,439.6576265424586,389.4258571087499,444.52617314375357,439.8964297142435,439.4726359181104,439.18138580750815,440.5260185035539,439.2970655148853,408.70488284626293,405.5983607898271,443.2703379147823,440.3922676678044,368.7353291591585,439.97148771004925,382.5313882401058,431.88655559233626,437.4415391909958,445.77406942055603,433.86466006775316
photo_hand,352.3432657107166,312.6401336334423,538.88771329458,469.3172501065975,342.2242540467502,418.8237426687144,0.0,367.4996302395748,529.598868204418,500.5018513126321,456.1704753747326,492.4846345469516,391.8033761879044,320.88496679161796,408.3021494876989,434.65359192699714,377.515910291792,540.8364882156214,559.8045789283296,505.99911976399255,516.8840050485686,360.13365119494614,464.23159487742976,409.6764447535915,467.4254381886432,395.5144189133721,536.7085971691206,440.88507989748626,348.56276396384646,385.82770446202704,372.1961867828523,358.7348146250669,551.019004313459,546.2301482449687,414.916162297887,524.8333368288822,431.2137771615564,389.66001360183674,303.32281582834594,421.3346756944276,341.4757098708739,547.4091303760467,544.0155030565166,540.488091518962,518.7698742506648,515.8623910866385,535.9828490518745,329.954149318899,501.26964238151356,428.0559948813764,546.4363246029219,423.5997732070637,342.9009154748496,433.15704536461124,328.2714347054037,316.6981734351873,429.0382039057793,470.63738975900435,438.96927468622937,567.5009637964993,438.3998661410281,427.3275643870177,406.90972573884034,451.05546250736563,438.29123500393206,547.2940472266527,577.7579338354598,553.9488403073732,353.3679447119672,358.32846215258894,457.7077369556809,389.59777758795633,516.0835825622837,499.73154777966994,508.52523585843875,537.7049904370613,542.1365093707316,538.4377062663756,487.94869762975173,543.7533411525949,538.7291725663804,537.669494044633,538.4577080895482,540.8048705020648,539.1683617534832,510.5445440488502,503.447926003729,541.4941834721188,541.2564080028235,466.03748364385115,538.3207469912244,481.5490842588457,531.5770893603785,539.2456145044305,544.264480418224,533.1035198408398
photo_legs,269.5591488022732,462.38230360364093,542.1597047938938,451.09296083097274,304.8517366516809,222.7645504516987,367.4996302395748,0.0,429.99254109613594,508.5424643411558,422.9765521111306,457.66218946712195,355.41338686698236,249.38734030312662,292.9048047599856,254.31632076320014,384.93900867772476,447.6415359120543,517.6658825839909,423.3811701492682,516.6694793808883,426.844849559232,375.9005923554994,432.1597857702918,371.77415357566923,402.9492421467735,503.9483693367828,435.6754134180318,248.48574813183228,278.09460028232843,287.32961527261136,321.8193817790192,452.6797823368203,533.5586065302471,377.8583470397913,442.23962754739773,459.3128033373586,275.3229657109823,352.6808943030874,301.4646653737554,341.1916592247165,458.9726764044719,509.53168332827704,446.3561004075868,484.62085327968146,501.2814858011795,443.65523189780635,354.26434924419203,468.45844131162295,244.11831832414276,464.21315771250045,248.4355608842057,288.1895788444393,244.31510833442076,207.52036751954432,334.80978256626463,225.23400966796254,478.1067609976654,398.20018984667087,532.6330754887085,383.73006585168594,263.6464991152274,234.9763211716694,326.0721991076167,279.0127741209522,463.395853818495,542.0821552287506,473.9503108931017,355.5603115307404,282.59966217184154,367.6446139144938,306.3171787177724,423.3536125228318,409.8023457689559,417.50749153816673,447.40493023366105,454.61548857261107,450.63735674469865,395.73181915859317,456.6985954427893,451.9398730977201,451.3799054222821,450.30960932661765,453.2396334397062,451.3823155144253,418.26425919672147,413.65436779306816,454.28732667713865,453.05598690421505,370.3473271793766,451.2790133757055,387.5492244824985,441.73121061120924,450.2255250533068,457.860669519978,443.7002019407106
photo_bird,383.0798995911412,554.5974391768233,430.15200069824726,445.4913830129185,450.2191466791173,409.04474660520435,529.598868204418,429.99254109613594,0.0,492.5044872539757,379.8498231703938,340.5391125677622,495.244711568405,426.5647651103791,444.3020603366058,430.8603295433485,482.8994941249373,209.053543719187,376.30399904861815,324.4231782046091,451.57072463706027,512.3986415352013,386.1698976761232,470.9430539256498,392.3541074342607,483.6609741942493,341.19894539642337,430.0429183174143,482.60151592047555,453.07609345009,533.2111520171579,445.3722542624297,182.3380394886041,477.0044066268726,470.0684373562392,252.81224590585876,490.41401431152127,396.6658543611816,453.897580641103,475.81963466469233,456.969898579356,271.7336703267979,414.5151712488694,341.4501453195621,312.80598862306044,473.4705913708147,325.3438238269131,471.8258805763553,513.0825587839848,384.79381456461647,297.18006240199645,465.1214024396122,457.4965472233822,455.951966658342,451.47530356842674,499.3339337479851,456.4098723629946,442.35102680536914,482.48766047108484,383.01192750461314,513.0435865968738,395.05975531506044,423.8900353195092,488.9077896407116,452.20286696521794,286.1850407985303,409.8096034636684,316.4974711367034,462.52905243117993,441.891143135424,397.62451092350665,404.80465205370666,270.1445073925991,298.2591647304051,278.24702172218525,256.30560519582605,278.9025639672078,278.89980741886257,294.1837357611593,282.4308759866219,274.8279732542805,277.1488221097778,279.0310320548594,276.85666622348424,276.4667045599179,264.89105966666347,285.1591211674334,284.2428646965629,274.8560023892356,310.41067417542047,282.17906108964706,291.77346628488453,273.60694993407463,267.7869907437348,284.52753668909884,278.58632314198655
photo_butterfly,454.0986263572023,456.637290498644,342.4447572658093,274.2031134571016,527.5369390991239,500.45761555698806,500.5018513126321,508.5424643411558,492.5044872539757,0.0,464.09287343275935,463.94054919241023,467.1473861638726,486.6258191310107,538.079857004851,520.4202427003428,414.6934379762276,504.0631710481503,441.71276716825514,427.1466171510302,298.7627002348509,415.6474725744041,472.7999710601172,353.35410217117817,479.0165348261513,440.290021925897,496.65788974261255,326.6389840148071,565.4600716860022,474.38595685676313,585.9175186969427,488.1509061280804,506.4883707454894,319.60826159899085,551.0889233690084,514.8346975644762,406.1309770614264,480.1911836850826,442.20855204690866,561.1123595290067,532.5004903545554,510.8557239471498,420.672354209991,432.1335536101652,484.06626275697823,357.87723267276846,527.2005633577164,428.7688644430417,464.7974403818895,516.3538152242094,518.1218083230078,546.5697030460409,484.47424274193185,537.7104503146192,512.547630432189,564.6811314420729,550.1714977988563,348.3969368686674,526.4776668848716,442.67165851184615,545.6935590638797,503.0353295242361,506.3846081090474,573.9916363703829,540.3636089297111,519.8917586458754,466.39075686059414,470.58618618531307,588.6314153967377,523.31772772282,505.4119800593455,447.44395600519164,506.1703381009081,491.2183594503975,498.210107143078,504.57612464740004,520.7125657734287,520.2053515796498,497.19173595825794,516.6404314166556,514.4783479250103,514.836197669435,517.0745901115469,523.7498318830922,522.5958975520596,528.9830840324673,488.9595816518063,517.3073649024508,512.1757197296901,516.0430096995381,516.6523345238428,504.1717908020212,515.4141537088984,517.8685246273535,515.7481996427115,516.8165979417946
photo_girafe,372.7248109280747,485.6197548151477,500.7107261170966,436.93711681300215,449.42471100611294,356.96050769045877,456.1704753747326,422.9765521111306,379.8498231703938,464.09287343275935,0.0,340.22138582861646,490.5926499416744,419.38469465801364,395.34537633829484,371.2955994055329,406.23577538028735,398.2042463902541,346.60684504385324,380.1967349661615,472.2882296835448,435.60299594859214,438.7093215523603,440.3634364369736,381.16105126701166,399.051393193329,397.47348663471826,383.5718291442403,472.77277470133464,365.4340525590056,517.3362417944062,425.96356954464017,401.53316576854576,493.4943490236116,397.4583498666437,382.3460699891376,468.82491400271715,376.6641237315893,361.6049583577361,413.05410943323926,439.86239465189954,414.2058420817083,393.0895218785631,392.47184161162465,366.94584130957287,452.5652878108092,445.944551800391,428.9585581128675,437.07908576713027,374.8063543474851,419.01993810370675,403.90419747345277,433.1617747770885,406.0701937703274,431.87344015923395,486.25006076486056,456.7217080806444,432.20957775068655,417.67986568290564,430.92875417620564,457.3718914406273,379.8911575996342,408.1793969369788,430.7499031768903,399.9125948374505,418.2698972509075,389.8478209518968,426.3086496239228,444.69277571830816,421.1326088623118,441.3233865091067,429.1663633333116,394.91980458878123,378.1233277024411,382.36167654067435,406.66965896650237,415.5826653372312,413.45067268505954,378.669160050132,417.72285013409254,410.0364785312539,410.1376948590484,413.2768447259929,412.99763347597684,411.59772681331725,405.40474502804597,376.07370339953377,416.11252121314703,414.27392383823167,394.5718714968498,412.9872035459684,388.854319605374,407.99825047579765,411.69609651150085,419.2494733429343,410.5728856203354
photo_fish,410.1460485800753,522.0985266128993,474.22188120440774,471.5973625536855,430.11610090256505,443.56629279666475,492.4846345469516,457.66218946712195,340.5391125677622,463.94054919241023,340.22138582861646,0.0,474.8577295544363,453.50457574916294,475.4911844687848,459.633704460899,444.64395947669715,297.56146337272116,356.80632037725684,347.7910888801013,448.2805482068336,478.50161168753095,415.8451650436278,468.97018067610367,416.48004509468893,441.2920989852895,242.60031302514068,422.63445897536474,489.9145244842426,413.589246149913,554.1448230620756,471.23170179259586,365.65309610336544,443.2390350731566,443.51025213513543,270.52391031554816,449.410341847358,419.60590678284257,409.95039405106536,500.2880932931879,477.1729114447861,280.0191197425438,265.729610337983,343.10413362218094,239.79684922833084,405.5522190821488,361.994816347461,469.6292234760482,476.1022805603225,411.14783589917175,284.2150533455365,491.45383800458495,478.87483649644946,494.15859368748715,471.21653381478524,521.0469863468901,486.9812278738338,436.5894419135927,429.787956373971,359.63397692174067,535.8506057372615,417.5349753245378,447.13808890542964,515.244267180923,476.81403251393783,295.4248950300994,383.4860662514151,396.10674204991255,482.9138612677801,462.7290442106491,420.14573451604133,465.2822886447781,290.87291717493935,318.4787088784364,301.34579714939974,292.50114775067277,291.4483491620767,290.46153584458204,315.99066857450697,289.80929366421543,289.0556896880973,284.7581737215092,288.20597037426757,296.46996851604,291.44629557440805,304.1588336327518,309.9743108625701,287.7743822070998,288.25432599157887,346.7134511598031,285.5168351281725,313.2500297628174,289.145338462988,294.96759280434406,291.548823205202,290.77972789883074
photo_cherry,344.59775204210615,410.2120294081438,508.21872114286924,406.68233130728333,293.07367772539203,394.4507015404403,391.8033761879044,355.41338686698236,495.244711568405,467.1473861638726,490.5926499416744,474.8577295544363,0.0,300.2969496421909,429.4593381615313,417.0667918494456,382.455522590133,465.7170567849012,519.3892061725801,400.170768206656,486.08753529173947,387.46764618184164,364.82867472716936,425.3284019410223,374.5685262956256,430.3668624446896,517.7953068291607,457.3601870371065,356.9236706309044,441.65539201471336,424.74919211530056,354.4966295320468,516.7263053198535,526.4350058646006,379.4225636405309,470.4862032938913,382.42868113807094,366.84421187957713,396.25251992392225,444.15219573514406,384.180074050022,472.6533171640728,450.0380226519501,432.36009867231854,515.2909197171005,461.1506549147045,405.4413678307489,415.1757586453647,512.6886758721062,413.7118763040492,476.0968243622574,407.8090602719863,297.7015134769699,413.32122093024054,336.14248898235445,367.5616111222005,406.7507554871906,486.1161612731034,400.0233835428373,519.6342487423883,356.2747967351529,397.70565364119216,390.8768817592467,465.22286359460094,427.5020985789254,478.6318296956167,537.4728012242255,449.50456754200474,390.51970666395675,342.57677273082277,404.64802566199575,375.8726960890142,442.7788554474054,425.75813070750223,434.2215796749032,473.7108515074409,467.19513009293786,463.5506059095467,411.0226039146622,468.82490113940446,470.7149677216558,465.6884817697929,463.92795208186834,467.0415135776505,464.6724741687737,437.8362631918696,430.8905006877599,466.9058826530248,467.53489564222195,393.12035538085223,464.1718246256285,405.3638938221301,457.6302701864845,466.67973157870307,471.41744948466754,459.02542325750807
photo_tree,232.7310912742719,414.8351484033669,524.8135313528625,429.23172203437343,296.1389757956043,305.8643823884287,320.88496679161796,249.38734030312662,426.5647651103791,486.6258191310107,419.38469465801364,453.50457574916294,300.2969496421909,0.0,363.4896154234951,332.1102515590389,358.33515120376353,442.94608974736246,513.4132126211522,406.86445442308997,499.31147388043973,370.56911791439416,338.1331507337243,401.3954924803242,354.10943231355463,386.9867681976538,499.4242721091536,414.27079622968637,308.36992381701333,351.62530314599655,354.77526476415903,258.2838796161175,448.81880443808006,511.7406169291404,374.4062629336173,434.6779398006256,412.8295752972539,245.49916178497025,302.28986414888834,377.0896907220453,305.5913083082095,453.83794232890796,500.87540321361945,436.52012758128416,479.97944821005643,479.36774869036935,431.18111076706407,318.816826464479,498.2033086376043,325.6190461278139,458.4063041666752,318.70148130342784,232.92286473153453,322.2929434687269,221.67795461558262,288.3080769275944,313.5445008609368,456.8244086750722,397.53723181798813,527.707857893672,344.049415762127,311.532324760809,293.6015668395547,400.5517023491448,342.65987561901727,459.18057083960247,537.4100685335299,461.1579938436496,315.6406099662545,223.0333068480252,343.44755452899676,266.906082669573,417.9719236064364,404.3159011932982,411.6219390325937,442.5007462541527,450.4183390505158,447.1671467499707,389.80432524157806,452.5625616735892,447.3403933216957,446.999553039296,445.2013791381275,449.1609884551082,446.89063211179354,412.3748333232998,408.31200325990653,449.2415572187582,449.1497032295962,362.8238388215944,446.9992367216449,380.5851134969319,436.8438474693422,446.1386988210026,453.78139435069414,439.29452955078796
photo_flower,318.21514535081957,495.0315970465595,567.5611028963367,488.8374678531388,329.83784167354037,213.57395063328278,408.3021494876989,292.9048047599856,444.3020603366058,538.079857004851,395.34537633829484,475.4911844687848,429.4593381615313,363.4896154234951,0.0,187.35013827850418,415.35482215670015,463.9295346993591,493.41470680841644,448.7042162531079,539.5345152321237,506.1194621977671,402.49579225527305,469.6920787869359,402.8434664601283,477.08728129526247,522.4468678927601,474.7951810461355,283.21981665445276,326.5891092176108,315.48701467659544,424.7579571363376,468.327558309324,560.667314875224,277.4163744247565,464.3335617086738,494.4471026282398,318.5641624760859,387.2240386464379,151.53522291706622,309.8142935025667,479.2772045322454,529.3582574775652,466.02641117235845,502.2237060566177,527.6345309374187,466.30124778629016,452.5414464349531,451.92239227264963,284.0391396931778,482.65932219027474,276.0882360034467,370.20188442653205,269.89086479088735,325.59177569880234,365.1592374324312,324.560714468207,507.2140842961379,310.26774979576584,548.2108786520431,394.58914352978496,303.82654587276846,275.4164557872928,202.03332336880234,250.79311405766217,481.206687944029,520.7442580742091,494.96723441986035,373.2029514517315,378.5299527718137,393.7633444895076,380.0832787447367,447.8662776805118,439.82716105737137,443.3311386130227,467.2614074985638,474.09231157351843,470.60003718288556,424.57692336819713,475.3532556499102,470.7414403653519,470.6700437212956,470.0808076394927,471.3645292259936,470.43929681177065,441.6018512862827,439.9528710146451,474.01347801386197,471.1588175776219,406.8410346864435,470.4946688728548,418.40740343896283,463.5164505883595,469.27687671467817,477.05255931250497,465.1083773459047
photo_carrot,295.0752409289415,517.0297792038185,553.2068522413882,468.76714398969665,359.7512983051086,157.9902469991983,434.65359192699714,254.31632076320014,430.8603295433485,520.4202427003428,371.2955994055329,459.633704460899,417.0667918494456,332.1102515590389,187.35013827850418,0.0,397.4646173169213,448.4742791075087,476.3780394665756,432.95445842508155,525.9853624047555,487.1805818526954,380.15158113211345,449.9640282378959,377.79001052424786,456.8719570037789,507.5940464959486,453.98911272258295,315.4897726542466,290.4800259251074,328.8408328276739,407.15986103723816,454.89387506367615,545.7962731082265,313.2716150854318,446.78918893036933,476.778597167234,285.06706732233414,370.7152820278207,176.02655496693393,342.9395816329504,463.14982425357744,512.6473382190483,449.53743267444275,487.4182347876602,510.60542903928865,448.3103589214943,427.96417445332037,433.25932902744245,255.75287758399452,467.1078550272313,231.50175595054586,348.64414121794783,221.14596305939688,302.49350160763333,390.93640040853694,281.34390968780997,489.5528746161086,336.3559651069776,533.6608198234105,376.34437398556605,268.04193198729126,235.07771082247447,205.1208536159257,210.9590511800609,466.3901307365873,503.6307720157157,478.6028030620435,400.34946525338665,351.1460231628106,372.03606108457814,352.67662883864523,430.89842560220666,419.6353147867408,424.8380280591203,451.84540313352016,459.1788330818203,455.6553742473727,403.922615373231,460.7245023629815,455.52517523480816,455.5755585286269,454.7960273669575,456.31251077717684,455.0107126178294,424.69630842671654,421.07906666355956,458.89815642300863,456.6258855248531,382.82575285599563,455.6382499333826,397.86104163020474,448.2106836060795,454.34540522643107,462.3030288365763,449.66602893773654
photo_watch,323.8435521423429,410.1631391896465,458.14111765208276,385.0855992143931,406.61188785341074,386.86607278663814,377.515910291792,384.93900867772476,482.8994941249373,414.6934379762276,406.23577538028735,444.64395947669715,382.455522590133,358.33515120376353,415.35482215670015,397.4646173169213,0.0,492.56265297722865,453.69459106176475,403.2177112439683,431.65788446097287,376.15265584619834,360.3321035767427,310.1603705414844,351.2482847819782,438.54106172079173,493.00269384255324,399.7384538587436,436.46373636257545,331.102699945837,455.12614213461853,424.182972856336,478.662954024408,443.010533861489,423.58138184349434,463.57473404583874,344.7221588503611,333.98293111824455,296.2172881174389,428.2239841942997,352.36618514089224,501.3792177663298,433.63759238444914,434.19746817232806,468.67438287224627,405.28900364475237,433.3177300559585,366.4696222617315,430.70790718454504,388.0672431386439,504.43521636066816,433.28456124835503,391.8531986698268,436.0457316598293,378.94216799829246,382.44998737263643,388.715624476257,388.11306113412763,445.89459098639304,434.3555957149647,368.0402062245695,344.77347497094246,371.85284212650106,415.8586634731393,365.07759121907685,479.8566148478396,479.14604877386535,453.84293411847557,454.5030047623695,399.6449116736076,408.8632846863808,369.8214226760531,474.76975522302615,462.57348101218736,467.3211762144727,493.98071910427416,493.05156966732153,494.9860194713224,448.2055919264537,496.0862501028434,485.60626479312464,495.87167271523504,496.28126883576454,484.102319347664,485.0405677447037,467.60546789907664,461.68193323993705,500.2859309908864,498.20401152811587,426.77955272721266,495.9166533356932,441.5818558577752,490.1843964563007,486.832151789659,502.9870499208037,492.9339098597232
photo_key,403.1799398135629,562.567471693638,440.09306156247254,460.83580153041953,422.84158368693033,428.40507732058086,540.8364882156214,447.6415359120543,209.053543719187,504.0631710481503,398.2042463902541,297.56146337272116,465.7170567849012,442.94608974736246,463.9295346993591,448.4742791075087,492.56265297722865,0.0,383.10407496145564,336.83379201524104,462.791889442557,519.6458942551262,400.3896362952452,482.131791737616,405.94943652039274,493.9031642348933,282.2206962984483,447.0881880391875,483.0647924326718,468.32820554685435,546.834755504306,459.64338783109713,234.8058084798756,487.06273666800377,445.15010128845915,214.01735955961053,498.81719997119563,413.6011938972432,467.7303178549002,492.00119699901825,472.5503225645283,183.28958655314733,373.802714702088,351.9661039747781,278.4280870776123,480.5626987329585,277.6840341043894,483.14971444964027,521.3902188946188,403.25863787215644,232.83316055794793,479.7668690247887,471.4617278341626,471.7876988878995,465.31809239993726,512.5716205675049,471.127633569811,455.22755115011927,453.44595134118117,387.2851687867796,522.3827189644855,411.56467159244795,440.8688699117075,505.23547575005426,467.7263871009515,217.08107804313929,412.4517360476906,323.5006027640105,475.5357817944447,454.7246778169367,413.2309747963113,421.1017848275001,214.9225427447283,246.31204630966207,220.2458463990462,208.00260597091378,208.8852603993893,211.48367155629302,240.21200266799465,215.75864117700303,215.59277010305354,212.61373594762625,216.58463994779981,210.52033739820055,208.6197604637955,207.36527871592145,232.80464818314405,218.62793425927808,211.30540956078252,268.13254749027675,215.61658534498267,239.47462197916127,214.2256309294502,203.95856692832166,221.31824930765163,218.53025160715114
photo_truck,473.2380085979747,533.0432284367469,423.244204091729,442.7505551186851,531.0380206429211,459.3112040298381,559.8045789283296,517.6658825839909,376.30399904861815,441.71276716825514,346.60684504385324,356.80632037725684,519.3892061725801,513.4132126211522,493.41470680841644,476.3780394665756,453.69459106176475,383.10407496145564,0.0,333.5627411791143,415.77170244859485,482.8285797868631,417.5612663700557,457.36223981762646,413.4727860186269,490.6922381908539,379.196931751824,453.95969759824357,562.2976146609,477.98061313955947,613.989543357153,528.1421276562687,391.1544172445054,435.5094696191616,506.23840446846555,380.0215787388725,434.74781267866126,481.8626733471196,477.09814753682883,515.8856662056469,539.0021499756239,393.3217986560957,306.13534057657074,327.99785409641186,354.1162558179176,387.63718493978615,389.83414768006844,514.2797149165018,398.3994622433829,469.34865490487095,404.49705994075293,501.2173264505807,516.0757210588941,500.7561287459054,529.526734233373,578.7161322589743,543.2087877261818,457.8590140593865,499.91317245922016,327.05095761182633,501.8258059093895,468.37116861303315,505.65257811039993,528.4981999839465,497.9979651905692,403.0485640470749,199.7481871883805,352.5699756639451,540.8796825474335,522.0498103550972,466.8365841471295,510.0063891217571,398.44871568147863,418.2401435154962,406.76700743161797,389.4785256849292,403.29799197274247,401.64909428294754,417.8986748918671,402.5365547846302,396.77846315937245,398.11645530164986,401.27996211554455,404.10560346996823,402.8422332658588,404.5375659426676,408.8797426654862,402.35200445902524,398.558055928897,435.46845801045794,400.64424065857986,416.13321576728794,399.1408812452779,400.838424486155,402.92117395809845,401.8375268662995
photo_velo,369.5296848569997,476.8703416254031,409.6306538072471,373.50050580440666,438.065573855515,413.1364752111555,505.99911976399255,423.3811701492682,324.4231782046091,427.1466171510302,380.1967349661615,347.7910888801013,400.170768206656,406.86445442308997,448.7042162531079,432.95445842508155,403.2177112439683,336.83379201524104,333.5627411791143,0.0,379.29505500137503,434.70989790368674,308.5722158700543,428.36857308166196,302.4116615599229,445.22353593375203,403.8796663379124,421.009355805781,474.249896534679,445.2747512467732,515.7321646143209,417.45043988071404,344.5842089875032,431.86157741873984,464.55058767417563,321.8784340386954,362.55124716723856,384.5306490386753,431.0537685751538,473.5320596671372,442.9739432037746,351.57730873055004,292.9544098138369,165.90499233627682,375.06973064114663,348.92757639514446,316.0165701432538,487.037495642878,428.8041195557631,378.2041781513402,358.18453909023845,465.45619004021836,413.3487353180528,467.62577253692785,433.17580176721634,482.4119780882327,459.55773757047257,417.7623260606756,479.27841520531354,342.7968361744662,451.55023705465834,370.30269000854673,414.789252551913,487.72360209275394,449.1926349885664,360.78245779083556,367.5875570007411,231.81020177012067,448.45380565437625,430.49917855419756,357.1408073975299,422.4178022773654,343.2878150931415,366.667420040707,351.2961885244085,344.68073750742826,355.8143341336657,352.36101854510827,361.7665090975296,357.66772707081327,349.51922033752993,351.6366315090976,349.25885004741446,353.16777078397445,349.76999869023155,341.2298019927009,357.4644873718983,353.3737993045037,352.61650021119186,378.45621262673063,351.6472930907729,360.7958863312242,345.16018942137424,351.1348923015113,361.912439080942,349.03147981382017
photo_road,464.97970264813955,472.1256870293186,255.54812620678044,291.42936785826384,534.4012273857618,503.22302589509707,516.8840050485686,516.6694793808883,451.57072463706027,298.7627002348509,472.2882296835448,448.2805482068336,486.08753529173947,499.31147388043973,539.5345152321237,525.9853624047555,431.65788446097287,462.791889442557,415.77170244859485,379.29505500137503,0.0,430.4493420252561,414.5681217810921,355.35683062046525,485.8276363417717,455.08957345159183,494.70770234243895,365.19252376444666,575.4800342990998,486.79424598205605,604.600294471097,508.12095805736175,470.76679369942116,352.30314006845515,558.9857037416141,486.68635540584125,363.72566962258185,490.95481412345424,461.18427017521776,568.397904194098,544.7827908527835,501.7625163314606,407.3754098973021,413.1705964230268,469.72682097171594,351.8413456418126,484.64771840584154,452.73931205429557,419.7458013976832,522.5408930404082,511.94414505524963,552.2760102309311,500.7844789764961,547.2927303630757,527.4949470534,577.7065924820912,557.0429323976329,334.3102430021369,568.7408432285599,441.40403251375375,555.187856649212,510.7899892550711,513.9714668979336,579.6584173072691,543.5230868551968,506.84547324327946,460.727191606159,426.92788017322545,599.3557222256702,536.2541934603212,462.06027411245196,466.47961355615183,496.5749292007668,511.03864872506847,501.21650457919185,490.9576316932189,500.88335660917846,498.51174658671147,506.8263392571709,500.8962283871709,497.8189803180083,496.20051594987336,500.8602269496283,497.89493481163834,498.8504672025572,494.18379725462404,502.1018681823701,503.45628083255633,495.7241425450103,520.3912579903483,500.053126660018,507.9203235944495,497.38900937070514,493.065976550396,502.8996141332021,500.14970186246916
photo_house,407.7379612563306,257.7982590744151,458.0741411422694,382.21221692217836,451.48684176716625,457.8859007806935,360.13365119494614,426.844849559232,512.3986415352013,415.6474725744041,435.60299594859214,478.50161168753095,387.46764618184164,370.56911791439416,506.1194621977671,487.1805818526954,376.15265584619834,519.6458942551262,482.8285797868631,434.70989790368674,430.4493420252561,0.0,424.00599830866435,373.0600016179087,447.7764840659709,369.1055366264899,521.6775288255019,431.0423133631113,461.40146664862937,434.8130173180964,509.25312204364303,342.4843528052714,533.2973869453127,476.5358130685683,516.6398130241042,508.20604809957746,394.96829955494854,440.80707312426927,362.45863202252895,525.5258308634886,462.2148650569993,531.5245374233965,467.15768665598796,466.252635491481,501.1437157077142,431.64368802763687,509.99909463267693,386.4622108432513,422.987962711464,481.14179239404376,533.6016574836901,466.4857396637897,407.39655359292124,481.0506603166375,400.20698314094426,445.3517348267477,477.7366301521002,448.73376185570714,530.0801338786085,499.8122308032522,422.7299642283253,467.9888741160892,453.52975865209476,540.8755948787667,495.64727367464593,533.7231394509449,509.5092741190897,485.07775042278945,464.9681209598398,389.9215329465475,488.3804339383946,448.7196738544782,507.00668329689853,486.525324164988,495.82664787150526,523.4419837763425,528.3367681021602,524.2582494930508,488.9025810394099,529.7803114527243,525.1180283841315,523.9520651195879,524.8379663140298,526.9290133693169,525.0671359429779,517.18487725637,489.330990383156,527.6072465158511,527.1401143927843,498.2869814123885,525.2939403058863,498.1654172936978,518.443407139317,525.2863942783283,530.5619506409548,520.265379817281
