,photo_face,photo_profil,photo_eyes,photo_face2,photo_walking,photo_standing,photo_hand,photo_legs,photo_bird,photo_butterfly,photo_girafe,photo_fish,photo_cherry,photo_tree,photo_flower,photo_carrot,photo_watch,photo_key,photo_truck,photo_velo,photo_road,photo_house,photo_mountain,photo_windmill,drawing_face,drawing_profil,drawing_eyes,drawing_face2,drawing_walking,drawing_standing,drawing_hand,drawing_legs,drawing_bird,drawing_butterfly,drawing_girafe,drawing_fish,drawing_cherry,drawing_tree,drawing_flower,drawing_carrot,drawing_watch,drawing_key,drawing_truck,drawing_velo,drawing_road,drawing_house,drawing_mountain,drawing_windmill,geo_face,geo_profil,geo_eyes,geo_face2,geo_walking,geo_standing,geo_hand,geo_legs,geo_bird,geo_butterfly,geo_girafe,geo_fish,geo_cherry,geo_tree,geo_flower,geo_carrot,geo_watch,geo_key,geo_truck,geo_velo,geo_road,geo_house,geo_mountain,geo_windmill,word_face,word_profil,word_eyes,word_face2,word_walking,word_standing,word_hand,word_legs,word_bird,word_butterfly,word_girafe,word_fish,word_cherry,word_tree,word_flower,word_carrot,word_watch,word_key,word_truck,word_velo,word_road,word_house,word_mountain,word_windmill
photo_face,0.0,893.6939267366911,1027.327298819071,798.1269757221119,648.2609141372938,585.6557901500429,732.5878562297239,565.9009928861627,811.6301110771875,964.2574921711894,784.5485666322569,870.3846996298035,728.1057623700955,475.5957820063644,674.3534142606578,612.8783443637186,671.4223504215615,866.2705802746478,1022.4079863864374,783.8732070733652,976.8641292260468,849.600665569339,640.0495026865224,785.5429685696172,627.8040310504823,842.1466516546334,959.6692321887615,754.4220664316289,715.5887110487348,632.1092552715822,770.2173753227032,625.7319805523913,865.9126325626344,1011.4449244412162,704.2358879699553,850.587368499057,818.3886558697942,413.9250873037805,544.2601324886963,699.1091769235794,563.4090311024004,880.2877407258005,988.8113110625491,856.1616666625217,927.1096691122721,937.9083342038851,840.4721313787433,735.8258570577062,968.2953134371045,598.2102574425799,868.6808091330658,686.4297710622761,589.9635175063568,699.457163218094,561.65643377836,668.0074198708437,682.8471589251385,855.4538248622365,756.354821332959,1032.7804591773177,783.4359305030957,589.6675400761663,525.0177067845123,744.8684120381632,663.4414330158874,889.6896484063687,1052.163063412961,890.0731800824894,704.9622893110288,549.088300251832,644.9158814467414,515.7862156636385,796.8687439605536,771.055728159635,778.4984925069485,845.2229110379084,860.0117640243801,849.5147833039194,726.7375909851748,861.5729082193288,854.9143093164473,850.3111045830243,848.0487034355253,857.7220559810246,854.161016252803,772.1930464390258,770.3317550863919,856.6604033149679,853.5070061247409,688.060387456025,851.9012421569406,717.4384568698581,837.2090070988942,852.3210552601595,860.6134268508267,841.768102577502
photo_profil,893.6939267366911,0.0,1025.5244901318092,883.1704124653434,898.7125409827806,1045.7530300630049,627.9878801909061,951.930836892243,1152.753898789993,954.3978203329676,1015.6201128756585,1091.296791713401,861.7163089364519,846.9273371192455,1035.8972652118114,1075.2177083463998,867.119914021611,1186.1637433584954,1131.8928470376936,997.0991807625124,974.3519004411548,522.3562504810513,981.4986311199058,877.4117681411566,1012.436642306843,832.0512930896978,1166.599311109993,983.0548582132875,929.7819253371006,1003.0347848822604,997.6503047685009,775.4686284969556,1202.3261922866568,1084.8573635867049,1054.293143759877,1161.8619198515955,900.7117620355291,1011.7171002294639,827.6724784279602,1061.3386178956962,922.372182271401,1188.626563885469,1092.8088328713359,1088.094665918128,1140.1166210946774,1001.100946767734,1146.2893905416531,889.3736899773835,915.761549614524,1066.0343476409744,1169.2996055264969,1029.182865434998,903.2412209156772,1069.2624599192395,887.697114647707,851.6115708974563,1058.4050737489852,977.5444055940956,1083.4684732604646,1125.3139210173715,936.3871430216007,1065.7814237231676,1007.8607375163548,1102.4569774195656,1090.3314683385415,1182.6298800242935,1141.1548747091604,1087.2073268368626,907.5155533483276,897.055752418186,1088.2523543391758,1003.71001643821,1109.525442882149,1076.9639363601989,1093.1056588189242,1152.9998703626327,1158.7913918438398,1144.6198793384517,1080.3010651405027,1157.3032247938695,1155.0034764023342,1148.6653314796515,1148.7502358529775,1156.5729193773798,1153.1223499768316,1137.228709131902,1079.4107200665574,1156.171803273646,1152.6536719725366,1098.5094216699092,1150.1209594736804,1102.0115732840911,1136.9893384082811,1151.8995160382633,1156.7105074296146,1140.0547566102339
photo_eyes,1027.327298819071,1025.5244901318092,0.0,670.5436327745596,1183.698704189118,1132.5908661202348,1121.2344343192156,1137.3626985806363,912.051731738368,718.2064422893945,1072.9343712392867,1028.0702264300935,1075.088941298477,1113.8367735721602,1200.123098864037,1160.157334116733,977.9794248842594,948.4525257293722,915.1428645957369,868.3585032376333,522.9908405915303,968.0288421439475,981.2156717004656,843.1613151313976,1076.9553180548237,1013.5714532931551,984.0263760500413,807.2808175581131,1276.8430782610744,1087.7177132478678,1294.0365547983665,1113.1276051118775,954.7604286135445,843.3514946919132,1232.746362965542,1010.3856344182099,836.3453551895061,1095.5119895669902,1029.1454812704494,1235.9097583732384,1199.123558631115,1025.6003607719185,946.1699563652783,958.596789144113,965.7023130700891,821.9175949520072,989.8645498248438,998.4378991291212,924.6735322574864,1151.617992408639,1018.7368406440002,1212.0182541262793,1094.2197809522756,1207.3691375113349,1159.954904054828,1240.2008778069335,1214.3585552294496,764.8132713072528,1248.1462492449737,875.6804016949598,1217.0829453841036,1142.4687349379442,1136.7633165980978,1249.0966809929007,1189.3198054775753,1031.1229546148463,934.4627738182629,827.1824450285301,1283.8873140770677,1174.9366402549801,1032.9686952121176,1011.0098394350766,1001.0219657644525,1029.3827139519592,1015.0535178689272,986.9227969655362,1004.8605046706866,996.0326810338781,1027.9755522879789,1003.5724469107669,1002.4373544092847,996.570315661424,1001.8523395624242,1002.0396605428809,1002.7445675697943,991.067687946326,1013.8941479150075,1008.387797934937,995.0509025763155,1049.8769171369615,1004.3651290811008,1037.6606310788804,996.749465939094,991.6615292535722,1002.6832240908277,1000.5856435305813
photo_face2,798.1269757221119,883.1704124653434,670.5436327745596,0.0,996.0284186537334,942.6973638764364,986.4839566507164,938.1053565607829,931.7971532635619,567.9475653014229,945.5940290493256,1019.3790230997188,855.5208386546716,905.1315111604431,1024.0770004656995,973.5848009548295,831.538827495118,976.9454651666847,971.841122923628,771.1954405726649,585.1271189032786,818.5723368089235,892.7149969650795,700.8512827042626,866.7971837239421,872.8588279575031,1098.6265314788975,592.5228978551996,1096.3026168167667,954.1879007446786,1107.8210532241071,893.6852278430441,982.731204781278,861.5241671537104,1054.4790293411888,1044.8897749655453,830.8813202545891,886.2263527562151,888.896682472445,1057.753970665068,1004.7969230545216,1055.9634455400105,942.209216545308,867.7842544677136,1070.958017240731,835.8723058869599,1017.9876441114799,852.890198456845,919.8794646667477,964.9420678535428,1057.0822331054508,1033.375230899294,886.5522420259508,1023.7866774913201,964.7492910398158,1057.3877395922436,1034.2316643107483,666.4840352539242,1077.577685927281,989.2183547845445,1032.9257177018162,954.5416056017935,946.2774213756704,1077.637463545611,1014.2399773031055,1063.4824429845357,1023.6478435789827,873.988454923817,1102.7883218826616,979.3542158418583,948.4768543770645,787.9861012938915,992.3246938479572,959.8042421129804,970.8594708430559,1019.3372169475158,1036.6948874493921,1027.4938901201458,961.5429021505198,1034.676344417664,1035.423121438526,1028.0372736594297,1031.728740656243,1033.8153609118767,1034.0154264254393,1020.2362900197041,954.3374496344636,1039.3995326219083,1025.58131456187,986.7391104320163,1032.9376762507716,986.8953354412087,1022.5169318976166,1023.4184178696125,1033.5920924330037,1026.8926507250483
photo_walking,648.2609141372938,898.7125409827806,1183.698704189118,996.0284186537334,0.0,729.516919821989,713.6501316161036,638.5452138250264,954.6490677478406,1120.1240984691628,950.8030693233695,913.1268020632579,651.4522832473921,622.6373767638465,710.6085722095764,772.4584510573143,862.3742599659282,908.3027750574581,1149.0853455668657,943.9287004105155,1129.8152324033251,951.6494552929103,859.6434621389769,967.6566693844657,833.4232343486549,927.8689376883219,1001.5745414785447,972.1732634836015,546.913808058051,828.4456351602072,709.1923747110272,755.6212843479168,1014.945452916098,1162.1867008118902,579.6656624813451,920.2597821910713,1014.8220399722884,683.026049791376,811.045875059775,742.7205213973065,682.182226846247,915.1282087986846,1036.6434936678509,1007.2447317343215,994.795175510915,1100.3130298671438,877.3337301460832,830.056524188917,1115.4601215724165,771.9054215669432,904.0313656668693,772.4492172891676,687.152223427333,764.9087413768733,673.760002392846,640.172584556132,746.5858651388231,1031.9423387604797,641.8718095528764,1151.4936188352772,841.1985670407023,783.8457912009524,762.1790362472324,798.692002467586,801.0327761165457,920.8415682501604,1165.6064760209167,1034.0294125853302,667.682981577815,681.6134019152682,848.2116099612002,726.9724276218809,824.6269272690478,797.212569199283,810.2221172491583,892.7900022611736,882.7184733558018,869.0263886364907,749.3420957430528,882.3096617066681,890.2090814502129,875.6449770475602,874.651688572123,882.8295715455301,879.3496676111131,801.9066277002563,804.5694127536098,882.3933280886787,878.6356191956605,716.1125152948217,874.251785329381,740.1191291874519,861.3323991080988,878.1255490844559,883.2401165418789,863.553722531098
photo_standing,585.6557901500429,1045.7530300630049,1132.5908661202348,942.6973638764364,729.516919821989,0.0,894.7825589121717,496.58972129814686,866.517164147146,1071.8194531266784,742.6979686282203,939.4057932816052,863.2617095719162,669.2147359233948,444.3734005062332,321.6408357645658,821.2803525535176,921.5303211575269,987.6293491664449,893.2275338045418,1074.2014275441343,982.9330843170881,766.4790396699354,911.4257794730977,752.2611752067576,919.9365815285988,1027.4762635971235,907.3767408238951,662.6891758377477,562.6853554854794,734.0433185963852,798.948280808611,924.5086678387365,1112.4610910514302,660.2591239746007,926.6937235503798,976.1791241734645,568.7857875524129,759.1702628722345,471.3034306024011,741.031256068901,947.0361184036018,1051.705751208834,930.0794928316009,994.0381342369449,1049.487261602679,908.7039798648389,844.1879730918358,882.5801804321713,533.7866364284041,938.4754737606083,440.6446025431498,700.1281623023373,421.59502592259804,601.2558569664028,811.5574193378185,576.9152280165285,975.3611874641952,717.2508087709092,1087.310185028283,757.6000919989795,566.7775831519203,499.81363483815596,518.6890050853401,459.7479326259958,953.0437483265222,1025.0991910417338,978.3430435590882,806.1818342777855,679.7050883352787,762.2699017382914,684.8473125565639,864.7438176199844,844.4088090600495,852.664822254976,910.1976436195737,923.3653162737421,911.666908538277,802.9374132662846,922.9857502732846,919.97803569903,914.4815734807821,913.2991758174434,920.7124024356358,918.0385763530068,841.3862416175026,845.2479818169107,922.196165251707,916.0360903464652,767.7033902764415,915.868452004845,794.0574053754497,901.1187467621753,913.6967566560052,922.0609857601722,905.0990499707408
photo_hand,732.5878562297239,627.9878801909061,1121.2344343192156,986.4839566507164,713.6501316161036,894.7825589121717,0.0,767.8179865438352,1109.345750286286,1052.0118514887379,969.426559461054,1045.3352538853687,833.4315177285965,660.2765191111578,869.366792672177,921.2263974045752,818.9197076926482,1148.3498181205737,1194.4871209528017,1068.0999576123518,1071.043131310964,735.5334170421728,961.031194532525,861.6795744255492,976.79131076796,834.7487752135386,1125.9021749596384,928.4213724707799,749.7668486531492,827.32410509915,781.092090555905,746.9048135550823,1161.4798964246183,1153.651911066846,887.9199522941918,1123.5745976978735,893.7999916666993,830.5186343899919,643.0854219331962,889.4544154975009,724.4780548299067,1149.938075442593,1158.6595526084996,1154.5067995741567,1096.0150038809927,1080.767562206868,1119.288714312335,696.2142893828147,1025.3054457191279,910.124446755158,1131.8593494555148,874.3633023411766,723.7849173647273,907.434490525986,696.2567208526856,649.5398825967685,893.5110591279265,954.7971513334829,926.0561360981332,1186.9734380595714,915.1506014502435,918.7169907249008,847.015687456972,943.9603059419369,935.1397535888068,1146.6045397939401,1204.2196154308635,1152.8295965492098,723.79476208877,740.5788876956497,951.8358359862293,822.2031185649034,1066.1156883236026,1037.300584908432,1052.3185987522384,1115.0320577634507,1122.5807237515135,1109.5326374548474,1001.4925151108997,1121.5887517028568,1118.2018282925114,1111.9076532053462,1112.2368222554253,1120.3092046795382,1117.4491931138552,1045.884466124416,1041.7026082692662,1119.9399682473197,1116.9583577329458,964.4194045615795,1113.6990666173551,992.9566990276427,1099.9402113739122,1115.261981072198,1120.9624986316942,1103.1905651279812
photo_legs,565.9009928861627,951.930836892243,1137.3626985806363,938.1053565607829,638.5452138250264,496.58972129814686,767.8179865438352,0.0,908.5405827853846,1073.5367191071916,893.3617586971679,969.187217950166,758.2909316590635,524.2056099178282,634.2717075878911,551.7185566789716,808.1743894955,959.8327839652947,1112.3737598626767,900.8797444674253,1083.645636971791,894.0271300468796,799.8426497323788,910.1485194421725,776.5829915406644,866.7669798326788,1054.0069490410185,901.1559352005406,569.4967292340517,591.6195120128035,606.1340870646092,663.6208336954281,966.4908158001274,1115.4098122084822,810.4545517985734,953.0730787907161,959.9641083308223,591.676228382926,738.3114101487972,651.8829425125749,743.0064083098682,972.5016930530193,1084.6379184812583,963.1363160190542,1022.75758410268,1052.5782628180173,934.5656870475029,746.965206844046,965.0921703898113,542.6315253023585,963.1746728486391,525.3321110838237,624.2652532001507,518.6650389593516,441.5652702998126,705.0465213344991,486.68536469650223,975.0441981368103,849.5551075268011,1116.1553788816232,807.7785630150596,578.8815524729773,516.7592909188211,690.1241116321457,608.2180355018075,977.3846847958181,1133.5074159125334,993.255291554433,738.9518309806525,596.4338383000052,787.1199976268229,640.8836844935148,883.0870866152931,857.6250812363952,870.44976475857,935.5247885425887,946.4348376660611,933.513164577179,816.9869421535161,946.3967382849821,944.3376519279223,937.7947930433203,935.9385277447503,944.8955329303343,941.6631130890752,861.3181460496091,862.6232602654692,944.5149605680075,940.4332903989489,774.6378091408678,938.6629190068269,806.0530996896775,921.684313604972,937.9438779261027,945.709371559999,925.293939969318
photo_bird,811.6301110771875,1152.753898789993,912.051731738368,931.7971532635619,954.6490677478406,866.517164147146,1109.345750286286,908.5405827853846,0.0,1051.218925112095,801.2458613988849,733.1330940087241,1058.2430253086725,907.6208704455622,935.8393061166353,898.507804845743,1017.403670987,454.0193623680723,814.3065539052201,711.8014016334358,955.5934858289332,1085.390350898169,826.3883983293448,1002.9917071369438,815.889977747129,1025.6654325739569,721.8949528364155,895.4368587087222,1023.970001708276,940.1077457091254,1108.900162960017,932.7184456861272,408.99485870599125,1002.9928672646093,984.4186578422817,573.1187170242443,1036.2599148229256,825.9609007611299,954.3442974520941,984.104015368762,961.7146014885694,595.9019117468092,889.7329190850697,748.6284318252424,675.4251591521381,1008.0464011953192,697.1430753695533,992.2659518042145,1057.2283880759223,795.3472306817933,620.020956206309,968.6079855233148,971.0197576138306,952.7926844371923,957.7400057053203,1037.806584856997,950.4595632050568,924.9070678312756,1008.994884317811,815.1848065903681,1066.955501236495,820.1224529324242,882.2712124206283,1002.3406951658098,941.4479731564029,621.8280349533496,857.2220079664481,678.0768392166424,935.5012605233201,914.5895169285903,839.6789302642798,826.6448697378395,574.4836551594743,628.6912742551644,598.8413659253685,551.6176187003598,584.8162809087834,576.952167136968,624.3134550652379,587.9130752898136,584.5457430114552,579.2732615220211,582.9450504772361,584.7088461625142,584.0867929555595,559.8770774631897,607.2919015836959,592.5236553329515,573.8986572820713,655.1473320457002,586.6933233881992,633.3706573490015,572.1982417759464,566.7479008437102,586.7147285136964,579.3609258142163
photo_butterfly,964.2574921711894,954.3978203329676,718.2064422893945,567.9475653014229,1120.1240984691628,1071.8194531266784,1052.0118514887379,1073.5367191071916,1051.218925112095,0.0,1002.5628340561208,994.5222936435874,999.2549794113015,1043.5495174467792,1143.389716725931,1098.2574550939275,895.5708480250347,1089.0360869696033,957.3654115142051,910.5409570856153,614.513540725555,886.5229271886415,1031.3475841330371,769.2434504876,1015.0347744424323,940.340244387583,1062.0848853712557,704.7757559067467,1211.7357125062358,1012.6649149420027,1225.0228031210124,1036.8970182058442,1091.1487010182877,688.7870952556369,1167.2888945285029,1110.1020427459823,882.5987427407581,1022.9742758138191,949.360338015695,1173.7313881167693,1128.9168716360268,1089.8972432739647,907.8726922477402,923.2002281050326,1039.8730701829738,783.0782833475137,1129.8915800358066,909.6688906297957,974.4879276179943,1090.8720484866233,1087.7328106692646,1156.7399943941477,1021.1083305528459,1142.4657474569508,1090.4788276670138,1174.77912042504,1154.3327065441338,730.3129070248158,1107.6869492390736,944.0887009725751,1152.5839769815357,1079.4028383212242,1073.3835840917388,1191.764000967157,1133.9936562312314,1102.5515524643445,984.2456977873587,997.0131213287021,1219.5529817828049,1106.4227955308663,1072.2094762837778,932.6871624983909,1050.9895233412658,1024.8521729513002,1038.336119151144,1063.6372303523005,1089.109112444884,1082.4214861410364,1037.7522264884233,1079.4877898468674,1081.5256165439216,1076.982163189173,1080.2251965563507,1096.8671626751254,1093.7395482910056,1112.5371693726072,1020.5617942308462,1082.3183748604338,1071.7628654651614,1076.7004907684152,1079.5800687961816,1055.3100537168946,1076.501068785347,1084.1830869237144,1075.4984495427184,1078.3696470153968
photo_girafe,784.5485666322569,1015.6201128756585,1072.9343712392867,945.5940290493256,950.8030693233695,742.6979686282203,969.426559461054,893.3617586971679,801.2458613988849,1002.5628340561208,0.0,724.5023907631196,1049.1827647786654,891.3958958047651,820.5901071224577,762.960584727173,864.8688705548133,852.9748830775259,763.1352745222656,817.7021985273195,1013.8527313739071,935.3327861059622,931.0716141048316,951.2685492424994,786.0970495288747,858.9940568575555,831.3110105159789,815.6529982947582,1004.3680709120341,763.6834121582982,1083.011890437778,890.5839767944798,855.6858297893676,1051.9590124215836,825.1595618068212,829.2611644412144,999.3593755810521,781.2041392187243,774.8681305376572,847.501672230768,924.6578840311223,872.5491195377429,848.7782390181878,845.4017526574067,782.9789058033009,972.530863690157,937.8299013918426,922.3028807011852,911.6496686363405,766.185630022733,864.6408854990045,837.7458316118992,911.3563375428396,839.4489532227346,922.9848975147155,1013.7006461153054,944.1190867718623,901.319911980248,871.8258581334591,909.0336714957697,946.9709961024329,784.4262019106599,849.2450999886839,877.7949686698848,819.4850865811477,879.6069601169432,820.3815466598478,902.8077621439969,901.880364508507,877.3532695107791,928.3012102316728,889.5506998616262,805.0179624320199,774.3084020724136,781.8290881878439,842.6463275460754,855.281801116067,845.8038632494076,777.7222008163897,856.6286711840262,849.0548152107183,844.7037939985822,848.2572987303113,853.3148773969343,849.8618299270934,836.6735335812988,770.7864854760222,854.9385585287137,850.9099070423255,808.1657538944102,848.3117077696736,804.2494272900426,838.7666763441982,848.8452621195597,856.0089330814566,843.1065586695177
photo_fish,870.3846996298035,1091.296791713401,1028.0702264300935,1019.3790230997188,913.1268020632579,939.4057932816052,1045.3352538853687,969.187217950166,733.1330940087241,994.5222936435874,724.5023907631196,0.0,1016.7047421959228,967.3746867968847,1001.8216418294799,960.6690934644993,948.3116277528628,658.0547018711936,777.1433574249517,764.8396873763777,968.5760331676357,1021.1553619068042,887.4560624782187,1018.1773673345949,868.647016751081,947.6869147679542,508.45815970631844,899.7635986559768,1025.6929526932115,867.3652365163297,1157.420116214975,986.4072044927416,794.5808353280564,936.1434425899533,928.7719780362556,577.3635439094961,960.9977920561422,876.4525116370453,873.713380462632,1036.7989761587603,1004.9957880493271,587.7607281542192,565.0157408430999,731.6886360279185,493.91306268739163,860.4553988120318,769.250506675848,1005.5975122832707,992.1977750839467,852.5150200089004,581.2954374081199,1026.917295133567,1018.3283275500452,1030.3219750339986,1002.8278769544144,1084.5548643180202,1012.0959691368444,932.5309267414013,885.6967828136654,762.1813703635715,1115.9827503976749,869.0123407236715,933.7399846001374,1058.40469678096,994.0225196661667,619.94964198824,806.1584907004119,850.3202569047093,982.0665941131368,961.6169607540062,887.8510524705885,966.11986768149,592.7737542365026,650.2296019492786,623.71393362986,591.293529580508,592.8696734176308,584.0836066437936,653.4134190344143,586.8682931445258,591.9418158903048,578.5805470185785,582.544836482488,607.6482735131726,597.6887750538455,629.9067710001464,636.2270945615446,582.3034250300116,582.0055098500582,714.3213817710762,577.7752280413238,657.0479641928408,583.1482717094129,601.2928655015022,585.59303846894,584.8869030150329
photo_cherry,728.1057623700955,861.7163089364519,1075.088941298477,855.5208386546716,651.4522832473921,863.2617095719162,833.4315177285965,758.2909316590635,1058.2430253086725,999.2549794113015,1049.1827647786654,1016.7047421959228,0.0,633.1355649441264,937.265281529612,897.9418341386694,822.8992942235187,1009.7097264903149,1113.9110313821238,852.8264127811179,1025.511411898409,816.7867736330896,778.0105356771412,917.8107462662604,804.7906453892538,916.6866188231837,1097.6814079529033,951.1659556896436,772.2644249230545,941.8655266780509,909.592262071484,746.239817481785,1112.2449332503775,1122.8046371716448,838.9417557671073,1014.3446616891628,786.0590109977147,800.2449691045463,822.5264662296955,957.9493670868039,832.7094167186609,1013.5034318604693,957.9142298839931,938.0318724877505,1089.095164778718,971.235963666376,867.2126930242438,893.0870007681485,1069.747755800077,894.286532688309,1004.8694286832441,854.6646508547288,622.6537603737626,881.0941573287361,717.296225498417,776.3203323336788,864.0768686847454,1005.5145818488764,876.730537843561,1092.8149427896826,760.3275547737036,880.6622436139953,828.9979069693826,989.2969621412469,924.3341041611068,1020.546198739045,1125.4300974464659,946.1098778584541,822.8213501086904,720.7515222545222,852.5436172306821,805.5348236079526,935.5227332880844,905.0717259674914,919.3138462771551,998.3688584233931,989.0285548477284,976.9104869252269,863.9860630540601,988.7426367235802,995.1621463466763,983.1977168508713,980.0642275911788,989.0406745888114,984.919039376284,914.6351974384856,912.0468554257193,986.9705236121266,985.8631883328765,831.5755027679417,981.5803275551168,856.6600121273877,969.2375531163044,986.00412228799,990.8654881888061,972.0254154857992
photo_tree,475.5957820063644,846.9273371192455,1113.8367735721602,905.1315111604431,622.6373767638465,669.2147359233948,660.2765191111578,524.2056099178282,907.6208704455622,1043.5495174467792,891.3958958047651,967.3746867968847,633.1355649441264,0.0,782.5565786166538,712.1713603737096,763.6712649821096,958.6662939903692,1111.2166790209867,875.1160433742019,1059.082160274811,769.8726760270198,715.5201954895667,861.0499454775595,753.8747602984724,834.1886257303504,1052.499167868701,868.3302459292237,672.9219091167392,748.9904274421256,744.3473304892711,519.8813041135801,965.6185923292968,1086.2932306354226,808.5087059296624,945.5836468491054,858.3971627806146,546.6516705595643,614.9112796738177,804.7720258419115,651.1709458757833,969.2018948649342,1078.359743496111,956.6118081383479,1020.920171939441,1014.8238650023688,920.4464607909798,689.0265906114884,1031.1652860605009,704.8731651161308,960.4085012606331,658.159251548934,496.17835919429984,685.6705598808677,469.69492700896,587.2002404352398,665.0695962995482,943.6826430284119,851.1882000137327,1114.5255711600432,718.8353167530236,697.3430483263902,622.1421317782422,839.0160482383988,742.9380540732448,975.4845845561417,1132.4076840581224,976.1822355389832,644.5454902835066,461.53953157720485,734.0826234659758,577.349935665623,881.1381537985659,854.2766349437275,866.9686797436839,934.4437546908076,945.8124446718975,934.097062394332,812.237619248206,946.408678818357,942.9283737558849,937.4186650877376,934.4085324758481,944.127952798563,940.6663449444208,857.4809203847847,859.7700138165059,942.8025185263115,940.6764574373246,766.8503737819661,937.8226819755952,799.8664866172477,920.5711659956186,937.6574927418401,945.9716350934366,924.5674088631439
photo_flower,674.3534142606578,1035.8972652118114,1200.123098864037,1024.0770004656995,710.6085722095764,444.3734005062332,869.366792672177,634.2717075878911,935.8393061166353,1143.389716725931,820.5901071224577,1001.8216418294799,937.265281529612,782.5565786166538,0.0,407.41743150860685,882.9342156718113,991.0765992862154,1051.7403457694113,963.7661454528146,1145.0919578876333,1075.8340386615096,849.7074315154465,996.79383189266,829.5003090006431,1011.8237007093002,1089.0362570710251,989.2426472165242,625.34176884477,668.9980084072175,681.6874116338419,897.0732536313334,991.9298772557889,1182.3751617179348,580.2186453251854,989.7284512156742,1040.9926325232248,659.6522514080693,814.11703022227,321.8580612014294,668.602913171008,1009.0637633673855,1116.802981250497,998.4746648628332,1055.4692524627226,1114.8876242264448,974.9446302985375,957.5190263026094,939.0045092625877,604.3623114372521,997.1589448588676,574.2192099838504,791.9510741190409,560.4097272158916,699.3710707882938,778.0456772332325,684.7829270405009,1046.4619835870005,644.0059691784458,1144.6211313788021,830.3159279347026,643.9129607124768,583.3976012092938,438.4730897857958,526.2233791533149,1011.1032765244953,1080.4222671247203,1040.280021685932,770.6879168771616,785.7552696139687,832.1321874830776,788.1653419623696,930.3084661083979,912.3557205053778,919.6065257143446,973.5133760726865,984.5542630535789,972.7387278231967,871.6590466271603,983.6446549501536,980.5209397156435,975.5385133700179,974.3311886805932,981.3831949781493,979.1594583155531,906.5538166783102,911.8043748865202,983.0901974205843,976.7048697375947,840.9820683113394,976.3384367040609,864.1093001330635,962.7492406361001,975.639001019653,983.7401147480799,965.9859744990437
photo_carrot,612.8783443637186,1075.2177083463998,1160.157334116733,973.5848009548295,772.4584510573143,321.6408357645658,921.2263974045752,551.7185566789716,898.507804845743,1098.2574550939275,762.960584727173,960.6690934644993,897.9418341386694,712.1713603737096,407.41743150860685,0.0,834.8024069211527,949.7025613145253,1007.8789556221902,919.7964739417077,1104.5345743427063,1026.509079200546,791.6402031313129,945.9966617141571,770.7371309897178,961.0722732129142,1049.788065360048,937.4228982213286,694.1336812349354,589.3341605403979,719.7973493612168,850.6396850552773,954.9701503565511,1141.2877860549816,661.0766485722833,947.4392647120676,993.6210757571223,584.5214516849998,772.805034866363,372.9475012110295,736.2174253516756,968.8036154684038,1073.9145407282044,954.3607713641348,1014.98226395328,1071.1081842949623,930.5832146053739,900.5513473813126,891.8353918636416,541.0259056032023,958.5443635363503,479.3899708328387,738.5624539309756,458.2201763063029,642.2944035681329,830.438373408344,602.095558032781,1000.5655846043051,709.9244516358311,1106.0103776280005,781.5783962734197,567.8748503508793,499.17327194851373,444.1715462549863,440.6166634122681,974.090809605262,1039.5642240626653,998.4978276558891,828.1000005744903,723.0278911303732,779.3732252887976,726.2689808914112,889.0483679528795,866.8170294318605,875.6979687351213,935.1511373821656,947.0575013381929,935.6315307244544,824.7435249614742,946.5948266886265,942.6574536582561,938.2776463137002,936.2797978241579,943.7072498598949,941.0787305072685,865.0861309837991,868.2602248005453,945.143723803634,939.9327226114206,789.2310147972988,938.9961810225795,816.8645781321,924.9301249225797,938.1901736663872,946.9181588048218,928.0165014074444
photo_watch,671.4223504215615,867.119914021611,977.9794248842594,831.538827495118,862.3742599659282,821.2803525535176,818.9197076926482,808.1743894955,1017.403670987,895.5708480250347,864.8688705548133,948.3116277528628,822.8992942235187,763.6712649821096,882.9342156718113,834.8024069211527,0.0,1055.2195367497568,986.7655038164435,854.1596468907217,920.0910785472848,808.9318539087061,769.937083846777,684.309191070861,735.2432634476957,949.6287537989335,1038.1332370196974,835.7259750702685,948.047907442548,705.4774301569098,954.8619969686343,885.7825969169038,999.8055644546766,942.4882100107203,901.4142839384317,983.0014698926948,738.7024786001377,710.0401682911973,631.9108424239475,898.397735838033,733.7934143800992,1059.8408508289865,942.7956434778508,941.2799731471401,999.5010843246024,868.358926469055,913.3585243512754,790.3251456961206,901.146766065539,819.2012949783614,1048.004988072487,911.8713782203519,833.1843132481025,912.6748614750081,809.4786283445687,791.0888149534196,798.8689050355661,795.5574256335254,943.6569706366474,911.768703822452,773.4297085380124,735.3755649340019,790.6025002812131,851.5175527945215,759.6228095694407,997.9014622999158,1012.5933235434442,953.4306013777973,946.8760703816487,839.6792635553421,874.0292266276014,757.0055478733979,987.5155198254479,962.4558304442825,971.6826273587445,1032.3853404681397,1016.0196650439141,1027.5321734241759,923.0701990658714,1021.3855653742185,1003.4161027495835,1031.6205486102492,1030.3478176815106,996.0936532767831,999.4739392919207,962.7234584860986,960.9267582532228,1039.1384296471338,1034.97387358721,886.3253369576848,1033.0618756133822,914.4171848340737,1020.5972401693549,1000.9777655474012,1041.1508588357276,1025.1081449665892
photo_key,866.2705802746478,1186.1637433584954,948.4525257293722,976.9454651666847,908.3027750574581,921.5303211575269,1148.3498181205737,959.8327839652947,454.0193623680723,1089.0360869696033,852.9748830775259,658.0547018711936,1009.7097264903149,958.6662939903692,991.0765992862154,949.7025613145253,1055.2195367497568,0.0,851.4748010276586,759.5612780614956,995.5808076290358,1119.060525836055,874.2531917149238,1042.6961054542267,861.9162648242279,1061.539491293088,619.9634318749074,943.0314385609124,1023.8572801810242,988.3300663123955,1153.5399338934608,975.4259852523185,528.7346819774802,1041.4506952281977,938.7966821427214,500.48830161545214,1073.4619348755173,876.2657912234534,997.6034925048031,1032.2348577329985,1005.6770606201877,429.10586685306265,820.9330321858675,791.3990750233071,604.066425218823,1042.7127521297498,611.107152272802,1033.0307827034123,1093.6966108020165,847.1734143728797,505.95180973751854,1014.1735704314362,1013.5286920204217,999.8066225289099,1001.0662140150047,1078.3016816072836,995.6637086040344,964.4381799473578,958.1596612786669,845.2058964936795,1103.249030075966,867.9704974596444,930.6506961620894,1049.9388874413564,986.9813912140871,494.5899829025153,886.3444333747544,714.6400674509881,978.0489540908005,957.4661214944925,887.2308787955459,874.8696573995239,470.07665080071945,533.3055578816377,494.0122056967878,459.62254870475334,460.81731512056797,456.34102609558863,527.3763825308345,467.9529975548924,477.5415685777676,462.8530337199976,468.2057766027292,467.19440190080036,462.7879687965262,455.20322174979844,511.55320855212074,473.60634036548976,458.55594287082596,575.8923651059735,466.2190731538196,539.1269154476641,463.05027617215745,452.6773317469999,472.8932364976754,470.1396062922456
photo_truck,1022.4079863864374,1131.8928470376936,915.1428645957369,971.841122923628,1149.0853455668657,987.6293491664449,1194.4871209528017,1112.3737598626767,814.3065539052201,957.3654115142051,763.1352745222656,777.1433574249517,1113.9110313821238,1111.2166790209867,1051.7403457694113,1007.8789556221902,986.7655038164435,851.4748010276586,0.0,744.0918701239893,917.1991298761224,1055.3959821173223,919.4464643747846,1026.243679709284,888.6166310613971,1046.9485411327587,793.259009065399,973.1571408733229,1207.90510288588,1019.994376971425,1292.8447496601711,1124.3921996792435,856.4346696983619,948.6389331427911,1075.5806820547127,826.6543834665414,933.7533719200052,1026.4598994083988,1027.458435645521,1080.3826450710562,1148.503587327008,833.097893200497,660.6043481828832,709.5900765050441,751.072431723602,828.9396294841391,839.1874320204656,1122.4505632247656,834.2563528626989,994.7320435788507,832.763713566905,1064.6809227721571,1085.1027238222266,1063.185097293111,1139.8421517268519,1218.9941386717935,1146.4410132932821,989.0229160877053,1046.468885257764,670.7193611392703,1060.2800590607237,1000.3674809926554,1072.8532871576965,1099.7726127573778,1046.747483682977,850.2929710863249,366.75286163725815,748.4670502603416,1120.4765682476916,1103.8980708858287,992.5336648577145,1084.145684860514,826.8765025330079,867.3169777688888,851.397825735357,809.8535512691935,833.4766572152806,824.6889123165771,872.9283277116696,829.1288862079906,824.2176665900671,822.8437028311383,824.438162121207,840.2392071089635,835.4098358419623,846.7226597238023,852.5564830238947,827.6888975844901,822.1550847120681,909.1871517982106,824.930827946162,876.6967500782591,821.5249531013218,831.6912499347934,825.124147225264,825.1633671237212
photo_velo,783.8732070733652,997.0991807625124,868.3585032376333,771.1954405726649,943.9287004105155,893.2275338045418,1068.0999576123518,900.8797444674253,711.8014016334358,910.5409570856153,817.7021985273195,764.8396873763777,852.8264127811179,875.1160433742019,963.7661454528146,919.7964739417077,854.1596468907217,759.5612780614956,744.0918701239893,0.0,803.7729532942237,934.1612134489188,693.0061297993474,934.3507511860429,649.9786726778382,951.3656511243875,868.9369157994136,865.954494251578,1029.6661808894064,943.3241040022561,1075.1348355416444,873.6290823346604,761.3569826925986,920.4796630503081,989.4080186434194,727.535322746877,760.4338482135598,820.5225533937299,910.1275348606524,995.4967342151498,946.8309020465493,768.016701044523,652.2204164971313,382.7651522797152,822.8140894445244,743.4062082069411,699.8498443136806,1035.8576548144622,891.6119913482225,798.2939178005637,764.8184473159436,987.5913166454538,866.3319510772768,989.0291988319285,925.8702245677916,1009.802999573821,970.6561490246784,872.5714566760468,1018.6484770778816,736.4905133146002,961.7240857500644,797.7940120552687,883.0257144746632,1017.8715096104376,951.2758455007585,783.9409454301618,781.2888363879216,491.08575127591473,932.1121717889287,914.8963450247295,766.0127856771334,874.3726715565061,741.2494851966264,786.0737439512827,763.4844204285337,743.2294177319427,758.4628455091027,746.3822028259336,781.304335524272,759.4302719930843,752.594825845235,749.131529818578,745.5845541621854,757.085961242466,750.9187468495842,734.1129902749825,770.8166660442433,753.4588820892757,751.3010668605477,810.06143575862,749.2307009290191,789.6513318551335,738.6845656817619,752.153398928143,762.8174773532913,743.8554081465825
photo_road,976.8641292260468,974.3519004411548,522.9908405915303,585.1271189032786,1129.8152324033251,1074.2014275441343,1071.043131310964,1083.645636971791,955.5934858289332,614.513540725555,1013.8527313739071,968.5760331676357,1025.511411898409,1059.082160274811,1145.0919578876333,1104.5345743427063,920.0910785472848,995.5808076290358,917.1991298761224,803.7729532942237,0.0,906.4055784499562,913.6204479080931,771.3162067010533,1023.4497941224663,958.740188060509,1054.4882669018932,759.7733391042035,1226.0044543600554,1029.8866186213004,1251.692734114681,1065.0901147538443,1007.1552461649255,752.9219170563666,1180.6145182354016,1059.7675142019555,778.164699981984,1038.3914530491636,976.4265088106492,1184.5796956107386,1147.9074327243345,1074.0225699638968,887.5878028787188,896.7133521764962,1013.5652176108829,776.3277540975969,1037.3899338631538,943.379376001511,866.9081484761327,1098.5326758714714,1072.4225801956122,1163.0944227528146,1045.3449089775893,1155.5727893491207,1111.41255109647,1192.8538890146576,1163.589155683043,700.9017764349105,1197.0948950658417,936.7721358510839,1164.7268045928452,1087.5558341911642,1082.1477053953176,1198.0005541269625,1137.194357702902,1078.1237603303978,973.0066658392618,897.5248460358209,1232.396482187902,1123.885613141689,975.1271847547221,959.5450459072697,1044.350338967007,1073.4842859149499,1060.6044135867548,1036.007975573303,1051.4772992207577,1041.0563179121864,1067.7125448087866,1048.3983764025725,1049.727920817275,1040.9551522032527,1048.278121287198,1048.1010786165857,1048.7189017134494,1037.1374162623983,1057.9625960828291,1055.1455543361167,1040.031168871955,1091.889197726788,1047.861608845364,1077.5862196614748,1041.0357117622816,1037.8554430110837,1047.4943839647096,1045.1466008457892
photo_house,849.600665569339,522.3562504810513,968.0288421439475,818.5723368089235,951.6494552929103,982.9330843170881,735.5334170421728,894.0271300468796,1085.390350898169,886.5229271886415,935.3327861059622,1021.1553619068042,816.7867736330896,769.8726760270198,1075.8340386615096,1026.509079200546,808.9318539087061,1119.060525836055,1055.3959821173223,934.1612134489188,906.4055784499562,0.0,898.7961289929013,797.5800234524157,947.7795062402678,782.6793906274261,1102.31824646815,912.4207247724646,979.2057496415877,929.4208196829803,1059.2084431546143,713.3329772807226,1137.4017513611404,1019.2061615718574,1095.6360541570516,1097.5817105287142,833.8816138811636,938.9570142536347,763.2336806330102,1101.808472060863,972.0075267383951,1126.335556767779,1015.3469517493415,1017.3102902687107,1070.1834786994746,924.3302223396614,1081.9600485281462,810.2146132218109,866.2461550100982,1015.8856504028884,1112.1543108637195,965.1226099424968,849.2093205661103,1007.9851240067231,834.9178752804567,913.7001874461931,994.949950981265,916.3040106990513,1119.5046344929729,1060.6107435076722,884.8108205528939,1006.2211989196396,943.2102176564405,1122.1108118591344,1045.7767681105777,1125.2868885762557,1076.4990992270937,1025.9236561790606,956.8749943108887,816.740718003082,1026.1238587956905,940.3172873894155,1050.6442192537993,1016.154337159155,1032.6697940859165,1093.631477894476,1100.6504421296502,1087.2728572266171,1021.0162561549646,1099.8900701312969,1097.1286866069759,1090.5518957345957,1091.2991752408022,1098.7081278814442,1095.2498591294059,1079.7338456004868,1018.9131616119149,1098.2454272064517,1095.284061666065,1039.372372085972,1092.9391492915258,1043.9228128366437,1079.776018810372,1093.8909062650469,1099.0822421537637,1083.151679738935
