,photo_face,photo_profil,photo_eyes,photo_face2,photo_walking,photo_standing,photo_hand,photo_legs,photo_bird,photo_butterfly,photo_girafe,photo_fish,photo_cherry,photo_tree,photo_flower,photo_carrot,photo_watch,photo_key,photo_truck,photo_velo,photo_road,photo_house,photo_mountain,photo_windmill,drawing_face,drawing_profil,drawing_eyes,drawing_face2,drawing_walking,drawing_standing,drawing_hand,drawing_legs,drawing_bird,drawing_butterfly,drawing_girafe,drawing_fish,drawing_cherry,drawing_tree,drawing_flower,drawing_carrot,drawing_watch,drawing_key,drawing_truck,drawing_velo,drawing_road,drawing_house,drawing_mountain,drawing_windmill,geo_face,geo_profil,geo_eyes,geo_face2,geo_walking,geo_standing,geo_hand,geo_legs,geo_bird,geo_butterfly,geo_girafe,geo_fish,geo_cherry,geo_tree,geo_flower,geo_carrot,geo_watch,geo_key,geo_truck,geo_velo,geo_road,geo_house,geo_mountain,geo_windmill,word_face,word_profil,word_eyes,word_face2,word_walking,word_standing,word_hand,word_legs,word_bird,word_butterfly,word_girafe,word_fish,word_cherry,word_tree,word_flower,word_carrot,word_watch,word_key,word_truck,word_velo,word_road,word_house,word_mountain,word_windmill
photo_face,0.0,33.913153708288064,32.73335295118315,35.05605122607637,31.613591778322462,32.44078830553215,30.120924430625692,29.004729733972457,39.2532742595532,51.11780299683039,60.81756434789674,35.48620976527322,38.09908315092076,41.237676811480235,31.657700775912765,30.705621788674414,60.756144288914214,29.435760142851557,40.959825188726946,37.46650299058782,40.776652712354704,40.476951894895535,52.894961918158224,40.31605947067511,36.4327071497216,40.63353525279023,36.331974831066724,38.57337042057208,41.08612476217085,37.51956712233102,33.71119134522865,36.6339424618418,35.58568484254834,40.111606191949285,38.061537057465614,37.013916180864,40.604106486331055,37.78621817160146,36.69823265003863,33.762052269000634,34.076939675850234,36.47595054305803,42.37100763158085,43.89859531061433,29.94776435522755,43.89122544864064,33.041014599800775,44.505663728125086,37.96868346583245,31.02708306310746,35.394272072724576,32.05120998621342,40.52100776795103,34.778915715826905,40.07286363171567,32.04423260043859,33.84465949913301,42.10112812093089,36.15496565341156,35.72611314142591,36.91193924339351,34.00885594618788,36.1906812411408,32.092822431949436,33.207273179486556,33.81865245674264,36.647001052215266,37.12314029700342,33.17472977726032,38.414838087938,34.62858320136992,43.088924077871546,32.284957978827556,33.32733779449849,32.18417272794902,36.46274541243102,35.87848375446083,36.05904085740814,33.370914768102054,36.75635582671963,35.76782732004611,36.33416449230127,34.96094914841569,36.20692258258409,36.58378765373595,33.46625512198515,32.00506275362361,36.21118712507921,35.55993604955506,31.314383335326823,35.676075870304906,32.01231140425514,33.12199285770038,36.378698917584614,39.835955553586835,33.83991247693828
photo_profil,33.913153708288064,0.0,34.87774242553534,36.02085947176457,33.39072828033775,34.25646616248897,32.32409398862045,31.564217093209233,40.37593792832578,52.94556523821295,61.82516491267808,37.46088611341251,40.16845460265288,43.262755677593795,33.20861860235585,33.58703892374855,61.86717949419471,30.972967170174392,42.640166322692814,38.88619233138103,41.58091955855243,41.24970070732687,53.351416923963846,41.311943923850926,37.88057994222732,39.64500292545537,37.96517072039245,39.61887441109113,42.12821966476481,38.69646131970752,35.0699410286111,37.102949985186584,37.266745992891444,40.50348686075869,39.341171551167015,38.34986421594665,40.969422706008245,39.61138230950819,37.53618666808564,35.17469359970769,35.51822065584726,37.69931585219109,43.28782910804728,44.922774321205004,31.54825865204242,44.60173655464701,34.598313572952506,45.56803682369231,38.51364296570849,32.82699706861342,36.74398211663693,33.15718174068031,41.80793169391636,36.061099794051664,41.402408847196746,33.81970635984672,35.17007706292261,42.72464897806109,37.21597752168982,37.1494192305785,38.083650286049426,35.012602976118224,37.49614017281144,33.58723765879354,34.60773745838173,35.37569797657339,37.892452207742956,38.61023295050036,34.233771113937074,39.61398411117168,35.460403362241756,43.89504223363609,34.19995952604638,35.20535647826554,33.79034133199425,37.59204856506757,37.1239470797792,37.374494113776635,34.92723412808198,37.98727171267918,36.84391787392661,38.24143872541125,36.1172310760334,37.23309979313177,37.7258374680695,35.10974282961866,33.251962564018434,37.40045667439436,37.37150452595186,33.67709496492953,36.938509358404836,33.76232354543497,34.79791368880864,37.6180257550209,41.41071406115576,34.83335692989269
photo_eyes,32.73335295118315,34.87774242553534,0.0,35.11199616576166,32.18652359105673,32.90442195846263,31.055182402002327,30.135330734413742,37.988385677517904,52.306491642214525,60.62230215192295,34.876947602731235,38.45403071805033,42.39520635615692,32.21331266472996,31.476420788856466,61.11787887863644,28.171335049348354,41.21946674606615,37.000905888539535,38.929244472978546,41.24145885997211,52.25406561493862,40.40810681204929,36.995785465134986,40.441658106695506,34.633500034037276,37.873148567589844,41.5151366821079,37.66882353575422,34.19647333742012,36.79640568381867,35.03516911694449,39.601740097727074,38.52529590620971,36.33305176139135,39.72616843470202,38.497557505834635,36.940166074310774,34.160443847924896,34.29998462857605,35.16288665083126,41.87564002109849,43.0691254917694,29.580180891222245,42.166226410097885,32.55828203323639,44.66272470172681,37.84535274576044,31.256640360825184,32.72562500707374,32.37993669518877,41.15434044244037,35.071502507600755,40.27914271634745,32.08105823016134,34.157170152292565,41.87968714023161,36.06779637443366,34.775380475497414,37.26926332943715,34.10714850449998,36.75331493710412,32.470358940965966,33.480561458832554,32.94657472535129,36.06046813600298,36.1206200185082,33.57564446515948,38.695581951228384,34.31893196361577,43.3763506607362,31.60479377208793,32.09088325510035,31.37349697715211,35.06738528970176,34.92795504458578,34.549015516974166,32.36591225651172,35.17387706121427,34.280405295070715,35.383547829990185,33.992695334844115,35.07081717075691,35.053492401613106,32.627735525601956,30.976179158200907,34.848500878622865,34.58981713490606,31.328453485674633,34.47188376474117,31.40274342125499,31.87260846274965,34.99287739913471,38.385478642759175,32.491929517014775
photo_face2,35.05605122607637,36.02085947176457,35.11199616576166,0.0,34.524802955173804,34.88071201009562,32.21849784230196,32.23163773051528,40.026692661064054,53.28150107257459,61.744203771510676,37.185036331716844,40.13486661506085,43.585179295152976,34.024377854152114,33.285379393308105,62.73488422775766,31.682413160895873,43.32070947111735,39.51823397945431,42.37117513599738,42.11499124274947,53.99125313776994,42.53481093495784,39.04700288172438,42.23636978903746,38.16991378978808,39.22663084626019,42.91680704078827,39.40523481998486,36.354419012406225,38.60568289700109,37.70372121493337,41.043734024084564,40.340928329503164,39.064365826677026,42.030703394451535,40.51094618010023,38.91105683174852,36.37026074143083,36.55291497579578,38.31314045822752,44.10297847590818,45.61577806156368,32.25467036176385,45.43948337455871,35.34350051966856,46.18391747977282,39.50029569971934,33.41566156939945,37.65677784390948,34.032289591582256,42.532041764579326,36.987629951321935,42.02714975191264,34.66106497444496,36.300441113070285,43.59140779225635,38.1912618845455,37.41752335381454,39.31812235500897,36.21428953464242,37.94996936619634,34.797907686677576,35.76372441870457,35.81777330834077,38.443041587246654,38.58744878595868,35.563795771171705,40.616644077920206,36.3281552097244,44.78620033727017,34.700950243770755,35.21290538317557,34.53349427724572,37.923903407274025,38.05684215695581,37.85165267000857,35.72256391902368,38.67598643045373,37.61238697494338,38.71966079833566,37.29981237281606,38.17506480736639,38.442497305993605,35.74835824410083,34.259975303804005,38.37508267410596,37.6049477105292,34.362921580395174,37.496043907613576,34.84790603199679,35.31555734078009,38.40740022924834,41.827957545068614,35.7107570740532
photo_walking,31.613591778322462,33.39072828033775,32.18652359105673,34.524802955173804,0.0,29.71347756360941,29.330884223396456,27.747163910663982,37.7630765235592,48.847893643775556,60.01140933561486,34.648171495149434,37.194129393311925,40.458939029416975,28.667791076237286,29.26452928996208,59.74988287608912,26.45283006341905,39.64806287101793,35.701520275351804,38.742282133720806,39.866078026599084,51.184128665806924,38.66166452894134,34.09212680537515,38.72979719899258,34.02758838739628,36.10428386278363,38.44888299207845,35.0483262173813,31.289632518660987,34.163907547106064,33.22212915151075,37.2955921968845,35.400717425404736,34.520834734323216,38.39716279821888,35.883332459259705,34.492136081396815,31.236613174809133,31.23157428680692,33.93817961499301,40.32178955430824,42.126218532907934,26.954585794638508,41.74494860470546,30.1946325312562,42.33261251083414,35.39538992580194,27.60051713605679,33.27497869103714,29.04902438754229,38.13349904518689,31.941068266891246,38.186381738912665,29.123973640771805,31.317242992841877,39.93132576719001,33.26207384660518,33.12556174763481,34.533152625115875,30.663139056198318,33.91640395944974,29.13514413098499,30.14428138913359,30.94670520564866,34.22479086699262,34.616151516992105,30.90991101920669,36.52542258646467,31.843600438829423,41.33251849078251,29.611340236681915,30.41162944330633,29.30047807156654,33.50529154714898,33.18755371798405,33.494901931394736,30.512002735095646,34.209688084526825,33.085395984027315,33.84642514006777,32.54598484877865,33.66913717760573,33.88139446043342,30.80289568978035,29.13652779044299,33.79005509344802,33.09426424006757,28.93601919530094,32.977849700221306,29.352651279634475,29.992251235105478,33.87478736689572,37.67677179409956,30.674238254198556
photo_standing,32.44078830553215,34.25646616248897,32.90442195846263,34.88071201009562,29.71347756360941,0.0,30.286121832709032,27.783205272725326,38.62182496590125,49.45997369839631,59.892169207294664,35.44216249435466,37.94851475331154,41.142499314934994,29.069684057337284,29.452019125111388,59.72888507765935,27.07311876507998,39.988323425787954,36.597359047634775,39.40232138463968,40.344856346950294,51.14365339222692,38.93076181232582,35.23683806387313,39.2215574196499,34.71340003109518,36.796579449406465,39.36384188261214,35.27275412226471,31.931151183786696,34.402256730083245,33.75813606821265,37.16691006460342,35.89232604506743,35.51034371162639,38.72487921370341,36.75804399970986,34.79881094011722,31.42320361826058,32.16760382366816,34.67674718980528,40.859516293670985,43.03683398364565,27.955340756692475,42.362402928592495,31.351080152179055,42.7782736380193,35.774224550236966,27.72644594481974,33.88406141268427,29.508926129739226,38.358704784720416,32.645286946520905,38.77734030347867,29.977844358229483,31.68967329194702,40.10677478171902,33.15016680446173,33.99841232278975,35.36313645309584,31.4246243799613,34.05907640857597,29.314986776990178,29.521462718933623,31.743304992549557,34.92453567471267,35.81128029051151,31.30574661927638,36.78737417505308,32.22838449288332,41.555913219951975,30.75380965967939,31.41848467260019,29.999702926348146,34.060111487445994,33.82187289970718,34.16386544650765,31.16398545690335,35.28603104348228,34.02659655551045,34.50348418545208,33.1791862191592,34.31080081684235,34.92255377533237,31.608008140056914,29.99093087524045,34.42037841949655,33.927402584358155,29.831337188828183,33.743518111219366,30.32306702097032,31.036055973620382,34.45519691479101,38.01898435183379,31.705079970779856
photo_hand,30.120924430625692,32.32409398862045,31.055182402002327,32.21849784230196,29.330884223396456,30.286121832709032,0.0,26.29820026664331,37.60614579990993,49.740917829635464,59.62122318694833,33.31735434970844,36.298603217284445,39.80046801439831,28.852694310730683,27.877714667952226,59.86246218530986,26.787782154267642,39.91643451895471,35.33271581878636,38.79993918708702,38.616394151103755,51.484491905994595,38.68935027135949,34.87387853030326,38.71204340163981,33.99272220918251,36.231552159583,38.94233023258963,35.20429979975034,30.822941682642906,34.151281771739576,33.5916708770442,37.64023582416189,36.08471593606578,34.82591730577878,38.59544188129335,36.09390195545223,34.522793593225394,31.331072262354652,31.73390413856853,34.26513053683698,40.56127765338523,42.15685273859333,27.192674571548793,42.05510319841792,30.828056420256235,42.720121040738704,35.63671124384333,28.483423234190745,33.0911473683117,29.325895554304775,38.788016852857986,32.51790699015665,37.124688792423214,29.25020415164598,31.28529880290434,39.877521765044605,33.49791715385312,33.4208444783866,34.80762887577219,31.31552578024751,34.01179022464334,30.04150131755938,30.503322565086986,31.439913943331874,34.583014525723584,34.80704353294285,30.609132112746643,36.29432598040804,32.0237878124638,40.97828305808847,30.25399485427014,30.796084013535644,29.701765518482702,33.87631292809451,33.524073668623345,33.66697090890682,30.872256257596945,34.555275557338035,33.52637762242515,34.44754163001563,32.827591726105396,33.82529077526981,34.27275155198643,31.217384726309287,29.488299927192102,34.08533602499131,33.46618327534873,29.499880937678338,33.36047522681456,29.645615009780066,30.406105077833324,34.21036268634432,37.93052668946339,31.26223967554073
photo_legs,29.004729733972457,31.564217093209233,30.135330734413742,32.23163773051528,27.747163910663982,27.783205272725326,26.29820026664331,0.0,36.82847925665179,47.7065789991398,59.39890903900294,32.577979708625875,35.922873436836,39.573846424516205,26.70767504580891,26.718909304951968,58.79181576583426,24.836015502608777,38.85207424772611,34.57361318120908,38.162781704781686,38.51584325930011,50.623881833994666,38.06266908584596,33.53985392394464,38.01042215929193,32.79890551035822,35.668614969459924,37.928054815729034,34.09868148095119,30.201445938779813,33.099397330444276,32.22417976161172,36.429225105550884,35.20596315330758,33.79865580784422,37.958041839368036,35.25406243102147,33.98118235990781,30.084505759261663,30.266607012413278,32.8075708750435,39.50336489714697,41.83759555547538,25.536725567678193,41.354901396323854,29.3253348709914,41.903427065516794,34.41234802236267,26.328199706754784,31.968208139408734,27.802845993496447,37.6338870268446,30.959427929084466,37.011836553895726,27.6022572218952,29.864721997637343,38.80888151101829,32.03606684260462,32.21087402613355,33.62722900674445,29.81772615149252,32.607944643208114,27.84367398542143,29.083272299311535,29.66052324136437,33.319508719561895,34.17855965374985,29.357866961071135,35.35136776966863,30.73609466595521,40.31962869907136,28.59082034699604,29.43267710038232,28.215136852076853,32.526023240196444,32.04376798233227,32.19181241038066,29.544751788473327,32.93514010841119,32.140014061120354,32.73758987425661,31.252342481134257,32.51395279678499,32.83268270253712,29.642892672323107,27.703250762298467,32.5895730341932,32.03290872148553,27.549829213614643,31.848068245506187,28.38404982827905,28.85864594786848,32.76305560842603,36.457367048709635,29.53433665243177
photo_bird,39.2532742595532,40.37593792832578,37.988385677517904,40.026692661064054,37.7630765235592,38.62182496590125,37.60614579990993,36.82847925665179,0.0,54.91140609763382,62.62754656965246,39.92402860744536,43.85458656922507,46.07449118853059,37.57428509466723,37.471702452192986,63.76079744513524,34.114626152925595,45.32930532779115,42.163087509540375,44.23063708293057,45.682293633955865,55.78833826162959,45.38787328684826,40.82265603294232,44.169286733066514,40.30460715736207,42.269197079449626,45.14514137144696,42.05153825500812,39.19928553261381,41.4548513843649,39.41697413764386,43.60080727566403,42.66793807943932,41.04054330648803,45.11263806482952,42.92617704859995,41.82875812738068,39.244968994036036,38.97009250479056,40.09332970778678,46.01141843246498,47.25365213269151,34.96195487402244,46.97371318419993,37.668288683852445,48.07142107465461,42.336395582973324,37.02826803538959,39.285554270471714,37.48209518266283,45.10170514219356,40.19800144588227,44.55696898005829,37.63414484007478,38.76882922976376,45.880907476665755,40.613839681944654,39.954671053374405,41.91072522331007,39.01298603354305,41.26805501559614,37.868161902764854,38.338043412933125,37.4278245164015,41.12857879228721,41.25373399863363,38.83140480851214,43.14133873336068,39.169593426754425,47.15060033590352,37.192815909221565,37.88059092864372,36.843257560292635,39.7722484740025,39.66961938864304,39.623674316044855,38.0498298966668,40.60923944506179,39.59690917187743,40.52006746076486,38.94447141687861,39.82876053293371,40.18756387879324,37.5307242145629,36.609514918502114,40.109341719480526,40.07274937719312,36.56984772339896,39.39727394152458,36.99460114721137,37.48162898064053,40.3161863984567,43.440650137187916,37.948524085129755
photo_butterfly,51.11780299683039,52.94556523821295,52.306491642214525,53.28150107257459,48.847893643775556,49.45997369839631,49.740917829635464,47.7065789991398,54.91140609763382,0.0,71.45490146865613,53.0586914229165,55.09436884033647,56.71067597425888,48.90481089372519,48.534322449126115,71.38027424861053,47.31680190310177,55.550255572890265,52.84169008699475,54.879645419440365,57.0316464547087,64.11250637886978,54.93442904817865,52.17606136416061,54.6767441485318,51.58701022199412,52.17976704701047,54.765726173696024,52.63048368673221,50.44583467647216,52.17810030782731,50.91086688495924,53.72510468400453,53.21924712551224,52.34941691130973,55.118387534510106,53.39096245890326,52.44285748092536,50.36841729920826,50.45046466467475,51.5911295236983,55.56042912301668,57.35585272769425,47.279013527175124,56.69491050028768,49.63724541875475,56.70272957100733,52.45652370041112,48.4310982311517,51.003208817059075,48.77567371026683,54.49634730494437,50.467272028329596,54.25757317260026,49.21307078453581,50.20459885030699,55.446789890171885,51.43572350379339,51.23513031233138,52.5976795376383,50.02265035886762,51.791493489157546,49.133891087272175,49.88037385004609,49.56976404631174,51.715330831182115,52.40954418613459,49.94012440245435,53.563008973504196,50.33104869355544,56.375332863530005,49.03772831502726,49.120277059314944,48.99293801622256,51.3436170990761,51.11960491903015,51.15627342167622,49.386873593418336,51.556259886576996,50.99586644146421,51.30922805948514,50.51365991110895,51.31516438919286,51.30497997685832,49.70128799222722,48.554661563502414,51.6183256068252,50.96391957134997,48.66425465357564,51.02050110260022,48.82748793756101,48.91004630801629,51.588881893060204,53.91394746226542,49.61548058887724
photo_girafe,60.81756434789674,61.82516491267808,60.62230215192295,61.744203771510676,60.01140933561486,59.892169207294664,59.62122318694833,59.39890903900294,62.62754656965246,71.45490146865613,0.0,61.4404300309613,63.74920565012462,65.09352225132318,59.5138171577669,59.86096417111358,78.3202942479005,57.95574260445151,64.70809249025326,62.84522130187011,64.36288158076032,64.71136861671576,71.74675078842763,64.40362503053245,61.74488819051655,64.04066483958829,61.57287133897869,62.84066896897335,64.1431523440652,62.709397484929895,60.194509330815364,62.14526460874284,61.29112525956054,62.784155047737464,62.57636305093691,61.976441867467855,63.409405106420856,62.91300999191639,62.15682769044738,60.47101113847201,60.21781978107202,61.19142823802316,64.5601562003151,65.9220238547346,58.34083907243742,65.98902001445019,59.68156766655947,65.85668234486613,62.27950991162829,59.22231014128597,60.456199209056926,59.121266495477066,63.94142074347645,60.49979501699598,63.85438429007891,59.422689290633976,60.74812408482949,64.74274108979465,61.405769545279874,61.32302019731548,62.12177520105708,60.37095157845356,61.10289014204502,59.694770018533426,60.096166636679264,59.996538870769456,61.2211421835092,61.571565267336915,60.16399440563739,63.29626093062403,60.20977672798451,64.8500473155529,60.06600368401148,60.076700214537134,59.190071455826995,61.430592063293304,61.20344746169362,61.26092463050481,60.016279127538155,62.019978148246736,61.25988337610226,61.44669244492893,60.925982834479406,61.408962169128166,61.61626151090466,59.65960423357388,59.216454711734684,61.45787680766655,61.254247636422626,59.29394338902561,61.08527279856323,59.63159025135653,59.876459906010915,61.249542534913886,63.58818374138415,60.17376201580632
photo_fish,35.48620976527322,37.46088611341251,34.876947602731235,37.185036331716844,34.648171495149434,35.44216249435466,33.31735434970844,32.577979708625875,39.92402860744536,53.0586914229165,61.4404300309613,0.0,41.063150084427114,43.93713140099441,34.486238306555904,32.8095057400953,62.3669079513094,31.18950500149309,43.17230856100029,38.92113222484537,41.315799142842046,43.199570649132454,54.13374070761457,43.754295831541775,39.17889827615096,42.661873903248555,37.414910144245006,40.52768611664539,43.425132326028304,39.75271517071931,36.70482600654611,39.2599192771296,37.52991704525635,41.93033266057885,40.37420456692553,38.56873789364012,42.672233998325055,40.730390164215805,39.341759544474044,36.45889979936477,36.46993037204387,37.794012603614085,43.72378919545458,45.68359101884954,31.940781913742832,45.552592818607664,34.95447382492886,46.79523668749773,40.104530439521895,33.59563210863788,36.812042534703224,34.716499964468426,43.16203817242442,37.4839793178476,42.60815792557314,34.689121537001895,36.10200291771721,43.67201196021255,38.08451932768272,37.12634030688055,39.605308210244765,36.195533143458164,38.777327605072934,34.76381138625093,35.61420303826916,34.9777023473146,38.53785100108924,38.85945666001162,35.95888547813842,40.843772518728194,36.62361075375633,45.38442756983984,34.38969745541925,35.34933703724572,34.254800450964375,37.693377533724465,37.0874215737114,37.30168179563086,35.1199537532983,37.70175158457844,36.88894386158878,38.18289099801792,36.42812008735555,37.44057728118865,37.54786250543133,35.15836757994525,33.74130209636601,37.449200350049,37.2504095488424,33.63541800674467,36.89149549212847,34.0603441223157,34.681355911016446,37.673877765456716,41.08433221221771,35.20328544721399
photo_cherry,38.09908315092076,40.16845460265288,38.45403071805033,40.13486661506085,37.194129393311925,37.94851475331154,36.298603217284445,35.922873436836,43.85458656922507,55.09436884033647,63.74920565012462,41.063150084427114,0.0,47.02899727419731,37.33364129636905,37.34484317160222,63.818515216906356,35.283620000662715,45.43069674635125,42.34207456828199,45.55245676201917,45.27029735886211,55.65582402750486,44.977557388354086,41.76418121406881,45.1735663389671,41.032806962166326,43.290894611104136,45.128416243389374,42.30465545592326,39.20095684245334,41.265666592286166,40.73325438914726,44.176495031631084,42.958500390118786,41.91343178228497,45.177075178307405,42.92509192489528,42.00573427314889,39.13906936207389,39.482583722462586,41.377412908419984,46.11325833627354,48.10027179947038,35.9524977774198,47.69690012622834,38.46309858072659,48.80197830507855,42.54529669103494,37.03447454474013,40.446410087709914,37.63469903145295,45.13335115775297,40.2546283587627,44.71266277841571,37.58718752357394,39.3304596813387,46.06373119097666,40.716547953163534,40.66708150599206,41.82721199157996,39.01986939133102,41.19693763117481,37.42551677917451,38.51049468918203,38.960781236749824,41.52262636737824,42.17821095558379,38.17954204841782,43.2177197375625,39.81019395857907,47.54721013465691,38.004487343650744,38.47543715735196,37.6420436035704,40.73616198823735,40.71052441017691,40.65206785879297,38.682075164735004,41.30879562095975,40.28151773385211,41.05144437075181,40.08237240067084,40.948727560439316,41.024381017986116,38.80273114189757,37.29279265542994,40.785766376611164,40.42294783474733,37.36150633687303,40.37743860107225,37.66735837122604,38.043524722909375,41.03550583733065,44.413297555809336,38.90052463656247
photo_tree,41.237676811480235,43.262755677593795,42.39520635615692,43.585179295152976,40.458939029416975,41.142499314934994,39.80046801439831,39.573846424516205,46.07449118853059,56.71067597425888,65.09352225132318,43.93713140099441,47.02899727419731,0.0,40.0693980537092,40.26263778784342,64.81363626325209,38.76893994508693,48.06888651697943,45.264042291122784,47.27886623230731,46.16412841444898,57.21599485320003,46.35807025924072,43.991706069227845,46.872260604958086,43.94068760340536,44.78537700283653,46.35861673347149,44.11828232105997,41.67993472112033,42.74178688717253,43.000465410339594,45.85163773705462,44.90005359944005,43.77636564138755,46.30299827677262,43.294524823273434,43.701373227284265,41.38941662969406,41.15815907609356,44.00294366278189,48.80239819751466,48.9096017101942,38.94957405384719,49.13820294620463,40.493843679987215,49.40466396540758,45.085266445905376,39.55202379431159,43.03727135376077,41.00951898517719,46.21108285770291,42.2262376641277,46.33571047117068,40.24967051821011,41.872538380741055,47.39256855471317,43.31811819319256,43.23887759702609,43.417770968670006,40.744057922089475,43.24742634174968,40.38057708185167,40.51703106836841,41.908908708058696,44.077864858847526,44.20379599898448,41.21075377472991,45.28823714321687,42.4640825771038,48.799839708473755,40.66560381604099,41.44859548014775,40.442501276963014,43.40731137990594,43.272921595959254,43.643705292408974,41.251453129436534,44.35927909914071,43.223443870877425,43.77888798435179,42.66672621913856,43.49704905554929,44.01194085101309,41.45375277994836,40.012449226168265,44.11556486734947,43.68520239406966,40.09246577033176,43.580220607322104,40.653405230684164,41.14776926606442,43.8550132515696,46.70515819341565,41.78236913383532
photo_flower,31.657700775912765,33.20861860235585,32.21331266472996,34.024377854152114,28.667791076237286,29.069684057337284,28.852694310730683,26.70767504580891,37.57428509466723,48.90481089372519,59.5138171577669,34.486238306555904,37.33364129636905,40.0693980537092,0.0,27.274490899773,58.89942983819966,26.397484422215214,39.37004316043902,35.99423321367659,38.71768675480553,39.425438102570396,50.97591974351469,38.617565599276745,34.23393431651468,38.53949641071081,33.80176137555012,36.15406049428601,38.71193551662374,34.37933688958153,30.39381534784073,34.035300461509884,33.00868165532567,36.25141090434084,35.2463003437043,34.44365178992911,38.28254854184884,35.41703946885299,33.7058975592108,30.321288102708117,31.13821364797034,33.71372910565044,40.26801304166833,42.48161572668871,26.643500854566696,41.73287913447154,30.332975028104848,42.53318231473539,34.5707996034269,27.218572755766957,33.1046820448606,28.385785731125008,37.93861203919005,31.620491167052194,37.601038838991734,29.170411403974416,30.704928169843487,39.30176162249757,32.463036762143915,32.98041696352714,34.34701630794816,30.67867066024777,32.992067780312574,28.164404013283836,29.111242269209146,30.860718851984178,33.96101406389785,34.903547726430794,30.1634108031168,36.04931285477981,31.299933352583505,40.72580551789827,29.68577352811154,30.39475117452644,29.36068826507961,33.3835576323158,33.242509670180155,33.116127251571314,30.682886631112112,34.09319034452379,33.13110233123605,34.081607102982424,32.42211059093587,33.42309179906896,33.772821000670234,30.493056930899005,29.095064581190364,33.75193569145067,32.96565765469229,29.072043839929332,32.76004318680644,29.516480157190237,30.102147051708812,33.903302576028906,37.36057312469657,30.77879601876837
photo_carrot,30.705621788674414,33.58703892374855,31.476420788856466,33.285379393308105,29.26452928996208,29.452019125111388,27.877714667952226,26.718909304951968,37.471702452192986,48.534322449126115,59.86096417111358,32.8095057400953,37.34484317160222,40.26263778784342,27.274490899773,0.0,59.03707708098666,26.607721624114745,39.736208215844265,35.63939135676977,39.27110726370114,39.52950004187276,51.402451955079414,39.93395394869117,34.80026086500983,38.9602740198268,34.14496846193504,36.78127129258815,39.14814515724143,35.055560423081886,31.347240951277907,34.73167762043559,33.291456794959615,37.54865840047897,35.79293772714156,34.897971190150216,39.05055563040388,36.34061257498671,34.69169475236097,29.918191853930413,31.91579744039397,33.87268389149635,40.49937346581164,42.84237421601187,27.136363665196864,42.22448843644492,30.811132084325934,43.39253315999285,35.6443489224072,28.00045687773461,33.28096349566566,29.299816589461884,38.742692397659496,32.12332945072162,38.24488680022467,29.564481900503285,31.15981297839592,39.919104605986874,33.10596626512534,33.48239666441864,34.96545010353347,31.101148775903972,33.670464444986834,28.841495887363177,29.984985983655932,31.102472918530292,34.51624579083977,35.35325096938411,30.843433859328226,36.34512601519681,32.19542318834592,41.706979588995694,29.820162378834578,30.843067713637,29.674558909643675,33.78669732194368,33.52453299795093,33.63952294706345,30.995946049685895,34.35811135755279,33.364921515655844,34.25549741054802,32.68390591104158,33.725602669716324,34.04694836244385,31.178082885071667,29.289625044154942,34.01790404504081,33.379090176729605,29.26678827851958,33.09465741054427,29.666128889935493,30.345649774967683,34.110057797033626,37.670526662100386,31.02990058858584
photo_watch,60.756144288914214,61.86717949419471,61.11787887863644,62.73488422775766,59.74988287608912,59.72888507765935,59.86246218530986,58.79181576583426,63.76079744513524,71.38027424861053,78.3202942479005,62.3669079513094,63.818515216906356,64.81363626325209,58.89942983819966,59.03707708098666,0.0,58.19192946993666,64.66643520803628,63.05240372320791,64.99958668727912,65.127721301728,70.98993479468615,64.8843120331203,61.72932482982294,64.81812229316434,62.18757507201565,63.04517145142107,64.3555472188209,61.23348528010349,60.23562445170567,61.9469383039859,61.112408583687426,64.0503807832674,62.6409043635077,62.29106144127108,64.72601211322105,61.90857829013786,61.29360371482294,59.69659906658241,59.970081684928545,61.53510016070669,65.98511236607199,66.65686399098342,58.58766404375851,66.31920220001597,59.88014805821272,66.57870994935826,63.14186587442685,58.284929025883876,61.42800583767058,59.278748169539526,63.77723412151737,60.547469554706545,63.583183600913145,59.07638913188814,60.271584285414896,64.38945919063444,61.05258918997118,61.56513915043413,61.7504605468991,60.017531304243285,60.65892928420325,58.85819207324725,59.35905980349677,60.35469613314546,62.28111224759384,62.640449325005186,60.43609215102041,62.87011191954215,60.60122636144222,65.84345000203348,59.61691640643509,60.16072784069216,59.631229760033115,61.364218910943194,61.81221722825547,61.462404650963194,60.04415238961804,61.770348934161035,61.38245793598471,61.77109971110565,60.93021457197594,61.4881604083506,61.8704577439574,60.161900723672574,59.575950351082646,61.72906568177371,61.2193752730655,59.284335210436254,61.492192091610505,59.3751821149442,60.258162679346896,61.617572357568974,64.03467070458026,60.53818853968448
photo_key,29.435760142851557,30.972967170174392,28.171335049348354,31.682413160895873,26.45283006341905,27.07311876507998,26.787782154267642,24.836015502608777,34.114626152925595,47.31680190310177,57.95574260445151,31.18950500149309,35.283620000662715,38.76893994508693,26.397484422215214,26.607721624114745,58.19192946993666,0.0,36.858457245487536,32.44547235797809,35.714734892729886,37.66699136323301,49.09504534620967,36.53065612620911,32.15076956856202,35.687731383767854,29.306458471302882,33.36757748874458,36.90071166543495,32.73755924814808,28.63407021700504,31.71612515490022,30.01616173211255,34.52072217555136,33.52448660959308,30.938163214321154,35.705082032774435,34.014840054050936,31.944075150005933,28.614654749398333,28.851394165958105,29.265719522105794,37.65615381579925,39.15455083875163,22.29013423565796,38.268928482170494,26.16098675942637,40.58235799677542,32.46881845820048,24.897622537581952,28.245181254294796,26.070094992251725,36.82359442958674,29.74223563813138,35.26960620374924,26.04487672503859,27.886823987871463,37.17063891502832,30.8936257984485,29.133937988391434,32.2336884402873,28.66967169729693,31.459683629545975,26.14829035537572,27.337392166244136,25.706390004522003,30.569751737391655,31.353132263134075,27.59165634878722,33.45922480065855,28.583507966770117,39.00155445331979,25.7027302254643,26.362845501838244,25.121957380401888,29.537230833891293,28.81639465425659,28.476089616433722,26.430669622954618,29.93352176369788,28.84062567419125,30.308133718734055,28.53576055941112,29.347887043795055,29.290429921389304,26.247378056240663,24.809241582873558,29.28084939713404,29.026780792819245,24.780576354322648,28.370777331969894,25.634559832797624,26.054175562787865,29.36654236855723,33.77060974442305,26.9136794569429
photo_truck,40.959825188726946,42.640166322692814,41.21946674606615,43.32070947111735,39.64806287101793,39.988323425787954,39.91643451895471,38.85207424772611,45.32930532779115,55.550255572890265,64.70809249025326,43.17230856100029,45.43069674635125,48.06888651697943,39.37004316043902,39.736208215844265,64.66643520803628,36.858457245487536,0.0,43.842262811379904,45.982331158330275,46.42179904995147,56.67679123748031,46.40067687774072,43.17097621750073,45.773436916317365,41.37423569461466,43.50824218246238,47.15216421599107,43.93004635065125,40.73489999441112,42.929338382795,42.158860716830134,44.9378248199231,44.19317413570524,42.454115017423014,46.17822647146384,44.455597691551276,43.309289233474466,41.05667949739102,41.153354148609644,42.009065635702726,45.38172627667125,47.37584147034855,37.28848521379297,47.49016392225724,38.280377623808015,49.580262321271,43.489546710289176,38.523137456547744,41.15677897628423,39.217453444356224,46.50671645484121,41.55953820234301,46.24736326844065,39.45930966206142,41.0108409816603,47.21155600151493,41.355159190074644,40.98233636865743,43.085154419589955,40.58897408778449,43.01235908419601,39.538903661092554,40.479156243730685,39.99714324331842,40.724954573605196,42.25108452129498,40.1482293533758,44.113198597037204,40.85514217086868,48.0288148722161,39.97890693144331,40.187648512173325,39.5605094200736,42.71604163516191,42.010842377044995,41.68852445673369,39.931871157853344,42.45261487062246,41.83420473371023,42.59789747263675,41.684217043645276,42.10179303606438,41.98490283942355,40.31122922411163,39.52618783031777,42.11143573757339,41.865400117783764,39.19142912135333,41.30582995597593,39.702498447300236,39.97968393119495,42.75607286917867,45.27962380497678,40.19360123417552
photo_velo,37.46650299058782,38.88619233138103,37.000905888539535,39.51823397945431,35.701520275351804,36.597359047634775,35.33271581878636,34.57361318120908,42.163087509540375,52.84169008699475,62.84522130187011,38.92113222484537,42.34207456828199,45.264042291122784,35.99423321367659,35.63939135676977,63.05240372320791,32.44547235797809,43.842262811379904,0.0,42.72861397293316,44.128278791939195,54.26063681568819,42.85883920070914,39.46605141204717,43.06025509519783,38.438361524283195,40.64635012474812,43.52786746944748,40.47252998061273,37.616196218293474,39.681953393924466,38.415109210374396,42.38056698964174,41.15760252358477,39.133633692413945,43.15402008838662,41.328496998228374,40.149984923152736,37.6646382838514,37.51862178035343,38.89663341109245,44.08974754487286,44.15871897926544,33.33422924698433,45.11208481549876,35.57924541623092,46.587549841115774,40.81477189137011,35.10390684284357,37.775873985359866,35.74997490976455,42.963705228386495,37.89400034478513,42.917459739742945,35.866983719773366,37.52967129189051,44.51277854333675,39.20901036982442,37.981874071268486,40.341573746537684,37.312984058457744,39.602566786857494,35.88489385437477,36.917826840749925,36.53653465852689,39.09609418774551,38.684395838894794,36.69078614250191,41.19706348857998,37.46673185241922,45.641484088007616,35.70445502882861,36.255664540352385,35.09466756829163,38.60993055896478,38.30116087448371,38.35939554917721,36.36284869407472,39.02460556095982,37.83650941753501,39.57685631296824,37.450185498768356,38.58879481881159,38.72556391996554,36.357646182770495,35.08366215898771,38.17232537488683,38.26290655679367,35.02818283804917,37.7604959645148,35.70599480136748,35.93587012945316,38.3386541429243,42.128451118241905,36.209624190058214
photo_road,40.776652712354704,41.58091955855243,38.929244472978546,42.37117513599738,38.742282133720806,39.40232138463968,38.79993918708702,38.162781704781686,44.23063708293057,54.879645419440365,64.36288158076032,41.315799142842046,45.55245676201917,47.27886623230731,38.71768675480553,39.27110726370114,64.99958668727912,35.714734892729886,45.982331158330275,42.72861397293316,0.0,46.49990872892152,55.74119806493735,45.10091463719731,42.282675225897144,45.53260551936374,40.10140380820744,43.00230243312038,46.194808378743346,42.65273376432425,40.44808608357478,42.43633680000711,41.03358300918801,44.16190332097393,43.677611508603135,41.086097560001214,44.585750726589495,43.64177772117754,41.977158001086146,40.607533336065025,40.02203326284283,40.89331404283206,46.519098317710025,46.66559724947562,35.33000577514056,46.945607484104755,38.31080432616599,48.8661533252314,43.066840639100235,38.09917440555454,40.12213407911193,38.96193912593843,45.91032052592176,41.26132948192778,45.37437426908464,38.942341062284555,40.37813146568029,46.62033968874021,41.77356193141783,40.08188261264067,42.819393589177295,40.34321003213398,42.24274510130572,39.023180614226234,39.51889370077838,39.01157036692319,41.59348525016815,41.201075064387474,39.893238066146964,43.64866420243806,39.89860050849368,47.994296769979435,38.75334736332679,38.96610206321939,38.413334209496725,41.27191550334675,40.74130447196783,40.98018695592083,39.69866265151539,41.58037350690383,41.03419721180892,41.35766627466825,40.31694584958244,40.947382890480526,41.26311821976467,39.40613575590896,37.991344189967485,41.25387495461664,40.75737062651891,38.26683240264468,40.85429867086115,38.885780828859076,38.901199186744066,41.46193382106714,44.714132828424106,39.71174889794269
photo_house,40.476951894895535,41.24970070732687,41.24145885997211,42.11499124274947,39.866078026599084,40.344856346950294,38.616394151103755,38.51584325930011,45.682293633955865,57.0316464547087,64.71136861671576,43.199570649132454,45.27029735886211,46.16412841444898,39.425438102570396,39.52950004187276,65.127721301728,37.66699136323301,46.42179904995147,44.128278791939195,46.49990872892152,0.0,58.108402322045194,45.93954874870334,42.868809516875935,45.68985065340739,42.8674097163086,43.89433937144733,46.9230172351659,43.962365969272696,41.13194212007813,42.52856681428162,42.5284739019911,45.145989009955066,44.395771517365766,43.22522449088887,45.80248946153942,44.273514222309984,43.41386220945532,41.04514306703031,41.21705869296198,42.82500468669385,47.65333739536367,48.60064642537996,37.92092668507628,48.214433235373214,39.96263026122145,49.61833358422601,43.5910530974794,38.70571114951915,42.15153299422447,39.823539801931155,46.207037723358745,41.88432869213639,46.05060217812364,39.70073139485056,41.49077423212041,47.578552744773006,42.39904257735956,42.36121018760833,43.13937745025666,40.83482884495521,43.08546834758945,39.8919990789785,40.703810700350154,41.14934688765265,42.67255035102013,43.44375638764613,40.08093732378321,44.433389098755065,41.364809562431965,48.68291987542132,40.107302758879264,40.692986044360765,39.967755389665385,42.974954532690305,42.426187763469336,42.95810817557911,40.729606008258905,43.66855560678973,42.45524125373001,43.551396474830575,42.12652411308075,42.77730659209601,43.013535661585664,40.9963644331022,39.337132215151996,43.19248376542521,42.70007277627534,39.668320500497984,42.177370435841226,40.15022390560079,40.43377517049714,43.02188782931095,46.55911306874797,40.905802136362325
