,photo_face,photo_profil,photo_eyes,photo_face2,photo_walking,photo_standing,photo_hand,photo_legs,photo_bird,photo_butterfly,photo_girafe,photo_fish,photo_cherry,photo_tree,photo_flower,photo_carrot,photo_watch,photo_key,photo_truck,photo_velo,photo_road,photo_house,photo_mountain,photo_windmill,drawing_face,drawing_profil,drawing_eyes,drawing_face2,drawing_walking,drawing_standing,drawing_hand,drawing_legs,drawing_bird,drawing_butterfly,drawing_girafe,drawing_fish,drawing_cherry,drawing_tree,drawing_flower,drawing_carrot,drawing_watch,drawing_key,drawing_truck,drawing_velo,drawing_road,drawing_house,drawing_mountain,drawing_windmill,geo_face,geo_profil,geo_eyes,geo_face2,geo_walking,geo_standing,geo_hand,geo_legs,geo_bird,geo_butterfly,geo_girafe,geo_fish,geo_cherry,geo_tree,geo_flower,geo_carrot,geo_watch,geo_key,geo_truck,geo_velo,geo_road,geo_house,geo_mountain,geo_windmill,word_face,word_profil,word_eyes,word_face2,word_walking,word_standing,word_hand,word_legs,word_bird,word_butterfly,word_girafe,word_fish,word_cherry,word_tree,word_flower,word_carrot,word_watch,word_key,word_truck,word_velo,word_road,word_house,word_mountain,word_windmill
photo_face,0.0,1252.617579945233,1429.0641298514784,1147.6482402060137,985.7518063408451,909.8638012450376,1059.1059376377018,889.9244947220429,1190.975828418697,1385.6325941066057,1183.586471618626,1252.429897029611,1078.6024497342173,788.8808870432566,1002.2175925819888,960.4386027521275,1024.216265039827,1272.4551776638764,1471.2839496533722,1157.490528404905,1401.165142626687,1234.7659634457852,979.9020900228585,1173.2776464557303,945.2946913432417,1210.8712195302173,1336.3039571229906,1092.3302374008506,1084.7740071754044,965.4920538268652,1122.4589354699256,955.8130369164468,1255.7685146025085,1433.6627998569902,1083.0086368540708,1231.7913802121607,1196.0251065722907,734.3203757485903,866.68894114076,1068.7797891964176,901.8022793802577,1262.6372503138898,1417.1814288543749,1271.2947309860585,1313.6744124434217,1336.4506802951137,1195.087828367098,1119.657214873577,1342.3334966171603,934.0995732335567,1217.3147923051501,1016.3593349335342,929.560994798069,1051.4691660264136,906.6143526876793,988.8410203860511,1029.9022736020902,1215.3269406083612,1123.9303364433542,1420.6927865645657,1136.9122624865224,906.4230982873087,834.6694933351826,1083.2082567357736,994.1607970715904,1248.1115368484122,1452.6752869374839,1260.2877354419627,1027.0484757169168,871.099481756368,989.6419071588728,857.5059652123238,1134.0564572842147,1102.1224138897048,1110.1601751232788,1193.687932311809,1209.947544341914,1202.914675347201,1054.6246937022624,1213.2724752003323,1201.828030741134,1199.3997132225193,1195.071797162602,1208.2805885116927,1203.5284171130634,1110.4978001373215,1105.2934367480625,1207.4929450841037,1207.916498352208,1006.3463562028253,1200.2540318188285,1042.1802632936965,1184.8608185258295,1202.890228287456,1219.5287439889198,1188.997497534746
photo_profil,1252.617579945233,0.0,1438.2335795279325,1275.2952296608419,1286.7506531840359,1474.3710669495622,947.7092935151283,1352.4026319783227,1604.8455868164604,1377.1198194706599,1457.9178865993908,1526.4276830912354,1257.0391257754607,1228.9686878701407,1447.5329976749354,1515.779546000271,1274.309264178129,1655.2190416165101,1608.6721313067796,1424.2932826454864,1406.679499390183,878.9902333297769,1375.081955864359,1288.8463746972554,1410.6299909046993,1162.0863168353742,1595.161969065866,1380.2836783763023,1323.5986860479852,1407.1898655993418,1387.5390115517268,1131.808235445159,1656.3875092893593,1525.8455016986984,1483.7471512120258,1606.9897124731133,1297.9872791044252,1406.9668215400231,1193.1729329492446,1484.4403144992707,1307.2578968766231,1628.9605881789648,1547.2847120543927,1545.8799331549849,1572.9768344279846,1413.7968317983125,1567.2838976186163,1296.0685094843923,1285.3078155587862,1471.1777258454463,1575.212338812055,1414.2927210824032,1279.4947617491327,1475.846166036006,1264.6956618376098,1194.81008363209,1462.8659014960808,1357.6660107564207,1500.5259086102417,1536.963546118987,1313.6521530106295,1453.8523660649691,1383.164297057383,1498.989742537916,1486.4134013897703,1595.6857914742893,1561.1235961954633,1490.441960289084,1256.5620639729036,1259.0620375336475,1496.874968648345,1401.8842212788827,1496.092921316852,1457.275521708583,1476.1888047091627,1551.7814361917406,1559.7102342725448,1545.6307480836924,1462.7595615313278,1557.9824744820949,1553.7146681205943,1546.6841549624057,1546.8017735167214,1557.7071565324507,1552.9314960824295,1536.4467964086894,1461.5300980150532,1557.6458145900397,1556.424352269951,1482.8964027239122,1548.6848550532716,1490.0519128896428,1534.7694228172136,1551.7983843907098,1564.945251259743,1536.5311353432949
photo_eyes,1429.0641298514784,1438.2335795279325,0.0,987.4333286255285,1638.659707598937,1582.8016050581355,1533.0706433265257,1574.370592328074,1303.675237510613,1080.9248552658182,1526.4446127017932,1437.489165531805,1505.591294871073,1547.7152119826928,1647.8748740128206,1617.5491809005334,1405.8834895915666,1360.258928424054,1328.09860904277,1260.7264035771238,831.309910967523,1388.9324875426591,1362.2786542958968,1256.8882172072742,1483.489920136088,1417.1634453048575,1343.0415775365211,1144.9573929200358,1754.044617626328,1512.7758786785246,1749.6843681484877,1541.3388291379968,1352.2895904100133,1225.8582382066384,1703.3614531957805,1414.9977107412294,1226.6604752971543,1509.2618583303342,1434.8839959884447,1698.0286434323089,1651.1443566468909,1426.8821618570687,1350.5496097730088,1374.5267055839354,1345.1501695284262,1190.9872305504334,1365.4020825288505,1424.7039236143398,1293.3686056940037,1577.4290249763137,1385.332577316479,1635.8969869725618,1512.9175175588705,1647.8060433125436,1597.7413243942603,1664.1671951624328,1650.209652245163,1121.6295571328385,1697.9772058805108,1225.794328061781,1648.9212164697283,1548.8586471442807,1541.872924519063,1675.2436310893022,1605.2777977759486,1405.851056870961,1301.6340887805002,1173.9138396950273,1708.1762214553999,1597.7441132549245,1433.7742606751362,1413.3296155916541,1359.8138320907779,1393.550813482571,1378.3587956073864,1345.0047060931176,1364.7445765213272,1358.2798890904553,1394.1069495320835,1362.4229451588894,1361.7856855234736,1354.927027674041,1362.5223232598003,1362.849165110077,1362.814508248984,1354.3598792513815,1377.0263254919848,1370.4131577413261,1357.5749054158864,1418.2779072010944,1362.8171689922253,1407.321745821079,1359.092795314551,1351.5398742905584,1370.1828908723771,1361.378205098668
photo_face2,1147.6482402060137,1275.2952296608419,987.4333286255285,0.0,1417.560666755783,1359.3158229481783,1379.7943091205645,1340.1098449735682,1329.5278117679727,926.7213505462994,1387.6067786529945,1441.8992148649218,1247.0636288417197,1299.8006533754442,1440.0436837576492,1401.9361357739347,1248.214774036216,1403.2138765982263,1417.2497148746393,1155.7327932580301,925.4222758474714,1218.6695313705593,1272.8816087089044,1098.703538138532,1235.6130133062868,1261.3901556535163,1512.5159190678555,895.7237649726566,1545.4060431903247,1365.7345309629457,1533.7497569384077,1286.3441741786196,1396.5127731655261,1262.4512125218048,1498.8068965080556,1468.7921406416076,1235.890198308071,1269.8409179841794,1283.1984370483262,1496.7780807874374,1426.3637906589395,1477.1811797824892,1366.8415840306177,1279.7076550626718,1494.3074558162473,1231.9237150703239,1414.533891510802,1267.7726332331229,1298.5989136769488,1364.1498424802253,1445.5955488115687,1430.337799194791,1278.3306876400954,1439.3672379773636,1376.7711238476716,1457.5142097817395,1447.5866826884892,1023.5763446140191,1506.1161995079747,1378.6494999964007,1442.154493734386,1336.040805990932,1327.122165889166,1483.113715220912,1409.4907741380393,1459.8617426127216,1427.2445572672525,1244.4693407300588,1504.4728074711024,1375.0598705105356,1346.0907614720754,1165.114047794788,1365.5644016334857,1327.9125815061166,1340.969388890098,1401.278972606039,1421.1564649159516,1413.7465080121265,1332.958455265307,1419.088360163301,1418.4624968431053,1411.7920246309814,1415.4527972183575,1419.2324002742396,1418.5537386514927,1406.5508827134638,1323.503847842866,1425.3322515820241,1412.6907220640114,1359.894504706325,1416.0785674021045,1362.9789191451193,1406.1129317146801,1407.2516114283374,1424.3560204839234,1409.6328847183609
photo_walking,985.7518063408451,1286.7506531840359,1638.659707598937,1417.560666755783,0.0,1067.3610999425746,1040.4523509828523,954.0111017979078,1357.0682135217098,1574.3429790338084,1376.7668926731526,1308.4790336779974,992.3517458072367,944.7880685228297,1050.5290481976597,1145.1500578844386,1257.274813000136,1319.476456737644,1628.1751702979232,1363.1000209663648,1589.2121716301103,1364.6195065374818,1235.3309770481553,1386.2391847374472,1204.9249967811995,1328.207466929037,1393.3030291526873,1372.6674026203068,853.1743739444041,1195.425840770819,1051.308541338159,1101.51556101715,1430.6517611107163,1614.7858458887636,939.7971359826482,1312.943885483348,1439.4531628545533,1019.2732048333831,1174.4325148940022,1119.924809428474,1043.4883930962003,1300.2808257066354,1474.0033236756924,1456.1593160911084,1389.2607600768288,1532.8932946064099,1238.0662759851186,1222.8800528723357,1518.9983492383153,1127.6859731097559,1254.8660748261932,1115.3768717160754,1023.0812666585322,1116.000518214548,1024.4159911968318,956.3398616753266,1098.1333626924952,1416.1051134740792,983.8248923371403,1563.8651725557074,1203.2747626288033,1119.2599340619072,1097.9014166214265,1141.435888369252,1141.9749117176689,1277.4242581534072,1587.0058596867957,1430.3110523271835,983.4072726602767,1012.7888085494636,1219.4259282443932,1080.779736508899,1159.9358656301174,1124.7891641823646,1139.8644343361013,1242.5974743654717,1230.5499667180743,1221.2075962409056,1073.5595142524744,1231.4525254373164,1236.1546045071452,1223.2387191325945,1220.5047753628705,1232.0544734272062,1226.5415030872268,1139.9772511543397,1137.0968042987834,1232.0649719676935,1232.2232212983588,1030.6506940280008,1220.7871425871413,1062.2757715886185,1207.7632511997444,1227.2323635313835,1241.9878669793636,1209.0896626192366
photo_standing,909.8638012450376,1474.3710669495622,1582.8016050581355,1359.3158229481783,1067.3610999425746,0.0,1258.0910482623337,795.7123764645345,1259.2927783754608,1525.1705782078166,1126.6038403761388,1343.3809365887473,1249.0730353152974,1008.6285507477803,724.6550949942975,648.4205214886136,1202.7155538294307,1341.1276882812986,1431.4043832894263,1300.6828527142445,1529.850147039645,1406.0845298854545,1131.242987405955,1324.962566253279,1102.5620402146928,1319.7185979834376,1427.7960127008366,1299.3760727125114,1015.4874615820829,863.8592514871444,1080.1185285465815,1152.9410866230658,1324.8424534499497,1559.505687181035,1021.998637137919,1322.2298744370892,1391.2267486636322,882.1963668508915,1110.9173667320892,817.4803015572281,1108.4585028364495,1338.5229952071584,1492.3780217422493,1362.0099450508958,1394.4979425228398,1476.4082812254412,1275.9348491438368,1245.7266943311065,1241.0020391271178,852.3320351650026,1299.3006231930192,753.876512005699,1042.5421444843441,745.8678733209497,946.6581701795991,1157.5376044376417,912.1197911456504,1359.0979680889911,1068.5464899811016,1488.1240628171677,1107.2506141683011,868.4390444023035,799.4551752744993,824.6121115026771,762.6628848339311,1318.6795936839608,1419.4288603128641,1366.9909773824577,1142.9930146701984,1012.8990435428286,1118.5828722264373,1038.2622812433945,1215.8422918380645,1189.6998016031798,1198.6710342502074,1272.1254290167299,1286.110792397791,1278.0127974596041,1143.9882248637387,1287.3432665413548,1279.8157317158034,1276.0730998367471,1273.0785765723,1284.5617933550113,1279.979976135298,1192.2338902754284,1192.9846191206238,1285.5716524728748,1283.557805422982,1098.8817569669498,1277.1646105520333,1133.1489167079758,1262.6798124463085,1277.573501227278,1292.566034295334,1266.1984050435778
photo_hand,1059.1059376377018,947.7092935151283,1533.0706433265257,1379.7943091205645,1040.4523509828523,1258.0910482623337,0.0,1099.685703274119,1528.1293089502944,1472.2115813796236,1389.8272913226097,1449.346242096702,1192.4750869645309,986.6564790953347,1225.7104581203257,1309.113387229659,1200.6855553441355,1589.8825590118674,1663.351430577903,1490.9986369787475,1492.1874144401186,1094.635253894123,1323.737866544655,1250.9770147554464,1353.2044137420207,1193.6212574075826,1526.7067919733822,1301.117799072063,1100.4120896682387,1180.7437024442813,1099.9640257600258,1084.5679794181738,1589.1726752353782,1591.5239337777268,1275.1202977434023,1543.748178883838,1271.7406035084853,1171.1944447410322,964.2913199462616,1270.8095582108076,1066.6064657313937,1565.5595598623383,1606.4961864081724,1610.0035206585296,1498.029312354574,1489.4388610784465,1511.8024063537976,1064.7926221601147,1394.9293494027183,1271.9712141877035,1511.468953522926,1214.7454901293104,1060.0988260024312,1268.9157568617522,1029.2047364753316,951.2921718644872,1249.6437807641987,1311.7360230943548,1296.5890822969563,1590.1979224685592,1272.7674643908795,1260.5220510462377,1175.6430360439215,1294.7570492129482,1285.7738667640162,1534.1643068046346,1617.5445840575794,1554.9865783469936,1029.35232404098,1060.5938826668787,1318.212197361961,1178.078396671442,1426.3990977749388,1390.3383171903613,1408.36123962388,1489.5188350321098,1499.3403211304524,1487.1414456647358,1348.513066970793,1498.5129780830648,1492.2350962240173,1485.2855741490027,1485.07396288187,1496.452852715855,1493.009263759144,1407.6159045356815,1398.0495282139268,1497.4753865505472,1496.4909053691522,1302.8100884841037,1488.0519728407078,1339.06121618976,1471.2967922175242,1490.4041477686542,1505.4191217100113,1474.068472269622
photo_legs,889.9244947220429,1352.4026319783227,1574.370592328074,1340.1098449735682,954.0111017979078,795.7123764645345,1099.685703274119,0.0,1295.3547936868063,1516.2543587969164,1303.0573958144917,1370.7330688243053,1114.787398590974,837.3388965044825,952.8655389910232,886.5439797226331,1190.1036076788585,1374.2763438072511,1579.4327711708777,1305.715385104039,1525.9635263207772,1296.1441825228085,1156.684021764057,1317.3755033076804,1127.2276268360072,1260.13750732425,1450.465312008659,1281.1517133180384,923.3407656234125,919.1964932446101,935.8377127219532,980.30833348544,1368.0635786088749,1553.2463272799873,1196.3462010823616,1349.5316019009156,1370.2769800564527,910.4654801779997,1087.2202651098257,1010.5509015344954,1109.2275262904375,1364.102674565534,1529.0804378414734,1395.4661869900383,1420.131700206194,1473.7272355172065,1300.5487372373839,1135.5793778163597,1337.1950275981549,871.0487583312452,1321.5094143885854,844.4979336067195,965.0637108176535,847.5806315437394,781.1696345038135,1028.6526659761091,814.3954088347303,1348.8256414275274,1220.426260274668,1515.7963029849768,1163.352845239486,884.019023808979,822.3431882743615,1012.1251605064346,924.0708243607162,1341.5009782165293,1545.1180307303546,1376.1979125838225,1064.025941615369,919.7486856804207,1148.345035635234,988.0163609679984,1226.4011569270588,1193.210436998986,1208.9821681015492,1291.6422592707995,1302.8194884966165,1293.3306880720447,1149.4810068902302,1303.73095794253,1298.165115316826,1292.7016237646194,1289.4616774368608,1302.3514079746437,1297.7273912591884,1205.8275261048273,1202.2603961434304,1302.5785623710524,1302.0289798254069,1096.5527528721746,1293.4419275687533,1137.0131667782418,1275.8360602537955,1295.467625995992,1310.9587103737929,1278.434281987035
photo_bird,1190.975828418697,1604.8455868164604,1303.675237510613,1329.5278117679727,1357.0682135217098,1259.2927783754608,1528.1293089502944,1295.3547936868063,0.0,1483.5480951970328,1192.8808985700925,1071.489857230634,1473.9298036086925,1283.2813123619644,1317.2260857700217,1298.6646388188196,1444.4468414087664,800.6261443893892,1217.9878123814865,1094.4506934585208,1369.3602661656244,1524.1204583501712,1192.9021737727207,1431.9474260879906,1179.6412018816595,1443.664070085452,1059.1077995776286,1274.610562206365,1446.1627860802316,1331.1583255831204,1525.6874385647861,1325.0481582548982,725.0612361153445,1419.6004820562182,1400.7507441855425,910.457020726863,1465.0442207982842,1187.8428723291358,1344.9203337972094,1396.0695222399056,1364.86245190843,939.8975287644707,1287.6878178996683,1145.6603559563387,1008.3328328545426,1421.8929607983782,1021.3483812838778,1414.5798181957498,1445.5442483187176,1155.9375486955657,929.9903375828825,1341.997025209285,1368.6600848120174,1338.206671008104,1355.1912069427174,1421.7667693691624,1330.3916533460747,1297.3204934077626,1406.4794060054567,1154.1345817556348,1466.1848415237907,1158.3808771486274,1234.7861781415652,1373.526548348452,1306.0431814561503,931.8190076409428,1209.504417284621,1009.9365212042924,1285.8875532994848,1282.4468448422078,1206.5516339228468,1192.3007340741929,871.0887061906144,929.147652670387,898.1849501977493,850.2652787598417,884.3871910288327,881.7778924105705,927.1650267325905,888.2853009145351,882.1124759133988,879.9667307176026,882.2172364813141,885.9891786992766,883.2415108621736,864.1076841261446,908.9268606839806,893.2383480771393,878.127903340118,956.4382276451419,885.2846084907194,937.2017027001923,874.2836331763192,867.2475598315463,896.1882648403692,880.8882388107954
photo_butterfly,1385.6325941066057,1377.1198194706599,1080.9248552658182,926.7213505462994,1574.3429790338084,1525.1705782078166,1472.2115813796236,1516.2543587969164,1483.5480951970328,0.0,1451.6465839038115,1403.8227632176095,1426.0232900281114,1483.4929906278478,1591.7320721358312,1558.4054512963241,1318.4704851401445,1539.9677544817132,1389.5447723217746,1320.798616110731,995.2453790231458,1301.66021156223,1457.1642506999353,1178.485695173573,1435.310337172023,1352.485180793822,1477.484996203945,1056.7274490608545,1687.89752195665,1433.4914803739453,1684.1110570458488,1463.5470338078494,1527.9506079112205,1004.8994470016646,1631.927261641129,1548.9701616638142,1291.7262353780636,1440.1435568137124,1355.9792485854418,1638.8941348229976,1578.0218794437762,1519.9174490909816,1320.1482225009725,1340.3379092147443,1455.8507085935903,1164.1439599336657,1561.4364137548152,1330.891793532633,1372.6249235882797,1526.0308268523647,1494.1760387772592,1593.3800585015194,1440.6835930045688,1583.7015734362083,1532.8766024402514,1603.7230333366508,1596.8037074634926,1095.2421353069567,1543.6442784560859,1330.2336012827864,1589.1130615445684,1493.6331384735258,1487.2236181763972,1626.3857434674585,1559.8705860184568,1514.2892049137035,1380.5262743590122,1397.1608468522588,1652.6494121967562,1537.0731848689832,1502.0708276585672,1338.50420634764,1447.8480482222737,1416.628616124051,1432.6795288956484,1467.791699766292,1496.4871772153033,1492.406395970797,1435.343894709679,1485.442289744311,1485.9665254543236,1482.679001052963,1486.005227564852,1507.3568821358324,1501.849461043698,1530.0246758278709,1414.2299242629047,1489.6309785356025,1481.1349399859657,1478.807805399623,1484.3728365582722,1456.553892305107,1483.6967186633412,1492.2841020808241,1488.619733653334,1483.8132541017474
photo_girafe,1183.586471618626,1457.9178865993908,1526.4446127017932,1387.6067786529945,1376.7668926731526,1126.6038403761388,1389.8272913226097,1303.0573958144917,1192.8808985700925,1451.6465839038115,0.0,1105.6422918027638,1495.8024638783872,1302.1130867356787,1196.0794704511195,1154.9171200268663,1281.9280024868658,1264.9113800567163,1188.9099722691058,1228.2458879236312,1474.1659400027258,1365.5516911330649,1346.770901369138,1396.4801844430926,1174.433913143186,1272.7068807028884,1217.9982930989197,1216.4629425670375,1445.7282954905004,1150.078366639978,1520.168069096443,1292.4159571350062,1259.7142306176354,1500.6321220451819,1203.5623957298853,1226.7148833124043,1445.4664780126432,1167.0442620612473,1170.9514899340552,1255.6988305765492,1346.104925694378,1271.0245038949781,1272.9341361764987,1273.434290384674,1172.511181841161,1407.840699633688,1337.7346508293847,1357.9035702386902,1307.2606642689095,1144.5483157427477,1242.4265017635507,1217.6348676327852,1318.547198354818,1229.9033214483288,1341.264912345491,1421.497336937334,1354.4476495084784,1299.1454675473262,1266.078585449509,1297.348167415684,1350.9311646638218,1148.9415803678512,1227.9587505454485,1256.5210410453017,1194.2172025330583,1259.7047569637864,1200.8893003001235,1297.965378365726,1278.1600919726236,1270.3748372321704,1334.818759922242,1293.459448159149,1168.4215030497205,1133.9703292783022,1140.6611380299328,1213.8280340265633,1227.5676311881934,1221.408500763335,1140.7405871455742,1230.3637362393465,1219.2244804041777,1217.0792305713137,1220.1750461379072,1228.1779511827917,1221.8606763565374,1209.655756224953,1132.1582855973138,1228.385622586975,1227.2920725187064,1170.26317177367,1219.6033010299382,1169.8615957760046,1211.320126275252,1222.678065284682,1234.259109233724,1214.1724655949358
photo_fish,1252.429897029611,1526.4276830912354,1437.489165531805,1441.8992148649218,1308.4790336779974,1343.3809365887473,1449.346242096702,1370.7330688243053,1071.489857230634,1403.8227632176095,1105.6422918027638,0.0,1420.9881783096391,1363.3032048684195,1394.1981395322089,1360.844320040976,1356.6959321794684,997.1605497820884,1156.0338828365323,1137.2623873962868,1389.532983747332,1444.9765682666712,1253.4054727580137,1453.7350268858759,1235.8754543878083,1348.3661437672463,811.9149855487597,1278.4059780358148,1441.1514929949594,1245.8982761137295,1582.877800017499,1383.090597819555,1145.9131800123123,1333.3988093219098,1326.9512597258022,861.2663555365847,1369.796647057624,1240.703138728276,1249.0363638097297,1451.1608317293749,1411.2190701857662,903.4613955062271,893.116771978693,1096.2356943865755,784.589657775454,1236.160726968816,1089.7326560123956,1432.9262502920749,1366.4195199882383,1211.8990163981284,875.1586190494835,1412.7290983076575,1422.967275210599,1426.0273648379002,1406.7492085718316,1475.1433472726558,1399.2697258593457,1309.0124125339962,1255.2427319212627,1079.9928735640644,1524.0351585261578,1210.2678112094065,1292.0615288439778,1439.9672656372143,1365.4094608727337,919.1439392486778,1141.0362485733378,1199.8508297576284,1339.5060120199173,1337.6949981697187,1251.021151454468,1356.5780602419966,883.349462927212,945.5668063362833,917.9930309380069,882.4926808842372,885.7646452068076,884.4621635672142,954.6860711626973,879.3673779479442,881.5191544491491,871.5081372814968,873.8676997227508,904.1005817566531,889.5725382567712,934.8124805208154,934.1899517390386,873.6237359682261,879.590152533161,1017.6116587726947,866.9516620272577,957.5084947356544,878.7887965759688,897.4983132646032,892.8517414990569,877.7667600080158
photo_cherry,1078.6024497342173,1257.0391257754607,1505.591294871073,1247.0636288417197,992.3517458072367,1249.0730353152974,1192.4750869645309,1114.787398590974,1473.9298036086925,1426.0232900281114,1495.8024638783872,1420.9881783096391,0.0,960.2632212288539,1325.8882076054992,1289.7498319367462,1224.2510908249735,1439.1434276455466,1576.9803150447096,1247.017330930949,1460.8568078695112,1202.296035892836,1132.5592433394747,1327.009685255059,1171.449634371429,1315.8919744163247,1511.2688161032406,1347.0511712161444,1150.2796260502719,1338.6243390851448,1297.4418295582507,1109.2162042694993,1546.3297191092486,1569.462383525537,1240.5376892097768,1424.355584304775,1140.0173631479586,1161.8872457882435,1187.3725931469307,1373.4594128817967,1220.6108332044785,1421.9189707771432,1370.782053013633,1361.7425784802865,1504.2594434532443,1376.0449112494653,1226.3295934302755,1308.0695971782939,1471.5382603974488,1280.4520957099667,1381.7011104587643,1222.4721249081206,972.1385326459177,1263.5672189580544,1081.2520271262633,1127.008020519368,1239.5659389281564,1395.870842028628,1266.196648998577,1493.7363961680066,1115.0026775334645,1243.273433948628,1180.669223869417,1375.4280711011077,1299.8145303736285,1404.3345742406837,1541.1234208729834,1324.967392878348,1172.709853632533,1067.7516855663146,1220.6859661390044,1184.7337470183932,1295.937749817241,1258.7555155201674,1275.7015236765842,1372.8821103074358,1363.0308827697922,1354.1444269962415,1213.0743156277395,1363.512097006272,1367.509912471205,1355.4896644417017,1351.0095984778316,1363.5990472736955,1357.9784594603195,1277.119147978306,1269.6690599135907,1361.8540078740423,1364.0124211901386,1172.4239969184462,1353.3320428840525,1204.450886943562,1340.4681561324396,1360.3017879310255,1375.246955721404,1342.304484944779
photo_tree,788.8808870432566,1228.9686878701407,1547.7152119826928,1299.8006533754442,944.7880685228297,1008.6285507477803,986.6564790953347,837.3388965044825,1283.2813123619644,1483.4929906278478,1302.1130867356787,1363.3032048684195,960.2632212288539,0.0,1123.7545579690168,1069.245749954239,1145.180103190011,1369.0531749180984,1576.3396136753786,1276.4935901237454,1489.7104239313946,1134.8030002038138,1058.0183171432504,1251.106307847091,1113.363143726917,1221.1400185777218,1450.178153125985,1249.9062837247018,1041.1761243421515,1108.848110869992,1101.4538545144308,861.2890181000579,1368.2606732856505,1524.1820301433504,1202.1487299371554,1343.5284341306167,1254.5785956050574,868.2510396653884,959.9549503037694,1191.8891012972251,1010.5343472502027,1365.5605694980948,1522.1371290830357,1391.0426151943113,1419.9183904900349,1429.2982078297393,1286.7359682525578,1074.3233797509197,1418.5764388233695,1061.48568085385,1323.2481376639507,991.3913654944705,847.5032794587098,1038.8450390914447,820.9038193273927,910.8735286717616,1012.9024917634605,1319.4767942099377,1229.9210476199983,1514.518490928599,1068.054067830814,1029.7976462677555,947.3618700483813,1188.9668569064552,1085.929231778857,1345.598458035657,1544.5495320119805,1360.3085837340977,964.8388689153334,786.9718961947634,1088.7929936386327,931.1409232641913,1226.0714522852356,1193.7978470075636,1208.0262768044865,1291.3870796980352,1303.557282701998,1293.9833183841204,1147.7996015688557,1305.2297406548578,1298.65482781318,1294.2589657211095,1290.02422076058,1301.9213446351223,1297.9084473410473,1203.4590974259197,1202.7858587262954,1302.1957267178168,1302.2552009021235,1094.003414940578,1294.3686088318793,1133.3226855909265,1275.4444406012628,1295.052379427952,1311.3207463763688,1279.0773918653415
photo_flower,1002.2175925819888,1447.5329976749354,1647.8748740128206,1440.0436837576492,1050.5290481976597,724.6550949942975,1225.7104581203257,952.8655389910232,1317.2260857700217,1591.7320721358312,1196.0794704511195,1394.1981395322089,1325.8882076054992,1123.7545579690168,0.0,691.6845509768897,1245.252001535542,1397.9847197110273,1490.5509677441894,1365.8147638454361,1596.9622210543937,1504.0493528467828,1212.6240569846966,1414.1986571022185,1176.962688039172,1416.7247698037572,1487.584136302391,1381.3785795256777,969.7069767289481,980.5415965440294,1006.9001323300679,1261.1803298839352,1380.5684669053123,1630.1902955061414,914.8980172485955,1377.408618590991,1456.395994361072,964.3943669930652,1145.585543901528,642.287753073255,999.8894671529129,1389.5823741132358,1554.5795945869006,1426.1445065745322,1453.7827860768089,1540.0181859763672,1340.1058693317264,1361.6103017298017,1303.218270596653,910.5385017362966,1355.4089883312843,882.9373808673922,1137.8020672341916,867.5528190205375,1040.6515296704983,1098.916233683601,1003.4012670289017,1427.3394326860432,967.948377656652,1539.860429986268,1174.5644583063838,937.5600157929033,869.4860822027694,722.0929795393223,812.9226033627608,1370.5441114207144,1470.1951020641247,1424.6751588063778,1083.1528891071564,1120.1164700167867,1187.8404979515408,1136.6084984652953,1278.1869952971242,1255.0703772025909,1264.079554076125,1333.4924462361807,1345.1846481298726,1336.5718908124798,1210.3403335508176,1345.0532606389215,1337.9019390406982,1334.7572014925279,1331.9044264659428,1342.1828013924994,1338.34397772656,1255.3032267445003,1257.0949195830683,1344.6242387922955,1341.8091658055655,1170.5300220979432,1335.4901160609668,1201.0347413843704,1320.9748892900686,1336.5923583648623,1352.3475678916805,1323.6158293922358
photo_carrot,960.4386027521275,1515.779546000271,1617.5491809005334,1401.9361357739347,1145.1500578844386,648.4205214886136,1309.113387229659,886.5439797226331,1298.6646388188196,1558.4054512963241,1154.9171200268663,1360.844320040976,1289.7498319367462,1069.245749954239,691.6845509768897,0.0,1211.8625929451543,1366.6072158237762,1458.193773811925,1334.1103026930055,1567.5752237351198,1463.3958568357498,1170.133083720755,1376.7636067755957,1138.3118421952029,1379.347623271387,1460.0187734287833,1342.9089627300395,1080.713001720783,931.7799154643902,1088.9432917598172,1236.0390742841496,1363.4401729483225,1598.1240395753964,1037.0608205214944,1351.2439182075786,1418.9388107293407,916.8289469942002,1139.5000669220292,623.0328164859214,1111.192322242621,1364.2981823235414,1520.7196742552223,1396.4081810223192,1426.9474480663573,1508.2244387132903,1310.6096348030858,1321.5692176736472,1271.1751842980068,882.5055346555644,1332.2732626491184,828.4263650844027,1106.094607325749,808.2476850099519,1011.0783685978927,1189.932230427069,950.5483228739764,1397.3723040809928,1076.271202315597,1514.5461530258033,1145.0485002197831,890.2136340189226,824.7174594576409,758.7639306007285,771.1213712295014,1351.2552414645234,1442.822967194529,1395.815460039205,1179.9366736174495,1078.9446183543782,1145.9810471976575,1101.4979130978459,1252.2424863448416,1224.610664724849,1235.6901571931971,1310.176329710551,1323.9776416869724,1315.7888903755138,1180.2415825022674,1324.1509142806622,1316.2399490782234,1312.713710809341,1308.640282164137,1321.0545805245415,1316.571917180151,1230.4594542926018,1229.1722896160015,1322.3575428940505,1320.6980151122448,1135.949610854429,1313.9986477823795,1171.126275978834,1298.1497921609055,1315.4820498847664,1330.29203812444,1300.6981248333527
photo_watch,1024.216265039827,1274.309264178129,1405.8834895915666,1248.214774036216,1257.274813000136,1202.7155538294307,1200.6855553441355,1190.1036076788585,1444.4468414087664,1318.4704851401445,1281.9280024868658,1356.6959321794684,1224.2510908249735,1145.180103190011,1245.252001535542,1211.8625929451543,0.0,1494.6332458186837,1431.8888285866149,1241.815712171579,1360.5819407778947,1220.8906528826458,1151.466911462799,1090.5542218256346,1097.16845389659,1365.7030925645379,1445.6195797358068,1218.8048218976649,1354.2535633160892,1044.0332437116526,1336.4483834219238,1267.142191654225,1407.6013944738304,1354.4055889025765,1294.278467974818,1387.9734495631246,1125.4848215260743,1047.4397244152717,974.612100739556,1268.3887810307676,1025.656276513094,1465.4955671876378,1368.939546640293,1379.0247395911601,1413.2341703240265,1268.4669507790259,1296.1705008889144,1188.7807807111365,1282.061146601369,1174.673646088564,1436.6432190861308,1286.3029920175143,1205.699690974325,1284.8086269369396,1182.6942927777575,1120.2164049450419,1144.6393321554922,1153.2406040036649,1335.0186490512049,1282.3860979060664,1126.0449741934367,1063.0532378202035,1129.8770299789521,1191.1107566136538,1083.8651717793487,1372.4825844671086,1408.228790272948,1340.9693817200784,1306.1989676780065,1205.9521508746218,1256.9334269814824,1119.5225499294647,1362.7179381947603,1331.8467888264465,1341.6766970204,1419.0494370034544,1399.2849573361007,1417.597909683223,1288.0027679118223,1407.3227208775704,1382.8008524798486,1418.316895834363,1415.9639015144264,1376.369439851218,1379.8951887359913,1337.7399340094696,1333.1070733984645,1429.553316965753,1425.8903262539616,1243.959661421343,1421.000805324345,1277.5516279625874,1405.4430876414426,1381.7266305121127,1435.7773367633683,1409.4315860198817
photo_key,1272.4551776638764,1655.2190416165101,1360.258928424054,1403.2138765982263,1319.476456737644,1341.1276882812986,1589.8825590118674,1374.2763438072511,800.6261443893892,1539.9677544817132,1264.9113800567163,997.1605497820884,1439.1434276455466,1369.0531749180984,1397.9847197110273,1366.6072158237762,1494.6332458186837,0.0,1274.2302853709405,1159.6564697813737,1436.5013149430054,1578.6148866044298,1265.185506334091,1490.4648672914511,1255.4850947484429,1504.1884272590978,969.8095554319393,1350.056725169067,1455.0948846361907,1403.2170730605992,1593.295577716289,1392.7760656875773,896.6937626742794,1479.9321845868262,1360.1186651377113,865.4672629908928,1528.0624893619076,1266.241552536253,1413.485144543527,1463.3871898015982,1427.3618240975302,723.9481679914442,1226.752532306918,1209.9654836551053,954.8614052985347,1483.9502254674692,951.8166186565478,1479.5487803454919,1507.9599356890626,1228.2404905154258,844.5703130259095,1413.7612252770161,1436.0602374734312,1406.178908972675,1422.16784060073,1483.1971710036348,1398.968720673121,1360.1959990696605,1360.7105282834586,1212.444796545241,1524.3783856682583,1234.134195429925,1307.9415330635045,1444.7893179329972,1374.6160805070965,811.8844981226952,1264.8463984855387,1074.3157024194547,1351.8420564387666,1351.6021157662726,1278.0367078602558,1262.8346965504643,797.903739772209,857.320521737092,820.1271004569262,790.8559588534562,790.0470833650166,795.3564888864313,856.852772386739,797.9729518351243,803.3576317231123,793.6290794079732,799.7887575177323,800.0799812703291,791.9728174792402,790.7991623502969,840.9309463175293,805.4346225467642,795.8799226647478,897.9414694183107,793.7140175733991,868.0408707085478,797.8784048323374,787.427479728315,816.9404657678281,801.8144825470478
photo_truck,1471.2839496533722,1608.6721313067796,1328.09860904277,1417.2497148746393,1628.1751702979232,1431.4043832894263,1663.351430577903,1579.4327711708777,1217.9878123814865,1389.5447723217746,1188.9099722691058,1156.0338828365323,1576.9803150447096,1576.3396136753786,1490.5509677441894,1458.193773811925,1431.8888285866149,1274.2302853709405,0.0,1141.7508067848862,1365.1400779187038,1520.0543888175748,1331.8491058898496,1498.653473818929,1288.8032512747297,1484.7378937755147,1154.2395563575794,1392.5082914519478,1694.1536599208202,1451.5285228870375,1773.628112873714,1575.8052445614376,1251.4889707302723,1373.0767093061029,1529.8937170658048,1199.557362082147,1355.2435598291174,1451.46494588323,1455.1765884579174,1531.840153274239,1612.8825884151497,1205.0551822697223,969.4160847293076,1092.225887095206,1108.8415512441118,1202.641583098041,1203.83530002349,1596.4209729354943,1203.721048586558,1410.7228096287263,1185.8114221226374,1487.1002635531129,1515.6146636145197,1492.3700287251932,1596.131061519755,1666.1788328264952,1591.3267089235603,1400.3932018537653,1469.4884819847127,996.0106752898477,1479.9616112885835,1398.086098742682,1486.642622616579,1518.3719218141603,1456.2786949300416,1205.9960623632385,621.7799526198851,1097.3797378791003,1535.2204356910056,1534.5903559184458,1399.8885890296588,1525.4526758549746,1180.6706022778299,1228.0357981327334,1209.4075102794277,1160.4197972413558,1183.7101885423758,1178.7257858365665,1234.9743651075682,1180.7251386751916,1172.9684304485847,1175.5158597370398,1177.1170691842813,1194.8470680706685,1188.4239758410376,1210.9577059944488,1211.880823638489,1177.7378141715126,1175.6426846820596,1277.509173542041,1174.4385972095874,1241.0073475601375,1176.3657445450556,1186.548524939832,1181.5706512706122,1180.0801515461862
photo_velo,1157.490528404905,1424.2932826454864,1260.7264035771238,1155.7327932580301,1363.1000209663648,1300.6828527142445,1490.9986369787475,1305.715385104039,1094.4506934585208,1320.798616110731,1228.2458879236312,1137.2623873962868,1247.017330930949,1276.4935901237454,1365.8147638454361,1334.1103026930055,1241.815712171579,1159.6564697813737,1141.7508067848862,0.0,1215.9081889752053,1364.8327194669555,1060.7044996124202,1370.3325757150697,996.0715574880069,1359.211548190638,1236.5200311151043,1241.1623843702607,1460.4895408687937,1334.7759342014394,1488.4724010165232,1253.0547506925043,1131.3169448834549,1326.2053622654178,1405.69085058771,1078.744132402599,1128.5930026707003,1184.662830151335,1295.354101181374,1409.8924317234407,1343.9940514361224,1123.6239717981684,1017.6678528005721,648.3997388202301,1195.5547427085853,1107.1703605351975,1040.5908766486382,1471.9377409701024,1262.8383954030278,1165.650994223871,1102.976792118196,1380.4189665996607,1238.7656025701676,1389.3139049470506,1323.709061714637,1394.9315687385013,1367.899869731439,1239.532768878212,1431.0740555315888,1075.7747396931643,1348.7596163159296,1140.1304258322396,1244.2777891106539,1407.3297504593388,1327.6035464882068,1125.0678741776815,1129.643728278605,759.5687386129326,1296.8081023101588,1295.6787790055873,1119.3408245279159,1252.195642762897,1083.7254708179612,1130.858996703013,1104.906048609661,1085.6013938651845,1100.4670810800837,1094.7478783373467,1130.1101083326885,1102.4003693429618,1091.577671212445,1092.0090066784371,1087.4144812110596,1102.3212595760292,1091.983559923294,1079.5030766565687,1117.8447008114822,1096.2559823210156,1099.314553485253,1157.2735569032484,1089.2641551595075,1138.821623472039,1085.1688227949785,1097.4736225640872,1118.0149077531073,1086.9886500868386
photo_road,1401.165142626687,1406.679499390183,831.309910967523,925.4222758474714,1589.2121716301103,1529.850147039645,1492.1874144401186,1525.9635263207772,1369.3602661656244,995.2453790231458,1474.1659400027258,1389.532983747332,1460.8568078695112,1489.7104239313946,1596.9622210543937,1567.5752237351198,1360.5819407778947,1436.5013149430054,1365.1400779187038,1215.9081889752053,0.0,1332.166608949651,1300.0971785466015,1192.37196409613,1445.8067678710004,1383.384744823074,1470.01312001952,1131.0003106297077,1710.6748065811978,1465.7463945334932,1716.3161968116838,1502.5878200672942,1436.1949978646157,1155.8198130850776,1660.0210895210635,1498.1806009429777,1186.5065575561398,1463.2786447938042,1395.838432479031,1654.9597801492928,1609.4307074986157,1509.4714433841084,1310.7274573503312,1329.1834766945974,1413.0953535026,1174.6164524849225,1446.1304703398928,1380.5862705746808,1247.5518773882827,1539.2289450872586,1474.5196481822843,1598.0917395294975,1475.2470816392574,1603.2988888468476,1559.2903954378621,1627.022137375711,1610.5100689692451,1070.4247506339607,1658.445112380025,1321.6079550074558,1604.8817289925894,1502.7359779366527,1497.0095095228576,1630.3778133673516,1561.1957189248565,1484.439203910945,1371.3744633362573,1281.2640429508383,1666.581744200916,1555.7532080177614,1384.9898159021536,1372.4048977855498,1437.0641485203846,1471.8149962861262,1458.0918100084996,1427.9309249870173,1445.0760576529121,1436.1069610643879,1467.1244678829823,1440.9824374140835,1442.8774234705024,1433.6092058605611,1442.7778365856002,1442.0446779464085,1442.1425345328284,1433.1815860676504,1455.185610028292,1450.7959414359293,1435.9125623578113,1493.091383605626,1440.6059971185741,1479.8339832243232,1436.32566487603,1430.8735764217606,1445.7785213506581,1439.5340021497086
