,photo_face,photo_profil,photo_eyes,photo_face2,photo_walking,photo_standing,photo_hand,photo_legs,photo_bird,photo_butterfly,photo_girafe,photo_fish,photo_cherry,photo_tree,photo_flower,photo_carrot,photo_watch,photo_key,photo_truck,photo_velo,photo_road,photo_house,photo_mountain,photo_windmill,drawing_face,drawing_profil,drawing_eyes,drawing_face2,drawing_walking,drawing_standing,drawing_hand,drawing_legs,drawing_bird,drawing_butterfly,drawing_girafe,drawing_fish,drawing_cherry,drawing_tree,drawing_flower,drawing_carrot,drawing_watch,drawing_key,drawing_truck,drawing_velo,drawing_road,drawing_house,drawing_mountain,drawing_windmill,geo_face,geo_profil,geo_eyes,geo_face2,geo_walking,geo_standing,geo_hand,geo_legs,geo_bird,geo_butterfly,geo_girafe,geo_fish,geo_cherry,geo_tree,geo_flower,geo_carrot,geo_watch,geo_key,geo_truck,geo_velo,geo_road,geo_house,geo_mountain,geo_windmill,word_face,word_profil,word_eyes,word_face2,word_walking,word_standing,word_hand,word_legs,word_bird,word_butterfly,word_girafe,word_fish,word_cherry,word_tree,word_flower,word_carrot,word_watch,word_key,word_truck,word_velo,word_road,word_house,word_mountain,word_windmill
photo_face,0.0,27.970048283825793,27.8819836307559,28.511320507254585,25.661172107221137,25.921982433778876,25.082601994178827,24.301553091227824,29.399908424571425,36.626252440730894,39.30871717392403,28.051519122914613,29.39946957894406,29.699900375664026,25.842354033749405,24.97780293751405,39.13984271440694,25.245575060096694,30.90400421425654,29.755404629722275,31.929656788534945,31.407474889337788,35.20804039256003,32.21645731475778,28.611176234084745,31.359800188321078,28.634412019359072,30.52287493691682,30.33366105348764,28.799319432431798,28.21707909724044,29.434195406445415,27.92973040665766,31.75680091852451,28.77950805882129,29.220006092534575,32.10493175299529,28.570775133755653,28.700596616725242,26.336612438003144,27.451731205960648,28.189512547942044,30.903796377539923,33.30061708397499,25.571386232148587,33.264301250446,27.37208538588829,33.44765798670121,30.690326325835255,25.542949937220996,28.69472489675814,26.468902916760513,30.572842417740034,27.92588925611231,30.058031107190015,26.310285477793446,26.187582537507136,32.23110042841791,27.813215309883972,28.78642216956722,29.580655302239183,27.25796473189677,27.871549548679063,25.958037251466447,26.471227757696898,27.183760533354167,28.432153406115496,29.48437179735322,26.759480916075926,29.635575380520564,28.05216635317337,32.67866842982012,25.737057410156435,26.200780280374747,25.847295785603393,28.11281373394164,28.614037785628017,28.595129875172738,26.130945530123395,29.005971426186285,28.309670984534538,28.381812317484734,27.559891683031864,28.78843845155501,28.844668705447674,26.708617388017302,25.990390109786595,28.460709703658875,27.989128521279973,25.17424796748165,28.535545517241406,25.702389539078197,26.565983581676864,28.485789333866126,30.30039473784652,26.788738836667275
photo_profil,27.970048283825793,0.0,29.979844751854984,29.815213158659486,28.052936379004663,28.361040255948588,27.832995804447357,27.40156398868378,31.34683466292316,38.14900775510926,40.78920497630076,30.52866501663865,31.3872548131414,32.16132003165985,28.293213760869445,28.229156488912935,41.00582225784754,27.369118502427074,32.86408081758055,31.96533430604892,33.377070799914875,32.359549826161455,36.28383080863113,33.55669535354325,31.101537811427153,30.887151980977155,30.66719780174821,32.11908434958021,32.5425174748378,30.865702384156087,30.508903928080382,30.758442187801723,30.498454328877212,33.02353594532205,30.774624389038095,31.44601212435524,33.26800458033302,31.346634738991607,30.45017290783054,28.919064908804472,29.880432495167067,30.09819944990752,32.48871181412633,34.90517998704314,28.006154487784737,34.56545491175076,29.61674884887092,35.075699073803115,32.009373453605924,28.184175244821287,30.55475200955072,28.52987032584985,32.62731252729804,30.16434112793875,32.14985385956558,28.83437326826398,28.626554922816332,33.50256075168836,29.508577085811297,30.829031873217104,31.321609261385568,29.310987621536103,30.288553662473035,28.306274687929747,28.823558842532407,29.264920496172895,30.40309212046163,31.76437502215798,28.86617788312621,31.30652347382154,29.914549457343902,34.225747489240355,28.505717599042075,28.946447016067452,28.38099597270912,30.134564023690213,30.521873069778735,30.536641523705317,28.663949587264216,30.942523327004448,30.13446889779683,30.70622877008704,29.57765927596494,30.560606892817123,30.74942130705418,29.015661884222027,28.220675147028043,30.451729815700226,30.305143424686353,28.49209084067156,30.436085972750654,28.370915046457487,28.77866515666418,30.513417306537832,32.51183454369998,28.78705870021615
photo_eyes,27.8819836307559,29.979844751854984,0.0,29.26646931931809,27.179254995829904,27.619712162883953,26.985224698433186,26.663784597564266,28.833650184617788,36.68464810899527,39.283381609876564,27.793508582562232,30.27926759864636,31.58724951114469,27.666020186074647,26.783846637875556,40.86080217066613,24.52859277834517,30.99349750967093,29.724560441782483,29.382957212137754,32.911299466945415,34.989372179526306,32.73419760264698,30.17669163078214,31.969617036582775,27.25844412204439,30.60659998242026,31.819275263998346,29.975262225330518,29.360539596982736,30.632488293740487,27.89243093527112,31.6192974978352,30.307983028846156,29.065459200326774,31.804567754470764,30.144923164308288,29.618789695383768,27.955905886839975,28.636093822389302,27.222477100349263,30.576953069272246,32.37781198247622,25.58550032052183,31.80158390673052,27.463116739422556,34.400092084671364,31.2672392282343,26.805296660315918,26.565749358673695,27.81649459119502,31.931078594382775,29.254898237800273,31.222737818747095,27.376315473428622,27.479753764937225,32.37289795389179,28.426667443050107,28.362125510584995,30.689589232021984,28.33696674452307,29.427833318946487,27.268341094147445,27.689877539288275,26.384064619830664,28.40578703541595,29.106094753277162,28.160885650873773,30.573623717964878,28.433062629464175,33.64884016846273,25.778976613925792,25.905159873258864,26.058273458653275,27.337320405001435,27.740537724719214,27.32155623246665,26.206623115340484,27.72882768693129,27.353642094719206,27.535719577751493,26.71239973598514,27.63558988080935,27.42014328688904,26.30336158471507,25.694537821792867,27.398947771920874,27.34547362743378,26.035338458980455,27.27121126220519,25.92982568945549,25.91900412169964,27.535884518558206,29.364333281056464,26.28901864330247
photo_face2,28.511320507254585,29.815213158659486,29.26646931931809,0.0,28.066759146196294,28.15640026754387,26.896917107261224,27.315874152197214,29.68218787827235,37.512315429543044,39.71581693771615,29.517364289924355,30.9937994165137,31.542519609206124,28.225457812938366,27.49892050684298,41.416234412773576,26.76029392480698,32.41311234476465,31.44870754042045,32.69706871841435,32.597656519797134,36.38157939706881,33.742519972205606,30.980754091896223,32.87022229918339,30.01224860652198,29.944467786737228,32.39429851261362,30.56555770169063,30.174000642381404,31.155150803034783,29.59347533171049,32.30315292507474,30.929421334254975,31.01871075053597,33.196554184387686,30.894735631931617,30.44365419320602,28.984906834239073,29.66858003708881,29.672176533875852,32.371680422313375,34.40694964754256,27.285334592499417,34.23143000244174,29.045862486956057,34.78598122676741,31.870706152821498,27.703358909297663,30.312195609012377,28.23587205165056,32.19365082484776,29.948440010005747,31.691254770472778,28.586782107186515,28.52986854931509,32.763136680980786,29.448919145940334,29.977633614319256,31.452648754445413,29.15760427677892,29.75193352677889,28.275356818665653,28.664753977386596,28.58895634110641,29.72145613631333,30.697368172514892,28.76496863606018,31.233857663709745,29.414027989648943,33.92970710633593,27.99422094991839,28.11298922356854,27.973672370796226,29.515264274750592,30.281076094293876,30.084058443995474,28.351044305363708,30.697300185036454,29.822059089293553,30.190838606231523,29.49253356422304,30.362076599690926,30.474078066497825,28.75688039803832,27.860343380496516,30.16849480286585,29.73212076116148,27.876720872956966,30.049752108752735,28.07820989501293,28.499890919589305,30.05447581696526,31.976429958498933,28.659180195070658
photo_walking,25.661172107221137,28.052936379004663,27.179254995829904,28.066759146196294,0.0,22.904863544579158,24.079419442349522,22.47266932501139,27.738521069208883,34.505453007308624,38.24072681912759,26.558516664726337,27.635371511766035,28.834063413542914,22.836897195678244,22.955289260624884,38.04805598264191,22.238677692715836,29.10019245658321,27.735223659388215,30.144943275553043,31.157503168514147,32.9368211484512,30.699127202704414,26.470078815987236,29.479265694742704,25.84595632042121,28.009501353606716,27.19009664382156,26.341048610641174,25.64964308683541,26.957358092928413,25.33009615850013,28.85314982099806,25.77345017990716,26.555601934265145,29.69836357535161,26.439175587418458,26.111100222018784,23.708600049691828,24.43013970726626,25.395186565672496,28.5439762808383,31.279501246726344,22.414886316243916,30.906010730875167,24.119735202020284,31.28296244861256,28.105485071069555,22.019068209065296,26.013055724252588,23.446124485791405,27.825761196620213,25.15124387010177,27.90468209993172,23.093501498126546,23.420979261693883,29.56796027421903,24.279010498287654,25.641610995675794,26.910534060044796,23.692010365086386,25.36733357972164,22.87728046346092,23.253401975223525,23.979354018390627,25.61428178990694,26.933473482234792,24.342022460689314,27.64998483422176,25.08343994419194,30.378056648359628,22.93115253604864,23.222020733071428,23.192685164455852,25.279331656439926,25.835660627793516,25.797355335406348,23.391041081342507,26.334098117538407,25.699328614681775,25.676312682358795,24.865475654270803,26.151367893266237,26.132629582416538,23.893862814452543,23.080646218214635,25.843015252422234,25.395813072595278,22.748315491571145,25.6373278225621,22.962768672749732,23.538685206717435,25.954391265409036,27.92151796243094,23.88601098503099
photo_standing,25.921982433778876,28.361040255948588,27.619712162883953,28.15640026754387,22.904863544579158,0.0,24.350938190857693,22.00172560080682,28.12178986365253,35.02042447973869,37.625273603590244,27.215213247386206,28.463160104661544,29.0976215388486,22.411907287660448,22.376174247770734,37.42061768646776,22.312549826782437,29.356079937180677,28.319313199368242,30.525603347397755,31.34907761654793,33.41252406749027,30.551837400078625,27.11734875961051,29.63681017761579,26.13560622715876,28.147864563573417,28.418702416797082,25.483129568800695,25.681502493392564,26.678635867170396,25.65741350018799,28.007427683385792,25.837772231535016,27.2607175804467,29.755675287964188,27.18675368890108,25.789806912236596,23.194302845459553,25.03103476945181,25.576949428168735,28.937713796703445,32.05270512352934,22.740099560830178,31.23807574241983,24.79010058749176,30.98288357069335,27.853779214999673,21.523781946884583,26.35304388436039,23.08075630871861,27.998155693005348,24.995265218758615,27.377051973571714,23.534773332617334,23.20998457183684,29.316270902045147,23.721470993295924,26.30942906442071,26.916235558633552,24.09666589985424,25.06721460503571,22.067097356127658,22.467290950380317,24.030019411750935,25.973817096101012,27.54261249461062,24.23477330034504,27.461598603604745,24.806729362991707,30.174415563944184,23.275402087878085,23.83581082077894,23.381587357099914,25.558593393829618,26.101281491789635,26.179144523731388,23.603312519754585,26.62231770604894,25.954206631371378,25.851149732902254,25.218118611042495,26.212050169000317,26.468564222641426,24.316366601783606,23.217333234067475,26.171842127884727,25.8305628728886,23.090333493936075,26.117669198515223,23.12964195033258,23.88894809923409,26.148743948061227,28.005843801895388,24.26131772923404
photo_hand,25.082601994178827,27.832995804447357,26.985224698433186,26.896917107261224,24.079419442349522,24.350938190857693,0.0,22.72634346577562,28.630463330063044,35.689875163686686,38.425487388504365,26.776589359781326,28.067515053731714,28.69932946462365,24.225473467549254,23.042240733644437,38.622495835002006,23.572194878632747,30.36403269711828,28.383610274603633,30.865887571161032,30.48201693373293,34.34640979285022,31.29783661503661,28.0168110778745,30.272990662025855,26.808132197199114,28.84295056794949,29.067113478533646,27.204191414416734,26.026113352129,27.7559818261108,26.85419464627926,30.089219519922075,27.341032513686088,27.900181335266243,30.805699996581158,27.724635937419453,27.103864420959805,24.725223641752187,25.832203945839957,26.63460924600136,29.500740510634966,31.967333262921446,23.846965751154425,31.921280272604225,25.871044633263303,32.23320452456858,29.255738658697744,23.821575379037544,26.855350361021447,24.82783969423947,29.28880863768852,26.59070535141786,27.550310375520258,24.190930383671148,24.47696306102345,30.542684213052407,25.750116351444177,27.127842873037274,28.054935975776804,25.602276244548126,26.542403674578072,24.15591872574,24.508629133903302,25.474223314413585,27.027634715773676,28.068313209303486,25.175916730949634,28.18421955408692,26.341508440016533,31.15592571321563,24.522984631077794,24.39120371701633,24.478812528850327,26.55368736592509,26.9624127839697,26.913096787718946,24.62678565720057,27.507976223864006,26.915123776447135,26.75811185444339,26.09537391959071,27.111059651216845,27.209084898873243,25.24310384545482,24.301060703989645,26.832492315407126,26.611171600436204,24.22375802077693,26.807746401126224,24.32285315008108,24.742971917607456,27.025415673860376,28.868970119766335,25.11173280375507
photo_legs,24.301553091227824,27.40156398868378,26.663784597564266,27.315874152197214,22.47266932501139,22.00172560080682,22.72634346577562,0.0,27.73703710687541,34.44691865836298,38.16141947069019,26.029968756156936,27.212680372650404,28.533485109743648,22.052425903780215,21.54226406501006,37.53671143213049,21.952295359815444,29.20791496088915,27.653513105080037,30.351829898516318,30.579644305105987,33.49055887371632,30.507195845839803,26.216656334496435,29.2812875961602,25.495371960831047,28.122097174783946,27.619069713595437,25.899201329903903,25.25813959974052,26.456227086008,25.35663339207282,28.53417939050146,26.31278062651048,26.740828348039386,29.728589699796142,26.57594783107852,26.08910217926883,23.184738248418252,24.222527290003644,25.147935837310197,28.598511784232883,31.576549095462806,22.18682101950181,31.014896161814285,24.383804579248064,31.252653525023884,27.634695498849247,21.44931878987469,25.755564143793666,22.886701303707063,27.952356737386584,24.550450346541588,27.29930784654935,22.44571833986992,22.332987756429098,29.180588865646083,24.001675434116702,25.641410224694138,26.479869615095193,23.703106986052674,24.91650602721319,22.17017423138732,22.94504299334092,23.679886113015208,25.567025121358245,27.15503782531711,23.737154019752182,26.784717554999595,24.796584734446128,30.278981229931727,22.900776825840822,23.13540011977192,22.927356030296963,25.25166766053309,25.61679134038129,25.61912098629488,23.27703516956654,26.052085929358803,25.550631133275992,25.390483758489605,24.667030752051435,25.922797904732274,25.874658587565253,23.80945589034338,22.733263912893005,25.570634376507456,25.300733909094948,22.455159171986903,25.54188108597253,22.895379412172684,23.308392398486262,25.759644802410694,27.644959966511163,23.60792864741336
photo_bird,29.399908424571425,31.34683466292316,28.833650184617788,29.68218787827235,27.738521069208883,28.12178986365253,28.630463330063044,27.73703710687541,0.0,36.55944329831857,38.28395012767663,28.00347511046195,31.271861159998387,31.856352277904662,28.03776892344589,27.26549169483878,40.413362477614406,24.64730347535853,31.651167110040447,30.357764519990422,31.74575647521425,33.95049078315949,35.60539914468605,34.21296896735643,29.601629084540047,32.06297154709796,28.47967105819515,30.532359138257732,31.570696359899102,29.898990317027863,29.404484998769252,30.91661446237379,27.521069351601415,32.125589988622465,30.082622266431823,29.423684682077237,33.10853090901916,30.228753100539368,29.561532002283563,28.264921558201483,28.564896888808846,27.392065400133916,30.98333080433856,33.22954545873578,25.768767656587215,33.15832553476999,27.57024291943795,34.38337870448047,31.542878828914418,27.21946271674497,28.355448762326528,27.685454941433925,31.834987509143556,29.5111057079239,31.15026591646953,27.64927165559471,27.08522207779453,32.801451164483794,28.38322073486476,29.047273627365993,30.87114792539062,28.484101280906057,29.204540323572772,27.504133456024825,27.320027139160494,26.12069178884861,28.979653852373946,29.867232097991025,28.574373774651285,30.72813119519364,28.671400693829888,33.54217346528414,25.90324711884881,26.439312324446142,26.209868697551283,27.567625117578373,28.483801887522798,28.163680370388075,26.59869071232795,28.7528379288907,27.973684660027242,28.335033675620288,27.233655091593317,28.33678477788346,28.271941869689574,26.628173723444085,26.00255236802765,28.2640954563715,28.050553035716973,25.92498392049097,28.136654701392555,26.156725811483273,26.452420091426355,28.121809581185424,30.076026836046367,26.900181721680113
photo_butterfly,36.626252440730894,38.14900775510926,36.68464810899527,37.512315429543044,34.505453007308624,35.02042447973869,35.689875163686686,34.44691865836298,36.55944329831857,0.0,45.14570589623377,36.804610260794355,37.59843124791792,38.34382331078643,35.291243120518125,34.9161469543028,46.05960686443383,33.438541566602716,38.01066758848273,36.78569159762288,37.832230529553705,40.17874563429683,40.930334530430535,39.05123308830352,36.60623177994494,37.85992950346525,35.45501282243991,35.8586961327909,37.00210701952324,36.58264775099603,36.36609479036749,37.08581317841382,34.92586493642245,37.92235187932632,36.918423815060045,36.663788378546826,38.73812368404526,36.72007712211832,36.377359066740034,35.401512906613846,35.68510204919293,35.106597458887556,37.19962843450496,39.155241327016974,33.43760997944521,38.579821622530375,34.95388967344331,38.378642379434496,37.576572752632686,34.40264754571542,35.67272796106553,34.76132191866656,37.34651890560121,35.350720806821,37.34654412663776,35.029621610279236,34.84855417324018,38.306396982377144,35.29822881049211,36.043810560267005,37.5004362338679,35.11140711868148,36.23524524796058,34.67758464395693,35.17881252510246,34.444466740713196,35.71950764572043,36.600507449311266,35.43113198440689,37.480779022507946,35.16613598393651,38.46411928358255,33.99591700707099,34.05076374208598,34.14902082698655,35.27522492323796,35.67075409382799,35.74816544160534,34.333922395711205,35.783624245606404,35.34153316715231,35.59734546086059,34.82988547237834,35.816057091464955,35.55335541955448,34.476547967798226,33.893382924941974,35.5802142917924,35.3580581629042,33.892287905112205,35.51233586749991,34.20025696794142,34.00764630639917,35.550338302189076,37.29770748637694,34.46799866580383
photo_girafe,39.30871717392403,40.78920497630076,39.283381609876564,39.71581693771615,38.24072681912759,37.625273603590244,38.425487388504365,38.16141947069019,38.28395012767663,45.14570589623377,0.0,38.757210542227604,40.96744367475743,40.96692156479023,37.843545590156396,37.837543405432626,47.82541710823875,36.42234915338039,40.79338550824943,40.32518975449808,41.26204350747215,42.263131511856116,43.966425609752335,42.28524747296737,39.82854397134824,41.268989914712506,38.88462889965424,40.37004379326684,40.85247510417186,39.95456911464483,38.824364864168516,40.33736597220454,38.95471908631673,40.578759544305676,39.50552089112541,39.69666296717854,41.5133601627178,39.870300280251364,39.35799373754404,38.30496178592092,38.45547822866618,38.19635734919419,39.68977445796722,42.08245987550146,37.17333298582145,42.25933540285885,38.201564851297675,42.08332611439726,40.421703276748666,37.73264985915226,38.51573911014926,37.737632994241075,40.70970494039642,38.67076234803863,40.25781694860183,37.73410933037349,38.11425578350833,41.70486332579104,38.52984833073239,39.10107202408437,40.15120421658136,38.661438193141244,38.389516470345,37.88943058535814,38.10806736992963,37.697796419603186,38.43446748105026,39.29657387855986,38.59812039641497,40.374248133423976,38.119963506736525,41.24482041601043,37.788006391774864,37.52539654496378,37.34775340484008,38.552936336284084,38.96761203603609,38.84082168249193,37.717498591541755,39.36188548524946,38.66797598946353,38.50545738924251,38.42328815585559,39.00253613297013,39.000409025386396,37.69044682108257,37.31840514193621,38.8138213592469,38.549596813522605,37.35184613972738,38.808252008590706,37.71214252744576,37.63042851785177,38.72661565621102,40.21264802181355,37.83087525035313
photo_fish,28.051519122914613,30.52866501663865,27.793508582562232,29.517364289924355,26.558516664726337,27.215213247386206,26.776589359781326,26.029968756156936,28.00347511046195,36.804610260794355,38.757210542227604,0.0,30.347412085101887,30.94287680781905,27.109542953255673,25.44824294935705,40.00347739523465,23.917562369055712,30.70453867359754,29.031511246260333,30.61365787122584,33.10664323013606,34.83321741581541,33.660841149479296,29.681186809055088,31.67338684940095,26.80337622063535,30.520428370023545,31.34834436959142,29.562604161986187,29.047054230525244,30.261956618150748,27.708910501521366,31.50520084765237,29.468248841742046,27.985062464962397,32.06008860113682,29.718785260924356,29.133982010950962,27.350020813503235,27.568694394787993,26.769141712780396,29.92772252228705,32.661314184234456,24.824984119110205,32.57131116636139,26.773196339881284,34.19652938902075,31.053311778854173,25.985400889071098,26.95096387951044,27.07779181406699,31.757903222358962,28.740072475429464,30.804440471808395,26.831449600287925,26.52027517397087,31.919417931556836,27.60237750340644,27.312540515981873,30.14882155083623,27.39935511600936,28.69681730927846,26.552256580037483,26.692933647464084,25.598032900707878,28.101581616244545,29.08822333862484,27.595287055772584,30.17173427522861,27.887334021848083,33.31071101833538,25.177877228153978,25.691203382272196,25.315206950875467,26.741394309675712,27.208115329819954,27.174215111097073,25.45735039941753,27.347633358186894,26.571528031936428,27.38231707690578,26.329734557779677,27.377183055598557,27.187205656812385,25.76779622062728,25.077581269734576,26.920848414172063,26.826779389891186,25.08626486305023,27.106029902740328,25.193074542545762,25.593379026620948,27.119663610729624,29.044115723878193,25.768026324912864
photo_cherry,29.39946957894406,31.3872548131414,30.27926759864636,30.9937994165137,27.635371511766035,28.463160104661544,28.067515053731714,27.212680372650404,31.271861159998387,37.59843124791792,40.96744367475743,30.347412085101887,0.0,32.33821732693891,28.228923417905545,27.817801661453156,41.0808474648772,27.08767631117027,32.37437976608339,31.449629240690253,34.19943861172252,33.81751678679161,35.885185952684445,33.90664810377121,31.295750752634472,33.261509856090235,29.96577622012265,32.434572745721354,31.797047482252754,30.92590795873023,30.38992292359694,31.023553404997962,29.801453649019493,32.91197083569442,30.787086177431746,31.029565537724064,33.72544380997929,31.078572853053956,31.21267277066682,28.5687466801112,29.579743610107077,29.85104448116764,31.67578786078751,34.64301253772433,27.73475153938958,34.29360573700927,29.086631912149997,35.18607138417094,32.331266725316716,28.08161726740166,30.261756881057902,28.730424909480966,32.28978863775515,30.015883277132122,32.276713312355774,28.32050928503386,28.537463717052166,33.1640794457072,28.968836314414627,30.451498994475667,31.24032879014576,29.07819413194807,30.418435474998127,27.970370133497777,28.62582332766409,28.911152678539526,30.113413268240613,31.453147345017584,28.555872684173366,31.444029687993492,30.02588864656079,34.62133307685866,28.123677501969006,28.07369260942695,27.908962092918177,29.621283077897672,30.045137903762026,29.85565034212426,28.240884333722224,30.332502730907027,29.720470673545783,30.090308674218512,29.310286194200426,30.184331436685138,30.149803129009427,28.457660270097538,27.66105724436509,29.829404842441242,29.53372955269483,27.70497970227199,29.815857841220804,28.04038147284159,28.068574430471323,29.919060781601797,32.06792832848011,28.47359649906062
photo_tree,29.699900375664026,32.16132003165985,31.58724951114469,31.542519609206124,28.834063413542914,29.0976215388486,28.69932946462365,28.533485109743648,31.856352277904662,38.34382331078643,40.96692156479023,30.94287680781905,32.33821732693891,0.0,29.039161182902834,28.192043359546705,39.94867753333391,28.437502229641755,33.88458943377939,32.6126107901803,34.07810812307454,33.09595149455074,35.63507414158918,33.738606085547104,31.608681443676904,33.87283117573381,31.244373044328746,32.46730222020827,31.99420689405811,30.954562599685556,31.059494114566427,31.49038326819059,30.291163973866134,33.32563507602257,30.97582845882804,31.393693182110773,33.97342760787977,29.722379119121687,31.25072065429113,29.020452567218367,29.71598357532319,30.84290944855418,33.07875332533095,34.72194708153964,28.620740132465194,34.89665735606051,29.511053762792734,34.847197998671696,33.34468455314727,28.440405245561603,31.428900205655854,29.917138896513038,32.46897511917636,30.580273155550636,32.32250131689642,29.12159666286437,28.979139848424566,33.574149049892064,29.99422747810009,31.359989882532123,31.56506164450889,29.185877242270628,30.47520070847276,28.83569523251352,28.682466576873843,29.834717669581863,31.240393981913577,32.2631400557723,30.028324922278152,32.3422598814555,30.964301836985108,34.56393160767346,28.720162986514648,29.155375019000836,28.872261378961944,30.63743097965405,31.107788408900102,31.273579621273292,29.108822333187547,31.714925979145946,30.85778439218213,30.876480680352543,30.2835470406273,31.071614231726482,31.352717746885627,29.513228349469678,28.62529740026027,31.3235894113036,31.128748665383526,28.516034941904806,31.269133908173906,28.82004590708812,29.215901257031003,31.113069872265097,32.80418834326222,29.70432623488579
photo_flower,25.842354033749405,28.293213760869445,27.666020186074647,28.225457812938366,22.836897195678244,22.411907287660448,24.225473467549254,22.052425903780215,28.03776892344589,35.291243120518125,37.843545590156396,27.109542953255673,28.228923417905545,29.039161182902834,0.0,21.275780153387366,36.987409838240204,22.47456817196192,29.368418424195823,28.657979656938224,30.63318382728608,31.35900810321658,33.77490467490098,31.233743107530767,26.975758224699064,29.59805827051566,25.89133814159987,28.428478021303402,28.088652561915776,25.67048321039517,25.13628629886776,26.860030677005845,25.68435400596708,28.174258116608627,25.86559191191383,26.93452866258459,29.9767076505121,26.4841886224219,25.696421434237166,22.558366563943558,24.75116994839023,25.436915320563376,28.81374562933165,32.15065272435037,22.378211371226282,31.364290490856355,24.64078767270619,31.799664985235058,27.641538296328136,21.793697506743353,26.216123371739002,23.024061105914704,28.192314170511676,24.977618809335922,27.51064591239878,23.510643620750354,22.872596667945544,28.88083917882286,23.848211744672685,26.020984536851152,26.782781945319176,23.520010316364512,24.161802946416216,21.879725276216767,22.274713424090358,23.980318797194915,25.66956697818009,27.466252799424147,23.599901334817964,27.348856327760966,24.982739578418702,30.38344279836255,23.383016784791074,23.512838081279877,23.410159141518935,25.552812781805763,26.093557499834347,25.86720156982826,23.89200659899375,26.606053259981095,25.92147688875345,26.063622542060127,25.23192558288213,26.318310706147127,26.224490916942063,23.96921267583221,23.374998670807006,26.098616421062538,25.588949461136092,22.978565199253975,25.83945033670426,23.420304747529023,23.818261258598472,26.082082641989928,28.020691182898908,24.192661851513844
photo_carrot,24.97780293751405,28.229156488912935,26.783846637875556,27.49892050684298,22.955289260624884,22.376174247770734,23.042240733644437,21.54226406501006,27.26549169483878,34.9161469543028,37.837543405432626,25.44824294935705,27.817801661453156,28.192043359546705,21.275780153387366,0.0,36.49227264222595,21.987281913263026,29.06950494663646,27.788206907132384,30.502544199875373,30.809875458760885,33.395830629692135,31.453669116180276,26.769478970954257,29.61589961337693,25.729899330980903,28.299150303826366,28.11392174453047,25.329987876655352,25.221433429751873,26.921525110639124,25.32609671654646,28.636125706506434,25.723899317862923,26.83714474158184,30.061724022865615,26.604582774094418,25.773965243060868,20.909239189347776,24.812926189282592,25.117948617767155,28.50187236518385,31.789446920129137,22.20531160387955,31.175158058497374,24.435704760037844,31.978104533824894,28.098643207103404,21.589533925558356,25.94598631081434,23.351972655187275,28.071393583541163,24.52312758907377,27.609040273901627,23.417620348811926,22.72035215940455,29.37626182284047,23.798981283948407,25.893594006721255,26.75068777817664,23.489722502329528,24.641922369590606,21.083410112070382,22.19129244508947,23.66510221837364,25.608904446037833,27.359302151929047,23.859232422351877,27.02187207095967,25.2027605210479,30.779202681895867,22.707311492092373,23.381101397834296,23.130664630022814,25.303286611179743,25.893782006947323,25.786979132711828,23.337909040274212,26.197041651789004,25.69514645321782,25.78037415790271,24.936749541448876,25.89213514043338,25.987797372595082,23.95600008958752,22.786064627658746,25.86908931046553,25.416673475492885,22.82612968344737,25.627802821752674,22.71313581621088,23.554204111685817,25.938409263881955,27.789808821141197,23.92123939421051
photo_watch,39.13984271440694,41.00582225784754,40.86080217066613,41.416234412773576,38.04805598264191,37.42061768646776,38.622495835002006,37.53671143213049,40.413362477614406,46.05960686443383,47.82541710823875,40.00347739523465,41.0808474648772,39.94867753333391,36.987409838240204,36.49227264222595,0.0,37.56465527309199,41.79942655420834,41.12565513306039,42.73067370374784,42.69952884338504,43.4195414351588,42.991670235841916,39.48236570674223,42.05595232558006,40.01855770874696,41.04283201642366,40.324017364218555,38.01904096370827,39.11634867916825,39.81488396752095,38.968298225051186,41.37674694691148,39.20353447599728,39.88521784345213,41.97183168087873,38.66571664317584,38.848097716984526,36.57569069870085,37.66944054019702,39.04625543573664,41.40992869132529,43.45426721113449,37.534903597512994,42.78967280531354,38.31958654260496,42.7880710808761,41.407774005163205,36.51751106147684,39.81930318292423,38.16084017190853,40.608039241320164,38.53607111637867,40.200440866285035,37.64699664132333,37.549366645274546,41.134477663211364,38.16994036877321,39.69407118431506,39.655002087577046,37.37873739885573,37.5869117416629,36.6882021574879,36.3277993780624,38.302835932836494,39.80786041433894,40.5415171298954,38.74366745099594,39.718107720799786,39.1833139959633,41.97496837292453,37.50768311358313,37.83828318127842,37.58240539826144,38.98067637699064,39.60344098237314,39.36127710474093,37.75083390223318,39.74471963210679,39.234371584408485,39.33585146367217,38.70229348463243,39.42753575683601,39.52553840383051,38.17961334719983,37.75074821252203,39.486034554628105,39.024364447070276,37.37221569139223,39.4881864678926,37.50797864115599,38.00097765376059,39.247570625608304,40.829908527659256,38.20561388607818
photo_key,25.245575060096694,27.369118502427074,24.52859277834517,26.76029392480698,22.238677692715836,22.312549826782437,23.572194878632747,21.952295359815444,24.64730347535853,33.438541566602716,36.42234915338039,23.917562369055712,27.08767631117027,28.437502229641755,22.47456817196192,21.987281913263026,37.56465527309199,0.0,26.69131389292478,25.48643247156867,28.07216245390935,30.166605593236454,32.15427482510346,29.912459136125996,25.6766646772191,27.652583364830296,21.92629985595149,26.442526828787773,27.3846797728232,25.251832318044688,24.23473112857137,25.80985424721694,22.873763073748588,27.384576284998392,25.26558262467098,24.332407510467334,28.23435537596492,25.841689918134552,24.63784782217459,22.405503114474485,23.49856700980536,19.960371667581818,26.13146116207191,29.15119495709741,19.584579609844827,28.060919887683667,21.69117761632508,30.629667894793787,26.222092655454844,20.62583514000207,22.33403605866069,21.83396593202172,27.692927585953747,24.127849661201925,26.148628118679557,21.534662816140564,21.175053301408035,28.159189649012305,22.759079618168624,22.9002905070321,25.740765304831562,23.051402133901902,24.32219174035412,21.287758964343258,21.664441848896345,18.85896525930673,22.72308254467574,24.677910996641995,22.455771303124312,25.405499691161264,23.336010063417543,29.30212070992041,20.067096848993906,20.087347204943978,19.79880612471098,21.968642354893536,22.193734917006118,21.71682292897154,20.19862781774189,22.626115839726957,21.810077273627083,22.50553167906217,21.600555357091945,22.32469696590682,21.87266111755978,20.28784379919137,19.694846351392126,21.76675595371759,21.797729022140295,19.899264039579297,21.773201672830698,20.119309061695997,20.142424021430852,22.024416455127106,24.529733087287582,20.659140011423187
photo_truck,30.90400421425654,32.86408081758055,30.99349750967093,32.41311234476465,29.10019245658321,29.356079937180677,30.36403269711828,29.20791496088915,31.651167110040447,38.01066758848273,40.79338550824943,30.70453867359754,32.37437976608339,33.88458943377939,29.368418424195823,29.06950494663646,41.79942655420834,26.69131389292478,0.0,31.378871120471075,33.21227626034576,34.2777000148118,36.40121740666365,35.31459838651095,31.373921614761493,32.84439938128313,28.65377585237251,31.383255097401427,33.15873083992339,31.349189853071035,30.466901610321006,31.56235031489373,29.7774881098666,32.800736189585045,31.163223603155664,30.006608271258195,33.7405547022273,31.4444816912586,30.988027804708583,29.302085949834744,29.948569607411038,28.541665716746664,28.733036770590292,32.754847993878506,27.192653624221624,33.04552205847,27.566912634569878,35.30933895823132,31.81133337716921,27.92524295950096,29.134104946898262,28.435712011056893,32.88154658950633,30.302612975915785,32.5548259333045,28.625816032253407,28.719613887576415,33.633780022567294,28.723885654469907,28.746326567318786,31.303411626361637,29.208626486825498,30.714157130806363,28.53936755480254,28.881202753922686,28.116428465103677,26.4649330548105,29.867136501433183,29.047036274274387,31.281992190628994,29.547067231969525,34.181242636890026,28.24041053362186,28.01543707654968,28.036193822788828,29.773986976825636,29.388196690170673,29.140395454699437,27.87413223734228,29.77982133591604,29.239278662440583,29.91911510621052,29.23957662478675,29.440220889163385,29.341439557898923,28.412630940345682,27.755071226027056,29.25634579480938,29.155348938906194,27.85244230594629,28.965111788995042,28.2138554842858,28.26059439460275,29.549497046179752,31.24007101775242,28.26259973508134
photo_velo,29.755404629722275,31.96533430604892,29.724560441782483,31.44870754042045,27.735223659388215,28.319313199368242,28.383610274603633,27.653513105080037,30.357764519990422,36.78569159762288,40.32518975449808,29.031511246260333,31.449629240690253,32.6126107901803,28.657979656938224,27.788206907132384,41.12565513306039,25.48643247156867,31.378871120471075,0.0,32.54534332739705,34.02397411153876,35.17524336293523,33.45877459566306,29.551905212513,32.361539329427416,28.44429072099699,30.885307148804895,31.32457469427227,30.552646739880792,29.977482809573957,30.91194069305785,28.581589684503633,32.44004321669735,30.33752570310845,29.26269294697627,33.0598155997281,30.501359975275424,30.212893761874327,28.413412616468314,28.93564758219933,28.327504215029226,30.458895691740256,30.60324146478159,26.411912830407204,32.915815616973845,27.527592152147037,34.11758395741397,31.457745583448194,27.286403433135703,28.45713641333809,28.071424914653146,31.527340011614264,29.056122093652093,31.29852062650575,27.891678142267565,27.882294363989278,33.10126527518887,28.819105212433325,28.774527300555942,31.1457160023911,28.759649003199687,29.7867421787984,27.532934936753982,28.014109077178343,27.399506303395565,28.494112696560833,27.85995476207277,28.25246687188863,30.81462709960397,29.093901321028167,33.63525168877529,26.629939530222497,26.61318480100885,26.509946909084537,28.252932800729976,28.590517694610217,28.66233002660435,26.76113088089779,28.933298213736236,28.04652512752201,28.8889724203424,27.54213089287964,28.814000491088684,28.785390736261782,27.139354572032563,26.536183207576215,28.039604482698156,28.10521935684413,26.503390957627097,28.344639289542222,26.73967245085467,26.806067623884665,28.243253479835527,30.349919933108232,27.0058326930929
photo_road,31.929656788534945,33.377070799914875,29.382957212137754,32.69706871841435,30.144943275553043,30.525603347397755,30.865887571161032,30.351829898516318,31.74575647521425,37.832230529553705,41.26204350747215,30.61365787122584,34.19943861172252,34.07810812307454,30.63318382728608,30.502544199875373,42.73067370374784,28.07216245390935,33.21227626034576,32.54534332739705,0.0,35.7052485280776,36.794399845069094,34.92139951440137,32.618813253112705,34.748465296596976,29.99799381391121,33.117516299764745,34.09559767706252,32.44446782483133,32.44836178918731,33.45723729138731,30.92265313132703,33.92197132851721,32.69411050467615,31.344168056911073,34.38942387096683,32.47616523487413,31.72753673112072,31.23311918036143,31.451389245947226,30.232025261496045,32.8751203931968,34.45557615244163,27.487932662992804,34.702283292007714,30.13857096640269,36.35549429959936,33.837288160441595,29.987997473766686,30.675574733718964,30.816277101577903,34.397692088691734,32.21086280551603,33.93163148456414,30.73290038874061,30.477331839915884,34.88200261281156,31.362828454063646,30.913269516585,33.35824285006797,31.139937240916527,31.947001908046587,30.504124068011173,30.503023404291547,29.662834280198368,30.970852647315365,31.63495624310997,31.181770935356976,33.151607705508056,31.043927756378267,35.83118404783698,29.68809398282653,29.624514963025373,29.774368788765287,30.757182746344437,31.03837247642977,30.949882544150814,30.23541257071366,31.21346153849372,31.186592198781785,30.71779552249129,30.544032247844875,31.097475699580986,30.92811001751708,30.15508023089671,29.500989644802047,30.90927672203452,30.80571425606771,29.60164322973517,30.861546250467363,29.978722050129697,29.90811588609575,31.198679709350593,32.84380465916484,30.309521088894144
