,photo_face,photo_profil,photo_eyes,photo_face2,photo_walking,photo_standing,photo_hand,photo_legs,photo_bird,photo_butterfly,photo_girafe,photo_fish,photo_cherry,photo_tree,photo_flower,photo_carrot,photo_watch,photo_key,photo_truck,photo_velo,photo_road,photo_house,photo_mountain,photo_windmill,drawing_face,drawing_profil,drawing_eyes,drawing_face2,drawing_walking,drawing_standing,drawing_hand,drawing_legs,drawing_bird,drawing_butterfly,drawing_girafe,drawing_fish,drawing_cherry,drawing_tree,drawing_flower,drawing_carrot,drawing_watch,drawing_key,drawing_truck,drawing_velo,drawing_road,drawing_house,drawing_mountain,drawing_windmill,geo_face,geo_profil,geo_eyes,geo_face2,geo_walking,geo_standing,geo_hand,geo_legs,geo_bird,geo_butterfly,geo_girafe,geo_fish,geo_cherry,geo_tree,geo_flower,geo_carrot,geo_watch,geo_key,geo_truck,geo_velo,geo_road,geo_house,geo_mountain,geo_windmill,word_face,word_profil,word_eyes,word_face2,word_walking,word_standing,word_hand,word_legs,word_bird,word_butterfly,word_girafe,word_fish,word_cherry,word_tree,word_flower,word_carrot,word_watch,word_key,word_truck,word_velo,word_road,word_house,word_mountain,word_windmill
photo_face,0.0,64.65948176877966,74.9468768650334,68.54121435563596,62.821323789447426,61.17421327984284,60.54569167630225,58.79020958016555,68.70334435992388,74.45116941043332,73.69942560493739,68.08431660275357,64.93139927002872,62.290767183361524,61.7835023931313,59.735369929364296,65.1831146288376,67.98034417485728,74.5721132681859,69.27253661864624,79.95639079426763,72.28804191432828,70.6384267687469,72.71629424020455,64.77552919551964,69.64121728977611,70.60616130973705,70.35356053554501,64.87716489968568,63.87769689733856,67.0875076958396,65.31842671490018,68.32581914770057,74.63810913102395,65.28785581256311,69.51636523029771,70.9607475812286,61.575244767103904,64.71745992146747,61.23294094019762,61.19749245932519,70.01815313474933,72.16527228323217,73.51570061789133,68.73909529950342,74.51056646696347,68.78037641610932,70.8040054488819,70.51031802307348,62.88051877718932,69.65755576462576,66.06056910444359,66.57988624116255,65.12994083357002,67.25355994740717,63.38026537621598,63.5043571508839,71.82088733210526,67.50759224762051,70.95643429955675,68.73294652432146,64.16825715383072,63.17797742553594,63.36772513962715,64.18075568460394,70.00091472896146,73.44922844719159,70.69894784983767,66.22724754002896,67.77874728773186,67.23501898862992,71.97078543243045,65.68476700456365,66.56793440551509,65.85727465806268,69.24664712191246,71.6855799545007,71.38239678814757,66.29433561497085,71.30177747234666,70.2173901949496,71.11102440931721,68.48503649149495,71.54391310136579,70.38980910896,67.30240927254401,66.82783203434984,70.34839341160924,70.37291278405034,64.42685694955662,70.89814132779884,65.63736664048724,67.05768589367372,70.57721748030195,73.19941804519638,68.44496798182365
photo_profil,64.65948176877966,0.0,76.07099449483192,70.71163384528228,68.40296682156917,69.50979377677533,66.77175387941193,68.56129123548679,73.1826202162985,74.46832533779026,76.62407139944482,73.16011177088683,68.70166332235408,69.43819565660331,70.08067492455372,69.47597217393253,73.00371715615887,71.99954240407281,76.95130459606096,73.52393478490866,81.31506961549248,71.11751448187296,73.91977917441903,73.55988086204627,71.50709836610929,66.88367518665451,73.85502611913545,73.08297336212267,70.51403126928975,71.01149579269043,71.93753808634419,68.60957976721693,72.91872266562899,75.37324589476273,70.25465123733774,73.79619981313165,72.88738253647168,70.83991696378754,69.98654552499482,70.19467460816489,70.36268334438084,73.85849499687825,75.24893337662529,75.81615715803784,73.00218418204548,76.11421830554785,73.67418629035991,73.45556827710537,72.0383588422733,70.48658090052436,73.96396381460428,71.13700833560783,72.36039496283006,70.70023059063267,71.29548008751493,70.11806088423069,70.97198657121251,73.83371503477399,71.48372011045367,74.32113582685264,71.57791941003902,71.01628447923457,71.64834809542005,71.09098484342353,72.04680328500139,74.10947925208777,76.20694506109261,74.21132454906385,70.64271643277948,71.52777186066538,72.62466924093164,75.66378756843955,72.81783482714764,73.54576408264143,72.24450377336605,74.0719613488885,76.2927282645263,76.31415543899425,73.37568079438421,76.04792457991073,74.78366634667563,76.43811210241697,73.79766089216982,76.64988933034289,75.29181342108147,73.31506716643098,72.97743230999447,75.34456031617704,75.04055762632383,72.66882654378894,75.81504418475714,72.89974200586578,73.18618899532969,75.67996734994122,78.57413771200159,73.81191061308633
photo_eyes,74.9468768650334,76.07099449483192,0.0,71.24509883510993,75.2183689399126,76.598348369606,74.59771048686125,75.51363422072178,69.67683907851003,70.67411643704978,77.95550015075432,69.09075229835037,73.78590029153598,76.60119067038418,77.06748344414208,74.03607129996652,78.15296385056578,67.36327254911409,69.51322805566053,70.11997600689767,65.39852398598043,78.44572148785993,69.31565183844329,76.78177721148339,74.6489651790108,77.05727467256007,68.11833360455641,71.44911517549218,78.01244719608304,76.33811027360518,78.3471935310161,77.85280032348189,70.82940882613178,73.22556303856986,77.89461780207795,70.55244751321196,72.72479630755612,75.6331445816414,76.1374480005331,76.26268131916991,75.15724200957997,69.29737913770288,70.60918824340963,72.15083380331131,68.44371576891248,68.269147980913,71.03453492272585,78.31781679544285,75.96245132471596,75.17950345437464,67.71006119010107,76.7394012835854,77.08239618859743,76.34955028749438,78.08670696551624,76.02083076917633,75.44501192797581,72.66960566302667,76.0453020007515,70.06667453052438,77.81745670720116,74.37482197393642,75.59158383768047,75.6650867423317,75.66961228242197,69.69094267652119,71.27801912803642,68.96488835636136,77.4885483544805,78.16688738417298,71.45096287691541,79.32902584818797,70.7506394418652,70.89118527944564,70.72547848780712,70.40962675152905,71.4734882284579,71.19196273497084,71.22418283856933,71.28375469989277,70.67896975167896,70.77141693840522,70.02168329086057,71.05984364716677,70.31158488368304,70.52382624931838,70.75786496377998,70.89626239668081,71.37876474467899,70.66422786552835,70.74527296481372,71.01689414250913,70.52603740460576,71.20829140047941,74.16728209783601,71.25533391042421
photo_face2,68.54121435563596,70.71163384528228,71.24509883510993,0.0,71.05010790036154,72.02064841551149,69.03343790457676,71.20921083543298,69.81674995390958,71.65994694534224,76.39369688611747,72.28999246545342,70.93090689388164,72.16155052878662,73.36582058061815,71.62402980243002,75.56998363011539,71.3547204291587,75.05059298897085,72.72929304859139,75.45075189999203,74.10476057764394,72.99867368273495,74.8558498404444,71.11816513592353,74.27737416688369,74.01968478557501,65.99805093892778,74.56056610676674,73.04382038135427,75.40033081370852,73.27006986696719,71.97580092839264,73.84094766255485,74.17952205463834,74.03030729902709,74.07416266762573,72.78331551082165,72.62710807316897,73.79765052779892,72.64404984231022,73.98979049981213,74.95438810638154,75.18054036381788,71.69539501026553,74.18096389814049,73.52130751614348,75.40678209420236,74.06325437171269,73.05109467801286,74.57318171351497,73.49333312317621,73.90289726213574,73.14486583314755,74.5237999685354,73.90710684817287,73.80639770379166,71.96403373022325,74.34356436690375,73.50191960680195,75.09656367420713,72.69326508754389,73.42586325573154,73.86721909927925,74.37917232115379,74.47053201359998,75.78184351088979,73.53656589572083,74.41155218447408,75.49890210453502,72.09767664915266,77.43506595684356,73.3749515399525,73.62201166791786,73.11427604944342,74.19447632335478,76.7519910674881,76.55636141655286,73.83733347716199,76.53894668998153,75.5723856911852,76.27705182635705,74.40787984020353,76.78143560685214,75.54907235264263,74.10806516283708,73.3910605110803,75.59385293951884,75.75961204627723,72.62132183419602,75.86746899775463,73.3648487883127,74.11077939671591,75.83579982531631,78.49466314728973,74.68206001028791
photo_walking,62.821323789447426,68.40296682156917,75.2183689399126,71.05010790036154,0.0,55.138611464423356,60.16988221897511,55.322671028355686,64.72561636156672,71.3808783517992,70.67393567108923,63.65043520175005,57.28087828754267,60.53540097778441,57.42622474044146,56.1908789630882,63.63109336880775,63.49462528527279,70.89920988423061,65.23844788200623,77.10614661190871,72.50853136623492,63.44398910489681,69.89758314399843,62.036356995600116,67.9653280995096,65.60956496552338,67.88416950019484,55.1721269712209,62.719032837038064,63.206902628324016,62.643000108501866,63.93521680310466,69.83443924868695,57.65232894158887,64.34601178062542,67.85377773077815,59.258482978838074,63.40790895773952,57.877134617467554,58.69424846534759,65.35189432130483,67.3067755231866,69.25232346820353,63.74691601723433,70.83798500470847,62.228888835121545,67.68434311621455,69.3666816471255,57.70575737063561,65.58342375099632,62.25064079474919,60.46677181995371,60.59319725695649,63.57057727448281,58.32624057105439,58.97637853914528,68.3970406436844,59.95109430606616,66.1652780825588,61.5807080739437,58.47304444838977,61.5045845538476,59.33675216163177,59.737533476823536,64.94104421702278,68.54947183843892,66.90178903687075,61.16801942522216,66.98889356582788,62.43255247095652,68.90026511057137,60.98420450426823,62.278926019891664,61.5558547886179,65.16307309191232,66.85643727121102,66.53264530404635,61.90027813949904,66.49284229972086,65.9590824980766,66.85346245819568,63.891779987852544,67.21518289838433,65.60285599691859,62.73788546450464,62.40893722336346,65.77677944449319,65.91792799465047,59.92921842123404,65.98884138274168,61.14681139839857,62.78876481267767,66.30710153523539,68.7431020737574,64.02540861096524
photo_standing,61.17421327984284,69.50979377677533,76.598348369606,72.02064841551149,55.138611464423356,0.0,60.14826475989844,50.801379961371644,66.20908064991224,72.9469156406566,67.37367373579885,66.24343322182169,62.20341071703695,61.412617819943705,50.27627881578267,49.7547357447589,58.45609967443925,64.9137691686492,72.01904404043017,66.78454499598577,78.15672082677293,72.77508944084401,67.13123600211895,67.14062167640795,63.551291455734386,68.4500830027626,66.99417737078907,67.98756964745485,59.92930972036014,54.65052323730841,60.43021713803525,60.636340715056235,64.94094477952338,67.9247329372912,56.47183038640091,66.09572188025328,68.03139184892228,57.567872521587276,59.100226847009615,50.4986732907623,55.641452482841466,66.15956877843668,68.94216285503414,71.70092061152762,63.610712509766344,71.88551823956941,64.5257114939772,63.74755160326655,66.84531710663002,52.24649577326902,66.24633176679622,55.454746950002736,61.22963453590948,54.87660107321326,61.50683382301753,55.83955512514085,54.90033798147566,67.46760864173643,58.717159624037954,67.33657336384618,62.84018171297451,57.8011012061604,55.87693275247211,52.29455009317975,54.75124444778361,65.35616566040144,69.50998599173693,67.79873441748023,60.721435120957295,65.35261018095392,61.392157313040954,64.61806075007073,61.26558777155691,62.89959263597349,61.84719734197113,65.55223935944446,67.51679007933022,67.22115949726575,62.37241183054374,67.24978133756392,66.29776460855958,67.0078335634683,64.66569601581443,67.6170596289149,66.268342460623,63.475714537453804,62.791832463137126,66.54904893298608,66.65552543277613,60.38983493808345,66.85390976134056,61.13662397280446,63.427691025681156,66.82173949437062,69.24931846231317,64.50956034314177
photo_hand,60.54569167630225,66.77175387941193,74.59771048686125,69.03343790457676,60.16988221897511,60.14826475989844,0.0,57.90849211733076,68.8595275330325,72.41934140287071,72.35310252680227,65.51851050455804,61.41285379794036,62.49836730154538,60.52237550130089,58.103516255455844,64.43914619565095,66.76583216300222,74.37150045348162,67.96871099392324,78.4238077754876,70.57488467245086,69.6170181950198,70.24327122581644,67.48070172290046,68.23762641007276,68.22263880035466,68.7201612520248,63.438816236459694,62.44002849422614,63.298591910934775,64.93071823709424,69.12483728521102,72.20368498351192,62.869805494311194,67.74319431630573,68.27253519812074,62.335260070548195,62.70415907317307,60.83186713542606,60.44345278689824,68.53122070416684,69.96588071826672,72.28378110830523,66.79986819022467,73.21636386011406,67.51943912123087,68.22264662493596,70.80973358839088,61.80043614160731,67.76217468859919,64.40116908906514,65.4811578070369,64.10142808514954,62.806570837929264,60.43663596030896,62.67750729380383,69.48718115826028,64.42423768469297,69.12411529969643,66.45481648220013,63.088263648794886,63.53513420347172,61.03965561463955,62.922190611119575,68.53336957956442,72.08588367485045,69.4678885325211,64.58851469797048,67.42315279127642,66.06094617318816,69.53100968231517,65.2915428251899,65.65171590199863,64.9770695572537,68.21605649657856,70.03673093150897,69.7976334276722,65.62473128381859,69.83431321020626,69.058976611974,69.58172379941787,66.79972305575713,70.19205131906965,69.00374334461856,66.1141203588489,65.7228905598568,68.72113922331145,69.17357523886507,64.08894809482837,69.17588864712889,65.07023648031435,66.01956076154873,69.64673410184685,71.84753836444567,67.00310095577422
photo_legs,58.79020958016555,68.56129123548679,75.51363422072178,71.20921083543298,55.322671028355686,50.801379961371644,57.90849211733076,0.0,65.63129761554225,72.7354169255206,70.53704756958089,64.81116793573544,60.47010901393916,60.140883655818534,53.60163734870618,50.52445845767858,60.12418422194882,64.81796953684538,73.07187673584752,67.09792503314966,78.44189516644032,72.37041633927537,67.7773406849685,69.3116161986063,62.83571239289854,67.88354436967181,66.6145394536634,68.70929621815947,58.29924424983978,57.44469973793539,60.84108064251121,59.50696543009428,65.04956140256209,70.32468762517578,60.087000366285466,66.11021080538916,68.22486770026387,57.4253384427548,61.1915007370776,53.07239848166254,55.127502171273186,66.24778615012504,69.77202754484173,71.67720361264335,64.52385238690391,72.40005309191342,64.93903378471761,66.34228320624686,67.49832825696517,51.33165304357344,65.64842700713369,57.51149312959555,60.395319166826845,56.76362341324911,61.63603311477599,53.88977583880771,53.37485305671493,67.9974534392596,60.9984994213872,66.64799926733792,61.79388741451943,57.57259783278361,57.44790056223066,54.25692788591667,55.69984368381637,65.37555557168923,69.35072443472457,67.68074952329464,60.57929672181614,63.337008835238855,61.983344710486435,66.61316721971684,60.78505848149871,62.01010479972563,61.39835464697875,65.06454776535733,66.95544790232557,66.53711708023386,61.77051341878005,66.66573281008078,65.89647553663096,66.47669635619349,64.05481508006595,67.3292968397718,65.86267012255304,62.98395893259513,62.22509525949944,65.80023626904222,65.89006802032382,59.54443939993081,66.16674761658868,60.72132802011243,62.59794415269733,66.39516062088894,68.9070558471373,63.7361216796795
photo_bird,68.70334435992388,73.1826202162985,69.67683907851003,69.81674995390958,64.72561636156672,66.20908064991224,68.8595275330325,65.63129761554225,0.0,67.10957370165892,68.08927655345904,56.693972090305586,66.57982331366628,67.64849891613336,65.84224990943675,63.0796745731717,68.5139535665565,52.70477649417227,65.87155712088098,62.6401572345151,73.22328880905077,75.72294660208183,65.1687442808945,73.58489594214929,66.45043328780204,70.86576577686505,59.342001353598064,65.83551058975432,68.72240715371494,67.22467022232559,69.88631924051742,69.7482220019539,53.189077115658726,69.61473065625475,67.21724671531528,59.85766281274344,69.49446609339584,66.15240623676088,67.06765292929083,65.33058355519874,64.82780141364911,57.105940384050065,65.00317305561612,66.65767094233156,57.395980229354805,67.61753104633834,59.78776690960529,72.22175092059814,71.07825066990098,64.33640215325353,59.911482829529284,67.10488759036211,68.82345487948498,67.33134111620623,69.91472286525298,66.27021611972472,63.84479931474106,68.29949626936623,66.57792271168414,60.70336201623,70.34130667583509,64.8704343928488,65.68724704606112,65.60426376186959,64.14472166922852,57.1910423328037,65.95617344599057,64.00018632657117,69.24025636627283,70.91970166393756,63.9966904775791,72.78332537998917,58.91328121120802,59.749760856392385,58.73011942533786,59.04937779317324,61.932290176920205,61.74099956038159,59.77604552776165,61.533141524414006,60.577793663863226,61.04766950258419,59.403588198139204,62.013073728827486,60.16319649642785,59.18426723604361,59.181649536444674,60.97179854796223,60.961286003404865,58.936697546323806,61.10089381553169,59.12267405185821,59.27544536560176,60.92569923519226,64.0357102167437,60.44035429610683
photo_butterfly,74.45116941043332,74.46832533779026,70.67411643704978,71.65994694534224,71.3808783517992,72.9469156406566,72.41934140287071,72.7354169255206,67.10957370165892,0.0,76.46743182264787,69.44701299226517,70.15918554338396,73.1791594649023,74.2054805243065,72.61367304044539,75.91215385039764,67.83902492015045,71.3237030300118,68.49686558726488,73.88879640627691,77.04839678174449,72.3068837146446,73.77514421612919,72.03773070083885,72.3527540837661,68.13591785173125,63.93447385131972,72.24435078309645,72.14814617724325,74.29454752654586,73.23564260811189,66.85039331105548,64.30781005495079,73.5732907524899,69.63357395337596,70.07346960026639,72.36425666879124,71.34684833413404,72.98716556599226,71.96151309996793,69.21631179410156,69.33736975205875,70.94592451415693,66.77672903666274,69.53229435003306,69.80756581884116,71.2596969893959,72.49256752625612,72.50958941360919,69.40074106999701,72.74596976587792,72.1023243502551,70.52955437065212,73.80799658281015,72.42636839195931,72.5232035618274,67.65144100859489,72.01332384443968,69.24948867992438,75.00203422167027,70.80691889369515,72.81276753744524,72.53032004202187,73.35365742121492,69.80232489787872,71.11920969364601,69.13135297176721,74.29159953949701,75.55006617605886,68.59537608833686,73.07570621574997,69.88947960736965,70.09090167605402,69.49699008433774,70.50969838058805,72.70590932225804,72.75677669809536,70.4992782592913,72.26702809304767,71.31430478451213,72.45885480397085,70.10049189098231,72.9884940676162,71.27827961191275,70.01289703663589,70.01017743787433,71.37079567863384,71.73085219462966,69.383608977179,71.93051196009316,70.14419037672432,70.20515859410183,72.07987038080658,74.87577795148275,71.12780813855804
photo_girafe,73.69942560493739,76.62407139944482,77.95550015075432,76.39369688611747,70.67393567108923,67.37367373579885,72.35310252680227,70.53704756958089,68.08927655345904,76.46743182264787,0.0,70.61587881674984,72.42960413573195,73.04237167952871,68.70937924583419,67.99326090259062,73.58473307151569,67.52852023857767,73.11302799937774,72.44200836624381,80.73924875783625,76.42057114943266,74.60695712657169,75.06660687574045,71.9047027015511,74.44779414423004,71.07542315251668,72.54071782794786,72.76950486725681,70.3113840011527,72.22662417301616,72.12271468329278,71.48949895336871,74.05720764216386,67.92647154258644,71.74322059817301,73.79493361456365,71.23979574135892,71.82511621405168,69.2272994746101,70.58728943910326,70.83153625182976,71.80511520574935,74.62124800916507,69.12316785967411,75.53373862785065,71.30275562771861,73.55485157285749,73.9591505510399,69.17590946856717,71.71896249275389,69.65312532962716,72.87087781886788,69.7821578524426,72.74793943462893,70.34968206560255,72.08618637348063,74.44725579096763,67.42170269561026,71.81061105478781,73.33838357218424,70.74050389932329,69.30374491429744,69.40844920087856,70.6727661078054,70.37423340603,72.3934942325835,72.08430268995964,72.14270344885655,74.42475015181185,69.56249260856625,75.14296745589225,71.05992649138639,71.25200483160164,70.7355596503157,72.15595854763124,73.26980426806138,73.27607334000012,71.41303469748541,73.35767226538056,72.64988468417215,72.5681975408789,71.96600990184423,73.569709133214,72.14957204930366,71.3202373366749,71.1556962576718,72.54892884951914,72.87236717565742,70.4334555745194,72.50943178894033,70.91106696973945,71.36652600248235,72.98836544724504,75.67827138959422,72.12687632887555
photo_fish,68.08431660275357,73.16011177088683,69.09075229835037,72.28999246545342,63.65043520175005,66.24343322182169,65.51851050455804,64.81116793573544,56.693972090305586,69.44701299226517,70.61587881674984,0.0,65.21817875234952,67.00867376259309,65.79014573919481,61.57171140397106,67.14556805529178,51.89065473512807,63.872361901277095,60.465092892220476,72.6011434978419,75.1280846946736,63.920534660381946,72.84063073329354,66.9500915191085,70.47964679792803,54.72207184972402,66.89014949321314,68.61860220697805,66.94019464432725,69.64890778340163,70.3036473639876,60.1118922431189,69.86000666367019,66.83991026553538,53.32362251521893,67.56720650990222,65.74637547480171,67.11396549922368,64.4619879088434,63.64396609309181,55.1219126209121,59.22624806739737,64.89550157918886,54.928438242076176,66.8526883028111,57.287281055365426,72.30232627604808,70.57113228849632,63.11553136991093,56.056329849700575,67.06597746840677,69.44752437431028,67.76376809016347,70.44234016025405,65.74452517407981,63.59440585920684,68.42956725982944,65.27000758503806,54.525172430573654,69.51300829428658,63.98632787816664,65.71961171885891,65.10460606320797,63.184536951492,55.76506301218486,62.93053566873927,62.36842169809162,68.40746566608158,70.27080940129149,62.1778583095868,73.24639077504396,57.026152583804304,57.703543640893365,56.31278308105168,57.0789899718917,58.49903121088304,58.979811504947186,57.559458905651134,58.24604257953586,56.98735887059179,58.67962322557383,56.84487945792513,59.3752502778809,56.91825834435327,56.98707749422172,57.35100986750894,57.2404404109495,58.3294414699729,56.645727255615455,57.505625794010086,57.269069832234806,57.37435330472224,58.563353894700256,61.30625277357898,57.964543797727124
photo_cherry,64.93139927002872,68.70166332235408,73.78590029153598,70.93090689388164,57.28087828754267,62.20341071703695,61.41285379794036,60.47010901393916,66.57982331366628,70.15918554338396,72.42960413573195,65.21817875234952,0.0,61.59738814712645,62.72775514430654,59.57263229991352,66.67806766593172,63.673208359169486,71.2238242654756,64.70649233449187,77.80447663266371,72.41777741772388,65.05103564385585,70.19344335193983,65.0955308357029,68.54066579454812,66.12016022853051,69.91807940695844,61.4206887436937,65.66739073028978,65.5557690937659,64.14708527263106,66.27462488876706,70.14359475526719,61.8420307404701,65.12887473379934,66.41225918700175,62.30665495136156,66.71246644562642,60.94063329856029,61.3046931694206,65.89276241869595,66.2897270053254,68.93807768471939,66.01798645806115,70.52009126055628,63.3374623780043,68.3146937719493,69.72045478346811,62.58285334154015,65.56708928784654,65.20355424045695,64.44154193027505,64.15055873101288,65.89080940689898,60.42685293207048,62.157457350275166,67.29426684408512,62.03182788459657,66.70841332477728,62.62742068328965,61.64023066729172,64.42029104533718,62.08775061621838,62.92460671271974,65.71433057257586,68.92954410037345,66.23042162637144,62.81501119328123,67.01937294340587,63.97916007908534,69.49675469596906,62.779334564961324,63.18948992766884,62.4685190756822,66.14971341571216,67.50721955469027,67.32782434064691,63.0675936366492,67.31354519095377,66.27764417956041,67.59465068542077,64.38890929482723,67.78402305756237,66.66593588464156,63.56319201081787,63.17856225635573,66.28145508002555,66.67651148591112,61.60707011959569,66.7080525940528,62.82022047205893,63.38103930023875,67.25884601527811,70.07053630724049,64.42667771889383
photo_tree,62.290767183361524,69.43819565660331,76.60119067038418,72.16155052878662,60.53540097778441,61.412617819943705,62.49836730154538,60.140883655818534,67.64849891613336,73.1791594649023,73.04237167952871,67.00867376259309,61.59738814712645,0.0,60.965201809610654,57.14730214821598,62.42411103746204,66.64243060441429,74.5854157444407,68.68775979439005,78.3254209894949,71.49946835167736,65.36695433550612,69.60066553388945,65.86558234135198,70.54074252978417,69.16316057203255,70.21870174216444,62.48042629914967,63.54352181693449,67.4148346302049,64.6431286603221,67.42548980187958,72.51917020825302,63.05860981476636,67.71441625770659,70.22350221322091,57.38217002970914,65.72593989075382,60.029615289913735,60.144615795896584,68.74363726995544,70.73368999220504,72.58422988754477,68.02567055467524,73.0631164566623,65.98045792192646,69.23161596727624,71.36309438140573,61.338042908637576,68.87525123136092,66.32893709141592,65.09123323897974,63.96201700931459,65.29644039080573,60.90648859506728,62.291345664804204,70.34101669099998,65.33109392774706,69.92580005943722,65.14407200386756,60.28560599905771,63.23130346051336,61.581566338400435,61.67097040793952,68.51987515152285,71.9410823818536,70.52008245941082,63.38847861015799,66.33527726957517,66.33673484506305,69.68712908941173,63.87473420780795,65.15805024255087,64.37835687311323,68.07568498590508,70.05280009069716,69.77161713244399,64.7705599285373,69.71061185042532,68.52508094702362,69.57350792518895,66.71238658114792,70.04085427534396,68.77046352142726,65.6118664832357,65.36888500690849,68.88424152085018,69.13171309735118,63.22165882957083,69.2879464945299,64.26276101729654,65.48136199206733,69.31827377360918,71.86622873874074,66.9170585971326
photo_flower,61.7835023931313,70.08067492455372,77.06748344414208,73.36582058061815,57.42622474044146,50.27627881578267,60.52237550130089,53.60163734870618,65.84224990943675,74.2054805243065,68.70937924583419,65.79014573919481,62.72775514430654,60.965201809610654,0.0,45.722060398646775,57.4241443780883,64.51033215034022,72.22941756450342,67.22713449551938,78.64615484817375,73.80824873734434,68.44618365026311,71.52509761609335,63.09285608453763,68.91666819212104,66.53482856105529,68.79078387452262,60.60068092408302,56.79774077819216,59.953841301763745,62.7182948275939,65.04230488004045,69.98942520000033,57.41155441699189,65.54909001613018,68.58453996940459,56.45042661056028,58.0775790624151,48.189375964669495,55.418006058139426,65.824481133086,69.06308520720616,71.77124614275107,63.23074468827631,72.36708050653198,64.21386079530882,68.675729715406,66.21768602080343,51.50218809604082,65.63038822640253,56.42452273666656,61.596981954975256,56.36424599843657,61.70418888315039,55.94716206595584,54.65925658598323,67.58534459060033,58.53454947083044,66.6230282609218,61.737045673659466,54.65531772798716,52.50124709865009,48.01703963734419,52.80267907276571,64.46538523028117,68.43100655380158,67.76151240882852,58.6524759365545,64.31203193225345,61.53200603563701,67.10652759917916,60.274036276820645,61.70974841437929,60.81743860136925,64.59701700076582,66.46908526491542,65.83430934845039,61.260370790488615,66.1968421172052,65.26797847990434,66.01896574944602,63.65908657325017,66.65849345266838,65.22500898460656,62.009772089918606,61.71470553276672,65.58787102453847,65.48258583487025,59.291087008857644,65.69380234991633,60.25836611726742,62.271289666049995,65.5328448569777,68.09311598075413,63.3180731120397
photo_carrot,59.735369929364296,69.47597217393253,74.03607129996652,71.62402980243002,56.1908789630882,49.7547357447589,58.103516255455844,50.52445845767858,63.0796745731717,72.61367304044539,67.99326090259062,61.57171140397106,59.57263229991352,57.14730214821598,45.722060398646775,0.0,53.91978105509325,60.93807916379118,70.10332806865695,65.1549507795111,76.86231394239071,72.27717947907257,64.79147597357068,70.03730533751839,61.02989205289212,68.06772912340547,63.78072296107848,67.67764096667877,58.71069346098617,53.21108369484671,58.68831153078029,60.855224100526634,63.547938147405965,68.5955540317634,56.13375321362443,63.024111856864444,66.91404687845848,54.21742920256118,57.15464755942649,39.62839623875178,52.41268425672231,62.58164546949153,66.69047163764905,69.93189791599958,61.00607884660657,70.14701266444689,61.56684562839406,67.86236325474934,65.6237018438546,49.199309328669514,61.94509891776422,55.74379251895945,59.243180124696345,53.35467125662664,60.039638702147926,51.764421956387935,50.73823022357632,65.60108393287952,56.338420837326936,63.94112100465346,58.51252041375174,52.06592041811567,51.074585686269145,41.230988559947185,47.54003210524348,60.89350998223626,65.57496699666515,65.36285272612456,57.60073100801517,61.553623147361655,59.030320622503915,65.80821007362609,56.245980383468,58.00345253099565,57.17343710527516,61.138658110625734,63.06505651049814,62.50038076257399,57.15939641159448,62.791655137666226,61.85171245177995,62.56617068313209,60.13678641566755,63.12071044880113,61.87290416368014,58.7391647960821,57.876993507876705,62.33683266368821,62.11324196595286,55.74703258135034,62.27181433352673,56.07097884450265,58.494915699429384,62.295644530580745,64.87855625966695,59.52561565867497
photo_watch,65.1831146288376,73.00371715615887,78.15296385056578,75.56998363011539,63.63109336880775,58.45609967443925,64.43914619565095,60.12418422194882,68.5139535665565,75.91215385039764,73.58473307151569,67.14556805529178,66.67806766593172,62.42411103746204,57.4241443780883,53.91978105509325,0.0,66.81954170270035,73.43026944171366,69.37944193107367,80.0410511822903,74.43558623635595,69.0704633650133,72.4926802393931,64.6008545028075,71.26281341861967,68.90819743850523,70.82664073697464,63.850275052910284,58.51350717867776,64.90281944018554,65.8361326181577,67.45112179348075,73.0194925180451,61.99329701191667,67.3441254109712,70.22964145934866,57.77889946993902,61.52082960845962,54.798262550718455,52.15654698929136,67.0969765224585,70.06171794372693,73.84113613342012,66.0413608980959,72.32910892052338,65.52394747342021,69.30832694688809,69.87340190961919,55.71969536134614,67.3973984425736,62.292769741651796,64.20040054718609,60.61622857903996,64.02766212971844,57.15595457719689,57.068870237046035,69.55644899491321,62.77346041881584,66.96179937730025,64.45871274092764,58.131447850412755,57.079810527578715,55.73606925802989,51.98381958626037,66.18303584421759,70.54348607738702,69.80042398225434,62.77896228055204,65.10237429539107,65.52948665854814,67.70239132614509,61.12411547898876,63.07153357026389,61.91454537687833,65.71549075074219,68.1992771716899,67.76469902129777,62.3677075656778,67.97957414217423,66.52974924362167,67.39308752106338,65.17800692737295,67.89943722030628,66.6176414209907,63.66720484121369,63.23347429780612,67.41991779918222,66.91232546321638,60.0388635184847,67.4817154324442,61.30371427994627,63.47130342876031,66.74673907352303,69.82717842845902,64.64979124740397
photo_key,67.98034417485728,71.99954240407281,67.36327254911409,71.3547204291587,63.49462528527279,64.9137691686492,66.76583216300222,64.81796953684538,52.70477649417227,67.83902492015045,67.52852023857767,51.89065473512807,63.673208359169486,66.64243060441429,64.51033215034022,60.93807916379118,66.81954170270035,0.0,59.79262781619797,58.5291604529367,71.49585862693596,72.99841422408035,62.667950200948994,71.8000394484012,64.7647005565556,67.99981618262795,49.263454233637795,65.735801942139,67.37839715811019,65.31289124099061,66.9183823573683,68.33707123794997,56.04194027480954,67.75296730085374,65.4740821007092,54.091542654059104,65.53592740003991,64.41838485785703,65.37267212303996,62.84171543115969,62.752494628113304,40.772284212925435,57.3779764813864,62.47639250847337,52.780397854420364,63.20210532720326,53.410391634820044,70.27338523843063,66.8645186506627,61.35359569467145,50.00463343373721,64.68222768834465,67.59839987986473,66.1249159867415,67.13622735086479,63.365434131047614,59.9920792895079,65.82111530436596,62.42491242848991,54.65070121738717,66.74788136093353,61.895265210041806,63.26592648177277,62.51325385383031,60.4639679803704,43.95530746733518,58.051148651466,58.47607697813176,65.16465160826857,67.18087046846703,59.76202006593825,70.38895385741213,52.83471444267931,52.67472347594476,51.01509173411062,51.221336152189124,51.13908074332737,51.93373157743578,52.81064889356263,52.14565675698218,50.299272475199906,52.58243610438909,51.395689347833276,52.812967656849814,49.71899354822614,51.3001046360676,51.99261759177273,50.2888676596219,52.11346252389747,52.24591433110139,50.50874880887878,52.766386924123246,51.88894091914815,52.20999937510737,55.72502712466339,52.54256125635972
photo_truck,74.5721132681859,76.95130459606096,69.51322805566053,75.05059298897085,70.89920988423061,72.01904404043017,74.37150045348162,73.07187673584752,65.87155712088098,71.3237030300118,73.11302799937774,63.872361901277095,71.2238242654756,74.5854157444407,72.22941756450342,70.10332806865695,73.43026944171366,59.79262781619797,0.0,64.24321394400074,73.0407860310315,75.46920513235135,68.22543814113719,75.31505964362887,69.10147340977778,72.92298666372588,62.41612093684167,67.79035507109135,73.5941804532832,71.27483239028572,73.42358028472239,73.39607939709562,64.50034035004646,71.09215765811012,72.5399937542669,63.19852062936915,69.79212052281893,70.83811836084058,71.74882341619012,70.24198237239723,69.8786826940641,61.19924246206412,55.20041480035918,65.56702683249203,60.82239299770751,64.56986762362445,62.10884553986646,73.40131149049684,69.37809775269363,68.54200250555374,63.847708193638184,70.18413272770745,71.57774128249767,70.81190210982629,73.2737486765176,71.07125264760101,69.4985572123041,69.7227244265984,69.46531522213134,60.43029206834188,71.90396735749528,68.2073930541081,70.52524175640477,69.89169680406916,69.65997586326482,61.75501678526991,54.327701338832696,61.50019472561922,71.50444213319662,72.53286419061754,65.917271366695,74.78006068742138,64.85623047639248,65.03365500413459,64.41442365857847,64.67369197793188,64.81282281050777,65.08758721736403,65.07955835727871,65.17474141705327,64.05081952232256,65.05987298055008,64.9557888641157,65.12194258887365,64.09341909263874,64.87791944403888,64.6078348526618,64.81159624892149,65.4696007035027,64.71099188067579,64.13196069444788,65.13582533248614,65.26284563670559,65.41138488677092,67.57311473757674,65.46547356040666
photo_velo,69.27253661864624,73.52393478490866,70.11997600689767,72.72929304859139,65.23844788200623,66.78454499598577,67.96871099392324,67.09792503314966,62.6401572345151,68.49686558726488,72.44200836624381,60.465092892220476,64.70649233449187,68.68775979439005,67.22713449551938,65.1549507795111,69.37944193107367,58.5291604529367,64.24321394400074,0.0,73.91175332218984,74.74064167573944,65.00867350337592,71.62326435520974,63.77023158367204,70.16818549178622,60.32462190603877,66.63351455634408,67.45505836632006,67.6492280728912,69.85099065048007,69.12808907814095,62.47922497560391,69.57560431120662,68.25874505948522,59.12886194358607,64.6923006298404,65.69811913969347,68.0726570092069,66.05422528029344,65.16745513157856,59.80088544718401,59.96961496329819,52.60460072747629,60.37009361267382,64.5559249096201,59.307943523625674,70.28517344443266,68.05560597739796,64.54119982265148,59.2523728289497,67.271768964889,66.71636937929046,66.84135460629888,68.64852838565257,66.43795625442586,65.68918720107013,68.11396652795125,66.79919819370438,59.98882886552954,68.51073299207022,63.85337428716919,65.97194595696249,65.75607082747928,66.22594481001576,60.44618544162844,62.41487732320765,52.085430863456935,67.35601562570145,69.60228349717059,60.9174515165626,70.74026593237393,61.122666995864066,61.332996244768474,60.34038734612812,61.59602001219895,63.74055999756234,63.6347227539606,61.525793389111165,62.90229762170323,62.0261537254221,63.085983209715714,60.754550419850304,63.814670090688935,61.579007270642464,60.91586194904106,61.43545756362513,61.4851582265875,62.38851691386846,60.84416895620196,62.12877574862575,61.230928253148484,61.298483596424056,62.71131155817922,65.87937135095653,62.24546499628867
photo_road,79.95639079426763,81.31506961549248,65.39852398598043,75.45075189999203,77.10614661190871,78.15672082677293,78.4238077754876,78.44189516644032,73.22328880905077,73.88879640627691,80.73924875783625,72.6011434978419,77.80447663266371,78.3254209894949,78.64615484817375,76.86231394239071,80.0410511822903,71.49585862693596,73.0407860310315,73.91175332218984,0.0,80.19912823474321,70.2390129069124,76.91830008481723,77.99098628514609,81.78330260705114,73.81363132648227,75.07329375233341,80.98882339800535,78.67448704432175,81.66108938759255,81.15742636094272,74.31489131498597,76.67283968632245,80.31239422974144,74.85708263881763,76.86718073148687,77.89999724402625,78.35659574907109,78.7766151906459,78.29890671698637,74.54030379528594,74.28832902219014,75.18862520492384,68.50791505849864,73.0501031348038,73.75609816890835,80.21037325182066,79.71278552405397,77.95730466860518,75.5844905411524,79.46439620277518,79.68114648576034,79.36188791270781,81.3740199368983,79.40336401557869,78.7034271247208,76.77375167679642,79.28042173145266,74.15514549355828,80.66407162318724,76.66894827874805,78.1532604441094,78.42282976592092,78.811774605089,75.48880469043307,75.69476001042348,74.67635455084246,79.86061080218721,81.7644922559022,74.27051465898968,81.34543849360053,75.98274200360143,76.23533274875194,75.73808623838734,75.98808902100299,76.92381106944994,76.3693609610247,76.26983680147353,76.58022026112576,76.47355441832761,75.95950824990199,76.16851234038684,76.59508758042193,75.71614535256138,76.02950392382868,75.96658721408092,76.35834107299517,76.49849137982929,75.78013075392033,76.13851413787543,76.2073670102936,76.3050549657204,76.42488298683826,79.06837784744955,76.58855478802946
photo_house,72.28804191432828,71.11751448187296,78.44572148785993,74.10476057764394,72.50853136623492,72.77508944084401,70.57488467245086,72.37041633927537,75.72294660208183,77.04839678174449,76.42057114943266,75.1280846946736,72.41777741772388,71.49946835167736,73.80824873734434,72.27717947907257,74.43558623635595,72.99841422408035,75.46920513235135,74.74064167573944,80.19912823474321,0.0,75.35335943859596,74.20623963984833,74.32671480634832,74.37463537541184,75.72301216350438,74.64437161722437,74.86426206404508,73.1797301556352,76.1068605951216,72.91402491596065,75.65630372960464,77.59943501029696,74.16736716433637,75.77011990463579,74.15912711828437,72.51066761811764,73.46442850307103,73.56345111721916,72.58702146987567,75.54266708518381,74.86433904511844,76.74113512747257,73.11353488630412,75.10095801935972,75.0147690814906,74.70145881295424,74.15235385496744,72.63949108566219,77.17717651384966,74.53855850214282,74.3741418963284,74.22978885060901,73.43658129000448,72.94013228550487,73.75376369844871,76.54395326643271,74.55493704173576,75.66215874312921,74.07468184606628,73.18356727744688,74.63630269702904,73.94532693153661,74.9489938243419,76.46668216251977,76.63696758068947,75.61263524162025,72.8869976654218,73.30260315641335,74.55190793340378,77.75643166453835,75.65861700028016,75.95604732349842,75.41757414906405,76.92105074074293,78.48905747534526,78.2582059161314,75.81229077748897,78.26431811874696,77.77482493738366,78.18942437355686,76.57956412913947,78.54551689027748,77.43697794306833,76.04716491923423,75.58472504240241,77.8392318433273,77.64370822193901,75.29977657802253,77.60977360996841,75.90783597932155,76.30564022266265,77.82336484682854,80.81606275743388,76.73357533908606
