,photo_face,photo_profil,photo_eyes,photo_face2,photo_walking,photo_standing,photo_hand,photo_legs,photo_bird,photo_butterfly,photo_girafe,photo_fish,photo_cherry,photo_tree,photo_flower,photo_carrot,photo_watch,photo_key,photo_truck,photo_velo,photo_road,photo_house,photo_mountain,photo_windmill,drawing_face,drawing_profil,drawing_eyes,drawing_face2,drawing_walking,drawing_standing,drawing_hand,drawing_legs,drawing_bird,drawing_butterfly,drawing_girafe,drawing_fish,drawing_cherry,drawing_tree,drawing_flower,drawing_carrot,drawing_watch,drawing_key,drawing_truck,drawing_velo,drawing_road,drawing_house,drawing_mountain,drawing_windmill,geo_face,geo_profil,geo_eyes,geo_face2,geo_walking,geo_standing,geo_hand,geo_legs,geo_bird,geo_butterfly,geo_girafe,geo_fish,geo_cherry,geo_tree,geo_flower,geo_carrot,geo_watch,geo_key,geo_truck,geo_velo,geo_road,geo_house,geo_mountain,geo_windmill,word_face,word_profil,word_eyes,word_face2,word_walking,word_standing,word_hand,word_legs,word_bird,word_butterfly,word_girafe,word_fish,word_cherry,word_tree,word_flower,word_carrot,word_watch,word_key,word_truck,word_velo,word_road,word_house,word_mountain,word_windmill
photo_face,0.0,1037.068591280804,1189.0986427852556,929.5058650748631,763.2847235991758,694.4655748345904,855.0816073066358,671.5557055635314,947.4378089944283,1120.867976101883,920.6290441154752,1013.5197093012264,858.181345231142,573.2408785939742,791.6821824588479,730.7515629348833,793.1980479610295,1013.3800399909983,1188.9952406307684,917.949311322006,1134.642591506001,992.1100496714516,758.581314668276,923.006137641124,740.5387064953567,984.7237317882569,1110.3447718337036,882.2360306951447,845.6198971109432,746.1905587758574,897.5507738408768,740.7353992711519,1012.4273214139791,1176.7457500913472,830.9801101054466,990.9936401756861,960.0671119412171,509.82689162109665,649.2455183903646,824.3820810526424,676.3485833591536,1025.753460359362,1154.1510157889463,1006.2505989603724,1079.165866632079,1090.8315845932395,977.9341596811995,867.8668673960406,1119.4952046468009,709.8948083324949,1005.9159978483492,805.4241487005734,703.3798402676229,822.0017066620617,673.7787383748145,784.4767558897338,802.858358304771,991.2932507217658,885.7517168197645,1192.8968955432676,914.7092113275679,700.622172882266,628.2572920119056,870.1042375101207,781.7213339468047,1030.8084578914218,1214.4996119810921,1031.8092895218451,821.9149998293963,655.9507759812894,763.2390864562706,622.4066542733152,926.1426060335672,896.4872218478906,904.7419931915109,980.2449802437782,996.7809059141078,984.7873665416515,846.8534463053503,997.1312772505561,990.5003308966483,985.1354769518047,982.5844694645897,993.7834895673248,989.5168032072821,898.6166681083433,896.3243456024295,992.8095667910266,990.3172702359292,803.6622453479391,987.2978346584515,836.7655169247998,971.5906433725138,987.9165075286738,999.1076230491992,976.5338386969502
photo_profil,1037.068591280804,0.0,1190.0657402670565,1030.9510023598632,1043.3810867265731,1212.6955501276045,740.1137154496228,1108.206330727207,1332.3208055855414,1111.4960193057968,1181.65221438311,1262.9460502148852,1010.6709042213232,990.0720450993872,1198.606696363633,1248.934151473692,1016.4063778406583,1373.6373368227275,1314.4611851324355,1161.5253425563942,1134.8310285227246,635.6718889261911,1140.7781829214664,1029.0996649825036,1172.2126562034266,966.05602971877,1345.7946082301644,1141.270347776049,1081.3814935214564,1162.7390980025666,1151.7597296383415,909.2590396661648,1387.899211218039,1260.6909402995989,1218.647557932286,1340.6912790913784,1053.6594157695554,1171.8486452048694,964.1365263252262,1226.4132544578097,1072.4704050551588,1371.3869604012955,1272.7024317746586,1267.1235936876888,1319.882659358204,1163.0649274362859,1323.4461836639787,1038.4094375711816,1063.8593283361379,1230.28939027428,1343.7341319378145,1188.553728572008,1049.0548546945074,1233.7609663710377,1033.1196596312147,986.6053018249202,1220.9207777336226,1127.9761541662697,1248.6641767727099,1297.8913360566917,1084.8864842336488,1231.5060772134977,1163.0422532685498,1268.3876487957193,1257.673498894201,1359.7072429187997,1315.3889644775647,1253.464111916911,1048.3226116828796,1040.5370006201822,1257.9443885160601,1162.2365180062823,1275.4704561265503,1238.5042918523216,1256.8707449142614,1325.0802936010061,1332.0524532414315,1315.7802178317409,1242.2705141021022,1328.6423892278633,1327.134031410925,1319.496527079088,1319.7268951039682,1328.6580242174607,1324.6235220367303,1307.8618834504628,1241.5063131627824,1328.8292753614826,1325.6848438167185,1262.470704562672,1321.6858937395466,1267.6494724264267,1307.2460389695925,1323.2612430538004,1331.8159151161383,1310.4112443038316
photo_eyes,1189.0986427852556,1190.0657402670565,0.0,787.3819231086451,1366.2955291388735,1311.4734135274794,1293.2014825393035,1315.8099211040483,1061.8635480922949,842.7877212888978,1246.350925647597,1191.2859334740858,1247.575083152146,1290.7176558830765,1382.8914942798642,1342.3772245146467,1140.397239623169,1106.0970727844997,1067.83673761323,1014.9329065319006,624.0279437235105,1126.600490088978,1139.2202565913938,993.0967979146245,1243.7355096163185,1175.5630292525711,1134.664092096628,939.0336107987198,1473.529096402098,1257.746098544548,1485.929181102563,1288.1585209558943,1110.166440178217,986.5273428078249,1421.16419940801,1169.577580076499,981.828816468405,1265.5277808013718,1189.7563222138058,1422.3279926561038,1384.7963505208625,1187.4847864199883,1103.8892380097006,1118.4536271991076,1120.5184236919315,959.5915033878299,1145.5622259316158,1161.1888014192093,1072.340934115016,1326.8713675285069,1173.8091654178684,1394.6039774887754,1263.5508613914083,1390.9183918582305,1339.922665646407,1423.5616650916256,1395.1927456567869,894.2904789795232,1434.6628608551187,1015.6360292476046,1400.4300723975548,1317.52233937321,1308.2280762857768,1433.2569301465455,1368.126712336337,1189.1329096366287,1081.6787366852816,960.4865158128774,1471.1748319264077,1353.4508825256332,1194.9826252212856,1171.8899681733515,1153.2825762393506,1184.9199556729163,1169.869757769185,1138.273748213667,1158.2642559532287,1148.554091030033,1183.501231843915,1155.4364240780917,1155.5955483653465,1148.2103501238125,1154.3966383138095,1154.925520098997,1155.4150933579278,1143.8213676466985,1168.0848005266819,1162.3414411148033,1148.0534166366065,1208.088515178318,1157.257692171199,1195.773264550687,1149.1948384573375,1143.4650614483648,1157.5484472628139,1152.9116044466282
photo_face2,929.5058650748631,1030.9510023598632,787.3819231086451,0.0,1154.724026919838,1097.353159495737,1142.1230745192158,1089.9082109221968,1082.455308350342,677.6711528910006,1105.0003170704845,1182.9301744658317,1000.8143407178421,1054.911410048258,1184.290329339372,1132.6950925013393,979.2522870987979,1138.0486109004396,1134.713354927882,905.480732117093,695.5021774637764,960.9128905479919,1041.6758350417326,833.3708294913285,1007.7220047412225,1020.24786506501,1268.5309256929838,699.0987846219347,1270.5430658566981,1109.37871270951,1275.759955161911,1042.362795265154,1142.1764283774785,1009.5964667811079,1221.0404902787477,1209.5361905481427,978.8919009379248,1030.9585028872687,1034.5629168176536,1222.7913778853294,1167.008406989476,1223.0851961392564,1102.957218092608,1017.9529779318335,1242.8612835147705,979.997200952734,1179.119271709598,999.880217441243,1066.7681828054324,1117.2404179140976,1217.6991127727413,1192.8572695687897,1030.9356170803671,1183.959576377277,1121.0888415178542,1218.834653013014,1193.604687735319,785.8084976980886,1243.642208825384,1145.4648820308919,1193.8684859511848,1106.3627505182262,1094.5846895991447,1241.0679515810432,1171.734725595314,1226.5012900610611,1184.2232041042234,1013.605872797185,1268.2040947514147,1134.302727527532,1101.4428250160022,922.0158532000512,1144.2962166162388,1107.6273768199387,1120.2273478968914,1175.3968696276204,1195.3237570780352,1184.6140425643525,1109.7251104430366,1191.605506994752,1193.3677862307898,1184.6712033187268,1188.6882675937793,1191.7040887705236,1191.535224315132,1177.1677021367625,1101.8948647742302,1198.0000946485713,1183.2955668087498,1137.7494731343754,1190.4722430086993,1139.1092810478622,1178.913532871686,1179.7977899747148,1193.16036897071,1183.5750915432686
photo_walking,763.2847235991758,1043.3810867265731,1366.2955291388735,1154.724026919838,0.0,851.6745875336987,832.2704254353105,748.1057911762417,1103.561591580166,1293.3967077831744,1104.7449528779898,1058.943455025874,772.5126917143241,733.4888281712377,830.4994514841908,905.1197514770902,1005.7315999930147,1056.6886193230055,1329.7376879008739,1098.6403678324864,1304.8671052841903,1104.7129083009793,1002.6888961422367,1124.9961281442218,970.3212408268843,1078.2581190186345,1155.8419065363441,1127.5610091378408,648.3570715987254,963.3698646775913,827.4976607253867,881.5044881401692,1174.5024270709037,1342.9634079071632,691.2327435796658,1065.2040955346943,1178.9384602241641,801.2862120089527,942.3935713130501,869.6872745117336,806.6698162332608,1061.216109455883,1204.9726115384399,1173.5755279961932,1150.941676131049,1269.6771605937874,1017.1837651111331,968.4521265951437,1281.8585444410598,898.4447838061353,1042.4071515083817,899.0167265012248,806.2520585394672,890.1764624365222,794.5815388584988,749.9082132604726,869.601629243144,1184.948493799781,753.5073036058332,1323.2656388921741,976.3394511690403,912.2459810590403,886.6185930093718,925.5671315658366,931.0748111374951,1061.8401697609552,1338.6122956580787,1190.239647024011,777.9307486611046,797.28723671026,987.1712164454672,852.1756561065647,953.2050785613933,921.496595313168,936.1886496390541,1029.554530842547,1018.7304553880967,1003.5088327450776,868.250798429593,1016.3925919602947,1025.889678066034,1009.7348764238104,1008.7065411594474,1018.0432280806458,1013.9401106578289,928.7732696756108,930.2053339945984,1018.1075137631445,1015.2620172858161,830.9563113838948,1008.828377701969,858.9309520978707,995.0836911121089,1013.0236528265335,1021.7771971243343,997.2378890578758
photo_standing,694.4655748345904,1212.6955501276045,1311.4734135274794,1097.353159495737,851.6745875336987,0.0,1036.535552591899,593.7914621526396,1008.9908950154287,1242.7701779277731,872.9451606129392,1091.4729299736498,1010.7379837747746,789.3045975711735,536.4750956624615,418.7992293860114,961.4358763012365,1075.1830639477967,1150.2000315012829,1042.4017143056044,1246.0111820652012,1141.5863157787628,900.2822676082108,1065.0132000343365,880.2964001953577,1072.532598437402,1188.4193888128616,1057.218475561177,783.8609497945821,665.920062166972,856.6595801979139,931.0511017234722,1076.998341205594,1290.2544443502109,780.8714352615943,1075.3505514466344,1136.1919020980715,674.9023511938219,886.2804951073267,575.9055672427428,871.9660208955122,1099.7986975576296,1223.8841104953199,1088.6687284481684,1154.6595645235448,1215.5858196577421,1055.2493718782314,987.1812138486683,1022.5249034759554,637.624813971643,1083.604647562385,538.237099024178,820.9059116408611,518.2891645556788,715.5866766594061,943.9665970812067,687.9502696685306,1125.1401006728686,841.5745224733496,1253.9584044606006,885.3776921861521,673.8459535958982,598.864635911794,621.3133332412716,558.5892362834154,1101.5187087690724,1183.8742668875436,1130.0868377754707,933.6798520082682,798.2562320288135,892.9090383420389,807.8672302564337,1002.3924610996555,978.7578012823031,988.150058013716,1053.8003599048434,1068.1422887985825,1055.0740206627443,932.1125157410702,1066.1129627773269,1063.6176963307448,1057.0307069273122,1055.4565599730959,1064.8393622093122,1061.3610763295671,976.5936346152927,980.0942585285952,1066.2532406300193,1061.124587288748,892.4517414767363,1059.0685654295526,922.9702205823851,1043.7447725187765,1057.1272515227647,1068.3744884343703,1047.88263716653
photo_hand,855.0816073066358,740.1137154496228,1293.2014825393035,1142.1230745192158,832.2704254353105,1036.535552591899,0.0,894.4405270462114,1278.3354977619067,1215.6656593310531,1126.562224253297,1206.8039339454642,972.4544869629518,775.7844929956796,1008.8138520851579,1071.648266327705,958.8395125017121,1326.7179603598595,1379.3913459245518,1237.0142073513018,1236.910320695818,863.03494829668,1110.7568169112017,1005.9695912291767,1127.7164163318612,973.3849548179487,1295.6623287145155,1076.2021054982663,877.1363682871036,962.3625979804187,903.7857794882251,872.1823333902003,1338.0299229269665,1334.3897278400998,1030.4909784746196,1294.2834574682786,1040.4740042263231,963.8782669059201,755.7557605934918,1032.2583620967807,849.0498460435234,1323.85252280239,1341.9524544752917,1337.1382070099014,1265.2637043791287,1246.8224370600444,1287.9484221895345,821.1389306127894,1180.4913966524473,1051.9497675381015,1297.8325642785246,1010.9546609683035,844.871565105646,1048.366208720548,815.8179237187215,759.7821882190832,1032.1609141399902,1097.9197776074423,1068.579952978395,1362.4606344150236,1057.037283904039,1061.545986479181,978.5664764860127,1087.3125486580814,1079.6540834270133,1315.1933939709302,1381.5859263521875,1323.1985297699532,839.6334767963965,860.3222033482597,1099.588380999374,956.7581340510003,1222.191881354821,1188.8845101786492,1206.1067881713993,1277.6723596426702,1286.9406822083758,1271.733870275472,1148.0341877514534,1284.0874382136442,1281.1725862372216,1273.5688057306577,1274.041724374065,1283.325808018328,1280.1347878167405,1199.5754191011695,1194.2719815417006,1283.6392052000865,1280.763292903185,1106.6610015559036,1276.26340705886,1139.1966976719734,1260.654096330344,1277.5041554133963,1287.2442735423103,1264.0830946733768
photo_legs,671.5557055635314,1108.206330727207,1315.8099211040483,1089.9082109221968,748.1057911762417,593.7914621526396,894.4405270462114,0.0,1054.1481608597235,1243.0767070197387,1041.2006988199657,1123.5103898323935,889.8537263001851,624.4649487605254,745.8212916611577,661.6004008719813,946.0837443653116,1116.277728679689,1290.7800027808223,1050.7771290100002,1254.7849946691827,1042.7484388994005,934.7406740344982,1062.4845794509313,906.269141220209,1014.7386225426975,1216.689346152295,1048.1505549728338,682.6332821801151,700.5773821623924,714.852424455687,776.7578346525678,1123.511939448501,1293.2008083861133,946.3189498786393,1104.735475835686,1118.4702562765679,699.8001666421331,863.3327123063802,770.5847177464556,873.7056447439682,1127.6267730044653,1261.191345568129,1125.2498213849335,1185.6303205336858,1218.0241219562001,1083.1479820678824,880.0709057752343,1115.5592064635246,648.725668911407,1110.7616388621657,628.9490650689421,737.4276535161956,621.3522914779102,541.5004025589441,824.6487870997779,587.7075110336896,1123.4821690894414,987.106420969822,1286.0334327887556,939.9855897261646,686.3571127108139,616.7789758400507,807.513446605308,718.7685995253145,1127.7185244181042,1305.838651484442,1146.737389155535,860.0736505923593,705.6806187431885,920.4424167185472,758.5774564852712,1021.1181040041205,991.27175614636,1006.0318729613205,1080.5406350392866,1091.9447387894597,1077.6694944977526,945.5268329800862,1090.2947305561381,1088.9473243247664,1081.2616159847303,1079.0253914485374,1089.8550853324643,1085.9536947738886,997.1913365044497,997.2069665407085,1089.5301842471056,1086.7315531405604,897.9926961781852,1082.764706428043,934.3525691843925,1064.9755115803175,1082.5366572195194,1093.2084591803105,1068.5078096510754
photo_bird,947.4378089944283,1332.3208055855414,1061.8635480922949,1082.455308350342,1103.561591580166,1008.9908950154287,1278.3354977619067,1054.1481608597235,0.0,1215.931964710477,936.4991706887407,855.3438843559138,1224.0755815773446,1052.3894651887697,1079.9254722652663,1045.0614361848548,1178.5779615929205,558.3211540596427,952.2406506735033,840.1609742172776,1109.8524368261064,1254.4918022188979,965.5650192435756,1165.7576738049795,949.2210297176995,1189.0839350904512,844.4740638065256,1041.606883468133,1185.0772320992598,1088.5091098560604,1274.0320174106914,1083.1955263794941,507.9396409938385,1165.0383124447042,1139.3170545451555,681.2925196194398,1202.3254974328058,959.9169433533618,1102.0565484451504,1136.3567081777635,1115.415471578631,711.5683563469132,1039.2767189080957,884.647258424523,796.7780853512749,1166.6521996382833,816.5204974998803,1150.0183961201801,1215.4762915260308,925.2187060976883,729.2007658100513,1117.398696354533,1123.5188220946175,1100.7842148208313,1109.4582388712583,1193.0293538040276,1095.0767061488932,1068.3673725363928,1163.28945330078,946.6254872680169,1227.7209454366055,951.5956866302635,1019.0676108468874,1151.4592800015607,1086.7366570517527,731.240876332115,991.7969923821398,793.1276206447612,1074.4374491175292,1057.5801094812864,976.4307203165035,962.1129071485263,676.6819393754796,736.3613797661466,704.5139828735412,652.9850122493021,688.5775310166874,679.9823188656289,730.8272355496816,690.5457226125266,688.074233047537,682.1795782396799,685.4885866762874,688.1964186407689,686.9998111923583,662.1616912630797,713.1083743733722,696.6560723941739,677.5503804717181,764.1071652905505,690.1338209080386,742.1109497041948,675.1638903250066,668.6173560844363,692.7461184248118,682.8769938417856
photo_butterfly,1120.867976101883,1111.4960193057968,842.7877212888978,677.6711528910006,1293.3967077831744,1242.7701779277731,1215.6656593310531,1243.0767070197387,1215.931964710477,0.0,1165.1954406158436,1150.8809873318085,1161.0428423530252,1211.235148967252,1317.6800297610496,1272.016802755956,1046.858435352095,1262.577895990635,1113.5683479920222,1059.321786374333,730.1376731913583,1034.518582495425,1198.1348277247441,907.117413590339,1175.334439787239,1093.5537635588978,1227.269337245097,825.7629246102958,1399.1481674923605,1172.8238580028396,1408.1172041006964,1202.2151749207362,1260.795743288652,805.3142554788283,1345.7703139548325,1281.7398599510657,1032.274252990067,1183.3999789545817,1100.1905774100164,1351.99142292784,1304.4835721999996,1259.6926149355734,1060.4441955471095,1075.678054100493,1204.1888929096258,915.5133104325744,1305.3730828904809,1060.2016620194338,1127.8278733230627,1258.5788983711298,1252.8727394909247,1332.7724571355889,1180.6978192882361,1316.590947884776,1261.9695963686966,1349.936910965635,1327.6106489627148,852.6618907208548,1276.1446729026795,1092.878609927532,1327.453871791946,1246.2448227619007,1237.0988407892673,1368.5542803087183,1305.7087731110303,1269.8132307673143,1137.6418089152187,1151.2312842485417,1399.0567667021226,1276.8196688912876,1240.5591530928743,1082.6543920240033,1210.0997265488238,1180.1126438936442,1195.4701036302286,1225.3263057281447,1254.1838258138202,1246.4398344528147,1195.007824059649,1242.0102906820596,1244.9975042853885,1239.798152628082,1243.1194337913341,1262.578760720434,1258.5187766558727,1281.3269327418407,1175.9112677904143,1246.335690211617,1235.3629934429625,1238.9269150646637,1242.8825140422475,1215.8025899018746,1239.5504825642363,1248.0109267676862,1240.9224721895637,1241.1357753006012
photo_girafe,920.6290441154752,1181.65221438311,1246.350925647597,1105.0003170704845,1104.7449528779898,872.9451606129392,1126.562224253297,1041.2006988199657,936.4991706887407,1165.1954406158436,0.0,853.0158046595066,1220.7859230631277,1040.4460307186887,953.8297448560924,896.287718158519,1012.6647892155362,998.8382136129514,900.707135145815,959.1856632091938,1180.228536760205,1090.2769515960715,1087.102457705089,1111.6513604184108,920.0164851199719,1006.307988942398,970.2758933230965,958.0762755804556,1166.9732726381883,896.2021527887522,1249.8747769141935,1038.0028026250002,1000.5457048176115,1223.5461196739127,960.741451974002,967.5557048621848,1165.3550947457734,913.831199970734,909.925215270517,987.5141995960071,1077.837926005294,1018.2952312802364,998.5463373536085,993.490781772321,921.0951339605866,1131.7375003206264,1089.8244558629067,1077.2569710370851,1058.7028027594313,894.9971797777504,1003.2335588050819,975.5858539227606,1060.8433510396555,977.518876342704,1075.8663458370931,1170.8327379586992,1093.5750942899533,1046.0978012429687,1013.777182094398,1055.499928686578,1097.5774948961036,915.649697294254,986.3550172912032,1017.558093371155,954.3181287146333,1021.1395941902297,955.8765098837598,1047.1382722921737,1041.8109574657876,1020.9893928204742,1080.126474295989,1037.509043012279,936.283921805505,901.9696937166234,910.0552972583474,979.4127505628301,992.8518837409295,982.8296469178871,905.8698170425972,993.1388927500934,985.4833595132517,980.9518192849135,984.2509749301694,990.9599888374838,986.2359332825466,973.1074582734739,898.4879733104898,992.2791994145073,989.4625003771936,938.3633063594531,984.8972917113041,936.0679514737146,974.8841044198016,985.8480424143265,995.4658081741416,979.4521623261638
photo_fish,1013.5197093012264,1262.9460502148852,1191.2859334740858,1182.9301744658317,1058.943455025874,1091.4729299736498,1206.8039339454642,1123.5103898323935,855.3438843559138,1150.8809873318085,853.0158046595066,0.0,1177.37506046359,1122.594812916517,1155.7333624931919,1114.1872590255862,1102.0364595839296,776.3777349268524,908.241450212955,895.9829726611513,1126.3680046329637,1182.9670636580574,1032.3904617945577,1184.8645270618117,1008.902576783401,1100.41394429692,607.8586819729824,1046.6024765661293,1186.1012951026644,1009.8961540742988,1329.4630392638703,1141.759900041589,924.7319714278376,1089.0862876462024,1075.7654780328348,675.2080378291789,1117.0981809705906,1016.3800088851765,1013.5755420252482,1194.2518035757737,1162.7700201335374,695.3996718068696,673.4805009151202,859.8624306181272,589.3236314537345,1000.053177617847,893.3538674804655,1166.8210909919753,1142.0619892851857,986.6969332975036,682.5569301411748,1183.4161237712374,1176.2484126608308,1187.4770855598774,1160.50119860182,1245.2654103428144,1163.5205526294426,1076.5643192051803,1025.0326586026931,884.5723402910818,1283.2423531844179,1004.7495507975301,1076.4994971318818,1214.1662496477622,1145.0219618870385,725.5930300799441,933.5781200752672,982.6640691519347,1127.2742196029867,1110.3938983701928,1029.1290449389744,1118.5936708010515,694.2342905418146,757.4655419743399,728.8425073491159,692.8422543301962,695.4492326389321,686.819367250696,761.9217485468968,687.4871198010344,693.6906135953972,679.7136800379769,682.8780805678625,711.6287732854507,699.6948755915431,737.982938731106,742.9460813930637,683.3294136336215,684.445849593098,828.917797534336,678.3902172175334,766.6344743899351,684.7472078358439,704.5384862474266,691.8762409338175,686.3190225590837
photo_cherry,858.181345231142,1010.6709042213232,1247.575083152146,1000.8143407178421,772.5126917143241,1010.7379837747746,972.4544869629518,889.8537263001851,1224.0755815773446,1161.0428423530252,1220.7859230631277,1177.37506046359,0.0,749.4041785109863,1091.2788140024209,1049.9588949793058,968.5088540496606,1176.1663569640384,1292.527464233076,997.6093426934824,1191.556801687185,958.1366667849677,912.3300119877957,1073.1793934032207,943.5683646951182,1071.589806249082,1268.600040631162,1107.4753434943323,910.870685746229,1096.8039884500522,1057.5627986554696,879.4264430696566,1287.6904869020823,1302.8295555101015,984.5656568976591,1175.5520927276068,920.2697651497941,937.8106827215031,958.7584113817787,1115.6971061764011,978.1659078011654,1176.6293697775166,1118.3269419831875,1097.1216482995083,1260.803973476769,1128.1183054639766,1009.8864051486046,1046.3604340745796,1237.0490481829797,1041.8597742599623,1161.6512410877383,998.3687812936196,742.0575702760456,1028.2096174393487,849.0897594659203,909.0790653073334,1006.5810162683588,1161.6530580286826,1023.0423257781514,1261.4301191861962,892.5617002721274,1027.478974835006,966.9929263258862,1146.6631310722141,1075.8838610618486,1179.6995043874686,1298.37604238661,1095.812846556819,958.8342408117447,848.4902604160586,995.4209079805762,946.189606303646,1082.8360707122151,1048.1859115947937,1064.3377104763272,1153.0042891540652,1143.664907371721,1130.0350084647694,1001.909092888522,1141.7144691525898,1149.467107024323,1135.9497539282206,1132.42282354764,1143.017503388139,1138.0296951438406,1059.8307768422908,1056.3264146330932,1141.0027195602968,1140.420115641763,965.7317683111714,1134.7030506598605,994.4007385362063,1121.1271042489311,1139.4017822136968,1148.132393926277,1124.0474006614143
photo_tree,573.2408785939742,990.0720450993872,1290.7176558830765,1054.911410048258,733.4888281712377,789.3045975711735,775.7844929956796,624.4649487605254,1052.3894651887697,1211.235148967252,1040.4460307186887,1122.594812916517,749.4041785109863,0.0,912.7266437733298,840.2112116068872,899.4356249274308,1116.4177453961458,1290.0411020686006,1023.092934766278,1227.7165117037487,902.3063984742033,842.3024723533138,1007.6753993169294,884.1700163472534,979.0371396377402,1215.4631090411392,1013.8686081230942,799.2353898911224,878.9496276899118,870.7300459729026,625.9668218245795,1123.4567692152725,1262.4172868858345,947.1578179557266,1098.2858413750344,1006.5031698463685,655.0496108545374,729.5232317972896,943.0746501517891,775.0296720720938,1125.9542844840905,1255.987880921329,1119.6115712505066,1183.9966513133554,1177.3654420086589,1068.586423868443,817.7475315078627,1191.6640510130999,830.4122104120077,1109.6058718432143,776.176749464383,603.3843180313235,808.0651197276535,576.8538239969589,696.6583713856845,785.5743220549556,1091.493601016724,991.5743470221354,1285.0133305631248,843.5621391623886,821.3248523712135,736.5437926785162,975.9229770095885,871.9354551055949,1127.1090718647843,1305.0882832718905,1129.3211484913043,756.342965883845,560.9927291372854,861.98355874962,692.10447807875,1020.787819731235,989.7215756960005,1004.1805675082068,1080.2809201264847,1092.8350489675056,1079.297014090174,942.5213428294551,1092.085282344075,1089.082489133172,1082.8289714142918,1079.5902956339708,1090.2402341160605,1086.3382336817945,994.3287034575281,996.2136682591421,1089.4326601685248,1087.7627760117932,892.295155368514,1083.609182192089,929.4864679683872,1064.9884501178606,1083.1712163639534,1094.72827468136,1069.2603883871823
photo_flower,791.6821824588479,1198.606696363633,1382.8914942798642,1184.290329339372,830.4994514841908,536.4750956624615,1008.8138520851579,745.8212916611577,1079.9254722652663,1317.6800297610496,953.8297448560924,1155.7333624931919,1091.2788140024209,912.7266437733298,0.0,499.51753078266944,1023.5857060462502,1147.0104345721395,1216.6920807066008,1117.3475103241544,1320.8918959039172,1242.7979508480605,989.4215576063281,1157.3053263373126,962.3335124498622,1172.0781959409564,1253.0375156990308,1144.9373657134563,741.4891703005543,781.2147499379622,796.831995143965,1039.7778034834987,1144.9704797122288,1364.4562314941495,688.8734606941424,1140.44731520026,1206.0376993382001,770.1315816176783,940.8564467874289,411.20835090907707,788.1025498073184,1163.6159019379613,1291.9377926039806,1159.9484753020024,1218.7927374306405,1284.2885698498014,1124.9373689851127,1109.535280992174,1084.1466344084104,710.0257709575533,1144.9061185611179,680.3015957610542,921.054959207388,662.3053570697833,821.1656295672094,902.3508001038955,797.7448743728745,1199.5955127508953,755.227321468505,1312.6757437939982,962.3860115196619,753.6209521094778,684.7453675806158,528.5941092956904,624.8675717820196,1161.180860473655,1240.7506484745377,1195.3679024275107,890.5996393624393,912.6119641046358,967.7917224565728,917.4206900604761,1071.018758909491,1050.0791712108878,1058.7139231038632,1119.766887325977,1132.0908220266685,1118.5775750003108,1004.198592903294,1129.267941180062,1126.8523019970808,1120.8280368353107,1119.3862302089653,1127.9356588574535,1125.1467025732748,1044.7014416826444,1049.8350037262296,1130.0272609855965,1124.1059922656816,969.8619063133428,1122.3225403916906,996.6363071646549,1107.8261367625091,1121.4760442895213,1132.4372428623033,1111.088996929711
photo_carrot,730.7515629348833,1248.934151473692,1342.3772245146467,1132.6950925013393,905.1197514770902,418.7992293860114,1071.648266327705,661.6004008719813,1045.0614361848548,1272.016802755956,896.287718158519,1114.1872590255862,1049.9588949793058,840.2112116068872,499.51753078266944,0.0,976.3278407026288,1105.243764112977,1173.112494264591,1072.6719255248022,1280.0707393296582,1192.6532139783317,930.1838971387666,1106.0433358760563,903.504503909911,1120.3499666731075,1213.5521517697496,1092.1754275288279,825.1191661801058,702.2883837246458,847.7941227550879,993.6859781561617,1110.883636404015,1323.5548085813946,784.5366976487879,1098.9794203149331,1157.6389093807452,694.5069358182475,904.3066872506841,448.24699541374184,869.3004121624048,1123.47080268991,1247.8925211563837,1116.1680569569521,1178.4708225124882,1239.887110288838,1080.2044951003443,1052.4650485145737,1037.015489071794,649.0560512114372,1107.153542181264,586.640367560823,867.4176219971554,563.0599078290655,765.5787742075588,967.264069587451,717.1094511136107,1154.7529804716883,836.3644200079065,1274.8339557280171,914.8028543602194,677.4270383165934,603.2450447485305,543.665747182771,542.9509675491704,1125.251868027654,1201.1668944538285,1153.6895778093426,961.3379661324649,849.8762171752816,913.2414756977005,857.181385068995,1030.5551782989849,1004.7398513570746,1015.2386740759774,1082.3995927552453,1095.7346370500586,1082.6767409244633,957.6840649517475,1093.5334109219068,1090.08963712613,1084.6330705974872,1082.1461516673223,1091.5967559312658,1088.2878536315247,1004.0263964727137,1006.8787981813482,1092.9192166244177,1088.4708775717766,917.9906234177438,1086.041373606915,949.6928757642759,1071.028349332607,1085.3574436238614,1096.6235341444142,1074.1632298714712
photo_watch,793.1980479610295,1016.4063778406583,1140.397239623169,979.2522870987979,1005.7315999930147,961.4358763012365,958.8395125017121,946.0837443653116,1178.5779615929205,1046.858435352095,1012.6647892155362,1102.0364595839296,968.5088540496606,899.4356249274308,1023.5857060462502,976.3278407026288,0.0,1224.4397206676308,1151.2046621728318,997.2229901468875,1077.407255072751,953.057328364968,907.5445470305594,819.8201755915239,863.4020800412685,1108.000945297067,1200.8596115408918,978.0344696907931,1103.5878463022261,828.640530619051,1103.1869868934573,1030.4375520889203,1157.7906509676172,1099.5744698459023,1046.7280349603636,1138.1396857909065,875.19569328457,832.8687439586478,748.1514103484227,1040.1439552926822,848.9383601549339,1225.494268328055,1104.3873887034176,1101.5088796722605,1161.8946884180114,1015.3994242030881,1061.9000261228791,929.9073605909525,1049.2067254777812,953.0546598076504,1208.083255105417,1058.5855045278936,972.2026976232339,1057.6838825855482,947.6453571648767,918.9765679002596,927.8792540247098,926.264377571971,1093.388722635011,1057.8815936294977,903.3890379875623,861.0438062675911,921.01265220625,986.1929114655671,883.7880759822372,1150.676368740765,1171.4922280906587,1103.3563621654307,1092.0640075788504,977.5679301820497,1019.934972589382,887.3252164043522,1139.762777253711,1110.5296774630042,1120.9997139110671,1189.9719795556239,1171.4075224144158,1184.6611878082663,1066.3317184226898,1176.2019786562478,1156.7841315063529,1188.3973653956655,1186.8092298072015,1148.20034755855,1152.1122741103889,1111.6701937214739,1109.4194594754836,1197.5883581112882,1193.4491052285825,1025.734171837416,1190.9168036084116,1057.5753455386525,1176.7515783640056,1153.594576532805,1201.5084078096688,1181.2693215504214
photo_key,1013.3800399909983,1373.6373368227275,1106.0970727844997,1138.0486109004396,1056.6886193230055,1075.1830639477967,1326.7179603598595,1116.277728679689,558.3211540596427,1262.577895990635,998.8382136129514,776.3777349268524,1176.1663569640384,1116.4177453961458,1147.0104345721395,1105.243764112977,1224.4397206676308,0.0,998.6919583008836,897.5810240639054,1159.8028290220625,1296.6780358226272,1024.272310523732,1214.4397211171997,1005.9805162585308,1233.3632498652908,736.9360423852902,1098.9707991805296,1187.5418412618835,1146.396639521056,1328.1435339528332,1134.184316406008,646.1167523544617,1211.8023595273755,1092.1892242002498,609.5603116634903,1249.3360576734824,1021.0789076242714,1155.4821261470674,1193.225272466687,1168.1671762976662,522.0107626052369,967.1275351198381,937.0998805599801,722.1133107333242,1211.0464430439902,727.2237878907854,1201.1223330820974,1260.8921981877309,984.8959827369546,611.4790776479558,1172.5339394888479,1175.5618158664072,1156.8773350201454,1162.3353776294273,1241.8864325981424,1149.6022346672646,1116.4662188992536,1110.104562224071,986.3054361631936,1273.2288736051278,1009.4068801500252,1077.2196429333023,1208.418948792834,1141.228380381417,595.0080527271094,1029.9982939824768,839.227852458818,1126.2359345474617,1110.4265406534196,1034.212145750094,1020.3085142196145,571.1319378251593,638.667436384893,597.2275515918567,562.4129846897964,562.7520822811323,559.797945617959,632.7728710853003,568.6930470963515,579.9592974421339,564.5235695211458,569.511198307229,570.2841604424443,563.8485790890023,558.8164246341582,616.5163893600184,576.2375756227349,562.8537365968433,683.4970805480206,567.7332564470134,646.6164581288057,565.9476354756167,555.4451849351394,579.7801476882101,572.7793723245137
photo_truck,1188.9952406307684,1314.4611851324355,1067.83673761323,1134.713354927882,1329.7376879008739,1150.2000315012829,1379.3913459245518,1290.7800027808223,952.2406506735033,1113.5683479920222,900.707135145815,908.241450212955,1292.527464233076,1290.0411020686006,1216.6920807066008,1173.112494264591,1151.2046621728318,998.6919583008836,0.0,877.3847505310416,1074.4121937627685,1227.5457167001541,1073.64180413259,1199.7489017185974,1035.0927756524502,1214.063800917044,924.5387458986977,1132.4221438858453,1396.3454712924895,1183.5330857027056,1485.78737814442,1300.5917428781006,999.5035770054182,1106.6661111516216,1244.5198369743011,959.982565618659,1089.3743746654113,1187.8302453165538,1188.3014346145396,1248.1382995745491,1328.2276082379199,970.8098260659737,773.3048933213076,837.6051329365587,878.7468696801889,965.0862439012193,976.6365491184978,1300.7922361485496,969.2187574358546,1150.8986297155627,964.5025037155553,1230.217511675707,1253.1695545285495,1228.6254271025987,1317.6268992213631,1400.1970448380937,1319.2295024167856,1143.6639394838492,1207.534223010331,785.5394852983025,1223.660991648758,1157.384176776753,1236.1860425438736,1265.6939393325592,1208.3109045342865,985.1558331638536,440.4420995879388,869.778830442055,1286.2981561863298,1273.866063449843,1149.536715556221,1254.7235709177187,957.1350011439957,1002.838808702275,985.477569946032,938.1283382448174,965.0864268980283,955.0976184493775,1008.7931526938618,959.2453680953412,954.5049390641834,953.2917007059326,954.3120707201748,972.7947658594092,967.12261382911,981.3421222971509,986.6364497055506,958.0989713314688,952.2909979746029,1049.9199064655913,955.1926251864799,1014.273098980695,951.6574425191252,962.7335337746962,956.923392565682,955.8003317630022
photo_velo,917.949311322006,1161.5253425563942,1014.9329065319006,905.480732117093,1098.6403678324864,1042.4017143056044,1237.0142073513018,1050.7771290100002,840.1609742172776,1059.321786374333,959.1856632091938,895.9829726611513,997.6093426934824,1023.092934766278,1117.3475103241544,1072.6719255248022,997.2229901468875,897.5810240639054,877.3847505310416,0.0,944.6817104427447,1091.2305157501005,821.9464874960565,1094.3317203205415,766.7638077567714,1107.0353182876183,1009.3660154258355,1007.8481426218251,1195.4072513916958,1093.9378170820316,1239.3445667709482,1016.4264173197829,893.500331474942,1073.5020993390467,1145.3471323345852,849.7504607204949,892.2109490622779,955.5881638201251,1054.2368281871184,1151.1207506974392,1099.8499318905301,898.3328189744941,775.5617516434086,463.31778832984986,961.9588322540459,870.2943714807047,821.6419846055996,1202.0744048759243,1033.2346031523955,929.816379090474,890.2696099299907,1143.3021268976279,1005.4014946545698,1144.3050733796579,1077.2248105026952,1164.521022232224,1122.3176552931568,1009.3848532519607,1177.4349115595576,860.2224857738508,1112.5939495570417,928.3491353626538,1021.9472795479693,1173.629111729616,1100.1839754249725,911.1756808573347,908.972890895355,576.6773742588236,1075.9058601693907,1061.6177728340751,894.6816704218938,1017.1056503384852,865.2564524503779,914.2531400583986,889.3491627149288,868.1466249738893,883.4365949256644,871.7668921107384,909.6514141249202,883.4019671869399,876.5403080038565,873.1991601263503,869.0873317816203,882.2404580873525,874.4196907079668,859.1786578976734,898.0542349734645,878.1556192418363,878.0888255311872,940.6629708059176,873.0786139779342,920.1230454046791,863.1579608098803,877.4783903405224,892.2397192019173,867.9348500540352
photo_road,1134.642591506001,1134.8310285227246,624.0279437235105,695.5021774637764,1304.8671052841903,1246.0111820652012,1236.910320695818,1254.7849946691827,1109.8524368261064,730.1376731913583,1180.228536760205,1126.3680046329637,1191.556801687185,1227.7165117037487,1320.8918959039172,1280.0707393296582,1077.407255072751,1159.8028290220625,1074.4121937627685,944.6817104427447,0.0,1058.4371717106985,1065.1633550389317,913.0074515765805,1185.7900299488977,1117.1140508624821,1219.3453113306816,890.8230513520224,1416.5174471586715,1194.3058727884961,1438.1579512573576,1235.0448025118997,1169.9820135650516,890.0288997766603,1362.9324291714656,1226.7642809222473,920.3321727889193,1202.5551549158413,1132.2407504151745,1364.973131499788,1328.2958029128379,1244.3379553561372,1041.7604250246598,1051.7381691876508,1174.1179555906742,913.144034096136,1201.2812263722135,1100.3785615341699,1008.9233036479745,1269.1621507900395,1236.069564133567,1340.046949241912,1209.099595265521,1332.2199691183928,1286.3828846872134,1370.4822641989986,1339.6554633933945,824.4057045198749,1378.470270196527,1086.260016070823,1341.804721864833,1256.2996709518482,1247.520696564727,1375.5337248276614,1310.0841689357205,1243.149850170416,1126.8959913764345,1040.6083736028784,1413.5438445513203,1296.3480821130993,1131.4858342381929,1114.1208777266736,1202.3213778908398,1234.8967049627147,1221.3712217058887,1193.6471731428135,1211.1619379955625,1199.1284674646358,1228.3106568248513,1206.1567387119196,1209.1687959844814,1198.7102443958697,1206.8085932734841,1206.9139006717478,1207.4142793426226,1195.4294844438043,1217.8174277730357,1215.2637534786775,1198.8746580218701,1255.4320087956164,1206.7416110944453,1240.8423784751433,1199.0730121929648,1195.4042781044384,1207.5597548159633,1203.2701523529463
