,photo_face,photo_profil,photo_eyes,photo_face2,photo_walking,photo_standing,photo_hand,photo_legs,photo_bird,photo_butterfly,photo_girafe,photo_fish,photo_cherry,photo_tree,photo_flower,photo_carrot,photo_watch,photo_key,photo_truck,photo_velo,photo_road,photo_house,photo_mountain,photo_windmill,drawing_face,drawing_profil,drawing_eyes,drawing_face2,drawing_walking,drawing_standing,drawing_hand,drawing_legs,drawing_bird,drawing_butterfly,drawing_girafe,drawing_fish,drawing_cherry,drawing_tree,drawing_flower,drawing_carrot,drawing_watch,drawing_key,drawing_truck,drawing_velo,drawing_road,drawing_house,drawing_mountain,drawing_windmill,geo_face,geo_profil,geo_eyes,geo_face2,geo_walking,geo_standing,geo_hand,geo_legs,geo_bird,geo_butterfly,geo_girafe,geo_fish,geo_cherry,geo_tree,geo_flower,geo_carrot,geo_watch,geo_key,geo_truck,geo_velo,geo_road,geo_house,geo_mountain,geo_windmill,word_face,word_profil,word_eyes,word_face2,word_walking,word_standing,word_hand,word_legs,word_bird,word_butterfly,word_girafe,word_fish,word_cherry,word_tree,word_flower,word_carrot,word_watch,word_key,word_truck,word_velo,word_road,word_house,word_mountain,word_windmill
photo_face,0.0,82.83087169140241,97.73070916302412,87.39628953289248,80.35243241944298,77.64180818060225,77.73424678534661,74.90796508964272,88.93019904124709,94.76976530074346,93.65860251777568,88.00002579086296,82.93411536915924,77.68234253126444,78.57401393768696,75.68306631794157,81.72459292258772,88.17742581788004,97.124270079375,88.07028519328057,103.55908455405078,91.93453639794623,89.3763505236726,92.37961775969357,82.24573018697798,89.15330182487399,92.20555808870292,89.5463271906512,82.69114415921906,80.97090817905874,86.51735681483856,83.01246270582624,89.0251564058245,96.55398173472412,84.1354298036391,89.90794374617772,90.74841193992707,76.98653531402255,81.2502282133112,78.36842493290845,77.03139319436188,91.21064168364538,94.33675579113056,93.07717666000067,90.24855932219354,95.43704713010754,89.65153364837855,89.75872195587347,92.5349505550957,80.34764809831528,90.81534126398773,85.56152042069156,84.28472644229802,83.52439057592532,84.98207664806675,81.48098837404511,81.81397984591487,92.10950304378382,87.2282813888569,93.98441456072005,88.03801490147157,81.37432514726686,80.01101488295188,81.80998464711041,82.85151552564712,92.12936649854586,97.58657856694474,92.16746573716048,85.6227856395714,86.11804297398805,86.07573914533815,90.2846607387603,86.59733702746777,87.5069340559176,86.63892716060003,90.6284193773013,94.78056130716207,94.56243695709094,87.28778426134447,94.20989564869888,92.70412046477226,93.50584724542605,90.32495166713525,94.6743805050816,92.66434001941883,88.61527958897119,88.12605879582411,92.66005169565544,93.02553765190498,84.64610655683836,93.7137868362945,85.92680511636001,88.71185955387855,93.37796095302308,95.7034253799438,90.63919620964481
photo_profil,82.83087169140241,0.0,99.51787533485265,90.8596208788353,88.51160711207956,90.89280235941106,84.46555935078241,88.88812662217424,96.8361294705736,95.07546061005154,98.41743279961365,95.08487502311091,88.0672725258005,88.57106680110084,91.27229522433517,90.528858574046,91.8694372544019,94.97776484570886,99.86994469230382,93.96751558453325,105.04870258575369,88.40042010780051,94.86397419279355,93.60744022011659,92.68458437304966,85.39970561950032,97.50724097403095,94.80989810309848,90.6706823271739,91.85763966226905,93.80786363123444,87.51709892179018,96.32964763349989,97.58105705151327,92.14486407626066,96.7044957661751,93.19948170684266,91.35233376848404,88.93512292917498,91.84719291174012,90.75208345386989,97.6794375207448,97.86130130061072,96.99842303985737,96.23584918414609,97.21700430456352,97.19509750342519,93.92131647233568,93.75237710390567,91.99784333152598,98.09416244038378,93.78195736279524,93.12409483814433,92.62116445173751,91.72080095210428,91.3492302207349,92.99556830979648,95.74522052685789,94.41440607527274,97.85153384924786,92.45995659353477,92.56153998026669,93.15229468376857,93.88553477438373,95.11457851422104,98.88461266250914,100.96471296988156,96.9897178676724,92.5479084140613,92.65574847643889,95.03740654484267,97.6550459695022,97.3248828411651,97.80755168247507,96.46793992820324,98.49299610527986,102.02992631540866,102.16048016793009,97.86203311672227,101.78383143007508,100.15928672762325,101.5957863845248,98.76885301586425,102.57564145122042,100.53505715360637,98.24789554823042,97.37704712773407,100.46325110597071,100.56179817060105,96.91301368827325,101.3199336498456,96.97004140253871,98.13184541471351,101.33314297580807,103.82877877536879,99.07306582251583
photo_eyes,97.73070916302412,99.51787533485265,0.0,90.38031164465971,101.48691386855269,102.67679059684194,99.83652788349879,101.21980846509314,92.77972135539025,90.04848047168451,102.9308252070713,91.46323805611235,98.73556141898457,101.30148008430076,103.328274030817,99.22517834907076,101.36995901091785,89.89103511063773,90.87462616854208,91.65090056088418,83.49461278125479,101.95216578380457,90.07087470202727,99.27742940529262,98.43577102957875,101.04654277241896,89.82222391128093,91.9193997761633,105.25920624398644,101.079304311037,106.40140444730555,103.36587470284515,93.94295750691352,94.1341327367512,105.21271243678699,93.2648850775176,94.30845022840019,100.34373489295508,99.93382804905926,102.9492578986998,100.77993879877327,92.46226648465883,92.47949854979672,93.68646935271926,89.59052160250725,87.2151419575923,93.81820149090537,102.28846275369527,99.22161992480493,101.15329460246639,90.44524318037756,103.1241571251295,102.52919807621447,102.3472447792445,104.30916400472653,103.03551046652353,101.95844773657615,93.25619186022055,102.92141340647265,91.8895453409339,104.02551140684014,99.46426885689046,100.70785847249758,102.72058828950702,102.37743094513218,93.73790169293612,94.13669413829332,90.61653633091093,105.69435548112952,104.16512304470942,94.61723470815467,104.08832873233979,95.3994368815449,95.33079610600711,95.13808562288911,93.97910053801364,96.10168375257146,95.7241374163708,96.00404039727513,95.76253419016246,94.83862598021975,94.9589581030136,94.18214448098367,95.66039454164917,94.59204637591331,94.85201357877688,95.2283568820937,94.9114518086834,95.62736164267501,95.4128127725347,95.30482566124395,95.64210189437556,94.93171788863613,95.46869954197237,98.75398095021727,95.73673914032155
photo_face2,87.39628953289248,90.8596208788353,90.38031164465971,0.0,93.49439140806136,94.17120025226112,90.65772956149215,93.03715825151357,91.77246630401363,89.36449184670606,98.45377803421759,94.19097408488035,92.01238649454264,93.20837012957882,96.373831808773,93.4836686483894,95.99635982169413,93.62900437119127,96.96672473391597,92.77104690262513,95.38687216813815,94.38822126435696,93.1654215931045,94.9952195425631,90.98746184998775,95.23166989621257,96.69034559939477,82.71113531509069,97.74515821731555,94.44071767489102,99.92281544275409,94.42752854841535,94.1117991131919,94.20638384870722,97.77415689813489,96.44182247421661,94.54419284682243,94.00184575237536,93.16789746693537,96.99285529666521,94.53383334194638,97.1639134596372,96.93584789702537,95.42031407497288,93.9176064581434,93.46892887567293,96.09536849302518,96.55537428203134,96.06322786874091,95.74722258557897,97.93620937664433,96.5889538436931,95.838390166326,95.67618948818568,97.16084712186765,97.46054330761406,97.04567119870775,91.64157408474388,98.26525637730471,96.4011804273574,97.85730670686718,94.62678390254118,95.28453150928793,97.77554471912852,98.35815821700976,98.83957111699756,99.77919175119685,95.32128959911171,98.67924342421567,98.23277571181193,93.93234784517391,99.06377410964384,97.66075715456391,97.49791220987093,97.04203849961337,98.10772217405972,102.02424159589948,101.92537799096814,98.04631499387837,101.63913510162986,100.43697524045405,100.96068029015768,98.94252264683078,102.02961542757473,100.25188745865137,98.74615016740714,97.52503372005394,100.24138350551782,100.76790653510004,96.59013652799777,100.95065353998264,97.2924278045287,98.71385313506617,100.89751522869413,103.36591634481435,99.56177583954519
photo_walking,80.35243241944298,88.51160711207956,101.48691386855269,93.49439140806136,0.0,71.60348505060877,77.59656621322935,71.27434742959045,86.07682778451354,93.05812176518376,91.34894571993598,83.49540776780098,72.5607361567998,76.34885403848095,74.59859655597984,73.15546018871504,81.90166748393389,83.72464472715546,94.46937253806465,84.59136740859164,102.04570349911941,93.17802607984852,82.46817253665648,91.1842821338179,82.2301388789109,88.82565814428042,87.74224998586645,90.34403889699388,69.87854209087325,81.9827155213595,82.4648749696421,81.0114149483415,85.68825110207338,93.43542169160263,74.02596669668978,85.2605737039392,88.80623894368335,76.73129813279176,82.36065924095973,75.66367256465588,76.36013647229072,86.733032674189,89.30443756890456,89.52378639491118,86.0837779138451,93.27640958845828,82.86124548901348,87.76742763406043,93.42644137906203,76.3855818754323,87.2271523837418,82.94492614129571,77.74460795309835,79.92006269915476,81.79767014634469,76.67529419297205,77.65043818535115,90.71833730442019,78.01181316806371,90.11389239526889,80.54871267818542,77.34461420829754,80.41327384096311,78.59014239980569,79.31395283314946,87.23094303793968,93.78654915942619,89.58116138667486,80.41203190247589,87.08699626004868,82.59335764158071,88.60315807090488,82.3388043210468,83.74197127073751,82.85030043832755,87.29358828905849,90.05339226476548,89.83538818742204,83.2728487688657,89.63347856438337,88.88991759217383,89.51022974540348,86.22258658649973,90.58830388019025,88.2469359870288,84.47376022961829,84.34547073234347,88.32905509118231,88.92341064545259,80.44454870921311,88.92907073119765,81.70401307415018,84.88643020465693,89.4808115890918,91.31611133756887,86.62816731794724
photo_standing,77.64180818060225,90.89280235941106,102.67679059684194,94.17120025226112,71.60348505060877,0.0,78.92659783449831,64.61980035829603,87.2855213487742,94.53571021134063,85.68313320925984,87.37831112392617,80.80563694884356,77.59004398732192,63.95305793690004,62.7745720980938,75.26715823521239,86.23103201273344,94.9830006106631,86.12932401662466,102.6736572820505,93.44669590134481,86.64136242207448,87.01401107754972,83.49869099158937,89.75617061743554,90.24873938283102,89.52884053031636,76.85727115861695,70.04864108139472,78.82441584416584,78.77735295097698,86.48017571134744,90.92769206792529,73.38531070635918,88.05124330007163,88.9692661997008,73.76007405573246,76.497518502732,64.66915707693563,72.75600536416667,88.64044444344637,92.20459765549509,92.28045439317607,86.26925300973151,94.27708510025849,86.4398311627018,82.77696562044896,88.2972111813907,68.33190812863675,89.08139387657546,72.59572428135317,79.263005869605,70.5321436523032,79.28416694176322,74.48051579011123,71.526780315855,89.10894717222872,77.82348536556758,91.73992577796845,81.88667474254166,75.1177438945984,71.68955156548014,67.94381956176711,71.7901489994619,88.82229698088963,94.41519088383183,90.63550832195695,80.85096612740233,85.42751093605116,81.43961081721092,83.22502917779653,83.67816761334079,85.5161948438266,84.24002051799441,88.48149398776147,91.96182118098444,91.72738027345419,84.97300983753134,91.59300785677429,90.28542118787247,90.76514980161058,88.1559118435478,92.14709022500386,90.04031653111583,86.31142901755787,85.82347582032173,90.34471791978565,90.78796922409329,81.89845119524172,91.0716326770709,82.82569979479959,86.68826275140252,91.03482294488835,92.99104714900999,88.27622256555088
photo_hand,77.73424678534661,84.46555935078241,99.83652788349879,90.65772956149215,77.59656621322935,78.92659783449831,0.0,75.17078979558529,91.58808066707789,93.29156765293105,92.84031866779229,85.73788601175065,79.61059044530408,79.47254078422235,78.62399042148198,76.23242159567465,81.60682657893445,88.68834400186587,97.99790871032314,88.52936810964854,102.7781568681974,89.73143932130587,90.50210643539944,90.16807604439175,88.58444625864186,87.45708158475081,90.85209732715377,89.37177153310962,81.1686067038479,80.28789738310809,81.42665511044608,83.55254768204881,92.02872586794717,94.75141479319964,82.07158095665314,89.59696765044264,88.19951855847508,80.03833838840917,79.04397883718735,79.56342414067186,77.6028975036352,91.44666581526069,92.5354734516038,93.88450362547302,88.98852065598389,95.25934734226122,90.1164888163756,86.43736067790752,93.15810866232812,81.05130557150984,90.84654351146847,84.80103225833749,83.88964519233512,83.74313865154943,80.06973946423818,78.53454748481987,82.09188941262965,90.66612641657457,84.95403033746544,92.91303374575058,86.73565510899496,82.22306617793966,82.18464227618983,80.94461799536953,83.30767658385946,92.42006347588669,97.13511700928292,92.63699795025947,84.19340347497035,87.06875604634574,86.99439052137852,89.05513970708218,88.32424923927795,88.54896190425853,87.83206185737566,91.79783104685818,94.92610556902562,94.76463928306676,88.46391739757247,94.65652047604098,93.43342750172829,93.87459461932876,90.70447183492652,95.21684695299729,93.42188218403021,89.38810953622644,89.00286571539523,92.90958745363771,93.75534856350203,86.20300366473427,93.74944104116913,87.42205931969937,89.6992406527677,94.36768965243766,96.29585750818006,91.08314707359885
photo_legs,74.90796508964272,88.88812662217424,101.21980846509314,93.03715825151357,71.27434742959045,64.61980035829603,75.17078979558529,0.0,86.34497214316836,94.27611274639291,90.49955531604976,85.3145602585978,78.18219294545366,75.07187934762915,68.76188675341614,64.42149291957776,77.03195452602431,85.5356132207601,96.4294042418608,86.56323003412354,102.76385099161882,92.34691885662177,86.95227176893256,89.57721013529135,82.84177675685054,88.35057599124087,89.52704314981663,90.41357681752105,74.04954016357058,73.3504604933858,78.45782881172575,76.08115782145798,86.13755039514872,93.54873290374624,78.37789942383112,87.49275282856789,88.75761853314654,73.07025838895166,78.52383408145225,68.30584268733537,71.8122630062931,88.3276503576389,92.83487916340046,92.11217981506827,86.94490057272374,94.92997448053704,86.43712977998271,85.3399952625536,89.74595797267192,66.41377831950066,87.84791847271707,75.40955375717002,77.7465510446466,73.44315151356514,78.4114875945828,71.43463662859433,68.82917249895414,89.58577719017933,80.69572365818398,90.58447901519241,80.76887687943979,74.50689513482337,73.46859900496217,70.8996612042376,72.87929421699755,88.1085415667883,94.41184872038481,90.1943553219035,79.79262706525326,82.30779731134233,81.94042977471226,85.23891711600508,82.18299563080166,83.64134597905121,82.8810733432484,87.35548553653119,90.71952130962325,90.19423812830887,83.29364786874058,90.27958061613401,89.19818086513784,89.62109279652535,86.76074729342517,91.13119983759245,89.0518838455582,84.93645514645289,84.3185707962057,88.87649655666881,89.21507119692347,80.05411659583714,89.63463321614364,81.41398283461369,84.93528259483882,89.86740760760745,92.10046224547202,86.57049829434179
photo_bird,88.93019904124709,96.8361294705736,92.77972135539025,91.77246630401363,86.07682778451354,87.2855213487742,91.58808066707789,86.34497214316836,0.0,87.3197583773108,87.06464731432014,72.62891008623347,88.1629733216326,87.6097398919158,86.69570895195517,83.45660253639983,89.62789907377493,67.85996555432692,84.79218388577677,79.6640267742703,96.04372153194039,98.25047084590258,84.6204115028002,95.48957714308293,88.03260510722421,93.687972524894,77.94189787056206,87.18303860101938,91.46538612014541,89.29565310821934,94.50755279092262,91.66877931655503,67.02296365431327,91.48068501118874,89.79630921105186,76.58339259938367,91.13760921015415,87.18097230893486,88.43694778105535,87.29256728935482,86.69853877657172,74.28803207844034,85.08479244717611,84.53383542790384,75.18573731799607,88.3668785787358,78.28470477871848,94.5249329561314,94.66299709861902,84.79358868996759,78.16490922389903,90.35522437824568,90.81830615637442,89.80024605146374,92.45743344931813,89.84407704264906,85.45102475343523,89.04050146360073,89.17854434771121,79.7931242680725,93.47562928116027,86.03267484324255,87.26093860781211,88.23750024073017,86.57972855620177,75.16559137256797,87.38646817716966,83.26400235577732,93.09575611172042,93.97882954802958,84.34432726251936,94.67319758518536,78.33763860503896,79.36808372210398,77.85520581305197,77.14692038707857,81.50200706460004,81.47395877290279,79.65729693495796,81.09072852308549,79.79850630612316,79.92862336296592,78.60229101807188,81.77312965704935,79.05875833650683,78.26348383671231,78.65638705170203,80.15055766287408,80.42372862289002,78.56394700243199,80.60147044255952,78.28136454377254,78.50117601979997,80.3951569544754,83.2510245402863,80.21205037035654
photo_butterfly,94.76976530074346,95.07546061005154,90.04848047168451,89.36449184670606,93.05812176518376,94.53571021134063,93.29156765293105,94.27611274639291,87.3197583773108,0.0,97.02522008233126,88.15895335755685,89.84542316847968,93.32865117739665,96.28806677017337,93.75072551136063,94.62143165388483,87.45555387770155,90.0433729876625,86.20540927372254,92.43804685667055,96.2524833266044,92.20638265342745,91.94716187709066,92.7519777104641,92.4135591025205,87.45348707035755,79.67219539931492,94.96443609267607,92.19828305206546,97.99646200291797,94.46405522095979,86.45955002669655,78.57726629505262,96.23745135133154,89.53273760258561,87.9409869003571,92.42127239167793,90.44886857802722,95.1614886732965,93.23618584757672,89.61431042144956,88.0001242496689,88.68402370186945,85.53753246341914,85.73125366621265,90.7431734802205,90.34963129401049,92.91878137864195,94.57255125940954,90.30173382410358,95.3639819138001,92.85847828190781,91.76521987730955,95.49716191555942,95.01039166307183,94.99174137123265,84.0561046235973,94.13361596686288,88.74077843846148,96.87933106626875,91.51954662163368,93.68801809351505,95.44929969527392,96.4997096246258,91.7145519509594,92.12968656331206,88.81455231912744,98.4953745755765,97.70314528445681,89.18052782883404,93.09173154819274,92.35381626330441,92.1899963065033,91.47387282306155,92.24866909731642,95.87678551592644,96.10630449194097,92.92144464742113,95.32264461478682,94.06994291951304,95.10219081482614,92.50447379841216,96.373810467877,93.90920290440354,92.75249505475327,92.1860398528384,93.70496073325258,94.64860371328686,91.67349998632224,94.8456506474753,92.20911924438138,92.85532453915557,95.19153915743341,97.72787273430494,94.08111229051703
photo_girafe,93.65860251777568,98.41743279961365,102.9308252070713,98.45377803421759,91.34894571993598,85.68313320925984,92.84031866779229,90.49955531604976,87.06464731432014,97.02522008233126,0.0,88.86243006600627,93.68986268054803,92.9937029665868,87.99000271419945,86.72659075487094,93.05927912124545,86.86617735972133,92.63398927526,91.60683417451557,104.20981901275381,96.70636173190185,95.64521204048708,95.78147525002258,92.52023000046674,94.60684764609842,91.51766258559086,92.95529110850431,94.28567315210465,89.24405630896605,95.3062549903153,92.54509123824468,91.05430449331496,96.22698474749077,86.66151539031159,91.60558438849117,94.78902629070296,91.03946447443617,90.6512459822866,89.13770056489507,91.76305295105612,91.53330490008905,91.76320905053149,93.92261445815849,88.54251520445318,96.59844376137966,92.52285718827105,93.81287241453981,95.8887117958696,88.60954204712694,93.05745667962117,90.88542279789672,93.78904718616032,90.36478056399616,94.03348079628284,92.96332855767211,93.58244733778558,95.49149382647467,87.00394381919826,92.97050809473576,95.23969163350145,91.20134261753763,89.55449795999743,90.0437751220156,91.92300843679645,91.96762657395813,94.10592544599224,93.35586816918347,94.88367290851706,96.4616789830297,90.853145673829,96.98536723887241,93.30524058644443,93.31860936597444,92.71621176131748,94.15523959435677,96.30370699947855,96.52882862318623,93.79821569897737,96.43003001269807,95.4732372496446,95.16728787124443,94.56011951512428,96.74878642825064,94.83117489529958,93.89190009580915,93.29119832943708,95.1574801683307,95.90733051848046,92.33311809802757,95.48812371489298,92.7329352063437,94.0112760252871,96.03783666492404,98.39988392253143,95.08695824591003
photo_fish,88.00002579086296,95.08487502311091,91.46323805611235,94.19097408488035,83.49540776780098,87.37831112392617,85.73788601175065,85.3145602585978,72.62891008623347,88.15895335755685,88.86243006600627,0.0,85.14921645116193,86.7602797701371,86.6086740704305,81.51480531553274,86.39940951991512,65.34880977827387,80.95015497995622,76.31561574685361,94.11513266815132,96.01036160259214,82.49916132176908,93.66808696958549,87.82919628852142,91.35828685383973,69.62200278080132,87.02090269735281,90.32423990649787,87.59854911833965,93.40683953149698,92.12683912058179,76.94982032140713,90.24048907024343,87.9159920718417,66.3135944139968,86.92761580644755,85.86478597438304,86.81992088224452,85.92823072681469,85.08555207262879,70.01148281876686,74.44933422536745,81.3962630430642,69.57029725921568,85.5377593188287,73.92405798411524,93.24239570283292,92.25572390634638,83.20604143751736,72.02838420900284,89.997374731113,90.94968778637177,90.14098374539222,92.36209689461616,88.99534432770446,85.13251953967962,87.78102442972555,86.05225529566923,70.48048256692242,92.54116537381357,84.47309926594119,86.80427621956919,87.42360720430865,85.08763640809445,72.28846586520861,82.08990225506719,80.90688498481505,91.72379807230077,92.83502578016058,81.58307083785985,95.13669535364679,75.2834554115284,75.93540455271075,74.17374519028179,74.10268265871255,76.59361148813845,77.19863854207189,76.1221919907862,76.18036780905553,74.86398995925812,76.0293687350756,74.44615356812139,77.72513294461207,74.29452521655845,74.88344898321155,75.58243023240072,74.74159819516245,76.29035646591785,75.02837635212431,75.36914801924974,75.2522969332568,75.36221738426431,76.7824149394273,78.97511913503817,76.46756157091981
photo_cherry,82.93411536915924,88.0672725258005,98.73556141898457,92.01238649454264,72.5607361567998,80.80563694884356,79.61059044530408,78.18219294545366,88.1629733216326,89.84542316847968,93.68986268054803,85.14921645116193,0.0,77.4101250768035,81.2949043419688,77.58968631010377,84.5492518072057,83.5833061097658,93.64372882982259,82.61370577453792,101.34315274426892,91.68437725101752,83.08854881461937,90.14127662974711,84.72856914418048,88.88980901729218,88.05423636639192,91.94828725010704,79.12870404343525,85.82657026010172,86.0369644862975,82.85581262014175,88.0473587736408,92.03174146600836,80.09438090250637,85.74016353143922,85.09040676921315,80.04267737998161,85.88892477238704,79.88678340705519,79.73684421022904,86.9030189017771,87.05973001739459,87.91655512172643,88.00594740092487,91.21920056456378,82.8289672730842,87.74771471808359,92.49973730922214,81.8804820352992,86.82827682516806,85.87181641247825,82.40460811225752,83.95715403749,84.1612829408805,79.59010254102716,81.30487545393783,88.5321788671697,80.90479940135806,89.09702618720186,80.19037436949645,80.37284262724087,83.69229869190606,82.38634797660403,83.19047207560698,87.88676810465437,92.89005764746979,86.95025746111128,83.0282431737164,86.65895516673142,83.65017682775154,88.91196891023084,84.22113867496579,84.63408954437855,83.81323586844442,88.23399409034243,90.69616134805749,90.632657137664,84.37190740708284,90.49349057324753,89.14106060505138,90.40274085687611,86.6061528512269,91.19523360340361,89.27724124353071,85.327519867611,84.95257179971028,88.69052728689715,89.67444942807322,82.21861066028863,89.66269629130852,83.5562978339846,85.54046699880135,90.39084147566875,92.74536939938969,87.04861607849753
photo_tree,77.68234253126444,88.57106680110084,101.30148008430076,93.20837012957882,76.34885403848095,77.59004398732192,79.47254078422235,75.07187934762915,87.6097398919158,93.32865117739665,92.9937029665868,86.7602797701371,77.4101250768035,0.0,77.13466608233958,72.16660161420852,78.2884179193658,86.2398160755074,96.99101874711772,86.5870874930679,101.36479910215792,89.69678443029404,82.52749941338647,88.23293718479354,84.5191429693903,89.89479451716807,90.9492164731958,90.65661653674721,79.02914049422441,80.98215889324466,86.54644268318008,81.46698790682342,88.03915953450971,94.31026753937792,81.31155430014553,88.02449670602253,89.62953603741023,71.39559719633822,82.57765179896253,76.88880848547532,75.82125215196643,89.8809116771896,92.70387979123815,91.93994826182886,89.55826655999411,94.11015746283323,86.04835604837888,86.9263787661352,93.42379838681215,78.0751399846679,90.24017030063713,84.96628963709797,81.55157256916995,81.39774516043435,81.31835907857209,77.67502876577885,79.36959216522177,90.65414669666208,84.60789604645598,92.8785504856182,82.6102496848802,76.0998692205177,79.67953435860618,79.49506786828141,79.52388830240132,90.59442156882243,95.93803354345899,91.7893679217855,80.95594481387913,83.31248161964712,84.80082663325918,86.90713436887785,84.27501178464861,85.83850995339168,84.8932336827569,89.40398438739346,92.96893150225175,92.70935717675098,85.30238969307642,92.4850108783717,90.82980554519855,91.8952198606722,88.3640577097159,93.10192630234448,90.9679985749617,86.57136877007446,86.4944914257071,91.03707142440767,91.58162175381358,82.88896299268065,91.89173798785801,84.13982902468173,86.83129877378468,91.86148240094562,94.27596226110916,88.77679729726523
photo_flower,78.57401393768696,91.27229522433517,103.328274030817,96.373831808773,74.59859655597984,63.95305793690004,78.62399042148198,68.76188675341614,86.69570895195517,96.28806677017337,87.99000271419945,86.6086740704305,81.2949043419688,77.13466608233958,0.0,57.18272216071913,73.94345176687023,85.45049120941587,95.25622802665734,86.61183663257988,103.44253227070541,95.01157238882348,88.10126992790241,92.42371877808145,83.36880715743933,90.90812359809594,89.7698387107689,91.09094580748564,77.4155494048211,73.35729624012025,77.89172230355797,82.08865044894942,86.75785415670404,93.66046392902274,74.23412401590464,87.36478484271117,89.96138610980437,72.48143418113644,75.02247792011673,60.266194710515926,70.95388419251775,88.1217670192665,92.69567640788786,92.499417886931,85.74309425766796,95.12108553604773,86.1665732809493,88.9037840665423,87.45275128741073,66.31556333572516,88.07000589268038,73.35151905111555,79.64790107358702,72.21255229360497,79.14621279262285,73.3782685850993,71.15161613268613,89.35246636763925,76.78315412875888,90.80765025680766,80.0179416905695,70.84117820116369,67.08428100160516,61.34711341061222,68.70890222203047,87.45270880295642,93.0427328517176,90.54569117297814,77.12686561997316,84.34107113958716,81.37273510906593,86.1986214681958,81.87869739033918,83.70940158619175,82.5114899498522,86.99241774418572,90.38466926959275,89.77599251077133,83.01876333864703,89.95251683232328,88.66267743085112,89.17020682380588,86.58041071288197,90.54396490033979,88.34697433774296,84.24051719088561,84.02379825741696,88.91699135005,89.1110315303936,80.1363993010583,89.4030719309371,81.16948687401253,84.87719085000793,89.13952365264635,91.32164667942581,86.43770895171691
photo_carrot,75.68306631794157,90.528858574046,99.22517834907076,93.4836686483894,73.15546018871504,62.7745720980938,76.23242159567465,64.42149291957776,83.45660253639983,93.75072551136063,86.72659075487094,81.51480531553274,77.58968631010377,72.16660161420852,57.18272216071913,0.0,69.33390190851611,80.93987135296476,92.34707380456473,83.8869836234649,100.7033272564181,92.76420120903164,83.26866914503502,90.42485180773839,80.39777919309059,89.42195521750556,86.25219346261164,88.8935423393518,75.7182316187671,68.86853310903986,76.33309437883804,79.55487913100127,84.66720060731019,91.34355108511895,73.41436800455824,83.94220667054343,87.64469455957911,69.25331465775865,73.75733191336465,50.1032901638472,67.46404293723411,84.08046727910133,89.36492491887745,90.1321113002381,82.81178916701937,92.03189759251185,82.54536610491965,87.46036585719798,86.03980080736405,63.67656684773904,83.66581885545078,72.00022860874476,76.60294776169567,68.3370926313213,77.13151912196287,68.41746266639242,65.99505251435733,86.1406514502347,74.44528713183257,87.1424700706589,75.93158345094385,67.06973563889451,65.10373937150423,52.82211173325164,61.605191615723015,83.04829910526738,89.20207849732812,87.35279473171869,75.99419603678353,80.6042599088125,77.68603602365691,84.13787663794264,76.81998524851882,78.94032655043596,77.76149142381502,82.47932116566903,85.94971251407766,85.36081075630179,77.78312788044397,85.51514279573844,84.1047279218511,84.70666222357465,82.02242126027814,85.97334339698335,84.0154235431649,79.77275303616665,79.17505388896217,84.67133562624741,84.63496080642095,75.44122652543773,84.96720124464429,75.82073119299615,80.00611481740997,84.78816111863013,87.0391800094107,81.56818305481953
photo_watch,81.72459292258772,91.8694372544019,101.36995901091785,95.99635982169413,81.90166748393389,75.26715823521239,81.60682657893445,77.03195452602431,89.62789907377493,94.62143165388483,93.05927912124545,86.39940951991512,84.5492518072057,78.2884179193658,73.94345176687023,69.33390190851611,0.0,86.97316486414769,94.24037868964322,87.25274242828033,101.94210025251526,92.56414012789853,87.02032125204143,89.61841943848478,83.04139150260393,91.21074091676999,90.09927377223732,90.33496871581828,82.64633382901557,74.45077314328235,84.47998978753455,84.82067670599554,88.41628260862706,92.95702312764016,80.52538210705917,87.66876966648977,88.15767784162203,72.63553684316973,76.59533873982913,71.05530017226211,65.96942047688879,88.08087414383573,90.24771945034317,92.97296775765989,86.57169638641773,91.36211149932743,85.39713958431432,86.92834810701818,89.60891598129658,71.60110407016688,88.4898821279919,80.54530722942683,81.75823556004438,78.3569234791034,81.30114351196931,73.57260477079465,73.51087832222832,87.78784511224718,81.76312684505997,87.0563738184059,81.71054801064841,73.56969359068592,72.99666970313004,72.28987049940064,67.31378254695089,87.4648310467026,92.55349883651782,90.29726408612387,81.71637167289877,83.55314142875139,84.28736068632273,85.42203434339805,80.92431698495272,83.59705618006744,81.99547712679029,86.75262205018575,90.70360810444693,90.21342223845511,82.47995225144177,90.27385050147973,88.31154302521497,89.25341989833308,86.75335534073204,90.3069407244637,88.14038197114164,84.32550956038945,83.85986697145388,89.50207016704218,89.12139350827422,79.15011576878378,89.57695598899703,80.4927479360714,84.61794895786078,88.87609002364123,91.83018557957412,86.39639873146174
photo_key,88.17742581788004,94.97776484570886,89.89103511063773,93.62900437119127,83.72464472715546,86.23103201273344,88.68834400186587,85.5356132207601,67.85996555432692,87.45555387770155,86.86617735972133,65.34880977827387,83.5833061097658,86.2398160755074,85.45049120941587,80.93987135296476,86.97316486414769,0.0,77.02333451463693,74.32269377930331,93.6811537882329,94.63533937855348,80.7860088768848,93.44289110530603,85.61346089151209,90.09634014316566,64.04581126811445,87.10839559553575,89.47044404999929,86.99801057587857,91.08968572360332,90.21368066940688,71.84214708137982,89.19951331163412,87.08574777944217,68.40222410603779,86.18651034948961,84.66745764738411,86.28255510321199,84.40435448159329,84.02237836253238,51.97707185399245,73.85404449134583,78.74262483448304,68.19395482628947,82.78191101534463,69.26833707759504,91.95881609121581,89.48107680530016,81.77943841578455,64.46779438609255,87.4993855641739,89.28392921182946,88.44465209476667,89.09400126994862,86.35365871077093,81.2540399333518,85.7988768125449,83.66920744506095,71.64739749425624,89.28394246702356,82.13041121681715,84.34559588251408,84.76262040126686,82.17211017114494,57.7251544282143,77.23168852653657,75.82413702954675,88.27369239461704,89.50832036003325,79.1387221225392,91.70959383305741,69.92130817720727,69.74282177393555,67.52727239368278,66.3552909434924,67.13169380352413,68.3645225371642,70.28423098329029,68.43148602724477,66.17684246234322,68.33960978463442,67.56721456390319,69.27556878149929,65.23363977939643,67.76074407074462,68.82916421236058,66.03241068022024,68.5920687661486,69.46384650654988,66.69251224152053,69.56421112294383,68.54033271435082,68.69993408256235,71.71704197489694,69.74901680263224
photo_truck,97.124270079375,99.86994469230382,90.87462616854208,96.96672473391597,94.46937253806465,94.9830006106631,97.99790871032314,96.4294042418608,84.79218388577677,90.0433729876625,92.63398927526,80.95015497995622,93.64372882982259,96.99101874711772,95.25622802665734,92.34707380456473,94.24037868964322,77.02333451463693,0.0,81.19344861772346,93.76128218318263,96.55473688394122,87.65002164256961,96.2410499288013,90.19215993423653,95.2395991337229,80.69214193675028,88.71292723954419,98.3449930814332,94.15996553843802,99.70470311680518,96.9365116415078,83.07012458475704,91.0795020167381,96.45672624817797,81.28512812848034,89.32425545271136,93.29184984261542,93.61619481075614,93.48918624344667,93.59739905219433,79.05323073111991,69.73967269745265,82.11867955329909,78.07616276457682,81.55960249438887,80.94910231765644,95.4774017439971,89.71571826911375,90.89722334154236,83.18700032567561,93.95160850933833,94.56470178208131,94.02568747963424,96.97469720806416,96.25716580861697,93.29825616755095,89.3031665690932,92.62749268104112,77.47916845967646,94.88852439887201,90.45750549980465,93.66439508150127,93.59071670437442,93.5207054265813,81.11454644407088,69.7456624091509,79.1180608437144,96.41218180598656,96.42093885489504,86.67426392567474,98.14889395211056,86.38293548367524,86.75493151945489,85.7319087401643,84.80557280890004,85.9928673575291,86.51018072496366,87.15206496117447,86.43661150405609,85.05434345587744,85.66545984797803,86.11517703750395,86.49862377310716,84.91627169442779,86.35338495873884,86.16497176065786,85.6683414261428,86.92935045128596,86.37391889320115,85.33043724161269,86.58952778198785,86.83986914559443,86.89653933058132,88.46132280026836,87.44644001217307
photo_velo,88.07028519328057,93.96751558453325,91.65090056088418,92.77104690262513,84.59136740859164,86.12932401662466,88.52936810964854,86.56323003412354,79.6640267742703,86.20540927372254,91.60683417451557,76.31561574685361,82.61370577453792,86.5870874930679,86.61183663257988,83.8869836234649,87.25274242828033,74.32269377930331,81.19344861772346,0.0,93.77717562969852,94.19329434849814,81.1266368464539,90.65425612076433,81.7946328862005,90.79369054397286,78.06680700153768,86.78782683022371,88.55623977503728,87.81474711491505,92.7957392502875,89.21076314295694,79.70423286932665,88.8319225013518,89.58547407055043,75.19782374212714,81.29795784647281,84.38656905249483,87.3500411359055,86.3686588921974,84.84797953750133,76.49851270857609,76.19132440773663,63.65656257855143,77.47774482485998,81.0489949307148,75.46327514930428,90.94795930251051,88.00152306334313,83.4733039978672,76.27207733670978,88.59875610847509,86.3076778030729,87.74169678967402,88.82487149403795,87.81847954040069,86.05196889274245,86.07739816031493,87.80380903984889,76.72427333644815,88.16355301839063,81.90879447805327,85.129969603207,86.60635478288428,87.22603995818027,78.36547390021109,80.8432663038491,65.99480264848344,88.66668701880954,90.42310954853015,77.62448288003449,90.55170489899687,79.9805544172205,80.36982097089967,78.96693946032929,79.50849003127787,83.11361848219322,82.98908864822732,80.75766611934299,82.07573297233071,80.85098264822952,81.75563162869325,79.13598288705579,83.23878224062898,79.96670711569988,79.47282811982294,80.44100638166991,79.90924885337716,81.43682951126428,79.85783237043003,80.99835401584743,79.88304666113439,80.14656733284309,81.86452477485193,85.07337518524082,81.49349585388732
photo_road,103.55908455405078,105.04870258575369,83.49461278125479,95.38687216813815,102.04570349911941,102.6736572820505,102.7781568681974,102.76385099161882,96.04372153194039,92.43804685667055,104.20981901275381,94.11513266815132,101.34315274426892,101.36479910215792,103.44253227070541,100.7033272564181,101.94210025251526,93.6811537882329,93.76128218318263,93.77717562969852,0.0,102.59535564195987,88.90762485600665,97.7124222934841,101.74786564278195,105.54723471276375,96.48982949608107,95.86880322428023,107.30694720032945,102.48640765164704,109.14580245639338,106.00362167724089,97.30023618957424,97.00677403305738,106.50807766637371,97.75659529640546,97.55244665715576,101.39252602565323,101.17194711927834,104.28421233710651,103.05883649131444,97.9167827972547,95.57363024394184,95.2999089514008,89.43828319518508,91.94639083574111,96.37996788404662,103.67298480090378,102.66005379232668,102.94145705534108,99.38466057422367,105.2103886195404,104.4924508795221,104.75645828044267,106.67226941556527,105.83542106535437,104.35509260200057,97.02481934852005,105.18667282695424,96.31377106574257,105.9939436506758,101.0381251469233,102.3694270946222,104.43652232012236,104.75834179747486,100.06920289808421,98.69833209025504,96.75237947800852,107.01693199553294,107.49770023941366,96.73136388953586,105.55080902223713,100.94352170646928,101.13805655250377,100.58008505538926,100.04516215501486,101.91412790236511,101.19149291488952,101.31829972804888,101.4704531851898,101.02079648689381,100.35661353861383,100.84077105436039,101.40304944507508,100.44101280714365,100.77552297919307,100.88086834310701,100.90602169052269,101.1619420072362,100.95058842496393,100.93822801372833,101.00866387310964,101.07595038387247,100.97639601939214,103.8316537901946,101.47639122562643
photo_house,91.93453639794623,88.40042010780051,101.95216578380457,94.38822126435696,93.17802607984852,93.44669590134481,89.73143932130587,92.34691885662177,98.25047084590258,96.2524833266044,96.70636173190185,96.01036160259214,91.68437725101752,89.69678443029404,95.01157238882348,92.76420120903164,92.56414012789853,94.63533937855348,96.55473688394122,94.19329434849814,102.59535564195987,0.0,94.9473686619573,92.63221634527372,95.161324632015,93.23693805003018,97.97419503175773,95.15027544757532,96.14347725864582,93.06831988538549,98.8381498988916,92.03737844459178,98.16285424772403,98.53369677629703,96.6895991754566,97.78393302924995,93.41425901511805,92.27406588638848,92.22760079665798,95.30896222327526,93.15274224228168,98.15637400599088,95.74018090261289,96.7008889574579,94.54984224434698,94.54027551339223,97.28274002643822,93.68998913113887,94.68759324635772,93.72573221979965,100.30727715839805,96.0923403715791,94.59596307764404,95.43743379342973,93.32802373188369,94.16969277715032,95.03806589226525,97.30541084851444,97.2564601102513,97.9810308083045,94.36684230944292,93.85820856990671,95.47290317027569,96.58409695608601,97.45814355063237,100.32503092502438,100.13029139177803,97.22298224057386,94.94224009024947,93.50368016054571,96.21602666941271,98.90512453857515,99.51398298959035,99.53766663474087,98.92179198628394,100.52177441883313,103.35893757103649,103.26372215719685,99.73816979351251,103.06460542641047,102.35063828137842,102.52717743675218,100.84898723770338,103.59510968019104,101.90140461046542,100.2628472054985,99.32420343036836,102.19278969986657,102.34113075698947,98.79660027016965,102.3949336817752,99.38746690970757,100.60307661261064,102.65721527188258,105.34510711564559,101.31033443435771
