,photo_face,photo_profil,photo_eyes,photo_face2,photo_walking,photo_standing,photo_hand,photo_legs,photo_bird,photo_butterfly,photo_girafe,photo_fish,photo_cherry,photo_tree,photo_flower,photo_carrot,photo_watch,photo_key,photo_truck,photo_velo,photo_road,photo_house,photo_mountain,photo_windmill,drawing_face,drawing_profil,drawing_eyes,drawing_face2,drawing_walking,drawing_standing,drawing_hand,drawing_legs,drawing_bird,drawing_butterfly,drawing_girafe,drawing_fish,drawing_cherry,drawing_tree,drawing_flower,drawing_carrot,drawing_watch,drawing_key,drawing_truck,drawing_velo,drawing_road,drawing_house,drawing_mountain,drawing_windmill,geo_face,geo_profil,geo_eyes,geo_face2,geo_walking,geo_standing,geo_hand,geo_legs,geo_bird,geo_butterfly,geo_girafe,geo_fish,geo_cherry,geo_tree,geo_flower,geo_carrot,geo_watch,geo_key,geo_truck,geo_velo,geo_road,geo_house,geo_mountain,geo_windmill,word_face,word_profil,word_eyes,word_face2,word_walking,word_standing,word_hand,word_legs,word_bird,word_butterfly,word_girafe,word_fish,word_cherry,word_tree,word_flower,word_carrot,word_watch,word_key,word_truck,word_velo,word_road,word_house,word_mountain,word_windmill
photo_face,0.0,28.754094317461096,28.415144378723273,29.405608685062518,26.406520063160354,26.854867217914574,25.64829197921874,24.728440597253236,30.922140296710893,39.19284827933058,43.775581161183794,28.999570688866584,30.74038040937925,31.51578876475638,26.594092411058817,25.67625614800168,44.134990219612874,25.5231693631557,32.35938842284384,30.583054919603182,33.255267230449604,32.710334578547595,38.634651082485846,33.2103667531788,29.656857533019366,32.674086023981964,29.51422485688424,31.522746355089826,31.83345618117593,30.027551194879887,28.788025396261272,30.515388587666447,28.98269348404173,32.86254852407516,30.00309879390907,30.150420037956632,33.24869787278253,29.847042397347412,29.607003101938194,27.363203477148563,28.357795937602127,29.126232735789117,32.448766945625614,34.59690856245857,25.91264107009886,34.76066647999642,27.950278922325097,35.27756806114526,31.718451420491654,26.101586791437008,29.458832794346765,27.07431495719809,32.01394167779282,28.81159633823738,31.517355337161643,27.01168557700099,27.19482805668016,33.671087028427536,28.956813393765792,29.593941309068786,30.6286439755892,28.166943712766518,29.026349454064455,26.739833446012682,27.2700795126046,27.959856920754127,29.42512124889068,30.449533854634687,27.563295015622604,30.91012560441719,28.959282240484114,34.286611724456584,26.579727367498435,27.21057212086379,26.71523697992042,29.39733482277502,29.576804798341193,29.64090256864211,27.140919074877527,30.130772555327756,29.30362008951124,29.48253476241498,28.59477127493132,29.820390946658723,29.902262597472493,27.647037589802828,26.752774914105867,29.56578482469316,29.092881391407502,26.012102289730226,29.50643887660949,26.54528691902304,27.439776364929962,29.596574866897864,31.728767162191975,27.786599203641188
photo_profil,28.754094317461096,0.0,30.58322196478093,30.590005777729296,28.60405862726497,29.054388753322407,28.21499852646694,27.583731992906603,32.613041388384374,40.82138365517917,45.05152502365036,31.247922993926004,32.71507574389825,33.875339697912814,28.789804234684897,28.723983967081143,45.7148029354593,27.479706480753315,34.20884031958742,32.64169994339532,34.53260043079229,33.690873507546705,39.45993602786133,34.534490809643415,31.89385039227823,32.11336370768166,31.410369468492345,33.01298007788465,33.7703144585172,31.834678319922048,30.872111414114077,31.619138615401493,31.296052443673588,33.96519952482309,31.81810890205657,32.15164291511413,34.25043776587503,32.338693235547076,31.132411106233008,29.63278624826373,30.51343508554192,30.84477558858734,33.81150751225547,36.11608777683557,28.134533349159717,35.926277355635456,29.99419184134864,36.75104363171172,32.87851279353015,28.518570239438873,31.153622207227723,28.902899470555152,33.834298604431396,30.83481419018839,33.436691111154985,29.328127129347987,29.32768078443569,34.78551631221272,30.425120161921217,31.474987858451826,32.27437620184319,29.953828031652215,31.13898660196894,28.836180011884647,29.36339416653368,29.815349765766726,31.20987560821209,32.52577443835157,29.428960507185025,32.41740897338226,30.570475303009307,35.672798271828306,29.076351898002294,29.689894264308563,28.970220691890507,31.14533753632721,31.281994677546137,31.35162963648367,29.3791938958999,31.844428389242672,30.887453161200987,31.649891765122987,30.349483711986984,31.376681754558998,31.578672725615444,29.721009413237983,28.69082651928822,31.28432903941458,31.21832165796852,29.03445209178413,31.204595596638075,28.928108251734283,29.466390437199966,31.382543557024423,33.73407419502849,29.49021764606633
photo_eyes,28.415144378723273,30.58322196478093,0.0,30.05384077688841,27.687180806262777,28.22988829491637,27.266443321576556,26.787005262323312,30.249110027300866,39.686344551551606,43.72147381803592,28.697657222001727,31.52881654665913,33.17975773805021,28.038515204829185,27.246489271665226,45.49859988257965,24.75378395435862,32.658089930375716,30.580124339757468,31.075655843864926,34.12808201103939,38.39790185590804,33.60821242312881,31.012679831577415,33.140202907422854,28.127348493592375,31.529928011646753,33.06570922781286,30.962232432365543,29.748516234999364,31.455000482811265,28.85973841347555,32.75065111435815,31.324699303932853,29.983918840070526,32.92578728712013,31.17064336181653,30.331643484605404,28.68093273259189,29.304668409631432,28.137245878675163,32.15744242438817,33.7867607139048,25.908045222057613,33.34168028934587,27.945299915276898,36.051076753405916,32.202194078155166,27.142362840513833,27.293197089694647,28.186539463837878,33.230151593243335,29.947486534419596,32.47459503165689,27.858155507683666,28.29095895509005,33.86152659108495,29.4380522452779,29.15765529666428,31.625319655400993,29.066977254630004,30.368088691926182,27.82989282428259,28.315344972344732,27.160877188798914,29.398698615717628,30.07209196857097,28.769129978646756,31.682526652051273,29.248485948243623,35.083018952048675,26.435541823308665,26.68316096623819,26.663274950502693,28.511953230341533,28.778079315394884,28.353441123849933,26.99850005948066,28.832622836671568,28.249733958930506,28.70639654929696,27.714327637393623,28.749140343120583,28.5072079591641,27.133131685281253,26.31834235833417,28.450053968528877,28.351685999148348,26.695956263107988,28.321481142966455,26.624667978922087,26.65791149444045,28.59528502194385,30.71530973314708,27.124765806791796
photo_face2,29.405608685062518,30.590005777729296,30.05384077688841,0.0,28.82897167857012,28.952066129360734,27.395821477945365,27.645428288758808,31.250451480216697,40.39981226140551,44.22872258280643,30.422598971107806,32.36805865191765,33.33975980100461,28.8082670471138,28.084476171962354,46.22811607811789,27.100208285393908,34.06115423055428,32.34109709036098,34.19060161189442,33.962139295314586,39.719879725752534,34.831262849598005,31.982856386801622,34.11467104642693,30.901015882938744,31.16076268446573,33.754987711283114,31.682687784063816,30.74157724110276,32.14818195671291,30.658753981103605,33.41538026999208,32.08164704051969,31.919451181249816,34.34454960455255,32.115707493144214,31.320500267744237,29.866754479659292,30.495768751435875,30.612553285185903,33.92264984648446,35.77789215455628,27.659929471975836,35.82182420434279,29.62492967522595,36.55076516942985,32.873899222411914,28.175007248012292,31.113883691877696,28.761230020139934,33.59849243992542,30.795889026413946,33.121661074609904,29.242599495174794,29.451062088682605,34.33605778248173,30.559487362340967,30.826931830698594,32.53884177570064,30.01397696720477,30.745303879773946,29.003818588854433,29.39709835266437,29.364064840859154,30.76660939637029,31.624531484170276,29.49794826969472,32.493090731333915,30.28722608973004,35.48700662230332,28.75758120127893,29.004277353774018,28.764043394997447,30.7019144463269,31.283645723162447,31.090947549684746,29.286925704687185,31.7654283990981,30.775028846208482,31.325743020462898,30.51560129710007,31.383290661071765,31.49546033293591,29.597514057466558,28.604641489271753,31.259673892326177,30.766557983920013,28.666704218807677,30.980449144522403,28.909279886070944,29.32854275896287,31.168124189880935,33.401356988430855,29.572514115504905
photo_walking,26.406520063160354,28.60405862726497,27.687180806262777,28.82897167857012,0.0,23.865681678975157,24.549131163383855,23.02744692417593,29.290143160333827,37.04930454990557,42.717052188659444,27.668391643305526,29.18804391546186,30.529738365353545,23.57228379469891,23.789033948878945,43.08365584512253,22.44883620985384,30.683517106053678,28.579367100648287,31.349429236734295,32.27188740952344,36.47883968847444,31.49208816287736,27.414705895068884,30.698770480714405,26.76501399735403,28.951679950645712,28.73275428582615,27.46141212048631,26.15454263610052,27.949106849556618,26.358905761295162,29.94275844566722,27.025343635706882,27.45731676750387,30.792211130011186,27.60706339565849,26.967922394385727,24.67041692161637,25.28938136350996,26.342043127235485,30.126360892818276,32.53773987247565,22.744196586332137,32.4036922843782,24.700285589951548,33.01844514439446,29.087704451221406,22.542253467864782,26.837109036157376,23.99962564878785,29.253346969439413,25.996967205453956,29.375171217709575,23.787720645462276,24.455904711455567,31.07214967674256,25.518595409039694,26.52217043842154,28.011018730269537,24.61439669366687,26.475164949767752,23.625726886619518,24.05652798043994,24.787399416786826,26.707551733954414,27.851742414800007,25.165701560632005,28.888474808556072,25.976453166312517,31.969436949802112,23.764728285372225,24.223438677862426,23.951452639499053,26.474835574536,26.779065948193733,26.84895977275049,24.354691025645014,27.47522711544464,26.64400843043527,26.788935205218046,25.905725638605688,27.157726239948502,27.16779488126962,24.7764164142594,23.81060125628739,26.948629903712593,26.473267659130528,23.56233003793169,26.614919599242974,23.769957414941658,24.349322223477355,27.05428297387765,29.40520749108758,24.820424676546608
photo_standing,26.854867217914574,29.054388753322407,28.22988829491637,28.952066129360734,23.865681678975157,0.0,25.039560021371223,22.68303771652303,29.788976973274924,37.58255695927457,42.26222829180302,28.35121108496695,30.03171597729239,30.931355724652732,23.402328278249747,23.465558517673763,42.60969131905768,22.717438618371997,31.003120061841912,29.271450023918106,31.76898208760039,32.57559974705178,36.830101227562004,31.53425624750799,28.252695144185825,31.004567935390018,27.222837811471674,29.278325096068613,29.95456509909895,26.953922482143454,26.440884719508,27.877806112784484,26.77344438439972,29.289764017292494,27.279500173124983,28.275375983170417,31.026009610692988,28.53206418098484,26.859116402820828,24.49383922768917,26.074270251833216,26.729911244037606,30.615516758939155,33.40477649774785,23.284290265448565,32.87010118215138,25.530513135424957,32.95625633864087,29.06254670197031,22.353481887322282,27.325200100871395,23.970593340338535,29.57418111558539,26.148007280033195,29.105519950178344,24.475737407246186,24.47478903653822,30.94825661857765,25.135431938564523,27.321381971799045,28.241526060048745,25.197474384405677,26.37487601078775,23.131887914183178,23.386415603815767,25.066618313112237,27.229295306574024,28.658544193046094,25.28648899312482,28.890513380078282,25.92009652370088,31.96224313169504,24.36763779692881,24.98738157866187,24.30277604570318,26.88715227043393,27.16118306671262,27.34648475144154,24.699995787846415,27.951802459237644,27.075090032071092,27.0913301767889,26.37335975020489,27.38535517729914,27.69070170302243,25.348873537491603,24.164188836597162,27.375241241063648,27.06092232953119,24.056330326577527,27.201301645410624,24.164171583780526,24.900388874001994,27.36985872887098,29.572962722044853,25.38736965669583
photo_hand,25.64829197921874,28.21499852646694,27.266443321576556,27.395821477945365,24.549131163383855,25.039560021371223,0.0,22.768563691676498,29.819827646535625,38.13874764424099,42.73651275746826,27.397712012996973,29.304517523917404,30.22252695158132,24.56139331426618,23.43878490954664,43.48284478990037,23.44513315020608,31.64256213887569,28.921153733803354,31.86951675458329,31.44593416316053,37.562063797177885,31.980000493017204,28.71497527132366,31.330885012530583,27.408158220063804,29.57022960667619,30.240315359105832,28.124234910723622,26.28647738348471,28.538671453126,27.52081504379311,30.911738704655424,28.331815862501607,28.509461982873347,31.687526786442834,28.618118541565764,27.690754195591783,25.409304787789306,26.418981230940798,27.290401790191538,30.82119393111324,33.01158891959336,23.805679184377112,33.202046607717186,26.132337987019575,33.838370286007624,29.98409620153529,24.05809737700763,27.3900497406614,25.066090520857212,30.485708757514022,27.188597047057275,28.793061666674294,24.60891908741693,25.16165263971959,31.792559819776404,26.649899350918158,27.676253261344055,28.89301714000492,26.171202180850212,27.33021511569599,24.733961055678428,24.99642502380426,25.94726688647846,27.758964272466866,28.715526424239496,25.68207569676066,29.178527330323124,26.92602260100439,32.52929403321576,25.03323087349542,25.078903716868503,24.936593429876893,27.47896649612126,27.661966052197812,27.67079223350013,25.274942760982498,28.38042822572277,27.59135575130537,27.696699731812966,26.850620524072728,27.878509793385646,28.004387235718358,25.852167578229796,24.75858608942767,27.700029500518806,27.410658242031133,24.73708065078066,27.532134173672443,24.824875395236727,25.270344034509133,27.865875299000223,30.11219693646364,25.801758855355885
photo_legs,24.728440597253236,27.583731992906603,26.787005262323312,27.645428288758808,23.02744692417593,22.68303771652303,22.768563691676498,0.0,28.991541221412064,36.69913904363131,42.50881114587737,26.76977195503779,28.554491963933557,29.961191808160986,22.43887686245681,22.100580092386636,42.46676942761859,21.830130647889426,30.517926035792183,28.18751904943352,31.250714888672995,31.409606901233886,36.63377755360323,31.11025406964573,27.023977827639204,30.34506354411631,26.15989994203261,28.849711594540942,28.878151236339214,26.884262833983623,25.582115442771343,27.264466453533412,26.07882107550208,29.397301783723872,27.325679593657902,27.371840531701437,30.670565288653304,27.528978700105796,26.731040605646324,23.986559380838134,24.901351654298065,25.86361146097096,29.91173414303623,32.61720011920625,22.19041275932765,32.31600683680263,24.656261376274532,32.87126510260991,28.461930475003257,21.830714591896996,26.324250343009403,23.261272477718087,29.22002311476476,25.28335320046754,28.606211439918173,22.983167739168717,23.234162989820952,30.464920563402952,24.989020140533864,26.280170841328534,27.420159633572574,24.391043543707063,25.814517010546844,22.787260286792343,23.538930937999357,24.24827191651089,26.39916073280953,27.868302122594727,24.322954125420267,27.931810530068034,25.50804063335556,31.679989130153896,23.466216969598836,23.883132442863783,23.446045005573854,26.197074630311157,26.310830332411882,26.378791371951305,23.990222382075,26.92355971242117,26.26457161001066,26.29734071396027,25.41763085091196,26.688528562355103,26.671411560755946,24.405151604615174,23.180888336750908,26.415936172504054,26.12257809047993,22.97017588787638,26.244993300569096,23.491281605625808,23.894345493643865,26.60861543168126,28.862157930615368,24.31705308162671
photo_bird,30.922140296710893,32.613041388384374,30.249110027300866,31.250451480216697,29.290143160333827,29.788976973274924,29.819827646535625,28.991541221412064,0.0,40.02940582686445,43.29535217059957,29.882982213298455,33.40707925715159,34.11521516597776,29.482246895344918,28.883360247905735,45.66565779382419,26.12061405733212,34.01718922321606,32.11283161504869,33.78543192027662,35.750270779215775,39.536847273588364,35.79409162073726,31.36040435244885,33.999760848514086,30.32326669711665,32.3681429391256,33.62480488424828,31.790365654866587,30.796345682325658,32.62959265729131,29.50860161828915,33.916412639355876,32.04557303831309,31.16446694569534,34.96884345805836,32.13812511048545,31.311774515584503,29.986865375842815,30.218064248769867,29.326669086604884,33.2971696336653,35.292741089761215,27.171716011228845,35.39826528321426,29.0806538875157,36.713871399796986,33.29245315493869,28.66621128648558,30.06644301178215,29.14864883871798,33.93704129626664,31.177180078469743,33.31983742335243,29.20846454736645,28.96832526854351,34.94324420592142,30.362982637448248,30.78422314925661,32.69095537862196,30.13742704210377,31.07575211967177,29.141021843123298,29.066357062313156,27.90880701348765,30.87601018135609,31.672526361570068,30.15864447381426,32.75052501301235,30.39858746163029,35.750319444854405,27.754696922109183,28.366805514158568,27.98942295809941,29.735536648978186,30.3109871598524,30.058781616817058,28.50868926607578,30.79530481538683,29.87202446334149,30.371392062233056,29.1924241978457,30.249196582856538,30.24171528743759,28.410069097580543,27.752219900668308,30.261044094978445,30.091991769959694,27.695003278020955,30.00159402138168,27.950758252044736,28.273158473173165,30.191530502043324,32.36071520538666,28.763730598363864
photo_butterfly,39.19284827933058,40.82138365517917,39.686344551551606,40.39981226140551,37.04930454990557,37.58255695927457,38.13874764424099,36.69913904363131,40.02940582686445,0.0,50.601735894340905,39.824653250979026,40.838894082124405,41.62285251523748,37.63388429026399,37.313622683654906,51.653226692532684,35.88342421800247,41.20536208886467,39.52926297213893,41.016328594660735,43.2008719610321,45.49684873176225,41.6972873665066,39.27375963069161,40.747604336288525,38.23192791896262,38.67652160927887,40.00601804602777,39.35190238138294,38.74993675403305,39.74317389945382,37.75533637703889,40.709175733406916,39.68128781754494,39.288453043412,41.567740434285625,39.54767640655275,39.02692386338507,38.01310060266262,38.27026255973658,37.90914574035782,40.32945747241043,42.20815705630485,35.83728181972452,41.70684365956211,37.44220692410509,41.6704533765376,40.21273816515488,36.79944886131076,38.3147019645342,37.17146854623597,40.3073644662155,37.98985237810517,40.2949525968114,37.514725202875795,37.533007978261054,41.343561662565094,38.12478821789303,38.651921409497206,40.17066941565556,37.724341512092764,38.90731516524926,37.22037606481843,37.72669489048007,37.097727740926764,38.49777706297458,39.295899328695064,37.93764120462195,40.28541319320382,37.89144198017747,41.59938113219,36.67028457767779,36.74568181220808,36.78959421591646,38.20619393420151,38.391365688607294,38.460175540732315,36.9986543171723,38.595881947320905,38.09240615508456,38.36035636808083,37.6247135163652,38.572592614861335,38.333586142103776,37.16611535274414,36.4842945686502,38.43533265954477,38.14431726841835,36.55963756188457,38.244023228184325,36.804864323513605,36.64391678655487,38.42479911866835,40.3051395817583,37.178240315791214
photo_girafe,43.775581161183794,45.05152502365036,43.72147381803592,44.22872258280643,42.717052188659444,42.26222829180302,42.73651275746826,42.50881114587737,43.29535217059957,50.601735894340905,0.0,43.39422831924764,45.6658746461015,45.81420501662249,42.35793794033361,42.44992347434618,54.8058413676205,40.94022106823719,45.756222166963205,44.80497683625936,45.95733316468946,46.77095419432135,49.819799422077224,46.66031746661355,44.27569882768538,45.865400923846146,43.527269433664664,44.928198526780896,45.47337257730221,44.61033015239435,43.14970792261291,44.85274529400208,43.541845845092325,45.08510520243038,44.17080444504192,44.15496171960308,45.918515419029745,44.48903857095,43.90853361413283,42.89263007941984,42.933774878391056,42.85621611486068,44.616436401976394,46.71334154641017,41.57489369719115,47.04566836648937,42.593219227120066,46.89706803229356,44.95232490332551,42.18938290323323,42.99010086942504,42.176177652407425,45.38592116243124,43.17880773436377,45.06432787074386,42.2373040255913,42.821602082004425,46.35652864175552,43.28800964924982,43.646923199736314,44.68929313347121,43.13729979788344,43.02203676647281,42.4314232587846,42.63504045862238,42.34942583398339,43.10296073966415,43.821288357338155,43.08037090439098,45.08773505479827,42.74408840279822,46.027265183218134,42.4352181949926,42.242762136224606,41.925841921758504,43.322822700002696,43.54128099635841,43.47379343238294,42.360474614523,44.044052281981834,43.30806056253664,43.25936087390962,43.07895620982408,43.62423415196467,43.67036325651841,42.24328104695251,41.90415530174014,43.48996697941375,43.237691712639304,41.97476512718174,43.44492145602447,42.30450604180472,42.26462748786135,43.40413587320629,45.01961240400334,42.489233901082684
photo_fish,28.999570688866584,31.247922993926004,28.697657222001727,30.422598971107806,27.668391643305526,28.35121108496695,27.397712012996973,26.76977195503779,29.882982213298455,39.824653250979026,43.39422831924764,0.0,32.065999193545686,32.83526030873199,28.045967128178816,26.45634351706112,45.088143248143744,24.84231689385571,32.67412224073531,30.281106047867105,32.13578013882131,34.41564012218946,38.53351337567248,34.894341184268725,30.92738959098406,33.20688777603813,28.239482409833432,31.780393358113823,32.946579954814105,30.935313892274593,29.887611899634972,31.47529651593049,29.090523147083466,32.91947571943591,30.936106610310464,29.41791933692681,33.50345413564125,31.162790395988626,30.31266273164276,28.558501669815985,28.793392027561836,28.27044659414797,31.838337678846177,34.35244747202729,25.648268068894883,34.44406626533429,27.77447965194409,36.163321936548115,32.28357852412892,26.86907213783633,28.2682166862774,27.97786295808872,33.34166643953528,29.86204115603949,32.50532613911068,27.835807748481038,27.862121380517685,33.60467430986868,29.09345815186988,28.640702706533236,31.50678857833275,28.58736455870545,30.036664128759682,27.62602443828551,27.845095863230394,26.88521497356649,29.49764459529873,30.386662745508048,28.670952025264377,31.677850826689195,29.1098985554167,35.07372498134329,26.50560279681996,27.176253176456047,26.62155354251765,28.516330390951737,28.641200253769494,28.69169945994129,26.89432822761085,28.94210502679158,28.08706772670799,29.050189098726676,27.843835823950407,28.864017345680544,28.73804437289417,27.128094992973207,26.2986510519911,28.543549484202558,28.4398717725398,26.363633802318216,28.54949312981449,26.495835125605154,26.915962217630135,28.732964937538142,30.972409265713672,27.21224697184208
photo_cherry,30.74038040937925,32.71507574389825,31.52881654665913,32.36805865191765,29.18804391546186,30.03171597729239,29.304517523917404,28.554491963933557,33.40707925715159,40.838894082124405,45.6658746461015,32.065999193545686,0.0,34.83670599134651,29.662087665820064,29.377797847858233,46.202015459003874,28.297720698954237,34.51342970065099,33.005223789293446,36.05535518394284,35.52555388810205,39.706786011986765,35.50127223345704,32.88373843886106,35.10613581927786,31.61539858231541,34.020258978683344,33.8171802076915,32.65285348457131,31.678756279417644,32.63951230365881,31.513203057832392,34.62544114311454,32.60979785129318,32.60402658675173,35.471889866054035,32.86691466301679,32.67572413384199,30.238666582719453,31.138794730703506,31.556427263594866,33.87034894046014,36.529503604681736,28.87989557033625,36.38351778667482,30.43983943555032,37.48636082678076,33.977596945125526,29.414875846202275,31.78870975023017,30.087889264305545,34.294760605690115,31.606709366145118,34.281608628359265,29.773442688497504,30.268850432671123,35.20081385079773,30.81673560753031,31.985436395749442,32.985532330257776,30.642790513900675,32.05838601006561,29.444790897079333,30.12019517202503,30.454124878838403,31.880095392788476,33.07310647824733,30.031179503002058,33.30521508429525,31.613665876944157,36.71703196775877,29.685482179231908,29.766203404566973,29.504273776933683,31.491253447474232,31.71742015572889,31.568038882047748,29.926641305904425,32.101374904173305,31.35155733029918,31.859768010437058,31.043818131718822,31.90349283150195,31.842690357873305,30.095590568516972,29.1784659914646,31.59598670384921,31.297430605141418,29.276391030017134,31.49531960566987,29.571794906202342,29.659515203467524,31.705251961750584,34.10526243607508,30.18136910444485
photo_tree,31.51578876475638,33.875339697912814,33.17975773805021,33.33975980100461,30.529738365353545,30.931355724652732,30.22252695158132,29.961191808160986,34.11521516597776,41.62285251523748,45.81420501662249,32.83526030873199,34.83670599134651,0.0,30.588531021755028,29.955951783831143,45.47281667181412,29.75012629962608,36.10012071011087,34.34104491802518,36.17043365314132,35.069187546952705,39.704544117553915,35.64299897895356,33.38457379993939,35.84008466500679,32.99135412190312,34.20280823617278,34.089981851043284,32.919258242409434,32.45517796584578,33.25530094998068,32.121690909876826,35.13025201406809,32.988064229666534,33.08628899388522,35.750239873667425,31.725877670479495,32.835109633736636,30.845679648751954,31.417828682822453,32.6379683089024,35.360904371666656,36.66433882699484,29.9554846494154,37.008355820437814,30.99936654356838,37.232662064267736,35.14122708663843,29.952251850676433,33.03048997071628,31.40999306369844,34.55263625315619,32.289790203796365,34.46344770057684,30.735629495482026,30.849112340455775,35.69026776249211,31.980011284559808,33.019223376159204,33.408941129608536,30.919884233200378,32.334291935725744,30.527097855745684,30.327378887914087,31.533533740490476,33.0760637803474,33.93871806251704,31.69238434572215,34.32738728391885,32.684808586737155,36.80960889784476,30.473161045631503,31.00934724328408,30.53874361307754,32.58466209571856,32.85456230235879,33.102295272440585,30.902284161067612,33.63377415075341,32.651929136624695,32.76982283304012,32.10803823512307,32.895905748408154,33.219747549099786,31.24294664641994,30.258614293842523,33.260252608308285,33.01599031403752,30.235709674429554,33.08852225919305,30.561271066377117,30.941043630177525,32.9870560761371,34.943108318245486,31.51591881103315
photo_flower,26.594092411058817,28.789804234684897,28.038515204829185,28.8082670471138,23.57228379469891,23.402328278249747,24.56139331426618,22.43887686245681,29.482246895344918,37.63388429026399,42.35793794033361,28.045967128178816,29.662087665820064,30.588531021755028,0.0,22.03934205635196,42.12160282662664,22.5842151074158,30.839236149050237,29.348977735169527,31.68058173475833,32.362598538598064,37.0150185164192,31.921497698871555,27.87278200385157,30.80277889945612,26.768538275532297,29.335600617330382,29.50136165733382,26.850713456299403,25.628645256867433,27.873062511110287,26.59810930978066,29.221929945578406,27.08540856226821,27.758765088890392,31.046047423602396,27.620313154828803,26.539822419830024,23.674715742198188,25.57425627277261,26.346700515658693,30.318268807696338,33.3202482684029,22.657743963929903,32.81250315126678,25.159894492278813,33.547336781385305,28.630959264072867,22.36528056027876,26.98062325942537,23.58009612986571,29.575811712300084,25.85644526995344,28.992579412146185,24.208755447348782,23.931503834750103,30.357232554886465,25.067792957541457,26.832353415307377,27.85750951761653,24.485937542252838,25.393516687209058,22.736126316682622,23.076368973469005,24.789239315137575,26.708679914064785,28.360612636399175,24.454197543522113,28.618914867913922,25.869456732052175,31.920810669218337,24.132550783423685,24.448672390347948,24.129554663188124,26.673170336155962,27.013598012607215,26.827666287036116,24.78364545980213,27.65518207042859,26.829013254264815,27.14157967279691,26.185007909675527,27.260819891083816,27.195843723037306,24.773137821091783,24.034893063675984,27.150698643528358,26.605814612086146,23.74667285048675,26.73086398928251,24.180122519207004,24.583508261266953,27.14936114115667,29.416363631145554,25.07521289126236
photo_carrot,25.67625614800168,28.723983967081143,27.246489271665226,28.084476171962354,23.789033948878945,23.465558517673763,23.43878490954664,22.100580092386636,28.883360247905735,37.313622683654906,42.44992347434618,26.45634351706112,29.377797847858233,29.955951783831143,22.03934205635196,0.0,41.78863609704214,22.350069767320157,30.706244719327238,28.63397663597411,31.720872276036555,31.879098946684458,36.88185405946257,32.378978656831535,27.850170450035744,30.90256825759135,26.769490355246134,29.322218776558813,29.602305264372415,26.714172377148806,25.874676825050454,28.048339698254384,26.40344305992601,29.832647154097486,27.107680050249108,27.812621733118704,31.24368033092262,27.888937036533605,26.72485266232193,22.274919884453823,25.812862115887224,26.201996963906357,30.164493188125096,33.09527349589989,22.67872290797502,32.74786044258672,25.1383353476202,33.83470843585566,29.1794017981346,22.378168435430855,26.871750162939392,24.05252230314593,29.59884281163818,25.556819732111006,29.222169909901133,24.247102466918104,23.9737700294924,30.923133988284935,25.191519670615396,26.852273483998026,28.004547333991287,24.57288610811648,25.90353871042874,22.242069740245427,23.246867852761937,24.67979505730383,26.81687881304258,28.40226132917478,24.79314855316432,28.38978351069684,26.22721791450728,32.432961790838725,23.719664079464767,24.50937790015357,24.04435696697122,26.629982325024937,26.96582167987643,26.933519088653654,24.49412889681712,27.423460290420568,26.744448129557444,27.04391695560157,26.05484420776097,27.042246180509828,27.12407737317965,24.99222847176314,23.68989227627194,27.07062186701395,26.615010453958007,23.773753397669513,26.692066268533853,23.733747700758794,24.492206041837864,27.15155890406605,29.367948118237432,24.978341179511236
photo_watch,44.134990219612874,45.7148029354593,45.49859988257965,46.22811607811789,43.08365584512253,42.60969131905768,43.48284478990037,42.46676942761859,45.66565779382419,51.653226692532684,54.8058413676205,45.088143248143744,46.202015459003874,45.47281667181412,42.12160282662664,41.78863609704214,0.0,42.36145296172292,46.93309866167978,45.9398744757489,47.66434946594519,47.597721766768124,49.58654402667565,47.70396639591417,44.46081868452548,47.10233739427844,45.009023004591285,45.95054572980037,45.54329825426109,43.215768036128495,43.87988816196317,44.852861112341124,44.03639814619148,46.32590713388741,44.34943115056434,44.8491107542335,46.92454972254591,43.889511329799326,43.7801729364701,41.86363495996453,42.83922445927655,44.08124118746794,46.744204048299665,48.33375732275522,42.432938992615256,47.94257590194881,43.24066251192034,48.05411498657453,46.35697384151185,41.584013732823564,44.71958000314072,43.05967315264572,45.69938187812058,43.545311830606565,45.41402107361527,42.66165591345355,42.79389322140009,46.17539341159217,43.36419490835255,44.64978441057427,44.67314641882625,42.49300634771762,42.734874115259885,41.79604426810309,41.5591364773645,43.36324748456382,44.891114388338295,45.470893981947675,43.7327977601617,44.91666048265016,44.118847644815176,47.17762491967541,42.64812447477268,43.03975776973593,42.731047588248344,44.16923511019642,44.66327100266291,44.40376532923682,42.92827003416624,44.77387115748607,44.3131836274859,44.45044555619938,43.82753366552631,44.480365927987556,44.57928783073294,43.27017882407754,42.84364287435642,44.56866600619044,44.119196768078524,42.51594867370335,44.501083133341396,42.59417288288482,43.16118823657772,44.34800918497528,46.10730941081622,43.40598906592161
photo_key,25.5231693631557,27.479706480753315,24.75378395435862,27.100208285393908,22.44883620985384,22.717438618371997,23.44513315020608,21.830130647889426,26.12061405733212,35.88342421800247,40.94022106823719,24.84231689385571,28.297720698954237,29.75012629962608,22.5842151074158,22.350069767320157,42.36145296172292,0.0,28.24239592648951,26.14483605186123,29.068931910898787,31.01304750227051,35.403804011853,30.345844609023143,26.342476865126745,28.668595011131043,22.752580128812895,27.121774909185493,28.47868962190302,26.099284027730526,24.42680561855161,26.500723958851136,23.759563411684102,28.215605866578635,26.20637408877928,25.032754120568992,29.110438692846238,26.676012865580095,25.195561020861643,23.03693819615004,24.02390612034294,21.169249434353652,27.678463379418794,30.268471469728706,19.573586669519948,29.487159205800598,22.0176378887174,32.132506407731405,26.98525531958334,20.844219306658907,22.96686985520624,22.055063331508556,28.855735828802313,24.671798187475545,27.371518931968005,21.93341744849952,21.978802478880105,29.42582340399157,23.785245847831007,23.636034423214795,26.57317082192321,23.633916512097557,25.11056335722183,21.715433749400287,22.20331701761395,19.77548722784927,23.69450779534085,25.473167357125288,22.96854643434822,26.495492465635902,23.96278125787571,30.643497369097496,20.744210062760338,20.99269502560557,20.45992924595531,23.174672237318198,23.161336667629303,22.75305325126699,21.063466273703632,23.801272335861874,22.85491444383284,23.673822094506278,22.596536097109958,23.37923530905844,23.005896290038443,21.100234557940183,20.34413905598852,22.97591067582633,22.941056770242273,20.490029929685374,22.792271707989645,20.83637148295003,20.963304280984772,23.130134832970985,25.969273192692487,21.61924608866136
photo_truck,32.35938842284384,34.20884031958742,32.658089930375716,34.06115423055428,30.683517106053678,31.003120061841912,31.64256213887569,30.517926035792183,34.01718922321606,41.20536208886467,45.756222166963205,32.67412224073531,34.51342970065099,36.10012071011087,30.839236149050237,30.706244719327238,46.93309866167978,28.24239592648951,0.0,33.196134305030974,35.32027882077406,36.04131430704221,40.295672435455664,36.79863224444122,33.22216366818717,34.85107380157443,30.62394916945348,33.23514529788304,35.29468292620858,33.32692802609348,31.98155192244812,33.374970160588006,31.7627832783618,34.678973715102536,33.139684884076445,31.85150557834717,35.62878468338806,33.41813582074626,32.74574638348951,31.176733269147714,31.731684975676153,30.583814876904043,31.240510904824284,34.81753873196494,28.71591696251083,35.3670032868875,29.15848872344957,37.74084970517009,33.7169014949956,29.515966137446572,30.952675187014304,30.042963680337486,35.0615044335894,32.087194912894674,34.78827965539249,30.328984989290387,30.700399399790218,35.82695611973195,30.764424656705504,30.61768826138111,33.24740382803235,31.019232615789402,32.65634046265518,30.27050108972057,30.67289480865726,30.020018936307306,28.678036577624482,31.8299393274929,30.77439837083866,33.338482421296575,31.409134753169003,36.45833857227453,30.187918740843205,30.035838129888496,29.948578084077734,31.96870661130381,31.44637722357201,31.20621440974396,29.825152343095596,31.9583094936514,31.320807249217633,32.0069164329734,31.299248134181155,31.55656056161851,31.43266513706615,30.345452912389295,29.666233317932583,31.39571495947915,31.267631208301683,29.71062306051262,31.01608334607293,30.091838386559143,30.18437756413793,31.70432480947098,33.61221116335592,30.24943043196444
photo_velo,30.583054919603182,32.64169994339532,30.580124339757468,32.34109709036098,28.579367100648287,29.271450023918106,28.921153733803354,28.18751904943352,32.11283161504869,39.52926297213893,44.80497683625936,30.281106047867105,33.005223789293446,34.34104491802518,29.348977735169527,28.63397663597411,45.9398744757489,26.14483605186123,33.196134305030974,0.0,33.95266818471899,35.28979122696645,38.66921038646044,34.442081980497186,30.789859103703943,33.7252020206321,29.614544475090497,32.07713611925489,32.856435318507806,31.730738790279336,30.666498620300388,31.98666937687403,29.822003803260053,33.685163975472165,31.628682851578464,30.44106906078853,34.349708384817475,31.830105965647064,31.23222224489886,29.48746943854676,29.958341787468378,29.54072826915209,32.284810457446376,32.4862542877579,27.045771939379335,34.60835988775635,28.36826341120337,35.9775609144031,32.66798247692426,28.03631391879475,29.57692879364589,28.80210195358454,33.03407921684185,30.091962404174076,32.822069648926444,28.749744083498957,29.032184697723306,34.62293486380294,30.112245633222674,29.87254644476558,32.316551928098875,29.768643930039044,30.951134365473333,28.433576052801868,29.013178422032905,28.441523400539353,29.76968587255236,29.36706395169043,29.166746372284692,32.16927436465657,30.155678422433017,35.30090395294521,27.724495943744106,27.860638430318666,27.550098192396142,29.746348466685774,29.837853288426977,29.906359001635096,27.96505122826845,30.296005689555383,29.267148469349934,30.358837186985873,28.81917753980242,30.100623073994907,30.046481962351155,28.308508106622757,27.556966777896083,29.391283138917277,29.48786936103196,27.534542298583712,29.546490065379732,27.8479454847521,27.925200098185446,29.59769084685769,32.06809946472571,28.19439070811247
photo_road,33.255267230449604,34.53260043079229,31.075655843864926,34.19060161189442,31.349429236734295,31.76898208760039,31.86951675458329,31.250714888672995,33.78543192027662,41.016328594660735,45.95733316468946,32.13578013882131,36.05535518394284,36.17043365314132,31.68058173475833,31.720872276036555,47.66434946594519,29.068931910898787,35.32027882077406,33.95266818471899,0.0,37.41952674467426,40.49530809776175,36.37697299703759,33.98406811221256,36.32854164072392,31.359893871246694,34.53505708189553,35.80710476012482,33.88481397477769,33.415427345817335,34.77326634909103,32.402842543076254,35.43410772888896,34.226348368933934,32.67998334692676,35.89882554297042,34.02616297428306,33.00076515434915,32.54202875313173,32.651566285081465,31.6747119834384,34.87285647130064,36.17255742035717,28.523850154081455,36.544674566455036,31.232066355408133,38.429924822284136,35.20791607637964,30.990876836055293,31.96219255543104,31.82801322765803,36.120949531431656,33.48679377249878,35.60067871250436,31.82024571260693,31.86365337656789,36.70895484196604,32.85373285290439,32.18837573177203,34.811679946283675,32.479436908861715,33.39510193591187,31.6543853015075,31.709937967532635,30.939104404736383,32.46278722005169,33.00386476718254,32.390922104201515,34.68407591709932,32.36746952796203,37.73366308479312,30.992005163835767,31.007857252743598,31.03639740924242,32.41837814709706,32.46548001915515,32.497380895946854,31.640470518314523,32.832887559193054,32.63354102151456,32.34202727233701,31.992957947338006,32.60147378811835,32.47456609481331,31.514193581988593,30.686535080175027,32.48466220682469,32.32549968721315,30.856375960487615,32.36925987463751,31.297752576576848,31.187937519238066,32.729761974161065,34.71928208148161,31.74050556900878
