,square,rectangle,parallelogram,losange,isoTrapezoid,kite,rightKite,rustedHinge,hinge,trapezoid,random
square,0.0,0.0051512660812526034,0.009763229132676798,0.014299916895038511,0.0037059396949797874,0.003026653058537332,0.0021910230701289723,0.006686295316885915,0.005958450428636852,0.0047886595007203825,0.009147441202307816
rectangle,0.0051512660812526034,0.0,0.0040510747010116255,0.009497392268088656,0.011338399496849894,0.007248831410757717,0.006666873890102898,0.00486296981589629,0.0030052987745186055,0.007432099226673872,0.013444575787502244
parallelogram,0.009763229132676798,0.0040510747010116255,0.0,0.003384816915601885,0.013454237279245329,0.011871508488906835,0.009726834644701143,0.007182343002425706,0.005118431793619371,0.006182690434737181,0.011115275020096571
losange,0.014299916895038511,0.009497392268088656,0.003384816915601885,0.0,0.01530256641482619,0.015487025836475099,0.013427548710590598,0.009449474207638309,0.008421247623013661,0.007105768100079346,0.008474481083852958
isoTrapezoid,0.0037059396949797874,0.011338399496849894,0.013454237279245329,0.01530256641482619,0.0,0.004131386436642459,0.003444250519195169,0.011368682357534743,0.011271273454987352,0.005107790717357119,0.007275353924756756
kite,0.003026653058537332,0.007248831410757717,0.011871508488906835,0.015487025836475099,0.004131386436642459,0.0,0.002103643974765146,0.009993063076866315,0.009714538317572297,0.00828109931074461,0.012087674646208746
rightKite,0.0021910230701289723,0.006666873890102898,0.009726834644701143,0.013427548710590598,0.003444250519195169,0.002103643974765146,0.0,0.009146933517285905,0.00855193309530422,0.004617327873467025,0.009783805607231466
rustedHinge,0.006686295316885915,0.00486296981589629,0.007182343002425706,0.009449474207638309,0.011368682357534743,0.009993063076866315,0.009146933517285905,0.0,0.000738298590194586,0.00806052079086117,0.010169084441613685
hinge,0.005958450428636852,0.0030052987745186055,0.005118431793619371,0.008421247623013661,0.011271273454987352,0.009714538317572297,0.00855193309530422,0.000738298590194586,2.220446049250313e-16,0.007064283844940733,0.010197512112660068
trapezoid,0.0047886595007203825,0.007432099226673872,0.006182690434737181,0.007105768100079346,0.005107790717357119,0.00828109931074461,0.004617327873467025,0.00806052079086117,0.007064283844940733,0.0,0.0033595621965115674
random,0.009147441202307816,0.013444575787502244,0.011115275020096571,0.008474481083852958,0.007275353924756756,0.012087674646208746,0.009783805607231466,0.010169084441613685,0.010197512112660068,0.0033595621965115674,0.0
