,square,rectangle,parallelogram,losange,isoTrapezoid,kite,rightKite,rustedHinge,hinge,trapezoid,random
square,2.220446049250313e-16,0.0025397676282105097,0.005422142452173095,0.008322807796211973,0.002038547548284253,0.0017605661856516797,0.0014158338450730446,0.003839169819911059,0.003340783280416204,0.002740035347212788,0.005174373568086699
rectangle,0.0025397676282105097,0.0,0.0024128425911388307,0.005733647849374357,0.005800667958711925,0.00378004628143358,0.0035632216157014396,0.0029909208919992603,0.001895485615418524,0.004031012028408276,0.007364773588087514
parallelogram,0.005422142452173095,0.0024128425911388307,2.220446049250313e-16,0.0019572922107070623,0.007233658179348068,0.006468679528299659,0.005271753937358792,0.00420885534892923,0.0030191696228512033,0.0032873679418767843,0.005994590749854756
losange,0.008322807796211973,0.005733647849374357,0.0019572922107070623,0.0,0.008661817244080328,0.008787118656053194,0.007612005416966605,0.005635001858673605,0.005017936242486143,0.004010325992175989,0.004787916318857888
isoTrapezoid,0.002038547548284253,0.005800667958711925,0.007233658179348068,0.008661817244080328,0.0,0.002146368562215839,0.0018770038216484597,0.0061026889244036875,0.005941842796304053,0.0026751600966073985,0.0038598028777033777
kite,0.0017605661856516797,0.00378004628143358,0.006468679528299659,0.008787118656053194,0.002146368562215839,0.0,0.001117683336843478,0.005440345971386762,0.005186153155805839,0.004439451283761775,0.00648471970889164
rightKite,0.0014158338450730446,0.0035632216157014396,0.005271753937358792,0.007612005416966605,0.0018770038216484597,0.001117683336843478,2.220446049250313e-16,0.005076932490695518,0.004693205153634139,0.002473510003132562,0.005202273089458975
rustedHinge,0.003839169819911059,0.0029909208919992603,0.00420885534892923,0.005635001858673605,0.0061026889244036875,0.005440345971386762,0.005076932490695518,0.0,0.0004166083438748025,0.004516529200707664,0.0055201158649569315
hinge,0.003340783280416204,0.001895485615418524,0.0030191696228512033,0.005017936242486143,0.005941842796304053,0.005186153155805839,0.004693205153634139,0.0004166083438748025,0.0,0.003923386607592616,0.005435392655892102
trapezoid,0.002740035347212788,0.004031012028408276,0.0032873679418767843,0.004010325992175989,0.0026751600966073985,0.004439451283761775,0.002473510003132562,0.004516529200707664,0.003923386607592616,0.0,0.0017769295015342967
random,0.005174373568086699,0.007364773588087514,0.005994590749854756,0.004787916318857888,0.0038598028777033777,0.00648471970889164,0.005202273089458975,0.0055201158649569315,0.005435392655892102,0.0017769295015342967,0.0
