,square,rectangle,parallelogram,losange,isoTrapezoid,kite,rightKite,rustedHinge,hinge,trapezoid,random
square,0.0,0.03168760114518676,0.10188058959110247,0.12960246996543978,0.09323361773465488,0.10236027077910148,0.09188545141562876,0.1268944571634567,0.11336676482064645,0.09963589003487439,0.14658516545281985
rectangle,0.03168760114518676,0.0,0.08108370863311654,0.11758743113824366,0.11559755670455762,0.11288938589025654,0.10364740822292928,0.11141734545672288,0.09249059789381697,0.10747930534253869,0.15574680465401625
parallelogram,0.10188058959110247,0.08108370863311654,1.1102230246251565e-16,0.03110410513336792,0.13146826687018232,0.12667663707277066,0.12303266631237897,0.12639109598712073,0.1057059576215964,0.07769822470837096,0.1227582045215514
losange,0.12960246996543978,0.11758743113824366,0.03110410513336792,0.0,0.14382078213409744,0.1445516571910771,0.14286197229636755,0.14392172488552968,0.12973096752828905,0.0801048153454933,0.10789928896863876
isoTrapezoid,0.09323361773465488,0.11559755670455762,0.13146826687018232,0.14382078213409744,0.0,0.06116014070247977,0.049551303663943114,0.1043744543314602,0.10371294845631662,0.051491133813027834,0.08098001089190898
kite,0.10236027077910148,0.11288938589025654,0.12667663707277066,0.1445516571910771,0.06116014070247977,0.0,0.023730165740495135,0.09893443589518403,0.09030545079157071,0.08036416875011254,0.09594577665825554
rightKite,0.09188545141562876,0.10364740822292928,0.12303266631237897,0.14286197229636755,0.049551303663943114,0.023730165740495135,0.0,0.0860776791472826,0.0804422806427284,0.059145323559320784,0.08726812005545881
rustedHinge,0.1268944571634567,0.11141734545672288,0.12639109598712073,0.14392172488552968,0.1043744543314602,0.09893443589518403,0.0860776791472826,0.0,0.011103062927046325,0.09514345653226819,0.0971423421065335
hinge,0.11336676482064645,0.09249059789381697,0.1057059576215964,0.12973096752828905,0.10371294845631662,0.09030545079157071,0.0804422806427284,0.011103062927046325,0.0,0.0841976214230925,0.08925866860573028
trapezoid,0.09963589003487439,0.10747930534253869,0.07769822470837096,0.0801048153454933,0.051491133813027834,0.08036416875011254,0.059145323559320784,0.09514345653226819,0.0841976214230925,0.0,0.038085530916356025
random,0.14658516545281985,0.15574680465401625,0.1227582045215514,0.10789928896863876,0.08098001089190898,0.09594577665825554,0.08726812005545881,0.0971423421065335,0.08925866860573028,0.038085530916356025,1.1102230246251565e-16
