,square,rectangle,parallelogram,losange,isoTrapezoid,kite,rightKite,rustedHinge,hinge,trapezoid,random
square,0.0,0.01177301129255337,0.017665196199550204,0.026178976528657416,0.007625116481155492,0.005697383322622818,0.0037371249564853715,0.013342595796053014,0.012392290611532464,0.00901951017892777,0.018101904709595718
rectangle,0.01177301129255337,0.0,0.007065774937260683,0.01730559541210175,0.02542239373882571,0.015214013031468188,0.013901816598163252,0.008967640824124712,0.005545657240463631,0.014885916981645209,0.02664995563162198
parallelogram,0.017665196199550204,0.007065774937260683,0.0,0.007413328849181555,0.025975785998624268,0.021010993546389023,0.017375716446583644,0.012273485250452909,0.008816792845832144,0.012075387674898685,0.02201553276763124
losange,0.026178976528657416,0.01730559541210175,0.007413328849181555,0.0,0.028676293696940025,0.02729293839213276,0.02466660716713942,0.015702133852661615,0.014334812727977209,0.01379062726854885,0.015526096042990267
isoTrapezoid,0.007625116481155492,0.02542239373882571,0.025975785998624268,0.028676293696940025,0.0,0.008597744093575277,0.007348664772930835,0.02334580112700524,0.023831872686110978,0.010548568505082234,0.015716216987553988
kite,0.005697383322622818,0.015214013031468188,0.021010993546389023,0.02729293839213276,0.008597744093575277,0.0,0.003978804933541413,0.01941073305496166,0.01895085833323229,0.014836110637656441,0.022478370440976447
rightKite,0.0037371249564853715,0.013901816598163252,0.017375716446583644,0.02466660716713942,0.007348664772930835,0.003978804933541413,0.0,0.017059378182396,0.016212309632660293,0.008931798866073315,0.020021650831211435
rustedHinge,0.013342595796053014,0.008967640824124712,0.012273485250452909,0.015702133852661615,0.02334580112700524,0.01941073305496166,0.017059378182396,0.0,0.0012639482468113084,0.0146919553170487,0.01901308199015317
hinge,0.012392290611532464,0.005545657240463631,0.008816792845832144,0.014334812727977209,0.023831872686110978,0.01895085833323229,0.016212309632660293,0.0012639482468113084,2.220446049250313e-16,0.013433332415998533,0.019945600422330956
trapezoid,0.00901951017892777,0.014885916981645209,0.012075387674898685,0.01379062726854885,0.010548568505082234,0.014836110637656441,0.008931798866073315,0.0146919553170487,0.013433332415998533,0.0,0.008208822810190086
random,0.018101904709595718,0.02664995563162198,0.02201553276763124,0.015526096042990267,0.015716216987553988,0.022478370440976447,0.020021650831211435,0.01901308199015317,0.019945600422330956,0.008208822810190086,0.0
