,square,rectangle,parallelogram,losange,isoTrapezoid,kite,rightKite,rustedHinge,hinge,trapezoid,random
square,1.1102230246251565e-16,0.0049909354237539505,0.008130218854862425,0.012017273758936464,0.003285216711187644,0.0025092867884942693,0.0016806348475287836,0.005827569647792297,0.0053640058124666545,0.003970790380568023,0.008057338824906446
rectangle,0.0049909354237539505,1.1102230246251565e-16,0.0031454446388901047,0.007814172706510525,0.010803108228962799,0.006521303006923662,0.00599938414228629,0.004082486445108002,0.002505077779288989,0.0065082971641916565,0.011834896041111875
parallelogram,0.008130218854862425,0.0031454446388901047,0.0,0.0031645947238191363,0.01171000132000144,0.009621438159323703,0.00800977744999265,0.005599561459077362,0.0039509326934003,0.005379505613602342,0.00976427241404354
losange,0.012017273758936464,0.007814172706510525,0.0031645947238191363,0.0,0.013086880979880089,0.012635345064428205,0.011324375456233216,0.007235581826683157,0.0065158563540598236,0.0061874946240125794,0.006999470115750639
isoTrapezoid,0.003285216711187644,0.010803108228962799,0.01171000132000144,0.013086880979880089,0.0,0.0036895666918627112,0.003124613176399782,0.010076297971476467,0.0102594580594213,0.004499541583272149,0.006699424037809543
kite,0.0025092867884942693,0.006521303006923662,0.009621438159323703,0.012635345064428205,0.0036895666918627112,0.0,0.0017334228156322684,0.008616484123315726,0.008371793381577564,0.006692454206921439,0.010210067544935253
rightKite,0.0016806348475287836,0.00599938414228629,0.00800977744999265,0.011324375456233216,0.003124613176399782,0.0017334228156322684,0.0,0.00765580872469962,0.0072350020266601645,0.003920282595280544,0.008797527951476813
rustedHinge,0.005827569647792297,0.004082486445108002,0.005599561459077362,0.007235581826683157,0.010076297971476467,0.008616484123315726,0.00765580872469962,0.0,0.0005776792509829543,0.006463750764131415,0.008391107465211878
hinge,0.0053640058124666545,0.002505077779288989,0.0039509326934003,0.0065158563540598236,0.0102594580594213,0.008371793381577564,0.0072350020266601645,0.0005776792509829543,0.0,0.005841507103489851,0.00873835502383502
trapezoid,0.003970790380568023,0.0065082971641916565,0.005379505613602342,0.0061874946240125794,0.004499541583272149,0.006692454206921439,0.003920282595280544,0.006463750764131415,0.005841507103489851,0.0,0.003350568563247225
random,0.008057338824906446,0.011834896041111875,0.00976427241404354,0.006999470115750639,0.006699424037809543,0.010210067544935253,0.008797527951476813,0.008391107465211878,0.00873835502383502,0.003350568563247225,1.1102230246251565e-16
