,square,rectangle,parallelogram,losange,isoTrapezoid,kite,rightKite,rustedHinge,hinge,trapezoid,random
square,0.0,0.0017018280743265057,0.003282294529467489,0.00438595370891226,0.003944877376953482,0.0037621630467746803,0.0033715722884357646,0.004673828336869801,0.004396592886119155,0.0036643032516328056,0.005386183076162898
rectangle,0.0017018280743265057,0.0,0.0027837353323011405,0.004265083750905396,0.004427766829262492,0.004054113502231282,0.0037931305263225745,0.00414227162251446,0.0036466783641521117,0.003912131407081132,0.005576149655567186
parallelogram,0.003282294529467489,0.0027837353323011405,0.0,0.0009584475683125371,0.004029657314377655,0.003556404071309527,0.0033838161266015465,0.003484735547227391,0.00304064787364966,0.002321547787028533,0.0037105985245330375
losange,0.00438595370891226,0.004265083750905396,0.0009584475683125371,0.0,0.004498430051188107,0.004251300156027704,0.00407643794126733,0.004097070016426563,0.0038324592224767695,0.00242651807322547,0.0033633677881818036
isoTrapezoid,0.003944877376953482,0.004427766829262492,0.004029657314377655,0.004498430051188107,1.1102230246251565e-16,0.0016225788750635628,0.0014705254552372926,0.002752551574789819,0.0027300379695488486,0.0016844391572504724,0.002296438538852308
kite,0.0037621630467746803,0.004054113502231282,0.003556404071309527,0.004251300156027704,0.0016225788750635628,0.0,0.0005897435109638582,0.002253421586689619,0.002114936208890472,0.0021352602939445076,0.0025576026041008726
rightKite,0.0033715722884357646,0.0037931305263225745,0.0033838161266015465,0.00407643794126733,0.0014705254552372926,0.0005897435109638582,0.0,0.002091024084977744,0.002020077345219473,0.0017169908034333492,0.002325011731104998
rustedHinge,0.004673828336869801,0.00414227162251446,0.003484735547227391,0.004097070016426563,0.002752551574789819,0.002253421586689619,0.002091024084977744,0.0,0.00031452136589615876,0.0025569154552590456,0.0025028839943975756
hinge,0.004396592886119155,0.0036466783641521117,0.00304064787364966,0.0038324592224767695,0.0027300379695488486,0.002114936208890472,0.002020077345219473,0.00031452136589615876,0.0,0.0022835217662365848,0.0023652431588009337
trapezoid,0.0036643032516328056,0.003912131407081132,0.002321547787028533,0.00242651807322547,0.0016844391572504724,0.0021352602939445076,0.0017169908034333492,0.0025569154552590456,0.0022835217662365848,2.220446049250313e-16,0.0011524541789249554
random,0.005386183076162898,0.005576149655567186,0.0037105985245330375,0.0033633677881818036,0.002296438538852308,0.0025576026041008726,0.002325011731104998,0.0025028839943975756,0.0023652431588009337,0.0011524541789249554,1.1102230246251565e-16
