,square,rectangle,parallelogram,losange,isoTrapezoid,kite,rightKite,rustedHinge,hinge,trapezoid,random
square,2.220446049250313e-16,0.0006687638610665125,0.0014925604223184896,0.001859406878373493,0.0014638143431282558,0.0015884940098112033,0.0013878611456255019,0.0019126268074791675,0.0018127025279932596,0.0015588029755477795,0.0021391726241243303
rectangle,0.0006687638610665125,0.0,0.0012936696406191661,0.001821927036785076,0.001768245971844662,0.0017933116457310438,0.0016309441259826363,0.0017752921354078355,0.0015925696690120006,0.0017287440035108625,0.002336190021528961
parallelogram,0.0014925604223184896,0.0012936696406191661,2.220446049250313e-16,0.0004302070334738506,0.001785716820534522,0.0017006471260410105,0.0016131916602981633,0.00163262204718706,0.0014367222987754502,0.0011212923995053137,0.001681381119769343
losange,0.001859406878373493,0.001821927036785076,0.0004302070334738506,0.0,0.0019462510896501861,0.001935311967803055,0.001844680623822037,0.0018181047899663572,0.0017034012016742262,0.001142691794317252,0.001498148680410205
isoTrapezoid,0.0014638143431282558,0.001768245971844662,0.001785716820534522,0.0019462510896501861,2.220446049250313e-16,0.0007234570420031616,0.0006193472070932238,0.001264130500495786,0.0012529955457775133,0.0007348406443381528,0.0009971903795371606
kite,0.0015884940098112033,0.0017933116457310438,0.0017006471260410105,0.001935311967803055,0.0007234570420031616,0.0,0.0002817872309477387,0.0011014581034420878,0.0010258874809903062,0.0010074216465157937,0.0011492133004182836
rightKite,0.0013878611456255019,0.0016309441259826363,0.0016131916602981633,0.001844680623822037,0.0006193472070932238,0.0002817872309477387,0.0,0.0009865059394982278,0.0009350883837742074,0.0007715071021469067,0.0010135345135493523
rustedHinge,0.0019126268074791675,0.0017752921354078355,0.00163262204718706,0.0018181047899663572,0.001264130500495786,0.0011014581034420878,0.0009865059394982278,0.0,0.00013938528897794455,0.0011554983929386031,0.00110572980040069
hinge,0.0018127025279932596,0.0015925696690120006,0.0014367222987754502,0.0017034012016742262,0.0012529955457775133,0.0010258874809903062,0.0009350883837742074,0.00013938528897794455,0.0,0.0010342387698013544,0.0010274273596527772
trapezoid,0.0015588029755477795,0.0017287440035108625,0.0011212923995053137,0.001142691794317252,0.0007348406443381528,0.0010074216465157937,0.0007715071021469067,0.0011554983929386031,0.0010342387698013544,0.0,0.0004958920023179214
random,0.0021391726241243303,0.002336190021528961,0.001681381119769343,0.001498148680410205,0.0009971903795371606,0.0011492133004182836,0.0010135345135493523,0.00110572980040069,0.0010274273596527772,0.0004958920023179214,0.0
