,square,rectangle,parallelogram,losange,isoTrapezoid,kite,rightKite,rustedHinge,hinge,trapezoid,random
square,0.0,0.05670126143218457,0.08570732163792061,0.12025592978173694,0.03326846464178512,0.02243415310764718,0.014601887800294144,0.05929905014489156,0.058106590553577586,0.0361999522438915,0.07841391113768192
rectangle,0.05670126143218457,0.0,0.028139416126293115,0.07051547317839046,0.10998525148652571,0.0674757782313612,0.06303112591110716,0.03741072678849999,0.02339424237516441,0.06598683818625173,0.11852599395786823
parallelogram,0.08570732163792061,0.028139416126293115,1.1102230246251565e-16,0.030173474713399595,0.12215588147061684,0.09553170101705444,0.08323233765342453,0.050449613286600026,0.035742342065803956,0.06367268475082966,0.10498028300168138
losange,0.12025592978173694,0.07051547317839046,0.030173474713399595,0.0,0.13153368455615155,0.12457303798502517,0.11305649983048749,0.06524323339021398,0.057893819003930425,0.06865339618957333,0.07392687551551524
isoTrapezoid,0.03326846464178512,0.10998525148652571,0.12215588147061684,0.13153368455615155,2.220446049250313e-16,0.0358723496648512,0.03046740385365343,0.09968130390401986,0.10474777517611866,0.042712871805612895,0.0628221172473461
kite,0.02243415310764718,0.0674757782313612,0.09553170101705444,0.12457303798502517,0.0358723496648512,0.0,0.015669635087957712,0.08601166036557384,0.08506251098413731,0.05904852687644879,0.09593551709773884
rightKite,0.014601887800294144,0.06303112591110716,0.08323233765342453,0.11305649983048749,0.03046740385365343,0.015669635087957712,0.0,0.07485662768042989,0.07323762417548085,0.03493951275925422,0.08281158196354621
rustedHinge,0.05929905014489156,0.03741072678849999,0.050449613286600026,0.06524323339021398,0.09968130390401986,0.08601166036557384,0.07485662768042989,0.0,0.00589344946555026,0.06169486486448805,0.08616767746633336
hinge,0.058106590553577586,0.02339424237516441,0.035742342065803956,0.057893819003930425,0.10474777517611866,0.08506251098413731,0.07323762417548085,0.00589344946555026,0.0,0.05800845178147529,0.09014200020700514
trapezoid,0.0361999522438915,0.06598683818625173,0.06367268475082966,0.06865339618957333,0.042712871805612895,0.05904852687644879,0.03493951275925422,0.06169486486448805,0.05800845178147529,0.0,0.03505469783659276
random,0.07841391113768192,0.11852599395786823,0.10498028300168138,0.07392687551551524,0.0628221172473461,0.09593551709773884,0.08281158196354621,0.08616767746633336,0.09014200020700514,0.03505469783659276,1.1102230246251565e-16
