,square,rectangle,parallelogram,losange,isoTrapezoid,kite,rightKite,rustedHinge,hinge,trapezoid,random
square,1.1102230246251565e-16,0.005230202029678721,0.009228021656102259,0.013789210862698575,0.003642649412714416,0.0027470531548969834,0.0018841380659572193,0.006408234874329621,0.005785245451186749,0.004574281684543102,0.009062847066290125
rectangle,0.005230202029678721,0.0,0.0036968974214093286,0.009136283736444706,0.011564212373972316,0.007080150930880991,0.006497594855437661,0.004668977121589757,0.0028401761296850125,0.007311825921877069,0.013380039142142697
parallelogram,0.009228021656102259,0.0036968974214093286,0.0,0.0034584391367948886,0.01304759388408494,0.011045595108749806,0.009080022717964376,0.006587709978178147,0.004653119144563123,0.0059397546431672055,0.0110013068491438
losange,0.013789210862698575,0.009136283736444706,0.0034584391367948886,0.0,0.014837344871067026,0.01468907729566804,0.01296298548130459,0.008596053074621524,0.007761001550316671,0.006875293673287319,0.008000839731731824
isoTrapezoid,0.003642649412714416,0.011564212373972316,0.01304759388408494,0.014837344871067026,1.1102230246251565e-16,0.003972931053332518,0.003348730571820502,0.011081106461438783,0.011168349142228973,0.004917589951254464,0.007291585982002191
kite,0.0027470531548969834,0.007080150930880991,0.011045595108749806,0.01468907729566804,0.003972931053332518,1.1102230246251565e-16,0.0019570688945586,0.009595949139714954,0.009278165983292896,0.007715392422906753,0.011631164473044242
rightKite,0.0018841380659572193,0.006497594855437661,0.009080022717964376,0.01296298548130459,0.003348730571820502,0.0019570688945586,0.0,0.008629823627640532,0.008078282754632071,0.004382788241574231,0.009744992232858185
rustedHinge,0.006408234874329621,0.004668977121589757,0.006587709978178147,0.008596053074621524,0.011081106461438783,0.009595949139714954,0.008629823627640532,1.1102230246251565e-16,0.0006785047528837795,0.007365055404368381,0.009546725977573667
hinge,0.005785245451186749,0.0028401761296850125,0.004653119144563123,0.007761001550316671,0.011168349142228973,0.009278165983292896,0.008078282754632071,0.0006785047528837795,0.0,0.006615678811184744,0.009888334232350804
trapezoid,0.004574281684543102,0.007311825921877069,0.0059397546431672055,0.006875293673287319,0.004917589951254464,0.007715392422906753,0.004382788241574231,0.007365055404368381,0.006615678811184744,0.0,0.0035261130021478904
random,0.009062847066290125,0.013380039142142697,0.0110013068491438,0.008000839731731824,0.007291585982002191,0.011631164473044242,0.009744992232858185,0.009546725977573667,0.009888334232350804,0.0035261130021478904,0.0
