,square,rectangle,parallelogram,losange,isoTrapezoid,kite,rightKite,rustedHinge,hinge,trapezoid,random
square,0.23974968194961183,0.3018754546711113,0.45813141143126496,0.5752706878235965,0.43839415688973093,0.37305434073556154,0.36077837581331573,0.4484560407178963,0.4104094940958219,0.43067362041419305,0.5270077582139195
rectangle,0.3018754546711113,0.23945024905725465,0.4005914571146069,0.5487178431158555,0.5047420689562035,0.40893717492063775,0.40398353017749716,0.4311421766411988,0.3785854951205401,0.4667475698072396,0.5751820177612973
parallelogram,0.45813141143126485,0.400591457114607,0.2868014523068251,0.39607461992992665,0.5357406439757388,0.4970336569957528,0.46377111934056886,0.48500754852481925,0.44824595730295536,0.4221418081399934,0.5223900873410466
losange,0.5752706878235965,0.5487178431158555,0.39607461992992665,0.30690130034649027,0.5664413970492918,0.5675320084693584,0.5450939616386962,0.5451800550477626,0.5418428051408173,0.4430305294599997,0.48088883308572683
isoTrapezoid,0.43839415688973093,0.5047420689562035,0.5357406439757388,0.5664413970492918,0.3221365874699875,0.43156005103536943,0.4071354605686363,0.5537495135844018,0.5433391701837472,0.40654046384861003,0.4412786208393421
kite,0.37305434073556154,0.40893717492063775,0.4970336569957528,0.5675320084693584,0.4315600510353695,0.3106241029113779,0.34647570329827704,0.5040179211885399,0.48667877071667737,0.4778963836870344,0.5380045762148797
rightKite,0.3607783758133158,0.40398353017749716,0.46377111934056886,0.5450939616386962,0.4071354605686363,0.346475703298277,0.30423784964041095,0.49326592468950525,0.4787072441545201,0.41579159945843364,0.5094771555879196
rustedHinge,0.4484560407178963,0.4311421766411988,0.48500754852481925,0.5451800550477626,0.5537495135844017,0.5040179211885399,0.49326592468950536,0.3097190027991506,0.32503945142185436,0.5111336340950071,0.5221875052494819
hinge,0.4104094940958219,0.3785854951205401,0.44824595730295524,0.5418428051408173,0.5433391701837471,0.48667877071667737,0.4787072441545201,0.3250394514218544,0.3025850423534396,0.49739358692103036,0.5300013724529476
trapezoid,0.4306736204141931,0.4667475698072395,0.4221418081399934,0.4430305294599997,0.4065404638486101,0.4778963836870344,0.41579159945843364,0.5111336340950071,0.4973935869210304,0.3130517434597439,0.39261526239423933
random,0.5270077582139195,0.5751820177612973,0.5223900873410466,0.48088883308572683,0.4412786208393421,0.5380045762148797,0.5094771555879196,0.5221875052494819,0.5300013724529476,0.39261526239423933,0.3202955942396954
