,square,rectangle,parallelogram,losange,isoTrapezoid,kite,rightKite,rustedHinge,hinge,trapezoid,random
square,0.05277100986360451,0.061350545579989466,0.06603928348667433,0.07126945383597132,0.057424723248659194,0.05597848711186566,0.055261404699419536,0.06261269875160068,0.061891243091211925,0.05852976336426794,0.06287113843569339
rectangle,0.061350545579989466,0.05351034653132964,0.059259425636595406,0.06367315803463533,0.0659658607667682,0.06207615379872027,0.06206144129985967,0.058797971709302344,0.056849662754571935,0.06264497938385163,0.06554091046422995
parallelogram,0.06603928348667433,0.059259425636595406,0.05643531210324948,0.06147147753126227,0.06804470312302907,0.06653238577910693,0.06554337714270918,0.06220129127418962,0.06028614229923121,0.06473044486550573,0.0673382085382093
losange,0.07126945383597132,0.06367315803463533,0.06147147753126227,0.056723647708971946,0.07014321802982312,0.06992852864493598,0.0704452406104533,0.06342189140594484,0.06262821621802758,0.06758893173312366,0.0659611853066135
isoTrapezoid,0.057424723248659194,0.0659658607667682,0.06804470312302906,0.07014321802982311,0.05343650575540924,0.058086051702052645,0.05789459044162191,0.06609376352356537,0.06589924332742055,0.059781271657757554,0.06257115502487316
kite,0.05597848711186566,0.06207615379872027,0.06653238577910695,0.06992852864493597,0.05808605170205266,0.05265945908205549,0.05538447459892527,0.06399768655527233,0.06351222358021026,0.0609892230213396,0.06362208107770405
rightKite,0.055261404699419536,0.06206144129985965,0.06554337714270918,0.0704452406104533,0.057894590441621895,0.05538447459892527,0.053377615302286005,0.0633941066264487,0.06273823871084291,0.058999046820494394,0.06431704423972057
rustedHinge,0.06261269875160068,0.05879797170930236,0.06220129127418962,0.06342189140594484,0.06609376352356537,0.06399768655527233,0.0633941066264487,0.055855658543116096,0.05599697725591298,0.06339140860104318,0.06392302136740009
hinge,0.06189124309121194,0.05684966275457195,0.060286142299231196,0.06262821621802758,0.06589924332742052,0.06351222358021026,0.06273823871084291,0.05599697725591298,0.0547895048939495,0.06260013147317939,0.06398152603637222
trapezoid,0.05852976336426795,0.06264497938385163,0.06473044486550575,0.06758893173312366,0.059781271657757554,0.0609892230213396,0.058999046820494394,0.06339140860104318,0.06260013147317939,0.05421643016508062,0.06014137475574487
random,0.06287113843569339,0.06554091046422995,0.0673382085382093,0.0659611853066135,0.06257115502487316,0.06362208107770405,0.06431704423972057,0.0639230213674001,0.06398152603637222,0.06014137475574485,0.0548857958759822
