,square,rectangle,parallelogram,losange,isoTrapezoid,kite,rightKite,rustedHinge,hinge,trapezoid,random
square,0.0,0.026676638979260092,0.04453296117989136,0.06182529227797284,0.017285327669361972,0.013117532529251297,0.009790013246388396,0.030643366629819813,0.02806761876267405,0.020390803003301206,0.038299806866615826
rectangle,0.026676638979260092,0.0,0.018839172668955406,0.037825867755287734,0.048314704289440846,0.03304243680865249,0.03148256893692125,0.020350540700907027,0.012560380293954565,0.03418918290682771,0.05346911276943467
parallelogram,0.04453296117989136,0.018839172668955406,1.1102230246251565e-16,0.016373897873380283,0.05638755343799029,0.05060671959973895,0.042503014698462516,0.0316179846835718,0.023002571730468047,0.031102019636056966,0.047720616424365536
losange,0.06182529227797284,0.037825867755287734,0.016373897873380283,0.0,0.06247009554287519,0.0643856825391238,0.05811003483170807,0.039151359019408916,0.034819368745842016,0.035006377861871774,0.03749265666245105
isoTrapezoid,0.017285327669361972,0.048314704289440846,0.05638755343799029,0.06247009554287519,0.0,0.018809061880560085,0.016609384409935535,0.04760700328964684,0.047105993424001014,0.02138385432520662,0.030062427028768046
kite,0.013117532529251297,0.03304243680865249,0.05060671959973895,0.0643856825391238,0.018809061880560085,0.0,0.010179800942919148,0.04189644608441567,0.04058671151068893,0.03404062437540967,0.04825917666728652
rightKite,0.009790013246388396,0.03148256893692125,0.042503014698462516,0.05811003483170807,0.016609384409935535,0.010179800942919148,0.0,0.039147629173242104,0.03690159976268026,0.01971223562596791,0.040691044941776666
rustedHinge,0.030643366629819813,0.020350540700907027,0.0316179846835718,0.039151359019408916,0.04760700328964684,0.04189644608441567,0.039147629173242104,0.0,0.00372151908935503,0.03549728128354357,0.041837064362268306
hinge,0.02806761876267405,0.012560380293954565,0.023002571730468047,0.034819368745842016,0.047105993424001014,0.04058671151068893,0.03690159976268026,0.00372151908935503,0.0,0.032012296265664264,0.04188771951082426
trapezoid,0.020390803003301206,0.03418918290682771,0.031102019636056966,0.035006377861871774,0.02138385432520662,0.03404062437540967,0.01971223562596791,0.03549728128354357,0.032012296265664264,0.0,0.016428840421393143
random,0.038299806866615826,0.05346911276943467,0.047720616424365536,0.03749265666245105,0.030062427028768046,0.04825917666728652,0.040691044941776666,0.041837064362268306,0.04188771951082426,0.016428840421393143,1.1102230246251565e-16
