,square,rectangle,parallelogram,losange,isoTrapezoid,kite,rightKite,rustedHinge,hinge,trapezoid,random
square,0.0,0.09811692016030205,0.21437133842882938,0.27005607834980405,0.2007700150820927,0.17544739397948028,0.15204120867399085,0.23811996537501623,0.18658525393889236,0.18838352946215542,0.275445056644096
rectangle,0.09811692016030205,0.0,0.16769362526038056,0.24934120815066774,0.24878089979523577,0.210011967480498,0.20280581040794943,0.22670294766352306,0.15183704224312833,0.20977838404064397,0.2891083805144845
parallelogram,0.21437133842882938,0.16769362526038056,0.0,0.06222033560889162,0.2485040884049703,0.19156223141698236,0.20758821670106276,0.21548414120451453,0.1605190630907729,0.1517058029280557,0.2063127644345133
losange,0.27005607834980405,0.24934120815066774,0.06222033560889162,0.0,0.27395363008194795,0.23002602804076522,0.24509618034443603,0.25050373311125684,0.21437648243881546,0.17553961607630342,0.20024084494365346
isoTrapezoid,0.2007700150820927,0.24878089979523577,0.2485040884049703,0.27395363008194795,0.0,0.10833826900246823,0.08941893362777875,0.2162951663111493,0.20059131497888494,0.0980423520298932,0.15766907961233745
kite,0.17544739397948028,0.210011967480498,0.19156223141698236,0.23002602804076522,0.10833826900246823,0.0,0.05309545945758165,0.18261766916915578,0.15629506620802003,0.13528489549804312,0.1723926685181083
rightKite,0.15204120867399085,0.20280581040794943,0.20758821670106276,0.24509618034443603,0.08941893362777875,0.05309545945758165,0.0,0.17293747343875232,0.14953519997883424,0.10930099322108011,0.17910145293402768
rustedHinge,0.23811996537501623,0.22670294766352306,0.21548414120451453,0.25050373311125684,0.2162951663111493,0.18261766916915578,0.17293747343875232,1.1102230246251565e-16,0.03989598430798269,0.19921270898848398,0.1941669015337366
hinge,0.18658525393889236,0.15183704224312833,0.1605190630907729,0.21437648243881546,0.20059131497888494,0.15629506620802003,0.14953519997883424,0.03989598430798269,0.0,0.1683021831305933,0.19053572040709554
trapezoid,0.18838352946215542,0.20977838404064397,0.1517058029280557,0.17553961607630342,0.0980423520298932,0.13528489549804312,0.10930099322108011,0.19921270898848398,0.1683021831305933,0.0,0.08731795026244671
random,0.275445056644096,0.2891083805144845,0.2063127644345133,0.20024084494365346,0.15766907961233745,0.1723926685181083,0.17910145293402768,0.1941669015337366,0.19053572040709554,0.08731795026244671,0.0
