,square,rectangle,parallelogram,losange,isoTrapezoid,kite,rightKite,rustedHinge,hinge,trapezoid,random
square,0.0,0.07249091139444819,0.11751990003549351,0.14391548157888778,0.11489753034665884,0.10175671884916049,0.09648772686861606,0.12471831259675215,0.10893158489271215,0.10747389423497544,0.14345830659583914
rectangle,0.07249091139444819,0.0,0.10402782744480321,0.140289908843389,0.13511419155422244,0.12064907374753597,0.12162804678440797,0.11656684127398353,0.08977266324516031,0.11785835882586748,0.15193151193433807
parallelogram,0.11751990003549351,0.10402782744480321,1.1102230246251565e-16,0.04081951774219339,0.12646817113855224,0.10790002775113117,0.11451901460070468,0.11192164035357077,0.09544293059320152,0.08772335689419908,0.11540897858470556
losange,0.14391548157888778,0.140289908843389,0.04081951774219339,0.0,0.13990736652150115,0.13036923174671788,0.13508427286625813,0.12695152837639123,0.11880446201701311,0.09740828886795783,0.10897365921273539
isoTrapezoid,0.11489753034665884,0.13511419155422244,0.12646817113855224,0.13990736652150115,0.0,0.05707682762741906,0.05355642190386378,0.10956871818071501,0.1015947212392101,0.04941016576840529,0.07909830230128356
kite,0.10175671884916049,0.12064907374753597,0.10790002775113117,0.13036923174671788,0.05707682762741906,1.1102230246251565e-16,0.03182095531526885,0.09234429963813451,0.08069503219167029,0.07107173021894253,0.09041815690099331
rightKite,0.09648772686861606,0.12162804678440797,0.11451901460070468,0.13508427286625813,0.05355642190386378,0.03182095531526885,0.0,0.08725575309131639,0.07595187800793601,0.0610979422335981,0.09611614588349282
rustedHinge,0.12471831259675215,0.11656684127398353,0.11192164035357077,0.12695152837639123,0.10956871818071501,0.09234429963813451,0.08725575309131639,1.1102230246251565e-16,0.024338676927684988,0.09802994082104488,0.09821888583522942
hinge,0.10893158489271215,0.08977266324516031,0.09544293059320152,0.11880446201701311,0.1015947212392101,0.08069503219167029,0.07595187800793601,0.024338676927684988,0.0,0.08674454037165802,0.09851955994654638
trapezoid,0.10747389423497544,0.11785835882586748,0.08772335689419908,0.09740828886795783,0.04941016576840529,0.07107173021894253,0.0610979422335981,0.09802994082104488,0.08674454037165802,1.1102230246251565e-16,0.05047955519887215
random,0.14345830659583914,0.15193151193433807,0.11540897858470556,0.10897365921273539,0.07909830230128356,0.09041815690099331,0.09611614588349282,0.09821888583522942,0.09851955994654638,0.05047955519887215,0.0
