,square,rectangle,parallelogram,losange,isoTrapezoid,kite,rightKite,rustedHinge,hinge,trapezoid,random
square,2.220446049250313e-16,0.038944792191878186,0.0692560238820944,0.08075924463772644,0.06943805761167576,0.05781434787683648,0.055719489154639756,0.071613834093466,0.06351813949373697,0.06339013145756078,0.08283793842789378
rectangle,0.038944792191878186,2.220446049250313e-16,0.05962870854140134,0.0757484410028344,0.0883875589257258,0.07529039162213147,0.07564528167261997,0.07403370179711899,0.05927598915375931,0.0734409568729516,0.09414145634284321
parallelogram,0.0692560238820944,0.05962870854140134,0.0,0.020746895436355217,0.07851359749008402,0.06496621795157209,0.06757715678560483,0.06408049604374244,0.054407218702565485,0.050094948316358745,0.06828699569784924
losange,0.08075924463772644,0.0757484410028344,0.020746895436355217,0.0,0.08231048390023232,0.07443892192452628,0.07610963941618942,0.07005714213130787,0.06435658647209885,0.05292887335173391,0.061532109218856545
isoTrapezoid,0.06943805761167576,0.0883875589257258,0.07851359749008402,0.08231048390023232,0.0,0.03608998831401389,0.03487734808717491,0.06789504424599557,0.06536991238585377,0.03267337521493463,0.0484197414231351
kite,0.05781434787683648,0.07529039162213147,0.06496621795157209,0.07443892192452628,0.03608998831401389,0.0,0.01730334275441514,0.05217696359984114,0.047136651932258355,0.04335114753960323,0.054076356165388306
rightKite,0.055719489154639756,0.07564528167261997,0.06757715678560483,0.07610963941618942,0.03487734808717491,0.01730334275441514,0.0,0.049137060852355696,0.04340470781250849,0.036103895453128865,0.05548196221017865
rustedHinge,0.071613834093466,0.07403370179711899,0.06408049604374244,0.07005714213130787,0.06789504424599557,0.05217696359984114,0.049137060852355696,0.0,0.014544882885944133,0.056456377672207014,0.05738575723823558
hinge,0.06351813949373697,0.05927598915375931,0.054407218702565485,0.06435658647209885,0.06536991238585377,0.047136651932258355,0.04340470781250849,0.014544882885944133,2.220446049250313e-16,0.0505760920605729,0.058737675408694345
trapezoid,0.06339013145756078,0.0734409568729516,0.050094948316358745,0.05292887335173391,0.03267337521493463,0.04335114753960323,0.036103895453128865,0.056456377672207014,0.0505760920605729,0.0,0.03070278765026757
random,0.08283793842789378,0.09414145634284321,0.06828699569784924,0.061532109218856545,0.0484197414231351,0.054076356165388306,0.05548196221017865,0.05738575723823558,0.058737675408694345,0.03070278765026757,0.0
