,square,rectangle,parallelogram,losange,isoTrapezoid,kite,rightKite,rustedHinge,hinge,trapezoid,random
square,1.1102230246251565e-16,0.11296884354419734,0.20539528178864952,0.24835498553013613,0.20870315178265508,0.1804557178703241,0.16880221600842593,0.22609792568809617,0.188759469059937,0.19082833386964437,0.25472733340408826
rectangle,0.11296884354419734,0.0,0.17482458694541136,0.2410023270694469,0.2397994619800381,0.20784662418907662,0.201676628036498,0.21209433916000098,0.15508136106646653,0.2044976385888676,0.2662703234849587
parallelogram,0.20539528178864952,0.17482458694541136,1.1102230246251565e-16,0.06340068904807661,0.22446368634752834,0.1824745969897742,0.1911400133555644,0.19482977209536811,0.1587735997863935,0.15141030100916397,0.1988788576485997
losange,0.24835498553013613,0.2410023270694469,0.06340068904807661,0.0,0.24386860477927796,0.2140255409063947,0.2222473528115242,0.22084508572645423,0.19969965005903945,0.1662054407825988,0.19068734619898509
isoTrapezoid,0.20870315178265508,0.2397994619800381,0.22446368634752834,0.24386860477927796,1.1102230246251565e-16,0.09796691336306707,0.08421661166789485,0.19242207898635344,0.17675656084533942,0.08422628253352826,0.13775443917720853
kite,0.1804557178703241,0.20784662418907662,0.1824745969897742,0.2140255409063947,0.09796691336306707,1.1102230246251565e-16,0.04835216608949633,0.1575792973879544,0.13860448546256043,0.12286901983337895,0.15217963050546401
rightKite,0.16880221600842593,0.201676628036498,0.1911400133555644,0.2222473528115242,0.08421661166789485,0.04835216608949633,1.1102230246251565e-16,0.14771057502348695,0.12747054953175352,0.09524323394531409,0.1535706517410409
rustedHinge,0.22609792568809617,0.21209433916000098,0.19482977209536811,0.22084508572645423,0.19242207898635344,0.1575792973879544,0.14771057502348695,1.1102230246251565e-16,0.03921666103653243,0.17374249528661856,0.16492454839861148
hinge,0.188759469059937,0.15508136106646653,0.1587735997863935,0.19969965005903945,0.17675656084533942,0.13860448546256043,0.12747054953175352,0.03921666103653243,0.0,0.1488257339283957,0.16419580864772787
trapezoid,0.19082833386964437,0.2044976385888676,0.15141030100916397,0.1662054407825988,0.08422628253352826,0.12286901983337895,0.09524323394531409,0.17374249528661856,0.1488257339283957,0.0,0.08527798042783807
random,0.25472733340408826,0.2662703234849587,0.1988788576485997,0.19068734619898509,0.13775443917720853,0.15217963050546401,0.1535706517410409,0.16492454839861148,0.16419580864772787,0.08527798042783807,0.0
