,square,rectangle,parallelogram,losange,isoTrapezoid,kite,rightKite,rustedHinge,hinge,trapezoid,random
square,0.0,0.006167428142128228,0.01049456365967838,0.01363818703858144,0.0035134191986275765,0.0023971482358986496,0.0019035939350440234,0.006747729358961063,0.006409261947532885,0.004213639535546654,0.008226472866669776
rectangle,0.006167428142128228,0.0,0.0038571171095850287,0.00700460184595042,0.009841782890524953,0.006632583567457662,0.006631955614575302,0.004016176132968896,0.0025137829486886476,0.0069543225437136424,0.010843318059769569
parallelogram,0.01049456365967838,0.0038571171095850287,0.0,0.0036292014529842875,0.01248085534178256,0.010888391446457035,0.009384562835297539,0.005766219693578489,0.004266516434414669,0.007385830240898006,0.0104175927506156
losange,0.01363818703858144,0.00700460184595042,0.0036292014529842875,0.0,0.013394552501462709,0.013350817344731758,0.012482815352132137,0.006715901932189183,0.006047039148495026,0.008016818708094675,0.008086308427783906
isoTrapezoid,0.0035134191986275765,0.009841782890524953,0.01248085534178256,0.013394552501462709,0.0,0.003720149525892058,0.003306090745284207,0.00935987161445373,0.009520847323453263,0.004322587926226529,0.006366421845811043
kite,0.0023971482358986496,0.006632583567457662,0.010888391446457035,0.013350817344731758,0.003720149525892058,0.0,0.002025518730587872,0.008406918971406663,0.008120043589109449,0.006595033072964607,0.009770821051675371
rightKite,0.0019035939350440234,0.006631955614575302,0.009384562835297539,0.012482815352132137,0.003306090745284207,0.002025518730587872,0.0,0.007610383134273424,0.0073046389466345785,0.003951705262023486,0.008361730983685312
rustedHinge,0.006747729358961063,0.004016176132968896,0.005766219693578489,0.006715901932189183,0.00935987161445373,0.008406918971406663,0.007610383134273424,0.0,0.0007586818117156779,0.00661556739834257,0.007866733845113827
hinge,0.006409261947532885,0.0025137829486886476,0.004266516434414669,0.006047039148495026,0.009520847323453263,0.008120043589109449,0.0073046389466345785,0.0007586818117156779,0.0,0.0061894264740191,0.008179540485688142
trapezoid,0.004213639535546654,0.0069543225437136424,0.007385830240898006,0.008016818708094675,0.004322587926226529,0.006595033072964607,0.003951705262023486,0.00661556739834257,0.0061894264740191,0.0,0.00378970260699385
random,0.008226472866669776,0.010843318059769569,0.0104175927506156,0.008086308427783906,0.006366421845811043,0.009770821051675371,0.008361730983685312,0.007866733845113827,0.008179540485688142,0.00378970260699385,0.0
