,square,rectangle,parallelogram,losange,isoTrapezoid,kite,rightKite,rustedHinge,hinge,trapezoid,random
square,0.0,0.035292373685165024,0.06972086784002507,0.09660614680991464,0.027064687452043046,0.022583997407493506,0.01880881230285847,0.04887645816347619,0.043264733890743035,0.033678869274257006,0.06047556819974753
rectangle,0.035292373685165024,0.0,0.03239549127132768,0.06578991074941143,0.0705316366262636,0.04803446116876875,0.04624393757340994,0.0344740052372422,0.02205105425415832,0.05075509205443984,0.0830628686546615
parallelogram,0.06972086784002507,0.03239549127132768,0.0,0.02517659359987956,0.08646304567404661,0.07895125863172103,0.06589932222890982,0.05262294944742041,0.03870581314626376,0.044709058265790746,0.07210476885964223
losange,0.09660614680991464,0.06578991074941143,0.02517659359987956,1.1102230246251565e-16,0.09629180331509668,0.0994508651398529,0.08748234641868047,0.06744530339617671,0.0596058263687006,0.05059704698010459,0.05784727692344749
isoTrapezoid,0.027064687452043046,0.0705316366262636,0.08646304567404661,0.09629180331509668,0.0,0.027352612445708746,0.023834181506483088,0.07312623090045989,0.0717171654339519,0.03283487293994469,0.044570999746285644
kite,0.022583997407493506,0.04803446116876875,0.07895125863172103,0.0994508651398529,0.027352612445708746,0.0,0.015526218895198007,0.06299197295757153,0.060639313310191234,0.05385643924104366,0.0735185857986479
rightKite,0.01880881230285847,0.04624393757340994,0.06589932222890982,0.08748234641868047,0.023834181506483088,0.015526218895198007,0.0,0.06068109733480753,0.056669838170289255,0.03026199049414746,0.058844666172307436
rustedHinge,0.04887645816347619,0.0344740052372422,0.05262294944742041,0.06744530339617671,0.07312623090045989,0.06299197295757153,0.06068109733480753,0.0,0.00556037386368935,0.05654277648103867,0.06622137578554554
hinge,0.043264733890743035,0.02205105425415832,0.03870581314626376,0.0596058263687006,0.0717171654339519,0.060639313310191234,0.056669838170289255,0.00556037386368935,0.0,0.05003886173025207,0.06472695521320015
trapezoid,0.033678869274257006,0.05075509205443984,0.044709058265790746,0.05059704698010459,0.03283487293994469,0.05385643924104366,0.03026199049414746,0.05654277648103867,0.05003886173025207,0.0,0.022329137074899585
random,0.06047556819974753,0.0830628686546615,0.07210476885964223,0.05784727692344749,0.044570999746285644,0.0735185857986479,0.058844666172307436,0.06622137578554554,0.06472695521320015,0.022329137074899585,0.0
