,square,rectangle,parallelogram,losange,isoTrapezoid,kite,rightKite,rustedHinge,hinge,trapezoid,random
square,0.0,0.0062057340232930525,0.008560300485625949,0.010362295073983563,0.008316532881609051,0.0074223688338472815,0.007340126464319585,0.010033119789763623,0.00892673056756077,0.0074163534762421435,0.010062306216131911
rectangle,0.0062057340232930525,0.0,0.006573879245873715,0.009731887262821148,0.011430464522300454,0.01003607607684509,0.010264076441120262,0.01166844431531422,0.008629871560251634,0.008682462679092784,0.011984443448638582
parallelogram,0.008560300485625949,0.006573879245873715,0.0,0.002597973364332651,0.009847847138503396,0.00928417301202178,0.00907887924215145,0.009266254605920676,0.007371346651250055,0.006052992642247124,0.008718529419966758
losange,0.010362295073983563,0.009731887262821148,0.002597973364332651,0.0,0.00954745053781314,0.010001100027307586,0.009504289731299798,0.009210298715874754,0.008269695998253446,0.005785455512993032,0.006879233437427024
isoTrapezoid,0.008316532881609051,0.011430464522300454,0.009847847138503396,0.00954745053781314,2.220446049250313e-16,0.003969686289850505,0.004293562281723506,0.00926467361626504,0.00886603666440322,0.003941332323808,0.005441176772029821
kite,0.0074223688338472815,0.01003607607684509,0.00928417301202178,0.010001100027307586,0.003969686289850505,0.0,0.002054929585173393,0.007566850661625102,0.006324179391049567,0.005341372817739498,0.006633701088734512
rightKite,0.007340126464319585,0.010264076441120262,0.00907887924215145,0.009504289731299798,0.004293562281723506,0.002054929585173393,0.0,0.006683790325989092,0.0052269770239120605,0.00393733219739878,0.006284599628028631
rustedHinge,0.010033119789763623,0.01166844431531422,0.009266254605920676,0.009210298715874754,0.00926467361626504,0.007566850661625102,0.006683790325989092,0.0,0.001838967468581032,0.007836975264190582,0.007606663831194349
hinge,0.00892673056756077,0.008629871560251634,0.007371346651250055,0.008269695998253446,0.00886603666440322,0.006324179391049567,0.0052269770239120605,0.001838967468581032,0.0,0.006341183371414094,0.007483478086603101
trapezoid,0.0074163534762421435,0.008682462679092784,0.006052992642247124,0.005785455512993032,0.003941332323808,0.005341372817739498,0.00393733219739878,0.007836975264190582,0.006341183371414094,2.220446049250313e-16,0.0033125036687732257
random,0.010062306216131911,0.011984443448638582,0.008718529419966758,0.006879233437427024,0.005441176772029821,0.006633701088734512,0.006284599628028631,0.007606663831194349,0.007483478086603101,0.0033125036687732257,0.0
