,square,rectangle,parallelogram,losange,isoTrapezoid,kite,rightKite,rustedHinge,hinge,trapezoid,random
square,0.0,0.009117053400359731,0.01467477861230615,0.020598231254381205,0.005606406186607904,0.004050011169251522,0.0029706717032306207,0.010181332362281581,0.00949634550426226,0.006467067389575143,0.012099039162551728
rectangle,0.009117053400359731,2.220446049250313e-16,0.005887610513927388,0.012105682527504547,0.015693346851162415,0.010816061561205959,0.010256417325541056,0.006317041682107227,0.003996530044627966,0.010922359877231114,0.01706909972810644
parallelogram,0.01467477861230615,0.005887610513927388,0.0,0.005588732028224297,0.01837753624064342,0.016283978298457513,0.013757952319316424,0.009430871113401684,0.0068893503810179,0.010516123475352912,0.015845142494907982
losange,0.020598231254381205,0.012105682527504547,0.005588732028224297,2.220446049250313e-16,0.020733389202316266,0.021057082072640232,0.019124321187172777,0.011774868962928675,0.0106190536387889,0.012005518445187047,0.012497398787946867
isoTrapezoid,0.005606406186607904,0.015693346851162415,0.01837753624064342,0.020733389202316266,0.0,0.0056909518873003995,0.005164314613898546,0.015287748041520888,0.015343311077827049,0.00710664508010439,0.009737945111777058
kite,0.004050011169251522,0.010816061561205959,0.016283978298457513,0.021057082072640232,0.0056909518873003995,0.0,0.003195304987382519,0.013381338660304998,0.01307852014841382,0.010607175321774909,0.014927925716706536
rightKite,0.0029706717032306207,0.010256417325541056,0.013757952319316424,0.019124321187172777,0.005164314613898546,0.003195304987382519,0.0,0.012211192763401768,0.011637692290753066,0.0062418860550731425,0.012656638008228693
rustedHinge,0.010181332362281581,0.006317041682107227,0.009430871113401684,0.011774868962928675,0.015287748041520888,0.013381338660304998,0.012211192763401768,0.0,0.0012220885853639896,0.011026404484561825,0.013189293634483623
hinge,0.00949634550426226,0.003996530044627966,0.0068893503810179,0.0106190536387889,0.015343311077827049,0.01307852014841382,0.011637692290753066,0.0012220885853639896,2.220446049250313e-16,0.010156178147222028,0.013496681772436792
trapezoid,0.006467067389575143,0.010922359877231114,0.010516123475352912,0.012005518445187047,0.00710664508010439,0.010607175321774909,0.0062418860550731425,0.011026404484561825,0.010156178147222028,2.220446049250313e-16,0.00561071424536197
random,0.012099039162551728,0.01706909972810644,0.015845142494907982,0.012497398787946867,0.009737945111777058,0.014927925716706536,0.012656638008228693,0.013189293634483623,0.013496681772436792,0.00561071424536197,0.0
