,square,rectangle,parallelogram,losange,isoTrapezoid,kite,rightKite,rustedHinge,hinge,trapezoid,random
square,0.0,0.03396480735805618,0.0659017249419479,0.09204929630613512,0.02812019896460627,0.022826189620998028,0.01796546248073494,0.04562035841964507,0.04057047661736479,0.0351199323874718,0.06309203606026448
rectangle,0.03396480735805618,0.0,0.03443635754697194,0.06584115041388539,0.06798941774214262,0.048214530475896744,0.044951816732131444,0.0335167575717108,0.021361151262671463,0.05287320427627917,0.08467799906605522
parallelogram,0.0659017249419479,0.03443635754697194,0.0,0.025733909586065362,0.0821937745652479,0.08061908254620642,0.0631880068038021,0.053554025518324666,0.04013440243871902,0.04258569233064313,0.06992056471613162
losange,0.09204929630613512,0.06584115041388539,0.025733909586065362,1.1102230246251565e-16,0.09094390536545127,0.10119477256583553,0.08596878295851784,0.06505472685149061,0.05844196168148619,0.0474192149284709,0.053376630059818186
isoTrapezoid,0.02812019896460627,0.06798941774214262,0.0821937745652479,0.09094390536545127,0.0,0.028285345909535242,0.02532913018593086,0.07186788602518146,0.07040109622093826,0.03387788158280858,0.04783959618548084
kite,0.022826189620998028,0.048214530475896744,0.08061908254620642,0.10119477256583553,0.028285345909535242,0.0,0.017282230388015463,0.06464777732991878,0.06311460909495303,0.05911813848944458,0.08172210179658157
rightKite,0.01796546248073494,0.044951816732131444,0.0631880068038021,0.08596878295851784,0.02532913018593086,0.017282230388015463,1.1102230246251565e-16,0.062379133666209174,0.058400327041530975,0.03221953743382666,0.06462884296897942
rustedHinge,0.04562035841964507,0.0335167575717108,0.053554025518324666,0.06505472685149061,0.07186788602518146,0.06464777732991878,0.062379133666209174,0.0,0.005722871788360284,0.05805242738639993,0.06791817820585355
hinge,0.04057047661736479,0.021361151262671463,0.04013440243871902,0.05844196168148619,0.07040109622093826,0.06311460909495303,0.058400327041530975,0.005722871788360284,0.0,0.051669594421947296,0.0668186113861885
trapezoid,0.0351199323874718,0.05287320427627917,0.04258569233064313,0.0474192149284709,0.03387788158280858,0.05911813848944458,0.03221953743382666,0.05805242738639993,0.051669594421947296,0.0,0.023102019775204208
random,0.06309203606026448,0.08467799906605522,0.06992056471613162,0.053376630059818186,0.04783959618548084,0.08172210179658157,0.06462884296897942,0.06791817820585355,0.0668186113861885,0.023102019775204208,0.0
