,square,rectangle,parallelogram,losange,isoTrapezoid,kite,rightKite,rustedHinge,hinge,trapezoid,random
square,0.0,0.04204260784119318,0.06679018180232488,0.0797371270724686,0.06482528385201247,0.0557438466182536,0.051502123579640124,0.0721962163942177,0.06280468038233278,0.05923917209311391,0.08370501390189711
rectangle,0.04204260784119318,0.0,0.056601389387859524,0.07439359622967034,0.08366136020281534,0.07032760879537481,0.06881179335680188,0.0700468628916967,0.054351423405221255,0.06951667752519575,0.09301876087830518
parallelogram,0.06679018180232488,0.056601389387859524,0.0,0.020154249788245537,0.07630091970393205,0.06344029292155129,0.06561773459949327,0.06233632345333484,0.05281628704314989,0.049095886451689164,0.06872894479054137
losange,0.0797371270724686,0.07439359622967034,0.020154249788245537,0.0,0.08118635206328184,0.07370147891564516,0.0758839774630169,0.06791802309593475,0.06283122323054968,0.05251671187299989,0.06166836329703218
isoTrapezoid,0.06482528385201247,0.08366136020281534,0.07630091970393205,0.08118635206328184,2.220446049250313e-16,0.03356977820409124,0.03193638325021042,0.06726283626374363,0.06330165877978566,0.03060974958525642,0.048752538780076016
kite,0.0557438466182536,0.07032760879537481,0.06344029292155129,0.07370147891564516,0.03356977820409124,0.0,0.01729536505483409,0.05458048659757475,0.04855455642257356,0.04255543006525819,0.056608605775845255
rightKite,0.051502123579640124,0.06881179335680188,0.06561773459949327,0.0758839774630169,0.03193638325021042,0.01729536505483409,0.0,0.05082137719963409,0.04408924921914603,0.03541009539952189,0.057850551086270685
rustedHinge,0.0721962163942177,0.0700468628916967,0.06233632345333484,0.06791802309593475,0.06726283626374363,0.05458048659757475,0.05082137719963409,0.0,0.014450691879208999,0.0566821286749023,0.05840931496360802
hinge,0.06280468038233278,0.054351423405221255,0.05281628704314989,0.06283122323054968,0.06330165877978566,0.04855455642257356,0.04408924921914603,0.014450691879208999,0.0,0.05019150430426911,0.05918698920454524
trapezoid,0.05923917209311391,0.06951667752519575,0.049095886451689164,0.05251671187299989,0.03060974958525642,0.04255543006525819,0.03541009539952189,0.0566821286749023,0.05019150430426911,0.0,0.0300244885534956
random,0.08370501390189711,0.09301876087830518,0.06872894479054137,0.06166836329703218,0.048752538780076016,0.056608605775845255,0.057850551086270685,0.05840931496360802,0.05918698920454524,0.0300244885534956,0.0
