,square,rectangle,parallelogram,losange,isoTrapezoid,kite,rightKite,rustedHinge,hinge,trapezoid,random
square,0.0,125.09137169540703,232.3166016991233,274.54477552776046,186.63225219914318,197.27216744981038,174.5558089853744,185.8693377666026,177.0972351629757,194.58356616690182,294.94457985850573
rectangle,125.09137169540703,0.0,174.08973194674667,243.60075452249896,255.12852849055068,243.60516104988653,224.91702440715875,185.32818836267964,159.06353376443744,225.86384487084422,339.3097978487029
parallelogram,232.3166016991233,174.08973194674667,0.0,126.51850571456062,274.37651052845047,255.629611641755,234.98733650457348,197.94640610557127,170.02499927853668,196.3820545148561,297.4703756892738
losange,274.54477552776046,243.60075452249896,126.51850571456062,0.0,285.4210555241867,272.2735168268912,248.27779337899594,222.6215949999019,208.28343625762506,193.0306874153295,262.13731685561163
isoTrapezoid,186.63225219914318,255.12852849055068,274.37651052845047,285.4210555241867,0.0,125.14547169100115,125.53371816114961,217.69273801139423,219.27347001324065,136.2888116345387,181.81411700096052
kite,197.27216744981038,243.60516104988653,255.629611641755,272.2735168268912,125.14547169100115,0.0,86.45626057195712,208.15518896004286,208.08263756696246,171.94268828225236,228.18866515454937
rightKite,174.5558089853744,224.91702440715875,234.98733650457348,248.27779337899594,125.53371816114961,86.45626057195712,0.0,196.5750294012557,196.95689355681435,141.87140904414548,214.74781475851884
rustedHinge,185.8693377666026,185.32818836267964,197.94640610557127,222.6215949999019,217.69273801139423,208.15518896004286,196.5750294012557,0.0,63.3244653383208,202.3941046574976,262.9307725945137
hinge,177.0972351629757,159.06353376443744,170.02499927853668,208.28343625762506,219.27347001324065,208.08263756696246,196.95689355681435,63.3244653383208,0.0,193.40742797478364,267.733729990798
trapezoid,194.58356616690182,225.86384487084422,196.3820545148561,193.0306874153295,136.2888116345387,171.94268828225236,141.87140904414548,202.3941046574976,193.40742797478364,0.0,151.63715308882843
random,294.94457985850573,339.3097978487029,297.4703756892738,262.13731685561163,181.81411700096052,228.18866515454937,214.74781475851884,262.9307725945137,267.733729990798,151.63715308882843,0.0
