,square,rectangle,parallelogram,losange,isoTrapezoid,kite,rightKite,rustedHinge,hinge,trapezoid,random
square,0.0908058716368074,0.11182937988339633,0.1505203069449308,0.17002381192220817,0.1662878802448404,0.1528918598369443,0.1399061580482315,0.1750668841656375,0.16829016846196798,0.1634289949653711,0.19067966248883114
rectangle,0.11182937988339633,0.09372033894683934,0.14397307935287307,0.16843792361993667,0.1754730734189188,0.16112720800044228,0.1494093851854553,0.17171105887982677,0.16134021807274476,0.16794019423143086,0.19446913359665058
parallelogram,0.1505203069449308,0.14397307935287307,0.1124737688545757,0.13172393442157398,0.18960324158338904,0.16931176272611184,0.1613757130669502,0.17811547562126984,0.17092275408450822,0.15984849772437038,0.1843560694004287
losange,0.17002381192220817,0.16843792361993667,0.13172393442157398,0.11618355454579335,0.20316132722830293,0.1845326966502967,0.17658502401977452,0.1920380897859669,0.1881704836812578,0.1673041647938705,0.1824374933394856
isoTrapezoid,0.1662878802448404,0.1754730734189188,0.18960324158338904,0.20316132722830293,0.11923312103280001,0.1578882418004666,0.14720690057226662,0.17919674086353996,0.17874593075187584,0.15864747119488212,0.17716211515363317
kite,0.15289185983694434,0.1611272080004423,0.16931176272611184,0.1845326966502967,0.1578882418004666,0.11367547063014989,0.12042514135798355,0.16769867126614088,0.16264723940865847,0.16196679443580844,0.17459412409105235
rightKite,0.1399061580482315,0.14940938518545527,0.1613757130669502,0.17658502401977452,0.1472069005722666,0.12042514135798355,0.10285153854080896,0.15742618785699256,0.15359044802966332,0.14856126259811797,0.165043010103641
rustedHinge,0.1750668841656375,0.17171105887982677,0.17811547562126984,0.1920380897859669,0.17919674086353996,0.16769867126614088,0.15742618785699256,0.12459938098355383,0.13557315313248075,0.1744945790707203,0.17702685288632664
hinge,0.16829016846196798,0.16134021807274473,0.17092275408450822,0.1881704836812578,0.17874593075187584,0.16264723940865847,0.15359044802966332,0.13557315313248075,0.12928977997677846,0.16978035355617888,0.17479754632525424
trapezoid,0.1634289949653711,0.16794019423143086,0.15984849772437038,0.1673041647938705,0.15864747119488212,0.16196679443580844,0.148561262598118,0.1744945790707203,0.16978035355617888,0.12638086886949018,0.15546389642131764
random,0.19067966248883114,0.19446913359665058,0.1843560694004287,0.1824374933394856,0.1771621151536332,0.17459412409105235,0.165043010103641,0.17702685288632664,0.17479754632525424,0.15546389642131764,0.13048125316009856
