,square,rectangle,parallelogram,losange,isoTrapezoid,kite,rightKite,rustedHinge,hinge,trapezoid,random
square,0.001980643144181808,0.002391232713890404,0.002980691844128867,0.003489037280974525,0.002303440514914983,0.0022658403606471136,0.0021719157575722688,0.0026102534913603143,0.0025239878602311906,0.002473540267397211,0.002904886314903023
rectangle,0.0023912327138904035,0.0019088531119577368,0.0024395991846717173,0.0030132907216731887,0.0029504809564291357,0.0025805894685630606,0.0025198125063271874,0.0024362614435650305,0.0022460199721361694,0.0026655409485792664,0.0032661400671869048
parallelogram,0.0029806918441288672,0.0024395991846717173,0.0022658260855024023,0.002645676176256385,0.0033467338123234153,0.0031896609087124963,0.0029686818291779025,0.002831049102969358,0.0026049921407059464,0.002726500616662931,0.003239123409855196
losange,0.003489037280974525,0.0030132907216731887,0.0026456761762563854,0.0023879176268856786,0.0036291707698499513,0.0036153879953164255,0.003406068539575784,0.0031014177252921844,0.002957538216916202,0.0028919028943769445,0.0030603637632264963
isoTrapezoid,0.0023034405149149825,0.0029504809564291357,0.0033467338123234153,0.0036291707698499504,0.0019760159529207,0.0023538335379653984,0.002279399847834451,0.0030394678069394407,0.002993238745810278,0.0025069425384916205,0.002745498182014071
kite,0.0022658403606471136,0.0025805894685630606,0.003189660908712497,0.0036153879953164255,0.0023538335379653984,0.002004633581361713,0.002168135141230962,0.0029407268228942695,0.002875891521259093,0.002797769118394764,0.0031884178121528903
rightKite,0.0021719157575722688,0.0025198125063271874,0.0029686818291779025,0.003406068539575784,0.002279399847834451,0.0021681351412309617,0.001968758942926952,0.0028402185385443266,0.0027519074934446697,0.002456851349973252,0.002966103657695955
rustedHinge,0.002610253491360314,0.0024362614435650305,0.0028310491029693574,0.0031014177252921852,0.0030394678069394407,0.0029407268228942695,0.002840218538544326,0.002048448579583196,0.0020896201515443963,0.0027971185591570955,0.0030172346237717874
hinge,0.0025239878602311906,0.0022460199721361694,0.0026049921407059464,0.002957538216916202,0.002993238745810278,0.002875891521259093,0.0027519074934446697,0.0020896201515443968,0.002005042798297386,0.0026752102066756435,0.0029819027148009275
trapezoid,0.0024735402673972113,0.0026655409485792664,0.002726500616662931,0.0028919028943769445,0.0025069425384916205,0.002797769118394764,0.002456851349973252,0.0027971185591570955,0.0026752102066756435,0.002126930542816142,0.002461289788238067
random,0.002904886314903023,0.0032661400671869048,0.003239123409855196,0.0030603637632264963,0.002745498182014071,0.0031884178121528903,0.002966103657695955,0.0030172346237717874,0.002981902714800927,0.002461289788238067,0.002201460147345552
