,square,rectangle,parallelogram,losange,isoTrapezoid,kite,rightKite,rustedHinge,hinge,trapezoid,random
square,0.0029594761308071285,0.0034805924069419574,0.004042942684785324,0.0045152530902757455,0.003309267072443817,0.0032395476287429108,0.0031442859648505655,0.0036678465594986937,0.003587217791783453,0.0034954105342425486,0.004008153434863293
rectangle,0.0034805924069419574,0.002715428396744228,0.00332146403775885,0.003889113360292241,0.004175912752304853,0.0036446663274363436,0.0035807424588239663,0.003282581110850034,0.0030728106096454904,0.003673871263748049,0.00434286945814189
parallelogram,0.004042942684785324,0.00332146403775885,0.003232653456874958,0.0036230806441253766,0.004437609988436137,0.004186504035095292,0.00401365278556724,0.0037066920245734307,0.0034931052382798557,0.0037652333008542462,0.004342575730146273
losange,0.0045152530902757455,0.003889113360292241,0.0036230806441253766,0.0032946968134405573,0.004595497051101254,0.004560374367589853,0.004421427482129327,0.0039442327968758914,0.003825966501137106,0.0038651691334270983,0.00400526544639575
isoTrapezoid,0.003309267072443817,0.004175912752304853,0.004437609988436136,0.004595497051101254,0.0028321527702324205,0.0033482273961401385,0.0032768962736015356,0.004159621242798819,0.004158649243084798,0.0034927192661026126,0.0037989378604801256
kite,0.003239547628742911,0.0036446663274363428,0.004186504035095292,0.004560374367589853,0.0033482273961401385,0.0029397711311250243,0.003153057820223432,0.0039792914883568994,0.003920438704970981,0.003775234755707187,0.004216556036608399
rightKite,0.0031442859648505663,0.0035807424588239663,0.004013652785567241,0.004421427482129327,0.0032768962736015356,0.003153057820223432,0.0029612627577363217,0.0038534738079594286,0.0037758250797408754,0.003468013249529716,0.004093450583903221
rustedHinge,0.0036678465594986937,0.003282581110850034,0.0037066920245734307,0.0039442327968758914,0.004159621242798819,0.003979291488356899,0.0038534738079594286,0.002966652059942818,0.002986719442728399,0.0037650438710188387,0.00406240907594762
hinge,0.003587217791783453,0.0030728106096454904,0.0034931052382798557,0.0038259665011371067,0.004158649243084799,0.00392043870497098,0.0037758250797408754,0.0029867194427283987,0.0028859223415163443,0.0036621543787737207,0.004063555346933092
trapezoid,0.0034954105342425478,0.003673871263748049,0.0037652333008542462,0.0038651691334270974,0.0034927192661026118,0.0037752347557071866,0.003468013249529716,0.0037650438710188387,0.00366215437877372,0.0030447959068068075,0.003495891401599305
random,0.0040081534348632925,0.00434286945814189,0.004342575730146274,0.004005265446395749,0.0037989378604801256,0.0042165560366084,0.00409345058390322,0.00406240907594762,0.004063555346933092,0.0034958914015993047,0.0030975430574181526
