,square,rectangle,parallelogram,losange,isoTrapezoid,kite,rightKite,rustedHinge,hinge,trapezoid,random
square,0.004702627938690834,0.005609490014016157,0.0072650118087203746,0.008638132373852645,0.005760613378639713,0.005932941515857094,0.005643014703636676,0.00664884190388396,0.006371604172533796,0.006155869965113739,0.007427942537407761
rectangle,0.005609490014016157,0.004599407160222387,0.006080150816378916,0.007598300963565162,0.00715679679670163,0.0066668659767869475,0.006465185791826571,0.0063360871926020565,0.005813888661299277,0.0065768187870659835,0.008246825373178696
parallelogram,0.0072650118087203746,0.006080150816378915,0.005575932535336185,0.00661389302893267,0.00830444333638149,0.00832091150594459,0.00770320248702225,0.0073530002191442645,0.006747436805350195,0.0067655226274266215,0.008250556661780602
losange,0.008638132373852645,0.007598300963565162,0.00661389302893267,0.006004078652107584,0.009187898586103667,0.009550967227106294,0.008901755145539335,0.008143527691149436,0.007717288111118331,0.007270198091035486,0.007930848938259877
isoTrapezoid,0.005760613378639713,0.00715679679670163,0.00830444333638149,0.009187898586103667,0.004942309711230791,0.006060060161182435,0.005825339530129225,0.007746947490236807,0.007615456208737821,0.00623749612393309,0.007049478410793657
kite,0.005932941515857094,0.0066668659767869475,0.00832091150594459,0.009550967227106294,0.006060060161182436,0.005204829698975829,0.005602663315037584,0.007793874625415221,0.0076034630595413965,0.0072834057364754845,0.00838412002385783
rightKite,0.005643014703636676,0.006465185791826571,0.00770320248702225,0.008901755145539335,0.005825339530129224,0.005602663315037584,0.005026064001970256,0.007436100007307213,0.007218430417531445,0.00632660044704216,0.007673648725305161
rustedHinge,0.00664884190388396,0.006336087192602055,0.0073530002191442645,0.008143527691149436,0.007746947490236807,0.007793874625415219,0.007436100007307213,0.005198866860258741,0.005328675411637166,0.007209633907408928,0.007747984056926747
hinge,0.0063716041725337975,0.005813888661299277,0.006747436805350195,0.007717288111118329,0.007615456208737823,0.007603463059541397,0.007218430417531445,0.005328675411637166,0.005089447871201393,0.00685655183349547,0.007593585914923894
trapezoid,0.006155869965113739,0.0065768187870659835,0.0067655226274266215,0.007270198091035484,0.00623749612393309,0.0072834057364754845,0.00632660044704216,0.007209633907408928,0.00685655183349547,0.005214256725139419,0.006251487571466392
random,0.00742794253740776,0.008246825373178694,0.008250556661780602,0.007930848938259877,0.0070494784107936566,0.008384120023857829,0.0076736487253051605,0.007747984056926747,0.0075935859149238935,0.006251487571466392,0.005607371175957662
