,square,rectangle,parallelogram,losange,isoTrapezoid,kite,rightKite,rustedHinge,hinge,trapezoid,random
square,0.0015837843675721973,0.0018617066359527033,0.0021686900781117883,0.0024436557577107686,0.0017777461219940806,0.001745144458755244,0.0016922834923517374,0.0019801904741551454,0.001922329790394931,0.0018786986225603685,0.0021581441299299035
rectangle,0.0018617066359527033,0.0014587810668767807,0.0017905468578523014,0.0021135972024990883,0.0022339861318451818,0.001959099950474548,0.001925694045464385,0.0017881347880778446,0.0016598186225956803,0.0019791990528059186,0.002333878459752425
parallelogram,0.0021686900781117883,0.0017905468578523014,0.0017281904950753944,0.001958413042608849,0.002381153979261542,0.0022568274022073823,0.0021610915278728097,0.002012336092415057,0.0018822575351152195,0.0020220778250849016,0.0023252850695521152
losange,0.0024436557577107686,0.0021135972024990883,0.001958413042608849,0.0017774482434550795,0.0024875079682746036,0.0024705655624339233,0.0023967701941385966,0.002141713693925242,0.002069378748223684,0.0020972374603749817,0.0021598869215131555
isoTrapezoid,0.0017777461219940806,0.0022339861318451818,0.002381153979261542,0.0024875079682746036,0.0015258317330292689,0.0018015880086914575,0.0017651302030670037,0.0022415812230283066,0.002226274826013089,0.001886078268146432,0.0020543318807490873
kite,0.001745144458755244,0.001959099950474548,0.0022568274022073823,0.0024705655624339233,0.0018015880086914575,0.001573992971407237,0.0016955181892350712,0.002154318515496435,0.002111445547951183,0.0020437839865779864,0.002281035011084918
rightKite,0.0016922834923517374,0.0019256940454643854,0.0021610915278728097,0.0023967701941385966,0.0017651302030670037,0.0016955181892350708,0.0015891810297177843,0.0020897338900647926,0.0020343521471198516,0.0018740486451576392,0.0022104553178228766
rustedHinge,0.0019801904741551454,0.0017881347880778446,0.002012336092415057,0.002141713693925242,0.0022415812230283066,0.0021543185154964347,0.0020897338900647926,0.001608441714010142,0.0016123040946111546,0.0020405665079615792,0.0021800658202580994
hinge,0.001922329790394931,0.0016598186225956805,0.00188225753511522,0.002069378748223684,0.002226274826013089,0.002111445547951183,0.002034352147119852,0.001612304094611155,0.0015466184002790818,0.0019723212922372678,0.0021742148217281754
trapezoid,0.0018786986225603685,0.0019791990528059186,0.002022077825084901,0.0020972374603749817,0.001886078268146432,0.002043783986577986,0.0018740486451576392,0.0020405665079615792,0.0019723212922372678,0.0016400710729374847,0.001881566794068672
random,0.0021581441299299035,0.002333878459752425,0.0023252850695521152,0.0021598869215131555,0.0020543318807490873,0.002281035011084918,0.0022104553178228766,0.0021800658202580994,0.002174214821728176,0.001881566794068672,0.001665171733025636
