,square,rectangle,parallelogram,losange,isoTrapezoid,kite,rightKite,rustedHinge,hinge,trapezoid,random
square,0.001209500686665143,0.0014388526273708972,0.0017332728513150203,0.001994710586555823,0.0013741704123622132,0.0013499280288538557,0.0013058435121694023,0.0015418873004186793,0.0014961223739993414,0.0014773900571167448,0.0017150999624403114
rectangle,0.0014388526273708972,0.0011330903083527726,0.0014253693062251057,0.001722209147299888,0.001742167503299227,0.001520730359570564,0.00149645326353277,0.0014075018591152254,0.0013060297789815707,0.0015654419961076025,0.001878872705562039
parallelogram,0.0017332728513150203,0.0014253693062251057,0.0013678343022898716,0.0015745707780106515,0.0019145564986801306,0.0018141409202243686,0.0017241172521537406,0.001609268826217771,0.0015006435524540992,0.001607767038999804,0.0018715184355592909
losange,0.001994710586555823,0.0017222091472998875,0.0015745707780106515,0.0014289318660513268,0.0020408749977080367,0.0020227659153131006,0.001949627585140446,0.0017368066794235934,0.0016780666574265782,0.001693593790977132,0.0017550243692404815
isoTrapezoid,0.0013741704123622132,0.001742167503299227,0.0019145564986801306,0.0020408749977080367,0.0011765614752384723,0.001395392501653204,0.0013624921001139927,0.0017595857159274735,0.0017458022868908404,0.0014873332789203594,0.001629836705255801
kite,0.0013499280288538557,0.0015207303595705637,0.0018141409202243684,0.0020227659153131006,0.001395392501653204,0.0012045253217281063,0.0013065155551483132,0.0016871917584831053,0.0016570922222526312,0.0016301116553681808,0.0018365108411008868
rightKite,0.0013058435121694023,0.0014964532635327703,0.0017241172521537406,0.0019496275851404459,0.0013624921001139927,0.0013065155551483132,0.0012121901109607572,0.0016431976914573695,0.0015994516435926976,0.0014720134442181665,0.0017574979571895603
rustedHinge,0.0015418873004186793,0.0014075018591152254,0.0016092688262177714,0.0017368066794235934,0.001759585715927473,0.0016871917584831053,0.0016431976914573695,0.0012329538674402984,0.00124864299508917,0.0016147133852302347,0.0017341570544863881
hinge,0.0014961223739993414,0.0013060297789815707,0.0015006435524540992,0.0016780666574265782,0.0017458022868908404,0.0016570922222526312,0.0015994516435926976,0.00124864299508917,0.0012006954908013138,0.001560516228699225,0.001734147519195564
trapezoid,0.0014773900571167448,0.0015654419961076025,0.001607767038999804,0.001693593790977132,0.0014873332789203594,0.0016301116553681812,0.0014720134442181665,0.0016147133852302347,0.001560516228699225,0.001285799135724798,0.0014804129466257823
random,0.0017150999624403114,0.001878872705562039,0.0018715184355592909,0.0017550243692404813,0.001629836705255801,0.0018365108411008873,0.0017574979571895603,0.0017341570544863881,0.001734147519195564,0.0014804129466257825,0.001316533560834112
