,square,rectangle,parallelogram,losange,isoTrapezoid,kite,rightKite,rustedHinge,hinge,trapezoid,random
square,0.0014562610226448744,0.0017507632397811834,0.0021411589749305063,0.0024870922887793977,0.00168016397047326,0.001653735571888742,0.0015882126866510703,0.0018942346188768199,0.0018363337392323478,0.001794199471255229,0.002095769551146625
rectangle,0.0017507632397811834,0.0013995818955596,0.001760748672915414,0.0021476863271599235,0.002144552815934789,0.0018799805131272005,0.0018378312378391315,0.0017537188322680878,0.0016252160157016094,0.001925781814751111,0.0023342067748334584
parallelogram,0.0021411589749305063,0.001760748672915414,0.0016513884776301194,0.001912419774308823,0.002397998528767242,0.0022837838379971237,0.0021403449224314973,0.00201579144056471,0.0018681838331958292,0.00196969571453114,0.002316324162991408
losange,0.0024870922887793977,0.002147686327159923,0.001912419774308823,0.0017379907835234757,0.002581806430965245,0.002567362386338868,0.002436649350628277,0.0021914856333176648,0.0021052254156180765,0.002085523356124176,0.0021920582382730586
isoTrapezoid,0.0016801639704732596,0.0021445528159347886,0.0023979985287672415,0.002581806430965245,0.0014517746063236016,0.0017264442794266254,0.0016728546176654274,0.0021959839652608134,0.0021714383402766926,0.0018238803555309098,0.002001589146747362
kite,0.001653735571888742,0.0018799805131272005,0.0022837838379971237,0.002567362386338868,0.0017264442794266257,0.0014791598032314198,0.0015989062387458202,0.00211651688867456,0.002079028184634381,0.0020219460683478306,0.002294737483061625
rightKite,0.0015882126866510703,0.0018378312378391315,0.0021403449224314973,0.002436649350628277,0.0016728546176654274,0.0015989062387458202,0.0014633583924521369,0.002050193824147103,0.0019931924724793898,0.0017920380468277762,0.0021552880519062276
rustedHinge,0.0018942346188768199,0.0017537188322680878,0.00201579144056471,0.0021914856333176648,0.0021959839652608134,0.00211651688867456,0.002050193824147103,0.0015026760795908232,0.00153038233066339,0.0020125826430409948,0.0021664496873474303
hinge,0.0018363337392323478,0.0016252160157016094,0.0018681838331958292,0.0021052254156180765,0.0021714383402766926,0.002079028184634381,0.0019931924724793898,0.0015303823306633902,0.0014723051945919764,0.0019344109809243558,0.002153931799563021
trapezoid,0.001794199471255229,0.001925781814751111,0.00196969571453114,0.0020855233561241754,0.0018238803555309098,0.002021946068347831,0.0017920380468277764,0.0020125826430409948,0.0019344109809243558,0.0015515281968453858,0.0017927692504911535
random,0.002095769551146625,0.0023342067748334584,0.002316324162991408,0.0021920582382730586,0.002001589146747362,0.002294737483061625,0.0021552880519062276,0.0021664496873474303,0.002153931799563021,0.0017927692504911535,0.0016056704885634928
