,square,rectangle,parallelogram,losange,isoTrapezoid,kite,rightKite,rustedHinge,hinge,trapezoid,random
square,0.0028186915771380634,0.003418159539481861,0.004368689057093821,0.005176678433080175,0.003344948343783425,0.0033193729437314763,0.0031758689162650323,0.0038046821869990597,0.003674210201939313,0.0036154925748496454,0.004286982776561909
rectangle,0.003418159539481861,0.002741920149684693,0.0035737616273731547,0.0044834624570605315,0.0042887487134090985,0.0037972794338281893,0.0037004811324616023,0.0035769798451133813,0.0032929552312834054,0.003901986796855226,0.004834141728354607
parallelogram,0.004368689057093822,0.0035737616273731547,0.0033225249224689943,0.003930090055494601,0.004983034883035317,0.004790972189707116,0.004439847979751161,0.004209690579322653,0.0038712157924186428,0.00403424263360388,0.004856429516380987
losange,0.005176678433080175,0.004483462457060532,0.003930090055494601,0.003547770713632961,0.0054686771501917895,0.0055001390905479175,0.005146430549829571,0.004668881688332533,0.004454691351451605,0.004305654550528299,0.004603307552066914
isoTrapezoid,0.003344948343783425,0.0042887487134090985,0.004983034883035317,0.0054686771501917895,0.0028955464323984124,0.003458989132708897,0.00335195361382868,0.004505962916880324,0.004436308559388718,0.003696806585722176,0.004082424164575503
kite,0.0033193729437314763,0.0037972794338281893,0.004790972189707116,0.0055001390905479175,0.003458989132708897,0.0029547063513342643,0.0031933493277490526,0.004386746369738662,0.004289317577766485,0.004168639709718652,0.004787950211112779
rightKite,0.0031758689162650323,0.0037004811324616023,0.004439847979751161,0.005146430549829571,0.00335195361382868,0.0031933493277490526,0.002878118473949517,0.004230953274707476,0.004102414363872202,0.0036284546351966042,0.004417935155220771
rustedHinge,0.0038046821869990597,0.0035769798451133813,0.004209690579322652,0.004668881688332533,0.004505962916880324,0.004386746369738662,0.004230953274707476,0.0029580280793655017,0.003037071727367065,0.0041584754445496,0.004494080850318264
hinge,0.003674210201939313,0.0032929552312834054,0.0038712157924186436,0.004454691351451605,0.004436308559388718,0.004289317577766485,0.004102414363872202,0.003037071727367065,0.0029186816682815696,0.003975888331418551,0.004440912537095481
trapezoid,0.0036154925748496445,0.003901986796855226,0.00403424263360388,0.004305654550528299,0.0036968065857221756,0.004168639709718652,0.0036284546351966034,0.004158475444549601,0.003975888331418551,0.0031230250892638764,0.003649767573272367
random,0.004286982776561909,0.004834141728354607,0.004856429516380988,0.004603307552066914,0.004082424164575504,0.004787950211112778,0.004417935155220771,0.004494080850318263,0.004440912537095481,0.003649767573272367,0.0032614469323868755
