,square,rectangle,parallelogram,losange,isoTrapezoid,kite,rightKite,rustedHinge,hinge,trapezoid,random
square,0.09948870040693866,0.11933921206617926,0.15534051703019822,0.17472536460044552,0.1743567772738127,0.15637351335631208,0.14375290249236936,0.1789791377134158,0.17155160686249873,0.16835190896404706,0.1928296316495641
rectangle,0.11933921206617924,0.10112853642569959,0.1486542595641783,0.17314981909092378,0.18196620562414564,0.16353272901030763,0.15175320957760471,0.17532210393689707,0.16452115989046182,0.17279282026829346,0.19694823901630545
parallelogram,0.15534051703019822,0.14865425956417827,0.11435998232264208,0.1328197696095779,0.19192548823398045,0.1694761588060373,0.1603061332236252,0.17831354494677304,0.17129061561887668,0.16064056405104168,0.18396321584286715
losange,0.1747253646004455,0.17314981909092378,0.1328197696095779,0.11592135340059985,0.20595307135054153,0.18529950374813098,0.1757219653590736,0.1927165966585762,0.18906269734424805,0.16753069905501608,0.18250738151982848
isoTrapezoid,0.1743567772738127,0.18196620562414567,0.19192548823398045,0.20595307135054153,0.12605306398584037,0.16017028261950617,0.150028622212538,0.18386275783258138,0.18299214521596008,0.16434186531467557,0.18024509725495183
kite,0.15637351335631208,0.16353272901030763,0.16947615880603728,0.18529950374813098,0.16017028261950614,0.1154404102215349,0.12114751645741893,0.16940834615045028,0.16486111345882964,0.16413137334036598,0.17533214015089443
rightKite,0.14375290249236936,0.15175320957760474,0.1603061332236252,0.17572196535907358,0.150028622212538,0.12114751645741896,0.10367861462917302,0.15859460928625702,0.15510126467474233,0.15059273848832616,0.1648257605761852
rustedHinge,0.17897913771341584,0.17532210393689704,0.17831354494677304,0.19271659665857618,0.18386275783258138,0.16940834615045028,0.15859460928625702,0.12896205231886754,0.14041395686933722,0.1783863624705597,0.18002127696986514
hinge,0.17155160686249873,0.16452115989046182,0.17129061561887665,0.18906269734424805,0.1829921452159601,0.16486111345882964,0.15510126467474233,0.14041395686933722,0.13412873949217097,0.17374405154893552,0.17796866644026763
trapezoid,0.1683519089640471,0.17279282026829346,0.16064056405104168,0.16753069905501608,0.16434186531467557,0.16413137334036598,0.15059273848832616,0.1783863624705597,0.17374405154893552,0.13040735786482274,0.1580778024311448
random,0.1928296316495641,0.19694823901630545,0.18396321584286712,0.18250738151982845,0.1802450972549518,0.17533214015089443,0.16482576057618523,0.18002127696986514,0.17796866644026763,0.1580778024311448,0.13277739732260022
