,square,rectangle,parallelogram,losange,isoTrapezoid,kite,rightKite,rustedHinge,hinge,trapezoid,random
square,0.08645941397897568,0.10638104905579716,0.14532224882615521,0.16315668509207504,0.1556528816217155,0.1474863867088535,0.13538970135467285,0.16758702132806602,0.1615052979510701,0.1557158233652418,0.18090050316140713
rectangle,0.10638104905579715,0.08893998343058096,0.13771705502918324,0.159985278567287,0.1632276514580792,0.15391742916204673,0.1431536616629078,0.1622135689007811,0.15302025920457446,0.1586951755202478,0.1828582473630351
parallelogram,0.14532224882615521,0.13771705502918327,0.10750760304187677,0.12594104565327904,0.18058544515917485,0.1648647470297465,0.15792599777739466,0.17081388041820322,0.1645155708592734,0.1537232791862144,0.17629129607885155
losange,0.16315668509207504,0.15998527856728698,0.12594104565327904,0.11103017291253094,0.19274681225681167,0.17924684351865994,0.17250179705008514,0.1836533005493228,0.1805907581254314,0.1601710574714235,0.17373289685573984
isoTrapezoid,0.1556528816217155,0.1632276514580792,0.18058544515917485,0.1927468122568117,0.11094678284764577,0.14921571591083532,0.13950656967565844,0.1677435266753131,0.16762661252258734,0.14789644731375454,0.16545687102806445
kite,0.1474863867088535,0.15391742916204673,0.1648647470297465,0.17924684351865994,0.14921571591083535,0.10787320359327383,0.11532000393522227,0.1595395469318996,0.15499903165164325,0.1546288829746134,0.16544542435881443
rightKite,0.13538970135467285,0.1431536616629078,0.15792599777739466,0.17250179705008514,0.13950656967565844,0.11532000393522227,0.09884750817053697,0.1497651309253451,0.1465331569058489,0.14204363156204156,0.15691186776730656
rustedHinge,0.167587021328066,0.1622135689007811,0.17081388041820325,0.1836533005493228,0.1677435266753131,0.15953954693189965,0.14976513092534513,0.11622329112749723,0.1258053482313994,0.16429165727025985,0.16501498261863534
hinge,0.1615052979510701,0.15302025920457446,0.1645155708592734,0.1805907581254314,0.16762661252258734,0.15499903165164325,0.1465331569058489,0.1258053482313994,0.12018445363060912,0.1603487638174273,0.16352347470898682
trapezoid,0.1557158233652418,0.1586951755202478,0.15372327918621442,0.1601710574714235,0.1478964473137545,0.15462888297461344,0.14204363156204156,0.16429165727025985,0.1603487638174273,0.11844714078910715,0.1450073544422451
random,0.18090050316140713,0.18285824736303513,0.17629129607885155,0.17373289685573984,0.16545687102806447,0.16544542435881443,0.15691186776730656,0.16501498261863534,0.16352347470898682,0.1450073544422451,0.11993877571998157
