,square,rectangle,parallelogram,losange,isoTrapezoid,kite,rightKite,rustedHinge,hinge,trapezoid,random
square,0.020044103352014148,0.02311610131743729,0.03279058153385198,0.03707274566738217,0.02916652439235556,0.03194561242435456,0.029679947873226403,0.0334706964761979,0.03184220026252276,0.030923675673688995,0.03708258848793136
rectangle,0.02311610131743729,0.01975957051710396,0.02938490514254295,0.03441936700167004,0.032700920620268206,0.033638605552281764,0.03171251413938778,0.03226231791298467,0.02994970944777813,0.03194048175370706,0.038799910654954625
parallelogram,0.03279058153385199,0.02938490514254295,0.02518465919175355,0.029465503504069502,0.037547106825537094,0.039669566360759585,0.037471539315115,0.03666019429656801,0.034582717223879435,0.03250407187134828,0.03893205467968774
losange,0.03707274566738217,0.034419367001670045,0.029465503504069502,0.026506180727316385,0.040457356840555514,0.043366797099397024,0.041239324798273275,0.03944907153105448,0.038000585308705065,0.03410720863935846,0.037878813569162645
isoTrapezoid,0.02916652439235556,0.032700920620268206,0.0375471068255371,0.040457356840555514,0.023466879281807785,0.030842738794883286,0.029168480046513935,0.03599415151425468,0.035453642754287425,0.029102106764494765,0.03398408334138735
kite,0.03194561242435456,0.033638605552281764,0.039669566360759585,0.043366797099397024,0.03084273879488328,0.02459134190103562,0.02671630654732335,0.03625633856754257,0.03515744214195481,0.034559608928836354,0.03747276069608745
rightKite,0.029679947873226403,0.03171251413938778,0.037471539315115,0.041239324798273275,0.029168480046513935,0.02671630654732335,0.023499373349190566,0.034315983967190176,0.033328550562096076,0.030813355355802794,0.03509475276301635
rustedHinge,0.0334706964761979,0.03226231791298468,0.03666019429656801,0.03944907153105448,0.03599415151425469,0.03625633856754257,0.03431598396719018,0.02457498357347242,0.025547554363224825,0.03450661894427417,0.03537938332558098
hinge,0.03184220026252276,0.02994970944777813,0.03458271722387944,0.038000585308705065,0.03545364275428742,0.03515744214195481,0.033328550562096076,0.025547554363224832,0.024243014298055324,0.03319667590757085,0.03444050655115993
trapezoid,0.030923675673688995,0.03194048175370706,0.03250407187134828,0.03410720863935846,0.02910210676449477,0.034559608928836354,0.030813355355802794,0.03450661894427417,0.033196675907570854,0.024121912063878672,0.029700846733824286
random,0.03708258848793136,0.038799910654954625,0.03893205467968774,0.037878813569162645,0.03398408334138735,0.037472760696087445,0.035094752763016344,0.03537938332558098,0.03444050655115993,0.029700846733824286,0.025451808746247185
