,square,rectangle,parallelogram,losange,isoTrapezoid,kite,rightKite,rustedHinge,hinge,trapezoid,random
square,0.0016875072059140714,0.002039614819796133,0.002502619797685508,0.002909880993841744,0.0019483126282535768,0.0019136800916342868,0.0018389454366077981,0.0022145324750435886,0.0021476221593482473,0.0020856787826014503,0.0024372796425720625
rectangle,0.0020396148197961332,0.0016353387518411027,0.002055845510786214,0.002509974693069016,0.0024963363767770154,0.0021817860140858113,0.002135102867406577,0.00206314638936901,0.0019100575419795278,0.00224685423057459,0.002732755656574314
parallelogram,0.002502619797685508,0.002055845510786214,0.0019111277769052588,0.002214114734365174,0.002799504557835724,0.002659093428569104,0.0024848902424073715,0.002371954681830749,0.002193395362050287,0.0022885171081420534,0.00270505672690952
losange,0.002909880993841744,0.002509974693069016,0.002214114734365174,0.0019982655177767364,0.003021034856053824,0.002993194012601051,0.0028341460038067605,0.0025747839457983005,0.0024675847159734672,0.0024215880776391613,0.0025571478566337
isoTrapezoid,0.0019483126282535768,0.0024963363767770154,0.0027995045578357246,0.003021034856053824,0.0016756905606309085,0.0019894525591984324,0.001928185890471938,0.0025667532097366406,0.0025358894836227867,0.0021143507306359516,0.0023158606950044068
kite,0.0019136800916342864,0.002181786014085811,0.0026590934285691046,0.002993194012601051,0.0019894525591984324,0.001696541813860984,0.0018344377360556227,0.002470364542884689,0.0024240430632755526,0.0023447626123396,0.0026656100092160243
rightKite,0.0018389454366077981,0.002135102867406577,0.0024848902424073715,0.002834146003806761,0.001928185890471938,0.0018344377360556227,0.001671031847241582,0.0023959450974770156,0.002328328451515535,0.0020686929388852057,0.002493155649999326
rustedHinge,0.0022145324750435886,0.00206314638936901,0.002371954681830749,0.0025747839457983005,0.0025667532097366406,0.002470364542884689,0.002395945097477015,0.0017535320959797536,0.0017896888335091046,0.002358906136686527,0.002537148665277041
hinge,0.0021476221593482473,0.0019100575419795278,0.002193395362050287,0.0024675847159734672,0.0025358894836227863,0.0024240430632755526,0.002328328451515535,0.0017896888335091046,0.0017226366560559026,0.0022644601954496138,0.0025178948749297156
trapezoid,0.0020856787826014503,0.00224685423057459,0.002288517108142053,0.0024215880776391617,0.0021143507306359516,0.0023447626123396,0.0020686929388852053,0.002358906136686527,0.0022644601954496138,0.0017959021142888337,0.0020773749826070516
random,0.0024372796425720625,0.0027327556565743144,0.00270505672690952,0.0025571478566337,0.0023158606950044068,0.0026656100092160243,0.0024931556499993264,0.002537148665277041,0.002517894874929715,0.0020773749826070516,0.0018649745586803552
