,square,rectangle,parallelogram,losange,isoTrapezoid,kite,rightKite,rustedHinge,hinge,trapezoid,random
square,0.0012000752246928651,0.0014175995927848924,0.0016769079796024836,0.0019063703649577295,0.0013507564631815559,0.0013258838439098464,0.0012866997447825725,0.0015124987774809216,0.0014664902833596033,0.0014433059228516414,0.0016642154757780538
rectangle,0.0014175995927848924,0.001114450052905018,0.0013824377382531754,0.0016476166743132556,0.0017010379205032226,0.0014875789379664333,0.0014660536969631893,0.0013741632269534058,0.0012743372064171808,0.0015205557901000891,0.001805359587026161
parallelogram,0.0016769079796024836,0.0013824377382531754,0.0013300933880258825,0.0015175486604640932,0.0018399674762768414,0.001741699376882461,0.0016663202533260476,0.0015544639487873944,0.0014515331975596703,0.0015586722873678486,0.0017983078540240028
losange,0.0019063703649577295,0.0016476166743132556,0.0015175486604640932,0.0013765457186318533,0.0019404295559955532,0.001921579200114692,0.0018634780273431698,0.001663368965403573,0.0016061859617369808,0.0016280912175030851,0.001678507381657852
isoTrapezoid,0.0013507564631815559,0.0017010379205032223,0.0018399674762768414,0.0019404295559955532,0.0011575543597951304,0.001366554464348444,0.0013391292344626243,0.001710507882016395,0.0016961336652367733,0.0014498578709844648,0.0015815884243259274
kite,0.0013258838439098464,0.0014875789379664333,0.001741699376882461,0.001921579200114692,0.001366554464348444,0.0011846861128479954,0.0012825764837361806,0.001642335822425535,0.0016092899836820062,0.0015743416041577413,0.0017635068907122515
rightKite,0.0012866997447825725,0.0014660536969631896,0.0016663202533260474,0.0018634780273431703,0.0013391292344626243,0.0012825764837361806,0.001199517002770807,0.0016003057360213851,0.001555737184484431,0.0014378440775300607,0.001702952452855694
rustedHinge,0.0015124987774809214,0.0013741632269534058,0.0015544639487873944,0.001663368965403573,0.001710507882016395,0.001642335822425535,0.0016003057360213851,0.0012195257360104394,0.001226303804417719,0.001566740671585345,0.0016744751574457348
hinge,0.0014664902833596033,0.0012743372064171808,0.0014515331975596703,0.0016061859617369813,0.0016961336652367733,0.0016092899836820062,0.001555737184484431,0.001226303804417719,0.0011762167314641905,0.0015131572757870234,0.0016709929792770196
trapezoid,0.0014433059228516417,0.0015205557901000891,0.0015586722873678486,0.0016280912175030851,0.0014498578709844646,0.0015743416041577413,0.0014378440775300607,0.001566740671585345,0.0015131572757870234,0.0012599299191922882,0.001445259716827992
random,0.0016642154757780538,0.001805359587026161,0.0017983078540240028,0.001678507381657852,0.0015815884243259274,0.0017635068907122515,0.001702952452855694,0.0016744751574457348,0.0016709929792770193,0.0014452597168279919,0.0012818661047621235
