,square,rectangle,parallelogram,losange,isoTrapezoid,kite,rightKite,rustedHinge,hinge,trapezoid,random
square,0.3444585055923024,0.40985612665553756,0.4439148849121253,0.4826839193333039,0.38285282680778515,0.3652480865548126,0.3598818662477369,0.4143134801182416,0.4133945418423499,0.3914754819683717,0.43344899966725337
rectangle,0.40985612665553756,0.3560595581601711,0.3947107936547906,0.43297593378558774,0.46070561507373403,0.41490896161690294,0.41433795366452264,0.3906071529436752,0.3780603570999693,0.42373787952991326,0.468449436273446
parallelogram,0.4439148849121253,0.3947107936547906,0.37834930195643124,0.41153372100237473,0.4779014063471778,0.4494298623831241,0.4379590343100487,0.41339914069331785,0.40161295618465653,0.434253123526207,0.4727864881075902
losange,0.4826839193333039,0.4329759337855878,0.41153372100237484,0.37728496568396575,0.49135526627973974,0.4798321336197335,0.47339933549602337,0.4237745518198215,0.420389563010715,0.4454489580731042,0.4474233550785462
isoTrapezoid,0.3828528268077851,0.46070561507373403,0.4779014063471778,0.49135526627973974,0.3586307984773784,0.3892627829597422,0.38289005859673203,0.4541336903972609,0.45894110670060245,0.40445742011491437,0.42747680146696854
kite,0.36524808655481267,0.41490896161690294,0.4494298623831241,0.4798321336197335,0.38926278295974226,0.34965401284327996,0.36175230074767345,0.4305887488352195,0.4298889503883513,0.4097355220217408,0.44476460719895305
rightKite,0.3598818662477368,0.41433795366452264,0.4379590343100487,0.47339933549602337,0.382890058596732,0.36175230074767345,0.3468968720918564,0.4237847059431344,0.4228190619145122,0.3899138339708649,0.4396376870697787
rustedHinge,0.4143134801182416,0.39060715294367526,0.41339914069331785,0.4237745518198215,0.4541336903972609,0.43058874883521964,0.4237847059431344,0.35877550961768123,0.36394300082255143,0.42181985413840517,0.4429007286907576
hinge,0.4133945418423499,0.37806035709996927,0.4016129561846564,0.420389563010715,0.45894110670060245,0.4298889503883513,0.42281906191451213,0.36394300082255143,0.3589201382038916,0.4201629740583189,0.44782260220554804
trapezoid,0.3914754819683716,0.42373787952991326,0.434253123526207,0.4454489580731042,0.40445742011491437,0.4097355220217408,0.3899138339708649,0.42181985413840517,0.4201629740583189,0.3653648171998546,0.4061212518549065
random,0.43344899966725337,0.468449436273446,0.4727864881075902,0.4474233550785462,0.42747680146696854,0.44476460719895305,0.4396376870697787,0.4429007286907575,0.44782260220554804,0.40612125185490644,0.3758588268079901
