,square,rectangle,parallelogram,losange,isoTrapezoid,kite,rightKite,rustedHinge,hinge,trapezoid,random
square,0.0012567208337644954,0.0014959423781778557,0.001806619354885356,0.0020756551350691226,0.00143259707054932,0.0014100999205576064,0.0013601943796350876,0.0016038555835221494,0.0015570503001990795,0.0015309736602012111,0.0017796177287257658
rectangle,0.0014959423781778557,0.001181493317301939,0.001486741826960277,0.0017933052512583095,0.001819603102214813,0.0015910971792591838,0.001559555812583261,0.0014686165782306687,0.001363559072873403,0.001627418696162077,0.0019579616846526642
parallelogram,0.001806619354885356,0.001486741826960277,0.0014153549665186494,0.0016232456646554832,0.0020024500873772255,0.001902506831876913,0.0017987221014519902,0.0016802435338108875,0.0015661071066765528,0.0016657421893008619,0.0019407084597175372
losange,0.0020756551350691226,0.00179330525125831,0.0016232456646554832,0.0014717910658251286,0.0021338940619799207,0.0021159865473078234,0.002028589341707574,0.0018109600986496708,0.0017484956933828972,0.001751728108411575,0.001822753138748569
isoTrapezoid,0.00143259707054932,0.001819603102214813,0.0020024500873772255,0.0021338940619799207,0.001230711188916539,0.0014632492376566355,0.0014235542778440146,0.0018389781629934926,0.0018242786312412868,0.0015468851053850583,0.0016956197110808272
kite,0.0014100999205576062,0.0015910971792591838,0.0019025068318769133,0.0021159865473078234,0.0014632492376566357,0.0012605789552497635,0.001364009590144024,0.0017684443111157162,0.0017385510628739164,0.0017008426977550958,0.001919533609707665
rightKite,0.0013601943796350876,0.001559555812583261,0.0017987221014519902,0.002028589341707574,0.0014235542778440146,0.001364009590144024,0.001259897470209828,0.0017167021084352019,0.0016716377560593771,0.001527506372402382,0.0018255761463516018
rustedHinge,0.0016038555835221494,0.0014686165782306687,0.0016802435338108875,0.0018109600986496708,0.0018389781629934926,0.0017684443111157162,0.0017167021084352019,0.0012798451815283476,0.0012983290203243988,0.001681053812697866,0.0018075599506238065
hinge,0.0015570503001990795,0.001363559072873403,0.0015661071066765528,0.0017484956933828968,0.0018242786312412868,0.0017385510628739166,0.0016716377560593771,0.0012983290203243988,0.0012489651955044478,0.0016237646174928782,0.0018056245751520966
trapezoid,0.0015309736602012111,0.001627418696162077,0.0016657421893008619,0.001751728108411575,0.0015468851053850583,0.0017008426977550958,0.001527506372402382,0.001681053812697866,0.0016237646174928782,0.0013253648657703095,0.0015268625519170038
random,0.0017796177287257653,0.0019579616846526642,0.0019407084597175374,0.001822753138748569,0.001695619711080827,0.0019195336097076647,0.0018255761463516018,0.0018075599506238065,0.0018056245751520966,0.0015268625519170038,0.0013623248773414014
