,square,rectangle,parallelogram,losange,isoTrapezoid,kite,rightKite,rustedHinge,hinge,trapezoid,random
square,0.09374679702733735,0.11236882720512371,0.14286299541259362,0.15866942418583957,0.16162424211729784,0.14359815566822717,0.13116832653039825,0.16546744374853414,0.15854673438499586,0.15535896548681308,0.1776101864864343
rectangle,0.11236882720512369,0.09612091897992522,0.1375083537534317,0.15817723302876205,0.1695395690759071,0.15089102437459945,0.13911649804399967,0.16318887796824028,0.15299135340790018,0.16039732233511192,0.18260010490818376
parallelogram,0.14286299541259362,0.1375083537534317,0.10442124088767692,0.12024935866687031,0.17633501341539717,0.15490299487754247,0.1450954218995316,0.16345804581004253,0.1569877525565832,0.14740000777642262,0.16881435460185285
losange,0.15866942418583954,0.15817723302876205,0.1202493586668703,0.10473329940014199,0.18802603249824443,0.16839380783583344,0.15789685033458425,0.17546099029744766,0.17197691534413584,0.15257758840224014,0.166464914766918
isoTrapezoid,0.16162424211729784,0.1695395690759071,0.17633501341539717,0.18802603249824443,0.11802919445291457,0.14839218493711356,0.1383671365628679,0.17132525581435812,0.17030973390432538,0.15302182910192197,0.16760711639997877
kite,0.14359815566822717,0.15089102437459945,0.15490299487754247,0.16839380783583344,0.14839218493711356,0.10642038233049869,0.11107448352674863,0.15672162548395016,0.15247382140696428,0.15141735844882465,0.1625246014943972
rightKite,0.13116832653039825,0.13911649804399967,0.1450954218995316,0.15789685033458425,0.1383671365628679,0.11107448352674863,0.09425139182550707,0.1459805429099891,0.14272460896589376,0.13804604245204247,0.1517534259295927
rustedHinge,0.16546744374853412,0.16318887796824028,0.16345804581004253,0.17546099029744763,0.17132525581435812,0.1567216254839502,0.1459805429099891,0.11987021309985309,0.13063865001993757,0.16484504536930225,0.16676080541864668
hinge,0.15854673438499586,0.15299135340790018,0.1569877525565832,0.17197691534413584,0.17030973390432536,0.1524738214069643,0.14272460896589376,0.13063865001993755,0.12481844609835213,0.16057356136921125,0.16493266076455657
trapezoid,0.15535896548681308,0.16039732233511192,0.1474000077764226,0.15257758840224014,0.15302182910192197,0.15141735844882465,0.1380460424520425,0.16484504536930225,0.16057356136921125,0.12101726916276735,0.14614158261948795
random,0.17761018648643428,0.18260010490818376,0.16881435460185282,0.166464914766918,0.16760711639997877,0.1625246014943972,0.1517534259295927,0.16676080541864666,0.16493266076455657,0.14614158261948795,0.12321250432718565
