,square,rectangle,parallelogram,losange,isoTrapezoid,kite,rightKite,rustedHinge,hinge,trapezoid,random
square,0.002381156542355606,0.002885417457218796,0.003647688446489621,0.004290473709056949,0.002799472947354542,0.0027513256836085584,0.0026332604858098105,0.00316389208610797,0.0030645941558479794,0.0030146846694325533,0.0035500740951648893
rectangle,0.002885417457218796,0.0023072053302037915,0.0029761013098108815,0.0037058986937733517,0.0035972846562812525,0.0031462687338020194,0.0030664098512516304,0.0029648181857571273,0.002737343805868655,0.0032542941908719454,0.004004086234635418
parallelogram,0.003647688446489621,0.0029761013098108815,0.0027618073080915677,0.0032442353779625612,0.0041346119546078535,0.003938813557672952,0.0036546001120701574,0.003470614261249331,0.0031974615404207905,0.0033465652785647786,0.003997207918437184
losange,0.004290473709056949,0.0037058986937733517,0.0032442353779625612,0.002921492799759102,0.004497471897023456,0.004491432897908796,0.004211304901054684,0.0038191551932519412,0.0036480351367106497,0.0035504058159934264,0.0037685052843056924
isoTrapezoid,0.002799472947354542,0.0035972846562812525,0.004134611954607853,0.004497471897023457,0.002407893077278136,0.002870525463035086,0.0027775286189066183,0.0037271331138608492,0.0036762804848247156,0.0030665712940664593,0.003361218552779835
kite,0.0027513256836085584,0.0031462687338020194,0.003938813557672952,0.004491432897908796,0.002870525463035086,0.0024287068254393216,0.0026251309102828446,0.0036036194798578286,0.0035292611204182913,0.0034346195070037787,0.0039263409085996915
rightKite,0.002633260485809811,0.003066409851251631,0.0036546001120701574,0.004211304901054683,0.0027775286189066187,0.0026251309102828446,0.0023719953160866933,0.003480155826890745,0.0033783755235411816,0.002998114935111486,0.0036345052775138414
rustedHinge,0.00316389208610797,0.0029648181857571273,0.003470614261249331,0.0038191551932519412,0.0037271331138608492,0.0036036194798578294,0.003480155826890745,0.002467336391037403,0.0025268906904709113,0.0034293099066944593,0.0036930896882514845
hinge,0.0030645941558479794,0.0027373438058686545,0.0031974615404207914,0.0036480351367106497,0.0036762804848247147,0.003529261120418292,0.0033783755235411816,0.0025268906904709113,0.002430131716453192,0.0032855057476551875,0.003656558839958441
trapezoid,0.0030146846694325533,0.0032542941908719454,0.0033465652785647786,0.0035504058159934264,0.003066571294066459,0.003434619507003778,0.0029981149351114857,0.0034293099066944593,0.0032855057476551867,0.0025927384054021257,0.0030090227645193906
random,0.0035500740951648893,0.004004086234635418,0.003997207918437184,0.003768505284305693,0.0033612185527798354,0.0039263409085996915,0.0036345052775138414,0.0036930896882514837,0.003656558839958441,0.0030090227645193915,0.0026829311201409696
