,square,rectangle,parallelogram,losange,isoTrapezoid,kite,rightKite,rustedHinge,hinge,trapezoid,random
square,0.0489936461655949,0.058854652784113455,0.08254314039644442,0.09126852036771048,0.0831469461861301,0.0872804094603828,0.08147160402180127,0.09410088732507103,0.0914898868725126,0.08624855246382299,0.1010650065966857
rectangle,0.058854652784113455,0.049114795542833274,0.07586954131654135,0.0871250214644136,0.08762171725037664,0.09009774156070958,0.08511689005973305,0.08940326762602434,0.08535415607108783,0.08723432036241253,0.10210846831298619
parallelogram,0.0825431403964444,0.07586954131654135,0.061366632653665855,0.07166565196211427,0.100976077151299,0.10001045118187019,0.09700569866581686,0.09870414824885132,0.095180272020244,0.08698371851831704,0.10110166756423439
losange,0.09126852036771048,0.08712502146441362,0.07166565196211427,0.06399927407949596,0.10762401124968848,0.10715465268460063,0.10466771833912561,0.10524484814666317,0.10349140955010587,0.09007179178342292,0.09873248095737586
isoTrapezoid,0.0831469461861301,0.08762171725037665,0.10097607715129898,0.10762401124968848,0.059434076605475304,0.084404393992203,0.07922052688435088,0.09442066779458319,0.09482329072026752,0.07839594309018488,0.09070594678867465
kite,0.0872804094603828,0.09009774156070958,0.10001045118187019,0.10715465268460063,0.084404393992203,0.0626274566626096,0.06840093844508287,0.0933304716997148,0.09119254969658558,0.08845635309626909,0.09412858988271312
rightKite,0.08147160402180127,0.08511689005973305,0.09700569866581686,0.10466771833912561,0.07922052688435087,0.06840093844508285,0.05938614242538218,0.08802630864340567,0.08690247911208822,0.0812939032812186,0.09030276532061138
rustedHinge,0.09410088732507103,0.08940326762602434,0.09870414824885132,0.10524484814666317,0.09442066779458319,0.09333047169971478,0.08802630864340569,0.06339516705630792,0.0682789681111951,0.09152501113500705,0.09247654800152132
hinge,0.09148988687251261,0.08535415607108783,0.095180272020244,0.10349140955010587,0.09482329072026749,0.09119254969658558,0.08690247911208823,0.0682789681111951,0.06578638365348309,0.08985172328874043,0.09163906139849715
trapezoid,0.08624855246382297,0.08723432036241252,0.08698371851831704,0.09007179178342292,0.07839594309018487,0.08845635309626909,0.08129390328121859,0.09152501113500704,0.08985172328874043,0.06339763467943992,0.07772165599026166
random,0.10106500659668567,0.10210846831298619,0.10110166756423439,0.09873248095737586,0.09070594678867465,0.09412858988271312,0.09030276532061136,0.09247654800152132,0.09163906139849715,0.07772165599026166,0.06503632446222778
