,square,rectangle,parallelogram,losange,isoTrapezoid,kite,rightKite,rustedHinge,hinge,trapezoid,random
square,0.060342579300830396,0.07265101690802458,0.10073205294929828,0.11165799581552086,0.10306329571224729,0.10576180518266842,0.09795041253326785,0.11479186228097076,0.11137553396219689,0.10653210668084209,0.12374258720440462
rectangle,0.07265101690802458,0.06071168006473142,0.09336948922460635,0.10743416991084238,0.10828602429130486,0.10935769589886013,0.10255330077081201,0.10950241060724478,0.10430429363871316,0.10793941197077267,0.12489365487021335
parallelogram,0.10073205294929827,0.09336948922460635,0.07359936021879403,0.08608137904565955,0.12288839960149973,0.11886641959815059,0.11502389400530927,0.11871676166368295,0.11443549284280308,0.10544912208580424,0.12138650431955054
losange,0.11165799581552086,0.1074341699108424,0.08608137904565953,0.07643039264994966,0.1305180066895985,0.12756505511834204,0.12439744895945308,0.12667947477882113,0.12455658717285585,0.10894348252879281,0.11848197616971659
isoTrapezoid,0.10306329571224729,0.10828602429130486,0.12288839960149973,0.1305180066895985,0.07294316645114524,0.10288628937967335,0.09654305359329113,0.1143207559905262,0.11473276835381709,0.09710145211678663,0.11030923063782697
kite,0.10576180518266842,0.10935769589886013,0.11886641959815059,0.12756505511834204,0.10288628937967335,0.075792231752146,0.08245590491622153,0.1114038312102517,0.10886958165273675,0.10709306940689994,0.11354605742535162
rightKite,0.09795041253326785,0.10255330077081201,0.11502389400530928,0.12439744895945308,0.09654305359329113,0.08245590491622153,0.07120910405810271,0.1049250625329822,0.10354313043788924,0.0987044635433993,0.10895875805799529
rustedHinge,0.11479186228097078,0.10950241060724478,0.11871676166368295,0.12667947477882113,0.11432075599052623,0.1114038312102517,0.1049250625329822,0.07651915307669901,0.08249401382759251,0.11091315607879819,0.11124569610368638
hinge,0.11137553396219689,0.10430429363871316,0.11443549284280308,0.12455658717285584,0.1147327683538171,0.10886958165273677,0.10354313043788922,0.08249401382759251,0.07942455240198917,0.1089336086946028,0.11042186601520944
trapezoid,0.10653210668084209,0.1079394119707727,0.10544912208580426,0.10894348252879281,0.09710145211678663,0.10709306940689994,0.0987044635433993,0.11091315607879819,0.1089336086946028,0.07809116805098437,0.09490435061769245
random,0.1237425872044046,0.12489365487021335,0.12138650431955054,0.11848197616971659,0.11030923063782697,0.11354605742535162,0.10895875805799529,0.11124569610368638,0.11042186601520944,0.09490435061769245,0.07870771920674471
