,square,rectangle,parallelogram,losange,isoTrapezoid,kite,rightKite,rustedHinge,hinge,trapezoid,random
square,0.0013083706439982704,0.001544895582041949,0.0018143110552869737,0.0020539525870972523,0.0014692960747195085,0.001441498743903029,0.001399181912289742,0.0016429685879955321,0.0015942071810977625,0.0015640542382931153,0.0017986538047276785
rectangle,0.0015448955820419488,0.001216649484317696,0.0015003069026185152,0.0017793271121202437,0.0018501045493248324,0.0016206567957103533,0.0015956404034818345,0.0014913538270092202,0.0013844264639389144,0.001648645146517907,0.0019495419522630717
parallelogram,0.0018143110552869737,0.001500306902618515,0.001446483330102784,0.0016452612052181659,0.0019890436787330886,0.0018841166485707027,0.0018038300728010332,0.001682088604707936,0.0015732816301555971,0.0016906355175532574,0.0019450293845894012
losange,0.0020539525870972523,0.0017793271121202437,0.0016452612052181659,0.001494565947117324,0.0020886254691593878,0.002071596593075873,0.002010016076643017,0.0017953118368886178,0.0017354426089499586,0.001761176698128063,0.0018126441518999704
isoTrapezoid,0.0014692960747195085,0.0018501045493248324,0.0019890436787330886,0.0020886254691593878,0.001261203800229083,0.0014872497144313153,0.0014577785692311196,0.0018553539061415417,0.0018415381090278978,0.0015717685179426687,0.00171050602917756
kite,0.001441498743903029,0.0016206567957103538,0.0018841166485707031,0.002071596593075873,0.0014872497144313153,0.0012933863975427705,0.0013968106229929464,0.00178240967918607,0.001747000087150823,0.001702117068755423,0.0019018951721762353
rightKite,0.001399181912289742,0.0015956404034818345,0.0018038300728010332,0.002010016076643017,0.0014577785692311196,0.0013968106229929464,0.0013081987912961792,0.0017332744291813852,0.001686410848084385,0.0015589318525952702,0.0018409327640266048
rustedHinge,0.0016429685879955321,0.0014913538270092202,0.001682088604707936,0.0017953118368886178,0.0018553539061415417,0.00178240967918607,0.0017332744291813852,0.0013306501968310472,0.0013358639380850732,0.0016977027418702214,0.0018138107622643017
hinge,0.0015942071810977625,0.0013844264639389144,0.0015732816301555971,0.0017354426089499586,0.0018415381090278978,0.0017470000871508235,0.001686410848084385,0.0013358639380850732,0.0012816986563398975,0.0016408752629502813,0.001810091487983408
trapezoid,0.0015640542382931153,0.001648645146517907,0.0016906355175532574,0.001761176698128063,0.0015717685179426687,0.0017021170687554227,0.0015589318525952702,0.0016977027418702214,0.0016408752629502813,0.0013680643717699761,0.0015682619702757272
random,0.0017986538047276785,0.0019495419522630713,0.0019450293845894012,0.0018126441518999704,0.00171050602917756,0.0019018951721762353,0.0018409327640266048,0.0018138107622643017,0.001810091487983408,0.0015682619702757272,0.0013889295142299727
