,square,rectangle,parallelogram,losange,isoTrapezoid,kite,rightKite,rustedHinge,hinge,trapezoid,random
square,0.04124961458656266,0.04865569023084411,0.06893389592437851,0.07628008596972762,0.06671247422493658,0.07120284081211044,0.06603583901774829,0.07598250545555785,0.07362636012444806,0.0700617700284492,0.08251971879298467
rectangle,0.04865569023084411,0.040956659733005295,0.06306373365529747,0.07238316438676547,0.07068821938041671,0.07316295276937579,0.06854883966039872,0.07205816513736375,0.06858618263031369,0.07067134906762412,0.08349015022670135
parallelogram,0.0689338959243785,0.06306373365529745,0.0513519500021958,0.060001876639777144,0.08164176880057199,0.08243267498529847,0.0791965404780827,0.08071306446069501,0.0772896159998997,0.07055807318511027,0.08303985820794357
losange,0.07628008596972762,0.07238316438676547,0.060001876639777144,0.05360844551482656,0.087107276759683,0.08854099866408527,0.08568489534525887,0.08607861438654506,0.08401242377930208,0.07321963660907707,0.08087600826611704
isoTrapezoid,0.06671247422493658,0.07068821938041671,0.08164176880057199,0.087107276759683,0.0486089520682047,0.06785311724550264,0.06342694317888745,0.076377826951636,0.07642922349715923,0.06350218846932716,0.07329362969427768
kite,0.07120284081211044,0.07316295276937579,0.08243267498529845,0.08854099866408525,0.06785311724550262,0.051090517325185734,0.05568000456101671,0.07614948231998983,0.07405482607762086,0.07197412861300699,0.07658870432514583
rightKite,0.06603583901774829,0.06854883966039872,0.0791965404780827,0.08568489534525889,0.06342694317888745,0.05568000456101671,0.048272606069009946,0.07143236248211356,0.07014959578040626,0.06557802868919149,0.07303687603500925
rustedHinge,0.07598250545555785,0.07205816513736375,0.08071306446069502,0.08607861438654506,0.07637782695163599,0.07614948231998983,0.07143236248211356,0.051590558087226464,0.05501253019471145,0.07438263573776285,0.07529819555056523
hinge,0.07362636012444806,0.06858618263031369,0.0772896159998997,0.08401242377930208,0.07642922349715923,0.07405482607762084,0.07014959578040626,0.05501253019471145,0.05272677298623555,0.07257669298784646,0.07410312524197332
trapezoid,0.0700617700284492,0.07067134906762412,0.07055807318511027,0.07321963660907707,0.06350218846932716,0.07197412861300698,0.06557802868919149,0.07438263573776285,0.07257669298784646,0.05142190714991893,0.06310283044547309
random,0.08251971879298467,0.08349015022670135,0.08303985820794357,0.08087600826611704,0.07329362969427768,0.07658870432514582,0.07303687603500925,0.07529819555056523,0.07410312524197332,0.06310283044547309,0.052844401756098607
