,square,rectangle,parallelogram,losange,isoTrapezoid,kite,rightKite,rustedHinge,hinge,trapezoid,random
square,0.08448709723771537,0.10076778463650411,0.12538133340558624,0.13834339871014995,0.1406744212779198,0.12546123532924708,0.11410258631924595,0.14399902573110768,0.13797327513698207,0.13487735594072464,0.15391260502492773
rectangle,0.10076778463650411,0.08637543271627915,0.1192891162546289,0.13625893158264155,0.14740821134146317,0.13119849891916968,0.12029383383176318,0.14112951006143046,0.13233136105546617,0.1383598450695158,0.15746430116390503
parallelogram,0.12538133340558624,0.1192891162546289,0.08740550816769352,0.10020349626281508,0.14962795641996832,0.13054940976650428,0.12109536609418402,0.13690747128423097,0.13138363165224085,0.12360165442035637,0.14176284337165412
losange,0.13834339871014995,0.13625893158264155,0.10020349626281508,0.08724371611927526,0.15927673189093172,0.1419068057511565,0.1315424354614448,0.1469097232792617,0.1438196444341224,0.12770895525356424,0.13941581895084879
isoTrapezoid,0.1406744212779198,0.14740821134146317,0.14962795641996832,0.1592767318909317,0.10177966259455229,0.12613795219801605,0.11721063983723704,0.14657263370704726,0.14510789576000765,0.13051298029259845,0.14272698552258584
kite,0.12546123532924708,0.13119849891916968,0.1305494097665043,0.1419068057511565,0.12613795219801605,0.08966687853148277,0.09289106679156199,0.13202914274767757,0.12859814711955408,0.1275174487865659,0.1370712193338201
rightKite,0.11410258631924597,0.12029383383176318,0.12109536609418402,0.1315424354614448,0.11721063983723704,0.09289106679156198,0.07806011850241137,0.12255721560944322,0.11982857839979154,0.11540266531517038,0.1271566380742745
rustedHinge,0.14399902573110768,0.14112951006143046,0.13690747128423097,0.1469097232792617,0.14657263370704726,0.13202914274767757,0.12255721560944322,0.10103622033269881,0.11011132026536244,0.13891060517802575,0.1404694690880596
hinge,0.13797327513698207,0.13233136105546617,0.13138363165224085,0.1438196444341224,0.14510789576000765,0.12859814711955408,0.11982857839979154,0.11011132026536244,0.1051596997864287,0.13506382543974646,0.13895782516865235
trapezoid,0.13487735594072464,0.1383598450695158,0.12360165442035637,0.1277089552535642,0.13051298029259845,0.1275174487865659,0.11540266531517038,0.13891060517802575,0.13506382543974646,0.10184413441454084,0.12277534394179199
random,0.15391260502492773,0.15746430116390503,0.14176284337165415,0.13941581895084879,0.14272698552258584,0.1370712193338201,0.1271566380742745,0.1404694690880596,0.13895782516865235,0.12277534394179199,0.10332771575414855
