,square,rectangle,parallelogram,losange,isoTrapezoid,kite,rightKite,rustedHinge,hinge,trapezoid,random
square,0.018487521024647697,0.021869046855419093,0.024814629463220023,0.027459548533190364,0.020550473813022035,0.019803586535443424,0.019381908336424183,0.02260321995958472,0.022505295264809183,0.021524445505047448,0.024446121604846414
rectangle,0.021869046855419093,0.017710134568718873,0.02081734853736553,0.023952342276784912,0.025836560635215194,0.022301802134616928,0.022201171219282445,0.020626161518303966,0.019744307819639324,0.022923800647882155,0.026679156960121755
parallelogram,0.024814629463220023,0.02081734853736553,0.02031757924059745,0.022519955031010674,0.02731304398818164,0.02511539756891805,0.024450397041855115,0.02260577400750598,0.021745054841401566,0.02350449761054287,0.026620157679781025
losange,0.027459548533190364,0.023952342276784912,0.022519955031010674,0.020617348644197595,0.028144956079814643,0.027139521968019307,0.02667112330050015,0.023750855756639613,0.02340839774675826,0.024220326484148826,0.024815853256552826
isoTrapezoid,0.020550473813022035,0.025836560635215194,0.02731304398818164,0.028144956079814636,0.018057675729997065,0.02060587591876225,0.020284009617608255,0.02538700774350077,0.025767732257570536,0.02176959882997387,0.02338804287545764
kite,0.019803586535443424,0.022301802134616928,0.02511539756891805,0.027139521968019307,0.020605875918762246,0.017984137757988187,0.01917460727782223,0.02393455990347165,0.023894174798392512,0.022723837687191262,0.025144808772483738
rightKite,0.019381908336424187,0.02220117121928245,0.024450397041855115,0.02667112330050015,0.020284009617608255,0.01917460727782223,0.01829750677972537,0.023413910819273152,0.02332664339883999,0.021284221160210365,0.024701102366742625
rustedHinge,0.02260321995958472,0.020626161518303966,0.02260577400750598,0.023750855756639613,0.02538700774350077,0.02393455990347165,0.023413910819273152,0.018539919324452016,0.018944297336759345,0.02307860459823724,0.024757837299982738
hinge,0.022505295264809183,0.019744307819639324,0.021745054841401566,0.023408397746758264,0.025767732257570536,0.023894174798392516,0.02332664339883999,0.018944297336759345,0.018661223213055775,0.022859786055733234,0.025088796968000593
trapezoid,0.021524445505047445,0.022923800647882155,0.023504497610542865,0.024220326484148826,0.021769598829973865,0.022723837687191262,0.021284221160210365,0.02307860459823724,0.02285978605573323,0.01941207974654938,0.02186189181043894
random,0.024446121604846414,0.026679156960121755,0.026620157679781025,0.024815853256552823,0.02338804287545764,0.025144808772483738,0.024701102366742625,0.024757837299982738,0.025088796968000593,0.02186189181043894,0.019715095132595867
