,square,rectangle,parallelogram,losange,isoTrapezoid,kite,rightKite,rustedHinge,hinge,trapezoid,random
square,0.0059437861024551585,0.0070271386787961925,0.009141978675351842,0.010836802973089346,0.007422281846026038,0.007692795139259687,0.0072908595573247924,0.008496120906803854,0.008116994195759307,0.007861053634199816,0.00953944117598723
rectangle,0.0070271386787961925,0.005805183930998386,0.007740478423406545,0.009626821764694829,0.009058618732538009,0.008569071890933913,0.00825986162711768,0.008145512783563912,0.007474070759916298,0.008366526731876968,0.01053529997657857
parallelogram,0.009141978675351844,0.007740478423406546,0.007023869766789859,0.00832559498935657,0.010434253449159063,0.010594914096993275,0.009789482361389797,0.009378422882831802,0.008634519048396794,0.008550044324463213,0.010459421275942972
losange,0.010836802973089346,0.009626821764694827,0.00832559498935657,0.0075722487345190196,0.011517934554345287,0.012091580520195341,0.011234702687664936,0.010348112685158395,0.009831441678515997,0.009182819883283698,0.010068897084928813
isoTrapezoid,0.007422281846026039,0.009058618732538009,0.010434253449159063,0.011517934554345289,0.006321725783772814,0.007771097866629268,0.007455636057480259,0.009786688714476377,0.009624795552849117,0.007896671016694745,0.008960047767151806
kite,0.007692795139259687,0.008569071890933913,0.010594914096993277,0.012091580520195341,0.007771097866629267,0.006620561198184773,0.0071427728964078945,0.009886628092348464,0.009629793024912752,0.009283458059735203,0.010605304708431887
rightKite,0.0072908595573247924,0.00825986162711768,0.009789482361389797,0.011234702687664936,0.007455636057480259,0.0071427728964078945,0.006380280744383691,0.009384715468175596,0.009099873623463145,0.008045686845563324,0.009669044463019768
rustedHinge,0.008496120906803852,0.008145512783563912,0.009378422882831802,0.010348112685158395,0.009786688714476377,0.009886628092348465,0.009384715468175596,0.006596323276057948,0.006764641673441926,0.00913811088158903,0.0097905842895419
hinge,0.008116994195759307,0.007474070759916299,0.008634519048396794,0.009831441678515997,0.009624795552849117,0.009629793024912752,0.009099873623463144,0.006764641673441926,0.006446041208258611,0.00870333165540204,0.009590922251194062
trapezoid,0.007861053634199817,0.008366526731876968,0.008550044324463213,0.009182819883283698,0.007896671016694745,0.009283458059735203,0.008045686845563324,0.00913811088158903,0.008703331655402038,0.00659109047455411,0.00795256414934355
random,0.00953944117598723,0.010535299976578571,0.01045942127594297,0.010068897084928813,0.008960047767151806,0.010605304708431885,0.00966904446301977,0.0097905842895419,0.009590922251194062,0.00795256414934355,0.007092447754475774
