,square,rectangle,parallelogram,losange,isoTrapezoid,kite,rightKite,rustedHinge,hinge,trapezoid,random
square,0.06966578989026304,0.08600096270733483,0.1183952620182864,0.13117544889257188,0.1229722029126672,0.12232977859579289,0.11256661646479929,0.13484107022641287,0.13134231024680865,0.12560509264424996,0.14567093301275874
rectangle,0.08600096270733483,0.07082986473027365,0.11075398728566396,0.1274517827198509,0.1283812902879647,0.12679844883743072,0.11832787565719897,0.12874262378700851,0.12291928878415137,0.12702195927080473,0.14621253194793477
parallelogram,0.11839526201828637,0.11075398728566399,0.08696149852343375,0.1015717922205811,0.14599458299922977,0.13856713393376083,0.13360293387903138,0.14026689411982296,0.13597422870340803,0.12549109466551064,0.1437525913297848
losange,0.13117544889257188,0.12745178271985091,0.1015717922205811,0.08926793443918019,0.15500933944355305,0.14921108745361047,0.14479947678159166,0.1497976309192967,0.1481020911647152,0.1295261091186449,0.1404651893117198
isoTrapezoid,0.1229722029126672,0.12838129028796472,0.14599458299922974,0.15500933944355302,0.08673465674608088,0.12086017625052102,0.11288479890681606,0.13380076240419544,0.13458408301562888,0.11553590530865666,0.13115376012054178
kite,0.12232977859579289,0.12679844883743072,0.13856713393376083,0.14921108745361047,0.12086017625052102,0.08842854169045442,0.0955457317319721,0.1298056185897493,0.1271210112456548,0.12589862001316618,0.13366248940472697
rightKite,0.11256661646479929,0.11832787565719897,0.1336029338790314,0.14479947678159166,0.11288479890681606,0.0955457317319721,0.08234984830640477,0.12181129709394957,0.12054681613666424,0.11574649014684606,0.12750485351789861
rustedHinge,0.13484107022641287,0.1287426237870085,0.14026689411982293,0.1497976309192967,0.13380076240419542,0.1298056185897493,0.12181129709394954,0.09030138389908203,0.09787068900063164,0.13073341102623967,0.13078361717767198
hinge,0.13134231024680865,0.12291928878415136,0.13597422870340803,0.1481020911647152,0.13458408301562888,0.1271210112456548,0.12054681613666424,0.09787068900063164,0.09438268373442266,0.12869074786008539,0.13017720003981229
trapezoid,0.12560509264425,0.12702195927080473,0.12549109466551064,0.12952610911864493,0.11553590530865666,0.12589862001316618,0.11574649014684606,0.13073341102623967,0.12869074786008539,0.09311751848857276,0.11365181951565641
random,0.14567093301275877,0.14621253194793474,0.1437525913297848,0.1404651893117198,0.13115376012054178,0.13366248940472697,0.12750485351789861,0.13078361717767198,0.13017720003981229,0.1136518195156564,0.09368307268520756
