,square,rectangle,parallelogram,losange,isoTrapezoid,kite,rightKite,rustedHinge,hinge,trapezoid,random
square,0.07998306430593749,0.09817762220580407,0.13480192033514538,0.15077572392599012,0.13997442571847363,0.137330716486335,0.12651342868979193,0.15318863760290166,0.14855118832144698,0.1418836704625488,0.16520201448036187
rectangle,0.09817762220580407,0.08119022107397564,0.12662744492780184,0.1466198941987775,0.14607619763521534,0.14232310276665083,0.13263329203961957,0.14697041215644763,0.13946126244078685,0.14356513142732907,0.16615077889355856
parallelogram,0.13480192033514538,0.12662744492780184,0.09800967247819983,0.11465844673140915,0.1638043211577236,0.15379857227612986,0.14793747616050332,0.15709161833454727,0.1519575240099409,0.14009347590379947,0.16062007860631405
losange,0.15077572392599012,0.14661989419877747,0.11465844673140915,0.10072361507186087,0.17496749037740855,0.16681498578676757,0.16164761975861291,0.1689120191979165,0.16671983534403365,0.14561478580010848,0.15782155212678683
isoTrapezoid,0.13997442571847363,0.14607619763521534,0.1638043211577236,0.17496749037740855,0.0995750498943494,0.13654737911214102,0.1277988166048285,0.15168288466491575,0.15188398374204232,0.13184761137705597,0.14898012407453276
kite,0.13733071648633502,0.14232310276665083,0.15379857227612984,0.16681498578676757,0.13654737911214104,0.09928902776869525,0.10687575183514586,0.14619657966709312,0.14234245562248582,0.14108904652884577,0.15054587130871308
rightKite,0.12651342868979193,0.1326332920396196,0.14793747616050332,0.16164761975861291,0.12779881660482847,0.10687575183514583,0.09207417228096484,0.13745116542702765,0.13498746092161673,0.129979015312586,0.1438020579960926
rustedHinge,0.15318863760290166,0.14697041215644763,0.15709161833454727,0.1689120191979165,0.15168288466491575,0.14619657966709312,0.13745116542702765,0.10439321812450252,0.11300376194072376,0.14804917279122987,0.1491203463056608
hinge,0.14855118832144698,0.13946126244078685,0.15195752400994086,0.16671983534403365,0.15188398374204232,0.14234245562248582,0.13498746092161673,0.11300376194072376,0.10835195255018105,0.14500258128678725,0.1478793978259109
trapezoid,0.1418836704625488,0.14356513142732907,0.14009347590379947,0.14561478580010848,0.13184761137705597,0.14108904652884574,0.129979015312586,0.14804917279122987,0.14500258128678725,0.10558813983339965,0.12928154158923952
random,0.16520201448036187,0.16615077889355856,0.16062007860631405,0.15782155212678683,0.14898012407453276,0.15054587130871308,0.1438020579960926,0.1491203463056608,0.1478793978259109,0.12928154158923952,0.10718563316643966
