,square,rectangle,parallelogram,losange,isoTrapezoid,kite,rightKite,rustedHinge,hinge,trapezoid,random
square,0.14399725412706213,0.18380273569856764,0.2679696372335371,0.30615708184787804,0.2651895405899458,0.25431292341105943,0.2580866449824712,0.3033015596469268,0.2804276657161509,0.2518086729896295,0.30795154303197303
rectangle,0.18380273569856764,0.14807966110074408,0.23275377472878148,0.2773265696381394,0.29774764871999676,0.27226342596159375,0.2778798431341096,0.2928109999497091,0.2611422424057337,0.26255336822986136,0.3219496520892254
parallelogram,0.2679696372335371,0.23275377472878148,0.19471821927447422,0.22598781970939724,0.33224182719906203,0.3073669702319974,0.314514656645163,0.31684490403506993,0.2896080399828693,0.26692815729778324,0.3148425319754781
losange,0.30615708184787804,0.2773265696381394,0.22598781970939724,0.2035012499250772,0.34865503651795343,0.33200438410950395,0.3393835138864626,0.33643072676380054,0.3158866909241005,0.27805551918090987,0.3061218932102897
isoTrapezoid,0.2651895405899458,0.29774764871999676,0.33224182719906203,0.34865503651795343,0.18158994878845935,0.24407289469285842,0.2319364209524394,0.31926659992712597,0.31437014189055607,0.23719239000864864,0.27529015788562256
kite,0.25431292341105943,0.2722634259615938,0.3073669702319974,0.33200438410950395,0.24407289469285842,0.20062041192881444,0.21953983226921955,0.30589217869374197,0.2958388170338162,0.26844608031020406,0.30189486384720937
rightKite,0.25808664498247114,0.27787984313410957,0.3145146566451629,0.33938351388646265,0.2319364209524394,0.21953983226921955,0.19050216702816344,0.2950595434660067,0.2888882151673716,0.24831453070209802,0.2931121149047424
rustedHinge,0.30330155964692673,0.2928109999497091,0.3168449040350699,0.33643072676380054,0.31926659992712597,0.30589217869374197,0.2950595434660067,0.21197239333720477,0.22558899241649896,0.30164157110581713,0.30988022409109983
hinge,0.2804276657161509,0.2611422424057337,0.28960803998286927,0.3158866909241005,0.3143701418905561,0.2958388170338162,0.2888882151673716,0.225588992416499,0.21486766424974035,0.28929039354366365,0.3084201103891008
trapezoid,0.2518086729896295,0.26255336822986136,0.26692815729778324,0.27805551918090987,0.23719239000864856,0.26844608031020406,0.24831453070209802,0.30164157110581713,0.28929039354366365,0.18779527322173675,0.2395499430433011
random,0.3079515430319731,0.3219496520892254,0.3148425319754781,0.30612189321028976,0.27529015788562256,0.30189486384720937,0.2931121149047425,0.30988022409109983,0.3084201103891008,0.2395499430433011,0.21539538045169826
