,square,rectangle,parallelogram,losange,isoTrapezoid,kite,rightKite,rustedHinge,hinge,trapezoid,random
square,0.2124894156558502,0.29308184434053114,0.4099843827123925,0.45609613468249727,0.38558645922517415,0.3741115400640292,0.3500005182319599,0.4302722490496168,0.39305794818126333,0.39344963737050703,0.4625822737865456
rectangle,0.29308184434053114,0.22037418856919697,0.3781302482130051,0.443454240769991,0.42516148203455073,0.4032124505022446,0.3917837707427249,0.4246603189037637,0.37037690560473213,0.41158288876621263,0.47514699426857593
parallelogram,0.4099843827123925,0.3781302482130051,0.2861538547237726,0.33546407606115214,0.44912619877436405,0.41527392548428077,0.42080091525461366,0.44190343161237405,0.40405857711176896,0.3956493338753301,0.4401223178524062
losange,0.45609613468249727,0.443454240769991,0.3354640760611521,0.29693609092616907,0.4721328818376339,0.4475242910903899,0.4524244245125322,0.4704837326401293,0.4458902684959623,0.4166548232687122,0.43960030772855174
isoTrapezoid,0.38558645922517415,0.42516148203455073,0.449126198774364,0.4721328818376339,0.2507845938722544,0.34004413076747925,0.3191513559291423,0.42835160444410714,0.41802506717812604,0.3424159437323013,0.39100695609770547
kite,0.3741115400640293,0.4032124505022446,0.41527392548428077,0.44752429109038977,0.34004413076747925,0.2695510525476971,0.3012886386693868,0.4113345068227397,0.39365841709555144,0.3778562678134108,0.40908564106452555
rightKite,0.3500005182319599,0.39178377074272497,0.42080091525461366,0.4524244245125322,0.3191513559291423,0.3012886386693868,0.2538957348908636,0.39828430963703776,0.38249175676777103,0.35199044533547247,0.4078631332448563
rustedHinge,0.4302722490496167,0.4246603189037637,0.44190343161237405,0.4704837326401293,0.42835160444410714,0.4113345068227397,0.39828430963703776,0.2911936893162484,0.32034777444494905,0.4322124855523369,0.43312909555478785
hinge,0.39305794818126333,0.3703769056047321,0.4040585771117689,0.4458902684959623,0.4180250671781261,0.39365841709555144,0.3824917567677711,0.32034777444494905,0.2932100336777102,0.4112931990762408,0.4315864049161932
trapezoid,0.39344963737050703,0.41158288876621263,0.3956493338753301,0.4166548232687122,0.3424159437323013,0.3778562678134108,0.35199044533547247,0.4322124855523369,0.4112931990762408,0.29078877456487756,0.3591229333380075
random,0.4625822737865456,0.4751469942685758,0.4401223178524062,0.43960030772855163,0.39100695609770547,0.4090856410645255,0.4078631332448563,0.43312909555478785,0.4315864049161931,0.3591229333380075,0.303023507921998
