,square,rectangle,parallelogram,losange,isoTrapezoid,kite,rightKite,rustedHinge,hinge,trapezoid,random
square,0.18396293641842365,0.23811642533373426,0.2969253009148574,0.3269271933346095,0.28072053245872636,0.27626111235657086,0.265773698107251,0.3020087621781292,0.2853407080947847,0.28800724938125444,0.3191794866085723
rectangle,0.23811642533373426,0.17368405669353387,0.28156396276287254,0.3195970444585118,0.29262153709827665,0.28689051683188155,0.2816098718473607,0.29096877053298575,0.26539644047101957,0.29153392095238184,0.3214496794789424
parallelogram,0.2969253009148574,0.28156396276287254,0.22280578687093242,0.26415058333229846,0.3070599054598531,0.29831449031825513,0.2976240715318358,0.3090273120187276,0.29212024955903937,0.289596850860528,0.3139093761877078
losange,0.32692719333460946,0.3195970444585118,0.2641505833322984,0.24333139753764513,0.3267619924581042,0.3250148185609179,0.3229681971219145,0.3297019835189544,0.3193812823493011,0.3063152973323209,0.31815550280489746
isoTrapezoid,0.28072053245872636,0.29262153709827665,0.3070599054598531,0.3267619924581042,0.1913686868201913,0.24380697164041631,0.23453763902281596,0.2932514742138246,0.2827821535631301,0.2452627014723987,0.27159205521420937
kite,0.27626111235657086,0.28689051683188155,0.29831449031825513,0.32501481856091785,0.24380697164041631,0.20499460326825694,0.22373023031891717,0.2857129510618312,0.27238774360788226,0.26882560189566646,0.2866765486914368
rightKite,0.26577369810725104,0.28160987184736075,0.2976240715318358,0.3229681971219145,0.23453763902281594,0.22373023031891717,0.1914360724165076,0.27558371647238905,0.26238628369009,0.25451862393125413,0.2850058894183033
rustedHinge,0.3020087621781292,0.29096877053298575,0.3090273120187276,0.3297019835189544,0.2932514742138245,0.2857129510618312,0.27558371647238905,0.22138555807984858,0.23583096210788287,0.29727214139742686,0.3001131848409937
hinge,0.2853407080947847,0.26539644047101957,0.29212024955903937,0.3193812823493011,0.2827821535631301,0.27238774360788226,0.26238628369009,0.23583096210788287,0.21242370029414867,0.28428004685637437,0.29618548294222535
trapezoid,0.28800724938125444,0.2915339209523818,0.289596850860528,0.30631529733232093,0.2452627014723987,0.2688256018956664,0.25451862393125413,0.29727214139742686,0.28428004685637437,0.22041779964288097,0.26292157277147304
random,0.3191794866085723,0.3214496794789423,0.3139093761877078,0.31815550280489746,0.2715920552142094,0.2866765486914368,0.2850058894183033,0.3001131848409937,0.29618548294222535,0.262921572771473,0.2268298485297145
