,square,rectangle,parallelogram,losange,isoTrapezoid,kite,rightKite,rustedHinge,hinge,trapezoid,random
square,0.18373872586912876,0.21111032893339368,0.23541619682609535,0.2569482615792039,0.20605272903426688,0.20102787619286647,0.1947560611142924,0.21842358682184318,0.21429487825962212,0.20968692040505132,0.233371965916847
rectangle,0.21111032893339363,0.1830032600200932,0.20931394268532286,0.23511221027458162,0.23829225152862896,0.22142771088300411,0.21654307796727507,0.20815320293223522,0.19818963507023502,0.2238998723078584,0.2507070888110429
parallelogram,0.23541619682609535,0.20931394268532286,0.17924157458682163,0.20044072982647912,0.24813607179926728,0.2461735190903322,0.22976370676895572,0.22273433203831172,0.21169743288509157,0.21368405508299418,0.23686871956170252
losange,0.256948261579204,0.23511221027458162,0.20044072982647906,0.17945629339479846,0.25542816891216674,0.26314158557823647,0.2485964805254625,0.23228993222935482,0.22687626053090273,0.21779316751805364,0.22347432469920384
isoTrapezoid,0.20605272903426688,0.23829225152862896,0.24813607179926722,0.2554281689121667,0.18238451922218168,0.20481698378334434,0.20010276504230534,0.2392941639747816,0.23810424393732874,0.20798529481079328,0.22022340791528028
kite,0.20102787619286647,0.2214277108830041,0.2461735190903322,0.26314158557823647,0.20481698378334434,0.18093221224494907,0.19279204080448883,0.2326943456716119,0.23144293289751858,0.2280149003864631,0.24731444818702633
rightKite,0.19475606111429242,0.21654307796727507,0.22976370676895574,0.2485964805254625,0.20010276504230534,0.19279204080448883,0.17639130508732048,0.22863621134211484,0.2253714758677987,0.20376788593528689,0.23116613174324754
rustedHinge,0.21842358682184315,0.20815320293223522,0.22273433203831172,0.23228993222935482,0.23929416397478154,0.2326943456716119,0.22863621134211484,0.17836928539236788,0.1831311886308696,0.22589439457787133,0.23477828450424157
hinge,0.21429487825962212,0.198189635070235,0.21169743288509157,0.22687626053090273,0.2381042439373287,0.23144293289751855,0.2253714758677987,0.18313118863086963,0.17843952936668708,0.22067389449629965,0.23391617467479453
trapezoid,0.20968692040505132,0.2238998723078584,0.21368405508299418,0.21779316751805364,0.20798529481079325,0.2280149003864631,0.2037678859352869,0.2258943945778714,0.22067389449629965,0.17816112568404086,0.19790085903256238
random,0.23337196591684706,0.2507070888110429,0.23686871956170252,0.22347432469920386,0.22022340791528028,0.24731444818702633,0.23116613174324754,0.23477828450424157,0.23391617467479453,0.19790085903256238,0.17972903868573245
