,square,rectangle,parallelogram,losange,isoTrapezoid,kite,rightKite,rustedHinge,hinge,trapezoid,random
square,0.126990439541883,0.16003754570371378,0.1979190860651597,0.21385211884122668,0.19399150313068173,0.18624443239492283,0.17927641421789003,0.2046834720926309,0.19690486603243684,0.19712936626503597,0.21603894837301638
rectangle,0.1600375457037138,0.12513897869047128,0.1887553205627008,0.20878644404630986,0.20951879246754412,0.20045044871118656,0.19569748582586655,0.2059251914562998,0.19244376736131125,0.20484262801093972,0.2248089216253336
parallelogram,0.19791908606515976,0.1887553205627008,0.14947406743143077,0.17358680304519739,0.21219342897454152,0.2028897650600469,0.20006222933075707,0.2086525628000157,0.19964726826517806,0.1962794881141858,0.21390895453889414
losange,0.21385211884122668,0.20878644404630986,0.17358680304519739,0.16261682716550882,0.2214179230179377,0.21697066779009097,0.21341655043608676,0.21964804569935012,0.21407936917897116,0.2048318074136582,0.2141868078945659
isoTrapezoid,0.19399150313068173,0.20951879246754412,0.21219342897454152,0.2214179230179377,0.140838120224207,0.17415053852663215,0.16789319609812683,0.20785890559212872,0.20486912898970083,0.1774318390433099,0.1931327159321106
kite,0.18624443239492283,0.20045044871118656,0.2028897650600469,0.21697066779009097,0.17415053852663215,0.14573072047519178,0.15518329664924335,0.19679268341717213,0.19170068862998166,0.18883396698949056,0.20023910323175412
rightKite,0.17927641421789003,0.19569748582586652,0.200062229330757,0.21341655043608676,0.16789319609812683,0.15518329664924335,0.13474046898501163,0.18908193301525103,0.18335683579556167,0.1774751251494487,0.19637748326695412
rustedHinge,0.20468347209263088,0.2059251914562998,0.20865256280001568,0.21964804569935012,0.20785890559212872,0.19679268341717213,0.18908193301525106,0.15953590453865296,0.17087072938818773,0.2064137581577611,0.20945552384577878
hinge,0.19690486603243684,0.19244376736131125,0.19964726826517806,0.21407936917897116,0.20486912898970083,0.19170068862998166,0.1833568357955617,0.17087072938818773,0.15786915230350904,0.2006170458279737,0.20972332124147883
trapezoid,0.19712936626503597,0.20484262801093972,0.1962794881141858,0.2048318074136582,0.1774318390433099,0.18883396698949056,0.1774751251494487,0.20641375815776108,0.2006170458279737,0.1584199334223972,0.18663791951936398
random,0.21603894837301632,0.2248089216253336,0.21390895453889414,0.2141868078945659,0.19313271593211062,0.20023910323175412,0.19637748326695412,0.20945552384577878,0.20972332124147883,0.18663791951936398,0.16337800570499125
