,square,rectangle,parallelogram,losange,isoTrapezoid,kite,rightKite,rustedHinge,hinge,trapezoid,random
square,0.24982998801673373,0.3310349846031852,0.42250654780161917,0.4591166313471578,0.4062010311159961,0.39511140653513427,0.3797877544885949,0.43688920903006695,0.40819262138030354,0.40761952297778387,0.46219539323432846
rectangle,0.3310349846031852,0.24226360511155606,0.3972044692411374,0.4509675810727685,0.4266198124612082,0.4123118216414743,0.4012724034274773,0.42382868792300205,0.3806230731782353,0.41440794570610867,0.46757949237792096
parallelogram,0.4225065478016192,0.3972044692411374,0.29770579449344037,0.3483935182995557,0.43640528247279364,0.4159258730436326,0.41569771585942167,0.433690602938726,0.4067137090507583,0.39862131572333676,0.44093788850781535
losange,0.4591166313471578,0.45096758107276846,0.34839351829955567,0.3112161790843468,0.45603866746956523,0.4439582904921806,0.44363549544605085,0.45706429211083816,0.4406194203894676,0.41469102522298323,0.4406280104126706
isoTrapezoid,0.4062010311159961,0.4266198124612082,0.43640528247279364,0.45603866746956534,0.2502621712659446,0.3345975403075991,0.31707833182581757,0.4126499617753812,0.39956647802929735,0.3299144444432319,0.3781682058022978
kite,0.39511140653513427,0.4123118216414743,0.4159258730436327,0.4439582904921806,0.33459754030759903,0.2753003856581675,0.3023984856124863,0.3976817717210091,0.3823905914952275,0.3688346797316257,0.39907915229076885
rightKite,0.379787754488595,0.4012724034274773,0.4156977158594217,0.44363549544605085,0.31707833182581757,0.3023984856124863,0.25842460590935995,0.38371084654811627,0.3672515907678092,0.3415541438754481,0.3931770713293034
rustedHinge,0.43688920903006695,0.4238286879230021,0.433690602938726,0.45706429211083827,0.4126499617753812,0.3976817717210091,0.3837108465481163,0.29514569409464875,0.3206779125871208,0.4138111433895195,0.41623752824730276
hinge,0.40819262138030354,0.38062307317823524,0.4067137090507582,0.4406194203894676,0.39956647802929735,0.3823905914952275,0.3672515907678092,0.3206779125871208,0.2910313195850794,0.39434921613864676,0.4138528721017557
trapezoid,0.40761952297778387,0.41440794570610867,0.39862131572333664,0.4146910252229831,0.32991444444323187,0.3688346797316257,0.34155414387544814,0.4138111433895195,0.39434921613864676,0.28596192133143883,0.35660296950180514
random,0.46219539323432834,0.46757949237792096,0.44093788850781535,0.4406280104126706,0.3781682058022978,0.39907915229076885,0.3931770713293034,0.41623752824730276,0.4138528721017557,0.35660296950180514,0.3071503247154208
