,square,rectangle,parallelogram,losange,isoTrapezoid,kite,rightKite,rustedHinge,hinge,trapezoid,random
square,0.15635390132716215,0.18840022858511776,0.2330440857499854,0.2671923904495175,0.19731221771344534,0.19707660628693116,0.1925593581509427,0.21924267685376886,0.2122477006681196,0.20442506836023475,0.24335615827368362
rectangle,0.1884002285851178,0.1557711800174685,0.19675928294559894,0.23537649836476707,0.23708243024856598,0.21907112848755678,0.21741108505011894,0.20913615849838732,0.19430380826410354,0.21858707343321776,0.26150692312950063
parallelogram,0.2330440857499854,0.19675928294559894,0.1702200544758259,0.19611865933258774,0.25816168893630587,0.25096955172571556,0.2426759792111579,0.22755833261918249,0.21327071316650767,0.2166603190377586,0.25109712259183153
losange,0.2671923904495175,0.23537649836476707,0.19611865933258774,0.17693373187932823,0.2744629427152718,0.2755648527214985,0.26847455344024773,0.24582427583208727,0.2373394861141812,0.2280290626610775,0.24261189997446225
isoTrapezoid,0.19731221771344531,0.23708243024856598,0.2581616889363059,0.2744629427152718,0.1749112027320596,0.20571220359834524,0.20182629873747016,0.2454245208867482,0.24546274430496015,0.2078607858445798,0.22857790185396096
kite,0.19707660628693116,0.21907112848755678,0.25096955172571556,0.2755648527214985,0.20571220359834524,0.17799284667191922,0.19232134048926702,0.23985006849165194,0.23719518463470463,0.23255765947494186,0.2575136145560601
rightKite,0.1925593581509427,0.21741108505011889,0.2426759792111579,0.26847455344024773,0.20182629873747016,0.19232134048926702,0.17695117566506874,0.23555482973489295,0.23215427998623384,0.210980988017194,0.24434094908725107
rustedHinge,0.21924267685376886,0.20913615849838732,0.22755833261918249,0.24582427583208727,0.2454245208867482,0.23985006849165194,0.23555482973489295,0.17510501288954167,0.18202538931540216,0.22923686642873103,0.2424631838814
hinge,0.21224770066811963,0.19430380826410354,0.21327071316650761,0.2373394861141812,0.24546274430496015,0.23719518463470457,0.2321542799862338,0.18202538931540216,0.17636738248833395,0.22403607318622534,0.24327404694326274
trapezoid,0.20442506836023475,0.21858707343321776,0.2166603190377586,0.22802906266107753,0.2078607858445798,0.2325576594749419,0.21098098801719406,0.22923686642873103,0.22403607318622532,0.17415392136120647,0.20388154646237047
random,0.24335615827368362,0.26150692312950063,0.25109712259183153,0.2426118999744622,0.22857790185396096,0.2575136145560601,0.24434094908725107,0.2424631838814,0.24327404694326274,0.20388154646237047,0.18677144842328314
