,square,rectangle,parallelogram,losange,isoTrapezoid,kite,rightKite,rustedHinge,hinge,trapezoid,random
square,0.020095004834946213,0.026830992330282202,0.029823526432752424,0.03248530199697615,0.028115803618951583,0.027793052674425583,0.026584383750485472,0.03122135017073895,0.030168358307874836,0.02799342232170096,0.031154077730200385
rectangle,0.026830992330282202,0.021419744974341307,0.028535107795322937,0.03251910801758568,0.0318222535162298,0.031029854951758504,0.030116447142276175,0.03347663945209667,0.03055365016396984,0.029864115293470418,0.033712791050822914
parallelogram,0.029823526432752424,0.028535107795322937,0.02282064529230558,0.0262666848855103,0.03097145802531584,0.03098540741019654,0.02965538573254298,0.031857587003206095,0.030048090356829277,0.02800073971246106,0.0312454465475105
losange,0.03248530199697615,0.03251910801758568,0.0262666848855103,0.024631532810635886,0.03159009381019035,0.03258504326425966,0.030974419817371958,0.032687725669558416,0.03179439861304576,0.02864056396169036,0.0303369325821227
isoTrapezoid,0.02811580361895158,0.0318222535162298,0.03097145802531584,0.03159009381019035,0.019872397567926633,0.024310669314987324,0.02351045166384089,0.030351639253890877,0.0299896025295559,0.02450580153618072,0.026523727692828566
kite,0.027793052674425583,0.031029854951758504,0.030985407410196536,0.03258504326425966,0.024310669314987324,0.020981864976615916,0.02185347513193983,0.02924357371865897,0.028058309684354365,0.026432756636677726,0.0282398071770976
rightKite,0.02658438375048547,0.030116447142276175,0.02965538573254298,0.03097441981737195,0.02351045166384089,0.02185347513193983,0.018666037369805308,0.027249842934769047,0.025836391777925825,0.02390175368012173,0.026785209164949753
rustedHinge,0.03122135017073895,0.03347663945209667,0.0318575870032061,0.032687725669558416,0.03035163925389087,0.02924357371865897,0.027249842934769047,0.022730015176634893,0.0245440209317072,0.029722521360308275,0.03007102563550887
hinge,0.03016835830787483,0.03055365016396985,0.030048090356829277,0.031794398613045755,0.0299896025295559,0.028058309684354358,0.025836391777925825,0.0245440209317072,0.022785187366151288,0.02826570592463769,0.029975098257869297
trapezoid,0.02799342232170096,0.029864115293470418,0.02800073971246106,0.02864056396169036,0.02450580153618072,0.026432756636677726,0.02390175368012173,0.029722521360308275,0.02826570592463769,0.021370375951038797,0.0252514700885007
random,0.031154077730200385,0.033712791050822914,0.0312454465475105,0.0303369325821227,0.026523727692828566,0.0282398071770976,0.026785209164949753,0.03007102563550887,0.029975098257869297,0.0252514700885007,0.02253604243524706
