,square,rectangle,parallelogram,losange,isoTrapezoid,kite,rightKite,rustedHinge,hinge,trapezoid,random
square,0.13957878710423804,0.17072985195851953,0.2125824811259988,0.2447759643115623,0.1760845585219594,0.17619337500492735,0.16998497820304828,0.19985884147222716,0.19288410824673996,0.18387403576674022,0.21895783800790125
rectangle,0.17072985195851953,0.14024823311518775,0.17896632041066485,0.2162559306241812,0.21498377083455686,0.19872715626005047,0.1950520044117638,0.1906551314785652,0.17617920751614952,0.19782028399047022,0.2376262948425813
parallelogram,0.21258248112599887,0.17896632041066485,0.1582802585939165,0.18638213125690922,0.23966685162969914,0.23271153295280284,0.22258912664312708,0.21256844217624718,0.19822746787918902,0.20242010731475257,0.23689613607294607
losange,0.2447759643115623,0.2162559306241812,0.18638213125690922,0.17243962139949576,0.2571975997362705,0.2588551415554592,0.2495667747933781,0.23405167901831872,0.22487749891773431,0.21547383068936607,0.23379538289018098
isoTrapezoid,0.1760845585219594,0.21498377083455686,0.2396668516296991,0.2571975997362705,0.15720419425434445,0.18663025694879226,0.18112790253463015,0.22922502185300406,0.2276022308356742,0.18995705325364973,0.21117261282007527
kite,0.17619337500492735,0.19872715626005047,0.2327115329528029,0.2588551415554592,0.18663025694879226,0.16188260106295213,0.17258810680300826,0.2225707899672813,0.21914891972747857,0.21190949288372699,0.23755549075418986
rightKite,0.16998497820304828,0.1950520044117638,0.22258912664312708,0.2495667747933781,0.18112790253463015,0.17258810680300823,0.15552582152173386,0.21654073108880875,0.21231812366906697,0.18986227147600923,0.22314365790130475
rustedHinge,0.19985884147222716,0.1906551314785652,0.21256844217624718,0.23405167901831872,0.22922502185300406,0.2225707899672813,0.21654073108880875,0.16342741841406963,0.16913814645886996,0.21583037552803613,0.23041863832001427
hinge,0.19288410824674,0.1761792075161495,0.19822746787918896,0.22487749891773437,0.22760223083567427,0.21914891972747863,0.2123181236690669,0.16913814645886996,0.16291585092968222,0.20904657904973728,0.2287097472880684
trapezoid,0.18387403576674022,0.19782028399047022,0.20242010731475257,0.21547383068936607,0.18995705325364975,0.21190949288372699,0.1898622714760092,0.21583037552803613,0.20904657904973728,0.16049340840497137,0.19067117941353445
random,0.21895783800790125,0.23762629484258135,0.2368961360729461,0.23379538289018098,0.21117261282007527,0.23755549075418983,0.22314365790130475,0.23041863832001427,0.2287097472880684,0.19067117941353445,0.17798677469248236
