,square,rectangle,parallelogram,losange,isoTrapezoid,kite,rightKite,rustedHinge,hinge,trapezoid,random
square,0.22377524314635297,0.30472424250800884,0.4114917332106066,0.45934365334726385,0.39207953199135553,0.3838442623314338,0.3681991658367267,0.4185238326337443,0.3956257091680844,0.3971085756472055,0.45404795267789405
rectangle,0.30472424250800884,0.2316762485099406,0.3900262477357847,0.4561348689626832,0.43261465357896295,0.4170055068140634,0.4087934949057187,0.4186663265665219,0.37794239318813266,0.4188685193384422,0.4750123366667631
parallelogram,0.4114917332106066,0.3900262477357847,0.30359661340758226,0.3617317182101193,0.4570473823144944,0.43798855364705097,0.4404437747891858,0.4428268814356418,0.4178758904916251,0.40867762166059146,0.4524035843096594
losange,0.4593436533472638,0.4561348689626832,0.3617317182101193,0.32711768917711964,0.4875101179769376,0.47692065372628917,0.4804615811901421,0.4748615363803754,0.464227869626849,0.43612126096803405,0.45343606525685953
isoTrapezoid,0.39207953199135553,0.43261465357896295,0.4570473823144944,0.4875101179769376,0.2555891334748996,0.3367104237703314,0.32296737262036695,0.4104642020231563,0.4060785765761479,0.34253783173664387,0.3873948303059431
kite,0.38384426233143376,0.4170055068140634,0.43798855364705097,0.47692065372628917,0.3367104237703314,0.27610506969950616,0.30810464519903025,0.39936238947329716,0.392405833914481,0.384163792065626,0.4167269953355185
rightKite,0.3681991658367267,0.4087934949057187,0.44044377478918584,0.4804615811901421,0.32296737262036695,0.30810464519903025,0.2645934838625842,0.38994322181992336,0.3810841774989644,0.35914509849795606,0.41117974450680095
rustedHinge,0.4185238326337443,0.4186663265665219,0.4428268814356417,0.4748615363803755,0.4104642020231563,0.39936238947329716,0.38994322181992336,0.29393280402299937,0.3211444355138805,0.41604469522331416,0.4194291951362031
hinge,0.39562570916808437,0.37794239318813266,0.4178758904916251,0.46422786962684914,0.4060785765761479,0.39240583391448103,0.3810841774989644,0.3211444355138805,0.29863421686741765,0.4022210478339309,0.423563493892373
trapezoid,0.39710857564720536,0.4188685193384422,0.40867762166059146,0.43612126096803405,0.34253783173664387,0.384163792065626,0.359145098497956,0.41604469522331405,0.4022210478339309,0.2926445341760328,0.3620024991904621
random,0.45404795267789405,0.475012336666763,0.45240358430965943,0.45343606525685953,0.38739483030594307,0.4167269953355185,0.41117974450680095,0.41942919513620297,0.4235634938923729,0.3620024991904622,0.3086372427962843
