,square,rectangle,parallelogram,losange,isoTrapezoid,kite,rightKite,rustedHinge,hinge,trapezoid,random
square,0.1790446212740989,0.2430684661623201,0.30099910262340346,0.32648724087547193,0.29982179468157244,0.29769117127081585,0.2835529131020971,0.3262158252954652,0.3033198909703427,0.30427489621957976,0.3445803724289416
rectangle,0.2430684661623201,0.17519864458305126,0.2898138820664518,0.3275028759578215,0.32078047096597984,0.3206818621380833,0.3108984952859161,0.32768493240351687,0.2911722295991341,0.31345085455678057,0.35412928918755876
parallelogram,0.30099910262340346,0.2898138820664518,0.22260766726174783,0.2602844374289274,0.32638888985125314,0.3185232313860343,0.3158912035337301,0.3253197912659983,0.30382524572257086,0.30057984474891275,0.3295035543485528
losange,0.32648724087547193,0.3275028759578215,0.2602844374289274,0.23508411209470154,0.34327071499579803,0.3398704801123927,0.33711879717624194,0.34102803651518876,0.32797302497874226,0.3133850458531286,0.3302276683288338
isoTrapezoid,0.29982179468157244,0.32078047096597984,0.32638888985125314,0.343270714995798,0.19816367443403132,0.25806811901879384,0.24649245756355032,0.3164417767844733,0.30313676018202546,0.26058801288529265,0.29235603799604176
kite,0.29769117127081585,0.3206818621380833,0.3185232313860343,0.3398704801123927,0.25806811901879384,0.21680645981614094,0.23808885573288072,0.30925428826337614,0.29701609679414,0.29085907913653164,0.3099819151033215
rightKite,0.28355291310209707,0.3108984952859161,0.3158912035337301,0.3371187971762419,0.24649245756355032,0.23808885573288072,0.20537965374690606,0.3012999373117482,0.28700174643732573,0.27209662314425065,0.3069329395839832
rustedHinge,0.3262158252954652,0.32768493240351687,0.3253197912659983,0.34102803651518876,0.31644177678447327,0.30925428826337614,0.3012999373117482,0.23638645964451171,0.2542109366772873,0.3184336842499975,0.31822155585992956
hinge,0.3033198909703427,0.2911722295991341,0.30382524572257086,0.32797302497874226,0.30313676018202546,0.29701609679414,0.28700174643732573,0.2542109366772873,0.22885836911906368,0.30167147399064753,0.31387207809494294
trapezoid,0.30427489621957976,0.31345085455678057,0.30057984474891275,0.3133850458531286,0.26058801288529265,0.29085907913653164,0.27209662314425065,0.3184336842499975,0.30167147399064753,0.23227294455232642,0.2799917783429887
random,0.3445803724289416,0.35412928918755876,0.3295035543485528,0.3302276683288338,0.2923560379960417,0.3099819151033215,0.3069329395839832,0.3182215558599295,0.31387207809494294,0.2799917783429887,0.2390730469934194
