,square,rectangle,parallelogram,losange,isoTrapezoid,kite,rightKite,rustedHinge,hinge,trapezoid,random
square,0.06493718264192075,0.07350027245542669,0.07943813474882744,0.08591146218777507,0.07022581791347234,0.06911908151778227,0.06777938919027342,0.07442910770996489,0.07340277741041398,0.07136496123709249,0.0769205923450502
rectangle,0.07350027245542667,0.06501927228243261,0.07126148656340558,0.07801762962405874,0.07969047971614908,0.07547956525089715,0.07462890166048325,0.07085785942431144,0.06829979009320405,0.07556232796812977,0.08159262616839229
parallelogram,0.07943813474882744,0.0712614865634056,0.0665111768396721,0.07267974429534502,0.08293782189650861,0.08132699042183925,0.07863864482982169,0.07451624591951858,0.07175401857786097,0.07592490930932014,0.0811909561767082
losange,0.08591146218777508,0.07801762962405874,0.07267974429534504,0.06841941890883489,0.08607926406599485,0.08672625890148483,0.08459226941250875,0.07764770259072173,0.07618271945341765,0.07826153421865864,0.07900774966070959
isoTrapezoid,0.07022581791347234,0.07969047971614908,0.08293782189650861,0.08607926406599484,0.06503361881447728,0.07069976256609539,0.06987941495124358,0.07924482821867515,0.07891318711627654,0.07200950514806925,0.07476224128513421
kite,0.06911908151778229,0.07547956525089715,0.08132699042183923,0.08672625890148482,0.07069976256609539,0.06573426699702789,0.06838900710625036,0.0778089613128117,0.07714165380818418,0.07562683774614334,0.07995450239203912
rightKite,0.06777938919027342,0.07462890166048325,0.07863864482982169,0.08459226941250875,0.06987941495124358,0.06838900710625037,0.06505837334011987,0.07638558647490729,0.07546582898754918,0.07121222107618574,0.07750211549641611
rustedHinge,0.07442910770996489,0.07085785942431141,0.07451624591951858,0.07764770259072173,0.07924482821867515,0.0778089613128117,0.0763855864749073,0.0648802200766115,0.06563772258696411,0.07559812656359995,0.07790529841436274
hinge,0.07340277741041398,0.06829979009320405,0.07175401857786098,0.07618271945341765,0.07891318711627654,0.07714165380818418,0.07546582898754918,0.06563772258696411,0.06410590828285312,0.0743984570642152,0.0778077989666933
trapezoid,0.07136496123709249,0.07556232796812977,0.07592490930932014,0.07826153421865864,0.07200950514806925,0.07562683774614334,0.07121222107618574,0.07559812656359995,0.0743984570642152,0.06569836782852671,0.07123917851535408
random,0.0769205923450502,0.08159262616839229,0.0811909561767082,0.0790077496607096,0.07476224128513423,0.07995450239203912,0.07750211549641613,0.07790529841436274,0.0778077989666933,0.07123917851535408,0.06629258365206393
