,square,rectangle,parallelogram,losange,isoTrapezoid,kite,rightKite,rustedHinge,hinge,trapezoid,random
square,0.04431279999609126,0.051137546809776384,0.05615261682487107,0.060818468680726434,0.048603232443099297,0.04632859592844196,0.04631712631459537,0.052211990473532664,0.05124192755801283,0.0498742517263971,0.054177865141865976
rectangle,0.051137546809776384,0.04618584878340592,0.050743294749812956,0.055424892785309474,0.05557189888782837,0.05130787291599861,0.05176337022280307,0.0505369657065793,0.04845699028976221,0.05341155305822876,0.057592800457757665
parallelogram,0.05615261682487107,0.050743294749812956,0.04797329666373511,0.05310161094779846,0.05897330096355475,0.05625970121261082,0.05528095364683337,0.053101060123020065,0.05102565603124834,0.054713689689408485,0.05808149657534159
losange,0.060818468680726434,0.05542489278530948,0.053101610947798444,0.05132639272754372,0.06150713600566354,0.060278643113401184,0.059898831385487884,0.05567718520764027,0.054391991860170436,0.05697836946001599,0.05752476926439543
isoTrapezoid,0.048603232443099297,0.05557189888782837,0.05897330096355475,0.06150713600566354,0.04618694782710331,0.04852699937736221,0.048591453341160204,0.05563652262897055,0.05514400820576765,0.05090905674623818,0.053336288812613424
kite,0.04632859592844197,0.05130787291599861,0.05625970121261082,0.060278643113401184,0.04852699937736221,0.043761140404178056,0.046160329003562296,0.053526378638056614,0.05260663613439049,0.05187413145600737,0.0553827887217213
rightKite,0.04631712631459538,0.05176337022280307,0.05528095364683337,0.059898831385487884,0.048591453341160204,0.046160329003562296,0.04468873960229802,0.053224755579441785,0.05228506478833178,0.049810298927657384,0.054495802369034375
rustedHinge,0.05221199047353265,0.0505369657065793,0.053101060123020065,0.05567718520764027,0.05563652262897055,0.053526378638056614,0.053224755579441785,0.04723827162170708,0.04730844980804337,0.053621379414990324,0.05529023926997832
hinge,0.05124192755801283,0.04845699028976221,0.05102565603124834,0.05439199186017042,0.05514400820576765,0.05260663613439049,0.05228506478833177,0.04730844980804337,0.04593720821358456,0.05256567999016865,0.054940342075621526
trapezoid,0.0498742517263971,0.05341155305822876,0.054713689689408485,0.05697836946001598,0.05090905674623816,0.05187413145600738,0.0498102989276574,0.05362137941499034,0.05256567999016865,0.04739254278612888,0.051486032599832664
random,0.05417786514186596,0.057592800457757665,0.05808149657534159,0.057524769264395446,0.053336288812613424,0.0553827887217213,0.054495802369034375,0.05529023926997832,0.054940342075621526,0.051486032599832664,0.04835912339805021
