,square,rectangle,parallelogram,losange,isoTrapezoid,kite,rightKite,rustedHinge,hinge,trapezoid,random
square,0.15886466169644606,0.19013890350930224,0.22162458981535504,0.24636564265172511,0.18304050748091433,0.18008846971021336,0.1750573504373723,0.2035348580477823,0.1982021160018599,0.18984918549670476,0.21334845641821498
rectangle,0.1901389035093022,0.16211967239992095,0.1919820643012039,0.22216949894190532,0.22108473792667935,0.20298691169931285,0.19969055929729204,0.19301702625688316,0.18198250309765254,0.2057426428077808,0.2337859877674733
parallelogram,0.2216245898153551,0.1919820643012039,0.16776446903064973,0.19108160391295054,0.2369403543026129,0.23144020494044848,0.2187766681349448,0.21074560196477096,0.1985323309982969,0.2033271504023905,0.22714383399745863
losange,0.24636564265172511,0.22216949894190532,0.19108160391295054,0.17270240172385562,0.24738903886553118,0.25073344148931226,0.23907245298311156,0.2254271978293638,0.21832891349836003,0.21062261210183936,0.21767143032768826
isoTrapezoid,0.18304050748091433,0.22108473792667935,0.2369403543026129,0.24738903886553118,0.16170568999547782,0.18545496350577687,0.1806583670495642,0.22517104777836022,0.22339108024518453,0.19050837663727482,0.20137880907440364
kite,0.18008846971021342,0.20298691169931285,0.23144020494044842,0.25073344148931226,0.18545496350577687,0.1633486103892913,0.17451390265305808,0.2174518872384232,0.21487256131039073,0.20890585747760249,0.22635669723719243
rightKite,0.1750573504373723,0.19969055929729204,0.21877666813494476,0.2390724529831116,0.1806583670495642,0.17451390265305808,0.15963330538593337,0.21376108324702997,0.2097844150185659,0.18735223110316968,0.21231253387370133
rustedHinge,0.2035348580477823,0.19301702625688316,0.21074560196477102,0.2254271978293638,0.22517104777836022,0.21745188723842318,0.21376108324702997,0.16632969056442923,0.17029625805758547,0.21250031991945625,0.22162470798527067
hinge,0.1982021160018599,0.18198250309765254,0.1985323309982969,0.21832891349836003,0.22339108024518453,0.21487256131039068,0.2097844150185659,0.17029625805758544,0.16499500196833086,0.20646124570001137,0.21978260732031485
trapezoid,0.18984918549670476,0.20574264280778073,0.2033271504023905,0.2106226121018393,0.19050837663727482,0.20890585747760249,0.1873522311031697,0.21250031991945625,0.20646124570001137,0.16437937615241296,0.1840529231900264
random,0.21334845641821498,0.2337859877674733,0.22714383399745863,0.21767143032768826,0.20137880907440364,0.22635669723719243,0.21231253387370133,0.22162470798527062,0.21978260732031485,0.18405292319002636,0.16650588479377196
