,square,rectangle,parallelogram,losange,isoTrapezoid,kite,rightKite,rustedHinge,hinge,trapezoid,random
square,0.1590782256468551,0.20650655119534775,0.3173646715203842,0.3619793939177131,0.2849643598780906,0.28264992221900953,0.27288354664807246,0.31863471188416326,0.29802653329989026,0.2932015286734787,0.3457556433118503
rectangle,0.20650655119534775,0.1653093446862279,0.29389964509098937,0.34889645969815725,0.3235535270053373,0.3134870833034306,0.30512660410686127,0.31491852741272847,0.28456597031972364,0.31315144920798027,0.367045863236833
parallelogram,0.3173646715203842,0.2938996450909893,0.22406303147913328,0.2632604827907495,0.354248932479713,0.3348833783065423,0.3376925197415713,0.33869657568428835,0.314915871520689,0.30828541853017344,0.34558122496594323
losange,0.36197939391771305,0.3488964596981573,0.26326048279074954,0.2343976080526757,0.3737566473403914,0.3621654189004564,0.36575761862142675,0.36042651274449156,0.3458423852026679,0.3217234826670203,0.3378183865536071
isoTrapezoid,0.2849643598780906,0.3235535270053373,0.354248932479713,0.3737566473403914,0.1883152059014836,0.25621872163314735,0.24044361305987808,0.32127538896508273,0.31654204712610295,0.2475157382946663,0.2864952138645821
kite,0.2826499222190095,0.3134870833034306,0.3348833783065423,0.3621654189004564,0.25621872163314735,0.20823038313451042,0.23050081963100613,0.3082723189230579,0.30064695691094917,0.28784393696348365,0.3144882364273857
rightKite,0.27288354664807246,0.30512660410686127,0.33769251974157133,0.36575761862142675,0.24044361305987808,0.23050081963100613,0.19516482323946363,0.29516258102704723,0.2876620082801864,0.2640105178424173,0.3091376022406197
rustedHinge,0.31863471188416326,0.31491852741272847,0.33869657568428835,0.36042651274449156,0.32127538896508273,0.3082723189230579,0.29516258102704723,0.2122146410236661,0.2281560733872142,0.31375903843587655,0.32014630402940053
hinge,0.2980265332998902,0.28456597031972364,0.314915871520689,0.3458423852026679,0.31654204712610295,0.30064695691094917,0.2876620082801864,0.2281560733872142,0.21593836839389208,0.30270775800555105,0.3204926571539911
trapezoid,0.29320152867347876,0.31315144920798027,0.30828541853017344,0.3217234826670203,0.2475157382946663,0.28784393696348365,0.2640105178424173,0.31375903843587655,0.30270775800555105,0.20956387470655963,0.26033746188077167
random,0.3457556433118504,0.367045863236833,0.34558122496594323,0.3378183865536071,0.28649521386458204,0.3144882364273857,0.3091376022406197,0.32014630402940053,0.32049265715399117,0.26033746188077167,0.22611256497898413
