,square,rectangle,parallelogram,losange,isoTrapezoid,kite,rightKite,rustedHinge,hinge,trapezoid,random
square,0.12492653963636083,0.16251780028295418,0.19331780715359204,0.20899008362397328,0.18648235757421003,0.1810365025084834,0.1728708243590493,0.20239138535576404,0.19173489985035647,0.18820343172409484,0.2135010783073198
rectangle,0.16251780028295418,0.12662711271959823,0.1852668691217348,0.20514293273748604,0.20361512421399713,0.19445728147006222,0.18873605795591172,0.20129638572150646,0.18521956527282538,0.19781340771671974,0.2222516389384888
parallelogram,0.19331780715359204,0.1852668691217348,0.14609310222401634,0.1680336648283355,0.20625394646980555,0.19761049229300665,0.19510600356902733,0.20374950226727293,0.1930740939436913,0.1894481150461091,0.21044267357250118
losange,0.20899008362397328,0.20514293273748604,0.1680336648283355,0.1557098416775791,0.21489811182110974,0.21087412915678755,0.2084367754202296,0.21291588295728392,0.20607908182422416,0.19690965209310252,0.20890200314561277
isoTrapezoid,0.18648235757421003,0.20361512421399713,0.20625394646980555,0.21489811182110974,0.13522212351349958,0.166776387615926,0.16081101789233215,0.20290408508708319,0.19694832798892534,0.16845624111133695,0.1883405251349825
kite,0.1810365025084834,0.1944572814700622,0.19761049229300665,0.21087412915678752,0.166776387615926,0.14042217033446366,0.1506282799978102,0.19446275382290068,0.18672642691910069,0.18117145967001416,0.1974064685795765
rightKite,0.17287082435904932,0.18873605795591172,0.19510600356902733,0.2084367754202296,0.16081101789233215,0.1506282799978102,0.13102779487959948,0.18686860918192819,0.17847728602470633,0.17055417211678942,0.1940997665164677
rustedHinge,0.20239138535576404,0.20129638572150643,0.20374950226727287,0.21291588295728392,0.20290408508708319,0.19446275382290065,0.18686860918192816,0.15550399091449432,0.1650468732075068,0.20035102648331926,0.20599082331901777
hinge,0.19173489985035647,0.18521956527282538,0.1930740939436913,0.20607908182422416,0.19694832798892534,0.18672642691910069,0.1784772860247063,0.1650468732075068,0.15009431606568313,0.1922568487002735,0.20412593732483109
trapezoid,0.18820343172409484,0.19781340771671974,0.18944811504610906,0.19690965209310252,0.16845624111133695,0.1811714596700142,0.1705541721167894,0.2003510264833193,0.19225684870027354,0.1490827049038493,0.17909825686855466
random,0.21350107830731982,0.2222516389384888,0.21044267357250118,0.20890200314561277,0.1883405251349825,0.1974064685795765,0.1940997665164677,0.20599082331901777,0.20412593732483109,0.17909825686855466,0.15809547469485327
