,square,rectangle,parallelogram,losange,isoTrapezoid,kite,rightKite,rustedHinge,hinge,trapezoid,random
square,0.13013203427971295,0.1474646728242717,0.15915302821699612,0.17402495861731926,0.14029387086980194,0.13687559868069205,0.13622629775546735,0.15133856934275627,0.1481514363873562,0.14469068577252395,0.15503930834241625
rectangle,0.1474646728242717,0.13466837965701237,0.14637840707400707,0.16063933754546572,0.15685536027104346,0.14927462374404848,0.15018208704840375,0.1469497079457685,0.14113033962708607,0.15411177411365867,0.1632908392175429
parallelogram,0.15915302821699612,0.14637840707400707,0.14162893725142342,0.15608899978119023,0.16531079511004995,0.16089587903042607,0.1591321779090446,0.1546778471493473,0.14880534080532903,0.15823424160726485,0.16630292065149233
losange,0.17402495861731926,0.16063933754546575,0.15608899978119023,0.15215666565154615,0.17426908614227432,0.17406239103824678,0.1730705557766494,0.16253853392862114,0.1588360484393183,0.16563411778782858,0.16605781490792312
isoTrapezoid,0.14029387086980194,0.1568553602710435,0.16531079511004995,0.17426908614227432,0.13351452687475754,0.14148409200299306,0.1413574170810994,0.15903084444761886,0.15676065624639715,0.146365257135807,0.15222639910617236
kite,0.13687559868069205,0.14927462374404848,0.1608958790304261,0.1740623910382468,0.14148409200299306,0.1317619781166902,0.13717349923331465,0.15591848046063952,0.15295708683447692,0.15117428724863108,0.15920615383617867
rightKite,0.13622629775546735,0.15018208704840377,0.1591321779090446,0.17307055577664943,0.14135741708109942,0.13717349923331465,0.1330935198503003,0.15539718105437209,0.15233133359153256,0.14590565148121049,0.15751118636214292
rustedHinge,0.15133856934275627,0.1469497079457685,0.1546778471493473,0.16253853392862114,0.15903084444761886,0.15591848046063955,0.15539718105437209,0.1400274853063783,0.13956981037234117,0.15657318781533844,0.15974236709586206
hinge,0.1481514363873562,0.14113033962708607,0.14880534080532903,0.1588360484393183,0.15676065624639715,0.15295708683447692,0.15233133359153256,0.13956981037234117,0.1355745968996166,0.15310399047224751,0.15802472110471746
trapezoid,0.14469068577252392,0.15411177411365867,0.15823424160726485,0.16563411778782858,0.146365257135807,0.15117428724863108,0.14590565148121049,0.15657318781533844,0.1531039904722475,0.13945311979053054,0.14981072019540367
random,0.15503930834241625,0.16329083921754292,0.16630292065149233,0.1660578149079231,0.15222639910617236,0.15920615383617867,0.1575111863621429,0.15974236709586206,0.15802472110471746,0.14981072019540367,0.14104127560121427
