,square,rectangle,parallelogram,losange,isoTrapezoid,kite,rightKite,rustedHinge,hinge,trapezoid,random
square,0.1378893983122599,0.16251954287613143,0.1783363821895258,0.19209893994303978,0.15477853608326433,0.15206707422147886,0.14772827906178035,0.16623428575111449,0.16381127065990544,0.15646263574976418,0.1736383790225649
rectangle,0.16251954287613143,0.14125447716462725,0.15789104471543666,0.1730170833676489,0.18304702180326515,0.17079011029637367,0.16801614380678964,0.1590071251489929,0.1521134200664801,0.169932170057661,0.18821831354437954
parallelogram,0.1783363821895258,0.1578910447154367,0.14218340511808578,0.15504051813856704,0.19042342069424567,0.18629430421581367,0.1779317517661185,0.16914160777388282,0.16153696872779316,0.16773057544338896,0.1837328892344102
losange,0.19209893994303978,0.1730170833676489,0.15504051813856706,0.13979328678763878,0.19454344683329583,0.19698482904668274,0.1902166469529648,0.1744735142153144,0.17054376868414492,0.16995682439765183,0.17384697251322956
isoTrapezoid,0.15477853608326433,0.18304702180326515,0.19042342069424564,0.19454344683329583,0.1419280329522333,0.1589198755331206,0.1555861163495395,0.1827377879248808,0.1821056053736514,0.1593059581464346,0.16852894568307786
kite,0.15206707422147883,0.17079011029637364,0.18629430421581367,0.1969848290466827,0.1589198755331206,0.1436888531076392,0.1509445980028171,0.17867137689575713,0.17734030369512171,0.17100415921706233,0.18494212822968714
rightKite,0.14772827906178035,0.16801614380678967,0.1779317517661185,0.19021664695296484,0.1555861163495395,0.1509445980028171,0.14072811487370487,0.17489517255986864,0.17275811778632283,0.15725440320714887,0.1770324415480995
rustedHinge,0.16623428575111449,0.1590071251489929,0.1691416077738828,0.17447351421531437,0.1827377879248808,0.17867137689575716,0.17489517255986864,0.14187892787396972,0.14486387837513057,0.17136934318862349,0.1785753750803896
hinge,0.16381127065990544,0.1521134200664801,0.16153696872779313,0.17054376868414492,0.18210560537365136,0.17734030369512174,0.17275811778632286,0.1448638783751306,0.1414561916653873,0.1681721954792396,0.17841465486565103
trapezoid,0.15646263574976418,0.169932170057661,0.16773057544338896,0.16995682439765186,0.1593059581464346,0.1710041592170623,0.15725440320714887,0.17136934318862349,0.16817219547923956,0.1399083846747572,0.15582980402855995
random,0.1736383790225649,0.18821831354437954,0.1837328892344102,0.17384697251322956,0.16852894568307783,0.18494212822968717,0.1770324415480995,0.17857537508038956,0.17841465486565103,0.15582980402855995,0.14356234657571926
