,square,rectangle,parallelogram,losange,isoTrapezoid,kite,rightKite,rustedHinge,hinge,trapezoid,random
square,0.11840818920876663,0.1329633771933145,0.14145137055997692,0.15379859523157566,0.12717730273202735,0.12341664145469541,0.12349395758374582,0.1360393778607507,0.13309163016531247,0.1301478598078435,0.13740102450178077
rectangle,0.1329633771933145,0.12199321722460364,0.13113759223948385,0.14244261235730585,0.13945716734659563,0.13339970634129855,0.13440669535120583,0.1317511648356401,0.12704630752498572,0.13788567124271747,0.14313263003848586
parallelogram,0.14145137055997692,0.13113759223948385,0.1255366661397972,0.13838639865141594,0.1453047425761006,0.14170293039530407,0.14055218713933412,0.13760833090039556,0.132849606622207,0.14069069618890034,0.14591733427697273
losange,0.15379859523157566,0.14244261235730585,0.13838639865141592,0.13332152284853285,0.15271678407235734,0.15227660318956737,0.1522887178485151,0.1432285073485382,0.1406945449823947,0.14681671768270424,0.14554720196976706
isoTrapezoid,0.12717730273202735,0.13945716734659563,0.1453047425761006,0.15271678407235734,0.12077973048241225,0.1268812184467625,0.1273474642456075,0.14160835854910095,0.13928173025519647,0.13169205029506909,0.13582174207615788
kite,0.12341664145469541,0.13339970634129855,0.14170293039530407,0.15227660318956737,0.1268812184467625,0.11783734905490496,0.12315499196941389,0.13828803930852573,0.13561228723282417,0.13455786736335137,0.13972617615911426
rightKite,0.12349395758374582,0.13440669535120583,0.14055218713933415,0.1522887178485151,0.1273474642456075,0.12315499196941389,0.11954057102829026,0.13839803850810953,0.13559423552320587,0.13087088045218798,0.139383166008637
rustedHinge,0.1360393778607507,0.1317511648356401,0.13760833090039556,0.1432285073485382,0.14160835854910092,0.13828803930852573,0.13839803850810953,0.1252029547636063,0.12526888790706855,0.14007576643044223,0.14066903062603275
hinge,0.13309163016531247,0.12704630752498572,0.132849606622207,0.1406945449823947,0.13928173025519644,0.13561228723282417,0.13559423552320587,0.12526888790706855,0.12164947156818802,0.13713320463933118,0.13930488250815812
trapezoid,0.1301478598078435,0.13788567124271747,0.14069069618890034,0.14681671768270424,0.13169205029506906,0.13455786736335137,0.13087088045218795,0.14007576643044223,0.13713320463933118,0.12503752677970478,0.1336797734129365
random,0.13740102450178077,0.14313263003848586,0.14591733427697276,0.14554720196976706,0.13582174207615788,0.13972617615911423,0.13938316600863698,0.14066903062603278,0.1393048825081581,0.1336797734129365,0.1250819829921511
