,square,rectangle,parallelogram,losange,isoTrapezoid,kite,rightKite,rustedHinge,hinge,trapezoid,random
square,0.11657950092454553,0.13598960399161425,0.1458313118406946,0.15813890686534438,0.1262427411605473,0.12364945527643109,0.12064446375537055,0.13540364548269518,0.13487533696948906,0.1277044213691726,0.1417076847686316
rectangle,0.13598960399161425,0.11743699841147166,0.1269085635773573,0.14012849686715076,0.14807346644969296,0.13820931389488716,0.1366499924797844,0.127819545508496,0.12385174322230894,0.13721470166787622,0.1523304670427726
parallelogram,0.14583131184069462,0.1269085635773573,0.11221029810381153,0.1233692509970282,0.15138500908870534,0.14758162176849132,0.1417777554730281,0.13229593049018962,0.12785791902336457,0.13326547195300423,0.1466364145594199
losange,0.15813890686534438,0.14012849686715076,0.1233692509970282,0.11221865884734422,0.15534091356637358,0.15764773857065623,0.15277360499323436,0.1372077630161419,0.13579673113418303,0.13558958347250372,0.1383109996577672
isoTrapezoid,0.1262427411605473,0.14807346644969296,0.15138500908870536,0.1553409135663736,0.11101833788081503,0.12443137436086738,0.12263310250090383,0.14451319803991716,0.14569465599569736,0.12563712774570832,0.13261572842951624
kite,0.12364945527643109,0.13820931389488716,0.14758162176849132,0.15764773857065623,0.12443137436086738,0.11301666627269562,0.11920283504083493,0.1405024961539057,0.14105604168920075,0.13506210745474398,0.14613063529575285
rightKite,0.12064446375537055,0.1366499924797844,0.1417777554730281,0.15277360499323436,0.12263310250090383,0.11920283504083493,0.11177354696132645,0.13809094729475963,0.13792946443654336,0.12446098408375467,0.14008979684633419
rustedHinge,0.13540364548269518,0.12781954550849597,0.13229593049018962,0.1372077630161419,0.14451319803991716,0.1405024961539057,0.13809094729475963,0.11101634836660566,0.11466747117296046,0.13481339038551024,0.14104336096451478
hinge,0.13487533696948906,0.12385174322230894,0.12785791902336455,0.13579673113418306,0.14569465599569736,0.14105604168920075,0.13792946443654336,0.11466747117296049,0.11347589913062311,0.13373597054990763,0.14261792249170333
trapezoid,0.1277044213691726,0.13721470166787622,0.13326547195300426,0.1355895834725037,0.12563712774570832,0.13506210745474395,0.12446098408375467,0.13481339038551024,0.1337359705499076,0.11065689486649818,0.12332992678143073
random,0.14170768476863158,0.1523304670427726,0.1466364145594199,0.1383109996577672,0.13261572842951627,0.14613063529575288,0.14008979684633419,0.14104336096451478,0.14261792249170333,0.12332992678143073,0.11272317581061328
