,square,rectangle,parallelogram,losange,isoTrapezoid,kite,rightKite,rustedHinge,hinge,trapezoid,random
square,0.08552079808337566,0.10968741512215709,0.14061143504948406,0.1517231203036399,0.14154486884882816,0.14339922474445962,0.1381128181624438,0.1603961299755245,0.15100971312244177,0.1436136619012214,0.15635649794278275
rectangle,0.10968741512215709,0.08196790120781876,0.1340285035511039,0.14843234556033935,0.15122671900592896,0.15311964830669217,0.14815802523499158,0.16043169119489165,0.1458838853023778,0.14583572178070753,0.1620328036731928
parallelogram,0.14061143504948406,0.1340285035511039,0.10634563164256729,0.12229642806625864,0.15365450754964202,0.15400500543458684,0.15143570304383608,0.16083383755132663,0.15087177803949142,0.14069836986215975,0.15500109237008622
losange,0.1517231203036399,0.14843234556033935,0.12229642806625864,0.11551596005794439,0.1603798608204327,0.16259200780016242,0.15978141611033908,0.16671958507703932,0.16001562598822067,0.14751379878282284,0.1552397588465373
isoTrapezoid,0.1415448688488282,0.15122671900592896,0.15365450754964202,0.16037986082043268,0.10036673204252154,0.12914673838481228,0.12441569915950162,0.15761160796725457,0.15170878218463002,0.12801015266981938,0.13944198869159802
kite,0.14339922474445965,0.15311964830669217,0.15400500543458684,0.16259200780016242,0.12914673838481228,0.10853761455124959,0.11465857089859066,0.14743256792712914,0.14148769803064595,0.13993648365030886,0.14455648048332922
rightKite,0.13811281816244378,0.14815802523499158,0.15143570304383608,0.15978141611033905,0.12441569915950162,0.11465857089859066,0.09832174096560176,0.14097385390666606,0.13429375209012778,0.13148333402722553,0.14217135039413842
rustedHinge,0.16039612997552452,0.16043169119489165,0.16083383755132663,0.16671958507703932,0.15761160796725454,0.14743256792712914,0.14097385390666606,0.11921086557754362,0.12823274358107956,0.15591773558798946,0.15477053092317786
hinge,0.15100971312244174,0.1458838853023778,0.15087177803949142,0.1600156259882207,0.15170878218463002,0.14148769803064595,0.1342937520901278,0.12823274358107956,0.1177713898658191,0.14764534417284636,0.15253258369468317
trapezoid,0.1436136619012214,0.14583572178070756,0.14069836986215978,0.14751379878282284,0.12801015266981938,0.13993648365030886,0.13148333402722553,0.15591773558798946,0.14764534417284636,0.11433420619269104,0.13597622127348138
random,0.15635649794278272,0.16203280367319278,0.15500109237008622,0.1552397588465373,0.13944198869159802,0.14455648048332922,0.1421713503941384,0.15477053092317786,0.15253258369468314,0.13597622127348138,0.11927586059110913
