,square,rectangle,parallelogram,losange,isoTrapezoid,kite,rightKite,rustedHinge,hinge,trapezoid,random
square,0.0,0.0075468364157988965,0.013763078450120259,0.01999948885429559,0.004709607965984963,0.003787256710866438,0.0023880113061621744,0.00900576542977738,0.008318392536458052,0.006123624327935007,0.012274271691501859
rectangle,0.0075468364157988965,0.0,0.004704811996680158,0.011473696721086446,0.01477804414507955,0.009582008728844293,0.008748951006750327,0.00594437391524083,0.0037217492609443736,0.009499571017364428,0.016854563475028228
parallelogram,0.013763078450120259,0.004704811996680158,0.0,0.004033498003451541,0.01800086357605879,0.01580854683824795,0.013267754026779488,0.008385300384674998,0.005840908452978466,0.008810641092464322,0.01426352321299662
losange,0.01999948885429559,0.011473696721086446,0.004033498003451541,0.0,0.02093151074436439,0.021031415846614943,0.01858531526901297,0.011323662986347016,0.009845518568144973,0.010347878292760182,0.0107852929943828
isoTrapezoid,0.004709607965984963,0.01477804414507955,0.01800086357605879,0.02093151074436439,1.1102230246251565e-16,0.0052848708464589,0.004198398006432513,0.014323230915556762,0.014479667748600655,0.006607027036920177,0.009722616571175124
kite,0.003787256710866438,0.009582008728844293,0.01580854683824795,0.021031415846614943,0.0052848708464589,0.0,0.002540400662763176,0.013042213148779402,0.012698501576775767,0.010640136360075991,0.01591357616498268
rightKite,0.0023880113061621744,0.008748951006750327,0.013267754026779488,0.01858531526901297,0.004198398006432513,0.002540400662763176,1.1102230246251565e-16,0.01160119132510784,0.010899140357994996,0.005975704180031571,0.01297563102471433
rustedHinge,0.00900576542977738,0.00594437391524083,0.008385300384674998,0.011323662986347016,0.014323230915556762,0.013042213148779402,0.01160119132510784,0.0,0.0008171111516345198,0.009636706841585796,0.012309102965248231
hinge,0.008318392536458052,0.0037217492609443736,0.005840908452978466,0.009845518568144973,0.014479667748600655,0.012698501576775767,0.010899140357994996,0.0008171111516345198,1.1102230246251565e-16,0.008557859053123118,0.012482839575526317
trapezoid,0.006123624327935007,0.009499571017364428,0.008810641092464322,0.010347878292760182,0.006607027036920177,0.010640136360075991,0.005975704180031571,0.009636706841585796,0.008557859053123118,1.1102230246251565e-16,0.004479410194062727
random,0.012274271691501859,0.016854563475028228,0.01426352321299662,0.0107852929943828,0.009722616571175124,0.01591357616498268,0.01297563102471433,0.012309102965248231,0.012482839575526317,0.004479410194062727,0.0
