,square,rectangle,parallelogram,losange,isoTrapezoid,kite,rightKite,rustedHinge,hinge,trapezoid,random
square,0.0,0.031095772414832745,0.13676222076498268,0.16016281933852416,0.24429397214348025,0.22384004971090676,0.21419063487544898,0.24140682627127952,0.21593089610088811,0.2047724542021635,0.26250389699076193
rectangle,0.031095772414832745,0.0,0.1252006953137037,0.1605616370290044,0.2612938394787845,0.22736150037616176,0.22376536134698455,0.23918432651335952,0.20735716156295558,0.20931385947141323,0.2709355267968786
parallelogram,0.13676222076498268,0.1252006953137037,0.0,0.02508615881514964,0.22073437572841448,0.17742443439332134,0.19024584628202434,0.20279146194631914,0.17899145930191984,0.1065097684730979,0.17307676583337195
losange,0.16016281933852416,0.1605616370290044,0.02508615881514964,1.1102230246251565e-16,0.21733645098696008,0.18411458327457841,0.19057827277809913,0.19528667885516926,0.17788578612870876,0.09991591166065494,0.14548055968472262
isoTrapezoid,0.24429397214348025,0.2612938394787845,0.22073437572841448,0.21733645098696008,0.0,0.0863052130507832,0.07601702470293004,0.17346321222469185,0.16023745137763779,0.0927272627575334,0.11626854634122119
kite,0.22384004971090676,0.22736150037616176,0.17742443439332134,0.18411458327457841,0.0863052130507832,0.0,0.028003542592287878,0.10994658618925668,0.08411422442676642,0.0945341352876834,0.09335428911481691
rightKite,0.21419063487544898,0.22376536134698455,0.19024584628202434,0.19057827277809913,0.07601702470293004,0.028003542592287878,0.0,0.0812653465573333,0.06606777850756351,0.10171481093475354,0.0905919522221067
rustedHinge,0.24140682627127952,0.23918432651335952,0.20279146194631914,0.19528667885516926,0.17346321222469185,0.10994658618925668,0.0812653465573333,0.0,0.01925977142413604,0.1506388038657278,0.11320502311230163
hinge,0.21593089610088811,0.20735716156295558,0.17899145930191984,0.17788578612870876,0.16023745137763779,0.08411422442676642,0.06606777850756351,0.01925977142413604,0.0,0.135209295635359,0.1031003285239196
trapezoid,0.2047724542021635,0.20931385947141323,0.1065097684730979,0.09991591166065494,0.0927272627575334,0.0945341352876834,0.10171481093475354,0.1506388038657278,0.135209295635359,0.0,0.05324891769781759
random,0.26250389699076193,0.2709355267968786,0.17307676583337195,0.14548055968472262,0.11626854634122119,0.09335428911481691,0.0905919522221067,0.11320502311230163,0.1031003285239196,0.05324891769781759,0.0
