,square,rectangle,parallelogram,losange,isoTrapezoid,kite,rightKite,rustedHinge,hinge,trapezoid,random
square,0.0,0.007136647768391957,0.031877867443961705,0.03323275075155119,0.02150843486951115,0.024174283588894396,0.017132556103475083,0.027264156133644968,0.02341756239148618,0.023094611352272976,0.032214645590587065
rectangle,0.007136647768391957,1.1102230246251565e-16,0.021272656272772195,0.028553236851495467,0.030292556078377553,0.0258069302826357,0.01923271549076433,0.02332083532024465,0.016417941432128158,0.025697528298056715,0.03940107001456494
parallelogram,0.031877867443961705,0.021272656272772195,0.0,0.007814819046936261,0.038619727507256396,0.03698367846651973,0.026050069177662727,0.028391164973549654,0.02008474135185523,0.018457604703511987,0.03393847903438629
losange,0.03323275075155119,0.028553236851495467,0.007814819046936261,0.0,0.036372018876657974,0.04220141335667815,0.029072154457834176,0.030094102195323713,0.024562335761821874,0.016716794775650023,0.024638844835736307
isoTrapezoid,0.02150843486951115,0.030292556078377553,0.038619727507256396,0.036372018876657974,0.0,0.01852202755558996,0.01203280240617155,0.03733549358514732,0.03455369718853074,0.013028530933788418,0.01851352661791328
kite,0.024174283588894396,0.0258069302826357,0.03698367846651973,0.04220141335667815,0.01852202755558996,1.1102230246251565e-16,0.00879882550072053,0.03699787790344389,0.031152474710188227,0.02917644049825141,0.04204719947414992
rightKite,0.017132556103475083,0.01923271549076433,0.026050069177662727,0.029072154457834176,0.01203280240617155,0.00879882550072053,1.1102230246251565e-16,0.02436280258492418,0.020861620075788068,0.01570578628018282,0.026396048508639414
rustedHinge,0.027264156133644968,0.02332083532024465,0.028391164973549654,0.030094102195323713,0.03733549358514732,0.03699787790344389,0.02436280258492418,1.1102230246251565e-16,0.003697787566997013,0.02886456584323549,0.03145442183629077
hinge,0.02341756239148618,0.016417941432128158,0.02008474135185523,0.024562335761821874,0.03455369718853074,0.031152474710188227,0.020861620075788068,0.003697787566997013,0.0,0.024108305303303545,0.03009242678965729
trapezoid,0.023094611352272976,0.025697528298056715,0.018457604703511987,0.016716794775650023,0.013028530933788418,0.02917644049825141,0.01570578628018282,0.02886456584323549,0.024108305303303545,1.1102230246251565e-16,0.008746043392853897
random,0.032214645590587065,0.03940107001456494,0.03393847903438629,0.024638844835736307,0.01851352661791328,0.04204719947414992,0.026396048508639414,0.03145442183629077,0.03009242678965729,0.008746043392853897,0.0
