,square,rectangle,parallelogram,losange,isoTrapezoid,kite,rightKite,rustedHinge,hinge,trapezoid,random
square,0.0,0.03794739106268863,0.07045092570243039,0.100403700466968,0.027525919170743096,0.022745608387544358,0.018603486717681084,0.051031895786381565,0.04586886628387887,0.034875606388906744,0.06504442589615389
rectangle,0.03794739106268863,0.0,0.03198784956993972,0.06787746918354554,0.07826553816788984,0.05235554951483212,0.050280208004994775,0.036829940690048524,0.02413123926513694,0.05535466193376992,0.09176410162963078
parallelogram,0.07045092570243039,0.03198784956993972,0.0,0.027402182461184088,0.0931019473052398,0.08549505128264145,0.06967799387386009,0.05594841636482739,0.041217250136204364,0.04845414963663608,0.07798788548502722
losange,0.100403700466968,0.06787746918354554,0.027402182461184088,0.0,0.10477860487670887,0.10925736674028264,0.09445244102759476,0.06936910803301988,0.06195596815082549,0.05294739804805859,0.0592351448294115
isoTrapezoid,0.027525919170743096,0.07826553816788984,0.0931019473052398,0.10477860487670887,0.0,0.03007186279692653,0.02720688420454298,0.08332678254151138,0.08171350752534501,0.036157225749859356,0.051363474519622865
kite,0.022745608387544358,0.05235554951483212,0.08549505128264145,0.10925736674028264,0.03007186279692653,2.220446049250313e-16,0.01624245426961146,0.0738003695994972,0.07085664407789649,0.05874788842060219,0.08410316008006213
rightKite,0.018603486717681084,0.050280208004994775,0.06967799387386009,0.09445244102759476,0.02720688420454298,0.01624245426961146,0.0,0.07074611895287419,0.0662334651151788,0.03302104466688094,0.06876782818128291
rustedHinge,0.051031895786381565,0.036829940690048524,0.05594841636482739,0.06936910803301988,0.08332678254151138,0.0738003695994972,0.07074611895287419,0.0,0.005903089454998067,0.06327314510649296,0.07364998593593952
hinge,0.04586886628387887,0.02413123926513694,0.041217250136204364,0.06195596815082549,0.08171350752534501,0.07085664407789649,0.0662334651151788,0.005903089454998067,0.0,0.05636460157991874,0.07229681418725242
trapezoid,0.034875606388906744,0.05535466193376992,0.04845414963663608,0.05294739804805859,0.036157225749859356,0.05874788842060219,0.03302104466688094,0.06327314510649296,0.05636460157991874,0.0,0.025035874828820637
random,0.06504442589615389,0.09176410162963078,0.07798788548502722,0.0592351448294115,0.051363474519622865,0.08410316008006213,0.06876782818128291,0.07364998593593952,0.07229681418725242,0.025035874828820637,2.220446049250313e-16
