,square,rectangle,parallelogram,losange,isoTrapezoid,kite,rightKite,rustedHinge,hinge,trapezoid,random
square,0.0,0.0729752408016594,0.14187971314329773,0.14655806699552598,0.05815274467790954,0.03220703777118972,0.0341964105843332,0.0648613205291022,0.06389645712104375,0.08457115712535035,0.1180290903013288
rectangle,0.0729752408016594,0.0,0.054118389108675835,0.08096826577727312,0.15837514284429977,0.10212375222036219,0.08788483183313245,0.08108816672220631,0.05236972061251022,0.12312657967638518,0.17664600903902505
parallelogram,0.14187971314329773,0.054118389108675835,1.1102230246251565e-16,0.013947635167886219,0.17245085559526785,0.16917570729796283,0.11944782339127058,0.14582350507908104,0.09965987773351082,0.09380784829841693,0.13203906708106827
losange,0.14655806699552598,0.08096826577727312,0.013947635167886219,0.0,0.1549112002153029,0.17248580396570068,0.11746890835398027,0.1529529559363182,0.10910707871792169,0.06388740765494705,0.09627741862634831
isoTrapezoid,0.05815274467790954,0.15837514284429977,0.17245085559526785,0.1549112002153029,0.0,0.04991144767466582,0.042276430166442114,0.13795802136198865,0.13714581916844149,0.062419325805267545,0.06582625292671052
kite,0.03220703777118972,0.10212375222036219,0.16917570729796283,0.17248580396570068,0.04991144767466582,0.0,0.025578164241189527,0.11253522056136556,0.11711363372459127,0.11580771083166796,0.13797671356559804
rightKite,0.0341964105843332,0.08788483183313245,0.11944782339127058,0.11746890835398027,0.042276430166442114,0.025578164241189527,1.1102230246251565e-16,0.10477929915271944,0.09937426829861484,0.05979945770125483,0.10377656862116491
rustedHinge,0.0648613205291022,0.08108816672220631,0.14582350507908104,0.1529529559363182,0.13795802136198865,0.11253522056136556,0.10477929915271944,0.0,0.013995535334885623,0.12310116864627751,0.14245046710237974
hinge,0.06389645712104375,0.05236972061251022,0.09965987773351082,0.10910707871792169,0.13714581916844149,0.11711363372459127,0.09937426829861484,0.013995535334885623,0.0,0.10165236115378817,0.12530367033525114
trapezoid,0.08457115712535035,0.12312657967638518,0.09380784829841693,0.06388740765494705,0.062419325805267545,0.11580771083166796,0.05979945770125483,0.12310116864627751,0.10165236115378817,0.0,0.029461724917950738
random,0.1180290903013288,0.17664600903902505,0.13203906708106827,0.09627741862634831,0.06582625292671052,0.13797671356559804,0.10377656862116491,0.14245046710237974,0.12530367033525114,0.029461724917950738,2.220446049250313e-16
