,square,rectangle,parallelogram,losange,isoTrapezoid,kite,rightKite,rustedHinge,hinge,trapezoid,random
square,0.0,0.07345310636951097,0.14260161913576452,0.1479751809975507,0.05938106599394233,0.033208175948930996,0.03491581140984268,0.06570424646397865,0.06476667616769372,0.0853205158900755,0.11956562322758069
rectangle,0.07345310636951097,0.0,0.054500646926883056,0.08176392663688892,0.1606575167567571,0.10369705672265073,0.08885854543217675,0.08224132317820576,0.0530621210251635,0.12418445443529491,0.17823269746995485
parallelogram,0.14260161913576452,0.054500646926883056,0.0,0.013908195348399488,0.17528405862618612,0.17088266007441488,0.12098492656532556,0.14590005188397215,0.09976671704820728,0.0946224684475292,0.13303386670406436
losange,0.1479751809975507,0.08176392663688892,0.013908195348399488,1.1102230246251565e-16,0.15818276170983336,0.17472454519275915,0.11977851819942009,0.15341468342317166,0.10968220018471542,0.06513828348920525,0.09749118783858557
isoTrapezoid,0.05938106599394233,0.1606575167567571,0.17528405862618612,0.15818276170983336,0.0,0.049932455360767736,0.042867489595650676,0.13866967586751777,0.13888451814289238,0.06390206132491272,0.06741147885445598
kite,0.033208175948930996,0.10369705672265073,0.17088266007441488,0.17472454519275915,0.049932455360767736,1.1102230246251565e-16,0.02552241686975032,0.11320835609673463,0.11809072562062062,0.11685269709500967,0.13947075086769756
rightKite,0.03491581140984268,0.08885854543217675,0.12098492656532556,0.11977851819942009,0.042867489595650676,0.02552241686975032,0.0,0.10516600413549893,0.10017529457278795,0.060927884772148055,0.10561480474595841
rustedHinge,0.06570424646397865,0.08224132317820576,0.14590005188397215,0.15341468342317166,0.13866967586751777,0.11320835609673463,0.10516600413549893,0.0,0.014438061444067452,0.12328466151400319,0.14278137638448396
hinge,0.06476667616769372,0.0530621210251635,0.09976671704820728,0.10968220018471542,0.13888451814289238,0.11809072562062062,0.10017529457278795,0.014438061444067452,0.0,0.10201670147190134,0.12608312672766597
trapezoid,0.0853205158900755,0.12418445443529491,0.0946224684475292,0.06513828348920525,0.06390206132491272,0.11685269709500967,0.060927884772148055,0.12328466151400319,0.10201670147190134,0.0,0.029618398614132402
random,0.11956562322758069,0.17823269746995485,0.13303386670406436,0.09749118783858557,0.06741147885445598,0.13947075086769756,0.10561480474595841,0.14278137638448396,0.12608312672766597,0.029618398614132402,0.0
