,square,rectangle,parallelogram,losange,isoTrapezoid,kite,rightKite,rustedHinge,hinge,trapezoid,random
square,0.0,0.03637644057818212,0.06407929870431261,0.09093351921241843,0.02440221592882319,0.01893773864918269,0.014843169369284204,0.04514494462828156,0.04108599422079606,0.030420309265265955,0.05736116167186378
rectangle,0.03637644057818212,1.1102230246251565e-16,0.027518363011152847,0.058903205549029725,0.07178241161356025,0.04699975089740582,0.04514406256227965,0.03119894921430466,0.01993225057675585,0.04950278894256788,0.08127046459702358
parallelogram,0.06407929870431261,0.027518363011152847,0.0,0.02515225226375828,0.08448475389949328,0.07515676057508569,0.06250600428850106,0.04718500454349717,0.03460049670430576,0.04556064927422521,0.0716045505418813
losange,0.09093351921241843,0.058903205549029725,0.02515225226375828,0.0,0.09460434014464025,0.09673675984641739,0.0855466852051272,0.0582221201552201,0.05229567929588852,0.049762702692607075,0.05407721721794545
isoTrapezoid,0.02440221592882319,0.07178241161356025,0.08448475389949328,0.09460434014464025,0.0,0.02679448792460537,0.024016547270349853,0.07347076108862438,0.07265817536167507,0.03255443690210147,0.04643545330986487
kite,0.01893773864918269,0.04699975089740582,0.07515676057508569,0.09673675984641739,0.02679448792460537,1.1102230246251565e-16,0.014128842731625513,0.06416152192459146,0.061717935238620236,0.05026716399383213,0.07332172417891858
rightKite,0.014843169369284204,0.04514406256227965,0.06250600428850106,0.0855466852051272,0.024016547270349853,0.014128842731625513,0.0,0.0603926203210966,0.056775593510056455,0.029039949739499082,0.06133685862882621
rustedHinge,0.04514494462828156,0.03119894921430466,0.04718500454349717,0.0582221201552201,0.07347076108862438,0.06416152192459146,0.0603926203210966,1.1102230246251565e-16,0.005225678800356182,0.05413103724068691,0.06429852045650675
hinge,0.04108599422079606,0.01993225057675585,0.03460049670430576,0.05229567929588852,0.07265817536167507,0.061717935238620236,0.056775593510056455,0.005225678800356182,1.1102230246251565e-16,0.04867632053486748,0.06419448002032424
trapezoid,0.030420309265265955,0.04950278894256788,0.04556064927422521,0.049762702692607075,0.03255443690210147,0.05026716399383213,0.029039949739499082,0.05413103724068691,0.04867632053486748,1.1102230246251565e-16,0.023811469248644745
random,0.05736116167186378,0.08127046459702358,0.0716045505418813,0.05407721721794545,0.04643545330986487,0.07332172417891858,0.06133685862882621,0.06429852045650675,0.06419448002032424,0.023811469248644745,0.0
