,square,rectangle,parallelogram,losange,isoTrapezoid,kite,rightKite,rustedHinge,hinge,trapezoid,random
square,2.220446049250313e-16,0.02485888024283678,0.03386911572775697,0.04591148052420402,0.016155689224973457,0.01061684919428274,0.009186600497089525,0.02489388180236951,0.024481591673147007,0.01555621913333094,0.030073668508905027
rectangle,0.02485888024283678,0.0,0.013857324145106542,0.027663870962340353,0.04143052528201818,0.027722319012200236,0.025782057326044994,0.015444220298647338,0.010845992601347443,0.02700651965366685,0.04270506835202914
parallelogram,0.03386911572775697,0.013857324145106542,0.0,0.01364052381490477,0.04436180282326563,0.036492373296426406,0.032293822013192974,0.02108037496748616,0.0162011639404247,0.0272951962169512,0.03945795429845167
losange,0.04591148052420402,0.027663870962340353,0.01364052381490477,0.0,0.047574111668505004,0.046171518443632875,0.04297010277648572,0.025245732555585154,0.02308832031087804,0.02900263942004222,0.029591749484149887
isoTrapezoid,0.016155689224973457,0.04143052528201818,0.04436180282326563,0.047574111668505004,0.0,0.01599432328150241,0.014382372281080857,0.037775787513907755,0.039425429692032554,0.01885526267235571,0.02563575467339585
kite,0.01061684919428274,0.027722319012200236,0.036492373296426406,0.046171518443632875,0.01599432328150241,0.0,0.008091055915670942,0.03281659261150349,0.03249451354748545,0.02317466019140446,0.035054185873571564
rightKite,0.009186600497089525,0.025782057326044994,0.032293822013192974,0.04297010277648572,0.014382372281080857,0.008091055915670942,0.0,0.029103390174697652,0.02858546745753021,0.015541474739380168,0.03180428490492149
rustedHinge,0.02489388180236951,0.015444220298647338,0.02108037496748616,0.025245732555585154,0.037775787513907755,0.03281659261150349,0.029103390174697652,0.0,0.004203254058146477,0.025326077625592247,0.032597869163695226
hinge,0.024481591673147007,0.010845992601347443,0.0162011639404247,0.02308832031087804,0.039425429692032554,0.03249451354748545,0.02858546745753021,0.004203254058146477,2.220446049250313e-16,0.024460182935178154,0.03406963508135319
trapezoid,0.01555621913333094,0.02700651965366685,0.0272951962169512,0.02900263942004222,0.01885526267235571,0.02317466019140446,0.015541474739380168,0.025326077625592247,0.024460182935178154,0.0,0.0162252354977912
random,0.030073668508905027,0.04270506835202914,0.03945795429845167,0.029591749484149887,0.02563575467339585,0.035054185873571564,0.03180428490492149,0.032597869163695226,0.03406963508135319,0.0162252354977912,0.0
