,square,rectangle,parallelogram,losange,isoTrapezoid,kite,rightKite,rustedHinge,hinge,trapezoid,random
square,0.0,0.052746170001265025,0.1524764131834172,0.20076249797803047,0.14927995354500412,0.18603560298494504,0.16926558731716768,0.2032167918832558,0.19729667583697996,0.1612429975900097,0.23877611683349953
rectangle,0.052746170001265025,0.0,0.10454649417791795,0.167063783563015,0.20055593859845933,0.2101189849849946,0.19582462758203478,0.19259200712921876,0.17759279220826407,0.18272975142776882,0.2617023246964104
parallelogram,0.1524764131834172,0.10454649417791795,0.0,0.04311247778802496,0.20159777321481498,0.21585278181333523,0.1940872715419104,0.18029835365848734,0.16517527726499825,0.12998492890149638,0.19719228324319804
losange,0.20076249797803047,0.167063783563015,0.04311247778802496,0.0,0.2209968298640761,0.24416219158948127,0.22096315730139227,0.1915192714970102,0.18518846109744624,0.1337309040103467,0.16953678887306756
isoTrapezoid,0.14927995354500412,0.20055593859845933,0.20159777321481498,0.2209968298640761,2.220446049250313e-16,0.09585779338259082,0.0811627384074427,0.1641459552985428,0.16268004565291883,0.08145465319791678,0.12997392516109807
kite,0.18603560298494504,0.2101189849849946,0.21585278181333523,0.24416219158948127,0.09585779338259082,0.0,0.03538255623018782,0.1567387816550383,0.1463460633696092,0.1494605277559793,0.17756099651025758
rightKite,0.16926558731716768,0.19582462758203478,0.1940872715419104,0.22096315730139227,0.0811627384074427,0.03538255623018782,0.0,0.13396132391685045,0.12480091095231549,0.10174566002220797,0.1403254031709421
rustedHinge,0.2032167918832558,0.19259200712921876,0.18029835365848734,0.1915192714970102,0.1641459552985428,0.1567387816550383,0.13396132391685045,0.0,0.015047209176725196,0.14669896725562148,0.14145252259577445
hinge,0.19729667583697996,0.17759279220826407,0.16517527726499825,0.18518846109744624,0.16268004565291883,0.1463460633696092,0.12480091095231549,0.015047209176725196,0.0,0.13699039619243358,0.13559587866049516
trapezoid,0.1612429975900097,0.18272975142776882,0.12998492890149638,0.1337309040103467,0.08145465319791678,0.1494605277559793,0.10174566002220797,0.14669896725562148,0.13699039619243358,0.0,0.06436461244916936
random,0.23877611683349953,0.2617023246964104,0.19719228324319804,0.16953678887306756,0.12997392516109807,0.17756099651025758,0.1403254031709421,0.14145252259577445,0.13559587866049516,0.06436461244916936,0.0
