,square,rectangle,parallelogram,losange,isoTrapezoid,kite,rightKite,rustedHinge,hinge,trapezoid,random
square,0.0,0.04407985589992325,0.07064054549395016,0.09988021642704514,0.02772848089763047,0.02006739831153037,0.014875205725809026,0.050301758141262254,0.04698918896385729,0.03275625563404172,0.0628215767674658
rectangle,0.04407985589992325,2.220446049250313e-16,0.029358999617766224,0.062065561013333936,0.08181100491983417,0.05427845424568123,0.051292782360138456,0.032225211613177485,0.02066748799246665,0.055542235977289134,0.0880018784344011
parallelogram,0.07064054549395016,0.029358999617766224,0.0,0.03067117027066857,0.09275623185862736,0.08136145064100875,0.06874393470736251,0.04896475546775625,0.03615866656385358,0.055166983288091,0.08286289348264186
losange,0.09988021642704514,0.062065561013333936,0.03067117027066857,0.0,0.10278163466289059,0.1042434295827388,0.09513827711162604,0.058006432312994294,0.05307594349935307,0.06040104646786171,0.06166829722691691
isoTrapezoid,0.02772848089763047,0.08181100491983417,0.09275623185862736,0.10278163466289059,2.220446049250313e-16,0.030423417575745182,0.02752639347946384,0.0803756182981924,0.0806779002776612,0.03699385624044815,0.053869100782335866
kite,0.02006739831153037,0.05427845424568123,0.08136145064100875,0.1042434295827388,0.030423417575745182,0.0,0.015399522442427815,0.06991047529600691,0.06806244062751132,0.05269595774428071,0.07842712528686868
rightKite,0.014875205725809026,0.051292782360138456,0.06874393470736251,0.09513827711162604,0.02752639347946384,0.015399522442427815,0.0,0.06382233810254445,0.06060489913714695,0.03228437151810837,0.06914199894226802
rustedHinge,0.050301758141262254,0.032225211613177485,0.04896475546775625,0.058006432312994294,0.0803756182981924,0.06991047529600691,0.06382233810254445,0.0,0.005699447135317337,0.05770863674616811,0.06879689365869956
hinge,0.04698918896385729,0.02066748799246665,0.03615866656385358,0.05307594349935307,0.0806779002776612,0.06806244062751132,0.06060489913714695,0.005699447135317337,0.0,0.05311908858635772,0.0705106801925518
trapezoid,0.03275625563404172,0.055542235977289134,0.055166983288091,0.06040104646786171,0.03699385624044815,0.05269595774428071,0.03228437151810837,0.05770863674616811,0.05311908858635772,2.220446049250313e-16,0.030951008072553132
random,0.0628215767674658,0.0880018784344011,0.08286289348264186,0.06166829722691691,0.053869100782335866,0.07842712528686868,0.06914199894226802,0.06879689365869956,0.0705106801925518,0.030951008072553132,2.220446049250313e-16
