,square,rectangle,parallelogram,losange,isoTrapezoid,kite,rightKite,rustedHinge,hinge,trapezoid,random
square,0.0,0.03977770100558542,0.06595529739247696,0.09346346911800141,0.02544182669902506,0.018719742509644255,0.014056432956675469,0.04654565971596947,0.043006743528645974,0.030731550099829308,0.05850563277953036
rectangle,0.03977770100558542,0.0,0.02742402964785473,0.05848771005258302,0.07517142757540762,0.04949642743190563,0.04712335273730284,0.030737213588950762,0.019552640984544678,0.05131042568142685,0.08233669414597955
parallelogram,0.06595529739247696,0.02742402964785473,0.0,0.02767144298854729,0.0866981957858719,0.07611169911925375,0.06414762294056076,0.04667472574151621,0.03425440328784868,0.04978901718687767,0.07617071975417256
losange,0.09346346911800141,0.05848771005258302,0.02767144298854729,0.0,0.09663040456034111,0.09799112372516705,0.08867761595980617,0.05604086945096576,0.05082693143158823,0.05446369659046746,0.057100354418305965
isoTrapezoid,0.02544182669902506,0.07517142757540762,0.0866981957858719,0.09663040456034111,0.0,0.02797363352438975,0.025219391125703594,0.07476625888784638,0.07453301941389756,0.033985969899222424,0.049120979994776826
kite,0.018719742509644255,0.04949642743190563,0.07611169911925375,0.09799112372516705,0.02797363352438975,0.0,0.014398301276338121,0.06499635124841585,0.06288049586020872,0.049906763132587795,0.07368385988345427
rightKite,0.014056432956675469,0.04712335273730284,0.06414762294056076,0.08867761595980617,0.025219391125703594,0.014398301276338121,0.0,0.06002261823179722,0.05672790654080784,0.029937132846521775,0.06383433003991668
rustedHinge,0.04654565971596947,0.030737213588950762,0.04667472574151621,0.05604086945096576,0.07476625888784638,0.06499635124841585,0.06002261823179722,1.1102230246251565e-16,0.0053214070813003556,0.05423064393292254,0.06454983760787569
hinge,0.043006743528645974,0.019552640984544678,0.03425440328784868,0.05082693143158823,0.07453301941389756,0.06288049586020872,0.05672790654080784,0.0053214070813003556,0.0,0.04941966695755817,0.06554091508115079
trapezoid,0.030731550099829308,0.05131042568142685,0.04978901718687767,0.05446369659046746,0.033985969899222424,0.049906763132587795,0.029937132846521775,0.05423064393292254,0.04941966695755817,0.0,0.027283374775201263
random,0.05850563277953036,0.08233669414597955,0.07617071975417256,0.057100354418305965,0.049120979994776826,0.07368385988345427,0.06383433003991668,0.06454983760787569,0.06554091508115079,0.027283374775201263,0.0
