,square,rectangle,parallelogram,losange,isoTrapezoid,kite,rightKite,rustedHinge,hinge,trapezoid,random
square,0.0,0.04719209399450408,0.0980434683744904,0.12924841169728096,0.04163461852420269,0.039378949370074134,0.03691235325235587,0.06915874099194952,0.06336649361091773,0.056063866451694366,0.09640689667219993
rectangle,0.04719209399450408,0.0,0.04575681533082965,0.08956645541012909,0.1060151193072928,0.07942624323178427,0.07543200855307475,0.05999267431553079,0.043497534220211076,0.08188992000888606,0.13280175694623497
parallelogram,0.0980434683744904,0.04575681533082965,0.0,0.028301585363497694,0.1255145880282431,0.12876052622641887,0.10008997631991101,0.09541677115938241,0.07181169408316623,0.06605929098481567,0.10628287296431627
losange,0.12924841169728096,0.08956645541012909,0.028301585363497694,0.0,0.1335179486169925,0.1509943011750381,0.12037798581654358,0.11390961784034537,0.09696043993748604,0.06381043159584432,0.0815944798613496
isoTrapezoid,0.04163461852420269,0.1060151193072928,0.1255145880282431,0.1335179486169925,2.220446049250313e-16,0.04377114067076715,0.03748619144444987,0.11403336931591768,0.11141388258262208,0.04692822809871622,0.06583347417230612
kite,0.039378949370074134,0.07942624323178427,0.12876052622641887,0.1509943011750381,0.04377114067076715,2.220446049250313e-16,0.02296225040444222,0.10267123856977978,0.10016267152958858,0.09037967272668912,0.11807928544023516
rightKite,0.03691235325235587,0.07543200855307475,0.10008997631991101,0.12037798581654358,0.03748619144444987,0.02296225040444222,0.0,0.09929805624311672,0.09365795315945546,0.048162730969520506,0.09035588113421422
rustedHinge,0.06915874099194952,0.05999267431553079,0.09541677115938241,0.11390961784034537,0.11403336931591768,0.10267123856977978,0.09929805624311672,0.0,0.008304875008992907,0.09766017360899404,0.10710427222677876
hinge,0.06336649361091773,0.043497534220211076,0.07181169408316623,0.09696043993748604,0.11141388258262208,0.10016267152958858,0.09365795315945546,0.008304875008992907,0.0,0.08613737199582627,0.10023994235964628
trapezoid,0.056063866451694366,0.08188992000888606,0.06605929098481567,0.06381043159584432,0.04692822809871622,0.09037967272668912,0.048162730969520506,0.09766017360899404,0.08613737199582627,0.0,0.03229652270063288
random,0.09640689667219993,0.13280175694623497,0.10628287296431627,0.0815944798613496,0.06583347417230612,0.11807928544023516,0.09035588113421422,0.10710427222677876,0.10023994235964628,0.03229652270063288,0.0
