,square,rectangle,parallelogram,losange,isoTrapezoid,kite,rightKite,rustedHinge,hinge,trapezoid,random
square,0.0,0.058703964225559124,0.11864283489195926,0.1344053987885082,0.04737844344419906,0.0366276573201878,0.03829313500953868,0.06749228899557325,0.06360752021722971,0.06884576810531906,0.10464114360793897
rectangle,0.058703964225559124,0.0,0.050240901679530325,0.0837525439533735,0.12508125989766106,0.08832502938814524,0.08290009331462744,0.06880971560626525,0.04836762377216475,0.09924298261154674,0.1507241379258547
parallelogram,0.11864283489195926,0.050240901679530325,1.1102230246251565e-16,0.020444287510300585,0.13979530565791365,0.14603416596842178,0.1083272989657702,0.12159242223900557,0.08831739578971598,0.0775693993342268,0.11605376112542887
losange,0.1344053987885082,0.0837525439533735,0.020444287510300585,0.0,0.13369817031531805,0.15620811882620111,0.11352570760611658,0.13529985969456892,0.10563660644740658,0.061174908060443234,0.08672808645694563
isoTrapezoid,0.04737844344419906,0.12508125989766106,0.13979530565791365,0.13369817031531805,1.1102230246251565e-16,0.04765769302556466,0.03778286659897967,0.12384007602108649,0.11905538020389772,0.04898642477694981,0.0606788167335961
kite,0.0366276573201878,0.08832502938814524,0.14603416596842178,0.15620811882620111,0.04765769302556466,0.0,0.024731074508071327,0.1059257658946533,0.1057382253301491,0.10035547274039924,0.12412531956617312
rightKite,0.03829313500953868,0.08290009331462744,0.1083272989657702,0.11352570760611658,0.03778286659897967,0.024731074508071327,0.0,0.10318004278165727,0.09665469559757833,0.050054925258914196,0.09095810580222252
rustedHinge,0.06749228899557325,0.06880971560626525,0.12159242223900557,0.13529985969456892,0.12384007602108649,0.1059257658946533,0.10318004278165727,0.0,0.009862823394477305,0.11297567235538297,0.12544441618251545
hinge,0.06360752021722971,0.04836762377216475,0.08831739578971598,0.10563660644740658,0.11905538020389772,0.1057382253301491,0.09665469559757833,0.009862823394477305,0.0,0.09587355743992176,0.11220775594802757
trapezoid,0.06884576810531906,0.09924298261154674,0.0775693993342268,0.061174908060443234,0.04898642477694981,0.10035547274039924,0.050054925258914196,0.11297567235538297,0.09587355743992176,0.0,0.03121324444156326
random,0.10464114360793897,0.1507241379258547,0.11605376112542887,0.08672808645694563,0.0606788167335961,0.12412531956617312,0.09095810580222252,0.12544441618251545,0.11220775594802757,0.03121324444156326,0.0
