,square,rectangle,parallelogram,losange,isoTrapezoid,kite,rightKite,rustedHinge,hinge,trapezoid,random
square,0.0,0.056125890267820444,0.08617398134653742,0.12136647013472202,0.03516351575014465,0.02492965327080332,0.018624618134663873,0.06212243648520688,0.0590318860470207,0.039622274395939905,0.07700254222639014
rectangle,0.056125890267820444,0.0,0.03589624860265861,0.07516825953001371,0.10245652708707054,0.06855234602729776,0.06411286465450472,0.038890039321120784,0.025409416270742446,0.06861705990875555,0.10825502649269914
parallelogram,0.08617398134653742,0.03589624860265861,2.220446049250313e-16,0.03806538308610541,0.11355233740834991,0.09925113214489345,0.08406071337640986,0.05873033681202766,0.0437108989085071,0.06953141638997051,0.10306089915502425
losange,0.12136647013472202,0.07516825953001371,0.03806538308610541,0.0,0.12515025163816207,0.12664021994029162,0.11614132317338177,0.06911832485392355,0.06344477351443234,0.07620500088505389,0.07698673917644783
isoTrapezoid,0.03516351575014465,0.10245652708707054,0.11355233740834991,0.12515025163816207,0.0,0.0383379923937619,0.034718169865037174,0.09904781265072338,0.1005489673473211,0.04632794289096587,0.06755846461174986
kite,0.02492965327080332,0.06855234602729776,0.09925113214489345,0.12664021994029162,0.0383379923937619,0.0,0.019084505024094867,0.08658708646678492,0.08502578371582481,0.06313552017001867,0.09510585012875772
rightKite,0.018624618134663873,0.06411286465450472,0.08406071337640986,0.11614132317338177,0.034718169865037174,0.019084505024094867,0.0,0.07779745226743051,0.07468407183562653,0.03979343378667255,0.08522555367271001
rustedHinge,0.06212243648520688,0.038890039321120784,0.05873033681202766,0.06911832485392355,0.09904781265072338,0.08658708646678492,0.07779745226743051,2.220446049250313e-16,0.007230182015220299,0.0697289502284063,0.08443362105938113
hinge,0.0590318860470207,0.025409416270742446,0.0437108989085071,0.06344477351443234,0.1005489673473211,0.08502578371582481,0.07468407183562653,0.007230182015220299,0.0,0.06507977960355582,0.08728604758919589
trapezoid,0.039622274395939905,0.06861705990875555,0.06953141638997051,0.07620500088505389,0.04632794289096587,0.06313552017001867,0.03979343378667255,0.0697289502284063,0.06507977960355582,2.220446049250313e-16,0.040185260371362386
random,0.07700254222639014,0.10825502649269914,0.10306089915502425,0.07698673917644783,0.06755846461174986,0.09510585012875772,0.08522555367271001,0.08443362105938113,0.08728604758919589,0.040185260371362386,0.0
