,square,rectangle,parallelogram,losange,isoTrapezoid,kite,rightKite,rustedHinge,hinge,trapezoid,random
square,0.0,0.06403539688329185,0.12708230106884866,0.13651582056043932,0.049701948266558826,0.03346548244711545,0.03641498017643907,0.06562159641487131,0.0628544161025123,0.07406838086154333,0.10800127604384513
rectangle,0.06403539688329185,0.0,0.050966160496548674,0.0800210001541819,0.13445771527201344,0.09104986787651315,0.08406384016063084,0.07205653801601186,0.04952729201096795,0.10673965144531083,0.15836515533693862
parallelogram,0.12708230106884866,0.050966160496548674,0.0,0.017232924137532746,0.14751693369973817,0.15236545889432918,0.11056674948034617,0.13114424158124738,0.09348342413770072,0.08271439278608339,0.12044334501801324
losange,0.13651582056043932,0.0800210001541819,0.017232924137532746,1.1102230246251565e-16,0.13576088733263947,0.1584126071196591,0.11073738289830537,0.14171758109826005,0.10657701222075877,0.06003707670307479,0.08859758338851464
isoTrapezoid,0.049701948266558826,0.13445771527201344,0.14751693369973817,0.13576088733263947,1.1102230246251565e-16,0.04896360420766954,0.03829609691638047,0.12841263048580587,0.12316797801071167,0.05125053937135449,0.05974172685067192
kite,0.03346548244711545,0.09104986787651315,0.15236545889432918,0.1584126071196591,0.04896360420766954,0.0,0.02517165397688692,0.10735376821619957,0.10833757313312775,0.10490715836415454,0.1277410021132125
rightKite,0.03641498017643907,0.08406384016063084,0.11056674948034617,0.11073738289830537,0.03829609691638047,0.02517165397688692,0.0,0.10365682570618306,0.09683125414941285,0.05171042388281122,0.0929804554708662
rustedHinge,0.06562159641487131,0.07205653801601186,0.13114424158124738,0.14171758109826005,0.12841263048580587,0.10735376821619957,0.10365682570618306,0.0,0.010623966326737011,0.11728553545732934,0.1322078334686192
hinge,0.0628544161025123,0.04952729201096795,0.09348342413770072,0.10657701222075877,0.12316797801071167,0.10833757313312775,0.09683125414941285,0.010623966326737011,0.0,0.09797071698833282,0.11651574219446303
trapezoid,0.07406838086154333,0.10673965144531083,0.08271439278608339,0.06003707670307479,0.05125053937135449,0.10490715836415454,0.05171042388281122,0.11728553545732934,0.09797071698833282,0.0,0.030334473157004882
random,0.10800127604384513,0.15836515533693862,0.12044334501801324,0.08859758338851464,0.05974172685067192,0.1277410021132125,0.0929804554708662,0.1322078334686192,0.11651574219446303,0.030334473157004882,1.1102230246251565e-16
