,photo_face,photo_profil,photo_eyes,photo_face2,photo_walking,photo_standing,photo_hand,photo_legs,photo_bird,photo_butterfly,photo_girafe,photo_fish,photo_cherry,photo_tree,photo_flower,photo_carrot,photo_watch,photo_key,photo_truck,photo_velo,photo_road,photo_house,photo_mountain,photo_windmill,drawing_face,drawing_profil,drawing_eyes,drawing_face2,drawing_walking,drawing_standing,drawing_hand,drawing_legs,drawing_bird,drawing_butterfly,drawing_girafe,drawing_fish,drawing_cherry,drawing_tree,drawing_flower,drawing_carrot,drawing_watch,drawing_key,drawing_truck,drawing_velo,drawing_road,drawing_house,drawing_mountain,drawing_windmill,geo_face,geo_profil,geo_eyes,geo_face2,geo_walking,geo_standing,geo_hand,geo_legs,geo_bird,geo_butterfly,geo_girafe,geo_fish,geo_cherry,geo_tree,geo_flower,geo_carrot,geo_watch,geo_key,geo_truck,geo_velo,geo_road,geo_house,geo_mountain,geo_windmill,word_face,word_profil,word_eyes,word_face2,word_walking,word_standing,word_hand,word_legs,word_bird,word_butterfly,word_girafe,word_fish,word_cherry,word_tree,word_flower,word_carrot,word_watch,word_key,word_truck,word_velo,word_road,word_house,word_mountain,word_windmill
photo_face,0.0,918.1584927956205,983.8362472852937,968.112231188417,871.7073580931471,855.7902568487478,853.3460478081802,819.7718258869579,904.272839110637,1067.8634178749405,1014.745616518024,921.928365616071,934.278900112466,811.0589072815673,839.9740407017379,823.3498219166,917.9036089461713,874.2736014495288,997.7857566974102,979.8466048308833,985.4448139886899,986.8291265540939,949.2910580812551,1013.4658826298116,881.0084934601144,986.1828071133723,920.382367128481,962.7272408169916,909.5596123005563,886.7461474095439,903.9869581043873,903.9021924964848,898.3937160969023,1019.6820057326934,874.4581261385694,938.9910444215325,999.943391605065,830.3665934246395,889.8020255999759,829.1162823567732,849.270328198699,921.8818476169289,980.9121857267023,1009.0593871776869,850.9505805038722,1013.7423915571269,875.2596623841475,990.6479381565516,979.3345073425958,837.2031410540021,959.3957386246623,898.4064647244049,938.5294866925078,895.2571054386057,914.2423202196363,826.4700291443551,854.9974423627999,1047.381509991456,884.3706875457932,936.9201689412538,971.2452926944868,867.6090614567082,904.9249052172531,823.813609887719,856.189503111794,903.1834019362583,938.2331348235083,972.6647076193036,846.0417708164981,929.3120903592868,889.5051471035448,1012.5525239001838,846.1012889661017,869.0631706373314,857.5992362068561,930.3433406114738,968.9769377298969,951.8125926610713,849.1239356467092,956.5286724762572,947.730904989617,961.36782527593,911.631521964413,975.1840668070163,962.2675565175433,878.9898204479236,857.8927034305909,956.3104202887979,924.5927975850698,840.53625104543,961.5975701065594,853.0776096839545,870.0241275086579,938.2426921465863,1027.4157562805326,878.0584526513624
photo_profil,918.1584927956205,0.0,1003.039017654306,978.2869746870776,931.4734360167604,925.0213853968569,929.1730478972399,919.2179481480426,946.2297756757182,1073.705783579189,1048.7753590453267,978.3675223198892,968.9036663810836,875.1945878029492,916.1609910358103,903.1390670105419,994.545339498205,919.5067933312255,1036.0201439658845,1035.629104340654,1012.5367117287876,982.4536224397738,987.1850785645415,1026.612097002289,971.6601477970017,951.5781379552864,959.5727713062295,989.0564526380159,976.4157880906396,955.0246887155062,964.4634170828808,945.9568328308815,962.4822837492422,1033.3708163546837,928.3501312585736,990.3814557873154,1024.7965384028619,937.2690736453244,945.0971506183408,914.5168629120615,934.7216412141697,964.3485142065387,1022.4864862722478,1052.1462574406398,911.5018581899507,1049.044263834703,932.0938213602952,1025.1389773054666,999.0163919181701,922.5031373656142,1003.6250481202303,948.7757039169076,1007.1460077997185,960.7576701965351,969.9342911897295,908.3562076587555,935.1191091739428,1063.6958766737766,920.4948338272294,979.9649929457278,992.9809619693289,934.829242852067,996.3977940751228,901.3643998341024,929.8808519243581,946.4981005856963,981.5984996983615,1019.7188449887798,904.6320205853149,957.3364995577335,946.9846076763184,1044.7263095219437,929.9339298535671,950.5732452037583,930.1296741509367,982.1344347166041,1014.5752846717781,1000.1787683510788,930.3607366667997,1004.7312255039343,986.9306376095184,1017.7541009426042,966.6202915533531,1025.919369957194,1012.219719572762,944.5381418652944,929.4566183197751,1007.287394793225,973.8717696293246,946.7679377139405,1011.8934672225425,939.9267498547994,933.7409412324729,991.0296208313921,1086.0991005086785,929.919680115382
photo_eyes,983.8362472852937,1003.039017654306,0.0,1001.6137586637227,971.7988865241341,961.5970608105737,964.6132433113642,957.2594350957454,908.4197786683521,1027.0315424863477,1037.0951733386062,931.0395046282283,995.7272540320778,926.671441755008,965.6569127861042,923.428875477547,1041.0935780142495,879.3332000727495,990.8285387117405,995.7852173105573,861.0373251991771,1050.5846741094222,946.2422943019019,1057.7746402568957,986.5652440669759,1058.4296712356859,892.2224397147714,979.0196615836849,1026.6377138468085,996.1274265921838,1001.2111268398205,1022.3339509615627,928.1830364932359,1012.8337816853324,985.9208809316283,959.5293736716709,996.8536544103233,953.0904892102341,991.2211840540004,950.784171316397,964.2757037113064,918.5612895938384,984.6687944343989,1006.1251210008579,886.8592536135046,967.6147226242587,916.1904531842223,1072.8875849250821,1037.2855612650337,947.3267055190007,911.9595819186877,1007.1221113334645,1039.729627921832,1000.5843947468097,1020.7402750514573,939.5755589297239,960.1892158738227,1063.1312070225977,955.6426528251474,947.8878535668957,1053.7684125868516,958.5650896138208,1024.16720283335,928.7952927255516,958.6352664216851,901.2834694170115,945.1207193184507,967.0816889963787,958.0923948875122,1024.339403636508,935.0903795113644,1094.194030961953,906.2739344327974,927.3588413579185,923.51658332068,947.9048775901795,953.2756263463634,939.2967754597186,913.4227023113299,949.0482929349696,951.2732483706513,948.0289467454061,919.2782350097503,948.6343932037025,941.7422322563623,919.373246084488,914.0101161464735,952.83197808459,942.0762543230094,920.6788059297224,938.648811193766,915.7342106148386,902.7947112814693,942.3746169453547,1024.0674504596977,919.762013609598
photo_face2,968.112231188417,978.2869746870776,1001.6137586637227,0.0,962.745018356856,961.0793233584784,936.7258401108031,955.6399022584133,929.4627784544982,1063.1283808627468,1055.7860628599262,980.6649213708034,1001.8972530570746,917.2389930372271,965.0143250021687,938.9050703964286,1039.8420339993004,939.0927542632558,1040.762091043648,1041.8783192818219,999.7335640531862,1033.2557869232705,1010.5137748362137,1065.3980320358476,983.1734677086866,1051.5900312594356,984.2749490594445,930.4633530685593,1018.7323218616688,987.4054592346424,998.553397814762,1007.7425035723828,973.5732398906182,1043.5470977918594,985.1333127547034,1017.7835714261716,1045.7782457753071,959.0263221843054,984.2079710316974,963.1040350814034,976.0551171306103,989.8520712531171,1044.3800722652566,1059.5815405014089,927.8882512120116,1052.6820137196148,953.7024312768334,1066.988404225706,1035.4362770073876,956.9431520757632,1029.596467964705,992.944747571753,1026.9721073638807,997.4668288017575,1006.2058787451704,955.7456790646884,978.5190488232308,1069.683893194663,964.2217215481812,990.163747928193,1050.7887797793214,966.4913321159225,1022.9859046448865,943.2360973634635,971.3293082118092,968.78097996478,992.4074922561359,1029.0726467505858,945.4826568675545,1017.6168009683684,958.8497684943344,1092.2742678243962,954.3566357741298,967.8958947626462,960.8328882773675,1002.9120428334925,1038.7468480526384,1025.3477613213013,955.3046430779185,1035.4643799693606,1020.6212973028527,1038.8371791292118,995.2616426769233,1048.6154842025687,1037.042875946214,975.4186190919609,951.5897919115549,1028.4832933170464,1002.5869758296999,961.5100546204299,1035.5705903603389,963.5131374462003,966.3080694148977,1014.4809493254467,1097.089226601749,967.046379074142
photo_walking,871.7073580931471,931.4734360167604,971.7988865241341,962.745018356856,0.0,772.5902637298468,825.4508688760656,757.0176228571996,834.0550914177932,1015.249869932489,973.9145584640489,854.0229483389164,859.1254350527389,772.8511348539012,761.0768485533514,743.3290401942619,871.3820678461868,802.2681924671234,938.1388692869881,923.5655019417369,935.5223526923238,985.2474629408401,870.1911455754465,970.5605814893429,837.0634604408101,955.9060367813784,841.601986917929,904.0935524936262,792.2916657933725,841.4296537225744,848.7968458830356,859.0716440583432,834.9815845834536,942.7818760334286,787.1037853939144,860.4952927559169,944.884939704864,783.0194122793022,846.4117211393075,762.5980852760978,790.2750417525704,851.3125269718084,909.6170284608471,950.2837956401518,771.3110708325895,957.6506784430297,782.501762188965,945.5172105952049,930.4395586234291,747.3891484478685,896.6776765071854,841.473588019915,846.6909957749916,825.1080384031064,863.8411758858546,750.3655114591119,783.2589615295979,989.8532423763976,781.2269649337696,848.1011126755827,882.3080969155868,762.2805839258708,869.833263118228,746.1063992163581,780.0716875720495,820.7416114003761,862.3195425138613,911.7088175152246,779.1398688410594,898.1117563922323,809.4910521126027,963.6362624185354,776.9172413396496,808.0746595999576,802.7193602977457,879.2032170393823,902.8360678253888,889.7063054609231,789.4458393185381,896.3306990536629,887.8141352800326,910.0553044472326,847.3351844555092,919.1504699249049,902.4449830244356,818.9768385326857,790.770578584401,892.922913206915,864.1082630454893,784.2436858496978,898.6893438271929,792.2416308968798,808.9950843872307,880.6928526023238,976.9011490669666,815.9269249894703
photo_standing,855.7902568487478,925.0213853968569,961.5970608105737,961.0793233584784,772.5902637298468,0.0,810.5276521632366,718.1855541354934,836.4179448333211,1020.6838162399739,933.0803986051354,866.2172343353758,887.3886931311946,767.9250926279709,696.0675105672997,686.5785467247205,814.3298931383106,791.7208291278101,939.6222954331693,930.1976154523738,931.6988057481,968.3062640259602,875.3429937954608,939.2648392390795,839.6087116185593,953.7796502862589,841.9281894413136,887.2959133519848,835.6301939262441,739.3764110580463,812.8648841506481,833.0022238767234,824.2185827010271,896.5272177095865,753.6457681139466,862.4187134413582,925.6313241037158,762.3863961315568,789.4983233220897,674.7366186595965,751.3190802070152,840.2777564780381,908.051452443856,957.0713680808492,748.0802321306587,950.3319231914328,781.7294914963063,893.3448591723684,900.2212290067872,687.3142911483969,886.985966142752,766.77253213186,843.4679405795292,760.2462387056379,823.952145070646,718.7617121213386,734.6354164342789,964.0412385307947,744.3149727215919,849.791141432735,875.2737493780542,751.2558484017695,807.3360044780379,669.4228684345237,707.2888772284366,803.900468901958,859.2747930935643,905.5029663080945,754.6302223877927,857.033306561782,778.5435726548567,916.1205038247356,760.510581082877,793.8021703476093,784.2372776356937,862.9923491208026,894.5072494547886,879.4131484207037,773.1796811491449,883.75770824631,876.0961398523401,892.4989238604164,836.0638580618985,904.5196219952278,889.7899949612789,803.2578297612753,774.4652401446853,882.0763841396242,855.5128194753055,768.0068854707695,889.9570666916134,771.7043225081256,793.3862360634668,866.9988477523458,964.7326031189978,798.9894970333297
photo_hand,853.3460478081802,929.1730478972399,964.6132433113642,936.7258401108031,825.4508688760656,810.5276521632366,0.0,797.5362671464721,885.7120831390923,1038.7206191560397,991.6242329408883,886.8674818015317,895.664026513889,799.4764308280708,813.4221816302855,768.7327351304466,901.1540301873152,839.4383783841602,986.6329406479631,955.8725265469476,962.2972753788913,966.8788801255528,933.2859870133615,988.8512243993201,901.523311132272,983.3030081960371,879.7640687747945,937.0156779625828,890.4692210349687,859.6344451829397,864.5772550221709,898.7632523270081,894.4636457789437,988.266400431133,846.224651738267,914.4003267042053,968.4601582652707,839.0648704107097,867.2258935685303,803.2628738495604,826.9736843062403,894.0193782542387,949.751203438105,991.8217576598171,819.1397319042037,996.5211018669605,845.2688964226033,973.9648986495423,977.92362285828,808.3162645437575,919.3384903299672,879.1630415538266,924.9262757964691,875.1754091285959,862.682912821467,786.3549783060322,833.6162978874999,1017.4384106681457,836.519474139109,904.0313475599162,931.3912330706589,839.3498639268503,906.1899536378144,775.3367647845879,823.4490810831735,867.6076209437873,916.7372480736936,950.3404565029197,827.5926340253914,918.0018175491177,863.2888018860185,990.1900742289434,831.5143624630355,849.3426338608632,842.3979844611458,915.605730775357,934.5216924148714,923.2165108817072,830.4079299435592,930.188198184942,927.3811584056472,937.8004835425673,883.5974518494259,950.3146088131308,939.632964567745,857.4539260192917,834.508323803904,928.4465034861051,901.3677588400155,837.8878466037764,935.5254175075648,839.6545027080123,845.3372119080145,923.1085144752767,1005.0882593598127,850.2302340137403
photo_legs,819.7718258869579,919.2179481480426,957.2594350957454,955.6399022584133,757.0176228571996,718.1855541354934,797.5362671464721,0.0,837.7206038096726,1010.1671851089736,957.6400075264564,850.2201440385245,866.1983105076663,771.0553164889408,733.5345571328827,690.9546126871444,840.8121538185261,794.8530377320131,947.7735752184433,926.0493934376333,937.7511787069138,971.1205156908799,900.9590590669693,955.7343304066007,833.3601912007246,962.7097968672207,835.2568188277229,912.9127790751425,835.9962956766954,805.4515250549805,826.8470669488819,839.590827165918,838.2487005373928,944.7633461955278,806.6328320691559,870.7703916301969,940.3637849901437,775.9978317444612,830.5375681013807,724.3058289984745,759.926433696184,845.7341535997573,924.8686768258306,961.900194436154,757.7486529381504,962.1358379304237,788.6352730539035,930.2103242119043,918.262017821559,701.2657517308774,885.4190361537296,799.8396953989203,862.9877693774447,795.0875217494972,851.8056496459307,706.8312286530609,736.388505493226,984.2191471474487,782.6286569085627,848.7965788945552,878.3630487977053,767.1950200615785,839.2417884737085,701.3185408620113,745.3256269071409,810.6835276653999,865.2502597978278,911.7725404958785,773.1490550370615,865.8812759531942,798.078670213315,943.4782668942898,770.3103623890988,796.5815594533138,790.2935211732075,869.9522710039016,897.1232428822423,883.1205989772465,782.0837803364316,887.7258308475147,879.7776954371884,898.2609645614806,842.1062077267808,913.7186280837825,895.6617262553855,810.9381873193066,781.0526418432784,885.0908980522373,857.6169282701169,770.2588021641608,894.3108132250211,783.6709048513787,796.4426229038849,874.8998676353525,973.2959457226549,802.7248105579433
photo_bird,904.272839110637,946.2297756757182,908.4197786683521,929.4627784544982,834.0550914177932,836.4179448333211,885.7120831390923,837.7206038096726,0.0,962.6814526275175,927.9459064993274,795.85711527878,914.2025832290543,805.6940060362692,832.0204711970188,780.5531670285392,894.554682902688,708.040086102413,899.6147235308293,895.205445155353,886.4750585125477,991.7006269939202,875.0665015235754,988.0440056907346,852.2451533799293,957.151018869041,784.9153248161331,868.791952001814,897.8628614853856,861.7102445192843,871.883539076754,904.4866541294314,740.1053250250183,940.5403405182005,840.166509232703,826.4998590993882,950.5527308845518,816.8798255479542,849.2925485644708,807.0326809963415,817.7903014983837,758.3029618739828,884.8443634348582,917.174978320706,714.1851030447142,918.7877330217892,756.3957458543765,967.7343146774823,940.6820743299884,797.0825897401855,832.4956437894034,861.9929747820534,914.5817359513704,868.3072231864853,900.6262459693872,795.7571975397058,801.4563837894484,982.5057749374272,810.9278958401409,806.941426743305,937.9894014790872,806.6066325266596,887.0315819840138,777.6863855811424,793.4143061509847,728.673370901133,838.6261091661429,879.4144998022889,824.2972234606103,907.2728424495322,809.5890477668464,978.833847157126,745.7734636386228,772.899137829755,765.8316656577956,808.980478997167,847.9235385557525,827.5873684561454,753.3132752711259,832.8259895561389,819.6743518966562,847.5750170131483,785.5002009553117,853.2867370090972,831.0698657010389,771.8793369220676,751.0787707597252,829.1086855255638,802.3034566753133,759.073887530928,840.82153465,762.3432420352752,765.320139476216,812.2512058021936,922.2308301637164,768.8931562487015
photo_butterfly,1067.8634178749405,1073.705783579189,1027.0315424863477,1063.1283808627468,1015.249869932489,1020.6838162399739,1038.7206191560397,1010.1671851089736,962.6814526275175,0.0,1105.733765701066,1016.0138656529623,1044.5112732552655,996.6682769551653,1032.4605766692257,999.5188961565202,1096.671432101623,973.0325059896011,1074.6612901247768,1045.6059642891544,1011.1769701207845,1109.642388592334,1050.3393009855272,1100.5700002692274,1045.9413061057662,1092.8061371135552,1001.3315338580984,979.6187614956195,1044.7992019367598,1049.7871300874133,1056.2157868148654,1061.2199702724015,979.8741220916113,1022.88689057658,1042.5970050321832,1039.8605856716847,1066.5294858796194,1026.6579458898238,1042.556473379817,1021.1914989519596,1022.2696069167058,1011.0530385802032,1051.8516945750184,1080.685295884612,953.3844925680288,1062.3003634188958,986.5336514041543,1068.1737392188084,1075.7889071397503,1009.9598862100133,1047.2351317136695,1048.7319307839725,1061.392090659381,1021.4785135220296,1060.2271851241524,1004.9095149603594,1023.9806676834321,1088.7095603517964,1006.2086813865272,1020.5907441207066,1104.670136811215,1007.7825453235847,1081.4548108039146,990.9212973806171,1023.4869965305508,993.8170141657952,1020.0759164971026,1046.5447382460009,1014.3272826790966,1078.5114425434251,972.947538270138,1105.0286663902818,995.487532472863,1009.9377340191091,1006.458451192241,1043.5122726235522,1068.9730009510313,1059.7627841016235,1001.2980471946129,1059.4704011697688,1050.5668843819426,1071.8783574595202,1022.3117911838962,1080.002614088357,1062.2153568611673,1009.796106511302,996.9763902852098,1057.8936759072376,1035.2204515966068,1006.0729871403948,1064.462510096613,1009.9252332231571,1005.4422546393132,1048.669787722391,1134.0355482627676,1008.698463799683
photo_girafe,1014.745616518024,1048.7753590453267,1037.0951733386062,1055.7860628599262,973.9145584640489,933.0803986051354,991.6242329408883,957.6400075264564,927.9459064993274,1105.733765701066,0.0,988.4249771217078,1040.700899160354,932.6888887959238,939.662361074927,919.5198382360629,1016.0812724946285,903.8201046405401,1020.9925145763195,1043.9032733086647,1015.7245552460957,1057.970520861823,1017.6152525515944,1056.9789257304446,989.5599704635695,1070.323638529897,961.3104496603477,1008.8066700190897,1011.8765139611357,979.17685755382,978.0940822133406,1000.8996419563113,979.2587220713244,1027.9311038279893,940.1070591884485,995.5334296446429,1048.9833359556005,951.4136870905207,986.3731007902408,935.7277736983092,948.5604215294907,959.0688052555462,1004.9705292770235,1051.571445281294,904.215904428766,1051.1376440422407,934.234226996992,1043.6899405892823,1027.7174992089813,932.6871140077449,1003.9256289842622,965.5491897575886,1024.6734474040518,969.6318434958049,1001.7829653263276,921.3171694930155,969.9680767990855,1103.858654526099,918.033078008844,979.1627362090393,1034.2121573517359,954.0928851569913,991.6125579847566,918.2015762238988,949.6296064505437,935.4893528860074,963.1446042877675,1014.0005906391775,942.9946970129206,1008.9064668023246,928.1208141961184,1052.3098424158115,943.6592222769859,956.8344927113639,950.2417694957578,1000.8051240959882,1017.847895646828,1005.9916568717307,945.9438986738386,1014.0265432708912,1005.0909588596836,1011.6219228026011,983.1232952367166,1029.308725346605,1011.3160035331658,963.6013795924537,942.7408739440266,1004.6697595288316,986.3196271540146,947.1142177707425,1011.809377696335,954.7813558133049,951.6907131154837,996.5270917063305,1085.2952104610033,952.1451689061936
photo_fish,921.928365616071,978.3675223198892,931.0395046282283,980.6649213708034,854.0229483389164,866.2172343353758,886.8674818015317,850.2201440385245,795.85711527878,1016.0138656529623,988.4249771217078,0.0,932.1225279356518,830.303537984432,856.0354401576691,791.1954592053395,920.8000805265475,746.3076872545194,919.3675490886158,901.5438443850171,912.7137788391761,1016.7765946394026,899.593408506872,1014.0018468833391,906.2103217928698,994.8114254131189,774.4620321738769,925.8504277188592,940.3437075697486,900.6118858890023,910.058897338274,945.0530426409987,838.3855268779541,978.7141976776383,879.4237842935352,802.4506344553497,964.7783726105815,855.4189375894223,898.0634608316552,833.1756024572536,838.7049281921007,791.7464465270888,881.4265666279889,949.5025030041157,735.1098827877483,961.1496338656943,773.655744793726,1010.6479791144767,976.3026614528923,815.2138793768281,827.8540818995028,897.7772757830144,962.520201044442,907.1633945485446,943.4119733127154,827.9173877862318,834.5663671572257,1020.0133917189438,844.3423654489121,783.8989077576747,962.0287420906415,840.580531520322,925.8355688798998,810.1813051465009,825.3759896527902,772.9121152789652,849.9402117877504,905.9001865057882,852.9365527419479,938.2367477201616,831.7601341203012,1022.3056278760457,773.1029399215237,797.7074617811388,786.6410699245263,831.431314363081,846.9990737203962,837.6190214593468,774.4058058353668,835.4180816606174,821.1188671242996,857.9143774990582,806.3425114796455,863.2996144062957,834.3103063529114,794.1607392350385,777.9184451871312,826.2585623489111,819.1738546354799,784.7137132015467,835.9036614294095,786.0112918474689,789.7047400640255,828.1308403405478,925.6614256579616,788.1133274783355
photo_cherry,934.278900112466,968.9036663810836,995.7272540320778,1001.8972530570746,859.1254350527389,887.3886931311946,895.664026513889,866.1983105076663,914.2025832290543,1044.5112732552655,1040.700899160354,932.1225279356518,0.0,838.058679383083,884.6103720760852,843.1471804198696,965.1915508823141,874.8287637804534,994.1398497060217,977.2221060657052,1011.2712252177289,1027.4396176499956,941.3206131058431,1024.0392528877233,942.0863783673091,1016.9979466202241,916.0296728497178,986.4704996982633,919.6811281287299,934.4448043950706,937.3191141411194,932.1023827276389,917.1744033872836,1009.4064220518811,894.3040200863185,941.812435527578,984.6645742517296,888.366083511386,948.3057258132757,859.7934280525939,890.1716627303284,924.612991804715,958.6485007606093,1013.6207442003924,867.3358097221349,1010.3760708285869,869.8191708687598,1009.5208411808572,1007.2956956146938,881.2164625107235,957.9174467930842,943.2349959837326,956.9154095979967,926.8256700673365,951.6513995431558,849.9143492029805,886.513355882779,1019.0262570012476,869.7797468940032,937.4381148735444,949.310585274065,877.0985125037598,962.0613793367107,846.9047222347039,880.735210222246,900.2568956159737,934.9584273211334,974.0443345554527,859.2878290519147,954.5478119737376,900.9043563940384,1025.455344675144,873.7727730543609,886.087282246025,874.6670090814848,952.2699888801926,965.70124715481,951.7512748625144,872.6914355820371,958.9782264275424,950.800581745473,974.014977928287,914.6429826842417,977.3429623381198,968.1022091276278,892.5633885819201,867.1058366462694,956.7566518644046,930.4294896190598,872.5972773623502,963.7038986085815,886.2943223344112,875.7850304206224,950.6745368719351,1043.1431653027535,881.4135660483803
photo_tree,811.0589072815673,875.1945878029492,926.671441755008,917.2389930372271,772.8511348539012,767.9250926279709,799.4764308280708,771.0553164889408,805.6940060362692,996.6682769551653,932.6888887959238,830.303537984432,838.058679383083,0.0,756.7198658765706,709.8332911410288,809.5133934780746,766.9161982179977,916.1658005201772,902.6300815617378,900.4237306995544,910.3066153154953,805.5141508736026,913.5927314837014,826.4316260758286,932.7904828006224,816.0724830195559,873.3902983968154,810.1995900039818,793.554633944829,829.3241449296999,829.2682126110494,805.1726410164965,922.738860150885,772.1791102397757,839.9812488563626,917.0585290629449,709.2666027481032,828.8811488888892,724.9989053226246,750.7096877199416,821.339273283948,880.1904891749512,926.05822398556,751.3614132795778,926.8078785345966,756.5581527207797,907.1835663598165,916.3732178300072,740.2226971305137,876.1783384662996,830.6885251562446,855.9154993154897,810.6047052257112,831.405724399576,721.4268189177601,765.4237930654506,967.9315090137306,768.4480403792538,842.3052120144712,870.6120242841763,743.780924236339,844.3220069475451,713.8441080517074,751.5374993078638,798.6943622854787,845.6138457313857,900.5996837313502,751.1958112345661,850.3282240363629,798.1044386411722,933.9410125869784,751.135720687257,780.2754314415373,770.9618860706516,852.0137051466819,879.4743719049408,864.2719233729418,755.9337247697498,871.5448449341874,859.7533955419342,882.1407072404543,819.3116788590147,888.388905614405,873.622700292756,786.1226268849504,761.7100932276845,867.9233737616399,843.1520689305084,759.5900536649431,874.4909159184014,766.869498964345,775.5741191327221,854.8531493680446,954.8265231616328,787.1636383228683
photo_flower,839.9740407017379,916.1609910358103,965.6569127861042,965.0143250021687,761.0768485533514,696.0675105672997,813.4221816302855,733.5345571328827,832.0204711970188,1032.4605766692257,939.662361074927,856.0354401576691,884.6103720760852,756.7198658765706,0.0,646.9821874392584,807.3713978488684,781.5529383102864,930.5707342595371,928.0293129452176,937.2873507190836,974.6125597784096,892.3014667335028,968.4651047427286,827.0773233441143,949.1440424186701,826.3570362613938,895.5155621079347,832.596354740547,765.5324059291116,795.6047949172231,837.8778748638649,823.7447047495182,915.5422241502682,756.7537679915885,851.3800205037858,928.219906392055,736.5590378650791,778.5669467020031,657.9007912415146,752.9715635696277,830.549756525268,902.3844212610973,954.9177229087005,732.318306032808,955.8465576371011,768.1682777388418,936.4325910713974,887.3529685156069,669.271918507512,877.1077372806558,769.7678889970344,853.9040623996442,776.6600670975669,832.7845691381493,715.5052999346922,725.812961671918,966.2549772085811,739.3830704635238,836.2058188582773,872.4844453558263,719.6837957772642,775.7970705113225,633.177067234944,694.1829456425775,791.5397856109194,844.6959931362527,906.7461134289864,726.1046507242627,856.9915516714418,769.8301795407177,942.7212416674147,756.3857175412103,785.5638554317138,777.3010689833806,858.7470793669662,886.8662606105997,867.7430008723253,769.5327001331783,879.3153883015628,869.1932646886314,891.1039664990817,830.9843527732227,902.2569698924669,884.2060207003992,792.055683657702,769.2666579922712,875.7536294280617,844.2617842170687,760.9361914345009,882.4706173117378,772.159230480696,785.639094135535,859.6311178880384,959.4090759267133,791.7467506409538
photo_carrot,823.3498219166,903.1390670105419,923.428875477547,938.9050703964286,743.3290401942619,686.5785467247205,768.7327351304466,690.9546126871444,780.5531670285392,999.5188961565202,919.5198382360629,791.1954592053395,843.1471804198696,709.8332911410288,646.9821874392584,0.0,757.2722975986727,725.9855180906078,898.451025726201,889.5807827156127,900.2260678293345,951.2843695729829,843.6140750817086,947.1794824226741,808.3547191700633,942.9122287126117,779.9836596852379,879.0602132175737,817.3682931751277,732.063980677214,778.878386861882,821.5392756246302,792.0947869867646,905.1298303179449,736.2954058798588,820.0524113049199,910.8568536222639,713.7912056805919,773.7890973759839,557.0000074723359,721.0710792489945,783.3664337755015,866.7114997168499,924.1076974005618,689.3655596490927,922.6658843659947,726.0448757057488,928.3863970652192,892.9707213355018,645.5328415644678,828.9655027906582,767.2929025715259,824.8736943626199,737.0185236260028,811.326395940937,669.1924094363045,687.5559487286754,952.2616084205089,708.4745649436438,800.7031524612937,832.5314840708659,687.8400806552212,772.0619012145554,558.8203579136451,647.475666425076,740.125786928633,807.885994255618,869.6257902335542,718.7460437583628,832.2240089607488,751.7994008983692,929.8927423768049,702.7005964933721,741.6937359520766,729.0214363797653,818.9532100731533,844.6694079571529,827.5173741374114,716.8312776547815,837.432204008576,830.638162888634,849.0067043167604,787.5492572623868,859.1482676166108,843.9069878380297,751.7386708491942,716.7745058300371,837.0866339469807,804.5543998050526,719.4041280989159,841.7583864251665,718.7820739143746,738.5429824174998,821.5070127363533,924.9226642361547,744.233540549288
photo_watch,917.9036089461713,994.545339498205,1041.0935780142495,1039.8420339993004,871.3820678461868,814.3298931383106,901.1540301873152,840.8121538185261,894.554682902688,1096.671432101623,1016.0812724946285,920.8000805265475,965.1915508823141,809.5133934780746,807.3713978488684,757.2722975986727,0.0,870.238099018324,1003.7852982851069,991.1551549086389,1004.5932698351147,1031.1190429013593,921.1337932595902,1032.634385425818,874.3193491994741,1010.4137744233185,910.8341271504605,963.2245291461267,875.0707978522119,818.230960475571,882.077211774716,904.0350267209816,876.2386524420225,1004.8924350934844,831.9305564953318,907.6343275357511,988.5760793500166,784.4588717286368,858.4111648058285,748.1214504780353,741.6421067189117,903.4066103342409,962.7784260644885,1007.3671422252161,822.834291620159,999.2762757026348,824.6954935198546,975.7214801466436,994.4832117021145,768.2878106290098,943.8126578951615,884.5417715470005,911.0561661406232,848.0312094489806,889.7234699716666,770.6514830968341,798.1510787732486,1036.4826053333375,836.8945220392798,901.2974242127112,930.6293180527794,791.8898177625953,840.4378058146335,755.0644734231638,731.3874861557472,867.5382314944857,936.1572194039045,969.9875812637111,842.9485388592065,898.366983225502,873.8131107002218,971.3594898722874,808.8368634835498,843.9088699803484,830.2364747767066,905.8204088842452,943.9618066132487,928.1398294881731,823.6009718699804,931.6524614551507,917.5434121440073,936.4660599985689,882.7927782483383,948.8115742601825,937.6815395557499,851.7615752854298,829.1127850488602,931.8711358787001,899.3253443760361,811.3691484572481,937.9153732524346,823.3375817267968,841.5580548181784,910.9799962642472,1004.5078771830207,845.269002940727
photo_key,874.2736014495288,919.5067933312255,879.3332000727495,939.0927542632558,802.2681924671234,791.7208291278101,839.4383783841602,794.8530377320131,708.040086102413,973.0325059896011,903.8201046405401,746.3076872545194,874.8287637804534,766.9161982179977,781.5529383102864,725.9855180906078,870.238099018324,0.0,828.9097823064667,850.7809152049549,861.6520715606928,955.2748324107969,835.1272738122138,956.2774858792645,833.024465437489,921.7266509488393,660.4026710996271,854.3496011540732,870.9338122595965,825.1541643811405,821.9527096025976,866.2610497985258,739.7827241694719,902.3385078089143,801.7426499572067,759.5982922822902,888.6832520698573,779.5592243087424,814.6121419386316,747.0019938513783,777.0057279737644,559.3787902314261,808.8262043435379,870.1297334714187,646.5290592704939,866.9363483686301,678.00466317457,939.7659942429132,880.7335372221091,732.8152344698166,722.1222808256073,818.5157585265838,885.8753514590777,831.6308631449463,851.8820766480284,736.928962751401,737.4627167524225,952.1397696964929,751.6609264680484,726.2859640775866,888.2634090878036,760.4936302249037,848.0282498679991,712.8736081533112,741.3626300363312,554.1869130602506,745.6774422274245,821.6273284630564,757.42958352669,850.590344463806,750.2859407231776,944.5706340529966,670.3410768750107,685.7138466329812,667.5989085220095,725.5110797679187,717.6654179467498,710.2025227880686,664.8507436841275,724.0891560647669,699.078379870782,750.7961261473515,695.5187923094034,749.3262333112183,698.6308935792988,682.6720378115151,664.1211019794918,694.6300107615093,696.6588061356982,685.4011708979009,706.7964251862542,687.9208150069144,670.3911623013668,712.4544236125913,832.5101591696238,672.041757170787
photo_truck,997.7857566974102,1036.0201439658845,990.8285387117405,1040.762091043648,938.1388692869881,939.6222954331693,986.6329406479631,947.7735752184433,899.6147235308293,1074.6612901247768,1020.9925145763195,919.3675490886158,994.1398497060217,916.1658005201772,930.5707342595371,898.451025726201,1003.7852982851069,828.9097823064667,0.0,940.7917167915167,963.8712425485262,1033.438088356015,932.5942671934133,1060.1416862799779,939.0625439657678,1016.6110231557335,850.6098665406406,931.5185405011172,990.6375573382109,949.4528952559328,949.1170009644754,976.8498128945289,892.5197674296153,997.6180915924072,942.339161441867,886.0365549094007,997.2712621347515,911.7669916248316,953.9001085243165,902.9808720060512,913.108560329428,854.6469696799206,798.2464139519947,925.0094632702721,823.6264368057819,934.9506310902984,821.9626103827701,1017.3248989777525,974.5909621125072,891.7067238173297,911.5057767761908,941.6578401849504,984.4076700767142,951.5888011030635,983.3393035499897,892.1291014589686,915.8003352559447,1045.414423706789,896.6780190658089,843.443587585962,990.8499838622309,892.8972202675749,983.7394665251632,880.1700825465508,911.2116431916373,848.6687306711269,703.906268048175,883.6166785096891,896.3473308059629,966.7276760493373,875.0302370046072,1032.4794812852879,877.7471559609289,887.7041902096206,882.4956093893917,926.7024913436105,915.5688101993179,912.5714197955731,871.815485594923,917.2940445287608,909.2329968310345,935.4745365757791,907.9927028542357,931.5734307872777,915.505011171718,893.7027029639529,868.4751197771596,914.2198604958749,902.7783093239174,890.0537634244666,914.4917801195188,891.8802757404317,885.0989302298645,909.5685446739177,988.4273428648396,878.3236842623812
photo_velo,979.8466048308833,1035.629104340654,995.7852173105573,1041.8783192818219,923.5655019417369,930.1976154523738,955.8725265469476,926.0493934376333,895.205445155353,1045.6059642891544,1043.9032733086647,901.5438443850171,977.2221060657052,902.6300815617378,928.0293129452176,889.5807827156127,991.1551549086389,850.7809152049549,940.7917167915167,0.0,985.7628415776484,1057.9859185700882,939.7886315833324,1039.8749661439947,904.773758099144,1027.5278673235,865.9064076063045,951.1394015774498,960.974212416074,952.993545885294,956.9582900097752,978.1051993056059,887.7912358112922,1010.721200718521,937.7078479557055,881.0655207867877,983.6213493962724,901.2623315780256,955.9578450671787,903.2383072395849,898.4054899450537,885.9478960799294,897.3820708568119,794.4097654371404,830.9498582229375,970.0950067672001,834.4525219617623,1012.4412146024803,980.8883732375567,892.3205061060864,887.8885393181869,952.670029433212,966.9246837344699,942.5215841921676,970.4218780680748,889.323024948979,910.0605137319295,1056.0671880609266,910.078211746023,875.8980431641687,999.6361725632818,891.8601217147764,974.2248931140167,875.1411922478013,904.4524637065207,855.734095459124,868.7159123786588,774.3212347627148,896.3490397025587,972.406917207285,874.2525473605951,1029.0561097257603,853.5072283726373,868.4265399515517,859.7611945936479,907.1873713371409,925.5978429595876,917.7855266758519,856.3766635905603,914.0390624216632,903.5794163713358,935.2121710815268,876.4605674253653,937.3406043496703,914.8504975489462,871.3462503182384,862.7373459996121,902.2458459974723,889.6336634525765,872.4727504894223,917.9120226790124,863.7652230638237,864.6766654324641,901.3402609655707,993.5130996295292,869.98606571467
photo_road,985.4448139886899,1012.5367117287876,861.0373251991771,999.7335640531862,935.5223526923238,931.6988057481,962.2972753788913,937.7511787069138,886.4750585125477,1011.1769701207845,1015.7245552460957,912.7137788391761,1011.2712252177289,900.4237306995544,937.2873507190836,900.2260678293345,1004.5932698351147,861.6520715606928,963.8712425485262,985.7628415776484,0.0,1038.207968197247,931.6874256849796,1020.3219916878755,966.7257834472036,1060.0435036451038,895.875495228219,964.4527583459725,999.4060165979668,966.4148230342985,982.1121005736093,1002.3492936283507,914.0866409701873,996.0485596333294,956.5371342497077,937.01534502421,1005.836856685861,929.2458047484748,958.1362107227485,927.0359201620278,942.0400278752093,911.9723802116115,963.1547631948201,989.5645897273245,813.4768179318114,974.9535882868319,887.8412394667567,1035.9353178547415,1021.2475894368981,920.7847062710894,956.4634787288197,976.6992823550431,1014.5040825952649,974.9784917523131,1003.0160407302184,921.1032591311447,935.1620871352966,1053.685154737251,931.5432664858463,921.4842968416256,1029.5363671352477,920.1375860254395,987.8968167129698,901.5260620546046,925.7821447947239,894.7189529549091,919.0558055506059,966.4686118464867,925.2685881659054,1007.5145925328711,902.4351847467763,1058.1388138504233,904.9327769431563,924.2304403642163,917.8580467224973,956.4077104544804,967.5408433781766,954.4774392565064,911.6838009363299,961.6088855645764,962.3379004289037,965.1501732202207,944.2119531568289,978.4987731473757,961.3100224319146,927.2535999306698,911.3003462762249,960.3667272296786,940.7293009007242,917.7116144438023,965.4305203833417,918.5739552102817,922.9522985380794,952.4390544520135,1035.3276762829798,924.2343428556219
photo_house,986.8291265540939,982.4536224397738,1050.5846741094222,1033.2557869232705,985.2474629408401,968.3062640259602,966.8788801255528,971.1205156908799,991.7006269939202,1109.642388592334,1057.970520861823,1016.7765946394026,1027.4396176499956,910.3066153154953,974.6125597784096,951.2843695729829,1031.1190429013593,955.2748324107969,1033.438088356015,1057.9859185700882,1038.207968197247,0.0,1017.9264957536029,1060.4400013988065,999.7872291596087,1057.8995992128869,992.0031465572664,1013.0294439129707,1016.9376656152904,986.4957714375984,1003.8899211077384,992.0921107837584,994.7330866097523,1072.742282899171,979.352243738018,1019.633924752668,1041.0548131790677,963.42687772602,995.0723251126944,957.3886963511443,974.060770080178,996.2970560243534,1024.3982895010074,1067.8351661923023,941.2503644803337,1035.6797435141016,962.1659626066906,1054.002446955924,1038.549048072193,957.2270902560622,1050.916283286423,1007.7470004184927,1022.7294589096845,1004.1897809381461,987.3473167612846,946.7259152767034,977.3216831701544,1119.1316584018887,961.424221980975,1006.8102806124699,1030.368006368395,977.790365902569,1035.4604193570206,945.7982474482667,976.8995805995612,985.2755967356143,990.924316126423,1045.7244178107171,942.4392722927219,978.8438970353832,977.5224165888187,1080.1596254837493,977.104792795378,987.4151416514212,986.7138743479496,1034.0500209453942,1051.2903129444703,1036.6111422145555,971.925132345785,1044.2170347149229,1041.9017701728783,1056.3758602419525,1011.5753274323012,1067.5642651070011,1051.5527626810524,991.2435639502203,972.5536057005538,1046.5832120229634,1019.504642752916,988.6024135572352,1046.706464624191,990.4446237286725,988.8688800047747,1033.4640745492763,1120.843514407183,981.9687699892428
