,square,rectangle,parallelogram,losange,isoTrapezoid,kite,rightKite,rustedHinge,hinge,trapezoid,random
square,102.04942883096906,113.70229599557995,123.36272122494614,130.15327621122137,111.49648115104021,110.25925358772692,108.54591202822894,117.6399639230252,115.92170952172657,113.77859658827947,122.08722687297325
rectangle,113.70229599557996,99.3663320325586,112.63748998082578,122.3793366124148,125.00679096633239,117.44978215137542,116.6249024663986,112.5627110631962,108.26203940448349,118.23802926278071,128.49718239755592
parallelogram,123.36272122494614,112.63748998082578,105.92352886975965,115.068887795783,129.8381320703095,126.90609053690353,123.71591122630923,119.64722550164507,115.5375491356686,118.85133515585821,127.3902512015584
losange,130.15327621122137,122.37933661241483,115.068887795783,106.77636084526355,131.8263234874425,132.18040004225568,129.22614457191284,123.63543350326105,121.54342195484396,119.77879393680516,122.26137263517272
isoTrapezoid,111.49648115104019,125.00679096633236,129.8381320703095,131.8263234874425,101.2912434084722,112.44491056794935,111.20320680908557,126.00278791317156,125.57142599662477,114.43757653718066,118.8512570266408
kite,110.25925358772692,117.4497821513754,126.90609053690353,132.18040004225568,112.44491056794935,103.28736133426939,108.97601599911066,123.39256795574374,122.28255753519815,120.11800158426497,126.71526947165368
rightKite,108.54591202822894,116.6249024663986,123.7159112263092,129.22614457191284,111.20320680908554,108.97601599911066,103.2083646111355,121.87242641062078,120.42308482232843,113.99145710655378,123.41793141772763
rustedHinge,117.6399639230252,112.56271106319622,119.64722550164507,123.63543350326104,126.00278791317153,123.39256795574376,121.87242641062079,102.99677377574618,105.09814980683802,120.74545132582809,125.2157940790233
hinge,115.92170952172657,108.26203940448349,115.5375491356686,121.54342195484396,125.57142599662477,122.28255753519818,120.42308482232843,105.098149806838,101.7037811151307,118.73850980490235,124.83137542387708
trapezoid,113.77859658827947,118.23802926278074,118.85133515585821,119.77879393680516,114.43757653718069,120.11800158426496,113.99145710655378,120.74545132582809,118.73850980490232,104.01679517274843,112.95979665858192
random,122.08722687297322,128.49718239755592,127.39025120155841,122.26137263517272,118.8512570266408,126.7152694716537,123.41793141772763,125.2157940790233,124.83137542387708,112.95979665858195,104.72710091237276
