,square,rectangle,parallelogram,losange,isoTrapezoid,kite,rightKite,rustedHinge,hinge,trapezoid,random
square,453.10512287550415,524.3125481402373,630.3720687173943,677.2949839931955,581.0913844173411,555.6479090127572,561.9517400485836,617.3405274549172,596.5507963698218,579.8573799391476,643.042202329033
rectangle,524.3125481402374,480.4999308340576,597.3569888617333,652.0151997741312,641.2865892644013,602.3308799278827,607.0005859953319,616.994398036045,597.2614030222426,602.0756695316637,668.9214672141844
parallelogram,630.3720687173943,597.3569888617333,554.563293765452,597.7717298406562,679.4381137926325,654.985097570687,657.6483009594172,634.3128570364362,629.6505247803543,616.3446833907866,661.5684106953607
losange,677.2949839931955,652.0151997741312,597.7717298406562,556.428343717073,693.339666176386,678.7728332681161,680.1024904098048,649.960672870349,652.5924452864731,620.7261677209073,642.1639372868087
isoTrapezoid,581.091384417341,641.2865892644014,679.4381137926325,693.339666176386,492.3879694897924,545.4169402830793,544.5636900410748,643.4459886790121,639.0506324076293,563.280954262204,597.8382945580345
kite,555.6479090127572,602.3308799278827,654.985097570687,678.7728332681161,545.4169402830793,481.2777840426019,512.7208946228877,613.4010142673343,598.4526646717806,569.2858402823151,605.5118929981419
rightKite,561.9517400485836,607.0005859953319,657.6483009594172,680.1024904098048,544.5636900410748,512.7208946228878,485.79058964381153,611.8296016406956,598.7357259002628,556.5103750701911,597.3810761088712
rustedHinge,617.3405274549172,616.994398036045,634.3128570364362,649.960672870349,643.4459886790121,613.4010142673343,611.8296016406956,530.9386805436561,549.6023001368649,612.9790641236561,633.6587225846807
hinge,596.5507963698218,597.2614030222426,629.6505247803543,652.5924452864731,639.0506324076293,598.4526646717806,598.7357259002628,549.6023001368648,523.7197460607189,606.7225066413982,628.0685064156348
trapezoid,579.8573799391476,602.0756695316637,616.3446833907866,620.7261677209073,563.280954262204,569.2858402823152,556.5103750701911,612.9790641236563,606.7225066413982,501.15787362564475,556.6344568943119
random,643.042202329033,668.9214672141844,661.5684106953607,642.1639372868087,597.8382945580346,605.5118929981419,597.3810761088712,633.6587225846807,628.0685064156348,556.6344568943119,500.5170142644624
