,square,rectangle,parallelogram,losange,isoTrapezoid,kite,rightKite,rustedHinge,hinge,trapezoid,random
square,344.4212777336488,424.8774158510756,523.6539037056018,557.601959104552,431.1484177190387,406.64291115013333,413.9390817368064,489.2415566469513,466.44509039514605,445.0662111739314,499.14376686948924
rectangle,424.8774158510756,399.3359723069725,494.62435623713367,533.0621744373162,506.11852602788076,466.813534662993,469.91739815497954,490.7592822517212,470.58323397910914,474.0999690414149,527.3100786267338
parallelogram,523.6539037056018,494.62435623713367,480.11791506391575,508.11512890512273,567.3035725533766,538.1818207114559,538.3319133301563,527.1351211593429,515.2507868573198,513.7811749341403,545.5677998561289
losange,557.6019591045518,533.0621744373162,508.11512890512273,473.21050386325857,579.9072965003659,558.1150063459149,557.2423399089373,539.7165147363041,532.6626809408149,515.1363903121717,526.9614119196166
isoTrapezoid,431.1484177190387,506.11852602788065,567.3035725533766,579.9072965003659,370.71784239473374,404.2707449103388,406.41180401247493,523.0639600442419,507.9712858528828,441.4930675294341,469.976070482328
kite,406.6429111501334,466.8135346629929,538.1818207114559,558.115006345915,404.2707449103388,349.9282120974255,374.57569697378335,487.6193737234774,467.7437001085808,437.16450418897887,472.9303395231208
rightKite,413.9390817368064,469.91739815497954,538.3319133301563,557.2423399089373,406.41180401247493,374.57569697378335,358.33496004285564,487.09449105634894,469.05573924402574,425.761092012275,465.1747782008344
rustedHinge,489.2415566469513,490.75928225172106,527.1351211593429,539.7165147363041,523.0639600442419,487.6193737234774,487.09449105634883,430.6112514224156,438.34270707672795,496.6043143734262,516.4619742088167
hinge,466.4450903951458,470.58323397910914,515.2507868573197,532.6626809408149,507.9712858528828,467.7437001085807,469.05573924402574,438.34270707672795,416.70823303863045,481.0643324581238,501.88223991306234
trapezoid,445.0662111739314,474.09996904141485,513.7811749341403,515.1363903121717,441.4930675294341,437.16450418897887,425.761092012275,496.6043143734262,481.0643324581238,396.3941611153086,436.06838100235194
random,499.1437668694893,527.3100786267338,545.567799856129,526.9614119196166,469.976070482328,472.9303395231208,465.1747782008344,516.4619742088167,501.88223991306234,436.06838100235194,385.7251485947184
