,square,rectangle,parallelogram,losange,isoTrapezoid,kite,rightKite,rustedHinge,hinge,trapezoid,random
square,200.10386042860384,259.13396941437213,322.5515921165427,332.61815765503394,234.98745378194508,216.68649161595928,220.2965872521104,279.08777746897283,262.99139944854477,247.82542242219256,273.5696078121561
rectangle,259.1339694143722,246.29418196673015,298.29296898779216,309.18685510274685,302.52674959963167,270.4384779436862,268.2424332934538,275.47933978476675,263.25690078745953,271.0245069626109,294.89011113593085
parallelogram,322.55159211654274,298.2929689877921,300.8749339579865,309.23955796294325,357.52342638439666,330.03842462553376,327.8774716895473,309.5607519356095,300.9608234990841,314.1032224838644,324.7128773494747
losange,332.61815765503394,309.18685510274685,309.23955796294325,290.4660564267418,363.75288807393895,339.02835016084475,336.48879753497687,313.6177656221805,305.71197238066117,311.8891217000821,311.66702041405523
isoTrapezoid,234.98745378194508,302.52674959963167,357.5234263843966,363.75288807393895,212.98187087507208,229.29495430762648,232.68343701597507,318.79713963162055,303.9195563641709,263.98656100899143,273.54495323648473
kite,216.68649161595928,270.4384779436862,330.03842462553376,339.0283501608447,229.29495430762643,199.91411244907286,212.3668514110321,287.44776741221045,271.95658259844345,251.80021550256356,270.60324370932733
rightKite,220.2965872521104,268.2424332934538,327.8774716895473,336.48879753497687,232.68343701597507,212.36685141103212,205.89915708917616,288.23362067832204,273.6617462137299,243.42678534238587,265.45895284114056
rustedHinge,279.08777746897283,275.47933978476675,309.5607519356095,313.6177656221805,318.79713963162055,287.44776741221057,288.23362067832204,255.38101312180547,255.85210161643207,290.3669781834254,302.8665195422616
hinge,262.99139944854477,263.25690078745953,300.9608234990841,305.71197238066117,303.9195563641709,271.95658259844345,273.6617462137299,255.85210161643207,243.6435665865091,275.77899747348647,288.5989516265181
trapezoid,247.82542242219256,271.0245069626109,314.1032224838644,311.8891217000821,263.9865610089915,251.80021550256356,243.42678534238584,290.3669781834254,275.77899747348647,235.72342227431037,248.8424989525345
random,273.5696078121561,294.89011113593085,324.7128773494747,311.6670204140552,273.54495323648473,270.60324370932733,265.45895284114056,302.8665195422616,288.5989516265181,248.8424989525345,216.23402206512455
