,square,rectangle,parallelogram,losange,isoTrapezoid,kite,rightKite,rustedHinge,hinge,trapezoid,random
square,354.7193312586371,388.38268218943585,473.92463520065985,531.5983855882486,509.7567098363539,486.8620806179686,490.3513997353942,512.2098135399713,491.2325434102928,503.17110976028596,558.4852291984846
rectangle,388.3826821894359,344.1766458970031,459.2258831072384,526.8735016447115,530.1647568166019,502.5804516656517,509.64981417763903,517.4396506125244,493.78295402742117,513.3596742919754,572.5092360416339
parallelogram,473.92463520065985,459.2258831072384,390.8606344761386,438.1893423100539,512.6988365640303,501.00148006519237,508.6250973721755,497.9226805481516,492.1417792461383,474.3516862644869,517.0305345696257
losange,531.5983855882486,526.8735016447115,438.1893423100539,397.0020486083564,517.035192812506,517.409892260927,523.8990522945973,510.85720279802626,515.006263155109,473.36868085833873,494.1363386025868
isoTrapezoid,509.7567098363539,530.164756816602,512.6988365640303,517.035192812506,401.0730699132298,451.9547916335121,446.9290434008577,499.636867877311,504.4186060970486,450.0792287256813,474.690289409763
kite,486.8620806179686,502.58045166565176,501.0014800651923,517.409892260927,451.9547916335121,387.16901980167233,412.069611541944,477.3702436239489,463.76608497070316,462.0526407154177,473.7287984928271
rightKite,490.3513997353942,509.64981417763903,508.6250973721755,523.8990522945971,446.9290434008577,412.0696115419439,383.0292659811662,472.2220573922873,461.25639853783616,454.5142255604183,470.72440508964837
rustedHinge,512.2098135399713,517.4396506125244,497.9226805481516,510.85720279802615,499.636867877311,477.3702436239489,472.2220573922873,400.2566736590351,416.920665085751,491.8604824434936,485.27815764109624
hinge,491.2325434102928,493.78295402742117,492.1417792461384,515.006263155109,504.4186060970486,463.76608497070316,461.2563985378362,416.920665085751,388.01575367686627,490.9613275579137,485.2420908932915
trapezoid,503.17110976028596,513.3596742919752,474.3516862644869,473.36868085833873,450.0792287256814,462.0526407154178,454.5142255604183,491.8604824434936,490.96132755791365,399.40465544630524,448.4988204132752
random,558.4852291984847,572.5092360416339,517.0305345696258,494.1363386025868,474.690289409763,473.7287984928271,470.72440508964837,485.2781576410963,485.2420908932915,448.498820413275,389.070404674333
