,square,rectangle,parallelogram,losange,isoTrapezoid,kite,rightKite,rustedHinge,hinge,trapezoid,random
square,284.27271694046425,363.0400559459632,453.3092374228558,477.00687582418124,348.28054511085855,325.65926718066027,332.52100540885635,405.89131602363125,384.4315383219671,365.29559899325665,408.71727219663944
rectangle,363.0400559459632,345.09723515281274,425.5433182971102,452.21944367917655,428.38287475643654,389.84806472139945,391.32520008174237,407.0964330737544,388.97445804076216,395.8208040590201,436.74621475988175
parallelogram,453.3092374228558,425.54331829711026,421.80501712374144,441.85711380696705,496.76860221620217,465.5006905422903,465.4039581816916,449.83562338428976,437.48057637776253,445.00421313787945,467.1546944052807
losange,477.00687582418124,452.21944367917655,441.85711380696705,413.63994506923217,508.55277511073643,482.48191973849623,481.61424126643874,459.73762710183934,450.27997557590936,446.1627333229733,451.5080117236966
isoTrapezoid,348.28054511085855,428.3828747564364,496.76860221620217,508.55277511073643,306.8559287845645,332.5523805755206,335.72495178486173,447.04342902205116,429.59957389147894,374.02157202199,394.6380129158151
kite,325.65926718066027,389.8480647213994,465.5006905422904,482.48191973849623,332.5523805755206,286.6747572065752,307.0912233400598,410.4504398368349,390.4008141009345,364.7329103407531,394.71280193498944
rightKite,332.5210054088564,391.3252000817424,465.4039581816916,481.61424126643874,335.7249517848617,307.0912233400598,295.83261200274893,410.97829740274847,392.7352704262348,354.87033719823086,388.2923948954853
rustedHinge,405.89131602363136,407.0964330737544,449.8356233842899,459.73762710183934,447.0434290220511,410.4504398368349,410.97829740274847,363.45464294697047,367.25173839262436,419.2982058619338,437.2031661114554
hinge,384.4315383219671,388.97445804076216,437.48057637776253,450.27997557590925,429.59957389147894,390.4008141009345,392.7352704262349,367.2517383926244,349.44842304097693,402.0469820712764,420.7569163104817
trapezoid,365.29559899325665,395.82080405902,445.0042131378794,446.1627333229733,374.02157202199,364.73291034075305,354.87033719823086,419.2982058619338,402.0469820712763,336.06488766090615,363.8304942931526
random,408.71727219663944,436.74621475988164,467.1546944052807,451.5080117236966,394.6380129158151,394.7128019349894,388.29239489548524,437.2031661114554,420.75691631048164,363.8304942931526,317.099120928415
