,square,rectangle,parallelogram,losange,isoTrapezoid,kite,rightKite,rustedHinge,hinge,trapezoid,random
square,0.2374424857890184,0.2752146463659983,0.3167131032385454,0.34827865653075196,0.2695633802699659,0.2627415429102521,0.2580472685452372,0.29387412879317065,0.2863118246270215,0.2794439090468846,0.3122592122902457
rectangle,0.27521464636599835,0.2391945107892447,0.28361693214173933,0.32020788731752414,0.31777940299851926,0.2924093990782298,0.2890648336808173,0.27935341294455523,0.26467553123781656,0.2997647801594646,0.33677454842825616
parallelogram,0.31671310323854535,0.28361693214173933,0.25659790589850984,0.2909424464902061,0.34023980477487953,0.3348215215676293,0.3169588560650154,0.31002963651373905,0.29301715729533767,0.29950823088138046,0.3331426748834482
losange,0.34827865653075196,0.32020788731752414,0.2909424464902061,0.25980536652100095,0.35379594543967147,0.3601943168609075,0.34460347694964283,0.3251648640718422,0.3168631130105873,0.3064874571825545,0.31716732986859464
isoTrapezoid,0.2695633802699659,0.31777940299851926,0.34023980477487953,0.35379594543967147,0.24398221740828677,0.2749982332382921,0.27065183077319105,0.329662293394471,0.3254046660081746,0.2827384781912945,0.3030443509630942
kite,0.2627415429102521,0.2924093990782298,0.3348215215676293,0.3601943168609075,0.27499823323829214,0.24385451527623356,0.260959677361744,0.3184273291162559,0.313978616013522,0.3071646094189888,0.3345820428740968
rightKite,0.2580472685452372,0.2890648336808173,0.3169588560650154,0.34460347694964283,0.270651830773191,0.260959677361744,0.2421101004944372,0.31512043645783433,0.3085336582355263,0.280168549086641,0.3192175975241244
rustedHinge,0.29387412879317065,0.27935341294455523,0.31002963651373905,0.3251648640718422,0.329662293394471,0.3184273291162559,0.31512043645783433,0.24962893524111396,0.2543691972909031,0.3128086233929207,0.3274419649459567
hinge,0.2863118246270215,0.26467553123781656,0.29301715729533767,0.3168631130105873,0.3254046660081746,0.313978616013522,0.3085336582355263,0.2543691972909032,0.24658461867354625,0.3034201974985346,0.32433004164904117
trapezoid,0.2794439090468847,0.2997647801594646,0.29950823088138046,0.30648745718255455,0.28273847819129455,0.3071646094189888,0.280168549086641,0.3128086233929207,0.3034201974985346,0.24667423391941745,0.2770850615713679
random,0.31225921229024567,0.33677454842825616,0.3331426748834482,0.31716732986859464,0.3030443509630942,0.33458204287409676,0.3192175975241244,0.3274419649459567,0.32433004164904117,0.2770850615713679,0.25584810317363665
