,square,rectangle,parallelogram,losange,isoTrapezoid,kite,rightKite,rustedHinge,hinge,trapezoid,random
square,0.0,7.123786728660228,8.890094562864151,10.761638867819777,5.861805678606676,5.1315898962683555,4.434932689665059,7.795232616613599,7.404991895291358,6.298489054807436,8.750424957734808
rectangle,7.123786728660228,0.0,6.02774673137706,8.789891501283776,9.98873854353271,8.05980398869526,7.799306043918116,6.500766112198843,5.211460459770412,8.0492219129371,10.478026938967487
parallelogram,8.890094562864151,6.02774673137706,0.0,5.961759476910966,10.354303527453252,9.626909057498915,8.817130080783928,7.618361520801961,6.561099402035346,7.517943744882953,9.661689108182491
losange,10.761638867819777,8.789891501283776,5.961759476910966,0.0,11.001505887813499,11.004361261152438,10.465987683320112,8.47028114830008,8.122209191484423,8.055402337464079,8.520425581107329
isoTrapezoid,5.861805678606676,9.98873854353271,10.354303527453252,11.001505887813499,0.0,6.161557411429565,5.83171027814516,9.83277464767915,9.79824654056257,6.648047354521939,8.06998523613461
kite,5.1315898962683555,8.05980398869526,9.626909057498915,11.004361261152438,6.161557411429565,0.0,4.413537205669072,9.103433556365683,8.938573801824846,8.00871153485274,9.722315776239968
rightKite,4.434932689665059,7.799306043918116,8.817130080783928,10.465987683320112,5.83171027814516,4.413537205669072,0.0,8.639475662314952,8.390489299616522,6.294879908232997,9.089320452683245
rustedHinge,7.795232616613599,6.500766112198843,7.618361520801961,8.47028114830008,9.83277464767915,9.103433556365683,8.639475662314952,0.0,2.7704082196782154,8.197916425526731,9.077311777773987
hinge,7.404991895291358,5.211460459770412,6.561099402035346,8.122209191484423,9.79824654056257,8.938573801824846,8.390489299616522,2.7704082196782154,0.0,7.787759673210411,9.186009802262546
trapezoid,6.298489054807436,8.0492219129371,7.517943744882953,8.055402337464079,6.648047354521939,8.00871153485274,6.294879908232997,8.197916425526731,7.787759673210411,0.0,6.118139054919352
random,8.750424957734808,10.478026938967487,9.661689108182491,8.520425581107329,8.06998523613461,9.722315776239968,9.089320452683245,9.077311777773987,9.186009802262546,6.118139054919352,0.0
