,square,rectangle,parallelogram,losange,isoTrapezoid,kite,rightKite,rustedHinge,hinge,trapezoid,random
square,0.0,8.149290046894075,10.630211838752823,12.7189043330356,6.797701366557529,5.9650202215273875,5.186953126047341,9.067258783909617,8.537333943867008,7.429892812035904,10.301086162544136
rectangle,8.149290046894075,0.0,7.015023162347543,10.307145419103938,11.607980877640648,9.264638811015137,9.075159197120135,7.769759949646107,6.06906043278194,9.32981492856834,12.278741061310845
parallelogram,10.630211838752823,7.015023162347543,0.0,6.5818701326932905,12.352996298764772,11.427601695681751,10.51234859311029,9.318659447787292,7.897395194049519,8.732191856259462,11.423957896974251
losange,12.7189043330356,10.307145419103938,6.5818701326932905,0.0,13.082790762640947,13.06457282051996,12.395236381045494,10.491348623588278,9.88252024244885,9.354747413493262,10.181048753072341
isoTrapezoid,6.797701366557529,11.607980877640648,12.352996298764772,13.082790762640947,0.0,7.070296910599466,6.580100956737038,11.331652221256832,11.30011005904357,7.718967987083198,9.245441860672871
kite,5.9650202215273875,9.264638811015137,11.427601695681751,13.06457282051996,7.070296910599466,0.0,5.027965340412294,10.502454334135045,10.29681969312623,9.427944383430452,11.40299548354017
rightKite,5.186953126047341,9.075159197120135,10.51234859311029,12.395236381045494,6.580100956737038,5.027965340412294,0.0,10.021926231397208,9.733934853652695,7.252586662709272,10.411592035119874
rustedHinge,9.067258783909617,7.769759949646107,9.318659447787292,10.491348623588278,11.331652221256832,10.502454334135045,10.021926231397208,0.0,3.2813737752108803,9.490188748714335,10.57392147394807
hinge,8.537333943867008,6.06906043278194,7.897395194049519,9.88252024244885,11.30011005904357,10.29681969312623,9.733934853652695,3.2813737752108803,0.0,8.975644463581892,10.68318319580126
trapezoid,7.429892812035904,9.32981492856834,8.732191856259462,9.354747413493262,7.718967987083198,9.427944383430452,7.252586662709272,9.490188748714335,8.975644463581892,0.0,6.83673581353212
random,10.301086162544136,12.278741061310845,11.423957896974251,10.181048753072341,9.245441860672871,11.40299548354017,10.411592035119874,10.57392147394807,10.68318319580126,6.83673581353212,0.0
