,square,rectangle,parallelogram,losange,isoTrapezoid,kite,rightKite,rustedHinge,hinge,trapezoid,random
square,0.0,6.668397291213117,8.109061282418926,9.72506930026077,5.274468217856787,4.433576716406983,3.5969775058637232,6.934874896197933,6.76094047581268,5.51389816088817,7.849581426905441
rectangle,6.668397291213117,0.0,4.972525127181449,7.6143783836903545,9.538196472779097,7.365469184132178,7.095064196574834,5.448955330344913,4.330572751439021,7.263274428940717,9.584984490019458
parallelogram,8.109061282418926,4.972525127181449,0.0,5.023108003795125,9.801326614919212,8.674876469005541,8.01168843378619,6.476034686441911,5.508938042566725,6.943183769743474,8.940207618992186
losange,9.72506930026077,7.6143783836903545,5.023108003795125,0.0,10.243965062717194,9.898034680294732,9.427431918607532,7.363365007210392,6.949629377238775,7.341601643189213,7.741139088161267
isoTrapezoid,5.274468217856787,9.538196472779097,9.801326614919212,10.243965062717194,0.0,5.579470464864046,5.176985533549355,9.134489843722017,9.236905263499137,6.1035316375898425,7.342080839032905
kite,4.433576716406983,7.365469184132178,8.674876469005541,9.898034680294732,5.579470464864046,0.0,3.7213263360767126,8.272466772956351,8.165343593733722,6.970611558995725,8.671512225123939
rightKite,3.5969775058637232,7.095064196574834,8.01168843378619,9.427431918607532,5.176985533549355,3.7213263360767126,0.0,7.724027895610988,7.563993301199493,5.474715301599863,8.16540391020531
rustedHinge,6.934874896197933,5.448955330344913,6.476034686441911,7.363365007210392,9.134489843722017,8.272466772956351,7.724027895610988,0.0,2.2013882748302427,7.17469015650059,8.272127009332305
hinge,6.76094047581268,4.330572751439021,5.508938042566725,6.949629377238775,9.236905263499137,8.165343593733722,7.563993301199493,2.2013882748302427,0.0,6.856680032015113,8.362725028881863
trapezoid,5.51389816088817,7.263274428940717,6.943183769743474,7.341601643189213,6.1035316375898425,6.970611558995725,5.474715301599863,7.17469015650059,6.856680032015113,0.0,5.537749340132912
random,7.849581426905441,9.584984490019458,8.940207618992186,7.741139088161267,7.342080839032905,8.671512225123939,8.16540391020531,8.272127009332305,8.362725028881863,5.537749340132912,0.0
