,square,rectangle,parallelogram,losange,isoTrapezoid,kite,rightKite,rustedHinge,hinge,trapezoid,random
square,0.0,7.411068042363478,8.908556569907375,10.75046791256574,6.246120579782928,5.294106793026924,4.8041676580918455,7.8957680442742895,7.554885443240328,6.503146685222189,8.977249235148744
rectangle,7.411068042363478,0.0,6.015113278896353,8.81146288387182,10.509670822813558,8.175999289095802,8.040283856002445,6.497246658860556,5.2719590803352,8.292527027809202,10.726791301173472
parallelogram,8.908556569907375,6.015113278896353,0.0,6.342380298783205,10.625858541238419,9.539273605756453,8.774592066466179,7.704268528594162,6.719320561059472,7.657812154558903,9.963494720787923
losange,10.75046791256574,8.81146288387182,6.342380298783205,0.0,11.132706271365983,10.871458760486972,10.454878458932965,8.489417855519967,8.216159638117563,7.999878361219905,8.501194471472356
isoTrapezoid,6.246120579782928,10.509670822813558,10.625858541238419,11.132706271365983,0.0,6.425551590630878,6.167157460945049,10.222017153355385,10.24526683335927,6.990184940089446,8.389068443178173
kite,5.294106793026924,8.175999289095802,9.539273605756453,10.871458760486972,6.425551590630878,0.0,4.753138157528244,9.17276714515796,8.995747696594364,8.125935094797743,9.850014303503556
rightKite,4.8041676580918455,8.040283856002445,8.774592066466179,10.454878458932965,6.167157460945049,4.753138157528244,0.0,8.825272383831107,8.58835543309606,6.4586642970573065,9.362862013934965
rustedHinge,7.8957680442742895,6.497246658860556,7.704268528594162,8.489417855519967,10.222017153355385,9.17276714515796,8.825272383831107,0.0,2.923582170381086,8.399332655603297,9.389441374271795
hinge,7.554885443240328,5.2719590803352,6.719320561059472,8.216159638117563,10.24526683335927,8.995747696594364,8.58835543309606,2.923582170381086,0.0,8.072626215446707,9.54083131401428
trapezoid,6.503146685222189,8.292527027809202,7.657812154558903,7.999878361219905,6.990184940089446,8.125935094797743,6.4586642970573065,8.399332655603297,8.072626215446707,0.0,6.435078164051226
random,8.977249235148744,10.726791301173472,9.963494720787923,8.501194471472356,8.389068443178173,9.850014303503556,9.362862013934965,9.389441374271795,9.54083131401428,6.435078164051226,0.0
