,square,rectangle,parallelogram,losange,isoTrapezoid,kite,rightKite,rustedHinge,hinge,trapezoid,random
square,0.0,48.01668079165327,55.40046177202104,59.18983578295222,56.00462029731019,51.214927453404435,50.77619300192781,59.21239443824331,56.02635925301703,54.24853377515167,60.53001748885975
rectangle,48.01668079165327,0.0,49.38076315475484,57.69702156504265,59.88769749244325,52.48923994306229,55.06918039680645,58.10679640067181,50.84628571996906,53.33410273522803,60.93021659161285
parallelogram,55.40046177202104,49.38076315475484,0.0,31.466203575289,56.58019019822739,51.420966126259295,52.93636650603941,53.75271871578652,48.62558995727283,43.2713941837681,51.04422018009087
losange,59.18983578295222,57.69702156504265,31.466203575289,0.0,56.509198365629885,54.235075404146855,54.10954481466187,53.118191790785495,50.19747621572847,43.26123285771641,46.26902880561633
isoTrapezoid,56.00462029731019,59.88769749244325,56.58019019822739,56.509198365629885,0.0,40.258943888778916,35.596915604436774,50.11458433290988,49.74810453400467,41.06360942182672,44.99892812291952
kite,51.214927453404435,52.48923994306229,51.420966126259295,54.235075404146855,40.258943888778916,0.0,29.344301416916874,50.5464598199848,47.35212620365299,43.85782144642296,48.643455324593944
rightKite,50.77619300192781,55.06918039680645,52.93636650603941,54.10954481466187,35.596915604436774,29.344301416916874,0.0,46.99411235552759,45.01820277842376,40.5664362221114,46.80195328347067
rustedHinge,59.21239443824331,58.10679640067181,53.75271871578652,53.118191790785495,50.11458433290988,50.5464598199848,46.99411235552759,0.0,24.407422853926676,49.47483446192463,45.998628059241646
hinge,56.02635925301703,50.84628571996906,48.62558995727283,50.19747621572847,49.74810453400467,47.35212620365299,45.01820277842376,24.407422853926676,0.0,46.59819558328993,45.74480426937075
trapezoid,54.24853377515167,53.33410273522803,43.2713941837681,43.26123285771641,41.06360942182672,43.85782144642296,40.5664362221114,49.47483446192463,46.59819558328993,0.0,34.512200085339785
random,60.53001748885975,60.93021659161285,51.04422018009087,46.26902880561633,44.99892812291952,48.643455324593944,46.80195328347067,45.998628059241646,45.74480426937075,34.512200085339785,0.0
