,square,rectangle,parallelogram,losange,isoTrapezoid,kite,rightKite,rustedHinge,hinge,trapezoid,random
square,0.0,9.744324343870462,13.576214218313646,16.155198186407016,9.07588549219064,8.41558155543617,7.189137260473861,11.54417371833777,10.737194899258988,10.052111659508542,13.87475017936305
rectangle,9.744324343870462,0.0,9.532379197038448,13.680212067096411,14.5627489935747,11.872159675723271,11.419940631429169,10.30318480499566,8.217325888340095,12.242459523551886,16.24460410690609
parallelogram,13.576214218313646,9.532379197038448,0.0,8.257489156976868,15.83243937195543,15.20967252421771,13.551538944522726,12.737616118644262,10.849635221250633,11.047359833174536,14.794633273263855
losange,16.155198186407016,13.680212067096411,8.257489156976868,0.0,16.7398866606759,17.20635993053704,15.760581180314697,14.36323729891562,13.390609155803197,11.588946715115425,13.070959799798048
isoTrapezoid,9.07588549219064,14.5627489935747,15.83243937195543,16.7398866606759,0.0,9.60649898630282,8.642686602091969,14.945192558712026,14.679468053077368,10.119099703783315,12.30596101188465
kite,8.41558155543617,11.872159675723271,15.20967252421771,17.20635993053704,9.60649898630282,0.0,7.009695064420189,14.42580577943249,14.085279488325922,13.219206569870552,15.997504692884993
rightKite,7.189137260473861,11.419940631429169,13.551538944522726,15.760581180314697,8.642686602091969,7.009695064420189,0.0,13.620289876311386,13.099967773567963,9.664622928336785,14.001177027582132
rustedHinge,11.54417371833777,10.30318480499566,12.737616118644262,14.36323729891562,14.945192558712026,14.42580577943249,13.620289876311386,0.0,4.143276611355053,12.916248601729272,14.43170158568302
hinge,10.737194899258988,8.217325888340095,10.849635221250633,13.390609155803197,14.679468053077368,14.085279488325922,13.099967773567963,4.143276611355053,0.0,12.025245624346152,14.23692486988135
trapezoid,10.052111659508542,12.242459523551886,11.047359833174536,11.588946715115425,10.119099703783315,13.219206569870552,9.664622928336785,12.916248601729272,12.025245624346152,0.0,8.470952275958457
random,13.87475017936305,16.24460410690609,14.794633273263855,13.070959799798048,12.30596101188465,15.997504692884993,14.001177027582132,14.43170158568302,14.23692486988135,8.470952275958457,0.0
