,square,rectangle,parallelogram,losange,isoTrapezoid,kite,rightKite,rustedHinge,hinge,trapezoid,random
square,0.0,11.977056169012082,20.811619197502043,25.171102317767154,21.76144574461067,18.274373839904282,18.866149260828188,24.54819638419256,21.447340435044655,20.251492488096346,26.000312347427858
rectangle,11.977056169012082,0.0,17.732653183239893,23.599598441169544,24.908164815373045,20.42263368244647,21.06589869195626,23.74991929600083,19.62660579713842,21.74628642685267,27.223599203591103
parallelogram,20.811619197502043,17.732653183239893,0.0,12.253346507515865,25.262414299783504,22.210944275315427,22.823188945517046,24.078965661602112,20.821361894984616,17.907711087482078,23.26949716112815
losange,25.171102317767154,23.599598441169544,12.253346507515865,0.0,26.34060391813886,24.563418624554743,24.95609709932979,25.448368267494477,23.578145439586837,18.4872881028076,21.05718769633509
isoTrapezoid,21.76144574461067,24.908164815373045,25.262414299783504,26.34060391813886,0.0,15.941746633984103,14.246874817047729,24.081454193638255,23.497103066935978,15.627757257277864,20.071764605904402
kite,18.274373839904282,20.42263368244647,22.210944275315427,24.563418624554743,15.941746633984103,0.0,10.854317119698823,22.87950815174806,21.23578948987536,18.94936817000223,22.498005899265337
rightKite,18.866149260828188,21.06589869195626,22.823188945517046,24.95609709932979,14.246874817047729,10.854317119698823,0.0,21.15379929379287,19.951533957829863,16.52049805869068,21.516947499872703
rustedHinge,24.54819638419256,23.74991929600083,24.078965661602112,25.448368267494477,24.081454193638255,22.87950815174806,21.15379929379287,0.0,8.022633737413587,23.112930055425007,22.5809631885216
hinge,21.447340435044655,19.62660579713842,20.821361894984616,23.578145439586837,23.497103066935978,21.23578948987536,19.951533957829863,8.022633737413587,0.0,21.442904060608914,22.17740980669331
trapezoid,20.251492488096346,21.74628642685267,17.907711087482078,18.4872881028076,15.627757257277864,18.94936817000223,16.52049805869068,23.112930055425007,21.442904060608914,0.0,14.481811213520666
random,26.000312347427858,27.223599203591103,23.26949716112815,21.05718769633509,20.071764605904402,22.498005899265337,21.516947499872703,22.5809631885216,22.17740980669331,14.481811213520666,0.0
