,square,rectangle,parallelogram,losange,isoTrapezoid,kite,rightKite,rustedHinge,hinge,trapezoid,random
square,0.0,366.2567454051332,471.5476316801983,553.6971740534947,275.5210947893735,232.38659032317824,184.60006121172688,381.4559471681188,376.1742504422487,298.11832951503203,446.4553686727524
rectangle,366.2567454051332,0.0,251.81286442560233,414.6947472793907,509.530457716346,399.8350060222839,387.9656485282881,312.32618386162125,246.37991239927658,394.714777773014,544.7184719450538
parallelogram,471.5476316801983,251.81286442560233,0.0,254.78816041956264,558.3864606062324,497.38403888718943,467.19656020485456,355.6861404361852,292.24619190166703,393.2349155539173,509.1448044979181
losange,553.6971740534947,414.6947472793907,254.78816041956264,0.0,580.027730888384,569.8615630971823,538.5300355307758,405.66927924817094,374.20802913262963,403.4877649476401,420.50570558551146
isoTrapezoid,275.5210947893735,509.530457716346,558.3864606062324,580.027730888384,0.0,289.18608679855123,259.26659812976686,486.89700956888106,498.9204567952752,316.3100459913175,388.29930699601294
kite,232.38659032317824,399.8350060222839,497.38403888718943,569.8615630971823,289.18608679855123,0.0,189.23587330140924,466.81496430309943,462.3668544099364,390.56768052244706,503.57249146196835
rightKite,184.60006121172688,387.9656485282881,467.19656020485456,538.5300355307758,259.26659812976686,189.23587330140924,0.0,436.10478892865706,429.7807250186654,295.7190660709859,457.30550171216686
rustedHinge,381.4559471681188,312.32618386162125,355.6861404361852,405.66927924817094,486.89700956888106,466.81496430309943,436.10478892865706,0.0,115.32559748549761,382.53086907747075,457.4472147508859
hinge,376.1742504422487,246.37991239927658,292.24619190166703,374.20802913262963,498.9204567952752,462.3668544099364,429.7807250186654,115.32559748549761,0.0,366.34835501717987,465.618387744392
trapezoid,298.11832951503203,394.714777773014,393.2349155539173,403.4877649476401,316.3100459913175,390.56768052244706,295.7190660709859,382.53086907747075,366.34835501717987,0.0,277.8793325869251
random,446.4553686727524,544.7184719450538,509.1448044979181,420.50570558551146,388.29930699601294,503.57249146196835,457.30550171216686,457.4472147508859,465.618387744392,277.8793325869251,0.0
