,square,rectangle,parallelogram,losange,isoTrapezoid,kite,rightKite,rustedHinge,hinge,trapezoid,random
square,0.0,193.85244028491687,237.21992426714615,287.4808741963844,156.4501746010525,127.76969203575493,114.364564431026,207.60624497176477,198.72706938775508,169.65552868143462,229.8586147931983
rectangle,193.85244028491687,0.0,158.39804308065547,226.47961375622899,257.7197166325804,212.17153874478996,209.79822646212472,162.24621736185335,127.56126529086012,219.80291835338744,265.2027656222453
parallelogram,237.21992426714615,158.39804308065547,0.0,172.0804805142707,269.7807235568446,254.30459513514052,233.09118352956398,203.88171981926945,174.74098745480774,214.87130957647653,261.1974571947867
losange,287.4808741963844,226.47961375622899,172.0804805142707,0.0,286.3990563339874,290.8265663998662,281.798900894325,218.96028320808006,210.83953890406337,228.2773458565328,224.96144093132295
isoTrapezoid,156.4501746010525,257.7197166325804,269.7807235568446,286.3990563339874,0.0,161.4928595507449,157.25918267150215,261.2073105035863,258.42429993847645,175.09461153456078,214.3601085952729
kite,127.76969203575493,212.17153874478996,254.30459513514052,290.8265663998662,161.4928595507449,0.0,117.029456532259,240.57101931264233,235.47500148178295,210.74923547122,253.92121482018675
rightKite,114.364564431026,209.79822646212472,233.09118352956398,281.798900894325,157.25918267150215,117.029456532259,0.0,233.76640791445678,226.0704497021275,167.70604168378978,244.24353270193274
rustedHinge,207.60624497176477,162.24621736185335,203.88171981926945,218.96028320808006,261.2073105035863,240.57101931264233,233.76640791445678,0.0,72.8341509029902,227.03577154499422,241.38315379977345
hinge,198.72706938775508,127.56126529086012,174.74098745480774,210.83953890406337,258.42429993847645,235.47500148178295,226.0704497021275,72.8341509029902,0.0,216.96350841064614,242.49490366934612
trapezoid,169.65552868143462,219.80291835338744,214.87130957647653,228.2773458565328,175.09461153456078,210.74923547122,167.70604168378978,227.03577154499422,216.96350841064614,0.0,169.89796895381266
random,229.8586147931983,265.2027656222453,261.1974571947867,224.96144093132295,214.3601085952729,253.92121482018675,244.24353270193274,241.38315379977345,242.49490366934612,169.89796895381266,0.0
