,square,rectangle,parallelogram,losange,isoTrapezoid,kite,rightKite,rustedHinge,hinge,trapezoid,random
square,0.0,0.013360443625396567,0.019517611576034266,0.02864501975386191,0.008004631228807124,0.0053352556205029655,0.003639092663798915,0.014020872250172123,0.013378872103544381,0.008880034023747041,0.01795034275590668
rectangle,0.013360443625396567,0.0,0.006047805210027568,0.015121277847106929,0.02276595681189153,0.01469714410129086,0.01405226448865149,0.008401352354096447,0.005168184404273246,0.01494344412639892,0.02440901896144121
parallelogram,0.019517611576034266,0.006047805210027568,0.0,0.007345710418637408,0.025884504451523682,0.020746008189119758,0.01824916226469797,0.011122814592925634,0.007710904314888634,0.014169070717195531,0.022333778453699216
losange,0.02864501975386191,0.015121277847106929,0.007345710418637408,0.0,0.028900082630440416,0.028081684668985418,0.026254181619841277,0.014556843037365041,0.012909498731439206,0.016416288096693932,0.016806627148814535
isoTrapezoid,0.008004631228807124,0.02276595681189153,0.025884504451523682,0.028900082630440416,1.1102230246251565e-16,0.007983713218818966,0.007016314856491568,0.021578086827395815,0.02198353551387433,0.009244042654575901,0.013583417040568535
kite,0.0053352556205029655,0.01469714410129086,0.020746008189119758,0.028081684668985418,0.007983713218818966,1.1102230246251565e-16,0.0037488830093180825,0.01837252351352947,0.017918056793657544,0.013869016611024909,0.020840012920631423
rightKite,0.003639092663798915,0.01405226448865149,0.01824916226469797,0.026254181619841277,0.007016314856491568,0.0037488830093180825,1.1102230246251565e-16,0.01643296578291853,0.015762846193346003,0.008440662771813767,0.018625662764244155
rustedHinge,0.014020872250172123,0.008401352354096447,0.011122814592925634,0.014556843037365041,0.021578086827395815,0.01837252351352947,0.01643296578291853,0.0,0.0014715276512865527,0.014418524241718966,0.018121941922153106
hinge,0.013378872103544381,0.005168184404273246,0.007710904314888634,0.012909498731439206,0.02198353551387433,0.017918056793657544,0.015762846193346003,0.0014715276512865527,0.0,0.01328799883711873,0.01868331785993549
trapezoid,0.008880034023747041,0.01494344412639892,0.014169070717195531,0.016416288096693932,0.009244042654575901,0.013869016611024909,0.008440662771813767,0.014418524241718966,0.01328799883711873,0.0,0.008400262586116036
random,0.01795034275590668,0.02440901896144121,0.022333778453699216,0.016806627148814535,0.013583417040568535,0.020840012920631423,0.018625662764244155,0.018121941922153106,0.01868331785993549,0.008400262586116036,1.1102230246251565e-16
