,square,rectangle,parallelogram,losange,isoTrapezoid,kite,rightKite,rustedHinge,hinge,trapezoid,random
square,0.0,0.025766895523440914,0.06746905750102705,0.1274030702558987,0.03403725412755998,0.043792379480535715,0.029717205302106198,0.05238524188403515,0.04579336839114567,0.04484965262509133,0.08057511015239682
rectangle,0.025766895523440914,0.0,0.029418690130239122,0.08229273183635755,0.059541104349330465,0.05135912035450585,0.04463418107630579,0.043195368520330124,0.030642167992575575,0.04482499259048278,0.07739443094769449
parallelogram,0.06746905750102705,0.029418690130239122,0.0,0.029528342303565158,0.09974297285234301,0.1107466281301619,0.0959735374412568,0.04889517196285309,0.03149354411341865,0.029406279443274452,0.05012394704363954
losange,0.1274030702558987,0.08229273183635755,0.029528342303565158,0.0,0.1486435740251707,0.17194445737683695,0.15496463575966857,0.08404974163769752,0.06980298866566081,0.049415275868274766,0.04764619079790089
isoTrapezoid,0.03403725412755998,0.059541104349330465,0.09974297285234301,0.1486435740251707,0.0,0.03753280791874758,0.03065422146886354,0.07458386171641096,0.07578927803048652,0.05882052818505057,0.08319041639941438
kite,0.043792379480535715,0.05135912035450585,0.1107466281301619,0.17194445737683695,0.03753280791874758,2.220446049250313e-16,0.01466614855105397,0.10075397176715861,0.10161410556586958,0.1052535799064731,0.1390838357902986
rightKite,0.029717205302106198,0.04463418107630579,0.0959735374412568,0.15496463575966857,0.03065422146886354,0.01466614855105397,0.0,0.09225685136274842,0.08922113165298273,0.07891730023088472,0.11921895131016891
rustedHinge,0.05238524188403515,0.043195368520330124,0.04889517196285309,0.08404974163769752,0.07458386171641096,0.10075397176715861,0.09225685136274842,2.220446049250313e-16,0.005723123711035227,0.043645648591448594,0.053038870914846714
hinge,0.04579336839114567,0.030642167992575575,0.03149354411341865,0.06980298866566081,0.07578927803048652,0.10161410556586958,0.08922113165298273,0.005723123711035227,0.0,0.03193797612334737,0.04615945611037364
trapezoid,0.04484965262509133,0.04482499259048278,0.029406279443274452,0.049415275868274766,0.05882052818505057,0.1052535799064731,0.07891730023088472,0.043645648591448594,0.03193797612334737,2.220446049250313e-16,0.01746677445298428
random,0.08057511015239682,0.07739443094769449,0.05012394704363954,0.04764619079790089,0.08319041639941438,0.1390838357902986,0.11921895131016891,0.053038870914846714,0.04615945611037364,0.01746677445298428,0.0
