,square,rectangle,parallelogram,losange,isoTrapezoid,kite,rightKite,rustedHinge,hinge,trapezoid,random
square,0.0,0.01006429659619179,0.016008909354395806,0.02274161796755625,0.005891598593855019,0.004191806527020003,0.0029326238720007725,0.010894514209339956,0.01032233005563954,0.006886071849734443,0.014321844395860261
rectangle,0.01006429659619179,2.220446049250313e-16,0.004906934782620942,0.012395670853120988,0.01812885466313685,0.011415447203895313,0.011070788757815642,0.006995202782950627,0.004331998259507919,0.011524397091856153,0.020217880918919184
parallelogram,0.016008909354395806,0.004906934782620942,0.0,0.005410148812649007,0.021587747613507347,0.01736788923267485,0.015389336510807872,0.00933673263222845,0.0064130770958310546,0.011001183919263746,0.018218349264487066
losange,0.02274161796755625,0.012395670853120988,0.005410148812649007,0.0,0.023892272319810837,0.023039377304333475,0.02117573348865276,0.012151153261473424,0.010605553744345686,0.01231814445610524,0.013334975177412334
isoTrapezoid,0.005891598593855019,0.01812885466313685,0.021587747613507347,0.023892272319810837,0.0,0.006289476384419235,0.005318786238281525,0.017014659533110876,0.01738777229897004,0.007228301915026769,0.010758021513888938
kite,0.004191806527020003,0.011415447203895313,0.01736788923267485,0.023039377304333475,0.006289476384419235,0.0,0.0029352384844383295,0.014909064881570955,0.014499304406706992,0.011334338062016225,0.017525042321864914
rightKite,0.0029326238720007725,0.011070788757815642,0.015389336510807872,0.02117573348865276,0.005318786238281525,0.0029352384844383295,0.0,0.013457488352762836,0.012923838711128122,0.006737420617170642,0.015062849568500458
rustedHinge,0.010894514209339956,0.006995202782950627,0.00933673263222845,0.012151153261473424,0.017014659533110876,0.014909064881570955,0.013457488352762836,0.0,0.0011622209454074106,0.011166570160209832,0.014706639415748457
hinge,0.01032233005563954,0.004331998259507919,0.0064130770958310546,0.010605553744345686,0.01738777229897004,0.014499304406706992,0.012923838711128122,0.0011622209454074106,0.0,0.010180225365696294,0.015097529392473219
trapezoid,0.006886071849734443,0.011524397091856153,0.011001183919263746,0.01231814445610524,0.007228301915026769,0.011334338062016225,0.006737420617170642,0.011166570160209832,0.010180225365696294,0.0,0.0061272169419107625
random,0.014321844395860261,0.020217880918919184,0.018218349264487066,0.013334975177412334,0.010758021513888938,0.017525042321864914,0.015062849568500458,0.014706639415748457,0.015097529392473219,0.0061272169419107625,0.0
