,square,rectangle,parallelogram,losange,isoTrapezoid,kite,rightKite,rustedHinge,hinge,trapezoid,random
square,2.220446049250313e-16,0.0903940737180352,0.16459049720361685,0.22402538561249852,0.1396854277755042,0.09181538414881041,0.07842937798670024,0.1716599920521229,0.14163307348366005,0.1117788136939436,0.20366418934921482
rectangle,0.0903940737180352,0.0,0.09255932649212162,0.18290882751988868,0.187989439955475,0.13398748318805764,0.12439759503267911,0.14806715351793154,0.09677082712521712,0.13707153818735007,0.22482614848617422
parallelogram,0.16459049720361685,0.09255932649212162,2.220446049250313e-16,0.06198246311781441,0.18118249084426474,0.15028345215882266,0.13459526950346012,0.12240020999172174,0.08556629095485235,0.0943862473068825,0.1584450554409621
losange,0.22402538561249852,0.18290882751988868,0.06198246311781441,0.0,0.197257536810851,0.19303805421015907,0.17862265255940768,0.14909309966511086,0.1338675424001723,0.10764117528486594,0.12225296415669928
isoTrapezoid,0.1396854277755042,0.187989439955475,0.18118249084426474,0.197257536810851,2.220446049250313e-16,0.08288415094578316,0.07011641371511279,0.15461951776659777,0.15232972759742258,0.08453295847116071,0.10691188636873472
kite,0.09181538414881041,0.13398748318805764,0.15028345215882266,0.19303805421015907,0.08288415094578316,0.0,0.03255189578821727,0.14064027051414763,0.1256812856779037,0.11535536690015669,0.1650422340258696
rightKite,0.07842937798670024,0.12439759503267911,0.13459526950346012,0.17862265255940768,0.07011641371511279,0.03255189578821727,0.0,0.12424147680411968,0.10805307312099588,0.07423054130378248,0.14311247012054884
rustedHinge,0.1716599920521229,0.14806715351793154,0.12240020999172174,0.14909309966511086,0.15461951776659777,0.14064027051414763,0.12424147680411968,2.220446049250313e-16,0.019716634083985052,0.12649809838241444,0.14094980527955592
hinge,0.14163307348366005,0.09677082712521712,0.08556629095485235,0.1338675424001723,0.15232972759742258,0.1256812856779037,0.10805307312099588,0.019716634083985052,0.0,0.10650077884349451,0.14097721020059606
trapezoid,0.1117788136939436,0.13707153818735007,0.0943862473068825,0.10764117528486594,0.08453295847116071,0.11535536690015669,0.07423054130378248,0.12649809838241444,0.10650077884349451,2.220446049250313e-16,0.06294238489276383
random,0.20366418934921482,0.22482614848617422,0.1584450554409621,0.12225296415669928,0.10691188636873472,0.1650422340258696,0.14311247012054884,0.14094980527955592,0.14097721020059606,0.06294238489276383,0.0
