,photo_face,photo_profil,photo_eyes,photo_face2,photo_walking,photo_standing,photo_hand,photo_legs,photo_bird,photo_butterfly,photo_girafe,photo_fish,photo_cherry,photo_tree,photo_flower,photo_carrot,photo_watch,photo_key,photo_truck,photo_velo,photo_road,photo_house,photo_mountain,photo_windmill,drawing_face,drawing_profil,drawing_eyes,drawing_face2,drawing_walking,drawing_standing,drawing_hand,drawing_legs,drawing_bird,drawing_butterfly,drawing_girafe,drawing_fish,drawing_cherry,drawing_tree,drawing_flower,drawing_carrot,drawing_watch,drawing_key,drawing_truck,drawing_velo,drawing_road,drawing_house,drawing_mountain,drawing_windmill,geo_face,geo_profil,geo_eyes,geo_face2,geo_walking,geo_standing,geo_hand,geo_legs,geo_bird,geo_butterfly,geo_girafe,geo_fish,geo_cherry,geo_tree,geo_flower,geo_carrot,geo_watch,geo_key,geo_truck,geo_velo,geo_road,geo_house,geo_mountain,geo_windmill,word_face,word_profil,word_eyes,word_face2,word_walking,word_standing,word_hand,word_legs,word_bird,word_butterfly,word_girafe,word_fish,word_cherry,word_tree,word_flower,word_carrot,word_watch,word_key,word_truck,word_velo,word_road,word_house,word_mountain,word_windmill
photo_face,0.0,141.2705908809499,181.27686380654342,151.76060271786213,147.2066977073895,145.33440620203697,128.539161054232,133.89415388982079,171.10125415277503,176.07180688029413,181.74916800465462,168.0461103491455,149.78398382715014,136.25236567841503,144.25334089524742,145.95716091877188,147.17983211153515,180.5771352231322,184.66472683664392,172.61045453797203,188.83127171975147,157.17609313235,164.91964277000577,164.03568273913316,143.42127398045642,152.63320186869856,180.4240998365936,162.41193193973334,147.16774345593205,147.16635859542805,155.26080805660936,147.6628960769482,161.55878931243865,177.24255162027666,150.07583294034154,168.900068358536,160.96540156010013,131.21570129238722,143.26898742096256,147.25953804001,133.40066522496437,181.93254955928592,173.78962791937101,172.61417383935847,170.19146899622328,179.2061945514569,166.57746848693145,152.97462636813472,170.44958756262665,149.8531276136655,182.45235583115428,157.33505690607132,146.67230148081978,149.41158851447355,152.5128850606837,145.34259601980702,153.89210779742325,171.39340576184077,166.8285993098449,179.28471157173612,164.89660815814085,150.2707963458216,146.3493993040171,152.39663439244623,149.6637102261301,182.75256000440535,183.465740428777,171.18843733090517,150.44794498136855,153.45740646174949,163.37883510501248,158.23560898402195,162.63275862047428,165.66159067337918,164.61030046287866,175.16579171372922,182.11719106377393,182.81333590353333,164.51443279629322,180.77682797792966,178.130213001304,182.08945116074273,169.5743336386342,181.28148566961605,178.5831296914038,168.02842882995276,167.59613038944386,178.64046353171042,175.28641886555124,160.0084447070151,179.22247136473672,162.31940762069527,171.14031057050448,177.58584605228523,189.6918333598918,174.8924132527738
photo_profil,141.2705908809499,0.0,176.19808525986537,149.33720616074547,171.58504790424004,178.69694645786063,156.17014870137362,172.63739938263723,183.80824310573354,167.93068189156352,186.81892147612197,184.67349576244283,163.84410772665456,157.82558067686895,179.599578923385,183.5425687859022,186.13882736474793,194.2354333052453,193.15442470626138,184.79919669233163,184.95848635783537,142.4590944112292,176.2959231099425,161.05843300975843,168.47413245105784,146.2458709868044,191.11254174013325,170.9955188820785,170.22794817228106,176.14303787438087,178.66977424539525,161.51992564958562,180.8815161817098,176.75898316611566,169.5510473389578,186.84890017932872,166.72981320757268,169.97633936002833,170.06823214963413,182.64615471983842,170.9914205161602,195.34609605776134,186.03987839329534,182.1683185695352,188.10949151979057,183.6339343016186,189.33174660684952,165.7065954675561,174.1005814088689,184.3532321273814,197.927427530881,182.19385702935813,174.35006347192845,174.9855585714891,173.15613483369157,179.46555165770937,188.52280434662885,174.63305889003078,182.24471716575925,194.82525395217257,174.65936433220105,180.31288680152824,181.48066915953348,185.2215180531504,183.43912015367536,199.29670471720695,196.40515966708253,186.56759925929558,169.6002818860213,167.87919839240857,182.95914953269642,172.42736676209384,192.3390847920143,192.97160982662467,191.24048665752895,195.4852764159823,200.92951137654646,202.41758986755656,194.99695087274208,200.12167133340117,196.74712662707196,202.59546453313155,191.62568655979854,200.69729134857323,197.8309541419484,193.43194526321741,193.6277515693858,199.1562284379411,195.44215237862016,193.8587842987355,198.6717312678765,192.5380672749535,195.89309126000248,198.2404998552796,210.53730873411504,198.64246890426486
photo_eyes,181.27686380654342,176.19808525986537,0.0,157.05247992508706,187.40054431989543,198.2015719237558,180.56722194073535,195.44750370888715,163.80255262203693,151.9931588597537,188.06707956656973,163.7979864792125,181.16173471347474,188.72329961637493,200.66395646339114,196.60668732040594,204.59197888779585,171.5036392548877,165.72918201762846,165.99793601143895,123.15879897331403,179.30876073034705,159.97161897007098,179.29946930983846,180.0938389640322,179.18604487596716,165.59647735770366,164.96586070538967,194.5183203475091,189.68680427349253,197.94586030870036,193.40055359046124,168.86630194350707,166.86854838473818,193.4641414266082,169.18767046099438,163.60689239703055,182.9352767215201,185.5961081115229,198.91839973196767,187.8118374645364,172.9764225777259,164.56137341817538,159.84211575894926,170.17601475635487,154.58190753215652,177.38450587348558,183.79917901017478,187.04935550712892,196.05337096993105,171.20967425269245,201.5384693058983,191.1574720490267,194.30168548230742,197.7956608728886,197.14510255518653,198.62679722611534,173.59103023190602,195.68295259185902,173.39636238300008,196.93877862371446,189.8653932122408,194.44021026908362,198.72337371148683,193.74552983291255,178.32168064216592,174.73155884636802,164.47511017113587,194.22420066202673,193.38748451523912,178.47641552483412,192.77547764103332,186.25127412764058,184.03783078179833,184.57477178665644,182.09824487609959,181.20456717769494,184.0300799216481,188.59187683154062,182.0415781073036,180.13131043039655,184.8394839121697,178.35249942917434,181.09747253728753,178.75433080250477,182.78205969523145,185.57624416973343,180.84463185094538,180.28335724507187,186.46024608900058,179.24045608508095,186.30206154981374,185.84388515377321,180.49824499574999,192.68548874724004,190.24502148123926
photo_face2,151.76060271786213,149.33720616074547,157.05247992508706,0.0,168.38259472509242,180.48094324148767,157.38337013685,178.0697137384388,162.60316878107145,155.48764561473203,178.86867915622494,172.568892395248,166.37409050446962,165.19852793093068,183.62888511603504,186.18551890309786,189.35067533490533,184.78829807324672,176.65059238232487,173.56847969588912,160.78115009743294,155.48335444242235,166.9388023827136,166.8013861647668,160.93436120793223,162.2944196114627,183.10947504606645,144.24532905517253,176.07039105468598,176.4471414731776,182.61981416767108,170.41435435069792,166.3581344044724,168.80124736987148,177.593229481855,178.14873000633457,166.64870979502157,166.95504700934765,170.46178468514162,187.85539731095145,174.0466956842535,185.96732916840128,174.94070018969475,168.669175733553,176.43226071651972,167.45674457842253,180.6256120445187,168.27162364406064,177.24174615966396,185.0813053331146,190.13733045786577,183.48070741707846,173.17819403643264,178.88147997058172,177.61892685532635,185.48811100220485,189.89701190327588,166.33993516896638,184.0855055841388,181.70987462593055,183.3683169483514,179.61960978934954,181.6385269436122,189.40878498461427,184.31935592333815,190.10175146123115,181.05187260526583,173.1981992431515,174.55378437563226,175.90818693729224,174.990694053627,178.98556551975614,186.550517228567,184.32625493983875,185.47763242858602,186.01395097145775,192.72830921937046,194.10912624330462,187.16334789541708,192.8056816547299,189.91055855221106,192.06801633902336,184.8491005610821,191.98844584817482,190.0029207226971,187.01211561953298,185.12838199856242,190.33702418937858,186.8288913392648,185.2006359991932,190.41309314786483,185.70452979982142,190.24016490269017,188.81662754385604,200.95679727091382,192.35380737267266
photo_walking,147.2066977073895,171.58504790424004,187.40054431989543,168.38259472509242,0.0,132.17974530760503,139.63628530243318,125.66226668581382,158.36751195995672,171.1370376133564,176.48972968556959,156.54630959013318,130.3077996444448,141.87144548576256,132.0915064820843,132.3945454159686,147.10525328452655,167.7066665995626,179.38729553951862,161.06945455751674,186.52242608430814,176.12333622255045,143.64082061138456,173.72558113916045,130.87603064724576,149.57172883829722,161.61061126906813,153.02293986015738,110.8127771006925,144.56082153930646,148.48013521906464,140.4715114741565,147.3936629521178,158.94872070455122,125.6818673309738,149.60438841843157,152.96429186788183,123.19115906883361,143.95672191134295,132.23312047844237,130.60809140550808,166.28653534976715,157.53720519579568,159.10878032724509,153.2913581453725,165.94793840832025,140.3586716166932,147.55819434143572,164.33726799977202,130.3640941162232,167.50651390901064,145.613124410071,125.35731975120201,132.66109446620194,143.37336692534052,131.73105081006966,134.05693263321868,156.04193489236437,136.47024679931948,158.70848561381806,135.06155954063885,125.45082409762497,138.92063098022146,134.51559558102602,129.4845152754379,163.64817601276985,162.7307195923924,158.13968811884018,134.32594856940318,153.41945052395153,143.5488701390998,149.5035503387771,141.61126548423826,148.11419951177706,146.35495551618484,158.9688824266589,161.2052433535759,163.01721901838079,145.46037110419314,160.28841812711562,159.71021558687463,163.4848911743173,151.79872722043478,162.82340202095958,158.47970680593573,148.07158698372433,148.0419840053986,159.96698784744163,157.75369331773487,142.21952388455,159.27905894263534,142.60768316736574,152.12842846865948,160.5089674583799,171.66944108852528,156.62865170361138
photo_standing,145.33440620203697,178.69694645786063,198.2015719237558,180.48094324148767,132.17974530760503,0.0,136.7830478264883,110.12994088647466,168.54963581574887,183.48420047801605,167.34666338551898,166.8866523936396,154.9339986764167,154.0999682873264,104.89416791242397,108.6289026059245,130.6529355104395,172.9962394462166,188.2195603963067,176.48442614529074,195.91196555516112,181.860093261959,167.90897452482798,169.65909788801224,144.98505350668972,157.43095447574518,170.43040503325798,160.31625757280773,135.27898464653035,117.12674754276365,135.19827100241622,138.966396051257,154.47887937175514,152.3098771272035,122.39327056042247,159.3767615346792,156.50909835493258,123.78454212211642,123.5701483131502,106.40607646881227,122.06107455401177,170.2306837604333,168.18958667576828,174.70716707947426,152.602591422209,176.75353902247397,152.13310209266194,136.42627926677432,160.28392182562828,112.50190554174344,173.0917006927505,116.57869948076839,133.64283365189823,117.02701546971599,140.1440077077508,125.33680557425417,122.1212981445603,156.13856889211104,132.3378870296283,167.1747677603854,149.16998000567352,126.68233479715512,115.02536708372752,108.24548620355468,114.16852777117498,165.09172389110194,171.2430719409668,166.0643916264827,131.3460865730607,149.3740418541864,141.73895270388044,140.4483324837706,145.17891802541484,151.85582623169307,148.17479894975955,161.71035883038482,165.87485919917438,166.6290404147396,148.76481959710384,164.82346206374245,164.12037132010803,164.544492917925,156.888814586759,166.61318455166935,162.86404411586568,152.17578569855127,151.40266092221114,164.77038063351867,161.6171837318563,145.321593480937,164.04785929871227,144.71212455194322,153.82842938557323,164.14987285486396,173.76384769933583,157.02666077048977
photo_hand,128.539161054232,156.17014870137362,180.56722194073535,157.38337013685,139.63628530243318,136.7830478264883,0.0,133.6812437623956,170.44553679736802,168.7933856341626,179.52692164497765,159.17561296620238,141.16846194703064,142.59582531358356,143.27516343944012,140.8818045383724,152.82299908186977,172.0274936987821,185.18916306206748,166.14332292092863,184.42892479556738,161.65258253750466,163.01206394895019,163.6522566857254,151.15602631220136,149.72049919262722,165.67687876822473,155.71275313217402,142.14780112499994,139.70983131801674,140.67842418174996,144.46700848846973,162.86029242732502,164.92213054583783,140.58755983403913,159.371969247413,151.67586889123282,134.1084343058527,138.11471327890507,139.62213358139763,133.26366739093925,170.90961341887072,163.3436091997558,166.27269519603777,159.9165956947,171.32889130989577,159.12666662562182,146.46897422938318,171.18429693062174,144.4111086084606,168.67691873394912,152.0458630007653,142.66441723893502,145.0987094101531,136.48431890834414,137.82415877853805,147.52066692780306,157.1642146575707,150.68398349640285,167.8942661908986,154.3376339629408,143.3192121025796,144.82597460152698,139.49193263785943,140.66632156706117,172.52613970733216,175.46771789595152,163.43704661555208,141.27810637704277,153.6676851088469,154.17572060375807,150.34810078320126,156.9909824897705,156.8346066267477,157.22767215448107,166.72110073857007,170.187472669167,171.47589949412117,158.0773950419261,169.35470952602506,167.96182916075412,169.88204084730856,159.22441216916744,170.96697827570344,167.8369186813913,158.28150618175025,158.56270134297034,167.47165619818293,165.45537817111378,154.8274309413586,167.69783076902786,156.3121195659317,161.04023391558695,168.91176095593613,178.81545286147013,163.76359034159674
photo_legs,133.89415388982079,172.63739938263723,195.44750370888715,178.0697137384388,125.66226668581382,110.12994088647466,133.6812437623956,0.0,166.46265430522982,180.45389605560237,177.22629217665818,164.1882846092163,148.47659361328047,149.00953428200822,119.01386177804918,116.28758858519159,136.59040797626824,172.76636415527454,190.6730322265457,173.60445934653697,196.59932408249412,178.30078415849908,165.0499637298664,173.73504997352086,136.8362111644748,153.89584801700053,164.79684764588075,160.6925399052373,122.94109903022672,125.18935054377592,137.0612030729111,133.7326919442894,152.57856894009825,161.48559974875081,129.62231138604037,155.90324267218546,155.61665793839904,119.33328518842217,133.69320311504853,114.43595448818928,116.27140017779917,169.17654320744543,170.42419840594155,171.83516350163302,154.4893161845634,175.45191438633483,150.59872928285316,141.08389427915785,162.37868893543245,108.17949938516536,168.24611896216973,127.5047176998493,125.74114612177641,117.02500551080279,137.9379219988148,111.90656513575485,115.6161228097696,157.3466287985525,142.43259688478594,162.90149586992345,136.74920494793784,124.98991421592561,123.02709254583131,116.4089990830329,117.38906303491072,165.06080874155788,171.2162110345383,162.35611921608526,135.3210603825497,143.23231646174983,143.656248056983,141.9945306657309,143.2332861798911,149.33656864808538,147.01181690631682,160.12709205211627,163.910684260373,164.21382835699572,147.66302839882687,162.80254395493975,162.20980760264817,163.26758604981285,154.48710662100942,165.2590061783082,161.1517545945007,150.8394265978497,149.82966993141156,161.50066528336254,159.1066326016232,141.93196179880718,161.77885327948795,142.9511439292952,152.30141187378365,163.10969613514555,173.2424193442514,155.78356001244313
photo_bird,171.10125415277503,183.80824310573354,163.80255262203693,162.60316878107145,158.36751195995672,168.54963581574887,170.44553679736802,166.46265430522982,0.0,150.2463315794351,162.3919127093646,125.89443728489267,164.81550069188236,168.15155146822315,167.59933453781582,162.73082449442765,166.6930872580892,118.71762497101334,150.59513569682545,146.8241990093928,164.92947945228215,186.36934634258614,151.37249959001173,185.65348884881388,150.4268416993392,157.81438959088936,127.1198718678263,139.51044305937694,161.59356112349084,156.19261166562842,168.1541800096681,167.59458469449865,100.15085323166278,159.1175293097252,156.44344093170432,126.97292858253209,155.40673050955198,147.78745748197736,151.34103010564363,162.37931823956038,149.31660250094143,120.67098984982596,145.1867114092999,141.40601968852937,119.76082328732747,145.14535163425418,130.09697700396532,162.30851123968804,171.43156553434892,156.09678394531565,134.76059773299656,161.75342319274228,159.02305798321234,158.32628979200553,167.39376431557903,161.62858846421372,155.182205882319,156.76340039535035,158.6234041185364,131.69768284284282,169.95039760141944,148.57719259876518,155.8103272309498,161.9431684643604,146.02097804876516,118.46277736860893,147.86738363750487,140.85895494399847,162.8595453547917,165.254448558824,145.43025107711853,165.20232270489393,131.30011145736975,132.0039389676666,128.32202432590108,127.08878468142983,133.7217333133544,135.39870927904778,133.94546493388822,134.10930083031784,129.15512513279955,133.04359304699622,126.66273708685327,132.10043299642894,128.7056691458191,129.25514747271458,129.14498686371988,130.44174400784377,127.76845617542817,131.91420173194254,132.00561081707946,132.46518511939357,131.66002452859382,127.96521441436971,147.02519663132128,134.77748623020142
photo_butterfly,176.07180688029413,167.93068189156352,151.9931588597537,155.48764561473203,171.1370376133564,183.48420047801605,168.7933856341626,180.45389605560237,150.2463315794351,0.0,181.4223245358831,163.13057244680152,165.11012791809597,177.32746217955733,191.905303484771,189.96527270443076,196.6134329555141,169.47412073359695,166.92507725681057,157.9293976704047,151.15254617792016,176.01744218551863,164.67372433451206,166.14745238012432,169.77024849953617,159.4654257270887,163.33160677334035,137.13368350327974,169.47688646986467,175.1868864799697,181.59056140306657,172.5000651200003,150.50464870813624,145.20180653062351,176.41724618114876,163.54761156597309,156.57456169279962,171.5936016372246,171.24829032343376,187.7747041219357,174.86650676317268,169.36214552855273,157.76505522105103,154.04687105249621,160.63376060291242,157.51801745465275,166.8370175584241,153.980805983967,176.49172898773332,185.05358224608614,171.93844875868146,183.12571237601637,168.55430208469764,170.00682460254174,177.99848736299845,181.26974879394456,185.2549215121692,150.71534425739532,177.43852482131408,167.4701063408461,182.61818586398547,173.41579267803695,181.90764440008402,185.86842082279256,181.37583177468414,172.9979744955258,169.4068271449054,160.25886565215833,177.32616670266867,178.7524139954017,161.79517403626934,165.06232189572412,173.9546864998214,171.2185332641159,172.43679466590675,173.60991047277363,178.85019904611093,181.56367728874622,177.15248716069408,178.5639795649428,174.70380297644002,180.88709964625716,169.4426581079253,179.18966245623866,175.2523722645102,172.5415398323485,173.3464842018803,175.89190299755117,174.3396290762309,174.3628019559922,176.7677506494662,174.72465922227553,175.87037529906522,176.41338232809218,189.69110860614154,180.1015753418288
photo_girafe,181.74916800465462,186.81892147612197,188.06707956656973,178.86867915622494,176.48972968556959,167.34666338551898,179.52692164497765,177.22629217665818,162.3919127093646,181.4223245358831,0.0,177.16754101586668,181.02666289543546,179.1637287356729,168.50415834443504,172.3612969284209,182.24071177239935,174.3983313693471,177.46473160285458,180.0405650965097,186.3136612110707,183.9435953369741,180.57244682871573,181.32424442570942,168.18915865148014,173.04505379568522,174.67760026777603,163.77576066383335,171.59775298029248,166.42657546852766,169.10846031875096,169.77718917349404,168.71449631902536,164.1082079319818,152.76286321895418,171.83456016833492,168.1920294189404,164.58130640940306,167.9636237883255,170.61458535396932,165.51788060185353,174.46453925607142,167.45015106001838,172.00597839000662,164.8105237023408,175.7459671875217,171.78971621628764,164.66413453016838,175.19193435975518,172.71687877948,179.21349714916343,166.3861510122409,171.83411056903404,163.0604342277723,173.80428056288343,170.8773340172345,184.5461923741712,176.25398044093913,154.534364390045,175.43907343830912,178.35672782412877,171.40806039370327,163.50331179283728,171.30141110257455,169.19056245086605,172.53075796458316,171.38728265286923,170.2158602613485,170.24774623942292,173.4241451322232,161.85091102209395,166.72227231038826,174.92695976883348,174.775852929888,174.45280531304326,177.22092509633148,178.54954180576587,180.30990659474418,175.94110582831308,179.507558258909,177.46757132033412,176.2551050997622,174.58122089925263,178.9338760839279,175.54529142067835,175.02289034838995,173.75248107558622,177.0823455617985,174.94508032570255,173.68380194364082,176.6828514096323,174.3873149188991,176.50105757438052,176.25598544151006,188.7147398882942,178.5405950389069
photo_fish,168.0461103491455,184.67349576244283,163.7979864792125,172.568892395248,156.54630959013318,166.8866523936396,159.17561296620238,164.1882846092163,125.89443728489267,163.13057244680152,177.16754101586668,0.0,162.49771370027358,165.37395894167324,167.21038187810944,158.06192837481865,164.42729838653463,117.47387599197107,143.83332834289362,137.18804658963876,165.07532036878123,183.64828446252807,143.21938327741566,182.676805202387,156.1726068992275,159.00503966555985,114.02167725140414,147.08603605265097,163.96456486304984,158.27647308057675,169.8234839434315,172.6460838599751,132.17036498228148,161.43640230124564,159.18463061285422,105.47512575789297,149.6918661909009,147.4305926076503,153.40938836692908,159.28795667314213,145.858004862998,117.71728595386361,124.67699945912528,136.57101687216445,112.17955362998173,145.72244339807622,118.30106354556294,164.74912047613486,174.2598754893752,152.81144633916531,124.02062347118267,164.25750265653718,165.76016882277588,163.60393674777035,172.6927903855556,162.39300385269004,154.65071324836657,161.55867604713225,159.06729414861596,111.42849103250924,168.75129802410834,147.854489376187,157.86370723151018,161.79824641942457,146.3694017832204,122.389748387263,139.8758622612374,137.08876632025866,161.37900689432772,165.39416598607804,140.09480030370767,169.61952538005235,128.82199478213062,127.20793962954647,125.64074066417201,124.84110457610338,124.31516895860332,127.71962421754263,130.10920336855202,123.67424063229004,120.06092062463154,128.57763215781338,120.47937152816374,125.6076773895435,119.26082455470858,123.51207261239495,126.93029132215509,121.30855544404338,121.5140297329743,128.76531145522856,121.03326751646311,128.36356332403096,129.52395495480692,122.47402956419984,138.5727804034603,131.74202761077206
photo_cherry,149.78398382715014,163.84410772665456,181.16173471347474,166.37409050446962,130.3077996444448,154.9339986764167,141.16846194703064,148.47659361328047,164.81550069188236,165.11012791809597,181.02666289543546,162.49771370027358,0.0,146.63892558597865,157.82196768412592,151.50928493670548,163.1115593508402,166.3942172008944,178.77563601878404,159.4955978992312,187.5534280251744,170.74032997214917,148.98608622911578,168.66549665293053,147.86459153487448,151.0172711318608,164.19350709193614,161.88104737620904,135.46890481752143,157.07018042871908,159.18100933971948,145.8654925210813,156.66768582736356,161.7695515734961,140.2596594759666,154.02209686420957,147.3346551217222,138.45109510591286,158.69287430413243,148.24852058384462,141.65707223934157,167.08075391830232,155.01631643751804,159.98262632030475,161.72195745026906,162.89712410637736,148.6095378144678,149.19427991472858,168.90860238828046,154.98933114942005,167.45742437669276,163.83258214892365,142.22801110550927,152.80775841051735,153.10665933689287,141.42843919603905,152.71691445423895,154.15080052266686,148.51305087645636,164.4164667762822,140.63642622562605,141.08129429376234,155.94569208612356,151.54319448599557,148.34841832196676,166.6198798327083,165.8475885294509,157.23844006159666,141.1077442196582,151.48077715566484,152.91068176169426,153.89716772528527,154.32176441223493,155.40018605214513,154.72202751949862,165.9400100999143,167.2667546330319,168.48408190109504,156.7458560166304,166.3716488656932,164.03130228124715,171.61251287767945,157.27689768338223,168.0716723938618,165.67022476974503,156.14069294241511,155.3637865147213,165.30382048757446,163.57622732367258,153.87776327499745,165.7133158594789,155.89250200476837,159.55006743989927,166.58553249388206,179.7086464412384,163.01216566804968
photo_tree,136.25236567841503,157.82558067686895,188.72329961637493,165.19852793093068,141.87144548576256,154.0999682873264,142.59582531358356,149.00953428200822,168.15155146822315,177.32746217955733,179.1637287356729,165.37395894167324,146.63892558597865,0.0,152.26398450333275,146.92673314323415,146.33062538459453,175.35308499884178,186.49811819267362,171.15694997072953,189.29292181243267,158.77935785475867,144.7135910366572,163.35072608778657,153.26993050670367,159.86618790541988,173.00488221791767,162.87468455549177,138.13844317072446,150.65573802876492,162.2740963828349,147.44157494101373,156.8466672893415,172.21621822302285,143.11060635212718,162.3926899440805,159.09341702360118,119.15609805710669,157.50192542017177,147.65511897180625,136.35933093513236,175.05538513205198,167.79980420093887,168.55082762848747,167.94371463915962,177.0405490050383,157.92883625517823,151.29346016097372,178.56014126916466,152.8682688837813,178.45686820523417,166.20601358359585,148.16332395484432,151.72383489560053,152.29964762575597,144.18328604798032,155.82752678162933,169.33657155842548,162.71669478456997,176.14751856562714,152.20101854182616,143.23888492941984,154.6598257118153,153.45963895749446,147.07786432273716,176.60046317414523,178.823075952563,174.25916691801012,147.18227087577688,158.50142436731477,163.53387809834103,158.27605344518332,157.96124356954698,163.64530547728023,160.80681579484977,171.51047135731773,177.28754976839357,178.7639165838866,161.64258740903813,175.99647128588774,173.28836246561005,178.22810143695582,164.39784793603363,175.84530231739888,172.94924604852346,163.04626511916024,163.70560510139615,174.09039220638488,172.43698673268355,158.24413399298714,174.26400381158126,159.12243892291755,166.65124901339502,174.08558554232712,185.5028818538229,170.96270466373582
photo_flower,144.25334089524742,179.599578923385,200.66395646339114,183.62888511603504,132.0915064820843,104.89416791242397,143.27516343944012,119.01386177804918,167.59933453781582,191.905303484771,168.50415834443504,167.21038187810944,157.82196768412592,152.26398450333275,0.0,94.34648020817204,124.81986302239875,173.79840082193272,188.69691006049155,177.8488819344416,198.89773657560514,185.1095475670199,167.93364982676323,184.41863064175055,140.25897930688782,160.6949298405285,169.6988799960027,161.62078368610236,134.71786538327027,116.12179241640612,135.08871443375105,146.0177259642006,153.94606937878882,164.65474818219394,124.78258563732729,156.5338216240375,158.47211004791978,114.19135832093801,124.3475186700804,93.98577789622442,120.00380328531126,170.39154956868492,166.9427555063774,174.754062315362,152.19475588888383,180.0802424303132,150.9648253149186,155.19455610513455,161.39384866199282,104.6755976940694,173.34637688041136,126.4297315389558,134.16513512483877,121.05864168545627,143.39657293408047,125.3150608648656,121.98889204848311,161.46993436388192,137.8863721398634,165.9509398831002,144.89270384761693,119.71439856008409,108.42890832141067,96.46257144630626,109.616882178191,165.10165188369413,168.95672558515517,167.33713262170193,131.0951853950939,151.36925026225867,143.24380416916415,154.1253233811455,145.17437996394628,151.85010669918975,148.35080704227323,161.5292948716612,165.5022454303815,166.4843614827318,148.92059964347678,165.18006399634166,163.51254505927517,165.64294561087257,156.50927634357706,165.87830238861156,162.38888554752722,152.01681858022286,151.52282072330019,164.14233234860095,161.61550425331552,144.5697696998702,164.19054337345045,145.1672535463714,154.26486653002343,163.3141123237722,173.1920954215736,157.3449871889923
photo_carrot,145.95716091877188,183.5425687859022,196.60668732040594,186.18551890309786,132.3945454159686,108.6289026059245,140.8818045383724,116.28758858519159,162.73082449442765,189.96527270443076,172.3612969284209,158.06192837481865,151.50928493670548,146.92673314323415,94.34648020817204,0.0,114.85589312918306,164.3445744307097,185.26124221693323,175.28262511520427,196.78121095768245,186.15177031632493,160.7026934830785,186.3517584322979,140.7901579357575,160.99194661540852,162.12502258763797,164.35285695508824,131.61123597349913,106.34213570729726,135.12075076349402,142.4812935785291,151.7588205612629,162.64699406597714,121.86927607737519,151.33066303257468,157.8332242602885,112.62363136615961,124.44199016799614,68.61983555497096,112.22417312557721,160.90940077987673,162.7798551565827,172.1528293229775,144.1371883769742,175.2160542589427,143.5171571840682,157.1526465334267,165.23680613081157,96.39595492458596,164.25005139523964,129.1309184896271,128.69495413852914,115.50927835583315,138.60869766305612,114.98271842968902,108.2720767265374,157.66896827233387,130.9394641379199,158.52776708616287,136.99883368650094,105.11544952197535,102.93692155780273,75.44245132862248,93.69639086119291,154.2951168626309,163.92936866659073,162.6184614249524,128.41680115727894,144.9159270262285,138.09709712967924,151.72309258349966,133.6024452478744,141.95634490710736,137.18096946447244,152.21324626002814,155.90459545786135,156.1549461315956,137.2207081628204,154.73718178428035,154.16910043153533,154.5493404559519,147.17787101783603,156.39865934934454,152.65449004922607,141.5100445755226,140.23962800847002,155.04555620484885,152.14889038854128,134.78842656131977,154.02765861746468,133.30085124921206,143.40378190424997,154.44418652293794,164.43730109043722,146.13071698507582
photo_watch,147.17983211153515,186.13882736474793,204.59197888779585,189.35067533490533,147.10525328452655,130.6529355104395,152.82299908186977,136.59040797626824,166.6930872580892,196.6134329555141,182.24071177239935,164.42729838653463,163.1115593508402,146.33062538459453,124.81986302239875,114.85589312918306,0.0,172.25844963989894,192.0125917157101,179.48843022927872,202.62082308902828,188.7192308379625,164.13590245151195,185.787067828631,145.74254462925026,167.9178257215031,172.92497876041168,170.08199692779334,142.15727505880315,124.76642617394727,146.70766190786065,154.86675802181747,153.93292538569875,179.22379427984367,135.65266656684054,157.27442373864696,167.81907945630252,116.57428612747665,134.99026972833164,113.77869937628151,104.80819803052688,171.46366253670263,172.3022966409807,177.84898174628017,156.56308618879618,180.90254776571547,148.57837609057862,158.68689561987085,178.14816891378277,118.32009476794866,174.21094379945256,147.96650627597066,142.48180419715217,136.68873539282632,149.4083657947888,128.68204713042473,124.8991335394102,173.642773577834,150.13485445711657,167.23032839274595,152.26486530210687,124.16825761660428,122.51735317321813,120.86628787669835,105.71076506268837,166.6580884261082,179.7218755092509,173.00410651996012,145.39835396083566,150.62176093440718,158.893077599057,157.65833082914156,141.06614413412828,149.3230433634699,144.49804752844923,158.87675726758943,165.5189195578841,165.59210650363647,144.46866272028998,163.79370032311718,160.56384017591014,162.9657351621443,154.3219064899864,164.13742259043426,161.21310883317858,149.41256916516033,148.54301293465525,162.6763011974326,159.80197866367035,140.05322848487057,162.86610389920847,140.7194508243855,151.03865154506124,161.10123098457404,173.42146942373398,154.45697862854115
photo_key,180.5771352231322,194.2354333052453,171.5036392548877,184.78829807324672,167.7066665995626,172.9962394462166,172.0274936987821,172.76636415527454,118.71762497101334,169.47412073359695,174.3983313693471,117.47387599197107,166.3942172008944,175.35308499884178,173.79840082193272,164.3445744307097,172.25844963989894,0.0,143.82150124565106,145.14234529902234,175.76487041893105,191.52240675227603,153.83686171843442,194.53221996270742,160.32049838527382,159.6691893379465,99.13581083865898,155.1340090213054,170.6170923119795,161.75056773069213,169.78404040028707,175.03720488544724,125.09836525772808,165.86758154151028,162.50227449024874,116.01786980719625,152.89236749224378,154.41675149747653,157.14891305355943,162.09595511037122,156.38428750669797,71.42869413378762,131.18062029017082,141.63157119861876,114.33268906961318,142.67074782891817,116.5290313158455,169.58249800578906,170.14071001644191,155.18308513455202,106.17391393166619,164.6974391034879,169.97296072142782,167.19956029033827,169.06156301222848,161.81712034253079,150.26079097815978,162.39404918766311,157.12970392992645,119.85209158174935,168.92344317339507,151.14517562217765,159.21275239988643,161.68092869139522,145.79561241138035,77.69705599749007,129.3704020099773,136.59000477781436,158.8260326031188,161.90113347952274,141.28910002260656,169.23270054668544,117.62738857672902,114.20489728936391,111.05264785453916,106.04716333780988,100.18920336409892,103.76053930844468,118.26560720437776,105.18183439590034,97.19471254094611,110.50178813875145,106.97744347705795,103.24912335909383,97.75442519221694,109.07074988691535,111.83824376838714,97.71764840061176,99.59084506455976,120.32577207306355,99.61513722932723,119.65700098626634,111.93232213815921,101.75953305655284,121.67754341197639,111.69044582191212
photo_truck,184.66472683664392,193.15442470626138,165.72918201762846,176.65059238232487,179.38729553951862,188.2195603963067,185.18916306206748,190.6730322265457,150.59513569682545,166.92507725681057,177.46473160285458,143.83332834289362,178.77563601878404,186.49811819267362,188.69691006049155,185.26124221693323,192.0125917157101,143.82150124565106,0.0,152.29543651793222,162.74182974108686,179.03995998250707,161.97431460160035,188.5064416599344,168.273311740085,173.525773423246,145.47942434988428,154.76520337815344,185.2238884858504,178.7681459928845,185.28369175703668,184.59849645563952,152.30914078266156,168.67745492215678,182.65285481463695,147.48661616821008,164.6853756004096,172.15581334296274,177.29587898448705,185.37196907165594,175.32827668806223,148.6128942797092,117.68463372314487,145.62054998715698,147.74749818588168,145.55077807146756,148.14222116346195,176.20089603654608,171.33239894060904,181.2648581317679,157.9367434156045,181.95996615879534,178.69316903328306,180.36546353378952,187.3108564501681,183.74010114479654,183.2382708863983,171.00950136679353,178.80564244407864,142.51775609366484,184.00575429557105,172.37630974606657,181.06687956024305,185.29466470705665,178.18310597022543,151.24580044668042,114.41126434601537,142.89811975734693,178.47328376692968,179.28156189361056,161.16248867027065,181.4194189568713,165.01983680653478,162.29374896374142,162.8780587477052,160.20046324573224,153.1608743037434,156.95584112637644,165.66438390989083,156.5695910386139,154.53980246352265,161.13296686205265,159.94543071119662,155.9368803323286,154.4399303965207,162.5038634360924,161.9409114663205,156.37196407392884,156.5834014455759,166.4083263815033,154.5495989754747,166.5455278268932,167.1181660334013,155.9015602157987,165.16544180261673,167.77543083121694
photo_velo,172.61045453797203,184.79919669233163,165.99793601143895,173.56847969588912,161.06945455751674,176.48442614529074,166.14332292092863,173.60445934653697,146.8241990093928,157.9293976704047,180.0405650965097,137.18804658963876,159.4955978992312,171.15694997072953,177.8488819344416,175.28262511520427,179.48843022927872,145.14234529902234,152.29543651793222,0.0,166.76914559989748,183.40824244109749,139.27874676222842,173.31035688478877,149.83626478427715,158.55733401198844,137.70503433874643,151.2883022144396,164.28581975262864,171.15698957148643,177.3109858406835,173.05756922271033,142.92173955551212,166.35823001452184,168.33438628018484,125.8071545174269,145.79036649090926,155.10910496870886,166.96902795675106,173.9655156842964,156.71346899588866,142.973379410876,124.36102846980884,89.90406008367442,141.6317437457893,141.696872896277,131.9630012196988,158.6633262476811,174.119081427421,169.54920188506804,140.06991674517258,175.4536839302528,161.68037173829183,169.29012710153347,171.97940065612067,170.83158536694756,171.18827875130992,168.01268727321474,170.64297761655604,137.06963978329537,171.0245094114721,157.07088266491633,168.5969047338871,174.09485642920419,166.13468245051175,149.12086554119557,144.73936242797478,111.69842892162634,164.64627546010666,168.98910760835798,143.69839107893768,163.39798155778158,149.76749836206517,145.93618992469231,146.46163891725348,144.04360555194611,145.88888306195594,148.99180204283672,150.06126252329636,144.00516646729852,141.0682005955464,151.07770399819915,139.52858796270826,147.238039308864,141.46501934068428,144.25066230496392,148.29867118965305,140.83092993162552,140.92028573114828,148.49229667671347,143.4243164071853,148.73489281310972,150.66519042879375,142.79386326782648,158.5609399465727,153.17425431550382
photo_road,188.83127171975147,184.95848635783537,123.15879897331403,160.78115009743294,186.52242608430814,195.91196555516112,184.42892479556738,196.59932408249412,164.92947945228215,151.15254617792016,186.3136612110707,165.07532036878123,187.5534280251744,189.29292181243267,198.89773657560514,196.78121095768245,202.62082308902828,175.76487041893105,162.74182974108686,166.76914559989748,0.0,178.1096813074326,158.51316187070276,172.07604406565778,180.1622033737461,183.9354773085476,171.2199148826261,165.3483561993385,192.22402378885857,186.7087670293715,198.6164091785447,194.12991936726465,167.82824616651385,166.2804619836178,191.80053413146695,169.7317383689783,165.98337614901638,182.4398717954365,182.4613698642844,198.3980837642582,187.69014152900738,176.65976535620266,163.07036427737205,156.22273001233526,158.51173326823542,156.11257405385174,175.6890768438286,178.87656132859607,187.14649639548108,195.61619582479756,183.7057097196077,198.75938408839156,189.05306492296663,192.74227829123575,198.14602283987145,199.03285436813152,197.39951314284193,173.65349799143667,195.7407073238141,171.69473536129703,196.18050382450463,186.59971739771808,191.57780801218087,197.82194478751282,192.56698585031626,181.47791890327912,172.85424530481544,167.1769683699417,193.53290591849196,194.73350240684766,175.4696384121794,188.74509786633246,190.7422422546015,188.81319281618576,188.30905437148843,185.94185513168293,185.45362791277913,187.64886064017162,192.77439340925991,186.22275209674666,185.19460432232194,186.37531245995694,185.02240711954846,185.97409213579425,182.5997330486311,188.13349012720238,190.38659708371864,184.7863998341929,184.23504294918962,190.64200856545003,184.53475155859846,190.33626051984723,192.69357165946508,185.49898580041534,195.53384898429877,195.0847732022849
