,photo_face,photo_profil,photo_eyes,photo_face2,photo_walking,photo_standing,photo_hand,photo_legs,photo_bird,photo_butterfly,photo_girafe,photo_fish,photo_cherry,photo_tree,photo_flower,photo_carrot,photo_watch,photo_key,photo_truck,photo_velo,photo_road,photo_house,photo_mountain,photo_windmill,drawing_face,drawing_profil,drawing_eyes,drawing_face2,drawing_walking,drawing_standing,drawing_hand,drawing_legs,drawing_bird,drawing_butterfly,drawing_girafe,drawing_fish,drawing_cherry,drawing_tree,drawing_flower,drawing_carrot,drawing_watch,drawing_key,drawing_truck,drawing_velo,drawing_road,drawing_house,drawing_mountain,drawing_windmill,geo_face,geo_profil,geo_eyes,geo_face2,geo_walking,geo_standing,geo_hand,geo_legs,geo_bird,geo_butterfly,geo_girafe,geo_fish,geo_cherry,geo_tree,geo_flower,geo_carrot,geo_watch,geo_key,geo_truck,geo_velo,geo_road,geo_house,geo_mountain,geo_windmill,word_face,word_profil,word_eyes,word_face2,word_walking,word_standing,word_hand,word_legs,word_bird,word_butterfly,word_girafe,word_fish,word_cherry,word_tree,word_flower,word_carrot,word_watch,word_key,word_truck,word_velo,word_road,word_house,word_mountain,word_windmill
photo_face,0.0,1264.8035614244452,1611.1190068211008,1412.4286321429859,1403.7056405981302,1397.4201751611083,1444.5362841273222,1350.765136923284,1642.767452518617,1582.9200809390943,1663.3892825392286,1629.9701774762734,1517.013980473769,1390.4426606848529,1450.5257630567878,1369.0140533531041,1457.3102084823893,1583.7480659255089,1671.825271996398,1669.9191887636002,1919.142589355784,1568.6340275030307,1506.8845163738988,1586.7727498896256,1207.3715082488084,1358.6124704922047,1501.7612175563092,1411.902565241434,1399.0647951053468,1424.1209675860762,1488.7912337632074,1414.1120438624257,1536.6176095841195,1623.6634143561944,1502.519954936372,1540.236791015614,1548.838255857342,1352.972079701977,1429.1986441795293,1368.0546860399065,1391.4356415462892,1582.8797867460057,1594.474500847869,1692.9396496523302,1483.0706257032784,1545.46366617913,1482.615094812858,1528.5965092958475,1504.3412088102557,1365.477029990818,1529.834217794571,1448.8395734905835,1461.8841160691197,1445.4054057847923,1445.1805125470132,1365.5164248421047,1409.8028744603162,1513.755577301243,1479.0021791365268,1521.335239972944,1539.5425042603292,1407.437325914624,1409.4554672754502,1380.4417838030001,1408.3173145693115,1544.5645309965837,1565.391581481177,1626.8076837111983,1445.9971756815921,1417.6403701331903,1462.4727810447698,1460.9442431786354,1458.6863125116151,1474.946094285217,1470.0917565767836,1498.8506652069518,1542.0311776061815,1541.1401499638791,1464.6277832055944,1534.0633940743478,1521.418785035846,1518.9432777601107,1504.0047288750525,1535.189502025544,1532.0664537852326,1475.444607068662,1479.1865189764762,1522.7836878606304,1498.4414573941601,1476.1569511399118,1538.9043267476284,1471.6948954505103,1482.8127851207034,1518.51980952632,1566.9781943174037,1491.4193198816536
photo_profil,1264.8035614244452,0.0,1605.9488516554757,1493.684992493685,1492.9472319970794,1553.0349982127484,1510.9021336159185,1492.244907195335,1703.1894846228215,1629.5995437349206,1681.5347208060916,1708.1721814707817,1581.2538230812447,1490.825100030495,1593.5315722720095,1552.961346896202,1618.160063080421,1646.9511792741725,1689.6182910695122,1706.2594936093174,1908.2566051470558,1522.5863750247304,1545.6208263776175,1577.427070006722,1438.9221940064272,1235.5570268791994,1598.3147726242225,1545.9248881581793,1493.1403045584466,1575.7434166195399,1601.843837245108,1455.9142469602828,1607.149680783263,1662.5403042274036,1562.002543335692,1625.4628344415853,1590.5487815242766,1519.611454791634,1522.3037542364207,1556.7355331093615,1553.469205304731,1652.0994289876264,1640.579221778438,1718.4922678101443,1588.798008880315,1599.7634579075786,1602.8156807495675,1587.5568916232542,1597.158696327821,1521.972712264689,1643.2718262724895,1603.6118476316058,1612.8443673405716,1595.9056996402933,1554.5813810691739,1539.6793989214225,1567.91441452522,1583.4660208469586,1548.6630545516532,1625.6550286662173,1620.5105010295463,1574.4026253500442,1593.6310277097598,1573.9724453810313,1587.245761681871,1637.0232313274153,1637.2321066948996,1697.634333299537,1549.0167752897146,1508.9283693604868,1584.1313413842859,1577.5459982324112,1607.1517399356846,1621.971063116368,1616.3446183902172,1625.311780606804,1657.9254015454076,1653.5046232383186,1619.9368848298336,1652.938875595512,1643.1822781759581,1635.5406424949224,1634.1900552381398,1651.1330696409987,1647.7759487315666,1623.4298818735208,1621.0665615743917,1643.4377494128396,1624.249204255823,1633.990715488147,1655.646655838074,1622.8672190689917,1626.9046893788322,1643.5899189913905,1679.5901933170394,1626.7737574080238
photo_eyes,1611.1190068211008,1605.9488516554757,0.0,1429.9495787864435,1725.6697319758096,1752.0109413074968,1698.1305822616218,1695.061308569751,1706.7938050803793,1645.333603885478,1777.858442302637,1718.6411569444601,1750.381995326895,1716.3962681561945,1791.1776521099325,1738.1612956306221,1819.7686724310722,1625.1904298512889,1614.562167358799,1698.2857964380494,1454.2313331952532,1709.075205368278,1475.3711561394628,1712.0354928704048,1635.9980828651792,1640.8632083286234,1522.4641307664704,1523.0044936201928,1742.0420686633925,1739.830021764051,1813.8541763517617,1709.640182058351,1652.3329247699621,1652.9803513261131,1790.0926296667199,1625.718872049532,1626.9903400058297,1685.0097218439364,1715.1153478657184,1739.15047896759,1742.409591265434,1659.1066103632122,1636.276377369338,1697.9103208238664,1538.223401803618,1554.4585874224115,1601.4507094630458,1720.8987074009028,1668.292588092446,1670.4814882647427,1592.4877924925627,1714.5228997735867,1766.5418613373338,1756.9213708515515,1754.3047565304562,1726.30134152722,1740.3051746759481,1606.0068249326825,1709.081554051802,1602.19224558338,1772.115262131888,1704.9901192801167,1718.4734198305537,1726.4421774729892,1738.1470000528404,1644.0272429679458,1598.0066156692421,1674.8603390709868,1730.3663639717156,1679.7266990515031,1609.0196321362168,1706.974933750228,1621.5894035075053,1623.8934462802536,1626.0354186391833,1622.50377629393,1627.2912121096447,1626.1345720059683,1642.853211758878,1623.0347184237633,1636.050481843542,1609.6908372916487,1638.2745393558457,1622.4752788167461,1625.8582864495088,1626.9879597440906,1619.7814292977991,1628.151790598209,1614.9512929202374,1651.7029906227535,1645.2773604714841,1646.0201872334776,1632.640909393745,1629.568860416703,1655.2995878672148,1627.3277973143834
photo_face2,1412.4286321429859,1493.684992493685,1429.9495787864435,0.0,1638.10627746388,1674.1764796232148,1599.7593513440154,1622.809488617871,1720.9520538786242,1671.428748449469,1769.9178835065907,1761.485925075222,1705.3704069303567,1655.389845663532,1720.9589515870123,1688.6534075211982,1754.5371393098958,1708.335261338774,1716.0731718800525,1768.7743999726995,1739.242488408271,1653.2358109554293,1577.1790688929204,1688.6682170145104,1495.2475655410233,1579.0839818456564,1636.1073156542495,1350.5115680591548,1683.8638117477938,1700.623168335708,1733.8770912188425,1627.659949874483,1682.0726465200405,1706.8208598818355,1733.6590777318074,1702.865438692964,1690.5196624893501,1665.8710669206384,1656.747511785723,1694.4512940907043,1686.4413843021582,1734.3747098946449,1721.2664937435018,1778.5616011184086,1612.7758185440646,1664.8907372690098,1664.6946746266215,1682.80622558724,1635.4689148316777,1645.5996791954901,1697.5178007056452,1648.993272685907,1727.8922677227813,1708.80618146476,1705.359429592844,1676.0592793847343,1691.002415848564,1649.0743929989287,1682.7622450759352,1677.9800875789774,1754.7537270048563,1690.1394801324059,1681.4105603748797,1691.5544932393457,1704.7311527057925,1722.3332389622387,1691.9714553098518,1761.8000194774552,1655.2901318729434,1654.8078528861909,1660.3248661494308,1665.9307506589407,1672.639083653843,1679.371906995066,1677.7452304017124,1681.656093706663,1704.5478650328166,1704.343734329148,1684.7999040438951,1702.2704107800582,1699.5884229130809,1683.7606723680517,1693.7904921934355,1699.1621775647725,1701.6101620434492,1682.2729304980774,1674.639851599671,1697.166416543715,1680.3799639738966,1695.2473290609807,1713.843737431629,1685.8813469522468,1688.1093158884714,1695.4361318283036,1726.61903954208,1684.603693908143
photo_walking,1403.7056405981302,1492.9472319970794,1725.6697319758096,1638.10627746388,0.0,1155.7468213786462,1400.8549058439012,1122.2124284009242,1457.162863982887,1475.6666056408394,1494.3750095487278,1474.8868814286711,1313.8129607191513,1243.1229095036438,1268.7240559501686,1230.573922360822,1364.7691172031864,1445.234328703059,1539.9173516078183,1509.280570305241,1879.0726261320244,1514.3913321506407,1335.847854897737,1452.5701797649583,1353.4889357649283,1453.140883708141,1395.8383669022548,1519.0304895062707,1004.0527463864904,1279.6210799071207,1398.1838701181666,1304.412910617178,1387.8002759432852,1545.4993927974817,1238.166096462167,1404.7968477991765,1439.5148036074286,1243.1158006051503,1344.5965669876368,1227.027281293308,1325.9082133513327,1440.596649295403,1430.571229028578,1523.8675158634917,1340.5302693230603,1474.6888229170788,1326.3708097932179,1426.148328076082,1528.2664034051381,1178.2260529643743,1419.1693804491658,1390.4265344714627,1242.8233308648803,1295.6859665275977,1337.38436148657,1269.8812378190905,1228.1155967234079,1419.0988536776406,1269.1500490315595,1414.9831195707932,1371.635668065399,1255.2845587661027,1331.4357201875812,1229.711999420431,1275.2835731894877,1412.9709309413295,1430.4745191991296,1523.9532148947037,1320.3911547800124,1411.0641451817874,1350.4958743387144,1372.8914411821995,1324.4455880749842,1365.8291087929515,1362.1862084819418,1369.751877629836,1396.28908628486,1399.6150627712689,1342.4433728094266,1393.7348105326478,1383.9990303452246,1387.8527201116165,1380.9009034808837,1394.9709619293474,1391.8406721819013,1350.7647435679507,1354.5074070281253,1387.0705944375013,1370.8527871699794,1357.4824820288775,1397.32787961171,1335.6370214032017,1359.5808034051602,1383.9249954967959,1422.5224951032258,1364.3305593212513
photo_standing,1397.4201751611083,1553.0349982127484,1752.0109413074968,1674.1764796232148,1155.7468213786462,0.0,1398.860328774977,1086.607737594859,1540.1636139678392,1521.3825601969818,1466.3686900914413,1563.9371397240711,1441.0170720802162,1311.4825253105248,1191.1278675240774,1130.2546870673334,1273.5206957023904,1524.9270511880886,1621.4792425482171,1604.1454822586986,1903.2806809050096,1564.1244799436236,1444.865224011589,1447.5558040966541,1409.6741894262098,1479.735613527398,1454.4089065715314,1527.5391358034447,1189.6626803705205,1084.144436211396,1306.4975437463577,1307.188949817031,1447.6666920734947,1542.7924394970817,1211.47267880294,1475.589999715471,1500.6700150731615,1225.5171661114443,1262.57852200332,1117.2659006700587,1243.206153865997,1510.002231875597,1541.1441293331568,1627.7224133801928,1373.1602994115913,1510.5551560007707,1407.39404418353,1358.7836864907504,1534.113474652104,1140.0529741288415,1466.6428394441589,1328.5422426201067,1283.391863752243,1173.4033064469932,1335.55890194797,1210.9602995423431,1187.1607476365828,1435.2081856466925,1262.9174447165258,1478.3082002625783,1458.7286140716608,1279.319669740688,1242.0187290282126,1138.4487110828027,1231.0501005689166,1468.5836345107207,1509.992412191812,1602.9318079291463,1314.0353701888387,1397.791445931242,1381.0600098232976,1309.1466311040874,1357.681741748609,1400.1848652787362,1391.8733600587227,1415.6124173569876,1457.2810372470885,1458.0192238270165,1372.5652271218325,1448.9681621427242,1438.2746111951478,1438.9817296277265,1426.1534644396743,1454.3294154448172,1448.5250638016282,1394.2076231055523,1391.595262607304,1442.2591896128351,1422.7792094421477,1386.4881325023139,1455.680628276944,1366.7306994574744,1397.375603601134,1438.1087458511186,1486.9040062172967,1401.826943311021
photo_hand,1444.5362841273222,1510.9021336159185,1698.1305822616218,1599.7593513440154,1400.8549058439012,1398.860328774977,0.0,1302.1355255082979,1624.0810414032221,1566.2942589074305,1622.659038976198,1567.7686440326743,1440.25816411135,1382.130439250578,1422.6195405520652,1348.8928596427359,1463.514340443714,1529.0000136752271,1641.0068636790818,1644.946962672782,1895.5799046028765,1591.2563601553827,1454.7579005127645,1516.8623843861938,1417.0432505170006,1439.3948884898748,1451.8284434301727,1518.062552782069,1401.1823098499256,1398.8435542643447,1188.043437604844,1397.411628232144,1527.3458418317164,1586.8494052024541,1428.1023177518878,1468.56426479222,1490.1620456246656,1355.5004655249122,1344.5511608176912,1347.4137967255042,1359.1464948675755,1521.8689456209522,1526.442864956353,1661.4244820324834,1408.500233307739,1563.5654981163375,1428.3915834877114,1463.1088145174808,1531.7207870293362,1333.60394756205,1486.6037093055736,1448.0324655300044,1466.0297719762784,1424.4234087752573,1304.9088883869115,1356.5111900619456,1373.119562421561,1473.869618918947,1413.3150205819832,1496.6614149696688,1507.949055487569,1387.21721838634,1392.4778043553624,1371.811755076527,1376.2222594279872,1503.54296557428,1536.249665659193,1609.1249239397498,1399.6829176193864,1463.6027901460382,1440.4217614194993,1435.7268765779088,1441.440992134187,1458.137853495462,1461.8952695962219,1473.4987788040323,1506.0095468031018,1500.4507184711672,1452.9081175283259,1497.209951023557,1489.1234401234253,1484.498685849338,1478.4703623776734,1506.061003700909,1499.799936613504,1456.7996639695464,1462.6581656003116,1493.7288738252698,1475.9507701011812,1464.7468710211733,1501.0102721492276,1447.658871980244,1462.4982599469395,1492.3055363535268,1526.8937072099527,1466.2476957921003
photo_legs,1350.765136923284,1492.244907195335,1695.061308569751,1622.809488617871,1122.2124284009242,1086.607737594859,1302.1355255082979,0.0,1487.2923668290698,1462.7854545692708,1473.4336222660354,1490.8259273503775,1321.4164275466421,1194.3340274605637,1168.997204446011,1057.181234872157,1206.857787165973,1440.2997287062901,1560.8492604525456,1526.7168937791062,1868.088948156906,1489.52846807465,1374.9489915278539,1402.0599724507126,1290.8506395763675,1366.789361157468,1383.9212085954002,1473.7781396568334,1079.1374559187793,1157.9823090345062,1235.2334083034941,1092.12701895969,1343.9600961018934,1479.5832764129796,1209.4104530024115,1389.4325277593127,1386.8110898945567,1097.3543633823697,1196.220048247953,1028.7328697848131,1116.0065541704273,1430.2361470855813,1460.2938839671722,1544.6689890518417,1307.1027623774344,1451.1282890431335,1332.2163501289392,1295.8986499776954,1444.37349559484,1001.6594693963083,1398.4734757844576,1282.0209099052513,1175.9390529050618,1141.732141824776,1238.4885416962206,1052.130251672296,1060.8051885923592,1354.1121403352495,1225.3629664047714,1398.2904665933768,1330.5000090482954,1174.2488755562374,1179.1881656583926,1060.557508380597,1144.4599166150683,1395.8729731340698,1444.4902378221943,1510.9011850370798,1238.849083665517,1291.2037577139804,1291.715559304693,1246.4573007055499,1312.3373996019814,1348.4017509793173,1341.8238939724336,1366.231521445658,1408.5786956641737,1411.8987020060447,1331.3526602646377,1408.143011320736,1391.2002675401748,1392.3142136271942,1379.112883346447,1407.0781801483427,1403.1604650468978,1346.6467594649607,1343.1624289041604,1395.9144667724681,1372.3568183282719,1343.985419355831,1413.991899918779,1323.2492116673955,1348.6753245283087,1392.958081797824,1440.0149612066318,1359.0402785381038
photo_bird,1642.767452518617,1703.1894846228215,1706.7938050803793,1720.9520538786242,1457.162863982887,1540.1636139678392,1624.0810414032221,1487.2923668290698,0.0,1414.8318060722017,1467.9741451417317,1241.7052144377988,1502.5106032048902,1484.9169627798383,1480.9759291405055,1449.2801156750882,1571.0935213010462,1259.8333870945185,1434.0733153552624,1475.8253278375796,1828.0059899638345,1640.7554524894692,1412.305269348689,1567.9436910830289,1595.430007157568,1607.3901136127918,1373.1163678577896,1569.322489460618,1535.2749592428881,1554.6836249684768,1638.2335171881273,1584.773238470855,983.870278724821,1600.5787286952072,1520.1539498185737,1289.3516033822089,1504.9264108635834,1473.7767568177985,1500.3952523665384,1497.9133161310351,1515.809355177601,1328.7241829545758,1434.4311024733206,1487.3700063222884,1260.3623787979584,1455.873124636936,1335.9487692825846,1614.869050698059,1618.3593504176338,1431.4490763593933,1410.510004852285,1611.9267386628806,1583.3351615539038,1563.4285383204945,1607.433474059784,1561.400216648581,1475.5469699832324,1529.6067998885733,1512.3174072527277,1369.1400314123678,1648.8133746525102,1516.2081466704433,1536.3761710625545,1511.681013313149,1532.0520028151363,1315.4854072445055,1445.1796322623093,1526.9593511299252,1594.693180009656,1595.96326824857,1430.3832315125544,1591.0530510446324,1406.0362276822352,1426.4778357316193,1419.0866994462472,1408.2065216630656,1432.93851709107,1436.2207242580441,1430.4528824716663,1430.6936938490871,1429.411106794917,1409.5097180322925,1424.4481065679706,1435.201011625619,1431.0378479954231,1425.9969152363792,1413.3934361281413,1422.905809836705,1419.1742266704466,1442.0264930712021,1445.373382730878,1434.5393292929932,1425.5428569641097,1438.3673497319326,1453.375423697026,1420.6945159178952
photo_butterfly,1582.9200809390943,1629.5995437349206,1645.333603885478,1671.428748449469,1475.6666056408394,1521.3825601969818,1566.2942589074305,1462.7854545692708,1414.8318060722017,0.0,1580.5609270513833,1439.5245917120733,1398.1897870415892,1418.202076245888,1523.450028816066,1439.1084401867315,1538.241091097047,1399.1585300975942,1429.3273567868814,1456.7229438904255,1843.7146217843958,1564.4453021565841,1418.8717668354138,1421.2383847288563,1527.4343232498245,1502.3856262626236,1347.7586356336228,1414.657787422529,1484.5517993399658,1477.9912698914295,1556.426673637128,1508.7687397324262,1361.1595772398252,1153.0574257915896,1546.788418590446,1376.3209423314213,1353.578278488647,1397.1588915380103,1435.8255601349522,1456.0622514553456,1484.9148685448679,1417.4308298495266,1394.120412907444,1450.5098491310578,1271.9084757376884,1338.5051808339056,1368.520342812165,1425.4124484017948,1477.3472085645226,1430.9452555928578,1391.12311445117,1503.3665628904423,1487.3076609370264,1453.4511040511654,1501.251650828359,1469.1964532308766,1473.6513766387313,1328.970772535901,1475.4765441667257,1370.1120504207815,1533.9381031121027,1427.790439058729,1450.0501183041324,1455.8785370080566,1479.5550337158847,1422.912391167908,1373.1838948397553,1454.9872953188851,1456.3000634069674,1466.5634182370948,1356.6041281075782,1391.9478772982773,1421.3814904107626,1433.0360012712922,1429.748831303371,1430.7214673218834,1470.860189365689,1468.8150081848437,1439.9281477459617,1454.6201073336897,1461.4418613456128,1454.4258231275383,1438.2906709688614,1473.6573887717736,1458.6363224893726,1431.773771085452,1438.2811255914235,1454.6976293813843,1441.0265461933539,1447.320502583465,1471.7284908988545,1446.8278522302503,1438.2562167302556,1457.0945572994654,1506.6386881398037,1438.3320682147153
photo_girafe,1663.3892825392286,1681.5347208060916,1777.858442302637,1769.9178835065907,1494.3750095487278,1466.3686900914413,1622.659038976198,1473.4336222660354,1467.9741451417317,1580.5609270513833,0.0,1544.027456283886,1572.3075385240536,1525.242698611885,1503.1009439484715,1494.5064989450896,1591.8798448795053,1524.8772337881685,1566.1635305420975,1635.9213484646239,1920.5927192456925,1595.5674264163724,1538.1779098579573,1546.822489011259,1593.2385417185214,1594.099718180864,1541.197785486635,1628.43826567528,1516.1251537715132,1500.0078303013245,1606.8280701722872,1520.0418408252538,1488.1851825471003,1612.2490873408574,1284.6262795190019,1534.9624192821543,1558.2498562567123,1511.5805245744361,1508.5026630378968,1519.2373264585403,1532.4380252918652,1549.3251549317415,1549.3147898128332,1601.7097020427989,1462.6941264896811,1552.825580457457,1544.2662877102237,1572.3036855421099,1650.4410001652022,1475.4789566613508,1571.5355100448305,1589.5396615418674,1600.1394630294956,1546.5605524260693,1606.0454977445625,1545.201364128524,1563.4745836068878,1580.509022833102,1355.2526722731013,1548.832979338358,1637.610129489749,1573.978749845002,1554.9590695649931,1521.037571982353,1562.4808233346407,1532.5802444443536,1543.909818577371,1628.6195059550157,1574.1256656232604,1561.7196040001731,1526.184692545836,1577.2414688855008,1574.650924558297,1591.4465483579454,1593.901517551454,1589.0479193462804,1596.240216366544,1601.2560101070324,1595.774019496077,1595.0079447925802,1600.1844009353943,1577.70679777436,1594.878733626582,1598.2434567062899,1597.5833130735593,1591.5028343188146,1580.7506363371365,1594.3151134182788,1587.5713631420208,1599.211720404897,1608.324058577099,1594.6419386227226,1588.7311259545977,1600.355021795263,1619.1381129986053,1588.0574344849786
photo_fish,1629.9701774762734,1708.1721814707817,1718.6411569444601,1761.485925075222,1474.8868814286711,1563.9371397240711,1567.7686440326743,1490.8259273503775,1241.7052144377988,1439.5245917120733,1544.027456283886,0.0,1484.2686284965991,1470.6897064328668,1513.3843931717113,1444.8276468536271,1571.05192375836,1215.8622125838754,1412.82317789678,1452.484173850447,1893.7712014564283,1640.1640737137632,1377.6750229659922,1569.7135668399087,1566.6116356838031,1585.4324196745717,1269.778410330176,1575.7524198819874,1553.6559246057695,1554.6140383271238,1583.9374842328325,1593.344015112353,1266.9911278863756,1568.7054740999793,1532.5408579456132,1038.6029181511758,1470.8967095394114,1452.0455874437769,1517.3196614674741,1480.3720745035735,1496.008631240967,1232.6341791350565,1269.7573454543938,1468.939527227546,1153.6928007716297,1410.0050711758372,1213.044087531485,1616.9815451503434,1578.3210120669946,1404.0046957318498,1306.227382084827,1564.9482422588283,1580.771157499283,1553.8781911900269,1589.261756530399,1532.180226796024,1465.6248981036092,1508.8623894487744,1485.3799485126497,1188.9541064101104,1623.9013068506567,1477.4689115071403,1522.4068592939614,1500.1880336750407,1488.3454830449657,1259.0451908524396,1339.8306941698472,1463.6670226930796,1550.5597335124935,1546.981110233376,1368.5717388095175,1564.2159737527656,1323.786238126899,1336.724248804428,1328.6597283541307,1337.5766218905953,1340.677067588373,1340.762856806112,1347.7364520291756,1331.8630237277953,1336.3329128711218,1322.0158274711846,1330.8546989126594,1346.1376658156578,1339.7197297344342,1328.2586986508295,1331.3883332055832,1333.3644603494315,1327.5818513641048,1360.8316899633303,1346.3639468637853,1356.598395962137,1336.573145153642,1344.5615334673057,1363.3377290192275,1334.6305481329541
photo_cherry,1517.013980473769,1581.2538230812447,1750.381995326895,1705.3704069303567,1313.8129607191513,1441.0170720802162,1440.25816411135,1321.4164275466421,1502.5106032048902,1398.1897870415892,1572.3075385240536,1484.2686284965991,0.0,1238.8678237724137,1389.5634515597023,1289.6165373910146,1423.1119317797147,1413.9245994743662,1544.1831623506243,1469.3148454654358,1936.7480147079646,1518.8080905925456,1375.3903694593398,1426.1596822883746,1441.0259608107897,1483.6927181016674,1415.4912434295288,1562.8823956953563,1343.0160699553446,1452.1646390825545,1435.0569079168988,1374.646870481137,1428.480102603136,1479.2713107548998,1372.041080580909,1392.083914111984,1266.721770431629,1280.1238768221908,1377.8159581050515,1301.188818927459,1353.966706261056,1418.724688256165,1430.2255917470814,1484.0153930792355,1343.167979874051,1439.0189479091684,1331.3524956637475,1397.9665046711355,1477.2324264712086,1315.2368506863365,1430.5156581580486,1465.8458331636605,1404.9792610975232,1406.8103616750786,1353.9731720446878,1307.6506447804902,1296.4894129239442,1394.4916198560018,1330.2316109092794,1414.1376787099066,1287.1919846533028,1322.8001901680968,1389.2059458790995,1341.0211419028424,1355.603683396593,1419.2725944883487,1444.328248609624,1426.967880522169,1339.217120012282,1358.6280372461358,1340.9164665253938,1376.266939487233,1396.259198695454,1423.8390711398256,1421.7961242267181,1441.4830786971145,1464.1516148300293,1464.5690503439578,1411.4355069548055,1462.757751271402,1453.7938811197932,1460.2030668347224,1435.021639163114,1469.9798812815538,1461.2860157243636,1418.8281130770167,1422.0551451455215,1456.0920187479787,1441.3759120704221,1425.5278375185312,1468.443735293316,1418.6274235674873,1426.4425260300923,1462.6394039432396,1504.1881403567495,1426.5137970798419
photo_tree,1390.4426606848529,1490.825100030495,1716.3962681561945,1655.389845663532,1243.1229095036438,1311.4825253105248,1382.130439250578,1194.3340274605637,1484.9169627798383,1418.202076245888,1525.242698611885,1470.6897064328668,1238.8678237724137,0.0,1262.9823465288991,1148.4911523262633,1234.9998531693077,1430.7383710996846,1526.4681659178361,1504.19364510716,1869.6521615471158,1405.715831401982,1253.5192249868492,1350.4280619984324,1378.920433082077,1420.4477652152198,1374.6742178204793,1527.0160151112827,1253.4955940617117,1311.8480366685271,1402.5476384185715,1275.902820243161,1371.0068431252794,1448.9268286114723,1299.6608561821688,1353.7461071084433,1344.7325463144193,1023.5225795616118,1282.4338773501881,1163.8078183534199,1186.9738753027543,1428.7808163972704,1426.2389426976754,1519.6866173098456,1319.930988662408,1407.9702338468405,1257.8916889214092,1336.0733874661137,1428.5997999803515,1161.2243743551423,1379.3570841660253,1376.470984248364,1325.8214879500954,1284.8928370988076,1237.9812012024415,1162.9810052093346,1210.0369959006225,1339.3194049693957,1269.3600974126437,1380.9402230356663,1274.0876545523524,1143.891989324722,1256.6545311379784,1188.2241411540067,1211.985992771106,1402.8177340779193,1409.9610927923204,1493.1609276983863,1196.8775599615724,1193.2793543313778,1288.9007462316163,1255.1150517280691,1304.4179096852738,1341.834774546854,1335.0682603153268,1365.8015615401548,1402.0873772771547,1401.473590062499,1323.634891899947,1389.0363046463413,1383.737475192656,1391.5551848321488,1362.1414903106238,1400.7094371495912,1389.347722828449,1329.675222892546,1341.0930975983401,1384.9493215727616,1369.8022320261257,1336.1639445557391,1400.4787045226947,1322.4517368300449,1339.3360787250228,1382.0499187708917,1437.3814517773692,1347.7153583169252
photo_flower,1450.5257630567878,1593.5315722720095,1791.1776521099325,1720.9589515870123,1268.7240559501686,1191.1278675240774,1422.6195405520652,1168.997204446011,1480.9759291405055,1523.450028816066,1503.1009439484715,1513.3843931717113,1389.5634515597023,1262.9823465288991,0.0,987.431531377335,1238.8184979152045,1477.787242001713,1612.7435692776614,1586.5803448775807,1916.9954513962603,1572.3773303697326,1444.8340335567002,1493.2735064986787,1432.343360236104,1511.114481523254,1449.7863564902125,1598.3594643967804,1296.696144575954,1273.7526036585693,1338.6988806977342,1390.5527947262412,1417.2629034777121,1600.8914854722373,1308.8729228874054,1457.225045118931,1491.8275495761338,1178.5113896746611,1122.123270158637,1048.6044632515511,1241.1227774300373,1481.1098215117195,1537.5500339709195,1623.1459891047555,1352.4539331616288,1537.850136421648,1384.2782298752504,1450.7688247496164,1545.558875661206,1116.542905255614,1446.5500066119064,1361.0508168452761,1347.8271434058497,1240.2553925279158,1364.8600425627942,1235.2641234793005,1167.1968021150697,1446.6240085519637,1316.385596757346,1470.9288979715827,1450.2105908007927,1217.2515890779875,1156.115662256731,1053.7630444136732,1201.7891664796725,1445.4428442849694,1521.458627335219,1597.932159614038,1310.1417985849969,1432.8666148058646,1361.3901577986092,1364.8550038195838,1338.2763434903563,1376.9401302681233,1368.7269682527644,1396.687115115319,1439.653686492864,1441.2157268778976,1351.2547400427818,1431.9860474017473,1415.7569246513374,1420.9580007149705,1408.5577743463652,1435.6332560645628,1433.574069800018,1370.8483884225047,1369.0488356583282,1421.7813306327894,1405.51977413441,1358.3482173149537,1436.669851958029,1345.0399480211222,1377.0526388826431,1419.3067684362554,1471.3883945755629,1379.6349235427874
photo_carrot,1369.0140533531041,1552.961346896202,1738.1612956306221,1688.6534075211982,1230.573922360822,1130.2546870673334,1348.8928596427359,1057.181234872157,1449.2801156750882,1439.1084401867315,1494.5064989450896,1444.8276468536271,1289.6165373910146,1148.4911523262633,987.431531377335,0.0,1086.8558571966341,1400.9595275754784,1555.4379759610267,1537.0396080476146,1896.8156351713083,1522.825972050586,1358.7391299763435,1450.039019518312,1323.1597783582195,1440.3783245369457,1363.7208241898995,1510.6946461247962,1213.5512069951762,1119.4350188170483,1220.7785667033418,1277.4200603354702,1348.395845643748,1484.4936699038535,1246.183734256738,1343.2243456893243,1397.553202199041,1029.4724229698202,1106.7387510207086,631.1932331089188,1061.5050464592225,1400.5667712773864,1457.8500454395457,1565.8356174251492,1248.2641726523443,1446.732960311678,1273.3470786692208,1382.1684463941633,1438.628322286218,997.5746797947755,1358.9039292315724,1258.69997250532,1228.3936003606125,1097.1802942131983,1241.6046177082017,1013.7143936825643,1049.9054574301433,1356.3432674690107,1244.0780609978215,1358.9128037639368,1314.391209087183,1074.0533389277891,1042.6765761850081,762.676188349255,1026.9944142893746,1360.3580011441359,1422.6200428876416,1508.0256145824628,1207.8829862045848,1298.6166102195807,1234.085807145192,1256.6355924834706,1250.9411011453876,1289.7157298577067,1283.7175226566337,1322.7146149120172,1372.185260362367,1373.7647117874521,1265.1385966254531,1361.2935336340179,1348.2946051712654,1348.784359339204,1327.6318490399635,1368.8648064936567,1361.175731680549,1291.9711343804192,1286.53928207576,1353.166225627685,1329.8497722840586,1272.7658685708388,1371.6752360712612,1258.103411373355,1294.2863140422157,1347.2832849081374,1404.3584417195714,1302.760774729881
photo_watch,1457.3102084823893,1618.160063080421,1819.7686724310722,1754.5371393098958,1364.7691172031864,1273.5206957023904,1463.514340443714,1206.857787165973,1571.0935213010462,1538.241091097047,1591.8798448795053,1571.05192375836,1423.1119317797147,1234.9998531693077,1238.8184979152045,1086.8558571966341,0.0,1507.3157489448104,1628.7199008506575,1594.7010360499314,1967.0159309179032,1590.9338439717292,1467.4469600498749,1484.2539985627657,1412.5944823646576,1478.3623075649125,1459.0312925772944,1576.8164150529524,1273.8012898680563,1232.093845164945,1340.627281670923,1351.7278000647425,1442.901643279098,1545.3631494025435,1312.0055214170443,1449.0427027570574,1459.5107491130311,1114.034291467145,1190.6935178018816,1046.543350079622,925.617959745532,1479.7420581981773,1533.0158751665294,1618.1591198930023,1401.6021787422148,1516.1633979036285,1391.1301834009685,1371.1905945418855,1475.5966910668778,1116.3636561022788,1426.4452787058776,1332.7419394639212,1303.9990804589183,1184.998754027936,1305.0773042293522,1128.2382664588988,1125.217387589782,1421.5444566230694,1311.2164407354683,1441.5717976101525,1370.103109803364,1200.8384285400373,1181.7721191835926,1088.501245320232,1012.6003986811611,1439.9677031933156,1503.0082198948867,1558.1969656746978,1270.0494483127636,1314.7211567960262,1372.1543008012304,1264.7452220458824,1340.8636536904037,1381.3523661694642,1377.6529134554514,1422.4914773766875,1472.5740446400794,1475.967652141761,1364.272539607448,1462.5259257085306,1446.0594650443156,1449.8028362126358,1421.361591401155,1470.2437024095414,1456.0807859495924,1380.1362322329192,1388.3752806300129,1449.620205188905,1431.1278201405187,1365.9250787026376,1473.3962654143747,1356.5034309995242,1383.345522902676,1446.5112075280208,1513.8628052118543,1396.9576931808342
photo_key,1583.7480659255089,1646.9511792741725,1625.1904298512889,1708.335261338774,1445.234328703059,1524.9270511880886,1529.0000136752271,1440.2997287062901,1259.8333870945185,1399.1585300975942,1524.8772337881685,1215.8622125838754,1413.9245994743662,1430.7383710996846,1477.787242001713,1400.9595275754784,1507.3157489448104,0.0,1289.1658859092058,1336.4140323874649,1805.9334888518458,1616.076835278154,1341.603393980715,1523.5318858894411,1517.5820742557953,1528.6264615926511,1036.8808996514738,1511.0282371769654,1495.3439090398995,1477.6091722925642,1510.3844359227771,1524.7941499309447,1188.6529019839918,1466.9726850166007,1519.87216036861,1066.3118288110518,1359.5900060592244,1354.3490867170703,1407.60686187142,1382.8707084671155,1430.7257965184567,673.7056771259404,1199.1525640015054,1333.9610390960468,1024.294064527011,1316.5227867420015,1098.7530898372752,1498.7770860410337,1461.3194712422446,1311.9452035024085,1013.7260775190191,1467.621927881271,1503.4897533698527,1481.3225596195798,1480.8853607677527,1438.995305054803,1347.2436449821607,1325.739252674353,1367.2269781185353,1036.9105909546206,1488.228450804769,1358.1526072104152,1384.5823532350469,1386.8708200082617,1355.0649994370342,756.6203936736553,1138.9159229231232,1259.5911430900667,1459.7798622175724,1462.627016701157,1199.9121793834404,1433.1413654916357,1095.1691465239521,1093.918635739581,1099.856988269289,1072.5845783049413,1052.9392515884367,1052.445787922549,1128.5086567543651,1065.1993375028233,1068.209365329961,1057.5808478138447,1085.2020156630779,1069.633704034446,1062.3816322997375,1090.9015176244152,1092.212058706324,1062.2624870279271,1054.9270063927124,1138.9419993370127,1082.3732766041423,1133.246555982196,1096.0384126157394,1086.6687324897446,1109.545221376082,1084.8428655670537
photo_truck,1671.825271996398,1689.6182910695122,1614.562167358799,1716.0731718800525,1539.9173516078183,1621.4792425482171,1641.0068636790818,1560.8492604525456,1434.0733153552624,1429.3273567868814,1566.1635305420975,1412.82317789678,1544.1831623506243,1526.4681659178361,1612.7435692776614,1555.4379759610267,1628.7199008506575,1289.1658859092058,0.0,1403.0732414306542,1772.1188037677418,1573.4868293447778,1396.281203678679,1539.8866225321915,1582.8150475389534,1591.3291452787687,1334.623943358181,1556.2670090536967,1581.8962153992543,1609.450755298693,1656.7778034613143,1598.8687907852936,1355.3204758818742,1514.1437586298882,1636.4045121423756,1331.0528822619608,1425.0068056523219,1504.7154225874574,1539.6108164761042,1550.406565287004,1561.4543580680102,1327.714338580605,1007.2157123243001,1389.533975196111,1261.1779594063541,1314.411046236051,1327.1986999223516,1565.9975437252237,1520.3896444120937,1497.6007257491644,1365.4435091497323,1600.9127077345765,1589.9503378899628,1577.1913801822832,1593.922043220616,1570.4743878286981,1552.4225297811115,1428.194949399919,1530.5400946358209,1292.0079849708889,1608.2811427851434,1529.7147145040653,1556.0549620422482,1540.2538618051233,1556.5162437408355,1355.7196245584666,1006.3590162201517,1375.129989440189,1558.9286979636593,1557.5349036961397,1388.217741025288,1543.7138441809707,1420.8113417921568,1421.2003264697641,1434.470855986931,1422.4222629597682,1411.8632897233329,1413.3690247116626,1445.6751046575641,1419.6385618845468,1424.3232250249755,1402.6548881409537,1431.3012056730126,1417.079688066958,1423.6115915836556,1429.864757552355,1426.1370867041646,1422.8236621039562,1419.3287878516326,1455.4979258545734,1429.1296480671392,1443.6309431936004,1433.645480529979,1431.8460122375138,1438.6255325499326,1433.403168168137
photo_velo,1669.9191887636002,1706.2594936093174,1698.2857964380494,1768.7743999726995,1509.280570305241,1604.1454822586986,1644.946962672782,1526.7168937791062,1475.8253278375796,1456.7229438904255,1635.9213484646239,1452.484173850447,1469.3148454654358,1504.19364510716,1586.5803448775807,1537.0396080476146,1594.7010360499314,1336.4140323874649,1403.0732414306542,0.0,1861.146627502612,1673.1104932843684,1429.1381275993483,1555.241758661343,1595.8808138888853,1601.1182081812092,1337.2071035972615,1599.3249518305959,1517.7366947501569,1571.6263293052234,1652.125087289096,1583.1882572750492,1389.0026096776646,1532.29756788473,1577.4185612534566,1309.6051011529398,1336.3394051256246,1464.102750968298,1545.3879856037513,1517.6340829705443,1534.4252194609255,1326.5423072766077,1317.7435459334968,783.2159662069832,1295.7422481405251,1395.4234867713005,1318.222047179718,1540.9574003934927,1540.8577734850194,1467.3510442701881,1353.6189658113515,1592.6919105512625,1525.3617737868042,1556.2302135741597,1568.4521980315876,1559.4506632731172,1503.77476554763,1489.2955482949799,1508.9454008336327,1335.756767298265,1541.7171577260617,1468.8646152087504,1518.3956968244743,1512.751586069976,1531.181389855092,1367.2162436814347,1340.659414730123,1021.5450990612965,1542.724445274062,1546.4749657214272,1355.5065068905244,1494.7926447730292,1416.0782542070224,1429.4876248737337,1424.4867392702047,1425.5006439222254,1442.9009304825775,1440.6709705806002,1436.3116436706298,1432.068956805921,1436.64240423812,1436.5766537442598,1423.659111573511,1444.6628217584669,1434.8667915397577,1420.8359809121102,1431.6068301603186,1432.2997029055102,1423.6180767566714,1450.5608930643377,1449.3128191336593,1438.9113774146808,1434.0312168545456,1438.7585972467066,1480.7852040404143,1426.5816086126074
photo_road,1919.142589355784,1908.2566051470558,1454.2313331952532,1739.242488408271,1879.0726261320244,1903.2806809050096,1895.5799046028765,1868.088948156906,1828.0059899638345,1843.7146217843958,1920.5927192456925,1893.7712014564283,1936.7480147079646,1869.6521615471158,1916.9954513962603,1896.8156351713083,1967.0159309179032,1805.9334888518458,1772.1188037677418,1861.146627502612,0.0,1869.98669526695,1607.6761992951633,1852.8834765481463,1888.6572662403878,1947.2063660441945,1787.1218064940551,1863.6796390344489,1898.4756575339572,1915.921135922647,1999.5602495952394,1927.3489193663097,1795.1413141681514,1877.1897154278074,1935.4746153339054,1821.74155643649,1829.4389736819346,1854.7702149050954,1864.9120891824714,1908.067834446508,1911.1204463663646,1853.4889968071643,1836.125608127991,1869.4269062571038,1691.7193929911464,1785.6984171268348,1781.1253910103153,1873.6088348202861,1908.4373141466804,1841.3223276177891,1833.5666242060397,1936.629705981446,1931.2003857872685,1907.656800756576,1942.840276993257,1914.7069040482359,1891.3179420847034,1833.5539318724836,1877.1852538788967,1811.970612122816,1956.1659602576522,1873.73065380189,1889.6040989931005,1895.0987470842504,1904.6947142059191,1843.1795602429074,1804.43533310701,1884.3736295368126,1894.0688561714026,1890.6003066338462,1813.3947105995212,1877.9314520597372,1808.3883290029144,1828.430912437492,1822.5053510082705,1821.556162448792,1828.5263486616473,1827.266146343,1836.053434677603,1827.3385385713807,1843.7180838968213,1812.2783400285034,1840.5886990797414,1831.1975943682608,1828.144611627702,1831.7918732116461,1812.8939635594434,1831.8258317070338,1823.494103900203,1843.200245839436,1849.8439022774137,1835.4009471151403,1834.6834587901176,1841.7562218358235,1851.7764155712773,1823.9423800511174
