,photo_face,photo_profil,photo_eyes,photo_face2,photo_walking,photo_standing,photo_hand,photo_legs,photo_bird,photo_butterfly,photo_girafe,photo_fish,photo_cherry,photo_tree,photo_flower,photo_carrot,photo_watch,photo_key,photo_truck,photo_velo,photo_road,photo_house,photo_mountain,photo_windmill,drawing_face,drawing_profil,drawing_eyes,drawing_face2,drawing_walking,drawing_standing,drawing_hand,drawing_legs,drawing_bird,drawing_butterfly,drawing_girafe,drawing_fish,drawing_cherry,drawing_tree,drawing_flower,drawing_carrot,drawing_watch,drawing_key,drawing_truck,drawing_velo,drawing_road,drawing_house,drawing_mountain,drawing_windmill,geo_face,geo_profil,geo_eyes,geo_face2,geo_walking,geo_standing,geo_hand,geo_legs,geo_bird,geo_butterfly,geo_girafe,geo_fish,geo_cherry,geo_tree,geo_flower,geo_carrot,geo_watch,geo_key,geo_truck,geo_velo,geo_road,geo_house,geo_mountain,geo_windmill,word_face,word_profil,word_eyes,word_face2,word_walking,word_standing,word_hand,word_legs,word_bird,word_butterfly,word_girafe,word_fish,word_cherry,word_tree,word_flower,word_carrot,word_watch,word_key,word_truck,word_velo,word_road,word_house,word_mountain,word_windmill
photo_face,0.0,156.8699760897227,169.86795762056707,174.99822225063684,161.58713767903654,170.5572562710109,163.757387617811,164.8353878524795,184.98745290000872,215.37338569143733,234.0237472579808,177.06981010200388,204.75294532092542,178.35293806799848,161.27066721539964,157.52849496100856,212.60526720408865,162.85628272829683,175.5790326136995,207.88229296020356,187.98425259979373,183.10742466464495,208.63687651056696,202.63264793058062,141.6543787255399,147.952275160463,141.094459399511,149.6098867423043,143.79348156759812,142.45093279996237,146.44769052251965,142.66908945454202,149.33222834872947,145.86180543655644,142.99060278581968,140.45940933811093,146.6481518978266,140.64153917655716,145.57007425730714,141.03816828429413,141.14856800042867,144.09899898545046,152.54357707114656,166.76027585245228,144.537420325846,160.918964745572,139.21976644886763,152.62676790162155,142.70058152836836,135.30483326860676,138.49723617289388,137.78436410232283,142.93137453610038,137.74478356027126,147.2670044109141,135.7592045673264,136.85218569147656,144.10771969827903,139.70994192887028,139.7110800919199,139.96816635675563,134.47335215588032,136.78862899629095,137.02248111125408,131.8301372330867,138.74759584158704,144.60449171052693,145.6410618414235,137.26176765714462,146.13527420247226,136.16029584167202,148.6714666187164,138.5558846295208,140.10703610990257,138.44357211701578,143.15246116331423,144.25678477855652,144.40594387566398,139.99784427023397,144.46694641835668,143.59935191115608,147.38738408783365,142.15398864429153,143.389333467371,145.8344161680946,138.90221608459092,138.80208314043318,144.49977174548812,141.3693280132354,137.15975840870843,145.05544539901808,137.84014140793695,141.45645872780946,144.68161883571133,151.957864809691,144.66982253483238
photo_profil,156.8699760897227,0.0,177.59811103757093,177.419546771495,176.52369020022968,186.75966167753234,176.9269851709474,176.4491643920225,192.3167411279969,211.40827306992054,243.23613536708328,190.8871655528502,214.15559663224957,188.9444814205184,176.37525936486662,176.86866382190274,222.27180628063795,173.33937708508245,184.29861874822228,210.16500123297462,192.02856397379446,170.04455443905997,213.60855158447228,208.36986408579975,153.81827057070575,159.7064130029514,155.20959134679063,162.76299702796186,156.14815820490924,156.12952338623427,159.3958717979952,156.0100220090634,163.27810137200328,161.3000176097256,155.8968207720306,155.49596218039034,162.48647683746995,154.84615880430363,160.24548762399053,154.90649378356105,155.49228911202496,158.44968961027385,165.50136505983352,177.4046973250782,157.04637799598333,172.50128322984125,152.90156673421248,165.0814797052916,156.50219464995908,150.27185535025038,152.21746470904174,151.677279320134,157.8650088102319,152.50832695267601,160.12819481402403,150.9743372613196,152.05371833627981,158.9612108789396,155.24788975776414,155.34226774010673,154.85543679883904,149.7723619873329,152.51153693219797,153.27193512569787,148.0229355086596,154.02870592785393,159.3340617753033,158.62241059685465,152.19003242872893,159.50769318406327,151.56047677866195,162.65770441316204,153.68243138878137,154.85276836897856,153.85960508239856,157.26714444759284,158.13467640478197,159.68535592333424,154.9247236007202,159.45782058302598,158.0928736559683,161.53227595844012,155.54199216520146,158.0972148826138,160.54131396726083,153.817782554505,154.11681061371615,158.25993853080843,155.56457424258826,153.06298507975703,159.2069072675215,152.55285336759775,156.04449035117435,158.71656147377104,165.49723953629518,157.93552243747502
photo_eyes,169.86795762056707,177.59811103757093,0.0,185.04617506023848,182.17012305690875,187.11074345190906,190.0196727096581,188.68414193989435,195.3373659946584,224.45250629911357,247.40887342634556,192.87427821686657,214.99772472249438,200.9993530490001,182.64387999013064,174.81332972000789,232.28495404569225,178.38033235182758,189.52078366456058,217.7338433950628,144.28249888698676,194.78608669961542,211.2308129437143,208.53991138092513,159.9513012184992,167.32655375946007,158.7118593654608,165.31901048165486,163.4069881529435,162.63830186426847,164.81718427387264,162.9304419763835,166.4874087539424,162.6141797520694,162.64307929020814,159.10240925368325,165.9023691848209,162.04306442948513,165.45706961474983,161.60479755793665,161.66857880316365,162.74121862809045,169.37258976108507,178.94701279332804,160.2648590628028,175.91375252279647,158.250705529034,171.0167048379251,160.15772013257325,155.81868987122556,159.47988225511287,157.01288235789892,161.8772783872594,158.4491004016854,166.28927750370497,156.95337559558794,157.49968486589916,162.53081496166516,159.93494561111066,158.390278758058,160.08583418699627,155.0256003464913,157.38777390907455,157.31403180481811,153.19392503113514,158.68264733116993,161.40315515996545,162.42659257232924,157.54204558131067,165.20836760894682,155.2788727484684,167.68044730342228,159.02961677995737,160.8194763851947,158.97686605216128,163.77721246800814,162.65177016269473,164.90479927266938,160.21670792760568,163.49286640864872,163.1410917903619,165.1397831260107,162.14930038488205,162.51594330179992,163.46758811430828,159.272575383698,158.60323073475914,163.6170046749579,161.81063541501615,158.54922966665004,165.39795862972213,158.27660450656055,162.22404822476102,162.42763438635413,169.59218498732244,162.97109444931925
photo_face2,174.99822225063684,177.419546771495,185.04617506023848,0.0,191.99226029085972,194.5113220741147,189.59503483040228,191.52610910611506,190.15076246919065,226.78560999510924,247.82486357995077,191.56418697156096,214.81783457251953,202.04333868931897,187.78234727590583,180.50123410862133,233.71523718588662,183.3175136349336,198.16998428453763,221.9729392406996,199.7173192359446,195.53105428231436,224.41796825408656,220.12470937849508,164.73433503247307,171.7924829175516,163.92003653673157,171.90700542668296,167.12832946096717,166.75700942398205,168.41772209238948,166.99533259049306,171.2174887695662,169.09023442362405,166.7730980759817,164.64563306262247,169.7390596996532,165.78896086747088,168.4579183467109,164.9972271928655,165.87254684375964,166.2796982629993,174.04088830848733,185.9852322822841,167.44349752011456,179.08435906734536,163.09664921902944,174.67115704615225,166.12627945311212,159.7384697966558,161.656449975417,160.73805519901603,166.4434342662426,161.55458356641827,169.44131707378259,161.0202066445169,162.03247089311728,165.02822103781085,163.76781960087274,163.35353329839427,164.45817695657942,159.32691384498247,162.61147110477643,162.58630863357155,158.17444513767936,162.41036940728017,167.9335228295481,167.24928326025304,161.49794938825016,169.2087853359021,160.8251635858929,172.12647732614712,162.44024081327657,163.95598662743686,162.91801077865296,166.12151989228227,166.7260586476432,168.6762310711272,164.173150006303,167.9265731515331,167.4737496843655,170.262471759404,165.21638573563516,167.1236421801238,168.65241792619167,163.2066717751096,162.6190958914204,166.96315392651613,165.19194310147006,162.35330273788793,167.9957596660914,162.2004500787066,165.19628585744442,166.4919692222486,174.11763409092032,166.86315332450727
photo_walking,161.58713767903654,176.52369020022968,182.17012305690875,191.99226029085972,0.0,175.8201542072361,183.5521296902757,173.85764500513125,186.37906621113643,215.85349146587902,239.99995064406437,189.67643495643009,212.44183099085572,194.5885025405184,158.01303813327834,165.23592119946673,220.2233780862455,162.65895511120257,187.96232670804974,207.0008132174896,196.79805104669163,197.6774927025491,214.22614636774668,213.15770971406795,134.99332462167158,143.9550153806496,135.22729444502232,143.24819288066905,136.42073700956712,138.14938551814282,138.82721365752604,137.26342750600216,143.41080457135052,142.29372211480802,135.57852790705843,134.94137821048764,142.21199351412127,137.0305667509165,141.9489540359763,136.57065085203686,135.75298100241852,138.05705215276325,148.68784746146102,164.83497748404855,137.40153815818644,156.03907213954383,131.4202006620989,149.20401810403158,135.641243239287,127.4885725732871,131.04011384277086,131.11863713855692,136.85641454750896,132.66984009745588,142.20954069971626,129.66677520870476,132.23267339951823,137.07791051709853,133.94839935508415,132.92376737425874,135.05157270081654,127.4353263056057,130.9780923659667,130.77260292025375,125.10845312315476,132.5853632380647,138.3844164794764,139.09096682250572,130.10707056225138,141.93505450276092,130.34669344482785,145.94443840645192,132.26337032291076,134.9337621529867,131.6689102027761,138.71227111322008,138.2321099287331,140.00822744766438,133.9467225352498,139.4704993799498,138.37572489791373,141.62235173504567,135.81438606844785,138.50881650821498,139.56950039004707,133.32184105648437,132.22011075623138,138.95805171717836,136.36231035264004,131.7519573905497,140.56287288288618,132.64503391582096,136.8060248428404,137.6077626530015,147.43121806780636,137.628438761161
photo_standing,170.5572562710109,186.75966167753234,187.11074345190906,194.5113220741147,175.8201542072361,0.0,188.90934727512996,182.63839792038905,192.3638483322595,228.56011317438868,244.21116419251598,193.21241549858286,220.2013774149989,198.88003089919337,168.89172473858756,165.67051633058634,225.37136420424685,169.6318998377111,190.65969981239323,216.28617904044984,200.57859508857436,205.13800403099145,217.6658953983994,216.40526764066513,145.1544893238991,153.14741160741121,144.0963167032281,152.80331845091283,147.28349604646743,144.32243717174416,151.2462199391983,147.176484981659,152.5257589635501,147.9466179056824,145.87476394961027,144.68758468597258,152.5804210257044,147.49472441650605,148.40100043151025,145.25822001114813,146.36207025434388,145.53301299475888,158.94457775311176,174.28638233993843,145.97124837661698,165.25520170678269,142.30417612807724,155.6332687737921,144.67839634789132,138.7264189455067,141.3668485961626,139.12564296149685,149.02784938963387,140.93685129810774,149.94986150483555,140.40488023748247,140.96068982403904,146.30480359341385,143.57711599457465,143.96535957007907,143.5824987195593,137.3051173632386,141.03426576162312,140.14299271903099,135.1292782985429,141.3160581090269,148.63175445748448,147.5022566202779,140.40588210000212,151.2470482209437,138.61727106155612,152.82855042226467,141.1741859453696,143.44685069556195,142.1091262361876,146.9169457234523,147.23793712834134,148.72956864299712,143.576019606619,147.64808262969856,147.8275234811297,149.96105769903,144.73548806281818,146.4469649899396,149.49949140710362,142.2658933438316,141.85780017925325,147.54704697722002,144.8209781963906,141.89914216904305,150.24192656132715,141.27601636529533,143.69484213830748,147.75957068789415,153.87551467878285,146.15571581143996
photo_hand,163.757387617811,176.9269851709474,190.0196727096581,189.59503483040228,183.5521296902757,188.90934727512996,0.0,182.64604696297525,196.8619351635636,228.4985152412138,247.74890844687985,192.2986588532067,215.8433314378867,197.8744642760107,178.95344818297582,174.32396624729282,229.64200619208958,180.15580479754698,197.77260904768647,218.49982860353728,204.36481188647667,197.4041969502755,223.8684346593156,219.7163807273982,156.6583880793929,164.24625484247665,157.7557567089315,164.96413984559211,159.44642884229035,158.42686146420164,161.2788693874484,159.08214800639533,165.27164926291292,162.07151510402994,157.91929993032286,157.210681390008,164.49418773251006,157.90950923841922,161.46359741214874,155.75536851868046,156.92976165300428,160.17766154915574,168.40442663482813,183.6343571780827,159.00880866986444,175.9901456368931,155.58959735819278,165.84443201632897,158.4183656653653,152.43508441976653,154.67768085301887,155.37530312453885,160.05714858229595,154.74596730123386,161.5003373321801,152.74375789291685,153.67938161445028,160.6916813993977,155.73289155768418,156.67995031113622,157.10031305300703,151.8479874140622,154.25779865564476,152.55661947485697,149.73496730177797,155.3879483149347,160.7285185711347,160.7127980511141,155.3299443566358,163.00598330262645,153.30870686279007,166.487080747552,155.21763256991278,156.59044317484467,154.81866219701394,159.9464068019855,160.17421841684998,160.86764868931652,156.09381723667258,160.10822048796481,159.99191781704826,163.31569711604695,158.68819379337612,159.57376176436435,161.50905530130436,155.82037618880662,154.8375339761928,160.03256972282577,157.86287199756703,154.7597338332843,161.33724478535305,154.19678013365737,157.49575917163102,160.0768674106974,166.78812475551752,160.1086765429656
photo_legs,164.8353878524795,176.4491643920225,188.68414193989435,191.52610910611506,173.85764500513125,182.63839792038905,182.64604696297525,0.0,193.46047037813153,225.15545284459503,243.1768296019731,191.71747222172144,216.4839828438931,198.20887649428778,166.9505596563716,172.18662807502093,223.13768063687704,170.80329891190496,194.90027053317542,212.59624803744083,202.6567498032407,198.1002312776715,221.22362477291472,216.2173588713879,144.18154086980945,153.45423314672735,145.47820349044747,153.43240253342677,148.0656212110276,147.43122102028627,152.65816099974168,147.14615975526146,153.35984035086744,152.6314730016766,150.89794075341354,146.09756557753678,151.86373313150852,146.6759140946076,152.44452972373767,143.8640732672637,145.0174014545841,147.9715492944441,158.0942720849103,174.75828066664704,147.3257375506655,164.2393556431351,143.2489156890532,159.8641694914311,145.99070833752964,138.2016510988994,142.55043811685692,140.49717140667758,147.2502013757565,141.51232539632238,151.69044353292696,138.48905406138766,139.3335409171835,150.55641358591453,145.72759642406413,144.75017545733297,143.22640603715553,139.46673133138444,142.495375375967,142.30255170761487,136.92170881974764,143.0093378709929,149.41271473767105,149.10298125875025,142.29999044435604,150.96436155168502,140.16084381627678,157.85197462471996,143.24606121059517,144.5503904388493,143.1427284244709,148.3536422235998,148.7580060441117,149.85611216441626,145.2787016251406,149.50002497179594,148.97574191829622,151.33298485411595,146.85733183735076,148.8793724718221,150.09162583706464,144.21507447955668,142.9576383503465,148.87050717523215,146.50847951180398,142.17361446364274,150.18053516306915,142.82586016902732,145.50871703979908,148.9276962901548,156.75660119135088,147.8754090265395
photo_bird,184.98745290000872,192.3167411279969,195.3373659946584,190.15076246919065,186.37906621113643,192.3638483322595,196.8619351635636,193.46047037813153,0.0,223.56355782651397,245.86782557512396,187.40311361083988,221.0498752108907,207.1502580145172,183.12515996027983,179.8812404903367,231.53120875957578,168.03111805903137,194.15594110092093,212.00821072778774,203.7077074334813,210.27379710778112,221.71548573697478,228.5977051645105,153.50923630153733,160.0497491855437,152.4674763849688,159.72710732258074,157.2911726379026,156.46638403355726,159.05587207508245,156.25052375911974,162.29510302639144,158.58867066030544,155.8080499548213,152.8299062028749,158.5983597848098,154.63088544021826,156.2280580148496,154.23121752520254,155.20119169882182,154.58505980679467,163.82367259558518,178.67785445734185,154.53656207055803,172.29915688143439,152.1639377987352,166.51421000720308,154.37870122407003,148.86683667733453,149.69876425317034,150.0922779297527,156.12467185640716,150.63822893563386,160.10951845957862,149.49561613096523,150.2331209412264,156.78993914675146,151.9421766416488,152.3472112773778,153.0981204055686,147.74265004045952,151.17061510107098,150.24850637310558,145.48891598960086,149.50715868543088,156.87282859316957,156.82537237329342,150.25500248762756,159.40287943467433,148.53318744469914,162.78237367768304,150.1425439627432,153.3396694879327,150.40997306526273,155.14067400349893,154.19481958483814,156.71688250764856,151.3477464923766,154.14172078225218,155.78507584857894,158.9169182073369,154.42432255366032,154.76599032450673,157.5608378252016,151.59819671804303,149.2540496913399,155.69797375226347,153.26548427675968,149.99038855177406,158.3417640559947,149.48267251058869,152.26002577998003,155.05805563964722,162.41213089159635,154.771978077843
photo_butterfly,215.37338569143733,211.40827306992054,224.45250629911357,226.78560999510924,215.85349146587902,228.56011317438868,228.4985152412138,225.15545284459503,223.56355782651397,0.0,273.6327267685953,236.38850966384675,256.4566869601411,231.95838648536468,219.0930588163532,216.62758018183834,260.63218435913194,207.71648579223955,214.81100288099336,242.02207130523473,220.14295295943168,225.7833949107967,245.29970385653357,240.3321333970203,191.90037146490587,196.14694252700423,190.76299593999465,196.10971663350134,194.59722624966818,194.32719748381768,195.5854799873394,194.36881683749775,198.28697478506896,199.51553621344567,193.4284782089188,191.25427011376897,197.9838764239683,193.1703129980561,195.78154951993181,192.22039726154702,193.33479566843977,193.0413326704655,199.14080314699598,209.66670048336078,194.78329806153332,204.08177689984268,190.0696925875119,200.9355630764628,193.6151910920235,188.15554516964573,188.32849893982666,189.92185993702398,193.068746648847,190.53656001575578,197.04485426253493,188.9184370304078,189.92611504984757,195.36823267563912,192.11889002816574,191.00673253211482,191.38488757889525,188.27119492893667,191.00354137248877,189.6958372953464,186.397923370351,189.7262537039763,194.2564832981317,193.23092929276135,189.7068542191509,195.20436961827147,189.61928930435414,199.24048507039032,190.6179788122922,190.54269175036706,189.82438971882848,193.6643471485664,193.16130742697706,194.5135349844786,191.0677240227484,194.0617002797785,193.19118174892364,195.58237650360408,191.79993630922866,192.74031290357425,195.1502195937922,191.04797675378228,189.70755411404585,193.8124299518471,192.15973337785232,189.6404401497677,194.62174147889397,189.5555495059912,192.16759406005545,193.96770394085044,199.22697024181545,193.31758193578344
photo_girafe,234.0237472579808,243.23613536708328,247.40887342634556,247.82486357995077,239.99995064406437,244.21116419251598,247.74890844687985,243.1768296019731,245.86782557512396,273.6327267685953,0.0,245.3962946384038,270.6604568542756,254.99777450471527,235.2466941260283,235.40266208409878,275.70474438411384,230.1778765075995,248.1445883873677,263.65375236561823,254.999369873466,255.4344160531272,268.7121818692626,268.85316557836313,215.2025225405595,219.75433447178725,213.38162489981892,218.7873677388336,217.41847288634594,215.79886097413564,218.18912585882313,217.8836057290291,220.41677021145836,218.5533588116699,217.9631997226891,214.87132825095134,219.7277920465111,215.61170682883954,218.45576020242203,214.748061736597,213.75527221732432,216.11015719703903,221.9592691239974,233.27731651482603,217.95877484948724,227.7480953811957,213.53999331044557,222.55509887899188,214.2312721613485,211.05511899173806,211.95871471685578,211.91273614513858,217.33791688077451,212.03350802470737,217.59364872867454,210.48378104076772,212.19594375766715,217.26920617131938,214.57128072262233,213.20792567152267,214.15587330348728,210.8044736404422,212.85042269961423,212.23183768869788,209.10413689547218,211.61108276804254,216.63787186120032,215.75128960449354,212.56720887075534,219.86679643343928,210.38347394946123,217.7200001844286,213.39878683613347,214.47862092520526,211.54539856593476,214.64384461417777,216.06782820859863,216.66075390739468,214.95916381743217,218.21567971621795,216.03307503555652,218.5987398975007,215.5859168829307,216.09428515379548,216.43458025033902,213.40495876708025,212.84120869168538,216.31696025132246,214.26427504778871,212.2449654809259,216.47629174692514,213.27617357161867,214.32891622520867,216.90035168484664,221.76934564388648,216.66718316135425
photo_fish,177.06981010200388,190.8871655528502,192.87427821686657,191.56418697156096,189.67643495643009,193.21241549858286,192.2986588532067,191.71747222172144,187.40311361083988,236.38850966384675,245.3962946384038,0.0,221.37041414709282,204.41056328273478,185.32852463452264,171.57553690878692,228.25790782742772,176.7355847158244,194.39910047294165,217.338735932538,201.10637846974348,208.58589376277752,225.743212121207,230.63008670184016,157.85055666449847,164.47197035421243,155.1965488793674,165.8479662624131,161.29978369106314,161.2780573318637,162.7579680354541,160.3507324312814,164.89960702796995,162.37703405799488,159.77997886802672,155.65283794284358,162.96685862557834,159.39867606478788,161.94224172920937,157.96058568596987,157.65389644113745,159.3507475159722,164.91922628248565,180.81584373580682,159.73102894211942,174.81609679096564,156.39989035846634,169.65366694422383,158.52856430197406,153.31612825437966,151.82444699386286,153.62050514233692,160.40805612711927,154.92881979395978,163.66246949984136,153.38735256399448,154.54376976736384,159.7460636003544,156.75947542935805,156.58954843591405,157.55817312788662,151.4847155382955,155.07350875264353,153.7034038069351,149.69255605410828,155.02466391401384,161.559227188014,161.29207784037752,153.93891485094008,163.263294057624,152.72068723908924,165.85373232012626,154.3248560208419,155.3697197099655,154.04392051937123,159.37372343614442,160.10698818160512,159.77832472992742,156.16689280917728,159.137077100555,157.30336396914544,162.08754257510301,156.96806342184075,159.34916027472707,160.73887924124887,154.84748375679732,153.83998252600568,158.70308404903028,157.08123548350173,154.5443652904709,160.94472022821688,154.22914554977234,158.2480032638971,158.4561631153642,165.55594139550905,158.71573131548726
photo_cherry,204.75294532092542,214.15559663224957,214.99772472249438,214.81783457251953,212.44183099085572,220.2013774149989,215.8433314378867,216.4839828438931,221.0498752108907,256.4566869601411,270.6604568542756,221.37041414709282,0.0,230.36482623273963,208.53631492948963,207.6913016966452,257.4977019308921,204.53726422865344,229.73811542229498,242.23493950081857,230.27470495274179,226.02126941467876,244.37442287586896,243.25776603938607,186.76781874879185,192.5896178976607,185.6551443947095,192.40257660290916,188.52360007708074,187.94467211374806,189.3767351245411,188.2123073555892,192.44446303528713,191.28396493779283,187.94974662657646,186.49030590087028,193.42203173508497,188.56795033929086,192.12191239618505,186.665441141484,187.95954092817317,187.6017079217535,195.2800444249289,207.3486135123699,188.50196377603686,201.14516784447179,185.25115192689634,195.20751802371655,186.3497657730953,181.7296120610908,183.6674611035884,183.4176272874237,187.97499604256583,183.19310686843033,191.26006438978936,183.1167960628503,183.30596324962428,189.6189575871518,185.21149667960893,185.54970026568876,185.68587235102683,181.5140329772138,184.41959744617608,183.73383944197,180.57588818725242,183.82349592029786,188.17766386739498,189.53728081719663,182.52440961672733,190.74436791585532,182.17684150375518,194.0833970370593,185.09738885838544,186.7422027504065,183.21640057872534,187.65118144281158,187.36346226064563,188.38735731782805,185.5074174124276,188.50042894986817,189.26511223938127,191.84698340240755,188.16243733941963,188.4236653909036,189.57540553249714,185.27300725848144,184.8372000747412,190.1459622272043,185.83874573781142,183.0953182579123,189.34581942492196,184.27542439463113,187.29511624219157,187.24676561631713,194.5281262377992,188.01223133452834
photo_tree,178.35293806799848,188.9444814205184,200.9993530490001,202.04333868931897,194.5885025405184,198.88003089919337,197.8744642760107,198.20887649428778,207.1502580145172,231.95838648536468,254.99777450471527,204.41056328273478,230.36482623273963,0.0,191.70833131405934,185.2829763705321,236.63513994647346,191.46658806557565,206.20149619360723,227.89165003658744,212.89738240457277,206.0741915849271,228.72089446670321,228.70724747328427,168.62438837415237,176.161685625631,170.11982843920586,176.0113764331297,171.50302204782773,170.73105859722608,173.35477856316865,171.76082774661086,176.54014559177293,173.84793014541236,169.70257565418495,169.03046625351732,175.85542432659395,167.27454806420408,173.7755221768245,169.53489820151984,169.76010119347072,171.36338994601675,179.31060138739795,193.75863486457897,170.9524500897273,185.18263160498108,168.2331867512118,178.50094414816166,169.52538387427677,163.89095016466936,167.00571042755405,167.8177091407534,171.9225645240978,166.19294443519192,174.76427743423844,164.6772644811168,165.78235828523242,172.56407764618547,168.9206717320042,167.95526864169966,167.76113177490834,163.10376724808273,167.370303503702,165.97207029497213,162.0106261081521,166.90517302518023,172.57136484066754,172.98520694529967,165.57984880815914,176.1432271340802,164.7245822371783,174.85237712527524,166.97907462604903,168.73615430459822,168.02819713876053,170.72155487237674,171.20232385344215,172.61377430242757,168.29573040081934,173.0571436355106,171.41630193661797,173.71693728573726,170.9186237326849,172.47219888492708,174.0453398488057,168.6513425106886,167.98838230844552,172.97984010054483,170.80632044859502,165.12206391636673,174.14510689505335,166.42062586729136,169.38253797717542,171.9038138468804,177.61098731312822,171.998542325663
photo_flower,161.27066721539964,176.37525936486662,182.64387999013064,187.78234727590583,158.01303813327834,168.89172473858756,178.95344818297582,166.9505596563716,183.12515996027983,219.0930588163532,235.2466941260283,185.32852463452264,208.53631492948963,191.70833131405934,0.0,156.58014319229417,213.8477792946426,158.07217800880935,187.80779241090508,204.09083899178216,194.26031082010775,196.3690602850613,213.83574935499627,212.17772901561406,129.4895232105641,138.0572621563094,128.15730291643396,137.870447464227,131.9698990910439,130.81601794015174,134.0547140163192,131.42126558163477,139.7391010073129,133.519896165199,131.03881276870118,129.43998640781564,137.93267436308923,131.84024442387567,135.1236457659554,127.78723582927542,127.7498675594338,130.7014365359871,143.28876755994526,161.51624193334953,131.32873209549146,151.83918582739315,127.46978562269543,143.04128310568015,128.58297295461534,121.7243128297502,125.10068669627742,123.77346918485637,131.33606889845345,123.95146922651418,135.5061742540368,122.44136529209341,124.24846681178528,131.29807585343724,127.389971831098,127.62869068911108,127.77582305651575,120.47863531332449,123.27073106394596,124.51411824351253,117.95971049551466,125.42444316232013,132.5264838340402,132.74956753296112,124.20572012170939,134.54974925835137,123.51929179318051,139.57283553694984,125.6022044347762,128.51404823790787,125.99758431627768,131.86335071683212,131.6728819811867,134.24587378787646,128.03202766846556,132.90618174798703,132.31354791022045,136.25291529073982,129.89327488015644,132.0859416245491,134.17440015802254,127.72478521918745,126.14481132125127,132.3685149763961,130.46429386376445,124.9173644394333,134.5952965982507,125.27844905544531,129.20198946086822,132.03373266754318,140.75678137763836,131.854039216891
photo_carrot,157.52849496100856,176.86866382190274,174.81332972000789,180.50123410862133,165.23592119946673,165.67051633058634,174.32396624729282,172.18662807502093,179.8812404903367,216.62758018183834,235.40266208409878,171.57553690878692,207.6913016966452,185.2829763705321,156.58014319229417,0.0,210.2240589335499,159.52120883446037,184.49159648710628,201.65216829366608,194.9899171375984,192.4808858237237,211.08421562782735,215.0076320845257,130.93818826999313,140.0363844802518,130.69041426610232,139.8866535267431,135.5928214851891,136.08045691618003,138.91319480921925,133.98693307272353,140.52506265041285,135.74487680180067,130.01483556712617,131.38109873780346,140.06282392949134,133.4883203172249,137.49668548313855,128.30027541084633,133.59438323818483,133.66730240576493,144.48370275907666,163.66383378723094,133.327733969886,155.66628952028577,129.10124168754658,145.74819221025098,131.98897286327528,125.34902593894603,127.68757101367937,126.56682302850874,134.38624991232322,127.57835023943859,137.63201601173512,126.47417996386457,126.52715068178492,133.93354550440444,128.42158324256553,130.15146126280092,130.0821925995067,122.12754683338731,126.23406467818421,119.48200774818368,120.02445916294934,127.97571978439474,134.98814203024168,135.50577179814732,126.19345312370189,139.58664907952354,125.56653966681493,141.48870312507265,127.96480260592618,130.21069799981578,127.66129927870973,133.8348790579012,134.20788702557476,136.36479928233837,130.46225108501093,134.57185735733486,134.12450222669358,137.11757326804414,132.02138539924593,134.24559617329695,135.7342012581699,129.66460287030813,127.64394069676516,135.09985254294224,131.82779014794096,127.46831707082877,136.31427967825485,127.98592225294165,131.85283418728793,135.23276122035608,142.11054879814742,134.18556535900595
photo_watch,212.60526720408865,222.27180628063795,232.28495404569225,233.71523718588662,220.2233780862455,225.37136420424685,229.64200619208958,223.13768063687704,231.53120875957578,260.63218435913194,275.70474438411384,228.25790782742772,257.4977019308921,236.63513994647346,213.8477792946426,210.2240589335499,0.0,212.55155400700946,229.12842163218198,250.52218666548112,240.46912152862046,243.60654458282335,249.72209481267475,261.23772687427277,198.0686414642294,200.4050176286228,196.29269810142432,203.73848898211685,198.72301775464294,198.40670935543855,200.30008292327358,198.45886047771262,201.9695516086421,200.35688942088493,198.50854172269808,195.28686240091685,200.15636815183677,197.27289027632148,198.2659267166227,195.0450103246731,200.73283325233217,198.6504661081885,203.28994068797005,218.94540715850707,197.40183716577022,213.03313232345144,195.59571380663346,205.9572351349048,196.22178337558643,193.23141311083984,193.75685116729295,191.65727252060458,198.1446223356906,192.65436409045884,199.38125901098562,193.36409968284775,193.14795961837126,198.8929032221775,194.65118218465415,195.93390324165497,194.65714927294783,192.17477928093285,191.48237107128023,194.18515635303712,187.89225006793816,195.48891092227925,199.08981675852542,199.37481423831105,193.987106196358,200.61023767238302,193.4580343420968,202.33439059012034,193.10189244020424,195.15699844935554,191.6454078288959,198.17090672013248,198.1553558382507,199.21436936473154,196.38588656390152,198.27887923631263,197.06174945652566,201.03419217954013,194.7237864024363,196.33437759798815,200.18396935539522,193.35872378619396,195.05445732495264,196.91994310445034,196.66712477847116,195.1881873558875,198.7235364293288,193.98560068131997,198.36338192518917,197.05672343785244,204.18910494969046,197.21727654834737
photo_key,162.85628272829683,173.33937708508245,178.38033235182758,183.3175136349336,162.65895511120257,169.6318998377111,180.15580479754698,170.80329891190496,168.03111805903137,207.71648579223955,230.1778765075995,176.7355847158244,204.53726422865344,191.46658806557565,158.07217800880935,159.52120883446037,212.55155400700946,0.0,182.5609727815997,198.24241167685904,183.75530081982015,194.14544326629996,205.05581058089993,207.50720796388995,124.91585822862471,133.71819354504257,122.92675278228803,132.69088056020584,128.02694397427445,127.753422437751,130.10603279751615,127.00908907639652,130.36532693065698,129.11643712820737,127.17589856472692,124.66073342053612,128.29675220353928,125.61255229072685,131.04617564337096,123.88945672341448,125.79132528137924,122.722804590955,135.99004293495216,153.451478984196,128.17932145057736,146.933176157334,120.4845287912876,139.4909628150683,122.82251421253075,116.17913073653344,116.82077013934247,118.96238211264847,127.59668132591231,119.3699181144156,130.82089560720507,117.263962840887,119.61767073226434,127.5935021560689,121.98452573321087,120.0593882190394,122.77212017244537,116.06883002395051,119.59965775348255,119.45440760885585,113.01319844850138,114.14943337977815,125.80104668796258,126.83725571574895,119.61216546331211,131.50871862612394,117.30651898230286,134.3640879407108,119.0908111296025,121.26821038736838,119.44865281080645,125.9394926314018,124.3708644446472,128.00259841650322,121.69812426644675,124.96068047858499,125.92014249031588,128.62885327561744,122.44019998833082,123.41021134116492,128.1340695684534,120.78240057793485,118.75085798299466,124.92140442860918,123.70267129719427,119.72862234777885,128.96248196080748,119.44228958689045,122.8028525975026,124.99927908876225,134.45550118526725,124.19422898178578
photo_truck,175.5790326136995,184.29861874822228,189.52078366456058,198.16998428453763,187.96232670804974,190.65969981239323,197.77260904768647,194.90027053317542,194.15594110092093,214.81100288099336,248.1445883873677,194.39910047294165,229.73811542229498,206.20149619360723,187.80779241090508,184.49159648710628,229.12842163218198,182.5609727815997,0.0,217.7553941884177,200.71206554000437,202.38666987988057,225.12101641834465,224.60655630933013,160.953662530909,169.77871144984726,158.4239747431295,167.4515945858981,164.7738865876104,163.7126984272803,166.44147353098768,164.10199148982582,168.97184058512846,166.18153897357084,165.20510126386634,160.07778441116227,166.9538310520353,162.5510739758412,166.95838337362358,162.87224026119657,163.0131999480829,162.42467205411606,169.44906713941165,184.7299123809387,161.91042156135646,177.94085203929473,160.6691117323771,172.2051039420888,162.41552955357687,157.03483913963439,156.75447291812384,159.3099596320242,164.31657687171364,159.1233136616868,166.99855720943205,157.3884185742402,158.7298870203466,164.60221105315043,160.1843986606133,161.47997912639605,161.54660010057165,156.50789042243306,158.86679635900248,159.21237786013765,154.9995242631907,159.1854875639573,166.78664148416928,162.74928829658685,158.95983139550546,165.74295242213523,157.14490288686676,169.45824167259013,158.35089439355306,161.48969619586842,159.5356313447285,163.5517490787535,162.42751896577133,163.66577761013534,158.1840291139793,163.64652549072204,161.9767482077733,167.24927003618527,161.86294612118886,163.8823092835362,163.04970673035842,160.090018159116,160.3792964498104,163.31766178105687,162.89862170937892,158.54670860769096,162.6369612208797,158.02570598916327,159.70712319515897,162.798756434143,170.23896057522387,163.3059677450823
photo_velo,207.88229296020356,210.16500123297462,217.7338433950628,221.9729392406996,207.0008132174896,216.28617904044984,218.49982860353728,212.59624803744083,212.00821072778774,242.02207130523473,263.65375236561823,217.338735932538,242.23493950081857,227.89165003658744,204.09083899178216,201.65216829366608,250.52218666548112,198.24241167685904,217.7553941884177,0.0,224.92200119073476,230.02214559127015,241.1225259725082,242.2159932512542,178.54459038767033,185.43739164260097,177.50002863713044,185.70654796628364,180.8003474536913,181.4444022031234,182.09882869033052,182.10461483139838,184.57213354190728,184.34744684828553,181.17206890984346,179.33861397002417,186.53816477746454,180.68197820766324,184.35920876875937,179.08703042524576,180.38536794731496,180.37197827485218,189.47989059987313,197.63103489580732,181.73736592530244,194.22592266920478,175.5616386177916,189.81569806047105,180.08754834496887,174.80529374442585,176.15523241615088,175.66802901817258,180.56472498766516,176.68528314575462,185.13699921507225,176.55612949998272,176.5615191701956,182.58369435307614,178.83180130804905,179.21565813797483,178.83196805065253,174.6917485971064,177.60549180594623,175.41259538188038,172.2192036388663,177.70648454506605,182.94159451107515,181.10885879924683,175.21988485305528,183.48910789297477,175.4603584720879,187.29753018970732,177.43266625457122,177.90594146361815,176.93103777130037,181.38036964238648,180.12978467771313,182.2106990430633,178.57956233722882,182.44672612182677,181.4513399043854,183.47504349068535,178.6513183671943,181.1444428760564,182.24528256757483,178.94563887115476,177.66085748076244,182.3812866995008,180.6277664940252,177.98936016285396,182.7144474631274,176.8911618753869,176.83902780386404,182.20142121014538,187.91239178060724,179.16676129394955
photo_road,187.98425259979373,192.02856397379446,144.28249888698676,199.7173192359446,196.79805104669163,200.57859508857436,204.36481188647667,202.6567498032407,203.7077074334813,220.14295295943168,254.999369873466,201.10637846974348,230.27470495274179,212.89738240457277,194.26031082010775,194.9899171375984,240.46912152862046,183.75530081982015,200.71206554000437,224.92200119073476,0.0,207.950548565407,222.09586632131166,220.89761155910918,173.23754444486005,178.9326867222705,172.80316523884645,178.19205459010263,175.35507048205645,174.44780913287426,177.01938606552065,174.91679365206397,178.26981564266788,175.04455603911308,175.2845927176489,172.1908532980403,177.87309777630915,173.89687309869743,177.53898643815563,173.4995918578958,173.33395705648806,172.02189794171406,179.7884159455794,189.54121093976408,174.83750484436226,185.23275482556974,170.20271445824883,182.71082719019267,173.0543034254783,168.17840136955766,169.28106528839044,170.14000036236806,174.6697854656135,170.10203688644907,178.2089430741834,169.1946896701295,170.3723966919333,175.61439069928136,172.7779362540053,171.5515008068152,172.66474789417921,167.76228434311287,170.32034498641946,170.3776370598805,166.47142585402983,170.1166776443889,173.37455869845004,173.97839854207925,169.63984205320384,177.23068878778187,167.8354336909651,179.82683739334618,171.13878784988637,172.6849413913123,170.5004344749785,175.76635921161792,174.6300679414263,176.77573588942823,172.38610067830157,174.75636676869362,174.6912407623133,176.39863089365838,173.40914170387887,174.70364068891337,176.1664420811373,171.39135159523636,171.14099093977435,174.30558937092542,173.07296037427832,170.5349401802265,177.64117585723466,170.32307961218004,173.29217201330096,174.31902095091368,180.42774331572247,174.32805098222968
