,photo_face,photo_profil,photo_eyes,photo_face2,photo_walking,photo_standing,photo_hand,photo_legs,photo_bird,photo_butterfly,photo_girafe,photo_fish,photo_cherry,photo_tree,photo_flower,photo_carrot,photo_watch,photo_key,photo_truck,photo_velo,photo_road,photo_house,photo_mountain,photo_windmill,drawing_face,drawing_profil,drawing_eyes,drawing_face2,drawing_walking,drawing_standing,drawing_hand,drawing_legs,drawing_bird,drawing_butterfly,drawing_girafe,drawing_fish,drawing_cherry,drawing_tree,drawing_flower,drawing_carrot,drawing_watch,drawing_key,drawing_truck,drawing_velo,drawing_road,drawing_house,drawing_mountain,drawing_windmill,geo_face,geo_profil,geo_eyes,geo_face2,geo_walking,geo_standing,geo_hand,geo_legs,geo_bird,geo_butterfly,geo_girafe,geo_fish,geo_cherry,geo_tree,geo_flower,geo_carrot,geo_watch,geo_key,geo_truck,geo_velo,geo_road,geo_house,geo_mountain,geo_windmill,word_face,word_profil,word_eyes,word_face2,word_walking,word_standing,word_hand,word_legs,word_bird,word_butterfly,word_girafe,word_fish,word_cherry,word_tree,word_flower,word_carrot,word_watch,word_key,word_truck,word_velo,word_road,word_house,word_mountain,word_windmill
photo_face,0.0,105.2610259733422,119.29173926275058,117.4497251366251,108.33904902291059,110.40543975977954,98.00411363612928,99.34718102075196,124.79414441476652,139.2363919008281,142.00308629138675,120.78455326829554,119.34021437760254,100.6141893593031,108.36938143670615,104.427843920252,116.60011656407485,120.51754116375028,127.79339666850042,128.87436305636325,131.62946494535336,116.79859059125197,129.42277826242184,123.47291956944788,106.95158727875477,112.12391683324456,120.09252840286045,117.33569217554827,106.79341457625384,107.57283057580722,110.21986931703336,107.28765116723197,112.10612505736562,122.21584243491039,108.58120811475226,113.81515919087121,113.87085494975089,101.33285203132895,104.7276533785733,106.87755312039678,101.81068065368748,117.71869951933691,118.5014607525291,117.1961426775252,112.32891482874884,119.9092768839499,112.41303431222305,111.64640012143278,117.88103419332977,107.2696448766954,116.60154040705122,108.44911779587913,105.97366449794886,107.62691714516984,105.62386471604982,107.06880666523242,106.92819931679826,117.2254867756979,113.03077754744999,116.37473187123219,114.97171263993295,108.20242004442885,103.77696604281819,107.1774939352095,107.01562018549457,115.10032555783404,117.49970737534828,113.26426423164231,106.06957796360258,108.05463088534647,112.80620084247397,111.06543668400992,107.24529230778336,107.30568818947071,107.32481523339531,111.94317505399448,115.77709379470174,115.26555422185267,107.2873074919182,114.95896381210592,113.39236585863688,116.7789447750834,110.5167768367832,115.28189701002934,114.23104322207097,109.50100811662152,108.85216674654163,113.98437086638181,112.52030855681599,105.26316150931734,115.15398155817643,106.88695283022193,110.28309952031132,113.34656093974185,120.12732501379227,111.1891822318403
photo_profil,105.2610259733422,0.0,124.35742635597553,117.15083848206291,126.45175617804708,128.29686249364408,115.91675257910957,121.6593717430838,132.75192892625776,136.44370892719746,150.53435423190783,131.89309837050445,128.78439767547917,117.1879125794593,124.32050009131011,125.35948518754068,133.9283622707417,131.6842751211577,134.2816382934749,136.73573010489304,132.17521867737665,101.6609290855997,136.36792356784844,124.40073335976238,123.62595771195794,111.0543315392786,130.17200052050347,124.64624147816107,124.27074499329017,123.5154535077266,127.0426240926708,119.82662668405425,128.0641811240194,131.09147369762894,121.8054653203435,127.51396990984996,124.20117929185085,122.4980788544419,120.71118131937463,124.11467951889995,122.93658500813079,129.4803995211192,128.9524020557623,125.99634253111383,127.00489778482616,127.06942563689633,127.65499317872644,124.49469056043232,125.44778577366897,125.22006770329769,129.06712266525207,123.06654522866587,122.91579942029433,124.75558158598366,122.55344900420066,126.06977698918729,125.34995481108427,126.57253809599477,124.04541856694382,130.17213323880367,122.87463465974581,124.29694999232152,122.8589803171995,123.98010306608454,124.46584599030169,129.1173468759825,130.78392806441727,129.9841968375644,121.59285761851159,115.21215773961596,127.21359165081388,124.17984050111112,126.56470989727525,125.82799980547517,126.44474546868011,126.74497043167688,128.8151797806804,129.0340770862325,127.66216534467551,128.0978759969054,126.74653629028937,130.2228035550353,124.60925836348865,128.11739343143597,128.42331755381585,125.87077017570526,126.17327136267889,128.6729104683852,126.85255134040145,126.80968809510729,128.51556643894287,126.68437190985827,126.90706149420623,127.73552164077921,134.18603750829976,126.5506986897815
photo_eyes,119.29173926275058,124.35742635597553,0.0,113.80469388469639,127.40623333548957,130.56278214009177,124.56116870486966,130.1669130620049,121.36075292240808,130.9493005746207,142.81327345206915,116.47607393452923,130.29710029160077,128.21826728187617,131.85809008410962,125.16210777070826,142.60368105633893,116.07263930403712,123.14887132970497,128.00418553240414,84.8196062724532,126.23181985250051,126.62882964044547,126.40322223072756,122.62194945576827,124.50032279600644,114.91748893473525,119.12304462492237,126.42947972319031,125.05133075102944,128.28211512877124,125.8392453699488,118.02889736983897,117.70646890017184,125.66050690249727,115.07058936048102,115.07247877125035,121.27850219419612,123.7273543267387,126.0560014742105,122.2406274523094,115.8917890658721,117.58342902325246,113.72408222591748,114.99655900132788,115.60153318967687,118.26296828338452,126.34963942680936,125.39338157916508,124.42451950911718,115.2963201673818,126.69689761486755,124.39012887515221,124.8801751626582,126.87916585140421,124.2944803663058,124.52944316633723,116.07951802744302,124.37153975194997,115.75615363184157,127.3526481388825,121.95103531066378,121.74703691695994,123.92907801875265,122.41298291611758,115.60158607094692,116.60516624952885,116.44974558450359,122.37284298594182,124.67015692897621,120.37827216086448,126.55847261197937,118.39328089774911,118.01141011818686,118.77720234908901,117.59438180829147,115.02223958705544,115.76996200389843,119.52046888414804,115.38354688497648,115.56071594786548,116.61149015163423,116.70383860256338,113.9757445262767,114.43032048850331,117.22492070626915,118.05522136381215,115.48928382883042,116.81127507408199,118.70982731651719,114.84218416560525,118.73712540710727,118.03058850371033,116.11836486564404,121.38929722718711,119.85351892383152
photo_face2,117.4497251366251,117.15083848206291,113.80469388469639,0.0,128.644916673656,129.31988654504582,118.31605243366074,129.02358165463022,119.90859863911173,132.38158638894913,141.88676234167133,127.3864911380629,129.29815708977898,124.69557091762844,130.7810746555806,127.53762678418131,141.65529052069513,130.0228388160965,131.46293360868793,135.73521133227896,119.50919388613569,118.58710832116171,138.053132455174,130.49725368823425,121.5896565042796,125.61769883867882,128.0701539184516,115.0653874362706,126.47235580222969,124.90183328919703,128.87283461117173,125.37017998305431,123.87404230556886,124.35456547637648,127.14694405323205,126.49293464489888,121.21180591694404,123.05722806591753,123.70968198185291,127.77661534314187,124.3037679865109,127.18288812734265,127.71927406164541,123.61279204703638,123.77558254654214,122.9920015915791,126.74208915079826,125.42710702839135,130.458307488342,126.50902186849754,127.31412797954151,127.13769685157833,124.04854892920363,124.9767830557207,124.45055071758898,127.36581422396442,127.91018273921118,119.80392967181821,126.39294242411388,125.97258154292598,128.52724909399765,124.07557723833182,123.04221113267747,126.13363015868289,126.15813568579419,126.53901935176103,125.8242662834211,124.4459622194705,123.44338801311473,123.6250720372243,125.10646933762668,127.94268368531102,124.91534036628346,124.27344927891518,125.11930379680112,125.04159575116297,128.20784866929958,127.67700593129626,125.55696846313944,128.4296609014192,126.33171639085178,127.99647300598363,125.1477798243684,127.41742124522675,127.44983399749619,126.18012752578068,124.27950625904263,127.1244935220991,126.25428348440035,125.05632738913528,127.717876450427,124.74337678850618,126.36810680342154,126.12147224051839,131.73484219324388,126.28946248429736
photo_walking,108.33904902291059,126.45175617804708,127.40623333548957,128.644916673656,0.0,103.53185228380414,111.40972727496766,98.99025564925728,119.73235517528883,136.68324723076861,145.49058935623754,119.19482752726003,112.03502805782635,111.72861942550993,97.51246895542654,100.53283164091788,117.3285479121417,117.69832149112926,131.10776475208678,125.2994395897926,138.04227718563018,129.70202381914476,118.6595158863017,132.62938345876628,95.6515573189861,108.22756337737749,110.61717431196456,106.06697346885043,83.26199502199835,100.88877524411892,102.97176382894293,100.11062319041605,101.3755455713493,107.12873702127685,93.21495784497469,100.85245014238784,107.89484400822512,92.17607759143782,100.13852682888714,94.25478310088403,91.15990026282307,109.66457674770226,108.64040605568516,110.26367758702845,101.3462683212733,111.05044213269976,97.35776021057208,105.9727183835453,108.90527114089228,92.71085302167259,108.3966066937469,99.46045400971347,89.79992823891422,95.23276656545909,101.36477747609207,94.92752982611941,94.26606940410429,103.90448590764395,96.37047904417156,103.09805171353663,98.58204732488643,90.75100134363632,93.64573277545078,93.32375943876237,92.95827343156618,104.27948690696799,105.78042149089856,106.66620869564979,97.10856337914372,106.50963235134383,101.16130400727025,103.13444585684599,94.9894144976949,98.24794740443977,96.86389137824828,103.73514898794976,105.52427596024721,104.49346446192159,96.88929497708816,104.44665728137467,104.11424387508664,105.10226092059814,99.58251058375471,105.50165075285263,103.81741674687875,99.15946360151042,99.20232798754887,104.5537304428251,103.47540067177998,95.66798973175894,104.0568612806007,95.70769476270564,99.21708438954569,104.50521586864456,111.29024177223799,100.84319729234223
photo_standing,110.40543975977954,128.29686249364408,130.56278214009177,129.31988654504582,103.53185228380414,0.0,108.82827979037008,98.30944614592975,126.76135548461949,144.9876881892596,137.59600284417496,124.72925141507693,127.10918509385041,118.61460207721609,88.56814310117745,88.24427348177502,111.74862198917164,117.07376568588002,133.04297906611373,134.56547981055408,140.02429021133793,135.22443886803754,131.23809448841973,131.89447130377673,103.38157509024126,111.14574532518606,113.17569253317004,107.83285234257791,100.65059262988102,86.49536429624148,102.08300244817838,104.27801631696886,106.32402077098723,98.98854435642056,91.84174650093844,106.62457293091336,107.25082355011304,95.0473744730181,92.85897273546786,83.3872943045085,93.51243359815918,108.63912828242829,111.39644719074452,119.61042318308859,101.36442358275396,118.8271735426297,103.09643427511097,100.33490129276413,106.05043907372165,86.68445369456917,110.23967740392261,88.29729971151899,97.32001281389914,90.74206604212505,99.3158000740875,98.37233544508017,90.93637523444191,101.68391321649759,91.95342199612158,108.70769811172492,103.24658020664523,92.02125581647338,87.82752995305337,81.52774672404298,85.39760632912548,103.34330517047052,107.38954620845135,109.8226863104072,94.72444002899613,104.24927609646124,97.63717411775995,103.58348504011262,96.1379069819864,100.86578347043915,97.7061839584013,105.30909408104351,107.34092529354139,106.99798624831686,99.77058599167623,105.43076707421181,105.53285588747462,106.06768744333047,101.99639349498038,105.94266887048644,105.03123535120048,101.07251798584612,99.99826075668904,106.16579130294586,104.7564560840578,97.06060409105217,106.74155576632882,96.39672422600069,99.7492809736969,104.72537608166347,111.34992763370444,101.22440503481023
photo_hand,98.00411363612928,115.91675257910957,124.56116870486966,118.31605243366074,111.40972727496766,108.82827979037008,0.0,107.65297132635787,129.0028210399039,141.14403715035107,144.2839190487032,123.12337394807295,120.45357068004016,109.46471485914302,110.23571339985891,106.62997855416205,123.19524340369372,124.99227695061907,134.86625983091452,128.16158468066362,135.49216992685882,120.6602352246483,134.91425481580953,129.1490965206102,113.14695741000719,113.51552308893457,118.12060314409837,116.20239494694941,110.38674591830478,108.37055213372041,107.62798127572293,110.13217642779351,118.55425214574372,121.33472215375052,109.32903808710999,114.70294499557176,114.3313801692388,107.0739839661245,109.1816402701321,106.58621442704545,105.93881953268297,118.86777895657198,118.27831004715513,118.52390730828208,114.37407202966924,120.71824708046219,115.61223308955803,112.29502684498691,121.67273288550138,109.34410309375903,116.09937187703353,111.93134456816614,108.99989710649915,110.73293958513385,100.83737304792105,108.71265277497818,110.57995382887621,115.2958147956432,112.32174584630472,118.36109071168288,114.65126475722346,110.36390133116677,107.55670671632062,105.52618991147186,107.23999193493272,118.28048943679153,119.7517160407755,116.32174985208067,107.41427746362675,111.71996159444127,114.31076869807478,113.43625245021036,111.1541709044945,109.89856189055922,111.59390726002316,114.84039368442534,116.47214567710675,115.65257215068716,111.3606357180626,115.04731716139261,114.98489713041299,115.62168410439325,111.60206379681178,115.92979996309596,115.24497750078086,112.05591536237434,111.25844267215093,114.15066813261977,114.25013526976628,109.76696011515097,115.51373421646946,110.96887520183553,111.6174419845326,114.85910543898201,120.29234388749431,112.12573904284655
photo_legs,99.34718102075196,121.6593717430838,130.1669130620049,129.02358165463022,98.99025564925728,98.30944614592975,107.65297132635787,0.0,129.90868372179233,143.33185815515822,145.52868386230253,126.24390789799872,119.95027422909236,116.51232930025836,96.95830907728579,94.58222410009822,114.86549194417864,122.77288537119922,137.16531451756242,133.98345149603455,141.90694996968162,128.67678137115334,133.24802528844188,132.29401094671434,101.76676683351594,112.88849727069189,115.53697406756065,113.96514667927671,96.18082353080644,98.8227667443502,104.2049936065496,101.74284158979137,111.05629746477082,112.40637686229117,101.37470190381987,109.96771892285783,111.22183571174733,96.48460263133443,100.49293440297294,93.60025810366534,93.28987154126452,114.75108685637399,117.07403559879496,120.28140109381388,107.93297018495188,119.88228375347003,107.4781698107033,106.64719406100993,111.75154577803252,93.04453224117604,113.52281474225464,98.04677040962994,95.19163545881013,95.86531431541941,102.2636214087292,94.69594619074505,91.27067961285472,108.85880017666331,104.18565284786925,111.49591194947288,102.67621537370138,98.8515287459817,96.3797596748072,93.22684094116644,94.90365340657145,109.99396377311378,113.22007636502862,112.33562356389537,103.50888172766932,105.05117072754018,105.09190162764872,106.38153396241641,101.91953208759871,104.20281414083234,102.698439148664,109.66711523624738,111.4429355094908,110.53668205370636,103.9712137099307,109.92565342019715,109.80531649840329,110.76327355836608,105.82893855324333,111.14682656978555,109.47999206532926,105.68217995264267,105.23358774159324,109.7937993662981,109.16145710390492,101.06745412649113,110.51654195482398,102.4978667718098,104.92501458567844,110.30970166257461,116.81515957055369,106.08230868277188
photo_bird,124.79414441476652,132.75192892625776,121.36075292240808,119.90859863911173,119.73235517528883,126.76135548461949,129.0028210399039,129.90868372179233,0.0,128.91687078613288,133.6723168308802,106.34341169042557,129.81554942812406,127.04797679619993,126.59869761732172,119.5982125284136,131.55075758564948,98.20445619364793,121.51494174613508,116.86538899681364,125.5534850815971,136.70255690199238,126.07002076943837,140.8008868041861,106.45242503516451,113.33518921888744,103.96205234124722,107.020308671419,113.72646484742714,113.44864922773006,118.33970623252019,116.32523437415617,90.69716098902255,116.88737382213237,111.4347076270087,99.7780309796948,115.4982464312352,107.77265819876443,108.8183936938303,114.1020614469493,107.4731179696389,96.43664443202759,108.39018959324154,102.345925819768,96.42095600671155,106.88997353102116,101.97026117386785,117.74851459579835,119.72526706911493,112.42865770629601,101.85125135129259,113.30048952248771,113.13281189082686,112.42627413211095,116.56136379926487,112.25392206055336,109.28662866478584,113.22222873474506,110.35571081161315,102.82336503983416,117.58982416673358,108.80146928787129,109.66758652299633,112.14097650484736,107.60914893188229,95.1030151854654,110.2810451934109,105.39850743448692,111.80391004435324,113.18762026940864,109.17865740438745,116.41172110792466,98.42826233245285,98.21677777141964,97.98148614626655,96.39743102911092,99.34791600487885,98.57197536978138,99.03441472464122,98.07021709950091,96.69899529916671,100.32944785929115,95.54533198472689,96.51785190320862,97.15291515233847,97.78558556377813,96.12898915784278,97.08774334862383,97.55313771421099,97.56566583769563,98.57503688130929,98.32120675415787,98.60305882835002,95.71363650601143,104.45065481001257,100.14251212193878
photo_butterfly,139.2363919008281,136.44370892719746,130.9493005746207,132.38158638894913,136.68324723076861,144.9876881892596,141.14403715035107,143.33185815515822,128.91687078613288,0.0,154.77199273712583,137.8185013891428,140.62934048931356,138.75929742575292,147.6827851343989,143.64948768036055,155.59217940781838,133.42432525181664,138.25691918461348,132.4974693947599,129.18184761673845,138.98457969826498,138.97812228632765,139.30567468439216,133.4378886317314,130.03838122721228,131.94045248179728,121.6855190005999,130.25822397962943,135.4027635723866,140.28769861056205,136.3528154642929,125.90432961486239,131.10331965940895,136.19361184552076,131.4333433944867,132.18347704169554,132.6522828972611,134.03964375190404,138.50085916741506,135.0087213094565,130.72418871110187,130.72998614656484,125.03202762934326,128.90864060425812,127.8279927719338,129.80244051903793,127.12745467022124,140.49204171681302,137.7873173920015,132.48580640367166,137.1675692983417,131.19238780797824,131.71300463024718,137.7258293254211,137.99872691200054,136.4680148834556,130.99054537212666,135.58617737552885,134.13767246161987,141.10221055638328,134.39769908872879,135.85773852780892,136.8154380207104,136.51901654886248,131.9593711651533,135.0952465244722,132.07928328660333,135.4582670856168,135.60122939096004,130.60615829612118,131.67419735532468,130.73743129849407,129.5217945011749,131.10509812952358,130.8466061084879,131.64908251164917,132.83017574248814,132.64575186851465,130.81632405150143,130.11850072954186,133.42155150928707,128.1957081858217,132.2575596512176,130.21373446858186,129.4571999363947,130.4274018784421,130.69132746490413,131.0857863313456,130.25469994854424,130.9722665866269,131.9448472377111,131.24053694237284,131.39338972039087,138.23804928239025,132.00688664580844
photo_girafe,142.00308629138675,150.53435423190783,142.81327345206915,141.88676234167133,145.49058935623754,137.59600284417496,144.2839190487032,145.52868386230253,133.6723168308802,154.77199273712583,0.0,143.18991765630267,151.01571485633193,145.53288093763632,139.81811762246852,141.4492487309238,151.3428310091056,136.24828576465057,145.00736882493825,145.693617803022,146.70665097430384,148.54288835898066,151.48892761757565,147.59295025512688,134.53521320156383,138.17051763120025,136.12913066098682,132.61234979982297,136.4301560402092,136.43616975326736,133.93068636398397,136.07193838419352,134.50470175108322,132.4061383663497,131.13687439827004,133.13077094452908,134.24129012107326,132.69716913219443,135.7982265558093,136.81939138422,129.92276982053647,133.15967939439108,131.12926390280842,132.44986691421437,130.8713595764644,134.7667508377793,134.79554775480972,131.58146520126132,137.37683667948676,138.18894452937695,134.7671692292863,133.96237999590724,136.0368162246769,131.71452201008626,135.3623509765841,134.48396894004358,141.4237912867345,137.95841703163015,132.89540629635107,134.91582093222436,137.4508119557788,136.5080150297923,131.0216048187674,136.07192922510066,135.06624579364006,133.02074159344102,132.5232862941721,130.95018712768427,136.36381035219773,135.07922693501925,130.83283491635103,130.04895754981544,135.07608745216584,134.43259730392936,133.91601370864916,133.6284285533956,134.6140806995675,134.11107756734305,135.3031157246617,134.7380916742146,133.66067870004917,132.65322767194175,133.47825295673317,133.89139202117775,133.0060760438643,134.34155576079613,133.06111513091258,133.0134678711828,132.9917247325977,132.96847239985865,133.6345178712986,134.2114460444093,133.67554744270151,132.6103010957358,138.1848331274488,134.03593358640677
photo_fish,120.78455326829554,131.89309837050445,116.47607393452923,127.3864911380629,119.19482752726003,124.72925141507693,123.12337394807295,126.24390789799872,106.34341169042557,137.8185013891428,143.18991765630267,0.0,130.6220549800526,125.40695416141368,124.86093507746443,114.53289381616824,129.72106450114242,99.88493538373785,116.48596948645869,113.2460530658234,122.24083523161286,136.7427666047913,123.91239818410939,141.40958437501598,112.26530678890812,115.28226078538023,93.42433780878008,111.77775652756765,116.43729854097289,113.85752167380005,120.27461274274319,118.36159355454367,106.03642939847767,115.61039289468182,113.7263546979652,88.98002256983997,112.69948765379917,109.38287651195782,112.2267198463342,112.0611861305993,105.24285899520795,96.75779651115677,99.59509656878433,102.67656797159496,92.93803437284565,107.43299250855534,96.69012069257576,120.2545831347016,120.24161977927473,108.72324910879685,93.94891760205579,113.03097420521179,117.34542764919632,113.71736639065583,117.60662166559067,111.62374727679749,109.47309116098613,112.3759441408356,110.99995941209873,90.24772340081132,115.59151856272717,105.91419861806594,109.9022293276743,110.96994081832499,106.04255755686357,96.59516679354529,104.40942483873516,104.48918326939959,109.51663131543754,114.12151760916841,106.19602838525901,118.97044835455304,98.56197577518894,97.46979610354389,98.48874761638108,96.9159552203904,95.1247266034818,95.93802169087958,98.96979784954358,94.09855583677721,92.23675222020312,98.96461054229081,95.87220156055001,95.4685818086857,93.14524738384804,97.32758531591318,97.47708084608782,93.74031991324892,96.18587514332641,98.99114463033783,95.00315380409648,98.40345905296448,100.22193748240684,95.66613976761107,101.96540182867348,100.63798263242693
photo_cherry,119.34021437760254,128.78439767547917,130.29710029160077,129.29815708977898,112.03502805782635,127.10918509385041,120.45357068004016,119.95027422909236,129.81554942812406,140.62934048931356,151.01571485633193,130.6220549800526,0.0,117.8484335387466,124.02427234722339,119.50832865274232,132.80444103382771,125.58476220164908,141.07737456239053,130.5911248498949,144.50523642329867,129.31528031734643,128.83343274131425,134.21709600201123,118.3502021426705,121.57434873949225,122.3911968108974,124.99788339362179,109.69530185642552,120.62727717768259,122.22133403859675,115.84014680310538,120.43958381475947,124.84156923486985,114.49146558001331,118.70921007202114,121.67547006597523,112.71198261197752,122.07498576296048,116.52296482432271,113.57294814035447,122.09736342905624,118.17599533609962,121.19650411125004,120.91738457844171,120.09161732694811,115.66938654723197,119.6134295376787,126.32848596550117,119.80646778096533,121.40035389462699,122.08915207645488,115.03794959299138,118.60417248759903,119.14821175805857,114.72908119031895,116.43953384726677,119.4272634418888,115.1091544589059,122.23415027084665,116.79657532763694,114.45514617464049,118.04713466031005,116.92894896072417,116.38707339349196,121.6846962074818,121.9908165877112,123.26427955980219,112.87797603062315,116.4377969791947,121.77547860184814,120.51584600814041,115.22824999415785,115.32193581928618,115.71913872108512,119.65614636331331,120.29421968776532,119.5877099170195,116.16415353631409,118.87829082069437,118.67554011648112,123.12202571536153,115.61501578861366,120.10007834028922,119.25765215497675,116.18547724219086,115.39263512981378,118.61338757773186,118.99868342977011,114.55870435337461,119.08500274728821,116.34861056999036,116.60494939017117,119.69879134700645,126.3701261718865,117.43590716205009
photo_tree,100.6141893593031,117.1879125794593,128.21826728187617,124.69557091762844,111.72861942550993,118.61460207721609,109.46471485914302,116.51232930025836,127.04797679619993,138.75929742575292,145.53288093763632,125.40695416141368,117.8484335387466,0.0,118.81676676359118,112.46390593801834,115.1807507191388,126.84067432981864,136.62644441241127,126.8831048156102,136.02514236105452,116.81040150157621,119.86368104238159,123.7689707260471,114.71713738619906,117.2517204290168,124.66233894113115,118.47552145059583,107.03104008620326,112.594423802839,120.15531477274793,110.26085936335828,115.36006910426056,124.07815069236534,109.25152464715336,115.69248474472003,117.3068266546756,100.65468448616778,118.27574170840863,111.67907751635764,104.52496234092666,122.58863434363059,119.77030223658548,116.1421606284025,119.57079399058657,119.6830398446689,115.25974828393547,110.61178273927906,125.37935591334274,114.48707705614267,122.82595421577834,122.3550583010396,108.93718409977576,113.1943323956065,107.56666955457476,113.77481621771122,114.78299714899582,117.34576736740985,115.9809682511448,122.27079577037098,114.47177094146846,108.52043519714358,112.23671824461238,113.68079094968262,113.11060106377276,121.57185385795874,123.8947686947245,120.47281441615407,111.21162106122179,113.82119135183537,122.4393426682524,111.18758023638343,112.54137438008455,114.57606508802378,113.78820632882197,118.47501702182606,120.73350677004957,120.89489551671879,113.7773153697081,119.36147705472732,118.20373241044491,120.5516181471262,115.32489815641387,119.53650137008795,118.43472152480985,116.21361372166844,115.02021311706297,118.88782982168742,120.3786165206129,112.15329063056099,119.56848065347117,113.32752166955684,116.28682884801624,119.66272731955128,124.79682374729781,117.82151222910683
photo_flower,108.36938143670615,124.32050009131011,131.85809008410962,130.7810746555806,97.51246895542654,88.56814310117745,110.23571339985891,96.95830907728579,126.59869761732172,147.6827851343989,139.81811762246852,124.86093507746443,124.02427234722339,118.81676676359118,0.0,82.45122553849005,107.8484384607039,117.41219001188037,134.89798242889833,135.29764674827274,141.5564543494295,135.18681514720166,134.073492499699,137.80853235181053,96.92060820953192,109.09360964392128,110.56580793065922,107.54389173318881,95.0357987496948,84.67454101802856,95.26284612204752,101.52742079798625,104.47879505318399,102.44129143802697,90.54830275701474,102.97625453889606,104.6610171361033,88.95308041932465,91.49747026517187,76.44116763245466,87.4977517500308,107.25656511036962,108.91816513772288,118.53344704299383,99.02008950007986,118.38693208619144,100.97954581743625,108.35042174809288,103.10392092922856,81.00323570158751,107.6687795092133,89.64454326263962,91.89819971569814,87.90682475399026,97.19069699776027,93.0947712949566,87.34706480437569,99.96842028214331,93.26794704302978,104.98072188717924,98.2817976189335,86.43472919133471,78.43544016355158,75.94008722801237,80.46248207970125,101.92317305256907,104.42817999853129,107.95911885434414,88.53769114729954,101.2692048141161,94.29960307397926,104.83425119367658,95.46784068397739,98.95289791138356,96.30760735906348,103.32517031557485,105.20266924641297,105.17647946039354,98.5932856304444,104.69718523386112,103.53842368432937,106.21999198565614,100.24369391396945,104.98466460922123,103.31589019476398,98.9292237818571,99.18040336268763,104.18702117277664,103.21466833520421,94.59503815841653,105.06729355723591,95.905218279129,98.4263241398449,102.62179996897112,109.45675471323062,99.81818294554581
photo_carrot,104.427843920252,125.35948518754068,125.16210777070826,127.53762678418131,100.53283164091788,88.24427348177502,106.62997855416205,94.58222410009822,119.5982125284136,143.64948768036055,141.4492487309238,114.53289381616824,119.50832865274232,112.46390593801834,82.45122553849005,0.0,96.26677429605337,110.18317430161393,129.87336594430172,131.44751951597982,140.25519489295428,134.38944251033843,128.12648717221697,139.60367721572345,97.1304272946369,106.66158450080877,104.62407763001238,105.7535459632696,94.84143518564518,76.41541043779101,95.70600606693161,97.66569244094886,100.49820533868669,100.96374751847767,84.62264936613256,98.98033894553828,105.50565632676809,84.01107230662393,89.85725294514357,60.657367072083616,86.55079837254023,100.6405562955207,105.55265232595129,115.89716975554204,93.83901432417467,115.45732241820441,94.73526910115912,107.90469970653561,103.6224443449722,74.70006683108879,101.67226438635034,91.3186388165254,89.90094605568802,82.62036561811247,96.89384911900731,91.48032841743797,80.11485947913258,97.54945184145771,86.64935642140291,100.39646836134432,92.82246350353326,79.8632248121032,78.67137621134461,64.26594844532109,70.09837071147469,94.96401045935136,101.32809750719603,104.96640602038565,90.30228580717912,96.7702807107086,94.8471530251085,105.94083219938892,87.01982511872112,91.78409531088587,88.7981126830905,96.81557135448769,98.36812661345758,97.90269406192556,90.70414557146582,96.69806834749502,97.06419385848888,98.8623905693156,93.4754078962411,97.70167066388304,96.66025983259821,91.82404146544005,91.06539362984229,97.35775299224733,95.70548031309079,88.08539062625661,97.91490013771516,87.38796718930136,90.94659769759436,96.38849613637801,103.52660652643264,92.56583749266237
photo_watch,116.60011656407485,133.9283622707417,142.60368105633893,141.65529052069513,117.3285479121417,111.74862198917164,123.19524340369372,114.86549194417864,131.55075758564948,155.59217940781838,151.3428310091056,129.72106450114242,132.80444103382771,115.1807507191388,107.8484384607039,96.26677429605337,0.0,129.07845858242348,146.37151940775993,141.9286974639339,148.8237364911277,142.50670446335081,129.2740699592865,144.68789565286863,114.12493187372453,125.85822234383365,130.22031856352564,124.94094059003434,113.44191388699947,103.13047449046094,118.40351254649934,117.10079565331571,117.69992256101735,125.1100337372453,112.53377658875584,118.42228746275443,123.24301204995403,99.80037640871248,110.02870673778348,99.58634607743693,99.52264189652877,124.31387357121773,125.56084489619238,129.64045446396258,116.96369302653582,128.48336346888573,115.70536215253684,121.71581586524404,128.8595102902022,104.7909167276259,126.16941868335824,120.39725315368058,113.24471453687295,112.57566266999741,116.23210533891833,113.60780492893723,108.719685386472,121.36754068937417,117.23704677890684,123.6597602058966,115.98968555130587,104.90401590392206,101.48262638122246,103.86230799134043,101.66273075933985,120.45943319610215,128.9417724434685,126.02667202329427,119.44141016865963,115.34572895968167,122.4628539157981,121.43297388140722,112.49768077828497,115.0823735817323,112.66215468411315,118.98981445109895,121.72244534186882,121.02953396796367,114.02413925669813,121.10091693478824,119.04960937651362,119.69103354518464,116.12639821340514,120.22284187254887,119.70813319352108,115.65325230354274,115.12164649387165,119.77942461301703,119.93170214333593,111.92127566121191,120.55704182258519,112.62923426785063,115.61778642869618,119.42465308864858,124.89569906194679,116.90768303337123
photo_key,120.51754116375028,131.6842751211577,116.07263930403712,130.0228388160965,117.69832149112926,117.07376568588002,124.99227695061907,122.77288537119922,98.20445619364793,133.42432525181664,136.24828576465057,99.88493538373785,125.58476220164908,126.84067432981864,117.41219001188037,110.18317430161393,129.07845858242348,0.0,114.95010795800914,112.0781183657442,124.63546121154671,138.36181010406645,122.51312424919088,139.97020010384372,102.5520057019612,100.94125108129728,77.6613627435677,105.53017283319633,107.70468011976195,104.50324056086856,107.45901120594284,108.14615155807502,87.42319493446341,106.75343090833184,103.01057222731542,85.97438007643994,99.38091440397142,100.89903347011072,99.57100199243719,99.44658004492858,98.73443011723027,59.36902628822174,91.80798473739127,95.27946698156511,85.12120492164492,95.33360657515249,83.00534360219076,109.99308787566473,103.74282225623648,95.76143075076074,76.63433733086242,100.15535120995392,107.44198436413141,101.82092719301535,104.72198361585407,97.46557143436405,93.17467082787701,99.65253940850593,97.5824737614265,83.32539384045695,103.3198776983314,96.57288333627282,98.442921756987,97.16619928061913,91.44487144273639,60.407823903433865,88.23178444762068,93.93877533437801,94.55776629518272,101.09543598072473,95.55560331843398,106.90207151835973,77.08937298860548,76.86049144442082,76.40702251233658,74.78873072315143,71.80491051735565,72.68957784765094,77.4013813060097,73.06573167118144,69.50124649658261,77.53619747094494,76.25346853886046,70.37465154227745,69.98669751454338,75.42429645548216,77.02864050983993,70.14487564027348,71.67539853475311,78.70839441796488,72.56551580340583,77.5073319246237,76.58862319283575,71.21372213383862,81.26766322046477,78.52228321489514
photo_truck,127.79339666850042,134.2816382934749,123.14887132970497,131.46293360868793,131.10776475208678,133.04297906611373,134.86625983091452,137.16531451756242,121.51494174613508,138.25691918461348,145.00736882493825,116.48596948645869,141.07737456239053,136.62644441241127,134.89798242889833,129.87336594430172,146.37151940775993,114.95010795800914,0.0,122.64864002143192,125.78211172034923,133.61396931837615,133.1504447201021,141.74340265035505,122.1024532870993,123.2880394575751,110.40205987019009,115.60208125411316,128.74974713243103,125.3760554560979,127.59817972013005,126.78942317254523,117.86389326737856,125.58311570899623,125.60986897533678,111.62630283976027,123.7645012705893,123.32682318972279,124.41601256253972,124.70233857263285,121.51842737808104,112.76691095475536,98.52194784364916,109.2257541257499,116.19509788161822,112.39018879643622,110.9383958212265,127.48766194635182,123.81031767005514,122.15719019323963,112.7836611079029,121.12071439408298,124.15038321337855,122.76457240524365,128.93867298455885,123.02127196793467,123.42107999229296,123.73937771129442,121.56499457752906,109.32683385761494,125.37697955355645,120.3676766415364,122.86343201342332,123.18064406099339,119.3428588169438,114.42263370495888,91.97990675118986,111.29247217589081,119.69072486274096,124.70474653731333,117.80370644504012,127.4536850788868,115.93096619879266,116.33021095424421,116.44446997794883,115.87178046200125,111.81511323149546,113.8690248639062,115.97920316398681,113.22439815934729,111.74856696062201,119.02128656250082,115.58598187776026,113.46178559696915,112.31255151908067,116.86512751650619,115.19586442948338,113.24144358451433,114.61897845346734,116.14662586864249,113.16816824128286,116.50852567588794,117.29063922383982,114.00142450789787,118.06118471647835,117.4744592099451
photo_velo,128.87436305636325,136.73573010489304,128.00418553240414,135.73521133227896,125.2994395897926,134.56547981055408,128.16158468066362,133.98345149603455,116.86538899681364,132.4974693947599,145.693617803022,113.2460530658234,130.5911248498949,126.8831048156102,135.29764674827274,131.44751951597982,141.9286974639339,112.0781183657442,122.64864002143192,0.0,132.36606650816253,138.1302368311612,116.59786365369658,132.3248308399149,114.76340488285005,118.42668162817994,110.35126174211086,116.628388601517,121.1711461728822,127.94702142435993,129.82019716773365,126.66745615499208,112.56643414774949,127.08306818758385,123.90172951927656,105.93772537429909,119.97169189152919,116.23800983201683,124.86238821327335,125.93390844740196,116.45386687899874,111.27265768677017,103.46288022054198,81.58271847168847,112.57354148792948,107.56628533397219,107.04500403745928,116.95891077934846,130.75733383443753,125.73465864377411,110.41062580625129,126.45848632892887,121.69473170336454,122.92526835050968,123.45447977048738,124.0323316894958,124.37289692664672,123.33679906809496,123.86687656677888,112.01400348500236,125.74628569110645,119.79514587425881,123.03855935943925,124.49361500160161,123.0439777732093,114.74645336211688,111.878264242651,102.54262684560007,119.29288808469664,121.15981803315739,117.72252908959987,120.60945218501188,111.76708085218621,109.00289219170253,111.94026008810337,108.22022516155415,107.14082299451802,108.94553065169126,111.54244043102355,107.61231078556033,104.92743536532926,111.44393874864537,107.24603295151057,109.34714984174754,107.27717528343035,110.23112366844717,111.36759968322151,104.99244272925546,107.64550162068412,111.04937613453599,107.7497261475245,111.81533879125793,111.83495443808062,107.09647897163978,113.43104073462132,111.60312531549461
photo_road,131.62946494535336,132.17521867737665,84.8196062724532,119.50919388613569,138.04227718563018,140.02429021133793,135.49216992685882,141.90694996968162,125.5534850815971,129.18184761673845,146.70665097430384,122.24083523161286,144.50523642329867,136.02514236105452,141.5564543494295,140.25519489295428,148.8237364911277,124.63546121154671,125.78211172034923,132.36606650816253,0.0,131.38672698371437,133.0053405868031,128.66658896886233,132.17488022920142,133.61863211618603,125.03235458275698,124.80839370743539,134.5455157925093,133.36288112267766,139.45780326518332,136.46794946606013,125.75654178804338,124.32675503440547,135.47249601254458,123.0356714588567,121.8805150110429,130.64290822145034,129.09098406677856,137.45944782640723,132.21695125888968,124.98802089773069,123.82253712333737,117.90092315189082,119.49210799425542,120.1747165880625,129.02980440695663,133.03716599410626,135.67497975792247,136.353151838765,126.94004098657172,138.4893975818164,134.00331666370423,135.10355828920484,136.81335385822075,137.10093993122163,136.58393998937777,126.86520433381041,136.8130941741345,124.7396194734034,138.68628999448694,132.65142273752446,130.792907881084,136.2156718168725,134.71634030660513,127.2507736093188,125.96060135228369,124.36091244070562,133.89923755404448,133.99476899369515,129.6988247713272,135.12790545998465,131.95956110206345,130.46765461608646,131.4728923824498,127.88982274894127,126.6274009736681,126.93483614376764,132.9340068689436,126.08068214111866,127.35290388761013,125.83735485863554,128.59001798484306,125.74093630409837,125.06946706609415,130.43665066636262,131.23480454894528,126.16557957355994,127.88025808465551,131.31932529652028,126.06536769016972,132.24450432739286,131.48520471906374,127.55542578863668,131.06854024048496,132.04533202974434
