,photo_face,photo_profil,photo_eyes,photo_face2,photo_walking,photo_standing,photo_hand,photo_legs,photo_bird,photo_butterfly,photo_girafe,photo_fish,photo_cherry,photo_tree,photo_flower,photo_carrot,photo_watch,photo_key,photo_truck,photo_velo,photo_road,photo_house,photo_mountain,photo_windmill,drawing_face,drawing_profil,drawing_eyes,drawing_face2,drawing_walking,drawing_standing,drawing_hand,drawing_legs,drawing_bird,drawing_butterfly,drawing_girafe,drawing_fish,drawing_cherry,drawing_tree,drawing_flower,drawing_carrot,drawing_watch,drawing_key,drawing_truck,drawing_velo,drawing_road,drawing_house,drawing_mountain,drawing_windmill,geo_face,geo_profil,geo_eyes,geo_face2,geo_walking,geo_standing,geo_hand,geo_legs,geo_bird,geo_butterfly,geo_girafe,geo_fish,geo_cherry,geo_tree,geo_flower,geo_carrot,geo_watch,geo_key,geo_truck,geo_velo,geo_road,geo_house,geo_mountain,geo_windmill,word_face,word_profil,word_eyes,word_face2,word_walking,word_standing,word_hand,word_legs,word_bird,word_butterfly,word_girafe,word_fish,word_cherry,word_tree,word_flower,word_carrot,word_watch,word_key,word_truck,word_velo,word_road,word_house,word_mountain,word_windmill
photo_face,0.0,576.4065874735281,714.5433247051353,655.6860918662285,590.8747497484503,594.4114255801187,606.9871354792225,569.5163961463547,689.3973360173579,677.4099663747559,696.6369752840047,672.7857890076284,618.7052603123577,584.7113592154769,576.5665622345269,553.9868932115361,577.3122973156902,683.3643390693276,701.5540462517125,673.0955037976513,797.3137576068642,645.9842633084991,640.7796811249622,657.2395998006103,553.5285801451603,612.195891473013,668.6337753151494,626.0417966416636,586.7015029085247,595.8340215813329,633.7773100339855,613.517606621295,648.9524428340701,694.10969916385,613.6347947786405,658.645902539304,646.9013067101058,564.3663021629352,586.2516373354629,571.2840617405008,562.030701733975,688.6692054753344,674.8433616061842,679.1695122275077,661.0537655538527,664.8963251623954,644.7237574757945,629.8444879528294,631.1466192666974,587.2104301733848,682.3802691534803,623.5283458274312,602.6612730731906,607.0646801043581,603.4567335213736,590.2787504391089,602.2509539295103,657.3175983671683,640.4387442061882,694.5569328832088,645.9288989236064,604.8402925458107,608.2812584824416,586.3299635292757,604.1546064749976,683.7209109865187,692.3279823777744,683.5714509722806,634.796669307847,600.0258816583842,648.2514089270763,634.5733083157012,643.1829146005173,649.3065672017397,652.9213241569116,668.5434633184209,693.0117572721713,686.3643608800246,652.2103877700569,686.4176711682744,682.120234181166,689.6175276646159,663.7909282821173,695.4219464859897,688.6613062821268,660.335543247057,650.1634874762245,685.5608472364058,672.4322240449862,641.2418417978295,687.4059664634096,647.9421384694383,658.3752174483737,682.3612726480668,708.3492553233891,668.2306455460845
photo_profil,576.4065874735281,0.0,737.9516992055601,705.0080601187166,644.8354944908999,672.6400104987972,648.9951545343047,658.2957828114131,727.2010926213616,701.7856706200274,717.1494363870893,713.446349824965,659.2022123044417,655.557567644827,668.9557903006461,661.33582339452,685.9646468752403,732.3627751358576,737.4919297803366,723.6868946701794,804.7385903392502,627.6888481790276,668.6349127547172,665.8930769151963,643.2450074920171,588.206738821055,725.7150003019076,696.2918715518117,656.3160645245537,685.0254680003545,690.8545825316471,656.1329111636607,700.6766225338322,715.7880541235771,666.519099333624,720.4219034806335,686.4117625788246,672.5651017898762,657.0988490823934,679.1790794061739,669.3190531358465,744.2092292553168,722.2915765484507,718.5036966590259,709.1106894852497,697.922071299772,709.826196147785,681.9984689287754,686.3486445227558,678.6182938414721,754.2153916006623,704.3570965568732,690.1100324525745,687.7766391112156,676.9029012426162,688.9467437516638,697.449370075489,708.4861810657794,692.8270984041537,756.1225599749597,697.3968142910825,703.5525554621751,715.0718816216705,692.4105624289901,712.4547619505948,745.5566163813855,746.3831170297304,741.189409265418,689.0976195826577,651.2386770945936,715.4090719455085,707.4464118463295,729.3521241361916,732.4221771370499,735.8939009445097,740.8359203286524,762.9220388534774,754.9775320272892,738.689332651667,756.757301905157,752.9234133057748,760.1560337868999,737.9157455437233,764.1013379435946,757.5858949312119,742.0594302707215,730.2513440819914,755.7230213048325,741.4606294922236,733.644112395098,755.1257290512347,735.7498195267804,738.7723348881545,754.2320929083397,781.1451130994233,748.2318032920688
photo_eyes,714.5433247051353,737.9516992055601,0.0,667.2741468884758,754.7982308487058,778.6893572711538,749.9266346789457,757.100658342922,736.1635873695284,700.4105890790934,770.7897646678429,723.9978476714907,750.8160331237797,754.9389123976945,758.3025874606076,742.4116704293931,764.9802238522357,719.5878899860406,690.7440951736897,714.013018653643,617.4161262081651,748.4764846366312,642.9138949398146,746.5369481175363,746.3391724859312,747.5243411778418,686.3032737494735,692.5477487162125,764.4567623007557,759.1548040188062,794.3866428316755,773.3227823667137,722.321974928851,716.7463325723395,770.4855563096417,719.7143613204224,719.4195804150303,746.6822040371308,746.3784303970477,759.6320046088051,750.8933880763346,727.6568278577473,704.2615693867477,710.6219629269541,700.4486247122296,666.2233767329392,710.1610945106357,747.2432724955055,735.3389610937411,749.3228849663169,714.3914113923618,762.505792519635,763.3053270127962,769.1829742005893,773.3362160115342,772.7291298903367,765.1904449789221,714.5951568190901,752.6712888487962,726.6479875066443,777.7450011461674,756.348571225275,763.7057547014512,760.5682240243201,766.0079204371792,730.5075978767798,712.4940627681802,723.865605032635,774.0770941702756,745.564366322808,728.5512107180734,769.3277122047267,734.1927796851564,729.1348449959354,736.1491476198005,732.345133756253,738.6491465198735,732.3420678009743,742.549512150432,735.8811442354444,734.6902501516599,738.4802919109515,733.5377652019033,737.058265632926,738.0067606788808,737.0536348468767,728.5328137825801,740.5364814814648,730.035782532231,737.6772948020629,736.8488227359588,738.4556482563669,736.5819253496317,734.7137269996263,761.0205302378873,741.095404705407
photo_face2,655.6860918662285,705.0080601187166,667.2741468884758,0.0,742.549206762822,767.2793864541569,732.7626600274291,744.3790174492382,761.7030842482325,734.1522062616939,783.0830339433139,769.2178878807321,753.841479618593,755.3938672462164,762.1324530310244,747.3505551531654,766.32391241637,783.6188185758206,759.1784638202441,765.9113465387525,752.6688601779902,739.2725351705473,708.803508463801,760.0730987398829,704.6535575677092,743.9777900479697,761.3306282851743,620.04987777885,761.1474268251005,765.3039331925934,791.2229046793182,746.9428463824148,755.4327409423736,759.4477336340057,762.9540252858613,772.8311836802188,761.2488533509644,753.5473931620271,751.9317322132823,766.25717438452,745.9531113213445,794.5457175539453,761.8272283520444,765.9069942238701,752.2387710598628,739.216960519487,759.2791364521643,753.936176915303,737.5511432105452,761.2144357052584,789.4496262642241,758.704877479406,769.9087339554012,769.158250115603,772.9301727410932,769.0765559175547,776.7168579121562,750.6975361355162,770.1517713190722,790.4299871324985,787.296968269224,772.7897678713978,777.0878398433431,771.7225685661691,782.9679658239486,796.8956803800655,778.4027242241444,783.8149349959829,762.3261737958557,750.5807494747155,767.1936883732084,776.7259887334775,783.5578964599289,780.4514562511839,787.8457723586414,790.2453992323915,810.9592057661678,803.2986062122567,789.1403822270688,805.7380674698791,802.2912106690521,803.5428049650133,788.7595184535888,808.5619631460834,807.3088911160097,793.7192525094565,780.4784629258278,807.1104584607322,793.771830206021,783.9508391058615,805.225706639661,787.14690457398,790.9336901422002,800.0239547517976,825.506241960644,797.1511100286311
photo_walking,590.8747497484503,644.8354944908999,754.7982308487058,742.549206762822,0.0,502.0536626737651,598.1182368203026,514.2830934112656,631.2672476624228,663.2712958996976,640.3397796940362,622.9002183430213,544.8216460464408,558.9690824073142,535.3448332984206,528.0090069825242,581.999228403844,647.8316852263907,672.7805898120654,623.380302327127,749.3653674551521,637.3973994076059,564.1176836300771,622.0648499077336,587.2204997653706,626.0970182144092,637.6780066480567,654.7616854786912,455.1011574202044,567.5466582025235,609.046975779478,579.5051930194796,606.0819238635512,666.877273840781,521.6855015921772,611.2417090253167,624.5299991946088,542.5588340608773,586.0186201221271,542.6428511151771,576.6059966052578,654.6665381209468,630.0418236551441,629.2579063157563,608.1618310672166,645.6328697210213,582.5484911676518,609.9543850424254,661.6221414504961,550.3730746641049,660.5996736968132,613.7587575558119,538.9998888211131,572.7232879650574,595.346626724875,574.9188305663647,565.7346542070547,652.1576450272989,583.1458097814676,669.7891874781843,590.2690254107524,562.5930965821216,601.1023909342961,558.1195140539962,586.594319792752,648.4061749733661,662.9324807157866,654.8135744623632,604.6637379528526,627.3924264201228,608.4043729068915,626.1884695810298,603.0939103518076,617.853684528641,619.5907050397252,635.0623403128631,652.0452879423684,644.6770314760209,617.7551442835943,644.4491720532445,644.7504322369504,652.5421491862916,625.7291798015319,656.2391110909747,646.6721556633947,620.93943684229,613.4487120844282,645.17215161284,633.6832602136714,605.5677086922301,646.6247696561443,612.0576808893207,620.7696979361532,646.4999726157783,668.1920512223936,632.6828711998327
photo_standing,594.4114255801187,672.6400104987972,778.6893572711538,767.2793864541569,502.0536626737651,0.0,599.0396053241775,479.8751672557995,668.1818877958231,690.4430181271703,630.8297639269992,662.5974349233171,614.3534836606856,592.7731701196184,491.91796266041104,477.68118219723584,540.4413197696815,680.4826598573499,707.6958287141539,660.6532941409123,776.3083582065314,660.5843190871026,630.7964298835659,610.621933603225,621.9155090051855,644.7552599901331,668.5776523639349,664.4466068199741,541.6049289640736,504.00764670560886,571.9905749881027,569.7679367294553,633.0893943499859,668.7608660042174,513.2624019807955,649.108261465659,649.6844631422882,546.930524728685,546.5514400171215,489.8636928582044,531.5694777587543,680.7038676317502,675.259597873127,671.8268940131732,628.4469943650424,675.1315572922679,629.0066224983212,573.9065483899885,667.4862457939478,525.7233773675264,684.8459098518447,566.3355790094084,570.3114010190595,524.9245240566078,596.1430377087481,549.6364206702551,544.294734288273,662.774121628213,585.8263607641975,699.6231181727818,639.3860383323718,580.3380248145692,561.8577651917437,507.45399120023,562.0252077464033,672.9097488824624,698.6820646591166,687.9296623925285,602.0594856972971,634.3196944165778,632.5818911778013,598.4520542884339,621.757447331083,639.2962266921893,638.7188719594061,659.1269392552877,682.3290859595165,674.6308090087301,639.0153378909964,673.6933484785736,671.8558953218543,675.2293361186979,649.4442179057373,685.5683218912745,674.7189027643535,646.6554568459364,636.9778636422093,671.1280048031844,659.8490183549117,624.2060586997087,675.2879593559469,628.7317284254088,641.8589233969795,672.7499834712847,694.6048375842109,654.4232488280463
photo_hand,606.9871354792225,648.9951545343047,749.9266346789457,732.7626600274291,598.1182368203026,599.0396053241775,0.0,572.6135773173671,698.0431363833675,670.9489377141858,691.3029829915479,644.3799381472717,585.2347316158146,587.9536844640062,580.5441303225733,562.2867213624511,603.2864171783033,673.265638785325,713.9433047759384,668.8237876257656,782.8005308606602,665.5193328384141,621.2933954263889,643.5929393781784,640.6206916680749,630.7328878725514,659.8873914619728,668.2369964778835,597.6859746131956,602.8173515666354,573.2192033471356,630.0145811365638,663.1375831352096,688.1393406794948,597.5828007830754,644.8086651509176,638.8755255282771,585.3266773440262,581.1301679686676,583.502561758981,582.8995070830185,685.8483679378835,660.7555789735393,676.0046995236285,644.8573148543354,677.2754825968264,639.7871096962349,625.3728173120163,676.6605464675386,608.1136242516332,687.1824691862416,646.7673643061938,625.8086595932737,624.3729987526217,573.1679402400262,606.1043402703708,611.0837316437699,667.4968538908842,630.2731236960565,704.5247146385532,654.0683776648395,620.7973450006598,627.3005325818345,598.5880017687325,619.6946277117023,688.8257642015888,694.4520318344972,693.8659417378951,634.7065733902606,642.0894046810893,659.7352214981989,649.9242021866472,659.8650373833397,663.6938808535285,666.2733819089816,680.1842890855005,701.1440709633724,691.606656808272,668.3966600335316,691.7340383206619,688.9886301555048,694.7737575263001,669.7450437531438,705.7772889391026,696.5655569463468,670.1974418583779,664.3903237058904,691.7565965047215,681.2733858308648,657.1152429846967,692.1933143783698,662.3219126607569,670.447206675573,693.6385781739928,716.0271148965079,677.3963334499654
photo_legs,569.5163961463547,658.2957828114131,757.100658342922,744.3790174492382,514.2830934112656,479.8751672557995,572.6135773173671,0.0,656.3884036238818,671.1052723135929,653.8869216135529,644.9452548391773,577.0673418055802,561.638578087812,503.5128066051188,474.14882148262916,519.9593248056286,651.603971879827,687.8819455467413,642.0865166747777,771.5967573699643,653.2315827344038,612.517907033268,626.4465333538625,587.6342269922891,607.3944299409777,638.8951913113513,645.7002428151259,495.54828671050194,522.6422482906423,558.5867797462245,518.508062179215,601.8142639439926,658.5271894789486,529.699514078647,618.3448468826015,619.9655866576965,500.0382439004471,543.8032997609528,478.8472981202194,494.9241469821566,654.0059427036255,651.1371627899916,649.6514141130044,616.3270155756354,655.7968114464144,602.8812001455223,577.2511482484039,635.8942445885496,473.55804355505575,652.246538160602,565.9981522943651,527.2766115621672,523.3340597700175,563.748713793317,489.63113113805196,491.39028479973246,637.5116772013131,576.2132428562263,669.1461504570822,588.4632304228664,550.680971762834,550.7857322639012,494.6872124996713,524.2663348330508,647.0844973306682,668.2179692505031,659.9281306565407,587.9534276588624,592.1131583934679,606.8022862378195,592.3060407793382,600.5178732799659,611.8741830413094,612.6079963003151,630.8278580242161,652.438373769418,643.8046954739006,610.9888427827102,645.757857458947,642.6892924373735,647.1998618963124,623.3762553034836,656.2000243638576,648.7862433634691,619.5546264987153,609.6134924879145,645.148375733352,632.7522372044157,597.9214904428442,647.5013367141516,603.4521614700152,616.3718599831936,645.7312472519259,667.697385784857,625.4437555723645
photo_bird,689.3973360173579,727.2010926213616,736.1635873695284,761.7030842482325,631.2672476624228,668.1818877958231,698.0431363833675,656.3884036238818,0.0,623.7684250585113,635.5366690367003,513.3094974740096,653.3493228326398,664.6477979313473,638.3008145494887,632.6337411729457,664.238088844855,533.9260510923306,611.0627153656237,595.029046965943,745.4225119574199,704.7105589369825,595.4398007599802,689.3406532526039,690.1498067534835,686.4268429620107,572.8642451380094,652.562600083156,654.8593266043565,660.4981596302824,711.5529674127517,692.4673177622296,431.75379727563006,684.2225687423379,648.0684641640229,544.4147670169473,647.9701632217515,638.6847293501394,656.3212208082325,650.1496642849285,658.4380414711156,564.4641492034581,609.914496677562,600.3442625094251,538.469552356932,617.4740767945779,562.6960869000851,687.2117001667322,701.3433078591596,635.6106808749669,608.9487934645449,694.0281621557366,663.3736595381592,673.3812078926921,702.3580605818102,687.8388349690669,646.7438343158043,678.2318490201072,665.9104476548321,609.6178045861722,702.5643068062336,659.0075627017003,673.8900493859658,660.8618289636893,670.5647623319472,566.8064383904626,635.0332091341635,647.9357242044316,721.0182082138248,693.2352649555188,627.689188788817,708.7173647532505,599.3344408607584,605.3251789683611,605.5101584109663,600.3098812853442,618.0496047860363,606.2426928966772,610.3944615982252,609.6350680038391,613.5781848580855,608.4009613620299,600.9793829720292,621.8601628827806,612.4929659102461,611.243953361276,593.6498423649066,611.9882305124124,605.5716760429339,606.9486160177455,612.4084288264273,608.7122327352264,605.7258203883989,613.4841432111256,637.5578411663596,606.7335543049962
photo_butterfly,677.4099663747559,701.7856706200274,700.4105890790934,734.1522062616939,663.2712958996976,690.4430181271703,670.9489377141858,671.1052723135929,623.7684250585113,0.0,698.5294065078411,621.9054145823956,622.1707571426438,653.5958039885425,676.1835956816907,654.5526436020634,675.8766992906206,627.7885787829083,613.3109277373986,609.2173813789944,756.6805905011446,679.0937431026653,623.8999342418217,635.5524783865015,685.6591105470106,657.4246968082688,610.1393062883625,588.5119172384028,657.8825533419458,661.4684446544505,691.8122689585994,681.7120748243254,602.5152066092395,519.8783777623488,684.6122972754924,619.5015746058617,611.8464680322378,643.7649109414194,648.5920280330233,669.740045886569,658.890624590245,641.6670316107026,603.1674449802558,605.9474519045976,598.0008709636905,584.6875985885963,624.4483944362523,618.7392924081643,648.2455616672338,661.8604227723068,645.7454711955617,671.6848403364826,644.3818443413039,646.820340157169,671.3609195791882,669.4534925030423,670.8032655566197,591.1143844203141,666.2217655449365,645.8794775071525,692.2403989007677,647.6799181272563,672.8808930420902,668.702936249583,680.387268587391,647.0405743676179,627.565121488601,635.0884784458599,685.4783521784219,659.5578697852394,625.519105503827,638.2956521256804,659.0553543397886,652.7059640469163,659.2117865985913,661.0483332353207,678.1679999353314,672.6057980432621,665.3231437611877,671.7003216953424,670.179819898776,676.7439240571409,656.6477149515991,681.1682649315022,673.9052035499492,662.3119262636197,656.4218940201263,671.3247037124693,660.8726672147599,659.3105328912037,671.8095239111636,662.753665070064,664.3338154773074,669.3928725407249,698.3425797385962,669.8106119166687
photo_girafe,696.6369752840047,717.1494363870893,770.7897646678429,783.0830339433139,640.3397796940362,630.8297639269992,691.3029829915479,653.8869216135529,635.5366690367003,698.5294065078411,0.0,655.5929520987407,663.3075175017173,679.705846409184,636.1960251068828,634.6340022838209,671.9099289295386,678.6328090890169,678.6682199503928,677.0283940848124,784.8160145998336,678.6968104077864,651.358633230642,668.2253814577884,686.113133650987,680.6717332576553,678.2711413603264,688.3976069537594,650.4157673164929,653.1354677926039,687.5330960612927,663.7868859629368,649.6499121306628,690.2721731793144,574.310930990358,663.7193118149602,668.7810908955872,653.9489252950065,660.5806500976637,655.4117292456707,659.438710195229,693.8240792542268,664.0082871246193,664.0799904543203,648.414947668125,677.8080072510825,666.5807687734591,669.3737934324554,710.0939654720728,655.8829578935707,706.3422645136291,686.8664220652746,686.1318927712199,663.4090504287825,702.130935831019,674.1633948286222,689.275203739708,707.3398453404784,612.3484464654551,706.7428134488641,699.7242224173195,690.2067356491953,679.1851166951021,663.7609756867698,683.3163102487092,693.5308866713667,694.6981544023819,696.7241495774789,705.7829331507725,689.510660903035,672.3472106628546,700.415528654419,696.1873026656085,699.4557051039865,703.0216561743212,704.092415877511,716.1009243183286,708.7230153374253,706.6058676106037,710.11636220168,712.3947463847738,708.6168577161926,700.852673791398,717.1244942678991,711.2345395315596,704.1671319900425,692.308764346091,710.4230830123487,702.8116847838937,697.5886272228753,710.8182736048809,701.4349711123069,702.9483271032005,708.6426201543863,731.2788086019629,707.865523568287
photo_fish,672.7857890076284,713.446349824965,723.9978476714907,769.2178878807321,622.9002183430213,662.5974349233171,644.3799381472717,644.9452548391773,513.3094974740096,621.9054145823956,655.5929520987407,0.0,620.7860710732855,635.3328798753421,628.4113480351712,607.2527676280936,644.2536347644797,491.39070320148903,581.3531923086448,557.2225046245729,752.1763880691004,686.3224252441707,559.7716349787862,665.0272509618615,674.502958685444,670.9087987080311,514.8886877195465,657.1988788694617,643.3485495781912,652.3895408580944,687.2506857027332,690.279096067483,530.0840913088306,667.8390865763092,636.0585868820997,448.2821964468832,622.4765871082006,618.0425547697388,644.116106479623,628.8634258323283,631.4832776611817,522.0818957398366,518.935049791522,561.694152462359,487.56761981440275,597.6999321659125,504.4897561275628,672.4344364797872,681.0799273788693,618.292396467851,559.0247428221705,678.0520675474008,658.4109004517385,665.1049508003485,688.7514468561027,668.9258637390359,633.7392514451288,668.1985245049057,645.6469478400103,527.9504089895987,688.7646950933588,636.4522716444415,664.2796252798981,646.1260887964879,647.8192428228613,538.4020541326498,582.0633152576022,614.8434282979148,701.2585063941356,672.7094239061213,592.124358413847,693.339799740396,566.2721630385863,567.8302401943818,568.1422073280822,565.8317619976427,573.1303613331124,560.2307245913216,577.3168938996066,562.3203729928146,567.058392401834,573.126205359726,554.6986756322314,580.3508791371668,568.7274095766749,569.9192022215451,556.9623538231559,565.7996641925241,560.3757460792332,570.4435979359602,562.0332852459327,572.0129017050612,570.0395572098545,570.0369946244512,591.3632967397403,572.8400512305659
photo_cherry,618.7052603123577,659.2022123044417,750.8160331237797,753.841479618593,544.8216460464408,614.3534836606856,585.2347316158146,577.0673418055802,653.3493228326398,622.1707571426438,663.3075175017173,620.7860710732855,0.0,549.6319255432714,582.3580579502379,558.6616364353182,596.2816747061893,618.1773509265345,656.8991938282554,585.4932379215506,783.9132528235095,648.4227985355643,574.8742542963889,622.7157561277403,618.4090650105433,611.2350014029228,618.4390095230915,663.2916861643073,540.7774963684717,613.3046964894755,621.4821917121459,590.3619813428512,618.8308013358368,643.2172666802205,563.0330858461231,595.8901088239869,567.1706578665473,553.3151451207075,604.5190297184234,561.7315432022461,574.7259421240362,633.008222966849,604.0581241723186,594.1123227634729,606.3877700568829,616.4782330227231,576.8574169593201,604.4374716846227,630.1576556672211,586.4267769970784,631.3785789521394,629.0425029998158,578.3196290159844,600.8079592458432,591.7438146046348,575.2467660516049,580.4090810830339,614.0931484017219,585.7853991055764,643.8208483694574,563.4542300958175,582.1780010125798,611.8120449688123,587.328921915806,595.07439454903,629.1492711886979,637.4130662865094,602.8874710740562,602.0471149212026,595.7152179718363,605.91249984243,617.2792419795588,616.9541255048471,621.999772315371,626.4134070342341,639.0127161186391,654.3272354234246,647.8817237462117,626.5811282161256,649.4523078454921,641.5622702644594,656.8550274176752,624.8124574441943,659.2484966385215,650.8511384256675,625.5468108500197,620.867277878272,644.6313504424387,635.7962166872735,614.0470799090077,647.0976001393444,622.6404767041498,628.9080126454248,648.0265388116494,674.3636265380434,634.652055219552
photo_tree,584.7113592154769,655.557567644827,754.9389123976945,755.3938672462164,558.9690824073142,592.7731701196184,587.9536844640062,561.638578087812,664.6477979313473,653.5958039885425,679.705846409184,635.3328798753421,549.6319255432714,0.0,550.5663157575057,521.9880485530624,537.2881910029508,650.9020653951139,691.189295651855,640.6643634820073,768.4284282525882,628.717045391134,563.7540178833616,610.6753802884507,631.8281272544491,643.8359809782943,640.6873901166632,674.6819609050524,556.7006373631033,587.2108462251203,635.9226148232989,595.5078684791187,624.0362091501606,667.6040830025797,577.0941175734617,617.4170642466746,628.4104424850327,490.47964864529985,593.9702742139579,544.3718094312886,542.4042849129856,660.3721115006831,652.1463032828063,648.0702836714446,628.3655342707129,647.9214138950126,592.3592576471442,604.7489296548861,653.0934134520259,563.8203013833208,653.2844342593345,627.4737261569519,576.0923141552037,585.6769075492887,578.5880340502503,556.6939609379054,580.4526244201472,634.597078569147,608.7422448243963,671.3395315710754,591.9753527998841,537.8211883109855,592.0098366077876,561.3546463909354,569.8827124012877,653.6693570103735,668.7921853715972,666.0643381697585,587.3487163742752,573.3319248935629,618.0406706681441,606.4484282734907,601.7137111192765,614.7589317920814,613.55885244813,635.329965351648,657.4536862146923,649.1172070329741,614.6246232221567,647.3481639478903,645.8514148479952,654.7352569390463,623.0810845527352,659.1203533574981,649.2782745909816,617.8210110357434,613.956155959362,646.6951007900914,636.1575238817745,604.0611755853652,650.358019409361,609.423787433739,618.2458016785635,646.4017556335257,673.6313161463023,629.2211360604957
photo_flower,576.5665622345269,668.9557903006461,758.3025874606076,762.1324530310244,535.3448332984206,491.91796266041104,580.5441303225733,503.5128066051188,638.3008145494887,676.1835956816907,636.1960251068828,628.4113480351712,582.3580579502379,550.5663157575057,0.0,390.63586469153836,477.99249080790963,629.5062960059626,683.9054370102469,633.3250908314903,761.5818062279736,662.5049734513372,609.3448391155258,632.8795449258386,604.6181880974962,629.7420665446894,613.8446431088479,653.1219130536912,532.2097528070726,513.8784156182284,557.4061136115777,585.9807340015134,602.2988088173757,668.417153472956,530.7907370084996,602.3512055132626,624.5323469779476,482.95664553964957,484.6891080859333,412.75189984729735,503.4040124961371,631.9654276119829,649.6211389998946,645.5622455564862,585.5812907894514,655.3951612456333,582.712818433761,599.2883272888398,623.2717896481785,454.70732035721403,627.3259262946815,528.369780061507,538.4402060114099,509.97203332986584,568.6761841560942,526.9387024202422,495.50155400129654,622.3238964280487,553.2546602271925,646.354121853938,590.4709640412509,497.5282880460016,464.4876108876604,415.15813330524935,488.9806518792393,619.2056051691762,659.2942189282583,652.8279099408797,559.9300295850279,611.1531492233044,585.932803524025,591.278347604166,561.4274987450355,582.2405643645119,578.026690614642,601.1699576055196,623.0542945051691,617.6577776889874,578.0553035182373,615.5170326611777,612.2373656325615,617.5430503300765,591.3234542891133,627.9066100789275,617.1679605981667,585.4036054842289,578.651408221181,613.221378750704,602.6013459852823,561.3486719109538,619.0030638082154,568.8929659915196,582.9374536968522,613.3940102877065,637.1199278273754,596.507370720802
photo_carrot,553.9868932115361,661.33582339452,742.4116704293931,747.3505551531654,528.0090069825242,477.68118219723584,562.2867213624511,474.14882148262916,632.6337411729457,654.5526436020634,634.6340022838209,607.2527676280936,558.6616364353182,521.9880485530624,390.63586469153836,0.0,434.6842784012149,612.609761339503,665.3266401034313,616.1708430103392,757.0089754177784,652.9449028891762,582.426202236275,630.6586787436557,564.7302829801462,616.0771381104261,596.7883359006748,631.2023421193013,510.71700470392585,456.6026104324922,528.0690713057277,551.8011369571624,585.7164627256271,643.761233559908,509.8639024684557,577.5331238896371,606.8901509141324,452.40782483253446,473.9340984969034,276.7615587876378,449.867674744302,612.6881670845404,623.4771401368972,625.7489251733584,562.5869958485874,628.3351218668275,557.0366082824881,593.0088190284603,615.4636685275034,435.5219848847868,608.0450696922716,526.7121907269392,508.77851441318325,476.0496001242467,545.0636342055934,454.466402660726,461.22171176859894,605.0196877522213,535.4411023788247,622.0688430993413,554.3339445928232,457.85796385989266,446.32661099693985,321.1016635639779,436.72980797726836,600.3784358568854,628.6256029690198,626.8736691328918,536.1525499151396,571.3144957375105,557.8134116819913,572.797169823862,543.8166419756856,563.7706327782389,559.7728281744637,585.0240632323637,608.1254165426286,600.6704573739576,559.3921072446296,598.513550371296,596.1277644893556,599.4286061848742,574.0525157514851,612.3786914119839,601.3333077513242,569.6879689016484,560.1286785387672,598.5404696998035,586.2166671817707,542.0886856098275,602.3047675507157,547.5476231919171,565.1708120747395,597.4951202934354,622.133054210735,576.5726054598529
photo_watch,577.3122973156902,685.9646468752403,764.9802238522357,766.32391241637,581.999228403844,540.4413197696815,603.2864171783033,519.9593248056286,664.238088844855,675.8766992906206,671.9099289295386,644.2536347644797,596.2816747061893,537.2881910029508,477.99249080790963,434.6842784012149,0.0,632.9071027889216,678.9879268818852,641.5633488061329,787.4823699096157,665.4536639686555,614.8017494484644,639.2353020006275,593.43478957359,623.7651352202869,617.6878265054847,655.5955461007212,533.4615640804385,495.59627757246204,565.8914619924176,582.0289591343109,602.8346541963105,666.5996564200672,531.0403449576,598.2865469982036,626.4049325610758,455.5286286010919,505.0120485548019,424.20712376120986,394.87358084499306,620.2923169185873,644.4680119448103,652.806196138802,611.2789133736144,645.955729049727,580.6186938686963,583.8830595118761,615.4339918703736,449.7711221392819,612.2992485160711,537.2089236780198,528.6027638276289,504.3418243138467,550.5000417523916,474.68689341483633,463.4734869400977,617.7417296177942,546.0986387407926,629.4044212706525,567.6966445741946,480.82839339007035,478.0763262255746,434.7812352589338,399.80118333291273,609.0998105170073,641.4480934668969,641.9577025860029,546.2529913833816,554.2583859518676,591.2177942098269,554.4491220567801,549.9470344206563,570.1411829774217,566.1763934120233,593.883273723685,619.0627172195095,613.7328228980024,566.210080071186,609.5324571501978,604.8900825131112,609.9053067232181,585.3092128215279,621.1957340508072,610.102845467092,574.7896628995591,567.3839875945304,607.7210874397373,597.6708083965223,544.6778490977542,613.8629328893874,553.3582674788361,570.6177065896424,606.9768555517013,637.3503164737717,585.0773402747606
photo_key,683.3643390693276,732.3627751358576,719.5878899860406,783.6188185758206,647.8316852263907,680.4826598573499,673.265638785325,651.603971879827,533.9260510923306,627.7885787829083,678.6328090890169,491.39070320148903,618.1773509265345,650.9020653951139,629.5062960059626,612.609761339503,632.9071027889216,0.0,550.3984948654333,546.109788707175,756.9825256970205,702.642978237158,585.158012772653,686.5092761757979,683.4477873137574,674.038682211345,449.0739726749022,668.08259191867,645.2914805443334,641.1719989822383,678.9864756675655,688.1863081028622,516.1121573702902,659.6718343835555,648.2915586806051,470.3995044627856,614.5302371392368,608.0418176695397,633.3060187930982,615.0080488182969,631.3272324208451,326.29656143601034,517.3600915939624,556.8841940712579,491.9693751728334,566.8954499293008,486.15639371094636,654.2506550699527,646.2843504691627,600.9309415285982,453.7186122266159,642.9753227168079,639.3540491643406,653.0605357292782,658.3932094492362,648.7061260436878,593.2697694906103,625.969206652851,620.0480224005294,494.2763170988353,653.8808493072282,609.5292796135504,627.558033481449,620.994302810297,605.9011521851166,353.22514609122555,518.0526810166228,556.3884405500703,670.8733341688769,641.7648568602733,557.8259357839615,656.356681686529,494.1164410714286,488.33079535229473,491.55290422185624,475.0011407090346,464.45516901230656,457.08216275277334,506.20612353189097,472.7121505237776,461.8516236432477,481.1610806101798,478.2636285398037,474.7062237271158,467.04114687178173,491.7582746902174,481.89182529723564,467.3001587673105,470.2718848896437,501.90941272415887,461.9532509270128,501.8274625919224,493.094154426662,476.110989733674,506.5361108900287,488.4790131744724
photo_truck,701.5540462517125,737.4919297803366,690.7440951736897,759.1784638202441,672.7805898120654,707.6958287141539,713.9433047759384,687.8819455467413,611.0627153656237,613.3109277373986,678.6682199503928,581.3531923086448,656.8991938282554,691.189295651855,683.9054370102469,665.3266401034313,678.9879268818852,550.3984948654333,0.0,567.8402762829057,733.992206060423,667.0977887023963,602.0456542782545,673.5100063800189,686.7196462451227,682.9907328117445,567.8404594242769,648.1108140341611,679.9262106266665,678.2205157900422,719.7817593243553,705.8575926766076,581.8442047120068,652.8262177834234,690.2649288806297,567.873950020641,622.6894435537109,655.3600149662924,673.4077718640037,672.1864615313618,667.5916534788839,570.360853801836,441.1811940510577,561.8237558834476,565.4545852700371,546.0039709829108,572.9034550695123,661.399992881632,638.2051301856051,655.0744107169972,592.4176604565425,686.614366381021,661.9429366642676,677.158396736154,688.1769731558489,686.5975136171323,663.6691454067383,632.2004510258249,663.8365039217545,559.9253414354869,693.939592607309,663.610793327239,680.8495252166174,671.9094213143621,673.0406550823681,579.6381010483874,446.4489826885511,573.1857329211226,697.373851977992,665.9535357786558,606.3704930022693,682.3434203924814,621.918163338331,613.8753722596662,621.924354449281,612.0367718026177,613.9272356647996,606.8314284748026,629.2790502242497,614.6683627497954,611.4168900669177,614.4363348739437,616.7768018905947,615.017737726414,615.6087594270944,622.9662892323056,614.8818361637655,616.9886633721788,611.3839579310262,625.6986568648813,611.6583013112037,624.9885580546003,625.0621559007672,614.1622225297549,628.3945920747072,629.4506428649744
photo_velo,673.0955037976513,723.6868946701794,714.013018653643,765.9113465387525,623.380302327127,660.6532941409123,668.8237876257656,642.0865166747777,595.029046965943,609.2173813789944,677.0283940848124,557.2225046245729,585.4932379215506,640.6643634820073,633.3250908314903,616.1708430103392,641.5633488061329,546.109788707175,567.8402762829057,0.0,742.2345228057764,688.4794177757615,572.8271993390383,647.9144039998301,659.0176551447893,659.7515469079157,537.1352699220412,646.6166621725107,614.3297718666084,639.2406037371331,682.949514092331,666.5484703835164,557.1229892506448,644.4806072840297,641.3525096801376,507.3200223891104,560.8046372919852,595.7956738435319,634.157814426057,622.3252162883348,622.4045184941815,549.4252997997736,518.091134539817,359.8554908031609,542.1227969239859,547.6520921473432,523.5190669596057,625.1599775075019,622.2679490454988,610.8325710402028,547.5363069834328,652.1290181034431,608.8462505015043,634.1462938262399,648.5911298250103,646.611830387226,621.7543802156498,621.0379465371793,629.6720240980148,544.437682696525,643.2979224860326,606.8403985918845,631.3212278901541,623.9344589102668,638.212186050949,553.9853308507344,540.4853947308698,458.11674939496345,663.1941874787054,637.9701714370945,551.735730480924,630.9470191896037,575.5222630288669,571.6856707911478,577.1355248562493,571.9881581048415,584.1552320494864,576.3315907200904,584.3284465619622,577.0304240609591,573.6766593052588,590.2537219194755,564.6329847743915,587.8119832799058,575.7916082202563,575.1442645512624,572.083748660843,574.4198435619915,569.5507468907545,576.6355478676902,576.5410313870271,577.5212176080877,582.1834460300936,578.2621607516497,614.0362803258546,583.798565208771
photo_road,797.3137576068642,804.7385903392502,617.4161262081651,752.6688601779902,749.3653674551521,776.3083582065314,782.8005308606602,771.5967573699643,745.4225119574199,756.6805905011446,784.8160145998336,752.1763880691004,783.9132528235095,768.4284282525882,761.5818062279736,757.0089754177784,787.4823699096157,756.9825256970205,733.992206060423,742.2345228057764,0.0,768.0897955244441,651.6048428083346,754.6135619444768,799.6908455379311,810.0351766512854,750.5256475668499,765.474490765148,781.2423610249101,785.380459124951,830.7504944009592,802.3438515324374,741.5299893496648,790.5973711191671,775.3604445834966,759.1487383163002,768.6673564796934,776.0568249155885,771.9322577837308,778.682475492491,789.5114420461725,776.6621949969025,753.8846409829729,748.7580054481219,700.126717815406,732.2298420648863,736.761262837828,771.867998409325,795.3796222100497,772.7745095618001,786.1204971589086,798.8399415967252,786.5100346962579,792.4110876468714,807.3968753251362,800.9785465100915,785.786324955034,778.4188249506376,779.472990798684,778.3410840417023,804.3859228181889,773.514162406921,792.366121957988,775.847626160573,795.7615045825468,777.1244283125991,765.0962561364306,780.0096492233158,795.4962194298516,794.2192934932729,756.859751313164,788.8682380230479,770.1690165111663,770.3888293616059,774.4254221449786,774.7295081482698,779.4310468615876,774.18182272532,779.7756762293576,778.1048608240845,778.7094742874218,780.1031798560194,778.0587079771324,780.9715998277259,779.7737679589934,777.2369417208215,767.8886176609279,781.7872848918308,769.3063987892841,779.6952651906025,782.2868011877094,778.1672680453528,775.6392084339378,778.7955904857427,798.9806973480108,779.336350131118
photo_house,645.9842633084991,627.6888481790276,748.4764846366312,739.2725351705473,637.3973994076059,660.5843190871026,665.5193328384141,653.2315827344038,704.7105589369825,679.0937431026653,678.6968104077864,686.3224252441707,648.4227985355643,628.717045391134,662.5049734513372,652.9449028891762,665.4536639686555,702.642978237158,667.0977887023963,688.4794177757615,768.0897955244441,0.0,631.3287490464393,626.9012139714165,669.2381561799758,654.1257218875428,695.4511790904988,689.8565843796162,661.6355502542349,666.8807568803837,704.778802257862,664.9907999008675,693.1598974601911,705.6748948631976,666.2095907291583,694.7183181855551,656.905190617228,654.0554363456503,659.8708599021367,677.0125180901408,653.0564336198836,721.0090945465411,667.8145881341304,677.7142692316218,664.3759909427284,644.8553335673303,683.1195432340978,657.2489586851935,669.6403005659446,667.9974407081752,731.6585431653107,700.7782241612267,667.8840911915249,686.3280297790064,659.9996841792829,679.8979736322304,683.3208461137673,701.5554498350579,680.6418285198528,722.1838887535644,683.4351142403118,681.4610342028117,704.8901470601953,682.6568145739519,699.4517657496191,724.8689451914152,695.941937047121,713.037267375839,669.0969295546395,609.1311038274237,690.934332366321,688.7613801432213,714.6616528585918,715.8934086024692,720.6298744279112,725.3894450229743,742.3581957256716,735.9323200563518,723.6824086330888,736.6200748655709,734.8386163056795,739.9222083726496,721.2938122957376,744.6441862380311,738.9645472869298,723.9280216721224,713.216850869089,738.4629000872567,725.3292839342528,718.3996594674475,736.176517549696,721.66840631006,724.6105533001945,733.6437976403759,761.4693795603258,732.4539322895436
