,photo_face,photo_profil,photo_eyes,photo_face2,photo_walking,photo_standing,photo_hand,photo_legs,photo_bird,photo_butterfly,photo_girafe,photo_fish,photo_cherry,photo_tree,photo_flower,photo_carrot,photo_watch,photo_key,photo_truck,photo_velo,photo_road,photo_house,photo_mountain,photo_windmill,drawing_face,drawing_profil,drawing_eyes,drawing_face2,drawing_walking,drawing_standing,drawing_hand,drawing_legs,drawing_bird,drawing_butterfly,drawing_girafe,drawing_fish,drawing_cherry,drawing_tree,drawing_flower,drawing_carrot,drawing_watch,drawing_key,drawing_truck,drawing_velo,drawing_road,drawing_house,drawing_mountain,drawing_windmill,geo_face,geo_profil,geo_eyes,geo_face2,geo_walking,geo_standing,geo_hand,geo_legs,geo_bird,geo_butterfly,geo_girafe,geo_fish,geo_cherry,geo_tree,geo_flower,geo_carrot,geo_watch,geo_key,geo_truck,geo_velo,geo_road,geo_house,geo_mountain,geo_windmill,word_face,word_profil,word_eyes,word_face2,word_walking,word_standing,word_hand,word_legs,word_bird,word_butterfly,word_girafe,word_fish,word_cherry,word_tree,word_flower,word_carrot,word_watch,word_key,word_truck,word_velo,word_road,word_house,word_mountain,word_windmill
photo_face,0.0,376.21965150607895,498.0606493909395,423.7289326453702,384.54276944756964,378.9904440926006,383.9131834357988,368.92090111760024,440.46502263222635,452.0572970731754,463.8206339416487,441.73214381006903,395.2162134743973,374.75757236221983,382.0060359422706,360.6841738053208,370.30258115809755,456.94411517344327,477.5176393025366,448.55441479204126,545.0529884953032,431.0564813860501,429.38893480190995,441.99926022258614,387.29195567630336,414.9076371710098,461.76783096222374,426.5903001090399,388.8170331147613,391.7056918552595,424.9008395415863,411.0126562784116,423.2810038777476,479.89936399217214,404.0375166075167,448.0902085485218,438.8487667004623,371.48554274960486,390.9855102990467,378.59399051107135,366.9325982791432,475.05166817669453,460.4366842908843,453.43140488427457,447.5543546097892,469.07827174457583,444.47382533996847,418.05190209052506,447.14661304656215,394.81823364289716,474.4280379540162,423.14709017980385,405.4710135034603,407.40962511688423,406.06600140326856,389.0753408451133,405.1724751077515,457.24432561316405,444.73970732856753,487.4084954665333,443.52968443845543,406.4843416464074,408.3105109798191,397.28812259191915,410.75981710195197,473.2077937226767,485.37284891790136,462.9717785113282,430.01271364460524,425.94597147074506,449.1521824958146,437.4149442375677,447.9763058716947,462.2949009779112,461.309794727906,476.65249171610384,498.4258308857361,494.3695857955131,463.57959093356635,492.0387532877975,483.66517681359596,496.10250023814416,465.06767912478415,498.5534962296777,492.9847847708976,471.29145289906074,458.34979743157044,488.76529252801345,479.12342836039545,445.83030993271365,491.702982342787,452.4021990793425,469.70352676265077,488.3829759134506,508.5733469087923,483.2658148620098
photo_profil,376.21965150607895,0.0,508.30691736944226,441.14797398836237,431.73366929728763,449.76175706663764,426.0865930911612,447.9690835003911,470.0120860411115,458.90777972691455,476.18157074836864,472.5657191089412,426.667638393051,433.33829246822944,457.87246837868645,451.2484613655453,465.1640146992095,493.5231261954808,504.9418640211547,490.00092307187526,553.1211910025011,408.5171892193005,451.50714834241916,442.4833601025198,445.38348652723397,403.6698813415979,499.0236372263672,456.24695225798496,451.49821621096834,469.6871156413666,473.4164611763853,443.76337611933815,469.87656164710296,485.3475196937164,455.01107444744594,494.8144917684953,468.27636750218056,463.7453469240745,457.82862295440697,469.8378440979055,456.6295464421682,519.6307096472383,496.6567478820605,482.54820415130854,484.00506463712503,491.6561946870414,495.24747594012194,462.2921030011048,478.47032903972416,471.45339613506707,529.9538458263509,485.33735832396843,479.8635249962337,471.8348834666396,463.15647670857965,470.4685540921654,487.8559209321037,491.93406268104445,490.6313878374632,534.1186674656282,483.7229152586173,487.8519439251614,497.65100462727554,483.61427264585035,501.77245417598954,523.0451648611411,528.8045280462686,508.92346660753236,471.4847278242146,463.7381021278046,501.1566838650618,495.7004859633536,521.091094250028,531.0295336890172,530.13392254791,534.70675630753,552.8740285965987,549.7362868492146,535.0105804247463,548.4080374290983,539.15712991711,551.435773851198,524.9118344328967,553.8258361725983,548.5018750838406,537.4259831779029,524.7662562630838,544.0522900423506,533.9218613674605,524.7263811875597,544.9225310267639,526.4814234841833,535.3095726349454,545.0779709476773,565.6192240153094,546.0513426771598
photo_eyes,498.0606493909395,508.30691736944226,0.0,431.7945356850499,523.865098806209,542.4007242397104,520.6452267793935,536.7227063208766,480.17158474430613,469.6785144847573,522.7537399185226,488.03173661962455,513.6952225200325,533.9475123011276,544.2553179581885,527.4037656460772,536.6330780011149,481.9420358920712,463.93736426969843,485.61942657960066,418.22639551124234,515.4598006470166,444.97147161150565,522.1444728160424,522.4172789684552,522.1882065713754,470.8445480664455,473.0499023718665,538.6082060131872,530.4790735700708,561.2745671975476,549.7184161350491,486.6770107343897,501.52173686297783,539.5487018304834,493.50538947209174,498.44748073876303,526.985318870684,531.4127907834342,543.123651683287,534.7598597711368,500.11328537304485,479.15294364057183,478.84417895983114,484.57533328567195,455.47650508774336,499.19371154357,528.2484684776045,520.7621982045183,532.1293781095727,493.2401504134535,542.6771495438105,535.0450868145626,538.8277979768922,542.1507171315543,547.1072915123289,541.3344028287057,501.1440245454547,533.0446570705113,507.2224035926329,547.205138454207,530.336017656793,539.5478539754546,544.2564698537292,543.6343855275611,504.7148238548334,489.3235510592186,489.71895465771297,548.0414528937006,534.5302186582945,507.37806009678405,545.8695116002971,518.9427562115243,519.015731568509,525.8106392996855,519.3826679212873,523.6966455541582,521.0969511602615,528.5787319456381,522.8616341822614,515.3623031711903,525.7479442755695,514.9865315251479,519.5739940372649,523.1369836275688,526.4231230194437,516.7794677094107,523.9597804529024,515.6774510157119,521.551459499502,521.2442878915509,523.2252051690642,524.5513012232999,519.94302237281,542.2061479712015,531.1244590026861
photo_face2,423.7289326453702,441.14797398836237,431.7945356850499,0.0,478.6706849002663,499.89918773577205,463.9102178611172,495.6472644111024,472.2709382467063,462.24686588951556,501.8101879866533,492.7304489929913,475.93408975616967,488.55853071877544,508.10111840708714,495.98802390093596,500.4874285535366,505.7569536177801,497.4479755291493,496.74162521863553,497.6834485303599,470.2356162354061,455.0080834882483,487.28498435258933,466.5389002287218,480.2398449347819,504.3953827522849,420.5019671660082,499.8770582587377,501.4218651743751,528.0583988781771,494.6115303189445,481.78251990688443,496.89362540405625,500.9068732855951,508.74042800494993,495.228768948888,495.6864075627448,498.2310105075786,511.82590950892984,495.3610766309207,527.4783134866943,500.8920649023589,489.96175585568665,495.3723186562865,486.3803980918556,507.2873927736038,492.88009276687706,501.9073967163797,510.3217565431789,532.420832299937,511.0480075316742,505.4321470321005,507.2502784054946,504.33366418159636,514.9313620013417,522.0131424674436,495.8443360036266,517.7316582809513,531.5511350959392,526.1254939701831,510.7857335557283,518.973419689255,519.4096792490861,528.8826750393237,530.9598461887003,520.6861771594049,511.044707871778,507.43835764620286,503.71860472455575,510.5373696362143,520.3825632246056,528.7223378525064,532.9600558959401,537.5032099668771,537.415163623085,555.5945683441956,551.2956863710386,538.7511252841441,551.8572344818637,542.9129420264514,552.4487345454766,530.8138151183376,552.2058785893547,551.6033842201293,543.7408418922455,529.7055380751655,548.1172215582277,539.0953087368538,528.8260297780919,547.8046708057758,532.8849621440378,541.055192475908,545.0738198315702,567.3763649082968,549.6878735772009
photo_walking,384.54276944756964,431.73366929728763,523.865098806209,478.6706849002663,0.0,349.9814088372996,392.1402337597732,345.36802283725024,417.7950937109504,450.2926167064627,445.4495482784522,418.56025472426876,356.05961883184506,369.788199465356,359.80400547765583,352.4801919678284,388.43031574578873,440.8462500997901,473.47674808097486,425.80482158604514,530.7833333787518,449.1832538319758,380.6372816798998,438.57208812651515,387.24216839766285,428.1538211272268,446.03312678626844,431.49857348687436,314.55780790728465,401.3168686784207,419.8582159129204,407.5172270101451,406.70304436721796,462.4212199874679,362.58094228068813,421.35232628561585,433.29725560543216,369.2741670366251,405.6698844343537,365.96941411769217,384.926107554734,461.85166166855515,439.4466924822692,425.49799554576384,420.01258687937246,460.7426459727027,403.7840383824709,414.70798640812694,465.37873376636674,373.65662101445014,467.995531009652,422.30731493127047,367.1189047525258,385.54827743434646,406.3653569913178,381.15131223053214,389.4576863532811,460.7127373862202,408.0882965706887,476.1165980732549,404.12100577258656,378.48031938458263,414.5774764804379,378.81982375718303,404.5869350713263,457.47832198888705,475.988185546116,453.7207335486972,413.8304680030808,448.65737788870643,423.903474208391,438.18011381112876,434.8714597837216,454.10115441403457,447.89711579864627,464.60471022510944,480.3633132586447,476.22562941567014,449.7654214852063,475.85157881702804,470.8284957135985,482.64661223229143,453.4617842728753,484.0877039478776,477.836814498575,456.87862901845693,446.0629884295582,474.96776820391955,461.93445288879565,435.2244142494607,474.35529884298876,438.9470509231891,456.7488618488251,474.81344350683224,492.04063028080003,469.92994177811687
photo_standing,378.9904440926006,449.76175706663764,542.4007242397104,499.89918773577205,349.9814088372996,0.0,386.18718075098974,310.3990358884916,443.758628659943,473.0938460151527,433.3085201454649,444.9403229165452,406.02421600121926,395.3889741824362,305.01138490353844,296.11424437303486,344.6539619191173,457.2075809936311,498.2208736540103,453.4906391422497,547.3664877311143,464.23651633117385,434.7608414650137,426.4644797622782,414.85786365276493,438.97101356534006,465.63685689086714,441.34105347335844,369.9799395867802,343.08786518078705,382.96895537747054,395.3918148868705,424.3401809853486,454.6504192764916,350.3839500298708,447.49611814923793,449.13474199032567,365.3346803982897,364.2553928899614,308.7393525983195,342.26562693603574,474.81769110916076,470.14558926976434,459.87324595858905,427.96428229594085,482.95630856921696,432.87686034048886,383.5342803249401,464.15953811513333,336.54504502522633,481.3198137508941,370.4241471651097,385.964620484197,339.7134244380727,399.43671510438594,351.301410716409,360.6403169286634,461.6539717475269,403.56151607040397,494.07858097868143,430.035604538785,383.49857273161166,368.6998909814683,319.0616128093885,370.93655339474316,466.4631242378395,498.73381463489443,472.3319146611546,401.15079315605703,446.1978716779347,433.16704068006106,412.2901720511751,442.41505839766614,465.4934710686943,457.01196456259976,476.9912212390939,494.2947732923627,490.44551481929994,462.0334371219077,490.0326658086094,484.22687599000426,492.8523885512016,465.92300391207885,498.7357319114999,491.20152068046275,469.78713654166506,457.4324997676391,486.98837395876626,474.628073876369,442.24790380890005,489.6766713697905,446.68872716953285,465.7365228986437,487.9141909549889,504.2299606899298,479.0571602931649
photo_hand,383.9131834357988,426.0865930911612,520.6452267793935,463.9102178611172,392.1402337597732,386.18718075098974,0.0,379.92188906163926,458.5380920050393,452.57611662194006,470.11404109909995,430.4744205224636,393.4991896080138,392.06430225898146,399.9188727024529,381.9838011205927,410.6947420647448,462.318055676515,500.988234019093,458.7578478925051,545.1721544362418,451.27634690140155,429.7351648552224,446.40186418943375,442.5048521204311,429.1251229577642,463.2581068551431,441.6527813212135,408.4224288908405,407.40390704558536,406.8083766699706,431.30917795076516,448.7615334846111,474.44958242434694,408.46948934675055,445.5969441194502,436.27163629977093,397.9914252414372,402.21141436792533,399.7154101691096,396.7174074638583,481.70000418289146,460.51823085288913,462.45777771313834,443.19972972386296,479.9986750180456,448.5087390441722,424.16745805046855,482.16201713439824,415.40597165781463,487.4938443218097,442.83865309590124,429.5819960766649,426.7189972703629,398.17649725139484,407.7332281967194,424.96170179799714,468.36188664166644,446.36883385191885,501.1205481128152,452.8713738362386,423.18604582114733,434.92309940398235,408.525905283611,434.7471070494354,484.94693681142223,501.78320824836396,479.59467165186123,430.7958442843593,456.2888132470535,459.6917021456913,450.93538244683094,467.85621692259997,478.6274023231893,477.3233580916085,488.5133621878838,508.5000981941927,502.6780709320643,481.7112121062429,501.92202976265787,495.407151575053,504.20559733566085,476.9621705435137,510.255713161416,505.3765011013259,484.01535255233006,474.71154321749776,498.8245880503518,488.7663952598098,467.4854121683319,500.11876209546693,470.45081470146647,483.71456687964866,500.8312966485325,518.9450730250521,492.81435835664877
photo_legs,368.92090111760024,447.9690835003911,536.7227063208766,495.6472644111024,345.36802283725024,310.3990358884916,379.92188906163926,0.0,445.6616997436385,470.74998683898286,460.9845271276732,445.4988587240581,395.84680456057134,384.37296510331566,339.95600731068976,318.1778566901494,350.3673593543501,454.09739597416797,496.96238130917635,452.15184955744405,550.391211694583,465.9721948495971,431.3919686652467,451.74597777272857,404.57102703655244,428.78703012127824,455.34618693367725,441.1223752232437,342.8371195714807,359.83788182153125,383.29883581478464,382.14385144629756,415.39791227395216,469.6735704342593,367.2943320890057,436.45732112110016,440.1307180772871,342.8955153610243,381.84173503121525,323.4978946627056,338.95524444313963,464.8833266611419,466.59297341255575,456.7298344950719,434.0815377319651,479.7545379264967,426.4304972651623,400.9207066502358,457.35520339120285,310.7202387199734,462.97338895727347,381.9422151662429,361.7542886341713,352.4822209876608,388.8297770963055,326.3982231303495,339.9717433360227,456.6274269649395,405.9567272700601,479.0316481408911,404.2251218808806,369.30587664496176,376.4638601283815,333.5326260438703,360.80125394673155,457.5245987443279,484.48045200457466,462.0428772068018,404.7221192041579,427.3110164363203,424.4391480630993,415.43214554771157,429.14167035306093,445.7660339703705,441.2822313517974,459.6561890498036,476.7825261342914,472.5447482167722,442.22396241919654,473.5113049956272,468.4148667331143,474.6667458257322,450.5017836053656,480.4561642121216,475.7700928167728,452.0519067025482,440.78328179476705,471.8686460848217,460.01742839494403,425.98902615238046,473.26142331297905,429.6190773308947,449.3291363655104,472.97914390973085,488.71036631440654,459.12911398025705
photo_bird,440.46502263222635,470.0120860411115,480.17158474430613,472.2709382467063,417.7950937109504,443.758628659943,458.5380920050393,445.6616997436385,0.0,404.9307651103799,425.58764268376035,341.31008656390384,433.1574259209091,442.3862566727718,433.6364965426262,419.2792511202882,436.0368147285791,332.3110339439058,405.1632972559728,390.687429157581,499.39937770336434,477.387731125781,390.97668273300695,473.5534477981559,445.34718032331637,448.3128077840393,364.1981260418348,400.03523644362843,440.7394998290574,434.87090740893933,472.883934098675,466.7764322826643,279.3353056407052,454.46743507742116,436.4119162551057,357.70689952928126,433.8974068777545,421.3407494133217,432.0788430826531,433.67706593140474,430.09555074276926,364.08480105207633,401.9442579986919,388.72491446939415,341.92138260241063,412.1454489848773,366.9361540219033,460.3991004420517,469.947674681701,423.83267496515515,400.98996904964764,455.35310577378954,441.5810142065932,445.86373797608695,466.1668390166639,448.6598929630038,437.1800708970581,452.42152536636564,452.3509506059274,408.53063452590106,471.0191816988522,431.62164574130895,447.3136579383694,437.8403923131121,442.53302359817377,364.3224653758912,426.91020844921337,422.33444891916844,476.3875261402309,475.1392971305135,412.01316519024874,475.89184938746547,395.4192288046849,404.96549822497826,399.69093102803345,396.1692348331422,416.73923328052877,410.28861911110255,410.2841265278445,411.51924609099274,403.24588630978656,409.956759971871,393.4660973271017,416.8336298667804,410.29500408039394,409.6380729178798,392.1378447442653,406.79704666872135,397.93224971065035,399.81089598171286,408.20052491986075,401.256706035044,405.2403224589706,407.8854144950596,433.2119457779773,414.2372229403821
photo_butterfly,452.0572970731754,458.90777972691455,469.6785144847573,462.24686588951556,450.2926167064627,473.0938460151527,452.57611662194006,470.74998683898286,404.9307651103799,0.0,472.55237019187564,425.2814337476644,429.43902721406863,456.35065945685676,481.02146533642446,461.13095063134574,481.01254733366864,439.4847303446896,442.4851155391621,422.38927326642397,511.24131160591713,470.6430630609527,434.49931646468696,453.19879251170084,461.6152264240094,446.8388895487898,431.7159436432832,384.37644456118767,456.2475027295363,461.33098385903855,483.20671344578216,474.44752940368403,408.5144097142538,372.6537366727459,471.61231826168637,435.8413983271271,425.29073923704453,459.6121375793799,451.99187921253184,476.32680752516274,467.95676517182335,460.56334010589944,427.3489181198189,417.4128787473407,419.8480911001078,426.5212088065899,445.16553160044975,439.6797004698876,461.29187937643695,474.08825246495593,468.5848336432046,477.39654440318037,463.32276688037166,453.5926526445947,474.81121568161115,473.31883959617204,479.9153765740381,419.7625566306507,479.4769217266478,470.4412951488216,489.33243738903957,462.1149705231913,479.93246741106606,475.38993325886474,492.7126154006607,464.7449848256818,461.9037169139296,448.28993446391723,487.65094765928797,481.1391876874301,448.3210587813794,460.84108110222724,475.3749903209359,479.7537709095517,480.99060325142506,483.574397759342,501.26276473439225,497.3786250961184,489.17232004037186,496.9103070420665,487.1190563903511,502.1399371151336,474.2187555133083,501.9459234231247,495.80317457053184,486.9351073117262,477.8127750318493,490.5839926613451,483.86905450377793,476.92718856479485,493.26803478367606,479.4706467915398,487.5408940226863,493.94860757109626,516.7395379120336,497.8687136955886
photo_girafe,463.8206339416487,476.18157074836864,522.7537399185226,501.8101879866533,445.4495482784522,433.3085201454649,470.11404109909995,460.9845271276732,425.58764268376035,472.55237019187564,0.0,451.3733747660721,451.571050766563,471.2089015861711,440.21465564210826,436.6914698898647,459.7057249701478,456.1992570046952,467.7223901859124,466.8202954727867,543.1056170639424,469.5066495664986,448.79577013667694,461.27260873448586,458.26149279581966,461.7887190471793,462.5063401475238,448.58052702141475,451.69617715495406,444.13454594553673,468.5656978827468,459.621036570375,444.15667056413315,465.8218509143718,405.28088151799494,460.145096513551,460.11217972627327,449.7714432416247,455.11691458889595,449.92719303792074,449.4520404500892,479.270670324427,458.25440329906434,451.97063666259754,437.0164283711639,471.55254180387766,459.70891026826916,455.07533317393114,488.08250681885323,451.56750961096805,489.66842936572914,463.6310579141082,468.8674881907233,444.2789194995385,475.3937473424166,455.8001179203896,481.1429198318589,489.68037935360536,423.9351245400111,491.69638847958885,479.21132386591216,470.7779219466037,464.5060020146226,455.64015915676225,471.4445418182445,476.0440471209987,482.026350532056,472.2082363149182,480.4610499009436,485.62932953760054,457.0839539467153,478.14270247605657,490.3737949085922,499.24052588267824,498.16269032315375,500.14319414118233,510.8700223500099,506.8424056722669,503.56111065353605,506.992777195446,503.82727032684625,505.9163358632592,494.1848721124746,509.8631013070895,506.41936314277433,502.8223692102191,490.55208386636895,504.538145532927,495.4422506309556,492.19151958752445,505.41773570249495,494.4731127344818,500.78228848328183,502.62247083454304,523.3536202118177,509.1025554660671
photo_fish,441.73214381006903,472.5657191089412,488.03173661962455,492.7304489929913,418.56025472426876,444.9403229165452,430.4744205224636,445.4988587240581,341.31008656390384,425.2814337476644,451.3733747660721,0.0,426.87091146764055,437.34447411631896,435.8926002316211,412.6725192891933,440.7364643032244,334.9428090451977,405.91990937098444,384.01425111990443,510.81665297497506,476.8339678285829,383.85031652842974,470.51980066642017,452.39303247602646,455.60012310022694,345.89011266678176,423.09997142536406,448.90542132592014,444.2636420139919,471.2707939795767,481.49447947709535,367.54393794279054,461.8118549696698,443.06194183449765,315.6229179782713,429.9243571967333,427.4831279667212,439.69839601937775,433.70013223389964,430.01160032626484,369.30977588456165,363.2879747588644,381.4947359083348,323.59617276621117,426.71404761138194,352.9900261910829,466.9475587166051,480.951068920965,429.4442675578606,395.17074981009904,467.31177389716083,462.00761231531595,459.72517494097883,480.2129104293668,454.71111338228667,447.19752417678563,469.61072186440765,461.40081350342854,384.1524943476935,479.5872352000578,436.05863809861967,459.38309934239555,443.69687042747654,450.6756529711221,379.9145521470637,423.38624334919587,423.97778417262066,478.5823563559372,488.3857296162889,410.4478616419025,490.32507277422616,399.92153894156263,405.00978009465257,403.0046122681131,400.4913168862161,413.3783699785513,406.0655004073184,412.80063800111003,405.2658866705919,398.3206247423477,413.4800765702631,388.24742359642494,415.4894808818311,406.5182145183138,408.3405742221767,396.4500937856595,400.6842694789556,395.01876726826936,402.560792504786,399.1669180721399,404.7157893649119,407.2130059142239,404.9148993297667,426.09923944385235,417.4904635026336
photo_cherry,395.2162134743973,426.667638393051,513.6952225200325,475.93408975616967,356.05961883184506,406.02421600121926,393.4991896080138,395.84680456057134,433.1574259209091,429.43902721406863,451.571050766563,426.87091146764055,0.0,381.32148956064293,409.88398321171695,386.17725307639813,410.6073979122679,428.925902151378,463.91845265677875,406.07499095191866,544.8709801915217,446.7406141752818,392.3742975205445,440.7990689099819,410.00392868720155,415.9915882645515,435.3828160183029,436.27043939262677,373.7130963116145,421.9128971733273,429.4803914231327,415.5564336455603,418.1787894595396,447.9790524527173,386.8809691181673,415.32611256918307,396.38678643726604,381.90446543350276,425.28104957310603,392.8969164807768,392.20112576003953,448.3400731107491,425.8123891293947,406.18319805106137,427.49484179746554,441.6457759962909,405.7189074276102,414.8069575258635,440.8913014971258,405.18704879367397,446.4056929326614,433.91445292175314,405.84425150780004,416.1903403307258,410.15214302550453,388.97657600932394,406.7400522273807,429.2868967514234,413.7952814739633,459.04752331381326,390.2226163490219,402.1551761541595,427.12909181710313,410.0607882888989,419.17009763458475,444.02867729156696,458.8538810561161,420.3114820206558,412.0940608559042,424.60627202482067,426.50680033522156,433.75561880229566,440.9923864714295,451.48889324216645,451.1763008744007,464.08310791066356,476.15035043482857,472.64790229926473,454.22396550300203,473.5111866556811,461.98735336144597,482.94701949392305,446.6018618948242,480.0588618868065,473.50675492689817,455.5685750762958,446.5107575624649,467.2738958505998,459.55152554448733,437.2296896726502,470.2282383185141,445.38499587040343,456.575560245574,472.90219589277683,493.06613852417286,467.86056484177277
photo_tree,374.75757236221983,433.33829246822944,533.9475123011276,488.55853071877544,369.788199465356,395.3889741824362,392.06430225898146,384.37296510331566,442.3862566727718,456.35065945685676,471.2089015861711,437.34447411631896,381.32148956064293,0.0,387.2045037060686,363.50572807158477,377.29337532634037,456.88235622858775,498.6954049010426,448.44936861006715,541.7906470104532,443.2633399991671,399.0155309403671,441.2816933967898,430.86392620898414,448.72449261946406,462.00801526555273,451.1334794974389,382.26183082575966,406.46209962859416,445.7091041225611,425.7648361071781,424.2822531710807,477.6094919883563,394.9974533290802,437.6117256147183,445.96763569191904,340.0425386873218,420.04637631131396,382.3482021074412,381.9745093544477,475.4252697558226,466.45984014617073,448.57292062011794,446.1765648783443,478.9764822507484,424.7288025731289,425.5430602613016,474.2146828556422,403.92219056756767,476.75289644126553,450.2898198105244,412.4765254254658,412.3563142182112,413.9310327266297,386.4956694528531,415.3723457395864,463.0193252403683,443.6501157152356,493.88378930168307,424.3279143589215,385.2757808911924,420.8674246431749,397.98814141320156,411.7727516414655,473.1838928155611,495.14918594515217,476.1860005241668,419.83039172920894,430.83215909883717,449.0246418886211,438.4817898102957,441.54055726275317,458.9598029299218,452.98840669439056,471.2419344807347,491.16044924391286,486.119050466072,456.7067412426197,485.41050213431964,477.59057867593424,490.3827241340199,459.54702062302056,492.24453804390356,485.6790234412099,462.5296738037382,452.3045823389846,482.03029047705496,473.50093365351097,442.96007958955016,484.6106887656668,446.04233578431246,462.749204970145,483.33694617753844,501.33192180525657,474.3220055044567
photo_flower,382.0060359422706,457.87246837868645,544.2553179581885,508.10111840708714,359.80400547765583,305.01138490353844,399.9188727024529,339.95600731068976,433.6364965426262,481.02146533642446,440.21465564210826,435.8926002316211,409.88398321171695,387.2045037060686,0.0,257.9759002677816,332.7147461031493,442.3081776406055,493.55177300945957,443.6043841581433,546.8213790971307,477.08762049649835,435.8591505926746,463.75521446719506,411.79779467840626,444.3238456734516,446.58483220300496,441.8294419312269,371.35524633824247,348.13989302144006,386.41355629154316,425.2776204138452,415.4629727034391,474.1219124315461,364.5836114142332,428.7560685668732,449.35433197068994,338.3423599354198,346.21043783497834,276.7152880474605,348.4378564929384,456.8149503546314,465.2629826564551,450.180214441196,413.7306778694209,485.5249910122764,416.0000160250546,425.01072726094367,451.1407720909149,314.99639636896995,455.42842417250415,368.1769783559035,383.78251495152676,348.47829776556574,406.54911224612954,358.7804994732436,353.9040443334911,453.25006511927927,402.52272211295474,474.0600297617317,414.91114161726017,350.6097290140907,325.5932804275902,279.89283925885456,346.6459908819215,444.5078179616831,483.74400207919825,461.709448609442,397.1615436224875,450.3241971039789,417.8642002949502,427.10907030420685,414.4672803926294,440.13316374976245,428.7265971002528,450.1678589038326,466.568414003638,463.4637032264363,435.2107944840258,462.1973641540049,457.03128529244805,467.07374853272995,438.95007357251757,470.93063762172466,462.97062982468424,440.77689256619215,431.5881569893646,459.60461127615736,449.7435010542541,414.329595050173,463.1471858379471,418.53897817504844,439.286225789831,460.212617422768,475.78466779631276,452.7410070709901
photo_carrot,360.6841738053208,451.2484613655453,527.4037656460772,495.98802390093596,352.4801919678284,296.11424437303486,381.9838011205927,318.1778566901494,419.2792511202882,461.13095063134574,436.6914698898647,412.6725192891933,386.17725307639813,363.50572807158477,257.9759002677816,0.0,294.8763275942934,422.60218843523387,475.174389565504,431.89178849975985,539.7409970604675,466.9482702133904,411.626497605644,456.6968953211062,385.603080687522,435.052852047029,429.73213051129954,426.0652393305231,355.1520587051564,310.42761790782623,367.3049397576788,391.64360129854686,398.5119390231008,453.54421694409257,343.7929877331799,409.6235090338994,432.87518158238555,317.6828625291952,333.08818863687725,192.4401563070835,310.28943972600473,437.1215496024978,442.98150495312393,437.6088156508504,394.2316741822708,464.2815462272673,395.98744802693153,417.7161547570598,442.6188388974568,294.84317945069216,437.01051727653214,363.5022366462419,360.9528376616744,326.1620351884536,383.9526388185464,309.937013666522,318.0551376306767,435.28303953405833,382.67328449309673,451.43399021703345,388.6009852469183,315.38112064938775,310.66994661392283,217.54279925606846,303.7493094905547,425.0143797338903,459.4909473857577,443.57295511460273,374.33037243795707,420.17944394500364,395.3032485316815,411.51799685779855,394.7671780893788,420.86604404594266,409.8859817987677,433.1323230139379,449.9365663179562,445.71785798131555,415.3096137048207,444.90893913308327,439.9753257467911,447.696574636266,421.72585526217995,454.0721561550565,446.0940770107433,423.1200742834161,411.3496674388316,443.1268978283327,431.72489336379607,394.1097927337199,446.08128449693453,396.28247120113315,420.55092178377055,442.95145500710794,459.02090270099967,433.5292326696133
photo_watch,370.30258115809755,465.1640146992095,536.6330780011149,500.4874285535366,388.43031574578873,344.6539619191173,410.6947420647448,350.3673593543501,436.0368147285791,481.01254733366864,459.7057249701478,440.7364643032244,410.6073979122679,377.29337532634037,332.7147461031493,294.8763275942934,0.0,436.31435812443084,482.71283804604167,445.557190043073,554.1723508876094,469.6251361881258,428.88030347976934,463.5663258166421,398.2595956586273,437.1073561400004,438.2239590267786,438.76069012245466,368.4625016636545,336.71872725407337,394.25565262114316,412.0852137613541,405.8405682675817,478.12846953717826,358.59702916369685,418.9973191411,444.4794572858038,319.2316523085415,356.33919528784384,293.0964402622923,277.74817258350475,438.7404766348359,453.9084461390327,454.9624492390086,423.97460457775384,469.8318981199276,405.6124618630693,414.1741857627836,446.31889325687484,309.6938115057934,435.1397282885365,374.14171782453076,374.18480182537184,353.6996773890052,385.49539745637156,325.4729932286579,321.20784001392036,444.5351107719755,389.65922240351694,450.9609978816428,399.42178419562487,339.5887093467438,332.21913657085395,305.60188565660775,282.7617326500642,430.7537841709019,466.0112676490198,450.82862189093584,391.1556011617346,403.4266114107809,421.25386696351615,401.81400491986955,390.95399054420363,416.3727400875216,407.3076494333565,431.2341563755521,451.8333973468329,448.2139161173228,412.00336875685696,446.19239541525695,437.00021088908903,448.51628794766583,422.09890523954624,452.2314910263214,444.77321938676783,420.2044855412083,408.70338482352054,442.92549218347216,434.8356689720165,387.4522182121123,447.244298701393,393.5981352016436,417.3383145248499,441.8033465977828,463.76919516320123,432.40132946179193
photo_key,456.94411517344327,493.5231261954808,481.9420358920712,505.7569536177801,440.8462500997901,457.2075809936311,462.318055676515,454.09739597416797,332.3110339439058,439.4847303446896,456.1992570046952,334.9428090451977,428.925902151378,456.88235622858775,442.3081776406055,422.60218843523387,436.31435812443084,0.0,375.92720534140386,378.01673415984567,512.8108299277802,490.0699550167368,397.2275245632351,487.9634958776288,455.4735237575969,451.7607110939657,296.7893317507964,432.550678089346,449.9169082786315,436.6904520284696,466.1600748645498,481.0165949823139,343.74975124588076,459.7937067078986,442.1158113324806,321.75220458908643,424.9209750225266,418.37825183056015,433.71095386857513,427.3567201197175,432.3766356122711,224.32685498323204,353.2697745224624,383.7318484732915,325.275129266488,395.82083733006147,328.9393309414699,455.4175217385945,449.74779577281925,412.2566454593333,311.6402952199658,440.930226901392,450.01777022421203,449.3838083352406,458.10611075048536,441.4077749292079,409.4209046106409,440.3028745630715,432.81846608481266,349.3172190039131,452.82296549779926,418.21596796825844,431.27079682369003,428.8204956050352,414.1515051029285,243.01511862182446,361.30677501125706,383.84988203610965,457.90495002500467,456.6806363507281,383.7866237217319,460.45876457775057,342.08788502641266,340.3410112989053,340.7579623912952,324.77748097775446,318.9212144059811,321.2743941474654,354.85452746330395,329.6900825858856,308.92895612364083,336.3948830092497,324.9866598962091,327.96621480586043,321.06546990717425,342.0894708591439,332.6810494946003,317.8423353079935,320.1189926086196,346.9652528692893,316.5373012285557,349.0621357219193,343.2850253953148,327.40199671949495,353.70963970142725,345.61870046405375
photo_truck,477.5176393025366,504.9418640211547,463.93736426969843,497.4479755291493,473.47674808097486,498.2208736540103,500.988234019093,496.96238130917635,405.1632972559728,442.4851155391621,467.7223901859124,405.91990937098444,463.91845265677875,498.6954049010426,493.55177300945957,475.174389565504,482.71283804604167,375.92720534140386,0.0,404.0989423143182,507.7353596312622,472.910920121009,423.671524124382,484.99325051450654,469.3815979506564,474.17610140196035,393.13752181093355,431.9926148453859,484.753536440871,475.99984915439785,506.75542587789954,505.7841993295665,401.3683539494334,466.33726228060476,488.26182599131045,399.83243920628786,442.96781090256854,465.70479366455413,480.2528437771711,482.7109117926559,476.98432116410305,399.028736463498,315.3006127608312,398.6785783669545,392.90814390430495,385.9425504996888,404.37215271176836,470.0360342738026,451.92994168625006,465.7387532960732,418.64402689860356,480.12484053356246,471.45909745670036,478.9749436640509,486.2961064546533,485.8772527537382,472.5782970041566,455.3278165122531,473.1453698979078,390.53341028835314,491.4163516237191,469.09859659987654,483.23325771629766,484.71700639694143,476.7090805573862,405.6505030276389,312.06372939309136,395.9176227874029,494.93522823562927,481.63697780933035,425.0872560014132,488.32030145339036,439.31515161827605,436.9161114303001,442.38178114028005,434.4159802356585,433.45892942806285,431.04316169754026,448.06189904872053,434.476186604738,426.7685954379448,438.5746209077967,433.7300728015673,431.1522705963145,436.1007392934327,444.15991171930585,436.2377525743799,436.126549073669,430.9118833817094,442.32011505607295,429.3754035714971,444.0663015446128,445.9440561985293,432.3919789585934,449.40707554209786,453.03973784337734
photo_velo,448.55441479204126,490.00092307187526,485.61942657960066,496.74162521863553,425.80482158604514,453.4906391422497,458.7578478925051,452.15184955744405,390.687429157581,422.38927326642397,466.8202954727867,384.01425111990443,406.07499095191866,448.44936861006715,443.6043841581433,431.89178849975985,445.557190043073,378.01673415984567,404.0989423143182,0.0,511.1590266107891,489.00054958820243,395.2060459691658,464.2465003643521,437.9201551922202,448.4185355515388,369.4956934535081,422.5528648226043,429.1536026425636,442.8400892875079,474.6704494581718,469.326736192764,380.6440057756472,451.41464667409906,447.53867263455766,349.36311296080964,393.6237525247913,413.65340196894385,442.45076005208546,436.5547788165995,431.9185991289743,387.0062656440047,362.69524537662517,243.61864046520083,379.9516630030073,392.29358419910125,364.4261603551994,439.54809859861587,436.359316257879,427.6113565961597,380.53363145660984,449.0906251523651,431.099117652515,441.43336338044895,455.0721220184674,444.0784857904011,437.53604052768793,436.8176066188197,446.6206977716482,386.45280297069786,447.3567460061018,421.398774713697,441.12537355645907,435.8467673576768,446.4058465013006,388.38425864683967,389.4455464691789,312.80638371155845,459.5196744640289,463.6996323046336,385.8953444028866,447.9448740374754,405.9857954620606,410.6492901452443,410.7888451618034,404.54357799488463,417.5252428705216,415.59255770313194,417.6500047857766,411.7573086439953,401.9115415677218,427.40626774131596,394.21591523876776,420.8741107498681,405.97027101082926,410.9662753766269,407.3332524882479,404.6118533438251,402.978180578571,405.4508077208588,409.2436471792844,408.1790769436496,416.8989382594172,412.65955145082387,443.20110010594794,425.8745672523594
photo_road,545.0529884953032,553.1211910025011,418.22639551124234,497.6834485303599,530.7833333787518,547.3664877311143,545.1721544362418,550.391211694583,499.39937770336434,511.24131160591713,543.1056170639424,510.81665297497506,544.8709801915217,541.7906470104532,546.8213790971307,539.7409970604675,554.1723508876094,512.8108299277802,507.7353596312622,511.1590266107891,0.0,534.9310343185626,461.63037460819305,526.1656166165094,558.4563020866201,566.2687555581674,519.4255435505254,519.4286342765856,555.6650291781922,549.9078647216786,585.7603661559768,579.5510869101147,509.63934712538935,548.5119048097632,553.0996294668452,524.5232974689366,538.0790843725102,547.1913062953048,548.8703335575037,554.372943963989,560.952959549859,537.4818494646996,521.7415064413881,508.33192552135534,487.9261931501792,504.23117919373385,515.2478095091608,543.2384643336434,563.9325536041665,546.3415646966993,545.0264111907201,560.4705415191193,551.6888546871003,554.589730892207,567.0025899523109,565.9146169716073,559.4578330530409,545.8026717396583,552.5390944258198,543.4260610014871,566.1317031234298,540.3679508699123,555.631566323911,550.0302764262634,565.7541677433779,537.2414095292895,530.4900048009645,533.672578400765,564.914609791615,565.3532967805324,523.5741456310003,555.3044616089971,542.5097359345092,545.0973578680992,550.6140587721709,547.0295753987839,553.4812380171328,549.1079554157778,551.5681077897995,551.1214232810365,547.4690673345827,554.5760137493168,545.1987580510101,550.6218094853954,551.6147452301491,552.4556358941692,541.9147040955819,550.9956623159026,541.6311401662449,549.0869739817308,550.9574187460393,548.25148584546,551.2625250162,548.7101884487556,569.084991859121,555.7632780617669
photo_house,431.0564813860501,408.5171892193005,515.4598006470166,470.2356162354061,449.1832538319758,464.23651633117385,451.27634690140155,465.9721948495971,477.387731125781,470.6430630609527,469.5066495664986,476.8339678285829,446.7406141752818,443.2633399991671,477.08762049649835,466.9482702133904,469.6251361881258,490.0699550167368,472.910920121009,489.00054958820243,534.9310343185626,0.0,445.63402421698186,431.0734088643295,468.2766814367741,457.7441765181942,497.40451260424277,464.6879103793982,473.1601690586671,472.4410270445623,498.92575979452675,472.7521552496577,481.7595296433689,496.70750572104924,474.4340062162572,495.68841253686963,467.7082627552035,469.58318763947346,475.95177753012564,486.607280132371,464.83285646084266,519.6181855710939,473.65233534662195,474.74425034296115,470.7831598319985,462.93611704708496,491.8453492528826,458.88540306178527,483.98648166598286,478.21703676218374,533.3419423027793,497.7551572498835,475.0801601551884,487.35159232505305,465.9252572073667,483.0235612028009,493.8049426112282,506.3828381692985,494.65231301735247,528.5794313197667,492.2822464305621,486.1842021930636,508.928668074505,493.98708619291716,505.72730412511197,525.5718792640454,505.9651943803349,506.7407138915135,477.0849724382038,448.08992375813455,497.00672334793234,497.5155420302767,525.4353720233723,531.1876861566628,532.768787172377,536.5579673518971,551.9118696653654,547.5414372343454,536.4788738125042,546.5966006937257,541.34206864061,549.9673303207314,528.6088387731409,552.5487795170014,550.3320440462367,538.8687430404464,526.3690560547964,545.7364606358235,533.9569641810256,529.3517805531208,543.4703538875847,532.4344351418152,539.1093540613198,543.1822372701383,564.8190775036524,548.4123390029733
