,square,rectangle,parallelogram,losange,isoTrapezoid,kite,rightKite,rustedHinge,hinge,trapezoid,random
square,0.0077951598023220025,0.009822185691515746,0.012564639534491466,0.014657048638837624,0.010701381505815347,0.010187818074303565,0.009647692256772184,0.01207861165405189,0.011417361912338518,0.010857116564152343,0.013322616737956473
rectangle,0.009822185691515746,0.008372586311957498,0.01138702836623853,0.013874226388110965,0.013215026033723863,0.011796330978760518,0.011467046719642639,0.012100360448719236,0.010917703869758363,0.012107138206712527,0.014787635161065835
parallelogram,0.012564639534491466,0.01138702836623853,0.009910936256569592,0.011664796663119713,0.014643812685804575,0.014376340608075836,0.013421775486737382,0.013181105686113515,0.011982200547430988,0.012004096104335638,0.014111321817525757
losange,0.014657048638837624,0.013874226388110967,0.01166479666311971,0.010013941757175125,0.015613201584253882,0.01618938342742029,0.015138023407558487,0.01411240267807274,0.01341656372736102,0.012436233500166117,0.01323589642737183
isoTrapezoid,0.010701381505815347,0.013215026033723863,0.014643812685804575,0.015613201584253882,0.008672941984110684,0.011012164260573,0.010424029104130098,0.013782176584673397,0.013546687900083185,0.011245161617969934,0.012610617162355075
kite,0.010187818074303565,0.011796330978760518,0.014376340608075834,0.01618938342742029,0.011012164260572999,0.008853530684010751,0.00973071889146089,0.01412200242677873,0.013673996140133052,0.013062321937817648,0.015082506315553263
rightKite,0.009647692256772184,0.011467046719642639,0.013421775486737383,0.015138023407558487,0.010424029104130098,0.00973071889146089,0.00870368178638734,0.013409676270669984,0.01299068601953817,0.011478243399251695,0.013922661998332114
rustedHinge,0.012078611654051892,0.01210036044871924,0.013181105686113512,0.014112402678072742,0.013782176584673397,0.014122002426778735,0.013409676270669984,0.009148708001959667,0.009730457861767253,0.012998029047275563,0.013933443459481606
hinge,0.01141736191233852,0.010917703869758365,0.011982200547430988,0.01341656372736102,0.013546687900083185,0.013673996140133052,0.01299068601953817,0.009730457861767253,0.009309813827154609,0.012281114649060218,0.01362937592793747
trapezoid,0.010857116564152343,0.01210713820671253,0.012004096104335638,0.012436233500166115,0.011245161617969934,0.013062321937817648,0.011478243399251695,0.012998029047275563,0.012281114649060216,0.009035746624695305,0.010756466161509173
random,0.013322616737956476,0.014787635161065833,0.014111321817525757,0.01323589642737183,0.012610617162355075,0.015082506315553263,0.013922661998332114,0.013933443459481606,0.01362937592793747,0.010756466161509175,0.009407983372107782
