,square,rectangle,parallelogram,losange,isoTrapezoid,kite,rightKite,rustedHinge,hinge,trapezoid,random
square,0.0839354199750056,0.11893362272539316,0.161247739826631,0.20067187272871811,0.14077076800980168,0.12937397453586014,0.12197263384725615,0.16198683785826518,0.14662736414482339,0.13846155183533917,0.17812244458024545
rectangle,0.11893362272539316,0.09786285463660849,0.15022630679692148,0.19936960680483834,0.18451513104541412,0.16031037769796674,0.15572515873107978,0.17199212799072092,0.1474401721030629,0.1642797592531521,0.21111251162900962
parallelogram,0.16124773982663096,0.1502263067969215,0.121510687088298,0.15277768497658858,0.19618665162194676,0.19078315206862634,0.17776249661757101,0.16965217101912594,0.14837190854803997,0.1548939063928623,0.1896881481860501
losange,0.20067187272871811,0.19936960680483834,0.1527776849765886,0.13004173526491872,0.21039926821821817,0.22079419901968123,0.20487307548307454,0.18048845580416706,0.17110676837532196,0.1663271678472279,0.17729240387826983
isoTrapezoid,0.14077076800980168,0.18451513104541412,0.19618665162194673,0.21039926821821817,0.1077781577433144,0.14788114182834797,0.1340804706773186,0.17692285218408063,0.17338945538504166,0.14568848749673713,0.16531105866670975
kite,0.12937397453586014,0.16031037769796674,0.19078315206862637,0.22079419901968123,0.14788114182834797,0.11213681086550023,0.1234097882170003,0.18933106527536836,0.18054071395111435,0.17506162482334614,0.20486395163149157
rightKite,0.12197263384725616,0.15572515873107978,0.177762496617571,0.2048730754830745,0.1340804706773186,0.1234097882170003,0.10863696049344777,0.1735010007503806,0.16675812157848643,0.15273747767490117,0.18584127704172476
rustedHinge,0.16198683785826518,0.17199212799072092,0.16965217101912594,0.180488455804167,0.17692285218408063,0.18933106527536833,0.1735010007503806,0.11334290631455671,0.12086733894044586,0.16463010957376648,0.17804078365166162
hinge,0.1466273641448234,0.1474401721030629,0.14837190854803997,0.17110676837532196,0.17338945538504166,0.18054071395111437,0.16675812157848643,0.12086733894044584,0.11100136365699374,0.151866604475911,0.17352717105483015
trapezoid,0.13846155183533917,0.1642797592531521,0.15489390639286227,0.16632716784722792,0.14568848749673713,0.17506162482334617,0.15273747767490115,0.16463010957376648,0.15186660447591102,0.11324000200020953,0.13684697794749764
random,0.17812244458024543,0.21111251162900962,0.1896881481860501,0.17729240387826983,0.16531105866670978,0.20486395163149157,0.18584127704172476,0.17804078365166162,0.17352717105483015,0.13684697794749767,0.11709548406939511
