,square,rectangle,parallelogram,losange,isoTrapezoid,kite,rightKite,rustedHinge,hinge,trapezoid,random
square,9.982580187324352,11.002434119837654,11.584331262594095,12.127604164616207,10.70663952732039,10.550407543665525,10.431055765800085,11.185635352307036,11.090520375948564,10.848498233269007,11.433269098032026
rectangle,11.002434119837652,10.06844044048538,10.885837079460078,11.540215130077282,11.676523703528725,11.20746336230818,11.150831251854273,10.911423815892604,10.64675744414036,11.290052981151502,11.873989600686729
parallelogram,11.584331262594095,10.885837079460078,10.343015375134675,11.10063226397039,11.98336546953897,11.786563750640822,11.593699890415168,11.323948501184148,11.051629349348062,11.40797942220277,11.886929303379432
losange,12.127604164616205,11.540215130077282,11.100632263970388,10.519121035362163,12.220200885087703,12.237199402352035,12.081963603752998,11.590567291050144,11.451856287520506,11.554765050348909,11.618339033436685
isoTrapezoid,10.70663952732039,11.676523703528725,11.983365469538969,12.220200885087701,10.101504335566332,10.80878195695238,10.725171944914727,11.721106180793608,11.68688865110643,10.960784604444294,11.315662473470933
kite,10.550407543665527,11.20746336230818,11.786563750640823,12.237199402352037,10.80878195695238,10.059754729621663,10.472037754245823,11.561830273792326,11.488246002143418,11.259500139880823,11.745289473594708
rightKite,10.431055765800087,11.150831251854273,11.593699890415168,12.081963603752998,10.72517194491473,10.472037754245825,10.04172548296844,11.442269078449616,11.349317374543062,10.882526688307802,11.562964718645336
rustedHinge,11.185635352307036,10.911423815892604,11.323948501184148,11.590567291050144,11.721106180793608,11.561830273792324,11.442269078449616,10.243676889932086,10.417694847342121,11.40615091021872,11.643284410762405
hinge,11.090520375948564,10.64675744414036,11.051629349348062,11.451856287520508,11.68688865110643,11.488246002143418,11.349317374543064,10.417694847342121,10.150354394781541,11.28534766561692,11.620223361981285
trapezoid,10.848498233269007,11.290052981151502,11.407979422202768,11.554765050348909,10.960784604444294,11.259500139880823,10.882526688307802,11.40615091021872,11.28534766561692,10.21137876126496,10.944446899180745
random,11.433269098032026,11.87398960068673,11.88692930337943,11.618339033436687,11.315662473470931,11.745289473594708,11.562964718645336,11.643284410762405,11.620223361981287,10.944446899180745,10.305546160488712
