,square,rectangle,parallelogram,losange,isoTrapezoid,kite,rightKite,rustedHinge,hinge,trapezoid,random
square,21.99787722226837,24.864973778400014,27.279085409021135,29.00215868585549,24.70485727704243,24.501528396364783,24.13646591750414,26.33384217491895,26.00030455231796,25.100989612304843,27.27062944528641
rectangle,24.86497377840001,22.07845416926492,25.181624124727765,27.506153079226255,27.50377259372266,26.174522666442936,25.977248755551607,25.653096239398952,24.80162003324107,26.28466785464191,28.65150923968124
parallelogram,27.279085409021135,25.181624124727765,22.607406337275354,24.857886639330346,28.60059785319387,28.369298464806377,27.44044622118109,27.061440528036396,26.147194349486877,25.954624192437095,27.881934898382372
losange,29.002158685855495,27.506153079226255,24.857886639330346,22.518418243718063,29.26783739806133,29.68800078324644,28.75576023777898,27.96070231420436,27.504543046293495,26.158096981430035,26.812639321507902
isoTrapezoid,24.704857277042425,27.50377259372266,28.600597853193864,29.26783739806133,22.327611947028632,25.034039532296436,24.642728323332793,28.118476008205377,28.055512587635288,25.11305854319366,26.352025339023992
kite,24.501528396364787,26.174522666442936,28.369298464806384,29.68800078324644,25.034039532296436,22.383704336007852,23.79206182434279,27.65521159738166,27.5148953692515,26.8619060463893,28.447059972945137
rightKite,24.136465917504143,25.977248755551607,27.440446221181098,28.75576023777898,24.642728323332793,23.792061824342788,22.121511008451254,27.40356391423619,27.17041196544217,25.127900429662876,27.349536103816185
rustedHinge,26.33384217491895,25.653096239398952,27.061440528036403,27.960702314204365,28.118476008205377,27.655211597381655,27.403563914236194,22.377159607845662,23.214558963760354,27.156456036768994,27.833619777780257
hinge,26.000304552317957,24.801620033241072,26.147194349486885,27.5045430462935,28.05551258763528,27.514895369251494,27.17041196544217,23.214558963760357,22.538332539724557,26.758537708334025,27.72153193356195
trapezoid,25.100989612304843,26.28466785464191,25.954624192437095,26.158096981430035,25.113058543193656,26.861906046389304,25.127900429662873,27.156456036768994,26.758537708334025,22.219680027025234,24.494348024811362
random,27.27062944528641,28.65150923968124,27.881934898382372,26.812639321507902,26.352025339023992,28.44705997294514,27.349536103816185,27.833619777780264,27.72153193356195,24.494348024811362,22.61684504517347
