,square,rectangle,parallelogram,losange,isoTrapezoid,kite,rightKite,rustedHinge,hinge,trapezoid,random
square,0.0,0.02155891131466925,0.048005312947580925,0.0726395255917257,0.02895892350976703,0.02409314069698154,0.020939618784675207,0.044661993558299584,0.038577134868736596,0.030536428393287407,0.05895526275216001
rectangle,0.02155891131466925,0.0,0.025220040568522895,0.057389354454519204,0.06062500945764093,0.040430752984704554,0.03853813477913126,0.03796505128564864,0.026523709967081865,0.04208163425450839,0.07746302556779405
parallelogram,0.048005312947580925,0.025220040568522895,2.220446049250313e-16,0.017335922354174582,0.06824392542342561,0.05915630893535628,0.04951877023394069,0.04362610511602916,0.03147168273536827,0.031216658784765317,0.05650673506752368
losange,0.0726395255917257,0.057389354454519204,0.017335922354174582,1.1102230246251565e-16,0.07681378498292613,0.07829732148950974,0.06649129111954777,0.056822294424208164,0.04949463732391479,0.03500933517353855,0.044897240688227535
isoTrapezoid,0.02895892350976703,0.06062500945764093,0.06824392542342561,0.07681378498292613,0.0,0.022523444340544096,0.01799636691740203,0.061443260916575815,0.058175963079244886,0.02620380858313265,0.036605512013396124
kite,0.02409314069698154,0.040430752984704554,0.05915630893535628,0.07829732148950974,0.022523444340544096,2.220446049250313e-16,0.010908319797837795,0.05367602521482029,0.04894781842694995,0.04399603802044394,0.06372791115434473
rightKite,0.020939618784675207,0.03853813477913126,0.04951877023394069,0.06649129111954777,0.01799636691740203,0.010908319797837795,0.0,0.049088602075572196,0.04399876718746376,0.025052210514336815,0.04940995319207764
rustedHinge,0.044661993558299584,0.03796505128564864,0.04362610511602916,0.056822294424208164,0.061443260916575815,0.05367602521482029,0.049088602075572196,0.0,0.0047143249171721635,0.049146451050481765,0.058859429525349394
hinge,0.038577134868736596,0.026523709967081865,0.03147168273536827,0.04949463732391479,0.058175963079244886,0.04894781842694995,0.04399876718746376,0.0047143249171721635,0.0,0.041850575498777465,0.05539934011064618
trapezoid,0.030536428393287407,0.04208163425450839,0.031216658784765317,0.03500933517353855,0.02620380858313265,0.04399603802044394,0.025052210514336815,0.049146451050481765,0.041850575498777465,0.0,0.017795245255399106
random,0.05895526275216001,0.07746302556779405,0.05650673506752368,0.044897240688227535,0.036605512013396124,0.06372791115434473,0.04940995319207764,0.058859429525349394,0.05539934011064618,0.017795245255399106,2.220446049250313e-16
