,square,rectangle,parallelogram,losange,isoTrapezoid,kite,rightKite,rustedHinge,hinge,trapezoid,random
square,0.0,0.028450329864870616,0.05132429587803644,0.07305808751586818,0.020170937578371517,0.016088366210705973,0.011508532614927125,0.03685085075371297,0.032774708585893486,0.024911229749427166,0.04926582822027348
rectangle,0.028450329864870616,0.0,0.0212278889686065,0.050592315921389575,0.06329310918578812,0.03811787191336302,0.035917389038602865,0.027962278412191455,0.01712895389514646,0.039518145098895396,0.07333702449452206
parallelogram,0.05132429587803644,0.0212278889686065,0.0,0.01848651906059884,0.07421390072697565,0.06181113960056528,0.05113469930185799,0.03853396099882356,0.026669776475422236,0.032990036623522845,0.060282013625397535
losange,0.07305808751586818,0.050592315921389575,0.01848651906059884,0.0,0.08158188269373368,0.08002372882577702,0.06886884668237359,0.049411728001490074,0.04301642907796732,0.03608227349403392,0.04355449255624477
isoTrapezoid,0.020170937578371517,0.06329310918578812,0.07421390072697565,0.08158188269373368,0.0,0.022577292033515106,0.018657238512573726,0.06347788562373191,0.06258368485014343,0.027814232444684728,0.03968036505735495
kite,0.016088366210705973,0.03811787191336302,0.06181113960056528,0.08002372882577702,0.022577292033515106,0.0,0.01082622983445769,0.05538749850765057,0.05243239635935726,0.04276457321919347,0.06463904595365544
rightKite,0.011508532614927125,0.035917389038602865,0.05113469930185799,0.06886884668237359,0.018657238512573726,0.01082622983445769,0.0,0.0498346608726451,0.046298597726768476,0.02392356930231021,0.05220976519681775
rustedHinge,0.03685085075371297,0.027962278412191455,0.03853396099882356,0.049411728001490074,0.06347788562373191,0.05538749850765057,0.0498346608726451,2.220446049250313e-16,0.0040351945065605355,0.04254952137402623,0.05538885542931027
hinge,0.032774708585893486,0.01712895389514646,0.026669776475422236,0.04301642907796732,0.06258368485014343,0.05243239635935726,0.046298597726768476,0.0040351945065605355,0.0,0.036879214075906885,0.054977338963184796
trapezoid,0.024911229749427166,0.039518145098895396,0.032990036623522845,0.03608227349403392,0.027814232444684728,0.04276457321919347,0.02392356930231021,0.04254952137402623,0.036879214075906885,2.220446049250313e-16,0.018279754842864593
random,0.04926582822027348,0.07333702449452206,0.060282013625397535,0.04355449255624477,0.03968036505735495,0.06463904595365544,0.05220976519681775,0.05538885542931027,0.054977338963184796,0.018279754842864593,0.0
