,square,rectangle,parallelogram,losange,isoTrapezoid,kite,rightKite,rustedHinge,hinge,trapezoid,random
square,0.0,0.0012918472591323393,0.0033046317647467127,0.005167301463829821,0.0028395970253495273,0.0020668770488916355,0.00210605364780736,0.0034402419430055176,0.003007947629440566,0.0025344102655500134,0.004575835395494998
rectangle,0.0012918472591323393,1.1102230246251565e-16,0.0022169151591089342,0.00444192771052887,0.004411675846514473,0.0029171063929719354,0.0030038385804340706,0.003000173557336394,0.0022323511053631284,0.0032130251269412158,0.005398594383684618
parallelogram,0.0033046317647467127,0.0022169151591089342,1.1102230246251565e-16,0.0012154713380491122,0.004095890259083634,0.003397895250708549,0.003083014754006408,0.0025853916743078242,0.0021234147876773024,0.002034907900541172,0.003304225283820239
losange,0.005167301463829821,0.00444192771052887,0.0012154713380491122,0.0,0.004494456932060631,0.004499196717732912,0.004102128214389489,0.003344176188363135,0.003333610735883563,0.0023432397699754137,0.0026137136928275906
isoTrapezoid,0.0028395970253495273,0.004411675846514473,0.004095890259083634,0.004494456932060631,0.0,0.0015838739908151656,0.0012730212987548395,0.0037099476338862125,0.0037414942353949376,0.0016838177017690636,0.0022728363226437454
kite,0.0020668770488916355,0.0029171063929719354,0.003397895250708549,0.004499196717732912,0.0015838739908151656,1.1102230246251565e-16,0.0007735033584908013,0.002904513473650727,0.0027467367412460364,0.0026270764172612315,0.003684019689485507
rightKite,0.00210605364780736,0.0030038385804340706,0.003083014754006408,0.004102128214389489,0.0012730212987548395,0.0007735033584908013,0.0,0.0028117470107226206,0.0025842381416826266,0.001630036057713946,0.0030616923599466883
rustedHinge,0.0034402419430055176,0.003000173557336394,0.0025853916743078242,0.003344176188363135,0.0037099476338862125,0.002904513473650727,0.0028117470107226206,0.0,0.0003601115083040618,0.003066612990651474,0.0034839101111097115
hinge,0.003007947629440566,0.0022323511053631284,0.0021234147876773024,0.003333610735883563,0.0037414942353949376,0.0027467367412460364,0.0025842381416826266,0.0003601115083040618,0.0,0.002843812290151404,0.003602928158293217
trapezoid,0.0025344102655500134,0.0032130251269412158,0.002034907900541172,0.0023432397699754137,0.0016838177017690636,0.0026270764172612315,0.001630036057713946,0.003066612990651474,0.002843812290151404,1.1102230246251565e-16,0.0012743038721489963
random,0.004575835395494998,0.005398594383684618,0.003304225283820239,0.0026137136928275906,0.0022728363226437454,0.003684019689485507,0.0030616923599466883,0.0034839101111097115,0.003602928158293217,0.0012743038721489963,0.0
