,square,rectangle,parallelogram,losange,isoTrapezoid,kite,rightKite,rustedHinge,hinge,trapezoid,random
square,1.1102230246251565e-16,0.022866944654741816,0.04618871280950454,0.06786243922310542,0.021319137373815633,0.017261816693845744,0.012554336652374709,0.034523441403923494,0.029553662485575116,0.024799737796912802,0.048258448225005246
rectangle,0.022866944654741816,0.0,0.020666421326860696,0.0496485676899967,0.0561996823473786,0.03570853605080737,0.032721599285843506,0.02830454214492728,0.01771717323809796,0.036666461335390754,0.06920777982249571
parallelogram,0.04618871280950454,0.020666421326860696,0.0,0.016889680866427836,0.06855198817782893,0.059652847283809485,0.04811579927644982,0.038108783204023666,0.0261668201702574,0.0293429468484131,0.05521279969399695
losange,0.06786243922310542,0.0496485676899967,0.016889680866427836,1.1102230246251565e-16,0.0768043036892726,0.07803720941341508,0.0646096434882788,0.051133869706736834,0.043619075086226644,0.032353521331560886,0.04218521769078165
isoTrapezoid,0.021319137373815633,0.0561996823473786,0.06855198817782893,0.0768043036892726,0.0,0.02042891680831549,0.016625740843568493,0.05805059196322704,0.05568326085041864,0.025583222109139547,0.03572085836098582
kite,0.017261816693845744,0.03570853605080737,0.059652847283809485,0.07803720941341508,0.02042891680831549,0.0,0.010041371488033302,0.05184718949335232,0.04830158804477758,0.041361945171866865,0.061537605161920195
rightKite,0.012554336652374709,0.032721599285843506,0.04811579927644982,0.0646096434882788,0.016625740843568493,0.010041371488033302,0.0,0.045890616551839125,0.04173836564701472,0.022665442402294955,0.0473826613112287
rustedHinge,0.034523441403923494,0.02830454214492728,0.038108783204023666,0.051133869706736834,0.05805059196322704,0.05184718949335232,0.045890616551839125,0.0,0.004072537159150347,0.04085002861134546,0.05377111608319651
hinge,0.029553662485575116,0.01771717323809796,0.0261668201702574,0.043619075086226644,0.05568326085041864,0.04830158804477758,0.04173836564701472,0.004072537159150347,0.0,0.03422974198140838,0.05131434674768076
trapezoid,0.024799737796912802,0.036666461335390754,0.0293429468484131,0.032353521331560886,0.025583222109139547,0.041361945171866865,0.022665442402294955,0.04085002861134546,0.03422974198140838,1.1102230246251565e-16,0.01599619331606017
random,0.048258448225005246,0.06920777982249571,0.05521279969399695,0.04218521769078165,0.03572085836098582,0.061537605161920195,0.0473826613112287,0.05377111608319651,0.05131434674768076,0.01599619331606017,0.0
