,square,rectangle,parallelogram,losange,isoTrapezoid,kite,rightKite,rustedHinge,hinge,trapezoid,random
square,0.0,0.0010358533259130498,0.001509934273838165,0.002206044782624872,0.0006583731330122022,0.0004604430701291573,0.0002900289621079466,0.0011289426618643628,0.0010660465768500549,0.0007745159286433045,0.0015562987134553063
rectangle,0.0010358533259130498,0.0,0.0005425135201375664,0.0013978723213505795,0.00225222160445282,0.0013052238912272252,0.0011862176374911604,0.0006995270090035532,0.0004329084695743335,0.0012587454209221915,0.002298627309741841
parallelogram,0.001509934273838165,0.0005425135201375664,0.0,0.000570357507679975,0.002249417770601392,0.00174324808381221,0.0014569245761263394,0.0009505798895482753,0.0006782709414960841,0.0009961070839914488,0.0018766964479144388
losange,0.002206044782624872,0.0013978723213505795,0.000570357507679975,1.1102230246251565e-16,0.0024380692702394846,0.0022797537201502127,0.002043251068180707,0.0012733698678235594,0.0011486656180127452,0.001107574074418749,0.001286858828243309
isoTrapezoid,0.0006583731330122022,0.00225222160445282,0.002249417770601392,0.0024380692702394846,0.0,0.0007351685774644734,0.0006045099420539657,0.002018875215780369,0.0020814579520586074,0.0008775138674499416,0.0013205312349890974
kite,0.0004604430701291573,0.0013052238912272252,0.00174324808381221,0.0022797537201502127,0.0007351685774644734,0.0,0.00031760565259253415,0.0016358739939764666,0.0016024095357942691,0.0012305687525238085,0.0018937221030959073
rightKite,0.0002900289621079466,0.0011862176374911604,0.0014569245761263394,0.002043251068180707,0.0006045099420539657,0.00031760565259253415,0.0,0.0014183964638314617,0.0013579598392767789,0.0007300284636150289,0.0016843340304248944
rustedHinge,0.0011289426618643628,0.0006995270090035532,0.0009505798895482753,0.0012733698678235594,0.002018875215780369,0.0016358739939764666,0.0014183964638314617,1.1102230246251565e-16,9.489623305369843e-05,0.0012002750579139798,0.0016508425984730346
hinge,0.0010660465768500549,0.0004329084695743335,0.0006782709414960841,0.0011486656180127452,0.0020814579520586074,0.0016024095357942691,0.0013579598392767789,9.489623305369843e-05,0.0,0.0011008504608939207,0.001712228755699985
trapezoid,0.0007745159286433045,0.0012587454209221915,0.0009961070839914488,0.001107574074418749,0.0008775138674499416,0.0012305687525238085,0.0007300284636150289,0.0012002750579139798,0.0011008504608939207,0.0,0.0006712342336736565
random,0.0015562987134553063,0.002298627309741841,0.0018766964479144388,0.001286858828243309,0.0013205312349890974,0.0018937221030959073,0.0016843340304248944,0.0016508425984730346,0.001712228755699985,0.0006712342336736565,1.1102230246251565e-16
