,square,rectangle,parallelogram,losange,isoTrapezoid,kite,rightKite,rustedHinge,hinge,trapezoid,random
square,2.220446049250313e-16,0.0007453569300363005,0.0015307084101324753,0.0023571229177481445,0.0005874195258215309,0.0005445878610560451,0.0004222537127748227,0.0011105711641754556,0.0009793521897605295,0.000784889814642753,0.0015210428577385748
rectangle,0.0007453569300363005,0.0,0.0006455335417272501,0.0016006272322627302,0.0017227249542908218,0.0011487360630718646,0.001087957888668556,0.0008933035970570824,0.0005774217101108814,0.0011635576724093877,0.002208027580646199
parallelogram,0.0015307084101324753,0.0006455335417272501,0.0,0.0005837024073571673,0.0022011332845265352,0.001982763463974968,0.001620663844718151,0.0012952450431994444,0.0009145620048731651,0.000963864448622509,0.00188239715286731
losange,0.0023571229177481445,0.0016006272322627302,0.0005837024073571673,2.220446049250313e-16,0.0026474393540859564,0.002707167449068959,0.0023266214928341356,0.0017147806279901312,0.0014744847529852834,0.0011407616890586336,0.0014442366530804662
isoTrapezoid,0.0005874195258215309,0.0017227249542908218,0.0022011332845265352,0.0026474393540859564,0.0,0.0006538345802135082,0.0005630070042903501,0.0018841016271948785,0.0018269815742565365,0.0008058563764935522,0.0012153980472995318
kite,0.0005445878610560451,0.0011487360630718646,0.001982763463974968,0.002707167449068959,0.0006538345802135082,0.0,0.00033182373348306093,0.001742046586299395,0.0016507106419877404,0.0013790460628648749,0.0020614556105099657
rightKite,0.0004222537127748227,0.001087957888668556,0.001620663844718151,0.0023266214928341356,0.0005630070042903501,0.00033182373348306093,0.0,0.001598474178450715,0.0014779582955247728,0.0007781804454912722,0.0016530536674912444
rustedHinge,0.0011105711641754556,0.0008933035970570824,0.0012952450431994444,0.0017147806279901312,0.0018841016271948785,0.001742046586299395,0.001598474178450715,0.0,0.0001194269175863738,0.0013613224766299004,0.001672793085051194
hinge,0.0009793521897605295,0.0005774217101108814,0.0009145620048731651,0.0014744847529852834,0.0018269815742565365,0.0016507106419877404,0.0014779582955247728,0.0001194269175863738,0.0,0.0011652110195312648,0.0016260948527708763
trapezoid,0.000784889814642753,0.0011635576724093877,0.000963864448622509,0.0011407616890586336,0.0008058563764935522,0.0013790460628648749,0.0007781804454912722,0.0013613224766299004,0.0011652110195312648,0.0,0.0005580160530515021
random,0.0015210428577385748,0.002208027580646199,0.00188239715286731,0.0014442366530804662,0.0012153980472995318,0.0020614556105099657,0.0016530536674912444,0.001672793085051194,0.0016260948527708763,0.0005580160530515021,2.220446049250313e-16
