,square,rectangle,parallelogram,losange,isoTrapezoid,kite,rightKite,rustedHinge,hinge,trapezoid,random
square,2.220446049250313e-16,0.0014157282278816075,0.003449382499481679,0.005164129646373472,0.0017561837441131267,0.00199782277886007,0.0016126705543089148,0.003018711986517042,0.002606243842332434,0.002148490914948953,0.003989228253978516
rectangle,0.0014157282278816075,0.0,0.0017986310732748256,0.0037728164360912864,0.0038286180576136974,0.003103541705662849,0.002862134378124215,0.0026539174584977454,0.0018758554161532048,0.0028429377601749684,0.005253580067214214
parallelogram,0.003449382499481679,0.0017986310732748256,0.0,0.0013251864910441835,0.004851569174179726,0.00492595993779299,0.00411633451595661,0.003396144201501028,0.0025362944388718223,0.0023592089244495185,0.0044500909287525925
losange,0.005164129646373472,0.0037728164360912864,0.0013251864910441835,0.0,0.005804382799207586,0.006370171242604528,0.005514732193736882,0.004239316821757044,0.003666499751388219,0.0027910918003459795,0.0036299626795054385
isoTrapezoid,0.0017561837441131267,0.0038286180576136974,0.004851569174179726,0.005804382799207586,0.0,0.001746044208244646,0.001482930360635737,0.004274171430292739,0.00417220751988967,0.0018472883158343611,0.002945793977848443
kite,0.00199782277886007,0.003103541705662849,0.00492595993779299,0.006370171242604528,0.001746044208244646,0.0,0.0008287535170465876,0.0041992588833010824,0.003959806536642851,0.0034445819565244173,0.0047253808556498855
rightKite,0.0016126705543089148,0.002862134378124215,0.00411633451595661,0.005514732193736882,0.001482930360635737,0.0008287535170465876,0.0,0.003698746605826697,0.003432191214449598,0.002064798912521759,0.003715842856518936
rustedHinge,0.003018711986517042,0.0026539174584977454,0.003396144201501028,0.004239316821757044,0.004274171430292739,0.0041992588833010824,0.003698746605826697,0.0,0.00033289044556972236,0.0033061357948661607,0.0037288333572895738
hinge,0.002606243842332434,0.0018758554161532048,0.0025362944388718223,0.003666499751388219,0.00417220751988967,0.003959806536642851,0.003432191214449598,0.00033289044556972236,0.0,0.002840031839962953,0.0035319546211107777
trapezoid,0.002148490914948953,0.0028429377601749684,0.0023592089244495185,0.0027910918003459795,0.0018472883158343611,0.0034445819565244173,0.002064798912521759,0.0033061357948661607,0.002840031839962953,0.0,0.0014614121512129818
random,0.003989228253978516,0.005253580067214214,0.0044500909287525925,0.0036299626795054385,0.002945793977848443,0.0047253808556498855,0.003715842856518936,0.0037288333572895738,0.0035319546211107777,0.0014614121512129818,0.0
