,square,rectangle,parallelogram,losange,isoTrapezoid,kite,rightKite,rustedHinge,hinge,trapezoid,random
square,2.220446049250313e-16,0.03499943153761398,0.08543504969353866,0.11107869094815503,0.1002602388233701,0.08571429028529154,0.07221198785435035,0.11251565612953851,0.10018464304133501,0.09311534908485508,0.13874822900109585
rectangle,0.03499943153761398,0.0,0.0655761239837298,0.10084340365968447,0.11555919083410648,0.09861380968274536,0.08795073370789863,0.10193249267789484,0.0824854830516134,0.10011576834200464,0.14720869098848455
parallelogram,0.08543504969353866,0.0655761239837298,0.0,0.02450106588607015,0.12205668368654032,0.09991583617879696,0.09257311700257231,0.09509653887796077,0.08065328920315318,0.06716092691706,0.10921246418988761
losange,0.11107869094815503,0.10084340365968447,0.02450106588607015,0.0,0.13781954462806845,0.123174901536799,0.11295849322456453,0.11406384399481029,0.10508096936880007,0.07336183058837986,0.09782864542428527
isoTrapezoid,0.1002602388233701,0.11555919083410648,0.12205668368654032,0.13781954462806845,0.0,0.06314200417876548,0.055520985429829084,0.09705738741128622,0.09251395192770795,0.05716480676318281,0.08477776390740754
kite,0.08571429028529154,0.09861380968274536,0.09991583617879696,0.123174901536799,0.06314200417876548,0.0,0.018711129832483908,0.07993177574142007,0.07034393811216799,0.07270824411111032,0.0945631899558459
rightKite,0.07221198785435035,0.08795073370789863,0.09257311700257231,0.11295849322456453,0.055520985429829084,0.018711129832483908,0.0,0.07157214201495854,0.06493038799452999,0.057350349803398926,0.08328719632085568
rustedHinge,0.11251565612953851,0.10193249267789484,0.09509653887796077,0.11406384399481029,0.09705738741128622,0.07993177574142007,0.07157214201495854,0.0,0.012303008578456676,0.0829376334852373,0.08412441564310014
hinge,0.10018464304133501,0.0824854830516134,0.08065328920315318,0.10508096936880007,0.09251395192770795,0.07034393811216799,0.06493038799452999,0.012303008578456676,0.0,0.07262493410087034,0.07890082265943466
trapezoid,0.09311534908485508,0.10011576834200464,0.06716092691706,0.07336183058837986,0.05716480676318281,0.07270824411111032,0.057350349803398926,0.0829376334852373,0.07262493410087034,0.0,0.04321230951274002
random,0.13874822900109585,0.14720869098848455,0.10921246418988761,0.09782864542428527,0.08477776390740754,0.0945631899558459,0.08328719632085568,0.08412441564310014,0.07890082265943466,0.04321230951274002,2.220446049250313e-16
