,square,rectangle,parallelogram,losange,isoTrapezoid,kite,rightKite,rustedHinge,hinge,trapezoid,random
square,0.0,0.0018069013245839427,0.002621736894198534,0.003822429627607371,0.0011282720899085108,0.0007951322806836192,0.0004946797589169272,0.0019707339389486433,0.0018737647200005592,0.0012926838930638063,0.0026417649491604633
rectangle,0.0018069013245839427,2.220446049250313e-16,0.0009181623004468342,0.0023976518591878326,0.0038968300027152347,0.002235894958086293,0.002051186785231307,0.001237220530922012,0.0007715108092143375,0.0021634684222412437,0.003951656358714084
parallelogram,0.002621736894198534,0.0009181623004468342,2.220446049250313e-16,0.0009810808939543225,0.003925062092548948,0.0029819660813109605,0.002524798562684394,0.0016126262650044687,0.0011434347481760199,0.0017385003270001809,0.0032176227421779613
losange,0.003822429627607371,0.0023976518591878326,0.0009810808939543225,0.0,0.004250848365272675,0.003890340789838631,0.0035217766164619135,0.002130353593028489,0.0019142993286842547,0.001977144730975988,0.0022467610525642723
isoTrapezoid,0.0011282720899085108,0.0038968300027152347,0.003925062092548948,0.004250848365272675,0.0,0.001269629841049058,0.0010400057233832527,0.0034804536148264065,0.00360368151574042,0.0015018299251410294,0.0022500511514443877
kite,0.0007951322806836192,0.002235894958086293,0.0029819660813109605,0.003890340789838631,0.001269629841049058,2.220446049250313e-16,0.0005274461184704426,0.0028183871719372755,0.0027645585463538236,0.0020674325657955572,0.00319217022533147
rightKite,0.0004946797589169272,0.002051186785231307,0.002524798562684394,0.0035217766164619135,0.0010400057233832527,0.0005274461184704426,0.0,0.0024505958709349906,0.0023596260968935523,0.0012313993949588653,0.002846421944162514
rustedHinge,0.0019707339389486433,0.001237220530922012,0.0016126262650044687,0.002130353593028489,0.0034804536148264065,0.0028183871719372755,0.0024505958709349906,0.0,0.00016523180618455147,0.002038568511540828,0.002785981829666606
hinge,0.0018737647200005592,0.0007715108092143375,0.0011434347481760199,0.0019142993286842547,0.00360368151574042,0.0027645585463538236,0.0023596260968935523,0.00016523180618455147,2.220446049250313e-16,0.001880577849075249,0.002905205762240737
trapezoid,0.0012926838930638063,0.0021634684222412437,0.0017385003270001809,0.001977144730975988,0.0015018299251410294,0.0020674325657955572,0.0012313993949588653,0.002038568511540828,0.001880577849075249,0.0,0.0011335752128348586
random,0.0026417649491604633,0.003951656358714084,0.0032176227421779613,0.0022467610525642723,0.0022500511514443877,0.00319217022533147,0.002846421944162514,0.002785981829666606,0.002905205762240737,0.0011335752128348586,0.0
