,1610555604.25mOvVXuL01OCiReyVWBfesjuvXmB3MoPy,1610555605.43B6oDsBtWRQ29Q9UMQuTUEPZy3FSSWXzc,1610555610.92HPGJJSmyPM40z7otPBgHalNrHFA7zk5d,1610555606.68LaSQbm9EHAFycEfFtEqAwYqlBsQPjIRW,1610555617.19EKxMEwDHfXiEJZc27TsGoERaD6Da4BZU,1610555722.52PJ3FD50MGhRXyUD28vluU8Z9UjLJLZn4,1610555617.52Ijr5puT55g9apK8auM7zaxa3NANg502t,1610555638.77ZLjTLkz4jYJdFMI2wWBztzsDILkoOtAk,1610556912.46C7tJPLF0XfNnm8f1820X9aLmXMHoc0Dw,1610555617.51LjzIROg0aeCP2GhDcAVQ0LipKJB9jmKc,1610555608.17OpjjHobqRkX0UPcaXrbu7K6L3805SZri,1610555721.82zWeNZfGUUfRJkgnAwlP8VMhPzXctnSd4,1610555735.75bom85BDF0C7W2eIseHeMxi24qR68nzMi,1610555735.77NnT5xqKnwcf2BbjIekeb2arTQj6QMNwk,1610555638.33wjf1PhdNaoWfbRzXVn50hmFyB5bYAiLV,1610555606.65jCE4ig8Pu8kvAzkxnSGfWsV0nQBjCf8H,1610555608.18ONsBCVo1i7BrX0XG9stct4oiA6ejX9Oz,1610555721.51RNoQUMP19FTMS79BmA3JkgSm2IC2AQuQ,1610555971.86O0cHB2ibBJ8jxoObg01EpGe8VVV5mpwn,1610556911.51zU3duZSGpcw1BDNsBLxdOCITAXwl6z3i,1610555988.71dMoYT8250UHHJGxgmITTmbHe7V6gH1yU,1610556042.81mlUZsSp7gbGjrp8jQSnybT1gPy6e62o1,1610555637.02UBW5nKvDyUrKnaWcYRGajZPxTRDS0q3N,1610555619.13oUYNikU4facCTpUSiSLr0vPI0tJLnXiT,1610555721.03nzkucfjAUh31zTbmCVvTVYqtjoxZFnBh,1610555722.67fhKURdXVzRbLIjXmjRwdJHTnE7PWb1AE,1610555638.39J2ZWBLuLTHP0jOlzB4tNHmYeijH5g5YJ,1610556032.17Q6yCDx9g7alRnL9jBFXD2JhhUyB2hKfJ,1610557007.49MyVgDnuUuBxrvL6SGOdhKf69VYlW1MSm,1610555638.44hjT5hbYdKoE3MB6hijrjqbjmLgvCUYKD,1610555608.13zUvmFSCRt6SsLbhqFznMEvGx54GPGQzM,1610556038.62a5C4ynd1AARyAhTv8a58NCqHvXRjscqH,1610555644.45Xse8u7pusHNsd7F3d0A32HXvXr6weOJE,1610556038.62gKXOCG7XCn55eJvyl5voNjbwOW0znQDq,1610555987.13v0oleKK97pkesp6oMgprH8SoSdoDVdIO,1610556964.96ZLLeiQW0qpmxhPGTg7K03fmzkqsC2bjC,1610555987.13VQlEedQ50VvkPMEMzZDv3KNnQCewykN9,1610555982.186TY6MMGkDecIN1woW6vsfAMXVV7jnyjO,1610555982.673LuMndkwkvdmZOn0MmE2Pkidx0FtNalb,1610555733.38zItcuH7gHNfKdALR2d9Nek6bxCyw36Vm,1610556034.15BQxSbZINGCay0yp6RBVlgcPrw76Yn9ON,1610555639.37BPZpgtGml8qUsh9AdV4m32jPLfI2aNFq,1610556965.57S0adAalhWYe6K3bkZU0bRHbqnDK8gGkR,1610555983.54zteLPCMjyrjzPdhHhlZr3faCgD0TfYr3,1610555987.79rHnNRmt9a0ufmnwCvZqBouyUoZDNpylW,1610556960.041xWER61rmArlsKfiMl4frikWmUCnQ7op,1610556035.13a7NHZDutfTMJ88qle1gTYY59Dr4WmMsj,1610556890.456ZBDaY16bMtrTZTqAgHl3wq1tRxzqDow,1610555760.24e6890pkbyZ97Or6croI1rQgjkSsR0yVt,1610556043.02YpWMIJg3W004iqlPyv8OcVAZdSC5rNYw,1610555987.03z05P26TLtONYM1HSzupoc2CeNMa6HTqr,1610556032.15OYCzUxpsz7b10AXBAuDXrvEcvxFhf0M7,1610556032.63Z80yI9pNwS3jSmsDABbuhf8wkNa2Ze9y,1610555736.28eGuESasTXdR3SqY6pHhEXWZtcdciYLCO,1610556034.61bebeZA0MkaFG2sm3VKiqrxeqQginTTW0,1610556944.5XwXOphKYT3ZkWA8gViqOS97VHVuMVUqb,1610556944.745UVLFBzf7fPh4UH37I6tYQOFPqRDytEh,1610556034.63XsUwaFaPZevO1JNFjfhvY4aKNFnV4noV,1610556964.89xwBHw9faT1HjQRMNQEyA4qJ3hWkwgj3k,1610556966.74DydzH91jtyvRyYau47JpVkZoMRSNTt01,1610555740.77UueVziDbaXyRR4OcVJIIZyzOfAzN51bj,1610556046.84e3vwjyRCzqz0wJQhrk8zsxlFfFSv98Df,1610556137.99eoPuVrDThKAOvmeprLPb2FWRqIhzUodc,1610555740.73XFwSrmTXJPlaxGZSefh0jOVA8PI3III1,1610556123.88AOfNaz9jSnqU5Czc7okOv1RCrYfKFBTo,1610556046.85nB7NvyoYQeLcOV391Lmmut1wAM8CFGLw,1610556123.89H4pdIAzDthI7bMXMhlIhKUYIQIvtmPPQ,1610555740.87GOYQUJKpkynIS2lFqppYK4b32ol7NeGh
1610555604.25mOvVXuL01OCiReyVWBfesjuvXmB3MoPy,0.0,96.60790767176921,26.90458818908507,90.23666686214752,67.29016228583984,81.74620023382509,63.716234467946784,30.242942552132156,53.355834297912885,80.89526948484833,105.17573523548238,92.34313124705359,94.53339750701102,47.443681700590815,97.4564849214961,82.68389650342574,111.46050731882042,101.76541475121259,70.57981315992197,74.48334593632293,98.69135510641443,107.05483316567302,74.34770704158458,28.06172746617203,89.5288863492822,85.15603145886453,68.24906884367066,94.00635878147052,94.86984387756297,70.82085834414167,78.82600472385036,77.59224601178109,89.61970899184365,89.46795215344301,88.93363801250425,92.07345149396403,86.94921713728954,86.59994222395494,96.72769094984106,90.69867340883324,89.55277121886807,105.69485927678214,91.4806822585533,86.15249676924125,101.84418605854441,104.99533019414912,88.37831988792793,76.28736122725019,80.24023576464467,93.63770652854717,77.9146737815993,74.62239261055824,93.90405392775376,106.17244129357117,75.24205988871822,84.92469480129816,87.66291020286222,84.57174204234408,75.77524756643568,85.11091409598019,106.01295063032146,112.99046804505598,86.13135185176293,105.99046983048733,81.81708846980187,112.2771127582099,88.34293672111255,102.99240663857614
1610555605.43B6oDsBtWRQ29Q9UMQuTUEPZy3FSSWXzc,96.60790767176921,0.0,96.32713145718503,74.86315063179923,98.96078118784223,95.98923744959615,93.97170594837739,97.31129672607538,101.64851331729483,92.96446152110637,81.08910763479223,92.36048924848706,88.96690529652136,98.77209818029478,93.68604793461428,93.37842895745273,88.02232001888662,49.76833629325982,96.00998621755632,92.70231801107957,99.537980441367,89.09356234792207,91.04588529830563,96.83600530596058,94.74390840630616,101.518461142762,98.37706037959336,92.6014457229624,85.3303731330346,84.75513598660258,95.67024897984517,92.20258309478095,91.6874789522204,84.84758750710331,94.88138087725319,98.6168471093688,98.5087313826344,82.12469080541935,74.35559650826093,106.28321945620601,87.48667904104728,92.58939272304421,101.33334146940085,84.06242796643792,67.14867132851326,51.58939680266037,103.49515550874771,102.41773719323773,87.80697498754716,105.08214946887294,93.24742699840813,101.9808636283015,99.80472422635513,86.65270410556948,92.23596149039847,97.46565432061766,93.67488072214049,91.68900133238805,94.591951985699,91.42936143138961,89.82250982261594,92.96081077159337,85.08352425889522,94.88572576859801,87.20570804449154,92.21129405986946,102.8304234910249,90.84288343990488
1610555610.92HPGJJSmyPM40z7otPBgHalNrHFA7zk5d,26.90458818908507,96.32713145718503,0.0,88.82345818648143,66.02596951516664,81.01617630802006,60.022017716310884,31.8974142994463,53.822367349973845,80.5990949192261,103.67575583742928,92.76825852294203,94.26980828133713,43.45436228866393,96.96848740054816,81.56456247734567,109.82050145822146,102.20311151896504,71.28087164456467,73.80407149335878,99.09138973355786,106.77662997373345,74.23404008425379,30.02489263714343,88.31248162651006,83.96597219962516,67.16569391749204,93.29802886902998,93.62869327656428,69.98585270768352,77.99060308006291,78.17904362273461,89.33665599380481,88.88438885520578,88.69774098893816,91.10478042840876,86.0642938549626,86.06412025510124,96.14564004267855,91.40034522561264,87.68436509452222,105.32522291325137,90.97306487739183,88.33301577423816,100.94098481331888,104.08191303113792,88.12658154103147,76.13600991582969,80.02054893171875,92.37410342111589,79.20148302179325,74.34190422175446,92.98530601750402,105.34942521857462,74.5229788788305,84.19802290712927,87.20475340472295,84.52435848473439,76.9794972863206,84.08233476474187,105.30794695552802,111.56430477972782,85.5560858250669,105.32145389786518,81.21482782564233,111.81416011297847,87.30510890400775,102.46397411206223
1610555606.68LaSQbm9EHAFycEfFtEqAwYqlBsQPjIRW,90.23666686214752,74.86315063179923,88.82345818648143,0.0,93.07182548337315,96.52466857551391,89.46746220924345,89.31510738642564,94.34395422801035,95.43531077509138,74.8152307269047,80.51988932044449,99.57526629010503,92.09250762056917,92.88142624344923,86.47866203533732,87.19918594023152,81.2771813484768,90.65103034711713,86.86932794797143,89.79665943159767,92.01725355512609,93.55741994857215,89.33002709277253,98.60446374574438,99.18498193732579,87.2247674026352,85.73594372515625,88.63434680836187,87.60351152234334,87.72196849233447,93.84072649696978,97.49712880389067,90.45026256280062,83.46225886837249,83.83401730745348,90.44765389622015,89.68400116400464,77.02639676575774,96.43945289978838,75.57863606823861,83.4056965618558,87.9635127072092,76.39242676791034,86.60705282695709,84.61209261637727,101.74157679308111,95.96492084827864,90.91257631870977,96.2449860012308,85.24038100560776,93.96989562247971,96.28121811281933,88.85725163160247,84.3796963637766,100.30265872776724,95.85298828451913,85.0608040247772,90.1780364539065,97.2798562536343,93.74894217929143,96.36406762655942,85.69516110550772,97.69479876851253,85.14983759754124,99.55271984717714,90.87450751701397,93.76656858546924
1610555617.19EKxMEwDHfXiEJZc27TsGoERaD6Da4BZU,67.29016228583984,98.96078118784223,66.02596951516664,93.07182548337315,0.0,90.21564480580608,56.95357635947884,67.23229532826376,62.01893637165679,85.37207814259183,101.77534844885858,97.83827723538398,99.50469216950215,70.01503867707169,99.22479538339844,84.91882051549649,108.28372146089525,104.08856870062597,81.7930110150396,80.76308762579126,102.2411101067537,104.48110043483712,63.01317843792032,66.74770966952156,87.93098774511284,92.77740896977797,62.51029823076399,98.47147058842656,99.17373296155034,66.15306419901495,80.33630139211742,68.70373305428686,93.56874017996492,91.66070384843263,92.50388392307177,94.59326951779654,90.6440840001474,87.38379486071314,97.40209741524325,98.65783579542318,90.50694420427972,107.09188532760881,92.51885248332488,97.74438799690601,101.68924928624685,106.45740341930433,91.10449959748182,83.32438634093302,81.56005365202945,87.39884756273791,88.99533487445638,79.52793876778041,97.08114289748566,107.02322838204321,79.34228312722914,80.29746706039921,87.66352958704755,90.89708407812134,86.25632900159749,83.78300842891369,103.72904205596812,111.16290286567683,87.94042838477793,103.62792541926355,81.78537918298103,111.27867200659333,91.36941005410242,100.32222802323824
1610555722.52PJ3FD50MGhRXyUD28vluU8Z9UjLJLZn4,81.74620023382509,95.98923744959615,81.01617630802006,96.52466857551391,90.21564480580608,0.0,83.67627456229084,80.91966393140804,82.59548454166266,97.90363864559552,98.52928226374883,99.13589596607761,103.2050628945489,82.33633092065972,100.62573818411781,97.34732145376364,103.75376692866263,99.17336058714623,54.53395093388468,91.6281548121406,101.10547477467094,98.33476385241873,84.76841058174927,80.98808194072213,89.01777208553644,40.61680775400819,84.1706612415922,99.79060005842018,102.16936583926005,75.49880338806253,94.68829121018496,75.73243547054464,103.70657602277493,102.11656213299294,99.33482043416826,96.02892315096933,99.01392537162643,101.27858954989982,96.4582195686772,98.39778988820369,102.12769112722347,104.02850252791207,100.27143515384748,92.78178704591942,97.18945048651851,95.75325058526816,83.28341918722617,83.40352783929906,98.3407076670145,95.59078233232727,90.90541425391125,81.13835050709278,97.31760806885531,103.6921731474836,92.75773781751161,81.41538814259147,96.51204252965802,93.54508655208073,88.48701901837441,73.11188344296579,99.55773397523586,106.5911678791471,100.27382404194303,95.26136861109559,99.45124711959421,106.52634864358642,94.33115040593454,99.50302803789852
1610555617.52Ijr5puT55g9apK8auM7zaxa3NANg502t,63.716234467946784,93.97170594837739,60.022017716310884,89.46746220924345,56.95357635947884,83.67627456229084,0.0,60.90431728690238,68.78043699088789,88.78872197503418,97.17507142867778,98.55869539122727,98.83182663727712,60.839966399852344,96.44081454058774,88.97996066678327,104.33048155155308,100.26351291626717,74.79463601818658,85.26499790970325,105.07798581022922,99.81823961138136,73.83088885060127,60.19784562084536,89.64996721019259,84.59586517852613,73.71548492198676,97.38980931696437,94.70186070595517,53.173935771286885,84.00594884550569,65.15018791445576,96.57087093998928,94.42742179508586,94.48573790080253,91.87178420178907,95.16397183227286,90.92021987226921,93.69668077461965,97.18684265783352,93.562192940675,105.69215474960454,94.5318507067217,93.89537678737123,97.1180667559627,100.89221205690589,95.91868181022407,84.4785851071237,85.53223491064355,92.65590228933061,89.49168920386792,81.03960441273722,94.2262395313015,101.12133505614015,83.93989998464868,82.05869711870916,86.94908194134969,94.98180156155773,86.49755681901523,75.07522786229748,101.34663981265172,106.57202275774817,90.97597648115408,98.49676828555258,85.46090632528983,108.15148178957375,90.2853008936725,99.240866849635
1610555638.77ZLjTLkz4jYJdFMI2wWBztzsDILkoOtAk,30.242942552132156,97.31129672607538,31.8974142994463,89.31510738642564,67.23229532826376,80.91966393140804,60.90431728690238,0.0,54.0046945684344,82.14825662582204,103.66904777122772,91.75677085836992,95.36758404350999,36.1710067656437,96.39341028088506,82.46639538691342,109.65097860136659,101.31261758773579,70.86044271531223,74.98230896518717,97.93896539941814,105.89078981275114,75.54524426573572,27.57234072700495,88.75587167800175,83.38239711867281,68.693572292383,93.45958284562086,94.68555193095884,70.85993273908912,79.11193839447168,78.3756212231742,90.69042845124228,90.12020912077809,88.9993685609012,90.48311300195635,86.8772420204609,87.22048683216954,96.62113451556995,90.92398954434991,88.73066522386686,104.09286002954771,90.42055965364278,86.10524562834355,101.1784548065232,103.99105093569385,88.42781448946154,76.35122660683331,81.47906680839195,92.99632460408633,78.24468770836914,74.37305530865295,93.70476075322946,105.46201141556725,76.2015774416172,84.82217591745719,86.60125569541015,85.65821291409988,76.02418124766945,83.8257498559523,104.30209620784369,111.53539748937604,86.91423750026664,104.10725216862534,82.18783130342086,110.45555464180197,88.37750839970974,101.09489596142491
1610556912.46C7tJPLF0XfNnm8f1820X9aLmXMHoc0Dw,53.355834297912885,101.64851331729483,53.822367349973845,94.34395422801035,62.01893637165679,82.59548454166266,68.78043699088789,54.0046945684344,0.0,86.43561210202947,106.19928148207161,93.89610423408362,99.26997566975493,60.113187599344904,96.2210105292278,87.29277754046996,112.13320871610976,102.66422610444698,67.1539754093828,79.30517863888679,97.83661617581433,106.40428437587161,77.80889218591119,51.70778295775348,91.38242150216085,84.41147618030509,69.75967376190651,95.51226017106981,99.09065027988154,75.68135498997762,84.20145564883309,79.048444078557,94.70641499651808,93.50565414223698,92.4999795866849,92.97521518399523,89.86163129548987,91.62860900522581,100.9025710874146,95.66513440511447,92.83703338776347,104.26797254553404,91.00977105716534,91.52140133499078,103.62278176949332,106.97547428752063,87.17497145293784,77.88835983875796,86.57489587633597,92.32653147377023,81.46886881445168,78.62950261571453,97.5458244681018,108.81766632093593,82.07618763563204,87.3152831451369,90.98487738569031,89.20443150145783,79.4470683546205,85.67518775147536,104.27885065094844,113.99852898387137,91.25554167546325,104.87917540170952,87.24955930723188,111.30483314557084,93.22746475917593,101.62730681296873
1610555617.51LjzIROg0aeCP2GhDcAVQ0LipKJB9jmKc,80.89526948484833,92.96446152110637,80.5990949192261,95.43531077509138,85.37207814259183,97.90363864559552,88.78872197503418,82.14825662582204,86.43561210202947,0.0,109.56915242214411,101.95509346521742,59.91615587624103,85.84835217841133,105.85512736075258,88.24210959012147,116.62821806301727,104.14944422995356,97.10964639815052,84.80268681748655,107.37115283829998,115.09944299827835,81.84892442384468,81.19556620337876,94.07327196004898,102.46196773547616,82.48539596589823,102.8260322542957,94.56791371320823,86.86554514603162,82.14391197709396,94.0483163379134,42.89344446907932,89.19829509561569,95.76195840768001,102.86060351442453,91.55128151955573,85.84072727966048,91.75737339496007,98.8055270456609,94.25221466439318,113.43182618385235,97.22719088286063,99.91453870491,104.693511754683,105.00770797256442,95.86250578458778,89.70830885560147,50.7305759997936,101.87280804737392,91.49854452569949,90.8790339686968,92.3226413259152,109.99693693897046,82.96759098151388,94.54767938329294,98.83593478126588,90.2590238379597,91.08362545324897,98.69347476055296,111.96352784899511,115.87115399084877,81.19084319875212,114.41442027164561,72.45856831734002,118.3860304033586,99.39925058969091,109.22530881875774
1610555608.17OpjjHobqRkX0UPcaXrbu7K6L3805SZri,105.17573523548238,81.08910763479223,103.67575583742928,74.8152307269047,101.77534844885858,98.52928226374883,97.17507142867778,103.66904777122772,106.19928148207161,109.56915242214411,0.0,92.32148299305223,111.21798388703125,104.43417918891467,92.96346023862262,93.3096339937218,60.20351726835568,84.47863808314828,98.458788860651,101.63122334974182,95.31990405347727,88.33843590462499,99.45584885434725,103.96911052176702,92.75714642100269,99.7536553125504,100.93565358456377,93.56308637950528,93.38121145305495,95.44024126171345,100.03343459078246,95.68450397351488,111.51707156973701,99.8761193650716,93.16282660855674,88.55954300727103,100.10450009474619,98.61955053171175,86.95058984602136,105.07003522808877,91.57446268570911,78.23666051508177,95.21591992157265,92.45536504892564,85.15497737925773,74.70376699611234,106.3783000792856,102.94167174162938,104.2889139147715,97.24057126069604,99.6769665529865,103.26652392319428,99.56803962272097,86.38855722475746,99.43871281044026,96.11747790451578,91.72892121099149,98.0576330111908,102.65173454233249,93.27462476022818,90.98830780014123,86.4851508568467,96.3342301381623,87.73265812333089,97.43435630916665,87.68196109884977,97.2840775056563,94.45399603361085
1610555721.82zWeNZfGUUfRJkgnAwlP8VMhPzXctnSd4,92.34313124705359,92.36048924848706,92.76825852294203,80.51988932044449,97.83827723538398,99.13589596607761,98.55869539122727,91.75677085836992,93.89610423408362,101.95509346521742,92.32148299305223,0.0,107.89793363088786,93.64439799528985,97.49309636460136,81.12027570478354,98.80733833520303,80.5830013300909,96.64642755443906,80.60449037890272,53.081338626562314,76.36175446438928,98.91470536001628,91.58573137714977,98.74448400233054,100.58856666457422,94.99078306780343,72.480191942647,87.7262309079288,98.77719356472241,96.21941650234504,102.67256113210557,103.30881277482025,87.75758220649716,75.0295353456229,79.34306572761787,91.30523392289342,89.38126711726171,92.02221417557226,97.69527675515462,87.22691325836641,80.85282775521846,95.59660152265027,76.56029598003137,94.62275102805837,94.52721267058611,94.66245094365935,88.52647377435619,96.04034991971689,94.96635351462406,57.873006334898086,90.76138586507723,101.5135825629049,95.38358121158744,87.32578586792903,100.12928015544617,95.14586236227957,75.60225076565403,73.89018707379638,101.01930080411331,96.57089585186836,101.89877007452023,84.9322927182585,102.08385392603726,86.65279516431028,98.64470977556914,93.04029485572738,95.12517448227132
1610555735.75bom85BDF0C7W2eIseHeMxi24qR68nzMi,94.53339750701102,88.96690529652136,94.26980828133713,99.57526629010503,99.50469216950215,103.2050628945489,98.83182663727712,95.36758404350999,99.26997566975493,59.91615587624103,111.21798388703125,107.89793363088786,0.0,98.00524126292166,106.13311431783373,96.96862105131203,117.73503699758358,100.94989664337116,103.30260373382282,92.60012010974717,113.25525768846535,116.28434091716844,95.79829331503507,94.70177122716203,105.4372472069031,108.06618848923955,96.4267531422829,108.31787780006026,95.81645888156459,95.39496838146594,89.20756618533441,101.74841978582151,43.258687136714606,90.28503836900647,103.05849868635427,109.35558797124841,99.63065490415396,88.33905211570074,98.38457534941818,102.63716669510633,99.44591326263435,116.34723314183445,104.36589891177947,103.06290791249747,103.32161040604538,101.88077977445742,104.0109038801472,101.89556473165192,77.67372827738708,109.39574498605994,100.98988046142698,102.02852378698003,95.09820642129219,107.93343151207634,92.59836394676877,104.50781442532623,108.3230380752993,100.06926473357439,100.00085325997733,105.57551527251658,111.6411791041549,114.155054443446,87.12475025036355,116.91122896262996,88.82747621610038,116.01971635082091,106.37726390878075,109.60550157606484
1610555735.77NnT5xqKnwcf2BbjIekeb2arTQj6QMNwk,47.443681700590815,98.77209818029478,43.45436228866393,92.09250762056917,70.01503867707169,82.33633092065972,60.839966399852344,36.1710067656437,60.113187599344904,85.84835217841133,104.43417918891467,93.64439799528985,98.00524126292166,0.0,96.26591334896482,86.37200550783862,109.62361008391973,102.21420581818394,73.9248827128756,79.08029596062701,100.09092421088603,104.93975013511695,78.6693788973462,42.99016173675027,89.70104229856912,83.80355650250046,73.05434829951474,95.68410410452178,97.15021398357005,71.84566578058036,83.03372984967461,79.98622460700052,94.032206563062,93.74043978343633,92.61321038586,92.70851422896398,90.18486063189872,90.60093942703595,98.60924004233162,93.74476138507619,91.94442715298959,105.1119647027701,92.5716638718957,90.84719716737297,101.39996993179486,103.83993890841671,91.70937436625807,79.53272044300994,84.75098883546094,95.08013754859788,81.70880432111484,77.66145732719961,96.31681294948781,107.24509169874565,80.47350978753114,86.59306163933759,86.98628443735257,89.8457111901513,79.43786949010106,83.47557903911033,104.44432068346002,111.62934512131868,91.14771811367078,103.50436331925641,85.51085468044018,110.12075333389772,91.37620733052823,101.72935144851017
1610555638.33wjf1PhdNaoWfbRzXVn50hmFyB5bYAiLV,97.4564849214961,93.68604793461428,96.96848740054816,92.88142624344923,99.22479538339844,100.62573818411781,96.44081454058774,96.39341028088506,96.2210105292278,105.85512736075258,92.96346023862262,97.49309636460136,106.13311431783373,96.26591334896482,0.0,93.92408390410696,97.15944802792185,94.39978551270434,96.98763848621833,98.04621629949271,98.62037979571328,98.04508590156998,99.67249014805553,95.94812295406045,99.6398302474049,99.69361557313705,97.34765656534833,103.60429231829411,90.86308541124077,95.83268981351023,91.43279322783653,96.21016966833012,106.59194112594328,106.35208462302727,87.6438527563445,89.76364297727858,90.22681141529091,103.00113190362192,98.60057545634356,100.54363388579247,80.33383564473212,99.4797976837476,80.41050635118035,96.8156414795461,82.25988985768649,93.17984743029155,99.57911745248765,96.67986118811143,106.9318375178068,98.09021145487993,95.49901252617055,94.87318744340169,111.18508665807389,94.19985860079608,94.01672134610698,100.28909664806068,87.15535716785516,97.77203003561003,100.0816514345852,95.50239687921747,106.23165405680061,98.23028169777162,100.58295940510942,104.39771049079644,102.34130860164257,94.46462483402668,99.0483931866794,106.37351986820997
1610555606.65jCE4ig8Pu8kvAzkxnSGfWsV0nQBjCf8H,82.68389650342574,93.37842895745273,81.56456247734567,86.47866203533732,84.91882051549649,97.34732145376364,88.97996066678327,82.46639538691342,87.29277754046996,88.24210959012147,93.3096339937218,81.12027570478354,96.96862105131203,86.37200550783862,93.92408390410696,0.0,100.92968980710931,99.50123820370776,96.81801410810436,66.40028305977673,86.99490485891944,102.90094202691603,84.85487985953736,82.21522347995763,92.7969301499661,101.18369764892361,80.20038407603772,85.01363543531998,77.85693825022469,90.93622397225762,73.59851399694465,95.56051286740366,89.75282250522132,67.71914698039927,63.301221042625585,75.5893924511588,74.4297347448887,65.0593296466217,93.77186552107386,97.89623340534693,77.79023845553534,95.9114897162628,91.50491952467225,90.05993431606372,94.70753589436123,101.18326583025505,89.29457983332526,83.51632831898293,82.83100150119088,86.0725471520897,77.84481905230749,90.78927050146108,88.8731524935657,96.70567292904802,68.18375407808037,94.2133215258865,92.3755152164048,70.82162637574376,81.87895262122049,98.4618447563262,97.53614148881341,103.10730671762653,65.74783435813285,102.29808817469402,73.98086349195039,101.86569428761925,85.05844399944446,94.36435496173802
1610555608.18ONsBCVo1i7BrX0XG9stct4oiA6ejX9Oz,111.46050731882042,88.02232001888662,109.82050145822146,87.19918594023152,108.28372146089525,103.75376692866263,104.33048155155308,109.65097860136659,112.13320871610976,116.62821806301727,60.20351726835568,98.80733833520303,117.73503699758358,109.62361008391973,97.15944802792185,100.92968980710931,0.0,88.62308008694019,104.26609132827032,108.80729704988757,99.61247866423221,90.45843487171433,105.35918188923718,110.04248137771503,95.6596108356842,102.37031719870215,108.16797669284351,99.2495258164885,97.96389006191069,103.07118108895783,107.44996446799765,100.74937457868867,118.15537514213064,106.17863023357722,98.98734779550315,91.81687894238837,106.47626979945753,104.06579961296282,89.36924808491439,110.74529313097612,100.30939807707485,81.96301409360696,101.98561402866959,97.25883837201458,88.16977877380637,79.86292736860771,111.3352325335783,109.14424823037267,110.84823680553558,101.3741767243093,106.03320612400984,108.73043959591908,104.7982762219628,87.05172348310214,107.10910701897856,99.70451958148288,93.19898170140681,104.49162239272493,108.96424662605058,97.7130733518366,90.60287030896882,84.9609797087098,103.25395913533868,83.38155207412872,104.38261869661312,86.21476980352851,102.52593043869166,95.69024243090509
1610555721.51RNoQUMP19FTMS79BmA3JkgSm2IC2AQuQ,101.76541475121259,49.76833629325982,102.20311151896504,81.2771813484768,104.08856870062597,99.17336058714623,100.26351291626717,101.31261758773579,102.66422610444698,104.14944422995356,84.47863808314828,80.5830013300909,100.94989664337116,102.21420581818394,94.39978551270434,99.50123820370776,88.62308008694019,0.0,96.90028564623921,98.89232392466239,89.00009270102285,80.50977370526465,100.3073483701953,100.52736010153764,99.68668543653993,102.98362928672977,103.65580254893581,91.8920356059998,93.41412075244484,93.8863562765388,102.74965343766841,98.87437945181921,103.30342658889916,95.38686402000147,99.0302457629425,97.04041931436548,104.34847749866945,94.41719794548112,83.76064423049537,107.58326636106061,92.29396371480125,89.88890873549194,102.31103710372604,85.6844652347165,74.33815589470859,60.12473297769155,104.11294580030784,103.2390112852519,99.68523810484935,106.15137281587982,88.84926350489853,104.60793622959721,105.92034906041461,90.83090187152469,101.37462874952344,102.29136091545223,96.13964601011824,98.07018996404342,93.07520083690943,95.02856244027278,90.14907663214873,93.13211971465635,94.55275086280227,93.59514134640978,96.073731656335,90.36620292626037,104.95123252172289,90.95545361277195
1610555971.86O0cHB2ibBJ8jxoObg01EpGe8VVV5mpwn,70.57981315992197,96.00998621755632,71.28087164456467,90.65103034711713,81.7930110150396,54.53395093388468,74.79463601818658,70.86044271531223,67.1539754093828,97.10964639815052,98.458788860651,96.64642755443906,103.30260373382282,73.9248827128756,96.98763848621833,96.81801410810436,104.26609132827032,96.90028564623921,0.0,90.9804048465168,100.07771274901913,95.52617777720485,86.42776697374575,70.57977715983992,91.96418742281699,64.39735790825472,81.16047334619621,98.0041734582729,102.27334214290472,70.47912272836713,93.75206292186462,72.11908425649358,103.8044893294414,101.98171459452722,98.34895634149673,95.72682137821054,98.48639373160316,100.98860980074905,97.43669356353227,94.5133675971328,99.19275427202156,103.63606305963934,96.393526316712,89.39981694379709,97.48713688211629,98.79505073459612,90.7980165589758,81.96787696101988,97.20159294382997,95.6741080248664,88.47607701428402,78.04356554521785,99.00996994296926,104.66046180849142,92.32938649257203,88.95893012238561,94.47719312141957,94.34165658308513,85.97364495480937,73.47418587337053,99.0895786932918,107.89726298476572,100.63104411903272,95.72407862285846,97.77397231563643,106.24985554550469,91.55710527722799,98.26715642275127
1610556911.51zU3duZSGpcw1BDNsBLxdOCITAXwl6z3i,74.48334593632293,92.70231801107957,73.80407149335878,86.86932794797143,80.76308762579126,91.6281548121406,85.26499790970325,74.98230896518717,79.30517863888679,84.80268681748655,101.63122334974182,80.60449037890272,92.60012010974717,79.08029596062701,98.04621629949271,66.40028305977673,108.80729704988757,98.89232392466239,90.9804048465168,0.0,86.42516446706038,103.25464832341963,80.71821935207296,74.62806256628551,93.3626977065439,95.97484057066617,75.64152096900773,85.93056488381202,87.10468551832548,86.22334251716607,77.48968287465095,91.25973028226113,84.93703933845435,76.63168800661332,75.97054868108708,83.08306129546055,71.8204428159543,75.9998320341205,96.05633062256386,98.19802886840988,79.42161217093877,100.01019683194679,91.75672461440726,85.75209678218586,93.06337283992642,102.06216281786794,86.64804234415806,77.48478990154807,82.0833472607227,94.5082385552656,75.3531594355836,85.2112467085866,95.47716495712972,101.40395982063293,66.03373334373488,91.89453514908415,91.65301198405238,69.57811264724458,76.27398499908932,95.8652798634097,104.05375663826217,108.34260513745814,72.78757157592541,108.3753413973708,73.81266037533574,109.28377466404815,89.41237242658443,101.09075071450211
1610555988.71dMoYT8250UHHJGxgmITTmbHe7V6gH1yU,98.69135510641443,99.537980441367,99.09138973355786,89.79665943159767,102.2411101067537,101.10547477467094,105.07798581022922,97.93896539941814,97.83661617581433,107.37115283829998,95.31990405347727,53.081338626562314,113.25525768846535,100.09092421088603,98.62037979571328,86.99490485891944,99.61247866423221,89.00009270102285,100.07771274901913,86.42516446706038,0.0,83.02374667966993,102.60962848777451,97.6985588996436,101.0463051226286,101.91935684178667,99.0678643000777,77.677140121891,94.12118369080777,105.23139607059446,99.2655441772131,105.86179435518117,108.66175922695282,94.96678164851856,75.77516840317449,82.35783123244596,93.64859542684658,95.30113217745011,97.65929446454287,103.3206699475859,90.15772314344456,82.7005999100188,96.67387632794295,84.04236426103681,96.58457392658653,96.92583770389538,95.68741486679018,93.78122404779624,102.18582637753117,97.75163284011131,73.97887970210624,94.9744069757348,103.8203575988154,98.75121024918445,92.67160680890557,101.68179383467807,98.03779948711642,76.7760474902721,83.81081103280296,104.4719951747625,99.28155491337802,103.96581574755189,91.58099853604435,103.22881911221623,93.37522706344231,100.96438592779414,96.54283280772238,98.07026888831008
1610556042.81mlUZsSp7gbGjrp8jQSnybT1gPy6e62o1,107.05483316567302,89.09356234792207,106.77662997373345,92.01725355512609,104.48110043483712,98.33476385241873,99.81823961138136,105.89078981275114,106.40428437587161,115.09944299827835,88.33843590462499,76.36175446438928,116.28434091716844,104.93975013511695,98.04508590156998,102.90094202691603,90.45843487171433,80.50977370526465,95.52617777720485,103.25464832341963,83.02374667966993,0.0,99.62870428734077,106.25076201031575,98.97065815770128,97.43364175437337,106.92430789344978,89.69311416494575,99.84919101288932,92.49430302629054,110.79529203932825,91.46507757291005,116.34734552853267,104.5560169605566,97.0116182814613,93.73982635555558,107.86065725655482,103.40573310669248,95.76202918613951,107.98876693569659,104.21928510729327,87.56438679998809,105.03477698155453,94.19239950012599,86.78140008189375,86.71634035020797,106.712338634908,102.30307950145635,106.7768750219215,102.16474525144439,91.83518494890453,103.14711249105264,110.96519805804812,97.74386896333473,108.43048595279588,99.25192311959745,96.71634022305612,96.0244415449322,97.53082557020493,83.93083139858807,87.29279291289225,99.78272268304508,101.61320255431409,91.47857380553928,101.37516682093617,88.99277112033774,102.58028106251638,89.30745311258514
1610555637.02UBW5nKvDyUrKnaWcYRGajZPxTRDS0q3N,74.34770704158458,91.04588529830563,74.23404008425379,93.55741994857215,63.01317843792032,84.76841058174927,73.83088885060127,75.54524426573572,77.80889218591119,81.84892442384468,99.45584885434725,98.91470536001628,95.79829331503507,78.6693788973462,99.67249014805553,84.85487985953736,105.35918188923718,100.3073483701953,86.42776697374575,80.71821935207296,102.60962848777451,99.62870428734077,0.0,74.64840648686022,76.63504960052333,89.640086467264,59.19670801212854,100.51272214042373,95.46776590684449,62.475176204848324,77.09525601693399,64.76756505046028,89.29230731976311,90.10728611244141,91.13582577399052,93.75644124470426,88.47736760960953,81.56018659211254,88.40552729867683,99.963563493933,91.2998878365134,106.46873023918295,94.09530472368674,98.75867112053129,96.80918420551197,98.32273265568838,85.9811113944101,82.26900106001953,74.55334487233587,84.37302292505868,91.30126463511172,77.38727898639257,95.42046658902288,102.43537168986951,77.88080741095298,59.450978954991434,87.57466063161392,87.87887817435056,88.50955420146387,73.98278886918558,101.75604768223317,109.16569584604076,82.32848646932122,100.09089007815886,77.17695104565387,107.14240940713165,90.003770737143,101.30537494111348
1610555619.13oUYNikU4facCTpUSiSLr0vPI0tJLnXiT,28.06172746617203,96.83600530596058,30.02489263714343,89.33002709277253,66.74770966952156,80.98808194072213,60.19784562084536,27.57234072700495,51.70778295775348,81.19556620337876,103.96911052176702,91.58573137714977,94.70177122716203,42.99016173675027,95.94812295406045,82.21522347995763,110.04248137771503,100.52736010153764,70.57977715983992,74.62806256628551,97.6985588996436,106.25076201031575,74.64840648686022,0.0,88.47706053015048,83.74998972875558,67.8420897741484,93.44933536889836,94.3951740531034,70.33821464833893,78.22795531446513,78.07134195685953,89.86912878820573,89.49793259447809,88.37159626580015,90.32293687938717,86.2029776041983,86.50842259463289,96.22434831118801,91.18077430459729,88.86401136764185,104.06936630166828,89.44150071956017,87.17066031035615,101.24549445228608,103.97664669860389,87.26148585925192,75.43420460156321,80.671192999525,93.08356440645663,76.85274850906873,74.48809118197292,93.12362613029839,105.19096405694918,75.42312890087933,84.35364575724941,86.80232628221705,84.80178056642772,75.2120591629571,83.90277219085017,104.66792625165134,111.9007876322196,86.06218290724523,104.42935302773246,81.63976985858675,110.9648607715634,88.19079870579537,101.90857645587504
1610555721.03nzkucfjAUh31zTbmCVvTVYqtjoxZFnBh,89.5288863492822,94.74390840630616,88.31248162651006,98.60446374574438,87.93098774511284,89.01777208553644,89.64996721019259,88.75587167800175,91.38242150216085,94.07327196004898,92.75714642100269,98.74448400233054,105.4372472069031,89.70104229856912,99.6398302474049,92.7969301499661,95.6596108356842,99.68668543653993,91.96418742281699,93.3626977065439,101.0463051226286,98.97065815770128,76.63504960052333,88.47706053015048,0.0,92.33309687247755,88.31070405109939,97.74609274646177,101.64394377790099,84.36133183214383,90.87005918879193,84.97646348110676,100.46103350119276,96.74667371608382,93.81052667915102,95.81135509516221,95.0203283853002,90.17588951636141,81.71751435604583,96.7083947375044,100.29981981605768,99.71832763813103,93.74149985700093,100.64068412781667,96.51735711427918,88.07612536046916,93.01396237090756,82.41113896622775,86.8674941465132,93.91210256063755,93.59916204603876,86.51800650292569,93.98453828293523,100.88009172047414,90.85605835704422,70.9574204742688,76.47084276118,92.46729951266927,91.37515993688602,74.23584610633667,94.36047184643797,100.45408819943766,91.00472389274937,89.65314528948389,87.89965415950186,99.9415032945555,90.10434909934152,96.38300901024726
1610555722.67fhKURdXVzRbLIjXmjRwdJHTnE7PWb1AE,85.15603145886453,101.518461142762,83.96597219962516,99.18498193732579,92.77740896977797,40.61680775400819,84.59586517852613,83.38239711867281,84.41147618030509,102.46196773547616,99.7536553125504,100.58856666457422,108.06618848923955,83.80355650250046,99.69361557313705,101.18369764892361,102.37031719870215,102.98362928672977,64.39735790825472,95.97484057066617,101.91935684178667,97.43364175437337,89.640086467264,83.74998972875558,92.33309687247755,0.0,88.87526215499112,100.705206591703,103.22706418655196,79.84421733678992,99.2455635287139,78.49235391104477,108.01407743731097,105.85314441440212,102.51406245490607,94.93844567675431,102.1106557249596,105.21620197567499,98.63823748609846,99.39270796643547,105.48157229154518,102.6612942317434,99.79327041423964,94.1001228354541,99.16412206576253,98.93508393573948,86.81376890346088,86.34917247162275,102.65515413278128,97.1965104034635,93.43254991563792,83.68676541812106,99.7097165346741,104.59983781095652,97.23734714189307,83.92158741221071,96.89368752841942,97.8771250190039,91.43559111229546,73.83116668422032,99.64948573121725,106.92688416524886,104.39642132252236,94.25818212310398,103.49144377116744,105.11210180197621,96.94370696123075,99.96191332957994
1610555638.39J2ZWBLuLTHP0jOlzB4tNHmYeijH5g5YJ,68.24906884367066,98.37706037959336,67.16569391749204,87.2247674026352,62.51029823076399,84.1706612415922,73.71548492198676,68.693572292383,69.75967376190651,82.48539596589823,100.93565358456377,94.99078306780343,96.4267531422829,73.05434829951474,97.34765656534833,80.20038407603772,108.16797669284351,103.65580254893581,81.16047334619621,75.64152096900773,99.0678643000777,106.92430789344978,59.19670801212854,67.8420897741484,88.31070405109939,88.87526215499112,0.0,97.47416498167813,96.73995713782827,73.25168554511326,68.1856702553885,75.27190408211958,90.56929356165188,90.14091642853975,88.22362158477327,90.8369213525278,83.91927166376446,86.98173333203445,96.96576597942123,92.43870318120275,81.89480063208916,105.27345699356991,87.8279324484576,95.92641184849776,100.83488130105567,105.51256801002569,82.15258862801402,76.74601810955612,81.37256689763993,75.79064680989589,84.52087050402116,69.10198927260132,94.95486688570024,106.11622865978406,74.28635696225324,79.18640139326409,91.8610530379259,84.30237877461576,82.46922175264933,86.05672742998719,104.54593739753042,110.12638662280732,85.09913433153451,104.79435325438534,81.10124070523692,111.70067423242143,77.7972037249717,103.74811920267712
1610556032.17Q6yCDx9g7alRnL9jBFXD2JhhUyB2hKfJ,94.00635878147052,92.6014457229624,93.29802886902998,85.73594372515625,98.47147058842656,99.79060005842018,97.38980931696437,93.45958284562086,95.51226017106981,102.8260322542957,93.56308637950528,72.480191942647,108.31787780006026,95.68410410452178,103.60429231829411,85.01363543531998,99.2495258164885,91.8920356059998,98.0041734582729,85.93056488381202,77.677140121891,89.69311416494575,100.51272214042373,93.44933536889836,97.74609274646177,100.705206591703,97.47416498167813,0.0,91.92215494150211,99.69718366558328,99.68502163502842,102.30134332924337,104.34409154141184,79.2383128841487,87.19519127879529,86.0015849533437,96.15748246309221,85.79047561846053,92.96480010321031,97.15347188886209,98.12241608899672,80.97269114201791,96.38157600986796,77.73750809693797,97.53722883154505,93.81504136862058,96.80987790616985,93.92061291087417,98.02648268946531,95.74976058254082,75.49622125205123,96.36222326005118,93.87097784225114,97.11052531484746,93.90558674758357,101.74132838622454,94.08982708341914,77.0662750298743,76.78944062433597,101.28928988576375,91.60490663996703,103.46076454740765,87.5014613672985,96.2488236035099,88.89760296293672,97.87195421354745,95.77625249863056,89.48142680252047
1610557007.49MyVgDnuUuBxrvL6SGOdhKf69VYlW1MSm,94.86984387756297,85.3303731330346,93.62869327656428,88.63434680836187,99.17373296155034,102.16936583926005,94.70186070595517,94.68555193095884,99.09065027988154,94.56791371320823,93.38121145305495,87.7262309079288,95.81645888156459,97.15021398357005,90.86308541124077,77.85693825022469,97.96389006191069,93.41412075244484,102.27334214290472,87.10468551832548,94.12118369080777,99.84919101288932,95.46776590684449,94.3951740531034,101.64394377790099,103.22706418655196,96.73995713782827,91.92215494150211,0.0,93.40901476471493,91.75552902169096,99.60104422822496,94.06854378978996,86.04092598699711,84.88151726889998,78.67479116790898,92.67653215217165,77.68761806944886,93.65684896027138,106.4784253401991,82.2126328061559,94.29418812267264,98.60074005973638,86.47356758507325,88.37867838515315,91.86112034067155,100.98627547706754,99.51179878678255,94.19917766373187,101.21090971204634,89.32957813586114,98.77331314786181,100.17353263543082,87.70062754228967,87.1863735287222,97.22475487011309,99.22565532843349,89.09474297573959,92.09445818497964,99.34650286723162,101.89684669200923,99.74179319374336,73.79716820345914,105.58967016438406,80.47227766702551,94.73751745929718,100.94156726179116,102.26209177384266
