,1610555604.25mOvVXuL01OCiReyVWBfesjuvXmB3MoPy,1610555605.43B6oDsBtWRQ29Q9UMQuTUEPZy3FSSWXzc,1610555610.92HPGJJSmyPM40z7otPBgHalNrHFA7zk5d,1610555606.68LaSQbm9EHAFycEfFtEqAwYqlBsQPjIRW,1610555617.19EKxMEwDHfXiEJZc27TsGoERaD6Da4BZU,1610555722.52PJ3FD50MGhRXyUD28vluU8Z9UjLJLZn4,1610555617.52Ijr5puT55g9apK8auM7zaxa3NANg502t,1610555638.77ZLjTLkz4jYJdFMI2wWBztzsDILkoOtAk,1610556912.46C7tJPLF0XfNnm8f1820X9aLmXMHoc0Dw,1610555617.51LjzIROg0aeCP2GhDcAVQ0LipKJB9jmKc,1610555608.17OpjjHobqRkX0UPcaXrbu7K6L3805SZri,1610555721.82zWeNZfGUUfRJkgnAwlP8VMhPzXctnSd4,1610555735.75bom85BDF0C7W2eIseHeMxi24qR68nzMi,1610555735.77NnT5xqKnwcf2BbjIekeb2arTQj6QMNwk,1610555638.33wjf1PhdNaoWfbRzXVn50hmFyB5bYAiLV,1610555606.65jCE4ig8Pu8kvAzkxnSGfWsV0nQBjCf8H,1610555608.18ONsBCVo1i7BrX0XG9stct4oiA6ejX9Oz,1610555721.51RNoQUMP19FTMS79BmA3JkgSm2IC2AQuQ,1610555971.86O0cHB2ibBJ8jxoObg01EpGe8VVV5mpwn,1610556911.51zU3duZSGpcw1BDNsBLxdOCITAXwl6z3i,1610555988.71dMoYT8250UHHJGxgmITTmbHe7V6gH1yU,1610556042.81mlUZsSp7gbGjrp8jQSnybT1gPy6e62o1,1610555637.02UBW5nKvDyUrKnaWcYRGajZPxTRDS0q3N,1610555619.13oUYNikU4facCTpUSiSLr0vPI0tJLnXiT,1610555721.03nzkucfjAUh31zTbmCVvTVYqtjoxZFnBh,1610555722.67fhKURdXVzRbLIjXmjRwdJHTnE7PWb1AE,1610555638.39J2ZWBLuLTHP0jOlzB4tNHmYeijH5g5YJ,1610556032.17Q6yCDx9g7alRnL9jBFXD2JhhUyB2hKfJ,1610557007.49MyVgDnuUuBxrvL6SGOdhKf69VYlW1MSm,1610555638.44hjT5hbYdKoE3MB6hijrjqbjmLgvCUYKD,1610555608.13zUvmFSCRt6SsLbhqFznMEvGx54GPGQzM,1610556038.62a5C4ynd1AARyAhTv8a58NCqHvXRjscqH,1610555644.45Xse8u7pusHNsd7F3d0A32HXvXr6weOJE,1610556038.62gKXOCG7XCn55eJvyl5voNjbwOW0znQDq,1610555987.13v0oleKK97pkesp6oMgprH8SoSdoDVdIO,1610556964.96ZLLeiQW0qpmxhPGTg7K03fmzkqsC2bjC,1610555987.13VQlEedQ50VvkPMEMzZDv3KNnQCewykN9,1610555982.186TY6MMGkDecIN1woW6vsfAMXVV7jnyjO,1610555982.673LuMndkwkvdmZOn0MmE2Pkidx0FtNalb,1610555733.38zItcuH7gHNfKdALR2d9Nek6bxCyw36Vm,1610556034.15BQxSbZINGCay0yp6RBVlgcPrw76Yn9ON,1610555639.37BPZpgtGml8qUsh9AdV4m32jPLfI2aNFq,1610556965.57S0adAalhWYe6K3bkZU0bRHbqnDK8gGkR,1610555983.54zteLPCMjyrjzPdhHhlZr3faCgD0TfYr3,1610555987.79rHnNRmt9a0ufmnwCvZqBouyUoZDNpylW,1610556960.041xWER61rmArlsKfiMl4frikWmUCnQ7op,1610556035.13a7NHZDutfTMJ88qle1gTYY59Dr4WmMsj,1610556890.456ZBDaY16bMtrTZTqAgHl3wq1tRxzqDow,1610555760.24e6890pkbyZ97Or6croI1rQgjkSsR0yVt,1610556043.02YpWMIJg3W004iqlPyv8OcVAZdSC5rNYw,1610555987.03z05P26TLtONYM1HSzupoc2CeNMa6HTqr,1610556032.15OYCzUxpsz7b10AXBAuDXrvEcvxFhf0M7,1610556032.63Z80yI9pNwS3jSmsDABbuhf8wkNa2Ze9y,1610555736.28eGuESasTXdR3SqY6pHhEXWZtcdciYLCO,1610556034.61bebeZA0MkaFG2sm3VKiqrxeqQginTTW0,1610556944.5XwXOphKYT3ZkWA8gViqOS97VHVuMVUqb,1610556944.745UVLFBzf7fPh4UH37I6tYQOFPqRDytEh,1610556034.63XsUwaFaPZevO1JNFjfhvY4aKNFnV4noV,1610556964.89xwBHw9faT1HjQRMNQEyA4qJ3hWkwgj3k,1610556966.74DydzH91jtyvRyYau47JpVkZoMRSNTt01,1610555740.77UueVziDbaXyRR4OcVJIIZyzOfAzN51bj,1610556046.84e3vwjyRCzqz0wJQhrk8zsxlFfFSv98Df,1610556137.99eoPuVrDThKAOvmeprLPb2FWRqIhzUodc,1610555740.73XFwSrmTXJPlaxGZSefh0jOVA8PI3III1,1610556123.88AOfNaz9jSnqU5Czc7okOv1RCrYfKFBTo,1610556046.85nB7NvyoYQeLcOV391Lmmut1wAM8CFGLw,1610556123.89H4pdIAzDthI7bMXMhlIhKUYIQIvtmPPQ,1610555740.87GOYQUJKpkynIS2lFqppYK4b32ol7NeGh
1610555604.25mOvVXuL01OCiReyVWBfesjuvXmB3MoPy,0.0,104.97523127410943,31.529366931335165,96.95202299801578,72.29660802462693,88.3757627711808,68.1047649943304,34.947355044053424,56.47117112647751,95.23596927452338,107.63773243726068,98.930916130468,111.08162735152342,51.406993882804336,100.79409642631813,93.75268689734989,112.75178636123337,106.84076864076741,75.4444819964538,88.52353617468827,103.54281046853826,109.08945725549592,81.48837259593122,34.07523780403618,96.36511891664078,91.03057755224265,76.46581371379449,99.19733515380256,102.82317369412894,77.60633587002931,88.54548028466702,81.98105670355243,104.80186689114706,99.84872806395167,95.73211545116843,96.36328489141793,95.72277183410235,98.98480831554508,104.5461802175836,96.39382682222212,96.23248721344673,106.92039873798107,96.90960500197355,93.72441715353597,106.674031405479,109.39569506954545,96.86644805355864,84.37711278005568,93.29661412795689,101.89173101404377,87.55407521252789,79.71076288556473,100.30388695986797,108.52260511628606,87.29379784779319,91.4964293987236,92.41290877057848,93.17457494948002,85.17946612555353,89.39597073252884,107.73799502097117,112.27384003942646,98.11249604370589,106.06132604294288,92.32391700850336,112.63225699038142,97.31835545265307,105.87007807868312
1610555605.43B6oDsBtWRQ29Q9UMQuTUEPZy3FSSWXzc,104.97523127410943,0.0,103.78041665756425,74.69835678503951,103.8849157894935,99.21336365529531,98.23497211016763,105.5131622701658,108.78915440342445,101.25680033996903,79.00968326629705,94.29809473065929,98.14877668439487,107.37172810758622,90.98672117097486,95.96357215798689,86.0149848286204,51.597631955157674,100.41987902572842,101.30744459846,101.25460618165641,87.22427473985654,95.14330965893313,105.21159877017566,95.51435883439837,104.06653465075985,104.96431944874051,93.41628848804541,85.06591136910002,87.49885159294733,101.87238026575544,94.63806049098592,99.92949239437807,89.00769669697742,96.12940764353145,97.58682840372384,102.39258394101626,85.50543283003705,73.22587192328515,108.12728821873273,89.76251859350305,89.62453426723961,102.04644443632036,84.61827378556222,68.12839051777158,52.94643068717307,108.56606412403195,107.11184750538514,96.75968224843773,109.87391967254325,98.31650761582947,105.80193643851553,99.48615010981611,84.69760667785175,98.52244440919277,99.46033516346613,96.1044508636363,97.12208646461318,99.94321043950211,91.58299185125571,86.72959769832978,88.23876274899894,92.19155047759479,90.65365124898732,94.16775486392575,88.49376692802733,108.71427421417626,88.31497304072761
1610555610.92HPGJJSmyPM40z7otPBgHalNrHFA7zk5d,31.529366931335165,103.78041665756425,0.0,94.34833813883169,70.97688283796997,87.10571027643508,61.14826452696928,32.557916446920935,56.06383699741489,94.3133461050682,105.5763298952251,98.77948005042846,110.59684811534756,44.85909018641433,99.62220829635106,91.68559576065766,110.82559189236625,105.95767633556241,75.64270523500154,87.58094087655607,102.86351499977891,108.24718741007092,81.24034086866257,31.730437620906926,95.15552545031126,89.30778894054212,74.90389866191968,97.82066297742901,100.50751833105657,74.27603276827067,86.78028746388561,83.0704500507486,104.25582589160912,98.30170305304719,94.84500762583643,94.91405449480726,94.24466150035825,97.43385959205206,103.08257615261445,96.55111841404532,93.43389182757167,105.73334667225483,95.77745160114367,95.12511151763114,105.31658113180734,108.07950212282637,96.0828974315917,84.48966886703951,92.11866587961975,101.09119720419365,87.5318975197483,78.77738696408547,98.93780270033746,107.20845033665408,85.00325101060848,90.59923378192008,91.47064642526234,92.16327864818683,85.23732972866823,87.65256764540682,106.34079425906238,110.63445922615,96.51462312001948,104.68633486907224,90.63688870268777,111.48163196223206,96.8918375605332,104.4642109058205
1610555606.68LaSQbm9EHAFycEfFtEqAwYqlBsQPjIRW,96.95202299801578,74.69835678503951,94.34833813883169,0.0,97.19681462739393,99.16694906613364,92.17276241274094,95.74908904327002,99.9786384863818,104.81250507229701,72.74783913888108,81.67206479763006,109.89229905446958,98.31804502463036,89.81285437474385,88.0640745482391,85.14852614389389,79.8369455361066,93.17992813073703,94.2919475211205,90.0314144508144,88.83439119878149,96.67784701789773,95.9519274571605,98.50543807856515,101.31036227945614,93.60451698160347,85.11336986948105,88.79730716170394,88.99430813221949,94.99878244296896,94.67047932199809,106.97943387286499,95.16871715546625,83.67950098433256,82.45072453816242,91.8975617630509,93.59843080578327,77.97525146864687,96.5708827195826,76.20741709435684,81.78874869775711,88.23274189939313,77.51278355988875,84.9869723300512,82.46415256699483,105.80652620285917,99.48685021123228,100.15776068388733,102.06410602836343,88.30296200195001,95.02343256501757,97.40707473194837,88.02485356255296,89.13969919350839,101.80102931456281,95.85717912253092,87.74712938329988,93.16488763103328,95.3957242953982,90.25629579079808,92.36170600715378,91.86528337699448,92.9640955023105,92.40007905487069,94.65074008533936,97.6196502001211,90.95449853740068
1610555617.19EKxMEwDHfXiEJZc27TsGoERaD6Da4BZU,72.29660802462693,103.8849157894935,70.97688283796997,97.19681462739393,0.0,93.44682265662762,62.375516059054924,72.32164473752012,63.37423690543622,98.5147886984999,102.2165164854241,100.87345548320584,114.73017061257829,74.1397149772858,99.96470596481042,91.49991163026439,107.72791123103028,105.78213702777269,85.04873651171562,91.59389222669711,104.04164744498267,104.84013543179005,62.585341758785134,72.48561515244901,91.17126602532373,94.46149970525767,66.1687239770933,100.98140431713944,103.08057764271564,70.58984572170012,86.01103938419203,70.99617452726835,106.67789547225365,99.2199656577666,95.39376895711499,95.46142060765175,94.92098273349414,95.01042764710493,101.800814823254,101.57741839588529,93.09333848692022,105.612855313624,95.77603564794771,101.35777279672546,103.2198714067224,107.5340051607729,95.2895129653722,89.41959134044515,94.37116026896004,94.39564727604518,95.24077650062486,81.00575660861763,101.389731878341,106.71313763723938,86.46393416926992,80.8379168402756,91.06432910868439,95.89886532421883,92.52454670928478,84.95373167218996,103.61965906533925,109.04955610924752,96.26150162829644,101.31276286768582,91.90783063926267,108.99277894685379,100.0595788409136,101.18503848283507
1610555722.52PJ3FD50MGhRXyUD28vluU8Z9UjLJLZn4,88.3757627711808,99.21336365529531,87.10571027643508,99.16694906613364,93.44682265662762,0.0,86.81693460833259,87.17228291281494,86.6867269291716,110.38329995383833,98.44890274578887,100.29136778924492,116.71186045156982,88.54119522089798,100.6864962048231,102.81160926806491,103.32350309259263,100.12231960707838,59.76992726562549,101.52821011668873,102.46223604534147,99.17633922280245,90.24769405292143,87.12527320070944,93.32203418346224,40.158530653503654,92.25313695032852,99.52082036374394,105.56476654338867,79.97446849903777,102.47116246187957,78.72390006565433,115.87815541427683,108.08572776075684,102.4460384778505,96.89726827258981,103.91011925489717,108.7235966585088,98.97822818471477,100.85391347040522,104.94855833740185,102.79457959037619,103.88070984303864,92.90302406602753,98.10520928317453,96.94628368513452,87.5438071598088,90.1479183073129,109.6193652534345,101.88648971029657,93.22593030092108,85.75555592863881,100.17760399686524,103.43554432000937,101.21575823280472,84.71633142327569,99.33121662987912,96.74016183120277,91.10535336544444,75.07722562562088,98.87732392472478,105.05718426833847,108.4868752027924,94.2618181696731,107.83388127405341,105.36288728084672,101.75096768705635,98.93711724946168
1610555617.52Ijr5puT55g9apK8auM7zaxa3NANg502t,68.1047649943304,98.23497211016763,61.14826452696928,92.17276241274094,62.375516059054924,86.81693460833259,0.0,64.16849150857571,71.8135996717921,100.7565801261643,97.26191993984797,102.00583467977643,113.68337893106664,62.51051817031871,96.46362584049471,96.75284006519156,103.75275523595295,101.58427371389732,77.47841425693916,97.48622185977538,106.46561782563438,99.88979495480432,78.81491640209232,64.40869434361285,93.2746775492187,86.77086429715679,81.35840611855691,99.10147173833849,98.28629953366284,54.24274314478846,92.70527318922086,68.14980885306413,110.22585262853936,102.38581527626803,98.96658374406898,93.5438108208689,100.8396191545448,99.42262397401127,97.77368088760319,100.4638296605175,96.48599470463928,103.96275996327648,98.27596357145781,96.88831179977002,98.33106308644382,102.25219825176839,102.35394503437355,90.71771207577655,96.94127573219143,102.53920863194124,94.95985473219676,82.8247513706045,99.68171412498245,101.81395908223277,92.00186341708834,86.34656517950505,89.78828998180897,100.19184288100097,92.20646129089593,75.17733019178785,100.20384395085648,105.55230889488192,100.59981239441079,96.08030679602872,95.33505353009923,106.10702635632855,101.12134642779844,98.7204704267534
1610555638.77ZLjTLkz4jYJdFMI2wWBztzsDILkoOtAk,34.947355044053424,105.5131622701658,32.557916446920935,95.74908904327002,72.32164473752012,87.17228291281494,64.16849150857571,0.0,56.94449983418675,95.97080456861268,106.34840910775532,98.17351470604021,112.36431093801775,36.74170609653494,99.77307349435166,92.67094466616913,111.35767617265753,106.23796183796867,75.6583620818734,88.3768519719688,102.27013451043972,108.20800863602908,82.73266385863568,27.565083095660125,95.68254474034477,89.29382316840338,77.10144519610024,98.20372677039283,102.31213238895006,76.48381595297944,88.51723936695011,83.12642027847907,105.93113577397395,100.09613934823884,95.11233941057291,94.84005668838998,94.54926421760598,98.97672385522266,104.51335754185794,96.8784475485434,94.2931697052487,105.74464900553647,96.11445348832257,93.97515145854597,105.8595630100708,108.60048362584743,96.66024981860122,84.45764307433534,93.82525584040312,102.53713616181176,86.7672864028394,78.60600074836891,100.54282466769618,108.25436156775886,86.30898251757188,91.39697005807278,91.53441970244018,92.3511954472259,84.40537261848439,88.01895797047435,106.1665717316471,111.52611026770121,98.45120084981329,104.62776508414372,92.56146904366186,111.65543008042037,98.59450196751109,104.02691940936266
1610556912.46C7tJPLF0XfNnm8f1820X9aLmXMHoc0Dw,56.47117112647751,108.78915440342445,56.06383699741489,99.9786384863818,63.37423690543622,86.6867269291716,71.8135996717921,56.94449983418675,0.0,99.85039984571821,107.80888421276387,98.79363674883814,115.16084346242722,62.15954693674415,99.79365389314336,95.14124447788876,112.56979148401871,107.23178603751387,69.70598037493625,90.85113432258613,101.06185216582126,108.37501297702919,81.85870205515765,55.928936552939426,96.67528806913644,87.76569186037605,74.70497563761639,99.01995855741444,105.11562569020899,80.47682477012903,91.5348183107303,82.05684016365804,108.73387415834509,101.22020353634244,96.97691955826168,96.23849268486298,96.1138907247151,101.30496912047826,107.42136626336521,100.99908520399103,97.2671127669437,105.535801039547,96.09843622663169,96.91261780778532,107.30357861871886,110.122551097816,92.9868909081439,86.13612522229656,98.28178814133562,98.76431912460967,88.67941175809838,81.81311607654679,102.49055806261472,110.37106682121315,91.29769200598439,90.80560463222018,95.79045329112166,94.39690474478249,86.38414861336796,88.42841668193834,106.46130904218175,112.4437810309706,100.65574137515748,104.99333745950553,95.82735155849934,111.72901092543081,101.33995613499752,104.67431102939702
1610555617.51LjzIROg0aeCP2GhDcAVQ0LipKJB9jmKc,95.23596927452338,101.25680033996903,94.3133461050682,104.81250507229701,98.5147886984999,110.38329995383833,100.7565801261643,95.97080456861268,99.85039984571821,0.0,114.44757584530225,110.70493007727868,71.79073222583116,99.4860345493144,112.7428794644629,100.21769492468736,119.89096396696931,110.04711832314324,109.72764924848043,97.57718475283268,114.64650386917943,119.87646905137073,95.28033735822574,95.45866532941618,103.378357109779,113.58483257059113,97.23909147880792,110.87970746881331,103.27385070588272,99.36208290919002,95.3345627356701,105.59573750624276,50.87711212097636,99.05337194630438,104.43639711273883,110.85640104737388,102.67449142545772,96.93878596041444,99.86113743420972,106.53326542070634,104.37701664181972,116.10864886253893,106.6846986398018,109.5735290882839,111.98293176616936,111.2013392919394,107.58142137247384,100.45885770062547,56.986107405463144,112.0593652684503,103.85583754458915,102.7314622811112,100.25846299377277,115.07370569762091,96.45214871457355,106.45872597337248,106.92640240684206,102.18557277787754,102.66984534871528,108.37604585760984,115.79030484882892,117.84415178269488,91.14203798805052,116.93738808584686,79.80550448185063,120.42169853628802,111.47456685949967,114.52849313853513
1610555608.17OpjjHobqRkX0UPcaXrbu7K6L3805SZri,107.63773243726068,79.00968326629705,105.5763298952251,72.74783913888108,102.2165164854241,98.44890274578887,97.26191993984797,106.34840910775532,107.80888421276387,114.44757584530225,0.0,89.56499479160237,116.80603060109783,107.346352837113,87.18227352982085,93.01435357199706,57.86987191310196,80.35710228588944,98.45891387258797,105.10909487329303,92.04706020392565,83.32903080097579,99.96583978567197,106.52855220225761,91.08803565144589,98.75176373442558,105.44233667794809,89.54565634845964,91.00018158580231,94.68143322159784,104.67794987328942,93.70240725644896,116.109341478254,102.12642408423879,91.03960253145537,85.46861615384093,98.92444035199306,99.43517166461854,85.89059289843574,102.93660840585409,89.42979630443456,75.93157411302967,93.49908581745744,90.2028185606956,80.0067576228075,70.59056289288448,107.38903606999578,104.4309211021883,110.19227367135485,102.4231651275222,98.30360854527746,102.4039069223992,100.15382751354892,84.71284496412888,101.76046767141571,95.30180584297726,90.66422327255141,97.78802381531958,101.967478547793,89.23895619524224,86.34240932900413,82.90395103873998,100.40138870616174,84.0110367107507,102.65208853548032,82.57094474293626,102.73946346459728,89.13791532588733
1610555721.82zWeNZfGUUfRJkgnAwlP8VMhPzXctnSd4,98.930916130468,94.29809473065929,98.77948005042846,81.67206479763006,100.87345548320584,100.29136778924492,102.00583467977643,98.17351470604021,98.79363674883814,110.70493007727868,89.56499479160237,0.0,119.54360203828752,100.08252966352659,93.93500170588052,82.38501523169624,95.47536762529614,82.39538986402293,99.01076035474608,87.28465429408065,50.701232278936594,76.65365048545617,101.06242079351343,98.08963769751925,97.48291484995875,101.49577134825948,101.39231047305623,69.20428309561774,88.75663892913992,100.62485262725367,102.33703649485513,103.02874874374287,112.59724069770633,91.36184685213784,74.75963966509997,76.74384934277343,90.79252646647049,93.32506862820995,93.34929797887986,99.04344712553767,85.83152188773819,78.08865676345184,93.8333277517787,77.14036518126477,93.3044146878847,92.68205578415207,95.7819477345471,93.22158378851115,105.04807014833047,102.05838248356238,61.566901259493136,92.12437523790862,103.12796071429237,93.44042416588599,90.93452589085919,100.86888037432296,95.3263161676648,74.07484923140056,76.7659289675236,99.05992029792083,93.33303686381117,97.65681490938846,91.32646835357068,97.57486103116615,94.35855591055777,95.2075549393272,100.65023084629406,91.76129047656408
1610555735.75bom85BDF0C7W2eIseHeMxi24qR68nzMi,111.08162735152342,98.14877668439487,110.59684811534756,109.89229905446958,114.73017061257829,116.71186045156982,113.68337893106664,112.36431093801775,115.16084346242722,71.79073222583116,116.80603060109783,119.54360203828752,0.0,116.06841463441121,114.49433543556033,112.75845364403132,121.91044334506223,108.38677081622087,117.75321776873774,108.81032982622621,124.0972096392585,123.02479630862665,110.25966445068781,111.77770386145671,116.65383207682541,120.53621002346144,113.15582891520997,119.47455656559531,106.50631101557906,110.08245005055382,105.80929112605502,114.23276421720331,51.93089630997843,103.04829085398325,115.07489182254464,119.64150465311008,113.96580286009495,102.58959839805651,107.12181565411001,112.55039946283699,112.40465488948276,120.42653997747989,116.13761342146933,114.04558990719146,112.45024223419507,109.28475390886504,118.08578645443846,116.52006685425577,91.6366296567436,119.58373884557695,117.18945338544096,116.53824051097493,104.90002884213605,114.56248926312456,110.39143751507511,117.06855837764608,118.80149569240659,116.47037318977327,115.63793572071518,117.2364944854474,117.76917126514145,118.01680947040163,100.28352157053871,121.925387108893,102.09581137738516,119.65317130082107,118.46913523124903,117.18712414542762
1610555735.77NnT5xqKnwcf2BbjIekeb2arTQj6QMNwk,51.406993882804336,107.37172810758622,44.85909018641433,98.31804502463036,74.1397149772858,88.54119522089798,62.51051817031871,36.74170609653494,62.15954693674415,99.4860345493144,107.346352837113,100.08252966352659,116.06841463441121,0.0,100.47032244672775,95.16009888058024,112.06484558554762,107.58429817766685,78.93158921508576,92.15567938071017,104.06781258638135,108.3544727521987,85.66709539951616,42.50732376486532,96.81868483216188,89.9023189954225,81.1719073757443,100.01350125410332,104.82859850788576,77.22222269438852,91.95490773038844,85.56582655066347,109.62999991314263,103.17755592265507,97.85228473938578,96.6303187613043,96.73522248847422,101.51910558650759,106.60640130852546,99.82054312398876,97.14865406993479,107.61412501371115,98.23413474365388,98.35604558152014,106.54040906909037,109.37114141207924,99.52003096837805,87.29303700513896,97.1990619766654,106.43903326786098,88.93754338359922,81.21909621396439,103.8661942768655,110.3842828682082,89.0509575879245,93.20266938220966,93.11178863669585,94.6945181826911,86.8522496006813,88.11901534400621,106.8134503358953,112.68813143343233,102.24038848230317,104.96504468930404,95.84688751100865,112.24133434518014,102.97303066352141,105.17372507036654
1610555638.33wjf1PhdNaoWfbRzXVn50hmFyB5bYAiLV,100.79409642631813,90.98672117097486,99.62220829635106,89.81285437474385,99.96470596481042,100.6864962048231,96.46362584049471,99.77307349435166,99.79365389314336,112.7428794644629,87.18227352982085,93.93500170588052,114.49433543556033,100.47032244672775,0.0,94.48732391041128,91.96333344425922,88.91659984101724,97.1023487482568,102.2707813225278,95.74862823061162,90.70919808834181,99.56735224364948,99.49507621355139,98.75750824840841,100.00715158687157,100.39982462053531,99.96929399240084,88.67263530200638,95.41927894447463,94.98502811882153,94.82812234403472,113.38354948554263,107.62024136536468,86.05830899334212,86.09805042135997,89.26816967361647,103.83429705780179,96.05019148934916,98.26008725870719,79.2058371964066,94.54735021955806,77.6891118092549,94.13652511965905,78.87011372907526,88.22078347217376,100.93117936320847,99.59442049835667,112.81268272361963,102.31529697998252,95.98009133891274,94.10530026007083,111.6564480968419,89.84746361769977,95.38647784653068,98.02292958257756,86.88905943574949,97.38451477969973,101.3019096557583,91.75695279602742,100.06133509450025,92.07786857982188,103.88159924539524,98.22427805197638,106.75749011284073,88.9788063652254,102.97773456189356,100.87328011691494
1610555606.65jCE4ig8Pu8kvAzkxnSGfWsV0nQBjCf8H,93.75268689734989,95.96357215798689,91.68559576065766,88.0640745482391,91.49991163026439,102.81160926806491,96.75284006519156,92.67094466616913,95.14124447788876,100.21769492468736,93.01435357199706,82.38501523169624,112.75845364403132,95.16009888058024,94.48732391041128,0.0,99.9543879183235,100.36237958477693,102.59070623088506,73.92298744872156,88.06430285896828,101.90247683320676,89.21951962067504,92.63082774389919,94.44558673889013,105.30884540289523,88.70377044381918,85.02088468553666,82.50026375570243,96.90042103897969,80.24698567343331,100.23700506933274,101.55987673678509,72.16044473669055,63.60049960871314,75.84598474313452,75.44728819455102,67.0431401690075,96.12619938946654,98.66371443374685,80.76110048062843,95.25046490817834,91.56983880893615,92.19836605978854,94.96420600661672,101.18532956267308,92.12008923074468,88.28582702372623,92.8484973187142,94.07574741847506,79.66804749696442,94.31120148821054,93.0375372855853,97.21456225941341,73.49685268171592,97.1777088759474,94.84733909399003,73.30051082496932,84.99399828880604,100.65414073070127,96.7060422253798,101.42934771312889,71.73183111566306,100.07027179548648,81.61252254471754,100.01990644358709,93.22990108158052,94.9018002664117
1610555608.18ONsBCVo1i7BrX0XG9stct4oiA6ejX9Oz,112.75178636123337,86.0149848286204,110.82559189236625,85.14852614389389,107.72791123103028,103.32350309259263,103.75275523595295,111.35767617265753,112.56979148401871,119.89096396696931,57.86987191310196,95.47536762529614,121.91044334506223,112.06484558554762,91.96333344425922,99.9543879183235,0.0,84.77767256367014,104.24910614280931,111.27775294492585,96.2339831118261,86.71434077288099,105.4423425875074,111.55321289559052,94.56019486761507,101.31527160388238,111.49605995690887,94.94506978131962,95.52615627927341,101.86562093993653,110.97988162276852,99.5946298699316,121.26671089479012,107.3562286494902,96.93033278645072,89.19310707650423,104.82228252355384,104.024970299979,89.2212471692051,107.91594508508605,97.2838326970615,80.32229701583051,99.76192184676454,94.95564542863731,83.77973158739373,76.72197506056966,111.51310678209069,109.91432016392466,115.38311617939814,107.25433205031763,103.97681571171263,107.46893494311678,104.36213434190175,86.04039048268695,108.27398847227374,99.89921964000533,93.00687378530768,103.45718478036488,107.54299950396141,93.9294748646601,87.04911339651419,83.04949846450427,106.32615972648922,81.32082093493538,108.4772484964002,82.54948133899002,108.23302454830757,90.47127057532464
1610555721.51RNoQUMP19FTMS79BmA3JkgSm2IC2AQuQ,106.84076864076741,51.597631955157674,105.95767633556241,79.8369455361066,105.78213702777269,100.12231960707838,101.58427371389732,106.23796183796867,107.23178603751387,110.04711832314324,80.35710228588944,82.39538986402293,108.38677081622087,107.58429817766685,88.91659984101724,100.36237958477693,84.77767256367014,0.0,99.28441537407474,104.76440122893115,90.10427273173644,78.44128386010678,102.16359783032455,105.8099883913731,97.7661667078539,103.22739798227698,107.9709781993069,90.04991967870852,91.6523481773075,95.02380298004037,107.33385087141565,99.05437453062925,109.72870593465919,97.57966261959122,98.47693655809181,94.1590747895712,104.89139456964338,96.33864641771689,83.05384388635768,107.14562459359846,91.7136964845613,85.93633991523254,100.25341541703312,84.38006059901085,72.0479534144348,57.841639406477235,106.5930933686265,105.95069471887912,106.37648586825584,108.98087483100134,91.907489869729,106.0173373901201,104.4299165805318,86.7938256704808,104.8077316549574,102.6105482267411,95.58406603264585,99.57185770268322,95.84601470145637,92.48359428706017,84.68587567090712,86.14213494932373,99.74849481104337,87.78386995758024,101.6167941358787,84.88760509450061,108.83038711499674,85.80024280716667
1610555971.86O0cHB2ibBJ8jxoObg01EpGe8VVV5mpwn,75.4444819964538,100.41987902572842,75.64270523500154,93.17992813073703,85.04873651171562,59.76992726562549,77.47841425693916,75.6583620818734,69.70598037493625,109.72764924848043,98.45891387258797,99.01076035474608,117.75321776873774,78.93158921508576,97.1023487482568,102.59070623088506,104.24910614280931,99.28441537407474,0.0,101.71328698648296,102.42789903479247,96.80576106475952,91.59532856302894,75.43690374641736,95.78387923059078,68.95689547974526,86.88680645739893,98.30420098836801,105.93424196881965,74.19833083496084,101.32383865962579,74.55742628118698,116.89248543391862,108.22153947637084,101.77356703111879,96.98998355027781,103.37176084572393,108.93490048217689,101.18590490292006,96.71936723615731,101.99115741283548,102.76346592787044,99.66207893461056,90.96556426103913,98.89121255964344,100.02258891543438,95.6178675631326,87.95530520623167,108.06541393902111,101.24282676216163,92.21028214893035,81.21826324370592,102.37703458949292,105.34777378134923,100.69640454483388,92.4028389670174,97.73235162441661,98.41554649595093,90.5295129783632,75.53965608044562,98.86731729646658,106.12378528270497,108.84910572677946,95.11882563676217,106.08881126193921,104.87889791146378,97.85991929747067,98.23857778496951
1610556911.51zU3duZSGpcw1BDNsBLxdOCITAXwl6z3i,88.52353617468827,101.30744459846,87.58094087655607,94.2919475211205,91.59389222669711,101.52821011668873,97.48622185977538,88.3768519719688,90.85113432258613,97.57718475283268,105.10909487329303,87.28465429408065,108.81032982622621,92.15567938071017,102.2707813225278,73.92298744872156,111.27775294492585,104.76440122893115,101.71328698648296,0.0,92.09106984736256,106.19200198629089,90.00445568806046,88.61024269553548,99.9972472548472,103.7945402917965,87.52028550863623,92.03727845746926,95.5903840981258,98.23791718789839,86.60624715418119,100.13549020428147,97.76041848506983,83.34974218104989,80.34099930622754,87.97268410753323,77.70917397326758,84.79857648985919,104.22080892107151,104.76507668880264,86.27029379436784,101.88439067430393,96.31585325524064,92.46647236681599,99.19452353899366,107.14209650340216,94.02967181129586,87.91879602949422,93.79939934244922,102.15115486424101,83.60391441427791,95.14994650406689,102.18266073776039,104.28634936106292,74.82209632934259,99.63345659315854,96.85393991151302,76.25149637509885,86.69102551919788,103.01373285531847,107.29719474710255,108.33720370336638,79.43618648352978,109.80683472685145,81.42334703713166,110.02557726258517,99.24765722975711,104.92097512129227
1610555988.71dMoYT8250UHHJGxgmITTmbHe7V6gH1yU,103.54281046853826,101.25460618165641,102.86351499977891,90.0314144508144,104.04164744498267,102.46223604534147,106.46561782563438,102.27013451043972,101.06185216582126,114.64650386917943,92.04706020392565,50.701232278936594,124.0972096392585,104.06781258638135,95.74862823061162,88.06430285896828,96.2339831118261,90.10427273173644,102.42789903479247,92.09106984736256,0.0,83.59068807005886,104.02738865632456,102.16231880738717,99.79181304393406,102.71433269755184,104.4838443981869,74.22355028734233,94.87240961794,105.75447147695282,105.12294521620007,106.11242920297335,116.91153151956577,97.57401210895952,76.14983220096168,80.08091259996445,93.24042124148755,98.39394514144414,99.08822551499942,104.52653651159076,88.45227324303363,80.3628799352878,95.48002771186201,83.75529716757057,95.28534281412816,95.57567095098238,96.1647696922932,97.69240597843965,109.5206542495025,105.67875114962746,74.22152960423298,95.82960141969494,105.46218866661249,97.13818515793473,95.26527448731716,102.75018300224339,97.42398172094428,75.79015920843125,84.75695777610001,102.2864433513939,96.04121672518791,100.67712050630129,97.50306479399747,99.30207467644385,100.01753673502432,98.25428858546948,104.99005141757215,95.19465305049454
1610556042.81mlUZsSp7gbGjrp8jQSnybT1gPy6e62o1,109.08945725549592,87.22427473985654,108.24718741007092,88.83439119878149,104.84013543179005,99.17633922280245,99.88979495480432,108.20800863602908,108.37501297702919,119.87646905137073,83.32903080097579,76.65365048545617,123.02479630862665,108.3544727521987,90.70919808834181,101.90247683320676,86.71434077288099,78.44128386010678,96.80576106475952,106.19200198629089,83.59068807005886,0.0,101.28713823043624,108.0674524729148,97.82559836853343,99.17215781189266,110.39866413919938,85.7955406242907,97.43432313007708,93.11130934693159,114.09175950241588,91.41350500715069,121.62629110727832,105.36908447784948,94.98397292079544,89.69681887755381,106.77527077651773,103.96993663447176,94.01347410909244,106.88080899356564,100.15076401373047,81.09158827965241,101.94484334821855,90.87681547741977,82.81163936704199,83.02603157790372,107.69801295941907,104.7648213213437,112.82756046386753,105.1167167119661,92.80539619769323,102.07680971758717,109.52581869362655,91.7903161050162,109.22080120002668,98.9286602660346,94.16564418166901,95.59650785059317,99.01615764926298,82.65302888561021,82.59382754067951,91.24600891515901,105.07110408667977,85.21253331263668,105.56472593739409,82.8475883853029,105.86748092617222,83.67216480875831
1610555637.02UBW5nKvDyUrKnaWcYRGajZPxTRDS0q3N,81.48837259593122,95.14330965893313,81.24034086866257,96.67784701789773,62.585341758785134,90.24769405292143,78.81491640209232,82.73266385863568,81.85870205515765,95.28033735822574,99.96583978567197,101.06242079351343,110.25966445068781,85.66709539951616,99.56735224364948,89.21951962067504,105.4423425875074,102.16359783032455,91.59532856302894,90.00445568806046,104.02738865632456,101.28713823043624,0.0,82.33450097602953,82.43909872613477,93.89258681690255,64.49039546378995,102.28713952408668,98.80438342826486,67.82113535720671,80.39804500668842,69.80806022619778,100.82233235110418,94.89883505714964,92.46355934867506,94.71547383565296,91.7207461724918,86.7643441654762,92.90785054332603,102.40768592966934,92.4270569423474,104.89445897990471,95.62022806140524,102.09135997073908,98.29250448729157,100.179761949168,90.5505144695205,88.36960094183458,87.96090037696504,92.32508484240203,97.27928047683969,80.08995290948522,99.48487805596271,102.20256231236247,82.4544797192181,62.78963880922731,90.9921148053817,92.68025079637744,94.62006210039992,78.58594878605011,102.085500290645,107.04457466756655,88.57450410714284,98.90318329127942,86.61803282727686,105.84214254157267,98.26835775215041,102.39685427326945
1610555619.13oUYNikU4facCTpUSiSLr0vPI0tJLnXiT,34.07523780403618,105.21159877017566,31.730437620906926,95.9519274571605,72.48561515244901,87.12527320070944,64.40869434361285,27.565083095660125,55.928936552939426,95.45866532941618,106.52855220225761,98.08963769751925,111.77770386145671,42.50732376486532,99.49507621355139,92.63082774389919,111.55321289559052,105.8099883913731,75.43690374641736,88.61024269553548,102.16231880738717,108.0674524729148,82.33450097602953,0.0,95.49192232275618,89.38170307693385,77.02111469332421,98.30984482650577,102.3048403574887,76.27917928803674,88.29427276999144,83.18408996322337,105.35512860651599,99.82871827349288,94.82344994157266,94.90196066488784,94.28679473393767,98.67749002007733,104.22947445587435,97.0409793900524,94.81259883823867,105.71989530508246,95.64092923024332,94.64313236039219,105.99097729479752,108.53885703201318,96.08753985342645,84.06098060195544,93.3724701804796,102.82338186744259,85.88409464255366,78.99587271942481,100.3489774843365,108.1356611463376,86.21043816325547,91.16707975707455,91.74080678257013,92.12280791642239,84.18197171300451,87.80297632537247,106.48754506663165,111.69947572163674,97.94581163990718,104.76013924680309,92.17838310574533,111.75120529974527,98.62403561947971,104.57010426956617
1610555721.03nzkucfjAUh31zTbmCVvTVYqtjoxZFnBh,96.36511891664078,95.51435883439837,95.15552545031126,98.50543807856515,91.17126602532373,93.32203418346224,93.2746775492187,95.68254474034477,96.67528806913644,103.378357109779,91.08803565144589,97.48291484995875,116.65383207682541,96.81868483216188,98.75750824840841,94.44558673889013,94.56019486761507,97.7661667078539,95.78387923059078,99.9972472548472,99.79181304393406,97.82559836853343,82.43909872613477,95.49192232275618,0.0,95.31501515795674,95.78722963279792,95.34206958509309,102.45050271645383,88.18631497691506,98.37005663278687,86.52051897114455,110.10821757545277,100.00187529762209,94.20326521083727,93.35969777866833,97.50781145281107,93.88242164602966,80.97646778325172,97.55575718082339,101.10227323660924,97.40550429734587,94.77442985197325,100.22267367603258,95.58478509796068,87.04628863844756,96.84975174085234,85.59947010977672,96.61005858536083,99.9445837705308,95.02034430730073,89.98678255605324,94.54792357213617,99.5167044197535,96.87450115467719,75.32710920183841,78.89935642479097,95.55986011409836,93.11549146182067,76.35792411560286,92.48183194584738,98.06310954631856,97.69565153119862,87.53796189859894,94.86965626062695,98.26697583412638,97.30048516732397,94.49565011441044
1610555722.67fhKURdXVzRbLIjXmjRwdJHTnE7PWb1AE,91.03057755224265,104.06653465075985,89.30778894054212,101.31036227945614,94.46149970525767,40.158530653503654,86.77086429715679,89.29382316840338,87.76569186037605,113.58483257059113,98.75176373442558,101.49577134825948,120.53621002346144,89.9023189954225,100.00715158687157,105.30884540289523,101.31527160388238,103.22739798227698,68.95689547974526,103.7945402917965,102.71433269755184,99.17215781189266,93.89258681690255,89.38170307693385,95.31501515795674,0.0,95.94361384908572,100.322614336884,106.53740932086536,84.1067082209061,105.82154522497089,80.93320231311641,119.07782510253722,110.56784411307895,104.45631049599208,96.38551426922062,105.7917277477932,111.43021092668283,101.27410848504206,102.47323524961136,107.37365841119501,101.65890480098494,103.65937513694905,94.47995004879822,99.4754152733953,99.3278442561479,90.28784225546825,92.5738138186358,112.71239029164626,103.26010580536574,95.3880833868311,88.64571190472675,102.32573042571973,104.35777882932454,104.3643527264347,86.75097562868392,99.50690678402712,99.66510344882836,93.56880519888317,76.18309797247774,99.01275345724886,105.69338883960154,111.36664061892795,93.1598143111648,110.51187424551809,104.60187400794186,104.23774870343509,99.66828534487493
1610555638.39J2ZWBLuLTHP0jOlzB4tNHmYeijH5g5YJ,76.46581371379449,104.96431944874051,74.90389866191968,93.60451698160347,66.1687239770933,92.25313695032852,81.35840611855691,77.10144519610024,74.70497563761639,97.23909147880792,105.44233667794809,101.39231047305623,113.15582891520997,81.1719073757443,100.39982462053531,88.70377044381918,111.49605995690887,107.9709781993069,86.88680645739893,87.52028550863623,104.4838443981869,110.39866413919938,64.49039546378995,77.02111469332421,95.78722963279792,95.94361384908572,0.0,103.86995817763012,103.01613980418236,79.88033120652857,73.72032814756457,82.22967380359795,104.72800118624694,99.21846259999705,93.40327200856605,95.13292758449887,89.79183817642635,96.49143131614254,103.80102309086429,96.68635453565051,86.13934936573186,108.02800162034337,92.87780814561873,102.78346664749598,105.11363502987084,109.59386679152934,90.4022854489886,85.55482670537666,94.25308158650974,84.33686152428604,93.98677341185483,72.97396902312533,101.24931346531024,108.66817105236224,81.3129266718726,84.56896928968432,98.82049058148328,91.76864209269056,91.95071024922102,91.12129428745084,108.30595046220542,110.94843717788436,93.3593666400475,106.21420869754851,91.27690643044673,112.78856842860253,88.01423065909754,107.68303291779128
1610556032.17Q6yCDx9g7alRnL9jBFXD2JhhUyB2hKfJ,99.19733515380256,93.41628848804541,97.82066297742901,85.11336986948105,100.98140431713944,99.52082036374394,99.10147173833849,98.20372677039283,99.01995855741444,110.87970746881331,89.54565634845964,69.20428309561774,119.47455656559531,100.01350125410332,99.96929399240084,85.02088468553666,94.94506978131962,90.04991967870852,98.30420098836801,92.03727845746926,74.22355028734233,85.7955406242907,102.28713952408668,98.30984482650577,95.34206958509309,100.322614336884,103.86995817763012,0.0,92.00833906383413,100.15263743612662,105.7540708800641,102.02086825543532,113.49390304690738,84.41694421839951,86.22641571803634,82.32071323070333,97.15276307664398,89.77504423882733,92.81470829912621,97.75195359063572,96.181647362479,77.46674364081309,96.21259008490075,76.47066072242076,95.07712982933332,90.87919784780215,97.23038377444247,96.14458724362142,105.6014572225407,102.29607788283933,74.05195574820881,97.52909292557149,94.345675238921,94.3510104215613,97.3859451352455,102.09076486703134,92.3674513367846,76.38631998096098,76.39822928798574,98.22582178520669,87.15412984326915,97.93918310803632,93.8538250487486,90.88413644884223,95.51630141276706,93.16390602570758,101.95121924931406,84.73885877744605
