,1610555604.25mOvVXuL01OCiReyVWBfesjuvXmB3MoPy,1610555605.43B6oDsBtWRQ29Q9UMQuTUEPZy3FSSWXzc,1610555610.92HPGJJSmyPM40z7otPBgHalNrHFA7zk5d,1610555606.68LaSQbm9EHAFycEfFtEqAwYqlBsQPjIRW,1610555617.19EKxMEwDHfXiEJZc27TsGoERaD6Da4BZU,1610555722.52PJ3FD50MGhRXyUD28vluU8Z9UjLJLZn4,1610555617.52Ijr5puT55g9apK8auM7zaxa3NANg502t,1610555638.77ZLjTLkz4jYJdFMI2wWBztzsDILkoOtAk,1610556912.46C7tJPLF0XfNnm8f1820X9aLmXMHoc0Dw,1610555617.51LjzIROg0aeCP2GhDcAVQ0LipKJB9jmKc,1610555608.17OpjjHobqRkX0UPcaXrbu7K6L3805SZri,1610555721.82zWeNZfGUUfRJkgnAwlP8VMhPzXctnSd4,1610555735.75bom85BDF0C7W2eIseHeMxi24qR68nzMi,1610555735.77NnT5xqKnwcf2BbjIekeb2arTQj6QMNwk,1610555638.33wjf1PhdNaoWfbRzXVn50hmFyB5bYAiLV,1610555606.65jCE4ig8Pu8kvAzkxnSGfWsV0nQBjCf8H,1610555608.18ONsBCVo1i7BrX0XG9stct4oiA6ejX9Oz,1610555721.51RNoQUMP19FTMS79BmA3JkgSm2IC2AQuQ,1610555971.86O0cHB2ibBJ8jxoObg01EpGe8VVV5mpwn,1610556911.51zU3duZSGpcw1BDNsBLxdOCITAXwl6z3i,1610555988.71dMoYT8250UHHJGxgmITTmbHe7V6gH1yU,1610556042.81mlUZsSp7gbGjrp8jQSnybT1gPy6e62o1,1610555637.02UBW5nKvDyUrKnaWcYRGajZPxTRDS0q3N,1610555619.13oUYNikU4facCTpUSiSLr0vPI0tJLnXiT,1610555721.03nzkucfjAUh31zTbmCVvTVYqtjoxZFnBh,1610555722.67fhKURdXVzRbLIjXmjRwdJHTnE7PWb1AE,1610555638.39J2ZWBLuLTHP0jOlzB4tNHmYeijH5g5YJ,1610556032.17Q6yCDx9g7alRnL9jBFXD2JhhUyB2hKfJ,1610557007.49MyVgDnuUuBxrvL6SGOdhKf69VYlW1MSm,1610555638.44hjT5hbYdKoE3MB6hijrjqbjmLgvCUYKD,1610555608.13zUvmFSCRt6SsLbhqFznMEvGx54GPGQzM,1610556038.62a5C4ynd1AARyAhTv8a58NCqHvXRjscqH,1610555644.45Xse8u7pusHNsd7F3d0A32HXvXr6weOJE,1610556038.62gKXOCG7XCn55eJvyl5voNjbwOW0znQDq,1610555987.13v0oleKK97pkesp6oMgprH8SoSdoDVdIO,1610556964.96ZLLeiQW0qpmxhPGTg7K03fmzkqsC2bjC,1610555987.13VQlEedQ50VvkPMEMzZDv3KNnQCewykN9,1610555982.186TY6MMGkDecIN1woW6vsfAMXVV7jnyjO,1610555982.673LuMndkwkvdmZOn0MmE2Pkidx0FtNalb,1610555733.38zItcuH7gHNfKdALR2d9Nek6bxCyw36Vm,1610556034.15BQxSbZINGCay0yp6RBVlgcPrw76Yn9ON,1610555639.37BPZpgtGml8qUsh9AdV4m32jPLfI2aNFq,1610556965.57S0adAalhWYe6K3bkZU0bRHbqnDK8gGkR,1610555983.54zteLPCMjyrjzPdhHhlZr3faCgD0TfYr3,1610555987.79rHnNRmt9a0ufmnwCvZqBouyUoZDNpylW,1610556960.041xWER61rmArlsKfiMl4frikWmUCnQ7op,1610556035.13a7NHZDutfTMJ88qle1gTYY59Dr4WmMsj,1610556890.456ZBDaY16bMtrTZTqAgHl3wq1tRxzqDow,1610555760.24e6890pkbyZ97Or6croI1rQgjkSsR0yVt,1610556043.02YpWMIJg3W004iqlPyv8OcVAZdSC5rNYw,1610555987.03z05P26TLtONYM1HSzupoc2CeNMa6HTqr,1610556032.15OYCzUxpsz7b10AXBAuDXrvEcvxFhf0M7,1610556032.63Z80yI9pNwS3jSmsDABbuhf8wkNa2Ze9y,1610555736.28eGuESasTXdR3SqY6pHhEXWZtcdciYLCO,1610556034.61bebeZA0MkaFG2sm3VKiqrxeqQginTTW0,1610556944.5XwXOphKYT3ZkWA8gViqOS97VHVuMVUqb,1610556944.745UVLFBzf7fPh4UH37I6tYQOFPqRDytEh,1610556034.63XsUwaFaPZevO1JNFjfhvY4aKNFnV4noV,1610556964.89xwBHw9faT1HjQRMNQEyA4qJ3hWkwgj3k,1610556966.74DydzH91jtyvRyYau47JpVkZoMRSNTt01,1610555740.77UueVziDbaXyRR4OcVJIIZyzOfAzN51bj,1610556046.84e3vwjyRCzqz0wJQhrk8zsxlFfFSv98Df,1610556137.99eoPuVrDThKAOvmeprLPb2FWRqIhzUodc,1610555740.73XFwSrmTXJPlaxGZSefh0jOVA8PI3III1,1610556123.88AOfNaz9jSnqU5Czc7okOv1RCrYfKFBTo,1610556046.85nB7NvyoYQeLcOV391Lmmut1wAM8CFGLw,1610556123.89H4pdIAzDthI7bMXMhlIhKUYIQIvtmPPQ,1610555740.87GOYQUJKpkynIS2lFqppYK4b32ol7NeGh
1610555604.25mOvVXuL01OCiReyVWBfesjuvXmB3MoPy,0.0,723.2464994542494,361.979526306758,659.4076531883838,516.4027724382044,606.8343861042795,600.2754253318318,430.3121606302355,445.72863257971846,618.2478364606757,699.2916111501097,696.4213727936274,731.0239833176474,543.9901087645895,684.3000907547946,632.6866780830295,740.04603866971,714.069303839959,550.8193839819486,591.6015152317029,684.4353119864878,724.1985187509083,559.0989154662691,420.47988455930044,645.6408027549728,619.6260590002287,542.6730604629172,685.9356925421783,690.5414205748936,611.7345730006899,626.9557656841688,594.4461060751067,667.912830778082,667.21756957227,645.200913200171,656.4286273329908,650.5367201051033,649.8948207612767,687.3904756130557,665.6370502764014,671.9856478389621,720.2326433629355,667.132844159121,649.9720292360928,699.7181525375336,717.414093646739,664.2894947863937,573.6394590926064,651.7859903628829,688.4855550280602,632.9786182263373,605.7904119317504,679.6784549746906,725.8043694609134,630.1048970483888,614.3667422161506,624.442291141524,660.6759047745606,616.7116608739599,645.6077158014925,707.2599203503847,741.8400204293575,697.2841917864874,703.725930267006,656.8046897887505,741.6399029230103,647.710021483689,704.6026757355945
1610555605.43B6oDsBtWRQ29Q9UMQuTUEPZy3FSSWXzc,723.2464994542494,0.0,731.4826243560965,558.5326612509471,687.2319818583646,685.0778065210981,692.9990287716289,747.4317084084224,719.2864150285003,716.5416725720551,602.1886001119943,639.89201339096,725.8557882499479,750.4466732123352,578.7705188432102,638.6316481036781,650.089979733255,391.8045022015214,683.7070971644058,720.3189880374065,687.1537777545609,606.493662467174,677.1285209022047,735.8456392077406,639.40958495039,714.7897018427533,733.6711977034216,650.4989095327329,617.3943443547756,663.4397425363965,678.536899448011,703.2362444842274,711.4970687593616,667.9710842077686,645.4427641402755,657.4951345362213,675.6097626499605,602.7511783974194,502.1377325347292,702.4465146108563,653.5310228078736,629.4682182470602,690.0937897175506,601.1329296301476,505.0580711956664,487.02374045101385,725.9623831933152,718.2326765909876,730.8598487056497,774.5821224703417,679.5761382805426,722.0412913574557,668.5167048680461,590.0346588967969,688.8782080727349,674.0590615554992,657.4912883110376,704.6674007772197,689.6375294245996,633.7219731107956,623.9689264324372,604.7993997186878,733.195930277691,618.9153241406519,725.5345130336038,621.7126848794458,752.5237773078707,632.8940496849567
1610555610.92HPGJJSmyPM40z7otPBgHalNrHFA7zk5d,361.979526306758,731.4826243560965,0.0,657.2325540670312,556.6976729458192,612.5264052976336,550.9609828274075,298.9136360205496,464.8914589280823,629.3608594388837,698.3271184739002,700.7584425048614,728.3160749931426,478.54588672800446,696.5060960669753,647.2434999285027,724.7983004154466,721.3895659158511,574.3954340477511,619.3562570346232,673.2625161840533,728.339038998479,590.3970140483661,284.2249541874643,659.765322803856,618.1838451343959,571.2142197131702,681.1377111317681,689.8218090284944,577.1355397042403,643.6411417635167,615.667588015163,676.8957132348415,671.5391542406937,649.6581340680203,666.0534117689788,661.7334236871578,666.8724310980709,698.1323812142417,672.6018585200129,655.1544792258533,726.8099949921558,667.4637108010837,661.5639408353389,706.6438238825463,713.5221295192313,671.0823579992993,613.638697423643,656.5744559256062,696.8137880264053,634.2248746788235,616.1528338082588,691.0323799957376,732.1267150312488,618.2963404971399,632.7674039241899,636.0062890025041,634.4447454020512,623.1924700744597,637.3935470211762,709.2837906850982,747.4962488002739,681.3881009963674,714.2945625898232,649.3150683530644,750.8903658503714,665.4993070075336,704.6808568900768
1610555606.68LaSQbm9EHAFycEfFtEqAwYqlBsQPjIRW,659.4076531883838,558.5326612509471,657.2325540670312,0.0,635.7911512172433,624.5204279676273,640.9760555646618,672.8445332916885,641.5667855573589,688.0365618321118,479.9439289497562,588.6957955921199,730.961309700196,687.6159499726298,577.9974580907301,539.5455523760099,599.821234855843,539.9672871739401,599.3151344878439,657.6163517041076,595.7672737701179,608.4817267673506,610.323381256637,665.4185836204329,636.3838623534479,660.6511912233697,643.5013364687152,559.5178723504947,580.734325668208,595.5900896765285,601.1850362764942,645.9480112621025,698.7019667602323,620.7343240967659,528.5119139166337,530.8899696268804,570.0419599889498,593.235658095411,546.6393498898011,591.8502620345738,524.7581109905366,581.8075371445085,557.1196588405047,531.6385888940598,545.5880663003691,527.2122805976378,655.4799047159479,630.8622189343063,686.4949996258326,708.5727860605195,573.7624500454265,611.5436828997398,631.2408053456111,617.6358962604558,577.0983521997322,628.0594701427908,588.8905704164563,607.1628193641304,599.0799504978369,605.3797577362666,586.3581018057417,629.9593611856225,658.0283743863787,618.300767649552,648.8825748499129,638.2885008252451,673.5928343392603,579.8444374983216
1610555617.19EKxMEwDHfXiEJZc27TsGoERaD6Da4BZU,516.4027724382044,687.2319818583646,556.6976729458192,635.7911512172433,0.0,586.835170184182,514.3899924566525,577.6748019978614,448.01416951799604,649.2071041083286,665.251422076921,655.1316883009769,734.1875209379364,602.5042947309173,638.561399720323,621.4528658749542,717.9326654593935,670.9555903813554,539.8854063887284,606.4294399066224,657.0756522907817,673.0972312878687,475.9175498176535,567.8089491947447,590.279882468604,607.144481251239,524.939604372762,659.2035200353153,670.1062054190734,568.9024205415228,620.8068216135359,524.886177257035,681.7224088302014,646.7796645627662,615.9844605347569,621.9413568021749,615.1978428975124,627.6905801678869,645.3754473525803,655.954245926432,648.5170301073465,690.637313848271,634.9150167212443,635.5248257175717,663.5101273263074,685.3421170436856,644.2925220381813,598.5800282175579,660.0435309473834,656.1303481976103,633.4270522314198,590.6047083849708,659.4506903879878,688.1937859380143,625.0642884149489,528.8847394495666,593.9109272041529,652.9294014088359,623.979707734405,579.7525753582188,677.3716906329539,703.6770386050088,686.6124050301457,666.4807078390083,651.6233643387826,709.9435290076913,644.7487719349501,666.6672616556566
1610555722.52PJ3FD50MGhRXyUD28vluU8Z9UjLJLZn4,606.8343861042795,685.0778065210981,612.5264052976336,624.5204279676273,586.835170184182,0.0,584.4390922618593,633.5551515617076,555.5906993933469,680.0812114757581,630.4156745074737,668.0528820369724,740.170699125142,647.331833264674,661.6400866279148,651.9280585381626,681.840800403549,656.3472387849025,422.06496014296295,657.015018758545,636.9653180720005,676.7961801961924,574.589359474867,622.2458883295113,620.7998059283391,357.9983049072427,606.1161118803736,638.2590538349385,670.5586643905974,561.3475582560483,650.2957122320037,569.35013882968,711.4039676475048,670.3039812988684,636.433672463716,629.2219500682667,654.6774840627386,673.5940824655659,651.0283669335016,650.6069901448993,666.3773921105148,685.2370786856163,660.1766477838152,609.6305288635247,642.172884772927,631.5522296670224,618.0761183977604,608.089010338265,689.2739724470187,685.9963190229997,608.9839498062163,602.2388056438471,660.4470435929757,698.8587036816368,645.3582402690333,549.9358946145616,621.4856081924978,640.8264144967568,608.4709534055108,546.9925345738702,645.9585730917311,706.7786541276251,700.9304789710674,649.3932531654552,684.238167307463,712.1615831562934,663.0430978431147,639.902393455162
1610555617.52Ijr5puT55g9apK8auM7zaxa3NANg502t,600.2754253318318,692.9990287716289,550.9609828274075,640.9760555646618,514.3899924566525,584.4390922618593,0.0,568.4200419835792,541.5335991698188,688.237386524412,662.8934762933014,673.9739842329482,746.4992023578089,529.5188811382144,652.921267347486,669.795967529685,690.2079502667181,682.7804208423681,564.7442724485918,675.6210454648931,651.1723644633128,674.5055800969666,604.5476455319244,560.359478535706,634.3044744171394,575.6736350474613,633.848120146621,662.5824074099979,670.817813528571,471.68444418185976,674.9980000135555,575.5943443219626,721.7883781372068,696.063430344259,647.2875644117918,643.8995261811228,664.8620747027114,689.5978575072002,674.7421303860662,680.8161675632269,648.1365411411973,707.5105440227145,668.4977628261774,653.597037851458,671.6444082293258,678.4367796375299,694.6574071293858,658.7349569010131,696.4472339459943,709.2207748548026,644.2277173761935,622.6175781959436,695.5897043477784,717.0571029231371,640.2366695032086,613.167544023712,625.7912415798498,632.6637672129306,649.1216104072194,543.6569508291751,682.408710542535,726.3476816102752,706.7600346402953,681.8180878761249,676.2484037334808,730.1812107398841,685.4182489889679,664.6538061940464
1610555638.77ZLjTLkz4jYJdFMI2wWBztzsDILkoOtAk,430.3121606302355,747.4317084084224,298.9136360205496,672.8445332916885,577.6748019978614,633.5551515617076,568.4200419835792,0.0,484.231134258216,638.891227170895,708.5374498598525,711.072907748038,729.0691173201748,424.4172136268185,714.0420580330359,653.9927523060879,732.0536021746183,737.4092670323456,598.9446967765729,632.9009555828058,681.75684176527,743.9175487470822,608.96100249905,213.57377428476687,676.769597901565,630.4111993298468,604.526550998848,691.8419871236946,702.3895311364748,595.0120141038515,653.2903236227938,623.9560355859913,677.6349403085495,683.4525733016676,658.2255900644374,676.5299482909148,671.8607986084918,680.5370062008695,714.6699729188723,680.5654125656183,663.7543072367071,735.0120104212888,676.7401598614208,675.6646723289816,719.614261112643,727.3705100079761,678.9934403877351,628.5865162149267,673.4894031949165,713.5811412499118,636.6431384417451,621.7909046482929,700.5787086764485,742.5108558757026,629.8840069190029,653.8286234575601,652.5871392564123,631.9760319386272,626.5476711598677,654.9331302441407,714.504462730514,760.2575486395802,694.6369035106519,727.1158021293435,668.3657732798474,766.2430125550752,682.548060179616,715.0128218959292
1610556912.46C7tJPLF0XfNnm8f1820X9aLmXMHoc0Dw,445.72863257971846,719.2864150285003,464.8914589280823,641.5667855573589,448.01416951799604,555.5906993933469,541.5335991698188,484.231134258216,0.0,632.6462776960635,680.4738067284841,655.431417957425,739.3883937644011,541.252564825068,659.5592576292552,622.5478296771781,720.2220140820392,691.7841673634188,482.7345761877331,597.927490600566,630.2673829868887,693.8003395376472,540.6045571135779,477.00933646272875,628.754729358399,559.6515738801144,535.8080060659075,643.5429682930447,669.2321933448194,572.0883117941127,625.6254330564809,559.7196789388287,677.0235094899094,648.2040361772619,615.2227565686952,629.8685363056419,621.7495845078652,647.181324078484,681.3755280266241,647.6758253606314,645.1148239444032,693.5295739061199,633.678092725786,623.5623317509512,681.8588801754812,698.2927216454719,632.6014522763186,584.9196014230488,662.1743671019818,654.2523090372088,597.2226216421964,588.2017349020925,661.9368891438552,704.9843564274454,608.7798393057453,580.2936611897023,598.2261927536115,616.1890863867899,596.3700228790738,609.0950676221531,680.4663608353537,719.7656751127454,687.3484447030033,682.7171201345642,648.3708180006565,722.6108032053337,636.6933396918174,671.8032516951935
1610555617.51LjzIROg0aeCP2GhDcAVQ0LipKJB9jmKc,618.2478364606757,716.5416725720551,629.3608594388837,688.0365618321118,649.2071041083286,680.0812114757581,688.237386524412,638.891227170895,632.6462776960635,0.0,713.4077599031626,732.7521957842714,525.3532546130187,679.9923213773916,730.975517183211,663.148382292489,745.2302867483984,723.669718601868,686.1111725253766,641.459180538565,722.4483916325197,762.1066001944107,621.4213366840914,630.5901862789885,660.051134349295,693.7503856502707,637.227329270228,715.3635178987237,690.1178987737543,666.6716820264058,653.3527626099478,695.4304113511417,369.56419145351407,664.7217924597645,677.2229113204489,705.2903294737383,682.6808125459702,647.7202701912348,666.1430613083769,696.9186792715608,689.2108741521943,755.9335668120432,700.9939013774565,708.6583189620396,716.8921112127422,715.4712000029198,694.421324877457,633.5868567272024,489.8985364326976,720.4246556424309,681.0482543465189,677.8891311094977,701.7257842748471,752.4412862233016,658.6548815367378,667.429691089534,675.1248430831341,685.7827625681874,668.2563009699262,695.8046207945316,737.0642639276389,766.5440374906096,624.2197047855208,747.4364722776154,585.8123219961896,777.7030224066399,692.0514526352815,727.4946124677879
1610555608.17OpjjHobqRkX0UPcaXrbu7K6L3805SZri,699.2916111501097,602.1886001119943,698.3271184739002,479.9439289497562,665.251422076921,630.4156745074737,662.8934762933014,708.5374498598525,680.4738067284841,713.4077599031626,0.0,614.0997561339856,745.0252851363463,713.7686698305504,562.9804907316695,583.0458048570171,416.6909898455606,524.3267618917287,628.1499019639771,694.6778146247107,583.3542355064122,575.9320705218863,635.2511231206315,701.0256876410936,618.1117782637788,652.4023172734504,686.8502787166277,571.724464294845,598.6926078416719,621.7434060643609,642.3322343228483,664.634001506465,721.278327665023,666.030140265922,564.6637314318407,531.3117179588102,617.6585679253099,636.9651099828901,599.8543578434918,621.9254453334562,571.2987439544817,528.5571707980146,580.4648992202441,593.5583518041436,513.5986700845635,442.15541880664205,672.8603157379188,663.4349647042764,716.2168431033,721.3638026591075,621.4788727673465,643.3777406188921,651.7408009758682,598.4187527583433,631.9972896678439,627.2670011302744,574.228417063367,638.9253161835965,639.8515624688825,599.1808661867746,546.3655614384434,588.8468211515204,686.6708027726276,559.216044498903,682.8351062671445,577.9349060273008,702.2533639916028,559.242914225686
1610555721.82zWeNZfGUUfRJkgnAwlP8VMhPzXctnSd4,696.4213727936274,639.89201339096,700.7584425048614,588.6957955921199,655.1316883009769,668.0528820369724,673.9739842329482,711.072907748038,655.431417957425,732.7521957842714,614.0997561339856,0.0,771.1279931823478,708.9635281005947,582.4288092972711,589.9595351460335,656.6574558149683,566.6057542931914,652.8227948851154,651.5546424584339,431.46101285507956,516.6470852637642,689.4350610513314,703.1701375985917,626.7411632791809,676.7644086872945,709.7004746106397,508.06464007661,625.7847715222985,682.6228742986611,704.394995869771,687.4444868181492,738.475889426459,666.1731851972324,539.3209645884035,533.3439246065765,598.4601576363906,659.4424908472974,613.3468940533412,653.42314156057,624.8948127392824,529.088639199586,637.8899190171766,574.4507424431656,599.8660123519065,629.7916650381463,672.6711044561634,686.0412064019736,735.7595179265562,718.8482408202992,537.7424502491762,662.5896091065284,681.2591221515357,621.5745643017458,659.8787563104441,672.2982037753112,633.144572684508,593.1376797402432,615.972882898007,625.1109538899304,625.8615335766293,633.0791871192594,701.9416334769528,630.3746105602187,691.3366526205607,634.9628456241156,694.8320282434559,617.2891052363266
1610555735.75bom85BDF0C7W2eIseHeMxi24qR68nzMi,731.0239833176474,725.8557882499479,728.3160749931426,730.961309700196,734.1875209379364,740.170699125142,746.4992023578089,729.0691173201748,739.3883937644011,525.3532546130187,745.0252851363463,771.1279931823478,0.0,755.4989539671791,754.8477500902753,732.045161603901,766.7576216657997,739.9199555766082,750.8036356413975,706.8215324828514,770.6843262010369,780.4411234141737,714.279294788435,719.3621149560234,733.9204610267749,761.1137879591319,733.8302504097653,764.9079033837858,732.9657651439449,732.5171241387533,723.6553723992049,746.835736645538,393.91885162997886,701.3671401823375,737.9161261543103,755.9390612286652,743.5143974820587,700.4401726840346,714.4717271717753,744.534615974812,738.927700027344,787.1255074528375,760.0031185594578,749.0153121101013,745.1356949955485,739.6741844972354,749.6523749909885,743.2731841285324,650.2311823132962,763.1349995180097,750.311901804942,746.7860163522479,745.4857903432041,768.0054999036237,731.2222857216167,731.7604292129113,745.8595105847359,748.10979784459,743.9862227090762,742.8985923682063,766.5176521272547,783.9643683111091,663.1568047341527,782.077834590545,679.897582395327,792.070303095143,743.3556744105039,757.9521105660732
1610555735.77NnT5xqKnwcf2BbjIekeb2arTQj6QMNwk,543.9901087645895,750.4466732123352,478.54588672800446,687.6159499726298,602.5042947309173,647.331833264674,529.5188811382144,424.4172136268185,541.252564825068,679.9923213773916,713.7686698305504,708.9635281005947,755.4989539671791,0.0,712.8841110927997,675.5651783333939,726.397372729482,739.1788272148343,620.7303312570652,658.4849245521315,673.1867155255993,742.7290371278335,638.0237909200952,445.0915888878796,683.2234650324401,634.5346776675935,632.6345776778987,693.671949695,715.2350617448687,600.2402035350193,681.378147134333,650.1069814635828,711.8748345887345,709.5051595220611,669.8481110933908,687.9018814344691,681.343254048995,708.1773945097195,726.8524050003086,699.65731609329,674.5278787036286,743.1942701918567,686.9806004637022,699.501250853977,726.5409274906579,731.1065303526476,697.9956697946444,658.410415719243,694.1130177989431,719.926276187991,646.6699247656297,635.5948399697677,725.4231537713991,758.7133373249669,649.0529093905703,677.4544791597976,667.0043700168796,639.4161200114959,645.0682789090691,653.9542024738007,721.8702553601901,773.1370961462366,715.2041372928895,726.9549616737902,689.0804756793012,769.6487296338247,691.4350966916201,720.7302027006868
1610555638.33wjf1PhdNaoWfbRzXVn50hmFyB5bYAiLV,684.3000907547946,578.7705188432102,696.5060960669753,577.9974580907301,638.561399720323,661.6400866279148,652.921267347486,714.0420580330359,659.5592576292552,730.975517183211,562.9804907316695,582.4288092972711,754.8477500902753,712.8841110927997,0.0,610.6821071677216,613.8242304582151,519.2394774412215,630.8759020540335,688.9753331623936,615.7285731983463,520.3423877051229,657.3026010588289,704.0888990701608,615.6776149814928,678.8084511846532,688.4952735942769,629.7347187637504,591.7986966458885,655.5614071200391,652.148365771126,644.849500958865,732.3725555618623,706.0880189245568,568.4978764792107,534.8551322453592,589.680971810012,666.7842780347921,592.6807105863486,612.1973875122568,590.2499175206876,561.9440815386474,547.6856559136259,602.6425584510905,495.8831664375377,564.9764780177626,675.3833513979882,678.8510264626541,749.7532584982857,708.4286911986233,642.2658091096749,643.6604721255691,679.4397489111176,556.6386636037421,656.029811478555,631.2206229723388,576.7211892599374,670.4468164151514,673.2931225085905,576.339392794104,608.3961698174395,538.6521766311217,734.1109618391475,567.3221333423819,718.467273758656,536.484783680649,694.6080094763053,607.9754346760133
1610555606.65jCE4ig8Pu8kvAzkxnSGfWsV0nQBjCf8H,632.6866780830295,638.6316481036781,647.2434999285027,539.5455523760099,621.4528658749542,651.9280585381626,669.795967529685,653.9927523060879,622.5478296771781,663.148382292489,583.0458048570171,589.9595351460335,732.045161603901,675.5651783333939,610.6821071677216,0.0,658.8553325094957,632.8045335337138,640.4736044808069,582.4671334037325,592.9157969956744,661.9752462338018,580.1125514630246,649.7141761944358,619.4446475953004,679.0971891702906,620.9893505179577,563.128937756088,559.5373197231345,626.0434286920746,518.3392066335631,665.9311295035926,677.3380113810398,534.3835834430049,436.1545375884937,485.40748769036287,502.2773966975672,464.9254921786255,613.919964668363,601.2310132987058,551.256626004051,634.1018725680279,568.4588950576565,592.2772763773978,587.3338498999499,622.1310804005993,579.4741273011535,569.8314148672019,658.8282640964943,682.5765634353397,513.5520236782311,592.3680759667993,603.2406760484026,642.4742579020394,504.67076799847854,614.6390008959393,596.6512380656944,563.3799289821745,535.7476437365531,641.3997022725933,607.1700586456016,663.0038139863975,610.6883266715347,646.9586592386364,619.0911386191084,668.4373487701371,648.955254499802,606.8206818981364
1610555608.18ONsBCVo1i7BrX0XG9stct4oiA6ejX9Oz,740.04603866971,650.089979733255,724.7983004154466,599.821234855843,717.9326654593935,681.840800403549,690.2079502667181,732.0536021746183,720.2220140820392,745.2302867483984,416.6909898455606,656.6574558149683,766.7576216657997,726.397372729482,613.8242304582151,658.8553325094957,0.0,572.2610877683265,686.0788353741253,730.4012723365443,605.9024430468573,609.4021417642685,690.5993369737457,722.7636326033942,663.4668261330629,669.785545674103,731.0326002342962,621.135592191397,654.0649793922825,661.7877956384367,704.2702068305155,717.4793299486821,749.4985375295354,722.9920599838804,628.1403237868082,599.8895695094525,684.5749927764274,699.0220605797174,654.3943709472384,685.7695715268152,627.2702491145078,571.5087969007553,650.6583344891105,655.9918783474798,580.3459803048455,521.8918985536277,722.7381967655964,716.6818302050215,744.5804402232228,737.1430101791855,677.3164939005926,699.2584320944158,707.0196416685585,636.0963091291239,687.6022139613946,688.5348766983532,627.8823453242808,670.7226706799481,688.9346030248591,650.226111020012,585.3133237054701,620.5510797297937,712.9966144561563,572.1288121572115,714.629171919559,592.0539921718154,728.7000337055038,597.1536982569286
1610555721.51RNoQUMP19FTMS79BmA3JkgSm2IC2AQuQ,714.069303839959,391.8045022015214,721.3895659158511,539.9672871739401,670.9555903813554,656.3472387849025,682.7804208423681,737.4092670323456,691.7841673634188,723.669718601868,524.3267618917287,566.6057542931914,739.9199555766082,739.1788272148343,519.2394774412215,632.8045335337138,572.2610877683265,0.0,648.2602340280225,709.3075891612884,611.2173950497676,511.5090921057764,668.1272775360542,726.2325595027116,618.5581564541437,680.901670981408,717.3067829629302,595.9082959008756,607.3543181129747,659.4153935523268,685.6167293409799,679.7600125933241,720.5479341180585,672.1757193562775,619.8435328034852,583.2678558813827,661.4198800853113,628.8581872421377,533.7581924288189,664.9593761778125,628.1837903313041,538.5214041639157,644.7136315554473,565.5444495269387,445.57913479590854,400.7813516584695,702.4632603248909,700.0013357104948,735.5716343424583,739.3299761091182,643.3949220000842,696.7904967692178,648.2798086033282,550.9579182139153,687.6134684278625,654.9054300009453,603.3697567026991,678.8267392527421,665.4133866875451,601.9221093429816,536.5717814806954,531.713642485274,726.608557554455,528.2130402895497,715.4221473255067,529.0818243009675,725.7650778219821,550.9857025702615
1610555971.86O0cHB2ibBJ8jxoObg01EpGe8VVV5mpwn,550.8193839819486,683.7070971644058,574.3954340477511,599.3151344878439,539.8854063887284,422.06496014296295,564.7442724485918,598.9446967765729,482.7345761877331,686.1111725253766,628.1499019639771,652.8227948851154,750.8036356413975,620.7303312570652,630.8759020540335,640.4736044808069,686.0788353741253,648.2602340280225,0.0,653.6997083213979,647.2082729184253,644.0842210703449,584.3881103857078,590.3115694967566,628.5690017101082,518.0699930136655,580.556870536282,626.8267399661688,658.3999959826397,538.8845576797021,648.9060917068134,552.0852290307131,719.4647468633497,669.3946673499918,628.8159113834736,614.6012640494722,639.1235362810063,676.4330451646657,652.6356150724068,626.0076736383664,652.3628395723158,673.4340569078707,634.4117737683791,589.530630115108,633.1489405793861,640.5485352446027,630.364381451575,586.4858850271355,694.6184242066347,663.9685592278106,599.2354196290605,561.1822925686668,662.7242188006456,689.9022392732348,637.2690500000119,584.0162824168914,603.4376036547911,647.140976342507,604.1970789342295,529.4590485683583,636.1568270136329,691.9013445054429,707.7579139066477,637.3355727047705,679.016801411304,690.7512215397923,639.8674794903527,626.086428892539
1610556911.51zU3duZSGpcw1BDNsBLxdOCITAXwl6z3i,591.6015152317029,720.3189880374065,619.3562570346232,657.6163517041076,606.4294399066224,657.015018758545,675.6210454648931,632.9009555828058,597.927490600566,641.459180538565,694.6778146247107,651.5546424584339,706.8215324828514,658.4849245521315,688.9753331623936,582.4671334037325,730.4012723365443,709.3075891612884,653.6997083213979,0.0,654.2164161454942,708.2052391875933,605.8027332069413,627.3599363737086,662.7088511534872,677.233001553153,591.3167719013121,658.4421724377002,672.2315138866949,672.4503004120172,622.0709658195941,673.8452691589358,648.9916277500444,614.9824765834406,604.9033105003894,631.077343222731,596.5783148784768,610.6461854777691,693.3717908606776,686.8146047391162,661.3893417158694,696.2534568501436,664.5806891558216,644.6127569890298,680.809610273733,717.9443096269251,650.93665315598,607.5545364505117,638.422308826771,657.58285438178,615.3187843838016,643.6356098033144,699.7338525960567,713.9923435587125,601.0611011704956,643.7362139108271,644.1135348913887,625.0963948979529,613.1791562646061,683.5116427786635,709.1972808341126,723.0360324334014,611.6657124554437,712.8327589339974,604.7135403482065,731.2626315715173,622.1609248421568,699.9581972144056
1610555988.71dMoYT8250UHHJGxgmITTmbHe7V6gH1yU,684.4353119864878,687.1537777545609,673.2625161840533,595.7672737701179,657.0756522907817,636.9653180720005,651.1723644633128,681.75684176527,630.2673829868887,722.4483916325197,583.3542355064122,431.46101285507956,770.6843262010369,673.1867155255993,615.7285731983463,592.9157969956744,605.9024430468573,611.2173950497676,647.2082729184253,654.2164161454942,0.0,588.7303210826958,664.7985197079308,674.5237324056809,641.0429282178576,621.2711860539548,692.7746167790519,490.3224772504224,632.616948274434,650.7865207902605,686.7024234340973,690.2129719003274,727.9419277125369,669.0240092366057,506.0514754989416,541.1943443780373,589.5623476623871,667.0458263175386,656.803953919947,662.4463809554047,581.9109685805821,567.3897803678217,610.4356593192437,591.3290208781043,614.1345218662751,609.0416174747735,650.9536164873417,677.4523499079596,728.7255814893805,709.9945937840374,530.4632521310123,645.9950905688814,695.1860555184521,664.5765147904684,631.854605783651,663.5630334203524,612.7300260177201,515.78217146217,596.3309795761286,636.0108878373804,611.3946928680992,673.3550232411425,690.0286825393711,645.8902454033848,689.6956986449193,663.6313034287168,692.2610990379097,600.4087291655903
1610556042.81mlUZsSp7gbGjrp8jQSnybT1gPy6e62o1,724.1985187509083,606.493662467174,728.339038998479,608.4817267673506,673.0972312878687,676.7961801961924,674.5055800969666,743.9175487470822,693.8003395376472,762.1066001944107,575.9320705218863,516.6470852637642,780.4411234141737,742.7290371278335,520.3423877051229,661.9752462338018,609.4021417642685,511.5090921057764,644.0842210703449,708.2052391875933,588.7303210826958,0.0,695.8764323794336,734.8787753771766,630.5155310517239,691.4625733726724,729.2083379869108,581.6230026505725,645.1611136579478,666.7828036115852,734.0967173609147,651.0754325526347,763.9552495851609,709.5750139553817,621.8832007339563,567.7704439260323,675.4334115484335,685.9658728734979,604.9061281805293,669.3442024464567,681.3410852311713,481.11777210805,657.748476796211,602.1050956946048,537.4881912890975,575.2343183195494,716.5201767093918,719.1559793118267,759.9011120967039,707.3495830831388,658.3059458366276,688.3715640006967,682.630280547694,567.4557582277466,718.1411787270737,661.6191784783412,608.9728788724384,681.1642053401567,694.2650543465221,550.0564276153926,547.036264128786,528.8745338804433,739.4892702060064,502.5899554768267,719.4921623991328,492.83350494840533,704.6117882563107,542.2005135097471
1610555637.02UBW5nKvDyUrKnaWcYRGajZPxTRDS0q3N,559.0989154662691,677.1285209022047,590.3970140483661,610.323381256637,475.9175498176535,574.589359474867,604.5476455319244,608.96100249905,540.6045571135779,621.4213366840914,635.2511231206315,689.4350610513314,714.279294788435,638.0237909200952,657.3026010588289,580.1125514630246,690.5993369737457,668.1272775360542,584.3881103857078,605.8027332069413,664.7985197079308,695.8764323794336,0.0,599.7274147703797,585.855095994096,614.81674917753,490.62239660311917,651.5028763694464,642.2992084065646,522.3649805877654,540.3468925303885,542.7033915485956,649.9701898494994,588.8915841849144,593.4389496811167,614.2229497937232,597.0991276975876,564.295469958069,635.4098017681354,644.0622410821941,615.963459887741,697.7885803509411,601.4621678949776,633.1194996634731,643.2215984271759,637.9948992804323,593.8312289591428,554.7738474607702,613.4969583889298,653.740484699952,613.246642958139,551.2088483922681,656.3002792159735,695.1277148382545,562.063093919113,458.01760641911625,575.7100022112918,633.4247500124374,590.1013118597916,574.0417877022611,655.8889709876709,715.7164527898989,635.8361900991797,670.3568761958466,615.1164370234362,714.2132633190181,642.4442752778878,653.624585043239
1610555619.13oUYNikU4facCTpUSiSLr0vPI0tJLnXiT,420.47988455930044,735.8456392077406,284.2249541874643,665.4185836204329,567.8089491947447,622.2458883295113,560.359478535706,213.57377428476687,477.00933646272875,630.5901862789885,701.0256876410936,703.1701375985917,719.3621149560234,445.0915888878796,704.0888990701608,649.7141761944358,722.7636326033942,726.2325595027116,590.3115694967566,627.3599363737086,674.5237324056809,734.8787753771766,599.7274147703797,0.0,667.12151130279,622.8324163793983,596.8557731009071,685.2634303851938,698.6434986778181,587.6182233806496,648.9568651410506,617.9883740634641,669.2490470776556,675.8608933058807,651.3047805955089,669.5879166945388,666.5941346304362,673.3988797521266,706.9967304463262,678.4335947965266,658.3828143913269,728.5121463690085,670.6932255094423,668.820353146595,712.4054883071695,717.9200499427573,675.3557245626444,624.3109195458142,666.5790104192681,707.9986188222784,632.884351771631,623.2303555016392,695.1559757398496,737.3634725207385,626.0633695948003,642.0219102910909,645.0371127118661,630.1748659203402,621.8971807598958,646.6463803944253,708.0354040212289,754.0713641945891,685.94284498921,720.7368705765148,661.5119849253086,759.4101043671783,675.3592885095198,707.3499933823712
1610555721.03nzkucfjAUh31zTbmCVvTVYqtjoxZFnBh,645.6408027549728,639.40958495039,659.765322803856,636.3838623534479,590.279882468604,620.7998059283391,634.3044744171394,676.769597901565,628.754729358399,660.051134349295,618.1117782637788,626.7411632791809,733.9204610267749,683.2234650324401,615.6776149814928,619.4446475953004,663.4668261330629,618.5581564541437,628.5690017101082,662.7088511534872,641.0429282178576,630.5155310517239,585.855095994096,667.12151130279,0.0,645.8790392279968,646.112071730784,637.0019192291995,656.6006854271154,628.1972799312381,659.2800625670302,604.3475659447798,690.4225601560332,650.9469075762843,609.0861109093374,601.5669406707724,636.0630814496001,601.5958332537317,514.4876182900394,632.1584538685477,672.5958269710288,644.9885320570486,635.9761383210677,639.1724200842476,610.7406763559535,610.3160369262727,667.6420723796919,601.551629701824,662.1594528022009,682.771855370877,641.3358955935431,633.5532265608239,624.7024495998479,657.4385611962251,664.454579714442,514.010455904307,528.5887062852898,671.7325769058201,643.0565756771616,529.152117457959,633.2062446564465,653.3395844675548,686.0594377472612,597.9676434533845,647.6493702831044,663.7817297604576,647.9040969288734,626.3951800684349
1610555722.67fhKURdXVzRbLIjXmjRwdJHTnE7PWb1AE,619.6260590002287,714.7897018427533,618.1838451343959,660.6511912233697,607.144481251239,357.9983049072427,575.6736350474613,630.4111993298468,559.6515738801144,693.7503856502707,652.4023172734504,676.7644086872945,761.1137879591319,634.5346776675935,678.8084511846532,679.0971891702906,669.785545674103,680.901670981408,518.0699930136655,677.233001553153,621.2711860539548,691.4625733726724,614.81674917753,622.8324163793983,645.8790392279968,0.0,636.9430094440592,652.4911899215072,691.4908633984667,579.3395034186384,676.217790189251,608.7874237783728,725.8298739890997,700.0111166841955,653.0329766312746,652.0635055344021,678.5335099704201,701.7269117412292,682.7442515792688,677.9955221581897,678.7947380677717,690.6508065222972,681.0394474343457,641.7633750354662,675.9533459339227,659.5772262571987,664.9798295730476,644.3704195271616,710.603755469418,699.7392867880553,634.7780002090099,637.6093072659698,692.5047561231859,720.689957568695,667.7024620039234,599.2146431328691,645.0985928668913,638.1965499329348,642.4189793000147,585.0787421444043,668.8282567178469,727.5045930077238,722.8240818584065,665.9136980288492,708.5293336818343,723.2063866873075,677.1844060073154,660.3089431171568
1610555638.39J2ZWBLuLTHP0jOlzB4tNHmYeijH5g5YJ,542.6730604629172,733.6711977034216,571.2142197131702,643.5013364687152,524.939604372762,606.1161118803736,633.848120146621,604.526550998848,535.8080060659075,637.227329270228,686.8502787166277,709.7004746106397,733.8302504097653,632.6345776778987,688.4952735942769,620.9893505179577,731.0326002342962,717.3067829629302,580.556870536282,591.3167719013121,692.7746167790519,729.2083379869108,490.62239660311917,596.8557731009071,646.112071730784,636.9430094440592,0.0,692.785812515336,686.8382694007415,600.3649274913255,566.6664040564126,635.9209109067949,678.6204168182215,649.031491405903,638.2689111042686,656.6235602602836,630.0521466702377,643.0094156874954,690.6054289548534,652.6876744430814,647.2918931271261,731.8214099852233,641.3311764081028,673.6490668787199,698.5835521062903,715.022734416124,627.391964058335,570.0936173107367,599.9358151861406,592.0548044649746,643.6498690634428,565.7225724973591,696.0110586717466,733.2907744373991,588.3312915415443,584.730053506078,634.9248676108275,656.7651519429995,631.5619019612108,642.1566544843579,708.4463979351958,743.7600325241007,623.4566344020154,710.4405195115216,593.2323570910881,741.3020287636211,581.9992924162742,702.5460700194756
1610556032.17Q6yCDx9g7alRnL9jBFXD2JhhUyB2hKfJ,685.9356925421783,650.4989095327329,681.1377111317681,559.5178723504947,659.2035200353153,638.2590538349385,662.5824074099979,691.8419871236946,643.5429682930447,715.3635178987237,571.724464294845,508.06464007661,764.9079033837858,693.671949695,629.7347187637504,563.128937756088,621.135592191397,595.9082959008756,626.8267399661688,658.4421724377002,490.3224772504224,581.6230026505725,651.5028763694464,685.2634303851938,637.0019192291995,652.4911899215072,692.785812515336,0.0,611.1675073521374,638.5663614352083,681.2305952263986,676.5078261839745,728.2430296008114,605.4559584879469,556.7610937771542,533.8942280825363,603.73183453325,623.4102279952285,624.1761739206295,632.034910135686,613.2038331078124,542.6156572073918,606.7529832418797,536.8045164996526,605.5587823603678,575.9153309621882,633.6648482386336,655.0545933443714,716.0024963141609,708.1911237198659,502.9739571463196,632.4277272296447,653.1402664478668,646.98322180328,632.9144601525311,658.0706717653948,586.9600996657916,546.4329774330618,528.5408170712876,617.5601830865422,559.9486666288745,655.5979962800483,679.1190449446506,612.4440869610746,670.9603571848991,642.4088445165078,688.1977837981138,538.5332423639721
1610557007.49MyVgDnuUuBxrvL6SGOdhKf69VYlW1MSm,690.5414205748936,617.3943443547756,689.8218090284944,580.734325668208,670.1062054190734,670.5586643905974,670.817813528571,702.3895311364748,669.2321933448194,690.1178987737543,598.6926078416719,625.7847715222985,732.9657651439449,715.2350617448687,591.7986966458885,559.5373197231345,654.0649793922825,607.3543181129747,658.3999959826397,672.2315138866949,632.616948274434,645.1611136579478,642.2992084065646,698.6434986778181,656.6006854271154,691.4908633984667,686.8382694007415,611.1675073521374,0.0,640.8661876271984,631.6946592626044,676.3896297065919,697.0591181930133,632.6066794120441,579.0767633692428,541.6487120446842,621.7820455982403,582.3997195273644,614.9596723706816,661.240110973488,582.9516574240976,639.731490130564,628.9852389691439,561.7134082165552,557.1054820956284,588.7355121404754,656.6698028180608,657.1139038751624,702.2055745045967,717.8685282605909,616.0674036752156,644.4114551814888,668.2832258681555,624.788106286383,619.9412850427676,637.311570923316,631.6039900618287,641.6043124057979,642.0537772549831,641.9636718349394,637.4170725723521,655.049772761458,664.4689763772145,666.6020556343976,657.2463569968616,652.5545040141478,704.8461974913962,639.6847722778577
