,square,rectangle,parallelogram,losange,isoTrapezoid,kite,rightKite,rustedHinge,hinge,trapezoid,random
square,0.014292661748270978,0.01932026438550143,0.024113755057223827,0.028209704388165693,0.017665184525753753,0.017085815109406256,0.01606183944877823,0.02036391364259684,0.01994697353525344,0.018663538525522008,0.02356659251774105
rectangle,0.01932026438550143,0.015162991562921608,0.01893063240475728,0.02327209411881996,0.023948176699445947,0.020812304702556794,0.020409604099260577,0.0192114952975076,0.017798675680966967,0.021126317920192032,0.026461345315241705
parallelogram,0.024113755057223827,0.018930632404757276,0.016966783812556535,0.019406364387874228,0.027021527008262304,0.025528289517009566,0.024278630674377123,0.021215111964454945,0.019693902654599745,0.02163573820747492,0.02544693537154726
losange,0.028209704388165693,0.023272094118819964,0.019406364387874228,0.016850855918197273,0.029016812732529245,0.028828412524405295,0.02778432622400233,0.022939298815131084,0.02216583988638036,0.022936922888612387,0.023256140374051406
isoTrapezoid,0.017665184525753757,0.023948176699445947,0.027021527008262304,0.029016812732529245,0.015465223921914326,0.018568140630509117,0.017732040160529036,0.023630761707054065,0.023713572793858304,0.019509357034390176,0.02230072136410835
kite,0.017085815109406256,0.020812304702556794,0.025528289517009566,0.028828412524405295,0.018568140630509117,0.015299105741919554,0.016709949945329858,0.02318842645646168,0.022941380311473584,0.02186794156662571,0.02592251495873059
rightKite,0.01606183944877823,0.020409604099260577,0.024278630674377126,0.02778432622400233,0.017732040160529036,0.016709949945329858,0.015191024106889512,0.022219999239010503,0.02181574667980745,0.01905975841132493,0.02424601107117394
rustedHinge,0.02036391364259684,0.0192114952975076,0.021215111964454945,0.022939298815131084,0.023630761707054065,0.02318842645646168,0.0222199992390105,0.015536757662715069,0.01602074186113422,0.02110353454328094,0.023289545714080345
hinge,0.019946973535253442,0.017798675680966967,0.01969390265459975,0.02216583988638036,0.023713572793858308,0.02294138031147358,0.02181574667980745,0.01602074186113422,0.015550529016449762,0.020512166421805905,0.023561015945409325
trapezoid,0.018663538525522005,0.021126317920192036,0.02163573820747492,0.02293692288861239,0.01950935703439018,0.02186794156662571,0.01905975841132493,0.021103534543280945,0.020512166421805905,0.015781482824379453,0.019211553063548804
random,0.023566592517741045,0.026461345315241705,0.02544693537154726,0.023256140374051406,0.02230072136410835,0.02592251495873059,0.024246011071173936,0.023289545714080345,0.023561015945409325,0.019211553063548804,0.016900874541361053
