,square,rectangle,parallelogram,losange,isoTrapezoid,kite,rightKite,rustedHinge,hinge,trapezoid,random
square,0.02010105320756584,0.022440571557947476,0.024044164314065364,0.025985878877845914,0.021731436388231083,0.02121153587182228,0.021027324093625014,0.023438248315004146,0.022786626319500076,0.022226744806936212,0.023902982533499924
rectangle,0.022440571557947476,0.020016083872883554,0.02212248667866573,0.023934268104967855,0.024064607973691036,0.022982006547956273,0.022948040954522384,0.022279922084963728,0.021274932365143467,0.02330594136528709,0.024683050124139835
parallelogram,0.024044164314065367,0.022122486678665735,0.021555325179848775,0.023509060360548756,0.024991999019522423,0.024586899685598355,0.02420952241073785,0.02370972040342156,0.022703381613771813,0.0240706638825637,0.025330941459025456
losange,0.025985878877845914,0.02393426810496786,0.023509060360548756,0.0221016225359712,0.025885582320791568,0.026064981870436814,0.026097657028779597,0.024376380862586984,0.023761888990474465,0.025061577938877352,0.024881999390619965
isoTrapezoid,0.021731436388231083,0.02406460797369104,0.024991999019522423,0.025885582320791568,0.020499618694431804,0.021921988609145827,0.021972662019552006,0.024772529974596065,0.02427723952024318,0.022625662823393112,0.023786699560778623
kite,0.02121153587182228,0.022982006547956277,0.024586899685598355,0.026064981870436814,0.021921988609145827,0.020308278756813628,0.021213189572969353,0.02429753622337899,0.02373380308159678,0.023232229756938894,0.02449203200936082
rightKite,0.021027324093625014,0.022948040954522384,0.024209522410737847,0.026097657028779597,0.021972662019552006,0.021213189572969353,0.020587969812048922,0.02407099903928557,0.02344001148132938,0.022537840257722912,0.024522975107015375
rustedHinge,0.023438248315004146,0.022279922084963728,0.023709720403421564,0.024376380862586984,0.02477252997459606,0.02429753622337899,0.024070999039285574,0.021702772190530177,0.02145593557310862,0.024118019762405594,0.02464663508354611
hinge,0.022786626319500076,0.021274932365143467,0.022703381613771813,0.02376188899047446,0.024277239520243177,0.02373380308159678,0.02344001148132938,0.02145593557310862,0.02071179089334182,0.023437282765684818,0.024286510722028344
trapezoid,0.022226744806936212,0.02330594136528709,0.0240706638825637,0.025061577938877352,0.022625662823393112,0.023232229756938894,0.022537840257722912,0.024118019762405598,0.023437282765684818,0.021112857304659994,0.023226967618053672
random,0.02390298253349992,0.024683050124139835,0.02533094145902545,0.024881999390619965,0.023786699560778623,0.024492032009360825,0.024522975107015375,0.024646635083546115,0.02428651072202834,0.023226967618053672,0.021558863121925894
