,square,rectangle,parallelogram,losange,isoTrapezoid,kite,rightKite,rustedHinge,hinge,trapezoid,random
square,0.017135603006578726,0.02656019790856445,0.04589191708185718,0.060582009008989794,0.027315120826094486,0.0297212290683209,0.024589030800451196,0.030706668029879047,0.030984583345014062,0.04008563515043128,0.060522850650825515
rectangle,0.026560197908564454,0.019104668433956085,0.034546629604985286,0.049683810475756596,0.04176697138356596,0.03929501649595609,0.03460951366308116,0.03351750520425152,0.030307028762997474,0.04522187810005001,0.07174675674187589
parallelogram,0.04589191708185718,0.034546629604985286,0.026008903665586988,0.03368130712821304,0.05436448485619171,0.05612480536438174,0.04915584703055793,0.03717057988101634,0.032816770756515914,0.04153295111262691,0.06329880357459947
losange,0.060582009008989794,0.049683810475756596,0.03368130712821304,0.03281797591591571,0.06836417565547612,0.07339851844129411,0.0651035765885992,0.04633242874605004,0.04221737740255301,0.048332280860802844,0.0639721391421935
isoTrapezoid,0.027315120826094483,0.04176697138356596,0.054364484856191705,0.0683641756554761,0.021372869570275222,0.02959691448690788,0.025544052497694883,0.0392024060725547,0.03965710654177653,0.039092349196003684,0.054130887838913115
kite,0.0297212290683209,0.03929501649595609,0.05612480536438174,0.07339851844129412,0.02959691448690788,0.020392877897804248,0.02089928110801628,0.04075409991226846,0.04138209343700518,0.04998975591140666,0.07098986765020798
rightKite,0.024589030800451196,0.03460951366308117,0.04915584703055793,0.06510357658859918,0.025544052497694876,0.02089928110801628,0.016995586475161344,0.034637187275873865,0.03521905070534943,0.04114545469191954,0.0627466181618581
rustedHinge,0.030706668029879047,0.03351750520425152,0.03717057988101633,0.04633242874605004,0.0392024060725547,0.04075409991226846,0.034637187275873865,0.021544755057724463,0.023324287852582837,0.03899129753266273,0.054916939312455476
hinge,0.030984583345014055,0.030307028762997474,0.032816770756515914,0.04221737740255301,0.03965710654177653,0.04138209343700518,0.03521905070534943,0.023324287852582837,0.022379466528085208,0.037682405160836575,0.0554123753567212
trapezoid,0.04008563515043129,0.04522187810005001,0.04153295111262691,0.04833228086080284,0.039092349196003684,0.04998975591140666,0.04114545469191954,0.03899129753266273,0.037682405160836575,0.0317471096208043,0.04524680139905083
random,0.060522850650825515,0.07174675674187589,0.06329880357459947,0.0639721391421935,0.054130887838913115,0.07098986765020798,0.0627466181618581,0.054916939312455476,0.0554123753567212,0.04524680139905083,0.044184216114545906
