,1610555604.25mOvVXuL01OCiReyVWBfesjuvXmB3MoPy,1610555605.43B6oDsBtWRQ29Q9UMQuTUEPZy3FSSWXzc,1610555610.92HPGJJSmyPM40z7otPBgHalNrHFA7zk5d,1610555606.68LaSQbm9EHAFycEfFtEqAwYqlBsQPjIRW,1610555617.19EKxMEwDHfXiEJZc27TsGoERaD6Da4BZU,1610555722.52PJ3FD50MGhRXyUD28vluU8Z9UjLJLZn4,1610555617.52Ijr5puT55g9apK8auM7zaxa3NANg502t,1610555638.77ZLjTLkz4jYJdFMI2wWBztzsDILkoOtAk,1610556912.46C7tJPLF0XfNnm8f1820X9aLmXMHoc0Dw,1610555617.51LjzIROg0aeCP2GhDcAVQ0LipKJB9jmKc,1610555608.17OpjjHobqRkX0UPcaXrbu7K6L3805SZri,1610555721.82zWeNZfGUUfRJkgnAwlP8VMhPzXctnSd4,1610555735.75bom85BDF0C7W2eIseHeMxi24qR68nzMi,1610555735.77NnT5xqKnwcf2BbjIekeb2arTQj6QMNwk,1610555638.33wjf1PhdNaoWfbRzXVn50hmFyB5bYAiLV,1610555606.65jCE4ig8Pu8kvAzkxnSGfWsV0nQBjCf8H,1610555608.18ONsBCVo1i7BrX0XG9stct4oiA6ejX9Oz,1610555721.51RNoQUMP19FTMS79BmA3JkgSm2IC2AQuQ,1610555971.86O0cHB2ibBJ8jxoObg01EpGe8VVV5mpwn,1610556911.51zU3duZSGpcw1BDNsBLxdOCITAXwl6z3i,1610555988.71dMoYT8250UHHJGxgmITTmbHe7V6gH1yU,1610556042.81mlUZsSp7gbGjrp8jQSnybT1gPy6e62o1,1610555637.02UBW5nKvDyUrKnaWcYRGajZPxTRDS0q3N,1610555619.13oUYNikU4facCTpUSiSLr0vPI0tJLnXiT,1610555721.03nzkucfjAUh31zTbmCVvTVYqtjoxZFnBh,1610555722.67fhKURdXVzRbLIjXmjRwdJHTnE7PWb1AE,1610555638.39J2ZWBLuLTHP0jOlzB4tNHmYeijH5g5YJ,1610556032.17Q6yCDx9g7alRnL9jBFXD2JhhUyB2hKfJ,1610557007.49MyVgDnuUuBxrvL6SGOdhKf69VYlW1MSm,1610555638.44hjT5hbYdKoE3MB6hijrjqbjmLgvCUYKD,1610555608.13zUvmFSCRt6SsLbhqFznMEvGx54GPGQzM,1610556038.62a5C4ynd1AARyAhTv8a58NCqHvXRjscqH,1610555644.45Xse8u7pusHNsd7F3d0A32HXvXr6weOJE,1610556038.62gKXOCG7XCn55eJvyl5voNjbwOW0znQDq,1610555987.13v0oleKK97pkesp6oMgprH8SoSdoDVdIO,1610556964.96ZLLeiQW0qpmxhPGTg7K03fmzkqsC2bjC,1610555987.13VQlEedQ50VvkPMEMzZDv3KNnQCewykN9,1610555982.186TY6MMGkDecIN1woW6vsfAMXVV7jnyjO,1610555982.673LuMndkwkvdmZOn0MmE2Pkidx0FtNalb,1610555733.38zItcuH7gHNfKdALR2d9Nek6bxCyw36Vm,1610556034.15BQxSbZINGCay0yp6RBVlgcPrw76Yn9ON,1610555639.37BPZpgtGml8qUsh9AdV4m32jPLfI2aNFq,1610556965.57S0adAalhWYe6K3bkZU0bRHbqnDK8gGkR,1610555983.54zteLPCMjyrjzPdhHhlZr3faCgD0TfYr3,1610555987.79rHnNRmt9a0ufmnwCvZqBouyUoZDNpylW,1610556960.041xWER61rmArlsKfiMl4frikWmUCnQ7op,1610556035.13a7NHZDutfTMJ88qle1gTYY59Dr4WmMsj,1610556890.456ZBDaY16bMtrTZTqAgHl3wq1tRxzqDow,1610555760.24e6890pkbyZ97Or6croI1rQgjkSsR0yVt,1610556043.02YpWMIJg3W004iqlPyv8OcVAZdSC5rNYw,1610555987.03z05P26TLtONYM1HSzupoc2CeNMa6HTqr,1610556032.15OYCzUxpsz7b10AXBAuDXrvEcvxFhf0M7,1610556032.63Z80yI9pNwS3jSmsDABbuhf8wkNa2Ze9y,1610555736.28eGuESasTXdR3SqY6pHhEXWZtcdciYLCO,1610556034.61bebeZA0MkaFG2sm3VKiqrxeqQginTTW0,1610556944.5XwXOphKYT3ZkWA8gViqOS97VHVuMVUqb,1610556944.745UVLFBzf7fPh4UH37I6tYQOFPqRDytEh,1610556034.63XsUwaFaPZevO1JNFjfhvY4aKNFnV4noV,1610556964.89xwBHw9faT1HjQRMNQEyA4qJ3hWkwgj3k,1610556966.74DydzH91jtyvRyYau47JpVkZoMRSNTt01,1610555740.77UueVziDbaXyRR4OcVJIIZyzOfAzN51bj,1610556046.84e3vwjyRCzqz0wJQhrk8zsxlFfFSv98Df,1610556137.99eoPuVrDThKAOvmeprLPb2FWRqIhzUodc,1610555740.73XFwSrmTXJPlaxGZSefh0jOVA8PI3III1,1610556123.88AOfNaz9jSnqU5Czc7okOv1RCrYfKFBTo,1610556046.85nB7NvyoYQeLcOV391Lmmut1wAM8CFGLw,1610556123.89H4pdIAzDthI7bMXMhlIhKUYIQIvtmPPQ,1610555740.87GOYQUJKpkynIS2lFqppYK4b32ol7NeGh
1610555604.25mOvVXuL01OCiReyVWBfesjuvXmB3MoPy,0.0,65.08881852345813,41.14653826874649,72.33955384159822,51.92860452326425,58.08919990410742,58.81013266776601,43.95356254966713,48.02932399529328,64.01232035486642,75.71986886243324,69.5812294420667,69.61507399300193,55.914415214076804,71.52811698898738,65.67399465861803,71.9979036535089,71.6437790134664,57.65046723653237,59.89606156894447,67.89364487152609,79.44568173640987,57.60756392156799,41.79111749080757,60.26947058357177,58.75562803334432,54.76309312794513,63.44798073455684,65.38529794833154,59.08371967639481,67.83310515230994,63.10970663060133,64.8412593782289,68.48306094329223,69.67953899727044,68.05291967105022,64.39339073480258,67.15795338477108,64.09671006094128,69.37491082251185,66.66948473358293,73.36715238620879,72.50919047222793,64.35265366814498,74.13798666064453,70.51537839263877,66.22080316883203,60.699471337428875,65.0219708714676,71.60061714045723,61.78730149515315,60.50215253676243,72.37734256435833,70.88493615620094,66.44546502854686,59.913238585334184,66.05451428582153,64.93592328761115,62.169690470786875,62.15773177490353,77.15757139352259,77.77580942161558,68.56880422333451,76.21701928091885,67.46767203117017,79.80251234089532,67.99294065597904,72.03659617133277
1610555605.43B6oDsBtWRQ29Q9UMQuTUEPZy3FSSWXzc,65.08881852345813,0.0,65.71308175837422,66.50972591548758,65.59990866051778,62.7051009734792,66.4716691906441,67.74625377383396,67.90572356781502,64.72562003974897,71.04690486468307,64.55767341103295,63.37567987846337,69.44338079027558,63.70593172487151,64.44885741543848,67.91059515909141,54.0079314247166,65.29890877536494,64.23543952548873,65.74489289123102,72.64537809315757,64.58602992230037,66.03538634878576,61.86620742736556,64.78107964857105,66.05028222930993,58.88618110146865,60.92474888361811,65.93186195868056,67.59202446637659,68.8514067817455,61.246998502589044,64.99100240494842,68.80580051138443,66.85276218533129,64.47782459532856,63.34650032213545,56.69402241798776,67.9463800080735,62.27934335203287,65.32691386249972,70.59736191663185,60.59956540114506,63.515055836668935,55.83412354454929,66.92960434618988,66.64449746839972,64.7814629615134,70.09392339303476,61.65779338282258,66.76081439411945,68.30881016856777,62.09700921247064,65.76020221598053,63.932951843239294,65.75491575917061,64.4807061009982,63.652815060225855,65.22671825815318,69.22352519561124,67.29274772459935,65.52308678434046,68.69849739280214,66.90939109568131,70.48024083222863,68.36705350702019,65.7194150365375
1610555610.92HPGJJSmyPM40z7otPBgHalNrHFA7zk5d,41.14653826874649,65.71308175837422,0.0,72.11890993829341,55.506075032441565,59.195973190563926,54.13273632136798,41.18061279518704,53.11315781233085,65.29883698337835,75.76001690515841,70.35621137878978,71.37958805681782,53.852549242743855,71.68269510146266,65.58268106319885,72.44982708712494,71.6695977599877,59.8966359014119,61.091697809117036,68.10554650133213,79.32824628971957,59.58086687943556,36.97816153803959,60.79779835022504,60.16891581828536,57.378538927285796,63.34735263033907,65.09682505774259,58.828214193783246,68.3194407216253,64.41900156818791,66.55180427824737,68.81996679745475,69.7046318132498,68.47852705990041,64.39259320889764,67.15136130481957,64.01449730017603,69.39846343935797,66.32083412181954,73.64909104848081,72.37134459472796,64.01645666515076,74.2593347884536,70.3282762340789,66.62567770999028,62.38341153738865,65.6475129294641,72.56200156705201,61.870465786999425,61.09141986273956,72.37129401122426,71.3709583722599,65.56413735697178,61.229628648163455,66.50216651643537,64.10741026567968,62.80617827385058,62.86824582521578,77.1341111540996,78.17263113850673,68.87810001564473,76.82535397067659,67.9225577456376,80.00392654602642,68.7695549718315,72.07747077408703
1610555606.68LaSQbm9EHAFycEfFtEqAwYqlBsQPjIRW,72.33955384159822,66.50972591548758,72.11890993829341,0.0,71.965192799264,66.6401142918588,72.91169503432765,73.82608297738913,74.21476967062657,72.45623630196417,63.019182272481835,71.72165034193017,77.64338748761345,75.05469588466352,73.85334840573658,66.42073765588691,69.17976410920825,70.89537404122157,68.51598508749132,69.21178968939189,69.44023900722944,80.7003114091512,71.01157648454249,72.48834156388915,69.74757822036855,69.41589358482979,72.00033158064576,63.298674624917076,65.71074325702601,70.15476652372203,71.66218968307696,76.91050762705541,73.125674575471,70.63772136749651,65.16004592461353,64.81817011961,66.72163400385263,68.5989206279636,67.098419910989,73.4973600872693,61.728961562876485,73.40818572121755,71.1341419237455,62.30011734311541,72.29644166011292,64.98267325031458,72.4203507611675,72.66387795657108,72.28525951520383,76.34091806426639,62.720276249473486,71.16449267089267,77.2700191363685,74.26387171638164,67.52091764086168,70.15115789901635,68.45996301323085,67.23313321390044,64.68201441069071,70.39296435539443,76.5161773581038,78.89472156498901,71.22623343748543,80.40270724608818,71.64412484290492,81.46471896051891,72.8287821484802,71.07811138939572
1610555617.19EKxMEwDHfXiEJZc27TsGoERaD6Da4BZU,51.92860452326425,65.59990866051778,55.506075032441565,71.965192799264,0.0,55.29629900658919,57.4188380209336,56.715923661039724,48.32826097474976,65.98392970980332,74.37796974074939,69.66405352189169,72.13552228795939,59.23641786079253,70.7218725891765,65.65347788474952,70.81065585201134,70.42931878922687,54.612708105683964,60.32958572257731,67.2678852683998,78.32157316232309,50.182953364110475,55.25454313171327,57.60465807215748,55.70335733042,50.56218597708655,63.04621638406412,64.2651143467576,57.315267623415366,67.63038121015367,58.47940813731583,66.93758164521057,68.04103792224404,69.02788369576726,67.45939136755186,62.77761905902801,66.78060574910212,62.97504910393299,69.59525786502537,65.46267884637855,72.64380409919706,71.790427853994,64.01631564741298,72.23942871680637,69.47318630405353,64.80584782957683,60.20466420916826,65.64867293987045,70.418935954097,62.18360301832312,59.465392148093905,72.22077148262734,70.36693039086548,66.6276775618833,55.598059781550646,64.26150332292137,65.11158496516822,62.619596063385536,59.047204390275446,76.09979940825151,76.80775012362398,68.30662077932918,75.13529146043244,67.17793808709874,78.6669290337122,67.5599239997687,71.27377144142977
1610555722.52PJ3FD50MGhRXyUD28vluU8Z9UjLJLZn4,58.08919990410742,62.7051009734792,59.195973190563926,66.6401142918588,55.29629900658919,0.0,61.6345173506174,60.46343726911425,58.59238387265567,65.1829257895675,68.40171113466754,67.44896507705911,70.25989934868973,62.19830853155596,68.41442571698207,64.01521799959276,66.68293164773499,68.06749435512948,42.914309549543596,60.39004684508623,64.70342830194245,75.92890889166365,53.33213633675336,59.00007473654855,55.4631894900418,34.02947795728896,55.518922881344395,59.581560095503484,60.534372799162284,57.911088948334175,67.09480574692076,62.83487482197279,65.85909229352424,65.73553903791678,66.0640215047981,64.18370081833304,61.33305893621601,64.89002597378862,59.72070469286711,66.69443503692881,63.3308523420586,69.76279546592558,68.31736524539095,59.336246881061605,69.15829200337474,63.32968669449482,61.63946160621722,58.48637885945806,64.49111779746715,68.90304348841023,58.47735074828407,57.281865187975654,68.98390582259768,67.64659661854603,64.79455129644808,52.905466778282424,61.466130942081,62.10304254145455,59.18577877690046,55.639810529120375,72.14672174488707,74.07325169595771,66.65600355578034,71.81539195460715,66.25311781040845,76.3847408775495,65.40216671929893,66.90569371710026
1610555617.52Ijr5puT55g9apK8auM7zaxa3NANg502t,58.81013266776601,66.4716691906441,54.13273632136798,72.91169503432765,57.4188380209336,61.6345173506174,0.0,60.51982967679833,59.280569735935075,68.82352031225635,76.26693694882572,72.55650923084941,73.64000101786674,52.44427076816126,72.68692387161273,68.10844454183115,73.07011915792468,72.02693483711182,62.92345336415023,65.81835872771472,70.35050937597569,80.6188107066682,62.30626061327357,58.28802425232047,62.163480773497405,62.485053461138314,62.33827885118039,65.12688648698067,66.50824927676256,56.16431177108685,71.13548830903626,63.9341863597635,69.90996943679407,70.92214670857845,71.26436291761691,69.65752678206366,67.04664341893195,69.03925309195489,64.38980913812779,70.6491149663229,68.04873893129331,74.47346195895615,74.09204124829775,65.43394332334071,73.82936549318464,70.67033432591681,69.20014134443056,65.65805013492748,68.76582696335022,73.9029499947655,65.02636205694347,63.788713619840316,73.76957547585116,72.92393666878638,68.39743045275199,63.013109435058425,68.47520923131833,66.80486138923995,66.01901815108705,63.06287922850525,77.41229761940765,78.78180204751821,71.17650482619061,77.26611138853472,70.70501937640458,80.71830580443013,70.98900244082249,72.70743548378863
1610555638.77ZLjTLkz4jYJdFMI2wWBztzsDILkoOtAk,43.95356254966713,67.74625377383396,41.18061279518704,73.82608297738913,56.715923661039724,60.46343726911425,60.51982967679833,0.0,54.50984087295674,67.23654619747968,77.3007801209329,72.18436190902771,72.8742194062444,50.90961484343855,73.52485391668834,67.981627228532,74.38449921350637,73.88737436233035,61.612199555431765,62.69644086224211,70.17482421253908,80.92265362083934,61.085978578133286,28.782669765836904,63.11084971688493,61.08852362965029,58.85530186157231,65.36185360667241,67.07095087536312,61.68861573851017,70.52637203279264,65.75838473282292,68.12134004009326,70.7928363824875,71.42384888896974,70.24865504441335,66.04524943329052,69.32892750024635,66.31670879414278,71.61249684856917,68.33368796091403,74.99121283771825,74.05311454129526,66.26003218058422,76.25866308219825,72.41022499699737,68.20537764696365,63.79397332056326,68.10868061985086,74.16054781878077,63.67666223921521,63.003874119390716,74.71062358488061,73.2218692446382,68.36716629902371,62.52556194746054,68.73537155187977,66.61762808033106,64.29766711923466,64.54033603666068,78.5175600352919,79.58308943685974,71.03872795974162,77.90201602114912,70.05830732759343,81.36828463075025,70.85893227698111,73.9305877620657
1610556912.46C7tJPLF0XfNnm8f1820X9aLmXMHoc0Dw,48.02932399529328,67.90572356781502,53.11315781233085,74.21476967062657,48.32826097474976,58.59238387265567,59.280569735935075,54.50984087295674,0.0,67.6354213413697,76.91142716207088,71.00764049073346,73.26760773084047,56.42032387306848,72.64782376468942,67.82050388459358,73.0104829668176,72.70975589173344,56.49098941708189,63.03986482157136,68.8268741735995,80.63555970982866,58.39503985744619,52.92223860098426,61.6517027370527,58.19798365137732,56.256902767454626,64.54742688708029,67.04101116483565,60.515437417403,70.35582604015349,62.77737844482049,68.5517521521767,70.22800303195804,71.23290233788421,69.30055667295828,65.72682366306073,69.28846577359838,66.0433727769106,71.5528596052034,68.13311483113958,74.22420206412586,73.74207563273528,66.23017926320597,75.05171136140602,71.39335640217774,66.78342477007936,62.363542116142334,67.75383899354041,72.35168095642298,63.81474119118578,61.898361918627494,73.62876182547913,72.19267148660795,69.08403712373199,60.04977295589799,66.94156127098184,66.53776281819638,64.38780489844403,62.28744059180913,77.97447778856323,78.87673653074648,70.46537884645934,76.73885605946626,69.8255005340767,80.66119098365209,69.55437110117352,72.79653492344325
1610555617.51LjzIROg0aeCP2GhDcAVQ0LipKJB9jmKc,64.01232035486642,64.72562003974897,65.29883698337835,72.45623630196417,65.98392970980332,65.1829257895675,68.82352031225635,67.23654619747968,67.6354213413697,0.0,76.54375246821314,72.6141151297388,62.29792245207269,69.65470091256726,73.40479839548057,67.92298189548733,73.80427609432016,72.09331804474749,67.5108244797446,64.93675891759348,70.8984234026749,80.60803223619742,65.03589737002423,65.53078249926642,63.760693737868415,66.44327696377108,65.87298262365442,65.83179074379203,65.62337543063263,68.37574425140154,68.6889281271799,73.08368185687536,48.24021558233637,67.53029805974478,71.3606617235744,70.48466106421724,66.49530950659076,65.61736171110648,63.55001207805805,70.18749873102362,68.17416830401613,75.29889661636459,72.9298015228061,65.82074386365109,73.9035667476989,70.21993895383899,68.67206265149558,65.9457220048242,52.37372296944626,73.42674217160145,65.22947829000177,68.31340273180169,72.4649612655975,71.68173270526482,68.57793420365472,66.34349810100142,68.07755744633499,68.18312613928109,66.14258137452583,68.64891439127635,77.44768152566178,77.15244684650648,67.40645101435572,78.63624967173735,60.85774667307466,80.36458155594816,69.66723570702045,72.50693141689251
1610555608.17OpjjHobqRkX0UPcaXrbu7K6L3805SZri,75.71986886243324,71.04690486468307,75.76001690515841,63.019182272481835,74.37796974074939,68.40171113466754,76.26693694882572,77.3007801209329,76.91142716207088,76.54375246821314,0.0,76.74912628015085,80.62024127115417,78.1431196522147,75.63704878842681,71.73714286125262,51.53502820104037,71.39094521836093,71.07339122775394,73.99299080555777,72.4812419166846,82.46488248150173,72.94545211992238,76.06527122492352,70.74224547431943,69.12559596375687,74.84940228404065,69.49826392358096,68.02726216801267,74.69925010794122,76.84461634243917,78.78856603067233,76.05826972657883,74.968469563857,72.49353607015533,67.57759617991098,71.45668733376702,73.54023143367412,69.78293968036168,76.22721060140199,68.89773848075843,72.4449024644415,73.68488392009444,69.61555362381588,71.78838785836736,63.01329662601935,74.96152514942231,74.818239589374,76.4166811014531,77.4153541224607,69.08190535433533,74.65984628393832,78.74043790784664,75.25469142048472,73.27320749262582,71.25272291920602,69.88490925269888,73.3737072230228,71.26013139559622,72.91378615699502,74.55164128937245,78.44703259395739,76.0286406808438,78.87171148822549,75.9605108682995,79.96164779037422,74.80958360442337,72.28995785732597
1610555721.82zWeNZfGUUfRJkgnAwlP8VMhPzXctnSd4,69.5812294420667,64.55767341103295,70.35621137878978,71.72165034193017,69.66405352189169,67.44896507705911,72.55650923084941,72.18436190902771,71.00764049073346,72.6141151297388,76.74912628015085,0.0,75.89018497744352,73.50886832053801,68.79284240874213,66.47935870184791,74.03474252405009,69.96255254387097,68.85192254860699,65.93581679524492,46.47070689776022,73.56881986297378,69.67590117484534,70.37604748079978,67.36674323650915,68.5598858556202,69.88557265282974,55.428942688548226,65.73629723260898,71.60247300183656,73.89247383258365,75.00920190879154,71.4570114736237,70.84382488943218,66.58167270153493,67.12061020188938,66.58700355524957,69.62625837677523,66.91051445853303,72.68800112598622,65.41174773233139,67.28490049888853,73.9330729133409,59.70181915565745,73.50292954716497,69.31987261180439,69.70365726213531,69.74020790128101,71.50415444838698,74.55099436019489,60.20526812171239,70.26323762920042,74.95975055599297,70.31313103645138,71.00814292319569,69.15096088504522,70.97146063936246,62.76573965941646,65.46684081491216,69.60895401069459,75.69718114236159,76.39662787208755,68.94444693817972,76.4416481172033,70.5873086284979,77.90235639743955,71.71579762239847,71.51910648089036
1610555735.75bom85BDF0C7W2eIseHeMxi24qR68nzMi,69.61507399300193,63.37567987846337,71.37958805681782,77.64338748761345,72.13552228795939,70.25989934868973,73.64000101786674,72.8742194062444,73.26760773084047,62.29792245207269,80.62024127115417,75.89018497744352,0.0,74.67878093579023,75.04964406897518,73.5116352814888,77.42519667998815,73.23809682942985,72.67511309027252,70.05174441121778,74.70609719044504,82.8513609515668,72.34486233619685,71.53773190783079,71.160589034554,71.47607537505462,71.51299632874694,69.12636912112053,69.9235325243914,73.29632235301702,73.35467133117318,76.60150748009696,44.71796376598343,72.30889096325546,76.44443028281837,75.5652460281452,71.16754291228978,71.50589502373876,69.66721857945922,73.87073182146354,71.68794000596122,77.61118590742362,77.99583517144661,70.61885356105508,77.53960453477332,72.40846838985115,73.01956246152821,73.26080309882892,69.5833064460138,77.54620564878562,70.33456978813703,73.31624290056999,73.80950592572161,72.77351756174212,73.35167528202588,72.21247189081731,74.96082388684916,72.7723443884995,71.34952777977163,74.20354326633216,79.9654268643551,78.51919983459118,72.05574455517929,80.2964217277008,73.16447848478575,81.42461813162834,75.1849037551549,75.64018243681531
1610555735.77NnT5xqKnwcf2BbjIekeb2arTQj6QMNwk,55.914415214076804,69.44338079027558,53.852549242743855,75.05469588466352,59.23641786079253,62.19830853155596,52.44427076816126,50.90961484343855,56.42032387306848,69.65470091256726,78.1431196522147,73.50886832053801,74.67878093579023,0.0,74.27716437601099,69.96894885079624,75.12322133093701,74.95001610391395,63.88394149483925,65.63805524547226,71.2867030561928,81.14580440034617,63.746218164218234,51.700714038581765,64.68462132799785,62.27146645357277,62.43313476278714,66.8479842300964,68.705703257035,62.32091307223034,72.56515036005509,66.99568423287423,70.64020560122384,72.47283113055865,72.56191338487216,71.84271292563179,68.03663103526179,70.86548755884381,67.98003000314772,72.6960303190092,69.65465006267637,75.7210677373353,75.47438869408465,66.91992252369617,76.8961067017309,72.86892188888582,69.89843743632868,66.54777206946437,70.48079032098025,75.5359502347609,65.65308682628871,64.81874432027489,76.02486871585624,74.28480757877523,70.53769993445673,64.32769854926701,69.95230231736325,67.96186342464057,66.73652276932029,65.23418101512081,79.01016279062569,79.89844128654494,72.88059547401743,78.24152857402474,72.39209744746064,81.86583286642885,72.15909085467175,74.42666825739936
1610555638.33wjf1PhdNaoWfbRzXVn50hmFyB5bYAiLV,71.52811698898738,63.70593172487151,71.68269510146266,73.85334840573658,70.7218725891765,68.41442571698207,72.68692387161273,73.52485391668834,72.64782376468942,73.40479839548057,75.63704878842681,68.79284240874213,75.04964406897518,74.27716437601099,0.0,68.80184376430054,73.40224499996494,67.90235487331132,69.76967876643077,70.09511313606777,68.21628542321785,72.12749957550913,70.40487226813924,71.78259715356671,67.7262596508206,68.86422027297948,70.42455280051362,66.23516933675693,66.16613092402008,71.85697926537561,72.88272480629992,75.44700671555344,71.73823306000229,73.80836941472931,72.9910272438408,69.86424837980216,67.97420446588916,71.59239221314422,67.0175949505385,71.72767929389093,62.84205642483946,66.66714281843792,71.3078257032395,67.46989718872433,68.13845338375256,68.56719416031189,70.90422961292725,71.4728310409869,72.5961052669258,73.58061630554596,68.95476409209023,69.84728413361667,75.73491619795823,66.1471472373592,71.38077783239322,69.35262892356845,69.93027534724928,70.30017364062121,70.43791190414356,68.32806316932988,69.96681870930628,68.96815151144962,72.38404154747019,68.04077790766051,73.42383885846475,69.07325500255386,72.09820745048599,69.4700457563006
1610555606.65jCE4ig8Pu8kvAzkxnSGfWsV0nQBjCf8H,65.67399465861803,64.44885741543848,65.58268106319885,66.42073765588691,65.65347788474952,64.01521799959276,68.10844454183115,67.981627228532,67.82050388459358,67.92298189548733,71.73714286125262,66.47935870184791,73.5116352814888,69.96894885079624,68.80184376430054,0.0,69.3540441288108,70.66920336760676,66.6958541458213,59.010787298989534,65.23853895530594,77.90152718648629,64.40743012696404,66.25255562027341,63.64538153280026,65.61314714196976,65.77735499031144,60.19245834765231,61.280001925316405,66.52387864486823,63.59030703032477,71.91101198364535,67.82158281198859,61.48511151134505,58.87262472903951,59.841821334214906,59.92552205183784,55.01911675305861,64.04994995989287,68.74487348265275,59.67573227293159,69.90892526063358,69.99337978967196,60.90796958411294,68.89942095995109,68.45482052001904,65.19451375795586,66.11076499753068,66.94689847224079,70.56979411906725,55.44411677216131,65.84879869390706,70.98659927185689,69.56945720455107,59.24080857190851,64.84113039776317,66.81501182362214,58.20880459429503,58.97758836626145,67.01843825060233,72.54813313863944,74.98846240351149,60.58106369511033,75.28362022042194,65.02189309600661,76.316925450382,67.37675347204265,68.33361304742063
1610555608.18ONsBCVo1i7BrX0XG9stct4oiA6ejX9Oz,71.9979036535089,67.91059515909141,72.44982708712494,69.17976410920825,70.81065585201134,66.68293164773499,73.07011915792468,74.38449921350637,73.0104829668176,73.80427609432016,51.53502820104037,74.03474252405009,77.42519667998815,75.12322133093701,73.40224499996494,69.3540441288108,0.0,69.68505777434316,69.00275122280642,70.07684283179029,70.26043407698563,80.48261399393586,69.70578617686544,73.04116037077624,66.86512060425937,67.06216531210019,71.08785207787936,67.48340258975534,65.7967775890538,72.17928585010881,73.98252370747043,75.94101556292453,72.82682315365066,72.53966117269339,71.4623675163142,66.11434370959483,69.0032121927006,70.5281525144445,65.95547473548612,73.52177999329095,67.97783088309485,70.64715385828299,73.25622528373185,67.03456698299766,69.09353930187709,64.0543078813375,71.70527642240312,70.8707207774789,73.01489827355864,74.13003247934921,66.82838274998362,71.70674879432768,75.46257594779081,72.23403860448457,71.64034847602571,67.50923110149208,67.98674012464714,71.31970312125293,69.0646054007177,70.08071412669972,73.55166260937062,75.24477795605037,72.66668311229697,74.85456254605441,72.78341421017373,76.97099414459954,71.51041179170976,71.08294554311875
1610555721.51RNoQUMP19FTMS79BmA3JkgSm2IC2AQuQ,71.6437790134664,54.0079314247166,71.6695977599877,70.89537404122157,70.42931878922687,68.06749435512948,72.02693483711182,73.88737436233035,72.70975589173344,72.09331804474749,71.39094521836093,69.96255254387097,73.23809682942985,74.95001610391395,67.90235487331132,70.66920336760676,69.68505777434316,0.0,69.87530701722838,71.20897718633978,68.6013401693548,75.22504410931678,70.36355757039865,72.32311968062213,68.0010466152266,69.13118378315197,71.63098739858319,65.64675341333373,66.57192986366466,71.00911428891882,74.34978409864627,74.1753011483718,70.00531817238799,71.46851393242991,74.28575608156387,70.00017516518625,70.74495041709804,69.96163984156091,66.10318704480171,73.92025489854338,67.47109663581233,67.48146881756166,76.22775411312603,66.36840533142879,62.72686102305678,54.84035540848284,72.32352351990087,71.99155740744895,72.0485128285358,74.99412230197474,68.72851302336407,72.7491280720707,74.96891270004764,67.02981242110528,72.4008277049174,69.97534662538659,70.09636553098059,70.59506959694765,70.36504635100789,69.9048035914836,68.60668020188426,70.45442523248319,72.32338410044353,69.35243729164516,73.0200215061166,71.81955398699962,73.74966833909367,67.06184726667941
1610555971.86O0cHB2ibBJ8jxoObg01EpGe8VVV5mpwn,57.65046723653237,65.29890877536494,59.8966359014119,68.51598508749132,54.612708105683964,42.914309549543596,62.92345336415023,61.612199555431765,56.49098941708189,67.5108244797446,71.07339122775394,68.85192254860699,72.67511309027252,63.88394149483925,69.76967876643077,66.6958541458213,69.00275122280642,69.87530701722838,0.0,62.85558533726301,66.36444784048555,76.9100532437592,56.68795892374362,60.256524701678764,58.25707962434765,47.68671467835083,56.846699205965926,62.086855911358185,63.4017445574053,59.26926496089273,69.12095777310668,62.48153997088198,68.45732349280723,68.53039098823737,68.8452574952556,66.5004872552313,63.161242935969746,67.81219899813433,62.3038477173078,67.74155774002482,65.50137332442303,71.92319699151507,69.86107586368554,62.141687228545834,71.67017605056458,67.02880449283826,64.64552820023795,59.8175328632482,66.044014199169,69.53597389935983,61.851935067543714,58.45535218777863,71.62356711023945,70.28759802274321,67.63409119383496,57.376303878689896,62.26026242946781,65.50367756989505,62.080251043443205,57.237434755482234,74.5165626012397,75.92342523198768,68.92518279074233,73.52696324311007,68.15851713791712,77.99888003284626,66.01202366106409,69.35847299845163
1610556911.51zU3duZSGpcw1BDNsBLxdOCITAXwl6z3i,59.89606156894447,64.23543952548873,61.091697809117036,69.21178968939189,60.32958572257731,60.39004684508623,65.81835872771472,62.69644086224211,63.03986482157136,64.93675891759348,73.99299080555777,65.93581679524492,70.05174441121778,65.63805524547226,70.09511313606777,59.010787298989534,70.07684283179029,71.20897718633978,62.85558533726301,0.0,63.948895681016154,78.13323304850218,61.37272426731638,61.27951803524858,61.932116510909,62.12820767988495,60.373595571139816,60.13424295629705,61.30995421113436,65.343652128624,65.25454346681289,69.63333327895616,64.2031696557799,62.948746780144916,63.80378098331655,64.45199315932426,58.323603254343624,61.4243883537217,63.605032846872476,68.07512182110595,63.3217650452057,71.20621194167846,69.79358851888179,60.459875405977606,71.6288921988387,69.20281883161365,63.67703537657482,63.46751861542157,64.46520699751119,70.48668198200868,57.08038687963779,64.06739135580115,71.3989191933088,69.35176577579057,62.681431873896,62.312293138215,65.67610733519417,60.28733792089468,59.013046992329414,65.55681727871368,76.00730043422614,75.99051534421842,63.523364187289765,76.31629480562972,62.27921630091486,78.34777364991373,65.87321403903523,71.16771048981835
1610555988.71dMoYT8250UHHJGxgmITTmbHe7V6gH1yU,67.89364487152609,65.74489289123102,68.10554650133213,69.44023900722944,67.2678852683998,64.70342830194245,70.35050937597569,70.17482421253908,68.8268741735995,70.8984234026749,72.4812419166846,46.47070689776022,74.70609719044504,71.2867030561928,68.21628542321785,65.23853895530594,70.26043407698563,68.6013401693548,66.36444784048555,63.948895681016154,0.0,73.70189684561288,67.69923609151951,68.39887305714485,65.39555459855703,65.138439294678,67.90813659176197,54.42491090835716,63.54345175427937,69.73910364645184,71.88664981754214,73.61852401396254,69.89783825519886,69.4585407071886,64.69194634452867,64.0238943122275,63.50979979069563,68.15883441910476,65.11611160835339,70.44663721253423,63.942181349097574,65.73736634532106,71.24773781631811,57.750979613728305,71.25436739889165,66.19965435861081,67.05036280930162,67.9924171526839,69.78869735565239,72.49420033648305,58.681417107523416,67.93812591617466,73.37158695415714,69.24750672166033,68.9795987012184,66.8469956790255,68.86909796116598,61.77068891322827,63.04585054211939,66.8218852083501,73.56912059974564,75.28231684962707,68.01669125479091,74.96620744701221,69.05214839871353,76.93388908388013,69.67589516712412,69.74957995571351
1610556042.81mlUZsSp7gbGjrp8jQSnybT1gPy6e62o1,79.44568173640987,72.64537809315757,79.32824628971957,80.7003114091512,78.32157316232309,75.92890889166365,80.6188107066682,80.92265362083934,80.63555970982866,80.60803223619742,82.46488248150173,73.56881986297378,82.8513609515668,81.14580440034617,72.12749957550913,77.90152718648629,80.48261399393586,75.22504410931678,76.9100532437592,78.13323304850218,73.70189684561288,0.0,78.29968792349418,79.52317030986585,75.86285836573232,76.53308076761795,78.95987201928331,71.56999291621094,74.88916750803794,79.07783358118125,81.62786622776083,81.3338507474909,79.56965666380209,80.7046852909677,80.78603506030417,77.21721768731878,77.20748027868443,78.69806982833173,74.9670866298202,77.56145959169923,75.59246476345996,72.59265408564332,81.06622222541064,73.74353452404127,78.42548944894702,74.50814374185182,77.99377518891556,79.31074083752998,79.72853379723374,79.55583062446247,75.51046936802965,78.81807189751167,80.99834829990202,72.77788504016108,81.14073235380816,77.54312501437657,77.28413293852088,77.23348408206648,77.6905473202002,76.00014554202693,76.40076663358862,73.3038228248821,79.91553217163711,75.84922783160361,80.01867693353617,72.59226485812631,79.4873549403369,74.54488522677606
1610555637.02UBW5nKvDyUrKnaWcYRGajZPxTRDS0q3N,57.60756392156799,64.58602992230037,59.58086687943556,71.01157648454249,50.182953364110475,53.33213633675336,62.30626061327357,61.085978578133286,58.39503985744619,65.03589737002423,72.94545211992238,69.67590117484534,72.34486233619685,63.746218164218234,70.40487226813924,64.40743012696404,69.70578617686544,70.36355757039865,56.68795892374362,61.37272426731638,67.69923609151951,78.29968792349418,0.0,59.53962493418505,55.69734820803995,55.16634180337446,50.65834498312914,62.839543052845976,62.46859307744517,55.74047060088733,65.38978463706606,59.53938819280828,66.7650087379622,65.22061024295833,68.53874178207002,66.48549610964287,63.43072543198114,62.46333839154226,61.255271570260625,69.29498699060142,64.36702080159931,72.61513157442619,71.17231086449067,63.13594344373318,70.58645822381017,68.42811356601715,64.22789304547013,60.24125480846213,64.34360035504274,69.40036939756611,62.0065881013872,58.408002169735504,71.29024724891774,69.91942797321394,65.06491486532599,48.63273595964416,61.926514054775545,65.75437494641147,62.34074680467885,55.86501428324509,75.62091201492608,76.29047796213408,66.15638308483167,74.7402564520861,64.11819885620027,78.53586109411971,66.53505268012732,70.49694306633656
1610555619.13oUYNikU4facCTpUSiSLr0vPI0tJLnXiT,41.79111749080757,66.03538634878576,36.97816153803959,72.48834156388915,55.25454313171327,59.00007473654855,58.28802425232047,28.782669765836904,52.92223860098426,65.53078249926642,76.06527122492352,70.37604748079978,71.53773190783079,51.700714038581765,71.78259715356671,66.25255562027341,73.04116037077624,72.32311968062213,60.256524701678764,61.27951803524858,68.39887305714485,79.52317030986585,59.53962493418505,0.0,61.548426997246104,59.81552621860154,57.54160189781248,63.65690676335551,65.43337565295958,59.99664536002566,69.01022967483341,64.50581359107784,66.71368942356851,69.30837206726866,69.90999880710817,68.85877840471574,64.66260266935481,67.70227021180976,64.61813740947615,70.0484643593131,66.47652592523973,73.7324655435344,72.5602706487566,64.57722223109135,74.7253596108786,71.02672548442416,66.68440680366689,62.64300133424292,66.3856593792701,72.81525038280292,61.954068770783365,61.71486452621641,73.30897144013417,71.62710862112894,66.67218644612568,61.29390809625695,67.1570922341084,64.59417276434198,62.76038978055641,63.22187271954188,77.06120445382737,78.39427819092738,69.43257701142684,76.72591444545019,68.45839870810354,80.10412407991015,69.46429135501921,72.2900988555027
1610555721.03nzkucfjAUh31zTbmCVvTVYqtjoxZFnBh,60.26947058357177,61.86620742736556,60.79779835022504,69.74757822036855,57.60465807215748,55.4631894900418,62.163480773497405,63.11084971688493,61.6517027370527,63.760693737868415,70.74224547431943,67.36674323650915,71.160589034554,64.68462132799785,67.7262596508206,63.64538153280026,66.86512060425937,68.0010466152266,58.25707962434765,61.932116510909,65.39555459855703,75.86285836573232,55.69734820803995,61.548426997246104,0.0,57.54160832546141,59.70944776192762,60.363007047231115,60.63836156552418,61.048982813791284,66.87652305710964,64.34742214845923,65.42085011963934,65.91833499799499,67.21780340234898,64.0832677916087,62.02628832320771,63.200184610257715,50.113032421212765,66.34009059698954,64.21079902360712,69.68130933411281,68.33841451959705,60.31274557217219,67.83465670903341,65.04550648449722,63.75512546235452,56.73350790317128,62.84927339575361,68.18215837272399,59.89704623673521,59.38645901462286,68.80629447623541,68.24196607068426,65.64642616907017,52.64715975286843,57.23744828098676,63.87576489396819,61.207500891347365,56.25847260438531,71.83404277722558,72.94319393242283,66.34393167634329,71.1899368320115,64.51888174968995,75.20557928292011,64.93547816622387,67.58854881966663
1610555722.67fhKURdXVzRbLIjXmjRwdJHTnE7PWb1AE,58.75562803334432,64.78107964857105,60.16891581828536,69.41589358482979,55.70335733042,34.02947795728896,62.485053461138314,61.08852362965029,58.19798365137732,66.44327696377108,69.12559596375687,68.5598858556202,71.47607537505462,62.27146645357277,68.86422027297948,65.61314714196976,67.06216531210019,69.13118378315197,47.68671467835083,62.12820767988495,65.138439294678,76.53308076761795,55.16634180337446,59.81552621860154,57.54160832546141,0.0,56.40889743275056,61.53411666347017,62.87447445214409,59.47491852376334,68.5170337661121,63.80802384946461,67.26782180883157,67.64929243420768,68.00880138533596,65.8705775293315,63.02983609033275,66.5517121564348,62.07055887102385,67.86640786107462,65.16082666087138,70.13468436580888,70.12220269499402,61.944676088984984,70.66723595175733,65.26738274631235,62.72483257599645,59.26871848675185,65.97638567586365,69.29485976546795,60.79811108341676,58.78951271475085,70.74674420258818,68.92021202587452,66.59368234722801,54.96456285492274,62.74316792722957,64.22461447172519,61.183280103561714,56.65265621904045,73.39863436794107,74.91753858820522,68.22508784798895,72.02497367711032,67.89680953358231,76.88055524527987,65.97566607063618,68.84895976505707
1610555638.39J2ZWBLuLTHP0jOlzB4tNHmYeijH5g5YJ,54.76309312794513,66.05028222930993,57.378538927285796,72.00033158064576,50.56218597708655,55.518922881344395,62.33827885118039,58.85530186157231,56.256902767454626,65.87298262365442,74.84940228404065,69.88557265282974,71.51299632874694,62.43313476278714,70.42455280051362,65.77735499031144,71.08785207787936,71.63098739858319,56.846699205965926,60.373595571139816,67.90813659176197,78.95987201928331,50.65834498312914,57.54160189781248,59.70944776192762,56.40889743275056,0.0,63.64273966595234,64.55928892302062,59.6960507580062,65.18423513266653,63.56500873427187,66.37127654866005,68.0371150690967,70.08767886961373,67.3208712100088,62.32391443887088,66.95657661930865,63.95297518953326,68.68316424838835,65.37361995228369,73.31409140833858,71.30857871660383,64.61374415256117,73.6110857228002,70.39210495071224,62.87414622332084,59.22888742418133,64.03644731236402,67.55703798798936,62.828279261520784,57.15310846539766,71.61503270566381,70.66294732539913,65.6156400576742,57.01892367685117,65.9719352522051,65.88712281011576,62.786921575553514,60.22537605602221,77.030637205734,77.31810612397155,66.85160017074976,75.62160305439001,65.16328556836245,79.17400144182487,65.22017529767123,72.35548827967489
1610556032.17Q6yCDx9g7alRnL9jBFXD2JhhUyB2hKfJ,63.44798073455684,58.88618110146865,63.34735263033907,63.298674624917076,63.04621638406412,59.581560095503484,65.12688648698067,65.36185360667241,64.54742688708029,65.83179074379203,69.49826392358096,55.428942688548226,69.12636912112053,66.8479842300964,66.23516933675693,60.19245834765231,67.48340258975534,65.64675341333373,62.086855911358185,60.13424295629705,54.42491090835716,71.56999291621094,62.839543052845976,63.65690676335551,60.363007047231115,61.53411666347017,63.64273966595234,0.0,57.92787914986239,64.2798072599489,67.20740682290034,68.80117437015952,64.35294726820855,61.85457036560134,62.26762340514276,60.680606744993355,59.89412273159373,61.54247183355493,59.88510160822413,65.68200121495217,58.664014900118296,62.09348282441081,67.05651725371104,52.71802723600421,68.39981986595083,61.68100145809234,63.170566766778286,64.05372407990751,64.51959021833022,68.82721018934548,50.90519121645949,63.97490541051244,67.24419427099286,65.65817907665554,64.11085282708717,62.03263091488343,63.582887037615556,57.101316084719535,54.53246315541654,62.39763867019057,69.5262597856123,71.95756787673152,62.688670425898586,71.93003044558768,63.824581372398825,74.24069229162947,65.96434159797417,63.6388577860706
1610557007.49MyVgDnuUuBxrvL6SGOdhKf69VYlW1MSm,65.38529794833154,60.92474888361811,65.09682505774259,65.71074325702601,64.2651143467576,60.534372799162284,66.50824927676256,67.07095087536312,67.04101116483565,65.62337543063263,68.02726216801267,65.73629723260898,69.9235325243914,68.705703257035,66.16613092402008,61.280001925316405,65.7967775890538,66.57192986366466,63.4017445574053,61.30995421113436,63.54345175427937,74.88916750803794,62.46859307744517,65.43337565295958,60.63836156552418,62.87447445214409,64.55928892302062,57.92787914986239,0.0,65.21787812029562,66.25264944285252,70.21767578393694,64.80914068075299,62.55582441748333,63.58741440025739,59.819928020224445,61.35719373014904,60.59205150069089,58.108436958180064,66.74983867788586,58.21164392001799,67.84838378833989,67.45328548970745,54.47998510923747,64.00916695065959,61.23721699144887,64.43822738289795,64.97625162687312,64.41570087782024,69.16589297268288,57.87751084299516,64.2321563909696,69.4558139085702,65.87430361784935,64.73384813074243,61.9586237280465,63.806552592529194,62.842064131410325,60.99926316481125,64.40978134097864,71.35047485113598,72.11623442598227,62.67812081100512,74.11303834886886,63.484550010858456,73.8636989919861,66.61274508965245,66.18435820188368
