,1610555604.25mOvVXuL01OCiReyVWBfesjuvXmB3MoPy,1610555605.43B6oDsBtWRQ29Q9UMQuTUEPZy3FSSWXzc,1610555610.92HPGJJSmyPM40z7otPBgHalNrHFA7zk5d,1610555606.68LaSQbm9EHAFycEfFtEqAwYqlBsQPjIRW,1610555617.19EKxMEwDHfXiEJZc27TsGoERaD6Da4BZU,1610555722.52PJ3FD50MGhRXyUD28vluU8Z9UjLJLZn4,1610555617.52Ijr5puT55g9apK8auM7zaxa3NANg502t,1610555638.77ZLjTLkz4jYJdFMI2wWBztzsDILkoOtAk,1610556912.46C7tJPLF0XfNnm8f1820X9aLmXMHoc0Dw,1610555617.51LjzIROg0aeCP2GhDcAVQ0LipKJB9jmKc,1610555608.17OpjjHobqRkX0UPcaXrbu7K6L3805SZri,1610555721.82zWeNZfGUUfRJkgnAwlP8VMhPzXctnSd4,1610555735.75bom85BDF0C7W2eIseHeMxi24qR68nzMi,1610555735.77NnT5xqKnwcf2BbjIekeb2arTQj6QMNwk,1610555638.33wjf1PhdNaoWfbRzXVn50hmFyB5bYAiLV,1610555606.65jCE4ig8Pu8kvAzkxnSGfWsV0nQBjCf8H,1610555608.18ONsBCVo1i7BrX0XG9stct4oiA6ejX9Oz,1610555721.51RNoQUMP19FTMS79BmA3JkgSm2IC2AQuQ,1610555971.86O0cHB2ibBJ8jxoObg01EpGe8VVV5mpwn,1610556911.51zU3duZSGpcw1BDNsBLxdOCITAXwl6z3i,1610555988.71dMoYT8250UHHJGxgmITTmbHe7V6gH1yU,1610556042.81mlUZsSp7gbGjrp8jQSnybT1gPy6e62o1,1610555637.02UBW5nKvDyUrKnaWcYRGajZPxTRDS0q3N,1610555619.13oUYNikU4facCTpUSiSLr0vPI0tJLnXiT,1610555721.03nzkucfjAUh31zTbmCVvTVYqtjoxZFnBh,1610555722.67fhKURdXVzRbLIjXmjRwdJHTnE7PWb1AE,1610555638.39J2ZWBLuLTHP0jOlzB4tNHmYeijH5g5YJ,1610556032.17Q6yCDx9g7alRnL9jBFXD2JhhUyB2hKfJ,1610557007.49MyVgDnuUuBxrvL6SGOdhKf69VYlW1MSm,1610555638.44hjT5hbYdKoE3MB6hijrjqbjmLgvCUYKD,1610555608.13zUvmFSCRt6SsLbhqFznMEvGx54GPGQzM,1610556038.62a5C4ynd1AARyAhTv8a58NCqHvXRjscqH,1610555644.45Xse8u7pusHNsd7F3d0A32HXvXr6weOJE,1610556038.62gKXOCG7XCn55eJvyl5voNjbwOW0znQDq,1610555987.13v0oleKK97pkesp6oMgprH8SoSdoDVdIO,1610556964.96ZLLeiQW0qpmxhPGTg7K03fmzkqsC2bjC,1610555987.13VQlEedQ50VvkPMEMzZDv3KNnQCewykN9,1610555982.186TY6MMGkDecIN1woW6vsfAMXVV7jnyjO,1610555982.673LuMndkwkvdmZOn0MmE2Pkidx0FtNalb,1610555733.38zItcuH7gHNfKdALR2d9Nek6bxCyw36Vm,1610556034.15BQxSbZINGCay0yp6RBVlgcPrw76Yn9ON,1610555639.37BPZpgtGml8qUsh9AdV4m32jPLfI2aNFq,1610556965.57S0adAalhWYe6K3bkZU0bRHbqnDK8gGkR,1610555983.54zteLPCMjyrjzPdhHhlZr3faCgD0TfYr3,1610555987.79rHnNRmt9a0ufmnwCvZqBouyUoZDNpylW,1610556960.041xWER61rmArlsKfiMl4frikWmUCnQ7op,1610556035.13a7NHZDutfTMJ88qle1gTYY59Dr4WmMsj,1610556890.456ZBDaY16bMtrTZTqAgHl3wq1tRxzqDow,1610555760.24e6890pkbyZ97Or6croI1rQgjkSsR0yVt,1610556043.02YpWMIJg3W004iqlPyv8OcVAZdSC5rNYw,1610555987.03z05P26TLtONYM1HSzupoc2CeNMa6HTqr,1610556032.15OYCzUxpsz7b10AXBAuDXrvEcvxFhf0M7,1610556032.63Z80yI9pNwS3jSmsDABbuhf8wkNa2Ze9y,1610555736.28eGuESasTXdR3SqY6pHhEXWZtcdciYLCO,1610556034.61bebeZA0MkaFG2sm3VKiqrxeqQginTTW0,1610556944.5XwXOphKYT3ZkWA8gViqOS97VHVuMVUqb,1610556944.745UVLFBzf7fPh4UH37I6tYQOFPqRDytEh,1610556034.63XsUwaFaPZevO1JNFjfhvY4aKNFnV4noV,1610556964.89xwBHw9faT1HjQRMNQEyA4qJ3hWkwgj3k,1610556966.74DydzH91jtyvRyYau47JpVkZoMRSNTt01,1610555740.77UueVziDbaXyRR4OcVJIIZyzOfAzN51bj,1610556046.84e3vwjyRCzqz0wJQhrk8zsxlFfFSv98Df,1610556137.99eoPuVrDThKAOvmeprLPb2FWRqIhzUodc,1610555740.73XFwSrmTXJPlaxGZSefh0jOVA8PI3III1,1610556123.88AOfNaz9jSnqU5Czc7okOv1RCrYfKFBTo,1610556046.85nB7NvyoYQeLcOV391Lmmut1wAM8CFGLw,1610556123.89H4pdIAzDthI7bMXMhlIhKUYIQIvtmPPQ,1610555740.87GOYQUJKpkynIS2lFqppYK4b32ol7NeGh
1610555604.25mOvVXuL01OCiReyVWBfesjuvXmB3MoPy,0.0,46.73942584779968,14.435137301595624,43.96818686274168,39.75336426162834,39.75472086440958,36.23612202981365,15.430724243121654,37.14542797097632,40.54904335778745,54.890370306337445,43.90796148849619,49.79520734350443,33.54257724020133,49.299872006585446,39.37662633766894,57.42092849115818,50.403092786004116,43.7769863224359,39.253924380440296,48.618900051183104,53.59894874296957,39.97590121287028,15.745394692672866,42.117956822904304,44.47635118607527,34.5018436574268,46.16957975625845,46.68511561195523,36.13841329885246,39.18094146829976,42.383111873059036,47.53543626681445,43.74943664400176,43.37150802330124,44.91285034646403,41.13162760084081,42.79336648138332,45.508000749579864,45.842978129128355,41.62127833704097,54.45397295588388,45.76494703166018,39.45763159830412,50.51335321303534,52.49334370168591,41.666118499529844,42.116206756809554,38.33950924174902,47.380617164616694,37.35818646563149,38.64409237573336,46.81629970947987,54.15347672077483,34.883214027781136,41.536844233665725,47.122901795992874,38.98811817059834,37.290514314435086,42.97061891916155,54.269542605665784,57.75506099751035,41.29978919844771,54.70472621455186,38.25970993286708,57.729830619599234,47.25099578562781,51.98832971404376
1610555605.43B6oDsBtWRQ29Q9UMQuTUEPZy3FSSWXzc,46.73942584779968,0.0,45.274231683251735,46.88393086574411,48.20982872716213,47.42290842631611,45.39406558894084,45.557131008786286,47.75317406556969,46.118245922814644,54.620678229937944,49.55845553864188,50.17697557209444,45.815744638796296,54.92336782998199,48.16897882731169,56.36742318486389,25.210034316114143,49.30092513681553,45.85525782474333,52.806718131685294,53.22720993348488,46.732256821996145,45.395960517980164,47.6648446409813,52.4255030322873,45.60901358315069,49.87643206398237,50.28653830326207,43.18937852232718,49.03485334857987,48.484003945492454,49.206411109321905,47.72987189000329,50.119103462304054,52.43730369840123,50.02673588478671,46.86494140380341,47.74674387692265,55.849194748103805,47.674365554320524,56.023713989509275,53.90314089856528,49.90374127115777,39.970868603542364,28.875025798805034,50.7103025165432,51.32605633664479,43.766863946092684,55.045439651507216,46.547373204035935,48.979337837634866,54.2697468685062,58.05299179209941,45.08018254725393,48.256434866816384,51.10387280651901,45.44091296689263,46.143565797795524,47.861340627255494,56.503281016623625,58.8754482639419,46.423866481139605,56.820159702901655,45.800302904422885,58.70485241628494,55.02233641764556,55.553707088004074
1610555610.92HPGJJSmyPM40z7otPBgHalNrHFA7zk5d,14.435137301595624,45.274231683251735,0.0,42.395664781092584,37.99427393979053,38.1541820375695,34.28677759761941,18.15489660907008,35.700338073049544,38.84341131683789,53.64334105750135,44.339324630469704,48.4227453325462,31.898145011647465,48.36547964546119,37.61327014761769,56.23106238592437,50.60491528432251,41.72102097566957,37.275326911751115,47.331101176641326,53.21900565599687,38.24162861886575,19.934565918185296,40.36766501256507,43.221571370100214,32.465159827593546,44.72546121961382,45.19751403972409,34.2073483196538,37.40919762527315,40.755886168518366,46.093090937678284,42.16993537214178,41.94194781903321,43.45237422879967,39.540616342614044,41.180579135935,43.996990972514105,46.00870444960412,39.944373888868995,53.34105030186684,44.45554246701529,42.288332752844326,48.91049097462763,51.11841638102976,40.336085566434775,40.88595679237673,36.53090234751847,45.885823303503045,38.07478027955384,37.24837179752304,45.34097777191319,52.889257309406695,32.88067312296356,39.884339685357325,45.8686988583281,37.21638737497196,36.63530090311552,41.56264990597523,53.36387750484228,56.555468150667295,39.62831635448865,53.51355643137478,36.439660616691654,56.70274420426385,45.73694943792335,50.95001158280228
1610555606.68LaSQbm9EHAFycEfFtEqAwYqlBsQPjIRW,43.96818686274168,46.88393086574411,42.395664781092584,0.0,46.851040323968974,46.12751109265462,44.216159606565014,42.677050609263155,44.23367095593178,46.523778882718325,54.07221393185637,46.99488254563533,53.507463902146114,44.140036570016306,53.79024143381314,45.35467464147696,57.09800640457041,51.18381084802086,47.5082344117992,44.30960587015328,50.439725467751124,54.59551063358983,46.60664774317101,42.473009254780436,48.72676291160476,50.35757034607458,41.31312806917823,48.11665302103082,50.03489836475416,43.58894622350866,44.80954116150977,48.863690395008945,51.17377576702115,47.86966483092871,47.28144556457781,49.845022727101686,46.82363459214218,47.00264324400919,49.681818727626,52.94479671447662,45.003855474717696,53.75542022504503,51.34842734939142,46.66249180886696,50.860334248734624,52.77548930742512,48.44160467211953,48.39339453834751,44.03892946273716,51.41564518452941,43.191011309014286,45.782068789336236,52.10380711927363,57.13032643702276,41.611570248121,48.32532291848496,52.91664220342572,42.57521009013403,43.30352459626883,49.132565286280325,54.68148416368481,59.49410667920724,45.668422547480105,58.59378025145988,42.84321681771819,61.03434850882905,51.24779328657735,53.94257496725998
1610555617.19EKxMEwDHfXiEJZc27TsGoERaD6Da4BZU,39.75336426162834,48.20982872716213,37.99427393979053,46.851040323968974,0.0,43.21638417340594,35.51026089965457,38.46694935405905,43.67815706112315,42.876370093945205,55.00387377941369,48.46718416609544,51.63382809499168,38.79342103930466,50.80879941902643,41.673436432458445,56.74970470633655,52.678377069154145,44.16662818858451,42.9548523148857,50.284139616553674,53.81081467178441,40.51887003948913,38.390227227380905,43.37741855665001,46.50214925329523,36.752929359834106,48.30103124588191,49.32676697949889,36.75447966128524,42.13650894456504,43.05145503608279,49.50729001959753,46.72177256262056,46.44811082368805,47.96818840764042,44.550950524346376,45.812412224486586,47.0230559925652,50.28051758382578,44.65172499175059,57.37091325043711,47.346845524257404,48.97978544921381,51.79524087248588,53.71641390883098,44.790283385105994,45.66507242988342,40.50190020401377,48.6480330838116,43.31441641853195,40.9234593970536,49.56239558407395,55.83402694312523,38.402157341698256,42.64599721834799,46.344818313202026,42.68467484676059,42.00762809859814,43.53402993418155,54.7228358393564,58.39375897733727,44.49517081096874,55.52062892488648,41.445285256229546,58.685861391323556,49.23741720382904,51.04851757561199
1610555722.52PJ3FD50MGhRXyUD28vluU8Z9UjLJLZn4,39.75472086440958,47.42290842631611,38.1541820375695,46.12751109265462,43.21638417340594,0.0,39.71115642292565,38.139767513776036,40.042474408347076,43.80317215537611,55.044690117097055,47.07623769787541,51.60714869622844,38.120997341311465,51.77435916382025,42.73453141764176,56.30390077416213,51.25988452460796,28.029452821730878,42.60657785093337,50.07432773559583,52.41513754737517,41.92484667715978,37.843215827777,44.428715196845666,34.847064793552846,38.370155194461255,48.37638205123723,49.210034083078654,37.487163316931166,42.46916792739917,43.02132986850096,50.31281476260374,46.803745185384905,45.63670838158351,47.67977213860551,44.36544125303101,45.99410003916321,47.79451470721213,50.198064520856555,45.06253370450126,55.53897147082494,48.93857743137732,48.055157632124,52.270744635869605,52.04651157577565,42.6717798769399,43.05872940965888,41.77186532026523,49.19504048283524,42.359491759299075,40.18042289868044,49.16012918819688,55.51218657699162,38.52111860094976,40.282098780121935,49.85243559668637,41.84905796935273,41.088738760688535,41.73406372733308,55.599523575085236,58.51544578841459,44.39096604424999,53.988561342475585,41.84495543402576,57.39415199149234,48.69564943562728,53.547238690587356
1610555617.52Ijr5puT55g9apK8auM7zaxa3NANg502t,36.23612202981365,45.39406558894084,34.28677759761941,44.216159606565014,35.51026089965457,39.71115642292565,0.0,35.046504128681214,36.867965646689484,40.444183079288784,52.849836315612315,46.740134158999226,49.160207413214074,35.09765761842979,49.57352845104798,39.09474251701613,56.161202952497916,50.57434325479535,41.08432857613704,40.7006721247902,50.00766875037368,52.29339010126435,38.96943443370564,34.80392215400723,41.60346541519859,44.56036828040593,35.43298960323686,46.039318079009185,46.94438449584396,32.572608928742156,39.981761270768686,39.43271175694607,47.4249726315419,44.72632146723852,44.18494086134471,45.60557969753012,42.41872390140609,43.535899880858224,44.667038473463755,47.5086576655243,42.51096665528394,54.55016484334055,46.74394972923374,46.45653233733477,49.31363774422854,51.64626057284424,43.23869926891086,43.724768029332154,37.96085320949145,47.9751466665848,41.08477715713824,39.28625748905031,47.20699389026863,53.75924441900942,36.10394434332031,39.94460400018292,46.08541288659953,40.31095399415108,39.63154728940081,40.843053044755024,53.55522137460196,57.060143224610826,42.177107381653094,52.72070925109034,39.03194729259917,56.91020803532521,48.00992554946297,50.93980528504443
1610555638.77ZLjTLkz4jYJdFMI2wWBztzsDILkoOtAk,15.430724243121654,45.557131008786286,18.15489660907008,42.677050609263155,38.46694935405905,38.139767513776036,35.046504128681214,0.0,35.34711515098228,39.17632526688119,54.11660363621202,43.7660820053258,48.68567798744271,31.17997492414122,48.10318342920525,38.152366288985554,56.422184783529715,50.38591423831874,41.62967077530746,37.80670059728931,47.39509280069571,52.830464530257416,38.57579681170293,19.777263119206193,40.792755813081364,43.13926157810824,33.254534812988496,45.403719985036986,45.551638358916094,34.58340128620645,37.7873136121603,41.065436941474424,46.36998939524604,42.7351252100542,42.31087650180934,43.90900800577943,39.758952860909865,41.47739522132766,44.011326420526885,44.849187068139656,40.813090076394566,53.44347851199201,45.00270130378116,39.50186408507038,49.38478114473825,51.32095212967635,40.525892514918574,40.66670790552937,36.884098375305896,46.25178578261598,37.39158937927097,37.269804501799605,45.40167180011815,53.244502388917326,33.34700987381045,40.213254130810036,46.12078011753622,37.56518914722734,35.91771199619625,41.52104979359598,53.37026073267358,57.0371432964994,40.027927150625516,53.73724322537076,36.779106193073815,56.559575148652684,46.16019509154678,51.1342306143756
1610556912.46C7tJPLF0XfNnm8f1820X9aLmXMHoc0Dw,37.14542797097632,47.75317406556969,35.700338073049544,44.23367095593178,43.67815706112315,40.042474408347076,36.867965646689484,35.34711515098228,0.0,41.88307287168355,55.53655195462515,45.66474555613895,50.800279652796966,36.37998680061558,49.49596876853556,40.71522196561758,57.98881613904147,51.62053883519547,38.98066229479634,40.4955589675225,48.29248286939276,54.158332770676864,41.40436249950298,35.22869256528589,43.246656251651615,45.58184637357101,36.01922550266671,46.88038606266909,47.87592066031903,37.63360610418257,40.42575220282034,43.627011013454556,48.64606741493876,44.991771911730304,44.5184510061496,45.968194890561676,42.691104911397865,44.025877306961185,46.60457206056559,48.79495690198214,43.624265051206564,54.39846482611348,46.331868162041154,46.53292628284213,51.357312378598884,53.29974785662816,42.627003283752416,42.34696094554529,39.76168886309984,48.001718300230934,40.21230720070649,40.20184738209918,47.847865983806855,54.50367745197818,36.69860936208276,42.6889075689299,48.54855004581006,40.47400014365473,38.81406801283997,43.56335772173384,54.43311111918073,58.338578717883934,42.62868976889007,54.17321282986031,39.741059231690755,58.303282642147025,48.21371510525973,51.95806688303811
1610555617.51LjzIROg0aeCP2GhDcAVQ0LipKJB9jmKc,40.54904335778745,46.118245922814644,38.84341131683789,46.523778882718325,42.876370093945205,43.80317215537611,40.444183079288784,39.17632526688119,41.88307287168355,0.0,57.47772164458912,48.39388632410139,30.07689011099756,40.05162886930562,50.81611284578117,42.72700045733576,59.987103843567816,51.436717552689096,46.101278838871345,43.24685335655924,51.456134627856535,55.29739199667444,41.95511857256035,38.98307985060641,43.79759407228063,48.88558678097771,38.75309753678568,49.31119269955202,46.487256355114596,39.07015223767266,40.83817301200691,44.88260877065762,25.684762923692475,46.28132121041412,46.328245714944785,48.53204663528724,44.258858142660806,45.42821072607734,46.729386179818654,49.718392764883816,44.94063913207776,57.624600556198196,48.97131480294277,49.27119232207919,52.15230273162891,53.10420121943503,45.261699424625995,45.78178334631616,23.778380895480375,49.90476696983865,43.24079873831173,42.55569817112421,47.65412039598499,55.03501304348554,39.28897409171853,43.56009485118477,49.189116333910306,42.024402933916676,42.50603726506523,45.215669767418895,55.56967907106418,58.61207913648589,42.06756647795146,56.96978342732286,37.85898880458017,59.73224372472478,50.41918594051446,53.41680061495452
1610555608.17OpjjHobqRkX0UPcaXrbu7K6L3805SZri,54.890370306337445,54.620678229937944,53.64334105750135,54.07221393185637,55.00387377941369,55.044690117097055,52.849836315612315,54.11660363621202,55.53655195462515,57.47772164458912,0.0,55.97484366246913,63.443186472951794,54.39961389896962,60.461459086718726,53.54500529855461,57.667911386096065,57.936000636627156,56.855913777034935,54.93583930374183,57.63916075095464,60.33013328142757,55.983813870469405,53.91303082592325,56.0369563589411,58.90634613922479,52.437863350979946,57.41205106578968,58.40395958866885,53.70587356605008,55.36229574972572,57.134711638804255,61.52497662446123,57.033800966589446,56.34619419400158,57.599945865360716,56.47440855542338,56.99933670555221,59.23970926709717,61.47743614040474,55.260594769988835,58.13773533497372,59.174359010122295,57.79458803962506,57.519905033509886,56.099084768589556,57.46982983096076,56.62705665911574,55.210576221654314,58.93737484238571,54.46713574591904,55.76644046615182,58.95879431685593,63.38113278567823,52.890710201383634,56.21428080027653,59.33413670148795,53.27298035288169,55.36244413382495,57.058648320880714,64.38257996025342,64.02467854626177,55.15953573213548,64.43006164786873,53.496001539203995,65.29160051492336,59.25631724429735,62.515631096236056
1610555721.82zWeNZfGUUfRJkgnAwlP8VMhPzXctnSd4,43.90796148849619,49.55845553864188,44.339324630469704,46.99488254563533,48.46718416609544,47.07623769787541,46.740134158999226,43.7660820053258,45.66474555613895,48.39388632410139,55.97484366246913,0.0,54.42915634094542,43.06827487674717,54.874624350918495,45.353004127640624,58.44637308604538,43.66530971564372,49.22207183687497,43.78562580808895,41.531284867175025,47.263143231202974,48.38680639942018,42.443936480163444,49.63582715115019,51.77231578699727,44.183664366796314,50.158590162956834,48.84179190227328,46.29998575574698,47.11905720910333,50.41961735375241,52.13630753181347,48.247688003781406,47.504495402757364,48.56304125801087,48.20049039840075,47.02821801189198,51.687540078259495,53.82778689764494,48.945394500131165,53.90915302713703,52.408795013891826,47.053476947815156,52.915863228357004,54.08613722282531,48.801789661615835,47.04963173015673,44.798280098366135,51.76839384829066,26.807239126803925,46.29195569853782,53.718042144699965,57.11698612206123,44.38809726941794,49.47556578282657,53.72252445548137,42.478898680530754,41.98169517974787,50.56072268814658,57.260654052823504,60.95608352016136,43.4899707573847,59.75926846184119,41.93188523090976,60.52749084742201,51.837533952187115,55.86555369694499
1610555735.75bom85BDF0C7W2eIseHeMxi24qR68nzMi,49.79520734350443,50.17697557209444,48.4227453325462,53.507463902146114,51.63382809499168,51.60714869622844,49.160207413214074,48.68567798744271,50.800279652796966,30.07689011099756,63.443186472951794,54.42915634094542,0.0,49.09390950414259,56.882241556338684,49.733370303613555,65.75250573772168,55.49075222973461,53.548203915639604,47.45693133597758,57.299601199936724,59.759766337900544,50.83634108837897,48.53368947137341,52.44323188235416,56.008781514636105,48.370654553209896,55.19521691546575,52.146964177359465,47.83886446806417,49.07520609431416,52.647281096617434,16.482886746641576,46.08932777494041,52.6495800504847,55.06400821056939,50.99750661957985,45.838747861397096,54.76605663747901,56.684087641236175,51.338534014522594,62.52354611214798,55.21625667819307,54.74531845132024,56.59726868664892,56.63789104942916,53.54472058497623,54.04681579528968,38.35069451508257,57.09089458074939,50.5855308843361,51.43993761272413,54.51811749255582,60.744867383526895,47.10843507018552,52.25925386132584,56.919267111772655,49.44399433293931,50.05073019691805,52.903481225793406,60.8510673060646,62.41871076001014,44.95787005791282,62.85474644793286,47.1997819899736,63.61891370503201,57.46822346113006,59.15229921191189
1610555735.77NnT5xqKnwcf2BbjIekeb2arTQj6QMNwk,33.54257724020133,45.815744638796296,31.898145011647465,44.140036570016306,38.79342103930466,38.120997341311465,35.09765761842979,31.17997492414122,36.37998680061558,40.05162886930562,54.39961389896962,43.06827487674717,49.09390950414259,0.0,47.943004830010196,39.71925731529153,57.232250261512654,49.643519618140374,39.21276292098304,38.81296014990548,47.81010983261372,51.72833138604382,39.32388615294154,32.107912450743974,41.265865582993605,44.2213348275639,34.857862544013514,46.516798039058294,46.80306528003472,34.760250010366214,39.374470253901734,41.203140877332736,47.09145079718316,44.05837053844548,43.67344311075684,45.10146695264113,40.88154763892682,42.46804340255493,45.1224243927188,47.31139680813188,42.16672663755974,54.555430515619854,45.576211324043136,45.41109619181152,49.199283775048386,50.87080632915639,41.851750087112435,41.70945362701833,37.805593638165796,46.915333794330905,37.870686625118736,38.42483663521038,47.11610751868961,54.251834699226755,35.206177447863205,40.83698329654795,46.36184775106512,39.15968757320693,36.34844835486198,41.69173215466025,53.47671563045301,57.3135748087371,41.791355086954844,53.613676213936685,37.82838003657673,56.05593550745989,46.97161052985405,51.87027151931257
1610555638.33wjf1PhdNaoWfbRzXVn50hmFyB5bYAiLV,49.299872006585446,54.92336782998199,48.36547964546119,53.79024143381314,50.80879941902643,51.77435916382025,49.57352845104798,48.10318342920525,49.49596876853556,50.81611284578117,60.461459086718726,54.874624350918495,56.882241556338684,47.943004830010196,0.0,49.607555213572915,62.06719950508122,58.56065382229322,52.839410399360965,50.503033016717815,55.8000004464143,60.326494716948915,51.67263011889693,48.05082366709647,52.83204083706625,54.57889587907911,47.68925679656123,56.13741421999015,55.29466635619904,49.478572190055985,50.409341264962215,53.27091154370575,55.83803757025362,54.66775841051695,49.68159820440763,53.42451734401936,50.27106276160085,53.56969062162696,54.843556332272044,57.088078231485156,49.063115970105606,60.68201504407649,52.33154104578459,55.59841828071579,55.84701101597466,58.96938585098072,52.20029338526535,51.69022467912569,50.83013572437708,56.539641291651826,51.046184347975974,49.39176411336494,57.47458317765177,57.5293299042612,47.53565117123142,53.23894205739247,54.21441399740744,50.576284847978236,50.28947137194903,53.665945375576385,61.574749543786766,63.3124412395231,52.40584257172744,61.80923873481374,50.22760105565083,63.20787716533177,56.85904292669468,60.450847812008746
1610555606.65jCE4ig8Pu8kvAzkxnSGfWsV0nQBjCf8H,39.37662633766894,48.16897882731169,37.61327014761769,45.35467464147696,41.673436432458445,42.73453141764176,39.09474251701613,38.152366288985554,40.71522196561758,42.72700045733576,53.54500529855461,45.353004127640624,49.733370303613555,39.71925731529153,49.607555213572915,0.0,56.470445619894406,52.65594009938387,44.98528508807089,39.09346272076773,47.762394189636225,54.823813220606624,42.75459065311383,38.03913124559341,44.48566575490359,47.88574526597089,37.280158378015756,46.616239577059645,45.86850504553619,39.9999297358667,40.66573092822793,45.214887309870626,47.19802375709643,39.45860677848752,38.90944743394963,44.56310807499422,42.03994633106338,38.68633339203561,47.4979754676576,50.331829346744655,40.67312119380328,55.5198348893708,47.93378186117181,47.55096092798187,52.34003215293668,53.46045093313113,43.814780016605255,43.85268067298349,40.41852548045365,47.70539190125549,40.64000796143602,41.567121701734266,47.993089123936606,54.3918090211789,35.66985337818145,44.07488953883652,49.35852883467139,39.15506087780084,40.431503633264434,45.903408418671,53.66450932762245,56.86579164805532,39.48502070767726,55.70252195175716,39.75275366684461,56.77978054221613,47.96668419896953,49.09446105534349
1610555608.18ONsBCVo1i7BrX0XG9stct4oiA6ejX9Oz,57.42092849115818,56.36742318486389,56.23106238592437,57.09800640457041,56.74970470633655,56.30390077416213,56.161202952497916,56.422184783529715,57.98881613904147,59.987103843567816,57.667911386096065,58.44637308604538,65.75250573772168,57.232250261512654,62.06719950508122,56.470445619894406,0.0,59.283314152008266,58.08102596505415,57.65423402288259,59.28892083193463,61.18479582977486,56.693260501883856,56.6014899315934,57.93273332725668,57.777122041770745,55.5108914770623,60.0096222018536,58.05779420609263,54.438879240597046,57.15467412060805,57.51783198338177,64.19650078898417,59.621077871578265,58.395624265552186,57.220440708043455,58.34533950430101,57.875434541438175,58.98237021218021,63.436850270251426,57.463935906355324,61.779825268318845,60.99790765064862,59.99204917714541,59.189581245753686,58.34192909251872,59.20705704387835,59.311845559979446,57.574451508615084,59.6915727219668,57.47992366595602,58.04296217580175,61.10498804287698,61.61675821634298,55.785743219802285,57.85895176914087,59.3521691295568,56.37319147534694,57.59606590633174,57.6838161633974,65.33223230605239,63.691108839591564,56.621710149975584,62.93024526129088,55.77580367648258,63.48142531262858,60.599952444972175,64.0214182372931
1610555721.51RNoQUMP19FTMS79BmA3JkgSm2IC2AQuQ,50.403092786004116,25.210034316114143,50.60491528432251,51.18381084802086,52.678377069154145,51.25988452460796,50.57434325479535,50.38591423831874,51.62053883519547,51.436717552689096,57.936000636627156,43.66530971564372,55.49075222973461,49.643519618140374,58.56065382229322,52.65594009938387,59.283314152008266,0.0,52.836306498574245,50.75836088703277,52.56240867491787,53.28917914198882,51.39757449364013,48.95211280455537,52.25352492543943,56.171777575352195,50.50032342368129,54.45828177004643,54.47127959741085,48.804296453646494,53.29148976149672,53.241047065621046,54.62149159071639,53.28904042905072,54.400338342427595,55.97826137492457,54.60655411545672,52.61154599191762,52.042842956121284,59.416832608266084,52.64336823440318,59.30128169274852,57.49622100684648,52.95886306156868,45.76977052946649,36.757126894921406,54.421988107006044,53.533371428096515,49.33884127302243,58.12204389146998,44.19503178568672,53.04575607992915,58.505577048835946,61.5203453236462,50.592791371786895,53.00665630547611,55.00289027039702,50.42122551631943,49.871871706831016,52.281487906366216,59.378004887659124,61.859070583890166,51.056621861029136,59.89942723792075,50.03782614455297,61.75133701824375,58.30469071057277,58.76026755537925
1610555971.86O0cHB2ibBJ8jxoObg01EpGe8VVV5mpwn,43.7769863224359,49.30092513681553,41.72102097566957,47.5082344117992,44.16662818858451,28.029452821730878,41.08432857613704,41.62967077530746,38.98066229479634,46.101278838871345,56.855913777034935,49.22207183687497,53.548203915639604,39.21276292098304,52.839410399360965,44.98528508807089,58.08102596505415,52.836306498574245,0.0,44.83797888358574,51.04315009228062,53.24194844281202,44.108740313333186,41.43058004071047,46.77282808027737,40.425240107616645,40.24750576361909,50.332835899717416,51.12754591375351,39.219319941482446,44.67167623978162,44.44889123766548,52.30127198616361,48.74495146075951,47.72727367276356,49.303169268208336,46.609772146604875,48.030161890565815,49.49233541134162,52.5122386931842,47.26856737219034,57.37155387759261,50.39696499391533,50.532600373102376,53.84183251908496,54.14968792535869,46.16368315630266,45.13191245201485,44.1754044481729,50.21858009592862,44.45738290904378,42.59033507927282,51.374054783017634,56.937215883668706,41.42529749177318,45.72092179277748,50.97130855926254,44.54938817168008,42.520089581150465,44.168658118541124,56.83034523015776,59.9428611066723,46.69319233381946,55.14315258337849,44.04096345454304,59.30743001544529,50.08913614977327,54.59418289100317
1610556911.51zU3duZSGpcw1BDNsBLxdOCITAXwl6z3i,39.253924380440296,45.85525782474333,37.275326911751115,44.30960587015328,42.9548523148857,42.60657785093337,40.7006721247902,37.80670059728931,40.4955589675225,43.24685335655924,54.93583930374183,43.78562580808895,47.45693133597758,38.81296014990548,50.503033016717815,39.09346272076773,57.65423402288259,50.75836088703277,44.83797888358574,0.0,46.68347180712263,53.34070783367725,42.65493897484466,37.811797080493456,44.5886751533744,47.75540388034079,37.27551641111763,44.56361260169554,45.32165855747175,40.01878297314831,41.21848918383385,45.068465629216135,44.81140807842508,39.71950069942305,43.617993913462925,43.55375406345495,42.25333637870379,39.1628555362312,47.79100470889792,50.22848831188178,41.82148086530427,53.01153144772137,48.06163323852103,45.16761341171927,46.96808767011762,51.57670906421315,43.67234762884864,43.660746846943844,40.99419247863449,48.69842219174978,39.33101893137741,41.508665908249654,48.75432337247627,55.638411743659326,37.508128937343045,44.18483857385649,49.43849396273428,37.38821762773198,38.60766834847933,45.89551483681107,55.229432571768164,57.0926950054272,38.40302092600801,56.74292378366035,38.79578963424611,56.3878306183654,48.82172070435819,53.2901011827028
1610555988.71dMoYT8250UHHJGxgmITTmbHe7V6gH1yU,48.618900051183104,52.806718131685294,47.331101176641326,50.439725467751124,50.284139616553674,50.07432773559583,50.00766875037368,47.39509280069571,48.29248286939276,51.456134627856535,57.63916075095464,41.531284867175025,57.299601199936724,47.81010983261372,55.8000004464143,47.762394189636225,59.28892083193463,52.56240867491787,51.04315009228062,46.68347180712263,0.0,51.53679566730255,50.77352151363064,47.53612902203885,51.59802763120453,53.13442620870012,46.99124105913639,52.33769813637367,52.686080166903295,49.383827490480186,49.672682209540596,52.84168764151598,55.13758511045907,51.74771690410233,47.774029895962734,50.89146024417348,50.748927036720865,50.35877574480111,53.87511178863322,56.39113709646221,50.73434012127866,55.5165897222513,54.18269283189651,50.853118189953264,54.67823729290888,56.20087600585135,50.883580645048866,50.35385540374657,48.43583293216158,54.3415709602612,42.9358703288633,48.76900157484538,55.95251508996196,59.1386525703067,47.21918941027183,51.77003741367128,54.773909455351784,44.173208355606164,46.320545841670615,52.144866864715404,58.727981708041185,62.49711830760992,47.579606258383855,60.08895259571898,46.26759631993461,61.703181251476344,54.79888372262596,57.69993891843088
1610556042.81mlUZsSp7gbGjrp8jQSnybT1gPy6e62o1,53.59894874296957,53.22720993348488,53.21900565599687,54.59551063358983,53.81081467178441,52.41513754737517,52.29339010126435,52.830464530257416,54.158332770676864,55.29739199667444,60.33013328142757,47.263143231202974,59.759766337900544,51.72833138604382,60.326494716948915,54.823813220606624,61.18479582977486,53.28917914198882,53.24194844281202,53.34070783367725,51.53679566730255,0.0,50.20340201808248,52.48329964752134,53.969948739945984,55.129109191185805,52.72251860411064,56.952866088315005,57.43866091544635,48.20161251338182,55.7924955428585,50.60693617164265,58.631038003108834,56.75391864044013,55.89778324923742,56.773389569350876,56.63454711400545,55.78247364201364,56.51173307807192,59.94343975470163,57.02459625716275,60.00804720539362,59.34814040252304,56.22341688983719,56.51885733741938,57.11470392525097,56.099523875368,55.81135130667559,51.54981840921124,58.221447012854796,48.82537331479479,53.65864693887374,60.798268333177134,63.28194748832153,53.721498753341336,54.780819956902064,57.40575499285574,51.88241418599858,51.235641533722216,49.26753222944344,61.15998645895325,65.66424197808658,52.8450913806968,61.516583405061056,52.46503949142604,62.41298844345368,57.7475413528253,59.40994526318472
1610555637.02UBW5nKvDyUrKnaWcYRGajZPxTRDS0q3N,39.97590121287028,46.732256821996145,38.24162861886575,46.60664774317101,40.51887003948913,41.92484667715978,38.96943443370564,38.57579681170293,41.40436249950298,41.95511857256035,55.983813870469405,48.38680639942018,50.83634108837897,39.32388615294154,51.67263011889693,42.75459065311383,56.693260501883856,51.39757449364013,44.108740313333186,42.65493897484466,50.77352151363064,50.20340201808248,0.0,38.382409388531514,40.82446697838712,45.75188397872147,36.74615411443414,49.29185484290111,49.21372073316532,35.384751454176275,41.78188177784006,41.66645476024776,48.70352990712075,46.894650901056764,46.35744642871078,47.687084108451195,43.93784065448893,45.413960470789085,45.22519376131675,50.72357350281479,44.81436326071075,56.556280492045026,49.04967422198582,49.087807650564564,50.514524754885976,52.135027831252366,41.826893766833685,45.28454131443005,38.106695343647054,47.84416696138906,43.1083689651392,40.96494853586446,49.51358033265523,55.37022081854222,38.57898990073944,39.22220903053679,47.75711844470659,41.713303723575486,42.03350676360292,41.11123554535036,53.68459277483024,57.28510680122426,43.40632127478378,53.52859567134522,41.142230240347416,56.89326490811681,48.960307698826966,53.980240049910364
1610555619.13oUYNikU4facCTpUSiSLr0vPI0tJLnXiT,15.745394692672866,45.395960517980164,19.934565918185296,42.473009254780436,38.390227227380905,37.843215827777,34.80392215400723,19.777263119206193,35.22869256528589,38.98307985060641,53.91303082592325,42.443936480163444,48.53368947137341,32.107912450743974,48.05082366709647,38.03913124559341,56.6014899315934,48.95211280455537,41.43058004071047,37.811797080493456,47.53612902203885,52.48329964752134,38.382409388531514,0.0,40.77918865132446,43.381602875352094,32.623468618126566,45.22954614158277,45.38137320976387,34.367576465674254,37.52142029470487,40.887308673114774,46.20903976223093,42.185523958011274,41.84121245076274,43.77349624487334,39.80578768492954,41.31231874115362,44.11914649255253,45.81834141289048,40.75569818144177,53.940068833989216,44.4443217408598,41.1469639093487,49.43839899087553,51.459019742126834,40.10242029791516,40.59819749025379,36.68031709588234,46.3213849489986,35.53103593192849,37.13204423864737,45.450971651312976,52.96548938790524,33.14070788612826,40.24095302070034,46.17390927875393,37.364830309717206,35.442439651228135,41.55463282510128,53.101299918533215,56.83206897796075,39.75152106398774,53.46795157522621,36.58953810314134,56.66332546292083,46.069166927878285,51.02808536698475
1610555721.03nzkucfjAUh31zTbmCVvTVYqtjoxZFnBh,42.117956822904304,47.6648446409813,40.36766501256507,48.72676291160476,43.37741855665001,44.428715196845666,41.60346541519859,40.792755813081364,43.246656251651615,43.79759407228063,56.0369563589411,49.63582715115019,52.44323188235416,41.265865582993605,52.83204083706625,44.48566575490359,57.93273332725668,52.25352492543943,46.77282808027737,44.5886751533744,51.59802763120453,53.969948739945984,40.82446697838712,40.77918865132446,0.0,48.934503768032286,40.79903967779673,50.33104843311587,50.93804691930816,39.4115762969527,44.09498691917735,44.33933300029724,50.297724544528904,48.32682558274757,47.41096350898392,49.03663127914234,45.9444285376532,46.97392062035564,45.551441692972936,51.58798271576691,47.006467295481634,57.31318277270076,50.0054398353332,50.77228555811167,51.49364680139296,51.384111090261975,45.92827643151312,46.057535599267496,40.43337183252417,50.83782851285229,44.71710955769392,43.43673928707588,50.981017703857134,56.671514043724706,40.35524317468402,40.632560444585856,46.5098029026309,43.733677357386036,43.68387076412629,41.77169615101886,56.21277841941685,58.99980197150132,45.27104093184573,54.14877276261832,42.909090380076535,58.20749964285388,51.0951360183325,54.79294658728974
1610555722.67fhKURdXVzRbLIjXmjRwdJHTnE7PWb1AE,44.47635118607527,52.4255030322873,43.221571370100214,50.35757034607458,46.50214925329523,34.847064793552846,44.56036828040593,43.13926157810824,45.58184637357101,48.88558678097771,58.90634613922479,51.77231578699727,56.008781514636105,44.2213348275639,54.57889587907911,47.88574526597089,57.777122041770745,56.171777575352195,40.425240107616645,47.75540388034079,53.13442620870012,55.129109191185805,45.75188397872147,43.381602875352094,48.934503768032286,0.0,44.07874194999959,52.86240441680985,52.89506072470336,43.081354143528706,47.54593240062044,47.74195782927542,54.78198702004575,51.56431082163555,50.28616615609666,51.82526417007209,49.282565964148056,50.79855721358187,50.93294395324193,53.54115523515248,49.842483985957024,57.56781111949387,52.59758984118299,50.38483195792793,55.97919745835404,56.35371934519454,47.01508487531517,47.88643668105421,47.07490758888548,53.4204954406719,47.00982397142669,44.73968484676428,52.43288496880345,58.737684536119346,44.32227693535067,45.620770735465925,53.118096547702436,47.008899149466735,45.9326119485013,46.12269769184245,58.5480435236389,61.35013908878122,49.3120019808944,56.96088585998593,47.0950245221687,59.55098298227988,52.58135620787104,55.970066023009466
1610555638.39J2ZWBLuLTHP0jOlzB4tNHmYeijH5g5YJ,34.5018436574268,45.60901358315069,32.465159827593546,41.31312806917823,36.752929359834106,38.370155194461255,35.43298960323686,33.254534812988496,36.01922550266671,38.75309753678568,52.437863350979946,44.183664366796314,48.370654553209896,34.857862544013514,47.68925679656123,37.280158378015756,55.5108914770623,50.50032342368129,40.24750576361909,37.27551641111763,46.99124105913639,52.72251860411064,36.74615411443414,32.623468618126566,40.79903967779673,44.07874194999959,0.0,45.20127440968499,45.175950626915764,34.89975999514879,36.08202513137007,39.61873989184095,45.99301130409769,42.242838655981394,41.67497879016354,43.186040025374695,39.20556347420388,41.33967326354535,44.435514906452234,46.6458551354667,39.64691329293726,53.53862588409742,43.986665087695286,44.882491425228395,49.2641740929742,51.61276942693773,37.750844710670336,40.5691542951155,37.02010813571288,34.931008448624056,37.99092797104052,36.502866485377545,45.49882414418743,52.896440083274676,33.09354703222046,40.65769677905101,46.1984827618987,36.61368994560626,36.55075907532113,40.95211644477265,52.93825387098567,55.081874111754026,39.52416155746911,53.68397631183097,36.58730145209528,56.999270004844774,39.17303181845113,50.36275370036385
1610556032.17Q6yCDx9g7alRnL9jBFXD2JhhUyB2hKfJ,46.16957975625845,49.87643206398237,44.72546121961382,48.11665302103082,48.30103124588191,48.37638205123723,46.039318079009185,45.403719985036986,46.88038606266909,49.31119269955202,57.41205106578968,50.158590162956834,55.19521691546575,46.516798039058294,56.13741421999015,46.616239577059645,60.0096222018536,54.45828177004643,50.332835899717416,44.56361260169554,52.33769813637367,56.952866088315005,49.29185484290111,45.22954614158277,50.33104843311587,52.86240441680985,45.20127440968499,0.0,50.94455738254725,46.845180987846916,48.23311731290569,51.18803292986694,52.94097337439769,47.58064518583054,50.05867391915884,49.28323332830468,49.19230406332239,47.337425380435654,52.467435179649605,54.37093644632558,50.284399350294166,54.291101158500375,52.20507643766026,48.43716784594677,54.34610820587663,54.38152526080921,49.83092209852803,50.49506423162118,47.131499078896184,53.60138058363626,45.92486260364827,47.20349069228305,53.80549815904894,58.87600088620768,45.24353362670559,50.46346802126047,53.06554356130201,43.27608647168927,43.553946770926395,51.35164934124815,56.59712791884366,61.92934612538039,46.1977908901295,59.37335811501011,45.27697850979855,60.95025367363279,53.7571242633853,54.79455511664023
