,1610555604.25mOvVXuL01OCiReyVWBfesjuvXmB3MoPy,1610555605.43B6oDsBtWRQ29Q9UMQuTUEPZy3FSSWXzc,1610555610.92HPGJJSmyPM40z7otPBgHalNrHFA7zk5d,1610555606.68LaSQbm9EHAFycEfFtEqAwYqlBsQPjIRW,1610555617.19EKxMEwDHfXiEJZc27TsGoERaD6Da4BZU,1610555722.52PJ3FD50MGhRXyUD28vluU8Z9UjLJLZn4,1610555617.52Ijr5puT55g9apK8auM7zaxa3NANg502t,1610555638.77ZLjTLkz4jYJdFMI2wWBztzsDILkoOtAk,1610556912.46C7tJPLF0XfNnm8f1820X9aLmXMHoc0Dw,1610555617.51LjzIROg0aeCP2GhDcAVQ0LipKJB9jmKc,1610555608.17OpjjHobqRkX0UPcaXrbu7K6L3805SZri,1610555721.82zWeNZfGUUfRJkgnAwlP8VMhPzXctnSd4,1610555735.75bom85BDF0C7W2eIseHeMxi24qR68nzMi,1610555735.77NnT5xqKnwcf2BbjIekeb2arTQj6QMNwk,1610555638.33wjf1PhdNaoWfbRzXVn50hmFyB5bYAiLV,1610555606.65jCE4ig8Pu8kvAzkxnSGfWsV0nQBjCf8H,1610555608.18ONsBCVo1i7BrX0XG9stct4oiA6ejX9Oz,1610555721.51RNoQUMP19FTMS79BmA3JkgSm2IC2AQuQ,1610555971.86O0cHB2ibBJ8jxoObg01EpGe8VVV5mpwn,1610556911.51zU3duZSGpcw1BDNsBLxdOCITAXwl6z3i,1610555988.71dMoYT8250UHHJGxgmITTmbHe7V6gH1yU,1610556042.81mlUZsSp7gbGjrp8jQSnybT1gPy6e62o1,1610555637.02UBW5nKvDyUrKnaWcYRGajZPxTRDS0q3N,1610555619.13oUYNikU4facCTpUSiSLr0vPI0tJLnXiT,1610555721.03nzkucfjAUh31zTbmCVvTVYqtjoxZFnBh,1610555722.67fhKURdXVzRbLIjXmjRwdJHTnE7PWb1AE,1610555638.39J2ZWBLuLTHP0jOlzB4tNHmYeijH5g5YJ,1610556032.17Q6yCDx9g7alRnL9jBFXD2JhhUyB2hKfJ,1610557007.49MyVgDnuUuBxrvL6SGOdhKf69VYlW1MSm,1610555638.44hjT5hbYdKoE3MB6hijrjqbjmLgvCUYKD,1610555608.13zUvmFSCRt6SsLbhqFznMEvGx54GPGQzM,1610556038.62a5C4ynd1AARyAhTv8a58NCqHvXRjscqH,1610555644.45Xse8u7pusHNsd7F3d0A32HXvXr6weOJE,1610556038.62gKXOCG7XCn55eJvyl5voNjbwOW0znQDq,1610555987.13v0oleKK97pkesp6oMgprH8SoSdoDVdIO,1610556964.96ZLLeiQW0qpmxhPGTg7K03fmzkqsC2bjC,1610555987.13VQlEedQ50VvkPMEMzZDv3KNnQCewykN9,1610555982.186TY6MMGkDecIN1woW6vsfAMXVV7jnyjO,1610555982.673LuMndkwkvdmZOn0MmE2Pkidx0FtNalb,1610555733.38zItcuH7gHNfKdALR2d9Nek6bxCyw36Vm,1610556034.15BQxSbZINGCay0yp6RBVlgcPrw76Yn9ON,1610555639.37BPZpgtGml8qUsh9AdV4m32jPLfI2aNFq,1610556965.57S0adAalhWYe6K3bkZU0bRHbqnDK8gGkR,1610555983.54zteLPCMjyrjzPdhHhlZr3faCgD0TfYr3,1610555987.79rHnNRmt9a0ufmnwCvZqBouyUoZDNpylW,1610556960.041xWER61rmArlsKfiMl4frikWmUCnQ7op,1610556035.13a7NHZDutfTMJ88qle1gTYY59Dr4WmMsj,1610556890.456ZBDaY16bMtrTZTqAgHl3wq1tRxzqDow,1610555760.24e6890pkbyZ97Or6croI1rQgjkSsR0yVt,1610556043.02YpWMIJg3W004iqlPyv8OcVAZdSC5rNYw,1610555987.03z05P26TLtONYM1HSzupoc2CeNMa6HTqr,1610556032.15OYCzUxpsz7b10AXBAuDXrvEcvxFhf0M7,1610556032.63Z80yI9pNwS3jSmsDABbuhf8wkNa2Ze9y,1610555736.28eGuESasTXdR3SqY6pHhEXWZtcdciYLCO,1610556034.61bebeZA0MkaFG2sm3VKiqrxeqQginTTW0,1610556944.5XwXOphKYT3ZkWA8gViqOS97VHVuMVUqb,1610556944.745UVLFBzf7fPh4UH37I6tYQOFPqRDytEh,1610556034.63XsUwaFaPZevO1JNFjfhvY4aKNFnV4noV,1610556964.89xwBHw9faT1HjQRMNQEyA4qJ3hWkwgj3k,1610556966.74DydzH91jtyvRyYau47JpVkZoMRSNTt01,1610555740.77UueVziDbaXyRR4OcVJIIZyzOfAzN51bj,1610556046.84e3vwjyRCzqz0wJQhrk8zsxlFfFSv98Df,1610556137.99eoPuVrDThKAOvmeprLPb2FWRqIhzUodc,1610555740.73XFwSrmTXJPlaxGZSefh0jOVA8PI3III1,1610556123.88AOfNaz9jSnqU5Czc7okOv1RCrYfKFBTo,1610556046.85nB7NvyoYQeLcOV391Lmmut1wAM8CFGLw,1610556123.89H4pdIAzDthI7bMXMhlIhKUYIQIvtmPPQ,1610555740.87GOYQUJKpkynIS2lFqppYK4b32ol7NeGh
1610555604.25mOvVXuL01OCiReyVWBfesjuvXmB3MoPy,0.0,52.87705914000498,26.435378642859142,56.61727226129736,41.612984583546975,50.93923606828799,43.044083397938884,29.66874315971541,35.13870728860879,52.77086215957864,60.59556795043167,53.40686579314527,54.171824988282516,40.20625242840808,58.305456006521695,54.024865145418794,63.107790219447025,55.27278074955111,46.40958446171612,52.860718391306236,56.87546823093919,58.216123932072556,47.490875161676996,28.662652430950295,52.18803386276048,51.908385843556694,44.094244634866826,58.2959787868135,59.58844814271451,45.429284268221245,54.008422939071025,44.966777625977436,55.69998037399605,59.24764576094903,56.65424636958657,56.43847417573242,55.690463798587515,57.01903705107036,55.780114835953675,58.86375133886603,57.25276931555113,60.881667279269436,58.76246743497655,56.24292340676507,56.22695847819749,57.27392663073215,56.360160078060915,49.682818530988314,54.97087946502984,60.84636108699167,53.944899825575945,50.69875877851036,62.42439272151538,58.2740169143814,54.957381309655766,51.74459566321359,57.69003749996021,55.68506492533102,53.28396819717158,49.3639355992873,62.47173188846271,61.88464627296917,58.70942711930773,60.12521323294303,57.91238523606825,63.94248569919334,59.06975131369763,61.92460609633507
1610555605.43B6oDsBtWRQ29Q9UMQuTUEPZy3FSSWXzc,52.87705914000498,0.0,54.599732746129554,45.639920172001986,54.16479175318342,54.33444883123608,53.052364179354655,56.533400684026944,54.681995121101345,51.22194994237789,50.11608416499669,47.17944135947616,45.560296750782136,56.59261511738357,51.276593993239665,50.59813804127701,53.70417733181383,33.79585688343064,54.469150885787684,54.118393035184454,51.761399842128235,48.507107080467016,52.82956118412473,55.9782887586135,51.679076216715984,56.134629854504986,54.779955762780425,51.24392476522141,51.441458942543846,51.74259049084684,52.948732740854105,51.41762157750756,49.23550675599371,52.50818061221435,53.148523903615136,53.00819090829181,53.50576254716301,49.58926525383947,43.29381507686379,57.79945194153497,51.368505076425485,52.00749937537366,56.03564743639585,50.86362973700132,41.87789821771775,37.01413304318639,56.348168718841116,55.247967761697154,52.890102040772284,59.10451908641592,53.016717765620875,56.88152421032032,58.10864641183185,48.47335928956603,54.79815021193944,53.375229844015635,55.12201996019976,53.977783069631094,53.681919948742916,50.645658233004035,54.00161139169011,52.3839580230319,52.70520847496603,53.512719232859816,54.3491956191942,54.94885668511455,58.44239372570039,54.235603559219214
1610555610.92HPGJJSmyPM40z7otPBgHalNrHFA7zk5d,26.435378642859142,54.599732746129554,0.0,57.4652794017224,43.23292058974113,51.747171576225874,37.57981983456939,28.421554447025894,38.94136822135894,54.78947649333328,61.4175538220847,54.70633140167373,56.29782376294788,38.37284811445806,59.19897596108008,54.960232565658174,64.20396227519278,56.816977813109894,48.11562586254837,53.95143713338171,57.908023801358674,59.3992951798447,48.93828930325405,27.023709097667243,53.15522973066277,52.91134242300849,46.22790559502856,59.3683187556912,60.30863353499652,42.97632753505417,55.675812859670515,47.54135813788837,57.605183780015246,60.30143010181427,57.60503153896465,57.380240182323035,56.330999515458956,57.996133230913735,57.052785818293174,59.86940049928961,58.22750662581094,62.06087550958317,59.669599535268716,57.28203656489056,57.038601264088854,58.15475990423224,57.55173458694282,51.24453330007161,56.34986521721062,62.05964847668668,54.919051817954056,51.29019857924398,63.882226480403126,59.596483501171384,54.99460333661958,52.72457277805843,58.213519856335374,56.20896398786489,54.691436588917085,49.746261944308515,63.278889760900285,63.22121060726096,59.71258039811282,61.155321362950104,58.991808054700975,65.04119589524441,60.2437738152873,62.75699319172964
1610555606.68LaSQbm9EHAFycEfFtEqAwYqlBsQPjIRW,56.61727226129736,45.639920172001986,57.4652794017224,0.0,56.79854978523269,56.510434715326504,56.54200968154163,59.35345896848539,57.75599799111471,56.735456697187125,47.673778011266585,47.88658793729018,55.722187157604296,59.47946551980139,54.0840719436496,51.63285380210233,55.390896176271646,48.838520619598064,55.42796821068176,55.146462467565875,51.32667141149348,53.14303014720503,56.905749117704964,58.87927151228629,56.55146155416633,58.23950438156543,56.510952894633355,50.246194099889664,54.515399462115916,56.02474758196306,54.43565354751418,56.5869090771811,57.396090711558614,55.87308520786466,50.206108485201305,50.19952245179689,51.36251055263026,53.905449599479056,50.03190613335747,57.12604407114525,47.479201029208,51.64494548322128,53.518949525935454,47.97048827487374,50.86616598851753,48.686827635809905,57.86816397438243,57.72863400476547,57.29439387420584,60.11477273071813,51.391543198158374,56.77757494222653,61.43154386901622,52.94649961077395,53.83288551570707,56.86793331058555,57.111963242033134,54.09275453824872,52.57541970574217,54.728332453171035,56.93062469400101,57.480078158125885,55.844458330221656,58.57689016928357,56.13748296295743,60.17564355654991,57.654558288432824,56.597950987308145
1610555617.19EKxMEwDHfXiEJZc27TsGoERaD6Da4BZU,41.612984583546975,54.16479175318342,43.23292058974113,56.79854978523269,0.0,49.8443783736846,40.41655841859006,45.54145140951068,37.496080747701455,55.63347175004511,59.97155806866288,54.65862310675789,57.14237770402842,45.65678024921044,57.51583781852539,55.44437355887271,63.08935958235162,55.5775182053831,46.97331790397392,54.91354075611354,57.33915490417668,57.78787783682626,39.227017917804275,44.83303243306359,50.96417374050783,50.25176439725116,39.43513227308185,58.35129399870031,59.36092039152141,43.252152070774024,54.12970631134987,41.81410181560751,58.237202942737476,59.81896756735816,56.850864420388376,56.31007167174921,55.02417225928857,57.13369994188926,55.77139681036943,59.994112416250935,56.57598458387903,60.65581023918884,58.262422018129506,57.21018866766331,55.91670177020781,56.94518042025499,55.589231174004496,51.620701196055975,56.05224315046016,58.29812271445611,56.17227251443857,50.7965673471185,63.17802642667453,58.422406691201786,55.51774070023512,46.999532819308875,55.85399344693894,57.453361382649156,55.68549389351508,47.3159806861222,61.382189230809686,62.101318817366966,59.02957378351417,59.70790354885948,57.65274006978166,63.40285593789557,59.541694000236575,61.00970200661839
1610555722.52PJ3FD50MGhRXyUD28vluU8Z9UjLJLZn4,50.93923606828799,54.33444883123608,51.747171576225874,56.510434715326504,49.8443783736846,0.0,50.53724297997163,53.5688489295569,49.91781606732337,59.10701978193175,58.964919115697455,55.5223473167034,58.222441333827085,53.584846398277165,58.47287768527047,57.604962998750935,62.69187371138597,55.72894647531675,35.18334603050228,57.86880262920425,57.48530245188947,57.7670079030824,48.29659115887809,53.08456236410593,51.9798236820484,27.212612834692766,50.16567935636575,57.33222633822355,59.82874729279765,48.30756948627871,57.965635979223265,47.90711231157794,60.32721909929167,60.24792605422287,58.075960648876695,57.46844601166491,57.987226873161376,59.55398824893138,56.29383766873141,59.73578041558924,58.9207209176576,59.93398230338962,60.14537206941105,54.95232375585614,55.749098952805504,54.36372386933084,53.8365052389978,52.31569464934973,59.92178260269078,59.889786910657065,55.12547363950401,51.91252713662642,62.21446127481438,58.54768546213959,58.899510917031485,48.51375465687791,57.1743123462887,57.91362231367867,54.735201462261045,45.89245978540388,60.008950496841756,61.56947462865164,61.382000901490144,57.84228259443247,61.033447239424895,63.055326327874226,59.19123194032421,59.459551439430385
1610555617.52Ijr5puT55g9apK8auM7zaxa3NANg502t,43.044083397938884,53.052364179354655,37.57981983456939,56.54200968154163,40.41655841859006,50.53724297997163,0.0,43.431399445514664,43.71894350427362,57.5679983620669,59.4777287748531,54.613038039028844,57.74585882114581,38.89646677927927,57.80496887375145,56.1357342250798,62.33995544574187,55.443244977597246,47.881026457877276,57.096893404452736,57.46157373801464,57.532487687639836,48.872077214967234,42.1830564694293,52.21743798562084,50.98388058317123,48.82217138445198,58.358410030508296,60.20191691161142,35.225094671692894,56.99758087694067,42.86985300654749,59.75490316972946,61.34645489751766,57.90166811814967,56.7740121555406,56.89178922129956,58.96220639268398,55.92511344462533,60.33197918465958,58.07539127683369,60.994843181126306,60.22441714672615,57.899546207441475,55.413563189135374,56.6627028074904,58.83874700010561,52.87014428717494,58.26209226468656,61.65724980853699,56.09666288946738,52.58821519138443,63.772454165366334,58.67593256943221,56.902898454731194,51.84659128757536,56.88075634235926,57.1181882892057,56.00773124928596,45.506277538015766,61.910600345242294,61.929496259786816,60.66303647036644,59.76917470962679,60.20025679747998,63.87186137470931,60.38981618608254,61.34091050092494
1610555638.77ZLjTLkz4jYJdFMI2wWBztzsDILkoOtAk,29.66874315971541,56.533400684026944,28.421554447025894,59.35345896848539,45.54145140951068,53.5688489295569,43.431399445514664,0.0,40.44793024145451,57.04043772094454,62.93828581315415,56.24385311178604,58.235125352847035,32.35512196650081,60.700196872085606,56.926058610927775,65.29979049306559,58.55653692796428,49.631460599647966,56.27616753936106,59.23741692491166,60.636387739098964,51.34857996345365,21.264630561485358,55.22589584089938,54.46764561236372,48.624219954100695,60.83643612244031,62.34285937870395,47.747568012499634,57.46551867951643,48.9242550797025,59.582262901880554,62.234430265239595,59.279227846079436,58.98650467374805,58.4271598871057,60.12766044875998,58.96701923552764,61.62091287576075,59.899517205206244,63.175999353208645,61.41178468860846,59.06853896576209,59.05294068197711,60.0839983981684,59.53705937352934,53.38237621295148,58.49330414318604,63.62543422259514,56.81490425547859,53.277703335657996,65.45481132057074,60.91815902783898,57.81168993105415,54.74250898746778,60.10685570589762,57.80623752915611,56.37786718168425,51.81008330291867,64.67193321181598,64.55647368512182,61.63809730363361,62.40123147254549,61.01772920274603,66.07711290247248,62.13380118031642,64.09001337650717
1610556912.46C7tJPLF0XfNnm8f1820X9aLmXMHoc0Dw,35.13870728860879,54.681995121101345,38.94136822135894,57.75599799111471,37.496080747701455,49.91781606732337,43.71894350427362,40.44793024145451,0.0,56.30004726142802,60.81356863058065,53.43784363103068,57.09344025166536,42.602706177794786,58.32782000345023,55.64061090900037,63.057689617788846,55.54882831444821,44.17700128268002,54.95586066451582,55.901861188986516,57.62162751691125,47.77587328217877,39.37733258679188,52.85886151366747,50.14410142715582,45.31241541012977,57.84468745594188,60.07100732604222,46.75393145826612,56.267282616545245,44.344752963116214,58.58425330584322,60.22422011881597,57.04915399688102,56.45205363261439,56.35365712267151,58.34675378969976,57.0100189981733,59.721614047858786,57.91203573111102,60.395106723361415,58.98528870987774,56.5626671567907,56.79337189867534,57.45867343794116,55.6534908402324,51.601292399331314,57.346660873060394,60.0599473808212,54.9003338310375,51.62972213650993,63.119357732006335,58.44211946374381,57.364959309373575,50.42134720097641,57.140222973737295,56.31968879373775,54.82001791201632,49.0859743607721,61.88492745755395,62.25467676285446,60.08173211700545,60.08396692451504,59.26260353623851,63.418440377391406,59.92500637629946,61.403273914029455
1610555617.51LjzIROg0aeCP2GhDcAVQ0LipKJB9jmKc,52.77086215957864,51.22194994237789,54.78947649333328,56.735456697187125,55.63347175004511,59.10701978193175,57.5679983620669,57.04043772094454,56.30004726142802,0.0,61.75218142657538,56.87533997601077,42.15047300572281,58.91848520417921,59.78750741709227,54.332909748723615,64.94577381649393,56.13622466886735,58.948295625426006,54.20220575174846,59.835821618744895,60.623685828045005,54.62367334587755,56.42902636473554,55.09159653689863,60.34248297831868,54.830754000347035,60.117223333575225,58.080917987134754,56.80230212953348,53.23708863918954,57.816415865163705,33.84092406657087,56.22200447300326,57.28843559744201,58.975204242062624,56.29085023525189,53.11615357403773,53.62658986586855,59.17311990433059,58.34383363562332,62.52360052369139,59.863605985817934,59.497139288683115,56.96087149730839,57.616615175998696,58.23929651516126,55.46871727209018,35.39711689335845,62.52637851949871,57.1854017369322,58.40476693812673,60.936690600716,59.30411378758405,55.84573363724177,57.78214950462395,59.96955709750989,59.09712824951262,56.800948591953095,57.31171961690617,63.1895248913267,62.80308591337106,53.45282879620344,62.88105273635922,48.63441804775452,64.88253859939621,60.92022186460328,62.75384584009462
1610555608.17OpjjHobqRkX0UPcaXrbu7K6L3805SZri,60.59556795043167,50.11608416499669,61.4175538220847,47.673778011266585,59.97155806866288,58.964919115697455,59.4777287748531,62.93828581315415,60.81356863058065,61.75218142657538,0.0,53.9881826028027,59.53350385506525,62.5385555528593,56.223709019735836,57.094690393683365,38.68612024304892,49.406129758576775,58.88635596418339,61.27821839295257,54.54001742633668,53.536847554369906,60.10957921534411,62.53378762503472,57.39638697957744,58.850182582589774,60.69979404527578,55.64188924504088,57.98953475083802,59.3248142903997,60.0566527648775,58.1479906304104,61.57416058693148,60.86986475418839,56.37445222227737,55.001815935868905,57.57062549058965,59.31187588901587,54.90518478168589,61.13320470628399,55.98999758324896,50.93867160293514,58.15523386006102,56.222688636179726,52.186509383732215,45.88199078396903,61.89029167585221,61.16463708764241,62.12698454785108,60.99854936154289,57.99488694738212,61.43104445880038,64.2240572277219,53.50905109768373,60.087538713934315,58.31465569489214,57.791627089067916,59.994256491414575,59.27549031264878,56.42100700185117,56.43722624837736,56.60917850082268,60.32259741339644,56.89359566907288,61.7280757183686,57.24196878651631,60.70343869012388,57.11844202995705
1610555721.82zWeNZfGUUfRJkgnAwlP8VMhPzXctnSd4,53.40686579314527,47.17944135947616,54.70633140167373,47.88658793729018,54.65862310675789,55.5223473167034,54.613038039028844,56.24385311178604,53.43784363103068,56.87533997601077,53.9881826028027,0.0,54.880212216305935,56.74021527716721,54.10858334636609,47.178887099298464,57.82031451766062,46.315960536038794,55.34430880996394,50.61142138537013,32.424640700476196,46.25896839902871,55.90026511631821,55.74192096154695,53.64626004360755,56.34868072101381,55.98655364728051,43.11525607717564,53.31309459169742,55.02858528758336,55.96017269451774,54.725840346641945,56.71461280996858,54.373522816333455,46.1601115670581,46.93917148602922,50.26080301751619,52.742085595230606,52.0273301776781,57.3226990983232,50.02877618327076,47.98634350087854,55.39371553172615,46.32551621956024,51.421213275079644,50.79725002616663,54.47802109108404,55.120148500292814,57.029968048702216,58.19357810673948,41.37645183715889,56.2634041064711,61.28817315435972,51.511385635462986,53.25366259586849,55.16071159747172,56.79409351367506,44.25554042443892,47.48451500261995,53.94625277877997,57.192542011059636,56.99435395926039,53.22809414714197,57.46840867532871,54.951382449622606,58.26906483204584,57.50432821888121,57.027089343198455
1610555735.75bom85BDF0C7W2eIseHeMxi24qR68nzMi,54.171824988282516,45.560296750782136,56.29782376294788,55.722187157604296,57.14237770402842,58.222441333827085,57.74585882114581,58.235125352847035,57.09344025166536,42.15047300572281,59.53350385506525,54.880212216305935,0.0,59.45299871358225,57.391506215810786,55.35714449757963,62.26003736740165,52.021470543374086,58.67318524807317,55.27317327700533,58.216191617187405,57.87160157568291,56.6966084084085,57.81844585583696,56.951072619257104,59.56357906800129,56.650771837526214,58.28055562038514,57.10821978354237,57.19422562113223,53.95564393262019,56.92861434424578,30.22597104247467,55.54704962930507,57.614755119946466,58.341016777981146,56.44764926354358,53.072849514659175,53.235138124053634,57.856057494617005,57.54137353454672,60.32925425897767,59.52323727560999,58.111980755990395,55.08704716537764,53.90816697782589,58.222811668616345,57.62032802551077,51.511293238570296,62.16761687100021,57.691325605314326,59.59396231498684,58.871454976713366,56.137785249695895,57.111671908375136,58.23525547364569,61.26339775188333,58.55425124518466,57.64321119955904,57.26854849027017,61.33261817302323,60.014874802908295,53.978038011799796,61.00997789025919,55.64704309297042,62.24823292462088,60.920238495874166,61.04715796815025
1610555735.77NnT5xqKnwcf2BbjIekeb2arTQj6QMNwk,40.20625242840808,56.59261511738357,38.37284811445806,59.47946551980139,45.65678024921044,53.584846398277165,38.89646677927927,32.35512196650081,42.602706177794786,58.91848520417921,62.5385555528593,56.74021527716721,59.45299871358225,0.0,60.45757574044771,58.008280360057846,64.72476070296483,58.53624340851105,50.53136145396092,58.51965368802824,59.561612366651865,59.9037212281765,52.061525068009615,35.194868034231774,55.16163238805376,54.03159971286381,50.82019700039899,60.821923009509966,62.85983551391037,46.464906074880396,58.76247091481712,47.826886650072886,61.189606106645314,63.06182287178715,59.89853502332444,59.31209614824066,59.11456010323244,60.973430974857436,59.20779793699455,62.40640450931903,60.227478185640464,63.17048797677196,62.24437277357387,60.208339166052085,58.755496009386356,59.731745499052565,60.63176177035958,54.7757788494728,60.02934869138797,63.778483098863944,57.90385741016798,54.463116870377576,66.09430621766413,61.01962017778629,59.2673562080562,54.85079044669234,59.586236459431916,58.65296747199391,57.783136689336445,50.50519679297986,64.43006124866534,64.32878602924525,62.5929800604418,62.25936814609447,62.24330438149553,65.85804934874042,62.87235359723593,63.78349662357116
1610555638.33wjf1PhdNaoWfbRzXVn50hmFyB5bYAiLV,58.305456006521695,51.276593993239665,59.19897596108008,54.0840719436496,57.51583781852539,58.47287768527047,57.80496887375145,60.700196872085606,58.32782000345023,59.78750741709227,56.223709019735836,54.10858334636609,57.391506215810786,60.45757574044771,0.0,56.172270653164325,60.580887302685525,52.51273676504339,57.4132567701668,59.19539595424736,56.13871838634671,52.044464740914734,57.95381769942037,60.257035057978214,57.15479139657803,59.502152042928316,58.113173174405816,57.906262154113776,54.840318387161176,58.3213962435512,55.32877992931069,57.30572089861231,59.395563630685366,61.57700775769249,54.29042709335736,53.66440832794946,52.64645704974129,59.63198571572224,55.78164113061481,57.16846655895855,49.45203705374604,55.5426298281583,49.53715823266512,56.500056852548816,49.63736237519093,53.31652758102589,57.187642485488354,58.88367598480484,61.15834721637526,59.41670622736554,57.78416168017627,56.86374476912742,64.5666067107314,52.623850582367076,57.409026204775614,57.19809862279241,55.54688423975596,59.10030551057695,58.28765521600127,54.94881059633182,58.496833802671944,54.37191194668755,61.28759930313973,56.675081199588824,61.58217004938815,55.03106816051512,59.76970578545532,59.70037242281664
1610555606.65jCE4ig8Pu8kvAzkxnSGfWsV0nQBjCf8H,54.024865145418794,50.59813804127701,54.960232565658174,51.63285380210233,55.44437355887271,57.604962998750935,56.1357342250798,56.926058610927775,55.64061090900037,54.332909748723615,57.094690393683365,47.178887099298464,55.35714449757963,58.008280360057846,56.172270653164325,0.0,61.03948054727982,54.58207163859554,57.76455362217008,45.4026327219915,50.95810678078166,57.20381119176551,54.2103530345613,56.36842995815336,54.9735380793623,58.60475692181035,54.03203210124591,51.90312629285426,52.5856351112084,56.23870260790606,48.83016210452025,56.67091068694592,54.29576892185986,46.58483760992964,40.2841248043829,46.44389974733948,46.030535260578695,40.89285717039365,54.644364745275446,57.51229226433428,49.688382116325606,56.782092837928445,55.043131233675055,53.60777302766905,53.279365151163084,55.90856630837897,54.1471978881484,55.13984265561112,53.77431579586493,58.0835207001605,46.41896619036308,56.624962772477716,59.92706195265524,56.090004451144516,46.202215432541706,56.186992956251736,58.709511197183794,48.62467984414048,48.9387319528884,56.62934503846956,59.12663768360171,59.685205999102365,45.90818471726918,60.103174606116035,51.800243459020734,60.499679916778206,56.88971026261602,58.4950146238016
1610555608.18ONsBCVo1i7BrX0XG9stct4oiA6ejX9Oz,63.107790219447025,53.70417733181383,64.20396227519278,55.390896176271646,63.08935958235162,62.69187371138597,62.33995544574187,65.29979049306559,63.057689617788846,64.94577381649393,38.68612024304892,57.82031451766062,62.26003736740165,64.72476070296483,60.580887302685525,61.03948054727982,0.0,53.121424519102405,62.40659811905931,64.4565944319443,58.09515942397092,56.70835348383052,63.34460599918068,65.00724233212667,60.697962985315876,61.49825033251327,63.687231525941776,59.79924763766382,62.00072004251144,62.53254528444309,63.492776895872275,60.62085032848295,64.61434867850568,64.29000686318345,60.74455069113318,58.40618107204982,61.83324953383816,62.598822042354264,58.26885362614518,64.85483275769624,60.61713116430752,55.65932451830995,62.9103247148839,60.47896398823426,55.75180685290332,51.70107551720754,64.74355631412593,64.06883731136008,64.85083775154848,63.92873960931006,61.8450554540496,65.06096141669293,66.93231679388379,56.98277519792137,64.03195282948519,61.27027321429152,61.102591829941794,63.45932401456251,63.30913992057529,59.44830072288853,60.134444292655324,58.69020959097143,62.91237245560144,58.88632618479036,64.8168463647818,59.44969450230091,63.998680482949176,60.7331014462199
1610555721.51RNoQUMP19FTMS79BmA3JkgSm2IC2AQuQ,55.27278074955111,33.79585688343064,56.816977813109894,48.838520619598064,55.5775182053831,55.72894647531675,55.443244977597246,58.55653692796428,55.54882831444821,56.13622466886735,49.406129758576775,46.315960536038794,52.021470543374086,58.53624340851105,52.51273676504339,54.58207163859554,53.121424519102405,0.0,55.43321257077135,57.13677107652504,50.37699920920912,46.91201956596682,55.481635797890746,58.00134908442817,53.99186372145126,56.804039636590446,56.71870906976035,51.60124765245521,53.72354660120334,54.92432389457283,56.5165489305,54.127014402277226,55.2575450324017,56.15053219776177,54.80633376377318,52.637817798690755,55.55524312156196,54.56961799071341,49.18342827830823,58.34990416894165,53.32891041448341,50.56794814473059,56.57018751712105,50.708758833729014,42.95657239444392,36.28552927158171,57.129789898037025,57.01015876168832,57.05451523338863,59.31481739198428,53.60115994990394,58.73811774416082,60.73234019172376,48.45575332409339,57.64745670762861,55.23813978325224,55.29194008925664,55.62177049996929,54.51940210326375,52.525970501147526,52.61684624855404,51.700048054222606,56.80220826273156,52.69384349320661,57.7674136667327,53.36829186460005,59.07989881867246,53.15605176043813
1610555971.86O0cHB2ibBJ8jxoObg01EpGe8VVV5mpwn,46.40958446171612,54.469150885787684,48.11562586254837,55.42796821068176,46.97331790397392,35.18334603050228,47.881026457877276,49.631460599647966,44.17700128268002,58.948295625426006,58.88635596418339,55.34430880996394,58.67318524807317,50.53136145396092,57.4132567701668,57.76455362217008,62.40659811905931,55.43321257077135,0.0,58.594836051898056,57.60706344461966,56.331302492098374,49.75902115058073,49.299494074542764,52.53635058637793,40.62467640413837,49.381802944995876,57.09452504144553,60.00314001509019,46.462409631723325,57.70933896995892,45.590086213539976,60.81939144241643,60.818474074411064,58.34031385058132,57.303345838813165,57.59520097230704,60.07556696855598,56.54170022174775,57.84757033690287,58.314181008983965,59.7739449196342,58.90379282792674,54.28712822993631,55.76500843424316,55.496985760659776,56.31714849695487,52.135209607239574,59.86090555831642,59.63644780070182,55.506148284864935,49.86347909099633,62.97723247946026,58.525000393298804,59.16289346724864,51.05839314461099,56.48732651272522,58.73212965862553,55.04843695967271,45.39806369868383,59.96451113081761,61.437075074594496,61.69328866633165,57.706937512448356,61.031067868599386,62.52794190912766,58.31150898122714,59.311896726661
1610556911.51zU3duZSGpcw1BDNsBLxdOCITAXwl6z3i,52.860718391306236,54.118393035184454,53.95143713338171,55.146462467565875,54.91354075611354,57.86880262920425,57.096893404452736,56.27616753936106,54.95586066451582,54.20220575174846,61.27821839295257,50.61142138537013,55.27317327700533,58.51965368802824,59.19539595424736,45.4026327219915,64.4565944319443,57.13677107652504,58.594836051898056,0.0,53.16808011919683,59.92613904812809,54.51118527500976,55.694001538998656,57.8166416921984,58.96263736144754,53.045317144685875,55.95426877026596,58.02042243121147,57.25829004909214,51.9850703083484,58.09523534828633,54.830723270913964,53.23304833953322,49.065587114247776,53.2770721058465,48.6971053140142,50.509542868461246,58.60219768425564,60.72342695457027,53.81800435713206,60.623240736206746,58.19411889464323,55.46894260014684,55.57223460883337,58.96714406196982,54.700465873550215,55.46478320641012,54.88629538856245,61.964421480106814,49.65488803292618,58.10897539563188,63.93516480672185,58.91169365663527,48.23626469847972,57.52396806377192,60.65883213793534,49.89849414113071,50.70515649017737,58.05184952169755,63.5943875438849,63.2424823630315,51.761142440045745,63.283872705181366,52.29902306841376,64.66779965454617,59.732028003552664,63.192368887194085
1610555988.71dMoYT8250UHHJGxgmITTmbHe7V6gH1yU,56.87546823093919,51.761399842128235,57.908023801358674,51.32667141149348,57.33915490417668,57.48530245188947,57.46157373801464,59.23741692491166,55.901861188986516,59.835821618744895,54.54001742633668,32.424640700476196,58.216191617187405,59.561612366651865,56.13871838634671,50.95810678078166,58.09515942397092,50.37699920920912,57.60706344461966,53.16808011919683,0.0,49.75496707999445,58.72991682155059,58.88291576952231,56.12502620435392,57.697161817384455,58.50734542524575,44.625352538557216,56.18255383519407,58.2655321207231,58.56084550157638,57.822145114925505,59.88217499568369,57.2946587650505,47.51057791260808,49.04417832460057,52.125066613711134,55.97928594013725,55.17492198033351,60.04212523075602,52.06800096980604,49.16335955729357,56.857267136354245,48.6547007174512,53.47407061354931,51.78394951322453,56.15147710810597,57.87413822109196,59.694067557884146,59.48145893870412,45.62139525057993,58.42265661343799,63.539565413370994,53.938116548672376,56.21290139220933,57.20055294895257,58.32429714915803,46.30165321744429,50.31399739693088,56.34522666259149,57.71012368464608,58.905451360867595,56.58381319343926,58.89749194187852,57.834932124628544,59.65135282551281,59.328415625844755,58.2513403548673
1610556042.81mlUZsSp7gbGjrp8jQSnybT1gPy6e62o1,58.216123932072556,48.507107080467016,59.3992951798447,53.14303014720503,57.78787783682626,57.7670079030824,57.532487687639836,60.636387739098964,57.62162751691125,60.623685828045005,53.536847554369906,46.25896839902871,57.87160157568291,59.9037212281765,52.044464740914734,57.20381119176551,56.70835348383052,46.91201956596682,56.331302492098374,59.92613904812809,49.75496707999445,0.0,58.17837484749737,60.46358124551224,56.52570153336524,58.25436477137885,59.631106833228536,50.767652704313846,56.895297363441784,56.69325718445572,59.72575134220146,54.713321214228344,60.24569314947019,59.974880051564114,55.75073555428571,52.57112275183767,57.507112020403284,58.31350835156541,54.29748773513168,57.99140141890657,56.0861497706516,48.70816590752787,57.54016957896681,53.697635784876525,49.867091441589835,48.772368000718174,58.079047663720225,59.5811560469634,60.82412856190961,57.900027302982444,54.892007778321585,59.42568257901798,63.10859838357079,50.374114817990275,60.49842374136022,57.69002500386475,56.68082978785885,55.978526122192605,56.956054324227196,52.22260118371599,50.94031474763397,52.40041851977891,59.89728543972501,51.83337516973442,60.61004831823736,49.91050470552403,59.088381760506465,52.193919480979744
1610555637.02UBW5nKvDyUrKnaWcYRGajZPxTRDS0q3N,47.490875161676996,52.82956118412473,48.93828930325405,56.905749117704964,39.227017917804275,48.29659115887809,48.872077214967234,51.34857996345365,47.77587328217877,54.62367334587755,60.10957921534411,55.90026511631821,56.6966084084085,52.061525068009615,57.95381769942037,54.2103530345613,63.34460599918068,55.481635797890746,49.75902115058073,54.51118527500976,58.72991682155059,58.17837484749737,0.0,50.554865584576255,48.894883270611345,49.884899300285056,38.2790043400495,59.13074767191256,58.21551505258372,43.822824460224126,51.38214273197137,43.38926247076861,56.90880486582794,57.97041893289529,56.46437758678027,56.74571898390648,54.91341564394781,54.17311233623024,54.26787220951198,59.91775054073347,55.88059704791899,61.328139754879004,57.96480120143183,58.168384834070416,54.863971106233066,56.22065726639352,54.317454257547986,51.42151071359035,54.69132049199816,57.729814202718465,56.72564873300453,49.09326862650697,63.04594834786262,57.88374240606101,53.84372282170183,38.58054135315249,55.568920376342184,57.83276842900187,56.26981787025369,45.51838901544836,61.366112069685194,61.87533763117934,57.38755297878958,59.36935681482169,56.51169099218817,63.117564610940924,59.41333273438179,60.989633196453696
1610555619.13oUYNikU4facCTpUSiSLr0vPI0tJLnXiT,28.662652430950295,55.9782887586135,27.023709097667243,58.87927151228629,44.83303243306359,53.08456236410593,42.1830564694293,21.264630561485358,39.37733258679188,56.42902636473554,62.53378762503472,55.74192096154695,57.81844585583696,35.194868034231774,60.257035057978214,56.36842995815336,65.00724233212667,58.00134908442817,49.299494074542764,55.694001538998656,58.88291576952231,60.46358124551224,50.554865584576255,0.0,54.66029087873069,54.02999982199334,47.80518738093692,60.45138617876613,61.773447354806564,46.52785365847198,56.91179838907399,48.449595140183945,59.060132782843944,61.59706590637258,58.73925609851997,58.61052781256126,57.985542502807434,59.41367564812518,58.44791143680555,61.264369948378764,59.45521834182348,62.92358652070442,61.01135419914856,58.58349565100417,58.52123482903458,59.61843875930674,59.016817004777536,52.69206952602953,57.74149030498741,63.135694467103576,56.355910039715695,52.7246666401944,65.11330376775494,60.60460752890013,56.99404984953426,54.04900919113352,59.34624514489718,57.17522291805786,56.030786457916676,51.574908799321406,64.28382298384481,64.1577581950593,61.00774502293337,62.06098093993099,60.29263479518419,65.88081422338104,61.567154869916706,63.76174919279704
1610555721.03nzkucfjAUh31zTbmCVvTVYqtjoxZFnBh,52.18803386276048,51.679076216715984,53.15522973066277,56.55146155416633,50.96417374050783,51.9798236820484,52.21743798562084,55.22589584089938,52.85886151366747,55.09159653689863,57.39638697957744,53.64626004360755,56.951072619257104,55.16163238805376,57.15479139657803,54.9735380793623,60.697962985315876,53.99186372145126,52.53635058637793,57.8166416921984,56.12502620435392,56.52570153336524,48.894883270611345,54.66029087873069,0.0,53.76974882536333,53.31286728433115,56.34096834521715,58.855280357135044,50.45900525662236,56.38204649518148,49.65605343992211,57.35540168118111,58.38128813295801,56.12902490316344,56.16686588003528,55.97601853029336,55.17834169613343,45.714362130460096,58.43625134643989,57.33519608393692,58.68280372375501,57.8687399853882,57.01155812125281,53.51556636011918,52.041934151383344,57.599639648705455,48.06104188034235,53.97404278633937,59.30606378875772,55.55705298037559,53.02002615503429,60.55727334026886,57.10108996244572,57.87139051608696,45.91212625240352,48.691664864085446,57.44984829990497,55.41070348382238,45.278835800465444,57.70960096021045,59.488608482188475,57.569172142262104,55.32931733439575,55.89066105284116,61.058900229592034,57.18154787402595,58.39309465333226
1610555722.67fhKURdXVzRbLIjXmjRwdJHTnE7PWb1AE,51.908385843556694,56.134629854504986,52.91134242300849,58.23950438156543,50.25176439725116,27.212612834692766,50.98388058317123,54.46764561236372,50.14410142715582,60.34248297831868,58.850182582589774,56.34868072101381,59.56357906800129,54.03159971286381,59.502152042928316,58.60475692181035,61.49825033251327,56.804039636590446,40.62467640413837,58.96263736144754,57.697161817384455,58.25436477137885,49.884899300285056,54.02999982199334,53.76974882536333,0.0,51.198752574631726,58.44791814826496,61.01749284454251,50.01336824954306,58.94436163694291,48.6764570331355,61.56115003327345,61.629850707248984,59.11498149039431,57.805793737959085,59.015588990896724,60.734335796157005,57.79533046642823,60.912032015082396,60.1223245318031,60.3115151523789,61.2988201168179,56.7988951528237,56.45528388704889,55.80226915544092,55.338232544761894,53.82246011689056,61.13648442233504,60.862530571076924,56.91037306181454,53.91251606043641,63.71456666323709,59.626789365815604,60.410764739867375,50.07985238534694,58.103403053397166,59.48917017629629,56.67250429073153,46.86469486861283,60.90990182806785,62.56996650692492,62.35745078973726,58.4359380756199,62.092448878096675,63.65626016843857,60.36088885830511,60.55862190546427
1610555638.39J2ZWBLuLTHP0jOlzB4tNHmYeijH5g5YJ,44.094244634866826,54.779955762780425,46.22790559502856,56.510952894633355,39.43513227308185,50.16567935636575,48.82217138445198,48.624219954100695,45.31241541012977,54.830754000347035,60.69979404527578,55.98655364728051,56.650771837526214,50.82019700039899,58.113173174405816,54.03203210124591,63.687231525941776,56.71870906976035,49.381802944995876,53.045317144685875,58.50734542524575,59.631106833228536,38.2790043400495,47.80518738093692,53.31286728433115,51.198752574631726,0.0,59.483459381279275,59.64038691224333,48.488111243351476,49.44989688525081,47.88016390990019,57.15561161088466,59.034223076408885,56.450879954121284,56.94127718269141,54.12260632957145,56.74633857647963,57.4438507461209,58.504441332855485,55.256849644717335,61.698142252839425,57.57562963874945,58.007522714138744,56.729329681059724,58.24306691898681,54.40407092397313,50.10633191962284,55.062531312651785,55.57179153837809,56.12344727695692,46.96387075889633,63.59973211520832,59.507020560596864,53.355976968810445,48.622514280036285,58.91869238306106,57.92877462294107,55.219091731299336,50.18094005753337,62.83894393111755,62.90889913172996,57.632333507089655,60.8263529200016,56.219382295082674,64.00705959233318,55.88121498082161,62.46289586902827
1610556032.17Q6yCDx9g7alRnL9jBFXD2JhhUyB2hKfJ,58.2959787868135,51.24392476522141,59.3683187556912,50.246194099889664,58.35129399870031,57.33222633822355,58.358410030508296,60.83643612244031,57.84468745594188,60.117223333575225,55.64188924504088,43.11525607717564,58.28055562038514,60.821923009509966,57.906262154113776,51.90312629285426,59.79924763766382,51.60124765245521,57.09452504144553,55.95426877026596,44.625352538557216,50.767652704313846,59.13074767191256,60.45138617876613,56.34096834521715,58.44791814826496,59.483459381279275,0.0,55.91782172122859,58.42359657085624,59.4057963344301,58.164524513198536,60.07384463027172,53.47720949754742,51.95762847476006,50.562185190845085,54.04139560112866,54.5606355396463,54.74335403356716,58.46853400697895,53.98089368099838,48.04620200996235,56.82616897595376,47.05326654221821,54.89074787794545,51.604127964556525,56.68266452584214,58.444165803170854,59.528143785944195,59.68589922936788,45.08557283076506,59.76623947729844,59.93533904171424,55.23727713491776,57.840423008540725,58.38012702982985,57.60419974925132,49.4649785020754,47.28564396613067,56.393007265419044,54.45366335926204,58.932223092293185,56.46166210414246,57.28903057250321,57.55929791617279,58.73343489844886,59.37136125739842,53.64507484627883
1610557007.49MyVgDnuUuBxrvL6SGOdhKf69VYlW1MSm,59.58844814271451,51.441458942543846,60.30863353499652,54.515399462115916,59.36092039152141,59.82874729279765,60.20191691161142,62.34285937870395,60.07100732604222,58.080917987134754,57.98953475083802,53.31309459169742,57.10821978354237,62.85983551391037,54.840318387161176,52.5856351112084,62.00072004251144,53.72354660120334,60.00314001509019,58.02042243121147,56.18255383519407,56.895297363441784,58.21551505258372,61.773447354806564,58.855280357135044,61.01749284454251,59.64038691224333,55.91782172122859,0.0,59.03714021695168,57.213740857262806,59.701214872794544,57.49141766268853,56.32471119124451,54.948610730951884,51.08417981442247,56.06308784278807,52.41821719214211,55.15103554126635,60.76196332613531,51.74436004769007,57.674288132337594,57.4410009730143,52.97650049864922,51.11306409681537,53.617541713356744,59.99439234053873,60.22717085026294,58.5845304474391,61.30144050684946,55.96751644109435,60.40961952062443,63.93060936108705,54.6688490389516,58.11514853951897,57.98469089307039,60.19126917473406,58.67503578106854,57.427259009563436,58.25695917760816,60.62804789007482,59.953289568002496,54.46217967192845,61.90723308025191,56.36785157808903,59.66346616258742,61.24669157590889,60.39511727553195
