,1610555604.25mOvVXuL01OCiReyVWBfesjuvXmB3MoPy,1610555605.43B6oDsBtWRQ29Q9UMQuTUEPZy3FSSWXzc,1610555610.92HPGJJSmyPM40z7otPBgHalNrHFA7zk5d,1610555606.68LaSQbm9EHAFycEfFtEqAwYqlBsQPjIRW,1610555617.19EKxMEwDHfXiEJZc27TsGoERaD6Da4BZU,1610555722.52PJ3FD50MGhRXyUD28vluU8Z9UjLJLZn4,1610555617.52Ijr5puT55g9apK8auM7zaxa3NANg502t,1610555638.77ZLjTLkz4jYJdFMI2wWBztzsDILkoOtAk,1610556912.46C7tJPLF0XfNnm8f1820X9aLmXMHoc0Dw,1610555617.51LjzIROg0aeCP2GhDcAVQ0LipKJB9jmKc,1610555608.17OpjjHobqRkX0UPcaXrbu7K6L3805SZri,1610555721.82zWeNZfGUUfRJkgnAwlP8VMhPzXctnSd4,1610555735.75bom85BDF0C7W2eIseHeMxi24qR68nzMi,1610555735.77NnT5xqKnwcf2BbjIekeb2arTQj6QMNwk,1610555638.33wjf1PhdNaoWfbRzXVn50hmFyB5bYAiLV,1610555606.65jCE4ig8Pu8kvAzkxnSGfWsV0nQBjCf8H,1610555608.18ONsBCVo1i7BrX0XG9stct4oiA6ejX9Oz,1610555721.51RNoQUMP19FTMS79BmA3JkgSm2IC2AQuQ,1610555971.86O0cHB2ibBJ8jxoObg01EpGe8VVV5mpwn,1610556911.51zU3duZSGpcw1BDNsBLxdOCITAXwl6z3i,1610555988.71dMoYT8250UHHJGxgmITTmbHe7V6gH1yU,1610556042.81mlUZsSp7gbGjrp8jQSnybT1gPy6e62o1,1610555637.02UBW5nKvDyUrKnaWcYRGajZPxTRDS0q3N,1610555619.13oUYNikU4facCTpUSiSLr0vPI0tJLnXiT,1610555721.03nzkucfjAUh31zTbmCVvTVYqtjoxZFnBh,1610555722.67fhKURdXVzRbLIjXmjRwdJHTnE7PWb1AE,1610555638.39J2ZWBLuLTHP0jOlzB4tNHmYeijH5g5YJ,1610556032.17Q6yCDx9g7alRnL9jBFXD2JhhUyB2hKfJ,1610557007.49MyVgDnuUuBxrvL6SGOdhKf69VYlW1MSm,1610555638.44hjT5hbYdKoE3MB6hijrjqbjmLgvCUYKD,1610555608.13zUvmFSCRt6SsLbhqFznMEvGx54GPGQzM,1610556038.62a5C4ynd1AARyAhTv8a58NCqHvXRjscqH,1610555644.45Xse8u7pusHNsd7F3d0A32HXvXr6weOJE,1610556038.62gKXOCG7XCn55eJvyl5voNjbwOW0znQDq,1610555987.13v0oleKK97pkesp6oMgprH8SoSdoDVdIO,1610556964.96ZLLeiQW0qpmxhPGTg7K03fmzkqsC2bjC,1610555987.13VQlEedQ50VvkPMEMzZDv3KNnQCewykN9,1610555982.186TY6MMGkDecIN1woW6vsfAMXVV7jnyjO,1610555982.673LuMndkwkvdmZOn0MmE2Pkidx0FtNalb,1610555733.38zItcuH7gHNfKdALR2d9Nek6bxCyw36Vm,1610556034.15BQxSbZINGCay0yp6RBVlgcPrw76Yn9ON,1610555639.37BPZpgtGml8qUsh9AdV4m32jPLfI2aNFq,1610556965.57S0adAalhWYe6K3bkZU0bRHbqnDK8gGkR,1610555983.54zteLPCMjyrjzPdhHhlZr3faCgD0TfYr3,1610555987.79rHnNRmt9a0ufmnwCvZqBouyUoZDNpylW,1610556960.041xWER61rmArlsKfiMl4frikWmUCnQ7op,1610556035.13a7NHZDutfTMJ88qle1gTYY59Dr4WmMsj,1610556890.456ZBDaY16bMtrTZTqAgHl3wq1tRxzqDow,1610555760.24e6890pkbyZ97Or6croI1rQgjkSsR0yVt,1610556043.02YpWMIJg3W004iqlPyv8OcVAZdSC5rNYw,1610555987.03z05P26TLtONYM1HSzupoc2CeNMa6HTqr,1610556032.15OYCzUxpsz7b10AXBAuDXrvEcvxFhf0M7,1610556032.63Z80yI9pNwS3jSmsDABbuhf8wkNa2Ze9y,1610555736.28eGuESasTXdR3SqY6pHhEXWZtcdciYLCO,1610556034.61bebeZA0MkaFG2sm3VKiqrxeqQginTTW0,1610556944.5XwXOphKYT3ZkWA8gViqOS97VHVuMVUqb,1610556944.745UVLFBzf7fPh4UH37I6tYQOFPqRDytEh,1610556034.63XsUwaFaPZevO1JNFjfhvY4aKNFnV4noV,1610556964.89xwBHw9faT1HjQRMNQEyA4qJ3hWkwgj3k,1610556966.74DydzH91jtyvRyYau47JpVkZoMRSNTt01,1610555740.77UueVziDbaXyRR4OcVJIIZyzOfAzN51bj,1610556046.84e3vwjyRCzqz0wJQhrk8zsxlFfFSv98Df,1610556137.99eoPuVrDThKAOvmeprLPb2FWRqIhzUodc,1610555740.73XFwSrmTXJPlaxGZSefh0jOVA8PI3III1,1610556123.88AOfNaz9jSnqU5Czc7okOv1RCrYfKFBTo,1610556046.85nB7NvyoYQeLcOV391Lmmut1wAM8CFGLw,1610556123.89H4pdIAzDthI7bMXMhlIhKUYIQIvtmPPQ,1610555740.87GOYQUJKpkynIS2lFqppYK4b32ol7NeGh
1610555604.25mOvVXuL01OCiReyVWBfesjuvXmB3MoPy,0.0,59.66380522548028,44.34033405084393,54.969591856142245,50.55143810728811,58.82470149932298,50.88181482960056,36.46791456572197,50.32197100677738,59.88915278857346,82.26108853153326,63.39347579782334,71.57696854395188,47.669601872796186,62.56517769015626,50.93508314673081,89.73417617995953,61.448805859303846,52.23063706325286,52.94186012833134,66.29091850468431,81.60449299759561,50.817460217685806,36.70971182766621,64.39714205618735,70.9035285318467,49.38063892364842,55.13987890140015,59.17721029160951,50.40408703644536,49.69096763732082,53.67451727063144,67.68569511915375,54.78902913603802,58.78740728549902,59.36478527774857,58.186461104319086,56.141788850903566,66.10575936315684,61.824481517472606,54.22541237217677,67.61898287526338,58.359003993785414,53.45341124597086,61.30522844449997,62.731273476773175,56.40344635918338,57.05568583161568,55.92105513512472,60.60263671063893,49.06303294204616,51.59623649275444,54.11324049977584,63.67116530395977,49.0890680820011,59.89863950221546,58.16242009207682,57.239530985048624,50.01221048814773,54.11676234740055,78.26328535653863,84.21291844760661,64.39058190793814,68.86950705275247,60.63585356028865,87.54546203821513,57.511522566623775,67.55002366859182
1610555605.43B6oDsBtWRQ29Q9UMQuTUEPZy3FSSWXzc,59.66380522548028,0.0,63.35656306040465,59.596100329023066,63.88957893076885,69.30836708261003,59.20755350745049,59.57220409559068,66.89271516964078,60.905431323502775,84.08982401034326,64.61895126667771,61.94526877304889,61.097904192235816,63.171006402613784,60.42265308700449,90.17355605746756,58.56387980082499,65.32181102562213,62.7242578725618,70.89819891057661,85.42488276288434,63.79389133225093,58.69401129801239,69.44101384757809,78.82555959630699,64.4631128290246,61.165310985331956,63.312782404810676,62.350188723738285,58.648480041916336,62.84391336581372,59.83156862018262,60.17185032412076,65.65285916787504,66.48925346303633,65.66926882535977,60.88145467149994,62.70520375975121,70.26016117543719,62.54069640970343,72.61515063127648,65.92810804843505,58.428527778248025,61.42658209514893,62.82814358961879,65.5474717889715,68.52041957378944,64.32931718142201,67.08078224713775,59.110208364555874,64.09357286244176,61.42151890918802,68.20702857743139,60.145350265985684,67.81971501291245,66.28737124301989,65.80573659713492,61.18645171158992,61.183134791296816,82.9511895941768,88.5228475471457,69.83565247443188,75.46851639360868,68.22720543053516,91.62377083387089,64.68036609204827,73.23964196127652
1610555610.92HPGJJSmyPM40z7otPBgHalNrHFA7zk5d,44.34033405084393,63.35656306040465,0.0,59.272686968483995,55.81438045514284,63.00192899264453,50.096544635784646,42.35077678231355,57.107623562539935,64.00753045554157,84.78757839664766,66.9771447361414,75.44917376095384,49.59599346038359,65.81562429299034,55.87245947227065,91.73083134536833,64.8244719125468,57.54847547938511,57.89682506205251,69.8326851537742,84.0294386708411,56.14208416587969,38.71734063489753,67.83263147057161,74.84690431186165,55.21364059634187,58.70324303911579,62.599618836273926,53.15052326644028,53.73996737954665,58.97513567758128,71.70580927174323,58.31425597711966,62.52587986784505,63.11626156668653,61.75573398222391,59.92032986310676,69.16567036181446,64.663152376866,57.86248640056521,70.90316873134282,61.77517646568054,57.446390204421625,64.56935916849667,66.32641324464487,60.22299994960098,61.80407098519321,59.48966732107756,63.973776307667755,53.764452758831666,55.915695073034854,57.99015129297765,66.73313552392223,53.08612331129602,64.0107338377999,61.99616818390771,59.69582682354775,55.312061458621564,58.905598517264494,81.15211426679896,86.03102409188995,67.98091152733744,72.42161174251198,64.01912401395055,90.00873066734911,61.734989445812836,71.044147696194
1610555606.68LaSQbm9EHAFycEfFtEqAwYqlBsQPjIRW,54.969591856142245,59.596100329023066,59.272686968483995,0.0,59.431176467275236,62.75748290462896,58.799150159542116,54.28723442302934,62.24858210695168,62.738069429385575,73.53358562233585,63.23041290416384,70.98221299751962,57.77946220568491,64.39824248771646,53.33826924772369,85.00100685444318,60.45743629710701,58.48706369936424,56.901745207235464,64.71319388012114,82.52148182941902,58.7589099801496,53.4762264726044,68.00920825215248,74.27050329929821,59.26776960867282,54.38253088756195,58.41736733350959,57.80225700468965,53.57838368849452,61.43555951995535,67.33263953384909,56.00941240028808,56.984068299652336,57.72208554375939,57.99507882557211,57.13430978328787,64.87540792537472,63.442562693024946,54.582961749038,67.4612815266711,56.71599588482579,51.413422641438544,60.0966762205739,58.92176320918565,58.84659558067763,63.2077153737706,60.17370187496215,61.683005108340424,51.35835360407171,58.0797390372594,57.11586229202393,64.51022286517191,53.422264283862766,64.17234858060941,58.99672422435923,58.37179095107779,53.96126455605966,58.896854445299184,78.57312831814475,84.80376978000074,65.27514221320662,71.99750093593318,62.26485762402918,88.3010912388212,58.19750048283582,67.25300091192625
1610555617.19EKxMEwDHfXiEJZc27TsGoERaD6Da4BZU,50.55143810728811,63.88957893076885,55.81438045514284,59.431176467275236,0.0,61.38281569547387,53.5058328958293,49.96019603440956,53.38154646872433,64.47528511904314,83.37764402320052,65.07347786740223,75.73306270376644,53.29984535305406,66.93687881040971,55.42682958925278,90.38002693388559,64.63178983777958,54.73842724976803,58.25530603546906,68.45083469218412,84.384777243967,52.27691370383633,49.650129090829765,65.53879721704877,72.59978568886548,53.67511743650408,58.12795471045601,62.50860494737844,54.49911055235391,54.469088449576915,56.2278063191975,71.60477413987084,59.744357177973406,61.223329598077925,61.3457115367185,59.74761750812786,60.64640483463586,67.8911387492584,64.59703017305915,58.171165959983156,71.1473510931879,61.46653434227107,57.85325409807554,64.19982755206199,66.2851545745858,59.019015513442845,61.290878553342715,61.31954786680018,63.62436405841916,53.47014235326234,54.3493783316559,58.49915089831453,67.83943819506062,54.0959474590149,60.73341191466212,60.36145759761716,59.99130575628171,54.26505479741061,55.818810872828195,81.32270214201804,87.14058329014524,68.58244232042323,72.52229243184284,64.97930310812632,90.16339645957353,61.180954438010986,71.17640502023512
1610555722.52PJ3FD50MGhRXyUD28vluU8Z9UjLJLZn4,58.82470149932298,69.30836708261003,63.00192899264453,62.75748290462896,61.38281569547387,0.0,63.594231890513264,58.19039813919083,65.17122321086232,69.69113926193018,77.29421449337075,71.67135685057924,79.80379802188989,61.62608500301449,71.97605561655062,61.27667759615031,89.17453094607013,68.48881441881687,49.06529192112058,63.85737711093238,71.22430013461037,88.28417521024167,57.71252579590328,57.72830517535744,70.33648071629186,46.24202806124099,61.80673790302766,63.87126517196712,63.73417102571691,61.01191448238073,60.346283015181335,64.33632519117725,76.16212490442656,64.24382723200283,66.37700425662183,64.99660232322103,66.72173108699903,65.79003810690728,72.44073837240187,68.51909746142483,64.29091476914186,75.1121216744483,66.0895496196841,62.499424327492264,67.37760965049753,60.19656714061691,63.146491767736194,66.0519713193316,66.45498096725134,68.18829126908113,59.37675355236152,60.0022451253451,63.50884148816515,71.67431232171045,61.19264316473265,61.68862274495444,64.13635040634632,66.04890615300374,60.31835810230884,60.30592224229821,83.42705462374215,90.0755849025631,73.47629570046527,76.37174416449879,69.88591571356407,93.31833349481028,65.78319717784578,71.13166007304415
1610555617.52Ijr5puT55g9apK8auM7zaxa3NANg502t,50.88181482960056,59.20755350745049,50.096544635784646,58.799150159542116,53.5058328958293,63.594231890513264,0.0,49.30466060098801,57.61879526226705,62.22224276284129,83.61748579824636,66.12097985127448,72.65048215139069,47.02418463924079,64.37277681027082,56.358569803007114,90.61850431387435,63.59638684677389,57.74713821499456,58.38429475629354,69.20120489160334,83.5678228723482,57.20944901930853,48.14794134877125,65.72970082775406,74.2014023563869,56.819123828231184,58.40238602337967,61.99628946310849,50.62498549876533,53.98619740272086,55.85852498208866,69.4748069137381,58.36641364820592,62.30824383079462,62.439872228399125,61.52427387362897,59.41520722808372,66.24624599783755,64.6471593972194,57.79575182496167,70.55765444073685,62.25374509655002,56.65185842828356,62.674381728968754,65.43249341395335,60.535602217859186,61.766759698791084,59.87089897760127,63.57635376321294,54.289750767620724,56.54231639788314,57.93136164696346,66.59256282995939,53.309768191053884,62.98634965059458,61.542381340789916,59.392671979611805,55.76699708882618,56.16024077950936,80.81927564375778,86.38603919149973,68.0631325574536,72.28746876015603,64.61555945250404,89.8529555965547,61.23577958199772,70.79049860345647
1610555638.77ZLjTLkz4jYJdFMI2wWBztzsDILkoOtAk,36.46791456572197,59.57220409559068,42.35077678231355,54.28723442302934,49.96019603440956,58.19039813919083,49.30466060098801,0.0,51.20755533295734,59.05823510518759,81.47305501007179,63.582588676235,71.33101226177598,43.072012674958465,62.09520958819496,50.95026536873386,89.0964435779864,60.231476121242075,52.02138510925939,53.16801229751899,65.64747963729293,81.06005585460044,50.92740658970743,25.997825335016007,63.809585771440574,70.57829455348242,49.9052060532429,54.40907664205756,57.85697154190551,48.864441562923595,48.08345296133812,54.033688121056905,66.93850211028945,53.987133851997996,58.013560773472356,58.57747385795918,57.10821175718206,55.99620395974612,65.45381810500477,60.416235155049904,53.66483454888111,66.49276471536264,57.280697868603994,52.61395905935672,60.64589193836835,61.54390148002175,55.329065656031446,56.15361510818108,54.67559352608351,59.576447974228834,48.696429120781175,50.4370539935392,53.77324639292346,62.66290876590913,48.2115218889846,59.59850076770166,57.3773464112426,56.53719116524927,49.745653260670025,53.67933466522019,77.40568371804369,83.44507109143396,63.786894780546476,68.04181499683415,59.56744749950023,86.63911072805045,56.7841515477667,66.71593784076245
1610556912.46C7tJPLF0XfNnm8f1820X9aLmXMHoc0Dw,50.32197100677738,66.89271516964078,57.107623562539935,62.24858210695168,53.38154646872433,65.17122321086232,57.61879526226705,51.20755533295734,0.0,67.11561487614101,86.38748722634146,67.72580137466417,78.11708649753898,54.55214389188411,69.14266362506972,58.449443423939925,93.12701645202054,66.64128332574482,57.53784651929773,60.870771219846816,70.59410942147092,85.91728524433964,58.12082684016331,50.56004526648967,68.97219040312993,75.50371252181989,58.01062665265174,60.98008101321506,65.48162759868195,57.49144172207423,57.734436214680045,59.5676286474175,74.46622926457188,62.01468181530544,64.5909105855506,64.48992745778473,64.05372335111952,63.405452585361026,71.53974657337301,67.22264998219126,61.346890626395925,73.09507219717418,64.14529069734111,60.6977410838666,66.58674782274989,68.23353469862332,61.73117822800054,63.552136550967845,63.41529321443531,65.63800812036916,55.56583207285997,57.76012893293031,61.26196207092442,69.61473556893628,57.50195119076883,64.92226737670406,63.39098621806926,63.195066601100784,56.41982839078421,59.32751003289011,82.7750049224817,88.99442075090981,70.29785257455673,73.95101056106549,67.23183370176314,91.77271888159206,63.79136135062583,72.65481600275415
1610555617.51LjzIROg0aeCP2GhDcAVQ0LipKJB9jmKc,59.88915278857346,60.905431323502775,64.00753045554157,62.738069429385575,64.47528511904314,69.69113926193018,62.22224276284129,59.05823510518759,67.11561487614101,0.0,86.88246901947088,70.23125848580011,67.71174823673532,62.26083726986345,70.51447789107864,61.59645280671369,93.98885708498565,66.94509128396412,65.82931731597928,63.426463513763814,73.27274832978291,88.70058978473325,64.05475361585542,58.39754038997523,70.50375260304641,79.8614986736402,64.45129758300887,64.99984931850098,65.1556873951111,62.916424908798476,58.79438649009673,67.00955977695774,54.978571024162534,62.86639158965559,66.28071557119395,67.72724706967465,65.62952330750933,63.132934295204464,67.36268028398169,69.38217537486813,64.90328200617624,75.71585732166896,66.1052834874279,61.93630171845713,66.97628143485635,68.9191192917605,66.48084321399837,67.69949143183584,56.274072062363075,68.23664610077688,61.11946076777959,63.82593111056101,63.04269559588275,71.3449120409068,60.47834458251893,69.93606241171872,66.04943315665251,67.2780819267345,62.457291003533264,64.00540239783605,84.76637064133993,90.48508868324737,71.10492360727511,78.16003931835364,64.74748895714927,94.1346492090506,65.8135716360176,75.10943304029016
1610555608.17OpjjHobqRkX0UPcaXrbu7K6L3805SZri,82.26108853153326,84.08982401034326,84.78757839664766,73.53358562233585,83.37764402320052,77.29421449337075,83.61748579824636,81.47305501007179,86.38748722634146,86.88246901947088,0.0,88.48672736067873,92.98133648759708,82.65481689241507,87.82573317325115,81.54531336102461,68.40239617008855,83.27410857003527,82.12495101116443,84.01935522259005,85.01001572212378,100.20864022478268,82.92356774014198,81.09317597663872,88.39894554701876,80.7413567843667,84.45424368121319,81.67013266278734,81.02232044352037,83.13536190691697,81.17646406335135,85.25920524086308,90.18089143317756,82.62006220198822,82.82015577599364,81.58845939935473,83.98572161476966,83.22456596616851,87.6141753156372,86.4896961282908,82.5028165112511,87.76098573066525,81.35433396833587,80.44313588993644,78.52228527841068,70.23494811481687,84.11915501583225,86.88858395384716,84.78408541674597,85.19064221957551,80.65001172625718,83.6020928386016,82.04453878158084,86.73523501123931,81.42008927456024,83.00941483638573,78.69141343840153,84.63141399960342,81.98205432017173,82.4860998956401,92.80193382567873,101.14610360551848,89.0682602907526,91.77055398393331,86.31387927364325,104.58095549776235,83.32003306423648,82.0228181077658
1610555721.82zWeNZfGUUfRJkgnAwlP8VMhPzXctnSd4,63.39347579782334,64.61895126667771,66.9771447361414,63.23041290416384,65.07347786740223,71.67135685057924,66.12097985127448,63.582588676235,67.72580137466417,70.23125848580011,88.48672736067873,0.0,77.21839187297086,65.55990474766735,69.32800256708988,60.277564654899,93.48193415533308,67.24240921853693,67.17599475919168,63.799289413793794,55.26254102509857,84.84503412660501,65.59821087384823,63.04300317396357,70.8591594611935,81.93428848016701,67.13793076456616,58.905680963151426,65.29339173712401,66.37214628820202,62.95781826386394,68.786614694168,73.61225728754941,63.54544755860981,58.50842226183088,63.10804628964598,64.85352538165976,65.2899943774036,69.80176608773152,69.56541995723711,63.44584026254474,72.97969025510659,67.49203987399001,57.315583091104706,68.21839356803694,71.3829499480801,66.50129492854636,69.41294615012295,68.92405356229075,69.56874984486487,55.07329306699688,64.9850955658954,65.02478128599245,72.10552490844803,62.69386431260583,71.04304670935717,68.49628960089382,62.513246923194004,58.61719013431357,65.40065185994519,85.87910779806032,91.33899289344996,72.23858619931208,78.75876038766249,69.58665349123692,93.83138016120482,67.12500867924871,76.4520799326334
1610555735.75bom85BDF0C7W2eIseHeMxi24qR68nzMi,71.57696854395188,61.94526877304889,75.44917376095384,70.98221299751962,75.73306270376644,79.80379802188989,72.65048215139069,71.33101226177598,78.11708649753898,67.71174823673532,92.98133648759708,77.21839187297086,0.0,72.876012843347,76.4416791306196,71.70264095036566,98.78268285731492,72.78793440859907,76.29291727253788,73.61053538275371,80.83950268812029,95.32101709562119,75.23711375449739,70.80831439002692,81.15681972025165,88.46944714978056,75.79409865742826,73.08735258593862,74.1397702083596,74.62160960095805,68.70854838416571,76.81101420225909,48.97172485848393,72.36045900037311,75.97134482021596,77.03480625250373,75.68598833939198,72.38221218039345,76.48562633761283,78.62493635304679,74.28998271382709,82.67184332681215,76.27275339756936,70.28615027233715,74.90039238808198,73.39348483921707,75.71907903466455,79.12980878690088,73.87031946620988,76.88157856990584,70.86081293989258,74.58109297202637,72.04535049804721,78.83770619557788,71.36554809182076,78.89165102128463,76.79872169424738,76.24930315927914,72.13926727671135,74.26307346897359,91.28592639053112,96.79507451065726,79.6905814492474,85.3734207086771,78.07063346473316,99.68872662340145,75.22594468577427,82.50029795787245
1610555735.77NnT5xqKnwcf2BbjIekeb2arTQj6QMNwk,47.669601872796186,61.097904192235816,49.59599346038359,57.77946220568491,53.29984535305406,61.62608500301449,47.02418463924079,43.072012674958465,54.55214389188411,62.26083726986345,82.65481689241507,65.55990474766735,72.876012843347,0.0,63.55763325206406,54.76846637343657,89.80216927022869,62.37155374220083,55.57558513870115,56.38439469481519,67.88455251819482,82.15069355305799,55.12816953359951,43.5423773651778,65.63505569871965,72.35720937461807,54.22141053915636,57.56493281630517,60.86111335896218,51.30008142547652,52.800398977709705,55.177022346742795,69.50713450241034,57.69632605741458,61.76924234592768,61.50591518407296,60.66229953178282,59.16375578127319,67.09145584766036,64.0379303110264,56.64151020421977,69.04628460567547,60.930716758494945,55.5338303798602,62.221949192733206,64.09484882294788,59.03539163722088,60.154805911216286,59.00840870085892,61.903888612775646,52.27631454895756,54.603276785950484,57.25308577771241,65.37870897080684,51.91033802184688,62.22018320196939,60.58702139475203,57.99816682327162,53.71469429123329,55.32162590362071,79.24608395701793,85.24309528643276,66.84113807455765,70.60955929590028,63.397140539349095,88.26007513402006,59.268861050505734,69.01052593457804
1610555638.33wjf1PhdNaoWfbRzXVn50hmFyB5bYAiLV,62.56517769015626,63.171006402613784,65.81562429299034,64.39824248771646,66.93687881040971,71.97605561655062,64.37277681027082,62.09520958819496,69.14266362506972,70.51447789107864,87.82573317325115,69.32800256708988,76.4416791306196,63.55763325206406,0.0,63.047900065727326,94.16880485489779,67.61587231255263,67.09991107818918,65.33789000852686,72.63403672506588,72.29888252945646,65.99774229006408,61.42974308185938,74.36800696812692,81.72573638900896,66.03310311208264,64.87083143798134,66.88586802709231,64.98810891252502,61.98077716110562,67.6464709020986,73.0965766205074,66.12801733420349,68.26155215811286,68.5487037643406,67.22134947047999,67.10376505542818,72.1402609185815,70.84049260688393,62.73125903895064,66.211572786679,66.86689648534808,63.01883253784904,65.75451364731143,70.0304813300364,66.65165570620793,71.02616799061066,68.68558141198588,69.23832257591293,61.32842919589998,66.3124756758173,65.69860078436696,66.77798403157188,62.51371485708802,71.66934960827146,68.31814773431323,67.72701026464972,63.24158730755342,66.01050359396694,71.69155352726735,83.13839159260061,73.66542859316652,66.5336874847446,71.58044925669225,76.32871519393906,66.67983654560746,68.54413919247911
1610555606.65jCE4ig8Pu8kvAzkxnSGfWsV0nQBjCf8H,50.93508314673081,60.42265308700449,55.87245947227065,53.33826924772369,55.42682958925278,61.27667759615031,56.358569803007114,50.95026536873386,58.449443423939925,61.59645280671369,81.54531336102461,60.277564654899,71.70264095036566,54.76846637343657,63.047900065727326,0.0,88.60504884787296,61.86113833722753,56.83523026123094,51.54125258085797,63.20708727098866,81.56740800948614,53.71043601235286,50.01796501168241,65.16649816543972,73.5029250205935,55.847696921258134,52.59293266670969,55.52425581690392,55.03460508138228,48.435426380146104,58.21739543416945,66.96343694986649,52.46772265725892,51.07414197165643,53.11400454728331,54.492780549112545,50.07267361147385,65.43445022306443,61.1681641816606,51.59666313249378,66.88830118179783,57.39501705357071,50.70585378097667,59.06082885582064,62.06211358547403,56.17102330638341,59.692319161254375,57.21827565708913,57.56883356296932,45.08556596686246,54.50128707000004,54.55002635759786,64.02419737954763,48.15351520326221,62.13685228281444,58.84928192356292,52.396603400544244,48.64341349407801,56.27087591908943,78.06159567852747,84.12251682724846,59.1481380992656,70.19136917587318,59.47815878318705,86.99114931978822,54.65099997775618,67.50520936615082
1610555608.18ONsBCVo1i7BrX0XG9stct4oiA6ejX9Oz,89.73417617995953,90.17355605746756,91.73083134536833,85.00100685444318,90.38002693388559,89.17453094607013,90.61850431387435,89.0964435779864,93.12701645202054,93.98885708498565,68.40239617008855,93.48193415533308,98.78268285731492,89.80216927022869,94.16880485489779,88.60504884787296,0.0,89.7761464159324,90.77711166900365,91.22077053379158,91.11937642545963,105.68911602797031,90.229420681514,88.59673041782666,93.77808109012015,91.20408786187487,91.29695876918849,88.9802138221541,89.46653741867604,90.55445403020647,88.48848281406434,91.6257384426676,96.23988258422169,90.05510544939176,89.58104900541085,89.25069405116632,90.79595584336415,90.3881681898625,92.74619673200515,93.76874117895393,89.8840893799329,94.45007684196624,89.80210051693089,87.69268478498948,85.60087004926048,83.27911628169214,91.20147782980318,94.12328455285682,91.87355389636345,91.91185957785552,87.44017103474633,90.91100890916036,89.6077571996026,93.14671936169387,89.12764853676372,90.41585248628408,87.23571841263112,91.45009527882553,88.95104047163277,89.45292209487836,99.92886820862195,105.62656415165526,95.13098940732131,97.01489121563975,92.91331803085403,108.85957923179069,90.42681228911643,91.39475569693909
1610555721.51RNoQUMP19FTMS79BmA3JkgSm2IC2AQuQ,61.448805859303846,58.56387980082499,64.8244719125468,60.45743629710701,64.63178983777958,68.48881441881687,63.59638684677389,60.231476121242075,66.64128332574482,66.94509128396412,83.27410857003527,67.24240921853693,72.78793440859907,62.37155374220083,67.61587231255263,61.86113833722753,89.7761464159324,0.0,65.52112520808464,64.38262641952888,69.593116848228,84.54560240978545,64.25355578212535,59.36536835739913,71.6802404219907,78.71581083067487,64.81774848601168,61.852605648887156,63.696430662616585,63.3946099259037,59.00496594342884,66.65205185178563,69.41619988417024,62.992034988367074,66.39627181034614,66.71306728643079,65.95265129898227,63.68623468172355,69.17779814554872,69.83811827285936,63.10962530080967,71.37863784009052,65.9809228493708,59.26413662041842,60.65556258896144,59.27012598259193,65.08580397696637,68.2183748852891,65.88159078631926,67.3284369390792,60.065372011009195,63.949811641194614,63.06964765524138,66.73663024039226,60.55895182157182,69.60336307891055,64.95561857112268,65.90955013651279,61.95772222762835,64.06201696464603,80.38625556196962,86.57038039684817,71.55349149572008,73.97283726329916,68.9917431899805,89.50650476472309,65.10433889844266,70.90723931656649
1610555971.86O0cHB2ibBJ8jxoObg01EpGe8VVV5mpwn,52.23063706325286,65.32181102562213,57.54847547938511,58.48706369936424,54.73842724976803,49.06529192112058,57.74713821499456,52.02138510925939,57.53784651929773,65.82931731597928,82.12495101116443,67.17599475919168,76.29291727253788,55.57558513870115,67.09991107818918,56.83523026123094,90.77711166900365,65.52112520808464,0.0,60.11969070427513,69.07922854408112,84.62432821851515,55.86198933470956,51.795747295555074,67.13969288075195,64.19540719514988,57.139877139051556,58.724772038182635,62.38610959980386,54.25406373025935,56.04714365962336,58.894656692544814,72.55128206189744,60.722901140797525,63.268363449018324,62.653746488096694,61.71929091186061,61.85193292011378,69.32327017598756,64.06639424548845,58.945638112622156,71.2444788086909,61.33827136121676,58.24203495032816,64.96676974859095,63.20174838637157,59.38714691936059,61.46088689373973,62.14576265826751,63.361706754902634,54.164119388749434,53.73215830970225,59.31094715366917,67.96765563809734,56.36475938630051,62.22822422169375,60.83057485432294,61.86769118923441,54.96727855147524,55.43649976099476,80.76210183188668,86.75037703657478,69.52356535537305,72.06402698682503,66.22275499249157,89.85822592516544,61.23300552540974,69.29403361948444
1610556911.51zU3duZSGpcw1BDNsBLxdOCITAXwl6z3i,52.94186012833134,62.7242578725618,57.89682506205251,56.901745207235464,58.25530603546906,63.85737711093238,58.38429475629354,53.16801229751899,60.870771219846816,63.426463513763814,84.01935522259005,63.799289413793794,73.61053538275371,56.38439469481519,65.33789000852686,51.54125258085797,91.22077053379158,64.38262641952888,60.11969070427513,0.0,66.78464862888777,83.70432942011527,56.70664398569356,52.32864619258539,68.9325563171808,75.26050258264422,56.86366282411402,56.935265414287315,61.3027702522815,57.32240341727942,52.43445183538791,60.86746967346613,69.39346306173526,55.601926628077386,58.583415510204595,60.572367940744314,58.282317835031776,57.22382805287419,68.95000926604736,64.93636354887039,56.89737925594535,69.92336143190126,61.30852390297567,55.19423750540531,63.011107195866614,65.86929245923784,59.96862139689162,63.07162674615969,60.27803128449695,63.69488287807387,51.23736558975087,58.123751736546204,58.3243440526992,66.38097948277716,50.97976523788122,65.1311571281527,62.49465118997076,57.11828676956239,53.14802933675258,59.824807936560155,80.7823668291428,86.1067820619837,65.51608207378789,72.27935271076109,62.09422100217189,89.3088507506544,60.23764792276168,71.08138827367468
1610555988.71dMoYT8250UHHJGxgmITTmbHe7V6gH1yU,66.29091850468431,70.89819891057661,69.8326851537742,64.71319388012114,68.45083469218412,71.22430013461037,69.20120489160334,65.64747963729293,70.59410942147092,73.27274832978291,85.01001572212378,55.26254102509857,80.83950268812029,67.88455251819482,72.63403672506588,63.20708727098866,91.11937642545963,69.593116848228,69.07922854408112,66.78464862888777,0.0,87.83193579603073,68.4933550465431,65.29555184172254,74.5148450038537,80.86717396890673,69.67369380518205,61.22331074945328,67.50748138611051,68.51654126428033,65.45595365175878,71.44614918515768,76.97809975972318,66.9155534296594,60.63832197565807,65.10804903295865,66.11346533365017,67.9924539080477,74.2086371201424,72.60888454550286,65.80175308134041,74.68297904244565,69.39229151993105,60.321252515810144,69.44463220444479,68.73218944839236,68.47686448687676,71.17769642518236,70.99755680676114,71.12638022943787,59.42125512995274,67.29456831074984,67.93384768006001,74.44455149996001,64.90289226337516,73.0414356466974,69.5719453207474,64.19616117513756,62.13144159812067,66.7712740511753,86.00963286544453,92.20201991189327,74.518347400103,80.15928176970756,71.45334457970091,94.7680531603516,68.92849120177355,76.01366339632392
1610556042.81mlUZsSp7gbGjrp8jQSnybT1gPy6e62o1,81.60449299759561,85.42488276288434,84.0294386708411,82.52148182941902,84.384777243967,88.28417521024167,83.5678228723482,81.06005585460044,85.91728524433964,88.70058978473325,100.20864022478268,84.84503412660501,95.32101709562119,82.15069355305799,72.29888252945646,81.56740800948614,105.68911602797031,84.54560240978545,84.62432821851515,83.70432942011527,87.83193579603073,0.0,83.99721441104744,80.71294812474352,90.81732591982555,96.3979358388805,84.08194383852427,81.2815764361671,84.92970882445968,82.97317624510336,81.71047499067915,86.15770997386579,91.88771623594101,83.47063969876265,84.45505623455477,84.1489932854839,84.81812179132373,84.51181102979116,89.95939906647376,86.47560102631714,81.8414048451953,79.13917418044417,85.06544055316,80.51305244145848,84.11005293485562,85.70795976421456,83.98069297399306,87.46384024139903,85.49658940811561,85.00465926558991,79.65312751890747,84.21633916140019,82.72400130477904,79.05659567072429,81.76832472268563,88.19804411147926,85.29985178859714,84.63575515759344,81.49183649560818,83.88679171353932,81.29294695455462,84.65041651658555,89.02920527391181,79.54897761986692,86.91241967103123,75.23001418831016,84.08922922102353,79.88425438163615
1610555637.02UBW5nKvDyUrKnaWcYRGajZPxTRDS0q3N,50.817460217685806,63.79389133225093,56.14208416587969,58.7589099801496,52.27691370383633,57.71252579590328,57.20944901930853,50.92740658970743,58.12082684016331,64.05475361585542,82.92356774014198,65.59821087384823,75.23711375449739,55.12816953359951,65.99774229006408,53.71043601235286,90.229420681514,64.25355578212535,55.86198933470956,56.70664398569356,68.4933550465431,83.99721441104744,0.0,50.21475315124693,65.12653937787698,70.35306336034502,51.33800707415638,58.348341439744594,60.71930509575787,54.36994392960636,52.47693061567839,56.32730195267588,71.02313391747545,57.99402492203339,61.798900821973724,61.00329891792716,61.37219019224481,59.58065492911746,67.45772228241121,64.36036508208203,57.259640731411466,70.49671432921716,61.435706267589914,56.437205841538805,63.041585888090104,64.85885064765367,58.660631275892115,60.44270914510572,60.0202763884066,62.147071107711604,53.01832536597668,53.6082091637203,57.76607659828585,66.44275919439522,53.80149508643256,55.388619279646406,59.734164963954804,60.41594192321772,54.42555973094174,54.44593841131914,80.21153898330269,85.91329626857018,67.19439669727468,71.09389098346841,63.810506745923576,89.21281347184178,59.7690125822214,69.96708298844752
1610555619.13oUYNikU4facCTpUSiSLr0vPI0tJLnXiT,36.70971182766621,58.69401129801239,38.71734063489753,53.4762264726044,49.650129090829765,57.72830517535744,48.14794134877125,25.997825335016007,50.56004526648967,58.39754038997523,81.09317597663872,63.04300317396357,70.80831439002692,43.5423773651778,61.42974308185938,50.01796501168241,88.59673041782666,59.36536835739913,51.795747295555074,52.32864619258539,65.29555184172254,80.71294812474352,50.21475315124693,0.0,63.01828800085489,70.21865825919599,49.19804554685814,53.6984305882529,57.0375443997063,48.24782038827221,47.23938086463592,53.52405346996407,66.46377879690898,53.27133437375963,57.32567420157939,57.96735208275825,56.47873171630136,54.91584842855215,64.6657202121131,59.87286761385583,52.94425078020424,65.96287409284744,56.40732452430682,51.58675251214183,59.79466416585031,61.015101352627646,54.697444478012926,55.94571409577014,53.89376213890026,59.0316998055018,47.474301848836774,49.79439322346883,52.67932374524345,61.91445662808681,47.37574180891654,58.86070510742309,56.750855912866,55.69496818685165,48.88179195536853,53.11076979733941,76.96439511576436,82.97922779822221,63.129478976545535,67.58385153869553,58.87711465384631,86.36495416949413,56.337458041032136,66.03423213487694
1610555721.03nzkucfjAUh31zTbmCVvTVYqtjoxZFnBh,64.39714205618735,69.44101384757809,67.83263147057161,68.00920825215248,65.53879721704877,70.33648071629186,65.72970082775406,63.809585771440574,68.97219040312993,70.50375260304641,88.39894554701876,70.8591594611935,81.15681972025165,65.63505569871965,74.36800696812692,65.16649816543972,93.77808109012015,71.6802404219907,67.13969288075195,68.9325563171808,74.5148450038537,90.81732591982555,65.12653937787698,63.01828800085489,0.0,80.92961846422592,67.51821809227481,67.30140260924007,69.63098591290002,65.8270261380251,65.20064910893684,67.08536372252549,76.72655774097736,68.00290474154453,69.24697081184544,68.34291718839587,68.78109827686295,68.46349719650034,61.97174462709312,71.7091597539468,67.99809499041747,78.05756784311595,69.61158173365943,65.16650432930135,69.40248643125928,72.50448313709728,69.15148433888889,68.19147523572404,70.43503652883068,70.41438748909046,62.63992272043834,63.80433627972633,67.12979483192449,75.03850244757123,65.92701420415253,65.16932996075478,65.54876657576945,69.69075260371268,63.67352792687673,61.52068920519407,87.05492830789849,92.63898642481783,76.18370462059478,78.97935670382861,72.45940454585076,95.36497468506072,68.68654357977559,77.28621759794332
1610555722.67fhKURdXVzRbLIjXmjRwdJHTnE7PWb1AE,70.9035285318467,78.82555959630699,74.84690431186165,74.27050329929821,72.59978568886548,46.24202806124099,74.2014023563869,70.57829455348242,75.50371252181989,79.8614986736402,80.7413567843667,81.93428848016701,88.46944714978056,72.35720937461807,81.72573638900896,73.5029250205935,91.20408786187487,78.71581083067487,64.19540719514988,75.26050258264422,80.86717396890673,96.3979358388805,70.35306336034502,70.21865825919599,80.92961846422592,0.0,73.4004272796527,75.28529089922732,74.76889452227202,72.9831097018693,72.61661963390334,74.4298796028856,85.72398450221058,75.75701559135427,77.18072946643767,75.85865089430544,78.10864327900369,77.08838868952395,82.68034914778771,79.77422030741,76.2530975562042,84.43971695908428,77.6449053848127,74.61968235811669,76.05128417536096,70.15856319419794,74.53404103771204,77.10761299724524,77.68955195594692,78.48049765536071,72.26536466000194,72.74060827807311,74.909591781806,82.3085969177173,73.46199505979087,73.72615090978651,74.59863417836752,77.39373148124174,72.81768864874071,71.48268672183974,91.44383377397597,98.32299048114054,83.72593051055871,86.07284698991182,80.79675887604422,101.21571416298497,76.294411357854,80.11388006599135
1610555638.39J2ZWBLuLTHP0jOlzB4tNHmYeijH5g5YJ,49.38063892364842,64.4631128290246,55.21364059634187,59.26776960867282,53.67511743650408,61.80673790302766,56.819123828231184,49.9052060532429,58.01062665265174,64.45129758300887,84.45424368121319,67.13793076456616,75.79409865742826,54.22141053915636,66.03310311208264,55.847696921258134,91.29695876918849,64.81774848601168,57.139877139051556,56.86366282411402,69.67369380518205,84.08194383852427,51.33800707415638,49.19804554685814,67.51821809227481,73.4004272796527,0.0,59.72589304902186,63.08099346294984,54.03022748331561,52.43911018439748,58.46102327256594,71.19793883933745,59.53281507626809,63.25258364213173,63.39516704073304,61.65459638129965,60.8229103370463,69.38241278439278,65.63663466494432,57.867696251477355,70.8617967774072,62.77451520599988,58.186291650003575,65.02276079825134,66.78929296044176,59.33053159308511,60.0402831684637,58.7026578146331,62.49343247587278,54.07743837738007,54.90364975666962,58.76989645223108,67.50600727219845,53.3075503663495,63.04838798541026,62.04940577381437,61.3532927363319,54.492968847580336,57.77767985033949,80.75781631649933,86.75160533157832,64.70573921167741,71.92924925234956,59.82245367621669,89.44525254169385,59.09724801843804,71.26101380379689
1610556032.17Q6yCDx9g7alRnL9jBFXD2JhhUyB2hKfJ,55.13987890140015,61.165310985331956,58.70324303911579,54.38253088756195,58.12795471045601,63.87126517196712,58.40238602337967,54.40907664205756,60.98008101321506,64.99984931850098,81.67013266278734,58.905680963151426,73.08735258593862,57.56493281630517,64.87083143798134,52.59293266670969,88.9802138221541,61.852605648887156,58.724772038182635,56.935265414287315,61.22331074945328,81.2815764361671,58.348341439744594,53.6984305882529,67.30140260924007,75.28529089922732,59.72589304902186,0.0,58.92737787433557,57.498869369506195,55.281133071913416,61.02212867143255,68.89266402466164,55.37401369628395,58.317962881975355,57.73812811231579,58.83793943206234,58.063098298935856,67.1150832337103,63.30641351810196,54.89497455161603,65.09199814570928,58.94059827181315,51.3056882018824,62.076184277572786,62.337998687599736,57.948161759983414,63.17445888529442,60.99376116602967,61.85666412098462,47.93284001169424,58.337701849539236,56.07735065565379,64.8566708229139,54.36210346898346,64.39874486934897,60.69187695577022,54.8884844620382,50.64510075328447,58.82247274128515,78.42552771419032,85.14295408986246,65.76521651217038,71.24361234152165,63.09572274164002,87.85640444113237,59.68467336487119,67.54932725688874
1610557007.49MyVgDnuUuBxrvL6SGOdhKf69VYlW1MSm,59.17721029160951,63.312782404810676,62.599618836273926,58.41736733350959,62.50860494737844,63.73417102571691,61.99628946310849,57.85697154190551,65.48162759868195,65.1556873951111,81.02232044352037,65.29339173712401,74.1397702083596,60.86111335896218,66.88586802709231,55.52425581690392,89.46653741867604,63.696430662616585,62.38610959980386,61.3027702522815,67.50748138611051,84.92970882445968,60.71930509575787,57.0375443997063,69.63098591290002,74.76889452227202,63.08099346294984,58.92737787433557,0.0,60.76396765528204,56.68929607273322,65.50443566507225,69.35079123508127,58.94888262877227,60.38536199699878,58.89839489615398,61.82494588675595,59.6358203996732,67.142178494748,65.58350268977775,57.906510148233544,70.36906308182178,61.549772466847784,53.08710315929731,61.037666740340484,61.588863855411994,62.54348573610482,65.4971765581087,63.606868624157336,63.97791176723758,55.24861644410724,60.84646097220515,60.25874114439616,67.51604070040159,57.495817476288984,66.80319005977684,63.2478444056615,61.32606604646676,57.993793932411144,61.742681203664816,81.22126640947225,86.94025291723231,67.98898292491681,75.08731707323422,65.06362982637147,89.98392706440556,62.24012521250484,70.46421926494433
