,1610555604.25mOvVXuL01OCiReyVWBfesjuvXmB3MoPy,1610555605.43B6oDsBtWRQ29Q9UMQuTUEPZy3FSSWXzc,1610555610.92HPGJJSmyPM40z7otPBgHalNrHFA7zk5d,1610555606.68LaSQbm9EHAFycEfFtEqAwYqlBsQPjIRW,1610555617.19EKxMEwDHfXiEJZc27TsGoERaD6Da4BZU,1610555722.52PJ3FD50MGhRXyUD28vluU8Z9UjLJLZn4,1610555617.52Ijr5puT55g9apK8auM7zaxa3NANg502t,1610555638.77ZLjTLkz4jYJdFMI2wWBztzsDILkoOtAk,1610556912.46C7tJPLF0XfNnm8f1820X9aLmXMHoc0Dw,1610555617.51LjzIROg0aeCP2GhDcAVQ0LipKJB9jmKc,1610555608.17OpjjHobqRkX0UPcaXrbu7K6L3805SZri,1610555721.82zWeNZfGUUfRJkgnAwlP8VMhPzXctnSd4,1610555735.75bom85BDF0C7W2eIseHeMxi24qR68nzMi,1610555735.77NnT5xqKnwcf2BbjIekeb2arTQj6QMNwk,1610555638.33wjf1PhdNaoWfbRzXVn50hmFyB5bYAiLV,1610555606.65jCE4ig8Pu8kvAzkxnSGfWsV0nQBjCf8H,1610555608.18ONsBCVo1i7BrX0XG9stct4oiA6ejX9Oz,1610555721.51RNoQUMP19FTMS79BmA3JkgSm2IC2AQuQ,1610555971.86O0cHB2ibBJ8jxoObg01EpGe8VVV5mpwn,1610556911.51zU3duZSGpcw1BDNsBLxdOCITAXwl6z3i,1610555988.71dMoYT8250UHHJGxgmITTmbHe7V6gH1yU,1610556042.81mlUZsSp7gbGjrp8jQSnybT1gPy6e62o1,1610555637.02UBW5nKvDyUrKnaWcYRGajZPxTRDS0q3N,1610555619.13oUYNikU4facCTpUSiSLr0vPI0tJLnXiT,1610555721.03nzkucfjAUh31zTbmCVvTVYqtjoxZFnBh,1610555722.67fhKURdXVzRbLIjXmjRwdJHTnE7PWb1AE,1610555638.39J2ZWBLuLTHP0jOlzB4tNHmYeijH5g5YJ,1610556032.17Q6yCDx9g7alRnL9jBFXD2JhhUyB2hKfJ,1610557007.49MyVgDnuUuBxrvL6SGOdhKf69VYlW1MSm,1610555638.44hjT5hbYdKoE3MB6hijrjqbjmLgvCUYKD,1610555608.13zUvmFSCRt6SsLbhqFznMEvGx54GPGQzM,1610556038.62a5C4ynd1AARyAhTv8a58NCqHvXRjscqH,1610555644.45Xse8u7pusHNsd7F3d0A32HXvXr6weOJE,1610556038.62gKXOCG7XCn55eJvyl5voNjbwOW0znQDq,1610555987.13v0oleKK97pkesp6oMgprH8SoSdoDVdIO,1610556964.96ZLLeiQW0qpmxhPGTg7K03fmzkqsC2bjC,1610555987.13VQlEedQ50VvkPMEMzZDv3KNnQCewykN9,1610555982.186TY6MMGkDecIN1woW6vsfAMXVV7jnyjO,1610555982.673LuMndkwkvdmZOn0MmE2Pkidx0FtNalb,1610555733.38zItcuH7gHNfKdALR2d9Nek6bxCyw36Vm,1610556034.15BQxSbZINGCay0yp6RBVlgcPrw76Yn9ON,1610555639.37BPZpgtGml8qUsh9AdV4m32jPLfI2aNFq,1610556965.57S0adAalhWYe6K3bkZU0bRHbqnDK8gGkR,1610555983.54zteLPCMjyrjzPdhHhlZr3faCgD0TfYr3,1610555987.79rHnNRmt9a0ufmnwCvZqBouyUoZDNpylW,1610556960.041xWER61rmArlsKfiMl4frikWmUCnQ7op,1610556035.13a7NHZDutfTMJ88qle1gTYY59Dr4WmMsj,1610556890.456ZBDaY16bMtrTZTqAgHl3wq1tRxzqDow,1610555760.24e6890pkbyZ97Or6croI1rQgjkSsR0yVt,1610556043.02YpWMIJg3W004iqlPyv8OcVAZdSC5rNYw,1610555987.03z05P26TLtONYM1HSzupoc2CeNMa6HTqr,1610556032.15OYCzUxpsz7b10AXBAuDXrvEcvxFhf0M7,1610556032.63Z80yI9pNwS3jSmsDABbuhf8wkNa2Ze9y,1610555736.28eGuESasTXdR3SqY6pHhEXWZtcdciYLCO,1610556034.61bebeZA0MkaFG2sm3VKiqrxeqQginTTW0,1610556944.5XwXOphKYT3ZkWA8gViqOS97VHVuMVUqb,1610556944.745UVLFBzf7fPh4UH37I6tYQOFPqRDytEh,1610556034.63XsUwaFaPZevO1JNFjfhvY4aKNFnV4noV,1610556964.89xwBHw9faT1HjQRMNQEyA4qJ3hWkwgj3k,1610556966.74DydzH91jtyvRyYau47JpVkZoMRSNTt01,1610555740.77UueVziDbaXyRR4OcVJIIZyzOfAzN51bj,1610556046.84e3vwjyRCzqz0wJQhrk8zsxlFfFSv98Df,1610556137.99eoPuVrDThKAOvmeprLPb2FWRqIhzUodc,1610555740.73XFwSrmTXJPlaxGZSefh0jOVA8PI3III1,1610556123.88AOfNaz9jSnqU5Czc7okOv1RCrYfKFBTo,1610556046.85nB7NvyoYQeLcOV391Lmmut1wAM8CFGLw,1610556123.89H4pdIAzDthI7bMXMhlIhKUYIQIvtmPPQ,1610555740.87GOYQUJKpkynIS2lFqppYK4b32ol7NeGh
1610555604.25mOvVXuL01OCiReyVWBfesjuvXmB3MoPy,0.0,87.27888024834849,59.79125996973091,88.58728821905063,73.87263432503985,83.89050567541976,80.83735409651077,58.97044952331743,71.10574904259948,86.85628989283013,95.20287040091117,94.52556821366782,95.09352568564539,79.5665260022272,100.04892420545802,82.74734561077464,98.88746680435199,92.6268600300009,83.16925551667408,82.76147756568275,94.65080420795101,103.46920950613051,84.52689836795156,63.66464386514898,83.75162162381677,86.53315301432212,77.77848941203796,94.36976010082567,104.51183512914739,78.88900377406469,84.65660273610442,81.59199752629829,94.81893664012345,90.68029259879701,98.29710365489618,89.24746748936799,90.8971463842251,88.58171185955075,91.16554587217136,95.74598806582438,92.567721539314,91.5754498727776,87.96414490801415,91.22739260564423,95.67008974175056,95.7260219583408,92.22909048552985,79.24601964633162,88.06461556003616,95.63294768054553,88.23632048336414,84.79890291131825,89.53491384799035,95.85662832840237,83.05546941483152,81.9295134449252,90.3346432457004,86.63906038112532,84.02686303713809,87.13511083980971,94.26522326359579,97.57269841085265,96.53030291708649,90.30049904734928,100.80784539988542,98.59932680829522,92.84825700298376,95.4264417604671
1610555605.43B6oDsBtWRQ29Q9UMQuTUEPZy3FSSWXzc,87.27888024834849,0.0,90.50358923746174,85.35382991231465,92.10894994377733,92.36454496932778,93.57409925003572,89.31671264222646,92.2436002023855,90.0305244821166,89.3063771882544,96.61189607426034,88.59232832226375,97.38691283446813,95.10986945286207,88.0807888492904,94.04720358705794,78.77205552579422,95.21235350947681,92.22406971622519,97.4498994290827,98.90846762784231,93.45326862997267,92.13685370825429,88.72818732277625,95.91407416678832,93.55004521628969,94.51268766126434,96.70750373732032,90.5270819348569,90.91566865059876,87.93834824055041,89.66892605630777,89.48544224516951,103.0586497795588,93.43413368419291,96.86187070366286,85.21312796533927,81.27449275261633,102.84759285382283,92.54616459909606,90.82844839465308,92.71951757872569,92.40214712425998,87.57489148075699,83.75543434650949,97.93549481800127,90.9054548674577,90.83581629315817,97.29532918403743,95.24251436226122,96.14242311711314,86.91243028710748,87.45112507127183,91.53506295602341,87.2283077360196,90.60704810145059,91.84814032202888,93.72141499738164,93.39982441829636,91.1314258295357,90.73983493716031,94.03101170914677,88.109308398507,100.60387598572227,94.94214618158,98.29713594373273,93.19420476829636
1610555610.92HPGJJSmyPM40z7otPBgHalNrHFA7zk5d,59.79125996973091,90.50358923746174,0.0,92.2771796713199,78.353349711932,87.37167251677783,81.14916379217365,61.58514657458293,75.27234122806082,90.0647752046474,98.82773779024866,96.24778131723455,98.27526797630617,81.00106384724675,101.6108507777619,85.8486732484208,102.56971152208332,95.78152880954269,86.71017504394959,87.16826883812818,97.16420214408626,105.03227696958291,87.81860055680849,63.69709268341207,86.72901054938738,90.08962554625006,82.08545629390943,96.32442682197127,106.27067276341879,81.51664828805235,88.44545281409948,84.62553943465383,98.104695132666,94.05127032617526,100.97177044512459,91.73243545089676,94.34654019380449,91.79299409328728,93.02680401894875,99.36203198012606,95.45159696209159,95.02897481474993,91.38373823584189,94.03033761512982,98.99389893882972,98.3521463575354,95.08743749553622,83.7816728997634,91.1518553778404,98.29485710701915,91.07569298871154,87.80518757621986,93.08734651626476,99.2997308810694,86.93516105415436,85.15914894961557,93.14862073844684,89.0355942229587,87.94789583812783,89.87591126796156,97.3734594313779,100.42019258373209,98.86009546475051,94.45666185967596,102.04850632244116,102.10091602855199,95.80100584612362,97.97559383327769
1610555606.68LaSQbm9EHAFycEfFtEqAwYqlBsQPjIRW,88.58728821905063,85.35382991231465,92.2771796713199,0.0,93.13713687730598,93.60998336050964,97.11961840678165,89.97235720569999,92.65134211349485,94.69614694220269,82.86704915471337,92.33647077998445,100.14752069603568,99.55260999713971,98.88985245909355,83.10117361303122,91.12598034592507,90.23692385031045,94.00638127104435,89.48651834576101,90.456711596433,101.707965512682,96.44474197540282,92.6182862917027,90.70529336883816,97.74020082410017,93.49417221842438,89.1516954325109,97.4163159952602,92.91128283761505,88.63159657984536,93.4095365171912,98.29748554681636,88.5928285975747,94.5065393728572,83.32927594937667,89.48038118367297,86.80154194451521,89.9940988004339,99.64281555969504,82.90759542541494,84.8857902004128,85.72979777013845,87.00655682211645,89.98632672283753,92.24292162111442,96.5444179225419,89.69605328429266,94.18422789326024,97.93748537059828,89.4624022173425,93.36492706268564,91.90626430796175,93.05150127139517,89.08942257876512,90.13770817750111,90.33290178804172,90.62696124311898,88.62641439926227,94.65406363762479,93.20985093962791,93.57945767191535,94.21231539003654,92.25662436690854,98.84438791105565,98.7856274510904,93.20844502401197,94.68543584126716
1610555617.19EKxMEwDHfXiEJZc27TsGoERaD6Da4BZU,73.87263432503985,92.10894994377733,78.353349711932,93.13713687730598,0.0,84.03987796035801,81.25172430909294,76.43599565945246,72.10463231704,92.98193196359676,99.3033695474807,99.47540855866319,101.44109209946504,85.86449590378268,102.44957902814033,86.98362672778117,102.8029529503674,95.02006471390891,81.47984660060473,87.48745321125008,97.57835629419635,106.3783682854217,79.53383748793651,80.19351808096688,84.5883659264168,86.33519932048081,76.46141367112227,97.96626504527666,107.59883956658432,80.15284774681112,86.01641146890654,81.17486765326163,101.03467797623921,92.58251401873785,102.38722789664,92.16341563057983,93.59251873285612,92.59414734198211,92.97705880643421,100.56461075149758,94.13574711277302,95.42987573343136,92.34495245620371,95.63245320689337,98.5241244567306,99.69640229174125,93.08125060954717,83.167458189864,92.91169984227277,96.363513334055,91.61114447947072,86.90344899112041,92.80246880475325,98.74665301904713,86.4661180504487,80.61705861828814,91.87503442106681,91.79527751170028,87.80734644418611,87.10332412256938,96.9313517495367,100.49882714434334,98.96996806682192,94.35946909996076,102.72379714316452,101.99679312346218,95.40602923370793,98.64729241053564
1610555722.52PJ3FD50MGhRXyUD28vluU8Z9UjLJLZn4,83.89050567541976,92.36454496932778,87.37167251677783,93.60998336050964,84.03987796035801,0.0,90.73550046719468,85.11042614777055,84.67352708884883,95.84336247109665,95.3999696012767,96.99002584283447,101.6869336548544,93.55599680944103,103.13944718080865,88.1424045358411,101.41780278546737,96.2401833020283,78.21578553689282,90.67448708985455,93.8645400595468,106.86146084968759,88.37811281215859,88.13977595351858,87.23268128610965,68.05824076588907,89.12805613764573,94.51122782465865,104.69809292017173,85.29040910163997,92.98911157145693,88.69128405386195,102.15395661980753,94.83812467248937,103.01505697929629,91.98223545559227,95.43455538630391,94.6705695694764,94.51832487205397,99.79574979734252,96.93651985783244,93.79658977286564,94.8899386836117,93.36634950376063,99.55971946257476,96.1053171426884,90.07686542709246,85.205085398303,97.12254420067951,98.34855074390146,88.55421010069634,89.7448108242382,94.06602698209622,98.12601682283373,92.40297082866616,82.10193726476925,92.80738701606619,90.86235200786288,86.9918859339579,87.35823426024993,96.89259118906031,100.12414067959823,100.4602011853272,94.10274537076202,105.81431915424074,100.59293241080532,97.39043827741632,97.53924705579485
1610555617.52Ijr5puT55g9apK8auM7zaxa3NANg502t,80.83735409651077,93.57409925003572,81.14916379217365,97.11961840678165,81.25172430909294,90.73550046719468,0.0,81.23662305351507,83.80544564159153,96.31408124686357,102.92731054714856,102.64357068073558,103.9038571525714,84.67012516303656,103.71125502760476,93.49536153783093,107.27112393080102,99.27791279535322,87.73527220039877,96.466465904495,101.97561818364908,108.5435568785969,91.0893247401417,85.5384552527417,88.7288242230623,93.14712793718434,88.85240777223584,101.4501875097259,109.69989983951676,77.67331205652638,94.00495662866288,84.61570132983114,104.0544934584617,98.27846525042604,106.14840637606895,97.3384153855743,100.99875106985583,97.38636603508895,94.82012963692867,104.15175979158185,97.33097803631541,100.2056884633512,97.76935925737477,98.9997551099345,101.51033190508302,103.92873535153268,99.55804376275476,90.69667900301953,96.53903458107938,100.37344561989212,97.85337463490791,92.98404638828058,95.68415405544728,102.51270731076333,94.25529383120202,89.1616338664233,95.80142336162594,95.6988104134163,94.36278456729949,89.71786566591882,100.81534550872868,104.6179708220221,103.03212941423047,98.47551519924434,106.30324130224365,106.75326151974002,100.86950077637853,102.72468086407027
1610555638.77ZLjTLkz4jYJdFMI2wWBztzsDILkoOtAk,58.97044952331743,89.31671264222646,61.58514657458293,89.97235720569999,76.43599565945246,85.11042614777055,81.23662305351507,0.0,74.17703303837068,89.16803578715938,96.74819495848573,95.16959620086678,97.11758065317876,74.70691797726735,101.84673509201747,83.6618258782582,101.5455023830426,94.62924210038264,83.7985292392892,85.14133501873995,94.24580380116275,103.32464644696678,87.18539277022195,53.96690073964841,85.02420180891986,87.8179004815781,79.39933280699566,93.65022197327565,104.92147564834981,80.84534642375567,85.44471028229694,82.96747549972503,96.92867626099383,91.6025729815026,98.83024029842134,89.82640349501534,91.77174875001202,90.18381121238616,91.89623283063288,96.93371296448538,93.3760185087417,93.2524425144314,89.48134805559474,91.53535837148485,97.54521480861115,97.58123275912172,91.96683071992395,80.91484274465294,89.70417031545561,96.16506568597099,88.05638577898543,84.66025509810493,91.15975639526432,97.71727062097284,85.69480183024575,83.23125723397963,91.21232626896456,87.756181139018,84.06166276964487,88.33402995281293,95.52496564385609,98.94341935349148,97.35754625256077,92.90817225813107,100.21022899164632,100.64670092793543,92.56334705704246,96.76102679425283
1610556912.46C7tJPLF0XfNnm8f1820X9aLmXMHoc0Dw,71.10574904259948,92.2436002023855,75.27234122806082,92.65134211349485,72.10463231704,84.67352708884883,83.80544564159153,74.17703303837068,0.0,92.96900368593138,98.652501422342,96.82847743406613,100.8450426145386,83.22262220769939,102.46540302186791,86.78465929812509,101.59924987344813,95.87404589298683,80.74145957283754,87.15847548860383,95.63835400019576,105.35346844380585,85.23215286160156,76.83125480402546,86.78564628006687,85.679818268399,80.8068621208988,95.08811845934873,106.01971447282347,82.86035255270227,89.29083312568507,82.23390943105761,100.55466143381753,93.1075438945538,101.52221688848188,91.3551486407521,95.26195670466441,92.6081911774374,94.34844767563489,99.98495466833427,95.11186271715134,94.7251069966867,92.26236694725961,93.15589167098551,98.74767208365756,99.04069858578619,92.75643978701093,84.962982547484,93.18892481211199,96.80359688910757,90.05771959628706,87.47378925934098,92.32632059198033,98.40147473240845,89.3601794812681,83.94275486180452,92.44571426915721,90.08684386892371,86.23076961779788,90.07234973446597,97.32220148172567,100.70761512899419,99.43733431751254,93.64255965161098,102.61558147596365,101.6203533605939,95.8020673228954,97.7642871699655
1610555617.51LjzIROg0aeCP2GhDcAVQ0LipKJB9jmKc,86.85628989283013,90.0305244821166,90.0647752046474,94.69614694220269,92.98193196359676,95.84336247109665,96.31408124686357,89.16803578715938,92.96900368593138,0.0,103.61189146548108,100.03694297536569,89.78529187071847,98.66598623918277,106.60185135573352,89.24796694956558,108.0815547635463,100.66341461435455,97.43391093889272,91.99555751788348,101.11545187830053,111.35816071888718,94.31564429888896,91.64711317989662,89.63119361987205,99.07669781195413,91.88255669271315,100.205926303937,106.16063239796364,93.11592135650262,89.60047467540684,94.38792536183907,81.23023690907348,93.53933279153989,104.15945184619618,97.33541282397667,96.61591121781808,88.9818168821772,91.90119343804032,101.32653968900527,96.63670796632286,100.8984833612344,94.05658538585902,99.3747184579105,103.45844807502985,101.20362902203887,98.11211782461258,88.48754159174092,77.32518303177321,100.7575147705341,97.31945928268625,94.70842924825305,93.09280642644434,102.83496294051741,92.73248836022826,90.08498525053658,96.78126074532928,94.86804176670931,94.46334756382336,98.72023395090064,103.2944587918974,103.83454230202447,96.59018116136296,102.72448962966722,99.19614325396454,107.62703311585987,99.72441122193085,104.02586589268282
1610555608.17OpjjHobqRkX0UPcaXrbu7K6L3805SZri,95.20287040091117,89.3063771882544,98.82773779024866,82.86704915471337,99.3033695474807,95.3999696012767,102.92731054714856,96.74819495848573,98.652501422342,103.61189146548108,0.0,101.7301701633813,105.56344702934072,104.16694773257234,96.94767096584943,93.48920990276378,71.7801459864725,88.08476367169625,98.5729253618595,97.85912378454204,96.17622688126401,100.55100118707857,102.41070887765794,99.53174567345347,96.1783153842559,98.03996735992678,101.12040918294774,96.84151894429164,101.36207608159667,99.47395303710591,99.04703666481399,98.89930892688496,104.98343221698279,97.97823467730736,105.46871325026123,92.28809995791188,99.51949084359207,96.32865177170267,95.82233915720876,105.35449708607038,95.73675640227262,86.35494903771848,93.79226615350623,95.73580212490906,88.2366884445176,85.03532522387954,102.01933298784971,96.1566322184937,102.59430654011895,102.54330471892666,97.95963165665879,101.35787686659779,95.98160657441078,90.9290933219508,97.89876462180082,95.34787139743881,91.26524140802212,99.60394019044031,98.27832037027346,98.64728854732203,90.15222424481522,87.52331645540029,103.60700911831935,88.78236397525461,108.49812697659316,90.93634487417854,100.20176578581581,93.46397269673594
1610555721.82zWeNZfGUUfRJkgnAwlP8VMhPzXctnSd4,94.52556821366782,96.61189607426034,96.24778131723455,92.33647077998445,99.47540855866319,96.99002584283447,102.64357068073558,95.16959620086678,96.82847743406613,100.03694297536569,101.7301701633813,0.0,107.53423500299587,104.8895997886683,106.11911866097941,88.05012266601969,105.55202679914889,99.36774832198307,99.97210544449328,92.69305136124869,77.66652777332067,106.62226524755802,101.1048398563868,95.73448458932194,96.78406573348074,100.58680927358971,100.16571436950541,87.07941010365919,105.30616832012811,99.59267967342768,97.48705848844598,100.19014479583433,105.25578355257112,96.03702824005529,91.6744057420001,91.4740090155876,95.73551019216843,95.08136015780046,98.89248481472539,107.90323582396093,94.91431339984081,92.7850145583813,96.10923817272105,89.0262341020054,101.747639116764,103.26115708266957,98.21616475257497,95.04328993125988,100.91730205175183,104.19758562596468,86.57157584590483,99.93344332600378,99.08883732620902,103.05095730227286,94.03941884668242,95.15225451828876,99.28249398380355,88.64744918581772,89.87840900414686,102.14414828657108,102.23673648304735,104.33726302037368,98.97918773276939,101.9046488657028,103.48915524775792,105.76041404536953,103.30741909959472,103.30781193922914
1610555735.75bom85BDF0C7W2eIseHeMxi24qR68nzMi,95.09352568564539,88.59232832226375,98.27526797630617,100.14752069603568,101.44109209946504,101.6869336548544,103.9038571525714,97.11758065317876,100.8450426145386,89.78529187071847,105.56344702934072,107.53423500299587,0.0,105.78870321403649,109.25617297018978,98.54772881163102,109.6540190294441,101.54859218952342,105.41533794146196,99.41510832111648,106.4209933499386,114.66870022149482,102.51289309298282,99.81882173932101,100.07177433375269,104.65997367422004,99.9626196349006,105.17522072500414,108.56869827896352,101.08679679852645,95.05560275142275,101.41974025731186,72.24481413688109,97.89998172283636,111.37850259758079,104.94939045513064,104.36535429051229,94.82283365593541,97.43396406817989,106.08852877926222,104.11837942799183,105.51227698003554,101.47585537055492,104.11054693508059,105.77590782388413,102.2936480825389,103.16320098856266,97.44120332000075,96.98394414227869,107.38152090188906,102.4667688643836,101.46520655172993,97.72789690031698,104.1687537892297,99.33180763321212,98.82985813844402,104.14480398017459,101.0365827418604,100.13075782983842,106.1247558348581,105.47748691104385,106.14019277273962,102.4343297990405,104.74563789763215,108.61701708312481,109.57190899737309,108.35984587683969,106.60964568305445
1610555735.77NnT5xqKnwcf2BbjIekeb2arTQj6QMNwk,79.5665260022272,97.38691283446813,81.00106384724675,99.55260999713971,85.86449590378268,93.55599680944103,84.67012516303656,74.70691797726735,83.22262220769939,98.66598623918277,104.16694773257234,104.8895997886683,105.78870321403649,0.0,107.8305942273571,95.28703718074266,108.00540196925381,101.16354770593904,91.00831765241536,97.80202746210664,104.58007306015881,105.61780474981079,95.91853051335603,81.4811115751413,94.8019129572123,95.473280489335,91.98026569784588,103.51053247642533,112.8802760898987,88.04868631742052,97.16155157464163,90.5203264038319,106.82405348060999,101.40474066312694,107.79485120860885,99.66899383798646,102.83341781939248,100.93489630927824,101.03902468391351,106.160171591984,102.95748073193559,100.89023152464456,99.71989235175157,101.45550076110729,105.57800722586114,104.67333091963586,102.03514003673507,92.10447586721249,99.03372218615063,104.7998506162605,98.78788590810495,95.62114178125803,99.59909033858644,104.58709462907848,97.31506967435688,92.71749204403409,99.35252687378478,98.87617185041125,96.0502838789748,96.11184432942385,102.94572953126806,105.3053214163645,107.09816734933165,98.83712016274097,111.16789684546329,105.61527868579392,102.2348102329867,104.2991360547591
1610555638.33wjf1PhdNaoWfbRzXVn50hmFyB5bYAiLV,100.04892420545802,95.10986945286207,101.6108507777619,98.88985245909355,102.44957902814033,103.13944718080865,103.71125502760476,101.84673509201747,102.46540302186791,106.60185135573352,96.94767096584943,106.11911866097941,109.25617297018978,107.8305942273571,0.0,101.5914828918109,101.35717807978224,97.95916961576734,102.93250847636895,105.42406508100602,103.40156097559505,107.50123798753474,106.4950762275837,103.4037447479756,102.10983091511196,104.61158503945606,104.4045215231379,104.82237013442277,109.51868504965277,104.43027612161703,100.91251946859794,102.13116922057424,108.952261015305,107.19844981104794,109.0201826964143,99.34377684168584,103.86674671855478,105.4756316724093,102.75282450755675,109.88597385633453,96.73304026493722,96.67253422428725,94.08030106021504,103.29242007448738,96.65677584057322,100.5458909375813,105.7049530239849,100.94654516646291,108.48364987082346,107.7793908574962,104.8990296188552,103.27564524969235,105.71688554550767,100.35835860878024,101.34277711067246,98.26390778853285,98.10087915794557,104.5283347843228,104.75846212688646,102.90785499930952,98.9806375577792,98.65836903026566,110.68022271452095,96.30823418623835,115.197501401541,100.2776259099451,106.70706949886402,102.56328005136729
1610555606.65jCE4ig8Pu8kvAzkxnSGfWsV0nQBjCf8H,82.74734561077464,88.0807888492904,85.8486732484208,83.10117361303122,86.98362672778117,88.1424045358411,93.49536153783093,83.6618258782582,86.78465929812509,89.24796694956558,93.48920990276378,88.05012266601969,98.54772881163102,95.28703718074266,101.5914828918109,0.0,99.23959486342875,94.40334827919884,93.08447528959124,76.78414238792149,87.03503305198903,104.57301501753032,89.40641375867934,86.96394700859065,85.61477558021478,93.18637375379484,85.83438170549017,86.93480599041239,98.80051297953331,90.51574029523817,82.74041807276745,90.59187515194627,95.29809486290219,80.47117645520909,89.3522572149368,81.45098557434328,82.92369923946734,76.58039636196226,89.82223100325874,97.12510573341093,83.0877227319053,89.53241154917363,87.00307275868175,89.99698210200741,93.64424550670941,96.55842125685392,88.52992535596141,82.33852094034248,88.53463818032209,94.59696963664415,77.4894058264661,90.07755357531269,88.42685996235308,95.75467384137376,80.86405077645016,85.36503493687763,91.21767345401021,77.54018267401747,78.89134515550222,93.78706855875356,94.66750710841492,97.20360554555738,86.73634297311703,93.86251196913818,94.43916714149884,100.36374393928365,92.03604941818234,95.35539882653005
1610555608.18ONsBCVo1i7BrX0XG9stct4oiA6ejX9Oz,98.88746680435199,94.04720358705794,102.56971152208332,91.12598034592507,102.8029529503674,101.41780278546737,107.27112393080102,101.5455023830426,101.59924987344813,108.0815547635463,71.7801459864725,105.55202679914889,109.6540190294441,108.00540196925381,101.35717807978224,99.23959486342875,0.0,90.74913678265428,103.9296026853249,103.01685913852509,101.40220722508846,103.51656974442376,106.72806661396324,104.02652254847816,100.37505733218389,101.89263484724036,104.96767292609009,101.85894519034439,106.30966926040088,104.24816746336812,104.04724594720945,102.81541087189875,109.18911145618874,103.20599035802324,109.61586357124766,97.9679192751086,105.25184414616588,102.24336864130805,101.20155200087147,110.50198739050866,100.8324967318984,92.06672571529245,99.03674907741636,101.47930759860313,91.48957307038675,88.66085398462992,105.99840106899826,101.22828016400635,106.92264167946973,106.79834032387626,103.75274969510734,106.25458390984028,100.6998902609117,96.1107575112355,102.28293534409819,99.79232407936337,97.3200512567027,104.7808920416189,104.0177622027647,102.45628137753101,93.66777904242898,92.15291506019122,108.98252489010626,92.84504344819327,113.47662321663938,94.92168725327531,105.09051843097774,96.36733894038335
1610555721.51RNoQUMP19FTMS79BmA3JkgSm2IC2AQuQ,92.6268600300009,78.77205552579422,95.78152880954269,90.23692385031045,95.02006471390891,96.2401833020283,99.27791279535322,94.62924210038264,95.87404589298683,100.66341461435455,88.08476367169625,99.36774832198307,101.54859218952342,101.16354770593904,97.95916961576734,94.40334827919884,90.74913678265428,0.0,97.79943520309872,97.38476492059438,98.366168058904,99.57387801154991,98.80085066554594,96.38137739731292,94.62545025589009,98.71471363231814,97.4057768834791,96.14817449025334,103.77839151263903,97.0194689705715,96.92055327034423,95.72070391119695,101.91047902619204,97.48682905458698,106.40228920252066,95.24809333345796,100.56548084439603,95.95881703477514,92.70356468416277,106.23700219578679,96.3192087934551,90.04396678732469,96.42464942957601,96.6238726824029,86.86673196039627,82.11700349367823,101.73288944900911,94.75931714892816,100.58087071030849,101.88244351925101,98.17020502817876,99.94994025981579,95.38427034148731,92.22439223765065,96.80987088984685,93.40232800662639,93.34990102525155,98.33867413216336,96.76935893682622,96.99360691559032,88.1228980586806,91.05846786597084,103.1191923274722,88.3871038578524,108.2378880463741,93.10258163646174,101.88044566083187,91.84907157292706
1610555971.86O0cHB2ibBJ8jxoObg01EpGe8VVV5mpwn,83.16925551667408,95.21235350947681,86.71017504394959,94.00638127104435,81.47984660060473,78.21578553689282,87.73527220039877,83.7985292392892,80.74145957283754,97.43391093889272,98.5729253618595,99.97210544449328,105.41533794146196,91.00831765241536,102.93250847636895,93.08447528959124,103.9296026853249,97.79943520309872,0.0,95.77209846956207,97.23262220643267,107.05189729693605,90.67879966194697,86.86983499123083,88.4153955179138,83.16827193637126,91.02280038366267,96.3895336848284,108.64022694108827,84.51943920332513,94.41896724543025,86.20797679772127,105.806236487929,96.3404869641804,105.72903126640432,93.38013015605435,100.1928056106097,97.38239694269227,95.02695661196191,102.15581545329513,97.74563429948219,95.1404806780992,95.40903609676,94.5641913469967,100.19136815938462,100.53028043206065,95.60992030640575,89.6740666742778,98.00499324707435,98.66008121248721,93.61470783976017,91.70277732776741,95.30570808813516,100.52688017634043,96.12584315098177,85.92490805696644,91.83232103634052,96.98902785492838,90.19592531990925,85.28449686002351,97.07137855785014,100.99599140645263,103.46430601332716,94.72282899609611,107.25050465862122,101.81000468959337,97.30222302433796,98.31597178602912
1610556911.51zU3duZSGpcw1BDNsBLxdOCITAXwl6z3i,82.76147756568275,92.22406971622519,87.16826883812818,89.48651834576101,87.48745321125008,90.67448708985455,96.466465904495,85.14133501873995,87.15847548860383,91.99555751788348,97.85912378454204,92.69305136124869,99.41510832111648,97.80202746210664,105.42406508100602,76.78414238792149,103.01685913852509,97.38476492059438,95.77209846956207,0.0,91.31491586169828,108.89760244099463,91.28943824973683,88.53196404687006,91.00857417356873,94.19619829577367,85.20217947945608,94.17298620421508,104.16586792763725,94.50614111351364,86.6916730352637,94.24930466587669,96.26346622214913,85.7568854163269,96.51480606788634,89.59648908218533,83.12471986223319,85.57227035131766,93.9821167057383,99.93572595227832,90.00315836862393,94.52385324008723,91.24711953656616,95.43752484808343,97.5591185955921,101.04214808047294,91.50868926578605,84.07143261234687,92.18830952779105,101.68287474740919,85.06192516582624,92.67508198513744,92.72885739531075,98.64280148687264,80.61683083034,89.37684820647432,95.56396417301379,79.0603628713739,82.73893523464461,98.65762096742488,99.62789690274397,101.09527241721112,92.11578832586495,98.79421247448023,97.63072911410357,103.79392323630562,99.14500439236215,101.84398619765597
1610555988.71dMoYT8250UHHJGxgmITTmbHe7V6gH1yU,94.65080420795101,97.4498994290827,97.16420214408626,90.456711596433,97.57835629419635,93.8645400595468,101.97561818364908,94.24580380116275,95.63835400019576,101.11545187830053,96.17622688126401,77.66652777332067,106.4209933499386,104.58007306015881,103.40156097559505,87.03503305198903,101.40220722508846,98.366168058904,97.23262220643267,91.31491586169828,0.0,105.09981792794517,100.14195113826662,97.0143634555273,93.42598661876958,96.61637772918084,98.98153987302398,81.23284636925547,102.1356386742507,99.5696804782176,95.18956285798816,100.19180093205695,104.37537607217891,95.64092556833447,91.3153605853792,85.73075986615139,92.1834815161676,94.88842281464812,97.10201028816869,105.37690205414435,92.27687868146776,88.81747112573461,91.76707490473375,87.87041486567337,98.79773758353177,98.4789162041597,93.07302555641284,93.42843766019259,101.1550759026776,99.97937602599676,83.87138050102274,96.3530818952079,98.38322725048049,99.406621145286,93.16054423120018,92.84768377228107,94.76168891815642,87.41760031264246,86.88392234618777,97.74241652115361,98.4847098008239,100.79776730840202,99.54994755169587,99.30702095726295,103.78000252755574,102.47582818659036,100.15108952111375,99.07898020505577
1610556042.81mlUZsSp7gbGjrp8jQSnybT1gPy6e62o1,103.46920950613051,98.90846762784231,105.03227696958291,101.707965512682,106.3783682854217,106.86146084968759,108.5435568785969,103.32464644696678,105.35346844380585,111.35816071888718,100.55100118707857,106.62226524755802,114.66870022149482,105.61780474981079,107.50123798753474,104.57301501753032,103.51656974442376,99.57387801154991,107.05189729693605,108.89760244099463,105.09981792794517,0.0,109.32026868304725,107.31975822796797,104.22606890798183,107.91275734211108,108.57083036267606,102.72930584501493,112.97623845337598,106.16794074937515,108.29241421027264,103.51324370379508,115.35639735429211,107.65771795190153,114.92821686725463,101.29665478696207,111.48983149387345,105.7884695525742,103.26473284835618,113.97112262386405,108.64147757020066,96.85325532100588,106.55664057549916,104.21808312642335,100.83768529125655,99.88528032124215,108.79902036493513,105.36276999681931,110.56256498602359,106.92943115326118,107.09243572224953,109.21280755691843,103.95920290579548,102.54827282510648,109.24560212877398,102.50499922130905,101.4323601091,107.68130982340747,106.95784391200577,105.33204337349119,96.42489681324888,99.25554820553623,112.02752600731884,98.57331441316363,116.40928230697762,97.77693219219114,107.61117648902345,98.69603381851371
1610555637.02UBW5nKvDyUrKnaWcYRGajZPxTRDS0q3N,84.52689836795156,93.45326862997267,87.81860055680849,96.44474197540282,79.53383748793651,88.37811281215859,91.0893247401417,87.18539277022195,85.23215286160156,94.31564429888896,102.41070887765794,101.1048398563868,102.51289309298282,95.91853051335603,106.4950762275837,89.40641375867934,106.72806661396324,98.80085066554594,90.67879966194697,91.28943824973683,100.14195113826662,109.32026868304725,0.0,90.1000439858749,86.40151048757006,92.11658852383871,81.54079440558826,100.63161722338485,107.37990043936199,83.66119941769925,86.68702791255988,86.6500045370841,101.78540775700797,93.55281629583436,103.97194970026206,96.36798692459813,95.83119869148042,91.55032712033506,93.2228256593465,104.10852363944139,95.37458608113198,100.89340551766252,95.34624748533828,100.07296541748988,100.46268929546666,100.79113301149518,95.57845465059994,88.28296726896356,93.30651210720904,98.93398224495118,96.89042075392156,89.45814617239175,95.88589761080843,101.01833198120568,89.46728588681896,80.07609355833466,93.25455258746351,93.60904462940267,93.47277383379777,90.27096812402723,101.33228848911249,103.95438508536914,99.16570735121526,98.91905737477563,102.52545053450115,106.16851772695539,99.18914748467829,102.79093741108906
1610555619.13oUYNikU4facCTpUSiSLr0vPI0tJLnXiT,63.66464386514898,92.13685370825429,63.69709268341207,92.6182862917027,80.19351808096688,88.13977595351858,85.5384552527417,53.96690073964841,76.83125480402546,91.64711317989662,99.53174567345347,95.73448458932194,99.81882173932101,81.4811115751413,103.4037447479756,86.96394700859065,104.02652254847816,96.38137739731292,86.86983499123083,88.53196404687006,97.0143634555273,107.31975822796797,90.1000439858749,0.0,88.43423103881054,91.0415974387822,83.47871516403195,94.11792629190492,108.06873602068957,84.54117272511598,88.98606489892998,86.82557762524213,99.56201991901628,95.29533023311787,100.92341028116118,92.75775579872261,94.92177177437958,93.24659826570601,95.50169077601329,99.84181597160389,95.05425283582876,95.13627963160128,92.58629204822905,93.88342065275744,99.98516008792657,100.12088093434534,95.54776082115454,85.13677747582145,92.74253855768728,99.90182073893584,91.53205028879786,87.88647695509992,94.45584867629958,100.56673047743307,87.78563764476829,86.28004554663883,94.74837025049473,91.45636441710045,88.43157251679636,92.86053633217702,97.71278721677716,101.02399634549913,100.20289263314619,94.14144343325312,103.3954905375605,102.71496331391239,95.98089867159776,99.61379605514027
1610555721.03nzkucfjAUh31zTbmCVvTVYqtjoxZFnBh,83.75162162381677,88.72818732277625,86.72901054938738,90.70529336883816,84.5883659264168,87.23268128610965,88.7288242230623,85.02420180891986,86.78564628006687,89.63119361987205,96.1783153842559,96.78406573348074,100.07177433375269,94.8019129572123,102.10983091511196,85.61477558021478,100.37505733218389,94.62545025589009,88.4153955179138,91.00857417356873,93.42598661876958,104.22606890798183,86.40151048757006,88.43423103881054,0.0,90.44093785497265,88.23453466789455,91.88965160478091,104.48383421534835,85.35183965523746,88.57937495805928,85.96864031696438,97.49440187679927,90.44599426855503,100.20153288912772,90.162318870425,94.37585621585336,88.3708587350349,78.3365260473485,98.5126740112322,92.61816742210294,93.98305084412773,90.39140593519339,92.72798859527549,95.33896544484595,94.63814854329594,92.31250465720133,81.77471110508093,89.92712533033581,93.45307310792835,90.73573177625329,87.90853761182036,89.85050015399476,95.519556012445,90.4604657555666,76.1503156244447,84.45072424859936,90.04879460838372,88.38679228438808,83.42486724709657,94.30072997956694,97.50396885297003,95.50208407833408,90.7466027060649,99.2329406534189,99.93271600915993,93.96683981002211,95.13660298479542
1610555722.67fhKURdXVzRbLIjXmjRwdJHTnE7PWb1AE,86.53315301432212,95.91407416678832,90.08962554625006,97.74020082410017,86.33519932048081,68.05824076588907,93.14712793718434,87.8179004815781,85.679818268399,99.07669781195413,98.03996735992678,100.58680927358971,104.65997367422004,95.473280489335,104.61158503945606,93.18637375379484,101.89263484724036,98.71471363231814,83.16827193637126,94.19619829577367,96.61637772918084,107.91275734211108,92.11658852383871,91.0415974387822,90.44093785497265,0.0,91.51778520121393,97.70457259299667,108.63815640843585,88.89055034148394,96.90188445595928,88.9433687477566,105.44551789395896,98.1084170117321,105.15465519737278,95.58365756642995,99.39432514612975,98.67205674459778,99.04669258598233,102.81515647589303,100.27763513411774,97.40610333484538,99.38606049688165,97.27792634202946,101.53883673375044,98.8526347141125,93.17916045495112,87.97035009234557,99.92798844964358,100.10029515641772,92.99870664690627,93.08727533669033,95.65159699070028,100.98204239355526,93.91191422605588,85.212227419145,97.05104093859023,95.5003522061728,89.78604497843119,90.47842707935611,98.97543301084441,102.31842078043273,103.40809374185947,96.31298017806952,108.70725520934573,102.50499189526053,98.15254272278536,99.17869404895548
1610555638.39J2ZWBLuLTHP0jOlzB4tNHmYeijH5g5YJ,77.77848941203796,93.55004521628969,82.08545629390943,93.49417221842438,76.46141367112227,89.12805613764573,88.85240777223584,79.39933280699566,80.8068621208988,91.88255669271315,101.12040918294774,100.16571436950541,99.9626196349006,91.98026569784588,104.4045215231379,85.83438170549017,104.96767292609009,97.4057768834791,91.02280038366267,85.20217947945608,98.98153987302398,108.57083036267606,81.54079440558826,83.47871516403195,88.23453466789455,91.51778520121393,0.0,99.79504564755915,108.43043860911386,87.41788001769523,82.21855528581567,87.98533654494476,98.45610172804011,92.55714568237678,102.70846306579845,93.63636493007154,92.0749732659028,92.22606756878241,94.72342063057317,98.82181413097157,93.82117165657662,98.26664396371488,92.33801015367887,97.90787579696033,101.68804210578527,101.78015274059906,92.84967310081844,82.73907478269264,90.9046432741842,96.84231082550073,93.74599243392873,85.23795702573885,94.7487340585702,101.68539590932751,86.13130811910744,85.18846537863071,96.20524673637031,92.14033875909806,88.54239259882608,93.50878682347818,101.30778156434404,103.28850884475041,96.62948842745399,98.42957028727484,99.25593581804854,105.38134950011698,96.28109595973581,102.91702750091846
1610556032.17Q6yCDx9g7alRnL9jBFXD2JhhUyB2hKfJ,94.36976010082567,94.51268766126434,96.32442682197127,89.1516954325109,97.96626504527666,94.51122782465865,101.4501875097259,93.65022197327565,95.08811845934873,100.205926303937,96.84151894429164,87.07941010365919,105.17522072500414,103.51053247642533,104.82237013442277,86.93480599041239,101.85894519034439,96.14817449025334,96.3895336848284,94.17298620421508,81.23284636925547,102.72930584501493,100.63161722338485,94.11792629190492,91.88965160478091,97.70457259299667,99.79504564755915,0.0,101.40495778666386,97.61616834703345,96.35253007617993,96.4304027223903,103.65219025478852,92.21284750568601,97.69521598443845,83.69789760497457,97.27081968886226,91.42783449754218,94.80846915091162,102.92055353411712,93.55019844008595,84.94841858891512,93.10992215544482,84.80728094129806,98.6770540575619,97.50029264867396,93.61256161467897,93.05967082177186,99.28366043117933,96.7524662043178,83.07774674940947,97.22418403387911,93.35148422332875,98.35779982076987,94.49890192436808,92.1877588171388,94.16023414552633,89.47940474881617,85.17269633195858,95.80282721830166,93.20062435731315,99.52640140721822,98.27371766117672,96.05540230079819,103.47761717712099,100.7376122904205,97.27050514525395,93.98763469063009
1610557007.49MyVgDnuUuBxrvL6SGOdhKf69VYlW1MSm,104.51183512914739,96.70750373732032,106.27067276341879,97.4163159952602,107.59883956658432,104.69809292017173,109.69989983951676,104.92147564834981,106.01971447282347,106.16063239796364,101.36207608159667,105.30616832012811,108.56869827896352,112.8802760898987,109.51868504965277,98.80051297953331,106.30966926040088,103.77839151263903,108.64022694108827,104.16586792763725,102.1356386742507,112.97623845337598,107.37990043936199,108.06873602068957,104.48383421534835,108.63815640843585,108.43043860911386,101.40495778666386,0.0,105.41991816415765,101.96611116141536,105.04817543752229,107.129096014112,101.18059533308636,108.94908979052387,99.28103686741777,105.05041379654635,96.84646389130064,98.85721739768611,111.643334519064,101.10883380550679,101.98576017486896,101.87805362175897,100.99221308515885,101.86444410505649,101.16549985307321,106.92557179535845,104.54080370369867,106.85650712727394,105.41187740083016,103.22337724543334,105.16200483083689,102.92122109976884,102.21119386925703,103.91491022448726,101.7107272714982,102.71817237265641,103.9309186084459,104.1931634498828,106.37847665966895,108.16447920167843,107.19311670458426,103.53438651483933,107.95605474857386,109.20347862874209,111.23985943773015,107.16101465593586,108.36661713131866
