,1610555604.25mOvVXuL01OCiReyVWBfesjuvXmB3MoPy,1610555605.43B6oDsBtWRQ29Q9UMQuTUEPZy3FSSWXzc,1610555610.92HPGJJSmyPM40z7otPBgHalNrHFA7zk5d,1610555606.68LaSQbm9EHAFycEfFtEqAwYqlBsQPjIRW,1610555617.19EKxMEwDHfXiEJZc27TsGoERaD6Da4BZU,1610555722.52PJ3FD50MGhRXyUD28vluU8Z9UjLJLZn4,1610555617.52Ijr5puT55g9apK8auM7zaxa3NANg502t,1610555638.77ZLjTLkz4jYJdFMI2wWBztzsDILkoOtAk,1610556912.46C7tJPLF0XfNnm8f1820X9aLmXMHoc0Dw,1610555617.51LjzIROg0aeCP2GhDcAVQ0LipKJB9jmKc,1610555608.17OpjjHobqRkX0UPcaXrbu7K6L3805SZri,1610555721.82zWeNZfGUUfRJkgnAwlP8VMhPzXctnSd4,1610555735.75bom85BDF0C7W2eIseHeMxi24qR68nzMi,1610555735.77NnT5xqKnwcf2BbjIekeb2arTQj6QMNwk,1610555638.33wjf1PhdNaoWfbRzXVn50hmFyB5bYAiLV,1610555606.65jCE4ig8Pu8kvAzkxnSGfWsV0nQBjCf8H,1610555608.18ONsBCVo1i7BrX0XG9stct4oiA6ejX9Oz,1610555721.51RNoQUMP19FTMS79BmA3JkgSm2IC2AQuQ,1610555971.86O0cHB2ibBJ8jxoObg01EpGe8VVV5mpwn,1610556911.51zU3duZSGpcw1BDNsBLxdOCITAXwl6z3i,1610555988.71dMoYT8250UHHJGxgmITTmbHe7V6gH1yU,1610556042.81mlUZsSp7gbGjrp8jQSnybT1gPy6e62o1,1610555637.02UBW5nKvDyUrKnaWcYRGajZPxTRDS0q3N,1610555619.13oUYNikU4facCTpUSiSLr0vPI0tJLnXiT,1610555721.03nzkucfjAUh31zTbmCVvTVYqtjoxZFnBh,1610555722.67fhKURdXVzRbLIjXmjRwdJHTnE7PWb1AE,1610555638.39J2ZWBLuLTHP0jOlzB4tNHmYeijH5g5YJ,1610556032.17Q6yCDx9g7alRnL9jBFXD2JhhUyB2hKfJ,1610557007.49MyVgDnuUuBxrvL6SGOdhKf69VYlW1MSm,1610555638.44hjT5hbYdKoE3MB6hijrjqbjmLgvCUYKD,1610555608.13zUvmFSCRt6SsLbhqFznMEvGx54GPGQzM,1610556038.62a5C4ynd1AARyAhTv8a58NCqHvXRjscqH,1610555644.45Xse8u7pusHNsd7F3d0A32HXvXr6weOJE,1610556038.62gKXOCG7XCn55eJvyl5voNjbwOW0znQDq,1610555987.13v0oleKK97pkesp6oMgprH8SoSdoDVdIO,1610556964.96ZLLeiQW0qpmxhPGTg7K03fmzkqsC2bjC,1610555987.13VQlEedQ50VvkPMEMzZDv3KNnQCewykN9,1610555982.186TY6MMGkDecIN1woW6vsfAMXVV7jnyjO,1610555982.673LuMndkwkvdmZOn0MmE2Pkidx0FtNalb,1610555733.38zItcuH7gHNfKdALR2d9Nek6bxCyw36Vm,1610556034.15BQxSbZINGCay0yp6RBVlgcPrw76Yn9ON,1610555639.37BPZpgtGml8qUsh9AdV4m32jPLfI2aNFq,1610556965.57S0adAalhWYe6K3bkZU0bRHbqnDK8gGkR,1610555983.54zteLPCMjyrjzPdhHhlZr3faCgD0TfYr3,1610555987.79rHnNRmt9a0ufmnwCvZqBouyUoZDNpylW,1610556960.041xWER61rmArlsKfiMl4frikWmUCnQ7op,1610556035.13a7NHZDutfTMJ88qle1gTYY59Dr4WmMsj,1610556890.456ZBDaY16bMtrTZTqAgHl3wq1tRxzqDow,1610555760.24e6890pkbyZ97Or6croI1rQgjkSsR0yVt,1610556043.02YpWMIJg3W004iqlPyv8OcVAZdSC5rNYw,1610555987.03z05P26TLtONYM1HSzupoc2CeNMa6HTqr,1610556032.15OYCzUxpsz7b10AXBAuDXrvEcvxFhf0M7,1610556032.63Z80yI9pNwS3jSmsDABbuhf8wkNa2Ze9y,1610555736.28eGuESasTXdR3SqY6pHhEXWZtcdciYLCO,1610556034.61bebeZA0MkaFG2sm3VKiqrxeqQginTTW0,1610556944.5XwXOphKYT3ZkWA8gViqOS97VHVuMVUqb,1610556944.745UVLFBzf7fPh4UH37I6tYQOFPqRDytEh,1610556034.63XsUwaFaPZevO1JNFjfhvY4aKNFnV4noV,1610556964.89xwBHw9faT1HjQRMNQEyA4qJ3hWkwgj3k,1610556966.74DydzH91jtyvRyYau47JpVkZoMRSNTt01,1610555740.77UueVziDbaXyRR4OcVJIIZyzOfAzN51bj,1610556046.84e3vwjyRCzqz0wJQhrk8zsxlFfFSv98Df,1610556137.99eoPuVrDThKAOvmeprLPb2FWRqIhzUodc,1610555740.73XFwSrmTXJPlaxGZSefh0jOVA8PI3III1,1610556123.88AOfNaz9jSnqU5Czc7okOv1RCrYfKFBTo,1610556046.85nB7NvyoYQeLcOV391Lmmut1wAM8CFGLw,1610556123.89H4pdIAzDthI7bMXMhlIhKUYIQIvtmPPQ,1610555740.87GOYQUJKpkynIS2lFqppYK4b32ol7NeGh
1610555604.25mOvVXuL01OCiReyVWBfesjuvXmB3MoPy,0.0,59.80311630318996,34.16944585444295,62.840691158988065,46.218237333472366,58.45136511092195,49.992234243036314,30.763836438648337,38.82802243889634,59.65891436696168,63.95601800044291,62.41511744871735,63.31925365156188,42.75127824126208,65.18281622842277,61.96282361608127,63.828762557284854,64.5236805402446,54.378311040647816,61.4314582910507,60.680969832760994,67.94726477632457,54.02580548197217,31.547116599509373,59.42410855333082,56.37960030825117,49.95580893927876,62.103917994726714,64.68427544083174,50.60028228959421,58.799507240877595,51.11454598365264,62.7824013408498,64.03751888745514,62.299328708047334,62.70339988023711,61.77429156711936,64.63183685829658,61.0919975028358,68.44659111780547,61.6488508663126,63.55210019495285,64.97281235566555,63.570755434830005,64.08742934711762,63.89602866037523,63.55230895116426,56.44407302829174,62.49058177695944,62.86341302135917,59.641390910898146,56.69972603555597,67.40968648490173,66.66323484837518,60.75281496704508,58.886068571027764,60.69563200202466,61.952692489436224,58.453109996348665,56.31348297692226,64.95800438510196,67.47418285121569,67.31096977619094,63.97315235187396,62.57529301363524,66.15762480346322,64.43827279177366,65.33498132480594
1610555605.43B6oDsBtWRQ29Q9UMQuTUEPZy3FSSWXzc,59.80311630318996,0.0,62.67246914586402,55.43842447408053,59.995575052792546,61.20004500093005,59.55927169177269,60.78126794099932,60.32300101090794,58.463737730222824,56.00631829859135,56.79635323613733,54.4502095900231,59.62220908423955,58.21259673329816,59.90608633080242,56.64482372106706,45.49118124364928,61.54074069064936,64.3259247637568,57.20358697574446,59.742764783884105,60.634500017623004,61.67882682898019,58.708616523018875,60.11318536850224,60.55290239823781,57.31106205319095,58.543986292411795,57.44289758123278,59.97500269568383,58.32347069194678,56.772512166427255,59.69643521752535,60.85910120451007,60.87139344080531,60.98884489694004,59.37435230092993,48.79143557697286,68.34250736722444,57.594810603148424,56.822823427288725,63.71348937814973,59.56141672990274,51.41370873807696,44.73377733318525,64.26049838330367,63.15931997763903,60.61496177046308,62.95026460858207,60.5912059472073,63.49085806220038,63.60032140964786,59.13523909721699,62.438034872766245,61.443510995552614,60.483870399670934,61.63336616075986,60.72391646466453,57.255737909978905,58.13691681589825,60.317175754942944,61.0429821231471,58.1598159758225,60.048681678146906,59.44849818153418,64.44273396655448,59.19880097763612
1610555610.92HPGJJSmyPM40z7otPBgHalNrHFA7zk5d,34.16944585444295,62.67246914586402,0.0,64.59420412319498,50.079156608269386,60.160698333282525,43.18726104436272,31.103267290077287,45.29268537368053,62.56985576497055,65.76606039169978,64.03659809521749,66.40596268061242,42.05409092452647,67.01225391116911,63.8481919225031,65.67609422949164,66.93272761712744,56.66634083823402,63.792171319797326,62.67351066088704,69.30521723878628,56.71838083538598,28.57824687678928,61.83521529132797,58.759295703193615,53.4082133415694,63.51067151178608,66.30682579794333,49.47351229669912,61.39665923254329,54.47058370030127,65.54389521441527,66.28240273982216,64.07286344292514,64.89573945718486,63.48384712866729,66.62853799133008,63.24245088153922,69.86148922601075,63.22238088238748,65.53306757711574,66.69958626050304,65.143038035719,66.2154209496394,65.86068081260325,65.4592750135679,59.69503297255356,65.02743566225995,64.84333132774962,61.50993865802143,57.957008771554165,69.23872089171917,69.13060425067731,61.566845590086245,61.4293194444376,62.493252588252915,62.64409583901321,60.80501702910688,56.62016154059359,66.52179261414778,69.53687293855546,69.14927624851825,66.08015475905692,64.98127801129031,67.96788336894524,66.52317350370228,66.73121216166832
1610555606.68LaSQbm9EHAFycEfFtEqAwYqlBsQPjIRW,62.840691158988065,55.43842447408053,64.59420412319498,0.0,62.69617049182862,60.44765078564085,62.353599169306406,63.41073376131268,62.592416619516015,63.22490720967361,48.01319505304037,57.92840747905331,65.81003146488642,62.10086619095222,61.75420237525952,56.59873977752463,56.226887464448616,59.43322424096353,58.45531262269872,64.21230176330016,56.159052820587306,63.730032987066,62.661951644840144,63.80812952440143,62.43255211813165,60.31036403869028,62.41798989568464,53.967445646913546,58.56013712035521,60.602405593347065,59.10100910242848,63.32645353295146,65.31312298249321,60.89740250129072,53.07782712557312,54.79265304819944,56.60877262634489,60.36239537523795,56.63840198257222,65.00737754021411,50.92286218090895,56.54186384443213,57.849679890722676,53.78382471209723,57.97492763467828,54.75927687381248,64.80685453714088,64.54689104195495,63.566694384548065,63.398579500501434,55.96894517939434,61.928145207066116,66.00164116874723,63.10243270186106,59.78518291667329,62.605779770238314,58.42061172874618,60.19124155379869,57.238524194606704,58.80016169701422,59.34870168329135,64.24196164435091,62.357375370718955,62.38914512866826,59.977504562740755,63.47618610972242,62.99156184091072,59.592135155281596
1610555617.19EKxMEwDHfXiEJZc27TsGoERaD6Da4BZU,46.218237333472366,59.995575052792546,50.079156608269386,62.69617049182862,0.0,55.29347274830493,48.37646021489837,48.08887058274988,41.16049779072561,61.355099375809324,62.60240209736375,63.03250960583367,65.06323517503087,47.834716470278124,64.64421987341484,61.910519227180416,63.114982247044445,63.32884703385911,53.12034943835238,61.268737900330464,61.086027337915525,66.87647346983657,44.348878522219195,48.69782793987174,56.5174656526717,53.718514049240945,44.62235114342377,62.15930366646082,63.56306555191555,48.87654882579089,58.27410623304246,49.13959675079991,64.05099368648314,62.599664776181065,61.780721435344994,61.275572218967994,59.87570676440056,62.98669096399787,59.800537435685214,67.95268838535812,60.622112320205765,63.616258329811664,62.4925703104996,63.062005530724306,62.35796446214854,62.54477789057511,61.166254990360024,57.89477521308652,62.45789691515537,60.68897101466366,61.02371359642081,55.482342621412,66.53281109826241,65.86450215556529,61.11823116123681,52.82919501724803,58.79475884638916,62.84896425661536,59.79097893025661,53.143818088872514,63.681435190195856,66.94704926117039,66.35805360178972,63.289938544087306,62.21468212399981,65.4990864884589,64.09808914680157,63.8386203814079
1610555722.52PJ3FD50MGhRXyUD28vluU8Z9UjLJLZn4,58.45136511092195,61.20004500093005,60.160698333282525,60.44765078564085,55.29347274830493,0.0,58.27383073078315,58.62195919904648,56.03102831214008,65.0018718136596,60.42836980722197,65.04521584711006,67.23233603830961,57.71546052600753,65.99443445670752,64.3051272249259,63.26672086564302,64.11373104974194,40.50343127969319,64.31868417404475,62.23253667869692,67.83331856372462,54.08885926545185,59.15466185383852,58.7837772708228,30.754915840299702,55.91984712412942,61.629176873068666,62.59631172564175,54.75183107958554,61.996071504473235,57.36312627633989,67.09193836317674,64.39028511575412,62.384549963053466,61.9669983074924,62.322898546777644,64.94130889434312,60.574265845120884,67.46461854770358,62.66815624583084,64.1710597432194,63.50461417804294,60.265775488578235,61.43953693906587,59.00531269945463,61.016238371226066,59.61604202921647,66.02794697303176,62.87689552476768,60.59537834086312,57.44923048506115,67.19316763939894,66.6992666154057,64.76866906630747,54.37279910746073,59.47808318651867,64.19587562644026,59.92808605412457,52.58963637850702,62.727487673231074,67.67191292749956,68.81261950776168,63.053174545730066,65.8212882276134,66.27455427309181,65.46398801715327,62.623398321610615
1610555617.52Ijr5puT55g9apK8auM7zaxa3NANg502t,49.992234243036314,59.55927169177269,43.18726104436272,62.353599169306406,48.37646021489837,58.27383073078315,0.0,47.91069113788418,50.06698897868597,63.16016733593835,62.95767757161819,62.7375929940039,65.87126063283375,41.43239817865098,64.2773586150349,63.46327725299235,62.95895983925198,64.7165159228823,55.60980841332034,65.36548677069001,61.39201624475607,66.37611233046654,56.2237993341781,46.67992941452638,59.6131688986995,55.96260981910859,54.52471068983777,61.574102748774315,64.53003236282703,40.848044914624666,61.488966912930465,50.986671014966916,66.15773504418894,65.51827500301576,62.82656583124523,62.65046986968071,62.82666450864965,66.00754278787224,60.680532569053796,68.58576359294027,61.522212669873866,63.158415169421346,65.45455246700718,64.02500731175616,63.310320350539875,63.30808716561073,65.95124653748982,60.68079454160636,64.8240785339339,63.368743916264265,61.248870095552206,58.48779754771991,67.46018415109724,67.4050214005497,62.280882644273404,59.973137794645076,61.00471990506289,61.85370106591764,61.00735096684266,51.11123579729103,64.35289100733132,67.07019972460967,68.30097076807762,63.37389211224121,64.61283882568273,65.74439123360892,65.39735627079955,64.70462630899921
1610555638.77ZLjTLkz4jYJdFMI2wWBztzsDILkoOtAk,30.763836438648337,60.78126794099932,31.103267290077287,63.41073376131268,48.08887058274988,58.62195919904648,47.91069113788418,0.0,42.01626940011356,61.063202939516046,64.17488125483654,62.43150863916331,64.63669641683117,35.89487703159994,65.32222366981706,62.59894250815207,63.7205702819125,65.14892569220424,55.405947544896534,62.01205883275929,60.72025007756607,68.14748413928942,55.73041314999489,20.77408847763604,60.16750058431198,56.736358476218896,51.55249361093639,62.234290563027294,65.1589414918849,50.99970990443637,59.778410127150885,52.15781587664677,63.812174865032276,64.9351569703114,62.75489155022297,63.084674559335795,62.03754535251649,65.43354483635277,61.7483539998705,68.70603500251237,62.04234202727365,63.488276977336156,65.4962649579124,63.79591026307422,64.68636738977001,64.3117488870361,63.873906372433126,57.48588129169061,63.306425221880104,63.4657233843324,59.91267402622925,56.687255636509384,67.84477718563855,67.09903137636219,61.214504155575476,59.89508785971179,61.32748845219098,61.42290053479986,59.22082363422632,55.85772874363269,65.09402572843659,67.72380967540867,67.69356955620688,64.1115935986464,63.24219113332267,66.15248037071754,65.35496427228887,65.334390324413
1610556912.46C7tJPLF0XfNnm8f1820X9aLmXMHoc0Dw,38.82802243889634,60.32300101090794,45.29268537368053,62.592416619516015,41.16049779072561,56.03102831214008,50.06698897868597,42.01626940011356,0.0,61.66402852585424,62.76683366400087,61.604983529610166,64.7701156873435,43.51189483883296,64.40541782291479,61.81300387243958,62.69821437438003,63.53999523175642,51.19871566029253,61.72454038649682,59.40525974355512,66.95576913719928,52.56193604842057,42.595953131338895,58.544672768759,53.29858548050051,49.15368160813577,61.10495189256524,63.90844033490658,51.053146633883486,59.17010455623766,50.07680266127739,64.29559087671728,63.503556690470305,61.314597789444726,61.065585119089306,60.821739133573956,64.41011104808038,60.935589002609674,67.73630449596749,61.21169044645577,63.2560823070441,63.47957104197801,63.01406444275781,63.283050605798664,62.76550973796233,61.575483213121444,56.93540743353857,63.59603319509208,61.285549923251544,59.61915275032953,55.621671764364606,66.80984769802694,65.7613731209124,61.73586883897797,55.86608655623014,59.48497430786853,61.58313716429179,58.688303997413826,54.42286604859735,64.09343950107684,66.89861369741686,67.28705265379084,63.29283611252854,62.89496324502455,65.63180501207977,63.43191011598201,64.0339845077571
1610555617.51LjzIROg0aeCP2GhDcAVQ0LipKJB9jmKc,59.65891436696168,58.463737730222824,62.56985576497055,63.22490720967361,61.355099375809324,65.0018718136596,63.16016733593835,61.063202939516046,61.66402852585424,0.0,64.96795468515349,65.81573731171639,52.51060173068781,61.33070923714862,67.47032898897643,63.44300530130489,65.99383402483372,64.99994736587276,65.08461166107686,65.0139236364696,63.9481984763809,70.58365849776595,61.53769293275511,61.939884308625714,61.26617779672102,63.39775802993782,61.52345177040961,64.19734538137752,63.39903602313515,61.23195518007601,60.56714998758689,64.59365730812546,43.961924176669164,62.03232259172825,64.3660566782118,65.15851325244131,63.745439137450916,62.258543481186194,59.57611558534736,69.35902005131688,63.23989997913511,66.0387016792099,66.33444909226212,66.37402408996002,64.47107782255159,63.90309633817397,66.59821899396515,62.648715506197,44.08422069785603,65.9058055024631,63.64996302091233,65.25317975129988,67.63927372493572,67.76642441559812,63.47673699101683,64.85706756790124,63.26916525784156,65.238549170625,63.09543883845641,63.162390082942125,66.08802638941712,68.83972704875946,63.898244878918625,67.26663808395739,53.8129166738878,68.03805217520774,66.62938875533601,66.50959304996304
1610555608.17OpjjHobqRkX0UPcaXrbu7K6L3805SZri,63.95601800044291,56.00631829859135,65.76606039169978,48.01319505304037,62.60240209736375,60.42836980722197,62.95767757161819,64.17488125483654,62.76683366400087,64.96795468515349,0.0,61.622819679504104,66.01771777593758,62.399701613261634,60.69916816569888,60.21354906461636,41.08026238458868,57.03494149520591,59.50007127574349,66.82534139456511,57.49528104747338,62.21874434361415,63.23439106739211,64.87217979215333,61.05714307658817,58.28776435987797,63.66754514335208,57.4850024174741,60.32307175471876,61.83062007191307,62.03395053542581,62.357458420127834,66.33328561752562,63.41631070909542,57.477502521870036,56.772673938135725,59.51492585143056,63.41077750795137,58.00427758342775,65.68765436529222,57.9499079557258,53.72974874225847,59.48267062054582,59.84703969723691,56.438212943151946,49.41369270992712,65.07509704985549,64.85192591766027,65.84097329909437,62.757074186038594,60.3762082366478,63.058325995657825,65.7518036124864,60.31529984007518,63.08222878672123,61.58366154764198,57.564889185710264,63.487242295305116,61.04798850402075,57.58738170073186,56.359164590851805,60.739631617590675,65.66565172735652,58.21257159130955,63.37628943491089,58.629676034670375,64.18520994282906,57.556714056402626
1610555721.82zWeNZfGUUfRJkgnAwlP8VMhPzXctnSd4,62.41511744871735,56.79635323613733,64.03659809521749,57.92840747905331,63.03250960583367,65.04521584711006,62.7375929940039,62.43150863916331,61.604983529610166,65.81573731171639,61.622819679504104,0.0,66.26904636988307,61.76122240735608,62.2992935494524,58.836822996829525,62.716080146392265,59.23528938120606,64.09489827858674,61.99540597774705,37.2902669268374,58.66394728313449,64.96853925376305,62.72553007781464,62.85785859114525,63.25362382058147,63.52007172564274,49.15223398312079,62.24237458718817,63.036179170917045,63.407877190629165,63.9773560552319,65.77036858936617,62.91276487976134,55.65100207624164,57.90290338189625,59.804027086238165,64.22987018539527,60.043268617993846,69.01275044689856,56.70781142805993,54.186254893766616,64.6254789106274,56.75980956923149,62.201326146765794,61.0749629719658,64.1085850832939,65.18344362640228,66.35680717167064,64.64631112826221,51.00120190279332,64.08299544331494,68.01282484363122,63.39039757182848,62.58456887753688,65.17356373515415,63.735611036825226,52.06068290007938,56.31779848593362,62.47801158794298,64.10348961324381,65.76673082945318,63.34702010270488,63.92585960687863,62.94041608364228,64.51898151844495,65.67618764945254,64.14426196179073
1610555735.75bom85BDF0C7W2eIseHeMxi24qR68nzMi,63.31925365156188,54.4502095900231,66.40596268061242,65.81003146488642,65.06323517503087,67.23233603830961,65.87126063283375,64.63669641683117,64.7701156873435,52.51060173068781,66.01771777593758,66.26904636988307,0.0,64.20859855795524,67.76949779034639,66.8674315530773,65.94399612672825,64.24437307819701,67.57551581183117,68.1868212559957,64.9066006254675,70.41306395832284,66.03783418341612,65.61357933507757,66.72310476355823,65.51550046005372,65.11930202675063,65.075398930371,65.86463171495114,64.11542137655073,63.567577701910714,65.59297884111207,36.6258379876702,64.95066326339501,67.0434495657942,67.8896966726081,66.0591586015461,65.31065253321671,62.85363697483624,71.53772957791199,65.21133300569193,66.92773851428042,69.01465199182815,67.7904477388178,65.53612098800414,63.1569671168607,68.6353089187848,67.51854491994241,63.06323181798217,67.82758505057889,66.44825767552071,68.30052979158684,66.97354600829797,68.14441307760725,66.58294067143294,67.93544674043204,67.82785231733318,67.80265367876906,66.2546372145097,65.97433711949954,67.5567317454242,68.89840986208915,65.89051769358935,67.88175656913687,64.6819972412367,68.189626151878,68.87915178944982,67.88383077803401
1610555735.77NnT5xqKnwcf2BbjIekeb2arTQj6QMNwk,42.75127824126208,59.62220908423955,42.05409092452647,62.10086619095222,47.834716470278124,57.71546052600753,41.43239817865098,35.89487703159994,43.51189483883296,61.33070923714862,62.399701613261634,61.76122240735608,64.20859855795524,0.0,63.64246888399556,62.1394452062189,61.98480200227653,63.64466605365574,54.955721859191115,62.66177329238211,59.802614043348335,66.03642195005504,55.78356303706726,38.18217983577197,58.79212083357199,54.82963830746334,52.20910087495075,61.12546334225617,64.20350265278788,48.699395306169826,59.907710480005996,51.485955435389364,64.31085216606822,64.52783778911207,61.623118082061545,61.35678186880185,61.39768519939853,65.0865728793467,60.950360382043016,68.01889380500344,60.941651820274295,61.79123136763915,64.48459031016122,63.44570371547475,63.03917378832398,62.69938512133313,64.18583171884616,58.13956870892997,63.30884570585061,62.251116121722,59.94230231106601,57.16910510504047,66.77286372141951,66.16536426407718,61.50075749808617,59.02432021094635,60.193497759179486,60.791028116688246,59.33322451852736,52.82107867587917,63.11887595838586,65.72631128640668,67.51123597566206,62.02328587227627,63.62502364687577,64.03390388739751,64.10374201969856,63.43064988207099
1610555638.33wjf1PhdNaoWfbRzXVn50hmFyB5bYAiLV,65.18281622842277,58.21259673329816,67.01225391116911,61.75420237525952,64.64421987341484,65.99443445670752,64.2773586150349,65.32222366981706,64.40541782291479,67.47032898897643,60.69916816569888,62.2992935494524,67.76949779034639,63.64246888399556,0.0,65.01616504522362,62.9975869871991,61.27167178649001,64.72180166310015,69.52561932860031,61.16305652484201,58.97390219342592,66.22181335824739,65.72763973696941,63.66480015297715,64.12887980161938,64.6733140527078,63.35406561455147,63.444116789864374,65.00507210341415,63.72792811797806,64.68859180660095,67.87731645802924,67.76005384090298,62.16749159692047,60.72183658059263,61.62670405030476,68.67307265542524,61.17330898079164,67.40664770161607,56.101382053991074,58.59212722096467,58.2697748491906,65.61373178617198,56.71399132405867,59.05979433233011,66.44299509829298,66.86831271633488,68.59323267415945,64.50141251409394,64.5049630105811,63.4555084520922,70.371866712157,62.36581678231905,66.3362187803854,65.8488108635098,61.27707474984381,65.9073532585207,64.70624696749017,60.09178896532778,61.279550458812764,60.003420461874555,69.44705690409727,59.149496422153256,67.15953521790873,57.90863734021744,67.02486208766572,62.71003994236607
1610555606.65jCE4ig8Pu8kvAzkxnSGfWsV0nQBjCf8H,61.96282361608127,59.90608633080242,63.8481919225031,56.59873977752463,61.910519227180416,64.3051272249259,63.46327725299235,62.59894250815207,61.81300387243958,63.44300530130489,60.21354906461636,58.836822996829525,66.8674315530773,62.1394452062189,65.01616504522362,0.0,62.85617301935515,65.45732803855822,64.13431706563176,55.120000595431996,57.23156166553655,68.23475606937596,60.919520448032095,63.10545707004167,61.826898624227994,62.98247697013686,61.03518887899366,57.24517884568628,57.910271286417085,61.79953342512121,54.612548944472834,64.34254392814078,63.321045518232005,53.823677272573384,47.24704145934207,52.65309203378168,53.74372186512753,48.071284664631754,60.95859259238094,67.47075072186,54.8636150374205,61.68855235406968,61.64023594227631,60.621168112128935,60.21946370466711,62.5045754146995,61.66537252980764,62.947119496001086,62.42823714477227,61.49294952280183,51.7762038228562,63.372783633361855,65.4242638337689,66.69520044825778,53.92030595733883,63.94124625727443,60.75508282220879,54.22870437439238,55.20158262524881,62.61578063509727,62.49169125922664,66.98188572439471,53.25062724661714,64.97183112888067,56.61076419048762,65.40065483188343,63.43195917664429,63.264392962211716
1610555608.18ONsBCVo1i7BrX0XG9stct4oiA6ejX9Oz,63.828762557284854,56.64482372106706,65.67609422949164,56.226887464448616,63.114982247044445,63.26672086564302,62.95895983925198,63.7205702819125,62.69821437438003,65.99383402483372,41.08026238458868,62.716080146392265,65.94399612672825,61.98480200227653,62.9975869871991,62.85617301935515,0.0,59.15833873664148,62.50391845425746,67.54604433428729,58.95839742197686,63.350108901297986,64.7173309004421,64.58733679757572,62.888211173049946,59.88324664556781,63.74471103051761,60.659263315172915,63.28312901041368,62.772604339452535,63.199960328583856,62.141688110280334,66.83068670073493,65.17904683962526,60.88092226675332,59.88451701999981,62.11598721329451,65.58889363187794,59.50677447618963,68.00858213078833,60.862433172720294,57.09408387436998,63.59937163683476,63.082747736029816,58.667534185722275,54.038704330919415,65.92800219292396,65.69499656087517,65.77265847424482,63.44313334403278,62.86129960592601,64.76024540716324,66.67298376783812,62.05366277985396,64.82262511203534,63.62612372066941,61.03328412054906,64.95861904370537,63.52148244298596,59.51233600645217,59.06675261575436,60.970552826704065,64.80408753601625,58.67957860807041,64.48512669674213,59.373550642297,65.18290335167148,59.78955678389753
1610555721.51RNoQUMP19FTMS79BmA3JkgSm2IC2AQuQ,64.5236805402446,45.49118124364928,66.93272761712744,59.43322424096353,63.32884703385911,64.11373104974194,64.7165159228823,65.14892569220424,63.53999523175642,64.99994736587276,57.03494149520591,59.23528938120606,64.24437307819701,63.64466605365574,61.27167178649001,65.45732803855822,59.15833873664148,0.0,63.798422274130225,68.2295659834007,59.45651913534378,61.10250474989219,64.3984712727888,65.79357286131,62.85183858729163,62.80567736754148,64.51560550644261,60.01152686734563,62.283721002947345,63.57866226129518,64.70384635374754,64.1209426319935,65.42739422559933,64.60690513467252,64.1848230666244,60.64077779633179,64.47391320682199,65.3072447695061,57.82313169327654,69.95082526532327,61.926424063312716,56.9681297473558,65.2455801097743,61.08540956520235,53.016707271927295,45.10111418849944,66.17844146243007,66.08967177885789,66.34506505334346,65.63841772112978,63.93923418960498,66.36013517330603,67.59047832743067,59.84791980489665,66.91513115178596,64.81941952470702,61.99140398898285,66.00229766726004,63.930304744097164,60.79021031671469,57.99632397455459,60.92267029031843,67.1617322278393,58.7203551984781,65.32820269869963,59.00744019885039,67.54082234787506,58.913473107627325
1610555971.86O0cHB2ibBJ8jxoObg01EpGe8VVV5mpwn,54.378311040647816,61.54074069064936,56.66634083823402,58.45531262269872,53.12034943835238,40.50343127969319,55.60980841332034,55.405947544896534,51.19871566029253,65.08461166107686,59.50007127574349,64.09489827858674,67.57551581183117,54.955721859191115,64.72180166310015,64.13431706563176,62.50391845425746,63.798422274130225,0.0,65.6096768983075,61.91699756939481,66.65935194457717,55.7231661243184,55.94992444851519,58.587414183536275,44.66739890573884,54.85979486144527,60.67935183153496,63.02830866335977,53.14008663494885,61.65489011265172,54.8827055467911,67.85365130793403,65.1223784881794,62.191116651236335,61.331251102619525,61.84344342278964,65.99180070528055,60.97479027410185,65.05576773252918,61.923150601306226,63.50482596185518,61.914945309997094,59.23615857547885,61.756192834737924,60.34819333293283,62.60658929798963,58.872800142778225,65.9069598424741,61.62712581830638,60.477487819191026,54.617149905632154,67.53612580748877,67.10239258435733,65.34996733460278,57.0976841284163,57.52047034474174,64.96656796314215,59.62962072176769,50.9864427234941,62.35805993189263,67.67559832448808,68.91829346595009,62.783836842716745,65.69666924319246,65.64713146527824,63.91067807556261,61.860141600973684
1610556911.51zU3duZSGpcw1BDNsBLxdOCITAXwl6z3i,61.4314582910507,64.3259247637568,63.792171319797326,64.21230176330016,61.268737900330464,64.31868417404475,65.36548677069001,62.01205883275929,61.72454038649682,65.0139236364696,66.82534139456511,61.99540597774705,68.1868212559957,62.66177329238211,69.52561932860031,55.120000595431996,67.54604433428729,68.2295659834007,65.6096768983075,0.0,60.08895722726152,71.98077210381537,62.592694235630965,62.70158027626357,66.32048789806002,62.9973811122412,59.83966367200233,62.23627979065384,65.03666444416126,64.12376886211031,59.34895231109742,66.77797608412409,65.59326545758367,61.28958636397684,58.103421476074686,61.709969974367006,57.599944157047275,60.84017021306644,65.97354792219183,71.48629372172667,61.97918919339203,66.71735213639987,66.4605241191145,64.69908497704334,65.56150178166678,67.16667624824949,63.04848982046908,64.95187812430675,66.06831338931492,66.0344748934325,58.06515906883191,66.0639207539456,71.35009741724433,70.14624746893999,58.8003602910886,66.4376065125111,66.39158493709533,58.82214398543078,59.226218321824156,66.28292836219505,68.79039975028786,71.54389538675618,63.90388957584108,69.56995723090483,61.70062767502806,70.21239529887661,67.67934346202205,69.16850756360793
1610555988.71dMoYT8250UHHJGxgmITTmbHe7V6gH1yU,60.680969832760994,57.20358697574446,62.67351066088704,56.159052820587306,61.086027337915525,62.23253667869692,61.39201624475607,60.72025007756607,59.40525974355512,63.9481984763809,57.49528104747338,37.2902669268374,64.9066006254675,59.802614043348335,61.16305652484201,57.23156166553655,58.95839742197686,59.45651913534378,61.91699756939481,60.08895722726152,0.0,59.967271188033855,63.00635798105807,61.31905352543607,60.911811215349644,59.92707207607233,61.7702252401778,47.15701296855122,59.97074626474772,61.33815440213295,60.95084840933138,62.53968322438868,64.31515954138564,61.23548293066007,51.87385764914596,54.532140471535726,56.129036047483005,62.67627978891849,58.96628615724381,67.27507161622144,55.306333146792134,52.86411784632107,61.043706857125585,54.62545883428673,59.483030555193565,57.519138420950036,61.43110924683095,63.21902519261679,64.47657941082109,62.48342870135265,50.67050035715552,61.67641801870781,66.1024206661196,61.919933943781835,60.131855841168814,62.57963321745391,60.77965467617152,51.34907812281739,54.491435291547184,60.198774748586295,60.79622266495711,64.333651427765,62.87708534332777,61.72186006258254,61.592131553094674,62.16848346857824,64.12389094749165,61.199375483083706
1610556042.81mlUZsSp7gbGjrp8jQSnybT1gPy6e62o1,67.94726477632457,59.742764783884105,69.30521723878628,63.730032987066,66.87647346983657,67.83331856372462,66.37611233046654,68.14748413928942,66.95576913719928,70.58365849776595,62.21874434361415,58.66394728313449,70.41306395832284,66.03642195005504,58.97390219342592,68.23475606937596,63.350108901297986,61.10250474989219,66.65935194457717,71.98077210381537,59.967271188033855,0.0,68.24637734756578,68.6689885317863,66.57955924402572,65.71506146420259,67.91633916737638,60.29757692883703,66.49560610001653,65.49884862537422,68.391420735381,64.79593103649644,70.98222600704706,69.06538493345167,65.62360962382759,63.263327793877146,66.61884951219773,69.72352891683255,63.52057149876166,69.03339274358987,63.8700956573653,56.06221103793914,66.2645290279081,65.51579204810764,61.720045469226164,59.95939482010335,68.26848021936057,69.18006490780093,70.65693034998894,65.00074701425639,64.7095702600146,67.07637180485044,70.80146456790152,61.783263011666335,70.01247327768131,68.61174553821364,64.53672517216249,66.13311111777709,65.85533618577188,60.62844194730558,58.30097979204093,57.94263700072503,70.72689577778723,57.623235684118455,69.13950826114069,54.362406091047994,68.24417550334373,59.223909817806714
1610555637.02UBW5nKvDyUrKnaWcYRGajZPxTRDS0q3N,54.02580548197217,60.634500017623004,56.71838083538598,62.661951644840144,44.348878522219195,54.08885926545185,56.2237993341781,55.73041314999489,52.56193604842057,61.53769293275511,63.23439106739211,64.96853925376305,66.03783418341612,55.78356303706726,66.22181335824739,60.919520448032095,64.7173309004421,64.3984712727888,55.7231661243184,62.592694235630965,63.00635798105807,68.24637734756578,0.0,55.90717960075608,56.01967086302708,53.90275578089616,45.52499983212061,63.45688360708053,62.019929873825184,49.373258231047934,55.31562143433725,52.46876128432918,63.88517451234394,60.313965996929625,62.1440619946111,61.66938034433349,61.01419289089857,58.42891819892517,59.36891768031504,68.38935620343207,60.384530998097176,64.93879496869941,62.788733729412414,63.48661246601415,61.16079590664595,62.50214793198121,61.18254438669093,59.11084951069505,61.62278901693083,59.97801264188671,62.20811670822159,55.82195439415591,67.48760221923509,65.93425619873491,59.85170754915499,46.674992895494604,57.73346208072188,63.79102774264765,61.470563258154456,53.329060570711825,63.861458358162544,67.3401762280585,64.92722206879405,64.0161542190024,60.613680152496045,66.14767024213597,64.38991589337712,64.22215879603785
1610555619.13oUYNikU4facCTpUSiSLr0vPI0tJLnXiT,31.547116599509373,61.67882682898019,28.57824687678928,63.80812952440143,48.69782793987174,59.15466185383852,46.67992941452638,20.77408847763604,42.595953131338895,61.939884308625714,64.87217979215333,62.72553007781464,65.61357933507757,38.18217983577197,65.72763973696941,63.10545707004167,64.58733679757572,65.79357286131,55.94992444851519,62.70158027626357,61.31905352543607,68.6689885317863,55.90717960075608,0.0,60.76296933626746,57.38037326989777,52.085905172779384,62.75715599808191,65.54977894495578,50.46651049815709,60.317830670640745,52.84671481149785,64.67867293712571,65.45202572063235,63.13787658903257,63.71621676990159,62.62165348308114,65.97553390099084,62.39352989228089,69.33867542203302,62.40176587094575,64.22617200233664,66.01576895852766,64.24823425491431,65.24552473567984,65.0588307742562,64.5097728466689,58.390410734420044,64.03681804004955,64.06149137645947,60.43677165808275,57.14651024072427,68.55917249333106,67.85769247442086,61.46892480169532,60.432569930428386,61.75465643582233,61.70131260295467,59.936899825486805,56.42097907764936,65.73260637046447,68.49595012456966,68.21736873189273,64.78547306519346,63.72575942448494,66.87291851242612,66.01008286420013,65.99211513057377
1610555721.03nzkucfjAUh31zTbmCVvTVYqtjoxZFnBh,59.42410855333082,58.708616523018875,61.83521529132797,62.43255211813165,56.5174656526717,58.7837772708228,59.6131688986995,60.16750058431198,58.544672768759,61.26617779672102,61.05714307658817,62.85785859114525,66.72310476355823,58.79212083357199,63.66480015297715,61.826898624227994,62.888211173049946,62.85183858729163,58.587414183536275,66.32048789806002,60.911811215349644,66.57955924402572,56.01967086302708,60.76296933626746,0.0,58.12693824960059,59.31718146361418,61.068584060056565,62.92426216951731,57.68383223760535,61.93238070419958,57.40872693429925,64.6719998306077,62.80839501088058,61.53278239809117,61.02239798789026,61.85680011133824,62.29721126054749,49.524220873587716,67.32936446260543,62.08932033076493,62.536107920295976,62.92775734766613,62.76370316529502,60.01572611390638,58.63538021694683,64.4440765757975,56.04497846834362,60.94139642350697,62.47734412082923,61.43666265036249,58.80914131964991,66.24345494691205,65.57640838773304,64.5982167539272,53.39366717816895,53.05506792261586,63.94218049461034,60.92732293158011,52.77117309837981,61.028869732805255,65.86252559210688,65.24630210924401,60.802037056638035,60.47170239998914,64.7376883844383,62.37022806595752,61.80387948122087
1610555722.67fhKURdXVzRbLIjXmjRwdJHTnE7PWb1AE,56.37960030825117,60.11318536850224,58.759295703193615,60.31036403869028,53.718514049240945,30.754915840299702,55.96260981910859,56.736358476218896,53.29858548050051,63.39775802993782,58.28776435987797,63.25362382058147,65.51550046005372,54.82963830746334,64.12887980161938,62.98247697013686,59.88324664556781,62.80567736754148,44.66739890573884,62.9973811122412,59.92707207607233,65.71506146420259,53.90275578089616,57.38037326989777,58.12693824960059,0.0,54.145480420972476,60.53691601052427,62.23774342931533,54.206067478530215,60.38502662358975,55.13938198886168,65.83130251148225,63.524415862746274,61.066295973481274,59.94519893121456,60.98792703731693,64.18661448187015,59.80314805591976,66.64346195364014,61.32355585469881,62.15157867832082,62.99859800229692,60.73674886073427,60.181561100163464,58.83272496958411,60.256244572564796,58.38331093114688,65.03283824612342,61.22027152573279,60.29515713545965,57.429568896746446,66.20738349152585,65.37494197386829,63.45248724994386,54.62687274799305,58.720638507984674,63.275252978949645,59.59575717567822,51.28031925838987,61.485994150023295,66.02594179277807,67.88352419338638,60.99449865409618,64.78194898248687,64.37668468665349,63.94445346156989,61.638546958719225
1610555638.39J2ZWBLuLTHP0jOlzB4tNHmYeijH5g5YJ,49.95580893927876,60.55290239823781,53.4082133415694,62.41798989568464,44.62235114342377,55.91984712412942,54.52471068983777,51.55249361093639,49.15368160813577,61.52345177040961,63.66754514335208,63.52007172564274,65.11930202675063,52.20910087495075,64.6733140527078,61.03518887899366,63.74471103051761,64.51560550644261,54.85979486144527,59.83966367200233,61.7702252401778,67.91633916737638,45.52499983212061,52.085905172779384,59.31718146361418,54.145480420972476,0.0,63.00496914548073,64.12859897870811,53.320561178110125,53.74064809188336,54.794454705776474,64.10947912728464,62.71161832765478,61.43624453634253,61.342919364426166,59.62337449200764,63.647415409761436,61.39992564569559,66.67475290675438,59.373903176127,64.49723263498149,62.814839912973376,64.12333877168834,63.23664175084118,63.68557657772853,60.56426931769115,56.723164633944556,61.65494642598845,57.64130968126343,61.55191280577518,53.31544304615805,67.12365316366012,66.83412965004717,59.79086233792945,56.07929458086657,61.27220613653385,63.0732352029476,60.29290165665746,56.06785172212016,65.11265369366082,67.6902932784114,65.08110303943499,64.39025045797774,60.43724789987336,66.40299034472994,60.92733763496129,65.20952254591987
1610556032.17Q6yCDx9g7alRnL9jBFXD2JhhUyB2hKfJ,62.103917994726714,57.31106205319095,63.51067151178608,53.967445646913546,62.15930366646082,61.629176873068666,61.574102748774315,62.234290563027294,61.10495189256524,64.19734538137752,57.4850024174741,49.15223398312079,65.075398930371,61.12546334225617,63.35406561455147,57.24517884568628,60.659263315172915,60.01152686734563,60.67935183153496,62.23627979065384,47.15701296855122,60.29757692883703,63.45688360708053,62.75715599808191,61.068584060056565,60.53691601052427,63.00496914548073,0.0,58.698931701895354,61.15804646406922,61.82752339515525,63.14488544740295,64.65759049939156,58.33736889146841,55.20674636565019,55.296992555717424,57.23408754572747,60.72741143981239,59.20042605904065,65.62521184873019,56.21996695625202,51.49102448609335,60.56149840819968,52.23598881142325,61.291272796581225,56.569073735860194,62.251894613263865,63.5790890976434,64.39584568485846,62.25748407096761,48.54147263274352,61.992797932173374,63.50288746603177,63.16666362589226,61.43453899173293,63.19174796073126,59.2806759572706,54.46539368573491,51.15077609607265,60.029901461157344,57.945751218066896,63.820315606439316,62.461805268812455,60.74077387893966,61.213854053123775,61.08656514488622,64.2775091932299,57.06640775783561
1610557007.49MyVgDnuUuBxrvL6SGOdhKf69VYlW1MSm,64.68427544083174,58.543986292411795,66.30682579794333,58.56013712035521,63.56306555191555,62.59631172564175,64.53003236282703,65.1589414918849,63.90844033490658,63.39903602313515,60.32307175471876,62.24237458718817,65.86463171495114,64.20350265278788,63.444116789864374,57.910271286417085,63.28312901041368,62.283721002947345,63.02830866335977,65.03666444416126,59.97074626474772,66.49560610001653,62.019929873825184,65.54977894495578,62.92426216951731,62.23774342931533,64.12859897870811,58.698931701895354,0.0,62.4984850893925,61.0669727324145,65.31006191241462,64.82094947362987,59.395950938187106,58.606758923706,55.62706472734551,61.16521973559354,57.68417835285415,58.92298061027601,68.84827814446888,56.340344468399636,61.40623540962181,62.59679214984048,57.048148952784366,57.4110838964672,58.63659901599338,64.98711979936111,65.11883647708876,63.61602254765825,63.53539962329792,59.789691650102554,63.672583186766495,67.75099148951361,63.41749571793329,63.71310233176662,62.21521471039577,61.100025878712295,63.50933762199415,60.71962470423841,61.25330444125823,62.39528910795271,65.72622124923689,61.06660235628221,65.06947065643034,59.245137133036245,63.48953773423945,65.06963318106746,62.962043292541466
