,1610555604.25mOvVXuL01OCiReyVWBfesjuvXmB3MoPy,1610555605.43B6oDsBtWRQ29Q9UMQuTUEPZy3FSSWXzc,1610555610.92HPGJJSmyPM40z7otPBgHalNrHFA7zk5d,1610555606.68LaSQbm9EHAFycEfFtEqAwYqlBsQPjIRW,1610555617.19EKxMEwDHfXiEJZc27TsGoERaD6Da4BZU,1610555722.52PJ3FD50MGhRXyUD28vluU8Z9UjLJLZn4,1610555617.52Ijr5puT55g9apK8auM7zaxa3NANg502t,1610555638.77ZLjTLkz4jYJdFMI2wWBztzsDILkoOtAk,1610556912.46C7tJPLF0XfNnm8f1820X9aLmXMHoc0Dw,1610555617.51LjzIROg0aeCP2GhDcAVQ0LipKJB9jmKc,1610555608.17OpjjHobqRkX0UPcaXrbu7K6L3805SZri,1610555721.82zWeNZfGUUfRJkgnAwlP8VMhPzXctnSd4,1610555735.75bom85BDF0C7W2eIseHeMxi24qR68nzMi,1610555735.77NnT5xqKnwcf2BbjIekeb2arTQj6QMNwk,1610555638.33wjf1PhdNaoWfbRzXVn50hmFyB5bYAiLV,1610555606.65jCE4ig8Pu8kvAzkxnSGfWsV0nQBjCf8H,1610555608.18ONsBCVo1i7BrX0XG9stct4oiA6ejX9Oz,1610555721.51RNoQUMP19FTMS79BmA3JkgSm2IC2AQuQ,1610555971.86O0cHB2ibBJ8jxoObg01EpGe8VVV5mpwn,1610556911.51zU3duZSGpcw1BDNsBLxdOCITAXwl6z3i,1610555988.71dMoYT8250UHHJGxgmITTmbHe7V6gH1yU,1610556042.81mlUZsSp7gbGjrp8jQSnybT1gPy6e62o1,1610555637.02UBW5nKvDyUrKnaWcYRGajZPxTRDS0q3N,1610555619.13oUYNikU4facCTpUSiSLr0vPI0tJLnXiT,1610555721.03nzkucfjAUh31zTbmCVvTVYqtjoxZFnBh,1610555722.67fhKURdXVzRbLIjXmjRwdJHTnE7PWb1AE,1610555638.39J2ZWBLuLTHP0jOlzB4tNHmYeijH5g5YJ,1610556032.17Q6yCDx9g7alRnL9jBFXD2JhhUyB2hKfJ,1610557007.49MyVgDnuUuBxrvL6SGOdhKf69VYlW1MSm,1610555638.44hjT5hbYdKoE3MB6hijrjqbjmLgvCUYKD,1610555608.13zUvmFSCRt6SsLbhqFznMEvGx54GPGQzM,1610556038.62a5C4ynd1AARyAhTv8a58NCqHvXRjscqH,1610555644.45Xse8u7pusHNsd7F3d0A32HXvXr6weOJE,1610556038.62gKXOCG7XCn55eJvyl5voNjbwOW0znQDq,1610555987.13v0oleKK97pkesp6oMgprH8SoSdoDVdIO,1610556964.96ZLLeiQW0qpmxhPGTg7K03fmzkqsC2bjC,1610555987.13VQlEedQ50VvkPMEMzZDv3KNnQCewykN9,1610555982.186TY6MMGkDecIN1woW6vsfAMXVV7jnyjO,1610555982.673LuMndkwkvdmZOn0MmE2Pkidx0FtNalb,1610555733.38zItcuH7gHNfKdALR2d9Nek6bxCyw36Vm,1610556034.15BQxSbZINGCay0yp6RBVlgcPrw76Yn9ON,1610555639.37BPZpgtGml8qUsh9AdV4m32jPLfI2aNFq,1610556965.57S0adAalhWYe6K3bkZU0bRHbqnDK8gGkR,1610555983.54zteLPCMjyrjzPdhHhlZr3faCgD0TfYr3,1610555987.79rHnNRmt9a0ufmnwCvZqBouyUoZDNpylW,1610556960.041xWER61rmArlsKfiMl4frikWmUCnQ7op,1610556035.13a7NHZDutfTMJ88qle1gTYY59Dr4WmMsj,1610556890.456ZBDaY16bMtrTZTqAgHl3wq1tRxzqDow,1610555760.24e6890pkbyZ97Or6croI1rQgjkSsR0yVt,1610556043.02YpWMIJg3W004iqlPyv8OcVAZdSC5rNYw,1610555987.03z05P26TLtONYM1HSzupoc2CeNMa6HTqr,1610556032.15OYCzUxpsz7b10AXBAuDXrvEcvxFhf0M7,1610556032.63Z80yI9pNwS3jSmsDABbuhf8wkNa2Ze9y,1610555736.28eGuESasTXdR3SqY6pHhEXWZtcdciYLCO,1610556034.61bebeZA0MkaFG2sm3VKiqrxeqQginTTW0,1610556944.5XwXOphKYT3ZkWA8gViqOS97VHVuMVUqb,1610556944.745UVLFBzf7fPh4UH37I6tYQOFPqRDytEh,1610556034.63XsUwaFaPZevO1JNFjfhvY4aKNFnV4noV,1610556964.89xwBHw9faT1HjQRMNQEyA4qJ3hWkwgj3k,1610556966.74DydzH91jtyvRyYau47JpVkZoMRSNTt01,1610555740.77UueVziDbaXyRR4OcVJIIZyzOfAzN51bj,1610556046.84e3vwjyRCzqz0wJQhrk8zsxlFfFSv98Df,1610556137.99eoPuVrDThKAOvmeprLPb2FWRqIhzUodc,1610555740.73XFwSrmTXJPlaxGZSefh0jOVA8PI3III1,1610556123.88AOfNaz9jSnqU5Czc7okOv1RCrYfKFBTo,1610556046.85nB7NvyoYQeLcOV391Lmmut1wAM8CFGLw,1610556123.89H4pdIAzDthI7bMXMhlIhKUYIQIvtmPPQ,1610555740.87GOYQUJKpkynIS2lFqppYK4b32ol7NeGh
1610555604.25mOvVXuL01OCiReyVWBfesjuvXmB3MoPy,0.0,22.90113692110864,5.843250547516039,21.847403397589712,15.67831620545867,18.144117037271126,17.692803395063333,8.742114642627566,12.805411525562425,13.774492006105788,27.82875854798891,22.796074075879755,16.983801529166016,15.987619566303415,26.295235953620196,19.138019487546877,32.076094964912585,26.428077977195656,17.97512039657729,13.945895436987454,26.466765404117083,31.036132615680827,15.900210274034798,7.386582356222919,21.082558381973477,21.55690985749026,13.745525558781859,23.66945315717641,22.583454726510656,18.286142329856453,18.297268065402932,18.682357209120987,15.758198131777108,20.798270121049168,21.879754545897008,24.157259725014356,20.053468189546116,19.316196607422448,23.68021103077832,23.976290724720496,22.103655822854623,29.043453208145205,23.125676624713535,21.408320455368298,26.09783621501845,26.85270172223062,20.907802246935162,16.956162892255144,16.071349948244237,21.518519087504067,18.55924140664784,18.762431175658534,23.97399859755675,29.655811873636054,16.608512141213314,19.026590544154974,22.70618947497808,19.181110998102696,18.12273176861012,22.472698221419733,29.289190849477638,32.70116659938671,17.992324863933234,30.52226602838405,18.11321874177051,33.51386421239928,18.883291127924924,27.530349210179466
1610555605.43B6oDsBtWRQ29Q9UMQuTUEPZy3FSSWXzc,22.90113692110864,0.0,23.264189679168062,25.886581963503364,24.93435174677545,25.635772879055164,26.283662394806022,24.315313969876087,24.157480798119572,22.81978625610144,29.320224008350532,28.279833541882745,23.39653230821185,26.20255128640567,31.21102372848717,26.983012527827945,33.118501289569714,15.825498136561288,25.932299889794805,23.350662697434995,31.39181902171377,33.16409313537557,24.064762064721346,23.780633867150428,27.15435171047215,28.524007149550688,24.187309594352183,28.255983325539216,27.932405335831877,25.379265524235805,26.595226039075726,25.62861819067139,23.17528007235468,26.62130652880002,28.21406589742898,30.681305481783394,27.443673542533947,25.39906489923015,26.7971212190187,30.93515984362811,27.66850861119061,31.809314186519153,29.602332646982063,26.933846970102746,23.74933205417821,15.813692506926774,28.46689563872619,26.097007687842613,23.55038950508324,28.73120964076921,26.119354238258378,27.346270846558895,30.289348753639867,32.998833247653565,25.143190743076023,26.16033590599733,27.490680615914865,26.03704855223261,25.912263559910137,27.909313040153297,32.69158420046032,35.431285761953205,25.01973638687542,33.512793936125156,25.479789744116044,35.75231697210948,26.892166808212238,31.771305266002408
1610555610.92HPGJJSmyPM40z7otPBgHalNrHFA7zk5d,5.843250547516039,23.264189679168062,0.0,22.214247269348114,16.19666841978452,18.61552237095792,18.122270778788693,10.32675003456357,13.933740228170437,14.383735243545093,28.133524173062447,23.274214595470923,17.484477267466712,16.330504709759623,26.676550329041046,19.558830540236666,32.32731610856401,26.89100182662088,18.55734392216889,14.433333345924762,26.843551259227596,31.32542135172722,16.400499393410595,9.29399114850177,21.40541571524794,22.034089470273166,14.314044948013926,24.080607759504268,22.944162492248033,18.71547401251479,18.71402476445913,19.105511011199855,16.2944840065065,21.18176445005015,22.374332490218737,24.56584436510621,20.504165718086842,19.72971241036191,24.023229077363244,24.52452671534282,22.411053326048858,29.41573346479071,23.590703096591437,22.20843611537154,26.30523850204093,27.142829203601263,21.492994819515232,17.624823136598422,16.602580474541448,21.904637748989717,19.30347336904231,19.298287399246068,24.316596553250772,29.93252795686553,17.05767970805998,19.434981923971367,23.143780290752584,19.60141136054087,18.691795069769864,22.935844265527976,29.716962068420585,32.943074493383754,18.433315841610515,30.77836490633307,18.548283492705195,33.85925183511541,19.324581422316463,27.995128215395653
1610555606.68LaSQbm9EHAFycEfFtEqAwYqlBsQPjIRW,21.847403397589712,25.886581963503364,22.214247269348114,0.0,24.235067944073524,25.407148176738758,25.802995521820385,23.26350841225339,23.077119617162985,22.687244616884538,28.61452905674522,27.028490983962996,24.44732881321522,25.408112589120588,31.277676688317417,26.044484840299358,32.53653041527622,28.841759773547707,25.476385011618213,22.38345288371635,30.165536519148,33.63908352394015,24.286191456808258,22.770179500498152,27.822993002126903,27.891360942916084,22.319281075794933,27.92003380287883,27.916201977387452,25.684463892837318,25.02862813838254,25.987173734887087,23.48837362097891,26.866689968846853,27.004809735346505,28.807194279213324,26.368879802447967,25.758634586140264,27.295093205358828,30.00014373004937,26.794706214542586,31.184481794484274,28.229345967641837,25.608274746313835,28.985704951190616,29.551248758350187,27.82089141808748,24.959139375583664,23.520222437937797,27.221023342050977,24.743380818859826,26.279085222079683,29.74127479929899,32.424144838438714,24.064603338199383,26.495254734777117,28.690298133090906,24.904919926927896,25.203518292347344,28.63387373001507,31.70255590678109,35.696488920738226,24.468231757402787,34.51766415306793,24.534040542142478,37.016456079913,25.155311292735142,31.128378873937447
1610555617.19EKxMEwDHfXiEJZc27TsGoERaD6Da4BZU,15.67831620545867,24.93435174677545,16.19666841978452,24.235067944073524,0.0,21.445206066724676,18.03121115626686,17.741143147314794,16.831938735359792,17.465141999600135,28.894142786551654,25.343827868789575,20.069376973900408,19.870528630793416,28.03284774870442,21.70831121112835,32.65145121761996,28.078173783338574,20.92345947631197,17.731102038242256,28.412219300142592,31.69376600132435,17.217251549632216,17.02696731240596,22.865910561325652,24.190125136804575,16.388018222916717,25.816319123310446,25.041785312996527,19.260173631818006,21.000854096520644,19.127639511962393,19.072798156743676,23.33430693318274,24.270574321664206,26.259094888113342,22.710960323272843,22.048244661149706,25.595280117727523,26.583284099113555,24.248350518188253,30.936102835415642,25.169820651203015,24.705317906165586,27.474772374705545,28.417907414130998,23.36802608406707,20.352740884098527,19.002046054917788,22.93615839011597,21.944919096199712,21.106283988432256,26.170890499745095,30.955997990330214,19.46612920063073,21.020309933909505,24.142740272181406,22.176545058694266,21.524379240712886,23.886544069819656,30.226864129254587,33.61338278036207,21.016348749775737,31.58487222234517,20.705300560279035,34.53293608821403,21.224569271835414,28.586876494339567
1610555722.52PJ3FD50MGhRXyUD28vluU8Z9UjLJLZn4,18.144117037271126,25.635772879055164,18.61552237095792,25.407148176738758,21.445206066724676,0.0,22.56801925752786,19.7026278536934,19.258749367876682,20.059598501712795,29.64370488114843,26.54120296626851,21.87265919470484,21.51408533676495,29.582409310276233,23.9612961261793,33.19671339668013,28.36739367417059,12.233726799569475,20.043399313987617,29.11043806083949,31.778210265243843,20.72545599419716,19.110851895633573,24.57325650673532,18.570235542304818,19.934781625677502,27.521474339739346,26.68468983906062,21.320867725949537,23.195593638841768,21.30222721802274,21.472514699959742,25.38544702027591,25.596021241098924,27.75415712505256,24.661942737427317,24.127509054214677,27.006016442745302,27.56805103022499,26.255480809822185,31.486163734078445,27.099496195316917,25.579575088191316,28.80813826048048,28.480283312880406,24.105800773831934,21.297475117966698,21.726597176426484,25.455488055802753,23.558858856122427,22.059701927677267,27.658517098519333,31.980040923979562,21.862701058935922,22.531838581561875,26.666966361019785,23.564938100036084,22.98792710423144,23.431522763124942,31.536931127691535,34.45545461097559,22.931363525848962,31.706119944837198,23.205042135719076,35.18664111455881,22.87782163428186,30.115984326570363
1610555617.52Ijr5puT55g9apK8auM7zaxa3NANg502t,17.692803395063333,26.283662394806022,18.122270778788693,25.802995521820385,18.03121115626686,22.56801925752786,0.0,19.469739587001918,19.34566631270563,19.89390582811732,29.967247004642168,27.42937598560069,21.93425559899569,21.06964189187437,29.521232993928226,23.772093092304015,33.97592568615352,29.608609201816403,22.2768190061031,20.352889324996056,30.470541036950888,33.042850607932536,20.616036363307387,18.881306356912457,25.15711471923984,25.17083256730847,19.693112905211837,27.18177077998041,26.402547543058077,20.466443238820744,23.094553333533355,20.792742369930348,21.31706867237107,25.065591972695074,26.133327517638207,27.72469039997951,24.88544607539718,24.00294601146723,27.08001449085734,27.352968883332842,26.132875048318436,31.973152311382993,27.087352025581882,26.067544756797844,29.032776622000547,29.74220425034181,25.823713085117173,22.782706555194945,21.331604419944934,25.32087289190661,24.102585082734407,23.444821705191004,27.54847581499404,31.989228722431225,21.90250855709531,22.753731075701626,26.363666405762352,24.23919095124085,23.29593666446148,25.190463146203108,31.858614098377846,34.596265027203984,23.100113332331574,32.553728884546324,22.706918947503432,35.68429082027556,23.32671368712073,30.225983573758576
1610555638.77ZLjTLkz4jYJdFMI2wWBztzsDILkoOtAk,8.742114642627566,24.315313969876087,10.32675003456357,23.26350841225339,17.741143147314794,19.7026278536934,19.469739587001918,0.0,14.992079092369254,16.026028841759928,28.967030860584813,24.137081206088546,18.858692088920268,17.437273974552216,27.50194574146098,20.848193235784922,33.048440835434064,27.57826008024272,19.548373168247522,16.124603056488017,27.59866964246777,31.982766680524733,17.867107907834082,11.253883594956331,22.610706173954966,22.86730005375724,15.913017103807773,25.062279459456175,24.050462430344883,20.01133745944114,19.876305175479924,20.37836295320809,17.76187380654283,22.418055396522284,23.401744881274524,25.55069524467447,21.61980172790829,20.963781325529435,24.99231906304768,25.08028465919095,23.50189230885075,29.944372044495108,24.400940106982233,22.626972417226952,27.326197492022878,27.9898940778614,22.39433334754081,18.7557632542671,18.043929933453477,22.793631169479752,20.213587926116077,20.47415253061965,25.083897501945973,30.74373930862238,18.536686059373363,20.633366079236392,24.157622470118337,20.845041208353994,19.619541055092494,23.81420458323065,30.436906116509803,33.66122347634613,19.76408611454882,31.430299052917512,19.850136644974494,34.330448154557175,20.507946291176598,28.761445184057298
1610556912.46C7tJPLF0XfNnm8f1820X9aLmXMHoc0Dw,12.805411525562425,24.157480798119572,13.933740228170437,23.077119617162985,16.831938735359792,19.258749367876682,19.34566631270563,14.992079092369254,0.0,15.962251904190097,28.67683090119515,23.800112595127235,18.77599815313395,18.133521870258736,26.81538969337948,20.744835053284774,32.806972737305,27.034959050983947,18.387444874990937,15.913680825383139,26.80357370347395,31.444041323626553,17.632869099598352,14.144489197136252,22.355510450246527,22.563395219265722,15.873099244278162,24.67450482903683,24.017135714812802,19.673103762150927,19.88033103598207,20.027401675781842,17.694808455831783,22.297502960307884,23.142921401692245,25.242322304168322,21.40884337643387,20.891509628784522,24.940487001482783,25.266031710526587,23.326639134136688,29.566926690694647,24.000383640054174,23.081292558461296,27.231516437788756,27.833615073295693,21.94377208328216,17.672529763004487,18.00411498108569,22.822731135347038,19.974192676279465,20.05626473319779,25.23480760022297,30.50706336205626,18.543262024535323,20.683992713782594,23.833391881138947,20.80683031212046,19.391585879009625,23.16360538895231,29.891876928380462,33.595616654867186,19.690475702914284,31.03661036140623,19.802457188847214,34.13511432077649,20.472518168288584,28.103540135375336
1610555617.51LjzIROg0aeCP2GhDcAVQ0LipKJB9jmKc,13.774492006105788,22.81978625610144,14.383735243545093,22.687244616884538,17.465141999600135,20.059598501712795,19.89390582811732,16.026028841759928,15.962251904190097,0.0,28.387511825993172,24.262274656637985,11.02971463240784,19.166228697731796,27.1379330018576,20.271311039560207,32.68931947107319,26.821767326024197,20.37576304581112,15.898923817838378,27.636667496758577,31.90173956962734,17.05001653098076,15.196372669348174,21.94248247813742,23.42623713823159,15.70279256273842,24.86659090963326,22.877556177881168,19.638271847277526,19.014941114704104,20.032351879775092,8.078677365606621,21.64566557411518,22.94780009155667,25.48908692436041,21.12614003487198,20.071127601040637,24.0064683967127,25.108864428640327,23.070667270868114,30.34303854806914,23.93820257799021,23.458902076771672,26.722141183818668,27.114470188719217,22.211937613633467,18.73799100270739,12.214421529228465,22.671845544922878,20.409781480056928,20.36999958118188,24.15986313409509,30.209006125062565,18.181521757508836,20.202423867269147,23.826553815588838,20.16803488924802,20.070051678120937,23.602779676359695,30.117137671473177,33.327272226221325,18.332891289952936,31.77249067227119,18.06318527958286,34.426868233327234,20.34172206451307,28.43367997728572
1610555608.17OpjjHobqRkX0UPcaXrbu7K6L3805SZri,27.82875854798891,29.320224008350532,28.133524173062447,28.61452905674522,28.894142786551654,29.64370488114843,29.967247004642168,28.967030860584813,28.67683090119515,28.387511825993172,0.0,31.310375790738977,29.630321386343155,30.443571517734227,33.959788897113576,29.82899796414931,31.5028207904935,31.621512736751033,29.89362561167624,28.133833091596557,33.354896854369045,35.51206711823982,28.56461977871311,28.594494862493768,30.840474909254212,31.478336305001964,27.981729144000806,32.0373640675711,31.03813035986032,29.952408270297077,30.48872030489988,29.70093764483189,29.077658157650024,31.108016037713305,31.22398759034747,32.41602928088056,31.011059968713674,30.647918097259197,32.1513787551457,33.912026079187704,31.488610760342798,32.07132383750884,32.45737301359424,31.00297287357729,31.70255892232259,30.72677490658774,32.04132154871884,29.49363070525025,28.973430048503733,30.680406119469332,30.24240710613837,31.125834851957233,32.46715513662336,35.090785281411264,29.49747796899922,29.998053430025767,31.410230933690283,29.98673111769823,30.66664652952779,31.705074729839534,35.93834261026838,36.39854929923533,29.304856206117503,36.13111022846197,29.66436609642157,37.69564663319061,29.33876787093779,34.860290465047676
1610555721.82zWeNZfGUUfRJkgnAwlP8VMhPzXctnSd4,22.796074075879755,28.279833541882745,23.274214595470923,27.028490983962996,25.343827868789575,26.54120296626851,27.42937598560069,24.137081206088546,23.800112595127235,24.262274656637985,31.310375790738977,0.0,25.732133342785268,25.14149276823094,32.0194711270581,26.18436444251767,34.61123610247218,25.21229042881311,26.716267276829207,22.796464277762954,24.82123337732852,29.355980325839532,25.678267568137535,23.68258240903184,28.63777803101832,28.867869887558932,24.42958954434965,28.581478162826947,27.831255654300193,27.356730047706282,26.867469464746243,27.51911662217446,24.81669544709629,27.67660206854392,27.31872483499391,28.85363964051485,27.587733580037835,26.53690672620331,29.357766387033884,30.578938133943286,29.042895275194056,31.01319531500096,30.026955004036658,26.77264069243546,30.785360674863362,31.000485672518558,28.334679949088272,24.55786924573104,24.314862473658515,28.040274999148146,16.177859562157916,26.785563550997658,30.86343504227023,33.269404180866935,25.535445908100794,27.466262733237475,29.291126921824148,25.027210623511127,24.164584580965943,29.7734066576696,33.55156977516676,36.52334703802437,24.38158747649489,35.120068620248034,24.1334146805738,36.791699206220216,26.22938805161402,32.36130178627396
1610555735.75bom85BDF0C7W2eIseHeMxi24qR68nzMi,16.983801529166016,23.39653230821185,17.484477267466712,24.44732881321522,20.069376973900408,21.87265919470484,21.93425559899569,18.858692088920268,18.77599815313395,11.02971463240784,29.630321386343155,25.732133342785268,0.0,21.426647534888637,28.073442454821137,22.114859654940634,33.775126487921334,27.36553251474373,22.176629244018496,17.757056181040703,28.92749915147934,32.609537278897484,19.729043059263333,18.161565150477685,24.14261100266905,25.037031164250383,18.63224623076631,26.283171361496233,24.03681558434211,21.621044816382504,20.874230616410056,21.953551537511775,8.076488223677218,22.31333350755176,24.529097935807727,27.04577328513902,22.847733209469713,20.896129809911468,25.789137845675704,26.521882878320593,24.590761415073974,31.445738175109312,25.445812514311896,24.790180467929602,27.50414288317305,27.604354080919368,24.08712019719632,21.20572761770383,16.43713016899424,24.53759482550154,22.344553571364067,22.700363476691233,25.44213815745069,30.862858056102347,20.292000302211434,22.556883245450493,25.77522416230349,22.0445919585747,22.051489986663277,25.22319495169541,30.879809752803215,33.89730676484151,19.595944866477225,32.784955051479514,20.492050815381997,34.99343882058214,22.34578144891854,29.30327467457952
1610555735.77NnT5xqKnwcf2BbjIekeb2arTQj6QMNwk,15.987619566303415,26.20255128640567,16.330504709759623,25.408112589120588,19.870528630793416,21.51408533676495,21.06964189187437,17.437273974552216,18.133521870258736,19.166228697731796,30.443571517734227,25.14149276823094,21.426647534888637,0.0,28.732068050189408,23.345335531633257,34.159411761640094,28.816282698572977,21.512716755478394,19.018514428467572,28.97056834669138,32.510834891008635,20.526065799299236,17.209124413454106,24.558928342162638,24.824094954250477,19.01001155347361,27.077650783640312,25.905404258797297,21.943299640366508,22.522474920697153,22.261716706657925,20.63508936612862,24.805397919482417,25.676306571890358,27.489480063174383,23.9225587205412,23.318445003826536,27.04619563839476,27.315237092187612,25.594728492751315,31.5117983595273,26.45838371979059,25.448719495832147,28.687732332266734,29.351883567402034,24.858371689236158,21.306414617121426,20.869133090369036,24.871600270046294,22.255465167195922,22.70483032234623,27.438012119986254,32.3120188254712,21.345365038557404,22.877741774476316,25.7478519762739,23.445660813560295,21.720461286756503,25.402632204205027,31.665820404728002,34.85295751034436,22.446147621157195,32.710591152698825,22.25729950517784,35.05705506659828,22.921923399101228,30.04692631592549
1610555638.33wjf1PhdNaoWfbRzXVn50hmFyB5bYAiLV,26.295235953620196,31.21102372848717,26.676550329041046,31.277676688317417,28.03284774870442,29.582409310276233,29.521232993928226,27.50194574146098,26.81538969337948,27.1379330018576,33.959788897113576,32.0194711270581,28.073442454821137,28.732068050189408,0.0,29.110656793477652,36.94526250574409,33.47829950446237,29.43760807964209,26.92135349807305,33.465166709016714,36.8164290695801,28.114935966404214,27.006028974922426,30.974081688861208,30.910748743681154,27.089526178215724,32.80233513041535,30.656978582913506,29.43127428824888,28.558085751337618,29.25235836872896,27.807531589284093,31.295281842616202,29.298139238300344,31.902881206623125,29.40247347970717,30.22206213409096,32.222417570651615,32.92510336041307,29.507884145903567,35.442973165537715,30.059600484908717,31.46633901650575,31.692932559761456,33.55354419355342,30.43549047728091,27.569065762319006,28.626401309469568,30.793402388142706,29.475131200219558,29.18229539005132,33.584390581686264,34.24794929476943,28.254765787974264,30.12869374230472,30.431207613596886,29.734028113600182,29.537518361745008,31.64079726427022,36.27592968362357,37.989947358686806,29.348348638546494,37.01195319815695,29.3794902557851,38.097762573103864,29.201492815264935,35.126021759720366
1610555606.65jCE4ig8Pu8kvAzkxnSGfWsV0nQBjCf8H,19.138019487546877,26.983012527827945,19.558830540236666,26.044484840299358,21.70831121112835,23.9612961261793,23.772093092304015,20.848193235784922,20.744835053284774,20.271311039560207,29.82899796414931,26.18436444251767,22.114859654940634,23.345335531633257,29.110656793477652,0.0,33.619790567438145,29.918398830970713,24.303659819598916,19.07194425085429,28.656165731785883,33.86047236163556,21.856711253034064,20.210113442660617,25.82493753730659,26.88261933756665,20.323798620107247,26.79873099815821,25.148675636231843,24.140672330180013,22.29282888292389,24.191540567894457,21.03860187145184,22.48905066931649,22.338756152539958,26.378941659379247,23.89679591975179,21.538975747778263,27.68417439645618,28.764067277086575,24.972479257837428,31.589958420986186,27.299689035759037,26.289005526927355,29.229931414519587,30.237384147400867,25.37743921666358,22.302185127224377,21.61347450286805,25.05942917452087,23.349438272409607,24.312961126963362,26.92709422897588,31.80113813307777,21.26540483298157,24.339057313327082,27.078361248814915,22.66314770265964,23.4447815827246,27.24611646583544,31.54722420919009,34.49396832178711,21.357105840352872,33.272522832836685,22.865617660565015,35.03636281299612,23.130461476520395,29.44876638752468
1610555608.18ONsBCVo1i7BrX0XG9stct4oiA6ejX9Oz,32.076094964912585,33.118501289569714,32.32731610856401,32.53653041527622,32.65145121761996,33.19671339668013,33.97592568615352,33.048440835434064,32.806972737305,32.68931947107319,31.5028207904935,34.61123610247218,33.775126487921334,34.159411761640094,36.94526250574409,33.619790567438145,0.0,34.78580799317014,33.45266208821025,32.24314855720449,36.22914204747069,37.91722847304124,32.27653474510515,32.767935584601695,33.78634089032091,34.20005863412626,32.17171244767434,35.42334630979632,33.99405933746201,33.290705375896394,33.575469479094686,32.89255613702069,33.34850178489591,34.88111756944547,34.444060940544,34.07101949494018,34.470687244418755,33.29585919531237,33.79833638561354,37.07797343101889,34.78836442388153,35.479709989496264,35.50586690963654,34.24049894363184,34.561090587141564,33.73977798112694,35.28724318665649,33.37206347634312,32.82773813037434,33.87165944745651,34.120360163864135,34.58504112790702,35.838506556492746,36.747144878161954,33.346458236174925,33.09601518274807,34.26020138924176,33.599454592875986,34.445945127276794,34.7812265191512,37.49296613410432,37.717630088560774,32.9327538504785,36.781762361001746,32.89315130082004,38.99510378401017,33.03182531854089,37.02870714033585
1610555721.51RNoQUMP19FTMS79BmA3JkgSm2IC2AQuQ,26.428077977195656,15.825498136561288,26.89100182662088,28.841759773547707,28.078173783338574,28.36739367417059,29.608609201816403,27.57826008024272,27.034959050983947,26.821767326024197,31.621512736751033,25.21229042881311,27.36553251474373,28.816282698572977,33.47829950446237,29.918398830970713,34.78580799317014,0.0,28.48980392331487,26.872506421446733,30.960092785414787,33.17303046141259,27.59210323630655,27.129693644046547,30.22208027710664,30.973583191090302,27.61025269785413,31.0417403371195,30.737855393805418,28.875030242820632,29.70856096413609,29.057591761400765,27.173614468865587,30.195819503064623,31.048796173593413,32.590454844214264,30.654541659512688,29.152216023385698,29.704334458510946,33.267151075166964,30.764743814806366,33.640330848099744,32.06266611776181,29.732413196641804,27.537851280504924,21.483439420251695,30.96694399613813,28.09047129072443,27.45382274028767,31.20634391028025,25.555947400831897,30.044658733022864,33.12298759946989,35.16240549005562,28.827506280436907,29.39412691058282,30.144329082563353,29.195675226283683,28.200548249754704,30.73448503509471,34.73116372828728,37.20895030475624,28.176964180240287,35.2820904787953,28.399369256258986,37.45324148147606,29.685567422902732,33.77988183969004
1610555971.86O0cHB2ibBJ8jxoObg01EpGe8VVV5mpwn,17.97512039657729,25.932299889794805,18.55734392216889,25.476385011618213,20.92345947631197,12.233726799569475,22.2768190061031,19.548373168247522,18.387444874990937,20.37576304581112,29.89362561167624,26.716267276829207,22.176629244018496,21.512716755478394,29.43760807964209,24.303659819598916,33.45266208821025,28.48980392331487,0.0,20.40360126159956,29.09215912071717,31.649458864582986,21.255382534702147,18.98353534998636,25.238417110341494,20.067421227201006,19.973663632970673,27.626638174419938,27.027157113893107,21.20495260849405,23.586127777692386,21.164465183781743,21.77491176441347,25.61361967980786,25.843280918656255,27.939256266198836,25.060216702544793,24.442774485624657,27.29955116818256,27.69137167625349,26.443010202582073,31.700923814131023,27.08868246274169,25.66064925673688,29.084479211869898,29.082112775537418,24.95676503471854,21.419681880527694,22.003851405204273,25.461241201147935,23.537916473208057,22.533454360224116,27.988824446505596,32.103973653846225,22.461102639880377,23.567192143073488,26.527689341694742,24.211877716832852,22.944949327489283,23.72181138673177,31.581310000494973,34.66429796074057,23.42091236387073,31.711305287760876,23.50988500857398,35.31625270664846,23.07385809272086,30.012896649258074
1610556911.51zU3duZSGpcw1BDNsBLxdOCITAXwl6z3i,13.945895436987454,23.350662697434995,14.433333345924762,22.38345288371635,17.731102038242256,20.043399313987617,20.352889324996056,16.124603056488017,15.913680825383139,15.898923817838378,28.133833091596557,22.796464277762954,17.757056181040703,19.018514428467572,26.92135349807305,19.07194425085429,32.24314855720449,26.872506421446733,20.40360126159956,0.0,26.037433937147267,31.123431435495068,17.703420412656094,15.395572947082654,22.460732793988473,23.469451780928974,15.710935541109153,23.710049389904096,22.560699021501605,20.36038041906295,19.395031153153266,20.363587623943562,16.39981784062779,20.62838986342826,21.91305460930322,24.125838146910006,20.07523059816162,19.178162884543,24.759242019277597,25.77900019441259,22.185375995382735,29.12954266974764,24.42576734605253,22.360799271002723,25.78856107510843,27.241685588751167,21.97399569379387,18.166373084563727,17.690363964929467,22.54895579644357,19.448517142904883,20.441175598782234,25.105320885325355,30.158142484693247,17.707675076553837,20.690962335888457,23.946369458443375,18.788449116341628,19.22269986259467,23.983300158141645,29.988217946901933,32.82606152694674,17.823220658011564,31.45509601395952,18.70419428607411,33.67261303952261,20.066207592291406,28.353796727664886
1610555988.71dMoYT8250UHHJGxgmITTmbHe7V6gH1yU,26.466765404117083,31.39181902171377,26.843551259227596,30.165536519148,28.412219300142592,29.11043806083949,30.470541036950888,27.59866964246777,26.80357370347395,27.636667496758577,33.354896854369045,24.82123337732852,28.92749915147934,28.97056834669138,33.465166709016714,28.656165731785883,36.22914204747069,30.960092785414787,29.09215912071717,26.037433937147267,0.0,32.19745170297388,28.509664979789378,27.24587997584101,31.00952715497961,30.74823074739683,27.503485556323614,30.680533335383423,31.08285470897573,30.50576898418926,29.377763577277832,30.21816872693572,28.119969478588356,30.844554428519423,28.708138614458313,31.06485702301902,30.23118262471597,29.67639942815894,31.997003775354454,33.09155365738127,31.23084270864363,33.24641195728572,32.198981866760704,29.712921389526702,32.79594705348864,33.18601782594699,30.666592484811964,27.742408712193555,28.011765899836483,30.376790655237066,25.942084983600886,29.236842916077943,33.13533471261093,35.508334165812066,28.809550834365318,30.055903142496977,31.43457472629015,27.129067980026885,28.260612616506425,31.543699438865676,35.17112902320137,38.20147066018362,27.897496174879866,36.3987497579258,28.09490019382333,38.24076224099915,28.719319253352637,33.8246132501854
1610556042.81mlUZsSp7gbGjrp8jQSnybT1gPy6e62o1,31.036132615680827,33.16409313537557,31.32542135172722,33.63908352394015,31.69376600132435,31.778210265243843,33.042850607932536,31.982766680524733,31.444041323626553,31.90173956962734,35.51206711823982,29.355980325839532,32.609537278897484,32.510834891008635,36.8164290695801,33.86047236163556,37.91722847304124,33.17303046141259,31.649458864582986,31.123431435495068,32.19745170297388,0.0,30.420888039735182,31.732279709221643,33.298565967372,32.82398845402905,31.844704157567183,34.56883113971612,34.77483554315952,30.930317417773303,34.070479597688895,30.13378048688952,32.32446894005182,34.64194460850342,34.08516079349077,35.180440349333196,34.56462644838759,33.57958613732582,34.769783841127115,35.966507952671954,35.654823343475904,36.31839507966007,35.89435123464681,33.70849042619091,34.997038807409986,34.84250865213864,34.43589652611362,31.93267599814828,31.195474240669242,34.11367706188978,30.34055984538624,33.19367198718601,36.91814655678911,38.21444711771378,33.47706786946718,32.98259302599271,34.318280286795634,32.21077198057006,31.481679720257098,31.068038261222473,37.24078716015559,40.385036229838995,31.89120978363762,38.248881397325945,32.525080781891084,39.17401132430615,32.73313807345744,36.077860671374935
1610555637.02UBW5nKvDyUrKnaWcYRGajZPxTRDS0q3N,15.900210274034798,24.064762064721346,16.400499393410595,24.286191456808258,17.217251549632216,20.72545599419716,20.616036363307387,17.867107907834082,17.632869099598352,17.05001653098076,28.56461977871311,25.678267568137535,19.729043059263333,20.526065799299236,28.114935966404214,21.856711253034064,32.27653474510515,27.59210323630655,21.255382534702147,17.703420412656094,28.509664979789378,30.420888039735182,0.0,17.12729978676641,20.81933985008905,23.736148029011364,16.687319740480493,26.248025422891818,24.65103674581178,18.35281394400566,20.8138799843598,18.129884042685894,18.684379665958996,23.471900690087114,24.299961106100007,26.17052462139986,22.5003867936164,21.384062564453657,24.622032258039685,26.740500768996657,24.49106899061181,30.75252533587535,25.399132219689562,24.851917482100102,26.976658656342813,27.32464442841916,22.693535774831787,20.070184160412236,17.502501976820422,23.11839171372261,22.064236148546048,21.233689362243663,26.148932409383576,30.531190477727602,19.673925523005522,18.46897920194773,23.957129556617666,21.75458440184888,21.617597293546304,21.907306074252578,30.11974446573458,33.6023135726405,20.193012455145187,31.17527974231588,20.361039452386102,33.89632410385307,21.276913053393816,29.15198704168844
1610555619.13oUYNikU4facCTpUSiSLr0vPI0tJLnXiT,7.386582356222919,23.780633867150428,9.29399114850177,22.770179500498152,17.02696731240596,19.110851895633573,18.881306356912457,11.253883594956331,14.144489197136252,15.196372669348174,28.594494862493768,23.68258240903184,18.161565150477685,17.209124413454106,27.006028974922426,20.210113442660617,32.767935584601695,27.129693644046547,18.98353534998636,15.395572947082654,27.24587997584101,31.732279709221643,17.12729978676641,0.0,22.01971209027459,22.492402839101114,15.0410937889772,24.592196257864625,23.48185568018387,19.35479866814327,19.33082462459339,19.735026964884742,17.019517468622738,21.713376234841387,22.74105700525243,25.018640006369534,21.10974065263154,20.334836336417773,24.524162081496492,24.80993091977997,22.968786252515226,29.686850482612254,23.98540011702631,22.51361408547227,26.923413557717485,27.64754204575906,21.83689193540854,18.007831860947135,17.31243037254646,22.577470746532484,19.547714468326703,19.895498461837022,24.791876660585025,30.31184741267442,17.81451874841792,20.07388729888976,23.703521057228727,20.214530035124685,19.22814776295387,23.38917829111374,29.921623009752967,33.247709912691434,19.05834067366441,31.078130727824316,19.19360585258205,33.90719552951737,19.929773908898465,28.274075441584532
1610555721.03nzkucfjAUh31zTbmCVvTVYqtjoxZFnBh,21.082558381973477,27.15435171047215,21.40541571524794,27.822993002126903,22.865910561325652,24.57325650673532,25.15711471923984,22.610706173954966,22.355510450246527,21.94248247813742,30.840474909254212,28.63777803101832,24.14261100266905,24.558928342162638,30.974081688861208,25.82493753730659,33.78634089032091,30.22208027710664,25.238417110341494,22.460732793988473,31.00952715497961,33.298565967372,20.81933985008905,22.01971209027459,0.0,26.987414857859385,22.28151733928681,29.156554196524393,28.113083837413495,24.23077059004916,25.1099374301062,23.96803496219541,23.249471158510648,27.08240727412707,27.535805775313346,29.48310506028603,26.276130463541428,25.308105069494747,26.985409870915486,29.387322053090134,28.10659511352717,32.58939050453347,28.271984800013385,28.268698921866342,29.506260075819117,28.948050734874887,26.67552193618408,23.44852425047638,22.21521001947989,26.802761947076014,25.682299475184422,25.11002094525421,29.156116210774417,33.1938073225925,23.843409899851235,22.14542044003478,24.882859791649977,25.450527429066483,25.36411771820155,24.55336054513467,32.413861216096606,35.16579019924906,24.223489292178545,32.43678355482654,24.544705318753152,35.651681481220464,24.9637619026486,31.809251031812405
1610555722.67fhKURdXVzRbLIjXmjRwdJHTnE7PWb1AE,21.55690985749026,28.524007149550688,22.034089470273166,27.891360942916084,24.190125136804575,18.570235542304818,25.17083256730847,22.86730005375724,22.563395219265722,23.42623713823159,31.478336305001964,28.867869887558932,25.037031164250383,24.824094954250477,30.910748743681154,26.88261933756665,34.20005863412626,30.973583191090302,20.067421227201006,23.469451780928974,30.74823074739683,32.82398845402905,23.736148029011364,22.492402839101114,26.987414857859385,0.0,23.03315956397257,29.475055875232332,28.662397229706436,24.225576514206203,26.1911776242029,23.80037645199029,24.665963426636182,28.191073971707407,28.204840451605442,29.39999510733929,27.505263262572516,27.054245425046066,28.866055564017934,29.6392795788576,28.90393321918083,32.61840354825718,29.08110663099426,27.441331928815927,30.958380135804816,30.70902570158082,26.46168964915466,24.143336710629033,24.864846455515014,27.421283889451008,26.07399427507946,24.78888378933591,29.506743894562614,33.58185731254794,25.135509685066175,25.086447133677154,28.7273182772853,26.415995941780327,25.61512316708542,25.346229863927164,32.81060800587601,35.813832213801675,25.969662297662556,33.21450499010772,26.21750619404731,36.130831293172115,25.308087633051397,31.574523490926413
1610555638.39J2ZWBLuLTHP0jOlzB4tNHmYeijH5g5YJ,13.745525558781859,24.187309594352183,14.314044948013926,22.319281075794933,16.388018222916717,19.934781625677502,19.693112905211837,15.913017103807773,15.873099244278162,15.70279256273842,27.981729144000806,24.42958954434965,18.63224623076631,19.01001155347361,27.089526178215724,20.323798620107247,32.17171244767434,27.61025269785413,19.973663632970673,15.710935541109153,27.503485556323614,31.844704157567183,16.687319740480493,15.0410937889772,22.28151733928681,23.03315956397257,0.0,25.02625638579824,23.852123712964396,19.798698155453497,18.818645423616914,19.449107391746676,17.477296968993727,22.172070705750627,22.93089117794289,25.115111789195804,21.135436376608816,20.701820588333632,24.944287662577253,25.2970905251431,22.683965389151723,30.018893904020427,23.896460055869426,23.545739823102668,27.19140481266549,27.98908029396181,21.46651187753481,18.49240579503278,17.762753970693222,17.42909602818121,20.41142385544701,19.73695324776727,25.203344873048994,30.50871780655883,18.263868090490483,20.71551507384084,23.960086420958632,20.340155882112096,19.94937378515575,23.457292112049455,30.083167841776014,32.862841171290654,19.41406635636389,31.368943272399818,19.595981393853528,34.52851203289554,16.160015935426223,28.389589829320595
1610556032.17Q6yCDx9g7alRnL9jBFXD2JhhUyB2hKfJ,23.66945315717641,28.255983325539216,24.080607759504268,27.92003380287883,25.816319123310446,27.521474339739346,27.18177077998041,25.062279459456175,24.67450482903683,24.86659090963326,32.0373640675711,28.581478162826947,26.283171361496233,27.077650783640312,32.80233513041535,26.79873099815821,35.42334630979632,31.0417403371195,27.626638174419938,23.710049389904096,30.680533335383423,34.56883113971612,26.248025422891818,24.592196257864625,29.156554196524393,29.475055875232332,25.02625638579824,0.0,28.67517914556695,28.07505970904257,27.48675741476001,27.903154193693577,25.387775044450006,26.836385875887885,28.782748897585247,29.515807054589654,28.072746379607842,26.489370963956514,29.721695743690695,30.90959669570472,29.900370239559624,31.238090219257057,29.961549002701158,26.88400364407613,31.357164155037463,30.864416906105742,28.943375487652094,26.5395117248119,25.856685639595202,28.55980721308807,26.52985097131673,27.465488242144907,30.89830109869607,34.35927849547149,26.460762680588036,28.08635052561047,29.674210240805344,25.635274296627767,25.410979921700417,30.312675674972617,33.19855427078655,37.04367757872438,25.56300373549607,34.90348665163272,26.00785070368534,37.10617460871404,27.083645149648287,32.04583950629855
