,1610555604.25mOvVXuL01OCiReyVWBfesjuvXmB3MoPy,1610555605.43B6oDsBtWRQ29Q9UMQuTUEPZy3FSSWXzc,1610555610.92HPGJJSmyPM40z7otPBgHalNrHFA7zk5d,1610555606.68LaSQbm9EHAFycEfFtEqAwYqlBsQPjIRW,1610555617.19EKxMEwDHfXiEJZc27TsGoERaD6Da4BZU,1610555722.52PJ3FD50MGhRXyUD28vluU8Z9UjLJLZn4,1610555617.52Ijr5puT55g9apK8auM7zaxa3NANg502t,1610555638.77ZLjTLkz4jYJdFMI2wWBztzsDILkoOtAk,1610556912.46C7tJPLF0XfNnm8f1820X9aLmXMHoc0Dw,1610555617.51LjzIROg0aeCP2GhDcAVQ0LipKJB9jmKc,1610555608.17OpjjHobqRkX0UPcaXrbu7K6L3805SZri,1610555721.82zWeNZfGUUfRJkgnAwlP8VMhPzXctnSd4,1610555735.75bom85BDF0C7W2eIseHeMxi24qR68nzMi,1610555735.77NnT5xqKnwcf2BbjIekeb2arTQj6QMNwk,1610555638.33wjf1PhdNaoWfbRzXVn50hmFyB5bYAiLV,1610555606.65jCE4ig8Pu8kvAzkxnSGfWsV0nQBjCf8H,1610555608.18ONsBCVo1i7BrX0XG9stct4oiA6ejX9Oz,1610555721.51RNoQUMP19FTMS79BmA3JkgSm2IC2AQuQ,1610555971.86O0cHB2ibBJ8jxoObg01EpGe8VVV5mpwn,1610556911.51zU3duZSGpcw1BDNsBLxdOCITAXwl6z3i,1610555988.71dMoYT8250UHHJGxgmITTmbHe7V6gH1yU,1610556042.81mlUZsSp7gbGjrp8jQSnybT1gPy6e62o1,1610555637.02UBW5nKvDyUrKnaWcYRGajZPxTRDS0q3N,1610555619.13oUYNikU4facCTpUSiSLr0vPI0tJLnXiT,1610555721.03nzkucfjAUh31zTbmCVvTVYqtjoxZFnBh,1610555722.67fhKURdXVzRbLIjXmjRwdJHTnE7PWb1AE,1610555638.39J2ZWBLuLTHP0jOlzB4tNHmYeijH5g5YJ,1610556032.17Q6yCDx9g7alRnL9jBFXD2JhhUyB2hKfJ,1610557007.49MyVgDnuUuBxrvL6SGOdhKf69VYlW1MSm,1610555638.44hjT5hbYdKoE3MB6hijrjqbjmLgvCUYKD,1610555608.13zUvmFSCRt6SsLbhqFznMEvGx54GPGQzM,1610556038.62a5C4ynd1AARyAhTv8a58NCqHvXRjscqH,1610555644.45Xse8u7pusHNsd7F3d0A32HXvXr6weOJE,1610556038.62gKXOCG7XCn55eJvyl5voNjbwOW0znQDq,1610555987.13v0oleKK97pkesp6oMgprH8SoSdoDVdIO,1610556964.96ZLLeiQW0qpmxhPGTg7K03fmzkqsC2bjC,1610555987.13VQlEedQ50VvkPMEMzZDv3KNnQCewykN9,1610555982.186TY6MMGkDecIN1woW6vsfAMXVV7jnyjO,1610555982.673LuMndkwkvdmZOn0MmE2Pkidx0FtNalb,1610555733.38zItcuH7gHNfKdALR2d9Nek6bxCyw36Vm,1610556034.15BQxSbZINGCay0yp6RBVlgcPrw76Yn9ON,1610555639.37BPZpgtGml8qUsh9AdV4m32jPLfI2aNFq,1610556965.57S0adAalhWYe6K3bkZU0bRHbqnDK8gGkR,1610555983.54zteLPCMjyrjzPdhHhlZr3faCgD0TfYr3,1610555987.79rHnNRmt9a0ufmnwCvZqBouyUoZDNpylW,1610556960.041xWER61rmArlsKfiMl4frikWmUCnQ7op,1610556035.13a7NHZDutfTMJ88qle1gTYY59Dr4WmMsj,1610556890.456ZBDaY16bMtrTZTqAgHl3wq1tRxzqDow,1610555760.24e6890pkbyZ97Or6croI1rQgjkSsR0yVt,1610556043.02YpWMIJg3W004iqlPyv8OcVAZdSC5rNYw,1610555987.03z05P26TLtONYM1HSzupoc2CeNMa6HTqr,1610556032.15OYCzUxpsz7b10AXBAuDXrvEcvxFhf0M7,1610556032.63Z80yI9pNwS3jSmsDABbuhf8wkNa2Ze9y,1610555736.28eGuESasTXdR3SqY6pHhEXWZtcdciYLCO,1610556034.61bebeZA0MkaFG2sm3VKiqrxeqQginTTW0,1610556944.5XwXOphKYT3ZkWA8gViqOS97VHVuMVUqb,1610556944.745UVLFBzf7fPh4UH37I6tYQOFPqRDytEh,1610556034.63XsUwaFaPZevO1JNFjfhvY4aKNFnV4noV,1610556964.89xwBHw9faT1HjQRMNQEyA4qJ3hWkwgj3k,1610556966.74DydzH91jtyvRyYau47JpVkZoMRSNTt01,1610555740.77UueVziDbaXyRR4OcVJIIZyzOfAzN51bj,1610556046.84e3vwjyRCzqz0wJQhrk8zsxlFfFSv98Df,1610556137.99eoPuVrDThKAOvmeprLPb2FWRqIhzUodc,1610555740.73XFwSrmTXJPlaxGZSefh0jOVA8PI3III1,1610556123.88AOfNaz9jSnqU5Czc7okOv1RCrYfKFBTo,1610556046.85nB7NvyoYQeLcOV391Lmmut1wAM8CFGLw,1610556123.89H4pdIAzDthI7bMXMhlIhKUYIQIvtmPPQ,1610555740.87GOYQUJKpkynIS2lFqppYK4b32ol7NeGh
1610555604.25mOvVXuL01OCiReyVWBfesjuvXmB3MoPy,0.0,329.4966268171021,26.173877363324117,319.0423263536422,136.88368832486552,208.5509417236725,67.64153106177527,38.14129011857411,83.90617649815005,261.3827273581362,334.8275937492237,338.96458970307407,352.2481922001343,62.13277483718164,324.9335925909739,339.38654281191515,331.6821041528827,333.5542198524506,116.52200423331932,332.98053213896463,339.6377147105951,328.80846441440906,167.6401329577569,40.94208250422609,229.40579844451617,175.34657041600403,166.64280198799688,325.35181229856346,341.37192589078967,119.87913241321608,326.4890512521123,90.35184402872994,349.90259148786805,351.08459985143605,336.54053157315843,322.35437942468644,317.86120691945393,351.996052447729,307.1206516109606,252.81588115009922,339.4273836114944,316.5565732995528,234.85698914253248,331.8841345858208,329.1782843796222,332.03464218057564,233.1134259030171,180.7898770903353,239.60811135480634,252.1902586917326,329.52842907872565,172.71049715549782,278.33909736551,334.2625519625445,295.15136651860877,151.4062590308588,216.9992967448197,350.08828774755904,322.0775986229167,140.86593804170653,309.6437149356986,339.2916437650662,344.7309615556636,260.55104774258854,304.8882513462475,343.2235052218197,247.50121394136843,307.38000640955573
1610555605.43B6oDsBtWRQ29Q9UMQuTUEPZy3FSSWXzc,329.4966268171021,0.0,332.8317919626551,172.6739355621316,323.09109269354065,291.01689625502354,333.54345583327404,336.1343269242189,335.03392110074884,297.4622469481753,224.52924685651345,315.7210808483922,183.78886938987296,335.6797621805569,293.8701445718878,314.4388668481119,224.06555431369898,207.63402940043355,319.83432237060606,320.58990301683167,314.94505819346335,224.9996294434752,310.92161500563066,338.7809041898954,317.6199093741874,317.0766154289706,320.7355780863285,293.9262460238343,251.94676203346557,304.20415474352944,274.31547971684586,309.70710520012705,269.9249789509424,310.5368823803705,327.4672116640047,280.6613436046362,306.95398083197034,301.09259963238753,185.25938929374422,316.0138767008784,258.6410628759967,253.41530839396506,324.45351058777555,268.5551585458071,222.42785598587244,178.5544225781533,336.5279971921779,324.56077274978037,301.4264816163046,312.83986319320826,312.44221189007084,316.8555069222625,244.20795060139102,272.29981286185784,321.8660634165734,308.5478287951148,306.2131424985092,304.0426088982934,314.78609724811935,302.3588878032295,232.53497636359677,231.57260236466985,290.56872878431244,245.45461164964794,301.43580106579367,248.71338355977625,313.3693256858604,226.89723282267116
1610555610.92HPGJJSmyPM40z7otPBgHalNrHFA7zk5d,26.173877363324117,332.8317919626551,0.0,319.99705725510313,133.2311001409892,208.80115716350124,70.82909503464876,38.475749277454184,76.58660791351102,259.60755151998694,338.40450810377365,337.70410632053296,353.7428273003808,65.92794684336255,325.0866968242558,338.5282289249314,335.24086830521776,337.5085244976235,120.6427393860519,332.362775541438,338.50161777810035,332.91652672132574,164.4215690307762,43.79083523258773,226.45286769312014,176.05121959078414,164.10785146767302,323.6028065661871,339.7505380091216,121.7486540703189,325.57621001991845,96.85437423442055,348.76079606522825,349.63721077874465,335.652147524329,320.64911479167995,317.5366029027425,350.675826937321,306.4615914492411,253.039984844615,338.56116600363947,316.13117016278017,232.16953436113562,331.3573417420164,330.3275984985834,336.03617726657467,229.17952446050003,181.19434123177848,237.8192938135302,250.07545072018618,328.4460101845967,169.47046494741673,280.05465128968535,332.8168429418742,294.66144018225515,145.68937076348632,219.41720655789675,349.5718882236609,320.9526603607314,143.02472656308063,312.96391737163293,342.0439165735956,343.5083692448497,263.53191777123664,303.12054970418814,345.6508868003333,249.4068801808167,310.9502418845169
1610555606.68LaSQbm9EHAFycEfFtEqAwYqlBsQPjIRW,319.0423263536422,172.6739355621316,319.99705725510313,0.0,308.11184291456726,296.30485661976235,330.51178048917956,323.77752257496974,310.4419860183369,309.46783081885764,181.1606170987343,255.41084336297115,230.33877327941101,331.1272122962242,218.70260471659213,264.1343668267533,180.30276797573276,188.17991483431425,325.20870521160623,278.10103061312054,253.42871805760416,199.67581083474317,301.7606019750026,328.1383735090145,303.301171097642,297.10878932771396,298.3809769448568,214.7386989268589,161.60707500477727,307.6366115938779,224.00883073263756,309.9610389191586,281.0389822691185,255.62151284193868,264.69030762123145,188.3723359736436,256.5754970118874,247.2175524652243,173.72848047919544,274.96481971277404,184.2061537473056,158.98616440500595,259.5075845585465,200.0170166390724,167.26463182551072,171.27916286475326,299.69523437221653,300.98062262069885,317.02332404682807,269.0463412776135,253.1476530818772,293.5864167751408,212.79114263971704,213.51829357257773,274.33387914480534,293.3805882408483,303.26172292052104,307.8615214501038,258.87748393470764,300.3338330639548,194.12346509402934,207.65803812808295,229.40286057417072,224.6425797630613,257.90642521585744,214.67127178899824,275.89229353446933,189.46988717470524
1610555617.19EKxMEwDHfXiEJZc27TsGoERaD6Da4BZU,136.88368832486552,323.09109269354065,133.2311001409892,308.11184291456726,0.0,223.58334122437415,145.79978144656963,140.81705005724362,112.89394427005067,211.82835125249866,336.884874228537,306.8340572681233,346.80676129880214,157.5809278520033,304.3755585501618,299.3742539843179,334.38484248097535,336.5151560889363,153.36803299675623,295.3493714300592,295.68279769400584,331.52583143364683,80.61490590508029,142.61663485103188,182.24125942195099,195.75903884974082,79.74498971540933,321.13002326378086,314.1619577875833,155.8750672452956,267.34159445091115,151.15987515806162,295.8936440484772,297.83102095537936,299.62400532359396,316.1633110256542,261.40342759537435,296.8620399661081,298.18623494926095,248.79442071253322,278.19185329481064,314.82031162205624,214.9432954184018,316.87363393921606,313.36331163431464,335.3526595594604,182.00795295638693,211.1555908758409,192.5017650847309,185.34724176583032,328.0866973825876,106.67367792873392,290.78003594516724,316.7954246726995,255.54441984477444,128.21691992570487,251.7834341155053,313.9608521104059,325.35432631080823,189.0584325944638,336.1695629695648,339.7361143727876,294.07284768110225,285.0563446160258,256.82795869284917,343.1080553238516,269.0423852572698,332.89325983479654
1610555722.52PJ3FD50MGhRXyUD28vluU8Z9UjLJLZn4,208.5509417236725,291.01689625502354,208.80115716350124,296.30485661976235,223.58334122437415,0.0,209.17138955687545,216.23680056972177,220.56965878991767,270.320709062949,296.20677828613896,292.2070383570768,299.3950287504678,213.27264717165698,319.13589382279537,309.56111051413217,294.5244396098521,298.9188455316374,199.73551899424814,309.2746405204473,291.6393335437932,300.0714232909174,227.71372831317478,217.60579039553983,251.8083617918385,101.40871707252951,212.95343132387856,280.4348315721941,316.75138415075673,213.59726395038678,319.02197199070986,201.9147306755233,331.7233155453103,332.25980598242086,337.21004596828,317.1928458586902,303.6887794415613,335.03889050429945,322.78443399033944,256.9151911835774,322.39660607980676,304.6327230811757,249.614084635873,265.95828277351944,304.8209570129953,298.1797026590094,179.50687989008088,184.83564232651435,255.86675824586186,265.01697911255616,292.3116091677312,196.18428949655583,251.94213297462966,309.69068351033593,327.07927636579694,212.64950750103813,256.3245355227114,293.04622542991655,288.74051418430537,198.71940826689394,296.9125380882256,308.2683289977945,334.7927942122829,255.58323574233572,302.9641822800654,313.92737663725563,266.040543085672,295.7066367039122
1610555617.52Ijr5puT55g9apK8auM7zaxa3NANg502t,67.64153106177527,333.54345583327404,70.82909503464876,330.51178048917956,145.79978144656963,209.17138955687545,0.0,74.04916552087761,117.52342437815635,278.2436421233928,336.8528632777681,355.29009672599796,359.29923697519774,68.67164081132299,329.30424781715317,354.6470151134222,334.50188082707024,336.50170521211675,90.3153076943904,350.12706438588816,355.712162551397,331.4022774992392,177.202483372497,61.28994794884759,244.13078104424085,169.77661291096246,173.7954154970766,344.14092644696524,350.30973879538345,101.55470639249484,336.3716470151281,89.49642418374127,363.60167435510215,364.1683188601508,352.23314020909675,340.56172510396397,327.21957925101134,364.2232741309127,326.5864587542372,256.5282676022707,347.70098874432824,332.1118142150157,246.50925551035672,345.91607195296746,336.4793090836724,335.45051452456255,245.7162978282219,190.8303941591671,253.5213183523586,263.2056487964985,348.600734753187,184.2871268587486,289.18830009379076,352.761163317996,310.4798616931533,168.49351398468627,226.19249359599064,363.71733390708374,340.35067769094223,147.24318837669384,326.3194754212457,340.0278852688385,357.1811151312757,266.8379070407708,317.4362216655752,343.4238076991701,253.53679175048848,322.56344775497865
1610555638.77ZLjTLkz4jYJdFMI2wWBztzsDILkoOtAk,38.14129011857411,336.1343269242189,38.475749277454184,323.77752257496974,140.81705005724362,216.23680056972177,74.04916552087761,0.0,82.7131574177755,263.32055257383195,341.95861198382283,340.1334855896163,355.6230213260416,58.3853383639618,324.4386843546709,341.2121627046997,338.65413322100943,340.9723392218663,121.27837395139261,334.1917214006793,340.96975126210884,336.63502115754693,172.16293066985025,30.642842064888935,234.6565874204839,182.76630736843558,170.42381690119865,326.7435501952973,343.6319158845547,129.59706973581535,328.55673897270054,109.29438279140842,350.70638489718255,351.6398694522809,339.02396628833293,324.4375192224041,318.35750795712477,352.93766112538674,310.556232895792,256.4437395682331,341.00042730301567,320.03207564047415,231.81982842734422,334.24496383567043,334.0178234906724,339.4770415068443,235.9086221352638,190.3097422514273,241.86441397883763,251.42183177761922,330.6284609707626,175.37399969452636,286.0248517397365,334.3561198183365,295.4720174467944,156.477847570221,225.07262048234173,351.7326382101754,323.4192324359434,156.4694200018652,315.6012893314309,345.63691527880815,346.6043279224989,273.18903418360077,309.1540016169557,349.1788064678887,252.261767726158,314.093493949697
1610556912.46C7tJPLF0XfNnm8f1820X9aLmXMHoc0Dw,83.90617649815005,335.03392110074884,76.58660791351102,310.4419860183369,112.89394427005067,220.56965878991767,117.52342437815635,82.7131574177755,0.0,249.9600248488816,340.414441272333,322.2256342663174,357.09262560421627,114.13870265408153,303.8034668408058,326.96920788091256,337.4498525897209,339.24986805287165,144.06555903718058,321.6216938466817,323.7066330495533,334.7459108290994,153.391832762649,90.88637070893255,216.45816621771317,191.8285967153455,156.91174422881096,305.453520719742,314.97232077951173,149.83640751785387,309.4414810617593,129.03276969154572,332.71215202361435,333.4337926347031,322.6945297480038,299.8466813897328,301.68254841843304,333.9694433443304,285.43895744677724,252.3007908971707,318.2303843073195,301.55736631803825,209.89557533506337,311.8022784349129,314.7064791169653,337.591333340626,213.97785521312096,199.00378080320363,232.30921663769453,231.48707574835535,314.34808357390483,156.79495927712225,287.23281589135223,308.23149691856804,282.7695976505609,110.31359111940804,232.6365599852707,339.8198990716481,309.2999654184288,165.49107579769137,319.0397040905487,344.3303691812866,326.8997673533358,271.190927877463,290.8589934424617,348.21720992394455,261.84750891565784,316.85784619737774
1610555617.51LjzIROg0aeCP2GhDcAVQ0LipKJB9jmKc,261.3827273581362,297.4622469481753,259.60755151998694,309.46783081885764,211.82835125249866,270.320709062949,278.2436421233928,263.32055257383195,249.9600248488816,0.0,346.8600227483706,242.23422248343698,299.92364668271273,278.9434250203734,326.43964159165535,213.4924174306216,343.7953672666588,347.11166710198256,282.083444156077,207.27973088979545,275.5045841226353,342.4514077964735,199.78179357837905,269.0177282695005,136.76220943444721,288.3376755803287,206.43660649642848,311.6023071329528,320.50408374116785,271.9693260489585,189.39704382554035,276.2154820416353,149.20514107083423,214.86352659622196,214.3485930403239,324.17618994651133,209.50115177772236,205.5752093298826,285.81185225728757,233.46706259076268,281.00628155798637,323.3512607649542,272.0544600244356,326.0727802348317,329.7430513231212,341.1414622416879,208.43550462087615,216.75742191689383,54.537148128396346,222.96172629934512,265.36697886380233,204.425908929403,324.6228757832759,321.15034491467867,189.73550730549718,250.3167920565598,238.39468926650025,190.58243237345317,265.8334897242952,282.72509042779546,335.50139819402284,351.0254198598446,204.82421809552915,329.6809205726064,189.5591500649875,353.676772130776,247.68419594524104,334.42493634160263
1610555608.17OpjjHobqRkX0UPcaXrbu7K6L3805SZri,334.8275937492237,224.52924685651345,338.40450810377365,181.1606170987343,336.884874228537,296.20677828613896,336.8528632777681,341.95861198382283,340.414441272333,346.8600227483706,0.0,287.28289830142126,292.7198062634231,339.9779684698206,216.92161130418702,309.96553035240345,48.43286371901632,92.89879830200321,319.6855891813303,323.2022597565928,282.17351846476043,116.92958165959396,342.8474012010023,344.5954181825195,333.2562617810852,294.95552127961815,325.61343028269033,249.7455832133696,206.73001781337626,337.81431907078115,294.0535316187102,309.17581294721816,340.4776644005857,308.4237604170158,298.9917469163755,223.46410830878648,302.590955191535,308.855427897417,256.5057840131256,269.95070249445877,245.3910196896627,165.40514443694104,274.19940432440944,213.00808505981672,131.23858507071952,125.31726315436418,324.61655392891873,310.3094677425144,350.5352414425345,287.39859159949185,288.58735698209625,312.30822954647334,239.68332693013684,239.4388948262608,321.64922134536346,320.07284385470183,305.72766570295227,330.92369540571787,292.96173815782345,299.9867920537116,165.85013891580442,126.01820504581897,300.02331129928393,205.19742072442074,320.12777482077774,117.45018315997685,271.79491788721816,161.57720579547467
1610555721.82zWeNZfGUUfRJkgnAwlP8VMhPzXctnSd4,338.96458970307407,315.7210808483922,337.70410632053296,255.41084336297115,306.8340572681233,292.2070383570768,355.29009672599796,340.1334855896163,322.2256342663174,242.23422248343698,287.28289830142126,0.0,322.55574847672113,353.5927034811829,262.19311167674925,90.8942823859437,286.0291011284271,292.08646328367,359.51094176576385,103.50866863336405,120.76157849204968,296.51175309483455,307.75929739499134,344.09768013520426,253.49707244863836,294.76251545402414,289.9169590290831,145.6761676084045,241.39325123091885,360.56610699705976,194.0741733145066,352.20875488912446,220.67398657923215,168.9185147742953,150.42312678501955,223.91988100749546,142.12983248370728,167.86657055629956,277.17739449226184,261.8446991731329,219.98343683922508,227.92739275648984,278.56408814885714,182.56076249635353,259.72741039221654,296.2121000784075,216.80806449383113,267.8658361407251,257.8898679930819,244.90119500236537,111.99159837957241,276.9824606293498,302.6441869486121,241.75478154846022,180.29674126036056,320.1563538550084,294.24279188290393,142.80914072520724,123.56427132023116,346.67019017280177,279.32995702166295,285.8143884143394,163.98306321347948,302.45866755279155,196.14101679160817,287.73020861904973,260.0055312884422,279.4475850763716
1610555735.75bom85BDF0C7W2eIseHeMxi24qR68nzMi,352.2481922001343,183.78886938987296,353.7428273003808,230.33877327941101,346.80676129880214,299.3950287504678,359.29923697519774,355.6230213260416,357.09262560421627,299.92364668271273,292.7198062634231,322.55574847672113,0.0,361.007552505689,299.5709766426915,315.5126640437044,292.20788506021586,295.09313877315384,361.9816638683739,316.2920823011327,323.1692436780913,302.71952256876654,329.72341430393993,356.66528476393756,345.505922423962,332.61013211187185,329.23700294160045,315.97132640783843,277.7750827836947,328.1988870469424,276.3317850428084,359.16327719727093,241.832908901455,294.7462272314968,324.69256851354004,316.18988250302294,303.87272591301695,288.7486593630319,279.23270185560426,318.22928782851045,276.56500931910483,304.2513796879042,315.92137229365557,312.87957593519224,302.8309453242263,280.7967737308736,332.5412717530686,332.8196721979094,302.124485522006,324.92072467293366,326.8350392401036,321.407396174535,271.6869493413527,308.45786943458063,318.170259392433,349.3867007043002,356.6954151021576,301.09550428438104,325.1531408872634,357.0553270335765,302.3324250038136,283.13729725202484,288.9430805092651,325.5226005096842,298.45783065615296,293.17242501449437,321.1279638461986,303.1274232218868
1610555735.77NnT5xqKnwcf2BbjIekeb2arTQj6QMNwk,62.13277483718164,335.6797621805569,65.92794684336255,331.1272122962242,157.5809278520033,213.27264717165698,68.67164081132299,58.3853383639618,114.13870265408153,278.9434250203734,339.9779684698206,353.5927034811829,361.007552505689,0.0,336.876942661256,353.6444645226066,337.22270934451234,338.7157949940269,107.15026323762766,347.6706802980924,353.46067102319677,334.465609377417,186.45748123396018,62.340156670736036,241.8625154244727,177.96025484401235,182.72607816106319,340.56987621964885,353.70454457896375,130.19785931770377,339.1796863419964,102.04082089206683,365.01220800887074,365.70452823189646,350.60667476692123,336.72781884439814,333.7256777580031,366.26042400479344,323.1468313532287,265.8591741586062,351.7266262598176,329.27598281641,255.80042632166538,344.9024997944331,338.5297506676184,337.41447482844086,245.25978055678266,192.17008920219322,256.61622544278464,267.57426031047885,344.5591019142346,190.33782785448665,284.4228520901079,348.64361334266255,314.2563000603747,170.17147529625575,222.30957448889544,363.049315599931,336.244888046411,144.1081915366667,320.19821704400385,342.3008119069666,358.941712208773,264.0198633679902,317.26448254541015,345.75150301865165,258.93881157708,317.4411995178642
1610555638.33wjf1PhdNaoWfbRzXVn50hmFyB5bYAiLV,324.9335925909739,293.8701445718878,325.0866968242558,218.70260471659213,304.3755585501618,319.13589382279537,329.30424781715317,324.4386843546709,303.8034668408058,326.43964159165535,216.92161130418702,262.19311167674925,299.5709766426915,336.876942661256,0.0,283.15807038935253,218.88689416378554,241.5178521155208,333.6855654121268,291.9320627493985,260.15643823610435,215.6797992462308,323.8724470713877,324.66459057397395,322.96418949466823,317.4834321287671,304.8058722187456,230.73117707509056,164.00727556564297,335.0275770949832,251.14043201227537,331.6316252825118,303.2218382846326,271.1637603044336,263.71985489542516,200.90940150985537,256.3938289200685,270.5801285084742,265.87946182497353,262.4872550784283,196.16311960103323,189.15995417669146,207.22124264808213,220.38626694405943,180.11909548409224,260.4578419098345,289.41883686959005,324.49300040869167,332.4600151790838,259.7783470416012,273.1938579001733,288.969375271183,305.3314145584982,226.52735629480193,281.9816310872078,299.45931566660624,324.1207953535163,313.4488525389138,275.1295785257775,326.47496444081673,281.18560160107285,221.76969038213903,260.3935058685287,289.38577474632046,294.6056956453602,211.7471866154589,289.3723888840616,277.06343658317616
1610555606.65jCE4ig8Pu8kvAzkxnSGfWsV0nQBjCf8H,339.38654281191515,314.4388668481119,338.5282289249314,264.1343668267533,299.3742539843179,309.56111051413217,354.6470151134222,341.2121627046997,326.96920788091256,213.4924174306216,309.96553035240345,90.8942823859437,315.5126640437044,353.6444645226066,283.15807038935253,0.0,308.9700124859175,316.27275860984184,361.89136459527276,60.03753362931234,157.72054295475343,318.20225539193865,298.37297114992094,344.4978374515667,236.26259198938098,311.9789499120233,281.50474284356955,199.0134820051811,270.5289044286223,358.00245873241096,157.31878688235557,353.6803477929352,187.032852933845,134.70976224509013,125.09142820247696,254.65008471483853,114.36762242526659,132.65248598159877,289.0119051877822,263.1267902163653,212.7518991884949,261.44069520481855,296.4293553025665,235.84170066453834,289.7444324908268,318.4841532791198,223.7042442187386,264.83818338323005,233.09560830420438,251.43911382194568,145.84754271226126,280.65500083116166,305.31008871853294,280.8669442161355,145.83657185179948,331.26023627575177,286.13689427228996,135.8061956750101,151.7804079652401,348.7939206259963,300.95839930822154,309.47145418782696,130.60491011995123,316.20065842704594,161.80069547528768,310.3495811111963,260.02796790061916,299.3462490706068
1610555608.18ONsBCVo1i7BrX0XG9stct4oiA6ejX9Oz,331.6821041528827,224.06555431369898,335.24086830521776,180.30276797573276,334.38484248097535,294.5244396098521,334.50188082707024,338.65413322100943,337.4498525897209,343.7953672666588,48.43286371901632,286.0291011284271,292.20788506021586,337.22270934451234,218.88689416378554,308.9700124859175,0.0,88.38902069073897,317.8937087433297,321.1708702079901,280.3178662463098,120.70793675716232,339.9978753842507,341.45351058180717,330.58514477050744,293.1230652166314,323.4628816571886,248.65501891569548,208.868872164163,335.47181159804427,293.71320570465406,306.7510722881671,338.7248028677479,306.4635141796138,299.1268189944844,224.45167205876822,302.15569433834736,307.8289263138062,254.25769175812363,271.76031554887703,245.46465446597784,163.90752759526507,276.11495001170863,210.6345452228705,128.25707273036795,127.52577039017388,322.7931191157483,308.0536546559475,347.50771603619484,286.7130253541542,287.040458620722,310.2161121316266,235.15178498717108,238.62673001210473,320.07099443873057,317.31406778258514,302.88234348905934,329.065617935802,290.99868881460014,298.1279227795399,160.69049793930927,124.34957425775823,299.53961659718755,203.2195171237634,318.32207601785876,122.69107843870397,271.65564881566354,158.39965756851473
1610555721.51RNoQUMP19FTMS79BmA3JkgSm2IC2AQuQ,333.5542198524506,207.63402940043355,337.5085244976235,188.17991483431425,336.5151560889363,298.9188455316374,336.50170521211675,340.9723392218663,339.24986805287165,347.11166710198256,92.89879830200321,292.08646328367,295.09313877315384,338.7157949940269,241.5178521155208,316.27275860984184,88.38902069073897,0.0,317.6012342935788,327.63418060116476,287.84065408591744,124.46284895758383,341.90984070744935,344.1236638457448,331.60442207700794,297.9949445958132,328.33631099944836,255.95029348513918,220.25375637716232,337.2014170286806,302.3098311244013,304.37035909128673,341.9495307574124,316.5144836051492,308.66068122333377,232.5683185278818,310.7969691425563,316.40102073678685,243.2167495888465,285.93142784401346,256.7359415846209,176.9559416220783,296.58348878976403,213.23997757627623,116.05875695134955,81.44093875554107,329.23774813707627,312.8586868368951,351.1890181420977,290.24627857230723,291.0273867303036,315.1562112628002,234.72676658291454,231.05051722964447,327.3147384817878,315.04104856402176,299.7950370636901,333.3883533193539,296.4102721435144,293.6930311357975,144.4707663178657,110.65004740255924,308.8875896338615,191.02554606245064,324.9241372173388,147.88285753465536,281.27514725873823,138.97666543067152
1610555971.86O0cHB2ibBJ8jxoObg01EpGe8VVV5mpwn,116.52200423331932,319.83432237060606,120.6427393860519,325.20870521160623,153.36803299675623,199.73551899424814,90.3153076943904,121.27837395139261,144.06555903718058,282.083444156077,319.6855891813303,359.51094176576385,361.9816638683739,107.15026323762766,333.6855654121268,361.89136459527276,317.8937087433297,317.6012342935788,0.0,360.8634929849495,359.3328481403926,314.7556011282736,177.34384040896487,117.70695409729848,246.35180451434695,155.05530555826812,171.88579628153917,349.1472633944676,341.5077570323596,120.76477610262161,336.2929671541883,96.97623016741908,366.2590722924591,365.8240656151873,361.9505682060124,343.60120707021656,329.7563514519047,365.2335666460377,325.0990053459971,249.22451167716235,344.3630451017205,330.60352003725257,247.62105383218818,337.0745923965092,319.610455659983,315.7618139032407,249.94061363388224,201.7013863441983,256.1451999728447,253.26540597981716,355.2158535862247,183.36125445444915,290.3982455430138,344.90626411490535,322.5131658110128,161.3496587343613,240.5337110510651,367.6730834376937,349.02496776808596,159.74517879444113,325.31767648126083,325.40083635777256,360.00658593586445,263.9371956489334,325.2190159132525,329.3023874843761,255.71357785453395,320.6390322306274
1610556911.51zU3duZSGpcw1BDNsBLxdOCITAXwl6z3i,332.98053213896463,320.58990301683167,332.362775541438,278.10103061312054,295.3493714300592,309.2746405204473,350.12706438588816,334.1917214006793,321.6216938466817,207.27973088979545,323.2022597565928,103.50866863336405,316.2920823011327,347.6706802980924,291.9320627493985,60.03753362931234,321.1708702079901,327.63418060116476,360.8634929849495,0.0,167.09481024410186,327.7686572366313,293.5139369688723,337.5482877316073,233.35486324424966,312.49786198248535,279.664729807598,212.44221262698147,287.5240742599976,354.0768572634837,165.23222944426848,351.5716566858928,182.64024296444882,147.9092049178293,142.4909622735252,273.60925659324545,119.67093005024441,147.39757625996828,296.4645418779472,270.7485518321649,228.38443777792884,279.04056609189934,301.82628959878593,244.03947592994678,302.7145676927253,329.0225757594715,219.59799084316734,263.3198463874895,227.32378873766677,258.91546797612074,153.4884791247438,279.32441672086816,308.8295028428242,286.34121307252354,149.66011945209036,327.56105622994005,283.22651975815177,131.85047406553392,157.93868402054548,348.3351141494254,310.30849316297264,322.55057508790844,147.94995877983817,325.5191226727687,165.1850714680266,323.8497709830359,268.5724078879629,310.11351910950174
1610555988.71dMoYT8250UHHJGxgmITTmbHe7V6gH1yU,339.6377147105951,314.94505819346335,338.50161777810035,253.42871805760416,295.68279769400584,291.6393335437932,355.712162551397,340.96975126210884,323.7066330495533,275.5045841226353,282.17351846476043,120.76157849204968,323.1692436780913,353.46067102319677,260.15643823610435,157.72054295475343,280.3178662463098,287.84065408591744,359.3328481403926,167.09481024410186,0.0,293.5338603003171,292.841730463484,344.98090559404466,280.4238222207595,294.11453381168945,273.2242423399129,164.64579456411178,238.91677464644653,361.04546893946093,230.73492001205688,351.8877196146014,255.87880419616485,207.3495365584505,195.30265043693072,221.85519835174432,182.44706072685565,208.44619608114604,278.97173180153294,307.9366172773201,195.14256402134055,224.10554759386133,278.04094007220203,177.05402530275686,255.49736535361833,292.9656966494036,217.71260922798174,313.52380956264494,288.5999514477699,222.10990293577456,203.45238627003494,260.5832196146701,302.46975120478294,238.02043094359155,225.20721598103427,319.5131329793931,341.62672310724344,190.16900311210404,211.87602444108214,346.06840055645586,276.3475831965649,280.7451067205852,208.05028504679672,301.6173582079046,236.84398973289944,283.0670224143763,309.2213460867903,276.6377664741931
1610556042.81mlUZsSp7gbGjrp8jQSnybT1gPy6e62o1,328.80846441440906,224.9996294434752,332.91652672132574,199.67581083474317,331.52583143364683,300.0714232909174,331.4022774992392,336.63502115754693,334.7459108290994,342.4514077964735,116.92958165959396,296.51175309483455,302.71952256876654,334.465609377417,215.6797992462308,318.20225539193865,120.70793675716232,124.46284895758383,314.7556011282736,327.7686572366313,293.5338603003171,0.0,338.02769090528705,339.5113435824875,328.7667618608429,300.36773564618716,325.62639637930647,268.61955210687677,234.6764414296239,332.23162971505843,301.2602342927299,299.7083860560733,341.1302605875633,320.8827512113011,308.26180348943404,246.9400400595288,310.3368320929182,319.5330051597564,253.9881031131645,283.491772238863,263.69375483077107,198.9145435878513,287.029669257391,232.04941407686925,139.09488899513494,140.7121124569658,328.05192213057427,311.2447069411115,346.8440962351273,295.78095557483124,297.11606428838815,315.336090107659,247.97512938143134,230.26892920102162,326.4103820922943,315.51556965270265,297.791834030262,334.167419170482,302.9819477265407,290.73938839738577,179.92167503033633,169.5626407171633,309.3680973450508,206.74442905678342,324.18629218811054,175.05777272705535,285.4039792990938,172.83065447106776
1610555637.02UBW5nKvDyUrKnaWcYRGajZPxTRDS0q3N,167.6401329577569,310.92161500563066,164.4215690307762,301.7606019750026,80.61490590508029,227.71372831317478,177.202483372497,172.16293066985025,153.391832762649,199.78179357837905,342.8474012010023,307.75929739499134,329.72341430393993,186.45748123396018,323.8724470713877,298.37297114992094,339.9978753842507,341.90984070744935,177.34384040896487,293.5139369688723,292.841730463484,338.02769090528705,0.0,174.3811621727959,167.17925992333463,205.31143189291245,88.4340688564392,331.69816634624345,315.02185841535623,152.38921992963716,258.1255719620246,177.55943813031988,279.01705930167395,293.1010716629689,301.78015126455125,329.9796150059303,265.1737246998419,285.1901834917589,293.3495811706564,263.9953699385244,284.2562855565836,327.3236930630218,235.3311743413344,324.62016470336886,324.31994592251584,331.0126212546934,180.43926943731077,221.095466467867,179.0447690510409,191.96152302100157,335.3907654176097,115.41015554868368,290.5556618911019,318.07856957674846,260.77616005991,140.53559382557717,264.6760928984666,309.91574100036155,333.3603743697663,207.56322529580711,338.8658104151856,346.9017286989527,284.07321304091414,294.97758693836715,244.4371095759212,350.6642334268623,283.1520921531057,337.3178888419837
1610555619.13oUYNikU4facCTpUSiSLr0vPI0tJLnXiT,40.94208250422609,338.7809041898954,43.79083523258773,328.1383735090145,142.61663485103188,217.60579039553983,61.28994794884759,30.642842064888935,90.88637070893255,269.0177282695005,344.5954181825195,344.09768013520426,356.66528476393756,62.340156670736036,324.66459057397395,344.4978374515667,341.45351058180717,344.1236638457448,117.70695409729848,337.5482877316073,344.98090559404466,339.5113435824875,174.3811621727959,0.0,240.205573869672,182.1320488483235,172.02405996075566,331.62756727469565,346.651278955182,122.35847846283839,331.56932036395636,110.13795389341715,353.7539037286784,354.71019417519875,342.39884927824147,329.118814715026,319.65951393784326,355.83466669765414,317.110797402808,259.6216899051827,343.1041217480217,324.88384403327035,236.956781095858,339.1672207963266,338.0360013524207,343.05361725168063,239.25816456261205,192.16156647944885,246.4352359796188,257.32126622490586,335.5629214085187,178.64883897723053,287.19269335093173,340.69189249171245,297.47694762286824,162.74784794113077,226.73930309947244,354.80146459458865,327.43756316535126,159.7008783827901,321.8434121102516,346.79450769782176,349.47564869877397,273.6428066412179,309.7581940938134,349.84183328017826,254.73152720328957,320.0367177563742
1610555721.03nzkucfjAUh31zTbmCVvTVYqtjoxZFnBh,229.40579844451617,317.6199093741874,226.45286769312014,303.301171097642,182.24125942195099,251.8083617918385,244.13078104424085,234.6565874204839,216.45816621771317,136.76220943444721,333.2562617810852,253.49707244863836,345.505922423962,241.8625154244727,322.96418949466823,236.26259198938098,330.58514477050744,331.60442207700794,246.35180451434695,233.35486324424966,280.4238222207595,328.7667618608429,167.17925992333463,240.205573869672,0.0,254.3659408330984,188.56100420858635,308.56767748722075,312.28825110242593,236.9658291099923,207.91355541788056,234.82681573740726,229.78120069902207,243.81773170063565,229.64288099550458,315.8682940308643,244.98884313468835,231.71327568446586,284.16003031959076,243.66003522647435,289.8847737363486,311.93869598767435,276.91721440932804,318.048931181772,315.2550805735354,322.28523792256874,163.7137097955618,183.42002027504878,139.51982786793602,231.6314472957415,272.09314576972315,192.2474896996638,298.71767274010466,315.26017775668635,232.67340250538604,198.72069118288,185.30891063351456,249.34363486951514,270.67377888838723,217.47474016286034,321.46002158395635,338.97465429381487,225.84283111681867,282.56394293111265,181.59287425362936,343.865285190024,258.1810308538607,319.0409180920512
1610555722.67fhKURdXVzRbLIjXmjRwdJHTnE7PWb1AE,175.34657041600403,317.0766154289706,176.05121959078414,297.10878932771396,195.75903884974082,101.40871707252951,169.77661291096246,182.76630736843558,191.8285967153455,288.3376755803287,294.95552127961815,294.76251545402414,332.61013211187185,177.96025484401235,317.4834321287671,311.9789499120233,293.1230652166314,297.9949445958132,155.05530555826812,312.49786198248535,294.11453381168945,300.36773564618716,205.31143189291245,182.1320488483235,254.3659408330984,0.0,182.73289887138432,281.06237265976296,313.2351828098693,178.994994806362,318.8405531992748,168.01831781553895,355.3929820833321,335.14358836263693,337.42316159676886,313.99661568777145,292.7045924996667,337.2669145351709,332.62709090428905,234.15812352758022,320.4403308935929,301.3317131076888,228.82597474790427,268.26054776553156,301.81089894584954,298.7571721514145,186.47651585435526,167.79037356772864,267.19783870729725,242.71667194879376,295.4010448819515,178.3317440883023,254.38871516258857,312.2095743779721,312.0563407486313,193.694683399132,257.7385665438281,322.42358385707865,290.34160179668714,193.9124525426995,300.211672881412,302.44725803795825,335.5236156963595,253.0904195450777,303.0783666862229,306.773665480132,239.4698882633374,298.7494069391947
1610555638.39J2ZWBLuLTHP0jOlzB4tNHmYeijH5g5YJ,166.64280198799688,320.7355780863285,164.10785146767302,298.3809769448568,79.74498971540933,212.95343132387856,173.7954154970766,170.42381690119865,156.91174422881096,206.43660649642848,325.61343028269033,289.9169590290831,329.23700294160045,182.72607816106319,304.8058722187456,281.50474284356955,323.4628816571886,328.33631099944836,171.88579628153917,279.664729807598,273.2242423399129,325.62639637930647,88.4340688564392,172.02405996075566,188.56100420858635,182.73289887138432,0.0,315.42002624516743,306.3047663440517,177.81077818593565,248.0290841881311,180.19166517896576,283.02724264198974,274.6142141841618,281.5194991494521,311.47743122195016,239.3662749943502,274.1402782512876,313.97913695941185,232.23212921158841,258.82505102646104,309.06583451458556,204.2058108337612,310.4023568036866,310.08960766340647,328.50674605453906,167.64612742030312,204.66590972598033,186.0710464841003,150.7047965011062,323.0951458417288,73.86478615326368,280.5995117172893,309.4059597059337,239.67747156997174,165.08990481354056,272.13148475656084,300.2481248366101,321.08577907517366,216.87258639601546,330.729620486427,327.96768009705846,274.4413820539805,291.15214086935987,241.6470102309013,329.92795352190035,250.92832840477777,328.88531668268604
1610556032.17Q6yCDx9g7alRnL9jBFXD2JhhUyB2hKfJ,325.35181229856346,293.9262460238343,323.6028065661871,214.7386989268589,321.13002326378086,280.4348315721941,344.14092644696524,326.7435501952973,305.453520719742,311.6023071329528,249.7455832133696,145.6761676084045,315.97132640783843,340.56987621964885,230.73117707509056,199.0134820051811,248.65501891569548,255.95029348513918,349.1472633944676,212.44221262698147,164.64579456411178,268.61955210687677,331.69816634624345,331.62756727469565,308.56767748722075,281.06237265976296,315.42002624516743,0.0,194.99876795286178,352.59890173335214,263.09446512295506,337.3616988003099,297.6302091355006,248.1517426342713,233.25402768147052,155.2314873505366,228.08056023088287,253.01503600237137,232.241816650164,278.2397489632189,230.3404539606539,155.52826757766562,257.0142549356894,113.13849111870255,212.78723098959745,263.2283634011437,256.7177771748164,290.4049621011477,320.6648589203911,268.6404087682161,132.8782892589242,297.60651560112973,279.92988467515175,206.29931074980615,255.27933052141717,303.9502223914669,308.60138826027355,235.5397852654072,136.1074150972093,327.0319585049515,234.59398179208847,245.49814819790726,241.86045985419148,265.20939748809883,271.06942251568154,246.3313777667296,271.6408035602274,234.28335627086344
