,1610555604.25mOvVXuL01OCiReyVWBfesjuvXmB3MoPy,1610555605.43B6oDsBtWRQ29Q9UMQuTUEPZy3FSSWXzc,1610555610.92HPGJJSmyPM40z7otPBgHalNrHFA7zk5d,1610555606.68LaSQbm9EHAFycEfFtEqAwYqlBsQPjIRW,1610555617.19EKxMEwDHfXiEJZc27TsGoERaD6Da4BZU,1610555722.52PJ3FD50MGhRXyUD28vluU8Z9UjLJLZn4,1610555617.52Ijr5puT55g9apK8auM7zaxa3NANg502t,1610555638.77ZLjTLkz4jYJdFMI2wWBztzsDILkoOtAk,1610556912.46C7tJPLF0XfNnm8f1820X9aLmXMHoc0Dw,1610555617.51LjzIROg0aeCP2GhDcAVQ0LipKJB9jmKc,1610555608.17OpjjHobqRkX0UPcaXrbu7K6L3805SZri,1610555721.82zWeNZfGUUfRJkgnAwlP8VMhPzXctnSd4,1610555735.75bom85BDF0C7W2eIseHeMxi24qR68nzMi,1610555735.77NnT5xqKnwcf2BbjIekeb2arTQj6QMNwk,1610555638.33wjf1PhdNaoWfbRzXVn50hmFyB5bYAiLV,1610555606.65jCE4ig8Pu8kvAzkxnSGfWsV0nQBjCf8H,1610555608.18ONsBCVo1i7BrX0XG9stct4oiA6ejX9Oz,1610555721.51RNoQUMP19FTMS79BmA3JkgSm2IC2AQuQ,1610555971.86O0cHB2ibBJ8jxoObg01EpGe8VVV5mpwn,1610556911.51zU3duZSGpcw1BDNsBLxdOCITAXwl6z3i,1610555988.71dMoYT8250UHHJGxgmITTmbHe7V6gH1yU,1610556042.81mlUZsSp7gbGjrp8jQSnybT1gPy6e62o1,1610555637.02UBW5nKvDyUrKnaWcYRGajZPxTRDS0q3N,1610555619.13oUYNikU4facCTpUSiSLr0vPI0tJLnXiT,1610555721.03nzkucfjAUh31zTbmCVvTVYqtjoxZFnBh,1610555722.67fhKURdXVzRbLIjXmjRwdJHTnE7PWb1AE,1610555638.39J2ZWBLuLTHP0jOlzB4tNHmYeijH5g5YJ,1610556032.17Q6yCDx9g7alRnL9jBFXD2JhhUyB2hKfJ,1610557007.49MyVgDnuUuBxrvL6SGOdhKf69VYlW1MSm,1610555638.44hjT5hbYdKoE3MB6hijrjqbjmLgvCUYKD,1610555608.13zUvmFSCRt6SsLbhqFznMEvGx54GPGQzM,1610556038.62a5C4ynd1AARyAhTv8a58NCqHvXRjscqH,1610555644.45Xse8u7pusHNsd7F3d0A32HXvXr6weOJE,1610556038.62gKXOCG7XCn55eJvyl5voNjbwOW0znQDq,1610555987.13v0oleKK97pkesp6oMgprH8SoSdoDVdIO,1610556964.96ZLLeiQW0qpmxhPGTg7K03fmzkqsC2bjC,1610555987.13VQlEedQ50VvkPMEMzZDv3KNnQCewykN9,1610555982.186TY6MMGkDecIN1woW6vsfAMXVV7jnyjO,1610555982.673LuMndkwkvdmZOn0MmE2Pkidx0FtNalb,1610555733.38zItcuH7gHNfKdALR2d9Nek6bxCyw36Vm,1610556034.15BQxSbZINGCay0yp6RBVlgcPrw76Yn9ON,1610555639.37BPZpgtGml8qUsh9AdV4m32jPLfI2aNFq,1610556965.57S0adAalhWYe6K3bkZU0bRHbqnDK8gGkR,1610555983.54zteLPCMjyrjzPdhHhlZr3faCgD0TfYr3,1610555987.79rHnNRmt9a0ufmnwCvZqBouyUoZDNpylW,1610556960.041xWER61rmArlsKfiMl4frikWmUCnQ7op,1610556035.13a7NHZDutfTMJ88qle1gTYY59Dr4WmMsj,1610556890.456ZBDaY16bMtrTZTqAgHl3wq1tRxzqDow,1610555760.24e6890pkbyZ97Or6croI1rQgjkSsR0yVt,1610556043.02YpWMIJg3W004iqlPyv8OcVAZdSC5rNYw,1610555987.03z05P26TLtONYM1HSzupoc2CeNMa6HTqr,1610556032.15OYCzUxpsz7b10AXBAuDXrvEcvxFhf0M7,1610556032.63Z80yI9pNwS3jSmsDABbuhf8wkNa2Ze9y,1610555736.28eGuESasTXdR3SqY6pHhEXWZtcdciYLCO,1610556034.61bebeZA0MkaFG2sm3VKiqrxeqQginTTW0,1610556944.5XwXOphKYT3ZkWA8gViqOS97VHVuMVUqb,1610556944.745UVLFBzf7fPh4UH37I6tYQOFPqRDytEh,1610556034.63XsUwaFaPZevO1JNFjfhvY4aKNFnV4noV,1610556964.89xwBHw9faT1HjQRMNQEyA4qJ3hWkwgj3k,1610556966.74DydzH91jtyvRyYau47JpVkZoMRSNTt01,1610555740.77UueVziDbaXyRR4OcVJIIZyzOfAzN51bj,1610556046.84e3vwjyRCzqz0wJQhrk8zsxlFfFSv98Df,1610556137.99eoPuVrDThKAOvmeprLPb2FWRqIhzUodc,1610555740.73XFwSrmTXJPlaxGZSefh0jOVA8PI3III1,1610556123.88AOfNaz9jSnqU5Czc7okOv1RCrYfKFBTo,1610556046.85nB7NvyoYQeLcOV391Lmmut1wAM8CFGLw,1610556123.89H4pdIAzDthI7bMXMhlIhKUYIQIvtmPPQ,1610555740.87GOYQUJKpkynIS2lFqppYK4b32ol7NeGh
1610555604.25mOvVXuL01OCiReyVWBfesjuvXmB3MoPy,0.0,64.50191211916854,52.574690383292946,69.21255385754905,55.55483985607277,56.840460575283636,54.78125675636599,44.84282054981831,52.41912807790087,69.06098209824935,70.78129640432878,91.18152734752243,80.80002576567637,52.070008475838506,76.59606594255976,75.13950233753276,77.92910841252736,64.34699954530359,60.69111722665021,62.128842156440676,76.74195498882197,73.28651297235578,61.395338519664136,50.98980575169269,60.24262023038754,59.94318541445399,58.288841670237005,74.16388483901689,68.51441993878285,59.690015171926646,66.65415546257438,53.23529248178963,84.24398299935892,66.97612218585365,72.18847968894774,63.424803596693394,61.080583211435126,71.24715697793839,68.5206013853427,68.44255522636675,68.84984165477866,70.77495178305173,64.21163290041983,88.14418338366454,72.84705376006552,66.48243662840937,59.9420109726614,59.04724956622908,57.859699816096274,61.98632047359216,71.34243851933356,59.95761077833446,68.47257095536649,71.25524013444509,63.80332850289156,63.07733905023873,61.16322189461559,67.22695011472214,62.31148666769596,59.622192624055366,69.16384715755774,68.63801646342525,73.9102984561932,64.73990149071207,66.07759383605865,69.65446965090739,65.68295599913473,70.83472171396475
1610555605.43B6oDsBtWRQ29Q9UMQuTUEPZy3FSSWXzc,64.50191211916854,0.0,72.9213257416663,68.10157931164663,70.53315321700978,66.89353959339336,69.77319297366179,66.8122091373266,70.09348071495427,73.61304730198188,71.26592052072331,93.9391664327152,75.56863754575963,70.0104395035752,78.58767450049962,78.13226328979437,78.40063436692857,61.50155505501285,73.30583498759049,67.27004412447279,79.77096654580313,73.02367717117238,73.29719419131041,70.86063339096275,69.14849010572863,71.56470447430777,71.1718002392621,77.20424155007288,68.95232667422809,71.60716525227444,70.26282368397548,67.40993817279792,81.62182665658767,69.74701052665982,76.95079373719457,67.2552858457959,67.0377782776747,73.11354440324061,66.12810956915118,76.87951850422861,69.5559742843409,71.02593651858041,73.04998674217207,89.8062804864424,71.19204045247267,62.821604489121626,70.19096182659541,71.1082692543956,67.00555499581685,70.89191006954736,75.94642083994526,71.83368886558635,71.7341296524977,72.40057699465567,70.60685227454819,74.06383711755807,69.63338018218332,69.51129825324814,68.49419858053245,70.19965206570218,69.33487066120563,67.56663185584866,74.97255298808957,67.82021005730265,70.5696788496928,69.04808713809867,74.89954743253251,71.2862851549326
1610555610.92HPGJJSmyPM40z7otPBgHalNrHFA7zk5d,52.574690383292946,72.9213257416663,0.0,76.64843921849332,65.71930440431309,66.00318333503526,63.34652640296779,53.04544185231825,63.04969180751259,77.61903364925087,78.2346985820927,93.93471154818516,87.59722657804379,62.62584418264567,82.79448755673373,82.79496599122915,84.8554439243963,72.81327883144262,69.3515126941646,71.2987663831949,82.65354821523091,80.93265745884158,70.25422991307427,56.93011102334765,68.89106709148597,68.52771073373626,67.81010532842552,80.0920261258458,76.68509948694934,67.6014069205076,74.90344986665882,63.69220518206982,90.7722634762351,75.07862501220812,79.04071758240167,72.21586476190342,70.13276831216389,78.94136656689341,76.480517878644,76.49808867837795,75.61553069466987,78.62335405386021,72.42387781024955,93.01117709199768,80.36000186461696,74.6819404196611,68.62838143902344,67.83971740315985,67.62048320339765,70.6808228043279,79.1643765783101,68.54990647364136,76.10312164357977,78.57359349915195,72.32091985860338,71.23298781959882,69.94108377369201,75.04400318146236,71.46593395622635,68.55807019687468,76.56393267338555,76.48289096174646,81.57875398481893,73.28498272357119,74.37872761242228,77.74242512638172,73.82445247602115,78.32745689777117
1610555606.68LaSQbm9EHAFycEfFtEqAwYqlBsQPjIRW,69.21255385754905,68.10157931164663,76.64843921849332,0.0,73.93128461991901,71.31675444698111,74.72369880917184,71.6865474538228,73.95825211366557,80.04907603161354,70.18983074933513,93.85375878676115,84.46613069065883,74.58869822698227,79.97130591716076,79.65819782630658,78.85807298068755,66.56539195834627,77.17634095538345,70.4437897766132,79.41752591432468,75.39395136027521,76.15722023283135,75.19870617941402,73.88051776275732,75.25583449791594,74.66876185570706,76.92645488361508,68.8888071870791,76.33040833883715,72.24722457792959,72.74879937569546,89.70427943404228,70.8652588767659,75.212809335582,65.43893949096669,67.18242183846986,74.50572441767059,72.3239663502884,77.94532283211768,67.78199521434273,71.58605402255301,69.64912795129855,89.23893341982256,74.04388783442633,66.5130345595894,71.82551267668018,74.28486617080175,72.66710757252615,72.52157827172746,76.90570967331293,74.33294641591652,75.385519729654,73.66696827562158,72.9176131671115,77.58826180282749,71.80219322851026,73.34961329612854,69.43932533674086,74.21923383916597,72.84433318906214,71.39260636954954,77.67523615047791,72.27214304837263,73.82951089458138,72.15429691746277,76.2119604266994,74.1807612043807
1610555617.19EKxMEwDHfXiEJZc27TsGoERaD6Da4BZU,55.55483985607277,70.53315321700978,65.71930440431309,73.93128461991901,0.0,62.93797388143118,61.57288713212648,59.401307351010225,58.38647970520793,72.88825580910323,76.09654721422358,94.20939835253034,85.53005470382632,61.768721996355694,80.81237650683647,78.43291577837233,82.72518549669284,70.27536534160441,65.74485411252988,66.64066849238485,79.92112755546991,78.09122001965241,62.27439972224606,63.33368343108495,63.66098455859239,65.57489751387233,61.36292873523098,79.15300586439243,72.19007348240517,64.59880396692344,69.81984452455113,59.777069064864214,87.00783421022506,69.79774725430968,75.62651114490566,68.4345221246706,64.20685795617965,73.80450646071165,73.19375120680711,74.32362975718151,70.90451043151951,75.52447165022535,68.28408518855412,92.07412430568405,76.40338964014482,72.47785796413426,63.078570249498135,65.62740442627604,63.135519291948675,65.2456765142576,76.60583554711785,64.00540055120007,74.09056388607125,74.67109285438899,67.97129130603578,66.08850014054251,67.39631811916577,71.18126482175543,68.71909316630901,65.43636392625335,74.50410678228927,73.20632017349294,76.60356798350062,70.5657708757237,69.55035513689339,74.11791191495361,71.60434595588077,76.71411423605737
1610555722.52PJ3FD50MGhRXyUD28vluU8Z9UjLJLZn4,56.840460575283636,66.89353959339336,66.00318333503526,71.31675444698111,62.93797388143118,0.0,63.07648783098207,59.98210163630881,62.59149473834271,73.40983424116912,71.17470198117948,92.60831213877046,81.74342288825011,62.41944263335858,79.15286597102333,77.21387405869386,78.72438472229727,66.22463894434601,60.98274322845891,65.72550982013782,77.44005385523647,74.8411904138204,64.5055160183473,64.27377248594512,63.67752531805702,51.133881804705275,63.89320237716678,75.54909116331613,70.3094900764355,65.48979391867849,70.29561138205042,61.24704743586153,87.05671560425942,69.98337755051554,75.60505198437248,66.30019791876425,64.5591988499235,74.30201688293195,72.5049339220328,71.72721553428626,71.00355617481755,72.40471668345127,67.75130562542641,88.82350249844285,74.3736407407648,67.56679625040985,60.14185170188105,63.10491105932413,63.671078475732436,66.19084473868153,73.76001525684767,64.44127788057796,70.09380195262428,72.47460102078034,69.47383311771014,63.87515138855966,66.24903789919088,68.78373294224303,64.9380817453818,61.6261349119541,70.52325256866716,69.67770169341156,77.15282083911784,66.5729295441167,70.22154390455533,70.98256310826997,69.7587351097754,72.69703983205443
1610555617.52Ijr5puT55g9apK8auM7zaxa3NANg502t,54.78125675636599,69.77319297366179,63.34652640296779,74.72369880917184,61.57288713212648,63.07648783098207,0.0,57.568670767474366,60.653594987176646,75.59584374343586,75.61434907858504,94.63222837363854,85.77350839193369,58.60718284432973,79.29648409970525,80.35135265076066,82.77959410300905,68.86480801941963,65.7594529111038,69.17972249813275,81.51877026928223,77.72956087302069,66.50793160029333,61.71769589185527,66.27626296309461,65.2464089822372,63.804485904611916,79.31262545363563,74.02890758082543,60.60044872256056,72.7859520152662,59.342703692123614,89.72858363359607,72.86642983672886,77.24163066759097,69.69709533210734,67.4589144610795,76.37310159056429,74.10764069691233,74.33701787713719,73.18430664143735,74.82349895773436,69.64240612013025,92.2648647380038,77.75759990638234,71.90437109611595,65.81447768721976,65.77001635959469,64.33575891194457,67.65767896475103,77.41563795605192,65.89940833336705,73.89542510165347,76.02074585171646,69.95824597405787,68.31197255852871,66.9861148100553,72.462912372113,69.41319793742545,64.45862218761575,73.85303738092315,72.23622780551939,78.0960186957699,68.98124773629921,70.48626675756492,73.6249659598465,71.92115292771581,75.88443821965653
1610555638.77ZLjTLkz4jYJdFMI2wWBztzsDILkoOtAk,44.84282054981831,66.8122091373266,53.04544185231825,71.6865474538228,59.401307351010225,59.98210163630881,57.568670767474366,0.0,56.432338815638595,72.13164266216542,73.0476171551687,91.14263407919906,83.01653131642699,52.13459757612146,78.63249152715751,77.92417140865862,80.19062759287469,66.86879542798616,63.063736255322446,65.14605246785212,78.26947994495217,75.39794816995011,64.42910316301763,47.12933687379208,62.98349054851033,62.84203700023893,61.20941471130362,76.23307434369124,71.1972274875976,62.22044208734576,69.61439195037714,57.13405330182214,86.56212877722974,69.60363633752566,74.49836677473517,66.0266393117297,63.89320973861518,73.5066784114522,71.01040433606558,70.7727003543367,70.80809920916572,73.5093608888985,66.5778612632681,89.5246897112647,75.25485965676737,68.88077657597923,62.48499753605788,61.858626066558976,61.1501556361875,64.55016030125505,74.2050872210222,62.57130255572612,71.28296010897942,73.53307304582549,66.63829773127527,65.87664653058948,63.61888158387953,69.58481644056971,65.41051555229002,62.36554070989998,71.67994178964372,70.99700830827751,76.36343208607192,67.98062049540485,68.911104644424,72.20791833824558,68.4103414806266,73.37548991114807
1610556912.46C7tJPLF0XfNnm8f1820X9aLmXMHoc0Dw,52.41912807790087,70.09348071495427,63.04969180751259,73.95825211366557,58.38647970520793,62.59149473834271,60.653594987176646,56.432338815638595,0.0,74.07021432389281,75.8112079477044,93.65131341108422,85.25377921905996,60.08061679840343,79.86359541740366,79.05804927395518,82.38849542333789,69.77941545293618,65.48146891023491,67.13238136966196,80.02245746824018,77.58535510811043,65.82315700923343,60.74574759751474,65.22437387002448,65.04227787835529,63.40366607204124,77.71800287324902,71.7919981119281,65.09991766151916,71.12411467184423,59.471656799254205,87.32674670123967,70.8113520406902,75.78481330325775,67.2146537025055,65.76760818011066,74.88401293884824,72.68720726898506,73.26826141453756,71.95200743680942,74.75172081252222,68.08345370699897,91.40539512626604,76.57739339244695,71.8076758256772,63.11172943522445,64.96015034420276,63.43488005183307,66.10539647855174,75.58177198583263,64.09330810490502,73.55777366875655,74.03103092625635,68.61656275292309,66.7148276607316,65.63216517944868,70.77781313101481,67.53635358614568,64.83835242511076,74.08335547978605,73.39647764072852,77.03211149896146,70.09832112970939,70.0904095769315,74.54471418994008,70.86324106899805,75.50058094537873
1610555617.51LjzIROg0aeCP2GhDcAVQ0LipKJB9jmKc,69.06098209824935,73.61304730198188,77.61903364925087,80.04907603161354,72.88825580910323,73.40983424116912,75.59584374343586,72.13164266216542,74.07021432389281,0.0,82.29723151072726,97.26088952472837,82.6599286473417,75.01210877805975,87.04769513572775,81.03490256545585,89.11448476838382,76.53531540869773,79.46763648783414,70.21781440678524,84.81319966989675,84.60385302138023,76.01647828059482,76.05838697326891,70.1501719497365,77.18505137864071,74.73363154699254,84.94033785898375,78.13678626013485,77.28049570790012,73.99204742807254,74.77430437377816,74.7536640790787,72.41086304948895,78.21047651775102,75.61107057856641,69.77066851049628,75.47472031837323,76.9455120322019,80.26122356748924,77.87292786384431,81.89453020550424,76.512360792279,97.58668824152663,82.84193105329508,78.18278119787757,72.75877638531072,73.35547071922842,62.42062506507447,74.21278184292078,80.48996544725294,74.89888264045442,81.42470481210749,81.21666335359645,73.04100651340782,77.5310317048447,73.52917606175684,72.16044831440036,72.88896966420842,76.20173680578924,81.26232676738658,80.42461551736,78.50502555694695,79.668765708334,71.52741768831031,81.73647287962451,77.8731463978952,82.76776146968406
1610555608.17OpjjHobqRkX0UPcaXrbu7K6L3805SZri,70.78129640432878,71.26592052072331,78.2346985820927,70.18983074933513,76.09654721422358,71.17470198117948,75.61434907858504,73.0476171551687,75.8112079477044,82.29723151072726,0.0,97.01876062616527,87.44182801207555,75.65131673481353,80.60985835984044,83.04277354557088,64.18731184017093,65.40617081051917,77.98476795664996,73.28982326467762,81.12485540265646,73.10402744851899,78.62313247264639,76.84132420385498,75.69867797599787,74.27045735886543,76.88399343115967,79.7990774999249,71.27821059018862,78.08324996133518,75.72886508808581,73.53378424976182,92.72621510417544,75.02856791354904,79.30299439483078,68.74182091533831,71.0072342028779,78.6762912481649,76.22739580531606,78.85782441644754,73.12364680198712,71.47315717554255,73.42486354661294,91.5278887364027,74.58476093704313,65.40389129557627,73.21338124969105,75.72619954154955,74.6152394101256,73.50431430721385,78.92887921817459,76.69678977442248,76.55672255287294,74.9038337352467,75.65322466390143,78.57404537336895,73.1759468013936,76.16736979735887,72.19139227928599,74.90772077335842,71.9231603435618,68.2097484967675,81.18273501849477,71.39699376661807,76.9658732859514,68.38014633446069,76.68552547028494,73.60590044372165
1610555721.82zWeNZfGUUfRJkgnAwlP8VMhPzXctnSd4,91.18152734752243,93.9391664327152,93.93471154818516,93.85375878676115,94.20939835253034,92.60831213877046,94.63222837363854,91.14263407919906,93.65131341108422,97.26088952472837,97.01876062616527,0.0,105.49226618233729,94.99935747613193,100.87794459153422,95.3014982153368,102.34596376115596,92.37070135484258,98.46684277330657,87.73390707403999,77.64319611060355,98.18112451434219,96.56713398204815,94.43764415164149,91.68281660672615,94.89519823792509,94.78231756618885,90.86787081886989,91.8273379242738,98.02648012090849,93.30779298584157,95.18863410981047,105.83978093769032,90.85113920214178,84.39579425923476,89.74160178839809,88.00799192504398,93.68167766364739,94.49607063244027,97.39555641644986,91.24353177997656,93.14777594785922,94.90445994737748,92.82235618872762,97.85553436401764,93.93521246424598,90.64539482261857,91.44262757737394,91.57130409819695,92.5954186153393,92.42195328040322,94.7727255049337,97.95195045243904,94.63165557728472,91.2712554169567,96.94903605382481,93.63755144329386,86.35406705104309,88.1783749337535,95.91106075168095,95.94444378238258,94.60277110243035,96.17906148771291,95.33545603146212,90.8169794322123,95.24996024022613,95.58832547333651,97.37515449608763
1610555735.75bom85BDF0C7W2eIseHeMxi24qR68nzMi,80.80002576567637,75.56863754575963,87.59722657804379,84.46613069065883,85.53005470382632,81.74342288825011,85.77350839193369,83.01653131642699,85.25377921905996,82.6599286473417,87.44182801207555,105.49226618233729,0.0,85.67789693764419,92.81602048143272,92.07778574238252,93.37471990244929,81.60009057772193,89.02630015765817,81.63225768809647,92.96193989365858,90.20509001990166,87.58828903750701,86.23871052183117,85.25251334239192,85.91885258443537,86.20061455065344,91.53206429961712,83.85203884163727,86.09850675601437,83.88266962191543,84.64192117158807,70.63106742158394,83.3473902422977,89.80534984486296,83.12930119007096,81.13281715973226,86.25980238932534,85.2373267582286,89.34307642868029,84.99862876479216,88.32427054396355,86.35296287056971,102.95081582341729,89.15311560791999,83.05997650333751,84.33268553659062,85.40129101559091,81.30456339549845,85.76826722910883,89.55493735947185,85.68345658980589,86.28196332975104,88.39509582659004,84.3772840532723,89.03851198813521,86.58931719640549,84.09375722059532,83.04250773296374,86.62722630073783,87.4316388320005,85.18151858874324,88.11562997854051,87.07771660100256,85.03894212721205,86.79953875518108,88.5159990866175,88.83409272401819
1610555735.77NnT5xqKnwcf2BbjIekeb2arTQj6QMNwk,52.070008475838506,70.0104395035752,62.62584418264567,74.58869822698227,61.768721996355694,62.41944263335858,58.60718284432973,52.13459757612146,60.08061679840343,75.01210877805975,75.65131673481353,94.99935747613193,85.67789693764419,0.0,81.04141888619442,80.1686102022194,82.33877814839549,69.04626624613562,65.0678046631147,68.56725767125742,81.40055916525827,76.06240299479072,66.61065350876103,59.489478593116125,65.50437770380859,64.86301899584338,63.920918274500316,79.41053326489103,73.99227166964104,64.08750912296571,72.80539906825689,59.3871484297375,89.48124364257531,73.06907506167668,77.08202317798853,69.05526916242175,67.01616839462353,76.40079931648258,74.1018988828499,74.25959462943308,74.32308891466855,75.19377491254677,69.41983014001912,92.82830711665284,77.45107532143705,71.44347542918307,65.09260958514672,65.29223069402072,64.97387682188534,67.54611909717887,77.0498728352223,65.71528086675036,73.26297002143288,76.41242795870521,69.91812471069106,68.19532099229696,66.18547136324823,72.88188189514999,68.75953757982091,63.92060673282519,73.17643305680758,72.53857399111342,79.22843507648754,67.96213392437585,71.73684724231744,73.45540146264992,71.42086288730269,75.16672268985214
1610555638.33wjf1PhdNaoWfbRzXVn50hmFyB5bYAiLV,76.59606594255976,78.58767450049962,82.79448755673373,79.97130591716076,80.81237650683647,79.15286597102333,79.29648409970525,78.63249152715751,79.86359541740366,87.04769513572775,80.60985835984044,100.87794459153422,92.81602048143272,81.04141888619442,0.0,86.57943735962785,87.59160690643667,75.89649459922039,84.44980050573824,78.1929320721894,87.23497736961289,81.50595823444047,84.04011159435984,81.71062385329846,81.44996183306982,81.96312263527221,80.89959112219884,84.9073323877658,76.81475663163954,82.89692375245065,79.88226675314719,81.1214674480156,95.9779781915591,79.4114254169198,83.89888555888626,74.88052222844178,75.44582372783516,82.88215926040955,82.23087038140937,84.52984576786031,75.96320966029064,76.8474563815179,77.27180509078397,97.30179285409443,80.98703548772117,78.26705105078516,78.45720023036182,81.83297166254786,80.11210522486886,78.43171700498888,84.52416702213871,81.07266325883293,84.84850723851608,78.67491897175627,80.00809698671792,83.17628677305721,80.90925223943357,81.12634581024754,77.90576227707633,80.96392653395897,78.89930363000066,75.09712758116675,84.83931351242389,78.13206672067625,82.08996092465769,75.6031676737016,83.33907575604316,82.15775783634392
1610555606.65jCE4ig8Pu8kvAzkxnSGfWsV0nQBjCf8H,75.13950233753276,78.13226328979437,82.79496599122915,79.65819782630658,78.43291577837233,77.21387405869386,80.35135265076066,77.92417140865862,79.05804927395518,81.03490256545585,83.04277354557088,95.3014982153368,92.07778574238252,80.1686102022194,86.57943735962785,0.0,89.17015012622674,78.3350533057316,84.14153020170623,68.66956103526157,82.33236659299496,85.19314938662201,80.31741422194948,80.96995343914344,76.0238558266404,80.21518801118515,79.09491195285844,82.59389104337009,77.60047277007355,82.0224072114401,74.27628580178323,79.98942230262954,91.1750231649655,71.34193316399131,75.44747911651783,73.29825482071274,70.31448082587288,69.72572181926428,80.81105544450284,82.8305039790508,75.61283412997074,80.16271050862215,78.63936864572544,95.34441392468693,82.5729528131347,79.46035938811738,75.18111364456351,77.91936982018042,73.97513006117875,76.88553857410845,78.64497661046767,79.07692285054668,83.16798342564489,80.98066042269463,72.14563890586011,82.30753331986956,78.56649646784523,71.84227147025507,71.70602550771434,80.90694519017477,81.04050272594499,80.17117708255319,74.3655277664361,80.82229715104842,74.93962758908734,81.43083627895746,80.13086762976263,82.84205149699055
1610555608.18ONsBCVo1i7BrX0XG9stct4oiA6ejX9Oz,77.92910841252736,78.40063436692857,84.8554439243963,78.85807298068755,82.72518549669284,78.72438472229727,82.77959410300905,80.19062759287469,82.38849542333789,89.11448476838382,64.18731184017093,102.34596376115596,93.37471990244929,82.33877814839549,87.59160690643667,89.17015012622674,0.0,73.4149391854585,84.85408712323384,80.10137466913939,87.99375237054531,80.52959010689908,85.36385810091507,83.62922563405328,82.26538558487074,81.38054784326928,83.7311246824854,86.11419730654481,78.02914117793888,84.92037227328856,82.51410593880752,80.58134792033238,98.40927701424538,81.99433360487409,85.96179754586028,76.4416757800404,78.83383057796523,85.16227211884394,82.71964259586755,85.46774806332242,81.19473744978286,78.71515456925019,81.59316275169128,97.71095597275051,81.08876879194838,73.9696718364356,80.20868587785512,82.49504658841282,81.2451901098506,80.53638321765376,85.69638739098193,83.72720223605165,83.10009011499872,81.78729153236905,82.4988339598466,85.39005006109663,80.72665054240976,82.87636459621798,79.32706994259212,82.28873768509546,79.39527177504117,75.82228112366855,87.62992770080844,78.48795003696569,83.4228608947645,75.89838225713807,83.28077605118419,80.43710026471894
1610555721.51RNoQUMP19FTMS79BmA3JkgSm2IC2AQuQ,64.34699954530359,61.50155505501285,72.81327883144262,66.56539195834627,70.27536534160441,66.22463894434601,68.86480801941963,66.86879542798616,69.77941545293618,76.53531540869773,65.40617081051917,92.37070135484258,81.60009057772193,69.04626624613562,75.89649459922039,78.3350533057316,73.4149391854585,0.0,72.7653342480863,67.30105891989527,77.59529603487525,67.81019651664285,73.7611566500192,70.35833416679466,69.74629021243373,70.10225233691915,71.3794091757853,74.28597351797734,66.82284100337606,72.85463557789875,70.51063100896326,66.89643336018064,87.46853814999169,69.0169943087242,74.81747545870074,63.65123304131183,65.49518260861937,73.06104164197235,69.97932732076704,74.52160505249773,67.93656799319898,65.96272002975039,70.28062976094867,87.67500839365046,67.45663321208316,57.528376583571976,68.83901787979643,70.05919015529498,68.64269089987711,68.5646626896891,74.35634783743778,71.16298831465461,70.7109284130844,68.25821050158979,70.09521072016955,73.25927583834407,67.96266220213735,70.2788447277805,66.6316766421228,68.74305006338614,64.00786398147658,62.08590589361112,75.85308373941656,64.02367561401789,71.18156664060656,63.01833594667326,72.44294024559002,67.08442923996542
1610555971.86O0cHB2ibBJ8jxoObg01EpGe8VVV5mpwn,60.69111722665021,73.30583498759049,69.3515126941646,77.17634095538345,65.74485411252988,60.98274322845891,65.7594529111038,63.063736255322446,65.48146891023491,79.46763648783414,77.98476795664996,98.46684277330657,89.02630015765817,65.0678046631147,84.44980050573824,84.14153020170623,84.85408712323384,72.7653342480863,0.0,73.83425769502318,84.23242247476641,80.28426998286864,69.66799002216977,67.21232932929911,69.78807797965676,65.78872563950253,68.7211653455937,82.85743052651384,76.58265222690642,68.21421767089215,76.13568130848054,64.71387421435318,92.84342714903809,76.59619535696537,81.04051125167116,73.36872285655477,71.33919416452203,80.46498543319053,77.84444497095636,76.39985651017787,77.4843255506722,78.6470531481465,73.25252593482031,95.05401819014067,79.61047811022172,73.99836727959534,69.5248600301976,68.66974896818846,69.46445538894366,70.80730384702723,80.77857802051496,68.51423514003804,77.33261767908137,79.15479158165687,74.3476957348371,70.90259290405993,71.1065041642397,77.18377997840935,72.76083501358526,66.95771315275545,77.20432867448189,75.6396208788707,82.90523866380032,72.68509468420925,76.16004833257432,76.81475293141449,74.55936597821946,78.41392471603105
1610556911.51zU3duZSGpcw1BDNsBLxdOCITAXwl6z3i,62.128842156440676,67.27004412447279,71.2987663831949,70.4437897766132,66.64066849238485,65.72550982013782,69.17972249813275,65.14605246785212,67.13238136966196,70.21781440678524,73.28982326467762,87.73390707403999,81.63225768809647,68.56725767125742,78.1929320721894,68.66956103526157,80.10137466913939,67.30105891989527,73.83425769502318,0.0,73.34196879533143,75.8564572025565,69.57242153710297,69.08905446979823,64.38117766282888,69.0302942539368,65.66727969658851,73.36725508215285,67.66851461221223,72.61580443063542,63.409162800303505,68.30616682035227,81.02906089149685,60.31810054622588,67.63733466841428,63.460489189708255,57.27337665954125,63.86681355092943,71.41153071216175,72.52233479305201,66.3792502486773,71.5341700300417,69.67123684219739,87.80701723821255,73.62733608094763,69.41777767597328,62.5059366291929,66.07131300339906,61.54372210458731,66.1918496819117,68.22755812133686,67.64883734599313,72.97043232213065,71.6253065238206,61.73126271238253,72.7493624291664,67.00943861164852,61.532166488753454,59.108265050130534,70.59024387995754,71.71091836052044,70.01762232950854,68.39782421250749,70.27572266558003,63.514198922593685,71.48467190852635,69.71917379931335,73.85654733023445
1610555988.71dMoYT8250UHHJGxgmITTmbHe7V6gH1yU,76.74195498882197,79.77096654580313,82.65354821523091,79.41752591432468,79.92112755546991,77.44005385523647,81.51877026928223,78.26947994495217,80.02245746824018,84.81319966989675,81.12485540265646,77.64319611060355,92.96193989365858,81.40055916525827,87.23497736961289,82.33236659299496,87.99375237054531,77.59529603487525,84.23242247476641,73.34196879533143,0.0,84.02674635467295,82.24053350459481,81.53249528856576,77.85152889039772,80.35367186341382,80.5571206423621,77.19632876908423,77.26979813592452,85.07668256310727,78.87546117580145,81.60898741051123,93.86906697048245,76.7713547727191,73.21372606970469,72.69450720029457,72.31320076761573,80.19060402692182,81.41761516896611,85.33665537403772,76.77453679793588,77.78636253487237,80.20204313423007,84.08093441733394,83.25910638331624,78.05911842445529,75.00570419132427,80.13913967084555,77.80529863599445,76.34508720837643,80.00895830323074,80.07823104328249,84.15087029492737,79.93088320485244,77.73137009012183,83.24640645174667,80.85362592435509,73.69334586721205,74.26138818792333,81.49120238727072,81.34300558246883,79.61145511828215,82.82845506988176,80.66081589311877,78.69590740802816,80.29380545860681,82.96950845044567,82.6358912902154
1610556042.81mlUZsSp7gbGjrp8jQSnybT1gPy6e62o1,73.28651297235578,73.02367717117238,80.93265745884158,75.39395136027521,78.09122001965241,74.8411904138204,77.72956087302069,75.39794816995011,77.58535510811043,84.60385302138023,73.10402744851899,98.18112451434219,90.20509001990166,76.06240299479072,81.50595823444047,85.19314938662201,80.52959010689908,67.81019651664285,80.28426998286864,75.8564572025565,84.02674635467295,0.0,81.41484272450118,79.01645448930714,77.76855719952202,78.26629564441444,79.32113874951739,81.78593996795664,75.47101287026926,80.28392398208203,78.4943143296,75.36433133948097,94.76967581412758,78.23277412729088,82.34784997871111,72.0970433428832,74.31220945738487,81.3072701247846,78.76794563186802,81.79353907433924,77.52192847110592,72.67676862441868,78.15839986398038,93.35085692159777,76.69659101681083,68.97658529006296,75.74113519359139,78.5934442454496,77.03210625421056,76.20983804730244,81.35783992795626,79.25947636869226,78.26523202132141,75.7162237717346,78.38623098455533,81.35721868698751,76.34091223350187,77.60088258455463,74.84083142627546,77.16231816083982,72.2270901271654,70.21618658542046,83.57183462067132,71.25626642347845,79.52763142574437,69.53837167157556,79.80890521832694,74.91537398639599
1610555637.02UBW5nKvDyUrKnaWcYRGajZPxTRDS0q3N,61.395338519664136,73.29719419131041,70.25422991307427,76.15722023283135,62.27439972224606,64.5055160183473,66.50793160029333,64.42910316301763,65.82315700923343,76.01647828059482,78.62313247264639,96.56713398204815,87.58828903750701,66.61065350876103,84.04011159435984,80.31741422194948,85.36385810091507,73.7611566500192,69.66799002216977,69.57242153710297,82.24053350459481,81.41484272450118,0.0,68.17834863746586,66.69723887769882,68.20200301071534,63.44601368706238,82.33254958631457,74.43290955349828,67.17505526584134,71.44661259451367,63.9927509302347,89.52282485300815,72.61577338048028,78.04365834342578,71.38605101054925,67.82928722253517,74.88960485581,75.81346882654424,76.83898194375632,73.4008075298772,78.16475060977983,71.10371151225185,94.35630088307026,78.70108600460364,73.97458490273871,64.79999812332886,69.66197274554028,67.04390664682504,67.65811846711934,80.01785537743437,66.8466970912181,77.42701447211553,77.515841541364,71.49983586133108,65.99397461417398,70.33827376873813,74.42825953462358,71.92479733536507,66.59735089720868,78.10283143735737,75.90459749089582,78.29526681914031,73.31184646612475,72.19912394807173,77.29485302055554,74.66441786710175,79.88030458016242
1610555619.13oUYNikU4facCTpUSiSLr0vPI0tJLnXiT,50.98980575169269,70.86063339096275,56.93011102334765,75.19870617941402,63.33368343108495,64.27377248594512,61.71769589185527,47.12933687379208,60.74574759751474,76.05838697326891,76.84132420385498,94.43764415164149,86.23871052183117,59.489478593116125,81.71062385329846,80.96995343914344,83.62922563405328,70.35833416679466,67.21232932929911,69.08905446979823,81.53249528856576,79.01645448930714,68.17834863746586,0.0,67.24299326404085,66.9115990567668,65.71607048822747,77.46932428605204,74.80941377959792,66.14507131759652,73.21209236221911,61.407101717142915,89.74659617652401,73.28741877694517,77.49800458618132,70.04668576957256,68.01836604328084,77.15916686976297,74.78902574454165,74.67047658952463,74.46969685740807,75.86805245140626,70.6329974431909,92.75545908758555,78.80012672120556,72.73266003634184,66.26814587340924,66.14899098407166,65.64295540756837,68.93870113008437,77.58492114544775,66.78425222480324,74.68928050966183,76.35073525635833,70.21215768074644,69.69833998060835,67.71150909977968,73.37744184546992,69.20106995782062,66.54517620897519,73.53526178404388,73.1207970789298,79.89078840128131,69.8778038771238,72.68742969545127,74.74089463321249,72.41512195798073,76.7846766118861
1610555721.03nzkucfjAUh31zTbmCVvTVYqtjoxZFnBh,60.24262023038754,69.14849010572863,68.89106709148597,73.88051776275732,63.66098455859239,63.67752531805702,66.27626296309461,62.98349054851033,65.22437387002448,70.1501719497365,75.69867797599787,91.68281660672615,85.25251334239192,65.50437770380859,81.44996183306982,76.0238558266404,82.26538558487074,69.74629021243373,69.78807797965676,64.38117766282888,77.85152889039772,77.76855719952202,66.69723887769882,67.24299326404085,0.0,67.30968853930581,65.92184285146219,78.72239618811943,71.92969926967533,68.6502458766644,68.59972338183482,63.69040329268363,84.82467363287653,67.69678571778728,73.18330096380906,67.80565417842601,64.11832548229269,70.83433257977315,65.19024738686794,73.15432447953044,72.24428548214637,75.50196271160448,70.48615078454368,90.93375890940472,75.1538977976699,71.32732768769394,63.13781317823273,64.15791744333185,61.908216810830595,66.6512696844077,74.2788064709045,66.15412891498528,74.45409134769311,73.85261679145552,67.90833347794558,65.80344762456642,63.98182744757322,69.21200248618857,66.34196333952852,64.34315819802633,73.79679728660241,73.85148899837179,74.69127046242548,70.21055194430495,67.02150548753323,74.41650148762136,71.03877755298127,75.98225896876453
1610555722.67fhKURdXVzRbLIjXmjRwdJHTnE7PWb1AE,59.94318541445399,71.56470447430777,68.52771073373626,75.25583449791594,65.57489751387233,51.133881804705275,65.2464089822372,62.84203700023893,65.04227787835529,77.18505137864071,74.27045735886543,94.89519823792509,85.91885258443537,64.86301899584338,81.96312263527221,80.21518801118515,81.38054784326928,70.10225233691915,65.78872563950253,69.0302942539368,80.35367186341382,78.26629564441444,68.20200301071534,66.9115990567668,67.30968853930581,0.0,66.097808528378,78.75444463490864,73.63344622697241,68.09302168964744,73.29801999152366,63.85761757516825,90.62464662140864,73.30244972516235,78.50833030612579,69.68350740680974,67.64334035127473,77.24708838572485,76.36313184896382,74.33775170540346,74.5046510143158,75.4545206998249,70.16969392444733,91.65013734714245,77.7906145009181,71.72966263145054,64.17752583822914,66.23224422980601,67.55027116102032,68.23257931766092,77.0738177456901,67.3277885230515,73.37387337392616,75.98925772724392,72.24484749677987,67.63240511742352,69.79649634346394,73.15339439373368,68.79776042292258,66.43807459541283,74.39552750056681,73.04584787198584,80.18168357532944,69.93698716874749,73.2479726859711,73.91812217797704,71.49311868051285,76.39163294008878
1610555638.39J2ZWBLuLTHP0jOlzB4tNHmYeijH5g5YJ,58.288841670237005,71.1718002392621,67.81010532842552,74.66876185570706,61.36292873523098,63.89320237716678,63.804485904611916,61.20941471130362,63.40366607204124,74.73363154699254,76.88399343115967,94.78231756618885,86.20061455065344,63.920918274500316,80.89959112219884,79.09491195285844,83.7311246824854,71.3794091757853,68.7211653455937,65.66727969658851,80.5571206423621,79.32113874951739,63.44601368706238,65.71607048822747,65.92184285146219,66.097808528378,0.0,80.18861286095115,73.46716025243666,68.04323737595965,70.83177944102067,63.12868874734017,88.15094597519109,70.34276681371009,76.47283093170171,69.26640581277996,65.45174628359914,74.18171029825125,75.26707881002282,74.34772301703117,71.68458740466997,77.26874663572808,69.26153128344468,93.6278805039083,78.13015595203167,73.28903918794327,63.17339848909186,66.80314465864704,63.179187937904416,64.90737433318175,78.1847431903382,64.61071006355964,75.29090503360598,76.56955298570135,68.9719482152446,68.74914957109979,69.14868849829719,72.13895675734241,70.07789347928407,67.31710839199471,76.09502773486216,74.81406152026452,75.32203840952779,72.64241084003274,68.6106898777494,75.84134756991216,71.55918487708007,78.00875156581978
1610556032.17Q6yCDx9g7alRnL9jBFXD2JhhUyB2hKfJ,74.16388483901689,77.20424155007288,80.0920261258458,76.92645488361508,79.15300586439243,75.54909116331613,79.31262545363563,76.23307434369124,77.71800287324902,84.94033785898375,79.7990774999249,90.86787081886989,91.53206429961712,79.41053326489103,84.9073323877658,82.59389104337009,86.11419730654481,74.28597351797734,82.85743052651384,73.36725508215285,77.19632876908423,81.78593996795664,82.33254958631457,77.46932428605204,78.72239618811943,78.75444463490864,80.18861286095115,0.0,75.32994318345767,82.59314979992925,78.87706187983153,79.14395460896196,94.223178637022,75.49724289655114,78.80956027230941,70.9300633550313,72.21271953851988,79.97611288503276,79.39134054319048,82.87059681755821,75.76184283569852,74.4494710490945,76.29282594575267,88.35937171007848,81.49612311769609,75.87131810976305,74.93945096370255,78.77240374430984,77.59920748191647,76.84047516682874,71.89966374699354,79.21216380352948,81.52540247422928,78.19089525883692,77.25597067401942,81.87035619536879,77.90075546019386,73.03604253940651,68.70266988130732,79.90761932727015,76.9023839824953,76.59158827968459,82.50738054299771,76.95338912857785,78.84172192256113,76.9564245518384,81.26603466642747,79.17681811180164
1610557007.49MyVgDnuUuBxrvL6SGOdhKf69VYlW1MSm,68.51441993878285,68.95232667422809,76.68509948694934,68.8888071870791,72.19007348240517,70.3094900764355,74.02890758082543,71.1972274875976,71.7919981119281,78.13678626013485,71.27821059018862,91.8273379242738,83.85203884163727,73.99227166964104,76.81475663163954,77.60047277007355,78.02914117793888,66.82284100337606,76.58265222690642,67.66851461221223,77.26979813592452,75.47101287026926,74.43290955349828,74.80941377959792,71.92969926967533,73.63344622697241,73.46716025243666,75.32994318345767,0.0,76.54019480570673,70.08985060620061,72.94172359602919,87.48820839192726,69.1800121392399,73.08013847665698,60.75175072727038,65.95571760676378,72.40409688202644,69.98898494745346,76.0473038941465,67.54119616024444,70.03969569709383,68.9291814054687,86.08222488564576,70.5810378453354,66.94093082261311,68.13112254980021,72.84672237115782,71.07235532589827,68.8452963822067,74.66845190556047,72.07279538825817,76.46835764358114,71.1946680605008,71.26441312733152,74.80163602792163,73.05205965228943,71.75994757630193,67.78539062884069,73.94261461715351,73.41952585478339,69.33517403750062,74.91479841291434,72.43385463628323,71.5091934223461,69.16064000154188,73.73258334381019,74.6584334962053
