,square,rectangle,parallelogram,losange,isoTrapezoid,kite,rightKite,rustedHinge,hinge,trapezoid,random
square,2.220446049250313e-16,0.014756886345143716,0.024997689507921028,0.028072015573248343,0.010434885178030817,0.005097966996172376,0.004966802936863801,0.016352947602028656,0.014920068361913619,0.009160212255070799,0.021462581494128274
rectangle,0.014756886345143716,1.1102230246251565e-16,0.0051028020086671955,0.016949587831019963,0.039926652553585185,0.0197213193421355,0.022633354474109746,0.019277256475290216,0.010795066083223337,0.021496301209148916,0.045332193288612155
parallelogram,0.024997689507921028,0.0051028020086671955,0.0,0.007669380144019522,0.047565872592019054,0.0303270620352476,0.03033623834226984,0.024325226907926822,0.01467474670878366,0.021167702307509306,0.043710586766407156
losange,0.028072015573248343,0.016949587831019963,0.007669380144019522,0.0,0.04124487123353926,0.03467939587262581,0.030909839980436837,0.022481191905969533,0.01722966035642759,0.014226410713236382,0.025583286715206044
isoTrapezoid,0.010434885178030817,0.039926652553585185,0.047565872592019054,0.04124487123353926,0.0,0.009649651669219383,0.008550727840911154,0.03450020317656932,0.035891617086524,0.010826631747186677,0.012456540715327757
kite,0.005097966996172376,0.0197213193421355,0.0303270620352476,0.03467939587262581,0.009649651669219383,0.0,0.0035067108764107457,0.027643614100601455,0.025244807705655514,0.014500485909858196,0.027864956736477597
rightKite,0.004966802936863801,0.022633354474109746,0.03033623834226984,0.030909839980436837,0.008550727840911154,0.0035067108764107457,0.0,0.028503992727774263,0.02756441486382344,0.009255343662720406,0.0222392570158102
rustedHinge,0.016352947602028656,0.019277256475290216,0.024325226907926822,0.022481191905969533,0.03450020317656932,0.027643614100601455,0.028503992727774263,0.0,0.0024181749574263556,0.021792586681109172,0.0284679556359686
hinge,0.014920068361913619,0.010795066083223337,0.01467474670878366,0.01722966035642759,0.035891617086524,0.025244807705655514,0.02756441486382344,0.0024181749574263556,1.1102230246251565e-16,0.020099447320537034,0.030881793394509582
trapezoid,0.009160212255070799,0.021496301209148916,0.021167702307509306,0.014226410713236382,0.010826631747186677,0.014500485909858196,0.009255343662720406,0.021792586681109172,0.020099447320537034,1.1102230246251565e-16,0.007376238371937016
random,0.021462581494128274,0.045332193288612155,0.043710586766407156,0.025583286715206044,0.012456540715327757,0.027864956736477597,0.0222392570158102,0.0284679556359686,0.030881793394509582,0.007376238371937016,1.1102230246251565e-16
