,square,rectangle,parallelogram,losange,isoTrapezoid,kite,rightKite,rustedHinge,hinge,trapezoid,random
square,5.624221788759538e-07,6.914599190968287e-07,8.04353102254651e-07,9.035143974694651e-07,6.463059679757298e-07,6.25999260251173e-07,6.057341097553822e-07,7.273255506006297e-07,7.110428272498385e-07,6.750076390585884e-07,7.925233989458143e-07
rectangle,6.914599190968287e-07,5.665767410405832e-07,6.687533198832899e-07,7.868996678900458e-07,8.255803389990729e-07,7.303182804597419e-07,7.188345401053488e-07,6.814753925919514e-07,6.366375425539184e-07,7.401958029516301e-07,8.849356971075373e-07
parallelogram,8.04353102254651e-07,6.687533198832899e-07,6.393392453264272e-07,7.215441381654193e-07,8.987279043099065e-07,8.431878194827317e-07,8.096271263448736e-07,7.487394678723982e-07,7.006571713419477e-07,7.660921907289403e-07,8.835862967681272e-07
losange,9.035143974694651e-07,7.868996678900458e-07,7.215441381654193e-07,6.651890022227393e-07,9.395389484861035e-07,9.306305245601849e-07,8.970374395198948e-07,7.975996634218826e-07,7.679751887165845e-07,7.921070456895016e-07,8.215616060912363e-07
isoTrapezoid,6.463059679757298e-07,8.255803389990729e-07,8.987279043099065e-07,9.395389484861035e-07,5.81117670577684e-07,6.650028400771124e-07,6.494013410046114e-07,8.305076525412497e-07,8.281221025962522e-07,6.954636057072954e-07,7.624568434316563e-07
kite,6.25999260251173e-07,7.303182804597419e-07,8.431878194827317e-07,9.306305245601849e-07,6.650028400771124e-07,5.82073501107207e-07,6.178009169347924e-07,8.058751095967402e-07,7.912658122388899e-07,7.468040429386534e-07,8.53341202680469e-07
rightKite,6.057341097553822e-07,7.188345401053488e-07,8.096271263448736e-07,8.970374395198948e-07,6.494013410046114e-07,6.178009169347924e-07,5.799337878569178e-07,7.787310173009374e-07,7.616841247910395e-07,6.827908071239661e-07,8.15376300749766e-07
rustedHinge,7.273255506006297e-07,6.814753925919514e-07,7.487394678723982e-07,7.975996634218826e-07,8.305076525412497e-07,8.058751095967402e-07,7.787310173009374e-07,6.099122029757163e-07,6.127393820720866e-07,7.569876457939284e-07,8.270464545086763e-07
hinge,7.110428272498385e-07,6.366375425539184e-07,7.006571713419477e-07,7.679751887165845e-07,8.281221025962522e-07,7.912658122388899e-07,7.616841247910395e-07,6.127393820720866e-07,5.906179122983045e-07,7.339353366908333e-07,8.240811692662737e-07
trapezoid,6.750076390585884e-07,7.401958029516301e-07,7.660921907289403e-07,7.921070456895016e-07,6.954636057072954e-07,7.468040429386534e-07,6.827908071239661e-07,7.569876457939284e-07,7.339353366908333e-07,6.083595710894885e-07,7.036859638016679e-07
random,7.925233989458143e-07,8.849356971075373e-07,8.835862967681272e-07,8.215616060912363e-07,7.624568434316563e-07,8.53341202680469e-07,8.15376300749766e-07,8.270464545086763e-07,8.240811692662737e-07,7.036859638016679e-07,6.376459428688147e-07
