,square,rectangle,parallelogram,losange,isoTrapezoid,kite,rightKite,rustedHinge,hinge,trapezoid,random
square,5.139553916984495e-07,6.397058078591555e-07,7.538442289851012e-07,8.504172086354653e-07,5.931557356732784e-07,5.757766865525223e-07,5.564670177928154e-07,6.754769526097442e-07,6.590680100601084e-07,6.237227455444897e-07,7.377575511676835e-07
rectangle,6.397058078591555e-07,5.172712824468995e-07,6.178447234402835e-07,7.349409181545244e-07,7.698311267171758e-07,6.77282481134959e-07,6.668266503770838e-07,6.309424065363025e-07,5.867900731370083e-07,6.879787691682386e-07,8.308660534587327e-07
parallelogram,7.538442289851012e-07,6.178447234402835e-07,5.846237252767353e-07,6.655108853594821e-07,8.442475137858893e-07,7.921763231663467e-07,7.582119631583251e-07,6.975928519443545e-07,6.500732639356579e-07,7.112337576231162e-07,8.268453715798189e-07
losange,8.504172086354653e-07,7.349409181545244e-07,6.655108853594821e-07,6.081778078448581e-07,8.837055181478094e-07,8.774113986289345e-07,8.428203902645936e-07,7.447289833080993e-07,7.15904824502858e-07,7.344112187744012e-07,7.633258337931497e-07
isoTrapezoid,5.931557356732784e-07,7.698311267171758e-07,8.442475137858893e-07,8.837055181478094e-07,5.255173745910626e-07,6.098052529348146e-07,5.951744559693146e-07,7.746959881040227e-07,7.717993064764358e-07,6.402698073969003e-07,7.038716351977071e-07
kite,5.757766865525223e-07,6.77282481134959e-07,7.921763231663467e-07,8.774113986289345e-07,6.098052529348146e-07,5.301319343996628e-07,5.665175214585844e-07,7.521374978386007e-07,7.378295374175493e-07,6.953213335229498e-07,7.998353878147094e-07
rightKite,5.564670177928154e-07,6.668266503770838e-07,7.582119631583251e-07,8.428203902645936e-07,5.951744559693146e-07,5.665175214585844e-07,5.291382057637616e-07,7.2727399530082e-07,7.103580904164179e-07,6.300383368053588e-07,7.597515585558262e-07
rustedHinge,6.754769526097442e-07,6.309424065363025e-07,6.975928519443545e-07,7.447289833080993e-07,7.746959881040227e-07,7.521374978386007e-07,7.2727399530082e-07,5.560557456140367e-07,5.599758813317901e-07,7.044348294331251e-07,7.703644938359941e-07
hinge,6.590680100601084e-07,5.867900731370083e-07,6.500732639356579e-07,7.15904824502858e-07,7.717993064764358e-07,7.378295374175493e-07,7.103580904164179e-07,5.599758813317901e-07,5.387949835892767e-07,6.817653267858029e-07,7.678522025844179e-07
trapezoid,6.237227455444897e-07,6.879787691682386e-07,7.112337576231162e-07,7.344112187744012e-07,6.402698073969003e-07,6.953213335229498e-07,6.300383368053588e-07,7.044348294331251e-07,6.817653267858029e-07,5.551728244314547e-07,6.458209393041824e-07
random,7.377575511676835e-07,8.308660534587327e-07,8.268453715798189e-07,7.633258337931497e-07,7.038716351977071e-07,7.998353878147094e-07,7.597515585558262e-07,7.703644938359941e-07,7.678522025844179e-07,6.458209393041824e-07,5.791367385750612e-07
