,square,rectangle,parallelogram,losange,isoTrapezoid,kite,rightKite,rustedHinge,hinge,trapezoid,random
square,0.06052830918097065,0.09101442525834642,0.15685901674248862,0.1758385544252143,0.1817542907568995,0.17693947079208208,0.15429178552259623,0.19403787577055417,0.18283595305353295,0.18495845851431042,0.21691219091883096
rectangle,0.09101442525834644,0.06454911152395809,0.15035481739866396,0.17394296714439259,0.20322702308822269,0.19036613180044384,0.17152263272407745,0.19830476824631718,0.1819827397306785,0.19531131228913431,0.2289822378292039
parallelogram,0.15685901674248862,0.15035481739866396,0.09826591128808033,0.11367646269224177,0.19083866880043712,0.172767287370026,0.16563575338369366,0.17540811842432627,0.15967254342753567,0.15734675037611587,0.18356054464726615
losange,0.17583855442521426,0.17394296714439256,0.11367646269224177,0.10226727323450122,0.20260185418483143,0.18600316668620362,0.17796574510746352,0.18332945688228441,0.17173101587632875,0.16297807922672292,0.17688440187306498
isoTrapezoid,0.1817542907568995,0.20322702308822274,0.19083866880043715,0.20260185418483143,0.08968154211348806,0.13089469693116731,0.12603878303724236,0.17199336363836903,0.15697084675648912,0.13903920407463213,0.15325601701150307
kite,0.17693947079208208,0.19036613180044384,0.172767287370026,0.18600316668620362,0.13089469693116731,0.09325919028081542,0.10173130480365442,0.14776111097950276,0.1317492269832968,0.14913678662388086,0.14651505866633469
rightKite,0.1542917855225962,0.17152263272407745,0.16563575338369366,0.1779657451074635,0.12603878303724236,0.10173130480365442,0.08347649181123466,0.1313648947033862,0.1218446741312871,0.1464597660800481,0.14343431400039822
rustedHinge,0.19403787577055417,0.19830476824631718,0.17540811842432624,0.18332945688228441,0.17199336363836903,0.14776111097950276,0.1313648947033862,0.09352817014820139,0.10303984715661159,0.17937943495442119,0.15518998056937264
hinge,0.18283595305353295,0.1819827397306785,0.15967254342753567,0.17173101587632875,0.15697084675648912,0.13174922698329683,0.1218446741312871,0.10303984715661159,0.08866606120884268,0.16041588394163492,0.14010962161401655
trapezoid,0.18495845851431042,0.1953113122891343,0.15734675037611587,0.16297807922672292,0.13903920407463213,0.14913678662388086,0.1464597660800481,0.17937943495442119,0.16041588394163495,0.10602733912122476,0.14317705100599956
random,0.21691219091883096,0.2289822378292039,0.18356054464726615,0.17688440187306498,0.15325601701150307,0.14651505866633469,0.14343431400039822,0.15518998056937264,0.14010962161401652,0.14317705100599953,0.09946386676483673
