,square,rectangle,parallelogram,losange,isoTrapezoid,kite,rightKite,rustedHinge,hinge,trapezoid,random
square,9.406981323252123e-07,1.1637248639035672e-06,1.431550049410038e-06,1.6529462411116637e-06,1.1131749938841267e-06,1.0887672852228386e-06,1.0408627919912213e-06,1.2614068412171801e-06,1.2277865465763193e-06,1.1756484209944886e-06,1.4089861442040008e-06
rectangle,1.1637248639035672e-06,9.488825348785255e-07,1.17442835160552e-06,1.4407637662027321e-06,1.4389267076686325e-06,1.2687326355097863e-06,1.2337716461948193e-06,1.1943249102409166e-06,1.1071576637430207e-06,1.2923393442824007e-06,1.599742989793337e-06
parallelogram,1.431550049410038e-06,1.17442835160552e-06,1.0472242403095248e-06,1.2028607924549355e-06,1.606586927529744e-06,1.5348784823850531e-06,1.4280437460288247e-06,1.334552140171501e-06,1.2390377534883655e-06,1.2938185580188967e-06,1.5404668800459185e-06
losange,1.6529462411116637e-06,1.4407637662027321e-06,1.2028607924549355e-06,1.0759897037780237e-06,1.7122871506781423e-06,1.725404152637543e-06,1.6120445286074257e-06,1.4534497597526143e-06,1.4019503071688447e-06,1.3491525329087407e-06,1.4344911637850583e-06
isoTrapezoid,1.1131749938841267e-06,1.4389267076686325e-06,1.606586927529744e-06,1.7122871506781423e-06,9.734762365971032e-07,1.1504233977370545e-06,1.107957387217706e-06,1.4698332325452882e-06,1.4621411233367815e-06,1.1964310986126022e-06,1.323246594118929e-06
kite,1.0887672852228386e-06,1.2687326355097863e-06,1.5348784823850531e-06,1.725404152637543e-06,1.1504233977370545e-06,9.818832136220441e-07,1.0541533501067797e-06,1.4310318076011749e-06,1.4110066421289212e-06,1.3426611586312996e-06,1.557248531089937e-06
rightKite,1.0408627919912213e-06,1.2337716461948193e-06,1.4280437460288247e-06,1.6120445286074257e-06,1.107957387217706e-06,1.0541533501067797e-06,9.54704283782983e-07,1.378459213742231e-06,1.3495567065410603e-06,1.1695227092138143e-06,1.4316931851482966e-06
rustedHinge,1.2614068412171801e-06,1.1943249102409166e-06,1.334552140171501e-06,1.4534497597526143e-06,1.4698332325452882e-06,1.4310318076011749e-06,1.378459213742231e-06,9.868098427252613e-07,1.018630968094823e-06,1.341223833742047e-06,1.4677352874393263e-06
hinge,1.2277865465763193e-06,1.1071576637430207e-06,1.2390377534883655e-06,1.4019503071688447e-06,1.4621411233367815e-06,1.4110066421289212e-06,1.3495567065410603e-06,1.018630968094823e-06,9.856615476890434e-07,1.2957579943281495e-06,1.4647708296607927e-06
trapezoid,1.1756484209944886e-06,1.2923393442824007e-06,1.2938185580188967e-06,1.3491525329087407e-06,1.1964310986126022e-06,1.3426611586312996e-06,1.1695227092138143e-06,1.341223833742047e-06,1.2957579943281495e-06,9.98233511883866e-07,1.1674273892693431e-06
random,1.4089861442040008e-06,1.599742989793337e-06,1.5404668800459185e-06,1.4344911637850583e-06,1.323246594118929e-06,1.557248531089937e-06,1.4316931851482966e-06,1.4677352874393263e-06,1.4647708296607927e-06,1.1674273892693431e-06,1.051116183131044e-06
