,square,rectangle,parallelogram,losange,isoTrapezoid,kite,rightKite,rustedHinge,hinge,trapezoid,random
square,8.163505866504367e-07,9.832138237213428e-07,1.1178065267509738e-06,1.2383500434991013e-06,9.280906828616027e-07,8.996747024035364e-07,8.712565858040691e-07,1.0250906704690809e-06,1.0078488781845373e-06,9.570640151705547e-07,1.107432736748375e-06
rectangle,9.832138237213428e-07,8.205039588341677e-07,9.435568686637415e-07,1.0904378049910502e-06,1.1628594540457656e-06,1.0338705989005765e-06,1.0172363445178782e-06,9.650286242952117e-07,9.100361053267756e-07,1.041214905763003e-06,1.2281160402748485e-06
parallelogram,1.1178065267509738e-06,9.435568686637415e-07,9.044972860727053e-07,1.004724710132962e-06,1.2440902537016709e-06,1.1663284615967173e-06,1.1241657494638606e-06,1.0422857711297207e-06,9.847587226383844e-07,1.0685518543798253e-06,1.2182598008373259e-06
losange,1.2383500434991013e-06,1.0904378049910502e-06,1.004724710132962e-06,9.354746437152827e-07,1.2895927781293914e-06,1.2712852258885662e-06,1.229345156071473e-06,1.1029649353389324e-06,1.0679891149058931e-06,1.0984796902656066e-06,1.1369605849012348e-06
isoTrapezoid,9.280906828616027e-07,1.1628594540457656e-06,1.2440902537016709e-06,1.2895927781293914e-06,8.463878153742844e-07,9.534981573056546e-07,9.313834937056384e-07,1.161612387937037e-06,1.1637853559283652e-06,9.880359015143923e-07,1.072407607949732e-06
kite,8.996747024035364e-07,1.0338705989005765e-06,1.1663284615967173e-06,1.2712852258885662e-06,9.534981573056546e-07,8.461520288154541e-07,8.897394872317109e-07,1.1260991555719125e-06,1.110502289895616e-06,1.047800672795031e-06,1.182954495467096e-06
rightKite,8.712565858040691e-07,1.0172363445178782e-06,1.1241657494638606e-06,1.229345156071473e-06,9.313834937056384e-07,8.897394872317109e-07,8.407380498977547e-07,1.0886704984892896e-06,1.0704707209942969e-06,9.664063392995348e-07,1.1345238808359458e-06
rustedHinge,1.0250906704690809e-06,9.650286242952117e-07,1.0422857711297207e-06,1.1029649353389324e-06,1.161612387937037e-06,1.1260991555719125e-06,1.0886704984892896e-06,8.763876405233817e-07,8.814737490159127e-07,1.058232184541338e-06,1.1508260424720806e-06
hinge,1.0078488781845373e-06,9.100361053267756e-07,9.847587226383844e-07,1.0679891149058931e-06,1.1637853559283652e-06,1.110502289895616e-06,1.0704707209942969e-06,8.814737490159127e-07,8.549084960388361e-07,1.0329560363154476e-06,1.1508185989368377e-06
trapezoid,9.570640151705547e-07,1.041214905763003e-06,1.0685518543798253e-06,1.0984796902656066e-06,9.880359015143923e-07,1.047800672795031e-06,9.664063392995348e-07,1.058232184541338e-06,1.0329560363154476e-06,8.730686404119418e-07,9.9417928108488e-07
random,1.107432736748375e-06,1.2281160402748485e-06,1.2182598008373259e-06,1.1369605849012348e-06,1.072407607949732e-06,1.182954495467096e-06,1.1345238808359458e-06,1.1508260424720806e-06,1.1508185989368377e-06,9.9417928108488e-07,9.127423269768406e-07
