,square,rectangle,parallelogram,losange,isoTrapezoid,kite,rightKite,rustedHinge,hinge,trapezoid,random
square,2.9427369639404383e-05,3.416605214912324e-05,5.1474438409417136e-05,5.609858975339269e-05,4.650488686301395e-05,5.0096655308148954e-05,4.6342595381209325e-05,5.28236851003286e-05,5.16856498149632e-05,5.236925479928993e-05,5.941635773343776e-05
rectangle,3.416605214912324e-05,2.9397813538189597e-05,4.652408390059887e-05,5.266536762957965e-05,5.2440678280247946e-05,5.298662213797486e-05,4.966168294585116e-05,5.1195882326679676e-05,4.904077803391938e-05,5.465034673185367e-05,6.240908649107063e-05
parallelogram,5.1474438409417136e-05,4.652408390059887e-05,3.7892204848630614e-05,4.355792899718427e-05,5.696635023695478e-05,5.884936810206868e-05,5.5275757883927635e-05,5.54441628110916e-05,5.298463928476676e-05,5.004328808048338e-05,5.827961355312513e-05
losange,5.609858975339269e-05,5.266536762957965e-05,4.355792899718427e-05,3.8085589194560456e-05,5.927536748268241e-05,6.229285470243526e-05,5.8578963068180645e-05,5.817195000313886e-05,5.6926758312314184e-05,5.096928362976704e-05,5.495646144703031e-05
isoTrapezoid,4.650488686301395e-05,5.2440678280247946e-05,5.696635023695478e-05,5.927536748268241e-05,3.575716998725484e-05,4.602835145729562e-05,4.387706021226234e-05,5.588061333748866e-05,5.5734253098699075e-05,4.531486668376968e-05,5.157631329693352e-05
kite,5.0096655308148954e-05,5.298662213797486e-05,5.884936810206868e-05,6.229285470243526e-05,4.602835145729562e-05,3.616705870675912e-05,3.9225488375828444e-05,5.43564308510205e-05,5.3419103821795146e-05,5.354877202491233e-05,5.627521703858816e-05
rightKite,4.6342595381209325e-05,4.966168294585116e-05,5.5275757883927635e-05,5.8578963068180645e-05,4.387706021226234e-05,3.9225488375828444e-05,3.417047828785757e-05,5.1154322592467325e-05,5.04316101698001e-05,4.8033585482652126e-05,5.233617729757645e-05
rustedHinge,5.28236851003286e-05,5.1195882326679676e-05,5.54441628110916e-05,5.817195000313886e-05,5.588061333748866e-05,5.43564308510205e-05,5.1154322592467325e-05,3.64299557392819e-05,3.848767297179869e-05,5.565831424100454e-05,5.459504323214271e-05
hinge,5.16856498149632e-05,4.904077803391938e-05,5.298463928476676e-05,5.6926758312314184e-05,5.5734253098699075e-05,5.3419103821795146e-05,5.04316101698001e-05,3.848767297179869e-05,3.683180906234852e-05,5.4361020938000245e-05,5.348048071140771e-05
trapezoid,5.236925479928993e-05,5.465034673185367e-05,5.004328808048338e-05,5.096928362976704e-05,4.531486668376968e-05,5.354877202491233e-05,4.8033585482652126e-05,5.565831424100454e-05,5.4361020938000245e-05,3.6544110481441874e-05,4.630943887531267e-05
random,5.941635773343776e-05,6.240908649107063e-05,5.827961355312513e-05,5.495646144703031e-05,5.157631329693352e-05,5.627521703858816e-05,5.233617729757645e-05,5.459504323214271e-05,5.348048071140771e-05,4.630943887531267e-05,3.7434961278072e-05
