,square,rectangle,parallelogram,losange,isoTrapezoid,kite,rightKite,rustedHinge,hinge,trapezoid,random
square,2.0472603593491836e-06,2.4776320126935094e-06,3.165753466171503e-06,3.699236112705531e-06,2.483238920873795e-06,2.4705905294766144e-06,2.3843544506377304e-06,2.8604584810722286e-06,2.747256564361623e-06,2.637600542767128e-06,3.1553438712709346e-06
rectangle,2.4776320126935094e-06,2.057101607262395e-06,2.6534127834807596e-06,3.2765005720922807e-06,3.117467607780012e-06,2.8092069653222455e-06,2.754483344163007e-06,2.7171236826638933e-06,2.502418515316187e-06,2.8636838305067775e-06,3.526974355547472e-06
parallelogram,3.165753466171503e-06,2.6534127834807596e-06,2.3402297970231694e-06,2.7128108567436823e-06,3.5286356436327927e-06,3.450723839263483e-06,3.2139568475745347e-06,3.0727870672537607e-06,2.839657736669164e-06,2.867452680027141e-06,3.4066677209815093e-06
losange,3.699236112705531e-06,3.2765005720922807e-06,2.7128108567436823e-06,2.4182443651806127e-06,3.7974650459188688e-06,3.883885061521635e-06,3.6292276901375126e-06,3.3684710768990176e-06,3.2305906591519752e-06,3.011551976160632e-06,3.224210005462068e-06
isoTrapezoid,2.483238920873795e-06,3.117467607780012e-06,3.5286356436327927e-06,3.7974650459188688e-06,2.1532027431934842e-06,2.573509310718398e-06,2.5000125126955422e-06,3.299597065572983e-06,3.253007456428437e-06,2.6590728235470243e-06,2.9490367084371633e-06
kite,2.4705905294766144e-06,2.8092069653222455e-06,3.450723839263483e-06,3.883885061521635e-06,2.573509310718398e-06,2.183404757418677e-06,2.3704298476137746e-06,3.2384139928429796e-06,3.1695072939252852e-06,3.0384704913876654e-06,3.4784445388577166e-06
rightKite,2.3843544506377304e-06,2.754483344163007e-06,3.2139568475745347e-06,3.6292276901375126e-06,2.5000125126955422e-06,2.3704298476137746e-06,2.139699121893975e-06,3.1468855311174797e-06,3.061140609622301e-06,2.644273539057266e-06,3.191595789444482e-06
rustedHinge,2.8604584810722286e-06,2.7171236826638933e-06,3.0727870672537607e-06,3.3684710768990176e-06,3.299597065572983e-06,3.2384139928429796e-06,3.1468855311174797e-06,2.2022369062750495e-06,2.274500475007356e-06,3.073651287719956e-06,3.2929435809644673e-06
hinge,2.747256564361623e-06,2.502418515316187e-06,2.839657736669164e-06,3.2305906591519752e-06,3.253007456428437e-06,3.1695072939252852e-06,3.061140609622301e-06,2.274500475007356e-06,2.1869774230149962e-06,2.9447256411855228e-06,3.246262230934028e-06
trapezoid,2.637600542767128e-06,2.8636838305067775e-06,2.867452680027141e-06,3.011551976160632e-06,2.6590728235470243e-06,3.0384704913876654e-06,2.644273539057266e-06,3.073651287719956e-06,2.9447256411855228e-06,2.211542956209819e-06,2.5915092363818053e-06
random,3.1553438712709346e-06,3.526974355547472e-06,3.4066677209815093e-06,3.224210005462068e-06,2.9490367084371633e-06,3.4784445388577166e-06,3.191595789444482e-06,3.2929435809644673e-06,3.246262230934028e-06,2.5915092363818053e-06,2.3280319859773963e-06
