,square,rectangle,parallelogram,losange,isoTrapezoid,kite,rightKite,rustedHinge,hinge,trapezoid,random
square,7.227427214895829e-06,8.469368050246462e-06,1.1499200238200883e-05,1.3443776863897013e-05,1.0063473076513376e-05,1.050791050808393e-05,1.0102359262015457e-05,1.1460660552434684e-05,1.0870225645691105e-05,1.0654194885523902e-05,1.2989942331900984e-05
rectangle,8.469368050246462e-06,7.152185512909885e-06,9.996500237065704e-06,1.2259894773913546e-05,1.1768418754478502e-05,1.1342129744080453e-05,1.1030714957106386e-05,1.0987529077181182e-05,1.0090707877979635e-05,1.1252217839402214e-05,1.3885244371134271e-05
parallelogram,1.1499200238200883e-05,9.996500237065704e-06,8.545631752371501e-06,1.004402440667476e-05,1.3043373002091538e-05,1.3334271488326125e-05,1.250370220113139e-05,1.2155570260832358e-05,1.1257406847122292e-05,1.092265777193934e-05,1.3228032961706568e-05
losange,1.3443776863897013e-05,1.2259894773913546e-05,1.004402440667476e-05,8.93845587527743e-06,1.3932265606256147e-05,1.4621483166231203e-05,1.3762729062974925e-05,1.317763512204354e-05,1.2588536906595762e-05,1.1351763690083288e-05,1.2641903612989353e-05
isoTrapezoid,1.0063473076513376e-05,1.1768418754478502e-05,1.3043373002091538e-05,1.3932265606256147e-05,7.902874030858023e-06,9.912846418960507e-06,9.473728356614801e-06,1.2538843950261908e-05,1.2380712550220666e-05,9.791998076752581e-06,1.1237216279707296e-05
kite,1.050791050808393e-05,1.1342129744080453e-05,1.3334271488326125e-05,1.4621483166231203e-05,9.912846418960507e-06,8.041071052054885e-06,8.6593779404157e-06,1.223589342581534e-05,1.194254642860131e-05,1.152143807184939e-05,1.2719247519731077e-05
rightKite,1.0102359262015457e-05,1.1030714957106386e-05,1.250370220113139e-05,1.3762729062974925e-05,9.473728356614801e-06,8.6593779404157e-06,7.648034315155586e-06,1.1729107010109553e-05,1.1428577078463431e-05,1.0101876803587226e-05,1.1670270562504647e-05
rustedHinge,1.1460660552434684e-05,1.0987529077181182e-05,1.2155570260832358e-05,1.317763512204354e-05,1.2538843950261908e-05,1.223589342581534e-05,1.1729107010109553e-05,8.100945393423265e-06,8.392660179247331e-06,1.2061324683879858e-05,1.2248670063480979e-05
hinge,1.0870225645691105e-05,1.0090707877979635e-05,1.1257406847122292e-05,1.2588536906595762e-05,1.2380712550220666e-05,1.194254642860131e-05,1.1428577078463431e-05,8.392660179247331e-06,7.958186623567034e-06,1.1583816191278083e-05,1.1989148597426432e-05
trapezoid,1.0654194885523902e-05,1.1252217839402214e-05,1.092265777193934e-05,1.1351763690083288e-05,9.791998076752581e-06,1.152143807184939e-05,1.0101876803587226e-05,1.2061324683879858e-05,1.1583816191278083e-05,8.031882371020635e-06,9.930939200533519e-06
random,1.2989942331900984e-05,1.3885244371134271e-05,1.3228032961706568e-05,1.2641903612989353e-05,1.1237216279707296e-05,1.2719247519731077e-05,1.1670270562504647e-05,1.2248670063480979e-05,1.1989148597426432e-05,9.930939200533519e-06,8.45716845842583e-06
