,square,rectangle,parallelogram,losange,isoTrapezoid,kite,rightKite,rustedHinge,hinge,trapezoid,random
square,5.33363305440701e-05,6.35386589046199e-05,0.00010283556884100407,0.00011342431811467187,0.00010214910603281262,0.0001052157809768324,9.575872279865029e-05,0.00011232954935141176,0.00010978232537218072,0.00011061866174021287,0.00012545659052735613
rectangle,6.35386589046199e-05,5.32907664481115e-05,9.349361406720009e-05,0.00010706890213613289,0.0001121963618057475,0.00010927871780842573,0.00010134319531046428,0.0001092114054917937,0.00010463610969753367,0.00011387696715471647,0.0001288956053572264
parallelogram,0.00010283556884100407,9.349361406720009e-05,7.44410317334936e-05,8.576913883790768e-05,0.00012027977512179859,0.00011673218956190249,0.00011119441541656507,0.00011535913414635458,0.000110995558748524,0.00010141182067029482,0.00011685137257506326
losange,0.00011342431811467187,0.00010706890213613289,8.576913883790768e-05,7.518676434842644e-05,0.00012506579380404983,0.0001236696950384829,0.00011802705095524488,0.00012078148167395888,0.00011889804626559072,0.00010308243223452995,0.00011046733412242305
isoTrapezoid,0.00010214910603281262,0.0001121963618057475,0.00012027977512179859,0.00012506579380404983,7.110244617840467e-05,9.633309452343338e-05,9.012410307371896e-05,0.0001170863422687296,0.00011668664716139419,9.449516113145574e-05,0.00010789614707942398
kite,0.0001052157809768324,0.00010927871780842573,0.00011673218956190249,0.0001236696950384829,9.633309452343338e-05,7.108515763485198e-05,7.739970240947646e-05,0.00010949429039588611,0.00010743788401367229,0.00010824284886555311,0.00011188204793670797
rightKite,9.575872279865029e-05,0.00010134319531046428,0.00011119441541656507,0.00011802705095524488,9.012410307371896e-05,7.739970240947646e-05,6.591472451867875e-05,0.00010117938635202276,9.996993852324651e-05,9.873559829859225e-05,0.00010523194126244962
rustedHinge,0.00011232954935141176,0.0001092114054917937,0.00011535913414635458,0.00012078148167395888,0.0001170863422687296,0.00010949429039588611,0.00010117938635202276,7.19316819903718e-05,7.72805508811965e-05,0.00011665807791692131,0.00011178090634224159
hinge,0.00010978232537218072,0.00010463610969753367,0.000110995558748524,0.00011889804626559072,0.00011668664716139419,0.00010743788401367229,9.996993852324651e-05,7.72805508811965e-05,7.368070673579026e-05,0.00011427676403515905,0.00010955039217881978
trapezoid,0.00011061866174021287,0.00011387696715471647,0.00010141182067029482,0.00010308243223452995,9.449516113145574e-05,0.00010824284886555311,9.873559829859225e-05,0.00011665807791692131,0.00011427676403515905,7.358340015171878e-05,9.446921979552058e-05
random,0.00012545659052735613,0.0001288956053572264,0.00011685137257506326,0.00011046733412242305,0.00010789614707942398,0.00011188204793670797,0.00010523194126244962,0.00011178090634224159,0.00010955039217881978,9.446921979552058e-05,7.393007087095066e-05
