,square,rectangle,parallelogram,losange,isoTrapezoid,kite,rightKite,rustedHinge,hinge,trapezoid,random
square,0.18197442624125676,0.2163937258569117,0.24210386215579988,0.2649260092762037,0.20411589422614912,0.19825950692911243,0.1924134223773228,0.2226785121109105,0.22059285177528928,0.2086420323882604,0.2389875566047033
rectangle,0.21639372585691163,0.18718166280777693,0.20885977761646415,0.23698577731459977,0.25001956563884054,0.22619729889883655,0.22261428341669406,0.21364548089878233,0.20396009581584157,0.22720804315556076,0.2644221490827478
parallelogram,0.24210386215579993,0.20885977761646418,0.20026525601800776,0.21896327130970414,0.2668159899095523,0.25154631441367514,0.2433886055513035,0.22692291342429544,0.21649808584885355,0.23273290415657794,0.2619956539843534
losange,0.2649260092762037,0.2369857773145998,0.21896327130970414,0.2065370528427668,0.27542891734858804,0.27229736778012864,0.26329878469602136,0.23876153953374557,0.23234022394055243,0.23788083930150578,0.2459911179320147
isoTrapezoid,0.20411589422614912,0.2500195656388405,0.2668159899095523,0.27542891734858804,0.1898779582514568,0.20936416478042302,0.2045179509343835,0.24854140920975368,0.2500946402656546,0.2152208536577376,0.23192343663964923
kite,0.19825950692911243,0.22619729889883655,0.25154631441367514,0.27229736778012864,0.209364164780423,0.18923839829013886,0.19658563415670507,0.24294805543236472,0.2408814381650561,0.22669686181991888,0.25451086690662034
rightKite,0.1924134223773228,0.222614283416694,0.2433886055513035,0.2632987846960214,0.20451795093438352,0.19658563415670507,0.18686382471531535,0.235154737326147,0.23272694679644534,0.21049907508698626,0.24363144831370745
rustedHinge,0.2226785121109105,0.21364548089878233,0.22692291342429544,0.23876153953374554,0.24854140920975368,0.24294805543236472,0.235154737326147,0.19532718271590688,0.19722295729131423,0.22876552883375809,0.24818101484594637
hinge,0.22059285177528928,0.20396009581584162,0.21649808584885355,0.23234022394055237,0.2500946402656546,0.2408814381650561,0.2327269467964454,0.19722295729131425,0.19286115462926648,0.22491974448975643,0.24895712865223849
trapezoid,0.2086420323882604,0.2272080431555607,0.23273290415657794,0.23788083930150578,0.21522085365773766,0.22669686181991888,0.2104990750869862,0.22876552883375809,0.22491974448975643,0.1933265339127025,0.21690125839350985
random,0.2389875566047033,0.2644221490827478,0.2619956539843534,0.2459911179320147,0.23192343663964923,0.2545108669066204,0.24363144831370745,0.24818101484594637,0.24895712865223849,0.21690125839350985,0.2029710844272058
