,square,rectangle,parallelogram,losange,isoTrapezoid,kite,rightKite,rustedHinge,hinge,trapezoid,random
square,0.015490127460706767,0.020519695678576463,0.02412834616018693,0.027445157732093897,0.018320314300170816,0.017583004011013557,0.016842918359404924,0.021201298525105626,0.020707608524887254,0.019117023389311958,0.022721613064461958
rectangle,0.020519695678576463,0.01608550070881198,0.019258749056916005,0.022823250797333,0.02440040190270026,0.021381006317969072,0.021064960764487644,0.019507893713868827,0.018120181708765514,0.021595038229269337,0.025158985494854985
parallelogram,0.02412834616018693,0.019258749056916005,0.01742030553839601,0.02012233299829962,0.026314251955297553,0.024629368282548827,0.023706033396235556,0.021214369004550353,0.019767206356845986,0.022189099411046256,0.025034802251938874
losange,0.027445157732093897,0.022823250797332998,0.02012233299829962,0.017773156878243872,0.02761836047370624,0.027011424030604754,0.026485436222628733,0.022423077069959826,0.02174166032810734,0.02325916468266959,0.02305121397183919
isoTrapezoid,0.018320314300170816,0.02440040190270026,0.026314251955297546,0.02761836047370624,0.015874611815877737,0.018765123804774197,0.018225751816334915,0.02395923041054683,0.02393042907386161,0.019654812326793118,0.021706495157996563
kite,0.01758300401101356,0.02138100631796907,0.024629368282548827,0.027011424030604747,0.018765123804774193,0.015727127019083673,0.017064674863540803,0.022865347014273663,0.022517957164266078,0.021274503304694704,0.02403048912428534
rightKite,0.016842918359404924,0.021064960764487644,0.02370603339623556,0.026485436222628733,0.018225751816334915,0.017064674863540803,0.015691956995020396,0.022193549278293503,0.021696942858167124,0.019147916237036808,0.023295617332194846
rustedHinge,0.021201298525105626,0.019507893713868827,0.021214369004550357,0.022423077069959826,0.023959230410546827,0.022865347014273663,0.022193549278293503,0.016803436191001716,0.016926702393139946,0.021604572095512017,0.022823077528806753
hinge,0.020707608524887254,0.018120181708765514,0.01976720635684599,0.021741660328107343,0.02393042907386161,0.022517957164266078,0.021696942858167124,0.016926702393139943,0.016256733023437518,0.02103883591440136,0.022942774351695495
trapezoid,0.019117023389311958,0.021595038229269337,0.022189099411046256,0.02325916468266959,0.019654812326793118,0.0212745033046947,0.019147916237036804,0.021604572095512017,0.02103883591440136,0.016342669158500155,0.01944977960631338
random,0.022721613064461958,0.02515898549485499,0.025034802251938874,0.02305121397183919,0.021706495157996563,0.02403048912428534,0.023295617332194846,0.02282307752880675,0.022942774351695495,0.01944977960631338,0.017060092646302503
