,square,rectangle,parallelogram,losange,isoTrapezoid,kite,rightKite,rustedHinge,hinge,trapezoid,random
square,0.018487038576607596,0.02274068510565416,0.02626145036961635,0.02934074357706786,0.02124264979088676,0.02066126863070202,0.019892988751157414,0.02383047681297618,0.023388682034394776,0.02190138736178754,0.025814210389108926
rectangle,0.02274068510565416,0.01908688967303111,0.021934219257760124,0.025644614567138603,0.026906474001420305,0.02406492447161402,0.023637812111424246,0.02270692800695182,0.02129929215868385,0.02415548595324984,0.028879579414492124
parallelogram,0.02626145036961635,0.02193421925776012,0.020793557124800077,0.02325300557455478,0.029378973219415676,0.027660737210038557,0.02654462931667316,0.024465106169024853,0.02291525834601745,0.024949879198765196,0.028632463373095725
losange,0.02934074357706786,0.02564461456713861,0.023253005574554782,0.02168253426872313,0.030723215623929597,0.03052199596648048,0.02925744648431149,0.026063936193124075,0.025016341970544077,0.025768297037390486,0.02679777965131242
isoTrapezoid,0.021242649790886758,0.026906474001420305,0.029378973219415676,0.030723215623929597,0.019472637789782653,0.022058397388453277,0.02137421103227395,0.02704573162075488,0.027045931785908098,0.022701640558419844,0.024959441421724366
kite,0.02066126863070202,0.02406492447161402,0.027660737210038557,0.03052199596648048,0.022058397388453277,0.019489987913591883,0.020443242893579114,0.026587763922793824,0.02615191008046694,0.024428461645699766,0.028103100874625694
rightKite,0.019892988751157414,0.023637812111424246,0.02654462931667316,0.02925744648431149,0.02137421103227395,0.020443242893579114,0.019207339964263565,0.025584992308420096,0.02509449533004554,0.022270640375405843,0.026549952005344133
rustedHinge,0.023830476812976176,0.022706928006951822,0.024465106169024853,0.026063936193124075,0.027045731620754885,0.02658776392279383,0.025584992308420103,0.020372614354306914,0.020487269015136127,0.024615938381837198,0.026986879001487673
hinge,0.023388682034394776,0.021299292158683855,0.022915258346017448,0.025016341970544077,0.027045931785908098,0.026151910080466946,0.02509449533004554,0.020487269015136127,0.019786643326503057,0.02390241237615136,0.026865807445663466
trapezoid,0.02190138736178754,0.02415548595324984,0.024949879198765196,0.025768297037390486,0.022701640558419847,0.02442846164569977,0.022270640375405843,0.024615938381837198,0.02390241237615136,0.019862413276354525,0.022854092905738414
random,0.025814210389108926,0.02887957941449213,0.028632463373095725,0.02679777965131242,0.024959441421724363,0.028103100874625694,0.026549952005344133,0.026986879001487673,0.026865807445663466,0.022854092905738414,0.021084637743914714
