,photo_face,photo_profil,photo_eyes,photo_face2,photo_walking,photo_standing,photo_hand,photo_legs,photo_bird,photo_butterfly,photo_girafe,photo_fish,photo_cherry,photo_tree,photo_flower,photo_carrot,photo_watch,photo_key,photo_truck,photo_velo,photo_road,photo_house,photo_mountain,photo_windmill,drawing_face,drawing_profil,drawing_eyes,drawing_face2,drawing_walking,drawing_standing,drawing_hand,drawing_legs,drawing_bird,drawing_butterfly,drawing_girafe,drawing_fish,drawing_cherry,drawing_tree,drawing_flower,drawing_carrot,drawing_watch,drawing_key,drawing_truck,drawing_velo,drawing_road,drawing_house,drawing_mountain,drawing_windmill,geo_face,geo_profil,geo_eyes,geo_face2,geo_walking,geo_standing,geo_hand,geo_legs,geo_bird,geo_butterfly,geo_girafe,geo_fish,geo_cherry,geo_tree,geo_flower,geo_carrot,geo_watch,geo_key,geo_truck,geo_velo,geo_road,geo_house,geo_mountain,geo_windmill,word_face,word_profil,word_eyes,word_face2,word_walking,word_standing,word_hand,word_legs,word_bird,word_butterfly,word_girafe,word_fish,word_cherry,word_tree,word_flower,word_carrot,word_watch,word_key,word_truck,word_velo,word_road,word_house,word_mountain,word_windmill
photo_face,0.0,71.81840747188369,94.67709568722034,77.61919777251174,75.95986971055041,73.02473515868682,65.62372275713282,69.2983290864174,86.06407602311891,93.34705956429396,98.60105666843882,88.22542912712717,77.97730184566616,60.43936324747262,73.59560692447371,75.67456956512967,70.19567203440236,93.3624763877164,93.09127486669928,87.11142944514016,96.7938451388895,76.28698687715097,84.82051157057738,77.799920156966,77.55442596025601,92.1565837220951,99.59418401368819,96.36149900357003,77.75024390102114,74.7101355158728,81.78397638354704,85.78280731379823,85.51280464918412,104.65132636197661,78.06032496488002,87.91517481017215,92.24069030193338,65.6111486492724,80.78819654419027,71.77200522739686,68.73153290388447,98.42089324993808,93.48767547599984,91.49454927520495,89.46261820144322,95.98060860710362,87.59556563047255,81.41568217662163,104.9162583117748,77.64277579365107,98.32021061885412,88.53107733084455,75.15114135746846,78.19462497803524,76.95891993132007,81.08416782371793,79.00413679723138,96.02841904735398,90.08354834235729,98.4599753896307,90.89299769758533,73.33790246815275,70.76886116650041,74.0664042704351,75.87962414958166,94.85974787719996,98.30924896746853,94.70274832915408,76.26170407551396,93.37412180762608,89.55577321418846,83.02511911256192,79.25881751763286,84.61562626751154,82.46912376436443,89.02802714186258,95.35777876440311,95.05779815378041,82.80156311394761,93.57993917765104,89.88650638898588,92.92152106343467,86.3674521709361,94.35681351074787,93.39524115109447,83.01543990631447,82.60143473314699,93.36635766469185,88.9001653807896,75.8489916343804,94.19443116911998,77.50253530084727,83.3658101829271,89.64781705854138,97.5777103927762,83.5543358730445
photo_profil,71.81840747188369,0.0,90.31635579711669,67.07324540623104,89.12386020754397,92.02673992654982,75.53108892329867,91.63621356979506,91.04092398985686,87.75422548520072,99.46047012670476,95.7417150342931,83.35908503579884,73.80210233904387,92.78878108901833,95.96645989332137,90.85753755202532,99.1375816385431,93.53574894792844,93.14519715015278,93.04050890632384,65.28678299126621,92.21776803531107,74.98112319561093,94.4120146261446,79.72297612355331,103.36278807727496,93.13510406087327,87.7623058183546,89.54360362937928,92.06336866191667,85.85266119095263,93.49639015485246,106.38961241399348,91.42252773687278,96.21971231923048,94.05791554004014,88.24180751928752,87.9349621389844,92.60808319737399,91.02199058083158,103.31133279144329,100.46887614219146,93.26518263470147,98.36224995427969,94.91825945818802,97.36998325916673,82.79485310733361,103.93249471490871,97.40913906585041,102.28396231754914,98.248992878356,88.75467598547213,91.56352725339276,86.14869552834163,96.04428339284736,97.77068449322509,94.62365353781168,93.98671388496157,104.50724361332051,95.64116780147152,90.97316103968754,91.81364064755901,93.9311860577167,95.48062041500472,104.29551411824308,104.39306595700758,97.31099429459002,86.77648624186645,84.98012156621259,98.38406450975799,89.07532320143797,95.05461898053704,93.49484831938382,95.28904543663059,98.13057063522041,101.2623416369325,101.09317466797674,93.45411199308495,99.6619905033461,95.28352371125324,101.52694135626732,94.48779117976308,100.26252137901032,98.43326058694629,94.2939768079203,95.18751152704078,97.84551934831696,95.62315510867815,96.34763216021248,99.39274881880034,94.11486386213261,96.26955488693001,95.24599385200511,105.71310406176431,96.38838254447674
photo_eyes,94.67709568722034,90.31635579711669,0.0,82.8874544333722,101.49211118244799,104.98608731091998,96.3046145786549,107.44190141632212,91.59154678595398,76.30009971996743,100.05590787957543,89.38760488941296,98.74714786532756,96.2182894982421,108.14185984804475,107.48088597060764,107.7620792559953,93.7494634845045,76.58840979487344,88.97096555349782,55.377239484222535,87.79548591076522,82.58193508058419,90.66923044662073,100.65190748298136,103.40503153245868,95.29161102317279,88.11237875741669,106.02153139164169,104.86146073129515,110.83834630459144,109.85003897907882,92.45841078181503,103.80833415943714,109.46168768316186,92.71983336458034,92.53887073703153,101.41132681876593,104.71571098545763,108.34563070525698,101.5087315727185,96.66904501159243,93.5756121115301,84.02352904724135,96.45273725193873,79.89298375759878,94.14160191937935,103.47691624922543,110.67991532839228,108.71206001081525,94.59294863827112,111.73393757638561,102.80140543039501,107.04267667234195,107.5173930923982,111.95253875642932,109.36703785853977,100.07328781621776,110.99458268090099,92.4552347648014,111.8467918742772,104.19306228120088,105.74204226837395,109.51139031439955,108.89990636273309,99.19386202894201,90.96761157136241,89.2225085699167,104.62846150127892,109.71835206998821,96.95705951548724,108.59072781732185,98.24832939855366,96.50322033087309,98.6947362593587,97.88757216375792,92.30913424045637,92.76297133884714,96.84892220729667,92.73128186609661,94.16331778380811,96.33132408998898,94.5071197570413,91.99872913803813,91.20548753907275,97.75490722931175,98.6825668683214,92.1146111117488,94.36188481506224,99.83910164768176,91.99420383242065,97.60311886075623,99.62342588381745,94.09773647606094,99.64889470219728,99.8009193520762
photo_face2,77.61919777251174,67.07324540623104,82.8874544333722,0.0,89.89641793823635,93.31730462730594,80.98826766241433,94.18388854104899,86.87925111841717,84.56176533132832,97.58629927125516,94.8457920988428,87.51197525069563,80.30087177680254,97.51066642415546,96.79070249397392,96.80005453595018,99.71647929321438,93.73761639391076,92.85044134063251,86.38349215869512,70.78106420268558,92.07106633800501,79.1033053054011,90.30976927447557,89.25910291848055,103.83062865441289,90.0431764861428,92.50145607928991,93.89935399584327,97.32922883524759,91.84500834576131,90.07824016275042,100.47561577320108,97.35044177066631,97.19608360750912,91.96568448429369,92.30065962109633,91.86500594017943,97.21410308105908,92.16633790936474,103.40657879020318,101.15140870873402,93.30096495364302,97.11383305302853,91.76495662226279,98.9816579379955,89.23316213611476,106.2861282432877,100.57654770213979,103.26441329931941,102.18654057549324,91.91951887695303,95.31869872407799,93.31463991551745,102.54986241718397,99.83461363037809,89.6082509881278,98.76585490495209,104.81914257955421,98.77844228433698,94.59097425072207,95.83190111572016,98.34115860879405,99.81626613263516,103.0823319448321,103.64493684079376,95.68328239938673,91.5142344544906,97.28390754650033,98.05754198874037,93.96627960073293,94.555792873956,93.90671188312093,96.0522450693276,96.97525728887062,101.56374554933963,101.33192387631117,94.36160875485814,100.96336847856239,96.29901392428229,100.44423188274916,94.93149344263756,100.67773008512609,99.61928182390302,95.31856523466122,94.81916133014009,99.0232598899532,96.47137070697667,95.74449051657504,100.42845750396127,93.89558468508478,96.41852111733118,96.09293906440482,104.37316640225568,96.5816000456827
photo_walking,75.95986971055041,89.12386020754397,101.49211118244799,89.89641793823635,0.0,68.95149140677279,76.25479646450906,72.27572017784867,78.96456420527491,95.33036009004857,97.50207902875394,82.0183906108286,78.86257045517178,73.2563743983974,67.929371948069,70.0665747142815,77.68394931387695,81.89575871522968,90.66109071401112,84.0028258091865,100.86827433753515,90.5947543705938,82.03962481403747,89.34966992291955,77.63904449179189,96.18795244377601,89.72988653345303,88.90199841871842,65.31047767851874,77.41731422736001,84.49276090005071,86.51945287531048,78.81082205701856,95.27912132044939,74.17996889949963,81.85916794498952,95.66360180082775,73.32957484518477,82.13463363335178,71.70574473505353,72.09417961357049,88.85837251975052,87.57003071122708,89.45322900942416,77.73034122826274,98.28848544155358,76.12137970615943,91.6486155869011,98.37131627360591,66.26700988584787,92.06919408861114,81.84040334965158,73.09077171729943,78.46136305825864,83.22581534253267,75.56541470687276,71.0133343711191,94.20846102073253,78.53917662578813,88.81401868934105,86.52574349668186,71.41601946942183,76.99793023470419,71.34687608363119,72.50120989076962,85.07009579308622,90.11350762168252,90.59801287966752,81.89060459319305,98.72572883719457,80.10373711118248,90.62697759036159,71.45934522191571,76.48021756738001,74.5367812554959,80.19396755724642,86.83097536485916,86.58830812566599,76.15409531465689,85.17566844217154,82.36754238855825,82.79997519610905,80.43662081605386,87.21700329441697,84.77963066558816,74.58769063318479,75.50852692180077,85.02993116930243,81.53978298959332,69.74522259973624,85.7084506403855,70.97043254566695,72.29058034764347,82.19812143634884,88.40736792701873,72.30374870484502
photo_standing,73.02473515868682,92.02673992654982,104.98608731091998,93.31730462730594,68.95149140677279,0.0,75.88565528768672,67.72468521565757,85.2418180789797,104.2467904604837,94.30587789745886,85.83674180819114,90.85701679340586,78.69944444157585,58.021335173336205,59.66381249862987,66.67573382811759,83.91602463045822,98.05077284800747,92.4432148457214,102.74761062889709,94.50089856793278,90.38240037586351,87.56183676185202,85.23789270389541,100.62906742361999,95.17227488766017,95.52754561883572,82.33725418804553,65.44026609930674,86.68660820901025,91.71420499111748,83.0412766203811,88.42973407256537,72.58222133240234,89.13861435189756,93.37010337581214,74.13978009340644,77.4611102967425,59.80923008131432,74.0114121555018,90.58560053619672,93.9916154070298,99.38371286276053,79.58661559733984,104.03186082870562,85.85963382748298,88.01840071710181,98.18351282331405,64.4582345748858,97.29228295069105,70.09954350436799,82.44173524402834,76.5720820918321,86.61610674119142,80.56441478045343,70.30200808510517,93.75490833005648,78.99727168954072,93.93441325639182,89.40114781308655,70.32207611481289,61.948187108114,59.08223054454676,62.7080506046211,87.68229787372279,95.82185629382606,99.47066133081583,79.70953551701965,96.67648816589934,80.46349098732563,88.98213775126102,75.29865817395371,81.35193140737813,78.62532998419664,82.87580836441235,90.93605346666962,90.65166760807195,80.78030793692777,89.17570825662531,86.5082346226428,84.42124449908351,85.80833555586706,91.1039976023735,88.82999100950646,78.90745854052128,78.91548189369706,89.49012204550517,85.8634038176737,75.4119236061281,89.84356396306825,75.1439854007402,75.22453520171722,86.17860362550944,90.38352964007386,75.1183133667776
photo_hand,65.62372275713282,75.53108892329867,96.3046145786549,80.98826766241433,76.25479646450906,75.88565528768672,0.0,76.37563840721843,91.23464182014699,94.02099657901319,102.69628595588982,87.70417161428101,77.25605271990989,71.10122051288575,79.03116768536562,79.21035189687157,80.29468987168052,91.61545124015763,92.16478839525837,86.44371155003127,98.04490832652431,78.4768113863105,88.26497094678882,82.87988952330795,88.44684326026427,92.83768097140636,95.56994314346883,94.61329234736597,83.1967413112395,80.3099563278268,88.09775434999854,89.47491205073256,90.15508008227687,104.60882870194796,82.55413941438408,88.20031536169398,93.00368892559517,75.59357116702974,84.7992763211813,79.42261412343741,79.35246266796278,96.02831907725403,93.76590119339538,93.88178375386838,90.51065524826626,98.42226112935282,88.40415051953681,85.51286445041309,109.38129046936194,82.7067667866532,96.41165262957539,91.22140294601913,82.51051716818883,87.2277150859817,80.09309631347743,87.52768210372413,85.1800172533818,96.83826235369091,90.43587252310283,98.44023838254557,93.58072206270381,79.71182672615346,81.8818951631411,79.87582238383943,81.72563548391896,96.84694533953312,99.83368664488327,94.10426812066656,83.3056085254951,93.47808926488604,89.09276244974643,89.2098132825538,82.98425119598461,82.2835302333465,82.74327783013582,88.86690638535995,93.03049530865373,92.65279237237303,83.36815905611071,91.35058587586528,88.89367991835104,91.49252125309455,86.69711662378211,93.1459992119644,90.99483190380327,81.95007105788854,85.39526987572852,90.47390795624918,88.03956748075534,83.44064198995521,91.8920392671402,82.18693569371773,81.60516709819485,88.71159975758061,94.99854284433586,81.61616368993667
photo_legs,69.2983290864174,91.63621356979506,107.44190141632212,94.18388854104899,72.27572017784867,67.72468521565757,76.37563840721843,0.0,92.94153845140012,105.04446884100149,104.80684719981345,92.25241255055617,87.92774231270361,79.23080979735867,68.8051995414553,72.14687732420586,72.1812182566764,91.33096981211932,101.37881410938134,95.38928769571868,107.43280221914615,94.95197629954345,93.79232260105404,92.75213941904738,85.48841486754141,102.4405943378615,98.61518053078153,101.3699932235139,79.17710381713754,75.82627584240022,85.90837529656639,91.9824103614569,91.22007667028953,102.38855279532281,83.97252102920653,94.25849327378347,98.50398234573231,75.40689577380444,83.16583187054144,71.23234554362857,73.38050249892879,97.1274316058709,99.82956016026597,103.23951478148739,87.77576793871779,106.25061763411705,90.87514877931311,95.65392406471177,101.4698371119682,68.46984096736821,100.80045708768662,84.49696172588129,79.90593539802774,76.17892720192026,87.6459161584454,75.94122636650624,71.07931761419472,99.62078922905229,91.4942610134273,100.41613670145856,89.6504485943554,78.13037324530494,75.48341924776484,71.48011675649755,73.84618182692051,94.49151384512251,100.6575049134272,101.87664577068907,87.27376863548385,100.65099801904854,88.73799180182216,92.60183843559305,83.26481074562382,85.66007701372284,84.58709339289594,88.98104705215812,95.96159191417885,95.73389768562764,86.55456652195056,94.34407614573628,91.87412634256873,91.16845732668513,89.88528386020138,96.27458893874454,94.99818746815131,86.06082682337775,84.82848742051523,94.14043299427613,91.26662593757453,81.36153088399614,95.05241847290155,82.70385240265557,81.96890369790088,92.82808071425849,97.37685341288262,82.21136740010242
photo_bird,86.06407602311891,91.04092398985686,91.59154678595398,86.87925111841717,78.96456420527491,85.2418180789797,91.23464182014699,92.94153845140012,0.0,79.58315048302562,86.13230796473141,67.88719973277323,88.84551806477236,83.88109025084758,84.74764970055442,83.28911887889862,82.85563938691203,64.59539764257792,78.94831316858364,72.96537087393452,90.15828319438346,93.10414908065988,87.15793790377361,94.64224796917162,81.99027599910788,92.34938793505236,77.01926246247953,80.60105944648134,87.89682868802433,85.56590426662127,95.21374037428045,91.53301452065199,63.6122298032573,101.7345635021404,85.33040292625932,72.33109282785647,95.85576862949641,83.67237012470508,83.46691594949199,84.08490093082656,75.78490826204214,71.42630147294577,79.49385551308313,77.46467947557333,68.46874248035395,91.66141674834336,75.29741156516961,99.10734413588239,103.00062480583873,84.00160920750538,75.8298771944228,85.84502935020892,88.54759773529584,88.03031705268276,93.91894344399921,85.51997139014485,79.9478210500034,97.62874057053835,83.79841031628,80.22037754620997,97.38398539696604,81.81980622088346,86.42206626310208,84.85324425513993,82.21648076173857,67.94807063333958,86.68726675494028,81.04577403299018,89.45580257135762,96.20924495223261,81.54963406363825,96.87352276358452,61.70927021484065,66.32826884976286,63.90368878637801,63.05480075185949,71.55492724921943,71.00946124915772,62.76855171581272,69.20554777239596,62.54998000227624,68.32328635003384,61.291557956586395,69.99959135832202,66.76428440737064,62.45114392586649,60.38002934181534,67.59180573060603,64.46061561012144,63.44520779096321,69.75763033546238,61.85077890974441,63.34286254213218,61.841245686090026,75.23936644803007,62.6181963758425
photo_butterfly,93.34705956429396,87.75422548520072,76.30009971996743,84.56176533132832,95.33036009004857,104.2467904604837,94.02099657901319,105.04446884100149,79.58315048302562,0.0,103.33091313273967,83.27577492930229,94.79012295189293,93.48150713526465,106.27095596742089,104.43476068088246,105.52641998930743,89.80350866658773,80.70655714596793,82.37375652024042,78.64719223091585,87.5453744163075,90.49301117142451,90.53260834601511,96.20100311147624,94.52360940943508,92.11290049141566,75.47585239815285,99.51192191404598,103.18738304137042,108.5487313105663,105.68191258919111,83.617692693764,110.87464639113956,105.33016056079894,87.41210092632615,100.08551978008086,98.48566298055565,99.92339418375397,105.75542146632864,97.06667268693792,93.19084946692813,89.72884650087136,82.53876874775075,89.78835657678844,87.21474708722664,90.3344173422722,98.41862554238382,110.85774617844403,103.8729751161754,91.04199920544771,104.35506895456068,98.3532102717086,101.99116557937711,103.85562989112117,105.11681262838573,102.57932541042554,102.02514760176065,105.60886459084715,93.1043654392302,112.9544469927218,100.76057924080645,104.66613314447373,106.5842811032306,106.70641164901393,94.87387273987625,94.97756699678908,89.66058501241478,101.50827985549839,104.53446533096493,95.18987352924066,103.77794752897724,88.55987949382659,86.69394889679906,89.02067068388588,88.83129352655206,91.28556613552301,92.38560529574487,87.01064444649204,89.62503821772775,84.49228524288485,93.60273362744935,85.07562095937045,91.60057243348453,88.0085175559652,87.87711460614366,88.98201162088863,87.333789043133,84.76934822832237,90.03585361290244,89.00122815801653,87.89275305745896,90.36604807492468,84.3018094213941,97.21165441020811,90.56917613978055
photo_girafe,98.60105666843882,99.46047012670476,100.05590787957543,97.58629927125516,97.50207902875394,94.30587789745886,102.69628595588982,104.80684719981345,86.13230796473141,103.33091313273967,0.0,95.81979904803727,103.6419113501172,97.63460775185398,94.88259473339271,97.39848550802031,95.75350563844353,90.53269755901758,96.00853688986379,97.9696287432158,97.89513383420793,97.55230637095481,99.92329645251407,98.80144017069362,98.06970428457645,105.53499283284714,98.59593792417,99.27579169815799,103.50591921800695,97.73772311071195,99.35425964428136,101.7130405496223,97.22022765884013,101.89536127407622,96.53594758242352,97.97179958167322,101.26397759479724,99.13845265846824,98.44938502162974,97.86429169550557,93.0459333469714,95.7285496287847,92.06350578296326,96.45983590868128,94.77193859044188,106.32289688156759,97.2562581419524,101.94560425341902,104.30172816097156,100.16796515544037,97.07526169647682,95.20204766314194,102.12951789224005,97.1863485029919,99.83221682568026,97.0757634928036,100.68356460805596,109.60670077678347,97.54866361755776,102.2550373081418,101.72693984532168,100.04068911686659,94.58310648440354,98.19905768170015,98.77854757340593,94.85320568148887,97.06594667836701,94.77882542084987,101.58138270016244,107.27208214261287,89.60910070300416,98.71646013878306,94.34765921313591,95.55210387045128,96.02432731032647,92.96939600046124,98.3045640633658,99.15670313116046,94.87131303120434,97.61729666845073,95.01016642047826,94.13044084916446,95.62357402230265,98.23272175841005,95.95139432982084,94.52090996237395,92.12290853241527,96.32208941210389,95.68391073178506,94.58346470693988,97.71632875520396,94.28265854108876,93.32559385341548,94.55803438484755,100.02792784974434,93.00566617968106
photo_fish,88.22542912712717,95.7417150342931,89.38760488941296,94.8457920988428,82.0183906108286,85.83674180819114,87.70417161428101,92.25241255055617,67.88719973277323,83.27577492930229,95.81979904803727,0.0,93.54164028787437,87.9352747086618,86.71528764975601,83.1368463818721,86.0515982517839,62.029656806005036,72.03753193564286,70.45137489627962,89.32878604468623,96.09191712618315,84.17855805978475,96.31705722765071,89.88102949547866,93.167384000621,64.30904409323375,90.13997182966129,94.0860896955994,88.81465771547454,98.5469467393633,100.55044831163282,78.39885678560324,99.28735379170455,89.8573981632141,64.97306118912897,92.18302287710164,86.76257444812327,86.7497927364666,84.9169314007213,78.57527812719724,66.84904109376,75.78845958862419,78.44000120683134,63.56361653973259,91.83144252783141,72.78158732451487,102.23421413672173,107.05017582719483,82.19365493280539,65.0180475139414,94.36623493624423,96.4901855659511,91.84575604444888,97.1324055219629,89.69547738967707,81.12114254465874,97.09924814367687,89.59045061090814,74.12708099863059,98.00432275152119,81.63374673896708,89.31613229233103,86.24603588065595,83.2314075708569,67.38509799836753,84.43424145974743,83.87116662192783,93.90343216315239,98.15365969194222,78.13728014100074,101.97234104787638,59.00125735890939,60.09934763130588,61.358859314912515,60.39724045149178,62.02819043109916,61.48744465087558,58.22145646590656,59.057787602698596,55.355484991299726,65.91048705467136,56.6756931991535,62.04709257316568,57.31054517712668,59.62152061768553,59.84317981968463,58.95542609259965,55.73948075957108,62.95271253740852,58.57567791630986,57.76017670863888,61.8197739980367,55.180517637072576,71.51673344478368,62.02572113954274
photo_cherry,77.97730184566616,83.35908503579884,98.74714786532756,87.51197525069563,78.86257045517178,90.85701679340586,77.25605271990989,87.92774231270361,88.84551806477236,94.79012295189293,103.6419113501172,93.54164028787437,0.0,72.01940645225103,89.97825367815456,88.01141965852241,91.49710727128347,92.80071593220882,94.50479745840495,88.17566398078782,102.97670253111697,83.98831302479178,83.06864747043271,89.10630589575429,91.99809250112433,97.17500225550289,96.87310387072455,98.60431481482011,79.07488051187882,94.10007720405835,93.20976252506708,90.66085468034669,91.97179965461248,109.15048870482623,88.76930882989019,91.99098526107811,101.19512839836156,81.1898626017635,98.227079025245,88.42455658217818,85.33946464398466,97.1625831644263,87.41528663197245,91.7093603142407,94.42719322113224,95.35211026198523,86.77726656731578,92.30115042042975,110.21119443644768,92.76220873777177,96.90040966600947,97.40853366365492,84.14799450011625,92.16664225333821,92.69601318178178,89.07815945775397,89.51746467265424,98.94234902103364,87.17808370144891,102.91133775195814,93.44249406867903,85.43893081488189,92.75514442126169,90.21613990951721,91.03775914721844,98.521695611072,96.0627783292571,92.97536934949814,84.66460484962896,97.17367059994334,95.75498202960725,95.4409858222518,85.89627397682936,85.81992599659412,84.20940232931767,91.56060493396929,94.09918808171925,93.6160102137861,84.51333103135089,93.23446227337122,89.72886733757406,96.71046811251577,86.56010551308064,93.07842228224088,93.8950313871619,84.30888863425845,84.09181994424894,91.88271536635995,89.90491225366787,83.77194631617266,93.93721098419104,87.3264192192071,84.20652724000804,90.81473364097685,98.81563886794103,84.32554868225395
photo_tree,60.43936324747262,73.80210233904387,96.2182894982421,80.30087177680254,73.2563743983974,78.69944444157585,71.10122051288575,79.23080979735867,83.88109025084758,93.48150713526465,97.63460775185398,87.9352747086618,72.01940645225103,0.0,80.47495634272761,78.59932405461427,70.54379483329937,91.67806154985848,92.22596107806822,84.53260999555752,97.35219401381968,73.04897944448962,75.50581485259197,75.97858207292452,83.62066046689927,95.46661807168807,97.98817888940553,94.19476066404685,73.69060366687388,77.2058997759637,90.73213814864981,81.35867639272413,85.38439241765268,102.87644106001393,77.48181777206301,85.21403410904716,91.35219160064895,63.321591663298776,91.05436890044089,76.12145144813113,71.78418004729507,96.67280716569131,89.89312759786402,87.31216934747373,89.67337112219079,91.54963521408477,81.90721756262293,79.56369055025178,107.56456510310241,79.79304831735598,96.67520506726964,97.23948123295085,74.78062473321765,81.11539435389545,78.79249704088066,84.3454469567217,81.79584843314947,91.27670913684705,85.31509171892655,98.05910065160094,84.12088123513827,70.52309530833706,78.76722717218851,78.76513147899514,76.22338200395126,94.64955052057992,97.46404109651141,94.09326088482844,82.35466922551095,93.5303153509798,92.32527789647877,84.40446841527461,80.22995623376337,83.09598008681263,82.04167373433819,89.09124308347496,93.47230596425807,93.45083635053554,81.32054554856208,92.10444827055734,88.18081931457583,92.83531256353197,84.78596333830255,92.58231010636165,91.48956829124836,81.09706178966356,81.93123260251001,91.63871844509794,87.62742440719546,77.0657401569005,92.63974463735725,78.70481632413312,83.07656325856873,87.8837687197979,96.39159766317576,83.43673037054299
photo_flower,73.59560692447371,92.78878108901833,108.14185984804475,97.51066642415546,67.929371948069,58.021335173336205,79.03116768536562,68.8051995414553,84.74764970055442,106.27095596742089,94.88259473339271,86.71528764975601,89.97825367815456,80.47495634272761,0.0,54.53245503128247,62.12561992711334,82.91555337298337,98.52881657585783,93.34727103230962,105.40787828678208,97.6893966239511,92.98336957632338,95.58118826545493,83.08710924539312,100.1318232628777,93.85641211970598,96.61338880595213,80.42031603666143,64.64828615050324,78.5300393534845,92.47347647852396,84.13323058337048,92.41208667814497,73.35478868965176,89.50374253176092,96.66550566805972,71.77249136789237,77.55688415875723,53.72858413410554,72.90821079793531,89.67109089206163,91.56298999420257,101.08750667070166,79.18914248550988,106.32835828173293,85.28362468893955,98.35476081131947,94.43942801407384,56.55017690519414,96.88089621157422,72.28399311809842,80.29805021610885,74.23030125129847,84.377763500127,75.51921089166993,68.63484887850257,94.98344834125047,78.65851961431427,94.36508971618123,90.20775501243718,68.21249051747719,59.95205632109894,51.538143028005734,59.05763335235665,86.82156260895017,93.34688508629097,99.52398380005188,75.06466835609689,95.70527290149381,79.0131941758166,93.50082823957756,74.85087386401385,81.6822099850178,77.97978614089031,82.30096247649982,90.39589129543586,89.9262875074672,81.40814601568313,88.89063295668542,85.9272958380433,85.50857947332304,85.111835608253,90.43996605829629,88.5165484095032,78.11147796868961,78.13947278740473,88.98772801407668,86.17838132235107,74.5626974617656,90.22520358207584,76.15191156557071,74.39444501046877,85.65885914098342,89.85919980305111,74.27339073090923
photo_carrot,75.67456956512967,95.96645989332137,107.48088597060764,96.79070249397392,70.0665747142815,59.66381249862987,79.21035189687157,72.14687732420586,83.28911887889862,104.43476068088246,97.39848550802031,83.1368463818721,88.01141965852241,78.59932405461427,54.53245503128247,0.0,60.272765851264595,83.25448803303993,96.72509335494343,90.47252752007525,105.85672289050841,97.49576245748618,89.4866320903907,96.50407349471436,85.73988511763933,102.91062017044274,94.32827886810173,96.41813175358752,82.64687581314335,63.45667622097771,86.15133665038655,92.31757029442404,83.81036389374816,94.77032207621266,73.4878465723922,87.51031422354157,97.63429145818588,70.98470701439516,80.4573851237819,49.17032261280257,74.00946215216969,89.87414420314832,90.90517401294095,100.19873640828433,77.12868241631058,106.66023945248584,84.23279942538137,98.93031525312267,101.65794311028057,60.7592641588406,95.66168123697688,79.65458944372644,83.07355729031174,76.32481180019117,88.20299640650127,81.85943485803398,71.17619073059669,96.69271671916624,79.0980750409709,93.43244790544514,88.22527043928254,63.48299256087627,61.15507734183972,53.02657588174182,57.30142774915008,87.00515647182132,93.89936920983044,99.2559478707931,80.49471021105248,97.13158780477687,81.09260278949291,96.8728074661305,73.2324704938377,80.40270169751224,76.70986789094803,82.48109932480767,90.37328533671783,90.01334645972737,79.05061710570537,88.50604289345497,85.92957575000001,84.10363564984057,83.97101273156447,89.34237479302976,88.26765232017057,78.27471041953373,76.87801262387771,88.92552498473259,85.30738281467943,73.29950090959254,89.30458161184696,73.31959645010082,74.53093172629652,85.65662332008661,90.03170929353001,74.39932788893333
photo_watch,70.19567203440236,90.85753755202532,107.7620792559953,96.80005453595018,77.68394931387695,66.67573382811759,80.29468987168052,72.1812182566764,82.85563938691203,105.52641998930743,95.75350563844353,86.0515982517839,91.49710727128347,70.54379483329937,62.12561992711334,60.272765851264595,0.0,86.96763903434028,99.53444501739003,92.3680776778612,106.04026187067679,93.3788196717047,87.91532355875867,92.24217514631871,85.19852236656763,103.25840049741872,99.35146923708608,98.75951365331535,82.31692636676803,65.85294973939854,88.48228679221769,87.36629657011345,82.64836048677981,100.75101703748572,75.02075358915233,88.68462964006525,97.16008155837672,64.31337053867038,80.53871477347236,55.846001342433766,66.63215804292571,92.81945035231671,94.92518924877885,100.67250507766366,83.1178796943379,104.8267126302671,85.62351360894901,93.31101260620237,103.51351939256057,64.80278808581907,97.65470943205663,86.1295595795106,81.22722640323525,73.67860734225083,81.56067795059668,76.53478572516818,74.52174922507547,97.7108848520794,85.69814498399667,97.52947327021988,83.54551019857492,63.08729895029789,62.48387468659365,61.049422185879834,55.815016886649616,90.41692400189248,101.19942189943463,100.82448157981521,86.81778215759385,94.61634606683594,89.18856665323695,91.35063810729818,76.95439399236372,82.37666745219822,78.69759176104654,85.46591992023866,92.30775152537754,91.90359077475057,80.55696000661065,90.41831701469124,87.77245235235971,85.63933023084977,85.55995667385992,90.99600253651201,90.01521689068032,80.28598106022817,78.99774741872372,90.66147536058295,87.04352978230654,75.18235364064304,91.04780715099255,75.07166292189726,77.50901906075308,87.26014118873515,92.84417647572035,77.28983364550638
photo_key,93.3624763877164,99.1375816385431,93.7494634845045,99.71647929321438,81.89575871522968,83.91602463045822,91.61545124015763,91.33096981211932,64.59539764257792,89.80350866658773,90.53269755901758,62.029656806005036,92.80071593220882,91.67806154985848,82.91555337298337,83.25448803303993,86.96763903434028,0.0,77.24951616710439,74.28729163770082,91.43548585676224,100.77294455232727,88.49203267706903,98.63754211867199,89.93764555007583,92.029521096301,56.60667252150202,92.49018888456608,94.5048958213993,89.8957199543967,94.37622384109237,99.0580288833143,74.33825086729526,95.47666388077191,89.66814353761346,68.27821475295636,91.22220448772109,88.43229018682452,85.95330981745875,83.72011063732278,79.9456003112935,41.165984187450455,78.99557497014347,78.03223768280289,62.86486149504197,91.22998361326576,69.99284462455935,103.81568923197587,95.78027967757906,79.32355583595505,55.76791070961687,87.23069520414043,97.68186698174942,90.92989441445746,96.91762566649933,83.64101548666387,71.49512877778815,98.65418897425741,87.57518882261502,71.49805206870477,97.48472486302119,85.49302711493681,88.50352558460078,84.10793211165971,79.86146256073606,43.89905208230232,79.68054057770003,79.09514033470333,91.86437536352311,97.27400356630446,78.39985103082523,101.06547515183907,57.20346165394399,57.19050926604067,56.3387708579725,48.23262319174888,48.79740409439339,49.93471471394751,56.83730089543544,50.267719876502774,47.99636986271998,48.78000284077031,53.86002099056794,50.97007483877853,47.96028877230834,55.8768451074778,57.161172928718095,45.89432961432724,50.364532672084984,62.56184215302889,48.42091382750907,60.502924724041996,51.78692549462601,49.852522604561855,54.44396695982427,50.904310471913085
photo_truck,93.09127486669928,93.53574894792844,76.58840979487344,93.73761639391076,90.66109071401112,98.05077284800747,92.16478839525837,101.37881410938134,78.94831316858364,80.70655714596793,96.00853688986379,72.03753193564286,94.50479745840495,92.22596107806822,98.52881657585783,96.72509335494343,99.53444501739003,77.24951616710439,0.0,69.97735766762197,77.99204264298733,90.35334547294688,83.63878739085193,92.81800779575879,96.16203090240016,98.15083351902294,77.9274425155492,85.20492223062362,100.60146757861786,95.77428587464564,103.6594012976444,106.50711834091108,86.18370890258907,104.25990532521541,100.85653381965793,73.4039909394716,94.36009816372169,95.1211976368588,96.83855182164277,97.59836160159735,91.82422677397881,80.82922625298448,70.05330276504102,71.4074453172369,81.28849352439624,88.02043632674057,74.84873699156518,101.05138265095025,105.94509607305986,96.17227040835765,78.67823073173808,102.17005205325704,98.1282371523077,101.15105190862303,103.61710759883668,100.9406978186653,96.73293995836005,104.44854795946105,99.83189026211018,73.90122857917943,103.56746282141377,92.13070434244234,99.19314418511689,98.46779293120841,98.5903178934463,83.60445490288654,65.69662306449789,75.97143464763245,99.57366028087809,103.32814234703895,85.91446989167652,103.82282396864129,82.52239902430316,80.71402572668434,82.89880444442137,82.9653451221387,75.96714209180031,76.52451473580362,80.49023626137874,75.19152875250025,77.2822458595687,82.58664335016383,78.50100061202824,75.97444935017363,73.75287662966184,81.43054489990543,82.47227788733649,75.01062451589074,77.44614727335653,83.89343053972023,74.5122708000022,82.06644564745639,84.05845909443087,77.37190997492819,85.87023452534174,84.0477420006455
photo_velo,87.11142944514016,93.14519715015278,88.97096555349782,92.85044134063251,84.0028258091865,92.4432148457214,86.44371155003127,95.38928769571868,72.96537087393452,82.37375652024042,97.9696287432158,70.45137489627962,88.17566398078782,84.53260999555752,93.34727103230962,90.47252752007525,92.3680776778612,74.28729163770082,69.97735766762197,0.0,88.6797574067061,91.26268610390512,79.34331089895039,88.04447691362134,85.52863102104642,95.32648779576566,79.27713087219666,87.48639100527396,91.72654312215597,93.72731494906455,100.83056643412378,102.9514431406184,79.61011551618292,104.56326873872791,95.45161198182868,70.42668135676932,94.47346309134343,86.5950094479496,94.02989298226242,91.61577064385995,82.80951641385815,79.19374395093277,73.97110215025545,66.23453367419332,77.41043179308276,89.66662472436028,70.51506441036057,95.76733611848839,107.53563616300174,90.32554531602213,77.24011490947163,97.30289068414051,92.03585774403942,95.03570571718659,96.86655558056722,92.90252364090342,87.85248725708969,104.33641812013069,95.53349514597043,79.3537307404284,98.35979664188041,86.01585247521844,92.99364230251551,92.69678910190015,92.5060997713456,80.64973888042638,82.58264941770031,74.69742686458913,93.08072487290195,99.85014939383301,81.19910048823783,97.20953698419105,72.52156717490878,70.93242868016199,72.99223452405559,74.98441388929098,74.15558749950996,75.07424255973869,70.87155926535316,71.64728175823502,70.2112643256923,79.4548186723228,68.87295102428672,74.4796608076445,71.41072001794825,70.71008857866889,73.62701171735992,71.59193826680857,69.30366871926385,73.1456097384498,72.38353952858823,71.78728155411238,73.19488689592276,69.79015528908154,81.66350679600693,73.3960542789934
photo_road,96.7938451388895,93.04050890632384,55.377239484222535,86.38349215869512,100.86827433753515,102.74761062889709,98.04490832652431,107.43280221914615,90.15828319438346,78.64719223091585,97.89513383420793,89.32878604468623,102.97670253111697,97.35219401381968,105.40787828678208,105.85672289050841,106.04026187067679,91.43548585676224,77.99204264298733,88.6797574067061,0.0,90.31664495565144,86.83212869138168,90.27862229185504,100.09685015436763,103.52309457255306,93.01840585397,86.58954847939609,105.37501620197149,101.49781161194862,108.74861636717755,109.8025457321944,91.43192724926001,100.7936926448039,108.20671720917255,91.3367329444584,91.23753752250006,100.86384271363005,100.58207314929103,106.41324097517644,100.14810908728137,94.77042688681169,92.65174210696509,83.33366162651198,91.67492351690825,81.99504794856162,94.5738029046779,103.39393114390789,108.61140738766699,107.02831942957108,93.61370009392878,108.70724640540408,102.72744675045465,105.25643578428911,107.38926329337717,110.9362120393467,107.75593675034165,100.70158525287826,110.37058300284818,90.18018546861262,112.14602487237771,104.2821781516343,102.45993413635634,107.53208164498575,106.98790464395275,97.17082749550089,90.24093596225181,89.43342026002779,105.1477273462226,108.21531788323914,93.25693833059157,108.37987096366501,97.70272219309007,96.35639995419587,98.67869771365778,96.72131125946296,91.91363674943565,92.60951569669615,97.13402019227982,92.33375634102958,94.33603083644516,94.54738082738042,94.67874387909757,91.56556137437461,90.90150495623027,97.69290760560084,98.2739227265518,92.15702848358593,94.14759771173664,99.64110385857022,91.89139984029762,97.54546832913489,98.85876577118451,93.7625285229244,98.51689430017845,98.9915950866308
photo_house,76.28698687715097,65.28678299126621,87.79548591076522,70.78106420268558,90.5947543705938,94.50089856793278,78.4768113863105,94.95197629954345,93.10414908065988,87.5453744163075,97.55230637095481,96.09191712618315,83.98831302479178,73.04897944448962,97.6893966239511,97.49576245748618,93.3788196717047,100.77294455232727,90.35334547294688,91.26268610390512,90.31664495565144,0.0,89.77541687963222,77.78427396959083,91.84099993621236,93.87551016509464,103.36525170650911,91.87898165507931,89.75340973403908,92.12276500805424,97.85520825731261,90.51440272590109,95.50429515767175,107.54888839898675,94.62377105234802,96.29388487745022,89.44211055284858,89.49817643654494,94.78127764703602,95.62500465344003,92.1230110518364,104.45475744840628,96.14016333707475,90.75769804067387,99.09705512497172,90.44837228504453,96.29504110082743,85.5543363346875,107.70152785761566,100.29268362440801,102.42581782847611,102.75603067163235,89.6133886923041,95.9516980330713,88.51217400541556,99.32800763706474,100.64377211557033,98.08620678144895,98.00233765748003,103.26118794343398,93.10439380654148,93.32557412214993,95.18574744844233,96.91468228390634,98.45457015605176,104.65091609897927,101.4666889134374,96.00706420011954,88.33493027782902,88.4532557063943,96.64387117344403,93.86898388573297,95.89700397534932,94.31070562916695,96.51199549525498,99.66797869638886,102.73364696429584,103.76271137003182,94.53266177554816,101.53214839431982,97.03137544648143,103.30668994796763,96.07887070851059,103.07105095453535,100.00034952508466,95.44775268973237,96.06897273900111,99.48773349587937,97.16208512028714,96.97833811832251,100.85223784970704,95.1626709776087,97.46513716321248,96.73879547887445,107.30492280021612,97.72659851222156
