,photo_face,photo_profil,photo_eyes,photo_face2,photo_walking,photo_standing,photo_hand,photo_legs,photo_bird,photo_butterfly,photo_girafe,photo_fish,photo_cherry,photo_tree,photo_flower,photo_carrot,photo_watch,photo_key,photo_truck,photo_velo,photo_road,photo_house,photo_mountain,photo_windmill,drawing_face,drawing_profil,drawing_eyes,drawing_face2,drawing_walking,drawing_standing,drawing_hand,drawing_legs,drawing_bird,drawing_butterfly,drawing_girafe,drawing_fish,drawing_cherry,drawing_tree,drawing_flower,drawing_carrot,drawing_watch,drawing_key,drawing_truck,drawing_velo,drawing_road,drawing_house,drawing_mountain,drawing_windmill,geo_face,geo_profil,geo_eyes,geo_face2,geo_walking,geo_standing,geo_hand,geo_legs,geo_bird,geo_butterfly,geo_girafe,geo_fish,geo_cherry,geo_tree,geo_flower,geo_carrot,geo_watch,geo_key,geo_truck,geo_velo,geo_road,geo_house,geo_mountain,geo_windmill,word_face,word_profil,word_eyes,word_face2,word_walking,word_standing,word_hand,word_legs,word_bird,word_butterfly,word_girafe,word_fish,word_cherry,word_tree,word_flower,word_carrot,word_watch,word_key,word_truck,word_velo,word_road,word_house,word_mountain,word_windmill
photo_face,0.0,62.85991407176338,133.1999401085282,204.1895461265003,49.420799377915884,51.99912975590162,45.66393893644926,48.52916583932374,67.7823644012806,78.83903615075245,222.39853085880324,70.14541636503579,47.70168732768887,49.492561062999584,52.082294860185606,49.92666241426854,47.02709501941849,68.69494914408344,119.0438786069178,122.6087241842181,130.7916978696459,221.26029743571692,110.49517609920537,128.74243790835945,192.0084569774906,193.98779494068563,74.44595619618966,57.56917563571774,56.251325876892125,54.78858792096396,61.12795010878999,65.93985168933571,51.19865109597144,118.44253905041879,57.973337792454856,73.201442068901,118.71818642437835,48.877637361911546,56.20180383908191,60.301260945651734,57.4026167246596,77.33700361701685,115.70695268447189,116.84873448943615,75.01873856589592,119.2006306343631,107.24166895008761,52.894862096612655,124.9770688176725,65.78799671616275,79.53133936240641,69.06131268282773,55.07501068693281,65.86948245139386,57.86278496299023,72.7674008086353,67.12937203120096,80.3221620477867,68.40916224839127,81.9571539560408,226.85775005542465,68.9279082240057,59.012382338150324,63.759961372917424,64.96777251190413,76.83321542703608,120.37698340232421,123.72981616099275,67.36191249352683,56.92636305979415,115.26617653416217,58.31884229477733,60.34070785284664,58.88951898728018,63.127308521824766,75.51989564799172,73.73597452618067,75.94396649745147,56.89301095275052,73.01452544510964,72.5316902996953,65.35430198006824,77.97415761626259,74.57069569533546,75.04496200514699,59.32455722445408,59.251725088656904,73.57571540833058,74.53554812388518,60.50274878275118,73.9629894985159,61.31059540511715,60.72627277241128,74.85006647489546,75.46167596697336,61.23200697293888
photo_profil,62.85991407176338,0.0,120.39273652957814,193.94423042788344,78.2980478966917,85.82635782677598,63.634561257220014,79.37607524960066,83.20630420690807,82.7249186292332,216.01526999221556,87.74463885993006,68.3425508370291,69.92524992128828,84.514253661264,82.78928016454542,76.64359494801472,89.5261267809691,120.70449056607636,122.02733861867185,117.8374764874554,204.3016501082948,122.3224352421611,120.06442048957388,194.53150293947522,188.0746142597663,98.21916705958125,70.49561976889844,83.07182331697423,83.59265079592616,89.68765339463472,85.27073495081017,81.08105977042476,123.62613416057651,87.91667780108587,99.03385739643728,125.31207182107812,79.78910438128426,81.03618791484166,93.22219313648185,89.95942152793539,103.3232754193414,129.18472300255178,116.49559089023074,102.38465443219594,117.01281850074447,122.73174033093223,72.3250259756642,123.51333704269703,97.79788251543411,103.44617772606215,96.52455099706226,80.64116569493441,93.69405277852351,82.82109486200576,103.12243981047703,100.97041563658793,91.67560805834938,92.52155151038161,102.30339417193939,221.5815770886924,99.69337983330132,91.39918484345351,95.67872365841106,97.83708716803953,102.77839248165408,127.78368099362642,133.8770704605422,93.30302778064338,75.73284000683336,126.2907998952844,83.59182730463398,95.4913776069527,94.88269942590863,98.5358513833844,104.39210149557313,98.03908559941168,107.091778308742,92.46182399555558,98.07798623063744,99.31279147434621,93.25356060483395,110.83060247775697,99.42099547012646,99.94721233842368,95.60709443736569,95.94866244932524,97.6561273508433,101.75180884427797,97.27770016904346,99.14110322397283,97.11848051576654,96.65756925316197,101.45133386300897,101.11835699074224,97.60082501843979
photo_eyes,133.1999401085282,120.39273652957814,0.0,197.05183816076243,142.60667274384997,158.51609643854408,127.63492084428654,154.93841129840652,115.70762443262225,112.49130870775952,184.02912717779947,116.25858558555748,129.72042776946012,121.82236043367007,160.60147786444853,158.87036729062893,148.84961768719253,116.31460814298619,84.71400663666076,74.34644335946426,55.600627407014386,170.02537853957998,95.39830981302254,66.27784307752945,231.73305463211312,234.94162135431736,141.41766022959143,147.48471447043062,162.20108411555955,163.1648365086264,169.57080191585635,166.45758636674068,150.44613530680368,86.34401168068403,163.2507703791596,142.50680624166785,89.29501825203589,151.20641692141453,160.23021587981646,171.27210074493914,165.3374202704722,147.75340489207656,101.83623992926705,73.07428901448647,150.24995949542082,68.81685075550375,111.3978544216771,139.4413290575767,81.13608732798377,175.3252162605635,152.41791344430794,177.63143263573437,154.86125999617857,171.7088058751825,160.53653994662253,181.5036120861538,177.25687018218935,133.6555341077773,168.32235246004916,143.73266741265076,226.59523688837774,174.4043668212799,169.456379103533,173.2756008502859,175.129121111405,149.3221894681011,94.18604235047226,100.50832660422263,169.43161638250294,159.96085366055033,140.27190098078887,157.69942006278853,168.53718095427232,165.35026279103624,170.7608511620299,153.89589996526047,141.81816065228688,152.9493229124157,163.18164656249317,138.23827994326442,144.98508196326273,149.39930307667206,155.7930917252498,145.8692614696021,146.31352689449702,165.14762723674679,165.19270228522248,142.40697979252008,145.2439480667882,169.29874356597466,145.41898939449223,169.81496975538656,166.97125044765767,145.63581638446462,150.50277417943948,167.9372107911746
photo_face2,204.1895461265003,193.94423042788344,197.05183816076243,0.0,215.6013301655454,219.64631337787188,204.2259905376096,215.75775746023686,196.06552342871043,188.5952626686314,133.37738306935302,197.81062887566222,206.8922432890134,203.58827749262682,219.9873425819079,218.6701498376935,213.28888957219644,203.18247180602611,219.60291882277775,214.82611401252927,196.68987832847847,118.95130096110184,223.10028858944705,204.92225619351595,141.50622812222989,125.13252791148935,204.5310380932191,212.25719700801366,217.11908355164843,219.6811749706877,223.4762253337497,215.18121777773374,216.10225518366337,220.92862442791093,222.82176324960676,204.79352931628202,221.8391239649409,217.81212848102427,218.46363815548796,225.30538171539501,220.26585914527033,208.68353024326672,229.0597655755771,216.1060185335265,208.5994081730861,212.93340400242192,233.48587335279686,205.25917606131452,219.38373731653672,227.84236340174346,206.1715701506836,228.77523993735025,217.99306010796025,224.35360912433424,219.43324614029524,231.9083468380781,229.40784704838717,192.74914927088912,224.29853203871764,203.6622708101775,190.2537716350784,228.53547909642643,223.7722660752497,226.16407685311182,227.27700943184942,207.43907105401385,225.88191717801948,228.06148571605982,224.8675095220131,214.35158271411674,249.95548110174053,217.67966726257887,223.5077157462391,221.5101210550882,225.63241831006883,209.7215674517337,205.5828965268257,211.26835650556473,221.12645527736288,206.42585697692152,207.1383754661647,207.8813452206625,213.3991892905932,205.89476572288646,206.103963584504,222.555194493474,221.8450346620353,205.26366820502128,208.12713683308647,225.70188658106676,205.9780203424708,225.39681628821094,224.42461065271502,207.45966186085357,207.06446299770062,224.61595662683965
photo_walking,49.420799377915884,78.2980478966917,142.60667274384997,215.6013301655454,0.0,43.21870243984824,52.69500356573643,44.17978577471426,78.77416421013675,94.85572120808143,226.4158241201202,81.87558915010956,47.130440685502286,52.448342501513324,45.78761137551281,43.7107289375228,47.44278714539436,74.8883160214499,121.06302652765049,128.02608024094113,137.59541650627156,228.1841263681157,105.77789961185442,134.8411255068222,194.37968940439373,200.31200944444524,84.7560712987022,63.23192324298901,49.621457242954804,54.67288022531207,59.75115091136612,64.56759538504431,46.56555464345326,119.18671748012086,48.99213414272359,83.44239522766935,119.07014165472388,44.25016147826281,58.61130790734403,54.290960512885675,56.987794376727514,86.35106524362554,112.86525226256029,120.58206713526297,82.70258303305316,124.2608327959942,99.03852030581592,61.82780923177735,129.73156818097536,59.43096720871341,91.32387330440959,66.88140143349048,53.153782241684176,64.31669712609622,56.062446306712445,66.53137445245382,59.19647589033284,97.37912270249342,63.05406920722856,95.41371472289718,223.63952501050355,64.0156762050145,56.47407230424327,58.80614362974251,59.04115685383155,86.8732691554081,122.32890607264751,123.69168636840865,63.85741922262534,63.596097901443564,105.1669383782631,61.33905643395089,53.98520809861162,53.418562699299734,55.21668640784504,83.15777930590009,84.32641426434908,81.88095114842723,51.51534010911338,82.5174756053859,81.26150597987075,74.22217148043548,81.67937549875599,85.65494114851951,85.62280321482186,52.079999496802905,53.054545309884595,84.31567054774762,82.68053283106426,51.428672680985976,84.41804668104288,54.12754243011975,51.4786501500395,83.84043374090709,85.43986466473588,52.24442230362728
photo_standing,51.99912975590162,85.82635782677598,158.51609643854408,219.64631337787188,43.21870243984824,0.0,58.64595461954771,39.20226767637532,82.70760806721545,99.53542582575224,235.2068419662184,84.87540053435698,57.9367894149594,63.31071996156136,37.628982428384305,35.639513002913624,42.44479695091331,79.88726868000546,136.12801078423863,142.02577539507772,153.77929512015004,238.43367108284988,122.31842010299947,151.11492503677349,195.03110489378332,199.169138731397,80.91473387779422,63.96302344692986,48.06423522620762,41.801727795709546,49.80498362242584,62.041515019020146,46.39340519313873,133.65162864444954,44.06399268581312,79.82689310901084,134.3219253417007,43.89801524910207,49.61259225877868,42.99901812477765,47.977554778493854,80.58563465351085,126.82533961748034,135.3604901240927,75.73274569383334,138.87167728302174,114.68009234430852,61.9356363983293,142.90299580827127,49.347428030137955,84.20376031388707,55.24786098789687,52.02825841420013,55.5433199814896,53.39687623371094,56.89668972340993,48.787109146071266,95.34674559375726,59.88076361500613,90.64015125669324,233.07930673804003,56.16078930343686,44.23283417896527,47.89210597286304,48.24309204414559,80.55784316859953,134.4007365517623,137.2980949575827,59.51446373430713,57.40866385048618,118.11791570457432,56.53930340737496,44.99342640568197,44.93580132325224,46.641649191784616,75.54890406573344,80.0297684136946,76.64630435225578,44.0052901270596,79.31105987796587,76.26271934429538,66.923017275495,77.39767105711967,79.91748285062549,79.84957798530488,44.957836593049606,44.87796383540289,79.84537476487144,77.98250034833879,42.96172528263027,78.98637461107195,45.01307264951289,44.74152460165109,78.64655085215429,78.70082630023133,44.68962392508823
photo_hand,45.66393893644926,63.634561257220014,127.63492084428654,204.2259905376096,52.69500356573643,58.64595461954771,0.0,53.65262495175318,66.08444994524386,76.85934758888985,218.77595455714211,67.34296870218279,47.30893037358435,50.339661836150206,58.631211779006584,56.33607476322666,52.192805142838715,67.24827684009513,113.39643886900848,115.07966076845312,124.93944066838307,217.482798359878,105.45857399804237,121.5541883924013,193.8616965767269,195.62298639945536,75.0394345715007,62.55809519287131,62.08284584361798,61.150029321139414,65.4830163016255,70.18344296787336,55.8522600807707,112.17312968731012,63.21853251887624,73.46165027293038,112.37510997013136,54.69313915570103,61.46510090537031,67.22751397501644,63.81247922329555,78.43923257612528,109.74868098709055,110.36720204280837,77.25985422390195,112.95609240071583,102.11487064633158,54.30588741019196,119.21610745563952,72.1228779907395,81.16187132953428,74.74068009605536,59.23054653135226,71.91075903813662,61.643204556331085,78.6122098745811,73.6270216566753,80.20845089355609,72.1074668818393,82.07586924470516,224.7567608124941,74.1283274683342,65.79660974528335,69.70634016779857,71.43922426968858,78.59664914635039,114.3440214431182,117.20991518030576,72.47509341617241,62.47585903418108,111.30967780399588,61.44137282841838,67.18434898689978,65.22989737023532,69.5356079444638,78.65297735344771,74.80807817448346,77.80754627993463,63.17960805755204,73.82844731663249,74.5216309809093,68.48754754506373,80.3786439528236,76.20240072722851,76.82917681882643,65.64447460635527,65.79610640079908,74.74629370755919,76.23818099688177,68.24798235829229,75.66064566672574,68.40432057029419,67.00068845070287,76.48134143710422,77.73454428841674,67.53385162173794
photo_legs,48.52916583932374,79.37607524960066,154.93841129840652,215.75775746023686,44.17978577471426,39.20226767637532,53.65262495175318,0.0,83.00757361400268,96.88244813796032,232.22845164529267,83.41870084161175,51.20932857044425,58.10491938261156,38.055020193229474,34.84139447029414,41.212774039771766,82.67226047679183,136.24904036964125,138.9585352844067,151.6298992572213,235.7588820863415,122.7306091949916,146.8082024827775,189.24124737647404,193.3961314272325,82.64400249399458,58.737850057046494,41.470187993530374,42.34752117833488,46.001558181471346,50.88772440488341,41.50226688729071,131.86119689393453,42.358059870208805,79.9350771824118,131.39616967865507,40.010640830130576,50.00878206959696,41.32646222305368,42.288712497857425,83.54708346658391,126.45975083836879,134.33465803781553,80.37447276533912,137.13609673164714,113.45188398996069,56.070485481072694,141.07015214022434,44.143501776183776,85.81486548361869,50.52162304837371,43.10711808510435,48.54761783697386,45.826505018778924,50.26047425055253,45.25084959786193,92.47143429899343,51.36722184422999,90.11008425271382,225.51617516797765,49.52955364123114,42.29007425706271,44.02459442923322,44.79937696998556,82.97954962892547,134.19281888864836,134.26997976088188,51.218918824933766,50.07427356437679,113.37612921086425,48.712540715121385,44.8101361420327,45.814860581465695,45.99987901395816,80.59140212541894,82.431205615709,78.09901305029004,43.750475932160036,81.94780686254677,80.2142101230142,70.1323604458865,78.76321926493102,82.36365039482138,82.64319728290768,45.73096336297831,45.674673479655794,82.19260729091768,81.76751854329079,44.34411448841307,81.82775581164624,45.0023493391303,45.13129966665189,82.13314736903092,82.30514894862603,45.393165645022655
photo_bird,67.7823644012806,83.20630420690807,115.70762443262225,196.06552342871043,78.77416421013675,82.70760806721545,66.08444994524386,83.00757361400268,0.0,52.88657639782971,208.04643095137928,41.988401884248454,72.84542877089213,67.87578713295092,86.0322145695508,83.84803962448083,75.53976617512167,39.78071977453829,101.33095006478355,102.97724963398608,113.86486710447417,210.8003115504687,99.34326196650014,114.48761957838796,208.34160915847679,205.24371474540533,51.63218838213708,87.07276246249339,91.78426292187089,88.2716900625176,93.88380834890377,101.61778067055856,77.14396891264153,102.38284099322205,91.86934746502187,53.94582861403833,105.2513217703071,82.8711425740435,83.53167779129448,95.67442641851649,88.59772483720256,56.04654290371587,102.31479116570395,96.16910848777464,56.1253986113457,98.84788282366904,106.62340367554056,72.24690728418963,104.85508388151675,101.06619596024024,60.19279521521466,104.67455927376487,89.32127811240304,98.13037089911342,93.17974970491632,108.47082108159394,101.21531058747006,57.87343708624275,102.14646369394436,59.01817466946988,243.1240618714572,103.89379749819368,93.63951341443453,98.74012306034025,99.61973749297213,55.4343102874915,100.17837467949022,109.34252736385753,102.62430056928217,88.15497930335752,135.57279271648216,89.82085936132928,89.7384563121538,84.54568528557792,93.0399571086007,58.101416643869406,51.929643753440466,64.47149085577195,83.88665929955364,50.16672790369618,52.07006186635243,55.46251447844356,69.44660757700986,53.7898839955309,54.30068407924739,85.98460147917518,84.50361513730067,51.670013610023396,54.12947749000529,90.87183192462845,53.21736028762893,91.26154783283651,89.59965559181845,53.728025213986705,56.74360613585851,89.53129678587977
photo_butterfly,78.83903615075245,82.7249186292332,112.49130870775952,188.5952626686314,94.85572120808143,99.53542582575224,76.85934758888985,96.88244813796032,52.88657639782971,0.0,211.2846801987099,57.16734026101771,83.47968520256106,78.42892960910237,100.70911515688158,99.03968337907835,90.52041415024487,62.30938778713962,111.20807628789795,109.93499471445831,111.14082890736636,207.79066045444952,113.37891205485069,113.60026900602712,210.19477036435367,203.4800937597181,66.58848457206022,92.70886965429608,102.43930070269218,100.76564350170871,105.92608872594553,109.55545426513348,91.48473151152206,111.44465174403115,105.77984082017456,67.59751754030299,114.36500173843496,96.34838631849514,95.83755958730306,109.35388008450064,101.26848803554628,73.23731940176206,117.38683713266276,105.08490925174658,73.24334456489485,105.18616315293805,123.09452876244242,78.4899802687969,112.86221253925102,114.1873246277875,72.51281402377276,115.80137562803293,100.07868104814831,109.12194345652706,103.04123086773967,120.75442426919668,115.25508821354863,58.50588802106008,113.05901071232498,70.2144751771851,246.6440295213791,115.98530649730492,106.76287731726642,111.80953137111759,113.14435486776263,72.40264823743642,114.58584855570413,121.15061060071248,112.5258397612733,95.32384809290052,149.63443109712523,98.63105756804481,104.59170005209317,99.87225613764022,108.03024631335992,76.53071987875744,67.93101598855648,79.96155457715084,99.21291072122035,68.24012715121334,70.29724401055563,72.70675197751945,85.03459346953994,69.50194412930456,69.99183649736767,101.52833919522095,100.54485351311854,67.51643393981465,72.69282346348774,106.62747315542516,69.38478166473176,106.48975973554167,105.0726720694547,71.83699999033571,71.94862746473137,105.1732220373417
photo_girafe,222.39853085880324,216.01526999221556,184.02912717779947,133.37738306935302,226.4158241201202,235.2068419662184,218.77595455714211,232.22845164529267,208.04643095137928,211.2846801987099,0.0,208.34958595622325,218.9033919261613,212.96776844127422,236.59376823798235,234.76704170458007,228.33596717845748,209.9981062999347,198.2025621108775,188.2357881571017,185.22711273971507,97.77478176074203,199.62400529449508,189.2496902400097,161.67304252429358,166.8201896662676,224.05399005428345,231.361808141738,236.9178155069865,238.95796066444686,243.02346629252466,235.45070861086643,230.60963292426948,194.96865876534667,238.6969307701916,224.7352366759871,195.98823727782323,231.5880308558572,238.41909930887107,243.40634407715817,238.42140530256205,226.9173454422827,200.44685664965965,191.49069433253442,228.7940633784334,189.2468773776559,204.51399370411727,225.13255738238698,193.04240206081312,245.65363055157746,231.17242950749554,249.06843418374746,232.13955240613305,241.81934731391078,236.9329220287655,249.76938268783786,247.71352645816444,218.5515808886124,239.8647383138565,223.5621162586997,148.27745784077825,244.22041407051645,242.2432171296577,243.50814702729915,245.87372261633095,227.90309136185644,194.7941895012418,197.55013006069015,241.71707162432713,238.50875968114497,220.6023719750864,235.69893822713456,242.10679953073176,240.54454426844103,243.51948075297875,231.46545499750832,225.16690853803723,232.50935528229633,238.98908703891948,222.31013716681514,226.60185746000556,229.53115009869003,234.11930676114497,227.32109653138872,227.43149097483857,240.5784414737222,240.11579763447932,225.19822922577794,225.81852675611816,243.23476793645798,227.2035226438435,243.2916813577179,242.16145034410778,225.80443325857502,230.93399372928175,242.39770855517168
photo_fish,70.14541636503579,87.74463885993006,116.25858558555748,197.81062887566222,81.87558915010956,84.87540053435698,67.34296870218279,83.41870084161175,41.988401884248454,57.16734026101771,208.34958595622325,0.0,73.15668541574185,67.566153137716,87.24906187477065,85.02058800615475,75.73748834047151,44.19504627041925,101.99137820464087,96.43152643357162,115.42143542847425,211.58464285852872,97.94231778652845,111.46606661911125,205.67445602952998,206.57587219902942,49.95253090621174,91.10130833829834,92.86332039542732,88.50506511861064,93.24817392184825,101.00150040745874,78.08888881465352,99.41493626849827,92.06793633422853,46.44620268726488,100.28294772625912,83.17597281951976,85.81561228382063,94.5831082948351,86.21457242412215,53.787842961232506,95.05280842868555,95.04828712108748,57.66689064696194,98.72027054891738,101.37423487682696,71.4920267565316,104.45725941751299,98.54530692306058,57.84913214719831,101.91749316127593,88.28823896945654,96.90549518658929,92.82241005590917,105.4445099669671,98.57240732748649,59.73565687670984,100.02836286561863,54.18021631149064,240.0965505740141,100.09450854665621,92.0238509176352,96.44833434432624,97.08656524889196,54.66744071236987,96.28185870531111,100.82827909676936,101.20680903863553,89.13011054656124,129.44221172395652,85.68037712597541,87.71885237866441,82.41382591185418,90.81054969860902,59.86062176900878,50.39805540626231,58.233303059055544,81.96285498881574,48.901165754774595,52.45294605718645,56.898750398065445,63.75233194395285,52.66257370963997,53.54917885781586,83.98524446824521,82.49125896201424,50.939389510904135,53.43586393511747,89.94303375131727,52.661233702901704,89.32704821630583,87.84080755338508,52.91841903923331,57.364051190370084,87.57103908549477
photo_cherry,47.70168732768887,68.3425508370291,129.72042776946012,206.8922432890134,47.130440685502286,57.9367894149594,47.30893037358435,51.20932857044425,72.84542877089213,83.47968520256106,218.9033919261613,73.15668541574185,0.0,43.81999264213572,55.7691649159856,53.17383762584401,52.40775155097478,72.7550423838985,115.03899342441085,115.71368766820956,126.73961072304928,218.73100637697888,101.20667984140556,120.2686362015747,191.24495642080112,196.10690349736603,82.44938728189942,63.984653025195286,55.888839064951384,62.37169438495317,65.67422708398098,63.26773026593272,49.65835956419051,109.4277674834212,56.78085101712096,78.8655019696422,108.10095963257926,49.304140948146284,65.74052928816185,62.93877528539732,60.77045848377402,85.54466063293071,105.83184824200015,111.98785208906563,84.58238213851871,114.50969372045834,95.45785341689736,53.11310930406796,120.43352119149804,66.71539734849411,88.93059354601819,70.69425805219089,53.729217021433975,66.81753056111269,57.36612226499047,72.02540748722058,67.36719769640683,87.64565787778479,62.2415589904085,90.2674432864966,217.27803220801164,67.75369226573055,63.630437220521024,65.33437370368392,66.46417655282038,86.04212571857423,116.12167353802631,113.00294285586395,64.28359892327562,61.620955054046945,103.0108092333903,58.66125098606869,62.40064516122633,61.19290441484876,63.68161260186295,85.67147041324023,82.52641022202661,79.8484312018902,58.88177451608621,81.09559208169422,81.68136327926639,75.89880823186843,79.95152318128963,83.98952647090246,84.53952516783143,60.367253191128405,60.69054562823833,82.45187980080426,83.36924013451168,62.44864807761405,83.45586020898901,63.38361431698019,60.55732399407077,83.81261593645918,85.39873796315895,61.390606935708114
photo_tree,49.492561062999584,69.92524992128828,121.82236043367007,203.58827749262682,52.448342501513324,63.31071996156136,50.339661836150206,58.10491938261156,67.87578713295092,78.42892960910237,212.96776844127422,67.566153137716,43.81999264213572,0.0,62.502042487885134,59.92907895026796,56.45767561775428,67.86399513175961,108.2256548638106,108.11993904903119,118.5881058944634,212.7689384226049,92.33089417430435,111.18014243244545,193.18756677371425,198.46995940804152,80.73909347730591,70.6027370395396,64.05896621551848,69.11647013965096,74.33009305487442,70.79430747857215,55.298125613904915,100.67911402533342,63.66701760639866,76.44141914734556,99.36460326931238,54.20079135482981,72.57257050741609,70.37541178230317,67.0874943810999,84.25498840714756,98.85391398509067,104.36535072303326,83.10414105230676,106.34320834161477,89.611168307567,55.0443857776882,112.41887817301468,73.96409253141071,88.38038695479129,80.55368701890745,60.550386339349636,73.50013270765045,63.64959702193554,80.166193684489,75.47431924406933,84.36076601434812,70.1819823361053,88.04087733975778,217.0657783387846,74.24852349857454,70.68902592383142,72.67199352759803,73.65300557510437,84.7184414861393,109.38758488611009,105.33471625655018,72.05553539018193,67.86748355148069,104.03380853021304,64.96278144843923,69.07762442603396,67.01500908109885,70.7030913724186,84.5654474274059,80.55798867164857,78.1156274334074,65.01991263955482,78.41105068283274,79.870670339442,76.11435534129518,77.88478501234319,82.4737208757639,82.76291955742508,66.1689839200094,66.37270458284313,80.40402110731998,81.3115731852377,68.89022198737743,81.77128039358287,69.84115634115972,67.10701233174505,81.79154931837685,84.1905594884633,67.87385289528316
photo_flower,52.082294860185606,84.514253661264,160.60147786444853,219.9873425819079,45.78761137551281,37.628982428384305,58.631211779006584,38.055020193229474,86.0322145695508,100.70911515688158,236.59376823798235,87.24906187477065,55.7691649159856,62.502042487885134,0.0,30.408223628052678,40.54935244697654,83.99985962690008,140.0187430090964,144.32362842798835,156.8488640657141,240.6298246374349,126.78066776676323,153.04872729613885,192.24253428913983,196.17163554099895,83.41826356355512,59.84954134450589,43.85817029007273,41.71547677525716,44.35206622243014,55.144565181530886,43.11197304477966,136.14290075598407,41.21764153631148,81.69794233534162,136.66521566431416,39.958408661407,46.68467204814593,36.63477290985141,42.34052534177679,83.34548084815968,130.08665619749524,138.7222272862997,79.64526540533619,141.89998152918804,117.10606336673001,60.527002735427786,145.16935400749898,41.57326666343739,85.9700088227107,47.95245381803945,45.96103895766138,48.43438384779508,46.83714417643468,49.961985638032075,42.656697211221,95.536459848518,52.272227858299125,91.82995317396964,230.16285056162815,48.42618847075896,37.00150252626784,38.90759188788455,40.758421779598734,82.90520747113733,137.63024533829793,139.14599063306508,51.172658308526145,51.23664802075853,116.47513033276812,51.383661216381036,41.441614511646556,42.820377137433795,42.64693155879602,79.32514586908783,82.85822774491778,78.66683023267457,41.32597576921227,82.48788867241298,79.81015802231279,69.37075461040324,79.33772623946382,82.52622658030396,82.69268301060933,42.52830391565538,42.74799367812962,82.67711875553827,81.53014159807717,39.9600415375346,82.02150819677749,41.36174060387666,41.99222101495445,81.89368451399899,81.75348509031868,42.01470278355391
photo_carrot,49.92666241426854,82.78928016454542,158.87036729062893,218.6701498376935,43.7107289375228,35.639513002913624,56.33607476322666,34.84139447029414,83.84803962448083,99.03968337907835,234.76704170458007,85.02058800615475,53.17383762584401,59.92907895026796,30.408223628052678,0.0,37.45562461235071,82.24655594882857,138.42723491377438,142.45007134646244,155.26981966279666,238.9888176803215,124.80930892585265,151.27639037600906,191.061485903303,194.97661311834835,81.99641511645905,58.0807334574498,42.0187966277535,39.68246841551765,43.01745936916216,52.81372655115195,40.613689652551656,134.31286171564446,39.32983516912539,80.20405449401265,134.84309815771354,37.051657747470365,45.82606960539126,31.26228825672497,40.0777321117926,82.0743747442451,128.52907110222688,137.01985708360127,78.08410115011816,140.0418814021458,115.35686002165542,58.16268744100423,143.4415203492008,40.01269391754856,84.67019558120069,47.34521510860624,43.53889925457787,45.793090671310374,44.7127459506004,48.273184983209994,41.38855889319324,93.7383248679627,50.0174765553724,90.15018440834757,228.36118871628636,45.65640842790731,35.41923664605198,35.63094753763839,38.620349774644204,81.49685064483909,135.81326601072843,137.3059817470166,48.96172680631121,49.162500115701064,114.81597284184863,49.62627226245996,39.27255017964358,40.922754998782885,40.799271769943196,78.05301867042981,81.39632290784296,77.32912477110429,38.949737506247,80.93393939920269,78.39914024172457,67.76993801384485,77.99324110945975,81.08228028326256,81.23737080552627,40.844945479254655,40.80111581217723,81.1489801968381,80.00334776928392,38.10606925190486,80.49307134841771,39.24920650178945,40.210433118458,80.40565415242699,80.50420202971326,40.12277010364758
photo_watch,47.02709501941849,76.64359494801472,148.84961768719253,213.28888957219644,47.44278714539436,42.44479695091331,52.192805142838715,41.212774039771766,75.53976617512167,90.52041415024487,228.33596717845748,75.73748834047151,52.40775155097478,56.45767561775428,40.54935244697654,37.45562461235071,0.0,74.47921198688366,129.09428206291744,131.27874951696143,145.2225378981027,230.7458152358467,118.32989031393316,141.7109603938691,191.07712729300138,194.37784590587557,75.2654740161324,58.468209630610026,49.46536691388656,44.17739477907293,49.9550975868164,58.80114477958349,43.944734102441174,126.62936629659222,47.52955074469531,73.62313687246704,127.16453495415945,41.04827515430419,47.44574116857557,44.895472133453424,43.7900089449495,75.33110553586589,120.32063239728802,126.64869898268654,73.30722306110798,130.03907415287546,109.7887568364293,54.76511056117831,133.93651494878213,50.29251926641162,78.37150502912135,54.80509465073854,47.18672489911982,53.8027434123594,49.464403098852124,57.41125532627965,51.49421188313457,86.46116265272045,57.78932966578593,82.6219813924327,227.2075083654557,54.05904834857774,43.644194569373944,47.79688278015519,46.789316348823924,75.14215560421006,126.22688129385138,129.06754054001485,57.794768983927085,51.73309451054261,112.62215807841298,49.66491155701728,47.131896021246064,46.79900618734442,49.482942197065945,73.44153925372696,74.23641690462296,73.21750421359886,45.26099540801355,73.79129059182162,72.2517957323311,62.63534427302742,75.43485582585926,74.2262644123729,74.68887817168778,47.524198570263984,47.05605195049587,74.28239140645832,73.86698828398124,47.52822356001251,73.995543656332,47.72934623094416,48.312203327492696,73.92659581657718,74.63770100429272,48.393063776937154
photo_key,68.69494914408344,89.5261267809691,116.31460814298619,203.18247180602611,74.8883160214499,79.88726868000546,67.24827684009513,82.67226047679183,39.78071977453829,62.30938778713962,209.9981062999347,44.19504627041925,72.7550423838985,67.86399513175961,83.99985962690008,82.24655594882857,74.47921198688366,0.0,94.99168916708524,99.80418398427231,113.86125406446746,214.42249760525263,91.6429159841532,114.90341253239629,211.4071123492077,211.62432119603355,50.00862509890299,89.57336039830963,92.67389606075173,88.08613840889609,93.40734336836908,104.47192055509285,77.46127269829573,97.47210284078243,91.04972963294993,54.75063684385784,100.48216567491406,81.23878329683885,83.09508034824044,94.05206676229604,87.96672482589122,50.69491892638077,93.40469406979585,91.47858048344291,54.430173293137535,95.4248005156069,97.58356893076592,75.98926815470679,101.42250858319571,99.80974367929494,60.402329391417126,104.41852041433269,90.18199820210026,99.2682051422159,93.93528423211046,107.570986540175,98.66434433155443,66.70976253153884,103.32250272453116,61.50506627481503,244.06460623596553,103.04238405796511,92.16440243523542,97.44166614336537,97.89862981525644,52.860177721903035,92.06716574683674,103.16815929626048,103.09606417172408,91.4609088511235,128.63592871980362,90.40520062250954,86.63024009305032,80.91745530695249,89.5898407812039,55.07978082086285,49.549684709894976,61.72384429896486,80.42038705929801,46.522628047542,48.56380520763695,53.598708356275715,66.63600921481255,52.812450891634576,52.97202815493364,81.97052136456996,80.87525443049238,49.68761198473837,49.8678163911839,86.8907931892262,51.230936748493846,87.96050032770592,85.48500246982407,50.54947580836752,55.58876427040749,85.3584780073794
photo_truck,119.0438786069178,120.70449056607636,84.71400663666076,219.60291882277775,121.06302652765049,136.12801078423863,113.39643886900848,136.24904036964125,101.33095006478355,111.20807628789795,198.2025621108775,101.99137820464087,115.03899342441085,108.2256548638106,140.0187430090964,138.42723491377438,129.09428206291744,94.99168916708524,0.0,72.19478432747941,83.5994856808707,196.752275710497,74.48586159031947,86.2944193659983,233.57864010432286,241.40746673243737,123.01978860095504,135.3552086280214,145.3762070908191,143.7838409532124,150.14269681383345,153.5398748988492,131.70537522003764,77.06839123232287,143.5074663459889,124.64776633741648,80.67196519786627,131.90010741899218,141.17190827799033,150.4923145223712,145.96803975336908,126.66815272950346,75.22455305443631,64.02671674088985,128.91794768139874,66.89023676490872,85.11201849648246,127.65181155597239,79.22201648563895,155.11545329662206,134.9859597640349,159.0028091549413,138.39713290811034,154.44623980635114,144.5643817375447,161.89450560750478,155.68909090355376,127.55461400083048,152.2355753396425,127.97635160593903,234.03226223548396,154.92684655746626,149.15628839347056,153.1298317586778,154.55108604809593,129.36932489467233,69.15537107476493,84.85870216930252,153.2803579539213,146.62737138255886,119.25154659733904,141.20790183638138,146.7570335836114,142.91799623247567,148.68745514547354,132.15776718520172,122.94414627421811,132.62570876913037,141.19184967562214,117.98685151022127,124.0556695722977,129.26354816744328,135.0175962068411,127.05671998917656,127.31677924041354,142.68945189946749,142.69790926084207,123.76376257294639,123.46663086858976,146.4505475753868,126.09767106839102,147.55368847117327,144.3853494252952,124.68064559088495,131.51261126003624,145.16792594325776
photo_velo,122.6087241842181,122.02733861867185,74.34644335946426,214.82611401252927,128.02608024094113,142.02577539507772,115.07966076845312,138.9585352844067,102.97724963398608,109.93499471445831,188.2357881571017,96.43152643357162,115.71368766820956,108.11993904903119,144.32362842798835,142.45007134646244,131.27874951696143,99.80418398427231,72.19478432747941,0.0,78.48243839101234,189.12186300351993,75.70907331434917,66.72218643880477,228.55913778964117,238.37813855998348,123.6610239511246,138.43137635875541,147.69595074829041,146.38804790393849,151.82476671910783,152.28832050410068,133.0262474089189,63.93880039033255,146.3546756359952,121.81181593356006,63.9577533742431,134.37844316637788,145.32109723657805,152.71559700384054,145.6549998709596,127.02965951735395,63.48232382884938,48.35447499582857,132.43907206725297,56.39616967094092,77.81371203108755,125.97330612596032,63.445528449005415,155.54398906443598,134.89198095663895,158.10476872961908,137.132003088151,153.19995028163558,144.8218959432565,160.99524429527045,156.68526828974376,124.23813788544592,150.31632272770835,124.47577626667544,223.72453626843216,153.1958301333463,150.41148359720552,153.4043900370267,155.35127747443175,130.06397936609602,59.22305539598251,59.302387105678605,152.16849250232684,147.6786787242218,109.05221367896684,138.0238359424495,149.12712935058155,145.72500485442887,151.03180439913,136.25328845230092,123.63520818843183,131.8145644254158,143.91129357126928,119.01554792743525,126.88748110383243,132.34393931380575,134.57849386712792,128.01234947272826,128.74935992103204,145.64288188646793,145.4314303241713,124.83402203113609,125.61177499884849,150.4329495293338,127.85369111701065,150.24036062286845,147.86354045992215,126.1537895261241,133.94657843621468,148.4241535477071
photo_road,130.7916978696459,117.8374764874554,55.600627407014386,196.68987832847847,137.59541650627156,153.77929512015004,124.93944066838307,151.6298992572213,113.86486710447417,111.14082890736636,185.22711273971507,115.42143542847425,126.73961072304928,118.5881058944634,156.8488640657141,155.26981966279666,145.2225378981027,113.86125406446746,83.5994856808707,78.48243839101234,0.0,166.87615015599752,91.17797058042476,66.4249816041244,230.52248818547116,234.18425962299764,140.89476087890495,146.41240842031232,159.02637360958153,159.80103595592604,167.00638529064597,164.16661026032156,147.74796486108806,87.70624526023214,159.22031039069773,141.61401542042245,90.39272127753146,147.8582505956426,157.21124344036937,168.12474421382686,163.29578700470265,146.67825256725612,101.29774886699595,73.9759328164235,147.66677640840177,72.26557125820706,109.5889831584837,137.56027057937428,84.79491629777202,172.81668530906347,152.07734827728217,175.46836466639743,152.86941660689268,169.77450639008825,158.01406689893582,179.06129705036707,174.35583539798853,134.53936149488746,166.09113825141574,144.70935305792202,226.73737518076322,172.25198604809776,166.49199386426403,170.56709051164802,172.34155594949928,148.47504234303156,97.21745714317665,103.25206853752083,167.64835910462153,157.88651479095412,140.33572895712837,155.66537428480603,165.76484290559537,162.43736901527478,168.03303888406913,151.78613033220503,140.74247762756076,151.1844267732961,160.5474423928456,137.33237258139417,143.2215016039622,147.50243466828408,153.79061898583552,144.78666374784996,145.25825471293572,162.1243475487888,162.29423936016377,141.28960085234036,143.91227181431682,166.14022494691113,144.2370659778149,167.12841149956515,163.7247748204457,144.53290558620796,148.64987326662668,164.8079570026048
photo_house,221.26029743571692,204.3016501082948,170.02537853957998,118.95130096110184,228.1841263681157,238.43367108284988,217.482798359878,235.7588820863415,210.8003115504687,207.79066045444952,97.77478176074203,211.58464285852872,218.73100637697888,212.7689384226049,240.6298246374349,238.9888176803215,230.7458152358467,214.42249760525263,196.752275710497,189.12186300351993,166.87615015599752,0.0,201.1647623446523,176.04989369408224,180.1732512570898,181.35851684444722,230.49526098353238,233.5101289152198,240.26801259442058,242.5222344834272,248.33259880036735,239.0687884564471,235.5895047823361,197.59703529051393,242.01973600296972,230.5805085986705,198.20353351114917,235.0352784210306,241.56909348633044,248.78758474313156,244.98571803504987,234.68555826311092,207.29441804746924,191.19073840410215,235.08078227240475,187.91118960352117,212.65571746076853,225.0229800702308,194.13574181564238,252.22644831299118,237.16808903992734,254.34271178057216,236.86698645972143,248.84118056611865,240.2555467500492,256.7118344128599,254.10413629975233,220.49796800309556,244.84911111782588,231.10485615707236,167.65183307528955,251.4779463824519,247.59532028537328,250.05838656017394,251.76040360823222,235.37619617480803,204.06684948942603,205.84245699497697,247.37561718195892,239.12119304454137,230.23084726122497,239.23625104348895,248.22996856851978,246.40765979203596,250.05828512154662,237.7506803596463,230.63953691304013,238.25555507028275,245.044947411439,228.65977592686326,232.27582635907896,235.00951430074264,239.9473137147857,232.81967546191152,232.92143258225528,246.45943167162474,246.21314545788397,230.46345647102743,232.89842699274516,249.42146578912664,232.55552158561807,249.72361663891982,247.63977276878,232.8009841377308,235.67341929856704,248.3601904592533
