,photo_face,photo_profil,photo_eyes,photo_face2,photo_walking,photo_standing,photo_hand,photo_legs,photo_bird,photo_butterfly,photo_girafe,photo_fish,photo_cherry,photo_tree,photo_flower,photo_carrot,photo_watch,photo_key,photo_truck,photo_velo,photo_road,photo_house,photo_mountain,photo_windmill,drawing_face,drawing_profil,drawing_eyes,drawing_face2,drawing_walking,drawing_standing,drawing_hand,drawing_legs,drawing_bird,drawing_butterfly,drawing_girafe,drawing_fish,drawing_cherry,drawing_tree,drawing_flower,drawing_carrot,drawing_watch,drawing_key,drawing_truck,drawing_velo,drawing_road,drawing_house,drawing_mountain,drawing_windmill,geo_face,geo_profil,geo_eyes,geo_face2,geo_walking,geo_standing,geo_hand,geo_legs,geo_bird,geo_butterfly,geo_girafe,geo_fish,geo_cherry,geo_tree,geo_flower,geo_carrot,geo_watch,geo_key,geo_truck,geo_velo,geo_road,geo_house,geo_mountain,geo_windmill,word_face,word_profil,word_eyes,word_face2,word_walking,word_standing,word_hand,word_legs,word_bird,word_butterfly,word_girafe,word_fish,word_cherry,word_tree,word_flower,word_carrot,word_watch,word_key,word_truck,word_velo,word_road,word_house,word_mountain,word_windmill
photo_face,0.0,98.96971627826521,101.03003117818523,101.08192027984612,97.49448184566774,102.33207000481286,95.58023128089307,100.81414101074307,105.04887344555603,103.00000318828073,110.78095954707042,103.57444190887504,112.3830155932793,96.92173878458948,96.56894708919133,97.0220618190893,100.81175040975317,108.34558222121842,108.281987335837,107.12531935846948,119.42558905362941,117.07556185758884,108.96627754986436,119.9732427694024,96.68259311133123,97.02065412302498,105.70422251872886,98.39625371292598,97.52475008257801,96.03870894769857,100.69603733358059,97.11900803224829,103.52966896824594,104.4320503230825,101.11379355871685,104.06219443850256,111.12929707357812,93.19805879057036,100.13039644792099,98.08650280610982,102.8824501872378,107.68553764775132,104.32065752022467,110.4961108271425,105.34331998325612,108.91548320354036,101.10861808479433,112.30864773789253,100.51904432320129,95.80583828067206,99.54027451056535,95.92850808493388,98.38701622195522,93.97054700217842,102.16120202187739,93.4197714926848,98.03099302929004,106.59117031231251,97.72362054190603,104.39439997870072,98.33072396351949,92.92385225030077,96.10127190762927,95.09272237607723,95.75201374525234,101.52368991633826,100.52944655079096,103.92817748183361,94.35470542758809,103.83256742901834,99.16145953717326,98.72158758414014,98.18519043478398,97.15049353342019,101.631862954571,103.57736826490837,102.11104719300283,102.73198120555884,99.46305509199762,109.25672945862779,101.08017383365261,106.40124942729084,101.73133397297504,103.98449200371125,101.38498827746845,102.85191012540211,100.44308251444312,103.51047231928574,103.03345579025833,101.98800590677462,98.82831966111254,103.62449659406415,105.07829166783657,100.32208001565196,107.93223976384735,103.81547792603045
photo_profil,98.96971627826521,0.0,109.80377004288083,110.47614231769359,108.08311719423607,111.17987992586608,105.20396692802105,107.56900245199783,111.85378532892767,108.89462942087845,115.53749443140417,111.728914226962,119.58600552724917,104.57911191609284,106.48707360432121,106.84103210257703,110.97270841218348,116.38111276646933,114.41863732165758,113.43810654441695,124.7476298121417,120.5821011375668,117.9413912422077,124.27516557527522,109.09767988045752,106.456192481826,114.84400683132044,109.00919638767368,107.94846202593997,106.79075876690676,110.31899905466851,108.04759272098607,113.50878189326829,112.07219808434849,110.37344100490463,113.68577578171123,118.61001325387261,106.42190093680452,108.76342752657703,109.18704795846915,112.59604530527105,115.55783669241809,112.77043785684165,116.38020099859904,115.33743163552673,114.88577220811851,112.1751805392457,117.85032693345016,109.0454652342501,108.49421462835994,108.386022613744,105.90982877115957,108.79583520989713,104.39827373932059,111.29522168076085,103.40761765933549,108.92716483865017,114.91280959820561,107.02670406977158,112.59790656064501,108.7082802403528,104.7478510909453,105.26909838120329,104.8585786568298,106.39661750595226,110.9523043086725,108.77789592292774,112.1337957411571,103.27035728351925,108.26539579136409,107.93973750838227,106.99239632415224,109.25557747358042,107.48141088485427,111.42774130789334,113.00144417097101,112.3677800143997,111.95575318782812,110.38998840856473,118.26410853222174,111.48486653960614,116.31806788418005,111.46393518143687,113.06969230717742,111.65068063383718,112.59054909890827,110.98388192143983,113.63178615288098,111.8910695553218,113.58442155006962,109.6179669408096,114.27276972330783,114.93383190421771,110.59558387254746,117.4104133317962,114.18708277517386
photo_eyes,101.03003117818523,109.80377004288083,0.0,101.01945600106222,106.82104933436835,110.91637685386173,102.36450360065507,108.88533083646428,106.5751319647542,100.48622969546375,108.17453483641061,102.25968860821717,115.78008531650313,104.38636592142949,106.4419685100087,107.22815340643614,112.07284484266171,106.85637802713585,105.8033411538656,106.00934605959068,106.70310371311857,118.99927733794144,105.19015219421287,120.36008188751174,103.41917203776516,102.54062750228826,100.82972781122567,98.60374465961259,106.12696129749665,106.1120093299159,107.90904488678795,107.24414385676533,103.67653441449376,103.69797312277055,108.78008241128379,102.21903267949668,108.61733543132199,103.05074397213258,109.19822111057884,106.9265501579275,112.30648500819653,106.3764736777105,104.86857985326945,107.53621934515037,105.04796468221632,105.01168028158439,101.85728623863491,116.51486289254657,102.86367352697441,102.53692865284447,97.2651831774681,103.83236430626694,107.69241617353033,102.8141142029893,108.11809363611427,102.46024817511329,104.56162441606891,110.88564168311918,104.54957527583032,102.19397340740808,105.49979835469746,100.46759701816607,106.91537304712615,104.88729038074084,105.25955375777252,102.22758370156164,98.56149150339364,100.6482980381214,102.70856453606837,110.6201174330551,101.9423197992712,106.83490356978712,99.88268608294482,98.02584225055722,102.80585300750292,102.27896897689432,100.72074916898073,101.70942984025953,101.84981971689452,107.0731535466389,100.87801609914986,104.21687034115274,102.06421476167056,101.50460173622517,99.19992626296796,105.10000715294072,101.4909362632299,102.60211984615216,102.80322478298312,104.55291360242487,98.12627981365723,104.92918920922551,105.59218905725102,100.12452254172945,106.45652913350224,105.21296329723525
photo_face2,101.08192027984612,110.47614231769359,101.01945600106222,0.0,108.21931983788242,111.5362608954508,105.04784476854176,110.28266349024501,111.3328503699705,107.99364156969709,113.97197242736729,108.80321996701926,117.36651754036136,106.41623783896848,107.96681050505043,110.26311665813252,113.9243347224584,113.55118520292704,114.86227235355383,113.16387702722936,118.5506006347279,119.63008193280132,113.6982050348724,123.0923968027566,105.50568469148132,105.7754461682371,111.31569675396103,104.41052920504677,108.61641713646554,108.75639584181249,111.60340123617156,109.11771125666385,109.81146749224743,110.52404502877287,111.6045437762377,109.55645204094321,114.81705868761837,107.3685824158263,110.70393837497545,109.43119012496832,114.62272456623836,112.45703303998299,111.04037205871354,115.42005562997451,111.57769086977659,112.43371772514607,108.42156250117132,117.14869198743652,108.66193512955222,106.78417536043924,105.83652179974878,106.2184624995498,110.5075313392792,104.9797117937755,111.49148614038592,105.01039493437409,107.67739514315649,113.74215838315823,107.46288730923862,109.51090440763008,108.09910090724584,103.7302738511837,108.68571180793863,106.46913059829002,107.8234022660244,108.20762800901426,107.12304459068118,110.59676464717924,104.33198605394412,113.09974897840607,106.70164632476074,108.56639399572799,104.9077612312774,103.19635665508417,107.90299306848533,107.59155629294038,106.95160724659546,107.6423371648805,105.62629168123357,113.43114918177092,105.50766793651096,110.35374952807759,106.88102826292358,108.5727992137656,106.36726383919932,108.81680112230637,105.58820076884723,108.00541676279647,107.22384613629738,108.49268471136364,104.3998245985276,110.04016157630123,109.92044910891302,104.88927038595611,113.18060326383142,109.37448850851459
photo_walking,97.49448184566774,108.08311719423607,106.82104933436835,108.21931983788242,0.0,98.12318480274277,97.99855293119798,97.2234278804781,105.14875454387955,103.38777136150192,106.8426985062264,102.4504202646358,112.49146914340548,99.62070742149683,95.01739138738189,96.68241985809826,103.98947963345324,108.2263211108439,107.12488001514573,104.71466053155937,119.53850223042829,118.09434001692863,108.8432635713486,121.20096586626654,100.02135072093124,104.48705877364037,106.84561486814442,102.5380405079706,91.15311049622355,95.54618139631668,101.51642554880087,98.91138752879978,104.24385218324139,103.97747808594659,99.38981065081083,102.00147113154064,112.29014797189666,96.03584239606207,101.89091091989386,98.73507202901578,103.47544972688793,106.44976363502033,104.26563128232036,107.65608327219192,104.13465263347794,109.25874719694824,101.72812590922177,114.11061355425493,104.46318805794533,98.34652073262693,100.56348513057756,98.34111843986946,97.27183972062252,94.1660657238052,101.63607536478771,94.66628052147436,99.10911384471927,108.91968972747115,97.88094463243435,103.68890384330818,100.57576789022526,95.8423927754387,97.98632861609669,96.29274053370492,98.65311158784604,100.56611335209766,100.8386881828286,103.20712728132301,95.77586630314164,105.06400272231849,98.74073403769113,101.34881312111486,100.63713741194184,98.3173365941849,102.34076333352736,105.65895405920078,103.87960022232468,105.04607661724866,100.13810829897467,109.57518544024201,102.62702650678507,105.97598728471026,102.69640969990421,103.97284032802345,101.38194298597179,104.61430141127916,101.76621191940175,104.83815048992086,104.2842440208237,103.72928434629021,100.18025618433354,105.36732400442109,105.95890400865909,101.65815417616227,109.09682069493768,104.15984002168116
photo_standing,102.33207000481286,111.17987992586608,110.91637685386173,111.5362608954508,98.12318480274277,0.0,94.93612669266584,99.479065221801,107.88984889651371,104.77591369068507,104.46691521703639,103.37044048310969,114.60507218469026,103.73082785340796,89.78055887288758,94.79715116616508,102.02443422198172,107.25945906572595,112.28535337560653,111.17332341095718,122.27274866170299,121.15354311178884,110.92995388553737,121.21199143865036,103.98565173457268,106.97111559152333,106.70414109908245,105.02708184488606,95.069462750908,92.15383702199253,101.56177137103188,101.16520962240403,99.51568320231627,101.09606823601345,95.55707348228354,104.09275464211636,110.78327198363814,95.41187880265427,97.28505008589134,97.00633540088617,103.22000824453697,102.6922270327659,108.53834769563827,113.65736549562884,101.14588823682953,108.70132290325652,102.14002662646335,109.42586406385813,101.64540043209506,94.21590341324116,100.81804602129307,93.95745850286768,100.05004992608534,92.94007777929279,100.17517347637848,97.47223082289584,95.16520569296394,107.31824530356741,98.39664341579808,101.5949105800045,100.98615519638672,94.08552729975322,91.59155504027684,92.09623807992746,97.80281372230925,100.14474823098045,105.24168203477919,105.28907200865008,95.01995097496913,104.68937408591319,101.93960708692184,98.99800605820087,97.40815019050929,96.88084677634691,98.71448731172329,101.4290694101335,102.07031107243164,102.33402351737462,96.28984425422104,104.8484773202043,101.04691220837394,103.5265833492315,98.56131102642867,100.88246037627694,100.55040168867374,101.32857616130842,98.87611346964387,102.96012541196193,101.94325306709733,100.28699288392613,99.165835089202,100.36161097432282,100.0626899347565,100.6130098043175,104.6180728634093,100.54388934568688
photo_hand,95.58023128089307,105.20396692802105,102.36450360065507,105.04784476854176,97.99855293119798,94.93612669266584,0.0,100.50243858597112,107.23543979639473,101.37826428503607,106.28096063415786,98.89055196963578,105.78119093991229,96.64673979062977,94.89617835598204,95.42559825297947,104.18040966291856,105.85869802183007,109.60686898724857,107.33692781778305,117.9633125447126,117.20024757418562,104.09507886765022,117.7007451313723,101.22898475744628,98.8166139554724,103.32261264500156,100.60718027276118,93.099968554109,94.01350806286159,94.49702396084065,98.62113904643522,99.94358325841493,101.93431702986214,98.76715905632898,99.68484036869552,105.75546640292633,91.3017405970422,96.75307054216805,96.06209306367663,105.31483228814304,102.17131670900021,104.86904547091692,109.28255428990256,101.1892493575526,105.72102808468638,99.37957112581526,106.82356027697661,101.53878504931886,96.12239940678236,97.69415952720483,97.69058194011721,98.874179876215,93.67131814306575,95.25901330349569,95.5384745923115,97.47747388186478,106.66620464910847,98.22729157623137,100.891531683554,98.79601289036108,91.2303336004442,93.74103881919316,93.71868874028293,99.23671800839064,101.02783269014671,102.5339326358607,101.06019465758344,92.63933284370283,102.77945809338468,100.82378854043286,96.02024530901055,96.34927579027634,94.6624687042271,98.27296244751658,99.84619093833976,100.34650399876855,100.64866107344702,96.77468406056535,104.18021257366858,99.92737840300819,102.00490599937137,97.99759300766586,99.49724943075273,98.63824292729478,100.73822699149306,98.3184562554216,102.05842176783025,101.03435268538932,99.09414165070639,97.59537640865375,99.69366220006361,99.50604694347103,98.94235766768745,104.4328111224061,100.15115436823922
photo_legs,100.81414101074307,107.56900245199783,108.88533083646428,110.28266349024501,97.2234278804781,99.479065221801,100.50243858597112,0.0,106.46148691351839,104.44691373404233,109.58433425887412,103.49996946937738,115.12751494561867,98.53072089126758,94.85352546185615,97.72073450663709,97.41282184442942,108.34207406290604,110.48173664818792,107.90924649628344,122.43341069115893,119.8734552044302,112.30274045042509,123.13783129306736,103.02006374531351,107.69926655412685,108.5518312954101,106.05157432883735,98.52418626072135,97.83539507589917,103.4302601903641,99.33349904425594,104.98256935578895,105.82398845864324,100.36993260218453,106.27898254939134,113.70797518121022,96.63720647542522,101.0568895446142,98.77146494936065,100.54281767692383,106.84030819750897,106.35863345910857,111.76541922957414,105.54095175458184,111.28325182207357,103.97931088841673,112.48325740916711,103.4952881104892,97.73624924116785,101.39643730257342,99.14891176675035,98.32138950319379,93.61710269073238,102.3916190953171,93.48259509480874,96.88035181004932,108.27853932128663,100.10383681221415,105.1781285924031,100.2300906384979,97.1992376442085,95.35871654557708,94.75644135198272,96.47438212619652,101.94803383192792,103.3135975203042,105.67759889675833,96.7806164009399,104.33103485655256,100.88272947369275,101.00977665426387,101.92444631266716,99.52363266450672,103.26502077810723,106.06244792855814,104.42587222950044,105.13471636395869,101.36467322612035,110.15589852455716,103.34107943958142,107.3824526179883,102.9068071797402,104.68929793016537,103.443727690607,104.53008273649871,102.39631249421204,105.13496819423824,104.28886759063886,104.23000109347483,101.44400824051954,106.67517037021263,106.11761544331571,102.43399424107426,109.32222797774075,104.77105468833575
photo_bird,105.04887344555603,111.85378532892767,106.5751319647542,111.3328503699705,105.14875454387955,107.88984889651371,107.23543979639473,106.46148691351839,0.0,97.88644345078319,102.74928067820841,98.72571865509096,115.01373240392967,102.33795745491412,99.46429221202592,101.51707548166334,108.33953413368505,105.22103399244268,105.4606283315141,105.7456270342136,118.32518995698841,120.19098345799848,110.1123608448607,122.33323293556238,104.00394548849613,107.68079387142369,103.686225132684,101.72901502162651,105.27641506267382,102.81244421759142,107.82390230840564,103.93678415711408,95.21205926872351,103.66431532389456,104.75920532770047,100.45190951835981,111.86373924327117,102.78155808352498,103.90682906990229,102.62776512678126,106.79965565815515,104.08117765289718,101.83885274267764,108.2167541393554,102.94614097935147,108.71204403885166,101.36631323056397,115.49340392970412,105.88910909029404,102.35885704538583,97.2692172816443,101.76138399428889,105.6501240383959,99.909950343876,108.183383348461,97.04561308533906,100.51366376035135,110.59383092090495,101.04869539136767,101.60156615389346,104.1474873718056,99.74156794746483,102.88573767614972,100.59230250250876,102.39996625961966,98.94868636328994,98.70789618395962,101.64344754698301,100.57224230424958,106.84185533541958,100.5918744497542,104.10995255240292,98.2053913768206,96.97104240084214,100.79159135428772,101.21031556841268,100.52262580226059,101.2137150302375,99.30325531164276,106.89365185330774,98.83598985453105,104.06434206105996,100.09428286460431,100.58567758000738,99.37405089584556,102.43033593811325,99.63459126467947,102.04781765283794,100.18847821485113,102.6846050209821,96.84349317367291,103.79638490275192,103.96764682716173,98.25672871177021,105.82431682662768,102.974470368457
photo_butterfly,103.00000318828073,108.89462942087845,100.48622969546375,107.99364156969709,103.38777136150192,104.77591369068507,101.37826428503607,104.44691373404233,97.88644345078319,0.0,103.49343463189736,94.47709916026935,110.02681764294735,100.61443423118632,98.53315063369276,101.0353613981207,105.5978661491166,100.5857849694773,103.2286308228044,103.03022769435181,113.21440366657075,117.29799641184898,105.39209656405998,119.35552608502594,102.79268687503344,102.64298670265391,100.13870982588122,96.25819152408314,101.27021926408169,100.01812036361228,105.4949472753807,102.82685356131795,95.39884024391452,95.56130297150966,100.21791512134197,96.58938349670036,104.58002526525617,99.1845153758622,100.18868528656537,99.4926423145926,104.79003727397543,98.27352207607635,100.59464978952609,103.13712764378978,98.97967195314388,102.32180235508358,97.82495452593783,110.82882405971574,101.88802194216707,99.79940247174498,93.96080206431445,98.87279244772596,101.31093741247913,96.73740951978752,105.19719883817996,95.77832527128618,99.6199898952969,105.65058459855602,99.66050033158677,97.4413254962392,102.42212018237731,96.01292069280105,98.31944676871528,98.58812810967015,101.62328218011903,95.58411530746557,96.7136637158799,95.2056269085248,98.37177252095887,104.34236616929846,97.93418678596517,100.70695106752358,95.98102130048245,93.94642234381712,95.38091566698628,98.40935539634833,96.74573462728496,98.57576837630167,94.67931260487096,100.51508870972583,97.02295757372066,101.5226174777548,95.12670573614804,97.04538460199225,95.85064698839663,98.95851885842502,95.58925200738388,99.55378827458227,96.94371682334814,99.3917455812049,94.68178756854665,100.06916453637967,99.14952187500948,95.71312513359831,102.56297134704666,99.63197069602451
photo_girafe,110.78095954707042,115.53749443140417,108.17453483641061,113.97197242736729,106.8426985062264,104.46691521703639,106.28096063415786,109.58433425887412,102.74928067820841,103.49343463189736,0.0,101.67679094021985,118.07558996948337,106.25128492075103,98.05359603133097,101.07343460484789,111.2780617364222,109.48207440536088,108.1419433746245,110.09067571763104,118.04553171051627,119.57246909708039,111.46048049645118,119.47683239948397,107.50092727515046,108.41050681950514,106.27869986362914,105.17874116056126,105.15662727234516,101.44059764407655,106.16667185892629,105.07858452187133,101.84299488792956,100.0354369644263,97.32555528071819,102.9588060620828,111.26826025291041,102.53564018031479,104.01532547185128,103.22050270824712,109.56250723715262,105.39007614204674,104.84764974623374,109.70766793525459,103.00543968012964,109.45803534437952,104.63918668301875,113.28470194004315,104.69119556349787,102.54994117200299,99.80437828675763,100.85449953746543,107.48218883774578,100.50829744576266,105.77048442186427,101.365509472289,104.23958260772159,113.71085338866044,100.01139647384963,102.32150514872524,104.39045257830026,100.06591202412024,100.52231572395971,100.69967843058589,104.87911715915133,103.20099158252945,102.67215467200322,100.83999886972984,101.42013607629488,109.30167394517443,102.98568313213772,103.7408300860275,101.86390233876043,99.90763229374714,103.68008715799917,102.60988607063341,103.94236151658657,103.60194027537327,101.70355341311074,107.19299454453913,102.77760683825433,104.22394651854972,101.9345190706642,101.69180133235342,102.4455049464781,105.05354313743769,102.18627721247543,104.46470808987293,103.05873168140124,105.57359718088613,100.22125650899743,105.33740606744523,104.96563256774509,101.1606306965731,107.60136431139094,104.23346035289438
photo_fish,103.57444190887504,111.728914226962,102.25968860821717,108.80321996701926,102.4504202646358,103.37044048310969,98.89055196963578,103.49996946937738,98.72571865509096,94.47709916026935,101.67679094021985,0.0,110.33302940235319,100.73733304830884,97.69863019171464,97.38166961812983,105.04702793817627,96.23030102293954,103.13500371822342,101.57852231832427,115.53489466875509,119.83741544122702,103.72838397550638,119.52905938445535,100.07695100633596,101.33214658869218,94.39653392716173,97.1263903868904,97.8032428856734,98.6318105677858,102.06959700696189,99.9921077382946,92.13195372670717,97.22454151438738,98.18834111787342,85.1859794225117,102.20975910889652,96.18750235270156,96.89192667571915,95.8085595644612,102.32492639422398,92.94367890170437,97.04629676870125,104.07960337776909,92.62484470573918,102.77911449261816,91.94577865188745,110.88722179560173,99.52034126448821,94.5146874196276,88.21823473357038,96.6839636330154,102.6115318480645,96.69527807204189,100.51175384719878,95.1027259874434,92.52079095172124,104.36943152648082,96.04627979723351,90.28193777867804,99.51760367145984,91.86436435211624,97.48768657853913,94.0828371996664,96.26815979427515,91.5225111197304,92.95334503111124,94.31665663952712,95.21440749865474,103.6666284116271,95.09981106419879,99.52147775053763,89.09849234597372,89.37159695239573,91.37472696969051,91.95499499559837,92.11927867491842,92.5994167493407,90.5860030952582,97.51751072151231,90.15074061462886,94.51022347307638,91.29769919150175,90.73793624190853,90.89891133156785,93.22233766357549,90.77075505642384,94.36689102803699,92.87989671269257,93.15159390408724,89.42372661675212,93.32103599034396,94.65920061248244,90.58530208315774,95.9889848213432,93.80756707473483
photo_cherry,112.3830155932793,119.58600552724917,115.78008531650313,117.36651754036136,112.49146914340548,114.60507218469026,105.78119093991229,115.12751494561867,115.01373240392967,110.02681764294735,118.07558996948337,110.33302940235319,0.0,110.8264436129635,108.56381971327652,104.65328272528416,118.91946331923147,118.17322703973578,121.42677977021178,119.35658423756821,131.03440441106,129.94797296507076,115.48913819595924,128.89409789911025,115.74851690579024,111.95601798414022,114.40953967927233,112.67359720741177,110.2165722712748,115.43036153363548,115.63761300348516,112.7889402797718,111.23099421901209,112.88714497791617,112.87311817825761,112.40606671043778,108.34619737872156,109.53986784507396,113.78304549093531,108.01020411689468,119.37460322129103,114.39638906230044,113.76020321071633,117.78993609043508,114.45981099420254,116.97552499159802,111.40782702070922,121.5418074971122,114.26197139504052,112.63144993554754,110.62892034620597,110.3738005419351,114.47398742552846,111.09113240374435,114.77291108147838,110.0788864588039,110.88619233614308,115.77049651793413,110.2908086686276,113.08411868445724,110.28412150066555,107.95430910054831,112.67751205635106,110.24971386150563,115.04929814831739,114.04699424641142,112.82285840358874,111.85923334854876,107.67600758518664,116.30408877752738,114.0163867068563,111.519165374081,109.50163555859788,109.16519253979249,110.14464742692817,111.89632759447444,112.4871257464986,112.11826058241812,109.1975361101285,114.77682693252848,110.98067594676921,114.51853924879889,110.15444715974498,110.32837858582283,111.12683647129487,111.29517028285827,109.77142096812854,113.62727813600245,110.75002849521438,111.99420380421773,109.50200346267573,112.10091464510116,111.16114977723642,110.07557925748868,115.68273154206628,111.64629504733277
photo_tree,96.92173878458948,104.57911191609284,104.38636592142949,106.41623783896848,99.62070742149683,103.73082785340796,96.64673979062977,98.53072089126758,102.33795745491412,100.61443423118632,106.25128492075103,100.73733304830884,110.8264436129635,0.0,97.01819003737633,96.11238143970347,99.08989430536909,104.90737058101175,105.74930178358952,104.53628579603061,118.59494351435612,113.49925691599347,106.61527038229107,117.89618229226542,100.81003858599931,102.7005244185647,103.7718843752662,102.57992697200686,99.10364773660216,96.94603220314144,101.62037954026474,98.65747724846618,103.61612760146683,102.92006677022887,100.82216390746079,102.87889618791992,107.45852114262364,89.71011409032553,101.40383753626986,96.04800236676361,102.2043694601687,104.34724714363894,102.31092881972661,108.08340128700821,103.1448623058082,106.62946671521082,100.71647705938621,107.58575070632288,102.15610906801331,97.03668356840676,97.82314931150329,99.6157882762865,99.22869700697089,93.72275831886842,99.10974680782029,91.79628706543845,97.19961809061384,107.76712476864346,97.44874162972182,103.54776904988434,97.53208997928584,89.24725177621994,95.87153866897414,93.66720670195188,94.61647932617663,99.44665354193961,99.15802049083105,101.49538950622006,94.11201331306094,100.75564384940166,100.07467368938687,96.58596495162274,97.62722843660197,95.49509228825612,99.87461524244704,101.92649786907765,101.30766916110024,101.52459776969972,98.11544754864684,106.62967000012176,100.02276351484817,103.76671769681332,99.68688519420378,101.8574197742046,99.90547835102099,101.2607373024593,98.32642418530735,103.15287286362751,101.69822313686211,100.21216919692795,98.31095840678456,102.04249719045147,102.2885606483083,98.83057689613241,107.06516186934607,101.83559289090127
photo_flower,96.56894708919133,106.48707360432121,106.4419685100087,107.96681050505043,95.01739138738189,89.78055887288758,94.89617835598204,94.85352546185615,99.46429221202592,98.53315063369276,98.05359603133097,97.69863019171464,108.56381971327652,97.01819003737633,0.0,78.90121917935713,92.54679057044751,101.06630799951296,107.37097791676766,106.36565423027308,117.20068730080743,117.47069457127964,105.86106860995177,119.21178225351345,97.72799038766014,101.93870439014277,102.3142222976939,100.22460364556649,92.9640730369724,89.20586471347438,95.5142123636831,94.71631095072333,95.87316085133725,95.5303050971754,89.46151731615251,98.11859694550239,107.32687508122284,89.07194020401435,86.17821614511185,87.24737358222572,96.44416294140228,98.12358525870165,100.3805035273473,108.76606134421691,95.69129189190186,105.99855908284013,94.51264014190406,108.97795455550754,96.16381257093722,87.68532305758087,95.46881083506567,86.41249651421693,95.15527786774335,86.43250056448674,96.51968788471046,88.68214098409366,89.87785117866333,102.48698864871251,89.05740708476506,98.02976143176696,94.26816526271712,85.53612172770471,79.38850697522798,79.08391079609993,88.69488891836691,93.99620501039969,96.99865452095301,101.30460937087061,84.59824495953565,99.73346853467488,91.46019910238128,93.65994070999628,93.19393442654669,92.61807432310252,95.15997529581142,98.30831302748228,98.77143073092986,97.98128196802081,93.63176701019326,102.50066925401427,95.85324371152514,100.77985290757177,94.07175220505401,97.77003172358573,96.38280753479845,97.33509065806736,94.14240942733517,99.02952385680896,97.20766929149232,96.55524653974345,94.80714219927954,97.75192073492404,97.88535372625046,95.90719983594464,101.99950309406574,96.82727336021104
photo_carrot,97.0220618190893,106.84103210257703,107.22815340643614,110.26311665813252,96.68241985809826,94.79715116616508,95.42559825297947,97.72073450663709,101.51707548166334,101.0353613981207,101.07343460484789,97.38166961812983,104.65328272528416,96.11238143970347,78.90121917935713,0.0,94.71963319848037,104.64995496967963,108.74164891703668,105.66881005980923,118.912256490197,117.84335216101967,106.82312251071188,119.38327330916782,99.47458268948705,103.1411706015367,105.60437220598203,101.82617919264395,95.43905842324095,89.05918374713114,99.17048120976618,98.19787245780199,99.69361228100607,98.82304539106718,91.63456540653168,100.51991848026974,106.17640844955704,89.35625036157165,91.51660116516608,77.6284941926731,98.43890326332233,102.61774449887325,102.32156793508264,109.23081937801787,95.14999679199083,107.56288767945495,98.59508050795684,111.17857994163822,99.14836416613744,90.47315104348148,97.36237714648598,92.13748533370337,98.00039637501627,89.62864546368162,98.71065725428137,92.19157383649359,94.24606979181601,106.50168282533863,91.83963093275425,101.1710283030857,97.94744359375153,85.47271656297609,84.80966194064595,81.45177306814531,90.88218595866567,98.16871245156221,99.32257302935803,104.04661712701859,89.70017223183712,101.30111661209553,93.72045365107789,97.14740326730164,95.27257453176858,95.48250916864885,98.56696461850709,101.38294418366226,101.92164782258769,101.6144700907301,96.92028516633302,105.4169352321752,99.28103591294551,103.79617353620952,98.63382492753955,100.52658421803456,98.50055539464252,101.37832274313884,97.69256334910966,102.3879666321747,100.29084649957085,99.46987577685137,97.34945864028005,100.3523810077381,100.76387507755672,98.89733647222013,105.2904333602262,99.78644948070843
photo_watch,100.81175040975317,110.97270841218348,112.07284484266171,113.9243347224584,103.98947963345324,102.02443422198172,104.18040966291856,97.41282184442942,108.33953413368505,105.5978661491166,111.2780617364222,105.04702793817627,118.91946331923147,99.08989430536909,92.54679057044751,94.71963319848037,0.0,104.9721074107828,111.52791311060336,106.53695442041959,124.1089602646548,120.47619362621818,111.92922863596812,124.89931900653514,103.61451544870937,107.79639502742192,109.72642574490159,104.92321538406723,101.0830907906166,94.98873658389381,104.75220556280783,100.8592626818595,103.7879660681584,105.31581559852812,95.99837539344043,106.26164182049038,114.51460417336651,95.91380868641808,96.28663017479295,93.56105281905867,89.70338384359022,105.29542312449273,106.4695293057338,113.7663950061337,102.36428225408699,111.31822828474085,103.66776794776244,113.80867599693313,105.0654159138332,96.23704522786966,101.473465562069,99.00995228341091,97.53419857114022,92.62551633722721,103.93091776199176,93.40345562004086,95.54302628453836,106.02430313139809,97.76463514544996,105.59473317605409,98.62157631565029,91.5917250547826,89.20746860291156,88.4703077799991,83.36833317354456,98.89349175611312,104.41499722835873,106.06585593710912,94.44153003367,102.30925493788027,102.45901402785486,100.10155893697237,101.1286183849117,100.39356855718711,100.76304476954371,106.95490852170236,104.90316947111145,105.81116548555873,99.20833501073068,108.75550991543882,102.67721664697002,109.03341136580042,100.54305877565588,106.43820147490354,104.03379949623262,103.09884437080724,100.44243559605385,105.3735465175236,104.27543417922756,101.99464130180678,102.37529912428842,105.35762623037432,104.09160021152199,102.61247690367759,109.55400479640085,103.9486807518243
photo_key,108.34558222121842,116.38111276646933,106.85637802713585,113.55118520292704,108.2263211108439,107.25945906572595,105.85869802183007,108.34207406290604,105.22103399244268,100.5857849694773,109.48207440536088,96.23030102293954,118.17322703973578,104.90737058101175,101.06630799951296,104.64995496967963,104.9721074107828,0.0,106.38420384247507,105.30533342327362,119.69655531323822,122.18865816074565,108.75790761100014,125.53824807127641,105.4302424317012,105.76114978771747,97.03549833991771,102.4737917148515,104.80350415190539,103.1131389103293,108.25094621810813,104.78973900203492,97.64306094111662,102.33203886829791,101.8321068336369,95.45297935402779,106.34723875842876,102.49206250751385,100.67049348275121,100.52209103439479,103.70744988203379,79.72178311114028,101.89532192969733,105.96130387101992,93.19255305798637,106.32858607491843,94.97862034853433,115.73597046735846,104.1395332474358,97.98709158107413,89.09508822923978,100.66287249384648,106.33430771322817,99.23043889657308,106.23194468639271,98.04931705497393,92.54180155562082,107.18389365686414,99.06716843818114,95.04993118689443,101.54369794810543,95.70699574729693,99.52401801294333,96.17356574713173,99.44374062035408,81.84674552001064,96.5233470975515,95.46615976720891,98.13053527924994,106.30321839543434,97.8943878258494,101.06907224745545,92.78924489624609,90.18348233605445,92.54173473563587,94.27235800552684,91.9544480007553,93.79990760775196,91.08813938312076,95.64314371717377,91.67000998877339,95.77508720780087,90.60352504565965,93.12743733539118,91.57438517646908,94.10765458121479,91.97167133772427,94.17790773004785,94.25032936545472,93.88701263186768,90.58042875761413,95.95438172881195,95.28934484299526,91.96348465160972,96.36776365889533,95.17770915820039
photo_truck,108.281987335837,114.41863732165758,105.8033411538656,114.86227235355383,107.12488001514573,112.28535337560653,109.60686898724857,110.48173664818792,105.4606283315141,103.2286308228044,108.1419433746245,103.13500371822342,121.42677977021178,105.74930178358952,107.37097791676766,108.74164891703668,111.52791311060336,106.38420384247507,0.0,100.9224771305818,116.53834651665457,118.88525535248337,112.40990548104102,122.15633692518877,107.48907993619014,109.08987653971272,104.82240383658842,103.30457716681914,107.32117559050465,104.83012980133589,109.96796143958763,107.0457174605251,104.80612106213881,106.00388555800355,108.70770645516347,101.67392539262347,112.81058066073209,104.27027203518307,108.09581799298718,107.6006679263178,108.93619232556718,105.5413503935742,88.78868543922859,101.20221999657599,103.39808741849465,107.09581818186469,102.63284996324013,116.47302432364367,108.09491175299118,104.60141976427306,100.11452823673636,105.53193864301416,107.85710480802078,104.12426191095773,110.2628686012594,101.7404083114594,103.85811825337164,113.39055870982186,103.38362065973712,102.57571668832,107.64995649027225,103.20077688940367,107.90280278915668,105.35417345594067,104.69764823410303,101.37741375171892,91.4536400622038,100.19846736622007,103.99680506693974,108.62990301280587,102.57932271390544,106.63457740359563,102.88325308360238,99.97700434165439,104.8980392967128,104.71342281583077,102.39941288468485,104.42748395879258,102.81923647149922,109.89209465034975,102.78028921946542,107.17462711166229,103.64583135303285,103.9014709332363,101.5272268768711,106.34347822618226,103.18025282329334,105.31059020325377,104.50210471415065,106.54850635022599,99.53342581159148,107.65539007374159,107.28802804667797,102.3855536244925,109.72556773874656,106.96234632230338
photo_velo,107.12531935846948,113.43810654441695,106.00934605959068,113.16387702722936,104.71466053155937,111.17332341095718,107.33692781778305,107.90924649628344,105.7456270342136,103.03022769435181,110.09067571763104,101.57852231832427,119.35658423756821,104.53628579603061,106.36565423027308,105.66881005980923,106.53695442041959,105.30533342327362,100.9224771305818,0.0,119.13830111355591,119.33808231616376,109.43356063467742,122.43933932650113,104.00533803254193,107.78700017116756,105.17603399796671,102.26778032955063,104.34821297487716,103.23135128270128,109.32172069220772,105.8149073305588,102.87501150277794,105.10994848157611,106.173784531312,100.58134151171494,109.64251668147868,101.98871398110485,106.31984265908925,104.50072887490876,104.72240500282291,103.92297837589187,101.08547815697914,89.25563651871286,100.56069362852945,106.1870292315077,100.27474869261424,116.86720823708724,108.12204958130063,102.52315722221498,98.50186998483754,104.37386073747484,105.29990607933641,101.03718002548565,109.38835853954733,100.3900076996274,101.24914388378328,111.10006725814688,102.58740090947596,103.22752291798838,106.19242997615132,100.43140208804843,104.66888702578355,102.99129243353813,102.73354591332006,99.33321077099905,99.49107326078976,94.63552015228439,102.32714983422343,107.8247600876609,101.3065877266851,105.03660465746329,101.96997822649188,100.14233682508628,102.87629599530247,105.33817104729002,102.94978905134577,105.33902971884879,102.70562027176892,108.01156154462605,102.49375562757889,107.80369466025392,102.4897644258463,104.85531504855508,101.32624906270375,104.9819305669827,102.8017849181745,103.78524575030252,104.10616835064403,104.69722038960484,99.80034329890566,105.7514236557389,105.9160268086456,102.09102209919563,109.41670906056672,105.92507852455513
photo_road,119.42558905362941,124.7476298121417,106.70310371311857,118.5506006347279,119.53850223042829,122.27274866170299,117.9633125447126,122.43341069115893,118.32518995698841,113.21440366657075,118.04553171051627,115.53489466875509,131.03440441106,118.59494351435612,117.20068730080743,118.912256490197,124.1089602646548,119.69655531323822,116.53834651665457,119.13830111355591,0.0,128.40627963772477,117.30658299573172,130.91270955528,120.75284657677052,120.55498742773247,119.44606341090906,117.95651032155025,118.94273447724899,118.64582466346327,121.82653526711199,121.16760220102167,117.43993425794412,117.59666674907325,121.22924049076762,116.88490166685165,123.41377044646656,116.69483854385808,119.69342997002083,119.50004879900416,124.76660954847962,119.20375894647934,117.50222812706477,119.69966202325591,116.42144510891102,118.38669149505127,115.5966515988236,128.47393512192042,119.21322831910885,117.52755610395683,115.25716168297407,118.35042154227918,120.18601416868484,116.77992093507375,120.8784026800296,117.0144427165636,118.15082405396042,124.99749534364241,117.8686762690152,115.41382252147207,121.20324594398578,115.14925026657822,118.8371245990787,117.66425098850272,118.00133355634945,116.48325151747856,112.46769168856132,115.52509667057883,115.59144354936691,123.7440563606876,113.17492949875866,120.26060501564848,114.79002146900528,112.34598785270774,117.27662881327058,116.18427646220614,114.93410068662041,116.60538578875959,115.4415151479853,121.7361005651372,114.85364576207049,118.37421403687019,116.4281706238267,115.0828666289859,114.10286812438468,118.90716777058888,115.66603876010893,117.18210761241282,116.15530347366911,118.97514066512888,113.05836604482332,119.37777880624887,119.09621664423538,114.75756799239599,120.01212320294957,118.90664328642956
