,photo_face,photo_profil,photo_eyes,photo_face2,photo_walking,photo_standing,photo_hand,photo_legs,photo_bird,photo_butterfly,photo_girafe,photo_fish,photo_cherry,photo_tree,photo_flower,photo_carrot,photo_watch,photo_key,photo_truck,photo_velo,photo_road,photo_house,photo_mountain,photo_windmill,drawing_face,drawing_profil,drawing_eyes,drawing_face2,drawing_walking,drawing_standing,drawing_hand,drawing_legs,drawing_bird,drawing_butterfly,drawing_girafe,drawing_fish,drawing_cherry,drawing_tree,drawing_flower,drawing_carrot,drawing_watch,drawing_key,drawing_truck,drawing_velo,drawing_road,drawing_house,drawing_mountain,drawing_windmill,geo_face,geo_profil,geo_eyes,geo_face2,geo_walking,geo_standing,geo_hand,geo_legs,geo_bird,geo_butterfly,geo_girafe,geo_fish,geo_cherry,geo_tree,geo_flower,geo_carrot,geo_watch,geo_key,geo_truck,geo_velo,geo_road,geo_house,geo_mountain,geo_windmill,word_face,word_profil,word_eyes,word_face2,word_walking,word_standing,word_hand,word_legs,word_bird,word_butterfly,word_girafe,word_fish,word_cherry,word_tree,word_flower,word_carrot,word_watch,word_key,word_truck,word_velo,word_road,word_house,word_mountain,word_windmill
photo_face,0.0,62.736723076505484,57.93264265487961,53.739254006352816,48.20796547193651,50.85813736446733,58.808010024372734,55.00225199570823,54.91436958059414,66.25193530577427,57.54798740944408,55.58942603077367,48.10736040358731,64.38955325480036,54.689664302033066,50.97630640106308,59.62130954174509,57.65974783566421,73.57830158090539,62.36521265203302,76.35033668921486,71.04324824191457,60.31013979662663,73.81045960220109,49.985748120987665,54.29855107244161,55.4155258995807,52.39472253948798,53.66176169783028,53.468929442407166,61.61250631708462,54.13490667180657,55.66583709258105,61.95246230408116,53.61311305605798,59.16955696672338,62.856502228537174,56.37006476756627,53.189077258289764,54.34458234359349,53.69505762678352,58.34314871223366,62.16176561162819,65.95366095150008,52.018540368516135,56.01425860198567,51.524429553450396,71.39326830328595,60.119829576963134,49.21024425525868,55.160519775547044,61.63607841559746,54.30509024149545,59.43532549003027,58.79855365719188,53.80001393422789,50.310701287617185,62.70643797363663,54.738986713252736,62.55060253914998,57.0872112818725,51.11144466919005,52.123848726822374,50.62918897578982,54.433791265312806,55.51350568935335,59.79035424256187,56.74533255305016,57.5258639820631,55.51943717175366,58.42293990467047,57.97918733147146,54.447230034613,54.56142306906762,54.98573484179258,54.01331513676355,54.02283129840927,53.389643571846435,55.48093834387114,54.86671492269181,53.32952286796277,54.24753841080256,54.342987578622534,55.17473743721691,52.13941287788008,52.971424191470135,54.09289933857757,52.31719624917294,54.254733460122466,55.46146259126738,55.167652111556045,57.185629127494366,54.07767767558192,54.60372824698318,53.833547634950335,54.22747483770436
photo_profil,62.736723076505484,0.0,71.41961511436183,67.72637368378668,68.09800684792816,71.17137028966337,75.05934546530169,73.74959108104946,73.12449679734858,79.74579285248147,74.2480499983827,73.50304058877002,67.6415111071232,80.12691289799305,74.14127372803081,71.31356729319016,76.97990473882514,74.79479102074163,86.17745208448937,77.48360031751986,85.75606509526946,81.37541005568097,75.60737563145322,84.81207308063642,68.23344988878502,66.5475638700833,72.05850328442736,68.5043023255728,69.72805623219925,70.59039115847563,76.67362619608915,69.53097750952287,72.65733568202968,75.93187183958406,70.64091283861899,75.12952545333563,76.54831073099024,73.51072250100864,69.68929202091876,72.19034654350722,72.02575979629755,74.65128661823793,76.15325205193157,79.29413271855881,70.18629249706187,70.65746191304079,69.36928757622378,83.46666994103876,74.2511891777726,69.2040610647359,72.02726588973347,76.37360531367484,71.2093177180984,76.05511464920203,74.43728117184723,72.69740242793006,70.2343026588827,77.13007276445138,71.94560016511362,77.9157383909616,73.35543441933517,70.24020548148697,70.85950327978664,70.33526523798947,72.28154464791913,72.60531542247702,75.0798448024597,72.55552907852713,74.57833711520217,71.60037495632676,75.63039890233962,73.40705986722088,72.24473693954157,72.21590245012737,72.47766981564304,71.20954964149692,71.1607924207553,70.76182149180549,72.9268522121071,71.64839390642798,70.72181601761147,71.61974813130384,71.81904282879341,72.2548616508693,69.68833687661305,70.73303845290991,71.82894675625354,70.02580923662691,71.47197773364303,73.23472288823965,72.15521318613075,74.39131907937018,71.59408659682161,71.77219660548789,70.76439454733202,71.49465293758652
photo_eyes,57.93264265487961,71.41961511436183,0.0,56.4666700284188,60.656915060110656,63.97006490971891,67.54915426994825,65.97310733322414,64.07739886782774,71.13531676465804,65.99258717344239,63.96722249417372,59.381912499266804,74.09448797029971,67.65838090793625,63.039524312054105,70.02116778898122,64.6222172494181,78.29125314187343,69.34847011766436,70.71890813265577,76.60299091348116,62.32874546202365,78.9641764169901,57.965790846651764,60.44461879759471,56.11819809006224,57.92153312173202,61.245591043821726,61.41702630840897,68.66961993229302,61.41275459237004,62.36446052091944,66.25521174318044,60.88745276539754,64.93676722141642,66.29314108295436,64.20693513803778,60.14388799443028,62.24771644826189,62.641017815695776,63.61654767409196,65.88903675289312,69.11524662945826,59.605657265999874,60.29957632019816,57.16638810547866,76.37873414024338,63.364905764075004,59.11985957690386,59.18389618766839,66.83280478712436,62.66687664444586,67.65279199720963,66.21090890359073,63.49882993852338,61.17341827965637,67.16378177137364,62.03166022900559,65.83209698466639,63.84572797665698,59.634077198029416,60.71166110006418,60.1264043980841,62.67264669631606,61.365516115140736,64.0184577130282,60.82743740184599,65.9633988800561,62.6289604764802,64.80810914670722,64.33718611315498,59.085418298254744,59.202015214421394,59.40339193408394,57.762610280828575,57.56821975940662,57.0445538159883,59.91926446041241,58.34610640015718,57.23686355678872,58.64705968447223,58.43369966107469,58.97939619087994,55.61599838833055,57.04643834081288,58.48364024778169,56.39463164928035,57.91681998070185,60.17725202506005,58.97935794103172,61.89467101689591,58.19005889636647,58.4673502791423,57.2325017777256,58.12924799118816
photo_face2,53.739254006352816,67.72637368378668,56.4666700284188,0.0,58.30982920890435,61.50830274130757,66.39534141010317,64.5279834851656,63.09969121595062,71.94913558904494,64.21641035694563,64.76540702114026,57.64228546026744,72.39260061943929,66.53372372294662,62.200676309673874,69.03540361506413,65.6230369416441,79.08387548425134,69.3778361574022,74.76729930592819,74.12799227204947,64.99652402423297,77.3689641531639,57.22477915887646,60.16220739249363,62.58592605177477,56.47744567460093,60.22689904120997,60.65020298189596,68.27045914168885,60.66456271034428,62.36148575418979,66.65790607104965,60.17126279091595,66.47777584284327,67.60778399593433,63.59728438843741,59.85060357917933,62.07611190161204,62.43891438247289,64.84911434872106,67.31027930761799,70.55484617783318,60.22747192816665,61.12794103129057,58.30964502991023,75.68859126170646,64.3556220503237,58.6553815371986,61.8496302027026,66.6334060218045,62.248300764175475,67.53783809716694,65.34119403514077,63.28479360997063,60.3575027660984,67.92925007655016,61.65233054519555,68.38647897643422,63.75915755615297,60.044119538786106,60.893555842095886,60.001747471136454,62.89974003577699,62.69118685945632,65.5750191353367,63.012849376027376,65.94278808155052,62.108112191810015,65.79855554352079,64.05471997780947,60.92491353514826,60.910966286209465,61.314407692782055,59.762315854519755,60.11690853081199,59.64882272624878,61.943657709704816,60.674804001052664,59.30406562138732,60.45782207044311,60.6730601777614,61.22922362901438,57.86045061149429,59.070349835386665,60.2210423272569,58.41110591419129,60.37379609242066,61.964881861972394,61.336664873654264,63.69997814421178,60.05394426257762,60.70238438715138,59.52078834997643,60.37505872445262
photo_walking,48.20796547193651,68.09800684792816,60.656915060110656,58.30982920890435,0.0,46.82182868782664,60.74543953630007,53.47226049056762,53.12038250895635,66.28520425142429,55.087598524216176,55.78622389374683,46.58160230282291,63.91032402103122,54.20582800380526,49.95155616206738,60.16545757558625,58.193533932960335,72.77215340892735,62.19780694621428,76.9061445878175,71.55216620158932,60.78764831757368,73.4033629317411,51.723531231988915,56.48578039268465,56.317218027104204,53.90335100607609,49.21358066730334,52.583192434126886,62.03824849118041,53.58767337396056,55.65210562482682,62.23022076017256,53.127572805671136,59.75200118766236,63.709811996534135,56.666712163076106,54.44806972757764,54.38612999495466,54.6559510259794,59.74372052842121,62.69077528540791,67.14271168343377,52.014435966320825,56.257106090435165,52.10556193908783,71.80528412755237,61.08920796667418,48.99685684625046,56.6698702731283,62.08718139955525,53.282953695179074,59.72689941486007,59.59512947934669,54.67460822812449,50.666480149416735,63.5682110883873,54.53672491224082,63.92503821799881,57.63878593803842,50.44469952007071,54.249051351986665,51.25475802819522,55.21722674496484,57.38286815401779,60.3922124643878,58.381651992472406,58.63880492316917,56.86447126157589,59.46270878727661,58.65514954835169,56.60352240117437,56.43909331739905,57.17380954890418,55.53278886094189,56.058234278962196,55.632822568537854,57.359061317579894,56.748324054659996,55.26671580029756,55.585337471265234,56.43785210435988,56.85568710650842,53.638248961522635,54.62185475214297,55.98632945492625,54.09874942816119,56.24987060917349,57.70652172215095,57.1568579940646,59.07872792597325,55.68118181473892,56.3050393322657,55.380418273700435,55.81813109174766
photo_standing,50.85813736446733,71.17137028966337,63.97006490971891,61.50830274130757,46.82182868782664,0.0,62.759805031712084,54.14973475188262,56.192529006990206,69.50587617745103,58.001039453135164,58.88884927025694,52.161518359458015,66.80370585869343,53.03695494826553,50.47190259012997,59.88543599443461,58.89972055530445,74.8254638417076,64.56680765346773,79.95098392531732,74.94061604621024,64.23734942025447,76.58094813296232,55.459155693806345,61.006495525944295,58.75778272018171,57.61949055958439,55.94785991350915,52.643120050928324,64.91109628414509,56.872007602464045,57.7924450489901,64.51732288517441,55.81046489312878,62.72429339694843,66.55107868274452,59.05966736073403,56.21150074837885,55.832287619789945,56.733937966149554,61.6131372077272,65.17297312270509,70.06879114639133,53.831586843616634,60.23224303146505,54.924412493669614,74.61000349385337,63.314754206938915,50.730947281478656,58.62280171549583,63.17801122970786,57.567089513103355,59.96469847393645,62.58033546216146,55.453542441364355,51.526842285801095,65.38106644610184,56.90822143949849,65.20635241509294,60.265626279329986,53.30665137392432,54.44020027513903,51.8166769553427,56.276273295614075,58.961463009410906,62.90994290122676,61.146425010931765,60.39885063052317,59.628297468157264,61.41455483563595,61.30919698717973,57.10493089077675,56.52947273447003,57.852033399371464,56.53538664433263,57.14966132731134,56.48518594754698,57.599363219680946,57.62120987406595,56.4855075252375,56.07555965374204,57.230753065011996,57.70854613628946,55.20316458286461,55.35166157019433,56.54681073831137,55.28956690873101,57.04261736279436,57.65676024003396,58.082357787609325,59.50084761088191,55.94620248883076,57.17367926803822,56.83070988227616,56.667084039264246
photo_hand,58.808010024372734,75.05934546530169,67.54915426994825,66.39534141010317,60.74543953630007,62.759805031712084,0.0,65.2220309222195,65.96132935340653,74.59270106787403,68.26158546248632,65.08148555573314,59.510772354717446,72.61630256308285,65.08759021705195,61.47682882012393,69.85234378577516,66.28619564967138,81.5677320914248,72.62188750676083,83.4674957239042,79.81436783042427,69.3770804558678,82.40676654301213,62.751868436961146,66.08961962373434,65.64295987042979,63.77017785544391,64.5109327042619,64.04336456518396,62.6001884509234,64.79582966306027,66.05163198791334,70.9559720868182,64.5031924221733,68.48120677549456,71.44177386815466,66.71188091489317,62.77024974227172,64.95524010111012,64.46635272188249,68.07097879184143,70.87061749389879,75.58433308201212,62.832314140673475,67.08284337128788,62.27692014953545,80.1693046580216,69.56397801690927,60.904818342710655,65.27035118783512,70.99425834975091,64.81953694993015,69.23545594607691,67.28797584435766,64.93952980242754,62.455842775331554,72.00741970171767,65.399866570192,71.52602359254388,67.07159853698916,62.3168725306794,63.21247006051137,61.96836771311225,65.38149643749563,65.91747659533867,69.65175041803064,66.96873557747278,67.66446235536644,65.65146696202157,68.24323115297803,68.23163774275856,65.6961078857993,65.6166265835942,65.79104047774645,64.88943936349071,65.10487698538411,64.51818289496806,66.36874253971942,65.72919918264337,64.44492412696208,65.21165530877754,65.41822293413883,65.85291896415792,63.43565021323832,64.06614485517616,65.42017973416826,63.75696041796924,65.29375161373248,66.5566422024457,65.92810459136007,67.94095713247755,65.25751350052704,65.39757222368551,64.87262479306908,65.12020817731045
photo_legs,55.00225199570823,73.74959108104946,65.97310733322414,64.5279834851656,53.47226049056762,54.14973475188262,65.2220309222195,0.0,60.66929131237393,72.65781689227589,62.72160859514781,61.647939830479,55.28602194597195,69.23135448851178,58.690525445215215,55.20467273377027,64.39448512771665,62.37928009899074,79.13532128730631,69.73360571971963,82.45015534543941,77.56277113258243,67.20783348070363,80.77019692056226,59.56560053642462,64.50015990985064,62.94808984515894,61.72010037617953,61.27015375104311,60.102507915378055,67.57063838903072,58.224769021513026,62.2483020134905,68.87939371609528,60.48951243793664,66.54071378560648,70.10642278208724,63.36752259454958,60.3415065363052,61.00103241377823,60.73258308506224,65.44098055436883,68.91133772908519,73.76356241532629,58.832040222702766,64.66130974254943,59.59695588516233,78.59632360073662,67.14584487969209,55.20253418017134,62.82358812721181,67.27261521866271,62.106646735860615,64.9661236082279,66.27393587428286,59.27514856399404,56.34917428080263,69.68147068597368,61.798984132474956,69.2028371361556,64.60179948432638,58.63429812041328,59.38785715756812,57.15558388432662,61.16416421013127,63.384413627714714,66.78959629722497,65.04912822853822,64.9075667288853,64.13406273532249,65.46324238545544,65.68708473878455,61.811123010706446,61.46947902188472,62.38237912405426,60.994607644499034,61.432217013831966,60.96068016580437,62.327012461665184,62.11812621986146,60.78170050526789,60.77167672165906,61.477747526616206,62.343891458938785,59.672582472055105,60.17595464419352,61.220152352275676,59.91229497320211,61.46088060279728,62.45523178686562,62.34747244688724,64.1412289189858,60.85019883976234,61.82842916965597,60.92429062338212,61.25916800241204
photo_bird,54.91436958059414,73.12449679734858,64.07739886782774,63.09969121595062,53.12038250895635,56.192529006990206,65.96132935340653,60.66929131237393,0.0,66.22005209271974,56.39264480174163,55.810963820353464,52.82134202743057,68.00085572665863,58.61983326799252,54.87878698045496,65.840665480495,60.7588816797948,75.53112593420917,65.49573745779261,80.26337401203044,74.38220500264752,63.5353455490757,76.71494349940312,58.34455451307618,62.21893728091326,60.23441311729287,58.86747613422688,60.27138269950666,59.32059346667005,67.81411714918123,60.1033908170711,52.251715182671774,66.0122662631925,57.87110276790456,61.376806497300834,67.50460234127473,61.54297120555259,59.44086777780973,59.60382023836296,60.45583838322946,63.03439508987513,66.55223906761307,69.91734172888725,55.309031140682634,60.50790486504903,56.336664767902555,76.45729645239065,66.45842503285826,56.03921818130742,60.948382609830794,67.95874501992495,61.50759554285312,65.6278024890578,65.0747161881241,60.401058348973656,57.25862708895457,68.75458917804637,59.865119203188186,66.41846240124325,63.2798985961405,56.65239858190406,59.838909932160675,57.39017396892327,61.49116150816194,60.983945557706114,64.5150766309613,62.67138975685262,64.86502630695394,61.84057497402771,64.22604667693597,64.2164141159426,62.058969094846546,62.18625396392838,62.47065329732736,60.87968664769942,61.29575639946854,60.51901308312568,62.904579666089326,61.407357662999665,60.591645798240194,61.298390445763374,62.02803658024661,62.108286947369976,58.953707879962565,60.28529672462723,61.744249365407306,59.73043305404146,61.855741426910384,63.38820571834229,62.38577295430809,64.58921834631042,61.709021499188665,61.66036312482888,60.6407346766066,61.913946062815015
photo_butterfly,66.25193530577427,79.74579285248147,71.13531676465804,71.94913558904494,66.28520425142429,69.50587617745103,74.59270106787403,72.65781689227589,66.22005209271974,0.0,69.8709716090249,67.82915817577796,63.81914400578053,78.13224948835546,71.66170662825668,67.25460904291467,76.13063190840346,71.70391816441192,82.79691432724562,74.0909434834983,86.04620770054298,81.41203260418315,73.0287582290518,82.86315455821374,67.94562609406839,70.18033416986057,69.2175248478578,67.50056209747854,69.53740665727899,69.30706675076901,76.30166795313302,69.91362237526896,67.72988565750319,65.93524384189256,68.82761834034211,71.87626795946589,74.59005301040864,71.7150441416534,68.89052288848336,70.10786562803379,70.42973495549155,72.62009107081964,74.64274370625678,77.78418246551512,66.91558749981537,68.38436780079961,66.88309561320072,82.8345353153935,73.62627992544834,67.13930861162446,69.80174310968908,76.1074659614719,70.16285680672947,74.45863136620824,73.74056928905526,70.40967766950958,68.65101136488857,75.41359170205632,70.6794014305051,75.56956903401793,72.4641643051079,67.35642200424356,69.68608321307337,68.3390669779245,71.7365929508322,71.09082459598427,72.647618776189,69.89002531047713,73.9662524959357,70.4807554041667,72.85436292123764,72.42533807709121,71.9911540654432,72.13893815525721,72.02152522842121,70.76465031486121,70.9518475179604,70.34877909413001,72.78517907671466,71.17586913040634,70.28404359528595,71.12740273019793,71.74764719102166,71.41710861942337,68.90804121251315,70.64914904769736,71.8889247651963,69.64444413359725,71.36045045037017,73.31713979943497,71.93093934618763,74.29786874867595,71.61865722233551,71.38150527550668,70.51532412166847,71.390601136852
photo_girafe,57.54798740944408,74.2480499983827,65.99258717344239,64.21641035694563,55.087598524216176,58.001039453135164,68.26158546248632,62.72160859514781,56.39264480174163,69.8709716090249,0.0,62.06850261911347,54.94585864805234,71.38551580571293,62.23973206337164,59.01964908356432,67.9200355598193,65.37243205725652,77.18734267587406,68.2338128771386,81.58305492785195,74.7051852948949,66.52763639190907,76.38746055881144,60.425364493344574,63.57321358212998,63.97381252855126,61.0452152692787,62.48596777132287,61.34825715392299,69.56736228933023,62.12371419957829,61.01693286385393,67.64939725105927,57.024203554553594,67.08623624095915,69.25395404303437,64.11421827476778,61.74249591409763,62.755941759374146,63.630169528125144,66.67205453790058,68.69431880108826,72.08806375064964,59.08788640176001,62.98851027987164,60.01079295029062,77.0924037174202,67.50750899276753,58.77690952748428,64.43070089857491,69.07529152800741,63.815852422038596,67.58252216039882,67.20907484208375,63.06213531725377,60.609823666516064,70.45914776772138,61.718700350478095,71.0320360568788,65.4469293094508,60.39635154505265,62.601493459121556,60.5084726512745,64.53450072425049,65.11100272471343,67.06714988957964,65.34634441606994,67.61515079685012,64.47685840025689,66.36645449107786,66.06911034792384,65.62557486944432,65.4584759502807,65.9506503276064,64.35140432727526,64.31066890392403,63.888680282480145,66.27983095750301,64.97147055159331,64.02386616437599,64.20364773642375,65.49647190937921,65.13858425946378,62.38314870771898,63.9430034955032,64.94447789845985,62.90987263331964,64.92275932953612,66.76147477282522,65.57712250513838,67.92704769059817,64.91671521955122,65.09089460764136,63.7141476485645,65.01874854343674
photo_fish,55.58942603077367,73.50304058877002,63.96722249417372,64.76540702114026,55.78622389374683,58.88884927025694,65.08148555573314,61.647939830479,55.810963820353464,67.82915817577796,62.06850261911347,0.0,53.89186439096696,69.00105224448248,59.92650693813598,54.20877823380791,64.82847061773622,58.79689887017995,75.06868793588923,65.32318545263934,80.7181345681396,75.84180218112056,63.47818171999507,77.61669266793297,57.12727970949761,61.07420047558258,57.63866384327054,58.315124753205176,59.63089039280186,59.03202320144203,66.20703878694964,59.79654214530455,58.49238314218319,64.76016313425424,58.81668478968455,48.418442572644636,66.09887939431238,61.89783527321362,57.78412328459152,58.66318589844188,58.78669877580081,60.09905046700915,63.59187049838932,69.55453582394946,54.055504113455456,60.578471542822165,54.80866841592853,75.34535661961657,64.1405130016477,54.66914757715344,57.004666197282845,66.54720740610935,59.45970291979096,64.1546742359814,63.16167654732903,58.8664283604358,55.970991359501554,66.66724246130468,59.52807792696398,56.621369561461904,61.707589461205934,55.31998575847338,57.46019077311674,55.56306119257301,59.11293140752237,58.13850565125054,61.98391710296811,60.213035239606405,63.229298463390755,60.33019490503806,62.01123821226567,62.53209622034807,59.83147832057651,59.95240238174438,60.15761858180683,59.37599710958682,59.21067445432763,58.267373218098406,60.84033744553795,59.33443051718575,58.45836515450326,59.57868434234796,59.52456711506682,59.84930658365896,57.35176587185394,58.51750252031236,60.11266846042948,57.376901602724,59.34548182766221,61.37052858010694,60.13821353596789,62.52490844734537,59.8170530567558,59.60446649861514,58.902539317133936,59.7425937491853
photo_cherry,48.10736040358731,67.6415111071232,59.381912499266804,57.64228546026744,46.58160230282291,52.161518359458015,59.510772354717446,55.28602194597195,52.82134202743057,63.81914400578053,54.94585864805234,53.89186439096696,0.0,62.482232723700925,54.94892253649925,49.64389493454452,60.255721953017485,56.40929918120642,73.11178278219136,61.83841984673614,76.77302847109495,70.67254620801678,59.90811157717978,72.36105982141663,51.72623960381802,55.74032559280426,55.858403502725594,53.35657999929436,53.80071731965744,54.336809269944055,61.907969730790576,54.06693792279909,55.41674671852122,61.74588412924155,53.734546440259514,59.493022659659744,59.587783006143056,56.16065005493148,54.20319945841033,54.54943223553473,54.31200784643999,58.495097662251865,62.323624958265476,66.36489434920968,52.174056653683394,55.20321450654466,51.40187487386604,71.48665418956354,60.68775492600734,49.83657584858039,56.17323725469248,62.22127923133663,55.60006098705562,60.675297607130766,59.64353317592722,54.5313698793421,51.56268752156329,62.88577308130985,54.94707526747058,63.50529663104933,56.97622650854636,51.350387684989045,54.00798333781165,51.71122324468658,55.9417086675073,56.60766919425211,60.2398576106025,57.39491071456565,59.024410727331585,56.554389360651,59.39219633267299,58.34994745315498,57.17423805678422,57.23717319776401,57.291178824325655,55.89644009113978,55.95071862112948,55.57966152510171,58.0197632831058,56.769599757899925,55.22997679356752,56.345404433094316,56.869445917660116,57.084854643599556,53.890738452606094,55.281136510425675,56.735951351305445,54.25277262459106,56.60740775676496,58.33044251669821,57.26574773256229,59.761308665344785,56.51150090551712,56.73582753835257,55.52213375078225,56.52002907728474
photo_tree,64.38955325480036,80.12691289799305,74.09448797029971,72.39260061943929,63.91032402103122,66.80370585869343,72.61630256308285,69.23135448851178,68.00085572665863,78.13224948835546,71.38551580571293,69.00105224448248,62.482232723700925,0.0,68.64289325828715,65.02142562874899,73.39587049125028,70.22605320232832,85.03026448350401,75.42446925518604,88.80426789702022,82.53446616715227,72.51511311082778,85.26733518568194,68.0903418542657,71.52388633015707,70.87656300865112,69.75034952111432,69.18043390662027,69.59440334856244,75.76887147324557,69.3007275924523,69.85768612429675,75.75901958498152,68.6793242658372,73.23271368415395,76.06890254198045,67.81567719108209,69.5186135887975,69.5031538253992,69.05633589266914,72.98489473144201,75.38452636676087,79.44654870620512,68.00944029309998,70.77103433377498,66.31950200802312,83.08260976407321,74.82460729252222,66.09080349593316,70.56676226134478,76.05873942674583,69.5672763103572,73.44428423992302,73.34065047323543,68.60389111398011,66.79636940465008,76.28801860992054,69.1920782077034,76.26711794846254,70.21092383212552,64.20906980520279,67.99095924662548,66.06194657811672,69.19531213081606,70.62065129408494,73.46870911375935,71.30251181783197,71.69958941659256,69.64770850876475,72.53831894895129,72.26710958767882,70.4482121207623,70.31509296116779,70.62262481346704,70.4891235641343,70.19385657112322,69.67668136505381,70.92831006040494,70.44559753420154,69.70996995307712,70.34929018221152,70.2842453270054,70.88965669805555,68.91726833334187,69.43517802912885,70.45385823920483,68.5938570957753,70.2420986415769,71.15254881000322,71.01546045382895,72.52350961501176,70.14310196306897,70.47873412850798,69.93261907017694,70.19675659978334
photo_flower,54.689664302033066,74.14127372803081,67.65838090793625,66.53372372294662,54.20582800380526,53.03695494826553,65.08759021705195,58.690525445215215,58.61983326799252,71.66170662825668,62.23973206337164,59.92650693813598,54.94892253649925,68.64289325828715,0.0,50.469987104196484,61.28814441375779,59.13059420450724,77.67896962383668,67.40686449398896,83.31883804842344,77.93279780061313,66.43519737145125,80.34509003952157,58.769465221221346,64.54930247875933,60.87600574150306,61.50130532922882,61.10176275007225,59.11865026845393,66.3979491001402,60.72411496916965,60.68504124273281,67.02946610486218,58.9915244493889,63.844245562700394,68.88819980461686,61.122514283376695,56.45771546027922,57.569360427283215,58.192033200175764,62.97075157602364,67.33323582809822,73.15284771744982,55.82256369189252,63.705446147016026,56.68319041920924,77.86537880478778,65.86582460566093,52.55326940987858,60.50544587143098,66.11645350068748,61.04583667146628,63.60149997896775,64.83320345241602,56.61003190334176,53.76301044080438,67.91696270727306,59.14180393488322,66.90140714796068,62.524839528952995,54.642298335280536,53.462221190080264,52.419321681127165,57.996632628111996,60.482704414981185,64.85273453232219,63.31826101315181,61.87659415678622,62.17510950261922,62.50397352188718,64.63307357922089,59.97446335843412,60.026054744511924,60.34586369124464,59.89799799536502,60.79468811539183,59.74545632093762,60.60497931784507,61.072821775626394,59.608857148109486,59.89393628843371,60.60382979368808,61.227872323606114,58.93529466035186,58.70317793801201,60.05552412968881,59.09668458745258,60.42413418423982,60.79793416873146,61.43591862951173,61.87634411172669,59.51451995150717,60.438381950352884,60.66852974880437,60.0339127799279
photo_carrot,50.97630640106308,71.31356729319016,63.039524312054105,62.200676309673874,49.95155616206738,50.47190259012997,61.47682882012393,55.20467273377027,54.87878698045496,67.25460904291467,59.01964908356432,54.20877823380791,49.64389493454452,65.02142562874899,50.469987104196484,0.0,59.1465163341606,55.95415095819614,74.79073406855584,63.61334382457317,79.37756784641535,74.28575176468603,61.65832352874029,76.44324162860492,53.26735333240078,59.415703790050785,56.07869271119332,56.0447134767622,55.37205346820689,53.39675290083667,62.29013041331462,55.57244979921716,56.08988223886284,61.931457893729075,53.64218674463578,58.637887850102665,64.16768470789064,56.331746742470855,52.75885305332424,42.94707635611752,53.59220460652798,57.76508530246565,62.87697536829358,68.85641284815917,50.4331194086697,58.6255825146214,51.55628642011888,73.20163560455711,60.67645033205276,46.73315905436157,54.946030837992865,61.78240853720736,54.82306714187184,58.782499572402486,59.643524432553555,51.58678733583971,48.59677356210842,63.27015597194289,54.090447543143156,62.602360624115576,56.971003067069624,48.36708760506128,50.13604690106018,44.547142818157056,52.77344493697671,55.38557649281359,60.37000308709518,58.283282762622726,58.1401330491478,57.0306726230626,57.761198594569365,58.91036438379317,55.774456391646986,56.10713487169139,56.137510264930306,55.65147625926804,56.3490681963671,55.223344705123225,56.95423857818415,56.60821480107066,55.20223263112292,55.87318011161846,56.539171910704475,57.00011035013226,54.077484536634024,54.34893085488844,56.098096320389374,54.570197633912365,56.36245031294854,57.18059821473438,57.332334893094725,58.40664478759106,55.705301936388345,56.360672300752086,55.98252310397383,55.972748573528534
photo_watch,59.62130954174509,76.97990473882514,70.02116778898122,69.03540361506413,60.16545757558625,59.88543599443461,69.85234378577516,64.39448512771665,65.840665480495,76.13063190840346,67.9200355598193,64.82847061773622,60.255721953017485,73.39587049125028,61.28814441375779,59.1465163341606,0.0,62.78169753953524,79.75032653215321,69.35712483520558,85.13432952736402,80.98696546425826,69.923036819364,83.34728623880068,62.27358391825668,67.4893854202949,64.48544773415864,64.71480931530203,64.17348671985908,62.859177329556196,70.58611076303687,64.40063967915994,65.08425152855783,71.07947856050855,63.67429271987753,67.33158673596098,71.79864297998606,64.99324987085402,62.55087036761912,62.16257868666385,59.116530139971594,65.68405138474485,69.59664896810565,74.22933362091305,60.180164587899036,66.69465723865152,61.01700311468138,79.60412981588634,68.32550527833804,57.618492372486585,62.905547222169304,69.33663149868,64.07761200002565,67.56910478717894,67.88398665832446,61.40679486657793,58.649244201751735,70.07274528474392,63.97704992975598,69.50819117686153,64.8033558090167,59.38283441214184,59.86054683173493,58.15924697925441,58.51500392706353,63.22373744364163,67.37269844316995,65.76040456898878,65.22081814347,65.38720923150773,66.73622635242258,67.30235572867244,62.06713721030186,61.82371203004762,62.70352541920012,62.12352991952273,62.51174327963327,61.826260778805,62.597234441157504,63.006775558189595,61.714235477577574,61.669439686063946,62.409231683436076,62.87612855714321,61.10812915863689,61.10754144882116,62.08983829449398,60.76458865732945,62.29710468676269,62.905151939716085,63.27711197760524,64.14003565656658,61.56367802285905,62.35442187941841,62.3699758770912,62.18251213898983
photo_key,57.65974783566421,74.79479102074163,64.6222172494181,65.6230369416441,58.193533932960335,58.89972055530445,66.28619564967138,62.37928009899074,60.7588816797948,71.70391816441192,65.37243205725652,58.79689887017995,56.40929918120642,70.22605320232832,59.13059420450724,55.95415095819614,62.78169753953524,0.0,77.21229900101773,67.24782811195315,81.18836927632034,79.23017652001359,66.16440493393407,81.23695372779939,59.087575316345394,63.36596890261676,58.54860080502988,60.78861326694337,62.302863927568744,60.84995757299864,67.75399617291987,61.93000876434967,61.03037469067226,67.47909667871222,60.819275647865574,62.8079848172494,68.03511573555285,62.84133897133915,58.968510125662846,60.04452047244773,59.97318288612063,52.66913539608421,65.07912000171058,71.38180373562778,56.021810399590905,63.166862648434964,55.652927219551934,77.57561221117759,64.91152160521183,55.749550416415765,57.868086444262296,66.88060619260732,62.34164969531347,65.68692344773271,65.5967679616,58.79077889745574,56.31252092383446,67.53649849970932,60.52115464555023,64.79960645933764,62.96623285265394,56.526837963644816,57.27685345826071,55.84104854241507,59.31120717400983,53.93342679400129,62.44397561194936,60.6129613908437,62.811803628816286,62.4969413284268,62.88568400093276,64.485925934249,57.749601788577856,57.2734120301316,57.87756722686789,56.905787275520325,56.332685248765436,55.4960867104098,58.04092072267607,57.20497872431877,55.93209145352824,56.71325395939513,57.21020766276517,56.8412272705202,55.299627521941844,56.03568831086876,57.4832472627516,54.91021872355583,56.644574783141756,58.56193780343519,57.60191343260909,60.31842546637432,56.83508505170146,56.781128881353155,56.389836930655505,57.24875000289284
photo_truck,73.57830158090539,86.17745208448937,78.29125314187343,79.08387548425134,72.77215340892735,74.8254638417076,81.5677320914248,79.13532128730631,75.53112593420917,82.79691432724562,77.18734267587406,75.06868793588923,73.11178278219136,85.03026448350401,77.67896962383668,74.79073406855584,79.75032653215321,77.21229900101773,0.0,77.14224195044157,90.39795007960379,87.76404862892953,79.38290903087764,90.04731590895025,73.1628696270377,75.5541383937711,74.69828846430437,73.18051212970656,74.75524923552624,73.88756119072058,80.67485767074113,74.8090797370551,74.96330824095213,79.24227648624999,74.39887737558938,75.79257992397035,79.21171395146786,76.80141557515412,74.17563421965072,75.53127291988083,75.52829016525263,76.44977488693412,67.13563733314531,80.96330922906441,71.15859269090448,73.62510996300406,72.1597453295224,87.03837216726838,78.79085031048268,72.43553297207524,74.38266056108715,81.36626433218845,75.46948826014977,79.9140178443488,78.65040829917056,76.53483862402513,73.30869184550875,80.41320434321177,75.42984140819172,78.49354983134003,77.24870896948008,73.54864938511867,74.65922215682724,73.5730579127909,75.79575297782917,75.0255496925576,67.04155239559579,74.90104648609454,78.82019932029435,75.15065601042916,78.69079805314014,77.7831176823439,76.82500805548497,76.28400801465475,76.69829023645111,75.38845382917556,75.35764348251062,75.03606835729096,77.19007309700903,75.99638007984571,75.04356444494448,75.73488350274559,76.1089507050856,76.04081144617301,74.02594770253107,75.26579516917417,76.34862386679833,74.25105875093796,75.9308155157459,77.63261654342134,76.51184075584939,78.5560426120403,75.90264490115162,75.9935037194304,75.42953814242344,76.09049292208734
photo_velo,62.36521265203302,77.48360031751986,69.34847011766436,69.3778361574022,62.19780694621428,64.56680765346773,72.62188750676083,69.73360571971963,65.49573745779261,74.0909434834983,68.2338128771386,65.32318545263934,61.83841984673614,75.42446925518604,67.40686449398896,63.61334382457317,69.35712483520558,67.24782811195315,77.14224195044157,0.0,83.8972032536761,80.25163720320158,69.16027882556418,81.629380331208,62.10111326165667,65.84527208657006,64.20696298559729,63.52461294898194,63.707237120883995,63.355510980483324,71.85082109439557,65.29227733180757,64.78339926763941,69.96837387930643,64.22033409431414,66.25974434138286,69.74338883781746,66.87647905311464,63.58207955405192,64.64366216344492,64.62311432687845,66.32488936561579,67.82221152736444,55.89149988465695,60.43980473566385,64.37658070902414,60.687196986417035,77.95312019797673,68.55806661187259,61.34248052899528,63.61474592040304,71.63230333533745,64.37303855400441,69.91467681706355,68.27361958005068,65.6393424376818,62.43490415190584,70.75246239086215,64.45268733469455,70.18055448686376,66.18747976554586,62.1515219136964,62.90737375423364,61.82903412679435,64.79320176601941,63.85019298729305,66.07774892944943,59.34005554104281,68.18658498412549,64.71287286050412,67.49519988930503,66.99682700629576,65.78291847423672,65.3982947060607,66.32640975285865,65.40223068268521,64.89570860078723,64.42358841093517,66.44950416530112,65.39987878204155,64.33932091824697,65.1877088152804,65.52982092283985,65.79281626093662,63.655338627681985,64.55347618042197,65.83434845534809,63.30125956325998,65.09989340438321,66.91206516481006,65.85777759216342,68.21178799149499,65.29108392523791,65.3660607917728,64.94579958950767,65.61644668112984
photo_road,76.35033668921486,85.75606509526946,70.71890813265577,74.76729930592819,76.9061445878175,79.95098392531732,83.4674957239042,82.45015534543941,80.26337401203044,86.04620770054298,81.58305492785195,80.7181345681396,76.77302847109495,88.80426789702022,83.31883804842344,79.37756784641535,85.13432952736402,81.18836927632034,90.39795007960379,83.8972032536761,0.0,89.36368128479408,78.9282143664857,91.69573421316072,74.4191102815021,76.28484167361626,77.62980690124519,74.7412563197559,76.23063196085884,76.9824201376375,82.93449941982195,77.08050502064017,78.39553390133841,81.32032050017084,76.84461330885644,80.59273922058152,81.3477994781055,79.12683483495158,76.44178736923025,78.0492677184208,78.43157301271768,79.60317162329817,80.39680322242755,83.9420086212188,74.697804598827,75.65696453355375,73.9345502531202,88.88721132766557,78.41978529921064,75.68472787015185,76.74151953437165,81.70419085921118,77.97785246733322,82.76148888218401,80.67736084479618,79.41989193292976,77.65724837353284,82.27102818615582,78.11894352617216,81.48510340108513,79.73877989902363,75.87720959232765,77.44409719109063,76.86315016857426,78.80282322989758,77.91236157858832,78.68162604745154,77.20479347337097,76.55770927455254,78.16750038418729,79.69892133773037,79.59213476245777,76.13428294783672,76.03523899835884,76.62381144203553,74.60697636795972,74.51831248720252,74.23222222745784,76.74765081611844,75.39879823716704,74.55953558663369,75.35392600969797,75.54752252858954,75.68476595152994,72.76008702156129,74.3712276402891,75.63148330647691,73.60385103560753,74.8450998896966,76.99321175739364,75.64206506773097,78.42723444485502,75.3321721544948,75.21127987209684,73.9423493225508,74.93874847724332
photo_house,71.04324824191457,81.37541005568097,76.60299091348116,74.12799227204947,71.55216620158932,74.94061604621024,79.81436783042427,77.56277113258243,74.38220500264752,81.41203260418315,74.7051852948949,75.84180218112056,70.67254620801678,82.53446616715227,77.93279780061313,74.28575176468603,80.98696546425826,79.23017652001359,87.76404862892953,80.25163720320158,89.36368128479408,0.0,78.67588427768933,85.7167246334247,73.86632625997271,75.47744415333807,76.96290177928228,73.76280423420226,75.27208902107736,75.40927200855516,81.43174312592282,75.31510303262216,76.52253092240082,80.07164234307346,75.30502389834344,79.8948054013196,80.3468330511531,77.74933006783829,75.19998710937318,76.78555651101125,76.7972378483684,79.3389129634197,80.91861294926042,83.30371442735088,73.66549275753347,73.29168836787366,74.30604859692966,87.0680807047026,79.18322283679265,73.8703103501831,77.27160957256766,81.74728659525977,76.32167281539425,80.6845731986945,79.22089114678185,77.64282341156022,74.8744935548715,82.07674813729761,76.46098693899323,82.90914043580237,78.20635785253795,74.46037680004187,76.41580451607456,75.32659853398413,77.8532994830952,78.01068513268557,79.7387810397157,77.72648660892621,79.6110923102211,75.19851443356616,79.96876407446302,78.3494565009183,78.53767975614369,78.47425726188881,78.98987399352819,77.47597219088557,77.5850378819076,77.32714913946516,79.31440023051226,77.9584988583953,77.14436423893453,77.75085015280155,78.2599694402796,78.34545834378675,75.74587750832322,77.11886241401434,78.26061004929805,76.1634416048241,77.93039608495648,79.63766557204936,78.39412695127757,80.62924313365691,78.04035646244562,78.04529468730767,77.0194043121882,77.86517051211352
