,photo_face,photo_profil,photo_eyes,photo_face2,photo_walking,photo_standing,photo_hand,photo_legs,photo_bird,photo_butterfly,photo_girafe,photo_fish,photo_cherry,photo_tree,photo_flower,photo_carrot,photo_watch,photo_key,photo_truck,photo_velo,photo_road,photo_house,photo_mountain,photo_windmill,drawing_face,drawing_profil,drawing_eyes,drawing_face2,drawing_walking,drawing_standing,drawing_hand,drawing_legs,drawing_bird,drawing_butterfly,drawing_girafe,drawing_fish,drawing_cherry,drawing_tree,drawing_flower,drawing_carrot,drawing_watch,drawing_key,drawing_truck,drawing_velo,drawing_road,drawing_house,drawing_mountain,drawing_windmill,geo_face,geo_profil,geo_eyes,geo_face2,geo_walking,geo_standing,geo_hand,geo_legs,geo_bird,geo_butterfly,geo_girafe,geo_fish,geo_cherry,geo_tree,geo_flower,geo_carrot,geo_watch,geo_key,geo_truck,geo_velo,geo_road,geo_house,geo_mountain,geo_windmill,word_face,word_profil,word_eyes,word_face2,word_walking,word_standing,word_hand,word_legs,word_bird,word_butterfly,word_girafe,word_fish,word_cherry,word_tree,word_flower,word_carrot,word_watch,word_key,word_truck,word_velo,word_road,word_house,word_mountain,word_windmill
photo_face,0.0,64.32864656227352,67.661533430176,62.783297862752505,61.28364251701033,55.461375543071384,53.5261589313893,50.84234736067758,68.29282487036842,71.89518051145153,81.2065790160573,63.9835032650095,59.85121195817142,64.79669720985268,59.128534083417286,55.300332567811864,60.975359599119855,72.53192749892611,67.15581356820941,72.76798144266785,84.27287336789325,68.7406269850278,69.15718264858488,103.27674141875613,68.6266130969767,67.80975537809495,73.9423628716011,75.85777850596625,62.11141811954884,59.7025775308348,73.49608574675612,69.97116027641115,63.191475545162746,81.78918568876168,61.02704176506237,68.78132079179582,80.59698455301276,60.40122895850888,74.63495621946876,55.05456025870029,59.3781389951065,68.64143408459339,67.18655503707004,89.17226911818294,70.62407850261151,74.40051275863063,69.29630557437586,65.94551110724048,73.9094156730395,58.981585762473436,69.7562017812359,65.88957057149294,57.98218924487356,60.3056034975487,56.21528259536317,60.1331815786927,57.69802444095358,69.76792000391987,62.752420784321174,69.09446064827733,66.83722797593485,56.39074196943453,54.100005325101115,56.25520902500918,55.65667805630671,65.60891674749021,68.33080551411503,69.52381996427003,57.57434745386692,63.61459785628332,66.80999636645217,63.25179760142653,58.22376097394857,60.189945364536456,59.197692248577326,63.16883720217446,66.65006089978365,66.04398459035636,59.220385899255476,65.6486083576374,63.44008399241853,64.48915044046788,61.43409688076929,66.22315745634003,66.53719624122115,59.59337522338027,59.051723351748045,66.31984467951355,63.27457585147002,55.3288825452094,65.7977653101909,57.37037812584552,60.80706498339429,63.53536921010368,68.17730989100141,60.52060805802001
photo_profil,64.32864656227352,0.0,72.23169262977702,65.09319108644532,74.6737561135404,73.6534209681102,66.82199563865309,71.38949764072471,78.34713605558498,75.74586243547316,87.39894645561806,75.89237701820535,70.55501085918324,75.50072229674649,75.28098656483935,74.5576083673187,77.65863904293933,82.06092519752518,75.45233214212388,82.71466130746225,87.68234818423407,67.62186890050056,78.36589001630445,104.7816538811161,82.3759118628441,67.72517270101383,83.55165139006759,81.85708146800103,74.8182477971423,74.87117229598861,85.06534704046926,77.52200531738657,75.96474482470613,88.8345005742985,75.36435261414718,80.65644215512862,86.91675218683186,78.91265108664818,83.6630050592169,74.29267506913276,77.60848272146434,79.18213935964056,78.41408977968956,95.22516880604819,82.3504735463391,80.1329351536165,81.17617589474916,74.7059635935065,80.41580978399841,77.61792509637617,80.05340570155286,79.04543427493265,72.96132628934663,75.25499736694466,70.08002071291243,76.05979463797972,76.18988870497063,76.62508846443774,73.7476947577219,80.94475400439482,77.01017752887662,74.2574956434266,73.64362132719792,75.11262721812501,74.91479596966484,79.0577384462768,79.89101140939398,79.08415248005343,71.87733133731756,68.15810731193145,79.18209431148449,74.3432282051186,75.38863917185591,74.4315218879773,75.08367370530105,76.55782275132027,78.07903569981447,77.52791693992184,74.05606465410035,77.20727809939332,74.79268090737723,77.65493907212979,74.32239228751745,77.42736416490331,77.25697020318793,74.7213889589776,74.7496362870866,76.92170605270165,75.0769580874727,75.35484325815546,76.93159950648132,74.78743651699295,76.18623835047914,74.90929310869315,80.73050102216206,75.81785750793567
photo_eyes,67.661533430176,72.23169262977702,0.0,62.253084901334404,72.7533036410537,70.81311928522744,68.56026409148143,70.92435988697727,67.5997702888944,59.43774951879751,79.0257169336209,61.90392861908463,69.53161143788637,79.11560390880142,75.43614291341238,71.53414884427823,79.57475553315012,67.3679403916901,53.78094500544847,70.1756619454134,61.29412320740093,71.02767892677942,64.30852232689489,105.18590430939328,77.46451908671281,72.13810410060537,67.96274400163813,69.66317013724388,75.63851125235799,74.31766055122624,85.39426141352786,80.4195359844673,64.56175806101243,78.91139682207672,76.34234791674406,68.05044496568406,77.8792652904776,76.69478627461514,84.27214862734635,73.20717727679825,74.018346829855,64.64175395287339,63.81113291565229,81.59734946714823,71.82275759684984,61.80724568939662,70.05662029782138,75.34118186972218,75.17883700871003,73.95474749385862,64.41355496041938,76.51959119665075,70.92702419893241,73.60805009431125,71.32129488172865,75.10999363708845,72.83063566991069,69.95498810769409,72.40486982292204,62.74670230743211,76.04450657860454,70.96640373410347,70.9620047225329,73.78627393294424,72.44740304503267,65.02996292116464,60.58098824901114,62.685330193847854,71.27082431888188,71.70818718685308,68.37748897473102,73.88492710631259,66.28923086299272,65.1812636118077,66.28460525944321,66.05355938361566,61.49609762845111,61.59689709019743,65.00291123304707,61.721730655926514,63.20325722791996,63.71224389384111,63.590704514384484,61.42253260066878,62.07855262642849,65.55782139146446,65.66215170117819,62.59988065303469,63.5242653987126,66.57830784869665,61.61125429519694,66.07391126785484,66.87155587340423,63.16660672950538,67.037067742775,66.87459924344753
photo_face2,62.783297862752505,65.09319108644532,62.253084901334404,0.0,70.32709620956294,68.98415970838468,63.88876929343001,67.98018522106759,69.88926883510494,68.13418630735,81.71310333820465,70.06885234260959,67.68129766446481,74.32288503507722,74.04430814372743,70.47144006586971,77.24953028426842,76.97810460490561,68.67811052855163,76.79854209690745,80.41845452055088,66.77076638456174,73.6765289182992,103.7702179440996,76.46151925793544,69.07302490418664,78.02465675873792,73.42560277130997,72.44720586637892,72.5386347286102,82.46384635079825,75.50929756517615,68.15245430754226,81.21331401849208,73.864475063624,75.57372363508986,82.03569057087456,75.86398048182099,82.12826020821304,71.58550216484826,73.4102062462866,73.5463829152389,73.241222768255,90.11604351833032,76.71185468797147,72.02395791842979,77.11356654347937,71.65141212965182,77.73015926165722,73.9680569229115,74.52681669442686,76.10389145022081,69.39784493469105,71.782040918931,67.9475674344776,74.34197968463225,72.35088904849918,68.03221520495717,70.3917923515206,74.92547663212001,73.69294666475236,70.59508982747593,69.95308586734663,72.30298573301893,72.22982436381736,72.71033116184775,73.33506246397377,72.8820955570432,68.83049802839399,69.34192309823044,73.84109737278862,70.09948883277245,69.2374490719512,68.23451305330428,69.34731431244867,70.57383976186084,72.34313072848752,72.08381472902136,68.39188323741581,72.03068558535426,69.32806722348917,71.65687281916972,68.64742648055437,72.03916972705088,72.21686624836379,69.25909798018017,68.66250143494295,71.68764590518357,69.62280201444595,69.25409916090653,71.53896143444119,69.01454554078369,70.42919566776021,69.37883772003968,74.72306365307112,70.31066583767841
photo_walking,61.28364251701033,74.6737561135404,72.7533036410537,70.32709620956294,0.0,55.94344214480079,61.53304880225221,54.71330699188966,67.25870329218372,73.11785155056994,82.88334162854017,62.512742973730994,60.75196488690186,72.65082658473901,57.64382425293258,55.04749298475918,67.76243777327339,69.49683215830386,67.52909885239077,73.34125346917739,88.06461743423138,77.28046657727549,68.1076665708175,107.7850172123336,69.5013587759855,70.65931846887116,70.74431879688734,73.23740473962154,57.2722871049848,63.49560320675829,75.46677314426897,70.9668004559642,61.90171337900981,78.48911392563795,60.62298875495021,67.06074125760959,82.22873257293385,66.56964668699742,76.0335267747185,57.531010071235286,62.27307193226422,65.71557770676677,65.83414657672834,89.27618135490522,66.80365302984828,76.45794559345048,65.38395546591471,71.28375457249956,72.08063860408207,56.38130570085498,67.68326756260302,64.0480056567348,58.589318810234275,62.02059971927067,60.97768331123572,58.905410396088755,56.334979692032164,69.70299873934717,57.91236493222385,65.18469719415424,66.2139582288334,57.44751376914111,59.33883798405462,58.05690501578734,56.517135481845095,61.99170022813411,65.2544922394253,69.01474485717463,62.13408288430208,68.43609176180861,63.31702024527127,67.45297764336314,56.530991802720344,58.09571142895824,57.44980611888205,61.068210695976866,63.83677198312529,63.20365314618043,57.6592967759092,62.686362878095835,61.47450468655307,61.29189528754981,59.802100269025765,64.14692112997469,63.67668452056297,57.35877487436169,57.20054123406875,63.52957132198328,61.12280412675774,54.254008094102325,62.908192743435905,56.35173155723671,57.776050746913114,61.360580304003314,65.63261198044792,57.49682411320462
photo_standing,55.461375543071384,73.6534209681102,70.81311928522744,68.98415970838468,55.94344214480079,0.0,57.79574586590066,45.26867893821742,66.08742423923198,74.52385482856329,76.50414642452061,59.61801229743074,63.30850157442991,72.48422442402271,47.46394445459419,42.37687332112101,57.25341357399972,65.28689927916814,67.081940438053,73.84628624786173,87.30262459680661,76.43793527340446,69.13449541099189,105.36528927388505,68.78460605032667,69.93701196039362,68.14396303703873,72.1748523495729,60.9841530661592,51.371471330520386,71.92198254695762,68.95969901983665,58.3888888057393,70.27303418672898,55.30191881220685,66.64998580553275,78.15970072159692,63.48709619643179,70.67081785669984,44.86243986901838,59.10228867596749,60.61162083098646,64.55602627497028,90.91958806604111,62.85543043654486,75.27793802870289,65.7242229686946,65.6325479709169,67.07556333989668,47.81017563671782,64.90070894103008,52.21006525677556,57.26969983148642,54.50239065810831,57.43829123545337,55.482569082394086,49.081105435258465,65.06377195875213,52.52539333076966,62.48525794234005,61.8875169838759,50.77318727882798,45.11648813133202,45.20907182663974,45.25184514817267,56.880116128370645,63.51343060327315,68.3709191110247,55.76998091793109,61.66022219270049,57.82247043104868,61.8351633148944,51.668951787874654,54.85986543551714,53.19131088687578,55.95685600041694,60.44972358959663,59.86790563824356,54.032768099399384,59.217160901368594,57.8928429950149,55.94403009336741,57.134548481406334,60.632984112320145,60.45509332725104,53.72428165625968,52.522147786402684,60.90919850586358,57.74652908326622,50.68489781040622,59.580798288959734,51.925829254325414,52.83065803123208,57.785481807672326,60.731612052931105,52.79334108421763
photo_hand,53.5261589313893,66.82199563865309,68.56026409148143,63.88876929343001,61.53304880225221,57.79574586590066,0.0,56.151733083978336,72.08031400438215,72.30024477028313,83.9235394566936,64.74057126605328,60.16125628327265,68.96144490499854,62.4664910962035,58.4239638765343,66.6471155167876,72.51927780281801,67.24675153395161,73.23059854610499,85.07137718976462,69.40509059193704,70.62879157367503,104.58230743671002,74.13762764598499,68.47478820109717,73.08419262511556,75.40172588929757,65.07355702444484,63.5296311988695,75.78023730057446,72.13925875697736,67.03846826085724,82.21078940547878,64.5073274768581,69.83018998011704,81.35747868054123,66.63462679919702,76.85230576934752,59.84488730694234,64.3562931498071,68.7074361456288,68.2811475179354,89.97943224450857,72.12305359536751,75.45711364060394,70.45673961280475,67.91211470374421,77.5351325902499,62.886836409449494,69.72426553887166,68.50149052670393,62.08719305861805,65.37933636509524,57.76894681544153,63.674767611517034,62.410547191249925,70.73036372759944,63.885541833286986,70.48305440314617,68.46448381890576,60.45991389379166,60.52728000752589,60.170659482729945,60.45353673316507,68.06916624825249,70.6639029038887,70.5034194788554,62.18781306499865,64.28267078606484,67.58738331905472,65.65974235083767,61.45052189444535,60.38201379870382,60.625541741446355,64.42100902164086,66.35716681586554,65.88809062197274,60.79554751125032,65.44849612028723,64.29722950660708,64.66518615997961,62.736855090312375,66.49093658646044,66.3533025641622,60.566272295337505,61.62726231649487,65.60441240931155,63.937163135522745,60.645183109524446,65.67778472680538,61.06183321568999,61.081539932667376,64.33097929029624,67.8640711530418,60.749849211140116
photo_legs,50.84234736067758,71.38949764072471,70.92435988697727,67.98018522106759,54.71330699188966,45.26867893821742,56.151733083978336,0.0,68.04425872023091,74.12264301097944,81.01143381400867,61.64773874810833,60.186137822504655,71.11062102950565,51.53314682988168,46.55989410883452,57.86512875211732,67.7224148623637,67.28855803424418,73.85542734406691,87.52063662169645,75.2676129602384,69.87605242304099,106.3302520389564,66.95434090677634,68.73677277914166,68.6852769486457,74.13295558019793,57.28335575481696,55.01077976844435,70.05637627664099,67.99037989198028,61.15734640468946,75.94508353268994,58.93361574382342,67.43439185406797,79.28819598982227,61.90825268458173,71.627890471323,48.47075920443838,55.795154665200656,62.9949189785329,66.14294304830452,91.61506978470678,65.11099558719509,75.37701954452216,66.809960080885,67.94964414813269,67.30074724675018,48.19182883369474,65.7342757948056,57.303815861624194,54.17682341400439,52.52384295585814,55.60906073335218,50.368169863242656,46.81974432834668,66.45944152271858,57.53492914609007,64.92605597832534,60.52597158877486,52.97627979820337,49.96594349973478,48.65636091340243,48.97327937763431,59.47127386062182,64.67612749997389,68.42315317500965,58.366358252228295,62.20672359187299,60.4455494819303,62.4891250686578,54.73629930493499,55.34763428362214,54.636210774198005,58.118220772508856,61.81546534188262,61.17896041854709,55.641292267852975,60.670929221297655,59.49465239284965,57.86936090627414,57.848192560724826,62.28405328334194,62.384581275758464,55.77635295218574,54.18102631627338,61.612053715666335,59.21724140773048,52.000062564871094,61.106445362117384,54.245840341323806,54.66847831493267,60.00108738907899,63.32340167539974,54.611478572826094
photo_bird,68.29282487036842,78.34713605558498,67.5997702888944,69.88926883510494,67.25870329218372,66.08742423923198,72.08031400438215,68.04425872023091,0.0,65.42945825089446,76.66176324356782,56.86929246416037,69.09739632231458,78.26220170624283,68.84580078308313,63.06847442654626,72.55792820777057,60.11188428818804,62.514077141060824,69.62074776252842,82.84540097550482,79.21700417375574,72.24287818179235,109.65516534173473,72.6281609488819,71.0932284772683,65.57836472341843,70.82736950817069,70.6088102108999,69.28082567646149,82.11741109529754,75.87966091207241,54.63438508624498,82.31071791697632,68.12317493831938,64.47233057253442,84.17146523751437,73.11820534723563,77.60842049104866,65.27480898111503,67.02122925198688,57.51538032220368,62.95025780760652,84.52060813882927,63.67538355132729,73.87059951094518,66.60857387659205,77.51073495962792,75.9739357265212,66.29135380595869,61.10881414136779,67.89364407695618,68.06824760453642,68.34116833505566,68.03874150935074,66.15475777524368,62.25204994092653,73.06503347848982,62.44380102024432,62.89587273853442,73.88800182313243,64.38445748922577,65.45726328798817,65.76657338575063,62.78971373705497,55.253272292886244,65.44210947047678,65.06697972819879,68.43005857167064,68.31299371407026,66.1434590678194,73.01032380028764,52.98557201401824,54.73547171663865,53.6971135310591,53.49419851696824,57.265521005028845,56.46755132426189,53.01331448363538,56.07234489278596,53.16046439961724,54.745078912527966,52.15788824290286,56.03313221906816,55.69858356421272,53.14705456169797,51.144193287018396,56.68778499596142,54.32291860216785,52.70788099384077,56.445134974871515,53.152776877703424,54.27681526787267,52.552243738154004,59.37382969803903,54.015513956720234
photo_butterfly,71.89518051145153,75.74586243547316,59.43774951879751,68.13418630735,73.11785155056994,74.52385482856329,72.30024477028313,74.12264301097944,65.42945825089446,0.0,84.3761220462433,64.01850364888118,71.66592378268071,80.8276690747767,78.39116314726537,73.58791635197419,82.09134668396128,70.52419709981616,62.66495314642265,71.57776162445434,75.36953225264786,74.85572864138895,72.57044263934218,107.75339661962407,79.10906126610998,71.61623787175988,71.1908013290287,67.59342783683078,75.23519782809555,76.84561892227462,87.27917519728675,82.45498435441779,64.42172430634501,85.90980467189114,77.79992702355091,70.53079014796562,85.3008814660898,78.64364098363039,84.18781048791223,75.27264449770121,75.89739145407326,67.39631845695061,66.97034765108612,85.80888178761415,71.97032675748554,71.48832668891235,72.26232845661136,75.30462930039364,80.15552433401905,75.24964861096741,67.65937290986928,76.31563845392735,72.32254670240272,74.65345852768854,73.59308353529393,75.41700157845523,72.97850025675982,75.11610577368384,73.71700047887498,68.58968150417986,80.67011186407439,72.6760580864817,74.42857051458964,75.93322049168272,74.91891549078979,67.38581218352013,68.4283491161022,69.14944389334295,73.72042735598968,73.14647681798449,71.6137823760718,74.906758616927,65.47971990995438,64.29620891472318,65.58020032078323,65.28486717670852,66.2924409700613,66.91069796791874,64.33063247607423,65.4474792557704,62.913634422277426,67.12697579575914,63.12883077633433,66.7248781714272,65.3161921723226,64.96645881475844,64.93249158305095,65.26457210817523,63.13562720928473,65.20964003352321,65.32210552153118,65.44724468361075,66.26450252366239,62.76446889230281,70.02224487287585,66.31993814411737
photo_girafe,81.2065790160573,87.39894645561806,79.0257169336209,81.71310333820465,82.88334162854017,76.50414642452061,83.9235394566936,81.01143381400867,76.66176324356782,84.3761220462433,0.0,76.82522732188909,82.7327566885334,89.38769317239678,78.89464184352443,76.73276163981322,83.99717963715179,78.41031415497937,78.26793988655614,86.80890302605884,91.26303591802247,86.68425710572954,83.94836180203795,113.28087286384758,86.10139571914002,84.48994161057358,81.90615189193174,85.50422074760588,85.13422777348127,81.46108298610578,88.6947743030399,86.75630785840792,79.2638416664511,87.30367363290281,80.34527172420236,82.6625750036066,91.34601381469791,86.4992076679135,90.31208959803067,78.91816910159615,80.80804017349247,76.66301823583572,75.38000040366762,95.30769684103703,82.06214468226699,87.51099847684402,82.9885360729934,84.36670708474296,82.9801403530913,80.67413321226921,77.99979005694102,79.12875009849745,82.00478696461435,79.45215097053192,78.87686139693876,78.94772412049984,79.72372685773891,86.07042965061828,76.99144159015052,80.08334972187112,82.0576046532897,80.33454886948223,76.16237716982891,78.9074630240609,78.39906442252905,74.97995779210449,77.93355189820372,78.36611716296568,81.14724198281108,81.29313767477106,75.95373741676038,79.98622925717493,76.55136194011355,76.65607006099532,76.67877609280646,75.57069001380658,78.28029788895495,78.08342255999729,76.14604808754771,77.7453658001534,76.40549223959826,75.00628925254922,76.78354981304584,78.15786578207182,77.71852517161287,76.28967871692494,74.85725234085552,77.7893876821672,76.86027701242789,75.78184750177216,77.46723611811274,76.3812582248542,76.48329529319285,76.38501496572943,79.49152204032532,76.41192188761438
photo_fish,63.9835032650095,75.89237701820535,61.90392861908463,70.06885234260959,62.512742973730994,59.61801229743074,64.74057126605328,61.64773874810833,56.86929246416037,64.01850364888118,76.82522732188909,0.0,66.19697497238042,76.1461863069642,63.35903957490364,56.43948433926337,68.00604328893188,52.53356178471581,52.07350321982711,62.65166201773404,78.96944139004108,76.38779024725291,65.41078855285718,107.32141826330756,71.61961503486938,66.44764636451312,52.10492298442306,71.24381376556526,68.5660304303529,65.20337654998434,78.73998392048149,75.0697499602297,56.41689832224237,76.20996219972145,64.77600558212744,54.102230691210835,78.04427391948519,69.78607635240992,74.68917281519398,59.06664411203823,61.87977810549257,47.289796624160445,53.69493865452339,81.6980367324672,54.88200077142633,69.37265931401619,59.11520896497608,73.81893475430341,73.02325247476819,58.55148151925813,48.2242434223583,65.57727240249754,67.11871366964046,64.4223027085256,64.68982320756433,62.16434023745412,55.921487656959286,67.614073655778,59.141116106850205,51.99254826152091,68.34318101782594,57.62649288255397,60.273854813515214,59.78225803590618,56.42136863661849,46.81869989979725,57.109047743542156,60.198695708794865,65.21485656187872,63.45824100719451,57.28613499771082,69.46730458573951,44.137836768162714,43.99078207081075,44.234278004001986,44.64423785992172,44.371942015108104,44.117591986797514,42.50656953038725,42.690128567853414,41.089720732940016,46.23163927940745,41.94307382597746,44.642916134426805,43.33472370423558,43.4974658890819,43.28477564260894,44.57248459469534,41.834067046161024,44.736828536161596,42.63667236967064,43.33580308372218,45.22920069530062,41.332817110444694,50.156040608485455,45.13845555245925
photo_cherry,59.85121195817142,70.55501085918324,69.53161143788637,67.68129766446481,60.75196488690186,63.30850157442991,60.16125628327265,60.186137822504655,69.09739632231458,71.66592378268071,82.7327566885334,66.19697497238042,0.0,70.15238597962673,65.26401977636638,60.400528730374525,71.5506734577328,71.25090730959353,68.1747979778127,73.17239977758612,86.78921377812725,72.59743471036346,68.32283808533361,106.96861408792854,74.09069031095997,69.33929553600815,71.31179679511202,76.88360011717303,61.13710229856792,68.51718084525152,77.00523962642387,71.03910350057821,65.26483324463133,82.298095539014,65.08908077357505,69.82617887542158,83.48974154307292,68.04345467297736,81.673444571226,62.55858229224901,66.26171924023268,66.73618647239846,62.569959578024985,88.99789523321616,71.81458648509198,73.22745318632546,68.34463797624801,71.08014970838626,75.6133973152382,65.90613315546912,67.59333919265603,67.9140102749971,61.44294199213235,65.8331587692019,63.290808366970246,62.67296809551786,62.232589280036485,70.43691583518915,59.172269341017994,70.18493594437122,67.4970718282054,62.08052431716662,64.18283560323687,63.21766845448807,63.220762684115265,66.04492205498663,66.07986671357455,67.83184380431348,60.05549402851519,65.09637084765417,68.26499928196716,68.19216569885602,60.97591303436053,60.15109670799484,59.07134867752282,63.62379119760752,64.94204864318976,64.14609743064644,59.4399379673742,64.50405317213234,62.72881723988662,65.584055596103,60.77432616463721,64.64235943467791,66.14374594885057,59.41431486163566,58.78003855304825,64.79152049129861,62.891129522879254,58.37511821330828,64.9088518202441,61.49567538680011,59.844265305279066,63.17900123555146,68.01722832273126,59.49491168289414
photo_tree,64.79669720985268,75.50072229674649,79.11560390880142,74.32288503507722,72.65082658473901,72.48422442402271,68.96144490499854,71.11062102950565,78.26220170624283,80.8276690747767,89.38769317239678,76.1461863069642,70.15238597962673,0.0,76.23018493521218,71.77446623132889,73.02096507561306,83.52398527415728,79.03453249365734,82.23134906601061,89.69251146513656,74.27090502514861,73.79574917899166,104.85760419082851,81.91135818183783,80.07966085097671,85.59112129492422,84.41959362325048,72.76451114485512,74.40737185859909,88.32957854689091,78.29413774008906,76.36075464697639,90.62754319129046,74.453461904989,79.56481384849597,88.53875403873882,70.21469574475117,89.56069891779396,71.87578952399028,74.01396519775444,81.10929944567295,77.83841611597845,93.62805181549902,82.80191280319869,81.91571375331176,78.64931008419224,74.7881128796517,87.14511987181348,74.91010134165126,82.02697689673474,83.8058433582604,71.93558390634401,75.81758235592359,71.24693708272942,76.47232811685627,74.54534984840579,79.07197472811771,74.61571661600954,82.27057357862542,76.36117231215758,69.57980860114286,72.20386689214111,73.81478548297511,71.66133498374151,79.81783190247336,81.1432503346234,82.08101091148929,74.51781295734885,76.29769835688813,81.05265219797022,75.07551650335748,73.6675410459291,73.93814384633355,74.0356382226071,77.24207546661003,78.71805137416948,78.80364706596333,73.30225954130259,78.32024736578369,76.10506462660297,78.21193914715914,74.68499374664266,78.23211379213444,78.60250006210494,73.53636987142694,73.30563947226702,78.65028405604771,76.70446516714426,71.33218408944705,78.49544889569727,73.20723812450824,74.47703775622217,76.39676398006084,80.85016845223393,74.5939155690686
photo_flower,59.128534083417286,75.28098656483935,75.43614291341238,74.04430814372743,57.64382425293258,47.46394445459419,62.4664910962035,51.53314682988168,68.84580078308313,78.39116314726537,78.89464184352443,63.35903957490364,65.26401977636638,76.23018493521218,0.0,44.10378695629426,58.54046683319226,68.36082356093632,70.69725346939354,77.05068421376915,90.62729799529518,80.5143352323736,73.24653264364959,109.34884099236073,70.390141274788,71.46663162522401,70.92048097104859,75.7021860928358,63.09243392814626,55.28655471439425,71.03834033705341,71.67912912655834,62.612303087304774,74.44179435824807,58.24481160532998,69.44640856590321,82.057247649913,65.21972559061939,72.54475400764261,46.21252485194874,61.009186377613,63.65769800958744,66.0217228975578,94.15081497926519,65.08317764281419,79.53745410155436,68.43090562730333,74.19386519555451,67.44465663759817,49.58042645637441,68.20048659666803,55.92843613394887,60.1666645922813,57.56429763332995,59.37083973919318,56.37172626833552,52.520730270914996,68.40690597537139,54.919978683709985,66.27753810902924,66.17135322469053,53.493861205619254,47.47832469037784,44.917751759221574,47.579048278539936,60.08878728711398,65.53701578990272,71.56387853375956,56.16216131545311,64.7067158221536,59.8740638577343,67.5084758554803,55.88148070974687,58.98351885734084,56.60120799741327,59.40827411849804,63.73534759076211,63.02910278337474,58.51949679885338,62.80269110447835,61.49177289091281,60.18262532407157,60.58770251075957,63.98511165130853,63.82222095814551,57.09164484252245,56.278951863035985,64.25485293355412,61.78643842842757,54.26693844049275,63.631321497684645,56.52809484897352,56.64525559300074,61.3571281081403,63.92538422014928,56.55706628629049
photo_carrot,55.300332567811864,74.5576083673187,71.53414884427823,70.47144006586971,55.04749298475918,42.37687332112101,58.4239638765343,46.55989410883452,63.06847442654626,73.58791635197419,76.73276163981322,56.43948433926337,60.400528730374525,71.77446623132889,44.10378695629426,0.0,52.48942845833969,62.903264126602586,64.838086283155,71.60864072832948,87.70144729678525,77.29115848501415,67.90785618337742,107.94142578407501,67.3188731719557,68.97336562153696,65.74318530326711,71.9521283381127,60.151304156363175,49.020251698250654,70.23240090017332,68.16724246864472,56.837282805026796,72.16081374263524,52.76846457895833,63.988480882680726,79.38959423418527,60.18702569241784,70.20954496764661,35.100876375050696,56.81841751853566,57.857035822695416,60.58524384499325,90.43440395787069,58.95947349682918,75.88231665692128,63.04986177913417,70.53613903061257,67.15275616625979,43.463642087346926,61.896923850495895,54.32964034557351,56.4996668628879,52.53377958187092,55.944548960968504,53.528995860590186,46.34949089853709,65.39165445074656,49.503441500821864,60.12065967194482,59.65555921392841,44.4848393962058,41.55479620916366,37.04858661402265,38.71978996412487,53.87738215701609,60.35006452910855,66.59757679279713,53.41262569199654,59.630175948047956,56.014165333766954,64.79040491121943,48.048966997147396,51.697506925521914,49.556868769898685,53.23200767729752,58.006255696297025,57.25151015784942,50.656249734946776,56.76114545148752,55.556690935693226,53.00280539166325,54.02775431953816,57.70618193661164,58.121312413500135,50.71309601758761,48.97926280500055,58.50779025554,55.06731917895509,47.015286755682844,57.112131355608696,48.342229052608,49.94637705683473,55.340434763151066,58.31918393960319,49.85522623287427
photo_watch,60.975359599119855,77.65863904293933,79.57475553315012,77.24953028426842,67.76243777327339,57.25341357399972,66.6471155167876,57.86512875211732,72.55792820777057,82.09134668396128,83.99717963715179,68.00604328893188,71.5506734577328,73.02096507561306,58.54046683319226,52.48942845833969,0.0,74.77733630588055,75.71315587182062,80.7721340452599,93.24321783383348,80.97347205821004,74.40586386242681,110.41633026200634,75.48945895669293,78.22627006350137,78.48167957520579,81.28697990045559,68.99471308849733,60.0380791091785,79.02619096783214,73.76189480014422,66.89011020966096,83.01804521589997,64.59070741656986,73.9490144010452,86.6853511449779,64.58295865385,78.12816421781737,51.73114697030419,63.60775790390693,70.92514015357301,73.10710727985646,97.0765426978609,72.4740443709238,82.62467004335123,72.3114764516782,75.88038133247503,78.2410755868193,57.99962287335262,74.19358952015318,69.27341509343924,65.81218554064408,62.86468895020719,64.56026809918312,63.536047186826586,60.71123289396524,74.73727078800289,65.12177982790618,72.79362668150897,67.57703091574413,56.70641648063821,54.322959525761625,55.247547878706264,51.46432679230666,68.24453660786753,74.58020883560242,77.46658467342927,67.74952380542652,68.07931986260873,71.3358288981787,72.28754434997339,62.69332713756386,64.83207318484867,63.089363339688376,66.91829617155378,70.16017653673136,69.55542577863253,63.785271229005644,69.4007543287659,67.70543250322551,66.43346732799766,66.7041680124424,69.58294276141383,69.78794157711009,64.05401687932536,62.78214692896518,70.35999171564339,67.5175577777308,60.84501514450749,69.42753287123874,62.09597145799641,63.466917602161594,67.46857119293006,70.95586478397563,63.45798535371136
photo_key,72.53192749892611,82.06092519752518,67.3679403916901,76.97810460490561,69.49683215830386,65.28689927916814,72.51927780281801,67.7224148623637,60.11188428818804,70.52419709981616,78.41031415497937,52.53356178471581,71.25090730959353,83.52398527415728,68.36082356093632,62.903264126602586,74.77733630588055,0.0,59.79487961223529,68.82985606204187,82.96890959273043,82.84903143098046,72.17724654661275,110.74324857887031,76.86562005350179,70.41447359945808,54.475734843343176,77.18848859581482,74.56919082800779,71.21812934987791,81.47406719368118,79.23457332561951,60.50800439520492,78.93480567829596,70.82203081121118,62.174339828164044,80.98597483942784,76.2520419548866,78.93912003413357,65.19595577243749,68.42009771723433,40.57476824927318,60.96304407584008,83.76571026598056,62.01990132705214,73.04926450490821,63.68703566859179,79.42761502778575,71.42784987653103,64.00159751319435,49.91628906287171,68.39138198965453,73.07019827504746,69.98543748483375,69.8850157414092,65.38707299915923,58.07735364542362,73.13272160183463,64.42653081436045,56.28747060916248,73.5972937637768,66.03348647928588,66.297893011388,65.40399729503032,61.82454056903875,41.00966027883342,59.992122915004344,62.59812252201371,69.23007109754121,68.40879693051552,63.527918854432045,73.95349382301383,50.50308631922549,50.49888310866077,49.59302571106615,46.00877328709287,44.82383721170844,44.36971489954366,49.47842992339505,45.06120152557861,44.864254907152656,45.01234581552618,47.98592489039958,45.72895074918016,45.174930720887076,48.96211018878075,49.755008197173964,44.93154932078396,46.298987408105425,52.13040402463324,44.72403578272555,51.93681099000089,49.02897636742041,45.64778526521427,48.562026289400315,48.954016155305865
photo_truck,67.15581356820941,75.45233214212388,53.78094500544847,68.67811052855163,67.52909885239077,67.081940438053,67.24675153395161,67.28855803424418,62.514077141060824,62.66495314642265,78.26793988655614,52.07350321982711,68.1747979778127,79.03453249365734,70.69725346939354,64.838086283155,75.71315587182062,59.79487961223529,0.0,62.4513025012919,72.9572405297391,73.07616517510282,66.20973041713953,107.89443578340021,75.34879917366527,69.09674994520604,59.6554888335915,68.83397116459022,72.34939501715671,68.76283685957314,81.93071509738193,78.38105083689368,60.42270214021236,79.35593261346014,72.0263828630559,58.795284901649104,79.58083247187052,74.17099763011342,79.85950014917145,66.70897056352763,69.07635910390457,55.2345416449533,52.2041962639653,78.6092847619147,63.12934045603094,67.20532238487826,61.121145960078174,74.50769605199932,72.87849115234064,66.85245372464975,55.62424517721491,70.94933654115205,68.53045709928406,70.10913677618993,67.92059693170432,68.74517628128555,65.0810492942569,72.1526394124842,66.38151564873029,52.52713655390184,72.00565096302903,64.03030430275177,66.71518806968758,67.15509739617741,66.05810476389733,55.18411844229437,48.14356144232405,55.95709346507784,68.59094806573081,67.15329596342993,62.51118468016441,71.04034842594082,57.01138361195892,55.28288695513236,56.7331089684036,57.20891417665048,52.31728052741763,52.63694985852448,54.98123102303284,51.90352734887947,53.476990836659034,55.70626439354225,54.12133223633711,52.732242482003734,52.488906937839324,56.276411471853564,56.00943995175758,52.8619341997278,53.59303179146679,57.08994406927931,51.27322272550892,56.59638049266187,58.007177018392355,53.23874863827706,58.78100415435585,57.52602267123067
photo_velo,72.76798144266785,82.71466130746225,70.1756619454134,76.79854209690745,73.34125346917739,73.84628624786173,73.23059854610499,73.85542734406691,69.62074776252842,71.57776162445434,86.80890302605884,62.65166201773404,73.17239977758612,82.23134906601061,77.05068421376915,71.60864072832948,80.7721340452599,68.82985606204187,62.4513025012919,0.0,84.59554079396224,81.10572083675888,71.18277156700118,107.93028319058907,78.40752849322448,76.93233273049162,70.30971776441987,78.36757971305173,76.62009234287268,77.75073730880334,88.27775044063821,85.3423917755519,67.71149974101387,87.52196694065839,77.92773937683435,68.27249245648603,86.73239416133788,77.8680987096449,87.12418204863124,73.66277633794094,75.19671056539835,66.27726521117688,64.17371961374988,80.00203086269259,72.70671991620533,76.50863138271067,67.95629039685215,79.8744506405441,81.70195683485164,73.9031831811991,66.47993481950817,77.93915038077036,74.54030926730364,76.0243836058307,74.86578259150198,74.51645522757208,71.36153992486965,80.60897485718947,73.48250777486403,66.40690826000214,78.79596093795787,71.38210535821067,73.95469521611254,74.41362172375013,73.05387877572512,65.94480094621143,66.46879728933554,64.2356620186217,74.55982898068847,75.44948336067873,70.61002216327546,76.83489387147068,64.00073545180783,62.50430767035673,63.28471723711469,64.1135213142345,63.36012491106164,64.07268327688185,62.717481753017054,62.29737290913998,61.570301235725516,65.7198218761499,61.3206863985061,63.912039755377236,63.032433446876176,62.76300852463141,63.83002756816876,62.43603137821476,61.28932191166157,63.59661984200398,62.562543452649024,63.67332464064482,63.74596991603176,61.57441866421965,67.5915385864316,63.928180055700984
photo_road,84.27287336789325,87.68234818423407,61.29412320740093,80.41845452055088,88.06461743423138,87.30262459680661,85.07137718976462,87.52063662169645,82.84540097550482,75.36953225264786,91.26303591802247,78.96944139004108,86.78921377812725,89.69251146513656,90.62729799529518,87.70144729678525,93.24321783383348,82.96890959273043,72.9572405297391,84.59554079396224,0.0,84.97505502909024,76.66240821374669,109.89641676390659,90.72951935721508,88.15622750552471,82.89694490792478,84.67067680328027,89.95440820906401,89.1732205908633,99.18064962998731,95.5495746184481,81.72297802827055,92.19413564789838,90.73491804508186,82.83797130902094,90.71447941788318,89.69403641510681,96.22324478922718,88.9922569533212,88.53820032867831,81.55994197730271,80.5106135647205,90.01659132905824,83.86693381048629,78.83074696953075,84.91918035936415,88.72698273726301,90.71361367574202,89.83185749635496,82.45329616139942,92.06100603156396,86.55567824915285,89.42360241882079,87.94434382516677,91.26698901073601,88.82623866146251,86.3957133497456,89.23775010531892,80.46910654968092,91.4639642815395,86.56709898565359,86.94381563922448,89.85000850804181,88.43525636932281,82.32871315278373,79.35890839445602,80.68573119814631,88.20277872156232,88.00214595266354,84.26223943964197,88.91401127422935,83.68383459096648,82.82322315538755,83.625765003835,83.04613510480792,79.62715338510783,80.06305983755114,82.96769531089363,79.54237967874072,81.32368859738149,81.15408555910831,81.62798056223883,79.87307906633377,79.74248806703775,83.39880003265982,83.50875206890545,80.52867021234081,81.45450772371531,83.99536373131409,79.73506119754246,83.76925268604492,84.53443758253302,81.23018497546354,84.13741366289005,84.64042674116457
photo_house,68.7406269850278,67.62186890050056,71.02767892677942,66.77076638456174,77.28046657727549,76.43793527340446,69.40509059193704,75.2676129602384,79.21700417375574,74.85572864138895,86.68425710572954,76.38779024725291,72.59743471036346,74.27090502514861,80.5143352323736,77.29115848501415,80.97347205821004,82.84903143098046,73.07616517510282,81.10572083675888,84.97505502909024,0.0,77.64905462671861,105.85706517773427,82.80930270920307,76.79526914108992,83.70077591255632,80.87911762438246,77.2550685469601,78.34589435333234,88.96778436843341,81.26465573627117,77.07798040333822,90.20786677313919,78.98704434571971,80.53466649865973,85.4935320262709,80.64802337773112,88.21407264598605,77.80037786619566,79.7624029346956,80.33839150189876,76.64511653442152,92.42374238949881,83.48275112402865,77.3016573031124,81.89896551320808,76.88068895564258,83.7673295870646,80.5681940293955,80.38867911650873,83.04422530747415,75.29017901362506,78.67908787958145,72.86523367792933,79.84220003850666,79.41958544099477,79.3353450092057,77.18028933767735,80.59260020976312,77.14246983734418,76.79609241477938,76.79263666652996,78.78454491087821,78.41666854455107,79.91814414329932,78.8738632281714,79.02797407736696,73.63936099817532,71.2460622759177,80.1433661598195,77.05238178695213,76.78876073574916,75.7910933399922,76.6332417504316,78.22235324218124,79.07949828911835,79.40414095292319,75.44821815745058,78.30185066579847,76.08182894068149,79.36882708780169,75.69017665063758,79.25007997997652,78.16314818960232,76.10202134860621,76.34444637891755,77.92533120991031,76.24455966455562,76.95934166816076,77.88192036165123,76.52797706079532,77.68307843841832,75.95331312549338,81.949986243717,77.39364697890458
