,photo_face,photo_profil,photo_eyes,photo_face2,photo_walking,photo_standing,photo_hand,photo_legs,photo_bird,photo_butterfly,photo_girafe,photo_fish,photo_cherry,photo_tree,photo_flower,photo_carrot,photo_watch,photo_key,photo_truck,photo_velo,photo_road,photo_house,photo_mountain,photo_windmill,drawing_face,drawing_profil,drawing_eyes,drawing_face2,drawing_walking,drawing_standing,drawing_hand,drawing_legs,drawing_bird,drawing_butterfly,drawing_girafe,drawing_fish,drawing_cherry,drawing_tree,drawing_flower,drawing_carrot,drawing_watch,drawing_key,drawing_truck,drawing_velo,drawing_road,drawing_house,drawing_mountain,drawing_windmill,geo_face,geo_profil,geo_eyes,geo_face2,geo_walking,geo_standing,geo_hand,geo_legs,geo_bird,geo_butterfly,geo_girafe,geo_fish,geo_cherry,geo_tree,geo_flower,geo_carrot,geo_watch,geo_key,geo_truck,geo_velo,geo_road,geo_house,geo_mountain,geo_windmill,word_face,word_profil,word_eyes,word_face2,word_walking,word_standing,word_hand,word_legs,word_bird,word_butterfly,word_girafe,word_fish,word_cherry,word_tree,word_flower,word_carrot,word_watch,word_key,word_truck,word_velo,word_road,word_house,word_mountain,word_windmill
photo_face,0.0,53.38340128833091,56.35978132804102,54.29985634800515,47.20996604022352,44.30831550504401,47.46201567428385,43.354885028001256,50.15399940026136,53.469338649427634,55.70361144668356,49.227742591510044,48.84668690633071,48.40908286215512,45.56319991772855,43.765081286004765,45.96696464964588,50.79342268895082,53.43116172097664,52.75284701797791,59.306441246242585,54.30189584933484,51.09235013965658,57.48404716111941,48.550826561538386,55.27038575077535,52.817392721709034,54.30897636948532,49.28799126698278,47.107981378682986,50.500407806018984,50.96989889700789,49.29858135464593,56.13542112401701,47.376895337839876,51.77759217150271,54.506470809831,45.91494947598931,50.147088201293656,45.080915404079484,45.72440891795771,51.836900470516795,51.48807192455412,55.97985134409562,49.4417469114009,55.63283908718802,50.662756640648965,52.458305791462536,56.450639223810036,45.29608437273476,52.850491166831226,49.48243696660721,48.397187028956196,48.63186973038819,48.33694323344417,46.77480999488656,45.06733260622934,56.33257178212317,49.472306283717984,54.330945679205314,52.57459129831893,47.4506314220814,45.3140989227763,45.03685998130466,45.48531100065316,50.405306673275014,54.35123888173167,55.2686693936027,48.13729269178559,52.46665103844758,50.324638558759396,51.65471649406453,47.084968728457625,48.71716248133627,47.871424938412154,49.15167149974797,53.423806263674,52.75988220310065,47.93815161876866,52.23816452030773,50.866086759194424,50.43549671688371,49.88920124603928,52.3724206624448,53.12033521601759,48.369099713766225,47.90350592203614,53.104937797202666,51.45369620713674,45.76136357848069,52.79254371547862,47.01293261734544,48.40734591741073,51.177027708152195,52.76435487816709,48.54925267228816
photo_profil,53.38340128833091,0.0,59.9433914392465,57.50894673333668,55.836766965351444,54.985553286049885,54.63601254500777,54.37093285337832,56.59690446084845,56.2068969425382,61.21578360971284,56.53251201267537,54.78922940497005,55.677675061421716,56.36763412970283,55.148661793295894,56.65464519990812,57.43904172305908,58.94737972675752,59.107703158417344,62.75585579444744,55.800240046362624,57.96219358811035,61.07084866463726,58.50553738887058,56.50644260215276,58.622562458086946,58.99024458885542,56.648440600690684,56.389833076988516,58.14628758412506,55.949388294418114,56.79569206178304,61.743191694594664,55.956932923654975,59.28555667107418,59.88788184343884,56.90147716434157,57.53988246618517,56.41994890915306,56.60692846802685,58.03631130302478,58.86065336328974,61.05953346633648,56.84729779944027,59.99800723269443,58.14535562418911,57.858670013064824,60.995205984395916,56.18032577787456,58.51156802294841,57.277263702424094,57.05337107081733,56.92190250580627,56.01101561348768,55.44264377310798,55.68067718113359,61.27968295522074,55.6259723936394,60.71861026405446,58.569325609455234,57.44183682662197,56.97385500424687,55.98829376653576,56.27633340994921,57.847546354652806,60.94926854587353,60.71227566828097,56.07440894602289,55.797911399649294,58.090801519204824,58.39504941776913,56.45576991352268,56.424428893154904,56.14261565422123,56.67128730179055,59.86800863344127,59.49736733706526,55.978796021389456,58.92836175743001,57.59689693409656,57.94397439942992,57.05845731915991,59.20897703830465,59.45790026612246,56.66110888255548,56.42786274793122,59.09412741635837,58.093503595040524,56.59164377618263,59.07029079073236,56.425171000362376,56.37425392565492,58.12273835290514,60.38000649216486,56.68094503988566
photo_eyes,56.35978132804102,59.9433914392465,0.0,58.19513092034831,56.84898888175474,55.93762337464871,57.28726173548896,56.23891921614964,52.91550474327553,50.657471671987,58.1228329069601,52.150912077866266,56.33633923227387,58.67804226208861,57.22213207651153,55.256067325932406,57.917252780657414,52.77109818049553,51.785210435276326,54.75771677546428,50.75982102976566,59.51586616338739,52.83154790187667,62.41178193588022,57.07851539195945,60.77151120424244,52.884912108364766,55.3489482524975,59.10307572061658,57.70031685850901,60.22449934298567,59.75533184367841,53.587771624663404,58.139215707030985,58.10530556245913,55.19285221964214,56.7030279325987,57.51574897926172,59.031683869675234,57.14272375488557,56.65113297068661,53.26610572057588,53.89134841020801,55.47952303163851,53.24570105608463,53.15385551685736,54.361719055683785,60.5054152156839,60.16344387480654,56.091391289142265,52.780806599655364,58.10153604578379,57.86088125627421,58.0860102667655,58.567754194707675,57.275486083305296,55.85304163418257,59.276187506430055,57.227791316408606,54.74679384359255,60.18469408874346,57.483719308252766,56.87555213019125,56.53064305891994,56.68563524154577,53.2406767688623,54.08088070667638,54.59250408423965,57.68868256352964,59.223441383968186,54.689213067544365,60.098167840322446,54.18251076825963,54.053867795587465,54.38785635161706,54.00946915795711,54.77754109767592,54.15579621469685,53.968342015466504,54.011835915496206,54.29353595775765,53.763689757301776,53.8303167272716,53.75535332312428,54.530582672935935,54.42709651618755,54.25489666422851,54.586537772784276,54.89283432490738,54.48915564384374,53.786308908286216,54.156241854358804,54.26970502497084,54.745742786470316,56.094781758475015,54.75789293851934
photo_face2,54.29985634800515,57.50894673333668,58.19513092034831,0.0,56.5458552993683,55.52125118031377,55.738121396343765,55.430111574246475,54.99363051889616,55.523588184161234,60.14100913918096,56.16997556160283,56.01696072467595,57.48166952537319,57.05489509443666,55.47030967226146,57.75418925029406,57.6451287225189,58.335719171373476,58.915157341667914,61.064196202743624,57.70301437937026,58.21216721742034,61.86525852659402,56.61691987989273,59.06233093542041,58.627460438410324,56.27722605857747,58.11473055072839,57.07923748566537,59.14691511290409,57.82859155005831,56.03548731044521,59.58466532672286,57.463996346128894,59.18454973896116,59.08399422085689,57.70085820604776,58.023900459321844,57.06812926675275,56.83564329106006,57.83019327099145,58.510542223795255,60.69782664361308,56.55900394440261,58.76609691124471,58.38984331089808,59.04275666349971,61.458926724841035,56.59541513343873,58.802207577859065,58.28616373970614,57.52430481598286,57.72108390491052,57.62646726594994,57.51820093559107,56.32219736025596,58.906314928599656,57.06265525644245,60.42953305923311,59.432180324229016,58.04027283179005,56.958071049836,56.669435731510916,57.07357477727085,57.482695114607864,60.333281358538635,59.99736955738786,57.35738621785486,58.946992142910254,57.50588080022366,59.0515945633113,56.2922578121065,56.25055652990645,56.4584607311361,56.46728745713178,59.58723810196839,59.40813704135209,56.22884577329665,58.99665108802819,57.427498828934084,57.821867008486265,57.043999002121275,59.055992535978866,59.5915778799385,56.92553659870259,56.13691989936856,59.148725654825185,58.18081614254941,56.28001426999307,59.09183058065859,56.28029169149661,56.74911622470267,57.81155981104502,59.87436978462477,56.91984848865353
photo_walking,47.20996604022352,55.836766965351444,56.84898888175474,56.5458552993683,0.0,40.942578513988764,46.57837417967802,40.72485794806914,46.10643999408353,51.479763451156536,53.046609757422,45.76982795198717,45.03326188906662,47.54012242513778,41.40275065218318,41.28099062461152,44.99197075769997,45.88009818868103,50.44516208239044,49.304233643496715,57.796224620654655,54.8806026834881,47.425209009755534,56.502049982976416,46.645841479892034,54.29051659306308,48.29057863700136,51.04874394323575,43.00800992142108,46.17125202221258,48.27695412969128,48.620372183201255,45.804042758178454,52.19692457883973,43.68124529036463,48.61664118290435,52.79842670303155,44.90470726742103,48.08551234913127,43.54964772265955,44.42961814722374,47.62525018584133,47.93449576815707,52.862190860623116,44.60543763858967,53.996189138638485,45.18425405003812,52.22554467325367,53.86455887831584,41.45397355965297,49.3613414929341,46.37650389274908,45.46799360082958,46.33667028168932,47.4402788419142,43.07344334652173,41.520872546601844,54.19470004692489,44.655816282838856,50.6731920055118,49.54003408634931,45.460190642164,45.56946104972146,42.87587657339991,43.30213454750591,46.47072940371188,50.713918536429134,52.28903665136662,47.00080738969241,52.50154637501853,46.1575815177803,50.82010881556695,43.93268329283621,45.23525428645607,44.36525520658155,45.43978601873267,49.78384185467204,48.8968863792382,44.5722790821149,48.50052688661788,47.390391208104816,46.64736254248384,46.63176354300295,48.87906956340357,49.55973731043698,44.705198011463196,44.64704161670081,49.39290718569541,47.9111632116249,42.878985366917924,48.875607935536074,43.89145307099294,44.12515378465754,47.82574552050238,49.22009487862574,44.18011106187503
photo_standing,44.30831550504401,54.985553286049885,55.93762337464871,55.52125118031377,40.942578513988764,0.0,44.701569688602845,37.28601981533519,45.67111000930184,51.64797149169187,50.0513515639892,44.564737852454584,46.45197440952793,46.499707873485455,36.80529953176536,35.21614289657038,39.919536526042315,44.40483355184927,50.40181452922546,49.1751366133131,57.10077764990088,53.79977442747129,47.070291694817584,54.26068197553114,46.05380473289626,53.56324864526497,47.2572494157968,49.856257097765244,45.14013267802865,39.386099215123046,46.546041039166326,47.395815750708586,44.314108395646365,48.101073325639334,40.73431637677836,48.1302989875508,50.427099950078166,42.65965951257587,44.82843043353277,36.84428128879883,41.82843999060914,45.63066816833807,47.21514749996288,53.17479502609656,42.56723130175803,53.11582711097407,45.48891980103156,48.70602850972082,51.51486242714478,36.7599087817873,48.01720429862076,40.83336211802441,44.37219176796525,42.412898765415505,45.54569623123826,41.08116959535396,37.92621435352087,51.89169162139354,42.026910590859224,48.993004494358196,47.09949377361035,41.79588033884257,38.969731712777616,36.54771450395167,37.68561767647836,44.388472357720524,49.70972694487759,51.904588381177504,44.0531396857251,49.149334243693566,43.65637716669886,47.47010832139892,41.61145588474588,43.39070889958664,42.332760079278025,43.12890296383124,48.264707674353545,47.39561851803297,42.8337479962718,46.8918979497862,45.86030078924775,44.239167545722005,45.376602739787394,47.341917559296306,48.0379805272694,42.9411033813663,42.38876655689033,48.117594874684265,46.3838323640235,41.08185620139438,47.3393668248945,41.48433644744105,42.17536920087002,46.12654583672682,46.96594875655698,42.18905722898908
photo_hand,47.46201567428385,54.63601254500777,57.28726173548896,55.738121396343765,46.57837417967802,44.701569688602845,0.0,44.47717677198456,51.38031629415198,53.23645117626893,56.2655247302519,49.306849931262626,46.62228256137827,49.13325238273171,45.97621302268876,44.24685091693109,47.72747466643226,50.27054497874787,53.34200748068365,52.05784680959501,59.56622448526398,53.832539664367886,51.60947468054057,57.6872553142478,51.664718045019185,55.52772267502407,51.882863405402375,54.63566606246169,49.175357899093505,48.007509330986224,50.81481428824131,51.348295547706705,50.94577125366951,56.38256166641228,47.621724140711855,52.42368017538309,54.41309691457376,48.10093383298898,50.56296771582671,46.439610939165775,47.5651640993747,51.24804511748517,51.566753933800086,56.21885539455004,49.66527781733829,56.22841238172213,50.608018003779776,52.82650684196964,57.69712447224716,46.773670733532875,52.1620855966992,50.173997016826185,50.00924287363119,50.04189870624778,48.39759321898563,46.92515668958123,46.68333273048063,56.93542807634153,49.24600360206324,54.52145858885386,52.666069542068854,48.78793459690606,48.162601530787654,45.42114679442246,47.10487743295147,51.357225317866764,54.95249940018004,54.94710289300006,49.43672458961142,52.64133636043462,50.12443945522998,52.18876230147406,48.2581741302552,48.16115924852835,48.01721694841273,49.42629727645088,53.00517581017863,52.240578624880335,48.20708793999542,51.7938912149747,51.22846696410219,50.29118510675248,49.953872461691155,52.359626577134755,52.97826267474158,48.28841917847287,48.53075416547564,52.2828266359931,51.32387067980459,47.82982900029405,52.2640924622245,48.130402615675614,48.04534799640993,51.34057705695887,52.531808874910006,48.026890801293135
photo_legs,43.354885028001256,54.37093285337832,56.23891921614964,55.430111574246475,40.72485794806914,37.28601981533519,44.47717677198456,0.0,46.92075215121638,51.472280645085675,52.43865589125496,45.64634125298735,44.66542340352878,46.382948146008204,39.29816313882623,37.263565365292564,41.247183526733394,45.83856339526452,51.102137932931484,49.65255482044491,58.04543681665641,54.321141780792765,48.24505486985852,55.842448342786454,44.93755573154528,52.608438762527065,47.39787980007979,51.06358789545032,43.224312644868114,42.092376711480505,45.26131158477415,46.029807695657105,45.59988113468669,50.58296492317484,42.59199422371308,48.22844573266166,50.80445976444554,42.542177957088356,45.704771167074604,38.866949309507135,40.38752113984841,46.285869699006724,48.07115678099225,53.485686580630315,43.644406930585745,53.30247713660397,45.94425856291179,49.85870638236061,50.81033767861611,36.75207250894164,47.893531419480354,42.50860664526274,43.32258452979967,41.11053138913691,44.9464303674794,38.364038554271254,36.88440219973187,51.67636294484848,43.66586535040368,49.542137032223216,46.12960624813378,42.23321789398494,40.95817487909223,37.94916553987893,39.152782807883256,44.90211864999969,49.774776814837345,51.38196530107171,44.73422305246454,48.669767831085075,43.656627492494444,47.46647957564283,42.82850843832393,43.408929547334054,42.61346458588997,43.807229527964836,48.33995538592108,47.60647833746214,43.28699018433118,47.21266638229898,46.15275179827186,44.65076968557374,45.37692184221959,47.75908242077749,48.4694422081845,43.608191718946934,43.01690229854476,48.15777430153896,46.64840949145353,41.36920474514853,47.69937341526018,42.47292165892032,42.55707495999914,46.83260693364365,47.87629823925656,42.65271876614138
photo_bird,50.15399940026136,56.59690446084845,52.91550474327553,54.99363051889616,46.10643999408353,45.67111000930184,51.38031629415198,46.92075215121638,0.0,46.01462838117096,49.530807838805465,40.77622905069563,48.47905084840296,50.108643598302166,45.83919409318375,43.79324194130158,46.003473213352926,40.21361183862154,46.998792236027086,46.254460590564406,54.20754263347634,55.503838092564244,47.764989858063416,58.05552512956901,47.25779498563254,53.347593667284215,43.4158125991472,47.592694475279714,49.29563273260158,47.68723589552444,51.33349458261398,49.939632975936966,39.44990029860031,52.7925970662372,46.37103392781604,45.58433298348058,52.30741125636928,47.377397662402146,48.031537768419305,45.63684523411188,45.57921813489313,41.54534792690202,45.268091963486974,49.6181148865581,40.77718060229465,51.1805477420599,44.42715231877824,53.95480239987244,53.45562276752816,44.38352799491485,44.066264198772046,46.227635960291146,48.865049693801865,48.25689640780004,49.81784190766713,45.378674020212614,42.61066330437454,53.46824342729575,45.18784642272802,46.91189674716306,51.69428645597163,47.135059495410076,46.97966239833671,45.043570077006564,44.32063843202402,40.685896427296335,48.3278363000685,48.775020388046435,49.02994768959403,51.1999290297953,45.95013852686354,52.26627976760991,40.8506337965165,41.89293232773214,41.157193878431485,40.419836629044575,45.535816946132236,44.65408949742354,41.419589041399625,44.1214186602447,42.49826728018509,42.25412885634263,41.74482100642996,44.177653223693,44.46981145772888,41.612430271019264,40.424727408098335,44.55527684356636,43.663677715076446,40.78759286322145,44.615002559651586,41.04899573878744,41.20220657952747,42.953521286193094,45.278610641794884,41.741189887651764
photo_butterfly,53.469338649427634,56.2068969425382,50.657471671987,55.523588184161234,51.479763451156536,51.64797149169187,53.23645117626893,51.472280645085675,46.01462838117096,0.0,55.479024216355654,47.032439728486786,50.95317787588456,54.088007427811746,52.62443627596046,50.68335516347946,53.10673563274397,48.127536230624614,48.822578228474136,49.73434784213543,52.6821071209609,55.241920249950596,50.89486971488156,58.41681357930513,52.056436865311326,54.773903167903775,48.59232865130298,47.34315095842713,52.717286289902844,52.87019600914144,55.501173555912786,54.52014530748808,47.165536761416114,54.8164660734848,52.49249774619483,50.220931119219344,54.081670211264274,52.47357650009056,53.24860237088435,52.23275983991653,51.30570647687352,48.444257946012705,48.845902249914715,51.944364793054525,47.05508871339379,50.96967313967244,49.56702724398926,54.506890847329856,56.738520042051,50.62199154998944,48.95249893129442,52.2083569666329,52.24003740750531,52.60372572085234,53.505251695160666,51.47264103394332,49.99429505305739,55.435423966846564,51.7248378002708,50.93308809740231,56.64343104016054,52.53317180508646,52.74119531064707,51.33838168275068,51.78328219839584,48.617671390882194,51.278742297520026,51.723728878110634,52.851905937250805,54.38395808058962,49.880623379634386,54.77801792065978,48.30985609277369,48.29318694554401,48.35546965031195,47.90898445195415,51.16862230618286,51.019635108856015,47.95114923036429,49.906158210132006,48.56107046088998,49.47759467037449,48.18702756283116,50.56646588098884,50.402859302727386,48.49534518959628,48.43393865774838,50.16146259865784,49.22492957673219,48.176090897160975,50.16606229561146,48.332465412195965,48.3836110639492,48.915217439296676,52.015604201206635,48.92846294274463
photo_girafe,55.70361144668356,61.21578360971284,58.1228329069601,60.14100913918096,53.046609757422,50.0513515639892,56.2655247302519,52.43865589125496,49.530807838805465,55.479024216355654,0.0,50.72815006362326,54.71009977714485,55.471759685494796,50.52383533660327,49.76777446478224,51.73458406215326,49.2922799577247,53.88942921101049,54.71411019882621,59.46833624146661,57.99949273364267,54.06317367952975,60.42152588329379,53.78688680777102,59.14131266901416,52.1044515923821,55.36550438024561,55.69304226219537,53.273655153851415,54.96310560988987,55.19601334013792,52.54017338349396,55.79408227679262,51.38420743637192,54.39998301583422,56.56872456227051,53.600935637580505,54.57596709712407,51.65104566152917,52.25935217315555,51.307364654573725,51.068179635909324,56.05670022989845,50.68933196994809,57.89336457484193,52.648113862313636,57.37780442313759,57.166305235200895,50.95406946050706,52.3118197001043,51.724689016481314,54.910451480146875,53.05847510540004,54.20802772789199,51.067037162164844,51.15079501835969,59.87380946359406,50.89163544487673,54.80051818315662,55.05563122734501,53.90636418394295,51.83988949592219,50.74056829255063,51.54767057933957,50.54389492857775,54.0374106640274,54.921998121077706,53.816382122311445,56.369662298845384,50.37182715973903,55.40077338326541,51.098636021462355,51.531869215909595,51.23110140478016,50.29983041988481,54.235701115005206,53.82267814898876,51.22365115640001,53.34780531348374,52.441931484058195,51.051501686737815,52.202453333097,53.37730246544444,53.884745742133994,51.39194023026302,50.61929687650104,53.663706033020304,52.958735590995325,50.77325195884134,53.59886672370531,51.20631498175368,51.09472808836002,52.64537113443768,54.00717017277359,51.316006492454285
photo_fish,49.227742591510044,56.53251201267537,52.150912077866266,56.16997556160283,45.76982795198717,44.564737852454584,49.306849931262626,45.64634125298735,40.77622905069563,47.032439728486786,50.72815006362326,0.0,48.63195882955579,49.56383989553917,45.331747574571544,42.31811335199355,45.16401844179087,38.536520399245916,44.345867302292284,44.38618696707715,54.076879339188395,55.269891809421395,46.01986215971254,57.26589693117471,47.94641705790295,52.64585976854367,38.99226091279103,49.75688721250808,49.779791028461794,47.34234368015614,50.94559868568237,51.40358143602525,42.97466764077646,51.37340086833921,46.28012369665515,41.27795861005664,50.55900313025766,47.10794929167514,47.795672221576986,44.64363693878755,44.59090339949305,38.615007893526816,42.0943908416318,48.562482805811364,38.28513911702396,50.689826655526176,42.308519590963584,53.389039312950814,54.06649965644644,42.78372618285548,40.21502037765636,47.209494048569134,49.741269218027654,47.86574447180207,49.43678215450584,45.36648733855847,41.79641348652679,53.09799324757798,45.532551101561495,43.1096586374734,50.7246992864124,45.90939304213558,46.327163012211855,44.26809241218763,43.45187436741946,38.81538157184221,46.31100594288469,47.709288476403046,49.1347132723233,50.262895094987165,43.424422294017155,51.89647911515742,38.50590432140654,39.27908771800071,39.201063762943136,38.50576762076952,42.160089269369685,41.54671789326543,38.491927624904314,40.53306224356816,39.25710364488483,40.47219966740175,39.15916534702572,41.269744373337886,40.94891705971517,39.03268686725241,38.935272678483585,41.259177699510055,40.57791218783213,38.97659691159699,40.70271331189109,38.760903220288576,39.219581950656234,39.877020170653445,42.977191535367666,39.463426024470124
photo_cherry,48.84668690633071,54.78922940497005,56.33633923227387,56.01696072467595,45.03326188906662,46.45197440952793,46.62228256137827,44.66542340352878,48.47905084840296,50.95317787588456,54.71009977714485,48.63195882955579,0.0,47.83998386460516,46.46494144940865,44.28323283647901,48.39863844988512,48.21357200648688,51.75223423788029,50.03934623082307,58.99426675440691,54.39381461257443,48.601379530843865,57.08363326288017,49.9458121125274,53.77560864693649,49.38713816717538,53.666151374950275,45.928196266683315,49.311093441621225,49.25575606590231,48.87280282029853,48.68271649867884,54.183016095108144,46.33436475516671,50.20216953652553,53.40924243306444,46.872407975817225,51.563227889358544,46.08030894732916,46.568528376570704,48.43999288594895,47.3464729818968,53.64599234616295,47.812149437560414,52.900195629163065,47.624112776926715,52.14600548491217,55.34704348730039,46.169557921053126,49.45273546704146,48.252487535225164,47.609312234200466,48.240548758062964,49.216745292279896,45.002134045600755,44.556114334747456,53.857369379970635,45.04842124274356,52.65707884420425,50.02977082634616,47.4106629622272,47.9210096479851,45.46897661848867,46.13678148798229,48.461171099733484,51.22783365033749,52.00519038232212,46.401484621754754,50.90166268018724,48.074818047740564,51.085547969427545,46.26794478333601,46.11149119254337,45.30923059508467,46.78267959345729,50.263989377865855,49.65410084926649,45.58946656865494,49.30625269239964,48.28270279495134,48.58261814766273,47.04937364229484,49.56072456483921,50.70966963680063,45.62711685590383,45.339540269750984,49.89002580847301,48.8004007348136,44.645202013492444,49.824820029577936,46.52602136535027,45.46294098786236,48.79599656212938,50.531833015521485,45.4746081669947
photo_tree,48.40908286215512,55.677675061421716,58.67804226208861,57.48166952537319,47.54012242513778,46.499707873485455,49.13325238273171,46.382948146008204,50.108643598302166,54.088007427811746,55.471759685494796,49.56383989553917,47.83998386460516,0.0,47.43218494158721,44.47945482945489,46.56853473903125,50.761343942528526,54.02841249819803,52.53427063987021,60.196262665027255,54.09735708964231,49.72846933198464,57.24114591265874,51.53957306021047,56.99197421884681,52.81843498945566,55.031996766491744,49.14713290859168,48.55213480847452,53.516631071213865,50.54011133983383,50.4591452298697,56.06221866092392,48.302909244375456,52.6292500688075,55.08353922815482,45.85044017131795,53.36757540824664,46.99827620324767,47.900570890844534,51.983967781673826,51.60310613551921,56.038967961930446,50.188035390808096,55.735891458884325,49.959736433120966,52.9937145414991,57.52171231013711,47.00877287692156,53.15494595452711,52.19896067022516,49.61960980578314,50.1075949098841,50.09008387384679,48.03695945741527,46.87789973496885,56.63204291043402,48.910808131070034,55.25498211351909,51.72098141943963,47.869793471345,48.73785327360769,46.737043521348454,46.69177036605912,51.36167709190724,54.978961519666875,56.04963455896504,50.14340013818039,52.94382708053306,51.67311925969914,52.836361525203856,49.03010224555666,49.5104078890225,49.062704953095256,50.39827103976807,54.075559833302265,53.39643214019262,49.078343884847875,52.99864461645839,51.81234476157087,51.58833869193417,50.594970008020525,53.115583371762504,53.90171022509158,49.19575164079479,48.97736847319161,53.61430782963803,52.4219817915668,47.83287838197498,53.43637966149462,49.00594639276417,49.10848135360478,52.21058156696495,53.74068430895299,49.316466656788776
photo_flower,45.56319991772855,56.36763412970283,57.22213207651153,57.05489509443666,41.40275065218318,36.80529953176536,45.97621302268876,39.29816313882623,45.83919409318375,52.62443627596046,50.52383533660327,45.331747574571544,46.46494144940865,47.43218494158721,0.0,33.80995079690701,39.54951547035811,44.51626642300182,50.92789730653684,49.92698392904454,58.03000245854291,55.48026638690113,48.66133742677338,56.97846895053965,45.93512348689781,53.78537321936926,47.15500184216129,50.76011947440265,45.26217382800758,41.03890347873456,44.9607346910082,47.965220810997785,45.23941174610997,49.223309692788405,41.13478489121027,48.22082249738993,51.56226227338387,42.21912195357929,44.43796624571836,36.29870442078792,41.84829944085708,45.432358371679534,46.66491950554095,53.88188099266072,42.26615635792603,54.10475318964628,45.41827880550796,52.23175073921891,50.66805916485194,35.89967266075623,47.97251544544797,40.94315275007118,44.91308466267581,42.772862129518195,45.306116764395,40.41359634558177,38.128792866575075,52.16841805645518,41.673896050074,49.32622436747862,47.89182321337704,41.283290406780026,38.202498890982326,34.48484492324044,36.937557574030095,44.17844312717979,48.990803628876826,51.88516804390048,42.55259589821265,49.515026508742025,42.91092150124875,48.848852404813314,41.92856445129937,43.41080291375597,42.000105567141425,43.01588036846899,48.10133166492603,47.05099051794375,43.12798671051827,46.89781210751075,45.92106966123907,44.50019289160281,45.18669034629039,47.30621776156336,48.0362906633538,42.63361566452555,42.5003247862992,48.0117861074843,46.3840026261916,40.93030180761579,47.5220548618906,41.99709514122051,42.17191891681313,46.095012566054024,46.846074138618,42.26871305163553
photo_carrot,43.765081286004765,55.148661793295894,55.256067325932406,55.47030967226146,41.28099062461152,35.21614289657038,44.24685091693109,37.263565365292564,43.79324194130158,50.68335516347946,49.76777446478224,42.31811335199355,44.28323283647901,44.47945482945489,33.80995079690701,0.0,36.31902172356062,42.74980040153364,48.93188223005283,47.84357938638889,57.23672056543949,53.91933266284381,45.95166630240589,55.51787884718266,44.72427247613359,52.732825501305065,45.25243189316266,49.65795753996803,44.11341246476419,38.25487382205978,44.82662190779793,46.02054798514892,43.105251640417364,48.12214881567158,38.8656868830208,45.92483694483103,50.14792259756275,40.04297727134591,43.603451820673726,29.573435035790375,40.00879662675473,43.292323091777945,44.63269716288238,52.41248740469022,39.86162230033711,52.64810358317802,43.45453763491088,50.53930955629538,50.231464639141706,34.00093232081128,45.49804502309302,40.58033571206726,43.55359703657705,40.45791137916093,44.02940810902492,39.17602658563464,36.16847969160311,50.821027260082154,39.372219808154114,46.95052180244369,44.78493546044501,36.86382788929065,35.88650530310985,30.02189568892803,33.31695256708449,41.78481317165689,46.98692011491551,49.94924063403223,41.649799025801045,46.99501945577725,41.54226516033739,47.844583195907795,39.17455500748427,41.15578298113554,39.76322244917135,40.99835411880357,46.20515559296423,45.26666768421822,40.54278466091857,44.854682822789826,43.96754395421319,42.097634866486366,43.11108729587326,45.163133181624566,46.116081892013604,40.81121660578088,40.063431649951845,46.25453432871139,44.28597762190053,38.60432012020675,45.37033656496016,39.18820050187855,40.10618750013511,44.07683144035995,44.91129905551338,40.064155975084674
photo_watch,45.96696464964588,56.65464519990812,57.917252780657414,57.75418925029406,44.99197075769997,39.919536526042315,47.72747466643226,41.247183526733394,46.003473213352926,53.10673563274397,51.73458406215326,45.16401844179087,48.39863844988512,46.56853473903125,39.54951547035811,36.31902172356062,0.0,45.81574222029959,51.06473796277136,49.95890145386882,59.25645880699544,54.963185221954085,48.04360216900902,57.39614007515493,46.738390135281335,54.75215878234313,48.58454024260967,52.0021705194104,46.55222101933328,41.86852867959917,48.139637186127366,47.57285864625123,44.980769678207174,51.90050901369305,42.49998410444953,48.387411166512976,52.57195727386145,41.401787606264634,45.730897643427596,37.28583850556991,40.54855979766411,45.88129652160014,47.72057440148232,54.55201710577574,43.61291522905273,54.059434157634584,45.574253956753225,51.18128097370003,52.85264445221275,38.33730322136065,48.24080296110143,44.51670327405164,46.0608375111986,43.35663467746168,45.35020900551627,41.08703440405888,39.38424670163967,53.51731255695167,43.81822327464111,50.022566371740155,46.91984013124954,40.71946092064574,39.464573348887996,37.7157215811888,35.62502881785143,44.74748687599955,50.97702792053071,52.44866752096496,46.20412437654469,48.820769195051604,45.8942556268718,48.941989490474064,41.96280224525349,43.69532745414964,42.37019118391373,44.015024974505174,48.58916502242504,47.79972690131246,43.140422274739706,47.34861264943602,46.27829199199878,44.67401064033427,45.447777423711486,47.6189141624938,48.44080671805855,43.29228861486281,42.72478254585836,48.44333146215555,46.65844824662214,41.09721581227092,47.98962290692721,41.99864717029681,42.777191474564766,46.404803972965475,47.617010176715205,42.81600862829983
photo_key,50.79342268895082,57.43904172305908,52.77109818049553,57.6451287225189,45.88009818868103,44.40483355184927,50.27054497874787,45.83856339526452,40.21361183862154,48.127536230624614,49.2922799577247,38.536520399245916,48.21357200648688,50.761343942528526,44.51626642300182,42.74980040153364,45.81574222029959,0.0,44.47050628920495,44.75395114816908,54.201521560117456,55.931439708878855,47.39177290701729,57.664379487436115,48.36186253998051,52.6740224039393,37.38497381362962,50.515962104578435,49.98907133042813,47.64216179359035,49.76567980119009,50.75671179014939,42.57175861969392,50.605810126457975,46.40706753359557,43.52252275213585,50.25991823848744,47.57394923678343,47.933853477002536,44.61923189739689,45.13225036149293,32.69714809206083,42.797219236923546,48.07697694223354,38.60184595251599,50.127731166737085,42.06784209949597,54.256231952452374,51.327764585688406,42.284341491792375,38.42298500608024,45.66711796270747,49.93850319828817,47.8131827524297,49.51558748231207,43.79632156435884,39.74408719159967,53.42069973755872,44.695942237339125,43.63586550502132,50.760007905482894,46.61796202544836,46.22020053249259,43.676136511276084,42.65816119283585,33.4799450272167,44.78890582714512,46.832013158526905,48.37177798864292,50.19429528097927,43.956426872534735,51.717461329378835,38.41102114908407,38.71071124934319,37.925074088540704,36.18437803714882,39.00288609626754,38.50821628675841,37.998128282387405,38.467404671304614,37.895456736786436,36.855759424770156,38.29643422362366,38.509780609598,39.03258894973994,38.165664559216765,38.17628845737839,38.2153020698619,39.26925147287389,38.69859373324385,38.44271511703047,39.13970856953738,37.44144240488986,38.71102519879971,39.884453481690166,37.524175232683454
photo_truck,53.43116172097664,58.94737972675752,51.785210435276326,58.335719171373476,50.44516208239044,50.40181452922546,53.34200748068365,51.102137932931484,46.998792236027086,48.822578228474136,53.88942921101049,44.345867302292284,51.75223423788029,54.02841249819803,50.92789730653684,48.93188223005283,51.06473796277136,44.47050628920495,0.0,46.69009111794624,53.684909373456485,55.95818591764599,48.99046704792493,59.42139610011501,52.003682893198274,56.00807784328114,45.327308488366775,50.63029123540717,53.50684476497239,51.10770343909038,54.36117544152189,54.81183401136179,47.58200584858799,54.786327740457736,51.43021397943747,46.50784341289904,53.34996332097341,51.32238142980454,52.845171084315055,49.96672371168364,50.12646455343145,44.72455226081588,43.03957346920758,48.79769353056995,44.47654284493657,51.051985383992616,44.92247827141687,55.703591370903126,55.52699087984216,48.29699156768213,45.6827883119228,51.59666266895115,52.08789281470419,52.37887156878225,52.90302278525373,50.34665555008128,48.03660328138355,56.59599175227694,50.0897994774876,46.06512084219607,54.292594342505275,50.27104674172327,50.9920251053639,49.20376144901909,49.430819182629456,44.946733397470695,42.81703305441197,48.30411307192041,52.42829289828431,53.21166562402729,47.870385812734916,54.77382592706418,46.05872331688057,45.82932595301119,46.03288873937183,45.61643484614696,47.09335011686619,46.66950492507843,45.50659516637875,45.994187062351706,46.14228358469211,46.020053616853396,46.0830667100441,46.118062736510886,46.71555121486511,46.31691266623245,45.99817045246505,46.45016352294505,46.81518368600815,46.210696761230125,45.906558441487874,46.09033021152576,46.50270563231675,46.36581834881446,48.40933603812882,46.52578740823542
photo_velo,52.75284701797791,59.107703158417344,54.75771677546428,58.915157341667914,49.304233643496715,49.1751366133131,52.05784680959501,49.65255482044491,46.254460590564406,49.73434784213543,54.71411019882621,44.38618696707715,50.03934623082307,52.53427063987021,49.92698392904454,47.84357938638889,49.95890145386882,44.75395114816908,46.69009111794624,0.0,56.995994398058635,57.260590536704555,48.58122060552204,58.359008270120796,49.46155032335242,55.46401904607363,45.63972889241618,51.63454201309543,51.3129527303907,50.898647581570515,53.919438830082385,54.148969297127614,46.77108239967774,54.77234214949681,50.47681989151362,46.50361296390766,52.63900301818866,49.44153441968533,52.17074278954751,48.87472092761918,48.745867813019494,45.0951500151817,44.90106616246419,45.68255190271513,44.977840894584176,51.76581623827253,44.564338322830736,54.727095094919044,55.31281978968581,47.65160933338057,45.67835665729214,50.72150979223311,50.771539671984925,51.139293584121155,52.154748153744194,48.92182626381364,46.69986707557385,57.034404707638636,49.730711895337684,48.04756868441791,53.184337846843356,49.672865705085904,50.072737614751425,48.47612929747385,48.709812060902266,45.300793035432115,48.33152217283188,44.98428070486642,51.150193168497815,53.509507496684385,47.14994101586066,53.52760191509547,45.07441982974559,44.613877961345075,44.94515177903287,45.30072137126193,47.37279201452016,47.28030958177823,44.66224818984537,46.14968573857177,45.69204666874721,46.5488053310609,44.658997345274706,46.866562856441895,46.9193441504649,44.81162292086605,45.29587035024006,46.30349247721753,46.13759680704535,44.89419884512468,46.4262281696708,45.08408259948502,45.06046727171462,46.06263698700477,48.487182047753095,45.546141639970294
photo_road,59.306441246242585,62.75585579444744,50.75982102976566,61.064196202743624,57.796224620654655,57.10077764990088,59.56622448526398,58.04543681665641,54.20754263347634,52.6821071209609,59.46833624146661,54.076879339188395,58.99426675440691,60.196262665027255,58.03000245854291,57.23672056543949,59.25645880699544,54.201521560117456,53.684909373456485,56.995994398058635,0.0,60.10320533344001,54.20996112928913,62.34447170668771,59.178986572294065,63.57618297259056,56.230303763605676,57.14951267346541,60.97309816852602,59.17490858658635,62.39038908466064,62.067265681200006,55.75445592471359,60.36789620084354,59.969465888605626,58.30406728306915,59.15643910922053,59.11968885029231,60.37521677791527,59.08468742664193,58.90524091776259,56.459757827558946,56.589727709792164,57.905819973742965,54.11010830578921,56.545914606078455,56.47793028707071,62.08652326591085,62.87616941859667,58.18951057577641,57.87584786017844,60.1632369193787,60.04770010375178,60.34361192605297,60.86394578644835,59.74921107738789,58.05452077126651,62.002646158127895,59.75614615096201,58.1537554888169,62.91051843249549,59.442663713965075,58.72427833597137,58.764899513099564,58.96905826140004,56.7841351220437,57.23381519627688,58.59237175749289,59.7604559707677,62.23670543220114,57.0908581329559,62.03852954612048,57.422652664101086,57.628279697082085,57.76945606636482,57.24288022940111,58.76132834573012,58.231721247311235,57.46296539767483,57.835854774661655,58.32407685544045,57.34339058345088,57.95494838948784,57.880713222373785,58.3642827521003,58.00391379952932,57.84503555578772,58.433297773049226,58.797892475441756,57.932063063967774,58.12858175095134,57.72925185160989,57.894496206365034,58.49815667095806,59.48330234847174,58.019609067812816
photo_house,54.30189584933484,55.800240046362624,59.51586616338739,57.70301437937026,54.8806026834881,53.79977442747129,53.832539664367886,54.321141780792765,55.503838092564244,55.241920249950596,57.99949273364267,55.269891809421395,54.39381461257443,54.09735708964231,55.48026638690113,53.91933266284381,54.963185221954085,55.931439708878855,55.95818591764599,57.260590536704555,60.10320533344001,0.0,56.408249839947906,60.07498338850358,57.27618898183514,60.22020961686057,58.034320612701954,58.26506531606687,56.99347136481687,56.28452659544776,59.117905444290976,56.94355948846843,56.930167298924275,61.31365489201195,56.00599042282378,58.46605545396616,58.05903516476043,55.68129149820537,58.19158178983753,55.656912117117194,55.82963017456807,57.617799839158955,56.779624021119275,59.236228774871364,55.975233748121084,58.07846041718629,57.19338265765087,57.895272499197056,61.56526927025696,55.91892315515325,58.5004136401847,58.25232259600383,56.946525930629726,57.38961105520455,55.930015600759205,55.8181917476197,55.570164424809825,61.8450365865838,55.90138041115371,60.174132516533135,57.77048550898539,57.12647335849482,56.468418543320226,55.35743935586641,56.07759260684538,57.707908877484485,59.52995533650469,60.114595509435944,55.11059625526135,56.35986178627397,57.08652207641269,58.75120090482586,56.44603641187455,56.237894451063504,56.59257848484099,56.80545238338109,60.012356805503984,59.56914606372561,56.064527053379734,58.970477007788716,57.76311478494908,58.05870724770119,57.13314292966072,59.33408391527581,59.31325800764359,56.745654088252515,56.52558198437426,58.91581057820436,58.28603213419077,56.49423489691966,58.8322667038675,56.50569349723184,56.87085369962629,57.89283374590148,60.274550372677574,56.95284196045171
