,square,rectangle,parallelogram,losange,isoTrapezoid,kite,rightKite,rustedHinge,hinge,trapezoid,random
square,0.0,0.05451209409540447,0.09095966944653278,0.1285073121862813,0.03121022052901612,0.022381258071611176,0.015152520552467408,0.061022976113095484,0.058451051171650836,0.038539106616681806,0.0813606406497921
rectangle,0.05451209409540447,0.0,0.029001640408478857,0.07546158179289297,0.10738392528378704,0.06746409814134036,0.06318233327800504,0.041304172492259816,0.025587684427219037,0.06821890977470713,0.12433071278454066
parallelogram,0.09095966944653278,0.029001640408478857,2.220446049250313e-16,0.032986642804517574,0.12880724409437894,0.10580338337524497,0.08985451077001927,0.05715882047128584,0.03894202507027622,0.06750457140779731,0.11452203315654819
losange,0.1285073121862813,0.07546158179289297,0.032986642804517574,0.0,0.14229414612755564,0.14017196055028325,0.12327084779663877,0.07235706488592697,0.062434156322222156,0.0724849841178331,0.08134696351449278
isoTrapezoid,0.03121022052901612,0.10738392528378704,0.12880724409437894,0.14229414612755564,0.0,0.03543222761108089,0.028936780080079383,0.10140067525371632,0.10476978868668041,0.04353764956909301,0.06605619920518169
kite,0.022381258071611176,0.06746409814134036,0.10580338337524497,0.14017196055028325,0.03543222761108089,2.220446049250313e-16,0.015904851063785364,0.09102724846765109,0.08902434136766313,0.0663194021496818,0.10742041092072008
rightKite,0.015152520552467408,0.06318233327800504,0.08985451077001927,0.12327084779663877,0.028936780080079383,0.015904851063785364,2.220446049250313e-16,0.08014347898342156,0.07703451798813621,0.03825420326532014,0.08865504775877098
rustedHinge,0.061022976113095484,0.041304172492259816,0.05715882047128584,0.07235706488592697,0.10140067525371632,0.09102724846765109,0.08014347898342156,0.0,0.005942934081686557,0.0665036671735163,0.08988100351152517
hinge,0.058451051171650836,0.025587684427219037,0.03894202507027622,0.062434156322222156,0.10476978868668041,0.08902434136766313,0.07703451798813621,0.005942934081686557,0.0,0.0611315257808831,0.09306711524027111
trapezoid,0.038539106616681806,0.06821890977470713,0.06750457140779731,0.0724849841178331,0.04353764956909301,0.0663194021496818,0.03825420326532014,0.0665036671735163,0.0611315257808831,0.0,0.03430558501043168
random,0.0813606406497921,0.12433071278454066,0.11452203315654819,0.08134696351449278,0.06605619920518169,0.10742041092072008,0.08865504775877098,0.08988100351152517,0.09306711524027111,0.03430558501043168,0.0
