,square,rectangle,parallelogram,losange,isoTrapezoid,kite,rightKite,rustedHinge,hinge,trapezoid,random
square,1.1102230246251565e-16,0.04736432920785294,0.16972007939906375,0.22303099054892817,0.17756238174944328,0.19435685863923113,0.19300724260702518,0.21386645608552335,0.2068212377401738,0.18399018138327594,0.2653679605585574
rectangle,0.04736432920785294,1.1102230246251565e-16,0.1266299110244995,0.19081970668818216,0.21622322744117972,0.211624974226024,0.21111145222476746,0.19752174226796815,0.18157089253028624,0.1978977738640184,0.2827239928037143
parallelogram,0.16972007939906375,0.1266299110244995,0.0,0.04111492663743255,0.19771511726592628,0.19999829973252137,0.18926379639419988,0.16621546871725013,0.15232358687637038,0.12641097298691073,0.193629553796825
losange,0.22303099054892817,0.19081970668818216,0.04111492663743255,1.1102230246251565e-16,0.21608694336983536,0.22373253377339108,0.20879996660594646,0.17813362107248376,0.17312472362250486,0.12769000313042667,0.1624480909576611
isoTrapezoid,0.17756238174944328,0.21622322744117972,0.19771511726592628,0.21608694336983536,0.0,0.08024262692504935,0.06818525832393818,0.138794132785511,0.13984516584994378,0.06564368875165183,0.11065893739862864
kite,0.19435685863923113,0.211624974226024,0.19999829973252137,0.22373253377339108,0.08024262692504935,0.0,0.028968685020286933,0.11926266040684719,0.11241081348004511,0.10868375745652614,0.13617515668337477
rightKite,0.19300724260702518,0.21111145222476746,0.18926379639419988,0.20879996660594646,0.06818525832393818,0.028968685020286933,1.1102230246251565e-16,0.10038636285207159,0.09688223422976094,0.07821676862216131,0.10916702162973335
rustedHinge,0.21386645608552335,0.19752174226796815,0.16621546871725013,0.17813362107248376,0.138794132785511,0.11926266040684719,0.10038636285207159,0.0,0.01359614879652482,0.11536403925742422,0.11588338752365479
hinge,0.2068212377401738,0.18157089253028624,0.15232358687637038,0.17312472362250486,0.13984516584994378,0.11241081348004511,0.09688223422976094,0.01359614879652482,0.0,0.11097212685868629,0.11522635327130026
trapezoid,0.18399018138327594,0.1978977738640184,0.12641097298691073,0.12769000313042667,0.06564368875165183,0.10868375745652614,0.07821676862216131,0.11536403925742422,0.11097212685868629,0.0,0.05646851493894678
random,0.2653679605585574,0.2827239928037143,0.193629553796825,0.1624480909576611,0.11065893739862864,0.13617515668337477,0.10916702162973335,0.11588338752365479,0.11522635327130026,0.05646851493894678,1.1102230246251565e-16
