,square,rectangle,parallelogram,losange,isoTrapezoid,kite,rightKite,rustedHinge,hinge,trapezoid,random
square,1.1102230246251565e-16,0.04214385901625539,0.0717319542251802,0.10112573712368311,0.024632951852311735,0.017952031677562874,0.012554886172774116,0.04837389959941929,0.04579142068017861,0.030775527059831775,0.06312210222533665
rectangle,0.04214385901625539,0.0,0.02389443209411679,0.05964735469769589,0.08305195648463937,0.05210778532431848,0.049458087118695815,0.032527863683860514,0.02017411974210903,0.05331637715410842,0.09508524215183145
parallelogram,0.0717319542251802,0.02389443209411679,0.0,0.025722527507416326,0.09981534555803295,0.08278897954139985,0.07056360719778365,0.046112071531794085,0.031874147381874995,0.05205327644128721,0.08675972267354537
losange,0.10112573712368311,0.05964735469769589,0.025722527507416326,0.0,0.1106862932409115,0.10917112951790586,0.09657420547037499,0.0581419682290909,0.05047741268408845,0.05603835312945593,0.06244251521968103
isoTrapezoid,0.024632951852311735,0.08305195648463937,0.09981534555803295,0.1106862932409115,1.1102230246251565e-16,0.027946887340632998,0.023133102893399204,0.07999445191173715,0.08174871429675445,0.03411795403753881,0.05105431059137777
kite,0.017952031677562874,0.05210778532431848,0.08278897954139985,0.10917112951790586,0.027946887340632998,0.0,0.01297997061125733,0.07111459673783005,0.06919643970086475,0.052645055777113314,0.08319594306048073
rightKite,0.012554886172774116,0.049458087118695815,0.07056360719778365,0.09657420547037499,0.023133102893399204,0.01297997061125733,0.0,0.06391536189095104,0.06106605807217402,0.030271457024417914,0.06885409837052081
rustedHinge,0.04837389959941929,0.032527863683860514,0.046112071531794085,0.0581419682290909,0.07999445191173715,0.07111459673783005,0.06391536189095104,0.0,0.004719560123758959,0.0537542759580758,0.07023634985026006
hinge,0.04579142068017861,0.02017411974210903,0.031874147381874995,0.05047741268408845,0.08174871429675445,0.06919643970086475,0.06106605807217402,0.004719560123758959,1.1102230246251565e-16,0.04898611984698398,0.07196902820373696
trapezoid,0.030775527059831775,0.05331637715410842,0.05205327644128721,0.05603835312945593,0.03411795403753881,0.052645055777113314,0.030271457024417914,0.0537542759580758,0.04898611984698398,0.0,0.02606488299674259
random,0.06312210222533665,0.09508524215183145,0.08675972267354537,0.06244251521968103,0.05105431059137777,0.08319594306048073,0.06885409837052081,0.07023634985026006,0.07196902820373696,0.02606488299674259,0.0
