,square,rectangle,parallelogram,losange,isoTrapezoid,kite,rightKite,rustedHinge,hinge,trapezoid,random
square,0.0,0.021113273333743243,0.04971789911703339,0.06963367621742356,0.03192291561501115,0.039668314010832595,0.035571576302504404,0.054770688417383306,0.04835509605731425,0.03930134560551857,0.06435766278194999
rectangle,0.021113273333743243,0.0,0.028798110668792787,0.05471469987694777,0.05899976391602013,0.054350762900005956,0.051707600453839486,0.047697172589769465,0.03755950867832769,0.05077281116367216,0.08066810865752028
parallelogram,0.04971789911703339,0.028798110668792787,0.0,0.017172964097211252,0.06578841379183309,0.07027261888667125,0.06132354829608999,0.05806864162898928,0.04650212451090463,0.03950729692851662,0.06346794175460757
losange,0.06963367621742356,0.05471469987694777,0.017172964097211252,0.0,0.07340170011048064,0.08310700899499046,0.07307196527525961,0.06730364604767058,0.05953349556459209,0.040704971873564255,0.05082327565085809
isoTrapezoid,0.03192291561501115,0.05899976391602013,0.06578841379183309,0.07340170011048064,0.0,0.028278171888475034,0.024063344761936722,0.06650096843657993,0.06294113095674925,0.024059009967435152,0.0392260825919194
kite,0.039668314010832595,0.054350762900005956,0.07027261888667125,0.08310700899499046,0.028278171888475034,0.0,0.011845520926058617,0.06046106314237776,0.05489095384409459,0.04687032309501249,0.05918471264839653
rightKite,0.035571576302504404,0.051707600453839486,0.06132354829608999,0.07307196527525961,0.024063344761936722,0.011845520926058617,0.0,0.0563108467658503,0.050408020427330946,0.029733410736695887,0.04671802896686006
rustedHinge,0.054770688417383306,0.047697172589769465,0.05806864162898928,0.06730364604767058,0.06650096843657993,0.06046106314237776,0.0563108467658503,0.0,0.005831130569409648,0.057803766185441585,0.058882180469757905
hinge,0.04835509605731425,0.03755950867832769,0.04650212451090463,0.05953349556459209,0.06294113095674925,0.05489095384409459,0.050408020427330946,0.005831130569409648,2.220446049250313e-16,0.05101098797286041,0.05389766772231297
trapezoid,0.03930134560551857,0.05077281116367216,0.03950729692851662,0.040704971873564255,0.024059009967435152,0.04687032309501249,0.029733410736695887,0.057803766185441585,0.05101098797286041,0.0,0.021380602864413012
random,0.06435766278194999,0.08066810865752028,0.06346794175460757,0.05082327565085809,0.0392260825919194,0.05918471264839653,0.04671802896686006,0.058882180469757905,0.05389766772231297,0.021380602864413012,0.0
