,square,rectangle,parallelogram,losange,isoTrapezoid,kite,rightKite,rustedHinge,hinge,trapezoid,random
square,0.0,0.08377929344245882,0.13001562943616807,0.18055328214624977,0.051379050274269145,0.03647105438983955,0.028183280319646342,0.08955797811670474,0.08687477199756655,0.05592072011499083,0.11528720495015932
rectangle,0.08377929344245882,1.1102230246251565e-16,0.046228099127761824,0.1072094672147279,0.15308243259976817,0.10011214274337199,0.0922601685186566,0.05829370933670708,0.03840226046950046,0.0986617401563804,0.1696702707343466
parallelogram,0.13001562943616807,0.046228099127761824,2.220446049250313e-16,0.05018803544004169,0.17762759849140053,0.14771662495838445,0.12657435896377,0.08075844927267051,0.058044589260667356,0.10138040442076535,0.16044804036887805
losange,0.18055328214624977,0.1072094672147279,0.05018803544004169,0.0,0.1952269972363072,0.19181113486360535,0.17226475884109482,0.09992070638811412,0.08842854333562122,0.11010909825147985,0.11853694583205354
isoTrapezoid,0.051379050274269145,0.15308243259976817,0.17762759849140053,0.1952269972363072,0.0,0.055349755512205,0.046629444665576614,0.14215476545769057,0.14809526518827332,0.06725384683577873,0.09798119429005858
kite,0.03647105438983955,0.10011214274337199,0.14771662495838445,0.19181113486360535,0.055349755512205,1.1102230246251565e-16,0.026494331687224593,0.12762749726770062,0.12573157108314403,0.0921166955525119,0.145392888636111
rightKite,0.028183280319646342,0.0922601685186566,0.12657435896377,0.17226475884109482,0.046629444665576614,0.026494331687224593,0.0,0.11105205810732044,0.10785908611390893,0.05778065187782855,0.1252086111241546
rustedHinge,0.08955797811670474,0.05829370933670708,0.08075844927267051,0.09992070638811412,0.14215476545769057,0.12762749726770062,0.11105205810732044,0.0,0.011619891535067262,0.09422379713331142,0.12484739749782614
hinge,0.08687477199756655,0.03840226046950046,0.058044589260667356,0.08842854333562122,0.14809526518827332,0.12573157108314403,0.10785908611390893,0.011619891535067262,0.0,0.0887168501983141,0.13039466463324656
trapezoid,0.05592072011499083,0.0986617401563804,0.10138040442076535,0.11010909825147985,0.06725384683577873,0.0921166955525119,0.05778065187782855,0.09422379713331142,0.0887168501983141,1.1102230246251565e-16,0.055524035806323924
random,0.11528720495015932,0.1696702707343466,0.16044804036887805,0.11853694583205354,0.09798119429005858,0.145392888636111,0.1252086111241546,0.12484739749782614,0.13039466463324656,0.055524035806323924,2.220446049250313e-16
