,square,rectangle,parallelogram,losange,isoTrapezoid,kite,rightKite,rustedHinge,hinge,trapezoid,random
square,0.0,0.022217475305795098,0.06876878003381537,0.09077890100366093,0.061764777821226136,0.07766532946846705,0.07149611846136972,0.08670219119816758,0.08103055336315745,0.07090596370612046,0.10354191754720521
rectangle,0.022217475305795098,0.0,0.050543221947422556,0.07836977996942163,0.08516202659006777,0.09035059133259338,0.08556764406690054,0.08051662217796329,0.07181402296167738,0.08155611590135436,0.11677817232864007
parallelogram,0.06876878003381537,0.050543221947422556,0.0,0.018475449400693345,0.07712078585710191,0.08405553830904278,0.0760291762965315,0.07083730447921,0.06049387484437585,0.04960506093796069,0.07541710455359052
losange,0.09077890100366093,0.07836977996942163,0.018475449400693345,0.0,0.0861352676765822,0.09623487035325606,0.0874122195270699,0.07972060657062241,0.07282209043515497,0.05164037241996444,0.06347385421445573
isoTrapezoid,0.061764777821226136,0.08516202659006777,0.07712078585710191,0.0861352676765822,1.1102230246251565e-16,0.03727349205550112,0.0304170999755069,0.0726405218034194,0.0685203650851487,0.030164724045436686,0.04997410023706117
kite,0.07766532946846705,0.09035059133259338,0.08405553830904278,0.09623487035325606,0.03727349205550112,1.1102230246251565e-16,0.014683144337974019,0.06801886522334866,0.06220288134501506,0.05476491483860879,0.06909629641422177
rightKite,0.07149611846136972,0.08556764406690054,0.0760291762965315,0.0874122195270699,0.0304170999755069,0.014683144337974019,1.1102230246251565e-16,0.05925582160044074,0.05376106241075218,0.03747333456854396,0.05486952340583706
rustedHinge,0.08670219119816758,0.08051662217796329,0.07083730447921,0.07972060657062241,0.0726405218034194,0.06801886522334866,0.05925582160044074,0.0,0.007768184613973106,0.06250582824986017,0.06364193989374689
hinge,0.08103055336315745,0.07181402296167738,0.06049387484437585,0.07282209043515497,0.0685203650851487,0.06220288134501506,0.05376106241075218,0.007768184613973106,1.1102230246251565e-16,0.05502893419695731,0.05766600558658741
trapezoid,0.07090596370612046,0.08155611590135436,0.04960506093796069,0.05164037241996444,0.030164724045436686,0.05476491483860879,0.03747333456854396,0.06250582824986017,0.05502893419695731,0.0,0.025634185728751868
random,0.10354191754720521,0.11677817232864007,0.07541710455359052,0.06347385421445573,0.04997410023706117,0.06909629641422177,0.05486952340583706,0.06364193989374689,0.05766600558658741,0.025634185728751868,0.0
