,square,rectangle,parallelogram,losange,isoTrapezoid,kite,rightKite,rustedHinge,hinge,trapezoid,random
square,0.0,0.05084657294134165,0.08361004284065598,0.11799780124792014,0.028871752269443718,0.020828789619418697,0.014000404386304233,0.05653371369880433,0.05440845546077466,0.03530406661885965,0.07456625161818564
rectangle,0.05084657294134165,0.0,0.026928901336861766,0.06922323319547152,0.09922896163424655,0.06266021694015855,0.05856724134372082,0.03786299131135673,0.023643198081122363,0.06268011384008387,0.11333343977998789
parallelogram,0.08361004284065598,0.026928901336861766,0.0,0.030454388768723306,0.11789843565755431,0.09695520064117435,0.08267000026179872,0.051997596431804904,0.035654195975621916,0.06275435135942309,0.10473576015219221
losange,0.11799780124792014,0.06922323319547152,0.030454388768723306,0.0,0.13024415294913771,0.1281254609703908,0.1132577508872038,0.065502985370534,0.056704802835219614,0.06784738745794383,0.07497799102789204
isoTrapezoid,0.028871752269443718,0.09922896163424655,0.11789843565755431,0.13024415294913771,0.0,0.03302395890303911,0.026916004112004788,0.0930941943452791,0.09659726530948043,0.04031401964892123,0.06155271495297665
kite,0.020828789619418697,0.06266021694015855,0.09695520064117435,0.1281254609703908,0.03302395890303911,0.0,0.01466920654151549,0.08397884939531497,0.0823482338893059,0.060370724815207,0.09787900651611625
rightKite,0.014000404386304233,0.05856724134372082,0.08267000026179872,0.1132577508872038,0.026916004112004788,0.01466920654151549,0.0,0.0736109184802638,0.07102485653494706,0.035308952914888114,0.08147938642190966
rustedHinge,0.05653371369880433,0.03786299131135673,0.051997596431804904,0.065502985370534,0.0930941943452791,0.08397884939531497,0.0736109184802638,0.0,0.005458457483352164,0.06073099786558078,0.08177861652052232
hinge,0.05440845546077466,0.023643198081122363,0.035654195975621916,0.056704802835219614,0.09659726530948043,0.0823482338893059,0.07102485653494706,0.005458457483352164,0.0,0.05612801458724259,0.08494287317103111
trapezoid,0.03530406661885965,0.06268011384008387,0.06275435135942309,0.06784738745794383,0.04031401964892123,0.060370724815207,0.035308952914888114,0.06073099786558078,0.05612801458724259,0.0,0.032351580461356555
random,0.07456625161818564,0.11333343977998789,0.10473576015219221,0.07497799102789204,0.06155271495297665,0.09787900651611625,0.08147938642190966,0.08177861652052232,0.08494287317103111,0.032351580461356555,0.0
