,square,rectangle,parallelogram,losange,isoTrapezoid,kite,rightKite,rustedHinge,hinge,trapezoid,random
square,0.10974297591572803,0.1268929021330088,0.1379970426149823,0.14864238963354043,0.12186462174999144,0.11807561573201097,0.1153386720506537,0.12947396223783764,0.1277241859799726,0.12278870457672901,0.135115157160088
rectangle,0.12689290213300883,0.11072168627406113,0.12162918284061143,0.13285646867028386,0.14139430385226034,0.13057941911460677,0.12906552121435674,0.12313790731469469,0.11805379521518479,0.13076200305332736,0.14447873907021747
parallelogram,0.1379970426149823,0.12162918284061144,0.11041036013733518,0.11930706192129505,0.1472963773468077,0.1417133683800727,0.13640336312448487,0.1297155655064163,0.12397457692201051,0.12903344692069493,0.1412040212558853
losange,0.14864238963354043,0.13285646867028386,0.11930706192129506,0.10757611043440753,0.15078482666959128,0.15029248385365093,0.1458597565897363,0.13275002212522607,0.12968056104854386,0.13076771496455414,0.13333455034192784
isoTrapezoid,0.12186462174999141,0.14139430385226034,0.14729637734680767,0.15078482666959125,0.11184392171912173,0.12271458043216568,0.12058900025699416,0.14115546543264768,0.14089350772427084,0.12444818838897724,0.13073748716051198
kite,0.11807561573201095,0.13057941911460677,0.14171336838007267,0.15029248385365093,0.12271458043216568,0.10958933147777987,0.11498240444099794,0.13749809630925316,0.1364560762463869,0.13144510453466715,0.14172412984151964
rightKite,0.1153386720506537,0.12906552121435674,0.1364033631244849,0.1458597565897363,0.12058900025699418,0.11498240444099794,0.10825365144848909,0.13521911739995512,0.13360296746921005,0.121887009633725,0.13632508213522634
rustedHinge,0.12947396223783764,0.12313790731469469,0.1297155655064163,0.13275002212522607,0.14115546543264768,0.13749809630925314,0.13521911739995512,0.10864984875424732,0.11089407087072134,0.13164747862198237,0.1363925027587542
hinge,0.1277241859799726,0.11805379521518482,0.12397457692201051,0.12968056104854386,0.14089350772427084,0.1364560762463869,0.13360296746921005,0.11089407087072134,0.10860308735726452,0.12910241717141144,0.13617107224607003
trapezoid,0.12278870457672901,0.13076200305332736,0.12903344692069493,0.13076771496455414,0.12444818838897724,0.13144510453466718,0.121887009633725,0.13164747862198234,0.1291024171714115,0.1095346366812725,0.12087811048845347
random,0.135115157160088,0.1444787390702175,0.14120402125588527,0.13333455034192784,0.13073748716051198,0.14172412984151964,0.13632508213522634,0.13639250275875422,0.13617107224607003,0.1208781104884535,0.11119427948423898
