,square,rectangle,parallelogram,losange,isoTrapezoid,kite,rightKite,rustedHinge,hinge,trapezoid,random
square,0.11905075167875329,0.150587458347879,0.17663630531082541,0.195049523439947,0.1711235008873475,0.16871148599301727,0.15849073390205679,0.19865084266195163,0.19102974284701002,0.17978635315649136,0.2145273858527362
rectangle,0.15058745834787904,0.12328260364444726,0.15472879733301367,0.17784506007917286,0.19730883717131031,0.18600292034134763,0.17939523327079568,0.19088144531773724,0.17780558532928611,0.19241633641741362,0.22799030437153955
parallelogram,0.1766363053108254,0.15472879733301365,0.12850468870629198,0.1457883493863389,0.1992247421220955,0.19388285454814289,0.1840732707746976,0.18773501393003603,0.1759284047523375,0.18129092508700284,0.21188134508751277
losange,0.195049523439947,0.17784506007917286,0.1457883493863389,0.13280078398311299,0.20827138523607114,0.20852598679773637,0.19795694263053654,0.19677488317953098,0.18880862459434336,0.18713999173974788,0.20643141057933947
isoTrapezoid,0.1711235008873475,0.19730883717131031,0.19922474212209548,0.20827138523607114,0.13881029196091266,0.16541955620582935,0.15893790847990902,0.2042821340270973,0.2040889090813192,0.1743164994898431,0.19142246040254757
kite,0.16871148599301727,0.18600292034134766,0.19388285454814289,0.20852598679773637,0.16541955620582935,0.13686857998842364,0.15094689019763977,0.20304590657983534,0.20008748536744353,0.19216381158106616,0.21153055531824475
rightKite,0.15849073390205679,0.17939523327079568,0.18407327077469757,0.1979569426305366,0.15893790847990902,0.15094689019763977,0.1341855162325535,0.19839709151573057,0.19458216545749984,0.17721633115752372,0.20514658436114364
rustedHinge,0.19865084266195163,0.19088144531773724,0.18773501393003603,0.196774883179531,0.20428213402709727,0.20304590657983534,0.19839709151573062,0.14642647544464418,0.15477622990098003,0.19435849657369467,0.20635334531186084
hinge,0.19102974284701002,0.17780558532928611,0.1759284047523375,0.18880862459434342,0.2040889090813192,0.20008748536744353,0.19458216545749984,0.15477622990098003,0.14843141118597045,0.19031958532596605,0.20665433333812974
trapezoid,0.17978635315649139,0.19241633641741362,0.18129092508700284,0.18713999173974788,0.1743164994898431,0.19216381158106616,0.17721633115752375,0.19435849657369467,0.190319585325966,0.14760714528351127,0.17919652185634458
random,0.2145273858527362,0.22799030437153955,0.21188134508751277,0.2064314105793395,0.1914224604025476,0.21153055531824475,0.20514658436114358,0.2063533453118609,0.20665433333812977,0.17919652185634458,0.16258413030273636
