,square,rectangle,parallelogram,losange,isoTrapezoid,kite,rightKite,rustedHinge,hinge,trapezoid,random
square,0.03533708991417193,0.04471579116406156,0.054244571415606554,0.05963935032298761,0.05214719371207145,0.05123932138948565,0.04930043762025132,0.05804267401387091,0.05491599286509796,0.051593385788891166,0.05846676997113805
rectangle,0.04471579116406157,0.0365600956756127,0.048484812681614115,0.055672858651696605,0.059260888872392135,0.05625044265544268,0.05509221510722685,0.05602108530044988,0.05147104907897423,0.05481666161360201,0.06196290980180064
parallelogram,0.054244571415606554,0.048484812681614115,0.04158893830472325,0.047051707202913094,0.060272866703923234,0.058534275215420054,0.056555655394386325,0.056079725201076534,0.0523209942240091,0.052667115560840985,0.05881413764986149
losange,0.05963935032298761,0.055672858651696605,0.047051707202913094,0.04247443102480937,0.06262967339203508,0.062203148745256724,0.06010952867789691,0.05864558339306802,0.056298157465067875,0.054941833011384285,0.05769049870501429
isoTrapezoid,0.05214719371207145,0.059260888872392135,0.060272866703923234,0.06262967339203508,0.04114871369106158,0.04949281983969125,0.04814554566930271,0.05889715678669649,0.05847323347009811,0.05016012425928186,0.05244693774367452
kite,0.05123932138948565,0.05625044265544266,0.058534275215420054,0.06220314874525674,0.049492819839691234,0.040687069532451374,0.04546614966136822,0.0576510551322472,0.05659038475025052,0.054915959014821165,0.05728278541965393
rightKite,0.049300437620251325,0.05509221510722685,0.056555655394386325,0.06010952867789691,0.04814554566930271,0.04546614966136822,0.041216816848728424,0.05689929819672158,0.05561395713413953,0.05098108066334032,0.0557677592482908
rustedHinge,0.05804267401387091,0.056021085300449865,0.056079725201076534,0.05864558339306802,0.058897156786696506,0.0576510551322472,0.05689929819672158,0.04201187049954712,0.04426664756384419,0.05547807881293907,0.05556388201670974
hinge,0.05491599286509796,0.051471049078974235,0.0523209942240091,0.05629815746506786,0.05847323347009811,0.05659038475025052,0.05561395713413953,0.04426664756384419,0.0418801866209422,0.05353643588907004,0.05544072859693408
trapezoid,0.051593385788891166,0.05481666161360201,0.052667115560841,0.054941833011384285,0.05016012425928186,0.054915959014821165,0.05098108066334032,0.05547807881293907,0.05353643588907004,0.04131995887635636,0.048112619561928326
random,0.05846676997113805,0.06196290980180064,0.058814137649861487,0.05769049870501429,0.05244693774367452,0.05728278541965393,0.05576775924829082,0.05556388201670973,0.055440728596934094,0.04811261956192832,0.04221822501893747
