,square,rectangle,parallelogram,losange,isoTrapezoid,kite,rightKite,rustedHinge,hinge,trapezoid,random
square,0.15418824657806446,0.2016506138835553,0.2958845587569401,0.34361304381152974,0.27262088315259575,0.2699494098070592,0.2564116403293442,0.3176363680782373,0.29210847171953447,0.28091348984642367,0.34292894333683493
rectangle,0.2016506138835553,0.1592835184609942,0.25622089007973525,0.3126721955706058,0.3114004945153746,0.29549177860257514,0.28456661788954757,0.30813917704510674,0.2727614586797488,0.297038829307463,0.35942125269242425
parallelogram,0.29588455875694003,0.25622089007973525,0.19858641851273245,0.23339761718600158,0.3200991870383175,0.31459796360463366,0.30305911345222414,0.31149593783177804,0.28551601089748757,0.26890338131795266,0.3156611039817531
losange,0.34361304381152974,0.3126721955706058,0.23339761718600166,0.20631580637963276,0.33711106513184425,0.3426202948418708,0.331463969421043,0.32814769428286006,0.31265238654406724,0.28137453405485136,0.301541181308393
isoTrapezoid,0.2726208831525958,0.31140049451537455,0.3200991870383175,0.33711106513184425,0.18448016174546958,0.25002813628244147,0.23099549165360145,0.31377154136388935,0.31022433936356997,0.24509471220999576,0.27460319119407905
kite,0.2699494098070592,0.2954917786025752,0.31459796360463366,0.3426202948418708,0.2500281362824414,0.1909590132546089,0.21707164635382747,0.3070481409861499,0.298052093493092,0.2917336205126282,0.3150384865052684
rightKite,0.2564116403293442,0.28456661788954757,0.30305911345222414,0.331463969421043,0.23099549165360145,0.21707164635382747,0.1881935921785645,0.2939679021484127,0.2846826122683447,0.25790714957234756,0.29642669133035315
rustedHinge,0.3176363680782373,0.30813917704510674,0.31149593783177804,0.32814769428286006,0.31377154136388935,0.3070481409861499,0.2939679021484127,0.20279889420865502,0.2143741654857907,0.31011138833495167,0.30989253785307097
hinge,0.29210847171953447,0.2727614586797488,0.2855160108974876,0.31265238654406724,0.31022433936356997,0.298052093493092,0.2846826122683447,0.21437416548579072,0.19972993228208505,0.296995123722598,0.3067606161984404
trapezoid,0.28091348984642367,0.297038829307463,0.26890338131795266,0.2813745340548514,0.24509471220999576,0.29173362051262813,0.25790714957234756,0.31011138833495167,0.296995123722598,0.20093817236044334,0.24777139649065
random,0.342928943336835,0.35942125269242425,0.3156611039817531,0.301541181308393,0.27460319119407905,0.3150384865052684,0.29642669133035315,0.30989253785307097,0.3067606161984404,0.24777139649065,0.21078344907613814
