,square,rectangle,parallelogram,losange,isoTrapezoid,kite,rightKite,rustedHinge,hinge,trapezoid,random
square,0.16755850792113652,0.2250270714788085,0.3079745066480186,0.3452392491511043,0.294515932492491,0.28384534783600507,0.2729633048031163,0.3321044073876114,0.31096847719233256,0.29876974741011103,0.34849799055231995
rectangle,0.2250270714788085,0.172520335046154,0.2695087305824784,0.3225292046097981,0.32804918371994823,0.30616993296390643,0.2995410994490383,0.3242054725404667,0.2921275939253863,0.31400151946636307,0.3634787520212845
parallelogram,0.3079745066480186,0.2695087305824783,0.21391310254210355,0.24816228003317065,0.3340056651058508,0.31956061292955057,0.31397605448577565,0.32001496478156,0.2982134005925143,0.28948384038289016,0.3269988746810115
losange,0.3452392491511043,0.3225292046097981,0.24816228003317065,0.21728562645190785,0.34834382905062095,0.342325305087272,0.33693901537902615,0.33120186813590896,0.3198264431400124,0.30102314396106145,0.3155687574921307
isoTrapezoid,0.2945159324924911,0.32804918371994823,0.3340056651058508,0.34834382905062095,0.20241676281122908,0.2657648977539321,0.25261228378461464,0.3201129487714665,0.3169070943773787,0.26815945057217183,0.28664040735677626
kite,0.28384534783600507,0.30616993296390643,0.31956061292955057,0.342325305087272,0.2657648977539321,0.20106467725487992,0.22937294729589214,0.304422707529391,0.29536746616015386,0.3002693162057192,0.31186818314529124
rightKite,0.2729633048031163,0.2995410994490383,0.31397605448577565,0.33693901537902615,0.25261228378461464,0.22937294729589214,0.20285402655413046,0.2996387609536733,0.2902973675901747,0.277001100508245,0.3035535063606667
rustedHinge,0.3321044073876114,0.3242054725404667,0.32001496478155994,0.33120186813590896,0.3201129487714665,0.3044227075293911,0.29963876095367337,0.21203827073574705,0.2256318943165758,0.31649410110713616,0.3071257595975937
hinge,0.31096847719233256,0.2921275939253863,0.2982134005925143,0.3198264431400124,0.3169070943773787,0.29536746616015386,0.29029736759017466,0.2256318943165758,0.21116737623535067,0.3053319319645993,0.3058577061580764
trapezoid,0.298769747410111,0.31400151946636307,0.28948384038289016,0.30102314396106145,0.26815945057217183,0.3002693162057192,0.277001100508245,0.31649410110713616,0.3053319319645993,0.22077465507514718,0.26369784748253905
random,0.3484979905523199,0.36347875202128455,0.3269988746810115,0.3155687574921307,0.28664040735677626,0.31186818314529124,0.3035535063606667,0.30712575959759375,0.3058577061580764,0.263697847482539,0.21984208289741147
