,square,rectangle,parallelogram,losange,isoTrapezoid,kite,rightKite,rustedHinge,hinge,trapezoid,random
square,0.10484232248078368,0.13640615701890657,0.1630598308415802,0.1775062587019395,0.1448443369740029,0.14629424432261426,0.1344711358124154,0.16888849430589742,0.1633114229143299,0.1542743386533074,0.18416942171202552
rectangle,0.13640615701890657,0.1110910817178428,0.13899685913268175,0.15917852050251197,0.17616899312872025,0.16754629914125066,0.15808040450635247,0.16164000728099648,0.15034215494494393,0.16876638634429147,0.2031925661301401
parallelogram,0.1630598308415802,0.13899685913268178,0.11844821565684927,0.13227727574359288,0.18203711373778061,0.17851858175252422,0.1666620255065792,0.16380870923626056,0.15378959829324834,0.16174283722622562,0.19079154391507833
losange,0.1775062587019395,0.15917852050251197,0.13227727574359288,0.11830547942270314,0.1873782916550543,0.18907933589403,0.17709615180088095,0.17073013503197298,0.16486977357132845,0.16440418250769662,0.18185736168857924
isoTrapezoid,0.1448443369740029,0.17616899312872025,0.18203711373778061,0.1873782916550543,0.12037073116483764,0.14361401623124956,0.13796124973978513,0.17956304445615565,0.17995515761748745,0.15170714946090452,0.16676400611979547
kite,0.14629424432261423,0.16754629914125066,0.1785185817525242,0.18907933589403003,0.14361401623124956,0.12068686985207835,0.13226041257348722,0.17804154535257133,0.17703657863568825,0.16833215365845705,0.186362391411441
rightKite,0.13447113581241543,0.15808040450635247,0.1666620255065792,0.17709615180088098,0.13796124973978513,0.1322604125734872,0.1168750026279729,0.17177519246379933,0.16953017841325171,0.15222525951095545,0.17777011115238034
rustedHinge,0.16888849430589742,0.16164000728099645,0.16380870923626056,0.17073013503197298,0.17956304445615565,0.17804154535257136,0.17177519246379933,0.12577902766396473,0.13312493670260472,0.16893314728609882,0.1822110883688989
hinge,0.1633114229143299,0.15034215494494393,0.15378959829324834,0.16486977357132843,0.17995515761748748,0.17703657863568825,0.16953017841325171,0.13312493670260472,0.12847212263123128,0.1660010188353548,0.1839400775450399
trapezoid,0.1542743386533074,0.16876638634429147,0.16174283722622562,0.16440418250769662,0.1517071494609045,0.16833215365845705,0.15222525951095545,0.16893314728609882,0.16600101883535484,0.129790736353107,0.1569462649001107
random,0.18416942171202552,0.2031925661301401,0.1907915439150783,0.18185736168857924,0.16676400611979547,0.186362391411441,0.17777011115238034,0.18221108836889893,0.1839400775450399,0.1569462649001107,0.14390535843564065
