,square,rectangle,parallelogram,losange,isoTrapezoid,kite,rightKite,rustedHinge,hinge,trapezoid,random
square,0.11529820452971447,0.13404884475038237,0.14636326005317335,0.160729295522896,0.1291466559988415,0.12578422819412635,0.12270056238365097,0.13886142282588573,0.13683142809207327,0.13136270817698587,0.14503760510745267
rectangle,0.13404884475038237,0.11999217650920956,0.13099433156507007,0.144626404826796,0.14780778316667617,0.1396918716066415,0.138085726587165,0.1342297600144339,0.12882434510811389,0.14107134615499373,0.1538752755473581
parallelogram,0.14636326005317335,0.13099433156507007,0.12639075616377984,0.13848346085621516,0.15687483790203585,0.15181523774082556,0.14812217151129156,0.14157017685070478,0.13568578703769005,0.14499090833010259,0.15651103884725423
losange,0.160729295522896,0.14462640482679603,0.13848346085621513,0.13300829595040048,0.16479304399327652,0.1642749252437802,0.16123226263299162,0.14837891512520093,0.14453272253482985,0.15140880084598385,0.15389230753445704
isoTrapezoid,0.1291466559988415,0.14780778316667617,0.15687483790203588,0.16479304399327652,0.12508993531810178,0.133629163789292,0.13139537033440105,0.1508302058069825,0.14980660956049408,0.13666878191316964,0.14500130799666203
kite,0.12578422819412635,0.1396918716066415,0.15181523774082556,0.16427492524378023,0.133629163789292,0.1233451324906116,0.12701654652344047,0.1483164067524821,0.14627608288811847,0.14203490130903584,0.15331253958033117
rightKite,0.12270056238365097,0.138085726587165,0.14812217151129156,0.1612322626329916,0.13139537033440105,0.12701654652344047,0.12132915141936948,0.14497274212497355,0.14286689152761683,0.13437052420842469,0.14963961202086618
rustedHinge,0.13886142282588576,0.13422976001443393,0.14157017685070478,0.14837891512520093,0.1508302058069825,0.1483164067524821,0.14497274212497355,0.1277574068319547,0.12807547129716476,0.1444288638985361,0.15048665545181955
hinge,0.13683142809207324,0.12882434510811389,0.13568578703769005,0.14453272253482985,0.14980660956049408,0.14627608288811847,0.14286689152761683,0.12807547129716476,0.12482854190783604,0.14167892091536408,0.14960377151341098
trapezoid,0.1313627081769859,0.14107134615499373,0.14499090833010259,0.15140880084598385,0.1366687819131696,0.14203490130903584,0.13437052420842469,0.1444288638985361,0.14167892091536408,0.12620030384416517,0.13929592202357946
random,0.1450376051074527,0.1538752755473581,0.15651103884725423,0.15389230753445704,0.14500130799666203,0.15331253958033117,0.1496396120208662,0.15048665545181955,0.14960377151341098,0.13929592202357946,0.13221262854662713
