,square,rectangle,parallelogram,losange,isoTrapezoid,kite,rightKite,rustedHinge,hinge,trapezoid,random
square,0.1286386415450386,0.1504671469050202,0.17177540401885422,0.1929229250001245,0.14821047366742124,0.1466102445989227,0.14049843917770208,0.16154134569630718,0.1565993077381469,0.1507649809646066,0.1731180019018804
rectangle,0.15046714690502017,0.12908014354531805,0.14907557274703034,0.17370516025646207,0.1770137151676235,0.1633053667572291,0.15869037997083116,0.15462619179366646,0.1444357436259336,0.16173752334652933,0.18886886069187453
parallelogram,0.17177540401885422,0.14907557274703034,0.12763318020923786,0.14500295714564496,0.1878318861504137,0.18552528305146399,0.17159587106627708,0.1656960401448999,0.1537808388418749,0.15449995367380787,0.1778031173217491
losange,0.1929229250001245,0.1737051602564621,0.14500295714564496,0.13264321894816303,0.1984734674634396,0.20415591945301786,0.19008180259991328,0.1777310505686713,0.16991490183833463,0.16086323421415646,0.1708449426934248
isoTrapezoid,0.14821047366742124,0.1770137151676235,0.1878318861504137,0.19847346746343963,0.12997114758749723,0.15076244873201508,0.14576621403340811,0.18058849141507724,0.1785411487667388,0.1524762670904495,0.1646084091618501
kite,0.1466102445989227,0.16330536675722912,0.18552528305146399,0.20415591945301786,0.15076244873201505,0.129121460288451,0.13916188915805766,0.17922656481450955,0.17653194469949152,0.17092091605587445,0.19138952974694348
rightKite,0.14049843917770208,0.15869037997083116,0.17159587106627708,0.19008180259991328,0.14576621403340814,0.13916188915805766,0.12703936004553124,0.1731950086901205,0.16913089118584246,0.14996064522537383,0.1750296982096009
rustedHinge,0.16154134569630718,0.15462619179366643,0.1656960401448999,0.17773105056867133,0.18058849141507724,0.17922656481450955,0.1731950086901205,0.12938076732132636,0.1326240058577623,0.16751333988430261,0.17808360087557318
hinge,0.1565993077381469,0.14443574362593362,0.1537808388418749,0.1699149018383346,0.1785411487667388,0.17653194469949152,0.16913089118584249,0.1326240058577623,0.12824350329249998,0.1607564777955909,0.17522814892144337
trapezoid,0.1507649809646066,0.16173752334652933,0.15449995367380787,0.16086323421415646,0.15247626709044954,0.17092091605587442,0.14996064522537383,0.16751333988430261,0.1607564777955909,0.12663126548447362,0.14451739645873327
random,0.1731180019018804,0.18886886069187453,0.1778031173217491,0.1708449426934248,0.16460840916185007,0.1913895297469435,0.17502969820960088,0.17808360087557318,0.17522814892144337,0.14451739645873327,0.13348707187727418
