,square,rectangle,parallelogram,losange,isoTrapezoid,kite,rightKite,rustedHinge,hinge,trapezoid,random
square,0.11658720579834424,0.15839899624113726,0.18536593617083783,0.2010106879091949,0.14816489462988588,0.14791459537652724,0.1366114708629353,0.17994932395120372,0.17438109902519366,0.15862694695594495,0.19092239048416104
rectangle,0.1583989962411373,0.12593619557673272,0.15246786062150416,0.1755764602067662,0.19385544789216674,0.18021001326244757,0.1713933732000716,0.1691419482995945,0.15615239026549932,0.18046064618476415,0.21848089472055457
parallelogram,0.1853659361708378,0.15246786062150414,0.1336369762780561,0.14626043881660142,0.1987918162210048,0.19154280950825472,0.17943285541840337,0.17285286138213654,0.16230684588735522,0.17297607224188324,0.20301614650271665
losange,0.20101068790919488,0.1755764602067662,0.14626043881660142,0.12734832825431372,0.20260711710667414,0.20103703949964155,0.1881992199787532,0.18046422888962482,0.17469374109167976,0.17406330215922552,0.18762349872052625
isoTrapezoid,0.14816489462988588,0.1938554478921667,0.1987918162210048,0.20260711710667414,0.11721068210207343,0.14064804430678332,0.13592501056313308,0.18766632568281258,0.1895085034819733,0.14997707081371572,0.16241140398130435
kite,0.1479145953765272,0.1802100132624476,0.19154280950825475,0.2010370394996416,0.14064804430678332,0.11823864010667264,0.12970355449275978,0.18027038351866886,0.18244017116503683,0.1689930361147952,0.18478193559512734
rightKite,0.1366114708629353,0.1713933732000716,0.17943285541840337,0.1881992199787532,0.13592501056313308,0.1297035544927598,0.1161188622897545,0.17638411204427804,0.17597486891508682,0.14885791424220418,0.17326490129986805
rustedHinge,0.1799493239512037,0.1691419482995945,0.17285286138213657,0.18046422888962482,0.1876663256828126,0.18027038351866886,0.17638411204427804,0.12824274798173133,0.1363264571258829,0.17758275991199826,0.18677346771827916
hinge,0.17438109902519366,0.15615239026549932,0.16230684588735522,0.1746937410916798,0.1895085034819733,0.18244017116503686,0.17597486891508682,0.1363264571258829,0.13321802954159426,0.17461183342368047,0.19202819468645307
trapezoid,0.15862694695594495,0.18046064618476415,0.17297607224188324,0.17406330215922552,0.14997707081371572,0.1689930361147952,0.14885791424220418,0.17758275991199823,0.1746118334236805,0.12987850848352664,0.15618576105557735
random,0.19092239048416104,0.21848089472055457,0.2030161465027167,0.18762349872052622,0.16241140398130433,0.18478193559512734,0.1732649012998681,0.18677346771827916,0.1920281946864531,0.15618576105557735,0.14061620788874202
