,square,rectangle,parallelogram,losange,isoTrapezoid,kite,rightKite,rustedHinge,hinge,trapezoid,random
square,0.20508209764515947,0.27179867877203434,0.35563043449572235,0.39770911754443417,0.3488248069587588,0.3322026195697852,0.3237620180932579,0.3917577276303136,0.36477092592184496,0.34711777209372546,0.4029136456262235
rectangle,0.2717986787720344,0.21157880735900558,0.3189408059778289,0.377132433870291,0.3895896809122731,0.36602145506383527,0.3597978026517128,0.38548239578378113,0.3466872564509657,0.37038818492868375,0.42508875812340013
parallelogram,0.3556304344957223,0.3189408059778289,0.26002626253154415,0.3021436382907209,0.38929942160274766,0.3760724404711284,0.36712212450021514,0.37435811903245975,0.3484076227018419,0.34385831802074135,0.3855905959458899
losange,0.3977091175444341,0.37713243387029094,0.3021436382907209,0.2645361831744485,0.40072799927593955,0.3972788631121235,0.3905187546129045,0.3824506888352487,0.3707460191541856,0.3543606310649051,0.3687359950547186
isoTrapezoid,0.3488248069587588,0.3895896809122731,0.3892994216027477,0.40072799927593955,0.24872121053547916,0.3170093043121623,0.30433694077278156,0.3741588589649391,0.3706949313014324,0.3188761488067742,0.33657155205592704
kite,0.3322026195697852,0.36602145506383527,0.3760724404711284,0.3972788631121235,0.31700930431216223,0.24678107833443058,0.2773542064551605,0.3606256600710882,0.35079413490216077,0.3517970475471217,0.36666223199040254
rightKite,0.3237620180932579,0.35979780265171274,0.3671221245002151,0.3905187546129045,0.30433694077278156,0.2773542064551605,0.24802182701303388,0.35685290355772264,0.34520341227962154,0.32525756735551203,0.35649004545149376
rustedHinge,0.3917577276303136,0.3854823957837812,0.37435811903245975,0.3824506888352487,0.3741588589649391,0.3606256600710882,0.35685290355772264,0.2564174252598929,0.27341097844929085,0.3750588101072602,0.364812306297964
hinge,0.36477092592184496,0.3466872564509657,0.3484076227018419,0.3707460191541856,0.3706949313014324,0.35079413490216077,0.3452034122796215,0.27341097844929085,0.2554535354162336,0.3605998398602319,0.36366930110244483
trapezoid,0.34711777209372546,0.37038818492868375,0.34385831802074135,0.3543606310649051,0.3188761488067742,0.3517970475471217,0.32525756735551203,0.3750588101072602,0.3605998398602319,0.266423493911343,0.31597027090272406
random,0.4029136456262235,0.42508875812340013,0.3855905959458899,0.3687359950547186,0.33657155205592704,0.36666223199040254,0.35649004545149376,0.364812306297964,0.3636693011024448,0.31597027090272406,0.265766425566605
