,square,rectangle,parallelogram,losange,isoTrapezoid,kite,rightKite,rustedHinge,hinge,trapezoid,random
square,0.15417774929199865,0.18051284478519622,0.2198133161024988,0.24354162197257923,0.18363073288234316,0.1826918038844888,0.17826619720970185,0.2060340968521196,0.19813494068979948,0.19264592708287903,0.2200303009496091
rectangle,0.18051284478519622,0.1521028347177383,0.18864686078293336,0.2168895179511644,0.2181058955401965,0.20106919664566458,0.20010018598459198,0.19745097096911704,0.18223929621509274,0.20443905566289788,0.23733815029574704
parallelogram,0.2198133161024988,0.18864686078293333,0.1595811619539745,0.17897084826186066,0.2399937042123078,0.23962580733448716,0.22385867587884714,0.21960255853687682,0.2021165545783511,0.19583162126136405,0.22390998108734286
losange,0.24354162197257923,0.2168895179511644,0.17897084826186066,0.16020757154271523,0.2498647313150885,0.2575831271881062,0.24272433995346002,0.22973684048971812,0.2181167678558261,0.20199931814149413,0.2137148747523848
isoTrapezoid,0.18363073288234316,0.21810589554019655,0.2399937042123078,0.2498647313150885,0.16045910134111535,0.18859054470605455,0.18319730206058682,0.228325653916486,0.22609582951950585,0.19406548824020492,0.20856325682770546
kite,0.1826918038844888,0.20106919664566458,0.2396258073344872,0.2575831271881062,0.18859054470605455,0.16196863014407542,0.1760203463438496,0.22580586586550597,0.22232823016599765,0.21972337080961044,0.2417283788085198
rightKite,0.17826619720970185,0.20010018598459198,0.22385867587884714,0.24272433995346002,0.18319730206058682,0.17602034634384964,0.15927626717792576,0.22142681292470812,0.21718141260922977,0.19345474760848327,0.22260277937007353
rustedHinge,0.2060340968521196,0.19745097096911707,0.21960255853687688,0.22973684048971815,0.228325653916486,0.225805865865506,0.22142681292470806,0.1604834637915317,0.16660470598964272,0.2205112884921815,0.22849960844749012
hinge,0.19813494068979948,0.18223929621509274,0.2021165545783511,0.2181167678558261,0.22609582951950588,0.22232823016599765,0.21718141260922977,0.1666047059896427,0.16101747369943634,0.21088881825983977,0.22407139058930603
trapezoid,0.192645927082879,0.20443905566289788,0.19583162126136403,0.20199931814149413,0.19406548824020492,0.21972337080961044,0.19345474760848327,0.2205112884921815,0.21088881825983977,0.16030866682220812,0.18288949229121515
random,0.22003030094960904,0.23733815029574704,0.22390998108734286,0.2137148747523848,0.20856325682770546,0.24172837880851983,0.22260277937007353,0.22849960844749012,0.22407139058930603,0.18288949229121515,0.1679164152013255
