,square,rectangle,parallelogram,losange,isoTrapezoid,kite,rightKite,rustedHinge,hinge,trapezoid,random
square,0.15238516840311547,0.18207999318881823,0.23440494559095557,0.2710470730177714,0.20099777248248174,0.19641666197358543,0.1938642865354681,0.2317611746581248,0.21811140347622396,0.20438526622409625,0.24190984453921438
rectangle,0.18207999318881823,0.1505644161793543,0.20022841497470378,0.24273192859622897,0.2383276952672476,0.2168549338206801,0.21766511269576377,0.2247604785870724,0.20296984658428682,0.216426532952621,0.26126678068473125
parallelogram,0.23440494559095557,0.20022841497470378,0.17288141972488652,0.20174210708126428,0.26632906818003027,0.26051867718312743,0.24785980557320672,0.24771078513027145,0.22714330846863975,0.21401488486303646,0.2517601316184937
losange,0.2710470730177714,0.242731928596229,0.20174210708126428,0.1818457381068266,0.28527760817887043,0.2884223565273395,0.27620941557197337,0.2649418048431726,0.2518322100729886,0.22723462845298947,0.244424047461106
isoTrapezoid,0.2009977724824818,0.2383276952672476,0.26632906818003027,0.28527760817887043,0.17369706519631842,0.2069749639199502,0.2025217699516701,0.26061130467101185,0.2564427492166687,0.21107087518425388,0.2316297835711991
kite,0.19641666197358543,0.21685493382068005,0.26051867718312743,0.2884223565273395,0.20697496391995016,0.17077196432542355,0.19033058887071724,0.25692587903228126,0.24959047403784917,0.23658889427458132,0.26431537931984384
rightKite,0.1938642865354681,0.21766511269576377,0.24785980557320672,0.27620941557197337,0.2025217699516701,0.19033058887071727,0.17307469705521292,0.2523128266889757,0.24462902553280835,0.21067660828357948,0.24604218844938242
rustedHinge,0.2317611746581248,0.2247604785870724,0.2477107851302715,0.2649418048431726,0.26061130467101185,0.25692587903228126,0.25231282668897576,0.17956800575810036,0.18715820966237628,0.24639034766935092,0.2565649701755871
hinge,0.2181114034762239,0.20296984658428682,0.22714330846863975,0.25183221007298867,0.25644274921666865,0.24959047403784917,0.2446290255328083,0.18715820966237628,0.17881890644506082,0.23410161076197056,0.25050031923191673
trapezoid,0.20438526622409625,0.216426532952621,0.21401488486303646,0.22723462845298947,0.21107087518425388,0.23658889427458127,0.21067660828357943,0.2463903476693509,0.2341016107619705,0.16921680211992932,0.19983009526408968
random,0.24190984453921438,0.26126678068473125,0.25176013161849364,0.244424047461106,0.2316297835711991,0.2643153793198439,0.24604218844938242,0.25656497017558705,0.25050031923191673,0.19983009526408965,0.18339414732894552
