,square,rectangle,parallelogram,losange,isoTrapezoid,kite,rightKite,rustedHinge,hinge,trapezoid,random
square,0.17931742813025597,0.2395906780135424,0.30523573911301227,0.331612070911408,0.28699159421029613,0.2796887354165661,0.27182803694712865,0.3218287836893803,0.3067394248323333,0.2924883166955407,0.330814756918227
rectangle,0.2395906780135424,0.18738394234120964,0.2674998177713804,0.3080581701420235,0.318482876346762,0.3029565114589484,0.2989355065935528,0.3101696881213137,0.28715421550723663,0.3071083281100855,0.3458848561390031
parallelogram,0.3052357391130123,0.2674998177713804,0.2157509776743182,0.24651997869056802,0.31726615385486595,0.3124456993935198,0.3045906406509372,0.3043444795372591,0.289536505630912,0.2857076322566715,0.3158981364896764
losange,0.331612070911408,0.3080581701420235,0.246519978690568,0.2143618458571708,0.3256822733155125,0.32690786183901976,0.3200414768552255,0.3107796787758895,0.3052175707916684,0.29236335923626544,0.3013955221572742
isoTrapezoid,0.28699159421029613,0.318482876346762,0.31726615385486595,0.3256822733155126,0.20157167523408237,0.25522436694560424,0.2448927184861062,0.30213625447008013,0.3012494695212239,0.2612461519024943,0.2726270802195836
kite,0.2796887354165661,0.3029565114589484,0.3124456993935198,0.32690786183901976,0.25522436694560424,0.20442902579814756,0.23072315810591726,0.30093815509027727,0.29611430484430445,0.2918461442372158,0.302587775663784
rightKite,0.27182803694712865,0.2989355065935528,0.3045906406509372,0.3200414768552255,0.2448927184861062,0.23072315810591726,0.20465215180324264,0.29587330520100014,0.28930255962654594,0.26919946327418165,0.29296664013412516
rustedHinge,0.3218287836893803,0.3101696881213137,0.3043444795372591,0.3107796787758896,0.30213625447008013,0.30093815509027727,0.29587330520100014,0.211203601260421,0.22553572288612614,0.3015898899964513,0.29421821499166884
hinge,0.3067394248323333,0.2871542155072367,0.289536505630912,0.3052175707916684,0.3012494695212239,0.29611430484430445,0.28930255962654594,0.2255357228861261,0.21438683006334705,0.29499561990261547,0.2959234561985395
trapezoid,0.2924883166955407,0.3071083281100855,0.2857076322566715,0.29236335923626544,0.2612461519024943,0.2918461442372158,0.26919946327418165,0.3015898899964513,0.29499561990261547,0.22140616054361284,0.25882504845276927
random,0.330814756918227,0.34588485613900305,0.3158981364896764,0.3013955221572742,0.2726270802195836,0.302587775663784,0.2929666401341251,0.29421821499166884,0.2959234561985395,0.2588250484527692,0.21696305726244175
