,square,rectangle,parallelogram,losange,isoTrapezoid,kite,rightKite,rustedHinge,hinge,trapezoid,random
square,0.0,67.0311322854447,90.53951338783293,109.72281736063054,53.84379491164846,47.57408940527843,38.197346736535486,73.99249106572356,71.28039116814837,60.77735373374161,89.49209136370852
rectangle,67.0311322854447,0.0,52.99095277217681,84.79674278767891,94.6947948402229,76.16596310377953,73.4369473512213,62.15027670899799,48.57954848769609,75.8159429181085,104.07727882242088
parallelogram,90.53951338783293,52.99095277217681,0.0,50.28974693826111,104.77945870501753,97.71402357841639,90.61042288923161,73.18957424099796,60.20500571862436,72.7039039023759,94.18975580254912
losange,109.72281736063054,84.79674278767891,50.28974693826111,0.0,112.69383892658497,114.01231493504694,107.57867492064675,85.39486637169287,78.56528240963975,78.4774083444591,80.59286674152408
isoTrapezoid,53.84379491164846,94.6947948402229,104.77945870501753,112.69383892658497,0.0,56.72048892403505,50.600139803029386,93.01875356482186,94.02111646457999,62.17350738893753,77.59004333790172
kite,47.57408940527843,76.16596310377953,97.71402357841639,114.01231493504694,56.72048892403505,0.0,38.83890309393223,90.92614238415824,89.54765118898159,80.21827482244257,101.20158709031338
rightKite,38.197346736535486,73.4369473512213,90.61042288923161,107.57867492064675,50.600139803029386,38.83890309393223,0.0,85.63316267104942,83.46011178251277,60.716603039178935,91.51277173076436
rustedHinge,73.99249106572356,62.15027670899799,73.18957424099796,85.39486637169287,93.01875356482186,90.92614238415824,85.63316267104942,0.0,23.22817651017137,76.73008704901662,89.30400262721174
hinge,71.28039116814837,48.57954848769609,60.20500571862436,78.56528240963975,94.02111646457999,89.54765118898159,83.46011178251277,23.22817651017137,0.0,71.950126747115,89.5369603697649
trapezoid,60.77735373374161,75.8159429181085,72.7039039023759,78.4774083444591,62.17350738893753,80.21827482244257,60.716603039178935,76.73008704901662,71.950126747115,0.0,53.62132605096641
random,89.49209136370852,104.07727882242088,94.18975580254912,80.59286674152408,77.59004333790172,101.20158709031338,91.51277173076436,89.30400262721174,89.5369603697649,53.62132605096641,0.0
