,1610555604.25mOvVXuL01OCiReyVWBfesjuvXmB3MoPy,1610555605.43B6oDsBtWRQ29Q9UMQuTUEPZy3FSSWXzc,1610555610.92HPGJJSmyPM40z7otPBgHalNrHFA7zk5d,1610555606.68LaSQbm9EHAFycEfFtEqAwYqlBsQPjIRW,1610555617.19EKxMEwDHfXiEJZc27TsGoERaD6Da4BZU,1610555722.52PJ3FD50MGhRXyUD28vluU8Z9UjLJLZn4,1610555617.52Ijr5puT55g9apK8auM7zaxa3NANg502t,1610555638.77ZLjTLkz4jYJdFMI2wWBztzsDILkoOtAk,1610556912.46C7tJPLF0XfNnm8f1820X9aLmXMHoc0Dw,1610555617.51LjzIROg0aeCP2GhDcAVQ0LipKJB9jmKc,1610555608.17OpjjHobqRkX0UPcaXrbu7K6L3805SZri,1610555721.82zWeNZfGUUfRJkgnAwlP8VMhPzXctnSd4,1610555735.75bom85BDF0C7W2eIseHeMxi24qR68nzMi,1610555735.77NnT5xqKnwcf2BbjIekeb2arTQj6QMNwk,1610555638.33wjf1PhdNaoWfbRzXVn50hmFyB5bYAiLV,1610555606.65jCE4ig8Pu8kvAzkxnSGfWsV0nQBjCf8H,1610555608.18ONsBCVo1i7BrX0XG9stct4oiA6ejX9Oz,1610555721.51RNoQUMP19FTMS79BmA3JkgSm2IC2AQuQ,1610555971.86O0cHB2ibBJ8jxoObg01EpGe8VVV5mpwn,1610556911.51zU3duZSGpcw1BDNsBLxdOCITAXwl6z3i,1610555988.71dMoYT8250UHHJGxgmITTmbHe7V6gH1yU,1610556042.81mlUZsSp7gbGjrp8jQSnybT1gPy6e62o1,1610555637.02UBW5nKvDyUrKnaWcYRGajZPxTRDS0q3N,1610555619.13oUYNikU4facCTpUSiSLr0vPI0tJLnXiT,1610555721.03nzkucfjAUh31zTbmCVvTVYqtjoxZFnBh,1610555722.67fhKURdXVzRbLIjXmjRwdJHTnE7PWb1AE,1610555638.39J2ZWBLuLTHP0jOlzB4tNHmYeijH5g5YJ,1610556032.17Q6yCDx9g7alRnL9jBFXD2JhhUyB2hKfJ,1610557007.49MyVgDnuUuBxrvL6SGOdhKf69VYlW1MSm,1610555638.44hjT5hbYdKoE3MB6hijrjqbjmLgvCUYKD,1610555608.13zUvmFSCRt6SsLbhqFznMEvGx54GPGQzM,1610556038.62a5C4ynd1AARyAhTv8a58NCqHvXRjscqH,1610555644.45Xse8u7pusHNsd7F3d0A32HXvXr6weOJE,1610556038.62gKXOCG7XCn55eJvyl5voNjbwOW0znQDq,1610555987.13v0oleKK97pkesp6oMgprH8SoSdoDVdIO,1610556964.96ZLLeiQW0qpmxhPGTg7K03fmzkqsC2bjC,1610555987.13VQlEedQ50VvkPMEMzZDv3KNnQCewykN9,1610555982.186TY6MMGkDecIN1woW6vsfAMXVV7jnyjO,1610555982.673LuMndkwkvdmZOn0MmE2Pkidx0FtNalb,1610555733.38zItcuH7gHNfKdALR2d9Nek6bxCyw36Vm,1610556034.15BQxSbZINGCay0yp6RBVlgcPrw76Yn9ON,1610555639.37BPZpgtGml8qUsh9AdV4m32jPLfI2aNFq,1610556965.57S0adAalhWYe6K3bkZU0bRHbqnDK8gGkR,1610555983.54zteLPCMjyrjzPdhHhlZr3faCgD0TfYr3,1610555987.79rHnNRmt9a0ufmnwCvZqBouyUoZDNpylW,1610556960.041xWER61rmArlsKfiMl4frikWmUCnQ7op,1610556035.13a7NHZDutfTMJ88qle1gTYY59Dr4WmMsj,1610556890.456ZBDaY16bMtrTZTqAgHl3wq1tRxzqDow,1610555760.24e6890pkbyZ97Or6croI1rQgjkSsR0yVt,1610556043.02YpWMIJg3W004iqlPyv8OcVAZdSC5rNYw,1610555987.03z05P26TLtONYM1HSzupoc2CeNMa6HTqr,1610556032.15OYCzUxpsz7b10AXBAuDXrvEcvxFhf0M7,1610556032.63Z80yI9pNwS3jSmsDABbuhf8wkNa2Ze9y,1610555736.28eGuESasTXdR3SqY6pHhEXWZtcdciYLCO,1610556034.61bebeZA0MkaFG2sm3VKiqrxeqQginTTW0,1610556944.5XwXOphKYT3ZkWA8gViqOS97VHVuMVUqb,1610556944.745UVLFBzf7fPh4UH37I6tYQOFPqRDytEh,1610556034.63XsUwaFaPZevO1JNFjfhvY4aKNFnV4noV,1610556964.89xwBHw9faT1HjQRMNQEyA4qJ3hWkwgj3k,1610556966.74DydzH91jtyvRyYau47JpVkZoMRSNTt01,1610555740.77UueVziDbaXyRR4OcVJIIZyzOfAzN51bj,1610556046.84e3vwjyRCzqz0wJQhrk8zsxlFfFSv98Df,1610556137.99eoPuVrDThKAOvmeprLPb2FWRqIhzUodc,1610555740.73XFwSrmTXJPlaxGZSefh0jOVA8PI3III1,1610556123.88AOfNaz9jSnqU5Czc7okOv1RCrYfKFBTo,1610556046.85nB7NvyoYQeLcOV391Lmmut1wAM8CFGLw,1610556123.89H4pdIAzDthI7bMXMhlIhKUYIQIvtmPPQ,1610555740.87GOYQUJKpkynIS2lFqppYK4b32ol7NeGh
1610555604.25mOvVXuL01OCiReyVWBfesjuvXmB3MoPy,0.0,15.168947233901939,5.9901379406541055,14.228744229854929,12.338624254194244,13.390805865270373,11.347207318282644,8.105983929553236,10.06486570991723,15.37554281347933,15.358377343834789,16.180025934173237,18.317753205725936,10.13899992810968,15.98592333025583,14.284885102976359,16.60393317605943,15.823443548408347,12.251146951819088,12.213538417847317,15.338946632966444,15.779574360164151,12.91939481830089,7.194929149517539,15.328237338393118,14.253034586182878,11.50310520590411,15.059249554256409,16.101560138372584,12.315107357052117,13.676846717066065,14.725351664782119,17.790716583048557,16.69086009422639,14.49424214749359,15.233088752700501,14.4526943033296,15.233586376565205,16.169875116482473,14.742618468685144,14.913337938418154,15.744634313122706,15.684674677406294,14.993567575888838,15.939257173195331,15.203393932011215,15.440484851566776,15.47364428464733,12.937349793748014,15.250648851178937,13.908850975735579,13.266394760103495,15.71428599981971,18.107911685497736,13.314445469340981,14.925236292526543,13.73890388645136,13.974883194080506,13.735375195608961,13.755814138009297,15.30652081871901,17.772744979587586,13.6691790923717,15.404049943112295,14.272960730040285,16.008479180302064,16.285581251922334,15.43603551718164
1610555605.43B6oDsBtWRQ29Q9UMQuTUEPZy3FSSWXzc,15.168947233901939,0.0,14.97690789557217,10.455641595111208,14.808862752432656,13.564008817765965,13.845715778882852,15.25029244071423,15.776391612406975,17.601732632472856,12.421613840193832,13.39435057881932,18.339242005615198,14.19287252142853,12.647787971036665,12.607529500762219,14.078634769109929,9.605510782670843,13.817966909629858,13.950134875886924,13.785213554976318,12.719048569279693,13.370984305054703,15.048568624923696,13.197776944701303,15.01897418206493,13.977628548918254,12.49969900413134,12.51366015537883,12.67050263742167,14.190791640171918,13.748905191847642,18.50127526839977,13.37229736086448,13.551915482344748,13.811023664542603,13.83598011041593,11.768929936372498,10.834119383182234,14.05667375236417,12.248644789300652,13.224413304322537,13.860491610300587,11.749958391327585,11.197085270018857,9.314849963064267,14.108216524252182,14.947517683924099,14.471313240670053,15.470798214254934,12.961403010124469,13.583456624470264,13.221229330512903,13.97381790835867,13.891212582549164,13.505346793286966,13.65297173206715,13.687286441217307,12.891845026460238,12.45152070625294,12.537230270263686,14.075393686209962,13.333818276949865,13.743901247586617,14.566979904718114,13.468672300752702,16.89340099458627,12.525230919745253
1610555610.92HPGJJSmyPM40z7otPBgHalNrHFA7zk5d,5.9901379406541055,14.97690789557217,0.0,14.004370865338272,12.295835209813635,13.192180943466607,10.791444930487435,7.248707281455691,10.102930955364483,15.343512482092208,15.137988295748,16.11098487957671,18.54697801510678,8.96097429525358,16.03617521326053,14.11626689691635,16.22306224710984,15.674994056391705,12.493018777888876,12.170107457558691,15.096562212779874,15.732474756587758,12.834727972367478,5.89531590652545,15.284317185018098,14.020523696092479,11.547635100919727,14.992791198068893,16.079140469447168,11.798142332252342,13.530336524607094,14.696690034575635,17.870261361092673,16.53455399152058,14.428519573626327,15.1336551112274,14.426620972571529,14.984809053141488,16.094085393263732,14.887979410597037,14.612111361555005,15.626613556547607,15.728439918462794,15.017101548838863,15.759998284544562,15.09481949613036,15.514565986721555,15.575973382996764,12.733919107053572,15.439859213849614,13.80042197816481,13.492783498242776,15.627525672717674,17.930686825316474,12.967242049591263,14.796959005277927,13.68946267511866,13.431333554834918,13.744489980468995,13.687073625949383,15.202752934340372,17.691400440122838,13.538760515089692,15.310384682647761,14.27625004655796,15.932013967479282,16.41921954456355,15.37436885647776
1610555606.68LaSQbm9EHAFycEfFtEqAwYqlBsQPjIRW,14.228744229854929,10.455641595111208,14.004370865338272,0.0,13.886219949817121,12.775154803246,12.912410643640666,14.249258694677996,14.747899990695238,17.36229475931084,11.282260799585599,13.0023629559306,18.549781645634393,13.020556437377763,13.08586922117037,12.074686172423068,13.275696720147943,12.169728534669435,12.933499938103646,12.985834843045483,12.6639976722974,12.958542790513219,13.206580565674113,14.086235159858553,13.63000836845689,14.120184487108205,12.81143724768553,12.142427236137596,13.362412891011811,12.419082628030326,13.412084146176289,14.074482257423385,18.54443721297618,14.272744291365573,12.332544472449687,12.897624764937637,13.008762049063094,12.286097333716498,11.593093779915577,13.29247625743772,11.616684642354084,12.664591300542382,12.246626600670838,12.34148775090932,13.050894369028127,11.948572258591382,13.610683900953141,14.939515886044,13.910673561312729,14.579034644507377,12.14943220395379,12.758379992455419,13.471856236165051,14.077184288767041,12.549469986324535,13.363161441548312,12.89282132523626,12.671080431305283,12.580764675066797,12.58280723777502,12.747070576454139,14.277061391487045,12.820662050746646,13.60387136841441,13.838948723429365,13.491269117567388,15.664745227205318,12.882354694033467
1610555617.19EKxMEwDHfXiEJZc27TsGoERaD6Da4BZU,12.338624254194244,14.808862752432656,12.295835209813635,13.886219949817121,0.0,12.786921393778854,9.63690738075897,12.55779037870092,11.500928712286834,16.725606065204612,14.371558374680866,15.763910147709295,19.003627534615436,10.96281332910499,15.610710365705177,13.936814154131199,15.599538378645299,14.841565617379581,12.5249490467176,12.467536977475897,14.817083392751181,14.567112218396199,10.89289438002829,12.2122159994446,14.465411493162373,13.613161748647583,10.449851237579704,14.518809642810455,15.665868207392359,11.163453423139185,13.50533115801772,13.211420688130403,18.75276765937528,16.626680947097242,14.435493031885489,14.568134547873715,14.327072932480082,14.87783063428914,15.687220118023326,14.737508877303675,14.102043335041305,14.896581950900348,15.206663587975857,14.711983761035372,15.167055061747368,14.47888027177123,14.861978493986056,15.64587980639211,13.868931378080635,14.12812719012661,13.90324277272364,13.180337486049302,15.364360510593057,17.453239035360895,13.094303344639155,13.271101425093091,13.563248963522968,13.794513117211801,13.955397273384742,12.649249664525284,14.385910742123654,16.842753146172726,13.768817084828287,14.549640673213585,14.564746631349774,14.932882478167482,15.863332738667262,14.506006173183486
1610555722.52PJ3FD50MGhRXyUD28vluU8Z9UjLJLZn4,13.390805865270373,13.564008817765965,13.192180943466607,12.775154803246,12.786921393778854,0.0,11.81193582879666,13.47729331791069,13.410517443512616,17.4420769187478,13.307315903971986,14.773264874813576,18.87687117470223,12.12779933306661,14.610565597904793,13.670101322628593,14.759119726872905,13.82710414528765,8.156940028552842,13.213494563672679,13.597828864785422,13.579243204534848,12.47207449864328,13.277800086844627,14.46633154337095,9.008874660025212,12.240740802867206,13.31599529688812,15.07140342768894,11.33355874946409,13.791401229050882,13.229590458090405,19.095686989337096,16.389271609606375,14.200935800465311,13.987401637151498,14.05889392662369,14.64790291880963,14.731359922652299,13.537842775832434,13.932352955122536,13.976470774365222,14.543399188403486,13.670852518936362,13.956110204131006,13.207135148914139,14.168444600937658,14.530291459807854,14.69398484624095,14.45728663972823,13.093860908875046,12.385983274465683,14.333986862915099,16.200783017822122,13.409431213328906,13.509996301569602,13.630317879436292,13.170942198265454,13.141017175555362,11.7294955150178,13.308511998037131,15.722241176882077,14.271300932494162,13.377993419649929,15.311753203701029,14.082198931139612,15.566478794498378,13.618157559438892
1610555617.52Ijr5puT55g9apK8auM7zaxa3NANg502t,11.347207318282644,13.845715778882852,10.791444930487435,12.912410643640666,9.63690738075897,11.81193582879666,0.0,10.729329481010646,11.727564594422988,16.35361273577371,13.812567917605884,15.62692181859561,18.738296883767756,8.476821763400256,15.145331940737973,13.797355797968535,14.767480141997739,14.42985603766701,12.06247257076463,12.745480337603317,14.318595168360698,14.200548052725198,11.9075288275207,10.648281230163361,14.597150092689091,12.243733779976317,11.613948565548302,14.27493060949355,15.29475452352745,9.525003656021662,13.224090584148161,13.025870297568156,18.467602317866127,16.40811287236561,14.08904367716272,14.180323623482503,14.263726559674065,14.485071844497881,15.235781770122188,14.400979101990771,13.675653605172725,14.309141216982658,15.072933565673301,14.281348371031536,14.625468656672755,13.739114038050324,15.31808299582568,15.756532071347763,13.525206213743816,15.02065187591475,13.506401241680164,13.36601728831994,14.978454775513288,16.981422469771697,12.631221382234656,13.735391276911876,13.043594339715387,12.570659309388335,13.67656537225101,11.876174776141388,13.907648242895833,16.615072583739135,13.470554900679518,13.983278523362852,14.589201014041619,14.469491783482166,16.200802291487985,14.164084820182683
1610555638.77ZLjTLkz4jYJdFMI2wWBztzsDILkoOtAk,8.105983929553236,15.25029244071423,7.248707281455691,14.249258694677996,12.55779037870092,13.47729331791069,10.729329481010646,0.0,10.930618275204536,15.721805539579975,15.277185966210485,16.309851189058957,18.932273486009553,8.465126367798579,16.335079560786973,14.442272846859808,16.272949067807787,15.803572258714727,13.006333516567576,12.69572614986021,15.200945195703312,15.992870231794285,13.312179000720398,6.489728221391238,15.602143363490464,14.047222606005427,12.123235507394146,15.203779663558445,16.398568784679973,12.128248791875444,13.968914368419078,14.92304018405301,18.215936711457775,16.825748380173504,14.729578773440643,15.360232660371993,14.819571323418455,15.325330132189682,16.409629114240875,15.180404772463541,14.830479833766933,15.676584647837391,15.936693265360907,15.148075788913637,16.02017196542001,15.295809671223198,15.840625093304713,16.043666332038658,13.149562888738041,15.953504944358267,14.034014967939193,14.096044910361176,15.903899080841612,18.18003023578913,13.234549619185108,15.118862706467226,13.952152302806152,13.35154380062736,14.121573176740172,13.991672074807797,15.397115160468827,17.900603106065827,14.059342937971223,15.401031052032968,14.912049557727968,16.040467702407245,16.968545800738234,15.600539469667385
1610556912.46C7tJPLF0XfNnm8f1820X9aLmXMHoc0Dw,10.06486570991723,15.776391612406975,10.102930955364483,14.747899990695238,11.500928712286834,13.410517443512616,11.727564594422988,10.930618275204536,0.0,16.64697228204897,15.685617528470836,16.55192489430126,19.386018865120665,10.362084939874459,16.425408199756337,14.76057424412097,16.758792762379965,16.05676947746781,12.32897082267601,12.990317255461687,15.361993752764086,16.13258300426269,13.427615835970961,10.619917083358278,15.72487404181658,13.85047123676699,12.04453281929625,15.486509142580124,16.62490012496544,12.726855390227502,14.311854368759786,15.084508005559274,18.914901103675664,17.28403640250907,15.144765464911858,15.585777432201391,15.009041536781574,15.75114036961186,16.730124148093704,15.507374133041408,15.20540390041532,15.96364662263935,16.186139760891,15.42898866853806,16.256189722531836,15.604687484742634,16.052168491835157,15.986372772290549,14.005870853727462,15.794604372867528,14.427824108863154,14.185408324253986,16.32752214923647,18.393102531106734,13.893676777177337,15.14301370714975,14.290120619064947,14.06270035343543,14.418215299329773,14.168412903302803,15.459931789344603,18.098153175731998,14.351461686654106,15.605295277118026,15.156649201725527,16.33286328819445,16.84742665494335,15.770977472966578
1610555617.51LjzIROg0aeCP2GhDcAVQ0LipKJB9jmKc,15.37554281347933,17.601732632472856,15.343512482092208,17.36229475931084,16.725606065204612,17.4420769187478,16.35361273577371,15.721805539579975,16.64697228204897,0.0,18.647423146873955,19.17462704464704,12.833178151038565,16.068663055301737,18.93090821708009,17.079739723341586,19.789342380171977,18.532087838808263,17.480838476994787,15.502883085081097,18.66901118485183,19.078799637439495,15.980036017579959,15.523777905357859,18.195589165489036,18.308625441659043,15.232720370497146,18.137659725299148,17.616682414849397,16.52652484647632,16.229122509352937,18.564515488191923,10.491837432169365,18.898287821724207,17.456241104226102,18.53153554189033,17.308769403047556,17.4107410691612,18.402625206474536,17.467898861232968,17.959256767181515,19.13283063423533,18.34308712400987,18.370900373071294,18.877416493632808,18.006613225209133,17.816341103772796,18.010726188299888,11.416678552948047,18.17285458814756,17.075060973435352,16.620883040316407,17.673489573066437,20.430097299287084,16.540302231496764,18.170613419171524,17.421453856113562,17.554092313583066,16.749387281569007,17.672197168760185,18.437114580478166,20.217312556519317,15.543973041950236,18.940885908309948,14.411796476991176,19.207828079649232,18.69097795472853,18.50512861358336
1610555608.17OpjjHobqRkX0UPcaXrbu7K6L3805SZri,15.358377343834789,12.421613840193832,15.137988295748,11.282260799585599,14.371558374680866,13.307315903971986,13.812567917605884,15.277185966210485,15.685617528470836,18.647423146873955,0.0,14.37722471497566,19.395265756355837,13.836321145009386,14.544113901760046,12.828666358827867,10.438979532848535,12.914222218242246,13.83884446472164,14.093202795240968,13.420899231152216,13.662744130357252,13.920600621035394,15.102511389066162,13.68125380644566,14.227878627340573,14.202796285301694,13.212397358754504,14.154559253057236,13.416195459984783,14.63485996738476,14.40325668439762,19.59826166248027,15.503325376049732,13.639229576295161,13.205687322189972,13.606220419198612,13.791523551994064,13.976886210359895,14.323471464253261,13.604161549971279,12.530507773966706,13.871133743559731,13.792858335273703,12.832704568574677,11.38081950506909,14.730162411660892,15.690286033839064,15.84287752918816,14.857033118484441,13.542654311277424,14.469503201603303,13.748354623259512,14.670897614989403,13.908899552242099,13.278066437343655,13.053993420442273,13.434822323919684,14.066319001298952,13.101148501134517,13.17871416114431,13.532449117375466,14.531958560025371,13.055376188352348,16.096438093453873,13.18947442909452,16.461616301767197,13.18951741749347
1610555721.82zWeNZfGUUfRJkgnAwlP8VMhPzXctnSd4,16.180025934173237,13.39435057881932,16.11098487957671,13.0023629559306,15.763910147709295,14.773264874813576,15.62692181859561,16.309851189058957,16.55192489430126,19.17462704464704,14.37722471497566,0.0,20.23099142361242,15.323456894276674,14.562660694782492,12.600297659287625,15.749422613718218,11.739977917915143,15.285532602304663,14.31280259832619,10.837773816825687,11.58514852326712,15.206412793026685,16.12303177825749,14.816115750835252,15.774418220518916,14.837768326397072,11.943147247773911,13.486642236034863,15.437585705876678,15.398762719181825,16.44804728406026,20.063924648149804,15.112573081697073,12.520481054492807,13.316807008608174,14.183344049945452,13.858889623745034,13.82346221056499,15.097387982404474,13.062466733977285,13.474607936773968,15.081349955676115,11.917044443359,14.381011410288355,13.804716788183015,14.52971405868211,15.264616796628049,16.28066990402845,15.889212383027397,10.933177113719454,14.571912117685871,15.062885765561512,15.53202267208888,14.620527862372166,15.407299109953312,14.78022591095063,13.320282303221427,12.397302935949833,15.1544457437524,14.465457723734731,16.014737623530582,14.378187380309287,14.88466290070141,15.887335008796892,14.766518303484663,17.16358277033858,14.468899197546127
1610555735.75bom85BDF0C7W2eIseHeMxi24qR68nzMi,18.317753205725936,18.339242005615198,18.54697801510678,18.549781645634393,19.003627534615436,18.87687117470223,18.738296883767756,18.932273486009553,19.386018865120665,12.833178151038565,19.395265756355837,20.23099142361242,0.0,18.775627478662514,19.593679747633857,18.570657298925155,20.510223711503784,18.954985493801026,18.856713202401405,16.80643963005484,19.95880879739579,19.72196519193792,18.10522915981924,18.713509130721324,19.80728655968589,19.743842575595195,17.352848173319785,19.035612327628503,18.435177383985003,18.513420326733605,17.902455562453092,20.05124554559324,8.63735721811328,19.60107419719678,18.970766494987725,19.596534915381344,18.603785647380466,18.399065468456012,19.587962544032788,18.469558376549962,19.024800917355787,19.88143162108482,19.37872103083739,19.136273778960778,19.439660266651977,18.505760711892695,18.705265636784524,19.36188239077507,16.246251624588027,19.09053548539583,18.580585892963803,17.896689528552894,18.63736111456847,20.847624532081316,18.450812652057753,19.583742094974063,19.23013142271315,19.415867644351447,18.190993141409802,18.97260913737973,19.139263957809373,20.433428627065094,16.78520686516264,19.711151476912853,17.291763233292098,19.53411230519585,19.656108741794192,19.13261343430672
1610555735.77NnT5xqKnwcf2BbjIekeb2arTQj6QMNwk,10.13899992810968,14.19287252142853,8.96097429525358,13.020556437377763,10.96281332910499,12.12779933306661,8.476821763400256,8.465126367798579,10.362084939874459,16.068663055301737,13.836321145009386,15.323456894276674,18.775627478662514,0.0,15.152162626573173,13.564056467158894,14.825513551788097,14.365265292242983,11.99882039889958,12.222234062826953,13.854224699133965,14.592340542198825,12.379403260509724,8.604558795217113,14.597044047536196,12.648550435307927,11.339551106728345,14.119833777918423,15.563824560700027,10.566232564932793,13.284837483957734,13.846057738552092,18.33726313689929,16.414160755558246,13.969550794075573,14.250462265052363,14.000732721788856,14.535754236351103,15.562022929142351,14.351681735439733,13.533865192778688,14.252602857559419,15.136785950538693,14.103741254275825,14.672972207638118,13.927302125014139,15.180598421293215,15.563098744838577,13.203409391677916,15.110593434195433,13.057907039312138,13.346082453611288,15.158528064994803,17.2232940149138,12.258339428274862,13.998460448941458,12.830587128640966,11.88093092665599,13.34362974625796,12.667599245012298,14.027016656145344,16.77071949068578,13.453352203995394,14.030552477693913,14.652249047826237,14.615626790976972,16.30949494609114,14.366038972973264
1610555638.33wjf1PhdNaoWfbRzXVn50hmFyB5bYAiLV,15.98592333025583,12.647787971036665,16.03617521326053,13.08586922117037,15.610710365705177,14.610565597904793,15.145331940737973,16.335079560786973,16.425408199756337,18.93090821708009,14.544113901760046,14.562660694782492,19.593679747633857,15.152162626573173,0.0,13.612742458277571,16.016958304365904,13.854476990972149,14.69699419661468,14.740650851313912,14.442245111846665,13.885924720942565,14.777403270617773,16.061942941013665,14.82889505895683,15.729328252583572,14.730859648128066,14.611272231598264,13.450731191622442,14.2970860474477,14.664870614923192,15.024030876096376,19.798398176514862,16.968332137997823,13.566914923541466,13.787853603989568,13.598528406097582,14.79313278976375,13.801918948859932,13.8546132730037,11.670065295400596,14.642601601976143,13.100833328867216,13.85496388348097,13.093760453198524,13.9628156069672,14.242145659726802,15.167652054001428,16.417482547244944,16.028075484828577,14.177748546104594,13.338500382301122,15.715250205573051,15.237378138973044,14.49390094553534,14.941363942814686,14.016999908746518,14.997921199805207,14.748389635223923,13.541899058125802,14.606219189599605,15.783091398202087,15.265743225601867,14.907987392476215,16.479560603918603,14.648416456402346,17.21283896960783,14.958521493895649
1610555606.65jCE4ig8Pu8kvAzkxnSGfWsV0nQBjCf8H,14.284885102976359,12.607529500762219,14.11626689691635,12.074686172423068,13.936814154131199,13.670101322628593,13.797355797968535,14.442272846859808,14.76057424412097,17.079739723341586,12.828666358827867,12.600297659287625,18.570657298925155,13.564056467158894,13.612742458277571,0.0,14.256997933974615,13.414216323723094,14.009876205242477,11.656407673444281,13.273168412607802,14.056511420459225,13.186460317416646,14.214943126113015,13.187368402907332,14.903275360559645,12.266027706543484,12.012831894774708,12.119169628098618,13.561580979347534,12.788644671793124,14.59783648099531,18.201726044064205,12.057623811990291,10.389518683157005,11.170938146399958,11.533568065285863,10.437137428879385,13.178725144745925,13.71419929439149,12.175071014361409,14.007769817494667,13.642775534111639,12.63097630801818,12.886983347624021,13.170730151766623,13.214878123983326,13.716249024054042,14.011811729633008,14.061194497054943,10.984451764787188,13.177291604262978,12.798161956804183,14.737921652241905,12.094372760098445,13.430884843299308,13.348823046136337,12.973085777310896,11.675448003743195,13.569395392237208,13.301322165550031,14.443326324180928,12.095832123975763,14.033604939869399,13.636870120792542,14.318939529562133,15.31707571402295,12.744043039743634
1610555608.18ONsBCVo1i7BrX0XG9stct4oiA6ejX9Oz,16.60393317605943,14.078634769109929,16.22306224710984,13.275696720147943,15.599538378645299,14.759119726872905,14.767480141997739,16.272949067807787,16.758792762379965,19.789342380171977,10.438979532848535,15.749422613718218,20.510223711503784,14.825513551788097,16.016958304365904,14.256997933974615,0.0,14.509842197730327,15.467106704512574,15.570255234724266,14.53579196326407,14.984142920137913,15.373070412416086,16.087583023569888,14.6894048554302,15.223649413251891,15.873033905583508,14.735305247021945,15.520787618147253,14.69418120446691,16.06960881233812,15.309382537106002,20.625832312316508,16.643842889344125,15.080084129243016,14.206759444134532,15.107715393673987,15.033384234969644,15.22297995575247,15.826950961903119,14.8993672227859,13.922590870091733,15.513074924827112,15.16141234780687,14.034489370698607,13.08935601578214,16.263977476758903,17.160198443968383,17.130043563507677,16.51419988562761,15.103546290431906,16.085851794391555,14.995607036634746,15.806017405811646,15.18150464912253,14.499778904026293,14.40039762150426,14.251283042732126,15.682640340064573,14.452319798575397,14.092324233608231,14.488550175429076,15.940814512771185,13.653282214667094,17.657366719142324,14.091097735023308,18.124170245655538,14.484685473785582
1610555721.51RNoQUMP19FTMS79BmA3JkgSm2IC2AQuQ,15.823443548408347,9.605510782670843,15.674994056391705,12.169728534669435,14.841565617379581,13.82710414528765,14.42985603766701,15.803572258714727,16.05676947746781,18.532087838808263,12.914222218242246,11.739977917915143,18.954985493801026,14.365265292242983,13.854476990972149,13.414216323723094,14.509842197730327,0.0,14.362334628451912,14.308880791853172,13.204019003493169,12.206754429146912,14.279570812715066,15.623183488935844,14.69458751611499,14.843359920610967,14.21877988001971,12.596757972818605,13.389122163678664,14.017035019252555,14.465493984163878,15.512103431257309,19.31696488055203,15.625422101873902,13.88221473558447,13.392222235381835,14.27161501513927,13.971993603916966,13.32778067763533,14.435328399235177,12.31471911790406,12.64745948023063,14.75494191986542,11.775711667191475,11.758617767384713,9.787562883075223,14.422116687280079,15.360117102915181,16.004271602981024,15.673991697512536,12.170921304961434,14.528317004544256,14.298487894437962,14.73519349885685,14.363120493155229,14.973276641566873,14.217888214595174,13.514156890829174,12.94717472636922,14.232820745972875,12.992288691818578,14.467485463152258,14.207755794042992,13.518258728444877,16.076425212174904,13.23268171992254,16.960612695270967,13.252736014218964
1610555971.86O0cHB2ibBJ8jxoObg01EpGe8VVV5mpwn,12.251146951819088,13.817966909629858,12.493018777888876,12.933499938103646,12.5249490467176,8.156940028552842,12.06247257076463,13.006333516567576,12.32897082267601,17.480838476994787,13.83884446472164,15.285532602304663,18.856713202401405,11.99882039889958,14.69699419661468,14.009876205242477,15.467106704512574,14.362334628451912,0.0,13.517060247662723,14.456104077365936,13.741277128602565,13.182560518770861,12.67695013453857,14.930279482513825,11.612589981731414,12.212079854828788,13.766152769408539,15.22032356574239,11.381906989346792,14.245614826589625,13.463717042405627,19.09931670380293,16.641527685716053,14.5557105587646,14.409598076046292,14.477587138422038,14.93173214417995,15.027999669263968,13.67948149427731,14.28479222211123,14.502413404422672,14.793006859503308,13.768708953068526,14.400188623814326,13.885332472277748,14.673622928971385,14.36227597294072,14.924994700669572,14.797656364877824,13.42970302036013,12.046959394053948,14.786506206627632,16.644945493807377,13.858382248196554,14.257480020810798,13.59234816908401,14.066581920147895,13.200040492940369,11.929899992088625,13.55740255738837,16.096743045402217,14.550076902162365,13.901902568194924,15.524636419026445,14.514675836263319,15.629038646203863,13.527265210501575
1610556911.51zU3duZSGpcw1BDNsBLxdOCITAXwl6z3i,12.213538417847317,13.950134875886924,12.170107457558691,12.985834843045483,12.467536977475897,13.213494563672679,12.745480337603317,12.69572614986021,12.990317255461687,15.502883085081097,14.093202795240968,14.31280259832619,16.80643963005484,12.222234062826953,14.740650851313912,11.656407673444281,15.570255234724266,14.308880791853172,13.517060247662723,0.0,13.759424713100453,14.431531126013333,11.845786729844258,12.416939358211573,14.450166564195543,14.196467170765331,10.330344633498257,13.074097301981135,14.022363425563254,12.886151020680408,12.090871171308251,14.859133325375435,16.197332411160346,14.275516702352302,12.432484637498678,13.445708812347785,11.90835649337395,12.816945137400548,15.132513639902943,13.901025657903105,13.005951296853604,14.362595963050925,14.300877600242877,13.634320620607548,14.250961141768977,13.935422695718442,13.22723254649316,14.25513983879095,12.598997830693074,13.730870460571618,12.23389884412354,12.655288753651094,14.305094178300862,16.598126593748976,11.385557813776856,13.937272119617061,13.323124886896561,12.70178952068112,12.225963994021427,13.603723324737048,14.266615953418723,16.13918854037285,10.967763006714135,14.664546471140161,12.374199597265845,14.738420867408388,14.732015494596064,14.266948480620577
1610555988.71dMoYT8250UHHJGxgmITTmbHe7V6gH1yU,15.338946632966444,13.785213554976318,15.096562212779874,12.6639976722974,14.817083392751181,13.597828864785422,14.318595168360698,15.200945195703312,15.361993752764086,18.66901118485183,13.420899231152216,10.837773816825687,19.95880879739579,13.854224699133965,14.442245111846665,13.273168412607802,14.53579196326407,13.204019003493169,14.456104077365936,13.759424713100453,0.0,12.50254602473518,14.454842801384634,15.032837073634404,14.982142472812948,14.310401661473296,14.224300556330883,12.02344945256996,14.739205283337657,14.35494781722944,14.826979339774534,15.768755356389779,19.729978800371835,16.05660282554107,12.076872740313174,13.694344338495895,14.01335557523868,14.335273833800015,14.501154313859347,14.664247041268034,12.916960490304684,12.863427353274039,14.59039239164167,13.353699750625344,14.42217087799248,13.451512466538837,14.709019337106113,15.970146191081714,15.7575066478211,15.7037805785792,12.237553690278043,14.152679363893432,15.171054556358058,16.301988434518,13.83480218534364,14.95184074774206,13.880869280925968,11.530006953257374,13.35662286317828,14.445267349167302,13.832320320095732,16.057730088263533,14.478942032916065,13.986953634399505,15.969744383874607,13.871313228797954,16.880943450972474,14.055498123288293
1610556042.81mlUZsSp7gbGjrp8jQSnybT1gPy6e62o1,15.779574360164151,12.719048569279693,15.732474756587758,12.958542790513219,14.567112218396199,13.579243204534848,14.200548052725198,15.992870231794285,16.13258300426269,19.078799637439495,13.662744130357252,11.58514852326712,19.72196519193792,14.592340542198825,13.885924720942565,14.056511420459225,14.984142920137913,12.206754429146912,13.741277128602565,14.431531126013333,12.50254602473518,0.0,13.891285932110762,15.75316227665105,14.660980365259194,14.538416305669646,14.642768547014024,11.873316948985611,14.283571751476407,13.054199843470265,15.220602532502472,14.17021264389669,19.943600307374297,16.476441402641502,13.74518708809055,14.1051080469271,14.86697601684995,14.585433830198586,14.229943816950298,14.843745821488866,13.685027535559524,12.756994086615439,15.030501107615596,12.977717904798377,13.742191760076341,12.76475924944739,14.463892734074095,15.733995687265171,16.412115001332232,15.573026860568703,12.742639102289965,13.933349099705298,15.2628725193301,15.820829375289767,14.772150768983304,14.527676634200773,13.994530471092059,13.086015721573464,13.31335729781206,12.430702429637998,12.802952364154986,15.270644083537702,14.849561771518193,13.52006809625631,16.48024892441888,13.179982751340102,16.813248884471847,12.706101914265853
1610555637.02UBW5nKvDyUrKnaWcYRGajZPxTRDS0q3N,12.91939481830089,13.370984305054703,12.834727972367478,13.206580565674113,10.89289438002829,12.47207449864328,11.9075288275207,13.312179000720398,13.427615835970961,15.980036017579959,13.920600621035394,15.206412793026685,18.10522915981924,12.379403260509724,14.777403270617773,13.186460317416646,15.373070412416086,14.279570812715066,13.182560518770861,11.845786729844258,14.454842801384634,13.891285932110762,0.0,13.015382541149773,12.619966797992875,13.485675648012505,9.725211488841888,13.84782165521194,14.64074776570129,10.267513739533051,12.252268440135788,12.12933127564374,17.8823144787641,15.27960449923361,13.723641897314765,14.194676811112423,13.439985923612577,13.04321531949673,14.01449731993947,14.137028428607248,13.777727215321297,14.592650607363142,14.052936092702321,14.265096313280244,14.615714376523098,13.221018842976264,13.387478346912554,14.975424711299224,12.729318528150769,13.51258081419671,13.218529147710957,12.245489550333922,14.148885796588578,16.248453214862145,12.416502242787727,10.460991698570671,13.121165261192612,13.698850252436992,13.061075113255079,11.168887504711078,13.715219876725227,16.05270974582477,12.67836446431797,14.28295274209992,13.11502954271553,14.418138902514547,15.03472496707357,14.04668189242804
1610555619.13oUYNikU4facCTpUSiSLr0vPI0tJLnXiT,7.194929149517539,15.048568624923696,5.89531590652545,14.086235159858553,12.2122159994446,13.277800086844627,10.648281230163361,6.489728221391238,10.619917083358278,15.523777905357859,15.102511389066162,16.12303177825749,18.713509130721324,8.604558795217113,16.061942941013665,14.214943126113015,16.087583023569888,15.623183488935844,12.67695013453857,12.416939358211573,15.032837073634404,15.75316227665105,13.015382541149773,0.0,15.321631145478698,13.970203736414268,11.804078528370866,15.016129730367457,16.19875213119156,11.909787974703445,13.748412861987433,14.675696416627476,18.03598927712086,16.669863240491313,14.533564962812886,15.12420470412521,14.480533655169557,15.111978318751751,16.216484750791174,14.969717762178046,14.627270152127497,15.5191919073724,15.813188034897056,15.0056731631676,15.81487213676192,15.068987910890737,15.714807822971189,15.843616635280258,12.893774470103661,15.717967090008182,13.85707019875203,13.750369579849337,15.76035182532854,18.028378580982388,13.011455784075899,14.826931003466248,13.617182141868991,13.22571452866637,13.850611945204886,13.754072555072414,15.179654541368356,17.718778064995213,13.781642425106197,15.269469481989887,14.586923531514934,15.849604590772183,16.75247623882268,15.429326998432108
1610555721.03nzkucfjAUh31zTbmCVvTVYqtjoxZFnBh,15.328237338393118,13.197776944701303,15.284317185018098,13.63000836845689,14.465411493162373,14.46633154337095,14.597150092689091,15.602143363490464,15.72487404181658,18.195589165489036,13.68125380644566,14.816115750835252,19.80728655968589,14.597044047536196,14.82889505895683,13.187368402907332,14.6894048554302,14.69458751611499,14.930279482513825,14.450166564195543,14.982142472812948,14.660980365259194,12.619966797992875,15.321631145478698,0.0,15.351195929058129,14.033770213838434,13.95645438344568,14.548111906872107,13.425563216494965,14.59428427084206,13.268559954336224,19.622917342221786,14.83294684986898,14.205471500515957,13.728118736851192,14.074587069585181,12.767811496348019,12.421567717919816,14.563752756667144,14.905826198759845,14.827640181887233,13.992855442007494,14.463142308161451,14.563811230177304,12.32265086954552,14.632472889820946,14.907780613992175,14.823676339547061,15.205701616704344,13.839597426120285,14.026413313176695,13.82663917058386,15.447715545844467,14.643084014361126,10.757614164365927,12.895161791770382,14.969946823499571,13.780702703138957,11.6044117811864,14.040748652075285,15.063962845582896,14.441347519827218,14.101895727090303,14.793497222549833,15.04992034722314,16.811457466891152,14.407310519040296
1610555722.67fhKURdXVzRbLIjXmjRwdJHTnE7PWb1AE,14.253034586182878,15.01897418206493,14.020523696092479,14.120184487108205,13.613161748647583,9.008874660025212,12.243733779976317,14.047222606005427,13.85047123676699,18.308625441659043,14.227878627340573,15.774418220518916,19.743842575595195,12.648550435307927,15.729328252583572,14.903275360559645,15.223649413251891,14.843359920610967,11.612589981731414,14.196467170765331,14.310401661473296,14.538416305669646,13.485675648012505,13.970203736414268,15.351195929058129,0.0,13.52719495414653,14.605778008370532,16.044321073766966,12.562127448269973,14.860882870022115,14.685512781906091,19.84600598429136,17.5002199956315,15.033224340010763,14.883680669774837,15.024528305748504,15.795058954229726,16.12692139095423,14.872655287699907,14.769480417735968,14.563160985149866,15.75408036974812,14.726339540923412,15.270771762507387,13.962335362261863,15.33785512457502,16.16231717042525,15.684744136992165,15.615365181290928,14.216753608555926,14.24695168909915,15.677955788442997,17.41331837998445,14.310255561726496,14.360399161401705,14.452265580777043,13.705787152567506,14.440974705996284,13.081178690672925,14.26388192378024,16.80267328624288,15.32004511251092,13.917868057317714,16.579856171989636,14.848232184240045,16.94127931918534,14.731895998838503
1610555638.39J2ZWBLuLTHP0jOlzB4tNHmYeijH5g5YJ,11.50310520590411,13.977628548918254,11.547635100919727,12.81143724768553,10.449851237579704,12.240740802867206,11.613948565548302,12.123235507394146,12.04453281929625,15.232720370497146,14.202796285301694,14.837768326397072,17.352848173319785,11.339551106728345,14.730859648128066,12.266027706543484,15.873033905583508,14.21877988001971,12.212079854828788,10.330344633498257,14.224300556330883,14.642768547014024,9.725211488841888,11.804078528370866,14.033770213838434,13.52719495414653,0.0,13.588844337596546,14.26711679555427,11.553299721677458,11.175488321031665,14.082504121888132,17.22750785446256,15.138823152382434,13.239996200239322,13.56148660799943,12.491228917890936,13.405430434358633,14.781648726108276,13.112741049969863,13.13844987555035,14.641526474033816,14.036827090128899,13.88095048813762,14.507124887662112,13.931594683524747,13.063469497508692,13.890629721145352,12.010069982639056,11.894379863041312,12.391728513886049,10.801976922906988,14.118625289312233,16.60930968037624,11.687838447164314,13.003888879850244,13.213458668104929,13.333863669937891,12.108418593915212,12.801034251287865,14.189078886165326,16.230656790732972,11.763999139622987,14.658742963447661,12.028434688693842,14.978723849556825,13.112139052998161,14.207561971376558
1610556032.17Q6yCDx9g7alRnL9jBFXD2JhhUyB2hKfJ,15.059249554256409,12.49969900413134,14.992791198068893,12.142427236137596,14.518809642810455,13.31599529688812,14.27493060949355,15.203779663558445,15.486509142580124,18.137659725299148,13.212397358754504,11.943147247773911,19.035612327628503,14.119833777918423,14.611272231598264,12.012831894774708,14.735305247021945,12.596757972818605,13.766152769408539,13.074097301981135,12.02344945256996,11.873316948985611,13.84782165521194,15.016129730367457,13.95645438344568,14.605778008370532,13.588844337596546,0.0,13.52046930881938,14.106189147819613,14.24575554186461,15.21911922489895,19.018299752518455,13.826695159889148,12.706659744476541,13.107638431115843,13.459371587583771,12.631003969634799,13.256174169570956,13.759791108346713,13.491249214326208,12.59941848794158,13.919214395935937,11.451207050770138,13.873779707093945,12.449921394575107,13.725207504459794,14.837230451178742,15.421482732257644,14.586721831309298,11.24868409624129,13.684938879266193,13.510692781393503,15.275086651754433,13.90498796542092,14.361940860606683,13.501873903512237,12.038379683857771,11.217622061158647,13.743191057997858,12.804806635911483,15.236741967452891,13.505751992596974,13.446526238697324,15.059433032736116,13.355999288105183,15.85035739654558,12.499209220304165
