,1610555604.25mOvVXuL01OCiReyVWBfesjuvXmB3MoPy,1610555605.43B6oDsBtWRQ29Q9UMQuTUEPZy3FSSWXzc,1610555610.92HPGJJSmyPM40z7otPBgHalNrHFA7zk5d,1610555606.68LaSQbm9EHAFycEfFtEqAwYqlBsQPjIRW,1610555617.19EKxMEwDHfXiEJZc27TsGoERaD6Da4BZU,1610555722.52PJ3FD50MGhRXyUD28vluU8Z9UjLJLZn4,1610555617.52Ijr5puT55g9apK8auM7zaxa3NANg502t,1610555638.77ZLjTLkz4jYJdFMI2wWBztzsDILkoOtAk,1610556912.46C7tJPLF0XfNnm8f1820X9aLmXMHoc0Dw,1610555617.51LjzIROg0aeCP2GhDcAVQ0LipKJB9jmKc,1610555608.17OpjjHobqRkX0UPcaXrbu7K6L3805SZri,1610555721.82zWeNZfGUUfRJkgnAwlP8VMhPzXctnSd4,1610555735.75bom85BDF0C7W2eIseHeMxi24qR68nzMi,1610555735.77NnT5xqKnwcf2BbjIekeb2arTQj6QMNwk,1610555638.33wjf1PhdNaoWfbRzXVn50hmFyB5bYAiLV,1610555606.65jCE4ig8Pu8kvAzkxnSGfWsV0nQBjCf8H,1610555608.18ONsBCVo1i7BrX0XG9stct4oiA6ejX9Oz,1610555721.51RNoQUMP19FTMS79BmA3JkgSm2IC2AQuQ,1610555971.86O0cHB2ibBJ8jxoObg01EpGe8VVV5mpwn,1610556911.51zU3duZSGpcw1BDNsBLxdOCITAXwl6z3i,1610555988.71dMoYT8250UHHJGxgmITTmbHe7V6gH1yU,1610556042.81mlUZsSp7gbGjrp8jQSnybT1gPy6e62o1,1610555637.02UBW5nKvDyUrKnaWcYRGajZPxTRDS0q3N,1610555619.13oUYNikU4facCTpUSiSLr0vPI0tJLnXiT,1610555721.03nzkucfjAUh31zTbmCVvTVYqtjoxZFnBh,1610555722.67fhKURdXVzRbLIjXmjRwdJHTnE7PWb1AE,1610555638.39J2ZWBLuLTHP0jOlzB4tNHmYeijH5g5YJ,1610556032.17Q6yCDx9g7alRnL9jBFXD2JhhUyB2hKfJ,1610557007.49MyVgDnuUuBxrvL6SGOdhKf69VYlW1MSm,1610555638.44hjT5hbYdKoE3MB6hijrjqbjmLgvCUYKD,1610555608.13zUvmFSCRt6SsLbhqFznMEvGx54GPGQzM,1610556038.62a5C4ynd1AARyAhTv8a58NCqHvXRjscqH,1610555644.45Xse8u7pusHNsd7F3d0A32HXvXr6weOJE,1610556038.62gKXOCG7XCn55eJvyl5voNjbwOW0znQDq,1610555987.13v0oleKK97pkesp6oMgprH8SoSdoDVdIO,1610556964.96ZLLeiQW0qpmxhPGTg7K03fmzkqsC2bjC,1610555987.13VQlEedQ50VvkPMEMzZDv3KNnQCewykN9,1610555982.186TY6MMGkDecIN1woW6vsfAMXVV7jnyjO,1610555982.673LuMndkwkvdmZOn0MmE2Pkidx0FtNalb,1610555733.38zItcuH7gHNfKdALR2d9Nek6bxCyw36Vm,1610556034.15BQxSbZINGCay0yp6RBVlgcPrw76Yn9ON,1610555639.37BPZpgtGml8qUsh9AdV4m32jPLfI2aNFq,1610556965.57S0adAalhWYe6K3bkZU0bRHbqnDK8gGkR,1610555983.54zteLPCMjyrjzPdhHhlZr3faCgD0TfYr3,1610555987.79rHnNRmt9a0ufmnwCvZqBouyUoZDNpylW,1610556960.041xWER61rmArlsKfiMl4frikWmUCnQ7op,1610556035.13a7NHZDutfTMJ88qle1gTYY59Dr4WmMsj,1610556890.456ZBDaY16bMtrTZTqAgHl3wq1tRxzqDow,1610555760.24e6890pkbyZ97Or6croI1rQgjkSsR0yVt,1610556043.02YpWMIJg3W004iqlPyv8OcVAZdSC5rNYw,1610555987.03z05P26TLtONYM1HSzupoc2CeNMa6HTqr,1610556032.15OYCzUxpsz7b10AXBAuDXrvEcvxFhf0M7,1610556032.63Z80yI9pNwS3jSmsDABbuhf8wkNa2Ze9y,1610555736.28eGuESasTXdR3SqY6pHhEXWZtcdciYLCO,1610556034.61bebeZA0MkaFG2sm3VKiqrxeqQginTTW0,1610556944.5XwXOphKYT3ZkWA8gViqOS97VHVuMVUqb,1610556944.745UVLFBzf7fPh4UH37I6tYQOFPqRDytEh,1610556034.63XsUwaFaPZevO1JNFjfhvY4aKNFnV4noV,1610556964.89xwBHw9faT1HjQRMNQEyA4qJ3hWkwgj3k,1610556966.74DydzH91jtyvRyYau47JpVkZoMRSNTt01,1610555740.77UueVziDbaXyRR4OcVJIIZyzOfAzN51bj,1610556046.84e3vwjyRCzqz0wJQhrk8zsxlFfFSv98Df,1610556137.99eoPuVrDThKAOvmeprLPb2FWRqIhzUodc,1610555740.73XFwSrmTXJPlaxGZSefh0jOVA8PI3III1,1610556123.88AOfNaz9jSnqU5Czc7okOv1RCrYfKFBTo,1610556046.85nB7NvyoYQeLcOV391Lmmut1wAM8CFGLw,1610556123.89H4pdIAzDthI7bMXMhlIhKUYIQIvtmPPQ,1610555740.87GOYQUJKpkynIS2lFqppYK4b32ol7NeGh
1610555604.25mOvVXuL01OCiReyVWBfesjuvXmB3MoPy,0.0,15.874918672084176,4.985782080974715,14.348415350581508,9.784223114724607,12.024799023315369,11.06712897586728,6.201366515388793,8.120104935701143,10.526735929925968,15.591827654586703,14.300278423671122,13.455900536794726,9.600205551152932,14.86913489148885,13.093242066973897,16.105136137173044,15.94521076668936,10.903612442124945,10.363351098483925,14.192199364343224,15.726814819411167,10.713493618200937,5.604197157296144,13.859455126752014,12.090867105130435,9.018151957343454,14.026649026471594,14.688233089105683,11.72523278228874,12.318471018815677,12.158577403020907,12.009239322066751,12.826914650757665,13.615797440806627,14.275966482355216,12.737503392754723,12.946956390377006,15.078483783402946,13.432264412287463,13.34462867278222,15.577467520621486,13.8813452129385,13.415421333878488,15.615358762451466,16.00737725983872,12.889983654463665,11.441157878294485,10.761916930908988,12.639805636932158,12.574822625557509,11.745561859416933,13.906262910145283,15.695184574786538,11.383257302828266,12.34578501123239,13.42941007705802,12.406855176632211,12.260898517135518,13.352041686967432,15.492568785060183,16.832517026210827,11.630461360968697,15.758671183356036,11.128323203839866,16.422408663973766,11.425256198403996,15.464288343247427
1610555605.43B6oDsBtWRQ29Q9UMQuTUEPZy3FSSWXzc,15.874918672084176,0.0,15.764323132332317,12.437500651950307,15.681701412878121,15.26388519397451,15.577843220484203,15.851354942281327,16.350871138494632,16.086891077321063,14.612691597392375,15.110353329453657,16.947703125281947,16.054710571947787,14.761149069049354,15.209160904435787,17.334101530715465,9.515550308055424,15.344723430520741,15.900452150157768,16.485325372132962,15.41723827321639,15.105661756065798,15.72950747336322,15.027702816802464,16.373454573208733,15.618914167123169,14.88071510285829,14.513544383834706,14.44208118941682,16.000898661468767,15.200249804629987,16.564723379170122,15.287576431532393,15.659672416379353,16.496881870069547,15.698102772850406,14.193832833794495,12.286535660551042,16.255073587129193,14.324055496293186,15.916791694329312,15.538692505641661,14.35765057327878,12.326839808838713,9.737799102545587,16.523543342785825,16.37330193721576,15.820604423304284,17.605993769364286,15.746958535203461,16.349454199915883,16.043668014633596,14.69739929286247,15.57363084470879,15.153708714017021,15.406072286075016,15.701512609480284,15.695847145758153,14.456009938186334,15.19320591191115,16.199262911863016,15.964058472247903,16.497355905069593,15.759357386489205,16.17651378086179,16.883437357888855,15.018978787240313
1610555610.92HPGJJSmyPM40z7otPBgHalNrHFA7zk5d,4.985782080974715,15.764323132332317,0.0,14.05094272330133,9.716686150949368,11.693691795130743,10.397919478561327,5.295315530099087,8.14196530670443,10.772981158183757,15.382279556457535,14.07604873711718,13.631679086159227,8.557370552456929,14.611781030233349,12.784637825291849,15.956358752947377,15.757888204004164,10.887313680872436,10.3205712602906,13.959830442194336,15.441375220361005,10.475781485471598,4.578971259905866,13.709320719175382,11.908184244713665,8.894156318235702,13.730131895681666,14.395238196849192,11.03644197098034,11.913598214443402,12.008091877843388,12.236649749012537,12.586806326220744,13.319879826792373,14.019312158636906,12.462144688511955,12.661233078381358,14.971760412141608,13.10639055290345,12.848479261224291,15.379995373183455,13.505459060842638,13.395539424698809,15.43307911766312,15.758007573320672,12.529961495312437,11.226832795522707,10.791340335582644,12.545233997986196,12.266353995470393,11.372941481595145,13.603538306250327,15.551285429612282,10.724868501154047,12.115051736129425,13.12252410398837,11.871672503885584,11.977204691595189,12.979044146598861,15.207382472644072,16.637233337806904,11.374398504707031,15.537631093911033,11.031496344949687,16.1842938778025,11.42717973345685,15.113631123459319
1610555606.68LaSQbm9EHAFycEfFtEqAwYqlBsQPjIRW,14.348415350581508,12.437500651950307,14.05094272330133,0.0,14.260577415732918,13.877670229263755,13.916470035602023,14.195497323218229,14.774219639866358,15.202543629675306,12.587964502149037,13.78043945193636,16.877879848333876,14.295482396107511,14.40741825766386,13.393612197337307,15.629630610437527,13.526100183825186,13.976010076404059,14.467356569526615,14.804221000201327,15.035835759278806,14.177092273377268,14.035651751240875,15.223178628591299,14.879019507098688,13.840713456259195,13.451480356400756,14.543255587431334,13.568162888714815,14.122799483607244,14.651026039212004,15.96434151119009,14.422830854153215,13.193067667857646,13.840275233814687,13.708728214607623,13.716887120143761,12.61593908149427,14.469066284496435,12.504436507694667,14.40927862223028,13.399839219797427,12.843764960515658,14.217583067759325,13.61233374078827,15.063907594729331,14.70333132917121,14.849972047632205,16.068828248842305,13.630701568156027,14.425076036300544,14.880294559150068,14.116039733871855,13.316621480966333,14.505804803274591,14.541534714651114,13.645334314002314,13.902788128177658,14.101815207636278,14.983514900726332,16.059506376560705,14.681566834076765,16.007326179543686,14.360320312686126,16.410850287941507,15.277566001682322,14.772832540047213
1610555617.19EKxMEwDHfXiEJZc27TsGoERaD6Da4BZU,9.784223114724607,15.681701412878121,9.716686150949368,14.260577415732918,0.0,12.271505668069274,9.246471062475136,9.953160635133992,9.075547061198549,11.741046799703044,15.241002364175982,14.62218977262796,14.258725031630002,10.28742817532153,14.61449226650831,13.166998347070747,15.84822586246326,15.834849764051668,11.876299764724303,11.187594966540898,14.600517532761625,15.225737136641934,9.430889151014057,9.750932812115881,13.389498029264209,12.290536615399187,9.531136713157558,14.156060871370146,14.667318905100355,10.726839946477767,12.549389948610589,11.192960636719826,12.949143150733152,13.238897136265118,13.794441990210007,14.252212648798405,13.113320672936476,12.91439766854779,14.806905285714233,13.653080165543683,13.341380625216749,15.654119122058006,13.734400940305026,14.018986344427441,15.371906156994504,15.74033841095048,13.36120395408918,12.218053520174623,11.71044956672556,12.95662068609559,13.065152995356499,11.909615559752337,14.139152377980432,15.611610441455701,11.84737164504841,11.522727224289723,13.166415356991283,12.912821295652005,12.695327082010527,12.629087816679277,15.067391732985152,16.672075724492995,12.284670805748565,15.387964742319015,11.920014926530355,16.098998171275387,12.241309124016379,14.963523344382216
1610555722.52PJ3FD50MGhRXyUD28vluU8Z9UjLJLZn4,12.024799023315369,15.26388519397451,11.693691795130743,13.877670229263755,12.271505668069274,0.0,11.97419783677434,11.921707633942617,12.001780154892518,13.615336596618857,14.914260263206334,14.667805023817728,15.545095252013843,12.03745774180624,14.56543472318191,14.188547407241025,16.04103545776589,15.081439188718045,7.6959062296746135,12.892219153126678,14.552357334660801,14.587525879709213,12.063829479392991,11.729326654477191,14.46890690854711,8.071854695796192,11.885250490181061,14.30170955228292,15.115058653196359,11.210670151872366,13.763431723646708,12.06185857307784,14.62019689364393,14.19795948215023,14.218865603741898,14.425262708461835,14.12612871542955,14.29551076636439,14.982437749180814,13.607830036642603,14.1534119111749,15.048629740307712,14.613914366024092,13.72813908123746,14.763165736831338,14.85199749223279,13.54855142344449,12.821267577528957,13.475689161878677,14.459972248827931,12.979856354911632,12.248325085683032,14.645040236044723,15.489363220728498,12.918843613506185,12.530087562602814,14.459087695963433,13.589328282723566,12.845939841802746,11.418846234940379,14.70709775989743,16.314389932059754,13.651875126037597,14.56309777570255,13.466254462800936,15.882353251223057,13.654452530071648,14.7896455530072
1610555617.52Ijr5puT55g9apK8auM7zaxa3NANg502t,11.06712897586728,15.577843220484203,10.397919478561327,13.916470035602023,9.246471062475136,11.97419783677434,0.0,10.622459304094791,11.245979756865502,12.90020102683369,14.852461089509037,14.994995204018167,15.218775453972233,9.795241006687222,14.330681506376255,13.510393684888337,15.41736552967536,15.65637907777149,11.876850896925427,12.358853906342961,14.97340374680266,14.747039799567808,11.068931950055726,10.496310055618618,14.016441863923404,11.792562394120218,11.124623442135585,14.16425446989314,14.345550265190635,8.825235346961545,12.961916632575285,11.448196090961416,14.067999177468517,13.84981549005889,14.107240932265604,13.945212762647088,13.512780778573372,13.509006055819919,14.872361118135787,13.647697759180629,13.35635294597403,15.610471424742867,14.02163522329883,13.91148664737068,14.977397450090312,15.43823411675901,13.85793706138916,12.81044990407514,12.704749121919258,14.14400435415635,13.194825270137647,12.331653810543052,14.266262177379122,15.403642034306133,12.029253104476021,12.47299594051696,13.650851365180348,13.056073876499504,12.883893386918032,11.69402145067551,14.732124512235533,16.42314955209028,13.149504785237777,14.884008543584011,12.692424512430486,15.88591801641645,13.1379357159457,14.56234298419742
1610555638.77ZLjTLkz4jYJdFMI2wWBztzsDILkoOtAk,6.201366515388793,15.851354942281327,5.295315530099087,14.195497323218229,9.953160635133992,11.921707633942617,10.622459304094791,0.0,8.819361689946325,10.992633513781833,15.508874820963069,14.20524951649913,13.813306946427517,7.804789088485269,14.740019426195017,12.999142451237411,16.016781140508353,15.877611217452412,11.349657897947829,10.583417635672495,14.059609938191967,15.59048822031674,10.82128873115152,4.507981397027052,13.850191595485022,12.01499567485188,9.37145895089481,13.88594948791013,14.554088059037053,11.38991767019853,12.141909465040404,12.159288089308571,12.441038904661854,12.84718107181454,13.531885792978086,14.169075838242314,12.668020591497584,12.863233916377567,15.090952086788977,13.320195677567314,13.100364773033244,15.502762138704165,13.728342153804181,13.48299889832078,15.561749252136586,15.898117203370877,12.723601340856947,11.431349187849298,11.060789249325449,12.886989944259842,12.416915276069163,11.636342897146596,13.762187681170847,15.638298363864113,11.016759693941195,12.355248433124107,13.345427791339963,12.073380819135041,12.120907265806506,13.18843677517636,15.362705234599401,16.761842817703258,11.6741110204329,15.628717193803109,11.301347997605431,16.331465951625916,11.778120461303669,15.240571520190969
1610556912.46C7tJPLF0XfNnm8f1820X9aLmXMHoc0Dw,8.120104935701143,16.350871138494632,8.14196530670443,14.774219639866358,9.075547061198549,12.001780154892518,11.245979756865502,8.819361689946325,0.0,11.705057197948074,15.926717926768797,14.549703964327552,14.29301403085905,9.72177848455973,14.927520158731143,13.532870870682409,16.380090364050456,16.182791331604854,10.741598652756837,11.166004762402086,14.250954938512594,15.795860655690799,11.217433347729969,8.559015837806,14.32176441364367,12.019170116384178,9.775232945808591,14.336478997972605,15.047131158106529,12.01204562397956,12.785161753137599,12.696525498042748,13.010135113691106,13.315851329676939,13.92521258128273,14.52948622341414,13.13099023799248,13.482849303952248,15.580372195830648,13.778290119650286,13.651989021477098,15.632463096092884,14.116140508136574,14.14930353089839,15.969733280956534,16.248227428515218,13.198095296222483,12.03414275432238,11.659649021075502,13.10418978872079,12.840124643184618,12.110414222658397,14.462912682254338,16.098157599963052,11.83403105673966,12.771880815025673,13.836926885060423,12.718492629764722,12.620035608397597,13.526181840857202,15.483820399195714,17.20070714779311,12.243502741700281,15.852686376726083,11.87445828353576,16.44333618294351,12.240659160564253,15.509078445210406
1610555617.51LjzIROg0aeCP2GhDcAVQ0LipKJB9jmKc,10.526735929925968,16.086891077321063,10.772981158183757,15.202543629675306,11.741046799703044,13.615336596618857,12.90020102683369,10.992633513781833,11.705057197948074,0.0,16.34928520006133,15.141686612065689,8.973524892816883,12.07322008168154,15.663727345172957,14.05861211041365,16.83334471150646,16.44400125638929,13.43291080314437,11.128110014256563,15.14514504818334,16.459864151134397,12.17889930601073,10.754832497312426,14.51648916432751,13.493527924268221,11.163856847659295,15.015108079287037,14.944463278755833,13.389848422854506,13.522917608675446,13.688643794334235,6.357824201480886,13.719208613376436,14.60444032912487,15.230576157406047,13.850321881265701,13.586056457497167,15.271158227287506,14.484954931899724,14.541099518146753,16.290561248867345,14.93141497542948,14.91193847797617,16.17953611831174,16.52928531013367,14.310571392959952,12.650978633602966,7.853016968348334,13.690954773210546,13.976530380658453,13.401973404258271,14.650976250803382,16.439483247742686,13.059999276189142,13.640624995693644,14.655516411325214,13.823139843636904,13.829087601928503,14.54473697735348,16.223728053811296,17.58509109373571,11.463807148774142,16.582066957654014,10.685389062319333,16.992839367416437,12.480729460961832,16.17316031536641
1610555608.17OpjjHobqRkX0UPcaXrbu7K6L3805SZri,15.591827654586703,14.612691597392375,15.382279556457535,12.587964502149037,15.241002364175982,14.914260263206334,14.852461089509037,15.508874820963069,15.926717926768797,16.34928520006133,0.0,14.76705436042819,17.809070667113726,15.622733130512069,15.126770999871017,14.679123416508972,11.09779549939911,14.114686435327076,15.129015450336414,15.84044675473351,14.64219096963185,14.709470943731295,15.08188106749391,15.380896587633513,14.810804185055717,15.16526038780761,15.343214420636723,14.653653959681757,15.526789450785271,14.829316670693778,15.903543141557103,15.455340148096699,17.009604591028264,16.098947134234553,14.459344390612966,14.145052099702484,15.152488308596194,15.414020135858422,14.832393656635448,15.485387158949191,14.862328109184928,13.186586475992561,14.865639654200322,15.38156995793135,14.274435882584386,12.593467520209911,16.152903979666846,15.956807943553981,16.101050723933536,16.860480003405332,15.071139724551102,15.748312498239171,15.659314172483922,14.834319940782104,15.195076558275003,14.598896658649108,14.182383506978175,15.12630446316563,15.359802027384724,14.172301325011851,14.890710773838872,15.369235006306663,16.065609870783746,14.147162328073842,15.954780875959191,15.10154452732567,16.205010167524414,15.265229295604765
1610555721.82zWeNZfGUUfRJkgnAwlP8VMhPzXctnSd4,14.300278423671122,15.110353329453657,14.07604873711718,13.78043945193636,14.62218977262796,14.667805023817728,14.994995204018167,14.20524951649913,14.549703964327552,15.141686612065689,14.76705436042819,0.0,16.889736776154912,14.470569799434728,15.09814934008803,13.748609502040157,16.199075644398285,13.329858476803174,14.928475118822313,14.248814843103055,9.832387800989682,12.476812286668535,14.709232245114702,14.064603281300704,14.983865031047047,14.948216082019671,14.158724556557134,11.95087035307289,14.509695943357547,15.2189573098497,15.361176734040997,15.775638985176503,15.887126354591242,14.839515009743732,12.624352058770617,13.539468463428497,14.03173500430315,14.663667218135728,14.643536156564748,15.050446641933927,13.982685242252435,13.741601179163055,14.836301189690614,13.609917728795088,15.189348420112436,14.969973057989625,14.912580224129483,14.717586970491318,14.868293657003587,15.99631184157039,11.32513527124835,14.322976031272605,15.839015205269712,14.880719663736125,14.25507088685364,14.992842000127368,15.026696919212997,12.505946923748569,12.751523377490802,15.059571682551388,15.387823282216512,16.679146214698893,14.721377863790782,16.106858513426495,14.572566600381213,16.27225175443436,15.41213792790444,15.451105068073813
1610555735.75bom85BDF0C7W2eIseHeMxi24qR68nzMi,13.455900536794726,16.947703125281947,13.631679086159227,16.877879848333876,14.258725031630002,15.545095252013843,15.218775453972233,13.813306946427517,14.29301403085905,8.973524892816883,17.809070667113726,16.889736776154912,0.0,14.62690984649192,17.149535558712305,16.23102639990915,18.290076471178942,17.606574166371978,15.492585105019746,13.075800007976541,16.97372404055484,17.867163437721665,14.59140000459683,13.607887950125379,16.39029560178352,15.432008430840696,13.927185354780233,16.827829681731032,16.653587052480436,15.487732238608988,15.58133826904717,15.401353824424756,6.687806657927737,15.341529057540328,16.53754095993398,17.142112768196228,15.87621605765583,15.319169714453798,16.709943656258144,16.28392540086967,16.428644155499175,17.94940782033431,16.705697933968093,16.715352006614804,17.481488537453743,17.70759692411588,16.48660635887474,15.31433315182408,11.892803750826557,15.602327631037978,16.254133101435688,15.665580009496823,16.168972727306627,17.748011078344863,15.501239117023548,15.621333384143865,16.827939962378455,16.08749695539598,16.146046753854954,16.38229532490128,17.599652126981816,18.858126831319765,13.027405471735175,18.07193909825709,13.407628990491174,18.285362391159566,14.65624815609937,17.546852219432555
1610555735.77NnT5xqKnwcf2BbjIekeb2arTQj6QMNwk,9.600205551152932,16.054710571947787,8.557370552456929,14.295482396107511,10.28742817532153,12.03745774180624,9.795241006687222,7.804789088485269,9.72177848455973,12.07322008168154,15.622733130512069,14.470569799434728,14.62690984649192,0.0,14.743951255216295,13.155632596857027,16.11892076989746,15.922061330616117,11.90538591481072,11.428091959912772,14.2532139365493,15.575817257865804,11.224260964480315,8.248176315119595,14.106059822804061,12.127310808024875,10.311283683821557,14.099245272175164,14.706016634790485,11.112595299672044,12.445136877088311,12.561127294862553,13.408936815885232,13.248005381288342,13.714308694751818,14.337329381494461,12.888591547619823,13.201182551199818,15.340431598897144,13.520660810925675,13.162184452708123,15.647523196640126,13.84357202096072,13.894213651342994,15.66057355062742,15.899344978252238,12.961923560771316,11.918195275152604,11.882628173947905,13.534510197133233,12.534575275995794,11.707045636865628,14.073462345290578,15.81093893281089,11.125640764254971,12.643200914451008,13.534975251510414,12.17715604960047,12.246564438989033,13.160898492665801,15.342295202015269,16.859903490201795,12.302806727421794,15.648904732342832,11.95480795081534,16.407424589669233,12.520128256874415,15.29602518303312
1610555638.33wjf1PhdNaoWfbRzXVn50hmFyB5bYAiLV,14.86913489148885,14.761149069049354,14.611781030233349,14.40741825766386,14.61449226650831,14.56543472318191,14.330681506376255,14.740019426195017,14.927520158731143,15.663727345172957,15.126770999871017,15.09814934008803,17.149535558712305,14.743951255216295,0.0,14.428868332278428,16.54395133925733,14.57124154258926,14.664693021190118,15.21373196653221,14.918389560345457,14.8141327475117,14.458147767346071,14.619737122347065,15.146957896441016,14.929967941501852,14.555628897742313,15.539945030499709,14.38435419224138,14.096102548123312,14.890388904848708,14.895164012010683,16.38820888600796,15.735054913634116,13.855498634969964,14.326656420167561,13.629208853342153,15.357473033548375,14.97813890744352,14.572001666975266,12.587810629439536,15.18072762527069,12.328493483339885,14.877494974065602,13.223440569460656,14.6134166864306,14.875239110345472,14.894502832210657,15.51830335485303,16.411858040927136,14.624658757552623,14.596622414293005,16.32704291354393,14.547020998052032,14.33517022011915,14.836164785512302,13.94240853108844,14.612207726234113,14.863017293124628,14.084888598148916,15.541064842736828,15.872337896969333,15.56681033777316,15.638854440763463,15.380253354271547,15.500066890793375,15.800530719591798,15.890597091980494
1610555606.65jCE4ig8Pu8kvAzkxnSGfWsV0nQBjCf8H,13.093242066973897,15.209160904435787,12.784637825291849,13.393612197337307,13.166998347070747,14.188547407241025,13.510393684888337,12.999142451237411,13.532870870682409,14.05861211041365,14.679123416508972,13.748609502040157,16.23102639990915,13.155632596857027,14.428868332278428,0.0,16.079059621701948,15.565650844822834,14.178609447463682,12.75576098327035,14.321788332913561,15.826244735649263,13.082102600391721,12.78141189973392,14.048391707973497,14.90791140535345,12.508232439647403,13.395416515591188,12.599110069237978,13.48112454894269,11.96790510305911,14.354903866472958,14.872215645019276,12.145861806774137,10.79790461733294,12.168938121055328,11.951807609799912,10.52249733945425,14.550238541573794,14.279814045060123,12.694272763310492,15.497180067788136,13.811605444979433,13.755627283202587,14.577883263900755,15.565016888645962,13.54901814322427,13.023734183495268,13.595623772995953,14.974542761262143,12.415174407013113,13.3341570721442,13.00845244329613,14.824734165992561,11.595059880522797,13.317572911926169,14.00917041028187,12.24590972876043,12.854450236721464,14.31424513001922,14.79634358982662,16.415084420974146,12.955637971991136,15.955169858751523,13.132953942347031,16.26814417714891,13.84377116183977,14.41800338991511
1610555608.18ONsBCVo1i7BrX0XG9stct4oiA6ejX9Oz,16.105136137173044,17.334101530715465,15.956358752947377,15.629630610437527,15.84822586246326,16.04103545776589,15.41736552967536,16.016781140508353,16.380090364050456,16.83334471150646,11.09779549939911,16.199075644398285,18.290076471178942,16.11892076989746,16.54395133925733,16.079059621701948,0.0,16.573684156969808,16.174411651802252,16.571481057308233,15.308640667898175,15.70660975052548,16.016412505286016,15.931855348468607,15.6932860568628,15.464485950633222,16.05381452944426,16.04127176640216,16.692407873694613,15.865226454201958,16.880654614690265,16.397921155967826,17.475467012420783,17.134214781162875,15.788790318808909,15.004931857573863,16.33456059660914,16.669791948242384,16.255675759401278,16.457006258878256,16.315512414209014,14.124789335840331,16.22187342933726,16.64406574691461,15.827420813074733,15.394788612822678,17.024333052451176,16.734595416698067,16.69009927837749,17.49163359145536,16.160448720669805,16.45131053983299,16.874508540824287,15.905632853502066,16.15232003230179,15.691284907144368,15.252027994289541,16.04096783719579,16.470467206038315,15.36728718749809,15.290554691329861,15.624874215281476,16.792221722172513,13.731739482068509,16.730961576166987,15.257892519160324,16.93146377545082,16.071207318038308
1610555721.51RNoQUMP19FTMS79BmA3JkgSm2IC2AQuQ,15.94521076668936,9.515550308055424,15.757888204004164,13.526100183825186,15.834849764051668,15.081439188718045,15.65637907777149,15.877611217452412,16.182791331604854,16.44400125638929,14.114686435327076,13.329858476803174,17.606574166371978,15.922061330616117,14.57124154258926,15.565650844822834,16.573684156969808,0.0,15.4019945525061,16.096450285923645,14.696111232699984,14.010423289510708,15.390443572995522,15.758373711745161,15.505042204765148,15.914624681382477,15.712219194079752,14.604412121717031,15.207284120788417,14.902542731287175,16.267669585586525,15.716823168726394,17.032296446800952,15.898651313408278,15.841827978102687,15.569215652591064,15.909490830654432,15.38541361976273,14.047041099298218,16.130076765796126,14.492435203677957,14.894770470663829,15.29265312330447,14.631432849263573,12.635643835142698,10.081102066600605,16.320771177019004,16.090528963725102,16.103187939687782,17.50677410611353,14.652767846673681,16.14219198992632,16.491873300734596,14.54327857962096,15.682536938540926,15.613443883729861,15.052809917004568,15.313591700820535,14.976610267641394,14.687490889369036,14.343577356991759,15.36956990745166,16.188216793539834,15.38870576974701,15.969991327404642,15.417515284917684,16.77758884884434,14.577188804260274
1610555971.86O0cHB2ibBJ8jxoObg01EpGe8VVV5mpwn,10.903612442124945,15.344723430520741,10.887313680872436,13.976010076404059,11.876299764724303,7.6959062296746135,11.876850896925427,11.349657897947829,10.741598652756837,13.43291080314437,15.129015450336414,14.928475118822313,15.492585105019746,11.90538591481072,14.664693021190118,14.178609447463682,16.174411651802252,15.4019945525061,0.0,12.747098765140107,14.823974090614993,14.811951681936204,12.49223613468468,11.060290772658252,14.738508366634578,10.373941798451973,11.523627695533266,14.443117007147848,15.226074268180879,11.04997743521745,13.816467207741582,12.120569232420513,14.52255335350891,14.199292476048846,14.384232132166828,14.662528085534444,14.127115560328779,14.283545769382854,15.184931337147798,13.586476917894506,14.180137594870674,15.316698233878505,14.587910495023968,13.597993591033259,14.950306906602306,15.215567859672335,13.864102324044193,12.744309893788179,13.30577710445226,14.318389327446955,13.15477250448056,12.151416484491763,14.80338333282121,15.694474275977601,12.893994451469887,13.244196518621607,14.48942636059899,13.655031245202796,12.99137916942227,11.833137895145379,14.873578516337483,16.522387496485468,13.557055291790645,14.957928800104991,13.400372588478207,16.074167079124475,13.448016664216865,14.934696012142386
1610556911.51zU3duZSGpcw1BDNsBLxdOCITAXwl6z3i,10.363351098483925,15.900452150157768,10.3205712602906,14.467356569526615,11.187594966540898,12.892219153126678,12.358853906342961,10.583417635672495,11.166004762402086,11.128110014256563,15.84044675473351,14.248814843103055,13.075800007976541,11.428091959912772,15.21373196653221,12.75576098327035,16.571481057308233,16.096450285923645,12.747098765140107,0.0,14.35743770283898,15.963988038106695,11.519148655087843,10.341229272279465,14.288592980475656,12.985913168871082,10.128919944441854,14.254536847438144,14.67447765999329,12.676790688494066,12.445880176367522,13.173303160926727,11.568984369673917,12.11172564374618,13.468733040909312,14.175745941109724,12.615850248954988,12.470157592161286,15.243352482657773,13.952180586811188,13.53180071646853,15.792461197612313,14.233402153319709,13.95275768654767,15.53269154633966,16.18375740961207,13.322770207703291,12.114884616864085,10.970249378742848,12.730411370073217,12.918192705712652,12.477521472013333,14.19755309452151,15.90468423193569,11.494096227397188,12.90320725453434,14.157770511663442,12.610467568412874,12.75550672717732,13.943924600224328,15.820964881192241,17.15657841820175,10.530372069747246,16.302215655697484,10.929408868042117,16.732860150618528,11.813548182850385,15.746057391333967
1610555988.71dMoYT8250UHHJGxgmITTmbHe7V6gH1yU,14.192199364343224,16.485325372132962,13.959830442194336,14.804221000201327,14.600517532761625,14.552357334660801,14.97340374680266,14.059609938191967,14.250954938512594,15.14514504818334,14.64219096963185,9.832387800989682,16.97372404055484,14.2532139365493,14.918389560345457,14.321788332913561,15.308640667898175,14.696111232699984,14.823974090614993,14.35743770283898,0.0,13.475404618196505,14.704535436508756,13.955748343191848,15.295753641153992,14.525473648887461,14.146405142377084,12.596336251624745,15.50935159832944,15.24750783688233,15.478361848995027,15.772702815649158,15.915448601423801,15.325612832443996,12.37725690264665,13.848873944646828,14.286429566658718,15.284010604579825,15.523068509794673,15.193846145772538,14.149746053206387,13.50617535684664,14.72595189320431,14.562571152136318,15.416578401904198,15.330755006340853,14.916008071412602,14.83308152027105,14.993044189863333,15.924919795812821,12.585978039579997,14.323845101796739,15.992833123072312,15.448217370243938,14.32588793223808,15.109595267316957,14.91222691433301,11.953741783237334,13.701692404315564,15.090359851806532,14.953861977501067,16.66238456159099,15.046259569068058,15.367414532560288,14.930876347322094,15.876069526672786,15.349235428467601,15.408294229235805
1610556042.81mlUZsSp7gbGjrp8jQSnybT1gPy6e62o1,15.726814819411167,15.41723827321639,15.441375220361005,15.035835759278806,15.225737136641934,14.587525879709213,14.747039799567808,15.59048822031674,15.795860655690799,16.459864151134397,14.709470943731295,12.476812286668535,17.867163437721665,15.575817257865804,14.8141327475117,15.826244735649263,15.70660975052548,14.010423289510708,14.811951681936204,15.963988038106695,13.475404618196505,0.0,14.892067328095017,15.455405720658238,15.373615905982112,14.902227299119616,15.456121114168157,13.687111335306799,15.76745904058601,14.049964941175794,16.661189966007875,14.784087733256047,17.086579210528427,16.20606958860577,14.933776885658599,15.018336290691698,15.77857540170697,16.004786131830503,15.602452151217737,15.6446630469285,15.384610693228055,13.582223107390755,15.686135557988312,15.10327840553972,14.752335763471603,14.486206014041606,16.220062284571853,15.982418665173357,16.15884082133117,16.96081581290355,14.24170813729638,15.337880960409052,16.89131217933114,15.268395848205625,15.78924281913311,15.153223275964711,15.209213377097537,14.41914623982137,14.836476568333449,13.046822644740972,13.885852067037636,15.669739547376917,16.160992740626778,14.119252684306195,16.06502031767388,14.4876788070336,16.491566096686956,14.386180365656202
1610555637.02UBW5nKvDyUrKnaWcYRGajZPxTRDS0q3N,10.713493618200937,15.105661756065798,10.475781485471598,14.177092273377268,9.430889151014057,12.063829479392991,11.068931950055726,10.82128873115152,11.217433347729969,12.17889930601073,15.08188106749391,14.709232245114702,14.59140000459683,11.224260964480315,14.458147767346071,13.082102600391721,16.016412505286016,15.390443572995522,12.49223613468468,11.519148655087843,14.704535436508756,14.892067328095017,0.0,10.551122590233179,12.635527434344088,12.252205613104184,9.407169137711026,14.215329809746791,14.443357680265237,9.834867617052435,12.086275021750483,10.241150817280218,13.24652337690902,12.719313261786114,13.639630543792405,14.303610361496661,12.847533341458146,12.230072741117304,14.146251741401342,13.565387131681815,13.163772616324174,15.651119696082564,13.49808095753311,13.963553476120493,14.949520330090227,15.09824587683595,12.972954499735945,12.175945175811153,11.86077174581125,13.055641411304377,12.914377768862675,11.624200927830536,13.857623567626282,15.237296943782123,11.516090060120819,9.353926246841057,12.832329957685616,12.891055912961049,12.61074891308111,11.683107107599389,14.949483834431135,16.46340653032858,12.232333547518355,15.195152591822563,11.946177637470347,15.829740944129776,12.495605758392525,14.923619070185252
1610555619.13oUYNikU4facCTpUSiSLr0vPI0tJLnXiT,5.604197157296144,15.72950747336322,4.578971259905866,14.035651751240875,9.750932812115881,11.729326654477191,10.496310055618618,4.507981397027052,8.559015837806,10.754832497312426,15.380896587633513,14.064603281300704,13.607887950125379,8.248176315119595,14.619737122347065,12.78141189973392,15.931855348468607,15.758373711745161,11.060290772658252,10.341229272279465,13.955748343191848,15.455405720658238,10.551122590233179,0.0,13.723477008920637,11.85809675530908,9.0727658469129,13.735505210814745,14.422212261001189,11.135429756444964,11.932742145300558,11.996146903616035,12.216520498942538,12.639557884005608,13.340248587840737,14.03878131922013,12.480997634499262,12.674092413737243,14.94857511309691,13.175172045206606,12.88586856198493,15.400786602233348,13.548453428206829,13.311740347635949,15.442632021864931,15.785621189898727,12.508261354734072,11.253518553026284,10.805377020662622,12.678786520985916,12.208224911967914,11.414886176689306,13.60109873664674,15.526504707847092,10.753979921526959,12.148699633960806,13.146727244251696,11.869670040584241,11.909236126117012,13.013236189059146,15.248561597032104,16.6395901983191,11.4138045194036,15.550174001812982,11.053189198487653,16.201796478060476,11.566020894461893,15.10597853502476
1610555721.03nzkucfjAUh31zTbmCVvTVYqtjoxZFnBh,13.859455126752014,15.027702816802464,13.709320719175382,15.223178628591299,13.389498029264209,14.46890690854711,14.016441863923404,13.850191595485022,14.32176441364367,14.51648916432751,14.810804185055717,14.983865031047047,16.39029560178352,14.106059822804061,15.146957896441016,14.048391707973497,15.6932860568628,15.505042204765148,14.738508366634578,14.288592980475656,15.295753641153992,15.373615905982112,12.635527434344088,13.723477008920637,0.0,14.71017069286205,13.71904725066002,15.001601738404979,14.945710304641135,13.464836723083817,14.679890481081012,13.756721105103773,15.353168164419605,15.054689926400867,14.650896871209197,14.505509923566803,14.581350094197447,13.64001062921345,13.065451068272418,14.722551885930432,15.173401984776918,15.662381723367,14.433427567202319,15.453820860370062,14.763680900630714,13.87059988580656,14.622728713525733,13.926790971920218,14.245307326872352,15.56080778470561,14.444903932811648,14.002225520762428,15.001278272207609,15.621556693990001,14.300857945214908,11.12742248458462,12.87866984958475,14.663369435515687,14.35724218392857,12.051814315957222,15.017572426469693,16.61966213874426,14.546996402279309,15.080590096981568,14.272319061304136,16.185415747600697,14.812241115163442,15.435612709784479
1610555722.67fhKURdXVzRbLIjXmjRwdJHTnE7PWb1AE,12.090867105130435,16.373454573208733,11.908184244713665,14.879019507098688,12.290536615399187,8.071854695796192,11.792562394120218,12.01499567485188,12.019170116384178,13.493527924268221,15.16526038780761,14.948216082019671,15.432008430840696,12.127310808024875,14.929967941501852,14.90791140535345,15.464485950633222,15.914624681382477,10.373941798451973,12.985913168871082,14.525473648887461,14.902227299119616,12.252205613104184,11.85809675530908,14.71017069286205,0.0,12.12723481540614,14.876564782653078,15.415900970456464,12.210527720191399,14.423792430972076,12.739115963948718,14.472128105026387,14.74202523473423,14.78705202767312,14.483980254111554,14.706152478759599,14.845666828448257,15.489079421727693,14.162391504217753,14.83902240875723,15.030949189531594,15.005666576838188,14.47826965854858,15.622829803709413,15.40283634269905,14.220815297232575,13.346635484571358,13.541001223464765,14.548919185089462,13.722847322083348,12.901411609092916,15.196530144353863,15.978485011512308,13.538701702272428,12.82233677994617,14.813756291754672,14.13716385253947,13.649519846682283,12.15447853686992,14.92075862737855,16.827748135536652,13.892109701149549,14.342507134110788,13.749434954922517,15.972528277452048,13.797705234791037,15.39377540309992
1610555638.39J2ZWBLuLTHP0jOlzB4tNHmYeijH5g5YJ,9.018151957343454,15.618914167123169,8.894156318235702,13.840713456259195,9.531136713157558,11.885250490181061,11.124623442135585,9.37145895089481,9.775232945808591,11.163856847659295,15.343214420636723,14.158724556557134,13.927185354780233,10.311283683821557,14.555628897742313,12.508232439647403,16.05381452944426,15.712219194079752,11.523627695533266,10.128919944441854,14.146405142377084,15.456121114168157,9.407169137711026,9.0727658469129,13.71904725066002,12.12723481540614,0.0,13.898371400862343,14.362742992238479,11.362973272408048,11.392734254243972,11.811009221888154,12.456392794344966,12.17355891071296,13.161195865453482,13.858973963845676,12.269486370434935,12.500346150289618,14.884354213480973,13.079781293003887,12.825120098821172,15.390485975596587,13.400518955384994,13.62438947799563,15.2927247963072,15.73862869844522,12.41290097823017,11.223456441754323,10.810841888308367,11.201753139677264,12.30648988687748,11.067358788144109,13.557294859877556,15.413425192720673,10.770456954305457,11.816904191408465,13.409402679739783,12.169873804022762,12.017593864664631,12.979437950180081,15.243484460936605,16.557855938031068,11.135343978810909,15.64111250707337,10.708112472891836,16.232638906996133,10.224887532548669,15.10235779589089
1610556032.17Q6yCDx9g7alRnL9jBFXD2JhhUyB2hKfJ,14.026649026471594,14.88071510285829,13.730131895681666,13.451480356400756,14.156060871370146,14.30170955228292,14.16425446989314,13.88594948791013,14.336478997972605,15.015108079287037,14.653653959681757,11.95087035307289,16.827829681731032,14.099245272175164,15.539945030499709,13.395416515591188,16.04127176640216,14.604412121717031,14.443117007147848,14.254536847438144,12.596336251624745,13.687111335306799,14.215329809746791,13.735505210814745,15.001601738404979,14.876564782653078,13.898371400862343,0.0,14.347976769588897,14.51967661129744,15.059290759837802,15.162570009524822,15.79073831148733,13.723151939159607,13.706780855601101,13.924212471955114,14.188628243645221,13.723161710487082,14.570557799763868,14.43440989128016,14.304562727408378,13.477090478471712,14.64664536082473,12.55993947586168,15.441271029553688,14.511447349860935,14.849979875151245,14.578255066437764,14.735821077417137,15.713371397394946,12.366203636269983,14.248030462505413,14.964141313995023,15.078416978661432,14.190361886995534,14.640151164852897,14.626963221934888,11.96348337832242,12.189462770269056,14.63325778404665,14.33056738326453,16.40141134034984,14.550806467046352,15.349956266594816,14.40905663938209,15.807918628570913,15.1273066602978,14.069637646535588
