,1610555604.25mOvVXuL01OCiReyVWBfesjuvXmB3MoPy,1610555605.43B6oDsBtWRQ29Q9UMQuTUEPZy3FSSWXzc,1610555610.92HPGJJSmyPM40z7otPBgHalNrHFA7zk5d,1610555606.68LaSQbm9EHAFycEfFtEqAwYqlBsQPjIRW,1610555617.19EKxMEwDHfXiEJZc27TsGoERaD6Da4BZU,1610555722.52PJ3FD50MGhRXyUD28vluU8Z9UjLJLZn4,1610555617.52Ijr5puT55g9apK8auM7zaxa3NANg502t,1610555638.77ZLjTLkz4jYJdFMI2wWBztzsDILkoOtAk,1610556912.46C7tJPLF0XfNnm8f1820X9aLmXMHoc0Dw,1610555617.51LjzIROg0aeCP2GhDcAVQ0LipKJB9jmKc,1610555608.17OpjjHobqRkX0UPcaXrbu7K6L3805SZri,1610555721.82zWeNZfGUUfRJkgnAwlP8VMhPzXctnSd4,1610555735.75bom85BDF0C7W2eIseHeMxi24qR68nzMi,1610555735.77NnT5xqKnwcf2BbjIekeb2arTQj6QMNwk,1610555638.33wjf1PhdNaoWfbRzXVn50hmFyB5bYAiLV,1610555606.65jCE4ig8Pu8kvAzkxnSGfWsV0nQBjCf8H,1610555608.18ONsBCVo1i7BrX0XG9stct4oiA6ejX9Oz,1610555721.51RNoQUMP19FTMS79BmA3JkgSm2IC2AQuQ,1610555971.86O0cHB2ibBJ8jxoObg01EpGe8VVV5mpwn,1610556911.51zU3duZSGpcw1BDNsBLxdOCITAXwl6z3i,1610555988.71dMoYT8250UHHJGxgmITTmbHe7V6gH1yU,1610556042.81mlUZsSp7gbGjrp8jQSnybT1gPy6e62o1,1610555637.02UBW5nKvDyUrKnaWcYRGajZPxTRDS0q3N,1610555619.13oUYNikU4facCTpUSiSLr0vPI0tJLnXiT,1610555721.03nzkucfjAUh31zTbmCVvTVYqtjoxZFnBh,1610555722.67fhKURdXVzRbLIjXmjRwdJHTnE7PWb1AE,1610555638.39J2ZWBLuLTHP0jOlzB4tNHmYeijH5g5YJ,1610556032.17Q6yCDx9g7alRnL9jBFXD2JhhUyB2hKfJ,1610557007.49MyVgDnuUuBxrvL6SGOdhKf69VYlW1MSm,1610555638.44hjT5hbYdKoE3MB6hijrjqbjmLgvCUYKD,1610555608.13zUvmFSCRt6SsLbhqFznMEvGx54GPGQzM,1610556038.62a5C4ynd1AARyAhTv8a58NCqHvXRjscqH,1610555644.45Xse8u7pusHNsd7F3d0A32HXvXr6weOJE,1610556038.62gKXOCG7XCn55eJvyl5voNjbwOW0znQDq,1610555987.13v0oleKK97pkesp6oMgprH8SoSdoDVdIO,1610556964.96ZLLeiQW0qpmxhPGTg7K03fmzkqsC2bjC,1610555987.13VQlEedQ50VvkPMEMzZDv3KNnQCewykN9,1610555982.186TY6MMGkDecIN1woW6vsfAMXVV7jnyjO,1610555982.673LuMndkwkvdmZOn0MmE2Pkidx0FtNalb,1610555733.38zItcuH7gHNfKdALR2d9Nek6bxCyw36Vm,1610556034.15BQxSbZINGCay0yp6RBVlgcPrw76Yn9ON,1610555639.37BPZpgtGml8qUsh9AdV4m32jPLfI2aNFq,1610556965.57S0adAalhWYe6K3bkZU0bRHbqnDK8gGkR,1610555983.54zteLPCMjyrjzPdhHhlZr3faCgD0TfYr3,1610555987.79rHnNRmt9a0ufmnwCvZqBouyUoZDNpylW,1610556960.041xWER61rmArlsKfiMl4frikWmUCnQ7op,1610556035.13a7NHZDutfTMJ88qle1gTYY59Dr4WmMsj,1610556890.456ZBDaY16bMtrTZTqAgHl3wq1tRxzqDow,1610555760.24e6890pkbyZ97Or6croI1rQgjkSsR0yVt,1610556043.02YpWMIJg3W004iqlPyv8OcVAZdSC5rNYw,1610555987.03z05P26TLtONYM1HSzupoc2CeNMa6HTqr,1610556032.15OYCzUxpsz7b10AXBAuDXrvEcvxFhf0M7,1610556032.63Z80yI9pNwS3jSmsDABbuhf8wkNa2Ze9y,1610555736.28eGuESasTXdR3SqY6pHhEXWZtcdciYLCO,1610556034.61bebeZA0MkaFG2sm3VKiqrxeqQginTTW0,1610556944.5XwXOphKYT3ZkWA8gViqOS97VHVuMVUqb,1610556944.745UVLFBzf7fPh4UH37I6tYQOFPqRDytEh,1610556034.63XsUwaFaPZevO1JNFjfhvY4aKNFnV4noV,1610556964.89xwBHw9faT1HjQRMNQEyA4qJ3hWkwgj3k,1610556966.74DydzH91jtyvRyYau47JpVkZoMRSNTt01,1610555740.77UueVziDbaXyRR4OcVJIIZyzOfAzN51bj,1610556046.84e3vwjyRCzqz0wJQhrk8zsxlFfFSv98Df,1610556137.99eoPuVrDThKAOvmeprLPb2FWRqIhzUodc,1610555740.73XFwSrmTXJPlaxGZSefh0jOVA8PI3III1,1610556123.88AOfNaz9jSnqU5Czc7okOv1RCrYfKFBTo,1610556046.85nB7NvyoYQeLcOV391Lmmut1wAM8CFGLw,1610556123.89H4pdIAzDthI7bMXMhlIhKUYIQIvtmPPQ,1610555740.87GOYQUJKpkynIS2lFqppYK4b32ol7NeGh
1610555604.25mOvVXuL01OCiReyVWBfesjuvXmB3MoPy,0.0,2.711905329615126,0.6218356570098663,2.6914107791021324,1.6658994032638528,2.371030085094941,1.884168315335059,0.8150368297025379,1.16975953209204,1.4845933947340952,3.409699296517084,2.865054853312213,1.5883487258056899,1.5512399398702295,3.085012056735728,2.3625679208482806,3.9328384249294635,3.1924582321084456,2.0538019817962363,1.9700418552929415,2.9770467836722463,3.563762151462605,1.9035756675066526,0.6375744927463186,2.6261964993344296,2.307083468747462,1.6817555941036382,3.1070323675113576,2.6531953338109417,2.130676899140283,2.0243070915226755,2.322808635887717,1.3830082085438686,2.508672988023973,2.6853573725827395,2.9994697478678076,2.574779672104948,2.3393939564549204,2.783162263662,2.754870995058322,2.8493598331629215,3.7320383353894595,2.7820297586051264,2.6238163866502555,3.09943060032843,3.141302853132462,2.646605728720949,2.0397879093536857,2.080062531919603,2.8472897989359263,2.5671856098373307,2.2539165533279544,2.719230048698583,3.6849744156942643,2.0145843090885935,2.350295872921565,2.701296798717555,2.8118636748150574,2.325192642165687,2.6488158016896586,3.567799748520479,4.084029150354454,2.664690893272653,3.7344143325480705,2.2148225185361916,3.950263143412374,2.4844373623180442,3.313445787090209
1610555605.43B6oDsBtWRQ29Q9UMQuTUEPZy3FSSWXzc,2.711905329615126,0.0,2.7230303459759413,1.8505514801555152,2.49747697502476,2.5352485988401194,2.269706283435685,2.6988635007885238,2.5883090465570944,2.17202876168039,2.2795376825292957,2.156474150231295,2.2491249543014793,2.651590208285486,2.539688489131575,2.4764548793704275,2.6539092940883906,1.4929977355526403,2.5235862075197075,2.0720858130994317,2.3004234291074455,2.526529460446562,2.552785287885323,2.6875253075441448,2.390344654379889,2.485818257712264,2.412034051683089,2.3630532327292304,2.343115815882933,2.221334184582917,2.5060655048615157,2.3032781285372996,2.3176847128142106,2.332817667914564,2.4006258314766336,2.7814113148477055,2.4327392144859856,2.3764590084170845,1.9781270197213467,2.6231227808367032,2.1570637759738966,2.8781476240284323,2.4247472678435393,2.219876822671938,1.8464917311716418,1.4195721876937735,2.868804128808169,2.9165879569621453,2.0243922698488337,2.380755626359521,2.390774858940584,2.8101858699186106,2.6729745564593967,2.6225870336591615,2.483049799139087,2.5730761688624675,2.33320108210598,2.19311378891028,2.5028147172866912,2.524051397126596,2.5645008374947253,2.7950788889290017,2.1143205573488415,2.851438880079045,2.1569169516281135,2.868624332558893,2.332660056521969,2.4223564388175816
1610555610.92HPGJJSmyPM40z7otPBgHalNrHFA7zk5d,0.6218356570098663,2.7230303459759413,0.0,2.7123946280402906,1.6388461072723906,2.4271484970952857,1.8502415500629272,0.8266830459690712,1.2887541895809969,1.4611347648838666,3.4619747404287304,2.9755871951025643,1.6058686843311696,1.5237693737981817,3.17501381959064,2.36974368330743,3.983368982653594,3.232973226338326,2.1123770488423297,2.0001698512303445,3.068240780962134,3.6582664547885915,1.8631700192913743,0.6535106446343867,2.6835057789155785,2.3694638260451493,1.640137511734109,3.167643191485072,2.661022170890989,2.0873119367092965,2.0084398819195495,2.355055988218264,1.3665352571471387,2.5072775407169177,2.75496636361797,3.091153898936952,2.605620179927577,2.3297923098944486,2.812859504287066,2.847146062746001,2.8534601400361006,3.8460891497844454,2.8346084689415503,2.69241650946111,3.12912790735659,3.1763257729252232,2.6827557241354962,2.1191006683568565,2.07110083229428,2.901560575965597,2.6770720255354044,2.3553845090444963,2.7110970110348727,3.7174995581406614,1.997620323059956,2.4085011189740246,2.7674961993306963,2.845253828296642,2.4359521987835424,2.717083729311692,3.641493703600394,4.109265850015216,2.699362020497584,3.8063527814438376,2.224577955270353,4.047473789135445,2.5287650955974788,3.3854423317144993
1610555606.68LaSQbm9EHAFycEfFtEqAwYqlBsQPjIRW,2.6914107791021324,1.8505514801555152,2.7123946280402906,0.0,2.496482498598253,2.488713662362289,2.2840067436872213,2.6817004809019083,2.577781341700775,2.272571447141659,2.0362551743931,2.113958851449644,2.2288356791559,2.682277304980041,2.7201640060806036,2.4663421689442075,2.46623221212763,2.2677758812184634,2.401056682984505,2.1855512886371637,2.3452759822128613,2.604101889973927,2.7005192909815703,2.686214271134382,2.5449634023478938,2.4041493879055382,2.3840236205777314,2.3227271735887234,2.3302260685258402,2.3569130327385435,2.4564182965891566,2.380170999396997,2.36102339380165,2.3995687585261196,2.2778339828069933,2.596381906752018,2.3753367562232093,2.406650618962344,1.920157924393301,2.7225728648213674,2.107244471599589,2.7047423905634465,2.3740188419321826,1.9483389094003896,2.218273465026998,2.2536887723540526,2.909392013786466,2.847484547549912,2.1122134652357376,2.2973496144678007,2.405970133539876,2.847170704344875,2.7729892540652497,2.376542628057559,2.405269533447657,2.697442166351177,2.498603353259246,2.2490481686926964,2.5754274806950614,2.55663117174148,2.6858129129171786,2.8989878518348635,2.107615676504972,2.9092074434192203,2.1367992297893266,2.944306578705444,2.283192318492379,2.555861623684483
1610555617.19EKxMEwDHfXiEJZc27TsGoERaD6Da4BZU,1.6658994032638528,2.49747697502476,1.6388461072723906,2.496482498598253,0.0,2.37089295884684,1.4433620258924573,1.6084491126507958,1.4680422374414022,1.549503564016042,3.002543598225159,2.648996151131631,1.5603116812529583,1.7459878762018841,2.934928486019789,2.254220359815705,3.447332100963954,2.837496608348221,2.1996912572895684,1.9310009491922062,2.7362891849528537,3.1538435862940877,1.5053207473630859,1.5994035041440315,2.2535638676540244,2.2295052905912214,1.2529594769074457,2.852069818127912,2.4795480002782755,1.7870826605675474,1.9095365814341645,1.8517758706035132,1.5634322414831074,2.4426822003547843,2.567052788320116,2.7188797080934113,2.487849092817886,2.2580841309582302,2.533312483738157,2.6831115733545525,2.5105089809526007,3.4219373020117945,2.4715115082856745,2.5412436607294175,2.764346955828382,2.8377373439826314,2.589054978810587,2.406033715337644,2.0265766226429873,2.390138987189284,2.6170251928356483,2.154114095029997,2.511637035753068,3.3148094800639605,2.120365290849173,2.0501514890407955,2.383764914462245,2.6895333708868967,2.4328375240337325,2.326958160397602,3.0619979609927057,3.612906540536663,2.398151069844611,3.2867592804144543,2.0503718508317843,3.557738437226365,2.016592982863306,2.847149036101998
1610555722.52PJ3FD50MGhRXyUD28vluU8Z9UjLJLZn4,2.371030085094941,2.5352485988401194,2.4271484970952857,2.488713662362289,2.37089295884684,0.0,2.1922212072379774,2.4031716709789865,2.2751233927683003,2.2078717235774787,2.77573225176606,2.636862622638187,2.0285944127289866,2.3773345597925517,2.930929046814582,2.820202816646648,3.1506852018658624,2.8132244073880064,1.2464435291209954,2.4531777596878963,2.6933117742155543,2.81989599688821,2.474679575351366,2.3576660674127123,2.5362921071588413,1.149261779640109,2.3741525838446473,2.8725145929888685,2.833418870276287,2.085160467762708,2.518567496656325,2.0186252098589073,2.248768323700091,3.0547290056630034,2.845552236280841,2.8625116567516384,2.848889251434752,2.9228633571417326,2.544909144255081,2.5159566179539516,2.9218130580511192,3.153159578178439,2.7903301457274567,2.5427783706527376,2.722072757748292,2.5721300361457553,2.830796133619679,2.370478485063992,2.591850700875943,2.5928538318278185,2.563681986109909,2.406338269359073,2.779217168682978,3.1920315086620406,2.668789618148663,2.3544612860769,2.685184194983154,2.782022162248398,2.414384879178067,2.115294030586587,3.1253816868545394,3.3262255672517766,2.904728645919882,2.8821483189166845,2.720300809198924,3.225267357837033,2.357912028699065,3.030997744988434
1610555617.52Ijr5puT55g9apK8auM7zaxa3NANg502t,1.884168315335059,2.269706283435685,1.8502415500629272,2.2840067436872213,1.4433620258924573,2.1922212072379774,0.0,1.693716021467836,1.7996638688787905,1.6271758366237954,2.821279456106816,2.6657034595418683,1.6512430735520487,1.5814888266252711,2.725133251263634,2.4247285091504676,3.191751970361586,2.7329893030304198,2.0449413900205538,1.9920434272952927,2.709901894952877,3.0516343307449145,1.9665851037961313,1.741341567056237,2.4102746834801643,1.9439796269004856,1.751013444863065,2.790635086520866,2.2567658804792727,1.41523740610211,2.072879868037932,1.7464591617906238,1.759235375180172,2.575448838970179,2.577400924328475,2.6480055427071405,2.5560801306149914,2.380655787803924,2.381078455357635,2.6805602944441165,2.516652493568695,3.288164473826495,2.4995641945500684,2.3563258782265306,2.52902794419996,2.6056462701421745,2.8220875465101125,2.655364760266051,2.092889120323942,2.463741681517719,2.588629937286774,2.4628897502237286,2.4645931893421733,3.0067088153603616,2.273151730938183,2.2325242371897205,2.3528425785517517,2.5937191288671158,2.44280753921622,2.1046543816015904,2.997167094459522,3.445188733366069,2.4347884778767894,3.0808196264511114,2.1567160230679434,3.3430868131715967,2.0668881372377523,2.754338998271764
1610555638.77ZLjTLkz4jYJdFMI2wWBztzsDILkoOtAk,0.8150368297025379,2.6988635007885238,0.8266830459690712,2.6817004809019083,1.6084491126507958,2.4031716709789865,1.693716021467836,0.0,1.2096887024289815,1.5230800864104639,3.386319414008357,2.9020226107548552,1.6087422999779335,1.2842303839432,3.0590148546582947,2.4149516837762133,3.896090170508627,3.1414032144176365,2.100279141475972,2.051400837287863,3.004140128534871,3.5533067327242827,1.9299903417537443,0.560741661131737,2.6453481446945615,2.304723024061768,1.6872624696617453,3.1189824091052643,2.5776986955693415,2.0603696274549264,2.0484684785132465,2.3267912728931237,1.4723891714779433,2.5799721949094185,2.764850511512589,2.956356240062083,2.6515310530899083,2.381250568443899,2.754550419306509,2.786885624939944,2.8449094788362754,3.706380805512589,2.741834891036604,2.588722829507532,3.0577913824200005,3.112881743309682,2.6993998387696765,2.1539337646975936,2.1456666605158174,2.855773869407939,2.5993836631720595,2.3298226385821437,2.6812856655959663,3.6455893902813847,2.1035486718232894,2.364550328447632,2.6834105401651227,2.877735444560465,2.367069925129285,2.600110593583606,3.5459411742393394,4.03480394471096,2.706929405520696,3.675441326887888,2.2731943162526127,3.8991932222139507,2.449802833945417,3.281951675331707
1610556912.46C7tJPLF0XfNnm8f1820X9aLmXMHoc0Dw,1.16975953209204,2.5883090465570944,1.2887541895809969,2.577781341700775,1.4680422374414022,2.2751233927683003,1.7996638688787905,1.2096887024289815,0.0,1.527318021144076,3.2073982244420494,2.6055907616746903,1.550477132138933,1.5220414399047886,2.809932549853032,2.324827140777755,3.7066151529402647,2.910321724719235,1.992800651988788,1.9364843695541476,2.727992409424089,3.2701084810494376,1.9461626135666132,1.1521213746387526,2.4508167762963717,2.1336678416084665,1.741914701100214,2.9093698387221387,2.5591167823693493,2.087720222912587,2.0596619680925534,2.2229100961312644,1.4805952913934772,2.5428847937269263,2.5985919305780256,2.775006638392358,2.515778176534695,2.361130738118587,2.6481842437749563,2.595910040657803,2.70947829511055,3.4368948843406986,2.532061837047578,2.4307663186479194,2.9155901440163925,2.9569357788117614,2.570734699515951,1.9698714284963048,2.0834154638254887,2.677253711202094,2.3966095426844314,2.1833177408551863,2.640727395759929,3.527650568142103,2.0804364569657374,2.2716618267947273,2.467184612675283,2.709172856584178,2.1987493476679028,2.456185644902258,3.2641506299442553,3.8756820787518387,2.5803685717474814,3.4663205007565066,2.218693168565776,3.6413370175425768,2.298139742153837,3.0252295670649514
1610555617.51LjzIROg0aeCP2GhDcAVQ0LipKJB9jmKc,1.4845933947340952,2.17202876168039,1.4611347648838666,2.272571447141659,1.549503564016042,2.2078717235774787,1.6271758366237954,1.5230800864104639,1.527318021144076,0.0,2.922573330222571,2.4267488418569148,1.0424240395551512,1.8035013658106838,2.7613642818086137,2.047961351127612,3.372436931715179,2.6821753150525702,2.1101134325649045,1.573304001778776,2.5033872148671916,3.0957716123752803,1.671532248621249,1.4567302146880665,2.246814879624358,2.0890680089563483,1.4637264735298392,2.7061121558681753,2.259562838764473,1.7639271586765728,1.7083719530679742,1.953757634174255,0.768256411291113,2.2222774421723743,2.3130781116547396,2.6679446954887336,2.2487103343506174,2.0232157252506906,2.325908478400763,2.576320027028178,2.4011562825305317,3.369349544905017,2.4081035901940906,2.2961748462943903,2.6116123703872445,2.625056742196553,2.3982892702140375,2.1526178918818673,1.4112465099144929,2.3521728998261175,2.278068770852767,2.218805031103874,2.371097182633437,3.1894083453556523,1.8346923161413284,2.137821212954251,2.3587961667098964,2.255386011040008,2.195270742759081,2.3612891864163807,3.096495795978187,3.5706388554119814,2.112284596754359,3.3227817393455226,1.7061532913484285,3.5317573119943733,2.0183246729245905,2.915878810836116
1610555608.17OpjjHobqRkX0UPcaXrbu7K6L3805SZri,3.409699296517084,2.2795376825292957,3.4619747404287304,2.0362551743931,3.002543598225159,2.77573225176606,2.821279456106816,3.386319414008357,3.2073982244420494,2.922573330222571,0.0,2.147801743174667,2.7429783840382997,3.222359986398635,2.826961761475777,2.779110933998798,1.6369143028134727,2.387767460285192,2.9424807359420915,2.6635131940561907,2.2946707337480374,2.354729929058457,3.139721724490189,3.3939946173089677,2.447898209456928,2.7083457630679963,3.017496372760484,2.384583505307176,2.6394386432588637,2.860293615992992,3.0604934802570423,2.6178694596418532,3.026053791134739,2.8851454634015594,2.4616898797948954,2.5309096816000842,2.605316233659075,3.0060516734486558,2.4316063361520373,2.9393853419006812,2.5354198130973447,2.0742117801365825,2.5133575294106243,2.5561318326854887,2.2857832434672725,2.099908899647355,3.0721448627297026,3.273376853304466,2.824527089307043,2.123622023837241,2.928377282036501,3.100247001110794,2.8619778910841616,2.309563550058906,3.0300263537581946,2.7033655133179795,2.5532479208242993,2.447211106217094,3.142456191902271,2.59185352495309,2.5201024372315266,2.228765224761421,2.5757988050944975,2.324655358374989,2.798038834688783,2.3095445637517615,2.410869222527654,2.526624753865654
1610555721.82zWeNZfGUUfRJkgnAwlP8VMhPzXctnSd4,2.865054853312213,2.156474150231295,2.9755871951025643,2.113958851449644,2.648996151131631,2.636862622638187,2.6657034595418683,2.9020226107548552,2.6055907616746903,2.4267488418569148,2.147801743174667,0.0,2.3510242843137195,2.851088274169588,2.514248707772087,2.290998169975454,2.42729889544746,2.1040513596391452,2.731047017059621,2.0272105411199277,1.2475089961415717,1.8948264785056759,2.8746934184343296,2.8899937543115124,2.204220372315235,2.512592698772367,2.6795673815769225,1.8932015330867582,2.357249327112485,2.8035410327188344,2.6961904080065384,2.437319896147143,2.5185913341573696,2.539157018811931,1.9804417578266007,2.075064032061919,2.3418771119196706,2.514460378267717,2.073490271460726,2.760908862774849,2.359583265765184,2.15576485739401,2.2882947938545484,2.0449790325606854,2.2723572742104126,2.2060926941649135,2.6504670568236333,2.775081635622643,2.378714235917015,1.9920956171079542,1.9380655287335582,2.75794748898629,2.7365758473453856,2.4502463914610484,2.654614805142669,2.5072935005928625,2.2422718401139936,1.8059447443160863,2.5143090483438635,2.5393419986382955,2.3714607894729056,2.735534085656698,2.0752375944520796,2.5432234056829044,2.291284747664821,2.561008175334249,2.1508375983916763,2.3642241259365666
1610555735.75bom85BDF0C7W2eIseHeMxi24qR68nzMi,1.5883487258056899,2.2491249543014793,1.6058686843311696,2.2288356791559,1.5603116812529583,2.0285944127289866,1.6512430735520487,1.6087422999779335,1.550477132138933,1.0424240395551512,2.7429783840382997,2.3510242843137195,0.0,1.7666100110850675,2.7273926658715237,2.093731791619535,3.1824196630097945,2.6407329757531834,1.9815874267643734,1.679951900276292,2.4366724960795105,2.8960757880144232,1.7600311191722406,1.5628940165712772,2.141208981785661,1.9226477706939753,1.5724642176065442,2.618385964162305,2.2654964358733163,1.7685819499834208,1.8608476229568962,1.8552558712314724,0.757495852013774,2.2678288399394257,2.296993113736293,2.5113926535242133,2.2562299047487095,2.1012814486731535,2.298262170635302,2.5145551989326127,2.4423326421313747,3.126204224941152,2.363231454723978,2.259795793267266,2.5028476475988657,2.551479554923936,2.3579157352059785,2.0356614431087094,1.817573227414971,2.2114887337261933,2.3320335990820587,2.115926253801558,2.422683677438214,3.0372490721406558,1.9625411731601805,2.005235017332312,2.2980010551246326,2.300285527856236,2.2291806077070557,2.164779811387482,2.949698832484862,3.3737412946781573,2.192650377203876,3.082942062535182,1.9200603427901697,3.3077399024742,1.9173318882875736,2.7836396547464535
1610555735.77NnT5xqKnwcf2BbjIekeb2arTQj6QMNwk,1.5512399398702295,2.651590208285486,1.5237693737981817,2.682277304980041,1.7459878762018841,2.3773345597925517,1.5814888266252711,1.2842303839432,1.5220414399047886,1.8035013658106838,3.222359986398635,2.851088274169588,1.7666100110850675,0.0,2.8437311712114672,2.593106095576949,3.666226308798283,2.909063532884085,2.1271223463794504,2.2041638299963138,2.9388328411251856,3.236260039989,2.152527943867929,1.3121272014846224,2.5586482818973173,2.2567436726739007,1.971492521060266,3.063783604367696,2.5633488823402564,2.005025434815186,2.2994621644439106,2.2950602777850873,1.8117630130112385,2.8268942795528034,2.8852388573917622,2.8673554782944985,2.7140652614835075,2.599409104041218,2.72524757020673,2.833760798974463,2.8692826233453297,3.556790077592843,2.7662667052107612,2.559394691656759,2.825794786982628,2.8756116681027333,2.8434138391515464,2.4089676701740816,2.3448414595107616,2.763513490673222,2.6157630774152216,2.360350227814443,2.797235233468969,3.5114534090569474,2.3975385951735735,2.34680404199659,2.523903897055902,2.9590383616561287,2.3851024184480054,2.4274975181948095,3.3439642940346226,3.8383904595179437,2.8103978036967083,3.416334189749404,2.4600237459050835,3.6417800766799657,2.40367977262004,3.1032625988228184
1610555638.33wjf1PhdNaoWfbRzXVn50hmFyB5bYAiLV,3.085012056735728,2.539688489131575,3.17501381959064,2.7201640060806036,2.934928486019789,2.930929046814582,2.725133251263634,3.0590148546582947,2.809932549853032,2.7613642818086137,2.826961761475777,2.514248707772087,2.7273926658715237,2.8437311712114672,0.0,2.7783248986386315,3.0644782809154663,2.6553337586620893,2.89167742315442,2.6602151778257,2.564732952982107,2.8530035589144283,3.116171703641784,3.0523505313904944,2.7482830066406043,2.7827981789894087,3.011608870723125,2.9703716347310576,2.633408424663824,2.877281686325524,2.86037346144531,2.736567778594198,2.8750842493119606,3.234879633756695,2.5131819956096226,2.7029559951626725,2.6577240255043124,3.167088389696854,2.6561117038861752,3.023885367498393,2.4399962064653953,3.038150723112673,2.3974733105238926,2.662786317070701,2.381596536149442,2.693097223547487,3.0263517303362906,3.0490654284513155,2.8527350433502248,2.7387050669512893,2.8804706521284364,3.0276756898231305,3.299597046289926,2.909405209352984,2.8816497482415335,2.9828341266923357,2.41429186908669,2.7217618150298466,3.027281320269511,2.8683393970661104,3.0910299600684112,3.2777906616801338,2.8506682566182984,3.079555796695799,2.9297790084890627,3.0460217743201525,2.713851139335834,3.0601222799127736
1610555606.65jCE4ig8Pu8kvAzkxnSGfWsV0nQBjCf8H,2.3625679208482806,2.4764548793704275,2.36974368330743,2.4663421689442075,2.254220359815705,2.820202816646648,2.4247285091504676,2.4149516837762133,2.324827140777755,2.047961351127612,2.779110933998798,2.290998169975454,2.093731791619535,2.593106095576949,2.7783248986386315,0.0,3.1236225816754897,2.826531427785476,2.7648004528256815,1.834089706664511,2.427964868807309,3.061554192278974,2.5253464516119117,2.3674209782057782,2.455896402743365,2.718243561091664,2.229703738637446,2.4194359490351447,2.2472625385142555,2.5988098897534777,2.27108939482926,2.508365080417533,2.079921508449988,1.9344090737563737,1.8037197892718513,2.3957207536594742,2.227924327772534,2.01859010105556,2.49689065820009,3.0318904993751703,2.350980405280899,3.144886874770307,2.62401064421045,2.5739574758138337,2.7538466761094584,2.8033584358142973,2.622860796193091,2.6250980278114637,2.303633452614857,2.277482698159533,2.463692471066131,2.7335041789899375,2.410979420327852,3.027339273472614,2.1903843831540444,2.5538656169539946,2.557177811604715,2.154797551381004,2.6527727377100603,2.807715853631691,2.884881317532638,3.252288958211867,2.102335304512296,3.0960513283271323,2.230032997996146,3.216756056005062,2.2292597618245877,2.6362470499788597
1610555608.18ONsBCVo1i7BrX0XG9stct4oiA6ejX9Oz,3.9328384249294635,2.6539092940883906,3.983368982653594,2.46623221212763,3.447332100963954,3.1506852018658624,3.191751970361586,3.896090170508627,3.7066151529402647,3.372436931715179,1.6369143028134727,2.42729889544746,3.1824196630097945,3.666226308798283,3.0644782809154663,3.1236225816754897,0.0,2.646104467647504,3.3605557766654415,3.0484931975429927,2.472193675296808,2.407659351487251,3.567952099717016,3.9138069407270293,2.7210408434260027,3.048661063734381,3.4755924324896084,2.61727077567411,2.985498346902957,3.246122891443827,3.4685997792512326,2.9349893390796975,3.5063202142420105,3.3619813800426166,2.755353208052082,2.7142575187599065,2.9811429878338607,3.4610929278849842,2.621131242371859,3.263537271556278,2.845142764076833,2.27374289797275,2.8388762077779495,2.9688434393643517,2.455014945270695,2.3483443443754277,3.4307449640213945,3.739437412226011,3.257266090771542,2.3170052769185574,3.267274413960778,3.5358768977852986,3.204641255442397,2.321820221805497,3.4810017454446442,3.0141107400986678,2.8130434215488336,2.62129659289207,3.529647152484566,2.8625318750869218,2.5591078987580067,2.2373495137711354,2.9120681227532987,2.2274043491796287,3.201552993195213,2.274292332113535,2.6869671392753873,2.6709636030706996
1610555721.51RNoQUMP19FTMS79BmA3JkgSm2IC2AQuQ,3.1924582321084456,1.4929977355526403,3.232973226338326,2.2677758812184634,2.837496608348221,2.8132244073880064,2.7329893030304198,3.1414032144176365,2.910321724719235,2.6821753150525702,2.387767460285192,2.1040513596391452,2.6407329757531834,2.909063532884085,2.6553337586620893,2.826531427785476,2.646104467647504,0.0,2.8611567170873933,2.558117066259627,2.1761139249586336,2.305457170307903,3.001816241496742,3.141541090926246,2.639392946443255,2.7597949679420535,2.850518539814131,2.468960318275175,2.6635904688249594,2.771560061637803,2.8857538486850154,2.754233847515866,2.813610877849458,2.980281974722834,2.86677025588863,2.7157374539190147,2.826308712870794,2.9324365177683926,2.276072970917851,2.90619766502526,2.412150019459811,2.744260348130533,2.552523496493335,2.3461381389651152,1.9735978782237846,1.5342704320067917,2.9635587813246103,3.2389698183022926,2.637177252144335,2.515233409617536,2.463834866504908,3.1176991715437596,2.991914733051916,2.778490924423003,2.963489896449148,2.889005471232875,2.575558516905402,2.505545988819672,2.6456616618613364,2.831486609574985,2.536637557793944,2.8175939603321836,2.5184066171461157,2.8151874676900723,2.6790858801759465,2.798328218334274,2.427332826823475,2.508969121071767
1610555971.86O0cHB2ibBJ8jxoObg01EpGe8VVV5mpwn,2.0538019817962363,2.5235862075197075,2.1123770488423297,2.401056682984505,2.1996912572895684,1.2464435291209954,2.0449413900205538,2.100279141475972,1.992800651988788,2.1101134325649045,2.9424807359420915,2.731047017059621,1.9815874267643734,2.1271223463794504,2.89167742315442,2.7648004528256815,3.3605557766654415,2.8611567170873933,0.0,2.410919769260545,2.816243010795139,2.9566744857406677,2.451686462134044,2.062346779005611,2.687537788833432,1.4528659908275579,2.2638352731991964,2.963948461738552,2.75514693625234,1.9746790988527543,2.4952109132468916,2.006547242246807,2.132084165442921,2.945651567892428,2.879539239722895,2.9751607491973604,2.8684911730020515,2.8251971079483926,2.593255948628755,2.5969152814813135,2.8895834657081894,3.3185680375316675,2.8654885269586656,2.42367024907471,2.7813779011373185,2.7726402835665667,2.9239273827775256,2.2213480487163335,2.532927096278166,2.7432250357522023,2.5407325605958273,2.4091407200558232,2.8282666939147174,3.241464800475808,2.5957361225188427,2.491614512831346,2.676153909136766,2.8813911983622043,2.309949890076198,2.2076711519483285,3.2151114829034513,3.5417586347853685,2.909767289874101,3.097270607893526,2.68786070091086,3.432312279487451,2.4499950880349073,3.0384207871749362
1610556911.51zU3duZSGpcw1BDNsBLxdOCITAXwl6z3i,1.9700418552929415,2.0720858130994317,2.0001698512303445,2.1855512886371637,1.9310009491922062,2.4531777596878963,1.9920434272952927,2.051400837287863,1.9364843695541476,1.573304001778776,2.6635131940561907,2.0272105411199277,1.679951900276292,2.2041638299963138,2.6602151778257,1.834089706664511,3.0484931975429927,2.558117066259627,2.410919769260545,0.0,2.164527523692845,2.769235232473958,2.1153471521327405,2.0120744358972837,2.1720805362583118,2.327242680501173,1.823975567798928,2.363881485704022,2.1973765645163894,2.1328357256704185,2.048158018670921,2.073929861571664,1.6497664801369603,2.0667126396394124,1.9607517007259698,2.3716247325540762,1.8883283018530583,2.0211871605138905,2.315662229320881,2.7619092658092534,2.215138857020939,3.0228217099045023,2.387836883294932,2.2823476070804873,2.4077304851818777,2.5193207314471286,2.540368571459954,2.37864362183328,1.7441734430968883,2.2260854095078555,2.2775956543019134,2.4399667372810905,2.504333459218881,2.9556852652664243,2.0054303784159497,2.2280716582421825,2.1598327300566447,1.98283866514571,2.257947217590821,2.4280612145607954,2.8747294086850093,3.2339700767484136,1.8821802993912302,3.1032882033220344,1.775498269029499,3.228814479896963,2.027621333670449,2.65002649574592
1610555988.71dMoYT8250UHHJGxgmITTmbHe7V6gH1yU,2.9770467836722463,2.3004234291074455,3.068240780962134,2.3452759822128613,2.7362891849528537,2.6933117742155543,2.709901894952877,3.004140128534871,2.727992409424089,2.5033872148671916,2.2946707337480374,1.2475089961415717,2.4366724960795105,2.9388328411251856,2.564732952982107,2.427964868807309,2.472193675296808,2.1761139249586336,2.816243010795139,2.164527523692845,0.0,2.0868706574625624,2.9420882902286416,2.98774142581931,2.311309438211925,2.5767409184257954,2.7822520150084054,2.0260648137836816,2.527048064092782,2.834098899398849,2.727113810699494,2.5311422627406515,2.611572588233566,2.78143835494131,2.072038869154021,2.106794096777006,2.4135655019407674,2.740558544349763,2.1870895543062607,2.825295411903471,2.413907172434546,2.2497438442993625,2.322267872454052,2.2674403293847907,2.2959370315631005,2.2280673195695857,2.676036926194477,2.9056509843700815,2.5883856452022034,2.1152919683729063,2.3030216363550724,2.7745059683409536,2.7486044804474075,2.609642512680927,2.735625963562231,2.5723793000428303,2.3056408173572294,1.7249543466053867,2.749341880487087,2.664221129992682,2.4898883098148565,2.85356582994619,2.375261174297517,2.565696694658878,2.5463600232210757,2.645276173907047,2.168219500861647,2.44648782732842
1610556042.81mlUZsSp7gbGjrp8jQSnybT1gPy6e62o1,3.563762151462605,2.526529460446562,3.6582664547885915,2.604101889973927,3.1538435862940877,2.81989599688821,3.0516343307449145,3.5533067327242827,3.2701084810494376,3.0957716123752803,2.354729929058457,1.8948264785056759,2.8960757880144232,3.236260039989,2.8530035589144283,3.061554192278974,2.407659351487251,2.305457170307903,2.9566744857406677,2.769235232473958,2.0868706574625624,0.0,3.2804314432501482,3.5522972176286087,2.5854922641632974,2.7059687436532465,3.226688073379676,2.307772871641164,2.9085760707086155,2.9496967758979173,3.349249753661608,2.5923053336372566,3.198434301149076,3.282754144530315,2.75331431988466,2.517891906832901,2.9917920239129385,3.2282698095234585,2.5028237721127455,3.0751585720992587,2.942765323281217,2.2364981048660457,2.881514362047736,2.5996074609364,2.3276160883897923,2.24263491728496,3.227305756188467,3.3181663359893467,3.0609845992633464,2.3807843712813668,2.675707538197591,3.002440682913975,3.337723500026557,2.677891016174907,3.425830532301095,2.804233719947233,2.600425546320245,2.5920685200093203,3.0537771763131465,2.3530554485860713,2.382015271679479,2.719879283764723,2.796002223671119,2.383661539839062,3.0366806880665216,2.3938636901968433,2.5026408636168633,2.4405826645523554
1610555637.02UBW5nKvDyUrKnaWcYRGajZPxTRDS0q3N,1.9035756675066526,2.552785287885323,1.8631700192913743,2.7005192909815703,1.5053207473630859,2.474679575351366,1.9665851037961313,1.9299903417537443,1.9461626135666132,1.671532248621249,3.139721724490189,2.8746934184343296,1.7600311191722406,2.152527943867929,3.116171703641784,2.5253464516119117,3.567952099717016,3.001816241496742,2.451686462134044,2.1153471521327405,2.9420882902286416,3.2804314432501482,0.0,1.8627946939585283,2.2381019060354532,2.433386061536754,1.4671250274028167,3.1153192724957774,2.720272832698314,1.711541428711456,1.992484177882244,1.9309448247611951,1.6838054594726186,2.597127358027483,2.7474056686559543,3.016748253774964,2.637888903201314,2.314718965711455,2.561352371235878,2.861114392583927,2.7486536470804497,3.689315980594856,2.688407417785576,2.818664028900272,2.9014093768771207,2.885859295556674,2.6051741399769592,2.472646558364336,1.9725042812859177,2.5961133562970984,2.776324192137121,2.319263448063938,2.6746350830711916,3.4491258320547455,2.259216134568712,1.878842454123483,2.5875398030210546,2.784717396255376,2.6628824709795405,2.2786023399976583,3.3002420678467557,3.7954385570507783,2.513273085267628,3.484624137154797,2.09471008268931,3.7098350742624193,2.3333219183827945,3.201371304589747
1610555619.13oUYNikU4facCTpUSiSLr0vPI0tJLnXiT,0.6375744927463186,2.6875253075441448,0.6535106446343867,2.686214271134382,1.5994035041440315,2.3576660674127123,1.741341567056237,0.560741661131737,1.1521213746387526,1.4567302146880665,3.3939946173089677,2.8899937543115124,1.5628940165712772,1.3121272014846224,3.0523505313904944,2.3674209782057782,3.9138069407270293,3.141541090926246,2.062346779005611,2.0120744358972837,2.98774142581931,3.5522972176286087,1.8627946939585283,0.0,2.609021623062055,2.28821744038468,1.6452470294401014,3.1084048156724515,2.5863945605269762,2.056318155689812,2.0179351861887596,2.3073118658531837,1.3839210694783712,2.5268065777145945,2.727852183403962,2.9752404909348935,2.610925748983321,2.3447291874170637,2.755839298310594,2.771799739010936,2.831329951263421,3.722701984882297,2.7556286064079694,2.5945644923167523,3.0699794515672547,3.0992493715686047,2.686171277829149,2.1061717459224285,2.086250615067925,2.838914918297781,2.566363243767701,2.283708207854447,2.683332152437418,3.6613192188208594,2.0410821813089894,2.3180099348909464,2.6640071200273625,2.8460445682439937,2.313769920395127,2.602137992727189,3.5391217438043654,4.063475407708912,2.6772768510063543,3.692703513215608,2.23177742378771,3.916984706681984,2.4491099071822795,3.3037149620687725
1610555721.03nzkucfjAUh31zTbmCVvTVYqtjoxZFnBh,2.6261964993344296,2.390344654379889,2.6835057789155785,2.5449634023478938,2.2535638676540244,2.5362921071588413,2.4102746834801643,2.6453481446945615,2.4508167762963717,2.246814879624358,2.447898209456928,2.204220372315235,2.141208981785661,2.5586482818973173,2.7482830066406043,2.455896402743365,2.7210408434260027,2.639392946443255,2.687537788833432,2.1720805362583118,2.311309438211925,2.5854922641632974,2.2381019060354532,2.609021623062055,0.0,2.5408295580370397,2.3104744454931794,2.5675058648193017,2.7147479446294853,2.373329834340713,2.495852635459166,2.1759685787167964,2.3310236216139155,2.697060867400524,2.301779223681245,2.5121403732938448,2.4305084266821932,2.5825802637826856,2.2757214553176315,2.609718257844242,2.67525299440687,2.7456892463382103,2.3882401676073313,2.707714997107969,2.521806977627071,2.3749544890248284,2.4924439723207183,2.536871789098682,2.343129942427866,2.1104843058029035,2.6518274623818168,2.405606844211816,2.671571916653541,2.9003360619269696,2.5877299159599696,1.8364856302483374,1.8314791656319995,2.355105304103716,2.6779029465032678,2.107472210755599,2.515957087793794,2.97197311083518,2.4405021998608474,2.417655760121965,2.3807344036689426,2.8343420956153325,2.138219744385252,2.5728282777263507
1610555722.67fhKURdXVzRbLIjXmjRwdJHTnE7PWb1AE,2.307083468747462,2.485818257712264,2.3694638260451493,2.4041493879055382,2.2295052905912214,1.149261779640109,1.9439796269004856,2.304723024061768,2.1336678416084665,2.0890680089563483,2.7083457630679963,2.512592698772367,1.9226477706939753,2.2567436726739007,2.7827981789894087,2.718243561091664,3.048661063734381,2.7597949679420535,1.4528659908275579,2.327242680501173,2.5767409184257954,2.7059687436532465,2.433386061536754,2.28821744038468,2.5408295580370397,0.0,2.2905822480531164,2.7415432145037006,2.6482818428425854,1.9713797840278733,2.43759352425507,1.8859859868756155,2.1527816659778667,2.970199417147209,2.7222899870071524,2.682060812679458,2.756668338600937,2.8198718811078973,2.455642097516607,2.51732003774073,2.776845403070219,3.049262391586616,2.6352984733518987,2.3873756555502994,2.597959236092317,2.5594050979600325,2.8429033622047712,2.3551173012166644,2.5015625281974274,2.4899659074505776,2.500706598320254,2.3541270464136494,2.708069829279686,3.074402322509116,2.574712003900772,2.3167316638491253,2.574947861143838,2.668915942999944,2.345707667064762,1.9332812884032744,3.0206608084619573,3.2898430821902402,2.788445819773551,2.824500931183975,2.6434473110614904,3.1357490145267612,2.2375484709157876,2.855409909465614
1610555638.39J2ZWBLuLTHP0jOlzB4tNHmYeijH5g5YJ,1.6817555941036382,2.412034051683089,1.640137511734109,2.3840236205777314,1.2529594769074457,2.3741525838446473,1.751013444863065,1.6872624696617453,1.741914701100214,1.4637264735298392,3.017496372760484,2.6795673815769225,1.5724642176065442,1.971492521060266,3.011608870723125,2.229703738637446,3.4755924324896084,2.850518539814131,2.2638352731991964,1.823975567798928,2.7822520150084054,3.226688073379676,1.4671250274028167,1.6452470294401014,2.3104744454931794,2.2905822480531164,0.0,2.9046027715789844,2.529503080058938,1.9099583304904637,1.76300903024818,1.9608211811771024,1.508433564055793,2.4029498896561887,2.551413148048734,2.8067579058914998,2.4366700879690226,2.2201324274000886,2.4926213374262844,2.7310148513956225,2.460112675339747,3.514526163305277,2.466456718228222,2.586061197173073,2.7906889652429436,2.8820662362566973,2.4550142844602916,2.343393650655649,1.8404153734224713,2.3560770449427086,2.5873452165670403,2.2262128138215025,2.538997228450355,3.3543662032073462,2.0877465941034687,2.2123097220295342,2.4853953500329085,2.639376020688796,2.4128391996619154,2.449987610045427,3.166853461807383,3.6207010280029244,2.3114910400191953,3.3980604129795102,1.954164051734687,3.6597592749016785,1.969871526255059,2.9947263573398986
1610556032.17Q6yCDx9g7alRnL9jBFXD2JhhUyB2hKfJ,3.1070323675113576,2.3630532327292304,3.167643191485072,2.3227271735887234,2.852069818127912,2.8725145929888685,2.790635086520866,3.1189824091052643,2.9093698387221387,2.7061121558681753,2.384583505307176,1.8932015330867582,2.618385964162305,3.063783604367696,2.9703716347310576,2.4194359490351447,2.61727077567411,2.468960318275175,2.963948461738552,2.363881485704022,2.0260648137836816,2.307772871641164,3.1153192724957774,3.1084048156724515,2.5675058648193017,2.7415432145037006,2.9046027715789844,0.0,2.599015878200671,2.9707369936507626,2.939653070238193,2.710764371199904,2.79551830556491,2.5198012378532035,2.4658416935512566,2.4297590965964364,2.688276614892225,2.701533052341661,2.2870398523150364,2.845204611734001,2.74082645472358,2.329170762516977,2.624432692859898,2.223589731656002,2.5764662443621753,2.3711527190929145,3.067602528429931,3.14219566905354,2.756849588564585,2.258821658520971,2.5043735404469905,3.07224880558637,2.923177392050569,2.821608436873712,3.0339046426471876,2.7827069242045464,2.6004053238977978,2.1292040806884573,2.6752066601819333,2.777722721615381,2.576329330495584,2.9369519679630436,2.393153558891026,2.6359377032288496,2.6486724782468403,2.6175316239148305,2.3763043722034336,2.385100106882414
