,square,rectangle,parallelogram,losange,isoTrapezoid,kite,rightKite,rustedHinge,hinge,trapezoid,random
square,0.10999187010803484,0.14610453431021467,0.1768825333393567,0.19099547943995354,0.17354521153565702,0.1724898341073637,0.16640909009082053,0.18636796571377662,0.17548458093063338,0.1718272642609162,0.1940668909546787
rectangle,0.1461045343102147,0.10322851446462881,0.16197681816528411,0.18273155091545235,0.18142279198171618,0.17707287007477868,0.1760349104847655,0.1744202464126242,0.15937906191690387,0.17123969750407117,0.19198639945497825
parallelogram,0.1768825333393567,0.16197681816528411,0.13272866245752607,0.15174460203622392,0.18608165271825408,0.1800261027043838,0.18048882221742935,0.17941520978895706,0.16923359902501348,0.16835100966176886,0.18339466869725604
losange,0.19099547943995354,0.18273155091545235,0.15174460203622392,0.1343863957951685,0.19176448161261767,0.18809196344156945,0.18808615577840107,0.18729970252869532,0.1820994805406639,0.17259252534865216,0.1810768553595134
isoTrapezoid,0.173545211535657,0.18142279198171618,0.18608165271825405,0.1917644816126177,0.10947366596619212,0.15290076842173583,0.14025699808168235,0.17766010837102542,0.17202502790483212,0.14171973009849012,0.16279229455907498
kite,0.17248983410736368,0.1770728700747787,0.1800261027043838,0.18809196344156945,0.1529007684217358,0.12441498558526819,0.1347832406175278,0.17028215959222817,0.16563957995134918,0.15931818172245715,0.16665392306710058
rightKite,0.16640909009082053,0.1760349104847655,0.18048882221742935,0.18808615577840107,0.14025699808168235,0.1347832406175278,0.11790897493183244,0.1683371737241041,0.16316009240361945,0.14987455977837416,0.16661083356618217
rustedHinge,0.18636796571377662,0.17442024641262419,0.17941520978895706,0.18729970252869535,0.17766010837102542,0.17028215959222817,0.1683371737241041,0.12588024655523797,0.1337046614272312,0.17261868947577905,0.16832083370294632
hinge,0.17548458093063335,0.15937906191690387,0.16923359902501348,0.1820994805406639,0.17202502790483212,0.16563957995134918,0.16316009240361948,0.1337046614272312,0.12380270264447753,0.16593430444776108,0.1687093279729826
trapezoid,0.1718272642609162,0.1712396975040712,0.16835100966176886,0.17259252534865216,0.14171973009849012,0.15931818172245715,0.1498745597783742,0.17261868947577905,0.16593430444776108,0.12613563084190674,0.15218385635279988
random,0.1940668909546787,0.19198639945497825,0.18339466869725604,0.18107685535951337,0.16279229455907496,0.1666539230671006,0.16661083356618214,0.16832083370294632,0.1687093279729826,0.15218385635279985,0.12881426876810836
