,square,rectangle,parallelogram,losange,isoTrapezoid,kite,rightKite,rustedHinge,hinge,trapezoid,random
square,0.19765107281357444,0.23539478685118695,0.28394271414187094,0.3223173533734732,0.2597025419191251,0.24734763278473443,0.2471183572805677,0.2672954040475689,0.2570004056737107,0.2628801211347855,0.2938465445731238
rectangle,0.23539478685118695,0.1946248914204139,0.24066705852371334,0.2858658405691268,0.3025260419226427,0.27144316180466677,0.27694408714504737,0.25408012596271196,0.2337070684180383,0.27907224502940564,0.31282622542986677
parallelogram,0.28394271414187094,0.24066705852371334,0.2100760776107815,0.24316184863328902,0.327981869467792,0.30944156924367316,0.3049009458383007,0.27975569375089493,0.2586559003898525,0.2769706889010073,0.30483668554176063
losange,0.3223173533734732,0.2858658405691268,0.24316184863328902,0.21748062358988096,0.34675470391919394,0.33762775351612956,0.33385503069149036,0.30304833122295044,0.28967293249892667,0.2898512857096664,0.2970498636553346
isoTrapezoid,0.2597025419191251,0.3025260419226427,0.327981869467792,0.3467547039191939,0.22979500685587612,0.2617045489019442,0.2560465225375223,0.3109077550681525,0.3093325101647782,0.26933143780401214,0.28561020293857675
kite,0.24734763278473443,0.27144316180466677,0.30944156924367316,0.33762775351612956,0.2617045489019442,0.22229011864879908,0.24156663240664628,0.30217234771952295,0.2958702088656064,0.2928185403086514,0.3162584075226698
rightKite,0.2471183572805676,0.27694408714504737,0.3049009458383007,0.33385503069149036,0.2560465225375223,0.24156663240664628,0.2218199025346657,0.30110020454437947,0.29694547098629204,0.2659921287248757,0.30092364159696733
rustedHinge,0.2672954040475689,0.25408012596271196,0.27975569375089493,0.3030483312229504,0.3109077550681525,0.3021723477195229,0.30110020454437947,0.21325689455782465,0.21928300626809843,0.2922661486307316,0.29716973661248386
hinge,0.2570004056737107,0.2337070684180383,0.2586559003898525,0.28967293249892667,0.3093325101647781,0.2958702088656064,0.29694547098629204,0.2192830062680985,0.20965244416071221,0.28503842263964546,0.29565539426235465
trapezoid,0.2628801211347854,0.27907224502940564,0.2769706889010073,0.2898512857096664,0.2693314378040122,0.29281854030865134,0.2659921287248756,0.2922661486307316,0.28503842263964546,0.22394592797179944,0.25170599251233405
random,0.2938465445731238,0.31282622542986677,0.30483668554176063,0.2970498636553346,0.28561020293857675,0.3162584075226698,0.30092364159696733,0.29716973661248386,0.29565539426235465,0.25170599251233405,0.22664424599682925
