,square,rectangle,parallelogram,losange,isoTrapezoid,kite,rightKite,rustedHinge,hinge,trapezoid,random
square,0.29599382526494455,0.3859450531826649,0.4729656147513065,0.5156015060051204,0.4438928458119254,0.4348058162608013,0.41616093741438975,0.47592324012738785,0.45649446840790364,0.44486848251861644,0.5126462815873055
rectangle,0.3859450531826649,0.29946693965965465,0.45181566810729057,0.5190366288771168,0.48529496058601707,0.4752223856664491,0.4580619642690927,0.46917603072228736,0.432028518544051,0.46769006152034065,0.5340508366726725
parallelogram,0.4729656147513065,0.45181566810729057,0.3512985475434293,0.405194113581019,0.48906785492905125,0.47489643953726224,0.46380265032477497,0.47347938386496513,0.45252393091356574,0.44237583044775874,0.4863568721381276
losange,0.5156015060051204,0.5190366288771168,0.4051941135810191,0.3464720782378371,0.5056524197454447,0.4956514041560917,0.4889596222736058,0.4957678762726855,0.49055742575323635,0.45256132018574785,0.47025769435555353
isoTrapezoid,0.4438928458119254,0.48529496058601707,0.4890678549290514,0.5056524197454447,0.27972459286856277,0.37819376268927735,0.35254815875053697,0.45324074111215346,0.4501201073478708,0.3630909279222366,0.41237494106079436
kite,0.4348058162608013,0.47522238566644903,0.47489643953726224,0.4956514041560917,0.3781937626892773,0.30238042069143406,0.32685413779752653,0.4269152122947348,0.42487651531843373,0.40650745419972534,0.4274990961136128
rightKite,0.41616093741438975,0.4580619642690927,0.46380265032477497,0.4889596222736058,0.35254815875053697,0.32685413779752653,0.28285178760993923,0.4150813846510072,0.4099367906013541,0.3719633616675175,0.4193109908090039
rustedHinge,0.47592324012738785,0.46917603072228725,0.47347938386496513,0.4957678762726855,0.45324074111215346,0.42691521229473467,0.4150813846510072,0.32327069754123927,0.34470422186416305,0.44395335244304923,0.442608452488074
hinge,0.45649446840790375,0.432028518544051,0.45252393091356574,0.49055742575323635,0.4501201073478708,0.42487651531843373,0.4099367906013542,0.34470422186416305,0.3236448423856572,0.43519160054484096,0.45238879291560136
trapezoid,0.44486848251861644,0.46769006152034065,0.44237583044775886,0.4525613201857478,0.3630909279222365,0.40650745419972534,0.3719633616675175,0.44395335244304923,0.4351916005448409,0.3133463705402832,0.3866647038807264
random,0.5126462815873055,0.5340508366726724,0.48635687213812767,0.47025769435555365,0.41237494106079436,0.4274990961136128,0.4193109908090039,0.442608452488074,0.4523887929156014,0.3866647038807263,0.32535008826616335
