,square,rectangle,parallelogram,losange,isoTrapezoid,kite,rightKite,rustedHinge,hinge,trapezoid,random
square,0.2720147852842371,0.3753087622191969,0.48264533710595275,0.524561522749326,0.4512396950571069,0.446685792519211,0.4290750423059028,0.48438642956557065,0.4597352240732137,0.46111295338962294,0.5165055796883095
rectangle,0.37530876221919696,0.28472223797934304,0.4534939105363094,0.5251708074387319,0.5047629965271266,0.49561422114881526,0.48473244918860275,0.48626242120742014,0.44205078482932386,0.4889991157463512,0.5515042648104059
parallelogram,0.48264533710595287,0.4534939105363095,0.35116596488734814,0.4062868570342945,0.5029273332650057,0.5029513068109124,0.4888138672403134,0.4832520069803124,0.4583193016445948,0.4547067730826242,0.5008509930640057
losange,0.524561522749326,0.5251708074387319,0.4062868570342945,0.3542421206685889,0.521545715076161,0.5297116324409754,0.5174654876231818,0.506337910665133,0.49642029475564775,0.4677152577565968,0.48816400489393735
isoTrapezoid,0.45123969505710704,0.5047629965271266,0.5029273332650057,0.521545715076161,0.2966283894385299,0.3929565048735747,0.37062425745486927,0.46451446121927176,0.46066929228033204,0.3827802953178358,0.42453820052402785
kite,0.446685792519211,0.49561422114881526,0.5029513068109124,0.5297116324409754,0.3929565048735747,0.31441783543167695,0.34203117257589005,0.44965084338876044,0.44571562742309245,0.43769855363010707,0.4581880935194393
rightKite,0.4290750423059028,0.48473244918860275,0.4888138672403134,0.5174654876231818,0.37062425745486927,0.34203117257589005,0.3001629658787242,0.429182554726559,0.42416889531344476,0.3956068931707226,0.43686546994558106
rustedHinge,0.48438642956557065,0.48626242120742014,0.4832520069803124,0.506337910665133,0.46451446121927176,0.44965084338876044,0.429182554726559,0.3230630524282,0.34508022764015134,0.4555781993233508,0.4520378669609162
hinge,0.4597352240732137,0.44205078482932386,0.4583193016445948,0.49642029475564775,0.46066929228033193,0.44571562742309234,0.42416889531344476,0.3450802276401513,0.3252624465391851,0.44522059671044356,0.45924969451752906
trapezoid,0.46111295338962294,0.4889991157463512,0.4547067730826241,0.4677152577565968,0.3827802953178358,0.43769855363010696,0.3956068931707225,0.4555781993233508,0.44522059671044345,0.3282974721916121,0.3945926714298599
random,0.5165055796883095,0.5515042648104059,0.5008509930640057,0.4881640048939375,0.42453820052402785,0.4581880935194393,0.43686546994558106,0.4520378669609162,0.459249694517529,0.3945926714298599,0.33073307907329763
