,square,rectangle,parallelogram,losange,isoTrapezoid,kite,rightKite,rustedHinge,hinge,trapezoid,random
square,0.21342318109087233,0.2728943205659188,0.3424454994897583,0.37232743637562615,0.33325624906725093,0.3192609612183171,0.3073920332871408,0.34398315025545195,0.3307958154486319,0.3280729115957539,0.3684666054030212
rectangle,0.27289432056591884,0.21476128607516762,0.3238359534446694,0.37329326725977874,0.36436207952558197,0.3449600272629883,0.33638055416278384,0.34006111821339524,0.31529670259488496,0.3451742873724877,0.3858704845540161
parallelogram,0.3424454994897583,0.3238359534446694,0.252744944609818,0.2943312154417775,0.37060183488952614,0.3593149302524904,0.3503702081642785,0.3547341797206796,0.33581100737048547,0.3277202701723708,0.36427580130673537
losange,0.3723274363756261,0.37329326725977874,0.2943312154417775,0.25882502663284174,0.3853057751690057,0.3770261102389519,0.3684395787420533,0.3720601599808919,0.3645444771424277,0.33821268185640563,0.3569212495855422
isoTrapezoid,0.33325624906725093,0.36436207952558197,0.37060183488952614,0.3853057751690057,0.21512710226614307,0.2957483215986428,0.27520872798311435,0.34832558221990995,0.3437918051002445,0.2790321157820472,0.3175094246721465
kite,0.3192609612183171,0.3449600272629883,0.3593149302524904,0.37702611023895183,0.2957483215986428,0.2356777824585279,0.2542309701846783,0.3281308132462395,0.32458885892437966,0.31504983490584915,0.32977735691396387
rightKite,0.3073920332871408,0.33638055416278384,0.35037020816427855,0.3684395787420533,0.27520872798311435,0.2542309701846783,0.2215924313290019,0.3151310817479272,0.31034545201335156,0.2887042983890503,0.3206201932442327
rustedHinge,0.3439831502554519,0.3400611182133953,0.3547341797206796,0.3720601599808919,0.34832558221990995,0.3281308132462395,0.3151310817479272,0.239648626517216,0.2563225123592139,0.3377209478595898,0.33437676798124677
hinge,0.3307958154486319,0.3152967025948849,0.3358110073704855,0.3645444771424277,0.34379180510024454,0.3245888589243796,0.31034545201335156,0.2563225123592139,0.24103662086802574,0.32939173783159037,0.3386488466595774
trapezoid,0.32807291159575397,0.3451742873724877,0.3277202701723708,0.33821268185640563,0.2790321157820472,0.31504983490584915,0.2887042983890504,0.3377209478595898,0.32939173783159037,0.24122954788273496,0.2934448350733586
random,0.3684666054030211,0.3858704845540161,0.3642758013067353,0.3569212495855422,0.3175094246721465,0.32977735691396387,0.32062019324423274,0.33437676798124677,0.3386488466595774,0.2934448350733586,0.25070236712701355
