,square,rectangle,parallelogram,losange,isoTrapezoid,kite,rightKite,rustedHinge,hinge,trapezoid,random
square,0.1088324753875202,0.12793157877530267,0.1426275073760829,0.15526701870078416,0.12174833635624253,0.11811043266440963,0.11562033759501375,0.13296650550124064,0.13082333265969906,0.12381814045793285,0.13708551751511583
rectangle,0.12793157877530267,0.11066651126667498,0.12449174692500146,0.13728165914101362,0.14255564669672993,0.13160983613267896,0.13051322869263673,0.12557875500639987,0.12025306712804994,0.1328883233115251,0.14617713401351698
parallelogram,0.1426275073760829,0.12449174692500146,0.11483718566415489,0.12640826191242982,0.15127639045160277,0.14530890570562272,0.14073424642491603,0.13406239123783448,0.12835671176748487,0.1347581632151902,0.14648221572827438
losange,0.15526701870078416,0.13728165914101365,0.12640826191242982,0.11502340520687875,0.15672895940145204,0.15527812821684053,0.15185398053439095,0.13884882600755286,0.1359004000049731,0.1383495919600218,0.1405009740177723
isoTrapezoid,0.12174833635624253,0.14255564669672996,0.15127639045160274,0.15672895940145204,0.11291703476068392,0.12401826351242097,0.12182922554081053,0.14455763794977983,0.14381733849625222,0.12627299977681708,0.13407699946067347
kite,0.11811043266440965,0.131609836132679,0.14530890570562272,0.15527812821684056,0.12401826351242097,0.11095955079069694,0.1164679586573165,0.13946595090851732,0.13797612961607064,0.13249913015088022,0.1428951192030879
rightKite,0.11562033759501375,0.13051322869263673,0.14073424642491603,0.15185398053439095,0.12182922554081053,0.1164679586573165,0.10983953134788227,0.13716390926001318,0.13535114772813842,0.12375866671869155,0.13861228472997109
rustedHinge,0.13296650550124067,0.1255787550063999,0.13406239123783448,0.13884882600755286,0.14455763794977985,0.13946595090851732,0.13716390926001318,0.11398563797821781,0.11585022338135072,0.13586440995506993,0.14074121267123804
hinge,0.13082333265969912,0.12025306712804996,0.1283567117674849,0.1359004000049731,0.14381733849625222,0.13797612961607064,0.13535114772813842,0.11585022338135069,0.11306653993949778,0.13333158289745892,0.14048572972441117
trapezoid,0.12381814045793285,0.1328883233115251,0.1347581632151902,0.1383495919600218,0.12627299977681708,0.13249913015088022,0.12375866671869153,0.13586440995506993,0.1333315828974589,0.11207106008601257,0.1247984805077352
random,0.13708551751511583,0.14617713401351698,0.14648221572827438,0.14050097401777234,0.13407699946067347,0.1428951192030879,0.13861228472997109,0.14074121267123804,0.14048572972441117,0.1247984805077352,0.11505946381149434
