,square,rectangle,parallelogram,losange,isoTrapezoid,kite,rightKite,rustedHinge,hinge,trapezoid,random
square,0.05748234254890602,0.06451281450293564,0.06486444182256294,0.0675711490376554,0.06083766195686544,0.05884966695577176,0.058296855245314874,0.06291003652479285,0.06270981887811991,0.06072090776195532,0.06428484270427795
rectangle,0.06451281450293564,0.05896113787162754,0.05997863541011069,0.06225605670730709,0.06696551266174147,0.06367904039556846,0.06358227190232665,0.0608629986069134,0.05971216959928145,0.0643242741008266,0.06695310063305018
parallelogram,0.06486444182256294,0.05997863541011069,0.054437766296728,0.056869979152802605,0.06590364149851595,0.06387328240472813,0.06300681177848509,0.060102726935730655,0.058991429101606103,0.06197050849990132,0.06422440706780445
losange,0.0675711490376554,0.06225605670730709,0.056869979152802605,0.052659147932234356,0.06625214097667839,0.06573076751764931,0.06532687512103443,0.06033974512031672,0.05999897825831762,0.06197481800347066,0.061299674549060816
isoTrapezoid,0.06083766195686544,0.06696551266174147,0.06590364149851595,0.06625214097667839,0.05684548026273708,0.05960869519619436,0.059335629985123185,0.06482444331826645,0.06497096520934999,0.060452835794640225,0.0619740451324094
kite,0.05884966695577176,0.06367904039556847,0.06387328240472813,0.06573076751764931,0.05960869519619436,0.055253065345726694,0.057264529899023454,0.06299058693068596,0.0628723966302862,0.06163638430033277,0.06393562779104708
rightKite,0.058296855245314874,0.06358227190232665,0.06300681177848509,0.06532687512103443,0.0593356299851232,0.057264529899023454,0.055324683272514365,0.0624758900701851,0.06228034606467512,0.059473044335103274,0.06331330311516034
rustedHinge,0.06291003652479284,0.060862998606913396,0.06010272693573065,0.06033974512031672,0.06482444331826645,0.06299058693068595,0.062475890070185086,0.05582190553205739,0.05666594042925161,0.06232124412328939,0.06308015242092868
hinge,0.06270981887811991,0.05971216959928145,0.05899142910160609,0.05999897825831761,0.06497096520934997,0.0628723966302862,0.06228034606467512,0.05666594042925161,0.05591251765396374,0.06206822265631549,0.06337389515074085
trapezoid,0.06072090776195532,0.0643242741008266,0.06197050849990132,0.061974818003470655,0.06045283579464022,0.06163638430033277,0.059473044335103274,0.06232124412328938,0.062068222656315473,0.056068519982426325,0.05974814828998523
random,0.06428484270427795,0.06695310063305018,0.06422440706780445,0.061299674549060816,0.061974045132409415,0.06393562779104708,0.06331330311516035,0.06308015242092868,0.06337389515074084,0.05974814828998523,0.055635542372195194
