,square,rectangle,parallelogram,losange,isoTrapezoid,kite,rightKite,rustedHinge,hinge,trapezoid,random
square,0.12298723510924917,0.14455411295642714,0.16162917711182564,0.17538309348562972,0.13997448993303568,0.13609284893578813,0.13380104946836158,0.15278890543461476,0.14845717978362144,0.14174174038365958,0.15697422752447662
rectangle,0.14455411295642714,0.1243321984971581,0.14137558817702295,0.15611931823672043,0.16376578290634297,0.1517849510910516,0.1512657230101612,0.14396053720611585,0.13605724173362085,0.15233949143732786,0.16791771216655504
parallelogram,0.16162917711182564,0.14137558817702295,0.12741911019836716,0.1409129559855312,0.17249648881998325,0.16776554325777882,0.1623446178976341,0.1541837766837825,0.14598806861588298,0.1519275134623198,0.16547204247073763
losange,0.17538309348562975,0.15611931823672043,0.14091295598553116,0.128101255705198,0.1779494850062217,0.1785118877975755,0.17456376035503324,0.15954520038452097,0.15471593009240828,0.15529414279033293,0.15809342723905906
isoTrapezoid,0.13997448993303568,0.16376578290634297,0.17249648881998325,0.1779494850062217,0.1284183493344864,0.14292242728487067,0.14097495182967623,0.1678282511546093,0.16559311499846013,0.1446097063146214,0.15263099456921383
kite,0.13609284893578816,0.1517849510910516,0.16776554325777882,0.17851188779757549,0.1429224272848707,0.12769507881461467,0.13568982162219967,0.16282736842280432,0.159767891340153,0.15440075368722778,0.1663195222864838
rightKite,0.1338010494683616,0.15126572301016117,0.1623446178976341,0.17456376035503324,0.14097495182967626,0.13568982162219967,0.12725226201147014,0.1614366747531853,0.1578186794730587,0.1433088035422048,0.16057315099332772
rustedHinge,0.15278890543461476,0.14396053720611585,0.1541837766837825,0.15954520038452097,0.1678282511546093,0.16282736842280432,0.1614366747531853,0.130007574604255,0.13154695660098217,0.15759095910381837,0.16292071560699256
hinge,0.14845717978362144,0.13605724173362085,0.14598806861588298,0.15471593009240828,0.16559311499846013,0.159767891340153,0.1578186794730587,0.13154695660098217,0.1270368876289479,0.15300209013136504,0.16093057445001174
trapezoid,0.14174174038365958,0.15233949143732786,0.15192751346231978,0.15529414279033293,0.1446097063146214,0.15440075368722778,0.1433088035422048,0.15759095910381837,0.15300209013136504,0.12686051020294184,0.14053704925461613
random,0.1569742275244766,0.16791771216655504,0.16547204247073763,0.15809342723905906,0.15263099456921383,0.1663195222864838,0.16057315099332772,0.16292071560699256,0.16093057445001172,0.14053704925461613,0.12872162489033614
