,square,rectangle,parallelogram,losange,isoTrapezoid,kite,rightKite,rustedHinge,hinge,trapezoid,random
square,0.1869209664075264,0.25955310942400034,0.3105319627365275,0.33638144192478014,0.30271375941942485,0.29687571601688584,0.28022545362448287,0.31432515596717464,0.3017241415885908,0.31003421473249326,0.34827623936940405
rectangle,0.25955310942400034,0.17899957694807864,0.29345213015738275,0.33889156188766606,0.32395930821132307,0.32073339388285327,0.3121515253643561,0.3085801300139578,0.283380342801691,0.3182267816523223,0.3576944739666814
parallelogram,0.3105319627365275,0.29345213015738275,0.2301715380758676,0.26900423429512427,0.3301895045567222,0.32375124569599145,0.31649357781277415,0.312661509608565,0.29604435992109807,0.30361192710896673,0.33399917781990307
losange,0.33638144192478014,0.33889156188766606,0.26900423429512427,0.24007145883684558,0.3433408629706488,0.3391557038996724,0.33281572200059445,0.32798908930633003,0.32218599217489013,0.3130108525081041,0.3271209216105084
isoTrapezoid,0.30271375941942485,0.32395930821132307,0.33018950455672214,0.34334086297064886,0.1875396871341716,0.26250971418994823,0.2425368340246477,0.3059973126642337,0.29739402858246217,0.2486045514014943,0.28861666346585935
kite,0.29687571601688584,0.32073339388285327,0.32375124569599145,0.3391557038996724,0.26250971418994823,0.21321174052807493,0.23097510611474636,0.29097823087562785,0.28618880695092486,0.28664602637058006,0.30042561797894446
rightKite,0.28022545362448287,0.3121515253643561,0.31649357781277415,0.33281572200059445,0.2425368340246477,0.23097510611474636,0.19833317542324258,0.2818850336389862,0.27456433772365296,0.26440700499491493,0.2956754923587702
rustedHinge,0.31432515596717464,0.3085801300139578,0.312661509608565,0.32798908930633003,0.3059973126642337,0.29097823087562785,0.2818850336389862,0.20645594560060043,0.2208011609712646,0.3056719815604577,0.30047614497583874
hinge,0.3017241415885908,0.283380342801691,0.29604435992109807,0.32218599217489013,0.2973940285824622,0.2861888069509248,0.27456433772365296,0.2208011609712646,0.2045507731254587,0.29533892811939044,0.3033889705051259
trapezoid,0.3100342147324932,0.31822678165232227,0.30361192710896673,0.31301085250810406,0.2486045514014943,0.28664602637058006,0.2644070049949149,0.3056719815604577,0.29533892811939044,0.22518173741326433,0.27537317026005004
random,0.34827623936940405,0.3576944739666814,0.33399917781990307,0.3271209216105084,0.28861666346585935,0.30042561797894457,0.2956754923587702,0.30047614497583874,0.3033889705051259,0.27537317026005004,0.23144517389141198
