,square,rectangle,parallelogram,losange,isoTrapezoid,kite,rightKite,rustedHinge,hinge,trapezoid,random
square,0.12134001062395357,0.14846716111364033,0.1726702172459887,0.1934896216746317,0.15740910475232367,0.1615525213687072,0.1539772745195407,0.17506789109282508,0.16618569176027007,0.1636071882600504,0.19026091524594102
rectangle,0.14846716111364033,0.11671904614446556,0.16158835070477048,0.18791429741329915,0.17906857472118615,0.17820641005037816,0.1733131332512217,0.17229008584654934,0.1598378669824052,0.17103675684618735,0.2010939309542479
parallelogram,0.1726702172459887,0.1615883507047705,0.12449785462855827,0.14170436357662922,0.16718008466570192,0.17554796869628514,0.16610503437307214,0.16865371011101637,0.16041801071229933,0.14649340205847647,0.1723850832819061
losange,0.19348962167463168,0.18791429741329915,0.1417043635766292,0.12372292670113409,0.17590171249951317,0.19035927808124206,0.18029909929967936,0.17983895748922202,0.17689439792677034,0.15291790128283753,0.16391801916846582
isoTrapezoid,0.15740910475232367,0.17906857472118615,0.1671800846657019,0.17590171249951317,0.10530352152328736,0.14085597371080238,0.12646716033653296,0.1713799084365652,0.1662829307232824,0.13045192171210784,0.15458232196507873
kite,0.1615525213687072,0.17820641005037816,0.17554796869628514,0.19035927808124206,0.14085597371080238,0.12827429142602256,0.13210899930103437,0.1716381707170625,0.16671413515381933,0.15775004955110347,0.17784476897552498
rightKite,0.15397727451954069,0.1733131332512217,0.16610503437307214,0.18029909929967936,0.12646716033653296,0.13210899930103437,0.11468414361616457,0.1660874912491916,0.16057210816144596,0.1405297005330711,0.16623477324657907
rustedHinge,0.17506789109282508,0.17229008584654934,0.16865371011101637,0.17983895748922202,0.1713799084365652,0.17163817071706247,0.1660874912491916,0.12950595773087054,0.13533233589466104,0.16623972259154876,0.1779278515821421
hinge,0.16618569176027007,0.15983786698240518,0.16041801071229933,0.17689439792677034,0.1662829307232824,0.16671413515381933,0.16057210816144596,0.13533233589466104,0.12871342601403485,0.16033751929021545,0.1768657143537975
trapezoid,0.1636071882600504,0.17103675684618738,0.14649340205847647,0.15291790128283753,0.13045192171210784,0.1577500495511035,0.1405297005330711,0.16623972259154876,0.16033751929021545,0.11550679550407236,0.14419063118568698
random,0.190260915245941,0.20109393095424788,0.1723850832819061,0.16391801916846582,0.15458232196507873,0.17784476897552498,0.16623477324657907,0.1779278515821421,0.1768657143537975,0.14419063118568698,0.13005088675060464
