,square,rectangle,parallelogram,losange,isoTrapezoid,kite,rightKite,rustedHinge,hinge,trapezoid,random
square,0.19558683734376434,0.2598770137271576,0.3293654077968525,0.3583417305531745,0.3159247460727554,0.31378437642212814,0.2993561667254463,0.3410100296513034,0.3239109456028364,0.31888023002347776,0.36030368978320326
rectangle,0.2598770137271576,0.19499651799668552,0.31017908088511487,0.35748133001955434,0.3355287344528704,0.33513471579079834,0.32560696565400915,0.3353522053977374,0.306562115706024,0.3281845047955546,0.37275168109921686
parallelogram,0.32936540779685247,0.31017908088511487,0.2375618824768102,0.2769618600014591,0.33654171707477754,0.33337847596948134,0.32575904552081114,0.33463850739912426,0.3141900733050728,0.3056955458519404,0.3409792672552967
losange,0.35834173055317453,0.35748133001955434,0.2769618600014591,0.24583370725530895,0.3507907848930902,0.3496773810549713,0.3433399143705664,0.3522313445301403,0.3428316492801946,0.31637633352266414,0.33488129769016645
isoTrapezoid,0.3159247460727554,0.3355287344528704,0.33654171707477754,0.3507907848930902,0.19068542270545646,0.26642489161065336,0.2471812039655829,0.3184611724676108,0.30848968486598916,0.2500457003964176,0.2903010032065331
kite,0.31378437642212814,0.33513471579079834,0.3333784759694813,0.3496773810549713,0.26642489161065336,0.21987265202818207,0.2361583784655536,0.3059533928273808,0.2990500800062445,0.2884557367995953,0.3061096616648796
rightKite,0.2993561667254463,0.32560696565400915,0.32575904552081114,0.3433399143705664,0.24718120396558285,0.2361583784655536,0.2044197207781029,0.2943382859777075,0.2854390496106999,0.2659865014672877,0.29953861918502844
rustedHinge,0.3410100296513034,0.3353522053977374,0.33463850739912426,0.3522313445301403,0.3184611724676108,0.3059533928273808,0.2943382859777075,0.2296016633261392,0.2432504749371511,0.3167616629739737,0.3171235720656995
hinge,0.32391094560283634,0.30656211570602393,0.3141900733050728,0.3428316492801946,0.30848968486598916,0.2990500800062445,0.2854390496106999,0.2432504749371511,0.22526845452699265,0.3044422100868345,0.3173488642834381
trapezoid,0.31888023002347776,0.3281845047955546,0.3056955458519404,0.3163763335226642,0.2500457003964175,0.2884557367995953,0.2659865014672877,0.3167616629739737,0.3044422100868344,0.22345429159922345,0.27595392260358187
random,0.36030368978320326,0.3727516810992169,0.3409792672552967,0.33488129769016645,0.2903010032065331,0.3061096616648796,0.29953861918502844,0.31712357206569947,0.3173488642834381,0.27595392260358187,0.23772108259499736
