,square,rectangle,parallelogram,losange,isoTrapezoid,kite,rightKite,rustedHinge,hinge,trapezoid,random
square,0.19164778742983296,0.23002889477366184,0.29752279526206743,0.3440823259120416,0.2735009280777768,0.27022339324328076,0.2729059528119247,0.308657604522422,0.29396474227147523,0.2822595463287566,0.3285286412111406
rectangle,0.2300288947736619,0.188913200938576,0.2547099719363812,0.3101267716676171,0.3166750977699478,0.2950782168499644,0.30172163189337187,0.2964733016348737,0.27166434112406335,0.297443747871423,0.3489957295721962
parallelogram,0.29752279526206743,0.2547099719363812,0.2244905265513637,0.2644390867461158,0.34838274223372606,0.3434771089479219,0.3383824229545473,0.33212657880784774,0.3079374784762076,0.2955368630491344,0.3404909319180253
losange,0.3440823259120416,0.3101267716676171,0.2644390867461159,0.24161256377067886,0.37401937150450476,0.3803311472787006,0.3750469195917974,0.363975260486025,0.34727897162964066,0.3113594262196137,0.3367303577652397
isoTrapezoid,0.2735009280777768,0.3166750977699478,0.348382742233726,0.37401937150450476,0.23054005451560897,0.2809039335046568,0.2781486638271487,0.34630299915134477,0.3448798800442719,0.27937478446155256,0.30872428507083877
kite,0.27022339324328076,0.2950782168499643,0.34347710894792194,0.3803311472787007,0.2809039335046569,0.24368786042789228,0.26873789938068154,0.3425543882847911,0.335541385061403,0.3211259590904459,0.3535960477506675
rightKite,0.2729059528119247,0.30172163189337187,0.33838242295454735,0.3750469195917974,0.27814866382714876,0.2687378993806815,0.246401038078606,0.33706911238389026,0.33187391888923207,0.2931552472005971,0.33734136868093784
rustedHinge,0.308657604522422,0.2964733016348737,0.33212657880784774,0.3639752604860251,0.34630299915134477,0.3425543882847911,0.33706911238389026,0.24528302381845793,0.25624587801107285,0.33167799340946785,0.3441284377248058
hinge,0.29396474227147523,0.27166434112406335,0.3079374784762076,0.34727897162964066,0.34487988004427195,0.335541385061403,0.33187391888923207,0.2562458780110729,0.2476465143763377,0.32353051242046454,0.34292510713608587
trapezoid,0.2822595463287566,0.297443747871423,0.2955368630491344,0.3113594262196137,0.2793747844615525,0.32112595909044594,0.2931552472005971,0.33167799340946785,0.32353051242046454,0.23146723716016723,0.27343395470580023
random,0.3285286412111406,0.34899572957219616,0.3404909319180253,0.33673035776523974,0.3087242850708388,0.3535960477506675,0.33734136868093784,0.3441284377248058,0.34292510713608587,0.27343395470580023,0.25173773690344164
