,square,rectangle,parallelogram,losange,isoTrapezoid,kite,rightKite,rustedHinge,hinge,trapezoid,random
square,0.1929363735708797,0.22229400501641725,0.23896126619149383,0.2594376606269762,0.21080841786201773,0.2047177828781447,0.20085398625917159,0.2280886902404136,0.22484584403274588,0.21530841710922413,0.2404926408796939
rectangle,0.22229400501641725,0.19060230431564687,0.20853749083894282,0.23373321585758491,0.24389098220332284,0.22499618554103307,0.22393237438337715,0.214016427441644,0.20541005954322025,0.2297764816847743,0.2565188134162956
parallelogram,0.23896126619149383,0.2085374908389428,0.16939817432798157,0.18952180794811077,0.2469027475043538,0.24185563747469352,0.22947180305674386,0.21884378671700874,0.20873670047342102,0.21168250160259833,0.2334086961184441
losange,0.2594376606269762,0.23373321585758491,0.18952180794811083,0.16867566476951237,0.25313351020309127,0.25770021975507623,0.24776721055327475,0.22715566188665878,0.22263331400774636,0.21533980515067522,0.21877974474095765
isoTrapezoid,0.21080841786201773,0.24389098220332284,0.2469027475043538,0.2531335102030912,0.18315076733404312,0.20422995425433557,0.2021483634531499,0.2425539538600225,0.24278524711597435,0.21009151964951506,0.2229673784398646
kite,0.2047177828781447,0.22499618554103307,0.24185563747469352,0.25770021975507623,0.2042299542543356,0.1801769815634957,0.19355909063116236,0.23533418108553283,0.23448185089124654,0.2277198129830163,0.24807711700597898
rightKite,0.20085398625917159,0.22393237438337713,0.22947180305674383,0.24776721055327475,0.20214836345314993,0.19355909063116236,0.17839829640629684,0.2352278430325724,0.2327602614223856,0.20598744750560943,0.23535226644341983
rustedHinge,0.2280886902404136,0.214016427441644,0.21884378671700874,0.22715566188665878,0.2425539538600225,0.23533418108553283,0.2352278430325724,0.1781193379781539,0.18393286058964342,0.22961682187907972,0.23677970929365744
hinge,0.22484584403274588,0.20541005954322025,0.20873670047342097,0.22263331400774636,0.24278524711597435,0.23448185089124654,0.23276026142238554,0.18393286058964342,0.18091982702214748,0.2252787814640595,0.23669564598323045
trapezoid,0.21530841710922413,0.2297764816847743,0.21168250160259833,0.21533980515067522,0.21009151964951506,0.2277198129830163,0.20598744750560943,0.22961682187907972,0.2252787814640595,0.1798447271831872,0.1999557797662841
random,0.2404926408796939,0.25651881341629557,0.2334086961184441,0.21877974474095765,0.22296737843986453,0.24807711700597898,0.23535226644341983,0.23677970929365744,0.23669564598323045,0.1999557797662841,0.1797859200748052
