,square,rectangle,parallelogram,losange,isoTrapezoid,kite,rightKite,rustedHinge,hinge,trapezoid,random
square,0.22649122991688841,0.29100899408349734,0.39893051790974426,0.4490882369123063,0.3641668597107165,0.35082877679404445,0.3357402814541449,0.3944202451512637,0.3720500449364384,0.3703056367383426,0.43630347934506
rectangle,0.2910089940834973,0.2372955510260345,0.35265594586511384,0.4166925589602073,0.4186216095923033,0.3886247402408307,0.37729155808240705,0.37673734290108546,0.3431141385817032,0.39631190689661483,0.46210171782520176
parallelogram,0.39893051790974426,0.35265594586511384,0.28930193985603053,0.3346982243198068,0.4402708568359569,0.429356691098613,0.41322625928445056,0.40531496909003417,0.37909711142856306,0.38246508511280636,0.4360592402394235
losange,0.4490882369123063,0.4166925589602072,0.3346982243198068,0.2939299015058858,0.45669942309189293,0.45822489076298983,0.44155195575193706,0.42974204287037565,0.41647815743667893,0.3917859053638043,0.41806122561172876
isoTrapezoid,0.3641668597107165,0.41862160959230316,0.4402708568359569,0.45669942309189293,0.26294196066165393,0.3399151014104302,0.32127079197126096,0.4200763039890102,0.4182886179863484,0.33123840599544113,0.3758036863424739
kite,0.3508287767940444,0.38862474024083077,0.429356691098613,0.45822489076298983,0.3399151014104302,0.27960190290016373,0.3029265505190791,0.4096280575919835,0.40345680373971066,0.38489138431658854,0.42046168459784067
rightKite,0.3357402814541449,0.37729155808240705,0.41322625928445056,0.44155195575193706,0.32127079197126096,0.30292655051907913,0.2662964686787427,0.3925579665124452,0.38562690829556895,0.3441554080915681,0.3967983253660376
rustedHinge,0.39442024515126367,0.37673734290108546,0.40531496909003417,0.4297420428703757,0.4200763039890102,0.4096280575919835,0.3925579665124452,0.285065329799284,0.29999950068831405,0.40974602736650495,0.4171558890853497
hinge,0.3720500449364384,0.3431141385817032,0.379097111428563,0.41647815743667893,0.4182886179863484,0.40345680373971066,0.38562690829556895,0.29999950068831405,0.2837834005503655,0.3995493478686729,0.4220674718652466
trapezoid,0.3703056367383426,0.3963119068966149,0.3824650851128063,0.39178590536380437,0.33123840599544113,0.3848913843165885,0.34415540809156814,0.40974602736650495,0.3995493478686729,0.28006233635664785,0.3432391745580662
random,0.43630347934506,0.46210171782520176,0.4360592402394235,0.4180612256117288,0.37580368634247385,0.42046168459784067,0.3967983253660376,0.4171558890853497,0.42206747186524657,0.34323917455806613,0.30182447232325366
