,square,rectangle,parallelogram,losange,isoTrapezoid,kite,rightKite,rustedHinge,hinge,trapezoid,random
square,0.14684230209905347,0.19404376190777525,0.2357941815355859,0.261681810244091,0.23166919883728784,0.23526712145957238,0.22594902225359817,0.2513822064797803,0.23595998124832152,0.23214939040177443,0.2672278910306705
rectangle,0.19404376190777528,0.13748152467760266,0.22174334565520792,0.2584020838746208,0.24765799674923197,0.24705814700594106,0.24441050091665698,0.2447846361368877,0.22153149685369072,0.23547118669439362,0.26891256762217325
parallelogram,0.2357941815355859,0.22174334565520792,0.17773551030914264,0.21093095503004014,0.25729289144137485,0.2588107008645745,0.25634459708861285,0.2591428595909093,0.24081144012925854,0.2300577012308638,0.26159288091996274
losange,0.261681810244091,0.2584020838746209,0.21093095503004008,0.19238863372596146,0.2763723899176919,0.27896462623705376,0.2776074650132386,0.2798383763407993,0.2680640877182131,0.2462386925827389,0.2678982612027614
isoTrapezoid,0.23166919883728784,0.24765799674923197,0.25729289144137485,0.2763723899176919,0.15241039972886242,0.21861509109335575,0.2021850776624753,0.2567167517982742,0.24234620338330504,0.19885101453806056,0.23781969631963176
kite,0.23526712145957238,0.24705814700594106,0.2588107008645745,0.27896462623705376,0.21861509109335575,0.18327374128237697,0.19801207140457897,0.2489571582186909,0.23921938117721114,0.23121968026849138,0.2499369313503962
rightKite,0.22594902225359817,0.24441050091665695,0.25634459708861285,0.2776074650132386,0.20218507766247534,0.19801207140457897,0.17138684381953523,0.24315930002031536,0.2316802462876944,0.21521927797315732,0.2472366021252447
rustedHinge,0.2513822064797803,0.2447846361368877,0.2591428595909093,0.27983837634079933,0.2567167517982742,0.24895715821869094,0.24315930002031536,0.18684349129309258,0.19624273906016687,0.2512566469047774,0.2557772748301
hinge,0.23595998124832154,0.2215314968536908,0.24081144012925854,0.26806408771821305,0.24234620338330504,0.23921938117721114,0.2316802462876944,0.19624273906016687,0.17796121500084663,0.23591471403013803,0.2508952409829197
trapezoid,0.23214939040177443,0.23547118669439362,0.2300577012308638,0.24623869258273895,0.19885101453806056,0.23121968026849143,0.21521927797315726,0.2512566469047774,0.235914714030138,0.17380636786851505,0.22227322096481056
random,0.2672278910306705,0.26891256762217325,0.26159288091996274,0.2678982612027614,0.23781969631963176,0.2499369313503962,0.2472366021252447,0.25577727483010004,0.2508952409829197,0.22227322096481056,0.1948575690523306
