,square,rectangle,parallelogram,losange,isoTrapezoid,kite,rightKite,rustedHinge,hinge,trapezoid,random
square,0.09804382312384001,0.11119506990563366,0.12002061663670353,0.12865590955441822,0.10574102263287888,0.10358229984201414,0.10197030098891079,0.11218821281272101,0.11080355140692827,0.10722509192308799,0.11655687502268577
rectangle,0.11119506990563363,0.09710703340896079,0.10624843642926064,0.11521472553448119,0.12048609991225204,0.11334266307041174,0.11241200340807411,0.10537247485080734,0.10151087445756456,0.11347712069680345,0.1235076946831288
parallelogram,0.12002061663670355,0.10624843642926064,0.09923651776775629,0.1071142668114519,0.1251773340358965,0.12132822663177886,0.11857592841339397,0.11086553749120352,0.1067845569129998,0.11448862973352664,0.12286218029283304
losange,0.12865590955441822,0.11521472553448119,0.1071142668114519,0.09964129276512462,0.12818742799137667,0.12793346479614776,0.12614717675837075,0.11448004145469794,0.11241065257638366,0.11671981724948362,0.11796148712639183
isoTrapezoid,0.10574102263287888,0.12048609991225204,0.1251773340358965,0.12818742799137667,0.09726060072732488,0.10559379519197928,0.10496234970916465,0.11943138911471471,0.11916068547895632,0.10775518951860595,0.11211148914206762
kite,0.10358229984201417,0.11334266307041174,0.12132822663177886,0.12793346479614776,0.10559379519197928,0.09803933981115019,0.10224353650476589,0.11627703004036694,0.11540941052638881,0.11243821661131152,0.11958195939648279
rightKite,0.10197030098891079,0.1124120034080741,0.11857592841339397,0.12614717675837075,0.10496234970916465,0.10224353650476589,0.09806439809806793,0.1146011147433106,0.1133932133615384,0.1067608834658767,0.11704194010820206
rustedHinge,0.11218821281272101,0.10537247485080731,0.11086553749120354,0.11448004145469794,0.11943138911471471,0.11627703004036694,0.1146011147433106,0.09662636953527956,0.09761531619631923,0.11337509990455745,0.11790905578852984
hinge,0.1108035514069283,0.10151087445756456,0.10678455691299978,0.11241065257638366,0.11916068547895632,0.11540941052638881,0.1133932133615384,0.09761531619631923,0.09539956427061877,0.11168190973827744,0.1178320613670189
trapezoid,0.10722509192308798,0.11347712069680349,0.11448862973352661,0.11671981724948362,0.10775518951860595,0.11243821661131152,0.10676088346587669,0.11337509990455745,0.11168190973827744,0.09845489450276575,0.10728919120748497
random,0.1165568750226858,0.1235076946831288,0.12286218029283304,0.11796148712639185,0.11211148914206762,0.11958195939648279,0.11704194010820207,0.11790905578852984,0.11783206136701888,0.10728919120748495,0.09965346999954525
