,square,rectangle,parallelogram,losange,isoTrapezoid,kite,rightKite,rustedHinge,hinge,trapezoid,random
square,0.052019802221408125,0.06097692555010193,0.06730566952038994,0.07343455404783941,0.056028160995820094,0.05356456305568702,0.05333027556112041,0.06127380437185293,0.06111073303792131,0.05878392215050817,0.0641313215069301
rectangle,0.06097692555010193,0.053488399485314336,0.0586244638556832,0.06445999017580255,0.06541636473408967,0.059544437021795425,0.06023683495998874,0.05837479725219371,0.05678036612341182,0.06311164909109819,0.0681371489591699
parallelogram,0.06730566952038994,0.0586244638556832,0.055344100927357746,0.060576594162142255,0.07011411554418687,0.06555105764013408,0.06505129019537735,0.06148208410403891,0.05979845055581099,0.06490145500444178,0.06930500915654442
losange,0.07343455404783941,0.06445999017580255,0.060576594162142255,0.05729005135441718,0.07332929647293122,0.07070396434776688,0.07049230545474555,0.06444239905843728,0.06369983840524475,0.0672593058233331,0.06776939812664565
isoTrapezoid,0.05602816099582011,0.06541636473408967,0.07011411554418684,0.07332929647293122,0.05161610045338095,0.05499057009007903,0.054742050932554846,0.06430584720641117,0.06485380775244988,0.05880847540404265,0.06204092532074267
kite,0.05356456305568702,0.05954443702179544,0.06555105764013408,0.07070396434776687,0.05499057009007903,0.04852126376361449,0.05133863979611591,0.06123982966673824,0.06131752743110448,0.060126352439530316,0.06438029714286705
rightKite,0.053330275561120424,0.06023683495998874,0.06505129019537734,0.07049230545474554,0.054742050932554846,0.05133863979611591,0.04970446119002724,0.06105311742463656,0.06108928119108721,0.057628386162062964,0.06358524300058918
rustedHinge,0.06127380437185293,0.05837479725219372,0.06148208410403891,0.06444239905843728,0.06430584720641117,0.06123982966673824,0.061053117424636545,0.05312073568030675,0.05430860986730397,0.06270803758035502,0.06459922963415972
hinge,0.061110733037921305,0.056780366123411814,0.059798450555811004,0.06369983840524475,0.06485380775244987,0.06131752743110448,0.06108928119108721,0.05430860986730397,0.05367731712578973,0.062321701768887974,0.06510806567308564
trapezoid,0.05878392215050819,0.06311164909109819,0.06490145500444176,0.0672593058233331,0.05880847540404265,0.06012635243953033,0.05762838616206296,0.06270803758035502,0.062321701768887974,0.05510507287732833,0.06032660557414823
random,0.06413132150693011,0.06813714895916992,0.06930500915654442,0.06776939812664565,0.062040925320742686,0.06438029714286705,0.0635852430005892,0.06459922963415975,0.06510806567308564,0.06032660557414823,0.05643322481085104
