,square,rectangle,parallelogram,losange,isoTrapezoid,kite,rightKite,rustedHinge,hinge,trapezoid,random
square,0.1907533752375847,0.21020883040618676,0.2134790073495272,0.22579718446444358,0.207732545165221,0.22137915584717263,0.22004652814744988,0.22989130583927175,0.2250201740020875,0.20088228874206984,0.21310203143103176
rectangle,0.21020883040618676,0.1540315717105275,0.15274921103471567,0.16812996369650837,0.24060416342597193,0.22220337286277697,0.24275011613592137,0.20843183667760715,0.18784411093443787,0.2029224715714905,0.22017587043209655
parallelogram,0.21347900734952718,0.15274921103471567,0.1256766939253335,0.1374182001436719,0.23807411770642553,0.2248740259004885,0.2454030468709578,0.2002725054886371,0.17834059383890716,0.1894273401089188,0.20234825567983797
losange,0.22579718446444352,0.16812996369650837,0.1374182001436719,0.1260876258191445,0.2446251616819557,0.23753994524916416,0.2572680457540735,0.2030016397686291,0.1836411772488482,0.1930288977382586,0.1948403243446101
isoTrapezoid,0.207732545165221,0.24060416342597193,0.23807411770642553,0.2446251616819557,0.19428151159518023,0.22635981853152856,0.22292337865690237,0.24578211640182507,0.24710794705490582,0.21031478173219753,0.21799922304653263
kite,0.22137915584717263,0.22220337286277697,0.2248740259004885,0.23753994524916416,0.22635981853152853,0.19719705853726793,0.20882384059945477,0.27291188525049526,0.2643639978375486,0.2362198914270254,0.2635315232361746
rightKite,0.22004652814744982,0.24275011613592137,0.24540304687095782,0.2572680457540735,0.22292337865690243,0.20882384059945477,0.19659793368370926,0.28385149650815733,0.2803144073940934,0.23380974205820024,0.2652628606142575
rustedHinge,0.22989130583927175,0.2084318366776072,0.20027250548863704,0.2030016397686291,0.24578211640182507,0.27291188525049526,0.2838514965081574,0.1750148498289633,0.1752095136165771,0.21656540213987774,0.20509412808840535
hinge,0.22502017400208743,0.18784411093443784,0.17834059383890716,0.1836411772488482,0.24710794705490577,0.2643639978375486,0.2803144073940934,0.1752095136165771,0.165635199879075,0.20959611713317372,0.2008545087471614
trapezoid,0.20088228874206984,0.20292247157149043,0.18942734010891882,0.19302889773825865,0.2103147817321976,0.2362198914270254,0.23380974205820024,0.21656540213987774,0.20959611713317372,0.17928386586603917,0.18596604881869888
random,0.2131020314310317,0.22017587043209652,0.20234825567983794,0.19484032434461007,0.21799922304653263,0.2635315232361746,0.2652628606142575,0.20509412808840533,0.20085450874716135,0.1859660488186989,0.1560439343353737
