,square,rectangle,parallelogram,losange,isoTrapezoid,kite,rightKite,rustedHinge,hinge,trapezoid,random
square,0.0,14.404913325012846,21.909753660686444,26.597628672242223,18.900814816011614,16.78562767475363,16.53113315256172,22.278830526342364,20.893995679770505,17.79803000908709,23.995289292035093
rectangle,14.404913325012846,0.0,16.572372624798525,23.155275307640103,24.394954889749414,19.69661613532698,20.486608513951516,20.20673625710603,17.37872458225012,19.892208035672564,25.637021184445658
parallelogram,21.909753660686444,16.572372624798525,0.0,12.192742031287857,25.65430665314386,23.906167774102734,23.865927698794426,20.763467308994212,19.053913933640032,17.60500476707064,22.017044486478564
losange,26.597628672242223,23.155275307640103,12.192742031287857,0.0,27.498126664562495,27.39645000909976,27.252477015465754,23.615068234078272,22.905064565259075,19.00681866705649,20.304014292907784
isoTrapezoid,18.900814816011614,24.394954889749414,25.65430665314386,27.498126664562495,0.0,17.525071489126514,15.997218717914908,25.391330516798938,25.823952674228046,16.662764261786673,20.885002030221212
kite,16.78562767475363,19.69661613532698,23.906167774102734,27.39645000909976,17.525071489126514,0.0,13.546880595102856,24.72318998120077,23.5377322018925,21.125887055310777,24.51264325034446
rightKite,16.53113315256172,20.486608513951516,23.865927698794426,27.252477015465754,15.997218717914908,13.546880595102856,0.0,23.726028607277584,23.51874034255739,17.158709152261352,23.615016931304883
rustedHinge,22.278830526342364,20.20673625710603,20.763467308994212,23.615068234078272,25.391330516798938,24.72318998120077,23.726028607277584,0.0,8.027168870030627,21.98157393325664,23.069729586968705
hinge,20.893995679770505,17.37872458225012,19.053913933640032,22.905064565259075,25.823952674228046,23.5377322018925,23.51874034255739,8.027168870030627,0.0,21.471100339043904,22.648366828651497
trapezoid,17.79803000908709,19.892208035672564,17.60500476707064,19.00681866705649,16.662764261786673,21.125887055310777,17.158709152261352,21.98157393325664,21.471100339043904,0.0,14.355701339324582
random,23.995289292035093,25.637021184445658,22.017044486478564,20.304014292907784,20.885002030221212,24.51264325034446,23.615016931304883,23.069729586968705,22.648366828651497,14.355701339324582,0.0
