,square,rectangle,parallelogram,losange,isoTrapezoid,kite,rightKite,rustedHinge,hinge,trapezoid,random
square,0.0,18.817077059283505,26.359914551037516,31.186163078798817,16.637771901923518,14.627050525905654,13.067480710893445,22.03034825467449,20.90746100738563,18.96059851372855,25.672464387886688
rectangle,18.817077059283505,0.0,17.785190006028735,25.27672714841737,26.39920857995704,21.586995954545284,21.29229766091833,18.373596451226884,14.765102657316024,22.799161890162534,29.335546409555615
parallelogram,26.359914551037516,17.785190006028735,0.0,15.710569942989332,29.50682994100171,28.404380836890937,25.784343497908797,22.94685809205029,19.67696149942968,20.965848843479257,26.986372290420807
losange,31.186163078798817,25.27672714841737,15.710569942989332,0.0,31.129645614241856,32.14025832572579,29.96604506752061,25.77849196575396,24.234242976423303,21.975144011717973,23.378008015939987
isoTrapezoid,16.637771901923518,26.39920857995704,29.50682994100171,31.129645614241856,0.0,16.744714148516014,15.68762573327484,27.58872179105084,27.364645240332877,18.35543390385074,22.02054831297368
kite,14.627050525905654,21.586995954545284,28.404380836890937,32.14025832572579,16.744714148516014,0.0,12.598400803660457,26.100839590066744,25.55511856479722,24.057121649154674,28.6576358446094
rightKite,13.067480710893445,21.29229766091833,25.784343497908797,29.96604506752061,15.68762573327484,12.598400803660457,0.0,25.388075128370804,24.642799260603045,17.937278719293012,25.757541136910753
rustedHinge,22.03034825467449,18.373596451226884,22.94685809205029,25.77849196575396,27.58872179105084,26.100839590066744,25.388075128370804,0.0,7.366839761489285,24.149093157849503,26.67774231590623
hinge,20.90746100738563,14.765102657316024,19.67696149942968,24.234242976423303,27.364645240332877,25.55511856479722,24.642799260603045,7.366839761489285,0.0,22.791699858341815,26.292109842654952
trapezoid,18.96059851372855,22.799161890162534,20.965848843479257,21.975144011717973,18.35543390385074,24.057121649154674,17.937278719293012,24.149093157849503,22.791699858341815,0.0,15.57607038227418
random,25.672464387886688,29.335546409555615,26.986372290420807,23.378008015939987,22.02054831297368,28.6576358446094,25.757541136910753,26.67774231590623,26.292109842654952,15.57607038227418,0.0
