,square,rectangle,parallelogram,losange,isoTrapezoid,kite,rightKite,rustedHinge,hinge,trapezoid,random
square,0.0,20.15106760426217,30.308788454659158,37.79338750103001,23.469002683158227,22.377854681677306,20.40303974077594,30.318938102846168,27.73060221564155,23.997691382624847,34.050939711870065
rectangle,20.15106760426217,0.0,22.126518061812686,32.534214618686455,32.098691690212846,27.20651683186042,26.955393303073365,28.633403915146893,24.269128591575267,27.455868258737812,37.04479591901718
parallelogram,30.308788454659158,22.126518061812686,0.0,16.77988715267629,31.273667899756973,29.447107277681027,28.797019809792026,26.706922445396934,23.876793092137078,22.406754270293817,30.137876492992937
losange,37.79338750103001,32.534214618686455,16.77988715267629,0.0,34.35748113644201,35.186523775103296,34.26153422254969,29.54272786464819,28.787880199673147,24.94742492316807,27.057173731961218
isoTrapezoid,23.469002683158227,32.098691690212846,31.273667899756973,34.35748113644201,0.0,20.902897485104578,18.32516080127719,31.106636074083415,31.32314931471378,18.78759320092921,26.203316756484398
kite,22.377854681677306,27.20651683186042,29.447107277681027,35.186523775103296,20.902897485104578,0.0,14.725244031544404,29.485882983324554,27.66429190332372,25.45861662355953,30.610760220742648
rightKite,20.40303974077594,26.955393303073365,28.797019809792026,34.26153422254969,18.32516080127719,14.725244031544404,0.0,28.473031019879198,27.49517658435757,20.008520857876718,29.38501847536465
rustedHinge,30.318938102846168,28.633403915146893,26.706922445396934,29.54272786464819,31.106636074083415,29.485882983324554,28.473031019879198,0.0,10.098250338044831,27.10364761537804,28.61864600054402
hinge,27.73060221564155,24.269128591575267,23.876793092137078,28.787880199673147,31.32314931471378,27.66429190332372,27.49517658435757,10.098250338044831,0.0,26.100464242556143,28.484302003007386
trapezoid,23.997691382624847,27.455868258737812,22.406754270293817,24.94742492316807,18.78759320092921,25.45861662355953,20.008520857876718,27.10364761537804,26.100464242556143,0.0,19.536875978421072
random,34.050939711870065,37.04479591901718,30.137876492992937,27.057173731961218,26.203316756484398,30.610760220742648,29.38501847536465,28.61864600054402,28.484302003007386,19.536875978421072,0.0
