,square,rectangle,parallelogram,losange,isoTrapezoid,kite,rightKite,rustedHinge,hinge,trapezoid,random
square,0.0,18.244290715233312,22.40105308360901,27.4925000849726,14.343989202519944,11.72369435909126,9.89227289397679,19.02319342771678,18.373478476919548,15.657632276034484,21.895353560802533
rectangle,18.244290715233312,0.0,12.783863728717035,20.093939527378307,23.67556486717233,19.13571341815406,18.944671492326354,14.798523800334603,11.65397947680075,19.64866555173872,24.777420057440185
parallelogram,22.40105308360901,12.783863728717035,0.0,14.433680735020163,25.442261956976704,23.131853162141944,21.675436495742243,17.56285816487796,14.644584950353183,19.105323400456072,24.065588903764585
losange,27.4925000849726,20.093939527378307,14.433680735020163,0.0,27.202985919288693,27.162441517268583,26.306335060221954,20.003108597998015,18.836604977125525,20.722963461244664,20.809858862630914
isoTrapezoid,14.343989202519944,23.67556486717233,25.442261956976704,27.202985919288693,0.0,14.579139690816607,13.724210924076727,23.565459023224346,23.47814193364296,15.351748336932177,19.18222754803645
kite,11.72369435909126,19.13571341815406,23.131853162141944,27.162441517268583,14.579139690816607,0.0,10.1480105721644,21.730504431375344,21.256611872786745,19.4164917236726,23.544967655177505
rightKite,9.89227289397679,18.944671492326354,21.675436495742243,26.306335060221954,13.724210924076727,10.1480105721644,0.0,20.757843507127326,20.16492432911785,15.055396513795298,22.496732803380684
rustedHinge,19.02319342771678,14.798523800334603,17.56285816487796,20.003108597998015,23.565459023224346,21.730504431375344,20.757843507127326,0.0,6.044215585947995,19.78976019139727,21.702923964676593
hinge,18.373478476919548,11.65397947680075,14.644584950353183,18.836604977125525,23.47814193364296,21.256611872786745,20.16492432911785,6.044215585947995,0.0,18.896753770266628,21.892829379157856
trapezoid,15.657632276034484,19.64866555173872,19.105323400456072,20.722963461244664,15.351748336932177,19.4164917236726,15.055396513795298,19.78976019139727,18.896753770266628,0.0,15.268376643439133
random,21.895353560802533,24.777420057440185,24.065588903764585,20.809858862630914,19.18222754803645,23.544967655177505,22.496732803380684,21.702923964676593,21.892829379157856,15.268376643439133,0.0
