,square,rectangle,parallelogram,losange,isoTrapezoid,kite,rightKite,rustedHinge,hinge,trapezoid,random
square,0.0,18.563251550050627,29.065414726373614,35.32665456526957,23.631275090723864,22.808650516900684,22.02157470924116,27.648897163547854,26.18040300655975,24.420020156737326,31.876072724279858
rectangle,18.563251550050627,0.0,20.798406335954116,30.34266000553568,30.2211339138327,26.111174584964836,26.050500352827306,24.644911581711533,21.57479943785609,26.01522766703307,33.82658412733545
parallelogram,29.065414726373614,20.798406335954116,0.0,17.675246776649455,31.43899721413642,29.52960877555847,28.27109540836192,25.53250640686903,23.715961706829308,22.93420159110182,30.59974408148577
losange,35.32665456526957,30.34266000553568,17.675246776649455,0.0,32.88801533855605,33.3261416275362,31.683381087147065,28.158509075196022,27.828402551434785,23.336880907737918,26.84959592409896
isoTrapezoid,23.631275090723864,30.2211339138327,31.43899721413642,32.88801533855605,0.0,19.717286960704033,17.779255259228137,28.376490884869412,28.92515642268954,18.949632285952244,23.514354735481483
kite,22.808650516900684,26.111174584964836,29.52960877555847,33.3261416275362,19.717286960704033,0.0,13.746898985587777,27.22562681305332,26.03540482952785,24.555505361154317,27.953616061732575
rightKite,22.02157470924116,26.050500352827306,28.27109540836192,31.683381087147065,17.779255259228137,13.746898985587777,0.0,25.870259220717337,25.41786496110557,19.07830189495893,25.67211437432457
rustedHinge,27.648897163547854,24.644911581711533,25.53250640686903,28.158509075196022,28.376490884869412,27.22562681305332,25.870259220717337,0.0,8.854423315990024,25.506782146654583,26.751881708663994
hinge,26.18040300655975,21.57479943785609,23.715961706829308,27.828402551434785,28.92515642268954,26.03540482952785,25.41786496110557,8.854423315990024,0.0,25.239265127485123,26.706466123247125
trapezoid,24.420020156737326,26.01522766703307,22.93420159110182,23.336880907737918,18.949632285952244,24.555505361154317,19.07830189495893,25.506782146654583,25.239265127485123,0.0,17.580498666426553
random,31.876072724279858,33.82658412733545,30.59974408148577,26.84959592409896,23.514354735481483,27.953616061732575,25.67211437432457,26.751881708663994,26.706466123247125,17.580498666426553,0.0
