,square,rectangle,parallelogram,losange,isoTrapezoid,kite,rightKite,rustedHinge,hinge,trapezoid,random
square,0.04683624477032153,0.052927493242025954,0.05692393291749661,0.0613792123019164,0.05078268598583557,0.049312535695275654,0.048887122523549015,0.05448126517279309,0.05355758415832038,0.05196807857866982,0.05587738104443304
rectangle,0.05292749324202594,0.04693021713177911,0.05168855829471656,0.055868446712934304,0.0572989374734415,0.053793038601345496,0.053827366145333615,0.05172946350441248,0.04976199732087698,0.05489436540356726,0.05819350695464427
parallelogram,0.05692393291749661,0.05168855829471656,0.0499699189628984,0.054248109196523404,0.059497264359639104,0.0576913601486482,0.05687699107591233,0.054956798273723635,0.0529712241508726,0.05661250534237543,0.059536515884267796
losange,0.0613792123019164,0.055868446712934304,0.054248109196523404,0.05124340565402346,0.06156503044675512,0.06120466985811713,0.06115110052963681,0.05676937939580158,0.055590344001605514,0.05851639966587249,0.0582719929336617
isoTrapezoid,0.05078268598583557,0.05729893747344151,0.059497264359639104,0.06156503044675512,0.04789262583261261,0.05130609288117805,0.05117275632931869,0.05797212642549385,0.05749229908979168,0.05292271225275428,0.05544610593488732
kite,0.049312535695275654,0.053793038601345496,0.0576913601486482,0.06120466985811713,0.05130609288117805,0.047176275922425064,0.04919228019056452,0.0563648231876775,0.055528918090637154,0.054078893385193255,0.057091282345143636
rightKite,0.048887122523549015,0.053827366145333615,0.05687699107591233,0.06115110052963679,0.05117275632931869,0.04919228019056452,0.04768443137402671,0.05585494556171704,0.05492533119554626,0.052331383469787635,0.05698896299932963
rustedHinge,0.05448126517279308,0.05172946350441249,0.054956798273723635,0.05676937939580158,0.05797212642549385,0.05636482318767749,0.05585494556171704,0.04974460783036694,0.04960908762917379,0.05612388745446865,0.057513075397677936
hinge,0.05355758415832038,0.04976199732087698,0.05297122415087262,0.055590344001605514,0.05749229908979167,0.055528918090637154,0.05492533119554626,0.04960908762917379,0.048284476000624986,0.0550879147365696,0.05713317103908158
trapezoid,0.05196807857866982,0.05489436540356726,0.05661250534237543,0.05851639966587248,0.05292271225275428,0.054078893385193255,0.052331383469787635,0.05612388745446865,0.0550879147365696,0.049256047360337965,0.05391717206295895
random,0.05587738104443304,0.05819350695464427,0.05953651588426781,0.0582719929336617,0.05544610593488732,0.05709128234514362,0.05698896299932963,0.057513075397677936,0.05713317103908157,0.053917172062958936,0.05012716654702215
