,square,rectangle,parallelogram,losange,isoTrapezoid,kite,rightKite,rustedHinge,hinge,trapezoid,random
square,0.12770088868578014,0.1813313238444055,0.3124466165883938,0.4447730329629345,0.4284404975542046,0.3658109510861184,0.3845585051850567,0.4650313614809393,0.4309471702416027,0.3757948374038713,0.5216658366483848
rectangle,0.1813313238444055,0.13460460132853047,0.27170509049778185,0.4302716525853687,0.4716522404416599,0.3961294474855945,0.41127432359198557,0.45772731124401267,0.4144315687005602,0.39854678722511777,0.5494326753711503
parallelogram,0.3124466165883938,0.27170509049778185,0.19615773795131985,0.2775058398158246,0.40837907720637207,0.3729221114416688,0.3695551876604811,0.39484045646961285,0.36043655400431,0.3126686673779774,0.4467211187104227
losange,0.4447730329629345,0.4302716525853687,0.2775058398158246,0.198142837943325,0.366985823129808,0.3756967005210505,0.3563700040343706,0.36921409550072276,0.3587947014892433,0.2804248809267506,0.35289619342295664
isoTrapezoid,0.4284404975542046,0.47165224044166,0.40837907720637207,0.366985823129808,0.15428250106914518,0.261095551347668,0.22233961561438464,0.3169835276640579,0.3300608929836676,0.24957543273051133,0.26028692937334785
kite,0.36581095108611833,0.3961294474855945,0.3729221114416688,0.37569670052105053,0.261095551347668,0.17105452636859667,0.1925890000966025,0.3309256661261766,0.3192356666587203,0.31993325923029914,0.36531217975364616
rightKite,0.38455850518505674,0.41127432359198557,0.3695551876604811,0.3563700040343705,0.22233961561438467,0.19258900009660251,0.14767858091095445,0.28664099527722986,0.2831517854985918,0.27185104968656154,0.3187615503755579
rustedHinge,0.4650313614809393,0.45772731124401267,0.39484045646961285,0.36921409550072276,0.31698352766405796,0.3309256661261766,0.28664099527722986,0.1493639366890589,0.17319884436626337,0.3287082260349042,0.3095818702306465
hinge,0.4309471702416027,0.4144315687005602,0.36043655400431,0.3587947014892433,0.3300608929836676,0.3192356666587203,0.2831517854985918,0.17319884436626334,0.16164354440836237,0.32209526798453736,0.3224127425025848
trapezoid,0.3757948374038713,0.39854678722511777,0.3126686673779774,0.2804248809267506,0.24957543273051128,0.3199332592302992,0.27185104968656154,0.3287082260349042,0.32209526798453736,0.18854527501107088,0.2645928673376548
random,0.5216658366483848,0.5494326753711503,0.4467211187104227,0.3528961934229567,0.26028692937334785,0.36531217975364616,0.31876155037555787,0.3095818702306465,0.3224127425025848,0.2645928673376548,0.17590843384904598
