,square,rectangle,parallelogram,losange,isoTrapezoid,kite,rightKite,rustedHinge,hinge,trapezoid,random
square,0.03918647973456087,0.05251273024038984,0.06322248060936904,0.07278976883528249,0.04787328322947285,0.0458236492206412,0.04350215833663018,0.05521252292609365,0.0540299078227455,0.05004555611013108,0.06099425670137922
rectangle,0.05251273024038984,0.04092556852185644,0.05014865728314414,0.060411416171620005,0.06493170126034696,0.056176890520713514,0.05478236347509947,0.05111367553876165,0.04733981706348971,0.05666405638161084,0.06830203587163781
parallelogram,0.06322248060936904,0.05014865728314414,0.04463003862262609,0.051127565772700306,0.07051998836916096,0.06599558528710076,0.062946665737405,0.05584364149596041,0.051772088515564495,0.05697228168458383,0.06536390756972543
losange,0.07278976883528247,0.060411416171620005,0.051127565772700306,0.04427582113762403,0.07418990024529784,0.07293467179948462,0.07079372030594513,0.05987085737344599,0.05769195209820543,0.0599158699440755,0.059677150306994164
isoTrapezoid,0.04787328322947285,0.06493170126034696,0.07051998836916096,0.07418990024529784,0.04110979799922944,0.04932903879101015,0.0476630539781972,0.0640998839781772,0.06443620681765962,0.051859252856480756,0.05789158268953047
kite,0.0458236492206412,0.056176890520713514,0.06599558528710076,0.07293467179948462,0.04932903879101015,0.04008740724116805,0.04414913080579598,0.06126830289986036,0.060781242591815346,0.05737033813637712,0.06601316823645191
rightKite,0.04350215833663018,0.05478236347509947,0.062946665737405,0.07079372030594513,0.0476630539781972,0.04414913080579598,0.040364015017563856,0.0591619263273905,0.05799367723703417,0.050808319439245304,0.06281430734515983
rustedHinge,0.05521252292609365,0.05111367553876165,0.05584364149596041,0.05987085737344599,0.06409988397817722,0.06126830289986036,0.0591619263273905,0.04337197757958417,0.04403839505954551,0.05690720541776362,0.061222494413904996
hinge,0.0540299078227455,0.04733981706348971,0.051772088515564495,0.05769195209820543,0.06443620681765962,0.060781242591815346,0.05799367723703417,0.04403839505954551,0.04230041246392891,0.05515595638569041,0.06153180910020691
trapezoid,0.05004555611013108,0.05666405638161084,0.05697228168458383,0.0599158699440755,0.051859252856480756,0.05737033813637713,0.050808319439245304,0.05690720541776362,0.0551559563856904,0.04170935913174259,0.049667576203218086
random,0.060994256701379215,0.06830203587163783,0.06536390756972543,0.059677150306994164,0.05789158268953047,0.0660131682364519,0.06281430734515983,0.061222494413904996,0.06153180910020691,0.0496675762032181,0.043150363709242426
