,square,rectangle,parallelogram,losange,isoTrapezoid,kite,rightKite,rustedHinge,hinge,trapezoid,random
square,110.88835081050436,134.8127995340163,204.00386143501692,224.35481084950266,233.9492745384721,239.32678453834657,233.71125361008424,246.13374641203035,234.24196078566044,229.20451959054301,265.0438181590778
rectangle,134.8127995340163,114.18768494393265,200.65026945958903,222.97503456216995,243.96325831404843,246.06473391525302,242.08467095081497,248.56468638153626,235.15541752798737,233.97846713713426,270.1583129444534
parallelogram,204.00386143501692,200.65026945958905,151.70557520654947,175.1984502820396,234.41206330964124,238.00343925412943,235.91581560067587,241.92277442265984,232.0865065500183,208.19321902767132,247.28414839434728
losange,224.35481084950268,222.97503456216995,175.19845028203957,151.10705830027723,233.1908297572129,236.6729544308795,231.85808966703942,235.45264774851864,229.24819387122918,209.96476281482668,233.83682435819424
isoTrapezoid,233.94927453847205,243.96325831404846,234.41206330964124,233.1908297572129,130.57411788304879,182.1557959933443,179.73425379681606,214.47074443919632,211.00634862040124,189.49917175623264,196.91164664760615
kite,239.32678453834657,246.06473391525302,238.00343925412943,236.67295443087957,182.1557959933443,139.481428264859,155.8822873238151,200.8465686022211,192.40368079665294,206.84628038582517,193.38808419806108
rightKite,233.71125361008424,242.084670950815,235.91581560067587,231.85808966703942,179.7342537968161,155.8822873238151,135.5690732857439,189.1236708762402,185.71593554403304,205.0486217377641,193.87365530431254
rustedHinge,246.13374641203032,248.56468638153632,241.92277442265984,235.4526477485186,214.47074443919632,200.8465686022211,189.1236708762402,152.13976073396566,164.67909785892837,228.03309205958408,212.88701736020903
hinge,234.24196078566044,235.15541752798737,232.0865065500183,229.24819387122918,211.00634862040124,192.40368079665294,185.71593554403304,164.67909785892837,151.86399485236856,219.13120169932716,207.95257245550135
trapezoid,229.20451959054301,233.9784671371343,208.19321902767132,209.96476281482668,189.49917175623264,206.84628038582522,205.04862173776417,228.03309205958408,219.13120169932716,145.79533731041855,196.58673509455278
random,265.0438181590778,270.1583129444534,247.28414839434728,233.83682435819418,196.91164664760615,193.38808419806108,193.8736553043125,212.88701736020903,207.95257245550135,196.58673509455278,140.46168611460223
