,square,rectangle,parallelogram,losange,isoTrapezoid,kite,rightKite,rustedHinge,hinge,trapezoid,random
square,8.193694544512953,10.753058367882629,16.840771062650873,18.16249312738596,20.37609278834786,21.119099277969116,20.678056536512646,23.125441900720478,21.943934413305602,18.711165074842796,22.832041108535055
rectangle,10.753058367882629,8.482371368344385,16.65142645601218,18.52944524236061,21.424326012692603,21.83902719662245,21.53924463557322,23.434492029497022,22.05941287490711,19.379765424401594,23.545989312119204
parallelogram,16.840771062650873,16.651426456012178,12.384682270230304,14.494350010855253,20.828860669999717,21.132594493289016,20.933683114378415,22.562616060013372,21.50923231882085,17.849846400843024,21.889189416518132
losange,18.162493127385957,18.529445242360612,14.494350010855253,12.336611329114843,20.45013912005138,20.857497030508437,20.456593700238535,22.12048107870165,21.380136578326443,17.700919545966485,20.58962028247873
isoTrapezoid,20.37609278834786,21.424326012692603,20.828860669999717,20.450139120051375,10.44515004236674,16.286034757747764,16.36426216809509,20.728815065695485,20.102141870139956,15.571040283736295,17.489372962472423
kite,21.11909927796912,21.83902719662245,21.132594493289016,20.857497030508437,16.286034757747764,11.883657789739564,13.366319494555405,18.765793091416466,17.61695655823975,17.319082357276947,16.688527673523964
rightKite,20.678056536512642,21.53924463557322,20.933683114378418,20.45659370023854,16.36426216809509,13.366319494555405,11.721195723558923,17.65190145624269,17.02565860203639,17.573850851374456,17.17006167143783
rustedHinge,23.12544190072048,23.434492029497022,22.562616060013372,22.120481078701655,20.728815065695485,18.765793091416466,17.65190145624269,14.628763800203387,15.651301052700939,21.06865084876938,20.09497228063843
hinge,21.943934413305605,22.059412874907114,21.50923231882085,21.380136578326443,20.10214187013996,17.61695655823975,17.02565860203639,15.651301052700937,14.235140983289496,19.992731741503793,19.336892021583004
trapezoid,18.711165074842793,19.379765424401594,17.849846400843024,17.700919545966485,15.571040283736295,17.319082357276944,17.573850851374456,21.06865084876938,19.992731741503793,11.493146903697497,16.57193018809541
random,22.832041108535055,23.5459893121192,21.889189416518132,20.58962028247873,17.489372962472423,16.688527673523968,17.17006167143783,20.09497228063843,19.336892021583004,16.57193018809541,11.641722023376389
