,square,rectangle,parallelogram,losange,isoTrapezoid,kite,rightKite,rustedHinge,hinge,trapezoid,random
square,211.66243051813572,248.59778968802553,341.0432075527801,380.0613252410978,314.60310597075755,325.82033375739775,304.5985528500914,307.66461021681204,299.2279332827384,321.58514680281564,417.75305029578317
rectangle,248.59778968802553,198.88589028095933,297.58888725823385,351.72096385109114,356.1245086777782,351.06333972697075,332.02616386479025,301.7197638368137,282.5747588845114,334.8496484890945,441.9786043382247
parallelogram,341.0432075527801,297.58888725823385,257.5288463800606,307.2034968136929,392.3000875321724,383.8368123156558,363.1604717160295,336.243865937148,316.84971088874926,340.1276361167994,427.7298738783711
losange,380.0613252410978,351.72096385109114,307.2034968136929,276.3696856282647,407.5443102245278,403.84175665359754,380.62487622174484,360.48228718409536,348.6731046030722,347.06061580329634,409.2130994472843
isoTrapezoid,314.60310597075755,356.1245086777782,392.3000875321724,407.5443102245277,266.5458519766059,312.0747608543575,300.8547969574573,350.97993240629387,350.084715501866,313.6969398735623,369.86564648852743
kite,325.8203337573977,351.06333972697075,383.8368123156558,403.84175665359754,312.0747608543575,277.91184654184616,291.1712139351956,348.9654708787735,346.3368740184886,340.69548758996973,402.2399642848878
rightKite,304.59855285009144,332.0261638647903,363.1604717160296,380.62487622174484,300.8547969574573,291.1712139351956,259.77895549855003,334.32253468485624,332.91013594059694,315.0747386104365,384.6878626295041
rustedHinge,307.66461021681204,301.7197638368137,336.243865937148,360.48228718409536,350.97993240629387,348.9654708787735,334.32253468485624,250.1046245871601,260.79505793535253,343.64909257546657,409.6205396127972
hinge,299.2279332827384,282.5747588845114,316.8497108887492,348.6731046030722,350.084715501866,346.3368740184886,332.91013594059694,260.79505793535253,245.34174454754248,335.99864942852315,409.69005572280076
trapezoid,321.58514680281553,334.8496484890945,340.1276361167994,347.0606158032964,313.6969398735623,340.69548758996973,315.07473861043644,343.64909257546657,335.99864942852315,272.2475496928576,349.09609535309846
random,417.75305029578317,441.9786043382247,427.7298738783711,409.2130994472843,369.8656464885275,402.2399642848877,384.68786262950414,409.6205396127972,409.69005572280076,349.09609535309846,333.61382717443803
