,1610555604.25mOvVXuL01OCiReyVWBfesjuvXmB3MoPy,1610555605.43B6oDsBtWRQ29Q9UMQuTUEPZy3FSSWXzc,1610555610.92HPGJJSmyPM40z7otPBgHalNrHFA7zk5d,1610555606.68LaSQbm9EHAFycEfFtEqAwYqlBsQPjIRW,1610555617.19EKxMEwDHfXiEJZc27TsGoERaD6Da4BZU,1610555722.52PJ3FD50MGhRXyUD28vluU8Z9UjLJLZn4,1610555617.52Ijr5puT55g9apK8auM7zaxa3NANg502t,1610555638.77ZLjTLkz4jYJdFMI2wWBztzsDILkoOtAk,1610556912.46C7tJPLF0XfNnm8f1820X9aLmXMHoc0Dw,1610555617.51LjzIROg0aeCP2GhDcAVQ0LipKJB9jmKc,1610555608.17OpjjHobqRkX0UPcaXrbu7K6L3805SZri,1610555721.82zWeNZfGUUfRJkgnAwlP8VMhPzXctnSd4,1610555735.75bom85BDF0C7W2eIseHeMxi24qR68nzMi,1610555735.77NnT5xqKnwcf2BbjIekeb2arTQj6QMNwk,1610555638.33wjf1PhdNaoWfbRzXVn50hmFyB5bYAiLV,1610555606.65jCE4ig8Pu8kvAzkxnSGfWsV0nQBjCf8H,1610555608.18ONsBCVo1i7BrX0XG9stct4oiA6ejX9Oz,1610555721.51RNoQUMP19FTMS79BmA3JkgSm2IC2AQuQ,1610555971.86O0cHB2ibBJ8jxoObg01EpGe8VVV5mpwn,1610556911.51zU3duZSGpcw1BDNsBLxdOCITAXwl6z3i,1610555988.71dMoYT8250UHHJGxgmITTmbHe7V6gH1yU,1610556042.81mlUZsSp7gbGjrp8jQSnybT1gPy6e62o1,1610555637.02UBW5nKvDyUrKnaWcYRGajZPxTRDS0q3N,1610555619.13oUYNikU4facCTpUSiSLr0vPI0tJLnXiT,1610555721.03nzkucfjAUh31zTbmCVvTVYqtjoxZFnBh,1610555722.67fhKURdXVzRbLIjXmjRwdJHTnE7PWb1AE,1610555638.39J2ZWBLuLTHP0jOlzB4tNHmYeijH5g5YJ,1610556032.17Q6yCDx9g7alRnL9jBFXD2JhhUyB2hKfJ,1610557007.49MyVgDnuUuBxrvL6SGOdhKf69VYlW1MSm,1610555638.44hjT5hbYdKoE3MB6hijrjqbjmLgvCUYKD,1610555608.13zUvmFSCRt6SsLbhqFznMEvGx54GPGQzM,1610556038.62a5C4ynd1AARyAhTv8a58NCqHvXRjscqH,1610555644.45Xse8u7pusHNsd7F3d0A32HXvXr6weOJE,1610556038.62gKXOCG7XCn55eJvyl5voNjbwOW0znQDq,1610555987.13v0oleKK97pkesp6oMgprH8SoSdoDVdIO,1610556964.96ZLLeiQW0qpmxhPGTg7K03fmzkqsC2bjC,1610555987.13VQlEedQ50VvkPMEMzZDv3KNnQCewykN9,1610555982.186TY6MMGkDecIN1woW6vsfAMXVV7jnyjO,1610555982.673LuMndkwkvdmZOn0MmE2Pkidx0FtNalb,1610555733.38zItcuH7gHNfKdALR2d9Nek6bxCyw36Vm,1610556034.15BQxSbZINGCay0yp6RBVlgcPrw76Yn9ON,1610555639.37BPZpgtGml8qUsh9AdV4m32jPLfI2aNFq,1610556965.57S0adAalhWYe6K3bkZU0bRHbqnDK8gGkR,1610555983.54zteLPCMjyrjzPdhHhlZr3faCgD0TfYr3,1610555987.79rHnNRmt9a0ufmnwCvZqBouyUoZDNpylW,1610556960.041xWER61rmArlsKfiMl4frikWmUCnQ7op,1610556035.13a7NHZDutfTMJ88qle1gTYY59Dr4WmMsj,1610556890.456ZBDaY16bMtrTZTqAgHl3wq1tRxzqDow,1610555760.24e6890pkbyZ97Or6croI1rQgjkSsR0yVt,1610556043.02YpWMIJg3W004iqlPyv8OcVAZdSC5rNYw,1610555987.03z05P26TLtONYM1HSzupoc2CeNMa6HTqr,1610556032.15OYCzUxpsz7b10AXBAuDXrvEcvxFhf0M7,1610556032.63Z80yI9pNwS3jSmsDABbuhf8wkNa2Ze9y,1610555736.28eGuESasTXdR3SqY6pHhEXWZtcdciYLCO,1610556034.61bebeZA0MkaFG2sm3VKiqrxeqQginTTW0,1610556944.5XwXOphKYT3ZkWA8gViqOS97VHVuMVUqb,1610556944.745UVLFBzf7fPh4UH37I6tYQOFPqRDytEh,1610556034.63XsUwaFaPZevO1JNFjfhvY4aKNFnV4noV,1610556964.89xwBHw9faT1HjQRMNQEyA4qJ3hWkwgj3k,1610556966.74DydzH91jtyvRyYau47JpVkZoMRSNTt01,1610555740.77UueVziDbaXyRR4OcVJIIZyzOfAzN51bj,1610556046.84e3vwjyRCzqz0wJQhrk8zsxlFfFSv98Df,1610556137.99eoPuVrDThKAOvmeprLPb2FWRqIhzUodc,1610555740.73XFwSrmTXJPlaxGZSefh0jOVA8PI3III1,1610556123.88AOfNaz9jSnqU5Czc7okOv1RCrYfKFBTo,1610556046.85nB7NvyoYQeLcOV391Lmmut1wAM8CFGLw,1610556123.89H4pdIAzDthI7bMXMhlIhKUYIQIvtmPPQ,1610555740.87GOYQUJKpkynIS2lFqppYK4b32ol7NeGh
1610555604.25mOvVXuL01OCiReyVWBfesjuvXmB3MoPy,0.0,70.62125526968858,29.089526592526013,68.36651058079703,52.20389919450448,64.1642962410827,53.984319140458446,32.709008112023774,45.28745875414885,65.5592389494789,71.13517547173224,71.69419228248891,74.71086496402228,50.70895231160583,72.66893118466834,67.77830415726065,73.29047674649027,73.19174180023452,56.19461968408999,64.28679658726466,72.41452191390384,76.51939890099915,59.47479217464777,33.25611532935396,66.30588955249785,63.79402945598628,56.22587329593346,73.12580941434602,72.19224726934885,60.45913552520024,63.876311369641556,61.09227215123094,71.81298465043896,72.14762000245108,70.39105547614642,68.24932217069282,68.6659183696356,70.42511939328206,70.27906518644849,75.31754716341277,72.43615601820775,72.68683967776768,70.95183727930205,68.4026836900291,72.07569654676705,73.93559240628413,70.86882582554875,64.29080997936458,67.61421269734231,74.68376693949541,67.68891398908298,64.06007291948957,72.76971783824281,75.77915856545073,64.98757987955764,64.89209290465234,68.00186392531944,71.01400794592315,65.62899578285707,65.10050685360629,75.53543062265007,80.23555127378981,73.46612457591387,73.8145462216933,68.13320259851658,77.17142176562564,68.67954110960451,74.75785751031633
1610555605.43B6oDsBtWRQ29Q9UMQuTUEPZy3FSSWXzc,70.62125526968858,0.0,73.04628917402212,56.85896288678531,72.34735826565156,71.23983482061432,72.03710370801998,73.41464312272245,75.09384861924643,72.84865781621889,58.77961545821365,69.12349741410334,72.08531272250505,76.65561973497348,67.32673031952197,71.9432482262337,63.33328176624846,39.65140352690885,72.31922563976161,73.02572523190985,72.14737193645111,64.1414143648479,68.4865644891983,73.19812246208488,67.0338907618945,74.22644061639971,74.16020789296762,69.46214848414098,66.77813331937298,67.08057984421511,73.54990479376815,67.5408976871225,73.8461945924724,68.36385397371834,72.02632032984205,72.32384411109113,74.63150687108066,65.60553860957312,54.349293399582514,81.58450434748443,68.49385188961861,63.91824886382396,74.30890915921242,63.94016279556495,51.02990245957678,41.35688725194218,79.17762577432508,76.38470409285006,72.23662224190565,80.43117089900915,73.66225911107085,77.03308787165284,74.22945904004929,63.92640191712108,72.880248214268,70.16452772620718,68.55107975704742,73.56771962234325,74.21693013712492,66.33185846366761,62.5100876607478,65.38572343971089,73.55310861328572,64.21923400784031,72.81384990781001,63.48357554261824,77.78658195182805,64.55244215504112
1610555610.92HPGJJSmyPM40z7otPBgHalNrHFA7zk5d,29.089526592526013,73.04628917402212,0.0,69.20857807604301,53.35200655592799,65.44856759696695,50.175616828058736,31.18463007846763,47.0197389371314,67.92175838813404,71.7286162657781,73.37404451621666,76.85177471079227,47.28923280692799,74.30939640505642,69.21263107442545,74.2386641524954,75.06842235368346,58.37655966726035,66.30438227678404,73.9899201236436,77.7899082338896,61.68592579042935,32.31422097761378,67.99727959025223,64.91756712595978,57.51903139542788,73.93015422506443,72.43077911604814,60.775456640276,65.7760622917967,63.92241750968885,73.87607172776656,73.68202831455199,72.02149419757133,69.77703579372671,70.17129784218449,71.95800428424073,72.34557477755865,76.83384799264323,72.69041700498654,74.77979371478048,72.18400690637452,69.63922336293415,73.91091328364422,75.31734010169221,72.13619450346089,66.47114983398862,69.74249367943253,75.92415379016059,69.17808426812626,64.83605019682628,74.25332830289014,77.3927104370229,65.9507152950749,66.43927534532065,69.40800735971558,72.22607203473709,67.10941964851588,65.61928696585689,76.88958008003365,81.50333904787362,74.70923184020374,75.32012896834733,69.7511187680869,78.8832650964753,70.74767786031329,75.69069216092522
1610555606.68LaSQbm9EHAFycEfFtEqAwYqlBsQPjIRW,68.36651058079703,56.85896288678531,69.20857807604301,0.0,70.61895619548717,71.7477386734143,70.33861198726382,70.32537773879906,72.52571774456565,74.74715079109177,54.561309912152595,62.5041930734162,78.53513047257421,74.17482840644799,68.83950395747213,67.51385120319034,64.28101283047701,61.44635639546848,70.8004745910696,69.23741753089435,66.5889182781926,67.59516651878862,71.62822880925373,70.36871425539543,71.80794579742867,73.48869198256014,69.73745292023999,65.9427446314899,69.50306559564837,70.65826990408935,69.03554961473641,70.50328097277831,77.52307202711185,72.01869491343324,64.58009911655054,63.069107478018246,69.64224892425544,69.9215455693047,59.907068537141946,77.3385084370542,60.97382954484579,61.48315133184499,67.99967581212334,60.33878755770801,64.53460983738162,62.663080244705334,77.6917156857322,73.26180185682178,74.07733403121222,78.20109794074847,67.58562513141224,72.94092453442872,74.48312163925156,67.99281462892066,67.41171530788476,73.69363170496382,71.06346225810886,68.83125122878809,70.22603905813892,70.77477284001975,69.49609207738655,72.25630701312562,72.3557813050926,70.59001815043501,71.47517576866258,71.66354035839323,72.76746407906802,70.05836718010818
1610555617.19EKxMEwDHfXiEJZc27TsGoERaD6Da4BZU,52.20389919450448,72.34735826565156,53.35200655592799,70.61895619548717,0.0,68.76644074953117,48.59164254513276,54.77278615613108,50.11466660680828,70.94300146397616,71.6070028614787,75.57739285025148,78.33333329810476,57.99473224264622,73.60932227978151,70.26345156037779,74.34232626358562,74.45503107062002,64.68681838341696,68.40427758138367,75.91415756908451,76.46150045631965,47.77180379040412,54.99574262084921,66.50156025034661,68.32207661030573,49.94824178070347,76.59234563154753,74.0356366083148,56.98603652132549,65.20738369121737,56.89910271116714,75.6663661976286,75.01296469022739,72.58774239048347,71.10129577886336,71.2056678193618,71.30660344357611,71.89152798165644,79.18980503034906,72.33025925315573,75.74078365015939,72.36243531614232,73.5729264263599,72.51999341073747,75.14723193467033,73.64577784115124,68.96300415732506,71.64484124817702,71.97248865517741,73.08499559769244,65.70733554391619,75.99297083202153,77.57464871977639,66.86028543261867,60.851779672943756,70.79414532754998,75.27975830935176,71.15048828885739,63.95733400095966,76.09522204813541,81.03107537793802,74.93163007445216,74.25681554456682,71.74787051372574,77.45595027836387,73.11764955413221,75.16625917906649
1610555722.52PJ3FD50MGhRXyUD28vluU8Z9UjLJLZn4,64.1642962410827,71.23983482061432,65.44856759696695,71.7477386734143,68.76644074953117,0.0,66.97212260410116,65.14675879569182,64.38399122572561,75.592079972648,71.44475201603373,74.9601440537196,78.89772393790724,68.2176663481493,75.21754719476912,75.15635580044187,73.60595602279535,72.44799927812993,44.37824644919892,73.00371848354789,75.09647073888522,74.73978689775305,68.90656629681737,65.31002289994042,70.7587810458821,33.253518917582284,68.60521089157284,75.36377160945284,77.23037263444323,65.25086718975486,74.12777900122792,63.920759951607366,78.49818541821745,77.31442740992031,76.35882923730391,73.45992478766154,76.87088764615325,77.63815016977424,72.78185875847316,78.11896163109488,78.86045557121496,74.50782132927077,78.13644236079743,69.76217875326606,70.58608814595875,70.5844292235686,70.5827536815404,69.51922397078333,78.39972429257234,77.8938669050133,71.04448523563629,67.32277357425853,74.88883183755748,78.11632324828383,74.84677365603982,68.0168947771481,74.11044788891934,76.0590789348389,69.42686685051353,60.89904144342001,73.98244466857517,79.58001798346842,80.75364448457657,70.29812251945195,78.48263081182454,78.4788717600769,74.12546099005482,74.23066024618512
1610555617.52Ijr5puT55g9apK8auM7zaxa3NANg502t,53.984319140458446,72.03710370801998,50.175616828058736,70.33861198726382,48.59164254513276,66.97212260410116,0.0,52.513659800823056,59.67563814138366,72.56892840010237,71.7790296472221,77.66687544583547,79.69180537764616,51.334726373537286,74.09062937303034,74.02556517329288,75.03558891859218,74.7706245078244,62.980533872692284,72.88142152538617,78.42666247540014,74.73408990373628,61.74079454985355,52.84248543067363,69.4117832276356,65.7190998096191,63.20648569286648,77.4659024060877,74.12372907293648,48.58805139004737,69.83285975214812,57.35509560102363,77.73642814357261,77.57454515664612,75.82805474648593,71.84842248678702,75.8093355846548,74.90247433569593,71.95292157037193,80.53107526773246,76.2684206139278,77.51337074199988,75.61741410316327,73.66186313181711,72.51855609254827,75.01499544336139,77.30092685335512,71.65519659143463,74.25009374813841,79.1670112563075,74.91571953352255,67.7179781349448,76.70202168661912,77.06822776070261,70.91433964158816,66.71201425351438,71.36565469370322,76.91364861473784,72.88361701783023,59.69025021973065,75.5885952109922,81.53556010515646,78.31614144672568,73.54486909778487,74.64007120384134,78.82669391279337,75.23623469208229,74.7761285479683
1610555638.77ZLjTLkz4jYJdFMI2wWBztzsDILkoOtAk,32.709008112023774,73.41464312272245,31.18463007846763,70.32537773879906,54.77278615613108,65.14675879569182,52.513659800823056,0.0,48.68303620777007,68.00404325956931,71.85142671493723,72.88220427197562,77.17952162263707,39.21071010277347,74.04365580897161,69.44086291207564,73.78332260294391,74.64960476860156,59.14033418894979,66.24535792480584,73.63413778643027,77.80212964416408,62.44522263421742,27.126773564512565,67.9600469861209,64.28481726213606,58.76638676754479,73.96852075831406,73.98327137034258,62.73602179419772,66.13435925964012,64.35828474784243,73.94719218377261,74.22913221573887,72.24056111033686,69.99310452291499,70.23252194584023,72.3556349701075,72.82515134370381,76.73315754786242,73.40338981086764,74.172611644251,72.40583721185,69.21928844232787,73.661464615187,75.38401694742194,72.38298700453906,66.49124322635765,70.08809777167563,76.10479565438779,68.53684230021187,65.48473192358313,74.87297145280522,77.82006939681527,66.45335893522135,67.1289482060389,68.98588310785529,72.1340426677395,66.42411263939533,66.2972880525884,76.00823116175236,81.34435412206972,75.32007921264189,74.23443351120645,70.38718437062333,78.19471962365157,71.27668493341004,75.00311417384829
1610556912.46C7tJPLF0XfNnm8f1820X9aLmXMHoc0Dw,45.28745875414885,75.09384861924643,47.0197389371314,72.52571774456565,50.11466660680828,64.38399122572561,59.67563814138366,48.68303620777007,0.0,71.48297525024049,73.74821032885185,73.41277199322158,79.3382522934586,55.40664432601961,73.22732084318764,71.19315488300121,75.15101876754865,75.05186657049082,55.84696059998263,68.87443648584912,73.09398361869638,78.0410029995619,62.08429527703031,47.970017996105064,69.41821631832853,64.5071883097016,59.30703733012695,75.57295223868326,75.15451112934494,65.35382359167212,68.69006021670305,65.12994342562745,76.61610744788976,75.70604540606878,72.68604291185913,70.06522914749338,71.08222147616708,74.44966004145412,74.44024910936585,78.42136334579831,74.97087440839528,74.330346554362,72.49553384069658,71.55704898905617,74.79300360783508,75.97569896160185,71.2018782612809,67.57390043736625,73.73666536831526,76.01184139816198,69.78333905297256,65.98955155832704,76.29826772132532,78.80733893775601,70.10750091169885,66.46036418988126,71.69306621818114,73.34076187842467,68.16584837611639,67.97650844955542,76.40146764630589,83.28333190303019,77.5026812239631,76.25218382558569,73.44709128126753,78.59320275019141,74.18140066734202,76.29927051454807
1610555617.51LjzIROg0aeCP2GhDcAVQ0LipKJB9jmKc,65.5592389494789,72.84865781621889,67.92175838813404,74.74715079109177,70.94300146397616,75.592079972648,72.56892840010237,68.00404325956931,71.48297525024049,0.0,77.78901829005171,78.4299102402322,51.136329480209405,73.75231049597392,79.48527877410072,71.62439655346648,79.1622917308147,77.9029446419525,76.44123435261278,70.09766924093006,78.79946291342824,84.0549768481468,70.12269650774034,67.96766600292227,71.28767488383579,75.68468404693276,70.2807531214635,79.8618496014392,75.75349132191225,73.43661089880521,68.23216638016557,75.43092126154095,37.40499240321859,73.39643709938136,74.88657262315562,77.09780316807866,73.26114136961255,71.14615708900664,70.1833440043811,77.12692013176991,77.90969633531715,80.1708823744605,77.50856168463844,78.9809999516549,78.01120206214104,78.11735905656057,77.14141386635212,70.48874221976408,45.858615698903044,82.12982109322073,75.12022883728915,74.3456589339616,71.9596585866079,81.83267221544781,70.42895075003489,75.03972338157205,77.01848917617188,75.73010978073255,73.64706065966031,75.75166066938556,81.52947827115484,84.2353688661686,70.1322518529028,80.95853822531883,62.10577957267189,82.9923081264043,77.03555279250044,81.16004183943676
1610555608.17OpjjHobqRkX0UPcaXrbu7K6L3805SZri,71.13517547173224,58.77961545821365,71.7286162657781,54.561309912152595,71.6070028614787,71.44475201603373,71.7790296472221,71.85142671493723,73.74821032885185,77.78901829005171,0.0,67.18323545731494,80.68850005162629,74.53810470063296,66.10739590814028,68.05404190114633,40.78183007511863,60.156525032473766,71.69485046294498,73.2535515329697,67.88737968271407,64.58171143228714,71.44073445740665,72.28110017074816,66.79572066175756,72.3201317351063,73.26992527990214,68.50048988729593,69.56136359646189,72.04346707182917,72.58526952898391,69.93079414495519,80.54169526103622,74.89413640073856,67.035688204742,63.39479763201324,72.15891966342846,72.39427111997172,64.1282478172228,79.34355558079133,67.61444677836623,56.6490360429357,70.15604157856019,67.03522953499422,60.84062022965703,54.179024799816425,78.56615817845055,74.41462878316914,76.7492628875783,77.45034234253558,71.79128222002197,75.89670428962118,74.4323800234406,64.14615961657728,72.730030018343,69.96009027024249,65.84109248922265,72.60301455831156,73.4553449686014,67.04408502006729,64.64681176300478,64.54665109065697,75.12769244126677,61.9241391634515,75.03604998130517,62.15993517014244,74.71439290399975,67.16743077664097
1610555721.82zWeNZfGUUfRJkgnAwlP8VMhPzXctnSd4,71.69419228248891,69.12349741410334,73.37404451621666,62.5041930734162,75.57739285025148,74.9601440537196,77.66687544583547,72.88220427197562,73.41277199322158,78.4299102402322,67.18323545731494,0.0,82.93986820096485,76.16992787782443,74.05806848418,64.22806780493708,71.61578252449603,63.748879146733636,76.12676053650324,67.80877472051496,39.830935367068676,59.57812010358675,75.51803241385889,72.82859139193397,72.34730761786524,75.80030662239594,75.25176365392649,57.78893326742129,70.48037247642368,77.99170090955299,75.91866470133903,77.73375545372231,80.5638737554442,72.81962834481591,59.98488995021727,61.84423282210646,71.63077999379574,70.74863281796405,69.38013295279734,80.38922491868365,69.47215909858967,59.638622220492444,74.86982001616738,62.07245611047937,70.28541027992367,70.818666821528,75.09580617329709,72.78538709481943,78.04410312111531,78.42918835548198,55.36194924470158,74.05162132334492,78.45644777968928,73.01128404166171,72.16737555998354,75.1483343164423,73.80624999659567,60.142480368525696,63.82437630436897,76.00061020511815,71.48831010283375,77.25221523117585,73.98462911874981,74.6380150894101,73.97566675736711,73.33816667995602,75.33775856077501,71.59437827554476
1610555735.75bom85BDF0C7W2eIseHeMxi24qR68nzMi,74.71086496402228,72.08531272250505,76.85177471079227,78.53513047257421,78.33333329810476,78.89772393790724,79.69180537764616,77.17952162263707,79.3382522934586,51.136329480209405,80.68850005162629,82.93986820096485,0.0,81.67737810242367,81.87018385254929,78.56798576997036,81.51464791822775,77.68079568739248,81.3876710390969,76.12065280405224,84.04240768993189,86.708191127104,76.20061234919781,76.87121827224419,78.20921261964259,79.98659812512425,76.8394169622603,84.28412873531155,77.52718378858346,78.72799738170205,73.41639925752494,79.56647555899849,39.76355795351515,75.47126660225689,81.11140119114735,82.7064697954757,79.37082669955952,74.01734155230452,75.20853987374305,80.02176290007432,82.12779249288101,83.27416463358844,82.47328077609292,81.74969776879186,79.61291211859202,78.69762389886488,81.15591025882559,78.31431032646184,68.09164341909873,85.58367646549382,81.92264566295412,80.43536707779066,73.21617100473269,82.57146006495955,77.59170132027292,78.8079768040878,83.36294937787967,83.07528268985534,80.29925178941163,81.1631946343918,83.2393427062428,85.34156877855204,75.43064899964115,83.81257827374814,74.60286349578048,83.93190954557203,81.91387128048903,83.10632813316253
1610555735.77NnT5xqKnwcf2BbjIekeb2arTQj6QMNwk,50.70895231160583,76.65561973497348,47.28923280692799,74.17482840644799,57.99473224264622,68.2176663481493,51.334726373537286,39.21071010277347,55.40664432601961,73.75231049597392,74.53810470063296,76.16992787782443,81.67737810242367,0.0,76.30290661511091,74.60484974769061,76.61312402324765,76.82211403995328,64.19969027707471,72.35950414177772,77.08642722074862,78.78071495583629,66.60744196593551,45.198293795892006,70.87525803606789,66.95640615256833,65.0884092834254,77.90919974247582,77.97959760347571,64.10137653618254,71.79575453142425,66.64473415579562,78.91419372054168,79.49335044656907,76.8141003839072,73.54420554019909,74.907284717349,77.27870054108429,76.36647478538329,80.54968252527364,77.4997312032393,77.56219336470049,76.25332901687058,75.12044822000594,76.19392852321307,77.60372587211165,76.59157063532227,71.4191606807677,75.84713483006418,79.90989628185588,73.45814939145883,68.8333496711959,79.30069374665847,81.34780977617116,71.93087514425535,70.09434556025299,71.97069739824246,76.43893323034146,71.72835039568739,67.05669901249247,77.83690903686565,83.87681033481903,80.51840343963906,76.43499317678113,76.33471654300959,80.1649755157359,76.2304158995771,76.83121957624434
1610555638.33wjf1PhdNaoWfbRzXVn50hmFyB5bYAiLV,72.66893118466834,67.32673031952197,74.30939640505642,68.83950395747213,73.60932227978151,75.21754719476912,74.09062937303034,74.04365580897161,73.22732084318764,79.48527877410072,66.10739590814028,74.05806848418,81.87018385254929,76.30290661511091,0.0,72.66982901402945,70.96022206554483,66.94994561701725,74.04747215487147,75.41894197901904,73.34628103105574,70.7352738038682,74.5603681019477,73.52380346457392,73.79536241184968,75.3577038628684,74.40241380115621,78.04174602508719,69.82702474093183,74.58541275295464,71.13944482823602,72.85317272730266,81.73369951950679,81.6041442444826,68.37889272445337,67.05739339128375,68.33811214173413,79.08806513467677,71.81291537450937,80.15919384096316,63.81653512971802,70.39711913256379,61.215699294662045,72.91186062940476,58.81322524711413,67.01767921750451,78.3394721755833,75.36779822158296,81.92523304319593,80.75376170261684,75.72989612396911,74.23885833256709,83.5828325800885,70.19900900932954,73.01513059453931,74.72653470623803,66.32700462702122,76.50616845756198,77.67961544502299,71.36087193350716,76.01178282731603,72.56182403541445,81.51117287720857,74.8235002480183,81.0061710967215,68.95776780250529,77.99247312896395,78.07155753475152
1610555606.65jCE4ig8Pu8kvAzkxnSGfWsV0nQBjCf8H,67.77830415726065,71.9432482262337,69.21263107442545,67.51385120319034,70.26345156037779,75.15635580044187,74.02556517329288,69.44086291207564,71.19315488300121,71.62439655346648,68.05404190114633,64.22806780493708,78.56798576997036,74.60484974769061,72.66982901402945,0.0,71.21775894229874,74.48105947413063,75.3629853492918,58.37977333789885,65.56370844121622,76.42661198749579,70.36441640353334,69.734750838602,70.59962988447566,75.31827753496144,69.28266927691055,66.02969587271672,63.417340227000615,76.41070910811985,62.98559834256801,75.64621591889608,73.59576738719956,60.32790333464251,48.89325611588709,57.996234148652576,61.608308634676284,53.06513294488444,72.23722928636842,79.41048066010269,65.16571619194175,70.38229369910725,72.55903384937416,70.51561019074238,71.3649877525765,75.2336797732981,72.5302193818243,70.34003365724259,70.87401241388456,73.52738799345397,63.21906170239816,73.2486925789175,71.45513727439322,75.27619879673328,59.29701217383246,72.66611422748022,73.6218454730783,59.21282587158322,67.19380793697485,75.54538852625565,72.38616631027705,78.74118038163782,62.02949237838914,75.1004098092972,67.55917409116789,74.41078058867436,70.36030815935051,70.94451280815552
1610555608.18ONsBCVo1i7BrX0XG9stct4oiA6ejX9Oz,73.29047674649027,63.33328176624846,74.2386641524954,64.28101283047701,74.34232626358562,73.60595602279535,75.03558891859218,73.78332260294391,75.15101876754865,79.1622917308147,40.78183007511863,71.61578252449603,81.51464791822775,76.61312402324765,70.96022206554483,71.21775894229874,0.0,63.98166556131798,74.85913992332328,75.18761306462412,71.39849223769035,68.25626747852687,73.89781166429098,74.17049426716129,69.30243000508409,72.79529135495457,75.53323231040855,72.93526945071942,72.75941397425962,74.99252646426899,75.6252281105626,73.25480364641906,81.3890155989565,76.55246986403385,71.14543369594703,66.57645220724517,75.18353451358465,74.15818239857799,67.61381091807534,82.72316674464234,73.05137404040626,60.01515219947067,75.06803972759822,70.77239708916599,64.09024287085384,59.67434653327854,79.54677259234067,77.26821514090129,77.77940488688009,78.73482967271431,74.78693805969449,78.39750655756453,78.11203054939232,66.56512084094729,75.3906273033936,71.55141768277039,68.1844956182623,75.38953821014643,76.17940789497634,70.76712279813025,66.07512104545921,65.7782263452677,75.66086651488011,61.306827902159036,76.03101893966675,62.60282090034616,77.14016743822485,69.44835648949578
1610555721.51RNoQUMP19FTMS79BmA3JkgSm2IC2AQuQ,73.19174180023452,39.65140352690885,75.06842235368346,61.44635639546848,74.45503107062002,72.44799927812993,74.7706245078244,74.64960476860156,75.05186657049082,77.9029446419525,60.156525032473766,63.748879146733636,77.68079568739248,76.82211403995328,66.94994561701725,74.48105947413063,63.98166556131798,0.0,73.23507582639229,75.95953056292687,67.45326075324552,61.176604554792846,72.86507870178684,74.36535769193624,70.09009896903595,75.04860448019328,76.16386988020523,69.77463574088696,71.8808837107598,72.33759817777126,76.99454398692048,71.94021362808395,79.10223238663481,74.05928617142155,73.59616177240575,71.59525537099037,76.57772845924653,72.47322388536588,62.526005240883556,82.75892611268088,70.33076988011148,63.599067837109665,75.08316326023503,66.33402210370505,54.03308628293113,44.660091225458146,79.26562219832165,76.22489656381588,77.6608225693009,80.97457818028941,71.6799666219009,78.2598293677063,77.39480617747755,65.68919921889456,76.47602340585976,73.21313128155994,70.01615550369483,75.11231086267252,73.35861677907931,69.13908916801016,62.7853943470588,65.65414013791624,77.9322184550429,64.27135863961928,76.90044372673518,62.95522342572348,78.72543946297287,65.53598532553133
1610555971.86O0cHB2ibBJ8jxoObg01EpGe8VVV5mpwn,56.19461968408999,72.31922563976161,58.37655966726035,70.8004745910696,64.68681838341696,44.37824644919892,62.980533872692284,59.14033418894979,55.84696059998263,76.44123435261278,71.69485046294498,76.12676053650324,81.3876710390969,64.19969027707471,74.04747215487147,75.3629853492918,74.85913992332328,73.23507582639229,0.0,74.37189290102741,77.21501087129923,73.97179568477662,68.83798574347918,59.3536738580256,72.2557888977352,53.30804703243886,66.77278294708132,76.09064407423485,77.32435227881493,62.36939409387943,74.26809493169469,61.90215699164396,80.78884430179028,78.64262259316696,76.566822310459,73.72888483948937,76.62873797762686,78.47696260977811,74.09199719556612,77.17959786867061,78.20510310855438,75.30322160284035,76.53253195976475,69.84449722484717,71.72058712520233,72.3365268318009,75.89647900568497,69.68263694653477,78.03642830613376,78.53087130447095,72.3184140572824,65.81167902225363,77.14489596983408,79.02676145817556,75.08763657847948,70.22827552048778,74.1458049303491,77.67679244204405,70.67535030735047,60.3794706098554,75.16395954552105,80.74252357355974,81.1190258374031,72.15450054620456,77.70002740093055,78.82225739795003,73.58603755757629,74.52369142576754
1610556911.51zU3duZSGpcw1BDNsBLxdOCITAXwl6z3i,64.28679658726466,73.02572523190985,66.30438227678404,69.23741753089435,68.40427758138367,73.00371848354789,72.88142152538617,66.24535792480584,68.87443648584912,70.09766924093006,73.2535515329697,67.80877472051496,76.12065280405224,72.35950414177772,75.41894197901904,58.37977333789885,75.18761306462412,75.95953056292687,74.37189290102741,0.0,68.14188053085451,78.17263518195301,67.91083304302136,66.32990013567797,71.20662615932892,73.06191038600316,66.38635533073631,71.08473293634755,73.35883358117354,74.73893306109316,66.53041904632707,75.2374300285734,71.42609111640823,66.15863577242038,63.78984734385256,66.53503174709535,60.595270218179216,65.08844392834823,73.68101025282198,80.27385570347697,69.33654374502756,73.75104799774151,73.54433192699963,71.23611723344574,72.765601047382,77.11613376328471,70.83673574230481,68.39254089975624,70.15953278235793,77.98011807198819,65.83747356695079,72.26178417479774,76.62827174799668,78.46336534132826,59.290117278600405,71.94209267586683,73.02142426873667,62.494644147216704,67.55738320864606,74.42815697849208,78.74525983294522,81.74184959337106,66.0179235308955,78.48134981632732,65.90830964098635,79.54131598542155,72.94136744509275,77.55069495024219
1610555988.71dMoYT8250UHHJGxgmITTmbHe7V6gH1yU,72.41452191390384,72.14737193645111,73.9899201236436,66.5889182781926,75.91415756908451,75.09647073888522,78.42666247540014,73.63413778643027,73.09398361869638,78.79946291342824,67.88737968271407,39.830935367068676,84.04240768993189,77.08642722074862,73.34628103105574,65.56370844121622,71.39849223769035,67.45326075324552,77.21501087129923,68.14188053085451,0.0,64.81864148994059,75.72150314261623,73.42690603755457,72.81629000541992,75.80397590550025,75.16322743689973,60.251490963271294,72.72688662722682,79.24955130558268,76.01372850764753,78.73528857802228,81.30712092919293,74.97346558774542,57.96824634261501,62.16686145654437,70.98534136750395,72.74680120140731,71.28539429231367,83.01633838836815,68.72739034483669,61.2867362818511,73.715672028799,65.60179624084343,70.59892882309359,71.2176281647606,73.6143384177184,73.92996642932938,78.78492228873947,79.66540325697687,60.981786729118056,73.55724388465887,79.23789133622678,74.67246982242784,72.72825547609061,75.0443598370061,73.86871627210319,57.48256192544249,68.34645628543866,76.92880064798537,71.6410501556058,78.4581350181894,76.25841921377794,74.77710312553549,75.72981860104605,74.59270755061466,77.1294502705943,72.63620985666573
1610556042.81mlUZsSp7gbGjrp8jQSnybT1gPy6e62o1,76.51939890099915,64.1414143648479,77.7899082338896,67.59516651878862,76.46150045631965,74.73978689775305,74.73408990373628,77.80212964416408,78.0410029995619,84.0549768481468,64.58171143228714,59.57812010358675,86.708191127104,78.78071495583629,70.7352738038682,76.42661198749579,68.25626747852687,61.176604554792846,73.97179568477662,78.17263518195301,64.81864148994059,0.0,74.6396882147373,77.94343988606133,73.09524611121965,75.82031583385282,79.73466935629952,68.85376268918256,75.92187693036159,72.0154859164877,81.93618326103012,69.78847239917052,85.99631698686414,79.89285826848065,74.07995509198969,70.61095941391389,81.05367031516326,77.12122126132302,69.18372859764139,84.21649135703166,77.94782203752557,63.516855495052816,79.45151298782767,70.8367373645581,65.07170925495878,64.35363128286633,81.89305842691594,80.05354558024116,82.08329689135205,81.63912940032873,73.38035990720205,79.75971311021304,82.63698768109182,70.32621615055045,81.44495593160327,75.13116211652783,72.0899905319569,73.58696829984095,77.3702974203752,64.91404781863844,64.57929668834977,72.30282790946713,80.59539864760325,65.74016019008994,79.83340880840703,64.23753845939508,79.84461472807982,65.8298291302342
1610555637.02UBW5nKvDyUrKnaWcYRGajZPxTRDS0q3N,59.47479217464777,68.4865644891983,61.68592579042935,71.62822880925373,47.77180379040412,68.90656629681737,61.74079454985355,62.44522263421742,62.08429527703031,70.12269650774034,71.44073445740665,75.51803241385889,76.20061234919781,66.60744196593551,74.5603681019477,70.36441640353334,73.89781166429098,72.86507870178684,68.83798574347918,67.91083304302136,75.72150314261623,74.6396882147373,0.0,62.43453926362598,61.56697596938625,69.06236764478555,48.54299494691995,76.81114822409174,73.22378119849363,54.50418893556194,63.24554051470305,54.00880120491279,73.54841946168389,73.85632969581296,71.98666197983168,71.80876703557783,71.17899209881725,68.66043281402365,67.9468845289067,80.43321014484664,72.3626320854882,75.69556432830456,73.92278746821263,74.15848654170703,71.19071129803359,72.08415046520483,70.93905875957871,67.92484057396216,69.24692384877481,70.88887670554477,73.94886368036133,65.26500358647425,76.0342791745537,76.45817088707771,65.39547132770174,48.7133296463469,69.81702874828025,74.86001544353404,72.48528384061703,60.05261564761103,75.89435289367663,79.64151025052387,72.71776551771472,72.59055920759421,70.10638246793418,75.24265631402635,72.80700636211387,75.73785591906305
1610555619.13oUYNikU4facCTpUSiSLr0vPI0tJLnXiT,33.25611532935396,73.19812246208488,32.31422097761378,70.36871425539543,54.99574262084921,65.31002289994042,52.84248543067363,27.126773564512565,47.970017996105064,67.96766600292227,72.28110017074816,72.82859139193397,76.87121827224419,45.198293795892006,73.52380346457392,69.734750838602,74.17049426716129,74.36535769193624,59.3536738580256,66.32990013567797,73.42690603755457,77.94343988606133,62.43453926362598,0.0,68.01232014543328,64.34280429808955,59.06187955971081,74.27979777122863,73.76422551349874,62.40774402310665,66.22211629876608,64.34992704158464,73.89273692583356,74.41219869573057,72.19507013517472,69.91087768295202,70.17210229972022,72.4224087019536,72.61791971387836,76.89198108457158,73.35805439835649,74.03082852198796,72.10650220485813,69.77056854058675,73.7111451837088,75.20511176272858,72.22891490304312,66.55925710086514,70.21427431626454,76.1148952634666,68.14508143833436,65.78490014118226,74.71590534404794,77.74557557228943,66.5637647730264,67.18364999527545,69.06434110347837,72.04855607518667,66.3330420402948,66.62624117213241,75.96287884748254,81.40415923623392,75.35838587282481,74.19912357647327,70.41748021699543,77.83579852485147,71.26743410236035,75.43305079596604
1610555721.03nzkucfjAUh31zTbmCVvTVYqtjoxZFnBh,66.30588955249785,67.0338907618945,67.99727959025223,71.80794579742867,66.50156025034661,70.7587810458821,69.4117832276356,67.9600469861209,69.41821631832853,71.28767488383579,66.79572066175756,72.34730761786524,78.20921261964259,70.87525803606789,73.79536241184968,70.59962988447566,69.30243000508409,70.09009896903595,72.2557888977352,71.20662615932892,72.81629000541992,73.09524611121965,61.56697596938625,68.01232014543328,0.0,71.97786826754337,69.48301886794796,71.66279482238524,76.25465908716457,67.99724116666017,70.86882943973066,66.62652461836176,75.51502398935334,73.05619294513002,71.07804336206189,70.63521859753118,73.26035137937362,69.60248808013691,59.141812912285666,76.43081337798259,77.05089357160851,70.4577588095761,72.5610759127302,74.99041964641502,68.85832299700631,63.709192633037006,74.24694896973692,61.88171016883389,70.32404072429229,76.99972771968022,70.8942594967043,70.5045153958451,70.55440023974747,75.18483447739334,71.5705445358707,57.52999446841199,58.93602741256329,73.37226592720594,69.88989537027851,58.967881224346705,68.50591361871335,75.42474176299126,74.70365790816214,63.9033222136985,70.47492317244377,71.77065876199201,71.52554450439622,70.06657731513131
1610555722.67fhKURdXVzRbLIjXmjRwdJHTnE7PWb1AE,63.79402945598628,74.22644061639971,64.91756712595978,73.48869198256014,68.32207661030573,33.253518917582284,65.7190998096191,64.28481726213606,64.5071883097016,75.68468404693276,72.3201317351063,75.80030662239594,79.98659812512425,66.95640615256833,75.3577038628684,75.31827753496144,72.79529135495457,75.04860448019328,53.30804703243886,73.06191038600316,75.80397590550025,75.82031583385282,69.06236764478555,64.34280429808955,71.97786826754337,0.0,68.59809067642158,76.24851930506038,77.21565329466175,66.77431981386468,74.31602256406282,65.72881166379453,78.57841835111749,77.86928257496095,77.14931880819174,72.91219581117201,77.01675968158251,77.7855906822899,73.78385127107481,78.98052564514677,79.84679320404416,73.93378885380005,78.3598435014409,71.01644204743221,72.13087024501614,73.07276253208265,71.50537074139149,70.99310993370153,78.29363475576683,78.17721853751368,72.14913625727876,68.04752329878713,75.7898275507653,78.44251125017762,75.15926465800231,68.45744595621345,74.38338282462477,77.17328734974764,70.25704321442718,61.17617430459405,74.85950157636164,80.34743897381992,80.60590926697554,70.23294147994406,78.36927926881214,78.19324427110571,74.89570069409511,75.50054402834657
1610555638.39J2ZWBLuLTHP0jOlzB4tNHmYeijH5g5YJ,56.22587329593346,74.16020789296762,57.51903139542788,69.73745292023999,49.94824178070347,68.60521089157284,63.20648569286648,58.76638676754479,59.30703733012695,70.2807531214635,73.26992527990214,75.25176365392649,76.8394169622603,65.0884092834254,74.40241380115621,69.28266927691055,75.53323231040855,76.16386988020523,66.77278294708132,66.38635533073631,75.16322743689973,79.73466935629952,48.54299494691995,59.06187955971081,69.48301886794796,68.59809067642158,0.0,76.64279441947413,75.27744200094561,64.66064053118531,60.513460100052995,64.17361527427177,74.32947203205062,75.14070136717176,71.5392727818972,71.26908590431194,69.32072586956886,72.802887229909,74.03919782638867,76.33665314474715,69.27845115729724,76.46065844432576,71.31339383693712,74.75526473354508,75.1304211515775,76.80535803031852,70.84474441340859,66.47275672311812,71.69277688602182,64.29908889923202,72.02647957360469,60.809188477873306,76.30836673117518,79.69984478433453,65.56095660772756,62.89378244523889,74.1355517689127,73.27585718620242,70.84939664171232,68.46869327030129,79.1372047777936,82.0915419779234,74.70750244367346,76.77078252824379,71.84762543509179,79.5609188782933,65.22787561260137,78.47132863991249
1610556032.17Q6yCDx9g7alRnL9jBFXD2JhhUyB2hKfJ,73.12580941434602,69.46214848414098,73.93015422506443,65.9427446314899,76.59234563154753,75.36377160945284,77.4659024060877,73.96852075831406,75.57295223868326,79.8618496014392,68.50048988729593,57.78893326742129,84.28412873531155,77.90919974247582,78.04174602508719,66.02969587271672,72.93526945071942,69.77463574088696,76.09064407423485,71.08473293634755,60.251490963271294,68.85376268918256,76.81114822409174,74.27979777122863,71.66279482238524,76.24851930506038,76.64279441947413,0.0,72.41781982158933,78.98728097734859,78.12118376032855,78.3016769812741,82.07259871178309,67.42819537555881,68.66102260350857,66.52540556913257,75.31067501601933,68.62860855159538,69.98623728193355,80.18691487464322,76.128860466339,60.17054369881079,76.18662849866709,61.951467245352376,72.43238463246095,69.76538695642132,76.8439144233147,75.2798239918821,79.25562876847751,80.02112767885355,62.01606579257214,78.20877665359552,73.51717906283034,75.46799085223644,75.44770711508616,76.90419676155824,73.1571271624795,61.35748221000313,63.53782980984889,76.09040694413797,67.09345858510478,79.06400020053304,75.44646446247557,70.7089195811723,75.06797996577245,73.24477026445557,77.21995633495786,66.61117827994431
1610557007.49MyVgDnuUuBxrvL6SGOdhKf69VYlW1MSm,72.19224726934885,66.77813331937298,72.43077911604814,69.50306559564837,74.0356366083148,77.23037263444323,74.12372907293648,73.98327137034258,75.15451112934494,75.75349132191225,69.56136359646189,70.48037247642368,77.52718378858346,77.97959760347571,69.82702474093183,63.417340227000615,72.75941397425962,71.8808837107598,77.32435227881493,73.35883358117354,72.72688662722682,75.92187693036159,73.22378119849363,73.76422551349874,76.25465908716457,77.21565329466175,75.27744200094561,72.41781982158933,0.0,74.72206984955533,72.9797514311002,75.49743411211412,77.18454508332553,73.85748800564774,69.27705846080491,61.87700598544361,74.94829836970762,64.82196306967487,71.76619436961894,83.73772127320228,66.90405259208268,70.94210303696008,76.35999367282079,67.49353128587074,67.17363724539115,71.03614071428385,79.91737406967796,78.30329027895161,78.2412323537432,81.47717180392118,73.08510193398747,76.3804763499824,78.44151498817732,70.8121417493978,72.8306521098032,73.3151911805099,77.74007318513995,73.70359604576436,74.8837829917525,74.92867086924451,77.17127174148325,77.33413341686222,71.6032303550233,78.23827706280339,73.35770234936456,73.1104154308723,80.12145450979031,77.40752295375508
