,photo_face,photo_profil,photo_eyes,photo_face2,photo_walking,photo_standing,photo_hand,photo_legs,photo_bird,photo_butterfly,photo_girafe,photo_fish,photo_cherry,photo_tree,photo_flower,photo_carrot,photo_watch,photo_key,photo_truck,photo_velo,photo_road,photo_house,photo_mountain,photo_windmill,drawing_face,drawing_profil,drawing_eyes,drawing_face2,drawing_walking,drawing_standing,drawing_hand,drawing_legs,drawing_bird,drawing_butterfly,drawing_girafe,drawing_fish,drawing_cherry,drawing_tree,drawing_flower,drawing_carrot,drawing_watch,drawing_key,drawing_truck,drawing_velo,drawing_road,drawing_house,drawing_mountain,drawing_windmill,geo_face,geo_profil,geo_eyes,geo_face2,geo_walking,geo_standing,geo_hand,geo_legs,geo_bird,geo_butterfly,geo_girafe,geo_fish,geo_cherry,geo_tree,geo_flower,geo_carrot,geo_watch,geo_key,geo_truck,geo_velo,geo_road,geo_house,geo_mountain,geo_windmill,word_face,word_profil,word_eyes,word_face2,word_walking,word_standing,word_hand,word_legs,word_bird,word_butterfly,word_girafe,word_fish,word_cherry,word_tree,word_flower,word_carrot,word_watch,word_key,word_truck,word_velo,word_road,word_house,word_mountain,word_windmill
photo_face,0.0,131.64336515654173,179.18893076967223,139.16532354967362,142.35880641786736,139.31516213414216,127.83758442462697,137.03526263591604,156.53137120738972,168.03146657953778,173.73657585080326,169.70938702733923,141.08597113547782,130.89182039462312,137.97379288509126,137.87316574411835,129.48085600365454,169.99696791517601,178.5470281501735,166.23164062299196,194.05929776042763,158.35575500624833,154.14056262957035,154.49777793202765,144.76771087697662,148.79638983626896,169.22606214564976,158.77116180118415,141.7004944804059,144.57843869108288,148.60939519600433,138.55654157348133,159.76837416078683,184.91481155112402,137.16512649962718,164.82644612049432,156.84271678757005,132.4030866603646,147.68769710205356,137.52336528953407,132.9648529635411,172.1758191730863,167.33177508195558,164.43076811680646,171.70835104321594,178.85689661173632,163.33361091040564,145.42249021899883,169.71238491643422,142.98567079859833,170.111247516489,155.56529840832903,144.3657794712659,143.63042220754542,147.44427324222696,136.6988015534115,152.39056555223397,168.193331578518,159.6472803215249,179.12123929587582,156.14402911892338,140.8425645374626,144.922830456225,141.277188756958,149.07342320161365,171.86167983354443,184.28126224457273,174.2164690728093,140.92691368478035,160.2163694234004,153.6504365308052,152.91173482340687,157.51489058061614,169.58973911440015,160.19290015753495,163.933031036477,179.75517528977508,183.42653113748304,160.41748595541026,175.44062805856854,173.54343396475633,177.91054092867955,165.59195237127147,182.61952033810448,171.6724861502953,161.6335180617419,166.64205394665495,172.46913844203303,175.3615625920588,153.61873972257186,179.44664405694363,151.8521928824639,162.88969827532884,177.10933290962885,185.6809915581082,163.63361491151434
photo_profil,131.64336515654173,0.0,175.3341097150009,145.77420139841345,159.03874025182324,164.3198886489895,141.76678483714477,165.28256406242622,164.6054934934661,160.7225940928688,180.19802061824424,176.19962736621378,153.97832658740066,144.56585955483587,161.71235158353286,161.7214288471898,156.9151627861024,172.9527896599233,178.39884788313853,169.48336386401888,190.4750676438665,148.15015312919326,164.27666947969684,147.94622561862394,156.92281092210337,134.93297874194437,168.83416721299488,154.25936140044692,154.1327011790842,157.0641235797872,159.36302640637905,145.81650072465746,163.96283349429356,180.44634005695406,154.8629160042521,168.11786205149525,156.34157927394574,152.51341283081206,154.38051537796446,159.04743794693675,152.76754856818047,173.14038018041154,169.10776122623085,162.7067179830485,175.82721466117073,173.25359253972448,176.36930510701833,153.85073141467882,162.3045458048899,162.45956071889117,171.57848227405134,168.62144562230014,157.6370225333899,160.5173553979562,153.49908215898972,154.22292749764205,171.24786296693605,162.416425813285,168.52098032411803,179.39918838353768,161.69050626162496,158.6078353188978,165.78929509995092,162.6844812102956,168.04853049479752,173.73585725533135,182.30882040809038,171.2396514099062,149.67871988403553,156.07250221654124,160.29322223993478,165.18700795844015,173.5465925921806,173.77413692135698,167.8125498960307,169.10275014363754,180.8421556170751,185.2505014601964,168.39018118497134,176.7850581412183,174.73279080783158,181.49590833417838,170.86499851685173,183.14094254365853,172.90978598192675,171.27295083716072,173.5653555890668,173.82935179777775,176.76489229243876,169.49767691037798,180.15532022680696,168.0621070885267,174.02558729687655,178.407790931606,189.33332644698876,173.21076384097344
photo_eyes,179.18893076967223,175.3341097150009,0.0,162.47574374967675,184.6336055294669,198.87724176683247,185.000371566247,196.93095828376536,175.85440088939936,150.88229209848205,201.23912463301306,175.8682182929902,182.6126196029282,185.3102991790536,195.28496327972317,187.89274460593955,190.6900556207525,173.15833989209662,161.63951103659383,165.6099483071414,158.14852087045855,177.118035300276,170.23032934993515,179.5735663873744,174.86034840243474,169.15873845722246,168.30794915085815,155.33203049483552,183.66506008270952,186.62861495628374,186.55805071385868,189.2325728946466,175.62970998003726,169.41029839673712,187.08898361038115,171.27344510014063,166.44150689082787,184.7952621559272,180.6457011885272,190.5113768279591,181.68237839862746,172.3828537378363,161.67523291519964,163.0479316923792,175.98047144309965,157.72653978648634,177.1544672838872,186.93176092316375,184.09713540417178,188.69657078729938,169.13457047512583,193.6037984839592,182.96599043483172,187.7529356371364,189.54707096933376,188.4423332760395,188.2659348908121,178.21436252188374,195.57162171888447,172.68577882098003,196.07742185738854,185.4815486181014,188.79508677968718,191.07454339396386,191.7914229097577,175.7424539509261,168.60592397039753,167.41955486533135,190.08663984328095,191.10410051325303,172.26655462437003,198.73677426914188,179.70929677942226,179.06812889792957,177.26754497263886,175.7850597369514,176.47284330985195,178.36833104450733,176.98950291593147,172.87277960937323,175.4155762047748,178.7069335775089,176.5322109766895,175.33557444727757,172.62021300441043,179.22310276609917,180.0246256210999,174.44757298314232,177.41995556027518,177.70316824450626,175.78601766037812,177.29502255494216,179.5663753016323,177.89213045258714,182.59394678964983,178.65072201837532
photo_face2,139.16532354967362,145.77420139841345,162.47574374967675,0.0,164.74024361368956,173.28534629989275,155.39728286939004,171.16353094854247,163.31308081657747,162.02782892253208,185.50367097087687,179.35206781226933,163.73699156618605,161.3595380783729,173.25364184024266,169.66440771594034,168.01535206910066,176.1063679141365,180.11404394631344,171.95134312591685,185.49756319903346,161.98260175211126,168.143683881761,169.12805807051052,161.63995405894528,155.65641476641068,175.28976859977973,149.5838714368395,162.96582934974137,167.61736251653568,168.41103596222834,163.31422260327935,166.7685646204107,178.84380963033823,167.73712998313994,173.89526937826622,162.97568173955085,164.4266683637246,165.07603101631517,171.37276129896037,160.9832136782754,178.25340391539424,173.89070836225306,168.5045668051603,178.15890093601945,171.70923988387844,180.97522589127507,168.60322526688836,178.86814765843275,172.28142480802944,176.81323465395982,178.9623741587556,165.53501260368705,168.52357001398036,170.7948048473579,168.4237776796962,177.93080692876157,171.43880859654064,181.13396991644188,183.9304685227195,177.50017663792656,169.05683901445713,174.26004514365917,173.27927035682018,177.61143829917782,178.47894949181895,185.18375315786275,177.40150126458872,167.3288812333892,175.42827477923026,166.53454880218186,181.04607866020297,177.77782563605066,178.72066852210511,172.87743125257117,174.3177040517235,185.9954015290861,189.0782825833649,174.17960636605682,182.5564078600572,180.50854356650643,184.39861260913895,175.73426600287894,187.14736438551026,179.38435077239157,176.80970843311053,177.84382272674426,179.80798712581952,182.22796097626048,174.07688240727927,185.85959208331496,173.45148551902957,178.8199108085429,183.23077344104576,192.63529595076264,177.97580706224934
photo_walking,142.35880641786736,159.03874025182324,184.6336055294669,164.74024361368956,0.0,127.15834829412134,138.30357138355345,128.27618028450178,134.88563355855044,155.24803815434558,161.41692767315564,152.73023489391935,126.74416139098784,128.12517565855697,131.45304671743477,124.36879749259606,126.32562710314193,149.98270831196905,165.63147077693756,146.99214805150274,186.00567200334447,163.28372823466435,129.82071999687358,156.98681317328118,132.8849921028525,150.05916885775628,153.4540149963063,154.97528538212995,119.61245146975985,141.24378766908092,139.507722242132,136.77894227334235,141.0343543873192,176.63873509335986,121.63493314590703,146.71882748301138,154.75450610897835,125.5219803848554,143.40482104506603,128.12663993327146,126.13141240940757,154.9804891413259,150.69500916402865,147.05549606834947,152.4537266399136,168.28797110844909,137.6642695724577,151.66359330387374,177.89187087947204,131.19954922135474,155.36932946905276,149.02341728319976,128.98451999859319,136.88486414177353,143.88799114214754,126.87044596370603,134.09691660472694,170.24070772256732,141.94166554218,164.90639171413432,147.72158557378344,129.38415129566778,140.9026227767796,132.39816971053668,140.43184274082938,153.26216947566687,168.17436090537277,161.67210826710848,139.4456903433205,165.53503034243147,139.64166351550313,159.14613274599665,138.57051376990162,155.527864555074,144.28955752165885,147.43856067950193,163.8936884649766,168.0885937603117,143.31440998027549,159.04800774057796,159.0531708835308,162.44466538744035,150.99030833887358,168.6939663415714,156.92315963295832,144.38959973895487,149.6698051322919,157.43824878455266,159.84745074278862,134.5689903796312,165.01848976293488,133.36858419312432,143.8462307146009,162.33438839999314,169.6092604415356,145.11127210282888
photo_standing,139.31516213414216,164.3198886489895,198.87724176683247,173.28534629989275,127.15834829412134,0.0,139.78180530188007,106.70179422971292,153.72264312332135,175.0029256976179,165.95697396145744,166.87135459208693,147.162324536529,139.93944588761045,101.65218885108182,101.76693679149574,109.43140650816368,164.6730378983586,179.5327166035043,167.39478382118762,199.202234685088,171.5476342691076,157.38362266237374,154.07840753861652,143.22463781963688,160.01438212472323,165.62221910696127,166.53828634201415,128.7584312918651,115.90796837389952,128.55254236570053,131.39270696494697,157.34007159607884,181.15494340066488,121.49747214965942,160.06969373679834,162.09595928406677,120.6123167860512,127.94153378810522,107.03453871781053,119.979205979964,165.4890078953386,167.68846624150538,169.2937730321695,158.14377114853,181.91336364615623,153.15479811340776,142.20908096607388,173.12968100975488,111.46694929768336,165.22561918625732,124.48106739129183,131.57525604069482,123.99480750249946,138.734324956724,114.05414571533261,124.03149371909792,171.9559684571034,146.4987807464139,174.9698902047918,159.37297469208715,131.8656577629508,116.8156929551503,109.14472069804343,123.68420149886649,163.1118066407394,180.37950363220412,179.16052250734316,138.19698202726698,168.6388017478024,149.19417286808778,147.41683736978044,145.802418895732,165.94175834598533,152.69793924193428,152.43122717160466,175.34030692461013,178.93321094575535,154.41840712178993,171.64325874902423,170.35206454624173,167.91828247848062,162.35597376889706,179.98805596817166,169.23108007268513,155.74086789594486,159.9269850363008,169.0988248260745,170.44094007402154,142.60894928045332,176.22738819834166,141.26333761502357,151.1496735304831,173.4124699051653,176.06229308646593,151.95645209702278
photo_hand,127.83758442462697,141.76678483714477,185.000371566247,155.39728286939004,138.30357138355345,139.78180530188007,0.0,134.47317047472168,150.42999059322582,160.75389834985396,172.03299270655216,154.0371017597153,137.24350984266243,126.6040643392385,140.56768531230134,136.264099935818,133.1673115209677,159.0072656686169,171.7117834301097,156.51368083528615,190.39702417223106,148.94194348440882,149.86249034087618,153.0560165358382,152.17522829467052,147.85881917771889,160.41620896010664,158.15859146685017,139.97420580290787,143.7791543577863,147.29899775355707,144.237281450534,159.75724112515172,179.85073695053524,136.14603978134588,155.12672229666765,148.74400806233587,133.20533714706002,145.84292565788328,141.05522491465405,136.17272082703613,164.29481343080892,157.24604502513728,156.94216227869427,162.38298189967907,173.1033147151179,158.96287613597318,146.8155228482872,170.78785910016626,146.92412301103164,161.30196661900803,161.185206766949,143.9738954344476,149.37555915776866,140.1947183233376,140.08879754292502,155.85494704494445,165.41671819123803,156.71917382317298,169.3205901815197,157.22458523334518,140.72426981969377,149.8225192381674,144.1853264378848,151.88659308660047,163.20130066526383,174.75922040218794,167.81371968234598,146.22031797899257,156.65711873621058,146.6871347671336,152.89799500215753,157.78708204919982,162.0582911024497,155.02249156567353,157.7088733737998,170.64835342587475,174.1286257872394,155.46143395114726,166.1636997772606,165.71437097504253,170.39714384829023,159.79608920664214,174.33054868253376,164.4049165703906,156.11294504459522,162.26068170127164,164.44936867784963,165.99705757147345,153.20680793545054,171.43512675316322,151.3431241958246,157.39925768920452,168.40755484743215,177.8858527938372,157.51281898526565
photo_legs,137.03526263591604,165.28256406242622,196.93095828376536,171.16353094854247,128.27618028450178,106.70179422971292,134.47317047472168,0.0,150.95893465044242,173.40789236018824,171.0822356107476,163.4009316728419,145.76664862969932,137.62861797636668,117.41682552260185,108.32044438701739,115.75591472803748,167.24979946955105,177.85803052792437,165.55524976165293,198.4966278342112,171.14411428023743,155.25946534682603,162.3943779919374,144.25836060061903,159.44903870627843,168.25283104219952,168.15468126091304,125.30852687097412,131.36658017072065,136.50287328943182,136.60229663420242,157.98017838307197,182.07741107538618,131.7991851497038,162.38856471617189,161.16025636534872,122.98735830502274,137.77212720871955,120.18851216360629,121.10937664655427,168.37898787161546,167.5648904685179,166.55435447681126,161.78283481549818,179.66822902645765,156.2628704578351,149.17171354002232,171.80541457699454,120.62984377559403,166.72698044319645,139.97127723370915,127.878731888363,127.97784370471318,138.76287927442394,118.41857759119391,129.28068418885576,170.5226147121784,151.68360577781831,176.32063535935762,159.8980211509991,133.59185169806727,130.55732490933113,122.32278032904453,132.32108018151177,164.9479003147413,179.1743149458366,176.81201544958958,141.80560337619465,164.9582770280875,149.33316357921916,151.7269189219574,149.7475176164756,167.27697749067977,155.48969405284305,156.06792326827994,176.26714540166546,179.42804489266183,157.2681994008447,172.72555753132275,171.55319968607105,169.94643448837732,164.47415844549607,180.88439238941066,171.12380369073117,158.48317254365494,162.1188263604017,170.7284007379411,171.63482351611742,146.2893136807269,177.66659805759613,145.63653899007448,153.5695961264511,174.4174702058107,178.06061259011403,154.06947124613322
photo_bird,156.53137120738972,164.6054934934661,175.85440088939936,163.31308081657747,134.88563355855044,153.72264312332135,150.42999059322582,150.95893465044242,0.0,142.88992673800905,154.17642738749134,120.83892252518875,148.65837206931025,147.53223802563772,147.4181588335779,141.38405486655762,141.55104091838322,113.71621430875695,149.70163426085105,133.54624337286452,176.9539994220118,164.55039124574466,141.7998328454638,168.18921058642132,146.88503498486267,150.8272906252384,128.02289299618243,146.20543681638097,148.92804794679125,148.77681338868558,153.44381830435827,153.83602216845156,112.78394583498634,169.7127763191133,142.19381411063262,120.03905220903921,156.06053899475444,143.66625305623506,143.47868147387626,148.66652800825847,139.24416735795583,126.54862019647506,140.7145127326753,135.1451824504162,124.56353538781349,158.1668823784298,130.26542825253827,164.6299409365455,176.01976604483716,150.33249031278768,130.02614719203527,160.7259255363847,149.5509484961276,155.19198939538816,160.60091822195434,148.80584767741752,149.14957584126915,164.6445452914173,154.05037454923738,136.81926017584786,170.20537582801225,148.27130511324344,154.79311502651717,152.1238702078797,154.261780272643,124.22274693426155,151.30371844998183,148.9154601132105,159.26273186117504,167.14939597992594,135.38454663523834,171.20168516523697,131.6346065238657,136.30018574740012,124.62732103788557,123.7612556100265,138.23441092052514,140.59134735956704,125.85099658197906,132.97308666339765,132.2138320482985,135.84894695449643,128.71250201132807,141.39439375965765,128.6013321137618,129.17457866054696,130.31067735517493,130.5681139204137,133.1273434771305,128.4343274689724,138.58251494837583,125.68996169563806,129.92407520672015,134.5461176479339,144.5887513363922,129.31119742153933
photo_butterfly,168.03146657953778,160.7225940928688,150.88229209848205,162.02782892253208,155.24803815434558,175.0029256976179,160.75389834985396,173.40789236018824,142.88992673800905,0.0,177.95330060807893,147.14226072036575,155.44681034492953,160.24042792219856,170.5485459355228,163.18712133301312,166.79962168612974,151.7712186525526,148.28439287916387,147.06121173703485,157.5031057670224,159.5326378117899,154.5006329351593,161.33114442300825,156.20592125519835,145.0658073020459,144.13701326152807,122.9262411641351,156.60828780111328,162.2554837917142,163.76597994066572,163.11017295005237,140.69033663109448,134.14068155183128,158.25659595100328,144.285892107971,145.86095392936645,160.3709576973764,157.70342214978606,165.83013743869273,157.37032703839571,152.60211356943284,142.14751544591547,138.76277289474567,148.57626648505956,148.5612675814666,157.21323360992977,162.57304461885977,168.35417716704657,166.755259042959,149.8332649707523,173.79485164450188,159.87116423173345,162.9889475633777,167.82152126849334,164.1874549710518,166.91208730933116,150.41780853604175,170.40342557758336,152.10638271264835,177.9025221376015,163.72530449812115,168.8666209433986,168.191538380789,171.8573664042689,154.9469733675274,153.9054256666511,150.20632311683627,166.1573962011194,172.89220304152684,149.82605327072295,177.4771828773248,158.12122629573747,159.09632951729373,153.65159239341372,152.43654930930145,159.7347945011093,163.61107360918416,155.22753001950224,154.8581374739547,156.50076459531817,161.2897122933574,155.11675949489373,160.94676228043534,151.48597335953357,157.15971560091873,159.85977215264612,155.52237748470847,158.45769333623124,154.7829871120335,159.69501651408598,153.56031820236737,158.65674674912518,159.1815521285154,165.5458329577072,158.41076576699624
photo_girafe,173.73657585080326,180.19802061824424,201.23912463301306,185.50367097087687,161.41692767315564,165.95697396145744,172.03299270655216,171.0822356107476,154.17642738749134,177.95330060807893,0.0,173.97012699587978,169.07009808047818,165.43151399788613,162.01348507560294,158.85001006454402,161.39903355190737,170.30941141124208,181.44765927628896,174.41755125274156,203.96234097986698,173.94110966228791,169.182739548687,175.4565278412008,168.24189563777114,177.92295074361894,175.7722105913124,178.41527467251754,165.57020549951196,163.66668081080851,171.3893397850482,163.83397453480657,169.75300985061844,187.95506202902084,147.59300715233053,171.50764131995362,175.47542866458022,164.34179996412277,171.50236790186435,163.8342055711272,162.4068318259481,177.4865158416245,174.37306082011418,172.5270191902871,174.42223679894542,189.05890347944052,172.3547819475843,172.7109296926406,196.80961827381952,167.87252807926507,176.31359835738047,171.83641272255866,169.52460157833823,168.08387635063767,173.14088814580333,162.1437483086332,181.35020859648606,190.6406343576769,152.7576312948349,180.25604352601854,177.7475664635644,168.30187423729038,168.72789757954777,166.10973527636807,171.649873787226,174.27791783645088,184.50739626841033,182.49392662658374,169.50551703667333,183.66974784493163,167.98619276102812,183.2275186520981,173.444943881168,181.76670411973925,174.06032872654157,172.76811911580427,186.91250393813596,189.2696276412062,173.01926976532758,181.74384297502232,181.76392946550922,183.3124114257388,176.27836736110558,190.01970560955988,179.20959515973374,176.25174864567953,176.4474729163978,180.22154887028066,182.0452548055903,170.83426621347448,186.64122030878798,169.08575188525072,174.98265135974884,183.27807688762468,191.5092230181498,175.47649411182044
photo_fish,169.70938702733923,176.19962736621378,175.8682182929902,179.35206781226933,152.73023489391935,166.87135459208693,154.0371017597153,163.4009316728419,120.83892252518875,147.14226072036575,173.97012699587978,0.0,159.38420159352685,159.06724018469322,162.26404206649212,151.6951126181677,160.12531230293732,111.04902064785263,143.39513751694204,130.66040667399605,176.19551659623707,169.77200850500097,146.99418346355628,176.582193540586,161.19928474600292,159.95731293875815,119.75453750486574,155.6526571865611,163.55629462716544,158.90900133140218,163.94179355237264,172.2865425956922,140.56286869900123,174.31733533551753,159.54527718250378,112.83089841990494,157.5361191376848,159.24150790042555,154.91569350280128,163.29224585709702,154.49026830648808,125.60784343283144,130.68431762769129,134.38000125806357,120.13960506504914,160.3001639286608,128.5980410165073,174.77500100160827,183.90680755206975,161.54852377301214,124.37149283427333,172.39635925716925,165.8074884116983,172.26481849891454,174.25634484309714,165.28115272793093,161.5976200367299,172.2351389961446,170.38308678828983,123.94059920598792,182.5241683979382,159.8328614517699,165.92534938710304,164.66943677409725,167.93472156970924,132.9631517951493,139.56442059335575,148.50322488903026,173.57599953982125,176.30263587865923,138.25465552995811,181.53082677564234,141.1734208655116,139.73298319052188,132.32058619552998,134.41289189114306,136.04605630101386,138.67543929196714,133.90440132086115,129.73019336198237,133.10491807224435,142.43077057631783,134.13789190716875,140.14590540467256,128.9254716034176,137.41867576078633,140.23989907177156,131.96281993890264,133.36079756730464,138.40308913765884,135.46186201295538,135.4975947596471,141.79458149415822,135.6790204827301,147.0915350293897,140.68434061370684
photo_cherry,141.08597113547782,153.97832658740066,182.6126196029282,163.73699156618605,126.74416139098784,147.162324536529,137.24350984266243,145.76664862969932,148.65837206931025,155.44681034492953,169.07009808047818,159.38420159352685,0.0,125.6593059777601,147.37600568853298,139.07239559893884,137.90997827924568,157.07687190793968,167.9645959655977,146.18329398336456,189.05844102325898,161.42982486614173,137.37266131729865,151.34628271688882,142.51701919713588,147.08053348824998,156.8674813227846,157.3490313926837,128.55239279619866,149.22646831951104,149.22832689833822,138.013020049848,148.8283613951955,170.53084141228877,129.0214039579054,150.45249749071232,146.62053790919117,131.78524357804258,153.4105418853979,139.47418957377116,130.59333349585978,157.93414211663446,149.88988779049072,146.98543528941636,160.46763542369575,165.00985910911086,145.97148351258176,143.89180143746646,169.7170213461971,143.03619617906392,156.77926886994197,158.32966115312706,138.1156382427404,143.75235894878193,147.20940250018023,135.64696111367402,148.71725199138268,160.02188031550003,143.44720753485734,163.0922155901757,140.4045306179772,133.7132484583861,148.86820531933216,142.8846407949014,146.4448059543282,156.87562800823193,167.62228845055213,155.25755645628098,138.56369830244114,153.7831572465834,144.30002194466928,149.99622820482904,146.320368899613,157.17199798560307,149.55921930022637,153.76163035229166,166.18876110032633,169.50588292774918,146.94207490411625,162.04760546648734,160.2317191242965,167.25401339737346,153.1892051602093,169.8672017325831,159.53190955196536,148.16408604563534,154.29098240106134,159.50027333840202,161.4264022638203,143.37808281021609,166.2335602044624,141.6247812904143,150.08922899749618,163.86436795319523,173.98500243916504,150.79822460551034
photo_tree,130.89182039462312,144.56585955483587,185.3102991790536,161.3595380783729,128.12517565855697,139.93944588761045,126.6040643392385,137.62861797636668,147.53223802563772,160.24042792219856,165.43151399788613,159.06724018469322,125.6593059777601,0.0,136.58493235708846,128.92723233775868,124.7304818015369,156.69408968866145,171.06514766492398,153.52834900337734,188.60969085347378,151.4789658764698,130.8403169726008,145.94257830366524,139.29804178710867,146.5498573948442,158.9228318465519,157.13125653034712,128.69186709068805,141.3885898333439,148.06929558195995,132.35883846020977,148.08027550717512,176.18220327546723,127.8246150240386,151.50951485744994,146.8495128557694,114.09681086379706,149.21026477621214,132.8359975608361,124.70066880742151,160.03318002115986,154.25301300579937,149.88802592541202,162.49077959759046,168.88036106360573,144.7980403883482,138.42821919340795,168.62216120334645,136.09241479752487,160.6703066912059,156.4986745314784,135.42131722322418,143.12864113529523,140.0337849907723,129.33839176586488,145.4538838891817,162.81037726630504,144.43472002562797,168.84758632008942,139.5893319667093,122.28091861212164,142.98722992455012,137.00480169652005,139.72899211351952,159.34489188711356,170.79313855782615,164.17593015836758,132.39195956586804,148.2307383797561,141.33956251955894,146.1656971938525,145.17905331742384,158.73062059919795,148.99524153644236,153.7147721993694,167.10233624403034,170.28409717040267,146.86715594304698,162.98035166170678,161.01592407497662,168.16052034292423,154.04281939952142,171.23598651156956,160.76018594230925,148.26464690842022,154.80842561876577,160.45942402919027,161.9696819604815,143.68834052479812,167.80754515801144,140.8265313890291,150.0804189634822,164.27953920445395,175.07404711355366,150.7624707859047
photo_flower,137.97379288509126,161.71235158353286,195.28496327972317,173.25364184024266,131.45304671743477,101.65218885108182,140.56768531230134,117.41682552260185,147.4181588335779,170.5485459355228,162.01348507560294,162.26404206649212,147.37600568853298,136.58493235708846,0.0,89.87264409090976,101.53367370441207,159.59411244226717,175.77770378539765,164.0651373184461,196.1979829423018,169.37593757393356,155.50191355092736,159.49666783309394,136.31108100464323,154.1682490124202,158.63994599792764,160.25346058358875,123.41915616825158,111.02819821442361,122.39268454645294,132.46392931550818,149.9382819376787,180.40053813755708,117.16330778893844,152.5426028367367,157.433351974856,113.04778752927172,122.17886255219884,94.12671555622792,112.31719531056535,158.89563319041326,162.28854709774424,164.55347119289397,151.63767714912828,178.84366899113047,148.25644413643593,149.2711773667241,169.30518560613785,100.34246465349477,158.78681879139725,122.43346313929445,126.16067986597108,117.15357805345232,133.37225830225643,107.76379486049946,121.1105032605202,168.97379533830497,140.90204696940563,168.70410192389977,154.20492771923338,122.0470821725881,105.43244895886309,94.06689796590547,114.64638737212944,156.73861013952367,174.79877267640651,173.89405810246467,129.65806643947118,162.6969262304894,142.27017944646389,149.89493832220356,139.9276141778555,160.96664762258237,146.89630796758118,146.85243047859458,169.19817594001324,172.23849057986354,148.6861013250257,164.92508521885247,163.72754560402825,161.2210993859758,156.2898425059738,172.94651323638425,161.87542056576785,150.07446753924916,154.1955086010713,162.52199019366742,164.51495698672508,136.6779566842261,169.56487551093667,135.15011414325605,146.0400301291003,167.02779292468685,169.94288233257095,146.96982210231198
photo_carrot,137.87316574411835,161.7214288471898,187.89274460593955,169.66440771594034,124.36879749259606,101.76693679149574,136.264099935818,108.32044438701739,141.38405486655762,163.18712133301312,158.85001006454402,151.6951126181677,139.07239559893884,128.92723233775868,89.87264409090976,0.0,96.62746193007425,152.05001945484884,169.95156214041816,157.24854087783433,188.77968529072837,164.5161735199178,146.49124098296303,156.87827172317438,131.7609007217708,150.9314554950583,152.06558357283637,156.4783165216823,118.52151135942802,108.67935061321852,118.80724767761475,131.93397869995576,147.62037954373193,174.44411914755082,116.86433807236608,145.6021878042423,151.8398070869959,109.1385951487619,118.52930982052942,83.67913963116736,107.0252706150729,151.46015004902645,154.7002786274712,158.765208267654,143.9153932618006,172.17202570104754,139.07732707450316,149.58642121471462,165.65105559376198,96.53488126766653,150.75343229794677,120.59684640788399,121.15787178916915,115.23746168570844,130.30463463034135,103.24449553055311,112.88106480139248,166.36783823783975,135.5058728663355,160.6555167773834,149.596570624927,115.91293742827106,102.32860114451883,86.44972106843642,105.33071887406464,148.66489778941943,165.5981109827089,168.2480027877188,129.32891192873907,158.68670780856442,136.28371709684941,150.1971588444196,130.36120571597945,153.57682502569335,139.1075655407635,137.53472831392847,161.13807439177307,164.37583333439096,140.46131643150184,157.24289914501674,155.83051453581274,152.36061268971608,149.0384942984891,165.32562476114018,154.94584772474147,142.25211061378928,146.0492171147868,155.09115602652037,156.58033562646014,128.31218892036117,162.24352609461403,125.90547802319786,135.25920393403683,159.11220022842593,161.05764466609943,135.9181172210693
photo_watch,129.48085600365454,156.9151627861024,190.6900556207525,168.01535206910066,126.32562710314193,109.43140650816368,133.1673115209677,115.75591472803748,141.55104091838322,166.79962168612974,161.39903355190737,160.12531230293732,137.90997827924568,124.7304818015369,101.53367370441207,96.62746193007425,0.0,157.55817293028417,171.7949606780108,156.9951036162166,192.74957869604873,163.57383417542218,144.92912635088007,157.48164881253496,131.16635639272917,149.36380434555386,157.85758705945992,157.60134792478144,115.91917495046515,115.16065603308698,127.37694882384629,126.99268363067074,145.91309380910144,179.09066506811172,112.61304278244437,149.45427114015612,151.48590137602716,99.79521975395852,124.87315311800928,98.66312149370204,99.05297644410943,157.36210059465748,158.47990204034986,157.843873765325,153.5671233597204,174.68192815449652,144.3721013493823,144.2810758972061,165.61432040853438,101.8814452039132,156.51297382228887,129.67535200527277,119.78167802632584,116.36101563782283,124.67576058607118,101.4660477107546,117.6010146089377,164.40267979506888,134.78611839133444,165.50723828379896,142.5327743163605,112.08283148229376,108.67181647508197,102.30145854996715,100.45545441775204,153.6231279554844,172.31913948744415,168.23534287735677,125.94495499647678,150.80537398360804,141.69957042625367,141.32599838706605,133.0865944862834,155.91970309514303,141.28251892689778,142.06897534443658,164.39225775915259,168.04435744287386,141.24767098725775,159.66529580019937,158.66207069692766,156.6699904749376,150.9318349445248,168.6808434718113,157.0973604338052,143.7845854350395,147.9974328365298,157.638859772411,159.10569103988675,130.40565492118844,165.07916887929804,127.49660155327747,140.15374936304804,161.63949407580952,165.8006179432072,141.3544600500962
photo_key,169.99696791517601,172.9527896599233,173.15833989209662,176.1063679141365,149.98270831196905,164.6730378983586,159.0072656686169,167.24979946955105,113.71621430875695,151.7712186525526,170.30941141124208,111.04902064785263,157.07687190793968,156.69408968866145,159.59411244226717,152.05001945484884,157.55817293028417,0.0,138.51830629200725,124.47011723823768,174.70746539775473,170.20417799090748,141.6953922781032,173.27406618330176,152.81773381511684,153.74931871447126,107.59334867024468,153.9137457070353,159.32693402148004,156.1487096225498,158.59358083592255,167.73722294627825,131.1557127997058,173.06057973769342,156.4771064283385,106.31751474129779,154.7202022083612,153.82668004649577,149.4852085547481,158.32801908477782,149.86033570778756,91.3565567273699,127.33999167599586,128.98200543131782,113.2649295301786,153.54575381286702,117.55959088580079,170.87143865659905,178.337075890045,155.66838258103368,107.86387681371394,164.26803599186582,162.42406963595377,168.065449192532,168.81528869308855,159.9407435019899,151.65528423344227,168.48454913581776,163.51274383599284,117.91629489507382,175.14732817953373,154.37455779650966,160.62253346004496,159.66274197257155,159.82426061034434,103.87750209339751,132.68155102624695,138.26790737177492,167.70190435820976,172.08550363289655,135.35344800315795,177.41562401330023,128.9833852285246,126.59095010366545,117.67402630357455,116.17669754918191,116.57298960206268,119.4667608348519,120.26935033728454,111.89091062921105,113.36421608312102,125.50088791796009,119.20888729712142,121.19266531646909,109.74421353498268,122.50211208494567,126.23826300575055,110.69901214775658,114.77309124712751,127.03506417010004,115.90686114944496,124.89041579340433,125.98030890898721,119.2688705069107,131.41057409659047,125.0035256309112
photo_truck,178.5470281501735,178.39884788313853,161.63951103659383,180.11404394631344,165.63147077693756,179.5327166035043,171.7117834301097,177.85803052792437,149.70163426085105,148.28439287916387,181.44765927628896,143.39513751694204,167.9645959655977,171.06514766492398,175.77770378539765,169.95156214041816,171.7949606780108,138.51830629200725,0.0,128.12869307529095,167.23298087027027,167.10286585569983,152.79445187713324,171.27333736597205,157.235453451935,157.93406372738255,140.6430449354003,147.5620643981897,167.85556462136134,166.05072481408084,169.30529885382458,176.25026849040773,154.40304520730382,166.06075776650178,167.25133108542315,141.60539319660683,153.2985889482718,165.92161837128523,161.73619837894304,172.4749911690117,163.09617832308604,143.62246568454205,112.52018709130991,130.7495907388476,145.118134984442,142.30264567983272,146.54506961123445,171.91463987391583,173.2801786875989,170.24807806117497,144.14934881430975,175.33935396657967,165.3478191101391,173.95541496801772,173.16432268016788,171.07860825370858,169.6836756148317,168.47578221598576,172.44039695703856,138.65995480292418,182.15107559369943,166.86346510173564,171.78924112124153,173.48870971683797,173.57312479228182,149.06824527896353,119.24328578620703,136.84590718083362,176.07239827744084,175.18768655751,146.24007142450517,182.60999055884312,158.11275363657722,156.29103540227493,152.6231146197709,153.4242561104673,153.67206898287432,156.43461390755604,153.49056091789905,148.35034938750056,152.46465456084397,158.59586676959418,153.91928134974685,155.4110683425606,149.16534117981672,155.98542601534928,157.1427063905574,150.19984034954794,153.01085554651098,156.0695984866035,152.65595555340295,154.80318747273523,158.80590771383123,154.5021801624136,163.89295086913611,157.5564897594874
photo_velo,166.23164062299196,169.48336386401888,165.6099483071414,171.95134312591685,146.99214805150274,167.39478382118762,156.51368083528615,165.55524976165293,133.54624337286452,147.06121173703485,174.41755125274156,130.66040667399605,146.18329398336456,153.52834900337734,164.0651373184461,157.24854087783433,156.9951036162166,124.47011723823768,128.12869307529095,0.0,171.21382518916144,166.76623870916708,133.581533100186,164.20784139902332,142.44351290236526,145.16541761224144,125.53306982822748,147.0919750455147,151.6131625782571,156.72463594586895,159.0340720775657,163.3583590226734,138.18703862389032,164.72758904830098,152.97282796100072,121.56022476175899,136.7080280004352,149.4222975361803,151.32993870310244,160.09018651998954,147.16205156460748,126.05905771070051,112.2380325424677,95.98241207178951,131.32912193254776,140.8207170394858,127.55634653871059,161.8948914930085,163.7277976753758,157.92869044824653,125.15511525104554,166.98687583934876,151.3603217483982,163.91816061714715,162.54955041212412,158.19810551490576,158.08311152346144,161.79574171820312,159.40785824291999,123.95030148006113,162.75103899352482,149.5843080678605,161.5284800850441,161.54181734711017,161.49787741760096,131.8813103303186,126.16913010056163,102.61031420497466,161.80267995550741,162.98534277972945,125.60684444230624,168.9911395591551,143.30970023103407,139.2175727163942,135.20122642417576,135.78063675914692,137.40294680460983,139.18268854699875,135.4995745295659,130.33137262367202,131.14056587497248,145.00367036352165,133.78058171759562,139.15879410099495,129.4076409205423,138.0665505250927,141.92240926543153,128.646398665186,132.69388595645603,140.43216188421178,134.55123484912784,137.45210007050065,143.50693463619942,134.72090940772654,150.83468761530105,142.65024149296278
photo_road,194.05929776042763,190.4750676438665,158.14852087045855,185.49756319903346,186.00567200334447,199.202234685088,190.39702417223106,198.4966278342112,176.9539994220118,157.5031057670224,203.96234097986698,176.19551659623707,189.05844102325898,188.60969085347378,196.1979829423018,188.77968529072837,192.74957869604873,174.70746539775473,167.23298087027027,171.21382518916144,0.0,182.19137398299162,174.30588256352104,183.7308322017897,179.5030688245721,179.6083721551745,174.82256095489998,166.082926933643,188.55872890325148,189.68005117476076,191.60135325207787,194.7305400567839,178.92400612050355,180.24664198526307,190.90132631191406,176.50848543692635,174.94776694568733,188.94379999747764,185.25088500023554,193.16238704424117,185.35081256499805,179.41799272615353,168.93855200677513,167.5879051642203,175.95242644624332,169.85622226569802,178.27384102984374,193.66418787888182,195.48058048326962,192.00531970069528,178.1148680285261,198.66807144700945,188.789328039764,192.17379375124082,196.03402903248895,192.35238876636882,191.32004741759238,185.14224395995217,201.08858508830343,178.55237005983162,201.82247322138326,189.16655700998035,191.62135040498526,193.67003424763251,195.62004876627097,183.73973350996604,175.91617257355523,176.99404706793828,193.5893659322285,200.44814344627034,174.5175398268552,201.86148220558218,185.43702264934828,186.41338655292756,182.4563633892942,181.48980255142996,183.54663777903292,185.6562230230815,182.76002828647196,179.54087239668766,182.19400248694262,186.40140940895847,183.4865738167591,184.10274521066899,178.8574831867087,185.01069855594824,186.6122928337705,180.7395583349336,183.73918562045952,183.21593154732426,183.54428227082002,182.43979063390358,185.22373408172882,184.81640020853385,188.7026490867131,184.67082411902499
