,photo_face,photo_profil,photo_eyes,photo_face2,photo_walking,photo_standing,photo_hand,photo_legs,photo_bird,photo_butterfly,photo_girafe,photo_fish,photo_cherry,photo_tree,photo_flower,photo_carrot,photo_watch,photo_key,photo_truck,photo_velo,photo_road,photo_house,photo_mountain,photo_windmill,drawing_face,drawing_profil,drawing_eyes,drawing_face2,drawing_walking,drawing_standing,drawing_hand,drawing_legs,drawing_bird,drawing_butterfly,drawing_girafe,drawing_fish,drawing_cherry,drawing_tree,drawing_flower,drawing_carrot,drawing_watch,drawing_key,drawing_truck,drawing_velo,drawing_road,drawing_house,drawing_mountain,drawing_windmill,geo_face,geo_profil,geo_eyes,geo_face2,geo_walking,geo_standing,geo_hand,geo_legs,geo_bird,geo_butterfly,geo_girafe,geo_fish,geo_cherry,geo_tree,geo_flower,geo_carrot,geo_watch,geo_key,geo_truck,geo_velo,geo_road,geo_house,geo_mountain,geo_windmill,word_face,word_profil,word_eyes,word_face2,word_walking,word_standing,word_hand,word_legs,word_bird,word_butterfly,word_girafe,word_fish,word_cherry,word_tree,word_flower,word_carrot,word_watch,word_key,word_truck,word_velo,word_road,word_house,word_mountain,word_windmill
photo_face,0.0,173.47803023551802,198.06278920858594,178.56874389936,184.90617162800305,186.07470535798632,184.7218796838774,182.23400708446866,193.82430839477618,213.36824825032892,202.45765640547353,200.13866786210676,202.31263579062642,198.6443062098045,198.18139657862525,185.18344094380168,187.22215038215396,201.22018111118297,208.27826108671124,206.61113375043155,230.2339116863043,213.45337454435335,195.36660234778137,199.13175348619575,191.3363233015982,199.44626313379095,206.51037263942072,191.0730415370172,195.4132847993851,191.51723634311048,196.85817897320263,193.34781294415015,195.4673462501935,214.25405831975507,192.54393967473987,200.34650488339832,204.4785549417518,190.96861077595162,195.4071482228186,184.35904638471135,180.23179192161885,201.51276439291905,204.72773086374488,216.91589041895585,200.49054914826692,215.96341299639317,202.80507201222753,202.51631879949008,216.0810438477814,189.40900435553263,204.64070510593217,197.3102744424444,202.94330440265279,190.736906009025,202.06595559711624,184.90622841041406,192.38932411598228,208.13825592114839,204.54036626390482,203.1530303353935,200.18227473467556,196.4650998310966,193.25749271489076,186.18484477200514,199.22047061041684,204.06483704521847,218.95898536731673,208.38827357126507,194.49036045637646,209.2422264059175,192.42304395090224,216.2194655404485,204.98947086035125,209.24798968701452,208.78789919761277,208.9450661274694,216.40457803570732,216.3883279607583,210.03105629104144,214.1077490267933,212.0578094662734,213.26221411374186,208.17292023592756,212.06076849681145,214.08473908624708,211.58346912466348,205.17233982917637,216.8167852361273,219.90721194893857,201.62775528588733,214.0034514241376,206.16298309254728,201.84270149136933,213.9507664997259,217.94182573210156,205.0319186987224
photo_profil,173.47803023551802,0.0,203.80084732530366,196.81562595647344,195.71366133711257,197.8405188400014,198.47889747828057,200.71760839005967,202.78605143861006,215.50848451107245,208.81032506447897,209.0952981509108,212.16769762216,206.369880193252,210.381332450287,198.3307755953593,206.19459128419612,211.27989110655128,216.44153705649282,216.70700881865662,232.60589656221464,214.7976553263236,205.77523438492145,200.85598607079206,200.74709758548437,198.77697767766705,210.81810372815104,193.82622980493343,205.4453988021393,201.22720901205008,201.61172835360478,197.87362412620828,204.1339403287363,216.37048569407813,204.00753021752197,208.0428074116394,209.6152756737938,205.87724753960492,204.5175124824654,198.42686082457536,192.02379952986698,209.68744166183214,213.88797073589652,224.20820562810366,208.6254862462489,220.9618319922146,212.30397498972775,211.6828631915748,218.74082817172777,202.5550826506993,210.71319189251548,204.7269382798663,213.31518392872172,200.67099136532622,210.04246205449047,197.5469209229629,206.79119361752234,211.01667589911358,214.4939205847865,210.14515729752208,207.37663967847752,210.50116929319722,209.57266529054124,200.88503754882092,212.93376286387087,211.58289961566965,225.06337242639273,215.00134203966968,201.41256459126768,216.8700106650503,201.97309266320718,226.34687922549412,218.6756173636868,218.6753017224522,219.49329569557568,218.6363187634068,223.84654808141036,224.50369269438048,220.82326999291834,222.21816792606663,220.92937259391593,221.96215640005778,217.90513582608594,219.55682096449175,221.7115635551989,222.56775709754814,215.3575161831946,224.92182498986526,228.2294532215465,214.67887242582813,221.42094353362964,219.40854421897606,214.4411639013715,222.42828409143414,226.96725482387345,216.4126056307029
photo_eyes,198.06278920858594,203.80084732530366,0.0,188.8075364660839,201.9075944762836,205.54059961403107,207.74126735283022,204.35673749542377,197.5558068964139,206.5262630134287,209.60454419865945,199.93755473656907,217.295455979187,213.59762524843438,215.48855402520874,201.24379227611269,208.14488441650104,201.15277909901954,203.82426159526543,206.10823103251542,208.16040070997838,216.80737997352347,199.95860596110046,203.185030101241,202.54865552776127,203.5521610978885,201.8613924797505,186.2289667532515,209.46327150430602,205.7004552143294,210.27342354130064,208.4039169499259,198.02773887363642,209.71471794306424,208.4516324502366,199.2511571096231,205.66058891313946,209.40876438650554,207.37186407572176,204.1384064122528,196.079070210183,199.81581696293114,201.0009034104509,213.6308635231627,198.5961613796052,206.39531721936225,203.23425216322246,211.83911948654776,217.4300956647709,203.42935160733703,200.8096930515495,207.47255053345515,212.69788519310222,203.34947656671199,215.29727229861595,199.75342852628415,207.66108321460345,208.05049754219655,215.5555595343931,198.5392649263222,211.47890281983854,210.9543530699089,210.82735338848093,201.64624341702998,215.36829379245947,203.43041072798613,214.2952585536518,202.67607184976083,205.09372438135162,221.51894398368302,195.0550446876561,226.8337908964117,213.59595554020376,214.27110629604115,214.65114855182043,211.76353305878115,215.75169967252532,214.7534569768265,216.75672925109808,214.0848160146429,214.13014900760948,213.89091195016277,212.98411007066272,210.18624767103373,213.57033228116117,218.08256954251664,211.83175553986408,217.72869583940567,221.05214145056493,210.54663586982167,212.65676886652886,215.18185549295487,209.10599569408026,215.38419937676497,216.9529136113818,211.4022412917586
photo_face2,178.56874389936,196.81562595647344,188.8075364660839,0.0,198.811917721187,204.82810891867246,202.69848970550868,204.0117510074913,201.0241108502008,216.7486490439597,211.55181764045616,209.68448458834914,215.64844548700702,213.1434494164281,216.37336810836186,203.5591939645067,207.8639996856857,209.2679718514945,215.94191516320885,215.60880993743822,228.24279151178916,217.29258598632262,204.3494975873495,206.7246356942844,203.4602890860464,206.93821295062256,212.60620609300955,192.38557274233779,209.43101863365672,207.12629332042664,210.97110434698345,206.9200473168636,202.80846201074,216.8077502121434,207.77080951419637,210.37890495266763,212.02341372371228,209.37771838988002,209.41764345691598,203.47566731440776,197.45720178248592,208.93984920427073,213.05198492934434,223.3823823321284,207.04920413857974,216.29159608987095,212.8420402198678,211.99154296773114,224.14316269846194,204.82729901541387,212.77066180902852,210.50054791304504,215.1159396318244,204.196506338586,215.06234597875434,201.68416011473028,209.16391436647137,214.91974291526216,215.81468711805505,210.05149562189555,212.232510709306,210.30733341113387,211.66439660867564,203.52919087387036,218.15416476361614,213.13116928998497,226.6354508038411,214.7509277727327,207.00804368709285,221.28950466259087,200.24458792381913,227.08673482078018,219.6549441926474,220.70606434241108,220.7793406935621,219.16459415212893,225.5421459777466,225.7528078056683,222.69857658506382,223.50517913061603,222.2757750223299,223.33452174034818,219.55432026681302,220.47280258323292,223.63333171231932,224.27051883103914,217.53668210280503,226.61260054796446,229.29333367247796,216.9417327992171,223.47059431690872,220.96021075124497,215.87327865952844,223.31829937210398,227.44083244418567,218.00236653366173
photo_walking,184.90617162800305,195.71366133711257,201.9075944762836,198.811917721187,0.0,146.51277367721565,177.580838283605,152.06650275197117,166.30123131562686,193.16582146897807,175.27069388858013,176.03723374557103,184.14552141996862,173.05452702611657,175.14039760134798,160.95205808514916,168.05965848253967,174.04299817629132,182.00717255405212,180.6225125292467,210.0909236011388,198.8046124760749,167.73882335118606,177.8412272561491,172.52886171508325,182.66467005471304,184.24468674619848,177.16233020694133,164.99653973750827,167.45912497023332,176.02775751157455,171.5118194056134,169.22448730635193,197.7604617856895,162.28216336736457,176.69698832281298,185.99677262668095,171.89164114917395,176.84951725761053,160.83425054871248,158.9373105979981,176.87386021817676,179.411338238851,194.6805593060677,171.58716628238727,194.33126244637623,174.12685193485194,180.98455912520416,205.00019135194896,161.7243869552314,180.02106510732744,175.09245384184064,173.33378062572837,166.298615270706,179.90150378721086,158.15091995457675,164.0856559901053,192.02367836271162,175.7556212323192,179.78719269072386,174.8474323878376,167.950370174004,173.20542362315283,159.48909064511892,175.36498340530696,177.43625478375722,196.29001084422347,186.2537039055306,166.65010896454191,191.65598158457746,162.98295532768148,200.49659851103507,178.98025884913514,184.53596015455454,184.55351035147945,184.06145310624973,193.13511711214736,191.6982235063433,184.16643613125376,190.72730556578458,189.3105154041803,188.69317365449297,184.6249149338462,188.7014572873785,192.13073345053513,186.64423558910534,178.66134882536466,194.5315703012699,196.89912500273303,177.1591748803673,190.54016814008455,182.23554160346964,174.75158901945622,190.17452861901594,194.3291066592492,177.94781041184962
photo_standing,186.07470535798632,197.8405188400014,205.54059961403107,204.82810891867246,146.51277367721565,0.0,175.6173139057927,134.15627408040925,170.6845444341859,198.3861755618138,173.43426923754458,177.2876198921979,189.66443815514748,173.91509241465502,162.20355032687277,146.969847263906,158.830814836852,177.61939155295704,186.68285807632486,188.67714511997278,215.49237768815135,203.20012401007452,176.95639300092287,178.23669096081332,172.26109479778705,180.18804980153544,185.03467717796465,177.59786029101113,164.68910356896407,150.98129076190764,165.6562375349636,161.78974689998032,171.93316263987717,194.8288652546467,157.1877335057772,176.66324354085702,185.89452049020625,165.65363886724708,164.2178004731567,148.12806321359824,152.2739312448363,178.2513318170287,183.42734705977782,200.19105230673338,172.54630090235813,197.7682253938992,177.2977749047997,176.15382512465322,202.35579748978387,152.1691671365253,179.66596571950583,163.51877938885468,171.52838335261353,156.57611667374795,174.80767344952167,149.45720408484237,154.87298013104316,190.0396983638006,174.5215853823819,179.64870420962902,177.91665355134498,164.63787063193058,157.56979284696638,146.20016470820013,165.89560329782606,177.73823785781175,196.97132838536564,189.1155092349942,164.4992150408732,190.23732655236088,163.5389650975064,191.76917964759525,175.99540191793693,183.46305785150835,182.18545611123037,181.22922090159807,192.1644626789617,190.14612103812433,183.3254901575914,190.29911837843494,188.01066775388773,186.81489610637067,183.25256802031433,187.33476330544136,191.26215695162833,185.68352538071855,177.0804459498121,193.55791767611012,195.74823648578314,174.72806804397626,189.70030546586145,180.52024038283827,172.27178459998936,188.96443138071677,191.47868525014968,176.02712811554477
photo_hand,184.7218796838774,198.47889747828057,207.74126735283022,202.69848970550868,177.580838283605,175.6173139057927,0.0,166.00080417205396,182.3761548487351,204.47074236911106,194.134255462965,184.09038538592378,198.850036445544,188.17485987809104,192.08998675083953,172.53492140611968,183.17074784182884,189.67970714600307,204.29183320566926,200.40218234368538,223.82900152895806,208.8975212293587,188.39370895870388,188.63512217757005,191.93823053076292,194.11241639620002,196.82938750878716,187.62587462604418,189.0416014890711,185.39541210748567,184.9506557659138,187.00616179637834,189.2029692702462,209.78106811091075,184.11374774906014,192.07005906111766,198.58548787071553,187.26779144990894,190.70378233947503,176.39628515488272,174.36944177912596,191.93265441742537,197.05940115873577,209.87463612355603,191.2402531829182,211.08612567505304,194.01220974965702,195.2419414388099,216.64060670749222,184.229851963931,192.99857516255946,191.1384809014505,192.79761788851903,184.8729085097691,194.71258029327691,176.90060106123443,185.71079339261166,203.38000471230208,197.82149804440104,194.43065948085538,193.80086520571913,188.56168182143844,191.0131648257532,178.69692766985298,193.59543354179286,194.62516118270824,211.84054041624714,201.57910350636465,185.30233741483386,206.03792643526882,182.6549357997956,211.7498693539827,197.63860452941293,200.63562106818958,199.86170484225542,199.56072734425567,207.53030595735194,205.98526829823018,200.35136111234445,204.221275656839,203.313432028216,203.85368624529553,199.4872897348307,202.51938691974038,205.2990481942808,202.21774826422242,197.12230637874129,207.87327307416032,210.43023063240025,195.2168986390335,204.78796251895713,198.77422000190307,192.19567551524378,204.46757588994123,208.7710082883133,194.8431436206296
photo_legs,182.23400708446866,200.71760839005967,204.35673749542377,204.0117510074913,152.06650275197117,134.15627408040925,166.00080417205396,0.0,165.42436318845597,193.97537892219594,171.79566816728635,169.134393351351,187.2170675284548,170.30911648816198,163.98023917537884,140.74788346919536,154.82959448352958,174.101722170896,185.17433184630346,185.49365053228198,214.34894941835674,201.87603947111856,176.57472376218817,178.6683664855461,168.76919434554003,177.82702267574587,181.90812634093248,177.13462243285272,158.38184780800347,156.63502925981925,166.3312970971002,161.75040959069372,169.0102269989624,195.1068784631931,160.001713495827,172.65048214421205,183.67735441231892,160.01538846727766,163.94574544174122,149.52209798597488,147.56488830264718,175.51157543108022,181.02177169561858,194.4199711340084,170.76485120872195,194.34986047957,174.06021435509163,177.18682583769962,200.9113656256017,149.9741221541257,175.33207614274065,166.16193837673185,166.15478599473062,156.58764010564738,173.1252190373614,145.78292634783773,151.9835192369954,187.54190795222817,171.90452107588513,175.7751851498893,175.03521792259482,161.71166824330473,161.2841106859141,147.48518303840248,163.11978516099177,174.124083242008,192.83142272562256,184.89371430518466,164.79153798685033,185.21040370412706,159.90168226522567,190.01096839968528,172.00900018848552,179.20222774326896,177.73854358674026,177.5288844774423,188.36379099050777,186.32050767950614,179.23862745156725,186.454293481056,184.35607293110448,183.6172036171628,179.47921999988955,184.3447832007852,188.0293351559555,180.97423630183647,173.57654677826955,189.81789979701105,191.56768661431994,171.64799598916608,185.88304264744286,176.07602006552335,167.8949674193202,185.18800282107006,188.37304073248646,171.5297190035254
photo_bird,193.82430839477618,202.78605143861006,197.5558068964139,201.0241108502008,166.30123131562686,170.6845444341859,182.3761548487351,165.42436318845597,0.0,184.83499790241117,165.79796117649477,153.99328612587752,187.86622976510603,179.10815557523634,181.53645602506884,163.64034107961143,170.89396513402247,156.57117483404997,179.93396624407518,175.3834502927337,208.0358451332273,204.27156931983745,169.84906298282718,182.67325878070554,177.64256838306562,183.6436813826844,172.56011584853422,169.89991814130767,179.2374352007783,175.86982069118088,183.26170840281873,181.3152482821362,156.55718782398358,193.91368481566585,176.20947787231344,164.32127949333804,187.5434229696679,177.67097398929218,176.5707443056508,171.83303340714343,162.98924734436838,164.662887650039,176.92569030962494,188.7356416152348,161.26453971949522,192.57198224887816,170.96333413950484,189.63773549874855,206.43881283924242,172.11327743341778,168.3544730572114,182.11980373423313,183.3983773484589,175.09229473989086,189.01509971809136,168.4006288274457,172.9035294383475,189.98497365239047,183.38654081821772,167.573858070565,185.58020710389357,177.05571153596412,180.41222566991863,171.01048492897462,181.97844841785,164.55595118257827,190.79135001993237,182.07797421791832,177.13812962757774,196.43912851724633,165.33589473157483,202.8009775188763,176.46684376288306,180.29859175923872,179.15593644973282,176.75109496399878,185.3310783841226,183.56664263359897,180.65872762514772,182.63692703364165,181.45142332577026,181.88707426910165,177.8991419065209,180.99491341813365,183.1248893314834,182.35261541424654,173.7038599842883,186.4023756944506,189.64182066914134,175.33379898617784,182.73177779690056,180.6775925201259,171.19905974285203,182.67918492737883,188.12083146214317,174.076912705434
photo_butterfly,213.36824825032892,215.50848451107245,206.5262630134287,216.7486490439597,193.16582146897807,198.3861755618138,204.47074236911106,193.97537892219594,184.83499790241117,0.0,201.59778119535144,191.0875250850823,206.57855398719275,203.794519735674,207.56818409921274,194.40712474684864,201.17941388919172,196.0536520813657,197.94461066138172,203.04666755056923,211.945133798571,218.33515353206192,195.89360490159035,197.55298900803322,197.7954821567356,197.40602574328398,193.28186656566595,181.09586610548362,197.9440269618011,197.77748463504744,201.23851744181297,199.09086405347293,183.5712414468998,190.99686692552385,199.69810671291341,190.74817885686784,197.45878673283025,201.72758859410013,198.93872507712211,196.44331296461465,188.58109217633995,194.7839929343113,196.1094398648184,201.4649443621657,190.4656957272863,202.60323885057988,200.78298972592506,198.9690822857873,214.68087491133625,197.4183539715104,194.23891472308452,203.41528233360995,202.99479329748223,194.71916679370793,205.92330526962166,192.03456077419108,199.5168510061684,197.7816539627665,205.0289950269737,190.61671721448644,203.4088782916071,199.44936086482787,203.25302281648854,194.66379384568071,206.84804096678639,195.99972846771723,206.0469337365853,197.23880278631094,196.9304649679019,210.0473606219053,185.29919689069666,208.9419375579612,205.45486279998107,205.45875439786454,206.57881746304616,204.01041399580794,210.03989016285325,209.10616333891295,208.66515103687365,207.63831961283134,207.1190195616522,208.22381141646278,205.47325100701167,204.30330287847872,207.44732875732814,210.4131698149165,202.14818495759985,212.07917900453697,214.5628140546879,203.6674248384754,207.3675553369013,207.18728780144357,201.86730359006506,207.81026872115524,211.61320002867876,204.39564794923845
photo_girafe,202.45765640547353,208.81032506447897,209.60454419865945,211.55181764045616,175.27069388858013,173.43426923754458,194.134255462965,171.79566816728635,165.79796117649477,201.59778119535144,0.0,182.05567299148302,200.9408017899957,188.62563026901606,189.6113158821676,173.68120717789358,182.76242870659132,182.18020275889373,190.76644339301876,195.10444067014285,219.25039673556495,210.7702565806633,186.6286791516657,187.4562312670769,187.98561717215998,195.42300475755476,195.51147552565646,187.53267997295953,187.42119164519144,183.07218463053857,191.95112421075626,186.6128691949889,182.98206989346147,204.6590614697576,176.13652714231716,188.50596536748503,197.71477140855077,188.6441490625338,190.2744236806539,179.12155467342708,176.9723643335459,189.00134432822767,193.19923643026982,204.01326592447296,184.4372118710425,205.53317636246533,190.75151385548912,192.92714716605383,214.03822890472418,181.07347628964393,191.1005727331419,187.63232389572926,192.63816572554177,182.4383137482298,194.9213260160274,175.4515403595713,188.5087419817212,203.1088459216371,186.30245729764107,188.19113920662258,192.1924798497604,187.86133846486567,188.11711193144535,177.46591440883608,192.10690458778978,189.0272330892535,205.4390589718778,197.26630519366938,183.56825145580885,204.08161300413295,178.5945836045997,208.8210695788003,195.58250008247106,199.48410926605172,199.3485088490054,197.64273972422004,204.94679263928052,203.08102792887595,200.0780492633726,202.97486912269375,201.97391382184568,200.97769758990464,198.48030690073418,200.826010193279,203.8200176605937,202.06670324328462,193.7806787648421,205.89919159109715,208.86375356817615,194.33187542869652,202.41403627149987,198.71285636918032,190.5866149217659,202.4270862779936,206.61151035469493,193.7577244408488
photo_fish,200.13866786210676,209.0952981509108,199.93755473656907,209.68448458834914,176.03723374557103,177.2876198921979,184.09038538592378,169.134393351351,153.99328612587752,191.0875250850823,182.05567299148302,0.0,195.42733564447533,184.93247992096246,190.22529786163543,167.37941474581518,180.0077441173193,160.01231296369488,180.2314131770435,176.63660515492262,211.33096829109917,207.8390541656374,175.10076634875512,188.3139222946504,182.7686143472287,187.61345385920012,170.805043375729,177.384494986058,183.80655011942315,180.93850162996634,186.77062980883704,188.22548747381265,170.03100383430078,198.5200622820617,182.68406673756087,158.81536738398077,187.25039757055856,183.86528380000854,182.6652527936726,178.07599561444312,169.1090449464521,165.71780742947053,171.43354874607144,187.22237965414658,163.1714846465146,189.71447632212343,166.18842950541756,194.42177670983185,211.21958140055628,176.5094138641683,164.5701961709173,188.45917770494935,188.41229164958872,184.55210558461218,193.8753369467749,175.6314539151044,177.9127887636276,193.46715422300747,188.89297375679143,161.7540464135989,191.39012720992187,181.2455353496778,186.3425184808833,175.84523959313586,186.64708113912783,168.52169604901417,185.84727275832478,182.13834678431436,184.89869202407536,200.06319635486466,166.93335086426993,208.13223805937577,177.040648792396,177.9527312960325,176.72631394020857,177.85224294689147,182.66614301008943,180.6894359980203,179.10900092581414,180.23507970816564,179.2023839414813,181.35922296456383,176.68433360800887,179.4172082360684,181.72722661595748,180.68181798936791,174.13258355800988,183.5079385621688,185.3235568195813,175.93951403522962,179.79995612943517,179.16600241554661,172.80412547554246,180.35449628048838,187.50341735583734,173.79802216450236
photo_cherry,202.31263579062642,212.16769762216,217.295455979187,215.64844548700702,184.14552141996862,189.66443815514748,198.850036445544,187.2170675284548,187.86622976510603,206.57855398719275,200.9408017899957,195.42733564447533,0.0,188.98208168344559,198.8901196064567,182.17236822242504,189.20967694928305,192.03218574720492,201.44465457225837,192.96060024265833,231.6821177504622,218.93339274063817,192.39701416947244,196.43518764702736,191.86108398397838,196.05418348970426,199.5088330709113,193.33451539204003,184.35598549715647,190.0518785966564,197.59572682648346,190.26845604476145,190.98529945771062,204.86711629390626,184.39233123379543,190.64049380366762,193.9612941354733,189.7553900512262,195.99044534238038,183.59506681361665,176.86172177182493,195.21981760826137,195.71685887140052,203.12689915854173,194.61103155201252,206.92058596587398,195.41601497987256,196.13670004187924,214.09155990420214,189.52701007571042,196.444850779759,199.86549086043294,194.19960749690532,187.65944028515585,198.9698164002613,182.19397046121145,189.46735764252398,198.73161137133556,197.51590384809214,194.36157335635468,185.4507232122964,190.784686716303,194.73053561715662,187.05688914854088,197.29267402836123,195.8737601921101,211.74540886148273,196.26293153871228,188.77857351107053,206.17860101797342,187.6668455289202,209.3394546113271,200.76030106310276,203.8433045895715,203.2764911315014,204.40321199286174,210.9173384500487,210.84216710130744,203.8338844719068,208.63743938582076,206.61917493161127,209.05768723340213,202.56553050350522,207.56967528103135,209.00321992860688,204.76385759005782,199.27487228842017,211.21805060729272,214.40038643332753,197.58866711592867,208.52667973770684,201.60480249718822,197.5291970773702,208.62100953985413,214.50976644255852,200.19731562346465
photo_tree,198.6443062098045,206.369880193252,213.59762524843438,213.1434494164281,173.05452702611657,173.91509241465502,188.17485987809104,170.30911648816198,179.10815557523634,203.794519735674,188.62563026901606,184.93247992096246,188.98208168344559,0.0,182.85161173965264,167.64397182890207,171.81051284092896,185.13852461954946,194.4148925018557,193.56594200828192,221.61103615605126,205.87218584278807,176.20717921677203,180.26167476626418,185.82962365467307,190.00787391151417,194.78295190899183,188.4433777405339,178.14443158185455,178.22058868290256,188.24838186329893,180.7764315859829,183.6391545992179,204.54193045541075,177.57397972079428,186.3127800725904,190.30222280401335,174.18731427990463,185.53170812439993,172.4298120501829,166.68819107911756,187.79486832008112,188.92260868326886,199.17324602748033,186.88964146706994,199.16184587733923,186.550295834529,184.21294694590028,207.9977761106505,174.80766759330035,191.38372882426876,188.14577778172014,180.22287955447155,178.1175495149424,183.32279938234004,169.2076048162457,178.07249795927893,194.54892022370998,183.8536363256291,187.95834183567234,182.70345392389225,174.22334353608082,180.88052966810545,171.24609313567763,182.40875896428764,188.6109762360778,203.476078504393,194.61379215142642,175.0042283562856,191.33415056780748,175.14753556499653,198.20187952022602,189.17321648158014,194.30565766580824,194.31195834403184,195.44819381397159,202.17048618715393,199.8188736191132,194.3604788877198,200.32782838917655,198.65299205766217,199.16357792305843,194.40318855036776,198.44301326238192,202.0294911794746,195.47310742258426,189.13801635005183,203.68150008414307,205.25869920124032,189.19780567492677,199.67608902033305,193.08530564181487,185.94796978231432,199.03795347988003,203.46786572469873,188.34513173358565
photo_flower,198.18139657862525,210.381332450287,215.48855402520874,216.37336810836186,175.14039760134798,162.20355032687277,192.08998675083953,163.98023917537884,181.53645602506884,207.56818409921274,189.6113158821676,190.22529786163543,198.8901196064567,182.85161173965264,0.0,153.60627735734448,170.65431231516732,190.80383507670967,201.44782789915456,200.52294085120852,224.205568127233,214.9738547178376,188.64491152967148,192.59586885106884,181.97068642838136,191.10071412479058,192.19134857298928,187.62647907599762,173.83495503157744,164.08321277053773,176.17393848183227,181.1375135913467,182.96859710842025,207.2519604783728,170.37155358395873,184.70285113494438,196.95380347910924,171.9642942094435,171.4855968151067,153.01918420318572,163.10382358553767,187.446104933453,194.54967686081446,208.7270999698235,181.17595718978743,207.251078087535,186.2067047557731,191.04544590413923,209.45407712488222,157.92529906868612,189.4053705508356,173.461070298765,178.41646936289754,166.05429068753423,182.3943985335446,160.72344079839726,166.17922149557316,200.31869979129536,182.01859739996894,188.7553611682073,186.6707849079621,169.58645288352017,163.23219455679407,150.73302410944956,171.4748325757733,186.92802971964687,204.75111097820516,199.36493411830355,172.73044648600157,195.56548674474973,170.7214499512881,199.16622663056557,185.90658295170962,192.99018138889676,191.73292132206174,192.21110453450325,201.91464102697938,200.59968700385392,192.83499497412305,200.16314293308312,198.20289215399254,195.75806792956905,193.64358901651295,197.1258839495447,201.26602074847995,194.9045902435405,186.39298321256285,203.6291221244964,205.36649961095063,184.63547643543515,199.5964254469561,189.31099607119458,183.55455426169377,198.56998951057946,201.8398764724044,186.3106048653284
photo_carrot,185.18344094380168,198.3307755953593,201.24379227611269,203.5591939645067,160.95205808514916,146.969847263906,172.53492140611968,140.74788346919536,163.64034107961143,194.40712474684864,173.68120717789358,167.37941474581518,182.17236822242504,167.64397182890207,153.60627735734448,0.0,148.20386784858547,170.711171169965,185.958040232859,184.03813400319015,213.6157921853951,202.78502045936946,172.86742708542005,178.69470194164282,166.01015150194945,177.12978157743467,177.7604401094482,174.19883647273235,159.65705913262647,151.04843815663259,162.1674774819355,166.6974172421821,169.4162897164329,194.69235672831368,159.16400791545237,168.9267778973956,181.6665104626034,156.6629062051719,159.37250484727926,130.20285213802325,143.1396128521606,170.12856064078653,178.37703705246884,193.82653172110494,167.16782351302254,194.3191383713168,170.5806871353746,179.72821222419702,199.66468717262254,145.18857139141736,171.16079859002824,159.73691030015527,163.9469389484282,153.8216719053579,168.7733770067964,141.09106440303813,147.84569889678235,186.9308532474997,168.8311948720802,171.67703334820035,171.07448603755705,157.74934581368598,152.38436035159344,129.7664726433705,151.7840435347657,168.28695553004798,189.38781480881119,183.53841409512475,161.97624227755492,184.209920878828,157.3548606920916,190.2153871329964,166.32309345815625,175.00559823558623,172.87072339815745,172.79126852395686,184.45590032587143,183.0378073767834,174.3735619224311,182.64432469239827,180.57906789456618,177.96675268647152,175.2567892378041,180.20677701622515,184.3060515730142,176.65900961232782,168.10699315621295,185.51150681992254,187.8194504467017,165.62137720950986,182.05716314387223,170.43069326149802,162.4249187987197,181.53452976813705,184.59113360937656,166.2456424190644
photo_watch,187.22215038215396,206.19459128419612,208.14488441650104,207.8639996856857,168.05965848253967,158.830814836852,183.17074784182884,154.82959448352958,170.89396513402247,201.17941388919172,182.76242870659132,180.0077441173193,189.20967694928305,171.81051284092896,170.65431231516732,148.20386784858547,0.0,175.16890857200218,189.15449557608463,183.22650800303114,222.6162594337299,206.069034815998,178.7553268441935,184.55201591164354,172.4396017707218,184.24242118887557,183.19256756266162,181.95259865232623,162.53934465635783,161.10922628564015,175.25013464246845,175.79958367165344,173.32814215604176,200.20198182835264,163.75965014937833,172.75218464782986,186.34994624560613,154.52265115171605,166.85314547104613,152.6081145989287,144.5458853689196,175.34836619241113,182.08235658579935,193.53016146011845,175.74648384091967,194.09695351754954,172.82993942739455,179.30832879018658,200.3748380142721,154.40725642870618,175.74591698231237,169.16307240034394,164.25950996814768,159.69963341210274,169.56781036210927,151.67436553935892,155.25230494911355,190.80588884182615,171.0466280373462,174.54968034735683,175.4408188713804,159.8891369250749,156.6578750182609,149.86330408947273,154.20541135430352,172.51274774290883,195.2897237734798,186.1821021951226,172.53354518207001,183.3183007028683,166.11062059912982,186.47636128441985,166.96942226403206,176.88051632168774,172.6880067419233,174.17850339350215,186.68472137385288,186.34189677799384,174.06763514305618,184.21758173410353,182.3894703728661,181.36837246184896,176.64457851698236,183.95113911388415,185.7938165201274,175.8193308300084,170.20612255241633,186.25755950270627,188.01331153005796,165.3932704353706,185.17430595366042,169.17676738596836,164.95831558225592,183.04184768222095,187.24953813130358,168.4245130597363
photo_key,201.22018111118297,211.27989110655128,201.15277909901954,209.2679718514945,174.04299817629132,177.61939155295704,189.67970714600307,174.101722170896,156.57117483404997,196.0536520813657,182.18020275889373,160.01231296369488,192.03218574720492,185.13852461954946,190.80383507670967,170.711171169965,175.16890857200218,0.0,170.0381118212993,165.28164385142756,215.9413343436396,209.502547557281,176.4264687560867,189.7181769111313,184.1448404825479,188.39177028563205,166.09275297837246,179.84354438579072,182.649007338227,178.10404233331175,189.6846975128327,189.10650233756857,166.20000243668176,199.43173425822934,180.21017957735208,160.82018355598322,187.20782596934077,181.07086788401088,179.70103315557185,177.22403394306434,170.07421520068885,134.92314296462618,166.7077563067362,180.9361151934967,157.59924076787368,192.2135970622445,163.56558881418692,190.12144076971992,205.18118212549444,174.4008773453335,158.5635805453953,184.59353476725218,184.42652604450063,182.22062731089915,191.94143232381586,174.38215268785743,171.47311735847885,190.69818124077256,186.42042568009686,156.53927136397894,187.33787660138037,178.4041829401306,180.4291446024757,174.16579418856972,182.01405724527274,144.12236401808306,184.72252288754808,173.0221293092113,183.6825174611703,200.85591144407576,166.0985729317335,205.28432203960026,170.65797711191058,172.94282628246023,170.81844704335884,171.21001794965431,175.66756390407528,174.0733038849637,174.38512177705513,174.88108324722305,172.88206387174694,175.57482078866124,170.75801958385375,174.1976597850003,176.43044413892878,174.64906339601077,167.5782273745814,176.04546981272674,178.7218344204378,169.4699265448824,174.5825064429614,175.38871710369818,164.4549990120795,175.32393202233195,182.36532488929538,166.8895683283589
photo_truck,208.27826108671124,216.44153705649282,203.82426159526543,215.94191516320885,182.00717255405212,186.68285807632486,204.29183320566926,185.17433184630346,179.93396624407518,197.94461066138172,190.76644339301876,180.2314131770435,201.44465457225837,194.4148925018557,201.44782789915456,185.958040232859,189.15449557608463,170.0381118212993,0.0,173.41814805814627,212.68144310126164,210.32281518225668,183.39079859840533,193.2736308829338,190.18381477558657,193.75682619056062,187.9898618364767,184.20427573476152,190.99750026157548,187.81390055387803,197.4583137541789,195.6421706181093,179.46850316564615,199.95057192756607,189.97666999268736,179.45804937867842,189.8872456141646,193.49319756710767,189.79155413476315,187.15130321802397,181.8337512398658,176.720877891147,158.81229502348617,185.87788149735974,174.4812000842653,184.67989683923227,180.1383668137008,195.18849565224176,205.10142567075312,185.7423755698467,182.8137854050474,195.46017453922465,191.1167623000867,188.08854475558337,197.25932361317368,184.52811134243072,185.3420796017707,193.47855745229566,192.2646994240593,173.09652443625333,192.48630590918754,187.57229558117461,190.24037407466113,183.67691106259457,194.55059469006716,179.41683667087108,176.2081742181648,176.98529052509733,191.8157031537256,200.0222200968438,174.4678770320241,209.6101103052849,188.902772813011,191.34339184047727,190.67722828638236,191.36730889538282,196.53327518189087,195.36226294144672,192.24447248661235,194.94590083660415,195.04623521451865,194.37971851897294,192.16627189428254,193.91221118451503,197.46528387354545,194.02881363106948,187.19358882717708,198.10814044399484,199.46926508001138,189.61318004519939,194.77935319291873,192.86492649946484,185.64431673714125,194.46367359167445,199.9975118058625,187.72423153696337
photo_velo,206.61113375043155,216.70700881865662,206.10823103251542,215.60880993743822,180.6225125292467,188.67714511997278,200.40218234368538,185.49365053228198,175.3834502927337,203.04666755056923,195.10444067014285,176.63660515492262,192.96060024265833,193.56594200828192,200.52294085120852,184.03813400319015,183.22650800303114,165.28164385142756,173.41814805814627,0.0,218.07287031480078,214.11672259042706,182.9875351114869,195.45453361461648,184.0237682753055,190.24355940349753,179.43808297612625,182.43336337404577,185.97841420570302,185.4548525871309,195.16897177259585,194.62504748653924,176.17443530795683,197.70507548657602,187.8749830866357,168.94582445423544,174.0866634002281,185.7862871591486,187.29692993359836,187.17128856376542,175.95408187918838,169.02744235213,166.4152428334275,149.97566769153096,170.91000017939984,189.7274358627965,171.55451157872943,193.51445955096352,195.76198057678835,183.80009447439733,173.10868048345515,195.26291613594535,185.97333593466186,189.49745317771968,195.86053724911565,183.92912972212,184.07650716797528,189.56772504319176,191.65020768688854,163.3289288717537,185.76144493140717,185.08039858071157,191.36173964433428,182.80724780828717,192.26623748773198,170.94707286713174,188.3069854614568,146.62334623331282,191.51461792570652,201.49697764821352,170.7723797251683,207.3044925428792,185.95215357893986,188.282898438131,185.82274847290975,185.179583621714,191.88564304884466,191.24884854945384,188.88592170233548,189.77591632202117,187.4782666429358,192.30343158169114,185.0552377073333,190.3943112735751,190.33919473239686,189.46412433326918,185.23919444401244,189.48617505851024,192.8898789056696,186.27058880313206,189.8706709902812,188.49323699410152,183.3783678692464,189.99728116614432,198.2678646644407,184.6873088591372
photo_road,230.2339116863043,232.60589656221464,208.16040070997838,228.24279151178916,210.0909236011388,215.49237768815135,223.82900152895806,214.34894941835674,208.0358451332273,211.945133798571,219.25039673556495,211.33096829109917,231.6821177504622,221.61103615605126,224.205568127233,213.6157921853951,222.6162594337299,215.9413343436396,212.68144310126164,218.07287031480078,0.0,231.3277520435841,213.99699173895428,214.37427243463907,216.35110440767886,216.79091265090133,215.47278862895604,206.2906135505068,219.89386388275992,217.32984909748015,223.904151749487,219.7973909771512,207.42084474623272,222.37190335357943,219.12279339082227,212.71597079496507,217.17028547861614,221.4098068490415,219.28830447586222,214.74681217391236,209.43341281260348,213.97077486269427,213.37520066809873,228.34014931254586,207.12179271502063,221.70828010148242,215.67401010712973,223.45079442562314,230.44189209334013,214.33619665780344,216.05720382458213,218.46868451901324,223.56150084887958,215.1418510557294,226.51850131165529,210.1235911959595,218.01677981587238,220.650295804513,225.5068695398882,212.48531545329317,221.08755813829796,217.94069976937953,222.55120191333685,211.34957919897292,225.29144484214794,217.15278135813224,225.3695875812255,216.07185098150669,212.39779508964182,230.94246842511086,205.02529629262443,235.01927553410624,225.38711091549416,225.97096716123212,226.57440467149112,224.0644518225786,229.24007988524195,228.32275791282513,228.33013155436834,227.96777025745976,227.63407182993302,226.29605876520495,226.5956012724922,224.39855620474805,227.4859598565824,229.53220744920057,223.21998882438518,231.26341150422175,233.01415613637565,224.10290868209484,227.16852091656165,226.9792436954947,221.0750408305999,227.47880808236718,228.88889274700375,222.5980754540967
