,square,rectangle,parallelogram,losange,isoTrapezoid,kite,rightKite,rustedHinge,hinge,trapezoid,random
square,0.09476218459828956,0.11164737493459116,0.1559167196748362,0.16638519106832245,0.134981553055548,0.14050557594541035,0.13502170199838018,0.15328768996811717,0.15219355489185823,0.13058718531996102,0.15255048269403548
rectangle,0.11164737493459113,0.0975772593839083,0.14148228418123807,0.1584399464888314,0.1516505976000998,0.15246738155257594,0.14702865026680728,0.15252035947782894,0.1480072237459633,0.13652105764334188,0.1622538925196
parallelogram,0.1559167196748362,0.14148228418123807,0.14105218364255695,0.16243757698791608,0.17932295837954093,0.1874292252659756,0.1793168392072164,0.18336748343041928,0.17855681479717228,0.15610071331941447,0.1806915663232841
losange,0.16638519106832242,0.1584399464888314,0.16243757698791608,0.15134607056669805,0.18562456637331898,0.19461858432379242,0.18575273199550318,0.18741089124655516,0.18479084313721547,0.15967500122355643,0.17425524808734813
isoTrapezoid,0.134981553055548,0.15165059760009983,0.17932295837954093,0.18562456637331895,0.1245745331073817,0.14894856070773696,0.14204420456257072,0.165409206715248,0.16846263166118025,0.1361226434012343,0.14704145496483917
kite,0.14050557594541033,0.15246738155257594,0.18742922526597564,0.19461858432379242,0.14894856070773693,0.1384562358407406,0.14163628787532997,0.16662243928736853,0.1666903249447638,0.1543153748842814,0.16659456698774922
rightKite,0.13502170199838018,0.14702865026680725,0.17931683920721636,0.18575273199550318,0.14204420456257072,0.14163628787532997,0.12750413066554966,0.15670810152820808,0.15745937763870974,0.14034439283200328,0.15446496964420933
rustedHinge,0.15328768996811717,0.15252035947782894,0.18336748343041928,0.1874108912465552,0.165409206715248,0.16662243928736853,0.15670810152820808,0.13314518677080886,0.1389505867692675,0.15757357121433174,0.16374668754945426
hinge,0.15219355489185823,0.14800722374596334,0.17855681479717228,0.1847908431372155,0.16846263166118025,0.1666903249447638,0.15745937763870974,0.1389505867692675,0.13554475187151113,0.15622100518023252,0.1645994755100199
trapezoid,0.13058718531996102,0.13652105764334188,0.15610071331941447,0.15967500122355643,0.1361226434012343,0.1543153748842814,0.14034439283200328,0.15757357121433177,0.15622100518023252,0.1158789985291986,0.1332376498708521
random,0.1525504826940355,0.16225389251960004,0.1806915663232841,0.17425524808734813,0.14704145496483917,0.16659456698774922,0.15446496964420936,0.16374668754945426,0.1645994755100199,0.1332376498708521,0.12331812702840275
