,square,rectangle,parallelogram,losange,isoTrapezoid,kite,rightKite,rustedHinge,hinge,trapezoid,random
square,0.09853012958905938,0.12887386096934625,0.14105824999053407,0.16747435373821304,0.1258538129986138,0.120258588565339,0.12041468567240123,0.1479466541166363,0.13768255514008315,0.1329146228510781,0.17317469971803992
rectangle,0.12887386096934625,0.10180778563288202,0.11885561071058709,0.15311707506271136,0.15894237351976165,0.14605605310473274,0.14368883541963326,0.14006381652513042,0.12365502752811915,0.14316102225634242,0.19296138426802387
parallelogram,0.14105824999053407,0.11885561071058706,0.11141027965542402,0.1351823476011146,0.16405961042627684,0.15777638465186924,0.1527355743943317,0.1479196181703297,0.13155700587305763,0.13971624223315496,0.18148674819205657
losange,0.16747435373821304,0.15311707506271138,0.13518234760111458,0.12956224736780306,0.17932277884122144,0.18265262946074562,0.17693410439528892,0.17189448089657627,0.1581753750616773,0.14995457121000783,0.17277098091208645
isoTrapezoid,0.12585381299861378,0.15894237351976165,0.16405961042627684,0.17932277884122147,0.12051680062973985,0.13802172082404715,0.1345895903061078,0.167987267624866,0.16216750784037776,0.1414567000296115,0.16736428852647728
kite,0.12025858856533901,0.14605605310473274,0.15777638465186924,0.18265262946074562,0.13802172082404715,0.12109212796107999,0.1309057762180604,0.16666789804329196,0.15782734217885588,0.15446943156961743,0.1918415948474982
rightKite,0.12041468567240123,0.14368883541963323,0.1527355743943317,0.17693410439528892,0.1345895903061078,0.1309057762180604,0.12290530297632041,0.15677046912119355,0.15014804593429457,0.14324100599923564,0.1823919926210429
rustedHinge,0.1479466541166363,0.14006381652513042,0.1479196181703297,0.17189448089657627,0.16798726762486602,0.1666678980432919,0.15677046912119355,0.13071951156729522,0.12825273361789846,0.1581333695135166,0.19135983048578753
hinge,0.13768255514008315,0.12365502752811915,0.13155700587305763,0.15817537506167734,0.16216750784037776,0.15782734217885588,0.15014804593429457,0.12825273361789846,0.11804875284438913,0.14645982253494405,0.18496349993577804
trapezoid,0.1329146228510781,0.14316102225634242,0.13971624223315496,0.14995457121000783,0.14145670002961153,0.15446943156961743,0.14324100599923564,0.1581333695135166,0.14645982253494408,0.1234445796634139,0.15294005916287712
random,0.17317469971803995,0.19296138426802384,0.18148674819205657,0.17277098091208645,0.16736428852647728,0.1918415948474982,0.18239199262104291,0.19135983048578756,0.18496349993577804,0.15294005916287712,0.14692307536123692
