,square,rectangle,parallelogram,losange,isoTrapezoid,kite,rightKite,rustedHinge,hinge,trapezoid,random
square,0.3070413983074303,0.36969715608921144,0.4601609777568119,0.5110385629140664,0.4324988156854709,0.42567107631402007,0.4266576798464603,0.48658814201930567,0.4660954867320422,0.4269440435084589,0.5038614574435718
rectangle,0.36969715608921144,0.3118050824254244,0.4034708236096359,0.46790942647980655,0.48830949319446887,0.45810227243574275,0.4637501132925465,0.47306615539225966,0.44263884841695317,0.44821511967057287,0.5280761191922362
parallelogram,0.46016097775681186,0.4034708236096359,0.3502278041227484,0.39567124085360156,0.5031850008815337,0.4910175844581464,0.4833449960773078,0.47666635769831284,0.45395140999336775,0.43154432049191443,0.4943104895946649
losange,0.5110385629140664,0.46790942647980655,0.39567124085360156,0.36441399608837893,0.5286233824832945,0.5326105747967763,0.525709681169797,0.5095079148279485,0.49678237735854297,0.4514521149930311,0.48869612809137697
isoTrapezoid,0.4324988156854709,0.48830949319446887,0.5031850008815337,0.5286233824832945,0.3481239313967284,0.403105287236984,0.39212357816266846,0.4923726673417504,0.48886829890461375,0.400469071266225,0.4349773675443304
kite,0.42567107631402007,0.45810227243574275,0.4910175844581464,0.5326105747967763,0.403105287236984,0.3404832716085326,0.3642467179143474,0.46472621094997635,0.45225490963977,0.43198919771912464,0.4611870266190465
rightKite,0.4266576798464603,0.4637501132925465,0.48334499607730785,0.525709681169797,0.39212357816266846,0.3642467179143474,0.3301994398280315,0.4558292654722175,0.4445368658259148,0.3996186247526786,0.4383297852357099
rustedHinge,0.48658814201930567,0.47306615539225966,0.47666635769831284,0.5095079148279485,0.4923726673417504,0.46472621094997646,0.4558292654722175,0.36251876363545,0.3708226871082521,0.46600093217386546,0.47024013640214996
hinge,0.4660954867320422,0.4426388484169532,0.45395140999336775,0.49678237735854297,0.48886829890461375,0.45225490963976994,0.4445368658259148,0.3708226871082521,0.3504608816226666,0.4532715550386336,0.46640424225755234
trapezoid,0.42694404350845877,0.448215119670573,0.4315443204919145,0.4514521149930311,0.400469071266225,0.43198919771912464,0.39961862475267873,0.46600093217386546,0.4532715550386336,0.3384145396579851,0.39512013900280996
random,0.5038614574435719,0.5280761191922362,0.4943104895946649,0.48869612809137697,0.4349773675443304,0.4611870266190465,0.4383297852357098,0.47024013640214996,0.46640424225755234,0.39512013900280996,0.3441631446799628
