,square,rectangle,parallelogram,losange,isoTrapezoid,kite,rightKite,rustedHinge,hinge,trapezoid,random
square,0.10955936203186452,0.14323961579713898,0.16101775565357168,0.19097290301177436,0.1414852969215866,0.13509754912451488,0.13542823389853959,0.1633459583720809,0.1537980530638295,0.14820640635473797,0.18616492548515715
rectangle,0.14323961579713895,0.11230790364210474,0.13530180736379366,0.1743563482657218,0.17763603128454014,0.1628169313756466,0.16057456005671375,0.15498037742801618,0.13841222709932244,0.15875539630405497,0.20714047170739
parallelogram,0.16101775565357168,0.13530180736379366,0.1259961022676863,0.15306024282523403,0.18696592334977377,0.18108314171924664,0.17318276668262045,0.16701900249665955,0.14989586614231992,0.15577826409843434,0.19592744877376225
losange,0.19097290301177436,0.17435634826572183,0.15306024282523403,0.14621728438974302,0.20458763546098743,0.20889749036923358,0.20011293669590988,0.19359446108702041,0.17981845943899394,0.16803976428160666,0.188579833665938
isoTrapezoid,0.1414852969215866,0.17763603128454014,0.18696592334977377,0.20458763546098743,0.13363754889329144,0.15354784330501692,0.14957310984933483,0.1861936749739662,0.1814608371809034,0.1566233445607194,0.1795247521121261
kite,0.13509754912451488,0.1628169313756466,0.18108314171924664,0.2088974903692336,0.1535478433050169,0.13259728199235074,0.14374546294273183,0.1837674384580607,0.17601278547034538,0.172465919905398,0.20631785736539726
rightKite,0.13542823389853959,0.16057456005671375,0.17318276668262045,0.20011293669590982,0.1495731098493349,0.14374546294273186,0.13447081213012063,0.174402064819035,0.1683001472777088,0.15816243636093943,0.19436313081381038
rustedHinge,0.1633459583720809,0.15498037742801618,0.16701900249665957,0.1935944610870204,0.18619367497396616,0.1837674384580607,0.174402064819035,0.1407845133089468,0.14007839059529112,0.17326105036577577,0.20230004976370625
hinge,0.1537980530638295,0.13841222709932247,0.14989586614231992,0.17981845943899397,0.18146083718090342,0.1760127854703454,0.1683001472777088,0.14007839059529112,0.13025274281284863,0.1619184684440349,0.1965998084365537
trapezoid,0.14820640635473797,0.15875539630405497,0.15577826409843434,0.1680397642816067,0.15662334456071944,0.17246591990539803,0.15816243636093943,0.17326105036577577,0.1619184684440349,0.13366281544467995,0.1616993776960239
random,0.18616492548515712,0.20714047170739,0.19592744877376225,0.188579833665938,0.1795247521121261,0.20631785736539726,0.19436313081381035,0.20230004976370625,0.1965998084365537,0.1616993776960239,0.15207719911408699
