,square,rectangle,parallelogram,losange,isoTrapezoid,kite,rightKite,rustedHinge,hinge,trapezoid,random
square,0.06276924965141278,0.08189856213628605,0.0904402539888132,0.11006801165578507,0.07929226636665611,0.07749008310983167,0.07694625361688201,0.09852310763232154,0.08980076758147565,0.08970998660492539,0.1262182866295604
rectangle,0.08189856213628606,0.062415628003399434,0.0749488070644272,0.10004524126064379,0.101538494265132,0.0934520972363216,0.09197517576798815,0.09446117415675687,0.08041908229060947,0.09571601946935024,0.14033445869363217
parallelogram,0.0904402539888132,0.07494880706442719,0.07219979281132163,0.09020348256067237,0.10605657653669756,0.10316908919901867,0.09945196251204527,0.10218698896758903,0.08763534799338886,0.09375464809795214,0.132700770850485
losange,0.11006801165578509,0.10004524126064379,0.09020348256067237,0.0895243006498178,0.1187943443884862,0.12294574138489006,0.11885064031904609,0.12184084950982227,0.10841749891285543,0.10199689348881928,0.12773244233281428
isoTrapezoid,0.07929226636665611,0.10153849426513199,0.10605657653669756,0.1187943443884862,0.07593327891039983,0.09003079814693171,0.08609367888296394,0.11020547906559232,0.10520517105685355,0.09507885150477227,0.1214865692697212
kite,0.07749008310983167,0.09345209723632159,0.10316908919901867,0.12294574138489006,0.09003079814693173,0.07937067874686585,0.08597737435280489,0.11367190463504405,0.10511967596962758,0.10620151194871974,0.14290016716203027
rightKite,0.07694625361688201,0.09197517576798817,0.09945196251204524,0.11885064031904609,0.08609367888296394,0.0859773743528049,0.0800493618069981,0.10407900540731815,0.09803816621577739,0.09787809853874671,0.13395929043114535
rustedHinge,0.09852310763232154,0.09446117415675687,0.10218698896758903,0.1218408495098223,0.11020547906559229,0.11367190463504405,0.10407900540731818,0.09090679775857065,0.08813614451592162,0.11058654050136944,0.14273070464582185
hinge,0.08980076758147565,0.08041908229060947,0.08763534799338889,0.10841749891285543,0.10520517105685355,0.10511967596962758,0.09803816621577739,0.08813614451592162,0.07961819731894405,0.10018522413459416,0.13637624873592422
trapezoid,0.0897099866049254,0.09571601946935024,0.09375464809795214,0.10199689348881928,0.09507885150477226,0.10620151194871974,0.09787809853874671,0.11058654050136944,0.10018522413459416,0.08557317837355805,0.11311347155277698
random,0.12621828662956036,0.14033445869363217,0.132700770850485,0.12773244233281428,0.1214865692697212,0.14290016716203027,0.13395929043114535,0.14273070464582188,0.13637624873592424,0.11311347155277701,0.11420140990620367
