,square,rectangle,parallelogram,losange,isoTrapezoid,kite,rightKite,rustedHinge,hinge,trapezoid,random
square,0.19399600148177568,0.23623132507450717,0.29123595970194105,0.3266528884430031,0.26637838564632416,0.26051939584258865,0.2615845220519791,0.2946582633602079,0.280927388084861,0.2647514591304703,0.3135891341911009
rectangle,0.23623132507450717,0.1984540412926499,0.2526712968522731,0.29602139556895357,0.30374905574163513,0.28407985870556457,0.28908465836144764,0.29331343019783845,0.2719637848203014,0.27863940032753187,0.3340105087823387
parallelogram,0.29123595970194105,0.2526712968522731,0.22362184189595313,0.25547398756001716,0.31792337072432053,0.31509321922115496,0.31069451996623204,0.30521610718508635,0.28640808260646855,0.2720175815298894,0.318148652914926
losange,0.32665288844300316,0.29602139556895357,0.25547398756001716,0.24060931989035875,0.33775793886061345,0.3458379427836363,0.33913573529458807,0.3295657763296937,0.3163453536609815,0.2856581977160474,0.31481694262905474
isoTrapezoid,0.2663783856463242,0.3037490557416352,0.31792337072432053,0.33775793886061345,0.22104881724114372,0.2543899376383798,0.24954873366472924,0.30430001273550716,0.29833998361662234,0.253251675250808,0.2802623578824767
kite,0.26051939584258865,0.28407985870556457,0.31509321922115496,0.3458379427836363,0.25438993763837986,0.21493514658690582,0.2327754743419534,0.2914129264636441,0.28001183370002103,0.2763183529353871,0.30494208763689523
rightKite,0.2615845220519791,0.28908465836144764,0.31069451996623204,0.33913573529458807,0.24954873366472924,0.2327754743419534,0.21459955783133897,0.2872828017853717,0.27696212069480985,0.2568689121885459,0.28909702171208795
rustedHinge,0.2946582633602079,0.29331343019783845,0.30521610718508635,0.3295657763296937,0.3043000127355072,0.2914129264636441,0.2872828017853717,0.22969405213492883,0.23482983218437795,0.2906643529177289,0.30396419752554066
hinge,0.280927388084861,0.2719637848203014,0.28640808260646855,0.31634535366098154,0.29833998361662234,0.28001183370002103,0.2769621206948098,0.2348298321843779,0.22034766645968412,0.2779771801005857,0.2971555952369757
trapezoid,0.2647514591304703,0.27863940032753187,0.27201758152988936,0.28565819771604745,0.253251675250808,0.2763183529353871,0.2568689121885459,0.29066435291772896,0.2779771801005857,0.21341560572275178,0.25240814063940353
random,0.3135891341911009,0.3340105087823386,0.318148652914926,0.3148169426290547,0.2802623578824767,0.30494208763689523,0.28909702171208795,0.30396419752554066,0.2971555952369757,0.25240814063940353,0.2275661190438503
