,photo_face,photo_profil,photo_eyes,photo_face2,photo_walking,photo_standing,photo_hand,photo_legs,photo_bird,photo_butterfly,photo_girafe,photo_fish,photo_cherry,photo_tree,photo_flower,photo_carrot,photo_watch,photo_key,photo_truck,photo_velo,photo_road,photo_house,photo_mountain,photo_windmill,drawing_face,drawing_profil,drawing_eyes,drawing_face2,drawing_walking,drawing_standing,drawing_hand,drawing_legs,drawing_bird,drawing_butterfly,drawing_girafe,drawing_fish,drawing_cherry,drawing_tree,drawing_flower,drawing_carrot,drawing_watch,drawing_key,drawing_truck,drawing_velo,drawing_road,drawing_house,drawing_mountain,drawing_windmill,geo_face,geo_profil,geo_eyes,geo_face2,geo_walking,geo_standing,geo_hand,geo_legs,geo_bird,geo_butterfly,geo_girafe,geo_fish,geo_cherry,geo_tree,geo_flower,geo_carrot,geo_watch,geo_key,geo_truck,geo_velo,geo_road,geo_house,geo_mountain,geo_windmill,word_face,word_profil,word_eyes,word_face2,word_walking,word_standing,word_hand,word_legs,word_bird,word_butterfly,word_girafe,word_fish,word_cherry,word_tree,word_flower,word_carrot,word_watch,word_key,word_truck,word_velo,word_road,word_house,word_mountain,word_windmill
photo_face,0.0,903.9026978358286,1087.0221518527342,988.2121270472942,949.9714183890623,949.7910236799958,836.0180134263082,858.6380475905803,1070.222659039305,1099.7962476158873,1176.8145189333566,1065.8969498044114,947.4557160129783,898.6971495859273,982.1680881738831,953.2863896987013,1025.168479792675,1122.2813291516766,1219.593974948351,1103.1029514586955,1154.6629999984066,1058.8877991250765,1057.1294544104842,1095.266240975736,924.8891062986593,996.4209464949442,1157.965131397607,1049.9163191480739,944.4060831477207,948.4917217250692,1037.524668644729,975.0550591520571,1007.6054362918535,1121.887768880764,983.2399498630884,1059.456116288542,1016.893546085221,865.9198297340683,940.9615673637654,983.1226943919306,876.4980311007548,1148.819528293386,1127.127321501056,1084.0000387819707,1060.6434553010085,1146.2001325226333,1041.2618193416945,976.927805404956,1101.6782989515425,984.4919229374228,1132.402636010227,1027.9399885691091,974.6195191482644,982.2744141899578,1033.4435855841607,1001.1683273109404,1008.9334825137694,1079.007741143875,1093.8907842438155,1129.284950560051,1070.734596424576,985.012269610749,966.2826212192234,1017.7616421151849,996.9242215338087,1159.6606537120936,1206.0369428926099,1063.7408702912264,1023.3566504845888,1003.0257033074042,1071.1538029157025,1033.5095884397326,1019.3687371133458,1047.4243469096023,1042.443295989446,1096.3525254709095,1158.894281144889,1158.6875525670284,1032.2454744955344,1148.7249034514828,1106.9023404364916,1146.8871507448494,1072.685508417396,1141.2043308270001,1130.3643753702484,1070.3786338313976,1052.8518708197212,1123.8142941878048,1119.947122299634,1007.3353760958141,1143.0221944829264,1025.3479538147785,1069.896354380717,1126.4839083582287,1201.305694756076,1086.8604145087897
photo_profil,903.9026978358286,0.0,1071.906614744497,984.1333119457643,1064.639681425507,1100.389584516038,965.1433436704827,1044.7775155457896,1114.786517836419,1046.1515505649745,1205.2487820394645,1126.6211594151803,1008.5316448544904,1003.7006191846592,1137.6089782500478,1101.7573976202116,1225.2966468964025,1138.5903760758217,1243.7046575894933,1167.2193671468701,1155.2148485696964,997.4035713147281,1104.719004247067,1084.2579493318276,1067.7749950084888,932.1598247697507,1169.0960705395719,1086.9419466931706,1069.5254387189723,1089.6388667959152,1134.087420217891,1038.9445975334115,1100.068750827714,1120.2441942653475,1067.5921785615392,1141.4349627360216,1052.981515933225,1067.4122791530813,1064.8679181816137,1126.9227839725572,1081.4403439124187,1174.9746913435147,1166.6898066036447,1129.246340022616,1136.3785875971325,1174.5017469715233,1131.7368722416875,1051.3709022656524,1110.4433596430706,1145.3959125106082,1172.4882583158242,1105.0063167341486,1113.4149495403713,1093.6700529662992,1109.892303632943,1130.4771772616461,1144.2476156083546,1088.046406049381,1135.1552919658736,1187.830256499117,1077.6766785406664,1112.2301749157907,1119.766389191501,1134.7337053170784,1136.4661641938592,1188.623024356598,1234.1130859261777,1150.208170729583,1096.3728950920838,1063.557509735073,1160.9209101222198,1094.627597108502,1149.1994914809827,1156.7177358681433,1149.9582091112693,1169.2684182497967,1206.6754912157544,1211.6794133326991,1163.4247852941812,1202.1046039640528,1166.705757988092,1220.0682918752336,1151.1377990708615,1203.3043133838055,1193.2295714147856,1160.0948542504634,1159.5769639760138,1187.289497885276,1182.4021887134586,1163.4300430027945,1200.4999457766048,1156.3855399691918,1164.5796412415673,1196.8379638786191,1271.6141842947234,1166.3972545770287
photo_eyes,1087.0221518527342,1071.906614744497,0.0,984.264580887157,1151.8594845327698,1189.0780432144604,1065.8377797066914,1158.7902113765538,1010.038533879234,936.3971858575636,1181.2058269386243,977.1819819637235,1090.9622924285634,1142.9580976485756,1240.6469651041898,1160.5358085135374,1300.716850204201,985.0445931742051,1067.9829099853002,1057.3235111141316,791.6042475004887,1150.8991018228674,991.2197434143175,1147.596168549685,1095.5043935425979,1081.2092533112393,966.8810038581419,1014.4298681615203,1171.6174653008584,1151.4209714647839,1180.621965568511,1172.3076529921882,1001.3235234188711,1026.267923881671,1170.5150810681193,999.1100799090277,990.3979008655274,1097.9553510829267,1128.1987672373252,1190.372166795552,1114.915676493988,1009.4516841866448,1029.6375908168638,971.9643408457002,1013.2359438159633,971.8187121760681,1029.319872135441,1137.8583517660152,1155.6366508127835,1164.1240746911767,977.1440024628644,1197.7612278561355,1174.2416868599,1170.7456189494696,1202.2283700155488,1171.2667497198343,1169.6256487636247,1037.4504207855252,1175.9572451863658,1032.6684359977464,1181.5267178813663,1126.2729964860093,1165.4417930656307,1177.4376536800464,1150.0551980052237,1031.4637761362092,1093.0546954933739,986.7999113887965,1175.6633147262694,1170.9912820266045,1088.7898074758584,1181.6954343842742,1082.3072431644462,1078.3495143322116,1080.68854751721,1057.2927530612394,1057.4831771893053,1062.1074146039655,1090.3210859160258,1054.7105024758885,1040.250517315939,1073.1341493175796,1044.5075442368513,1053.736114370403,1039.7217822743598,1071.492988214369,1080.7993306234505,1042.170106228134,1056.348622838259,1084.3890096470561,1040.5515294821842,1087.558281734126,1073.0674552137414,1063.511663467839,1141.450005634536,1085.3921753598258
photo_face2,988.2121270472942,984.1333119457643,984.264580887157,0.0,1073.440497544362,1129.8146409203875,997.7618921536687,1110.6138488772012,1010.2679020169172,962.4129146462058,1149.7777722634548,1087.7337320284446,1057.864610623715,1089.7822254992288,1177.455123602694,1151.6340990733543,1260.0745426405551,1147.5482313794214,1164.024356656801,1134.8917974301485,1014.9942951125404,1051.0701692131618,1085.8493011657004,1127.061464665763,1034.9481182917777,1071.2705122777393,1169.5675190310117,919.3636045918239,1118.5328006764173,1112.066765184871,1166.4891813550666,1110.3971790300918,1061.4896807687392,1072.58334392219,1152.9747817805742,1134.397732986494,1071.2154963854007,1082.440219070531,1099.8509412477597,1195.3589344195766,1115.4867744829946,1180.956395800798,1141.1221275739344,1070.966408698288,1106.7438956790081,1099.2207975755819,1140.8305078095786,1101.903976917567,1139.1691353129338,1173.3852997448641,1191.56035001756,1156.5003673477058,1114.1575347937435,1148.0187927302827,1158.181171280557,1197.2223731080328,1210.7511338572356,1060.9152985518613,1194.490246158325,1144.180741059755,1172.4579153261623,1135.4919431647659,1154.1915930045986,1196.4285588040707,1181.6047294343098,1197.6533585085724,1185.048259393332,1102.657181231931,1158.4894951130464,1159.816827351626,1131.9312440529195,1162.771930486211,1181.2243474562204,1179.547928365979,1194.106006250441,1182.0811930494629,1241.6717904600364,1240.1978291238004,1186.476145596983,1239.38591520896,1203.3765283264277,1214.2151191354928,1187.035320407878,1223.336464815288,1219.2946676328284,1205.847472572656,1177.6396238049247,1212.4509290721103,1209.5713309567975,1178.965915911073,1220.8220773380713,1183.0625526962485,1207.7943628060152,1219.6958759667143,1280.3103334328375,1207.9152308357382
photo_walking,949.9714183890623,1064.639681425507,1151.8594845327698,1073.440497544362,0.0,862.0543669534878,904.5704787825613,820.4775682792251,1033.3148849286804,1099.1884019962104,1170.589337185761,1036.128099607852,857.9495052624598,949.2263212099109,900.0447583474803,874.7867893675615,1068.7350606336304,1096.3894665248545,1197.5968641938575,1107.1225520794624,1160.8528412683497,1141.1785609018375,960.68440344681,1158.0642681138395,870.6575294655426,990.1249121270738,1088.1292326880891,1001.72423254061,754.0113963822158,940.5864961016296,981.108919511979,927.110499143651,957.2532399561428,1002.2891389906976,875.8979243829465,983.6209841089267,1005.2584408904909,842.9083596046322,952.9821920903736,891.9209842345676,861.9612056009296,1094.4112423703227,1063.9268917977072,1049.6717795426205,986.1182667201949,1105.0158985404464,940.7232412251448,967.3413345643281,1051.290487688071,878.4573741997856,1103.298430870913,957.0249114349531,866.0393851946267,889.6391499295988,992.2148737611913,917.0217873475074,924.388211687039,1003.5414095365003,948.5893934265556,1031.6186510814655,919.7028220358035,861.3357196306497,936.7139746663657,912.9322812785585,890.7740674573222,1086.9088737473335,1120.667315335551,1045.8348325147426,931.2685717838978,1045.9041808115494,975.9742983344188,998.6944908226736,964.6025318432605,1015.8105941153987,1016.5607323352674,1079.131362992601,1102.3318570793788,1102.965550478312,1000.016173775095,1099.4015621260965,1080.6639009643686,1103.570916700473,1046.3057512468356,1101.8939605585354,1083.0860771584382,1034.593137175044,1016.0789068873424,1086.3888199738462,1080.8040202384323,975.1019883504765,1090.4476083333218,981.0518632988947,1034.1661616126999,1093.442759827205,1154.066090881581,1057.3411873260618
photo_standing,949.7910236799958,1100.389584516038,1189.0780432144604,1129.8146409203875,862.0543669534878,0.0,863.8095348827392,719.071989513773,1100.4632341745837,1174.386893471282,1083.2268364407046,1082.789934454682,991.4539185952434,995.389205534951,716.6223116190963,705.0953704252105,932.8219254307315,1091.2057707431468,1217.471641998769,1191.4665446110673,1172.2277452266223,1153.4643972219712,1072.9627413835374,1126.4255370541177,931.6434165451667,1012.8803461343019,1120.820823245539,1007.8930245525254,885.0348260502852,757.2546708083235,892.4923970818487,885.2130280429959,973.6057982624469,927.0633192390449,798.4158926555061,1017.5212067900799,976.4439234503893,798.7971116056642,829.1449827951243,709.1008077713786,786.7720310709083,1078.3088071647314,1092.483834880644,1127.3237384985234,953.3160988952064,1143.837013571627,969.0083813210744,878.6386293567921,975.0463190848799,747.2112558486037,1102.0402795145499,774.7053983140329,880.9170495503953,786.0766674354804,934.1246010983612,847.4849211116779,836.661842058962,961.6974192484628,868.4968664407462,1052.978323534588,952.3466674776187,823.5628211011566,781.0193016213542,724.8557809001984,769.3851558679938,1053.4934611662945,1127.2533366568703,1052.4754551586543,864.0663371418299,973.2770037539267,911.9512622131288,941.131599055546,945.5227285292056,1004.6301989329464,990.2499420846045,1058.6099105261674,1090.2756111339602,1084.7443457228317,980.2000605499454,1082.4807251631028,1062.3190534075661,1070.8160805826967,1038.6238505185263,1078.5417235444343,1068.4837149224818,1014.8931996160011,989.7606960583972,1082.2593215595457,1062.923549263143,959.6077440863729,1080.5330573978001,952.872471590426,1004.2759544326185,1073.4785067080545,1134.6324251383664,1022.4207251475561
photo_hand,836.0180134263082,965.1433436704827,1065.8377797066914,997.7618921536687,904.5704787825613,863.8095348827392,0.0,821.4674413828001,1077.5756687157686,1066.7688498898603,1120.8209298730421,1004.0798783791616,903.5492287836772,897.8072611956442,920.9107505902508,848.1117177542558,1033.3623045509032,1048.045496518068,1185.9662717728763,1085.7710488650432,1124.6547841202514,1056.2044181205588,1047.8657717844646,1089.2298932424824,948.1853183122739,945.47681833061,1046.7683127588534,988.2583856345899,907.1060810943727,879.8426587628662,900.5394942377542,912.4938778622784,1003.0599526064456,1018.6257544924326,891.1830928320563,983.7262324812783,948.0854474830894,849.2519890318681,890.1596526643093,871.8360605058496,844.2460159194842,1048.2573580478795,1052.552384036153,1047.200733266457,975.486189387048,1098.982307807177,980.0421738331347,935.3501162350432,1057.7462420748739,898.3060396393671,1018.9645534253106,947.2559709106322,928.6932667633797,916.8487473006081,892.9962594310339,877.5121977146052,936.4675157119298,979.0045964307164,951.3011969816605,1037.6642156783114,967.0228825029087,894.7800608803325,909.9743589374233,870.2668203560422,893.3455612249179,1059.3818285838993,1123.618479950777,1007.6035867913159,903.8373755602,982.1251852925461,970.9442564710214,971.3152731178844,970.9163145945446,976.0436360511144,985.0535953217432,1031.135468097908,1064.2357599986433,1060.5889308500487,974.7774959284553,1051.4436115728915,1035.4921720611492,1042.869280445101,994.4887711535298,1064.3935074917465,1048.1803089003513,991.6409684188566,986.3659041958365,1037.6597815912226,1027.9771033946229,960.4081671142865,1043.5958624672307,971.5111333125202,986.1389964088015,1045.923683789044,1115.5816436868793,988.6111028029746
photo_legs,858.6380475905803,1044.7775155457896,1158.7902113765538,1110.6138488772012,820.4775682792251,719.071989513773,821.4674413828001,0.0,1086.8820699126013,1134.1632809686412,1155.7572044791023,1063.0480994181019,930.8121339045244,963.5018070471343,814.1184509162109,754.8508945195434,996.082622105581,1094.5463099837875,1239.838677043811,1168.929227905348,1190.2580470103533,1162.0037804857382,1067.2170490401304,1146.4251237792232,884.8047127594286,982.1433975657496,1068.5053952607657,1012.6235196736504,801.0048494543772,804.038060936276,894.1951742514738,843.9120401899671,952.66391473392,987.8233210055763,845.5495932748354,984.1205234918734,973.4801303266935,780.7469392441434,876.2986966109296,749.3252389565084,759.7880502549864,1063.2264460336303,1106.3365837209656,1100.7756706965413,954.3870380565686,1148.0199099016006,949.3680734335481,883.1823130458787,982.8747019337252,721.6079726584226,1048.3349743075844,816.6196314886869,827.3890964796349,761.3215635926995,919.6148282320329,750.8774010897067,776.0230370227886,972.9003130923403,927.7591322301673,1008.9281685752625,863.4673441738679,806.7233775377034,817.3380643703301,761.4147612992884,775.8458759089629,1039.489733498214,1121.1873319182846,1017.828436128132,883.6577807952873,942.5122413307453,904.825016210841,931.902341645959,918.3123291707744,958.9795224966421,958.5747577295721,1030.2056330911187,1058.592001164594,1052.4722929070472,954.117307289082,1049.5068924744153,1032.0702020243475,1041.605191563874,999.652845962068,1058.8585273451238,1040.3869830315166,986.6892152310787,964.2238875860262,1037.9412277224903,1026.1304605029634,910.7142993816225,1045.537716193871,921.1004108722848,974.2696832938201,1051.0016175641429,1117.3452382895193,992.4500179381366
photo_bird,1070.222659039305,1114.786517836419,1010.038533879234,1010.2679020169172,1033.3148849286804,1100.4632341745837,1077.5756687157686,1086.8820699126013,0.0,950.428799761068,1072.2128208948543,873.349387244137,1059.0047300966537,1075.718237767788,1128.4808601897892,1065.264497231602,1168.7565734822367,854.86466120707,1049.207627393364,1012.1476139792244,1011.0077419197022,1197.5756701565215,991.1280506027382,1219.4564414461588,978.1080039224732,1034.358719018887,934.2141445963043,947.3430733478766,1053.3666029145138,1032.9317978501185,1101.0828556398617,1086.8114076239735,735.8862240575498,1035.1276977460059,1040.6672030114914,905.9663130289837,1043.9400145091731,976.8664291134645,1015.2472201017916,1088.320002260443,979.894475323578,899.9765871327173,1006.0951905016643,952.5195834071345,850.5125525875922,1026.2617614536987,913.1388115176845,1063.6548012064832,1106.4294697206433,1060.7450532778037,960.9836214097116,1070.088123666076,1070.9884119698952,1062.526932201362,1116.4650516184772,1079.414072342039,1047.9424952126546,1037.2276016233247,1078.1418008612254,946.4039589162326,1119.6047181023976,1004.9248131189447,1045.7419391967169,1076.255664610794,983.7288039725083,902.0791670269195,1069.799639424455,964.2023929903027,1094.7485866528677,1112.9948827187122,1023.3021011788566,1101.1872247703213,945.6877520935568,969.8173361938319,954.0415985833638,939.9170355306525,992.5743701433777,982.941610249379,967.584014680944,983.4753931821284,947.3141161505228,975.8411007166366,944.442826923334,963.6317139237698,945.3407784131283,959.5958151800078,954.8669862487119,953.9360115169632,963.5989070368553,951.5473148043179,973.6447907885608,956.1359466282995,968.6095320121299,961.6258170429501,1053.5987219260128,981.5906554391274
photo_butterfly,1099.7962476158873,1046.1515505649745,936.3971858575636,962.4129146462058,1099.1884019962104,1174.386893471282,1066.7688498898603,1134.1632809686412,950.428799761068,0.0,1182.2439792731766,1029.1543732451494,1049.5168930550603,1145.8997986277593,1236.0216970560095,1192.7265569568383,1307.5183617414934,1064.5335243891573,1138.008907449601,1039.7120379305834,987.7659169141724,1165.9400781160698,1052.7127612891966,1106.1485186635,1083.891988409936,1026.0101298951602,1063.590869414305,896.6249938801645,1078.7151965562894,1120.0132253395593,1169.847150949815,1116.8373584640185,959.4087618791447,955.6005646720545,1145.6551320664623,1051.8592573957928,1014.9943823054703,1102.6982683170206,1099.7774600711807,1194.8938771545759,1106.291959252898,1080.12078613877,1048.701146052445,991.7357447798844,1025.151763010741,1061.2002527841914,1045.762999775722,1016.0020246672776,1127.7803007551881,1169.5542627115071,1083.8235789484022,1154.4792371770425,1097.8739984595807,1097.471800114237,1164.4917508115793,1167.8469469612314,1172.8364805760464,985.6508575849341,1157.5056812997334,1077.924448872543,1176.046207859677,1103.7730496018762,1152.7330219376804,1178.5386323441446,1147.8114659175092,1101.8581237944613,1134.8694791368907,1036.3023593734417,1161.088533632393,1173.8618207009133,1055.7118203157167,1089.9327156652714,1099.6096109122382,1101.0833747099355,1103.7951736814018,1101.8994478743002,1141.4656115207636,1153.9402269302773,1117.2742510126557,1132.2420996462433,1107.8697359675416,1154.174911539486,1084.047766070335,1141.1068075632945,1111.988752008648,1098.6593753276543,1103.988596569056,1116.6652891789925,1123.303741462533,1104.515432554627,1133.0112586740693,1106.5181846788166,1112.36308655732,1135.8208392141478,1211.5812624912523,1123.5644834761301
photo_girafe,1176.8145189333566,1205.2487820394645,1181.2058269386243,1149.7777722634548,1170.589337185761,1083.2268364407046,1120.8209298730421,1155.7572044791023,1072.2128208948543,1182.2439792731766,0.0,1155.8596341557673,1177.9114168862095,1141.3082028541442,1139.1003103745827,1126.6516194040162,1233.224992395025,1111.8522161710184,1187.5253498129453,1200.0349369545029,1170.7601193521964,1199.2565749958005,1157.6203443027455,1193.6793251936394,1104.063462593005,1148.967275797507,1166.4684940060174,1089.004136232523,1124.1535333314387,1095.951747027852,1104.802212667667,1113.1452116320356,1106.2060043259671,1067.9782735621307,1029.7065530046605,1124.2953566002275,1109.7188186404069,1076.8892175922708,1115.7193272321008,1131.439416058341,1078.5143655660786,1147.5308801790732,1114.2488626278353,1114.5583996251744,1082.6962284125252,1181.8247306846033,1122.7718850736385,1083.7264075030891,1141.3051749516455,1152.4609808420998,1170.933272685065,1104.5073625227633,1149.0226689186536,1097.7833308828451,1156.7557746688883,1134.2438385085102,1223.3324664215227,1155.6739315356187,1081.4077912949233,1156.9076387361076,1162.6618834969263,1138.6754947491895,1086.8229982785022,1139.182023447434,1133.9086023699067,1134.938542896622,1162.4272494065935,1113.8343387345983,1148.066232495429,1158.3479265439792,1088.831510497926,1115.3556549254954,1169.5944807581866,1181.6161281666534,1177.9226058729798,1180.2509187806907,1199.9981832850472,1200.0103616078723,1174.3649528180779,1197.2386046220834,1177.5647777785928,1167.3808548460256,1179.3315516590894,1190.6617300926,1178.0497747705049,1179.3560992572743,1171.9066095326327,1183.261280098352,1182.430590034265,1176.16108767865,1184.35825965461,1174.3106619627004,1175.8808434324233,1183.8074274958667,1254.9511509076042,1180.726385034214
photo_fish,1065.8969498044114,1126.6211594151803,977.1819819637235,1087.7337320284446,1036.128099607852,1082.789934454682,1004.0798783791616,1063.0480994181019,873.349387244137,1029.1543732451494,1155.8596341557673,0.0,1052.7311050095707,1082.291976441816,1128.5886253731087,1035.9859720301706,1165.9188718028906,801.7441018870329,1027.8355250393915,938.5002956801544,1011.5953930714321,1195.5814765956818,963.8915587566506,1207.6421688383118,1016.2353776736325,1019.1090585020148,775.6108385352503,970.4069195196596,1066.9999807093427,1044.3548089995168,1106.8912743105736,1109.9270230580357,881.561955671495,1014.5372303910441,1045.9687486844707,734.5721657612602,976.7359372352594,985.8896952076146,1023.9675196969575,1049.1029845824785,948.262824448727,814.1486860504957,881.9402000440551,909.6287125528335,768.3113581251242,991.4993516116742,810.0586233220927,1075.7490375867033,1124.5636693471426,1018.5576949859519,820.1542628832934,1074.4992730931147,1111.4878243982614,1069.0138001913235,1142.3971945091305,1063.2869610596797,1027.2206924008915,1025.8404647650996,1049.8454673487552,781.8830563758584,1097.4231337067167,990.299530657692,1047.8406599148118,1053.884570636682,960.6002654627814,854.9279277600998,1018.1033536099847,931.7334845418651,1063.8729188930267,1087.6695440511392,958.0886314721578,1115.7041647611438,881.7749917168023,882.7631633398224,884.666096172055,858.7630010495809,869.434875569657,874.3216034507165,885.7957457409401,852.9685206608514,830.0986013136708,894.5371965472658,840.723126609491,868.6676014640798,830.2223161840258,860.0061429605136,884.6852663093132,830.8699530225452,852.148153636789,889.3974737965433,847.8375740923402,885.9040362469533,900.3723429094641,854.2710608740593,952.0224109945093,893.2286901723695
photo_cherry,947.4557160129783,1008.5316448544904,1090.9622924285634,1057.864610623715,857.9495052624598,991.4539185952434,903.5492287836772,930.8121339045244,1059.0047300966537,1049.5168930550603,1177.9114168862095,1052.7311050095707,0.0,946.6618774029275,1040.996275590075,963.4288607989113,1126.4771375554483,1048.0133225500042,1165.0954881332766,1062.3993884160586,1185.9076992214714,1126.118114811745,964.6488299995381,1113.6628517278825,966.8990412842898,974.2918869123903,1055.5717132048549,1045.715211339498,876.030053716595,1003.9823832032805,1021.6638593622363,942.3760515122531,989.0394814498585,1026.160159988052,921.7775738317938,985.3943551859369,962.1842863424608,893.6210437419277,1033.8647963422436,952.6919639425618,912.1151862401485,1055.3480773366143,1001.9040849935003,1020.5879088143172,1023.2603656134709,1061.8447835384275,949.0274305913149,964.3455496242757,1069.0278515675977,998.8778243469696,1053.3352857132109,1039.2243939479858,945.8671761563148,980.9037023011725,1023.1684899623948,930.2692697069637,990.2663105692852,973.5461113226994,979.7308720957499,1051.8690191435148,927.8847486564487,923.4621586953505,1021.054924704449,979.6134861027241,972.9989635382426,1061.3241031445507,1080.2707459971525,1013.2256608829802,942.8081830012221,1012.826281356165,1017.6124194445913,1010.7964942669756,993.7832265018254,1006.331715360587,1000.8333721258207,1061.9315949600282,1081.6524539172763,1084.3548108934478,1008.8731371873672,1079.7322253785949,1041.873510355601,1100.7223992867237,1017.8476190302996,1079.8168894071373,1076.5923649358047,1020.8137707681392,999.7163359108575,1056.7470883500696,1057.6762547495025,989.3968866025292,1068.6751934150677,1010.3103716499041,1011.8155106494845,1079.0940535665297,1154.391772874583,1026.8307372942686
photo_tree,898.6971495859273,1003.7006191846592,1142.9580976485756,1089.7822254992288,949.2263212099109,995.389205534951,897.8072611956442,963.5018070471343,1075.718237767788,1145.8997986277593,1141.3082028541442,1082.291976441816,946.6618774029275,0.0,1024.2553208338022,915.1039254401056,1057.5560374481022,1092.599916530201,1225.6570528685427,1157.3097640810097,1164.2459397626542,1074.21004934154,966.0692507821303,1095.3394598292116,1005.4953517818411,1051.1449629825452,1114.2859359872534,1062.399038612743,929.3634218419907,971.771812360127,1046.1639955749395,951.024098531569,1019.1688416704657,1088.5336272719153,945.7553132847459,1055.562740739636,1032.4098377253597,812.6198846054157,1042.1465126668245,961.2700994694627,914.0690617744972,1114.1167469390407,1106.573259227273,1087.8834759559957,1060.6001408917853,1159.6154161997877,1023.3165796584926,1011.24284550663,1130.1258708635078,1004.4676910812136,1121.0023932169659,1083.817277216183,996.204163526012,994.3646075766657,1020.8803149100069,962.1340047663494,1024.4515492195214,1085.0819536051363,1071.583342859534,1124.1339077452315,1008.1975392291993,952.4823377733595,1021.8063601830837,986.8756772790849,989.3344106969936,1126.1605489830472,1166.9405712169207,1101.0751039108843,978.7264636913721,1065.734854290973,1073.6776591286944,1056.195397478084,1039.9618880479245,1071.4256576569128,1064.0567527940284,1111.1609436264496,1158.8239971223397,1160.0869878405733,1062.3541222811673,1149.8065378145243,1120.0546915891953,1148.560774328361,1085.491636403882,1143.4896071852004,1139.5717486139295,1086.1172607596905,1071.5700492792762,1130.7127355550617,1131.5211925213127,1037.6341727191198,1141.0054355904633,1056.3777755698848,1078.0016993877853,1145.4112223507607,1206.8651196132203,1098.9262661928274
photo_flower,982.1680881738831,1137.6089782500478,1240.6469651041898,1177.455123602694,900.0447583474803,716.6223116190963,920.9107505902508,814.1184509162109,1128.4808601897892,1236.0216970560095,1139.1003103745827,1128.5886253731087,1040.996275590075,1024.2553208338022,0.0,649.1240525939278,927.8379408714217,1140.4449995636207,1259.6728911366092,1226.6079838297178,1212.748344639082,1190.7094628670245,1117.4262956053997,1245.735975764514,930.3894239146628,1078.1262819161843,1168.1973029348846,1063.7537590562526,909.3291645875793,788.0864127566161,916.4735421084722,976.6457370368997,1020.4935312503293,1022.8437067659494,877.0615336847465,1053.4637329284499,1024.666220576256,793.1813034527283,871.2180811504428,682.8723085244587,838.4086107302477,1133.463076536952,1127.0303253918823,1164.8157315006054,994.3072830324569,1207.9475800376567,1024.4322031914433,1035.6906945833332,1028.6492198965216,772.0179162322429,1152.5133070751592,876.7919845057547,904.8268390645817,838.258893728384,979.1482137485837,906.8222117721857,867.9182844817074,1026.2277716277829,961.3244071606098,1097.6299334003727,961.8482374180871,836.3546967484419,767.8744288589727,709.0749571662957,800.1039452719433,1103.975135154731,1161.511313400686,1106.2680010994438,900.0106132759344,1014.7838083481548,959.6940996961185,1040.724869919144,1009.4291806088941,1066.535456852245,1051.263474428692,1111.7815819081122,1140.4177815831179,1135.7000648095116,1047.7857761178336,1138.0901441828103,1112.5213587760118,1133.4957200563056,1092.3293529726836,1133.0937430528584,1119.5921891761875,1067.4277939814212,1055.2678249442617,1133.278031513096,1119.572854140685,1018.3314275509812,1138.1367217397517,1020.2075269638764,1070.0432322783063,1120.9969576902552,1180.8462158823343,1085.1647223121238
photo_carrot,953.2863896987013,1101.7573976202116,1160.5358085135374,1151.6340990733543,874.7867893675615,705.0953704252105,848.1117177542558,754.8508945195434,1065.264497231602,1192.7265569568383,1126.6516194040162,1035.9859720301706,963.4288607989113,915.1039254401056,649.1240525939278,0.0,863.8075219670513,1028.7353814689266,1189.0469378479845,1192.2718387482846,1160.8843905387585,1160.6414854271684,1036.9122174511426,1222.4132409898546,890.4556348825772,1020.8713758765018,1061.3467955466333,1030.4927781622605,855.8231826168463,691.9837204605213,857.1510877105692,886.810242432468,956.0310635115019,969.8616628501944,795.5293870916036,975.1748271429942,974.2821767895426,726.9520695327341,827.0982251294743,497.4479359591439,750.0367490634284,1016.4890617078253,1054.1160425077699,1111.761226712884,895.9578293885727,1131.6107465021505,922.2499754175076,998.9743635105164,1008.0179595520003,668.4029048365577,1036.5470849610065,856.3270200879316,845.9239335579961,750.6314063993389,911.0163552913643,780.8182212470875,739.1442668596804,962.3135767020932,859.7018271186087,1001.6684887070886,861.7347622929631,701.0416881857137,703.4113875586579,526.7726298291797,655.1716465160326,976.4904151904641,1065.9221500837082,1026.2194287972873,822.1231030735736,930.1984217039936,887.211407794502,992.7996282389813,883.033567659098,940.2504815786618,925.5218169519079,995.6066968311834,1028.237404528363,1016.6573618047997,918.9299860729604,1022.2039042666186,999.3735358532798,1013.6389180634819,976.1231142403778,1016.1029982682951,1014.4874791815827,950.5926702173167,925.600476991053,1020.2014894875718,998.8733548397448,900.8263513369233,1016.8279434628023,893.3181398192459,939.5143537980147,1011.4445312724221,1075.1193971251746,954.5261188608272
photo_watch,1025.168479792675,1225.2966468964025,1300.716850204201,1260.0745426405551,1068.7350606336304,932.8219254307315,1033.3623045509032,996.082622105581,1168.7565734822367,1307.5183617414934,1233.224992395025,1165.9188718028906,1126.4771375554483,1057.5560374481022,927.8379408714217,863.8075219670513,0.0,1211.3140364600042,1321.071819304948,1246.108603738567,1284.0326547175748,1207.9493972815094,1155.5126946096261,1270.9202958365995,1043.538595602103,1176.7830047915618,1251.2498336684423,1169.5909591657235,1031.4748041400314,903.7559908672742,1055.2178209119354,1066.554683759695,1095.5680219589588,1187.957962827837,998.3293469838255,1127.8980354329153,1154.5914377561471,880.7427077564438,996.8159734208393,888.5380974516614,818.040638568579,1217.4897536841456,1203.2265489766746,1220.941192452477,1101.0605714428339,1225.8073210541945,1087.411133746056,1087.2745053862764,1218.3090282430717,912.7350069926925,1233.4287195614693,1116.622323592037,1030.8051049457072,1024.162120515529,1064.9001649602333,1011.759303061186,979.735554037081,1161.2957474559787,1097.372605025362,1180.8060205817376,1092.5139581624985,948.5952754377589,938.070067736345,939.8617082764893,876.4149215847581,1202.5355112650461,1281.118106525298,1200.2153613788678,1089.593824190661,1041.6431794157106,1169.1453587934602,1118.9629410782675,1068.1904450229217,1121.2534849729232,1107.4943411207448,1164.5600778932535,1208.5381729444975,1202.1472893066584,1088.2932668911112,1200.8591771925173,1161.537566171802,1181.6985723455014,1145.9537440388128,1185.161456673232,1176.187958361001,1129.1742586557616,1114.946599566848,1181.995962866599,1173.8782043206033,1072.6841400337917,1190.9762562344808,1076.753228102142,1121.6840648856228,1170.1804661220783,1233.719929586923,1135.8244982884428
photo_key,1122.2813291516766,1138.5903760758217,985.0445931742051,1147.5482313794214,1096.3894665248545,1091.2057707431468,1048.045496518068,1094.5463099837875,854.86466120707,1064.5335243891573,1111.8522161710184,801.7441018870329,1048.0133225500042,1092.599916530201,1140.4449995636207,1028.7353814689266,1211.3140364600042,0.0,944.2458154563876,989.2884473788605,1050.4132279468472,1196.0552515040217,999.366986624172,1255.6882076441573,1016.7615853280176,978.2363714389071,678.4484131942039,1000.4021666451757,1076.798073975165,1028.606921529854,1044.8935946600525,1071.319058429869,834.0701644827972,1005.8698365008461,1021.8560370106151,786.3782621688213,955.9779757610343,982.0665981791391,1005.4442880522338,1020.7158588414053,964.038249173028,522.8023109653467,848.8432147735925,918.4226988541712,751.0235122445006,916.3333318423404,760.9053433943152,1070.5167910571042,1041.8532823708892,989.6872358374785,706.5197700521114,1034.201621252262,1095.5486871177625,1045.9456738094866,1065.5581963971795,994.4766420775848,946.5548795669494,996.9820274970026,986.2501311086586,813.8584002538488,1051.7990034169723,957.6458486102406,1013.0832271405569,991.2843136089318,907.8255784487765,568.3063149506271,869.5756123591665,880.7652938005513,973.9788008164475,1017.4675505200236,934.2003535252186,1079.5812102764546,792.1092105495475,779.4478099927164,770.2507389032709,741.1401697212747,720.5193456812939,717.32495580433,796.6281538302518,735.0979039821782,701.0205500356741,777.5085580766158,755.7922552189202,732.1835412760827,705.7359299041674,755.992731001838,775.4917750634572,691.5639954947867,712.5912188208803,810.4635942186281,712.1037237006275,809.7537542044803,773.8625587758357,731.489575660847,846.0957718892522,772.5928925324824
photo_truck,1219.593974948351,1243.7046575894933,1067.9829099853002,1164.024356656801,1197.5968641938575,1217.471641998769,1185.9662717728763,1239.838677043811,1049.207627393364,1138.008907449601,1187.5253498129453,1027.8355250393915,1165.0954881332766,1225.6570528685427,1259.6728911366092,1189.0469378479845,1321.071819304948,944.2458154563876,0.0,1053.74909685959,1075.550496020848,1173.3412723039075,1094.3098878766532,1269.2061003469587,1115.558701001035,1126.411855924008,991.885580152337,1045.5596552576992,1221.2340721684832,1159.7925503533818,1181.0430567026692,1176.2336683207213,1035.660286415501,1127.8810573930152,1186.5906494844432,1002.7397597288074,1116.1132830714653,1134.2197334982448,1167.98711019019,1191.1843830077357,1133.4766341845973,983.7541699836527,801.7782783008824,977.3439820404022,998.8984883589014,984.4423126582117,977.651786078549,1167.5337047983064,1116.8943732537011,1165.1218941241168,1048.0829620056932,1159.725296825768,1169.0714845451573,1176.3248868217408,1213.1938025261784,1174.717050147148,1183.827892019126,1128.6767990639999,1147.2105613475844,963.2286483459355,1183.7806038127294,1110.9592892935104,1181.9326848585356,1179.100733079728,1150.8946105864663,998.278461047317,776.4844215114408,944.0173479774644,1143.527053549003,1161.2211748023349,1091.84666673798,1182.3608878098835,1105.0470304719527,1102.8349744009188,1110.8810186525634,1088.6404707104243,1052.8652697461284,1067.3280542305633,1109.568150659886,1070.942444610943,1055.3514121608675,1095.3077571222386,1097.5352203494813,1065.2373579537225,1073.0573381814033,1111.409942257141,1087.7203287273728,1069.6251212367258,1076.4933460583522,1119.2249582556094,1068.739409514174,1126.5436664584304,1112.4150130188734,1079.7884737452441,1121.9252632598127,1108.1013272357877
photo_velo,1103.1029514586955,1167.2193671468701,1057.3235111141316,1134.8917974301485,1107.1225520794624,1191.4665446110673,1085.7710488650432,1168.929227905348,1012.1476139792244,1039.7120379305834,1200.0349369545029,938.5002956801544,1062.3993884160586,1157.3097640810097,1226.6079838297178,1192.2718387482846,1246.108603738567,989.2884473788605,1053.74909685959,0.0,1097.6632874598988,1198.0363648417924,967.0258254689267,1144.0431628642777,1028.5256582795805,1057.6699424950555,969.1417498258664,1031.9682512189559,1111.474056491019,1164.765436200118,1203.0421513372937,1182.4480345383577,984.7378299753467,1128.0786910162758,1154.9672380032162,897.3995206813311,1029.1273390006002,1065.7856935151992,1139.511270307062,1194.7515050344289,1052.5981307152963,993.7773761620962,881.88394550777,665.2380604668771,1002.4209065326185,985.0969993409043,935.5647657188692,1067.2466548133598,1171.9734790602565,1163.7180750698537,974.6247866561014,1189.7279724537361,1115.626435880123,1156.4455024307535,1172.7154304000978,1182.1401245808613,1168.7486963931658,1121.0092585208552,1174.2849838890054,997.397161422711,1175.447677063809,1082.8279107026472,1159.9808736173302,1199.372730527555,1145.2605732273253,1045.268724868798,1038.9426033641676,819.8829022198261,1148.5233661018253,1144.1937081141434,1064.0931401826654,1099.763348604171,1035.2874508845487,1017.5397603654502,1031.014056782847,999.2393745073457,1016.3979246331849,1027.6132871470613,1031.029810702326,998.1162717662032,978.2300539669476,1046.9323640125197,984.8517044732349,1026.4313431734117,983.2529810945318,1013.183027405745,1032.3029852006791,968.6611384499471,994.3615223704177,1034.6379668262753,1000.5187280472154,1035.8617213437487,1037.400851415204,1000.296247242693,1089.911370556521,1032.4127536272724
photo_road,1154.6629999984066,1155.2148485696964,791.6042475004887,1014.9942951125404,1160.8528412683497,1172.2277452266223,1124.6547841202514,1190.2580470103533,1011.0077419197022,987.7659169141724,1170.7601193521964,1011.5953930714321,1185.9076992214714,1164.2459397626542,1212.748344639082,1160.8843905387585,1284.0326547175748,1050.4132279468472,1075.550496020848,1097.6632874598988,0.0,1129.5684961952675,1034.0357245449657,1146.995982578011,1131.4138720820542,1168.309470180064,1075.931085513174,1034.8154736007193,1196.4488434006312,1140.0220951328724,1221.243418606589,1211.6046934569324,1043.596421690888,1038.321273332831,1190.2539803173038,1064.7258678548476,1060.0044264092012,1127.9227319671947,1114.8254452695628,1202.67899908586,1143.8896709353824,1094.982348965226,1059.038310690314,1002.8558763671244,965.416218074587,1028.4172205764007,1087.2878892116273,1154.9966121453938,1173.1874520261133,1181.4239274947604,1127.4918335199714,1201.016942896124,1186.901133191047,1186.1532139102655,1231.5068130176257,1231.4567722769834,1204.0767284828494,1093.6780893583793,1210.9126397886673,1071.2418563654817,1244.4539248371048,1159.6738935664732,1169.0596520669615,1192.1515893694861,1169.2721220478559,1116.00479331838,1128.6680948970063,1055.093044039089,1204.2228221878518,1219.2103103164611,1108.4276556507627,1207.8581497018895,1167.1583153676945,1168.534534496222,1182.3702176753159,1155.1041222184074,1165.7693835447046,1154.8149638856653,1181.4944521431296,1154.974177854858,1151.9732915246702,1149.9236917198725,1154.8608433738993,1154.4274833825032,1137.5003248931625,1172.5765833248486,1176.3513047519273,1143.5192103753566,1155.9484891551022,1169.1021837417659,1152.3322190751267,1176.4268071297188,1184.2366632328622,1161.3746447147785,1221.9672767405907,1186.5719777087302
