,photo_face,photo_profil,photo_eyes,photo_face2,photo_walking,photo_standing,photo_hand,photo_legs,photo_bird,photo_butterfly,photo_girafe,photo_fish,photo_cherry,photo_tree,photo_flower,photo_carrot,photo_watch,photo_key,photo_truck,photo_velo,photo_road,photo_house,photo_mountain,photo_windmill,drawing_face,drawing_profil,drawing_eyes,drawing_face2,drawing_walking,drawing_standing,drawing_hand,drawing_legs,drawing_bird,drawing_butterfly,drawing_girafe,drawing_fish,drawing_cherry,drawing_tree,drawing_flower,drawing_carrot,drawing_watch,drawing_key,drawing_truck,drawing_velo,drawing_road,drawing_house,drawing_mountain,drawing_windmill,geo_face,geo_profil,geo_eyes,geo_face2,geo_walking,geo_standing,geo_hand,geo_legs,geo_bird,geo_butterfly,geo_girafe,geo_fish,geo_cherry,geo_tree,geo_flower,geo_carrot,geo_watch,geo_key,geo_truck,geo_velo,geo_road,geo_house,geo_mountain,geo_windmill,word_face,word_profil,word_eyes,word_face2,word_walking,word_standing,word_hand,word_legs,word_bird,word_butterfly,word_girafe,word_fish,word_cherry,word_tree,word_flower,word_carrot,word_watch,word_key,word_truck,word_velo,word_road,word_house,word_mountain,word_windmill
photo_face,0.0,1954.1380163235885,2412.1379970297935,2145.934708063062,2083.3002293310656,2051.589597796023,1862.7633051245687,1924.6242119804647,2391.862919057939,2414.3231602587134,2505.3681072616723,2313.252232487775,2161.273988013384,1945.6793455864697,2132.043808532303,2027.244320094622,2102.8499567552094,2383.1184811687667,2574.412519901263,2342.3550292880745,2609.779364490188,2302.5338434038226,2300.745718105248,2373.166045242871,2043.1346319528209,2232.3651166435216,2480.8175740564143,2269.5300775252654,2152.4011110703987,2142.0630054696785,2225.3594280023826,2214.335196398966,2263.56459913931,2460.1015560329597,2221.969998197197,2348.4307956683338,2331.289666381712,2033.3210562930003,2101.4063101438524,2163.354215461603,1991.6356169761243,2467.3558651549542,2444.208019591841,2399.767193849319,2326.148969232244,2445.816298368527,2310.694683258983,2256.675764448525,2293.535009046085,2114.8875408274484,2456.6182999249722,2239.3050706458894,2199.7056279639114,2179.9104386204795,2215.5298371728386,2188.0496837450432,2172.579983639791,2403.7616671860783,2347.661245516897,2443.7918823207565,2342.8387323472393,2118.4788532486796,2143.2102222433396,2221.2138525972264,2146.33930439288,2472.9663758829015,2506.799513235864,2383.228767238714,2266.0327307355024,2225.32900593065,2330.1626311358477,2312.4186928526865,2255.663267124116,2330.022799056367,2308.8255590511753,2412.9901174382626,2517.122541098642,2518.4299515561843,2295.6573484254563,2479.389938257826,2452.8713466885897,2491.1851830673013,2373.775698761078,2501.3700661393477,2475.320340646079,2350.259442609883,2319.462630646579,2464.7198200707576,2453.986559305774,2244.572868182359,2494.354699846163,2271.070104938446,2347.9215563016987,2462.0002757380616,2562.5801993872215,2394.6507095582297
photo_profil,1954.1380163235885,0.0,2415.1328828916344,2174.272290641895,2273.4698338637063,2357.7265888285697,2095.36942964889,2246.653190633367,2487.5652521592806,2356.4515134244743,2549.0481689480475,2429.009869899097,2258.7941774770184,2189.85279055985,2443.0010023016935,2375.8514449283507,2482.0405063746107,2463.4133731667416,2643.1670840957354,2486.527386751028,2624.2180839254765,2250.781469772933,2377.76250430443,2342.3852656969166,2309.7048956545586,2096.9668912234633,2533.0005603027157,2395.92435695214,2377.067852089361,2416.6221470535424,2426.7676136184923,2291.023947535479,2413.769285362868,2467.7881342035867,2370.045725561105,2505.960700148175,2384.189465655502,2386.92376536046,2314.9175501913246,2465.324906052512,2379.5166173507423,2565.124306934749,2543.409948531779,2504.2486847459854,2465.6715288085093,2507.1965484734733,2485.111469822321,2377.85369140957,2355.3919653858775,2408.0418689176163,2588.76458877826,2414.566236166575,2442.546304188509,2381.41905096376,2390.609414564142,2441.587091372676,2451.9931510809324,2457.157405520419,2447.048879315292,2572.3208733538127,2420.1133168896754,2402.909066706676,2448.8977660244727,2488.780150157376,2440.468854256408,2572.1263412786584,2597.5572880382524,2522.2546332262755,2409.0146898720977,2338.9422913312997,2503.526603085663,2456.688772353763,2501.652700036571,2527.5335111016875,2507.342755184995,2567.698042527424,2653.200834860549,2654.3608577633945,2517.8697281991954,2626.8436909479133,2597.2127850579354,2654.242415725994,2535.8850940939033,2653.0532022026596,2620.477184930153,2533.6180979926858,2515.8198412225347,2599.351524265949,2599.224940266998,2517.5661240307795,2636.491763912282,2517.346570833478,2536.6114008157524,2618.1862078060262,2737.4552979737045,2558.3181072219572
photo_eyes,2412.1379970297935,2415.1328828916344,0.0,2192.905464201189,2597.8008157536983,2660.3840543205583,2440.985470380824,2613.8656748020544,2360.711096715437,2227.8237931933572,2614.172083278181,2303.326389791567,2509.5104236736943,2594.605157527436,2737.8354206805616,2630.1466983029486,2733.6491593960163,2297.219358810339,2354.0016164499793,2340.9383520534334,2129.379485400884,2595.9123683868374,2238.0117719307314,2556.8984226585285,2486.162806088802,2552.2385214417354,2288.731741921702,2328.4284918227086,2697.8256295086785,2631.069225650281,2666.9076512867264,2673.8188319029623,2333.0851011466416,2413.5057940950414,2678.9268919710576,2341.8631091189172,2393.7317510654957,2600.4210774573085,2591.692170685024,2733.633237557543,2574.1631462519385,2368.4495416890013,2351.556027224645,2325.398259355646,2292.767444345524,2184.372053198461,2362.508103145302,2592.9874880894363,2534.161503086005,2614.8209832431294,2321.0832102189656,2641.8543691595924,2631.1947104220485,2608.697473423589,2656.989605458393,2662.0060973502345,2631.6929089331447,2424.41632946953,2617.7234269040396,2330.991222514171,2653.3842017915,2531.4430581223373,2616.5230510318097,2672.575056369921,2591.407791176453,2370.6809937035177,2386.1331448760925,2299.4571315542794,2684.761700747726,2613.351242074063,2401.248625928417,2640.801844810934,2426.986485443838,2438.1744973767027,2433.78630825024,2418.3615275732595,2460.124736410677,2455.071985144488,2436.686693408295,2434.7715262721335,2422.709379422437,2457.657065846361,2395.782706790764,2437.2778810119175,2413.9669115261313,2419.525175112142,2434.2151518931632,2427.2858882238265,2439.9099931187043,2434.2448742417014,2426.82928602026,2428.334703723001,2436.341277333349,2433.5823908509224,2566.5416861968492,2458.436775090672
photo_face2,2145.934708063062,2174.272290641895,2192.905464201189,0.0,2409.355434004675,2475.5688892508233,2218.7232817634867,2438.6424850282597,2345.6368832717717,2273.628005820411,2539.7017674409612,2407.0770241200303,2415.790820678271,2402.577368027653,2598.8862117542617,2543.710934952216,2627.2912970348884,2485.6657901203416,2547.710171371069,2448.1062691702605,2408.4756123906795,2392.9795933794217,2370.591174139244,2494.614457035245,2300.912815160939,2434.9445464485034,2549.2299744017564,2122.4676896740175,2529.278147548858,2516.551141510707,2573.06837583996,2489.1295026701896,2394.0419615803717,2450.9603710644615,2551.7103492143506,2496.58863330167,2469.086236474698,2502.0071526085044,2463.6118253057516,2655.5273653580216,2491.752503732308,2589.0020126753243,2524.574412094895,2434.527254987384,2420.1551634594466,2397.1097838158935,2497.0461067297824,2485.9608872425565,2463.2490532840156,2554.270183688199,2614.9493108633387,2531.200887638817,2513.4568611027375,2515.3915855513396,2529.0600705088927,2630.506350442403,2620.402757202891,2459.978407467464,2596.451051306701,2510.4147340997115,2619.0520368436732,2484.8315125151007,2566.4469869026634,2656.744847315771,2594.0860533722616,2609.1381790691953,2566.795563113849,2485.7711552050514,2560.5932143668047,2541.997828712664,2474.7082578663103,2579.982420671435,2560.987929710736,2574.8961963087836,2587.0774146444164,2592.800806310102,2698.690828213197,2696.0996363695454,2561.943752494319,2676.941777095073,2650.5636952327536,2667.561654734285,2599.3478439465084,2681.839737144154,2659.4908230929263,2604.7259099372795,2566.5275806268155,2647.0981702848394,2653.1998726489005,2562.140674183534,2668.6298634560817,2566.318670600726,2607.0651085220406,2657.325252066193,2754.8568339451267,2629.38703394275
photo_walking,2083.3002293310656,2273.4698338637063,2597.8008157536983,2409.355434004675,0.0,1843.67482560399,1968.4607286727805,1817.4551541585117,2334.5939381342455,2372.4852713542277,2416.6872286474995,2252.7632111898256,1919.2635362376193,1973.1382567846642,2003.3769291664084,1939.094524780607,2157.022579653245,2324.200153194404,2534.001922100985,2246.5044020550954,2565.506401475182,2411.5035829678204,2091.754524694658,2347.039609476649,1973.552227769248,2200.4243849910918,2330.2094375802035,2209.124645287144,1698.8411331793552,2078.3916263935403,2112.6817361045237,2077.9827674550143,2150.251234656152,2240.986477913102,1920.485378686593,2183.0513899339776,2197.6767993538297,1940.9800116195815,2109.9401433568373,1989.7057981576736,2002.106016048585,2390.0745247039213,2306.883085964525,2258.0946121910993,2186.3607460665908,2367.708891408771,2126.8279765084612,2173.7655533756665,2278.7300485969436,1959.5986643537688,2405.0712728414424,2177.912112097694,1988.9518910400757,2032.3874357176446,2134.4945086372854,2054.8964816751068,2049.403535632877,2318.063659316375,2119.9589298314277,2342.9881219855783,2096.151059852141,1976.9843866031597,2143.6803656414722,2087.782600884369,2060.8899839691217,2385.973744110511,2432.9184733806896,2316.992759674324,2153.182765623264,2306.6296483991046,2214.033855028272,2269.546219259549,2208.1972250220374,2281.677345377775,2285.843917941656,2358.8564113377097,2435.46780978183,2442.502548494165,2242.599787253543,2409.842879728912,2390.847967478821,2426.3297278833998,2307.5473375847664,2438.651225777139,2400.020255684294,2293.963834242622,2285.5412404180765,2381.448377794809,2380.1181884422963,2203.657323788642,2409.8551135934135,2228.2901955902666,2302.3147196865593,2394.338453496313,2476.3549897571065,2337.5320959722394
photo_standing,2051.589597796023,2357.7265888285697,2660.3840543205583,2475.5688892508233,1843.67482560399,0.0,1926.519362564954,1646.241035817848,2368.4104054655404,2444.7709538610134,2260.254992055736,2323.5930898812626,2134.5935061231085,2061.607157327612,1684.0220260070312,1604.8917494304264,1896.795441968292,2368.308887628597,2561.0584406563976,2336.2903519884094,2592.8967968595384,2424.849892708166,2289.2407664644365,2230.9186346583733,2078.2685247668533,2236.139426297639,2405.4738810483104,2210.0221983490183,1926.2058540098487,1730.0971282615315,1939.3785692289227,2017.0892111625794,2194.8297692243236,2170.416833323153,1815.9859160536284,2257.956987641666,2185.639693885449,1848.1445559881088,1849.092899577916,1640.476302258302,1784.02798334777,2397.365416234622,2387.583952141458,2369.665312756477,2149.4200534744564,2411.2879051063883,2205.607631397831,1990.1245307461509,2149.1159473040525,1729.972148034547,2408.1827937751495,1864.1939468526698,1992.2439888116246,1778.1846476964047,2037.8900605032668,1895.9441364019694,1847.0732791654107,2262.4160338831934,2041.28301071461,2359.380578376061,2158.5941615492206,1954.6744419180463,1839.939535579876,1776.0913593876198,1844.8026951486297,2371.57241530079,2472.1749934378317,2333.6492637309693,2050.3985464605057,2222.201790595518,2175.938590582535,2072.929643039037,2183.045376576349,2278.8114912582296,2260.5512462278043,2339.6620065536736,2434.3768191598942,2427.0947432563353,2234.795166202066,2402.963439584215,2384.4780776329108,2383.2692844255853,2311.7947166506247,2416.2968809685053,2392.965150995714,2293.8142285381937,2273.9032194159363,2393.122965376668,2376.890032934313,2195.960869098738,2405.159742056999,2193.80214357224,2287.0183987920923,2382.270881634417,2451.2424992636616,2316.510078493577
photo_hand,1862.7633051245687,2095.36942964889,2440.985470380824,2218.7232817634867,1968.4607286727805,1926.519362564954,0.0,1845.983010856358,2386.376226735191,2268.1471111736464,2367.494881499923,2168.923898936911,1964.7754658633996,1913.4776652067724,2065.0518081790165,1927.1478886491511,2133.9212973444555,2276.5834710372637,2552.9383857162966,2256.11841710163,2558.9609372529662,2302.9884334059716,2218.5950565291873,2274.6867657023495,2130.79289262583,2085.4697340865428,2300.566603692219,2155.8293126061603,2033.2589552450854,1979.1088976153487,1979.6627190664572,2064.0420613438177,2238.1406206308066,2254.150145112039,1999.8184313422396,2174.705476291558,2088.843787589072,1945.4500493950832,1966.5164987468672,2017.2721711188656,1944.686844193171,2322.310399753655,2298.942720751205,2300.660522911439,2179.141881403885,2357.558262486851,2200.126037915607,2092.4792912829503,2226.638584650648,1987.8828258934025,2310.5430249145684,2086.4759580630043,2109.197428412965,2054.717643791539,1970.8513930361821,1992.6155812552365,2069.885903997768,2227.159725701933,2137.0259662557087,2321.936827076382,2181.9790169531375,2006.49852915986,2072.321421787267,2034.790673361307,2047.4729962915162,2349.201165251753,2411.392057017927,2273.144611670912,2089.5670314192685,2206.7059411251585,2213.5337951834867,2176.568962737068,2196.785759870886,2219.9602083900395,2225.3810824074767,2310.947055010496,2392.557925003647,2380.424924369161,2202.913556971924,2358.472737691795,2338.8996640801506,2354.84473596294,2247.902436049774,2388.9708872969754,2356.6541759682514,2229.6881716591793,2226.12491526386,2327.5570596644407,2333.345810866533,2176.7389308264646,2350.370066976924,2198.556715472773,2231.110149329674,2349.777157589105,2444.8909890247023,2257.7392740609034
photo_legs,1924.6242119804647,2246.653190633367,2613.8656748020544,2438.6424850282597,1817.4551541585117,1646.241035817848,1845.983010856358,0.0,2391.0360006091264,2402.333117303852,2377.2961272064304,2294.5273592257377,2038.243944735502,1995.8559339653464,1841.2482173861315,1705.4925168908208,2018.9330026734024,2362.9582323464656,2636.721037415687,2335.7197570749363,2637.6429174336686,2447.7370737392503,2283.2724805475286,2310.612785148829,2012.3020752548587,2158.902246375619,2352.823514405935,2208.7975301185147,1826.9849619754032,1837.022010161995,1906.1891463084144,1890.286667281754,2150.527511583049,2229.986013595999,1936.4672026714436,2214.8140449949087,2173.369834591129,1804.260226942337,1978.3152227811981,1777.559628886801,1787.0694657811284,2376.4342969808863,2404.093712546358,2357.4757036159267,2181.379992638707,2434.968354025514,2188.13089454483,2048.073621134052,2167.9173602442966,1645.6308250135546,2345.0301237002254,1913.0277008652395,1928.6078119192641,1808.4918835741987,2019.228974704421,1779.735440786407,1769.0847224527113,2244.491474213415,2113.228910788006,2329.6135594966145,2039.6867425665307,1899.192715480774,1933.7483933535677,1824.689882683754,1851.2107619613487,2353.470743632356,2454.877418768617,2302.797817633986,2044.8674085243633,2137.108707922244,2130.090672483724,2126.242474043442,2164.244515867724,2229.359799276886,2220.49111763626,2309.864110046425,2389.4387644084804,2388.17179360674,2204.456859339564,2362.8426129448653,2350.851978656361,2367.339931918361,2269.5095443520786,2387.6119533815668,2363.326125246783,2252.6156014042663,2231.201164568339,2346.326094383,2335.933175975199,2142.729436456483,2370.74386192751,2172.1532391716955,2246.844541586821,2353.762950983208,2440.62044207345,2274.4351459363697
photo_bird,2391.862919057939,2487.5652521592806,2360.711096715437,2345.6368832717717,2334.5939381342455,2368.4104054655404,2386.376226735191,2391.0360006091264,0.0,2150.598495374828,2322.812427631534,1913.138695931286,2401.49434732045,2388.7772651240684,2426.79719238206,2376.6568001487694,2424.1513068182717,1896.071187995691,2256.3474039565344,2122.5724033931288,2354.14465768425,2596.683165455011,2222.0453241563396,2546.8433688505293,2295.828857291603,2430.421719889914,2113.923721165296,2181.4699480261543,2417.039801811059,2376.1551595255914,2463.824373564112,2506.578622524079,1698.1658194171584,2348.532161083438,2397.1340391452636,2052.1631757324526,2333.8809621265314,2350.1039260901744,2330.198423054558,2462.829509777707,2305.259020674378,2077.9674602124996,2224.520479887031,2131.631899300771,1930.9511227940675,2273.8574644120804,2063.504208901205,2442.7754478624643,2459.619949908067,2365.000375406815,2211.1353566240473,2447.753608934504,2437.522584236637,2409.1276235630735,2512.8839607365853,2482.007772169518,2398.170342711412,2425.015151564294,2471.7959703114398,2159.0567637900554,2551.060953832951,2368.2060563736572,2411.5170055731714,2497.1521733326467,2362.108204854766,2075.2938154389567,2390.6222975149353,2270.231133877888,2564.8371860461857,2560.545719588929,2316.1469633323863,2535.122694814408,2203.183638370402,2236.1813859747003,2214.8792468125,2185.608087609678,2305.69304616829,2297.3187425431993,2223.4829782544075,2280.019396719571,2241.7650686147203,2259.5599560955957,2201.8544556945967,2271.6441536958064,2247.6281371352593,2215.7574528272476,2221.0805062876134,2229.7706071645403,2250.3979637573098,2212.656279044748,2265.340857756472,2222.533827653626,2233.7439371074847,2245.06679306603,2375.0525487885,2256.2490821592455
photo_butterfly,2414.3231602587134,2356.4515134244743,2227.8237931933572,2273.628005820411,2372.4852713542277,2444.7709538610134,2268.1471111736464,2402.333117303852,2150.598495374828,0.0,2476.9354352767673,2230.4237889259575,2271.5795269919827,2359.7083567280383,2529.699559276864,2485.089685784586,2606.2429081575237,2255.777054767395,2374.9847727893552,2191.693800542912,2311.8112518800244,2500.233134444644,2296.581104908079,2381.116965597467,2355.5211681852525,2303.228169809299,2262.3371274289952,1982.316213193826,2388.179513047785,2395.1613524495906,2453.260502124775,2442.916551174632,2092.715154097476,1972.371840121116,2438.371439137495,2252.747718206549,2181.2626681359893,2392.0026648476355,2352.9568980564927,2535.4475872565163,2410.4905974886947,2356.291317362889,2245.3959762667723,2171.6290009440204,2170.743693037372,2217.864016504915,2279.759606173381,2253.4437358045598,2334.007554564467,2470.364599081443,2365.5231539210286,2447.498918381022,2394.4825556099013,2339.6216859052156,2439.586248789602,2463.268848681609,2495.418249140183,2142.6123763997616,2460.989753390302,2326.996079675275,2513.9130331673587,2369.398363411438,2462.7961183283437,2500.237974882674,2484.59359772219,2384.356963140898,2375.7440711024424,2265.338390098416,2501.0831751689802,2516.3995474540393,2270.758765230404,2370.839961369163,2380.9200447552053,2396.3229400457,2393.772587102656,2403.452391544338,2499.131377097354,2503.978811100662,2385.2749074835297,2471.0755750537587,2448.6831738484525,2483.3583735205616,2382.046655781483,2499.4681321124763,2448.0513827059194,2390.9560049511706,2403.1441866428295,2431.2630372992576,2450.347778008874,2381.223188481574,2469.3597412033773,2390.3228522496065,2411.99595504928,2459.9531149875233,2579.368891292652,2430.379334392461
photo_girafe,2505.3681072616723,2549.0481689480475,2614.172083278181,2539.7017674409612,2416.6872286474995,2260.254992055736,2367.494881499923,2377.2961272064304,2322.812427631534,2476.9354352767673,0.0,2393.012464295241,2449.425656217019,2436.508459896545,2358.533924903246,2358.269334205735,2513.7425712231166,2375.0640032315923,2504.621026218157,2454.980655055657,2621.5095632273856,2542.6255224689394,2440.2162241430074,2488.6722476635314,2383.7128627602297,2431.222801075375,2459.82103952243,2341.6927403158934,2401.03486612378,2307.4440302473577,2366.411154538299,2382.603618192218,2334.072563891612,2354.030370857894,2168.3251853814927,2395.766030614541,2378.458970839876,2349.540493422002,2364.278673290285,2373.4940027960624,2341.3943721572214,2488.1301861812935,2391.3471012527452,2388.3131637881265,2299.1351558779784,2488.682685333036,2409.3999512285072,2353.7531498366934,2445.280203727302,2370.054917373215,2521.9254291662332,2369.5757946432263,2474.428528414409,2340.4700128390837,2466.46151626862,2442.489502881226,2526.6320055829,2503.1248532325803,2279.0673984131413,2477.2162912988947,2495.827608135224,2443.4117587580663,2380.4869007141174,2419.8320990722596,2431.172555558075,2483.6937170744372,2523.8179189288317,2456.333490950523,2488.2764121749706,2525.787675581935,2391.614999941752,2453.5880583881994,2520.7375708832096,2536.5566124566285,2543.9197558343685,2550.6209682742233,2600.034598302252,2602.6866502766707,2517.9261332190836,2586.6537356762656,2573.167772913975,2558.469491791185,2533.0620228712664,2590.1947310552473,2561.5981975796503,2537.798948630295,2528.109447358723,2555.131039425948,2572.521047792486,2518.2828545894863,2571.5682687947533,2516.419070034718,2545.1745227246074,2565.855657889461,2677.0451071854204,2561.4432541557294
photo_fish,2313.252232487775,2429.009869899097,2303.326389791567,2407.0770241200303,2252.7632111898256,2323.5930898812626,2168.923898936911,2294.5273592257377,1913.138695931286,2230.4237889259575,2393.012464295241,0.0,2288.337184291047,2309.9328729378635,2389.9062809705138,2260.3671801275523,2355.776927274288,1697.2507041081533,2125.8481118362547,1951.3579267454295,2346.183003866991,2538.50346021993,2048.718401454166,2504.6249870820893,2262.21189571307,2335.993240125002,1791.6258146209086,2188.470425380079,2366.2289850293114,2320.239212755559,2378.6897317185126,2456.9164729124136,1931.2031072387647,2309.7903399182314,2306.533761365567,1649.2003100201707,2180.436542340448,2261.1699280213384,2304.7262977859095,2356.05549500367,2187.8309360446283,1837.7364519168839,1890.071087386884,1999.8965994957691,1692.9541841465975,2198.3078273852802,1817.7267057273323,2379.44376569977,2392.9346532566487,2253.123353439793,1957.8459252735638,2380.122190481195,2427.9803283632873,2372.698465837318,2483.862208243663,2395.274736200433,2298.1730983404914,2389.8310849558943,2347.2186307177953,1810.278499530131,2445.1535536799943,2273.2684999280823,2356.288199004194,2402.3101156098437,2247.0229245685714,1926.5782148771873,2152.246731445079,2133.222153362775,2469.998657359464,2468.2879312755013,2161.5097496777103,2497.306008434492,1989.514494767015,1995.3960524740467,1999.8467166737396,1975.2482364344887,2031.9022967837839,2041.5204105722391,1990.25936390222,1999.6872435134921,1967.8943591748512,2038.4163723850884,1946.4765308790684,2043.4865050406308,1978.7379131323034,1972.4738313728803,1998.666676377892,1954.4990463335819,2002.5691920887139,1991.3848338489336,1988.3972451090283,1995.516566578026,2008.4268909047687,2003.6514306496067,2133.7159926803133,2018.9160761504402
photo_cherry,2161.273988013384,2258.7941774770184,2509.5104236736943,2415.790820678271,1919.2635362376193,2134.5935061231085,1964.7754658633996,2038.243944735502,2401.49434732045,2271.5795269919827,2449.425656217019,2288.337184291047,0.0,2017.0156948352962,2224.834972323212,2077.649043729533,2311.85044327522,2290.1766588997366,2559.2296462032996,2214.5222887294844,2657.2037363766544,2458.1329565529477,2152.526843540688,2345.003040183257,2149.012199924714,2182.4003416401115,2308.1101171987025,2298.6688859575324,2004.5022473403017,2206.0116197004445,2179.860370593718,2112.2584374532257,2226.082327520403,2268.669193099809,2027.9850427151052,2191.1678038475147,2106.367796294294,2043.2240552744129,2239.070040860617,2108.940258873661,2090.3041169205185,2353.7755462512764,2289.3100766890884,2231.8607445260445,2256.989641256481,2326.7444186410085,2139.2772307150826,2180.479739194035,2264.6702026044336,2142.104446236083,2335.545165272447,2248.1516819329486,2150.1642814330035,2157.4531367664213,2171.5420835403975,2063.591326071226,2135.124787678327,2229.107179448322,2136.4661833085142,2328.723387556606,2044.7747811743513,2040.4117300330513,2240.6939640117366,2148.8835341045756,2153.036956347516,2355.4957180591905,2403.7879414954627,2247.794527925667,2163.668773190018,2262.3243363925108,2225.706289420004,2253.0719328279856,2270.8803377156205,2297.1896965843475,2279.333621121298,2373.06448636034,2425.9875638639105,2427.706252820258,2266.1107384706793,2405.853388829261,2368.4789284735,2442.6000656924034,2300.911185393522,2431.33891579769,2405.0326915927485,2298.7542597697675,2280.2364384014354,2372.233584906258,2379.831971727196,2240.1405408554197,2399.122056545164,2270.7085656352892,2292.530137257453,2407.7847020265726,2526.8350811768714,2320.7081525789013
photo_tree,1945.6793455864697,2189.85279055985,2594.605157527436,2402.577368027653,1973.1382567846642,2061.607157327612,1913.4776652067724,1995.8559339653464,2388.7772651240684,2359.7083567280383,2436.508459896545,2309.9328729378635,2017.0156948352962,0.0,2111.0836366683766,1932.0965559031342,2052.4043984724626,2346.9212249382213,2606.3883802303985,2327.9664145807787,2581.741528891406,2321.0685361415394,2092.2467082502326,2249.7981416003277,2125.37105598255,2253.0790201244154,2407.9053505744523,2291.8631169242103,2016.7175934290246,2093.291343663481,2201.8557764135903,2122.7461180608257,2222.2843866512035,2343.4798549695834,2069.8193400033483,2274.5690872914297,2267.6412312556668,1795.4080709324953,2168.500808906323,2086.3793219743116,1954.1330667340017,2434.1913490886977,2394.5768052512417,2343.8890765679926,2270.360398055081,2409.472497724763,2206.974332646463,2177.0646109865315,2309.8172535229596,2080.011433820931,2429.3273575142794,2280.1113053980985,2113.8087208025936,2103.6717882001376,2114.795904527466,2033.3187691613255,2144.2754315893812,2339.7793371585694,2256.1125670315673,2413.0893720772833,2165.3719198977246,1963.4472161015944,2170.9661549164866,2113.92188555069,2071.0399822988134,2430.5604908976675,2464.907295981664,2395.408970936711,2103.819547432191,2192.0730343363734,2301.4001000311905,2228.5719351547305,2238.845260356736,2317.768251658337,2299.0623490187227,2388.524269835154,2485.9663011832945,2476.7175989307098,2283.2536227672963,2448.1964723360425,2422.4330196864607,2463.4630070057747,2342.9012249756697,2475.5268323404557,2443.8834687405138,2321.222428760787,2312.04654348982,2426.8677307264597,2429.65767297418,2242.7899895784412,2454.6413457139324,2264.217402456452,2320.937134681811,2436.464616685618,2538.8379586926385,2359.775931623671
photo_flower,2132.043808532303,2443.0010023016935,2737.8354206805616,2598.8862117542617,2003.3769291664084,1684.0220260070312,2065.0518081790165,1841.2482173861315,2426.79719238206,2529.699559276864,2358.533924903246,2389.9062809705138,2224.834972323212,2111.0836366683766,0.0,1504.1138101803904,1898.568191922261,2429.2351639233443,2660.692382348975,2409.5561232290997,2644.494740062259,2535.897009190397,2409.3370207422267,2473.281518628417,2157.4145459711667,2353.050279652647,2456.5922327961207,2319.066822753445,2046.8143171740776,1835.7755095327097,2034.9196246236654,2210.2316329122186,2255.439346851882,2349.7725248309494,1950.5740322761255,2301.295884854165,2317.6962844243217,1836.9501670364475,1897.7882735694777,1593.793563696051,1897.6255179819302,2459.011176222191,2456.908078648683,2433.0150434716456,2188.790202381729,2504.719007950051,2267.3686208722133,2246.056494888172,2217.4084652328766,1749.9546495611985,2448.0609918862006,1994.0306318253463,2076.159864243557,1920.3097936627742,2156.746459163331,2010.0189324656806,1935.1334443720152,2328.8503698163317,2119.6679481678925,2410.2613873557593,2170.45773109173,1901.356290867941,1814.4022449198985,1674.4047054488435,1837.7162019387083,2423.9152835392733,2518.600130711338,2421.3761644643364,2097.107708497406,2287.815510148778,2226.5679770716815,2262.5708150074133,2227.3996921756375,2320.9683151109703,2298.3267931118394,2385.739191943849,2461.9343205486975,2458.3732905363145,2280.6074564188125,2432.1524385158273,2419.055409053944,2430.163554020452,2352.3558225949955,2452.1717434571337,2426.5495770398707,2321.7366713151773,2314.1578428287758,2425.7014062628155,2409.9870704869404,2235.346938701968,2438.001853673564,2244.7217398989014,2337.7054824281354,2405.318688136798,2487.0429727575442,2360.2029389486124
photo_carrot,2027.244320094622,2375.8514449283507,2630.1466983029486,2543.710934952216,1939.094524780607,1604.8917494304264,1927.1478886491511,1705.4925168908208,2376.6568001487694,2485.089685784586,2358.269334205735,2260.3671801275523,2077.649043729533,1932.0965559031342,1504.1138101803904,0.0,1745.2345710521333,2303.6911560994276,2574.6308116774844,2348.328529528136,2614.605438269833,2479.773346569423,2249.9037087908805,2424.5656558104824,2037.6595866313874,2283.766225687958,2354.999040257825,2268.574806224118,1961.8260513423684,1637.3965808760502,1899.3027920214588,2059.885879665508,2193.1972313030155,2266.088999283558,1837.0716033073154,2202.490781506841,2231.0379600083556,1719.4377800339669,1837.8445198530749,1195.2706122354052,1696.2030993183532,2327.7227676505654,2361.4328633663495,2379.8189265192245,2084.725363546412,2410.6911304904506,2146.764287878996,2231.355167604899,2160.988156590102,1600.5844819781983,2308.053017727136,1939.2966027911502,1925.8281538647407,1739.8350622256014,2024.4427566517224,1744.2305642333147,1756.3788855145135,2238.172935719319,1982.727152850091,2278.1471049743404,1999.7830401415936,1694.3519552755768,1671.2762408787462,1306.6369152738753,1612.731140725948,2270.2842012498377,2378.016126371065,2285.3350351785884,1938.0675398289811,2132.650850787599,2081.5643918333976,2156.074336163639,2063.6790637836853,2164.763778079355,2141.650904577417,2236.935607999757,2328.724603321181,2308.74173561159,2111.1987694184354,2295.015019082106,2276.2145855027147,2275.906791396745,2205.424275612442,2305.24915347141,2294.2168067922753,2172.7774820576547,2155.4611916999197,2292.459115284332,2264.6925380438497,2083.107813315895,2287.391666511789,2069.3347188242687,2173.658022586144,2270.756163747344,2356.9910913989947,2201.07690546824
photo_watch,2102.8499567552094,2482.0405063746107,2733.6491593960163,2627.2912970348884,2157.022579653245,1896.795441968292,2133.9212973444555,2018.9330026734024,2424.1513068182717,2606.2429081575237,2513.7425712231166,2355.776927274288,2311.85044327522,2052.4043984724626,1898.568191922261,1745.2345710521333,0.0,2337.2011639018983,2607.1221114443997,2420.2830479174672,2703.1391639927974,2491.4242440278313,2372.8291386760975,2478.457613257567,2101.281618542733,2367.017174795783,2418.783092181765,2355.7421893886253,2096.17108297545,1870.128708748921,2085.4565244201144,2238.5425793866634,2259.3861694090365,2434.6012857110604,2019.610972734597,2276.692447836029,2370.4478700475056,1825.4198196111865,1965.036895334838,1785.575166203871,1601.5879079496237,2370.6292786263575,2434.2889278403413,2464.6979732035347,2203.7732579690687,2469.5484868532253,2200.455209635443,2243.935498892011,2280.0709522015727,1775.3652642099812,2368.7740172883637,2104.8360660043477,2105.3960464480165,1972.9954716809034,2149.368064543467,1935.0063789911155,1888.9826064338156,2389.8828422269794,2128.2603745486963,2357.6458969888045,2209.754324146965,1867.2867372242515,1861.2266167759842,1877.0916708082384,1616.682163462696,2339.7379235215817,2509.4842568819527,2422.234322321241,2115.246171108835,2156.0700261804186,2311.777930606488,2185.483552527107,2110.9876123928857,2227.3181401659162,2199.1459374497044,2281.693545891562,2388.5998942687324,2374.8175290749273,2170.4459001157784,2358.352376202919,2318.4587566608284,2343.059851833675,2261.4833156930554,2366.4377734075338,2335.905594887664,2228.9188136527528,2221.3752339809857,2333.958678078924,2321.228687295125,2119.6137220806095,2348.554441609368,2128.8237521485876,2234.816222506099,2318.5349020987255,2412.691451604597,2268.067026431195
photo_key,2383.1184811687667,2463.4133731667416,2297.219358810339,2485.6657901203416,2324.200153194404,2368.308887628597,2276.5834710372637,2362.9582323464656,1896.071187995691,2255.777054767395,2375.0640032315923,1697.2507041081533,2290.1766588997366,2346.9212249382213,2429.2351639233443,2303.6911560994276,2337.2011639018983,0.0,2006.4132583437213,1955.15736614753,2361.0636789035125,2504.4826306306095,2094.875673810285,2511.7180336871006,2215.3713857695657,2266.5084015008624,1571.3579430081454,2198.5613972263036,2378.8881113227594,2294.1910708399087,2296.3908363850333,2410.3294196453962,1856.3258877676387,2278.025439118299,2312.2650025849375,1705.7989928894076,2149.654980864148,2251.01524156886,2270.844240822726,2339.690600453302,2178.887491025812,1248.708514163404,1833.3402790319979,1997.064091734824,1663.3032154131345,2032.4632332993979,1699.851746862723,2325.0175859350647,2248.7100470302903,2201.9216604396324,1632.0161518237442,2286.166607882582,2369.442422982174,2340.2866828370165,2349.125158526623,2289.9383626771455,2164.863047011134,2252.239968139581,2237.9408766161387,1764.4624689013424,2347.2577251424814,2166.460280828805,2275.4590918846925,2311.8411645934225,2116.0735643798553,1365.6133207183202,1906.7447426101924,1949.7738917933605,2317.0245625484868,2318.625865001136,2072.455860785763,2360.426770659819,1763.0882478323201,1742.736357821474,1738.2933767731815,1673.867273827658,1666.3660232759182,1690.059774951443,1763.149339118869,1688.0808353279065,1628.1689904469729,1728.4457860967125,1682.6570578077494,1692.7953425067874,1631.5545892670968,1705.6134336162975,1736.2513524644266,1602.434675498183,1667.8267642226037,1771.9592316332903,1649.5302506798787,1784.751426478283,1751.527540209682,1675.985518245026,1852.12031156575,1750.0576881664579
photo_truck,2574.412519901263,2643.1670840957354,2354.0016164499793,2547.710171371069,2534.001922100985,2561.0584406563976,2552.9383857162966,2636.721037415687,2256.3474039565344,2374.9847727893552,2504.621026218157,2125.8481118362547,2559.2296462032996,2606.3883802303985,2660.692382348975,2574.6308116774844,2607.1221114443997,2006.4132583437213,0.0,2155.9681008420403,2376.2331208497803,2511.864384637158,2298.0574199645994,2589.6309206200654,2390.561652254397,2484.7234495224434,2106.523180179508,2282.943420433627,2613.580456473509,2534.7262137510224,2576.149950796752,2600.629273473684,2182.976947700903,2437.112437531897,2585.4447912962214,2120.1779331267235,2352.065603202209,2514.1480265788246,2546.657378942254,2600.1427729405796,2454.0757350015706,2102.8947285812956,1722.8761479206346,2142.923025072799,2044.311196576556,2099.1600623328436,2110.9015105572485,2488.634725064608,2380.7618136994406,2495.4850524525145,2248.1872882433518,2515.181811878524,2514.810687909425,2514.0539160990893,2587.552344365446,2585.3563819319634,2541.7023446638063,2426.383665756098,2522.6146893844343,2041.7569828339958,2567.974072668746,2438.505172584949,2555.699977721897,2587.5268141149254,2509.138542871828,2154.7531358026527,1773.0779710320917,2117.5066202943412,2573.8632671675155,2549.876301857007,2301.838113741552,2552.819609454465,2316.924590418063,2313.3012873705898,2336.724753725234,2279.2974450891224,2267.518104932475,2289.8286558497193,2316.5605544267273,2282.0764259428984,2260.947392150451,2299.374727612034,2301.9399290703063,2280.1137079297796,2281.0212394651157,2323.619912265777,2308.150264470627,2274.259986547069,2303.9520237808088,2337.315460131095,2272.9349218965413,2337.758153605268,2348.449518139899,2289.589485006026,2365.3029555406656,2346.729364587776
photo_velo,2342.3550292880745,2486.527386751028,2340.9383520534334,2448.1062691702605,2246.5044020550954,2336.2903519884094,2256.11841710163,2335.7197570749363,2122.5724033931288,2191.693800542912,2454.980655055657,1951.3579267454295,2214.5222887294844,2327.9664145807787,2409.5561232290997,2348.328529528136,2420.2830479174672,1955.15736614753,2155.9681008420403,0.0,2355.7424601193784,2496.3688602637544,2075.2801318954935,2386.7400089193784,2150.513946223575,2307.058510242832,1975.028040265437,2144.184374340987,2303.285689474372,2330.649621883923,2365.9617329967405,2399.7787624414154,1988.962754393858,2282.812827084312,2346.590064935159,1822.278731991764,2063.227221636449,2220.7886300043956,2308.681365533389,2392.2564406991214,2210.791970321722,2041.8967261293762,1892.569438099292,1372.9275711138685,1897.9654115166643,2049.6112469262025,1893.5930395274402,2247.8713104905496,2268.78641195338,2279.8755846832155,2013.1444452977648,2344.643622588389,2269.8919686661457,2305.912371437326,2364.9299146045255,2364.4101062399927,2329.0717098903474,2310.4620457449105,2338.078523994439,1966.3793226475061,2367.1142703131804,2204.6030773402867,2329.724388081953,2383.8466036462223,2315.346470672555,2087.0117474407707,2093.4384503362176,1729.5663510630782,2385.2271676434325,2388.050186328893,2059.34266867609,2333.72050712262,2091.8705745344555,2102.572265428903,2103.2769746222343,2102.2532943427036,2179.2854776927843,2189.332031011458,2094.468143277209,2132.939267539703,2099.713688998346,2186.0124465634412,2065.066857033343,2176.413043686171,2113.461564127978,2090.5033270116805,2115.3658703156198,2081.1685462645664,2118.667261713309,2096.790573715217,2132.8880846439833,2096.2753071437246,2126.313068448814,2127.3411169638302,2281.0513822029734,2140.3734297014903
photo_road,2609.779364490188,2624.2180839254765,2129.379485400884,2408.4756123906795,2565.506401475182,2592.8967968595384,2558.9609372529662,2637.6429174336686,2354.14465768425,2311.8112518800244,2621.5095632273856,2346.183003866991,2657.2037363766544,2581.741528891406,2644.494740062259,2614.605438269833,2703.1391639927974,2361.0636789035125,2376.2331208497803,2355.7424601193784,0.0,2515.7351536966457,2262.75837988273,2504.4363562336944,2571.5090473000096,2736.0623138177484,2453.972590223409,2433.1673389209705,2725.2181511697977,2610.6441598006513,2731.3412065613943,2780.3731896839213,2398.769218026694,2490.792645726721,2721.510514673747,2441.9093885307,2490.366411415922,2633.905990664699,2577.9040109038738,2734.5084704708424,2645.2195836363794,2517.29005939432,2426.6501675351064,2335.6047036696405,2146.1453735092446,2326.268397333783,2429.198773763714,2627.564018640886,2632.0681359843006,2653.841083208325,2573.4145427325743,2696.4151294443104,2696.460050279335,2665.0558947386417,2742.0577538058656,2756.1505909849725,2693.560438764299,2574.4922307824504,2687.654462371125,2465.2359116982398,2770.0760302006115,2601.602748318308,2651.1235736361186,2707.000195658523,2654.8625803419013,2545.032714211489,2525.6084657136653,2484.431991082535,2725.249999987109,2742.328681011393,2479.6160403216977,2712.3198361957934,2577.0487459287383,2593.5630510561673,2610.069655350093,2574.814551504398,2629.5549769135264,2617.713530738449,2591.5143970630274,2606.474977495581,2605.033234252976,2607.0870411320293,2582.785350565324,2617.769458153879,2592.329254576579,2592.167406333406,2605.092654207817,2595.3792729867005,2599.36211710438,2594.664900361239,2605.9846819842287,2591.0050613692206,2620.58537931187,2594.0653922426177,2695.6926475809228,2620.431657317577
