,photo_face,photo_profil,photo_eyes,photo_face2,photo_walking,photo_standing,photo_hand,photo_legs,photo_bird,photo_butterfly,photo_girafe,photo_fish,photo_cherry,photo_tree,photo_flower,photo_carrot,photo_watch,photo_key,photo_truck,photo_velo,photo_road,photo_house,photo_mountain,photo_windmill,drawing_face,drawing_profil,drawing_eyes,drawing_face2,drawing_walking,drawing_standing,drawing_hand,drawing_legs,drawing_bird,drawing_butterfly,drawing_girafe,drawing_fish,drawing_cherry,drawing_tree,drawing_flower,drawing_carrot,drawing_watch,drawing_key,drawing_truck,drawing_velo,drawing_road,drawing_house,drawing_mountain,drawing_windmill,geo_face,geo_profil,geo_eyes,geo_face2,geo_walking,geo_standing,geo_hand,geo_legs,geo_bird,geo_butterfly,geo_girafe,geo_fish,geo_cherry,geo_tree,geo_flower,geo_carrot,geo_watch,geo_key,geo_truck,geo_velo,geo_road,geo_house,geo_mountain,geo_windmill,word_face,word_profil,word_eyes,word_face2,word_walking,word_standing,word_hand,word_legs,word_bird,word_butterfly,word_girafe,word_fish,word_cherry,word_tree,word_flower,word_carrot,word_watch,word_key,word_truck,word_velo,word_road,word_house,word_mountain,word_windmill
photo_face,0.0,318.7900628034964,361.1607712349234,361.405729657937,343.0165174944397,352.28794618159657,321.1698045832877,331.27266142287715,393.76047125712324,482.2069562492931,477.2133834980279,399.09185981362754,415.42884531510924,338.4628783489866,345.01230185418893,338.7107610990704,420.7561561108105,361.4321211183711,375.20991466789087,435.72660815643474,402.1558372651937,365.6881500004051,418.5783443906266,411.4154610499889,314.1070987130774,338.01686859897495,342.72548164828584,340.71998288375033,317.88294374503937,318.3409764710141,321.5828257392455,315.1664498700513,339.31849298481563,340.30742344903365,326.5602861052728,328.7772161430668,328.51952393851957,309.74641124679147,318.9808972759918,326.26165831110336,310.8299655570877,338.5018867305789,350.1356122474113,365.5754325041923,327.09518281457497,345.976211227068,322.52555383387414,328.82612361808725,340.42846859103196,316.69730689637413,332.03882971288033,321.66257194627036,319.3638239106318,316.1568372606507,323.04412401465555,315.88746470126307,320.1811117891357,343.37939965537106,328.8482175054149,338.8692818506773,333.7164428791369,315.17669794199077,314.56982148082625,317.33235523146436,311.134446694057,332.3700884169806,349.025813138747,332.206692627015,319.19784294128806,318.7608206167844,324.5173966915712,340.2614437782275,321.0579177788659,319.5413117296236,318.2601691524317,330.8387026576561,334.33979848400304,334.73107239044606,319.5572200940196,335.3843789870679,333.5353821448914,340.1561584495184,328.3962323272483,336.7557773861788,339.65534893756114,321.8404557452292,319.81116179314745,331.94923485406304,327.8304540816323,312.96004270628714,335.1719092586791,317.13384063793274,324.21932778789215,334.5270108620907,354.1767631180435,329.25878927535604
photo_profil,318.7900628034964,0.0,374.7958605875594,359.71953785823973,390.9618719172433,402.2378400547437,367.7788499589887,387.3662253542311,415.74744894341535,476.90155284741775,504.1029972038262,433.49231667612037,440.4471193956082,379.29530909491433,390.17370276553874,398.60861947993277,461.6688663317607,393.9095843009581,395.97923551061166,451.81805577268824,402.0984987054379,317.90464061983545,439.1241852341235,411.0320374357625,358.8565259326528,347.84035974544906,375.59726833846617,367.61531018107775,362.2753428229095,363.14013331707474,366.0618508879628,352.2869262121167,380.80009148510425,373.11165213004165,364.06476942188397,370.48454038667586,364.35540197369914,362.41462858512006,362.4606794643999,368.800629150248,363.3174484967458,374.2193035717322,383.85577055774246,385.28001864625094,367.72282939142576,371.1579265805263,367.83139860762935,364.9727291185995,369.651292564694,362.8998555373776,370.00446631786343,361.41812897192557,365.2734223153982,361.43227598909704,365.3987851284553,364.78719871313547,367.12951562140086,374.0940293147832,365.168205816321,379.84763118917886,362.05578701802773,359.65548062103124,362.36242606188756,361.2800687611901,358.9037419610289,372.7496185651702,388.1861343322135,377.5140055309026,359.66418506089315,348.9878286131571,368.7460756972848,378.02962343959905,370.4022402888781,368.81433387837757,369.4750005436475,372.4956732495677,373.2193215162497,376.1840434068899,370.2867649333194,374.00997140904167,373.7747316797389,379.30179390788254,369.59760706752775,375.04185861748107,381.50490909074574,367.13578595872184,367.2636618085218,373.94588499873095,369.41947102556327,367.79518286690575,375.1390241457701,367.45231495428123,370.85215375532493,375.12011165888026,392.69858962546755,372.85091887599987
photo_eyes,361.1607712349234,374.7958605875594,0.0,368.30585553855974,400.5477034469866,409.091383378727,402.5382547006186,419.20443361905524,403.09480866144503,491.43236849870186,497.4921443380008,400.548047706729,450.4666575983166,422.57510917744736,413.2630273695948,398.3871331660732,497.566934018108,371.9694789654232,380.0259296830805,446.8857417529256,274.3466938068734,394.23298898802676,421.58176298831444,429.00474910284987,360.8866909733283,378.4224561951472,354.3833569540912,363.73052674759447,377.3842829667732,375.299681773855,375.16875592163586,370.18045470865945,371.19409082516756,356.45116089372726,381.83062398142584,352.3327047695794,356.8029423231635,368.4868259601983,376.6512721949362,381.85773501754954,365.70421822610695,356.24036080114155,365.632383079191,366.00063378867145,351.5670835342761,355.7435854590643,354.1228756919884,380.6332389543717,371.77522232727614,366.6168912760237,353.8057384906421,372.24315151158817,375.6019671870745,370.9608571999579,383.2367349871052,366.06710636422133,371.2746749811288,363.0246102848653,371.32321743223366,357.7511089918862,374.940498421219,360.34924506640687,366.46489022258794,366.5739190942234,357.385073427176,354.9835323469467,365.9937816591625,360.50133534761204,365.70263174833514,367.88921079703226,359.7956592873491,391.7821583928084,361.91149277168716,360.85690422447544,360.94770552553655,363.5592116192395,354.4651645862203,358.62608516791363,361.79848915217656,356.2017000366766,360.8310774188953,359.61993505047195,362.60287885503783,356.4108018586214,361.68456789951387,356.98760691638336,359.0404803761566,356.8848613597601,357.8267267989223,358.3340898025945,357.63950564537885,359.23502688149796,360.4448141138195,360.16390529971864,373.1389021911827,365.84440159724386
photo_face2,361.405729657937,359.71953785823973,368.30585553855974,0.0,418.5594317001037,422.55829270240605,387.7532602991972,421.73608559617395,399.1037641077204,494.40635299706537,498.16490802113805,426.93440648518174,449.3117692402356,413.222126214311,421.20098991027754,412.5934935758039,498.88623716082697,411.44142647788493,413.15468225528514,472.2260968197862,394.5726535862581,378.116851792114,464.0164544767059,445.1998991406205,373.86864844545096,391.6621082886976,392.86910946642325,373.69754648543903,387.5488549261485,386.3165949884295,389.64136708241523,382.20215915767113,397.9785606027471,379.44145779769883,396.08911231533193,389.25588066411973,376.0686012778334,384.75561858392365,387.62319654408765,397.23251233648887,384.9751235587358,391.0532737006458,402.03553328988363,400.07519187668106,384.0017941221584,382.77267520350784,385.55139919805384,389.0872596696767,396.0400433045077,385.4655395103903,387.5279170308079,388.6829056826665,384.53076545911114,383.6127467620823,387.8241568588256,386.7309010034063,392.6514155586029,380.0642324551142,389.44844751197536,392.8824125456473,389.8623330930212,378.46561642893494,382.50196237183997,384.7142226273395,380.07721117129836,389.12042983208346,399.3489378529857,387.7338157216373,381.5909405816542,381.11613047955217,383.5300861037066,404.2605221089742,389.1980459989538,386.7982438729882,388.02137181113005,391.6557879134742,392.4929282677413,396.1275536590502,389.4312594364345,395.57682182246265,395.3578220546212,396.40896146901036,392.1000859015789,395.0714212416323,401.9221812124537,389.20072378083086,385.3159684457855,393.27358865759726,390.38575596715,385.6541156375898,396.08898710799156,386.5125889342272,390.7498074750615,393.64748858757,408.68335323937487,394.33888506290003
photo_walking,343.0165174944397,390.9618719172433,400.5477034469866,418.5594317001037,0.0,342.7712859704391,378.9421083133341,350.4046809976491,396.09764553805576,472.495541185212,498.47613133476534,418.2900388706393,418.3501525217862,385.88635942492067,321.2935275725866,350.09958377098104,432.1139568799138,356.174131028631,394.12554866749144,433.14740031091105,426.46675522763593,414.0286911672297,406.39800825557234,442.2003474896489,281.6773479643942,321.8873928918993,316.66418748002366,309.66063152086,267.641509612236,299.28995428049967,297.2504074202337,292.30805311368096,314.46445115700953,303.87618627973654,290.39060567568544,298.93170648902486,308.6366353761686,286.57038018613684,303.22951084855987,298.6479484070549,281.7306699486102,320.44964715219663,327.8333583996212,349.5959914204835,297.2758657403014,324.6605363094723,286.5824795398447,313.68410196740825,314.7145155763214,280.7652397981019,310.1539341454769,296.7893905200361,282.800976041328,287.9990058335168,306.66549426405334,284.89331810498686,290.51940098929026,310.3835651577923,289.964320438035,306.4358853915302,297.10753118518625,273.9978825484004,284.5365760731581,283.6310079047274,277.7292562485677,305.7418288180013,321.6417878613386,313.8233862004945,291.6328164790834,306.75801104476386,295.3667567892264,318.3719249938864,292.7522381204108,297.59186280829283,294.89621890147146,311.9360653017863,310.27907000907317,311.48283414299846,295.2257133370503,313.2348881797265,311.24435370094466,316.164665929446,303.5452951664053,312.71789131875784,315.53311704378564,297.42078270048256,294.058515777769,311.03998877402216,307.87260162158606,289.28870660966174,311.9450071987374,292.94157840994774,299.1864593826522,311.7318323317806,333.71582854289517,306.1658981552023
photo_standing,352.28794618159657,402.2378400547437,409.091383378727,422.55829270240605,342.7712859704391,0.0,383.36153425238365,362.42231902181317,410.69456091112835,495.5090514532936,482.7230213030686,428.60528266534163,448.6142990483956,402.6145414605918,311.61044691233735,329.4133209910339,420.2012881578087,355.60027946815575,398.5292213522441,464.9972173170417,432.06281945875645,431.62238026814634,427.6960261679368,446.04893469185276,299.0185678736118,332.48939420946425,322.52682784019987,318.94480876272365,306.10924862428374,280.91954557769253,305.9210800093467,305.30011356456043,326.4169744467233,293.3226252473585,294.0094128042572,313.4958774944107,312.78507737739454,300.9246321547396,293.48768209710767,284.13250360864805,293.97736887968944,320.352655474509,338.93068714299994,380.370474698546,300.2635142434697,345.21954866369543,302.18915149379137,312.8335593678379,310.7098823716774,281.18949230235165,317.0823162239798,284.9188407502976,304.7505666573755,288.6625893377485,309.200785364767,298.48115040734507,292.7778067281847,312.7708980589821,291.5277535857623,321.77049330058577,307.4882061553983,282.39284044215503,286.3515968361738,271.0311984425504,271.50965676499646,305.8175021711866,329.1540834939778,324.7501621474087,295.438060471021,304.85857243368315,291.9516696547492,331.32398732952106,295.8621102652377,304.9914331151289,299.9262460427947,316.003814232098,315.3192797959023,318.15886241934953,303.2170734171359,316.1800729085123,315.4665833054321,321.6568092466656,308.7031487732354,314.82951781629237,319.13005785017,302.8313180634752,296.8416354653955,316.9593388776046,312.38621004182306,295.12702112033736,319.0926190931049,295.2405894344353,303.7414885898014,315.39300833530666,336.3650186139351,311.07173930777503
photo_hand,321.1698045832877,367.7788499589887,402.5382547006186,387.7532602991972,378.9421083133341,383.36153425238365,0.0,373.3030712058734,433.4853679855177,508.3229089026436,504.0152655585933,429.6179033878781,436.4317451024547,382.96690131776586,377.00051757000415,374.2548327574894,456.08790840717626,401.74404812720104,421.6721616875629,451.6193466056043,431.85348576335264,392.39349453954065,452.9692139075261,444.94399284358076,350.62149328155374,364.1322434314201,370.54973110749705,368.3390199154584,350.28034541822865,351.4946065359961,347.94668498341633,351.98422555529066,380.91229113883287,370.69794345729235,358.4198479496194,363.7766859190239,359.20905205171533,349.35071899624063,355.5749704930997,356.2373491393456,349.38349708566795,374.2807044484885,382.40262387396336,393.8689444560629,363.1269966108051,376.870247734267,363.338827719443,355.63657031339955,375.0206922538575,351.867583731691,363.5353744943935,360.06230053797515,352.2438478004811,354.95114430064115,339.79102086023664,350.7686266224334,360.0255010479778,370.87797125444973,361.833995285515,375.6835337666327,362.5094509334701,350.4191233051083,348.7837420918245,348.1689356156489,347.6539992855963,371.3702349325969,385.0344386702305,368.7989968822933,351.9463185249155,353.61759204942115,359.35955851926514,369.14546870799114,361.51985893058674,358.1691444484083,360.46271772443475,368.2907688032397,368.3454213924423,370.45600436711504,360.62345121034974,369.3018983701401,369.3078174198306,371.3935629101366,364.53972040061143,370.9966020865085,373.86987712679957,360.40222927069993,357.8643950996994,366.06409791667477,364.9336561153388,355.4670796466986,370.2117215330501,358.41999576739045,360.80600331856635,369.5046519058574,385.9495714124143,364.91220104999906
photo_legs,331.27266142287715,387.3662253542311,419.20443361905524,421.73608559617395,350.4046809976491,362.42231902181317,373.3030712058734,0.0,436.38393139045655,501.36008903538374,514.5287062722556,441.42075226045193,439.6996541813698,406.0838731279663,342.04313779458613,346.8954047012504,432.01480996749586,390.98753109216375,431.3279303542539,471.1636024410992,453.60858917679957,418.1890699212963,452.67353659457973,457.5592601549616,326.3620043128578,359.42084673421226,357.85810583455105,355.36265272811846,322.6762834969986,326.9985061086964,334.1223834803213,328.3079987687065,361.558490344264,346.22640435672497,339.699619782643,347.08009139657065,346.11877293922197,324.12656605219104,335.2681531520541,322.27457676344926,318.16778497528804,359.57918595564814,371.5157447517694,396.4184330570253,341.5801339544479,366.2093014031536,337.5479582115259,348.7465171047992,349.72934984461784,316.5832841321095,352.56592075263694,329.0122667685598,322.5322733149464,320.7199373441376,341.4397314659913,318.19904907708576,315.5143657214754,351.648282664309,338.01657529606695,354.66203991937795,331.2351241070854,324.9962084514914,326.75622702543234,317.00365333327085,316.69949376717636,347.9882579944118,365.6204483009391,355.14099645845505,339.0033948665207,333.858859174135,338.0261228468312,356.76307351094647,335.9825749445582,339.77358543908366,338.36704172263967,352.13803685877383,351.1382854635326,353.5785217728778,339.13126602936336,353.62151665480735,351.57522829957395,357.9116807624295,346.54222211330216,354.3576805544771,357.0096105969646,340.7306597642341,336.9990270791061,352.21674446682346,348.27241137750707,332.7877748289107,353.61676774148435,336.07695672782467,339.7026216206722,353.19505036474516,373.46171077587337,346.5595828520662
photo_bird,393.76047125712324,415.74744894341535,403.09480866144503,399.1037641077204,396.09764553805576,410.69456091112835,433.4853679855177,436.38393139045655,0.0,483.4579507339722,473.38255036807925,388.8758016886964,454.9122644136206,428.8944611547483,404.4776527411747,403.0473716900805,476.42475581866603,336.24342114390083,388.9423676022862,424.1763434321782,414.7971162631344,438.664115242406,430.38251535729273,474.1342428427206,324.2549476016841,352.79875456981557,332.94221029544735,334.65241636330455,347.54978129418595,347.3867036871981,354.51327453699787,345.51789495642043,316.3551096217969,349.4891922795863,347.36294318647026,324.3255889881845,350.63587981870137,334.53992839709656,338.7504396995121,354.5819095729228,332.26414314438824,321.63590942211397,344.32884646749045,352.142321064842,318.0355149489691,341.0914401563573,324.22882880271106,358.37775313154486,359.3749039210152,343.39736252762617,326.55905613190055,347.45537082736223,347.327754755654,344.735489775839,357.99167142110184,341.1535827594906,339.03263349407416,358.2255336511988,342.5891897583294,336.88582455034054,352.0908770054138,329.8226318902155,338.02025712557145,342.1258953317764,335.4732952701854,319.5283684044966,357.3889262349211,335.48156357262326,343.5801541706096,343.49851276978495,331.77333495920294,365.5076351990313,318.67245629802034,319.30408083415506,318.6730075525714,317.30032220560975,320.74793047797,322.52204320380355,320.3443867324962,321.1895149950758,320.12951124211963,327.6704222396209,315.45732137415064,318.9514224790806,322.70329369469096,318.17753774747547,313.6524630884537,320.51733881342506,317.7443725887255,317.83153685597506,322.3176636687604,319.4850382079817,320.94210122536055,317.8244902261334,337.44151810509555,322.94275596539694
photo_butterfly,482.2069562492931,476.90155284741775,491.43236849870186,494.40635299706537,472.495541185212,495.5090514532936,508.3229089026436,501.36008903538374,483.4579507339722,0.0,571.601083872726,520.6511550685711,537.056164976478,500.5907713160576,492.61165975381215,492.5340620293725,560.8676586758932,465.62411358501697,473.67205449575005,506.9177026548425,471.61088383288933,495.3259010014943,505.8420912937174,508.86128967104554,439.66127495827766,447.58712055713903,448.2456518780714,432.9170326684118,442.5977345509055,446.5129862067712,455.73982992143124,448.11740612304243,445.7830459265172,439.801296316196,452.33880109725055,445.5614912104663,445.9643038933495,446.8779975248294,453.2662248603045,453.7084390443232,446.3006703875813,446.1736195545613,452.9848270750632,455.9008367540516,441.1521539192174,444.4719742326009,439.6384569846251,446.62435653360376,455.0271958410204,446.524687991419,447.239248222781,449.1494977758138,444.3741403305103,440.68925202436253,458.36737328060264,449.1337056234786,447.1305776147482,447.0576401486301,448.21153955138806,453.7835728222703,455.730744115571,443.40713652785604,448.1490009395543,442.26063503469277,441.6063609049311,445.9999603810722,458.2571220648447,449.0753304328288,447.73003167165825,448.28546235381367,437.431130787228,459.4926625811695,442.4148618612825,443.1304989072046,443.5862707520803,447.69177711633336,445.78007379384115,448.7655712531659,446.00240600803664,445.2697738195181,446.5481468808772,449.85074605553217,443.161224159307,448.12281985334073,449.8242971953492,441.97824814049494,441.54574762095075,446.3023133743827,445.01065176225325,441.26227291147967,446.48185737486216,442.7290135215721,444.7333851402816,447.2498335556235,461.3719246624198,447.78999856691144
photo_girafe,477.2133834980279,504.1029972038262,497.4921443380008,498.16490802113805,498.47613133476534,482.7230213030686,504.0152655585933,514.5287062722556,473.38255036807925,571.601083872726,0.0,513.0022874872761,544.3808403755518,510.70246950457835,479.27237644679286,502.1344415490791,550.0925044450876,466.31460873541903,487.05663691928874,524.7547237086866,502.92847506225866,508.5180089748284,524.9749093234531,524.0386149481967,444.24332477463156,456.49902923231355,455.3064484497402,448.52537081082846,453.1596958933588,454.8546825164058,446.4472328489959,450.63309337295584,458.2723009370429,444.8893455918914,451.43888826923285,449.22057154083507,445.8525714871583,447.48354826610927,453.646714616065,459.01506853916953,436.94178337255624,451.21891945744443,444.68150304046173,464.020141657043,445.5223758726926,453.2760743519437,451.2796776357479,444.08403780384873,454.97935230186124,458.53532943134854,448.7823850864035,450.51749828222546,452.52248059931014,443.78427741852374,449.12270276544047,447.164732409075,462.9431434396463,459.3376709120263,453.8413725624852,455.4624966844454,454.22445485416154,449.47208450379736,437.2028757051744,451.5924856002108,450.97864519781626,449.5754259823262,453.6484127341973,444.5314207638698,455.7183708422533,453.6684513232058,436.7053099053838,445.11385546602645,455.09715225172346,453.8197092282666,452.26607556793755,449.42869973014626,448.2842297159623,451.4570945916089,453.0622082247666,452.0860909897879,451.72423071473406,449.7675772384611,451.81220463689124,450.71679638206626,453.1500644871224,450.06141911549963,447.9145190008744,450.71123030861816,447.81167771602713,450.1397885251875,450.30392283907304,451.5986675751292,453.006434222175,447.9228489863841,461.1674080842593,454.15254293981906
photo_fish,399.09185981362754,433.49231667612037,400.548047706729,426.93440648518174,418.2900388706393,428.60528266534163,429.6179033878781,441.42075226045193,388.8758016886964,520.6511550685711,513.0022874872761,0.0,475.42607002302327,444.9950658163014,424.08720250339957,399.3271129331311,498.00104102247735,371.7674903963572,398.38969508280894,439.0052421627931,417.7022056063738,453.78405357465016,457.14904067440887,505.12203318768985,369.59338165165974,387.8691858675448,345.1917389773125,376.5272534758459,384.47975534051665,380.08157397148807,387.0116979038961,381.12642759175793,377.59494473131264,375.92785144343605,384.43447564751614,342.18053452209546,377.2299191000649,374.81688361851894,380.00875187750717,382.67851374784897,364.49171262568996,355.9873434060186,360.13524445131077,381.76002253867046,344.92186678045516,372.3365189614373,351.23433983854454,395.42140311940557,385.0097533363657,367.8719744813043,345.3570040762097,374.6188777216167,387.90581520171463,376.3045754973264,390.8412913936285,371.71221721704325,373.23613554523854,380.307489384691,372.8224390991148,345.60637028900385,379.6871670480453,359.30091963307717,371.72478013207893,369.9038882834414,358.5435335407831,354.11635681030225,371.1354030085587,367.66414687295685,368.92385455366684,374.9877423245008,360.8584994074266,404.04619783118864,358.5310766115689,356.48981637612764,358.8473689666045,357.4781050964846,352.20229505796266,355.05575309202175,360.39109252224296,352.15709308520456,350.90896550053253,360.27208056662363,355.71588313082646,355.48729704005603,356.35544544020854,355.7954743418462,354.8041725200542,352.6931377849261,353.16365643212004,357.68083320342436,354.1248099924516,357.75480519997257,360.0503718134108,355.8989482187155,368.6890085495316,362.88832345105084
photo_cherry,415.42884531510924,440.4471193956082,450.4666575983166,449.3117692402356,418.3501525217862,448.6142990483956,436.4317451024547,439.6996541813698,454.9122644136206,537.056164976478,544.3808403755518,475.42607002302327,0.0,450.6620425009865,438.4189548688926,433.57011407934783,506.05942032605327,430.518290687018,476.0682950021473,490.77176869484657,488.8636525825172,453.99165094442236,473.8409286458152,486.4663084334793,399.7780162766881,414.83296803433024,410.1179579902608,416.489418697404,390.76174306266546,406.00765721127834,404.8348060818582,398.62376711577593,417.08307868591555,413.98608684551107,403.4342701812763,404.5905772872288,410.615567249877,397.4211622094552,413.3530334291383,404.22407821325015,396.9038906143841,411.3699973550818,411.7469932937557,428.53249756771794,403.70921562316636,408.95253536482767,397.7956249400951,411.4098433979439,417.6415459868969,401.4875137240437,407.23019932076113,406.444637917914,401.0086529596175,403.07641222816574,410.44133745298905,398.7147488234133,401.73887241444186,413.68491968045817,400.4672705534033,414.77523454600856,401.986753458049,395.65576103196815,403.192381278249,398.9380568346529,395.52048151591356,408.6161502453174,418.27376120930563,415.23883574835617,396.76911744645395,396.3545501933578,406.2860705262782,419.6912100244997,400.67803896037964,400.87181548537654,399.8073025524566,407.3930696649335,407.3002329477057,409.1532182324683,400.8337078093207,408.49987297787993,407.6580514988558,417.7136523621168,404.14965127699014,410.5419917185262,412.611045608232,400.4428993088739,398.31758889444257,409.71811355503235,403.98339277035603,397.9418409939687,408.5824489221442,401.00476229778116,400.8877664032517,408.19761012309874,425.97961361891583,403.6756861216531
photo_tree,338.4628783489866,379.29530909491433,422.57510917744736,413.222126214311,385.88635942492067,402.6145414605918,382.96690131776586,406.0838731279663,428.8944611547483,500.5907713160576,510.70246950457835,444.9950658163014,450.6620425009865,0.0,399.0304917583929,389.33405716487107,435.99162091724793,410.224648350549,430.2816376120256,454.1013040787143,441.94786123395244,388.72293285354044,426.38071446268674,436.2444635841287,361.5053031796121,376.61336806952,386.5219382288425,374.485754122094,351.107428766297,358.678834674858,376.3917455797697,355.54066554870826,374.6931290991017,377.262096578196,356.7379116187679,366.3751567000923,365.5865711457797,340.66046902957936,376.751334561248,363.10483865087474,348.10246440584064,384.06248662244747,381.959763375147,389.60281422599934,375.7848136709568,376.1590287817082,365.9270316419406,352.7247390298448,387.2140249450875,364.7824254098903,381.4672676273136,382.6447755734411,354.35244722668347,360.1503102275556,359.3142395695484,364.55441757200924,366.07842819939424,370.39101984539735,368.8485035802548,384.18425656408465,366.22192589257287,352.03150884627604,362.4554643332674,362.12492535848594,363.7621114528389,382.10475986348376,394.08720576593,380.4316812821868,364.0209136586086,365.8056227059429,376.29381043645884,363.6584556611376,366.0296322713923,369.31627984958675,366.63538924072645,376.65662586547154,377.6058991591178,380.91911494802827,367.4289826420125,379.2258011144942,376.656062263495,380.6654838084469,373.78180567549344,379.47301996313894,381.90955274542404,370.2889826726593,368.1636829230851,377.5663788312379,378.7050365417524,363.4331555675059,379.39760092781967,365.6785231830704,370.2421735688063,379.9820000663686,393.8423968774206,376.23431187128665
photo_flower,345.01230185418893,390.17370276553874,413.2630273695948,421.20098991027754,321.2935275725866,311.61044691233735,377.00051757000415,342.04313779458613,404.4776527411747,492.61165975381215,479.27237644679286,424.08720250339957,438.4189548688926,399.0304917583929,0.0,308.3009928394064,399.34866402166125,350.45841267072296,404.7496635274548,459.00593794854274,435.0254317464904,424.95081146334473,435.7254240170749,456.5997353587128,282.3349110105807,319.879113676321,309.2817631688145,308.5278983687036,285.4805384777172,268.51139523020294,280.6850142082229,292.586258712083,313.9092305761186,288.7695939497473,280.1232867958639,300.5910692927738,302.20678575117614,278.54100936131914,282.09541242597925,259.8830700081598,271.8192132003602,310.5550359729339,323.2519981385621,372.33977921232395,289.82786971643714,338.427957624741,291.64539139365655,314.89932766758574,296.0543294766739,258.040832404856,305.74743644233996,275.1036542824411,282.67128633727464,267.8480306530014,293.60123455527054,280.3101351398958,275.30144083848865,298.80472386373253,281.418772763412,306.7169552428317,290.1630987117889,265.2347645101137,256.0983065860631,251.32017624939593,256.7383227948591,295.4534993870964,314.38013043335343,312.66398830665185,277.0207447121438,290.81280923066214,278.076679974823,321.56870862152863,284.2839897122269,291.34255001387646,287.71606386374054,303.47651090924114,302.6261642607512,305.1870184413505,291.15744678893327,305.51953327662346,301.066604116684,314.03050359709965,295.14881857161276,304.1875261434403,305.3133159851468,289.7437193964385,285.3627930396681,304.49601373191285,300.16683170909045,282.6226604808094,305.6520048952764,284.96134871256163,292.3480492904014,302.2938412365675,324.97483682238146,298.81734096533626
photo_carrot,338.7107610990704,398.60861947993277,398.3871331660732,412.5934935758039,350.09958377098104,329.4133209910339,374.2548327574894,346.8954047012504,403.0473716900805,492.5340620293725,502.1344415490791,399.3271129331311,433.57011407934783,389.33405716487107,308.3009928394064,0.0,379.6726050737346,358.6199479223622,409.75606618909313,462.1201620217849,443.31318442687495,428.4371289518228,435.2802656300395,478.8511541873162,306.5431445153041,337.67899582888043,326.3100691753227,330.00573348560255,311.0648549242643,281.54339776899934,309.12540098106047,309.6430098329452,332.6292812373933,307.2707162530735,297.31903459455367,317.2620668058911,323.6738043268307,297.28308251163315,306.74293979011395,262.8630442953002,298.787778423354,324.54294196154405,342.4349638821643,386.206626412907,303.79986973187624,353.43895202060895,305.2572175545059,339.25665062802915,324.35915244738584,276.14875931874553,320.4929505822227,304.6555311758895,304.3544494765096,287.5252519062199,323.51690338731663,305.640062621293,291.4164330599741,316.9849248846089,295.28113264550444,324.5544694686966,303.75944440179813,279.2051501261926,283.17397678952,257.54811208577263,266.369294420817,309.9954719005153,334.74148029682505,332.1015858257521,305.2817498823531,306.2355165485255,305.54084156775497,347.86495856314355,299.08176580260493,306.67142595637375,302.6193382809599,319.55224982276,317.1952025260261,320.2630450881771,305.63099272665903,318.29255612539094,318.0538493159054,326.24535182473795,312.5954464198645,319.9493385019359,323.2588091391442,304.62184909961246,299.76480541923723,319.4002089897381,312.99996886189837,298.0428071980097,320.64575879292926,299.63976313437735,305.372817933002,319.43456748272934,340.4632387127135,313.2188608874801
photo_watch,420.7561561108105,461.6688663317607,497.566934018108,498.88623716082697,432.1139568799138,420.2012881578087,456.08790840717626,432.01480996749586,476.42475581866603,560.8676586758932,550.0925044450876,498.00104102247735,506.05942032605327,435.99162091724793,399.34866402166125,379.6726050737346,0.0,452.5709068872735,491.6618174320565,519.9007705479407,508.7784570098798,494.64503941931207,472.0840895733741,518.4749884194088,408.0565066617777,431.62398147669427,441.81700204492347,430.10435590347583,403.21447631741967,378.2016088860965,411.10752090794085,407.1205442203343,419.13399669709776,414.4902351626204,403.85103968757784,419.1805386196153,415.67486499889435,380.67731626384585,399.71440749705135,370.3839896931619,388.9152130491511,432.57767637426946,436.75502737103375,463.99379247042015,413.8162048456276,441.2969627958271,413.5705196650348,418.4761893905742,434.99041309412945,389.86562500387606,434.0449212888775,423.3607896248817,404.3663009920697,400.0238931293274,414.08082052102304,414.57805762902234,400.9196215268564,417.2028961888328,414.1151419014706,433.73024931951693,406.0392329945977,394.7201546781707,382.2802663914793,384.56206285803654,393.3847619504285,425.45855214234285,448.2651709098004,437.3998983604612,427.33367973468654,402.2859057091339,422.6924893353425,426.2142560570452,407.83549194226333,413.69879870431345,409.83659970540197,420.08505814439945,423.33233372718036,423.5219920930609,411.9855505478855,426.40342812482123,418.9507053345965,424.94617551047736,415.1097798915852,423.13469272201394,423.71795070811396,413.6822087524164,412.0624428570619,422.1613030998058,422.7089992442498,409.15558776999967,423.46357414012994,409.4078826855098,415.2058889901859,421.34026577363954,435.2363663200217,418.359568352845
photo_key,361.4321211183711,393.9095843009581,371.9694789654232,411.44142647788493,356.174131028631,355.60027946815575,401.74404812720104,390.98753109216375,336.24342114390083,465.62411358501697,466.31460873541903,371.7674903963572,430.518290687018,410.224648350549,350.45841267072296,358.6199479223622,452.5709068872735,0.0,354.5955672880728,400.28174468804673,388.7463991051617,423.8598853277273,401.41196328624324,448.67384360824565,271.6161341013197,288.2128936851471,237.1306136483347,290.9843333861875,294.6995430937202,289.62006152356435,288.4765473474476,285.6478573304013,266.1531470360135,283.0521162952354,290.9762084873742,254.57433555453954,272.14703515359497,281.8324935576289,283.8495768161449,282.86776100777587,276.13743705419995,213.50002300099862,272.56374135944117,303.91804158282275,252.3436544892223,277.8259838938973,243.5564035705113,305.1113443915357,280.22532659304295,262.2406602209725,234.19219935027647,274.8688370771831,296.5547744710109,276.00888472163393,298.46052512559396,268.7375190985431,265.2268964363142,286.7916323290802,272.37753709295544,251.33076613959577,281.93986459011506,259.48949092109683,274.87448646678473,268.17945388038555,252.22977874513623,207.81669582421142,268.7083630920817,270.1583585146867,262.8535478503521,275.16597285490434,263.3095206224508,312.06860293474347,236.31991749297714,235.64650575418247,234.50722348725748,235.55311643719597,229.1747125685808,231.1499353246325,236.94482593841698,234.2866794758374,226.60353370110468,241.93390758417465,236.42005734109733,228.40572888403625,229.74279217076636,233.06613022637353,232.17024130613402,228.14717691068952,231.31515544790147,236.27950852030744,231.8092916503308,235.1633441713268,235.4042286733554,233.37014336496298,255.24976686221856,238.8248665641273
photo_truck,375.20991466789087,395.97923551061166,380.0259296830805,413.15468225528514,394.12554866749144,398.5292213522441,421.6721616875629,431.3279303542539,388.9423676022862,473.67205449575005,487.05663691928874,398.38969508280894,476.0682950021473,430.2816376120256,404.7496635274548,409.75606618909313,491.6618174320565,354.5955672880728,0.0,427.5299170082181,391.4735123032911,411.0320587893187,433.3762707940893,451.2905622708597,337.6087058612635,353.5770670398141,323.62733227479157,336.5631494039468,359.7014411222107,355.52210622689336,353.7437853307262,351.23081940740565,352.36818628409316,348.28426777101043,360.63338819977355,325.3951283960749,343.2743013595847,351.1122271972157,353.91511343336293,359.72678923742177,341.9623269739554,329.0809159712787,313.92723671379133,342.2228678091237,333.0118269598266,330.3598300009845,323.7217965339516,362.56376729424585,349.7805257373746,342.26039847598275,325.15299790384614,343.0887911003407,353.90878529666196,345.0084001817576,366.84334247846647,345.4208019438459,349.64833812828317,357.1966893161357,346.6119203828671,326.35457890202395,351.9976645106183,334.7721280470752,345.61111948828244,346.7479708763141,332.5105775829829,333.0694963373376,302.33491450758925,325.8191167227635,338.46059986687584,348.1635442525653,332.5614474465497,374.66571244365656,339.57498205553463,338.64125651892607,337.3338400461005,339.29575357873625,327.6567785949679,334.7306760913481,335.5796653192045,333.75149253752875,333.16981392097944,344.40243990255084,339.8594381313607,335.60427109920175,336.5967179485181,337.05795682934314,334.2277973245305,332.5245028566221,334.0067194591297,333.40265679485816,332.44012030501796,336.3184661038483,339.99210240784987,335.1449351563928,347.1319551413438,342.5073578884406
photo_velo,435.72660815643474,451.81805577268824,446.8857417529256,472.2260968197862,433.14740031091105,464.9972173170417,451.6193466056043,471.1636024410992,424.1763434321782,506.9177026548425,524.7547237086866,439.0052421627931,490.77176869484657,454.1013040787143,459.00593794854274,462.1201620217849,519.9007705479407,400.28174468804673,427.5299170082181,0.0,455.4837914669812,468.73665359338116,436.08665057541145,463.5321078565929,384.06617170547344,393.2097303747955,381.70162813667037,397.64725159716426,401.1733454559871,416.2854325132601,418.409413283515,409.47759763061856,387.1017037946218,408.92874925530214,412.0164108545668,374.2852454055756,394.3666874755752,393.2459492015072,408.82715281755384,418.67798542079424,392.6151939076185,385.434821445534,376.02003562111764,338.08864528862426,388.6930503498439,374.00708351771476,376.2822061482788,392.0905455451686,424.69982561770433,412.2648254932279,385.6505139778799,417.8190725601872,403.7112465010617,409.0215346275605,408.6992389685668,408.95325456433096,411.27639919266295,410.432399189379,410.9443841414213,387.99073330382566,411.19915791247564,396.0205313965146,406.49339294357287,409.8910850046527,411.38060036843103,397.6149012437265,394.4679202199534,376.16795524901113,399.5808530502438,402.4295900417842,396.98508240369296,404.9235686061419,386.8811350698617,381.24244546761065,384.92971411375544,375.74509423684094,377.1244305967514,381.4786712608278,383.84530925896223,377.97501406727355,373.4396693845964,381.33630500484065,376.80065799716346,381.49785756273735,377.7810626610025,382.82034084841456,384.3188029572814,373.87158994753827,378.1518955138783,385.2282948586526,378.462959188125,385.5979542243684,383.88459285577323,377.5250895636391,387.5352776137516,380.9838757962532
photo_road,402.1558372651937,402.0984987054379,274.3466938068734,394.5726535862581,426.46675522763593,432.06281945875645,431.85348576335264,453.60858917679957,414.7971162631344,471.61088383288933,502.92847506225866,417.7022056063738,488.8636525825172,441.94786123395244,435.0254317464904,443.31318442687495,508.7784570098798,388.7463991051617,391.4735123032911,455.4837914669812,0.0,417.44227648357054,442.1198515701614,434.01849966664344,385.04568330979777,397.54475302750575,377.4475298076646,379.3426464059162,396.260542959766,394.72803424746263,400.6167692642225,395.03080763647927,390.1633170324117,374.256224777054,405.53673707816455,374.6111929028115,373.1830124641151,390.60945058500795,390.1543672978324,406.1766854231662,388.7021956644528,375.5057357550345,383.80629560444595,376.9758820516925,368.8455517939667,370.04290067096156,382.8300055824434,399.60493073225064,396.2012150742653,394.0067250398622,375.2752749668199,400.2235800071688,396.29833478421693,395.2283207510923,402.717513967542,394.72647678860557,398.8782380349852,388.3379291861266,399.55732178115716,380.0672871070831,402.7890271072982,387.06658500784994,387.565908326275,393.921761136036,387.0602472510963,380.41037026854485,387.468428057308,379.10006642393404,392.1368228886525,390.2316407510944,380.93797265580025,412.24832855115386,391.98006040279654,388.1601748922105,389.67085137451016,386.5753515813451,379.4400995772467,384.29136238134737,392.1455094504963,380.9256652521515,386.51826375324725,379.64199785731967,387.01911089874574,382.0028798687033,385.9054457065939,386.0392464482059,388.9361704035497,380.6105096883429,381.8607656359986,388.01526347177315,382.91379616366936,390.2741451983699,390.72477269317204,385.0811284808168,393.6779171015182,393.6925804228431
photo_house,365.6881500004051,317.90464061983545,394.23298898802676,378.116851792114,414.0286911672297,431.62238026814634,392.39349453954065,418.1890699212963,438.664115242406,495.3259010014943,508.5180089748284,453.78405357465016,453.99165094442236,388.72293285354044,424.95081146334473,428.4371289518228,494.64503941931207,423.8598853277273,411.0320587893187,468.73665359338116,417.44227648357054,0.0,456.2848815811134,426.4771559422467,389.8777567827891,395.4083366568315,404.683544241256,393.10585608237085,390.5673959784476,397.1582479315848,401.41907900079286,384.6510880602125,406.0269120935144,403.50445125390314,397.5282418309726,399.28795618590783,386.1136741525784,391.6756427145976,396.5075302428676,406.3750970707447,391.3526234779976,406.06719032081753,404.68659870480263,400.6865244046555,399.2820929164921,391.0094511512817,394.57169132014,388.49513296190673,402.98403146429257,398.62729602615354,403.7756517612437,399.5297435630175,392.8151309759457,398.76102828486665,393.7088661320944,396.9235072328821,401.48055282204393,405.559046762347,400.57996552701974,405.9541398068593,389.601519585048,393.7939949318506,398.66271685888586,398.3856094984881,396.12831346213443,407.538957544511,407.8247431826229,403.64597072392604,391.8998379901963,381.1016144809556,398.60342152930923,404.1930902521978,405.1595910668775,403.33737254843237,404.1527631779663,406.84589778896657,407.71632418053224,410.0621665095438,404.272060865185,407.4377465971113,407.1967886828177,413.7410237060771,404.84466200877625,411.7196825108662,413.3190609465121,402.6163317537462,401.29370786345015,407.3647467940619,406.28968670627563,402.11734503277614,407.4879435029393,403.336315347285,404.5531436295279,407.44963442962825,424.7064552800812,406.1083122718017
