,photo_face,photo_profil,photo_eyes,photo_face2,photo_walking,photo_standing,photo_hand,photo_legs,photo_bird,photo_butterfly,photo_girafe,photo_fish,photo_cherry,photo_tree,photo_flower,photo_carrot,photo_watch,photo_key,photo_truck,photo_velo,photo_road,photo_house,photo_mountain,photo_windmill,drawing_face,drawing_profil,drawing_eyes,drawing_face2,drawing_walking,drawing_standing,drawing_hand,drawing_legs,drawing_bird,drawing_butterfly,drawing_girafe,drawing_fish,drawing_cherry,drawing_tree,drawing_flower,drawing_carrot,drawing_watch,drawing_key,drawing_truck,drawing_velo,drawing_road,drawing_house,drawing_mountain,drawing_windmill,geo_face,geo_profil,geo_eyes,geo_face2,geo_walking,geo_standing,geo_hand,geo_legs,geo_bird,geo_butterfly,geo_girafe,geo_fish,geo_cherry,geo_tree,geo_flower,geo_carrot,geo_watch,geo_key,geo_truck,geo_velo,geo_road,geo_house,geo_mountain,geo_windmill,word_face,word_profil,word_eyes,word_face2,word_walking,word_standing,word_hand,word_legs,word_bird,word_butterfly,word_girafe,word_fish,word_cherry,word_tree,word_flower,word_carrot,word_watch,word_key,word_truck,word_velo,word_road,word_house,word_mountain,word_windmill
photo_face,0.0,32179.819073023056,33986.24803925537,30465.81593485255,44079.948488476504,37689.93856760435,34943.70404096981,34783.17364978795,59059.31328081485,65394.65979498288,39540.722737769975,63424.84579383935,37888.10338248175,34195.50505820387,48528.3369280783,40018.03181089481,55182.54648214322,52629.980506906904,42726.42805340348,42789.658290961364,41453.22727965633,41786.70083034051,54809.951229273654,41156.70998638109,41092.77580875528,52023.51378449323,51805.00104617308,48522.137291639505,41735.31640088356,47292.622421235305,53380.806595226226,63046.96149014899,66341.54019919712,69293.48227784103,57803.24097442821,71308.66028857061,57838.49538032611,58468.57633923101,49826.278842339474,49985.36294839124,66187.21200669267,53186.93818091372,45163.56764779906,56022.12563411153,75485.99181080048,54127.10896295842,63651.08316440487,48756.57392211393,65118.07370645017,57228.91275358946,61832.845530510654,57881.31655565449,61223.0920393854,56347.57052944871,55902.340944183685,64218.048099047424,47402.5043298421,68809.27146299681,63166.49180386749,65571.73644972166,59842.15733842186,68438.99269690341,65004.51335340318,61868.90887691911,66195.35386508337,53715.14565220637,57962.27392864726,65478.92408487844,66853.3239369231,65810.21348912297,57627.90630280574,64047.842315394155,45872.57429331625,57787.89540358527,60932.15002384565,53250.517901345826,54604.881225484656,65196.0924082935,58824.35199220065,53896.54084905071,57320.1643741679,59582.89927840973,65724.50409262675,53386.952897870266,54738.052311030384,58682.45558859881,56011.41868010244,64890.426896434976,47126.894713191155,63085.76458838594,59952.160864073274,52254.68110407649,50160.44553836483,69621.97492260589,59827.64286289933,60244.84932573746
photo_profil,32179.819073023056,0.0,37815.45853343305,34796.09617066277,42019.208585844106,38033.53354665998,34632.8933540904,36477.35115320911,64464.43696342018,70766.8178032782,38695.77719408832,68938.33465609066,40991.63129461939,37377.48941234513,54052.19307030603,44928.09780877112,60990.15154192298,55548.71409619524,45721.924869983224,46213.64107869445,44293.51461966089,41222.07655527657,59895.74718222661,41193.16087904824,47980.18854261456,54376.105013095075,57594.009176026004,55223.10001113497,45779.76429025184,53445.262892881576,58914.550100139306,68377.86728744146,72101.21613022727,74749.34585986921,63164.738372997825,76858.64686270605,62930.15868216891,64563.66162083402,55322.48107853294,55699.549412998604,72471.03077130689,57578.66886853413,49215.669302202135,60870.52977257638,81466.24555781935,59381.44947284572,69515.75307521557,53419.13143155743,71042.9475390879,63112.707204745035,67885.02377512629,64154.999573342,67069.67857411635,62404.68181790998,61609.8063421257,70251.06712018876,52905.27420861268,74562.95811278063,68673.61400351753,71284.32399640542,65317.370807468906,74627.40707079312,71213.90910106966,68008.07521774343,72460.53513949907,58923.79491141051,63457.53439059239,71109.43155016865,72774.9641098999,71630.75665473113,63368.876209541,69888.44710449029,52035.75346192163,63881.7829057507,67175.60831366159,59119.2224140762,60746.88012842267,71314.7616609759,65044.10774346613,59898.13108094029,63313.41647334757,65621.01625846555,71816.27534446139,59407.843857590975,60743.622393493126,64867.80819263983,62265.80079178243,70986.28107852844,53005.386927395186,69333.50692323604,66035.82936237127,58295.59897960092,56162.91804267865,75826.84148486838,65799.09981788782,66404.37927533347
photo_eyes,33986.24803925537,37815.45853343305,0.0,33847.449762532466,49630.1673347694,43373.30465497054,39969.52691591563,37733.30981197431,56381.562011554364,62156.817955286664,42414.16966988845,60614.501357745605,39387.91966751667,37596.584364451206,48066.5197714755,41431.3386338673,54479.556671739614,51267.04408592899,41935.01329111914,42106.87706307396,39079.384750251455,45381.386271187344,51516.53722303525,43615.59759489392,42158.80951550965,51006.325633928274,46626.398812635554,45945.32514831497,43102.22687159285,47148.846270565155,52120.87254030074,60819.16537372737,63536.551198979636,65933.90526453017,56230.963264589154,68333.35147834284,55612.634738221255,57166.1807218395,48835.66480842707,49666.10453694228,64436.103316311564,50892.57853767138,43658.36867147737,53555.53488961516,71430.70824876108,51270.60473250143,60735.42191681519,48045.92452037248,62756.27891358667,55762.85313323707,58014.83815606902,55695.76166175276,59597.42981341732,55076.00599111909,54664.30143714888,61988.02955949766,46826.94261227021,65702.14908372486,60890.87502842388,62447.5669828476,57890.94334794265,66490.22640965921,63055.599925267976,60077.70979853647,64001.965531562746,51110.82299968731,55086.37263169919,62503.87555074466,64467.64620346519,63676.5669475058,55225.28189782119,62055.42173745146,44118.29617076245,55016.607493375224,58132.38251307657,50469.395591137756,51619.82964725102,61840.150835539076,56017.41502100203,51009.82526173759,54292.51291969728,56435.41269283553,62572.24547564041,50456.01894422927,51780.580510664215,55843.61933241389,53394.47532169677,61602.33409712237,44925.36426990872,60188.211148524206,56749.60814360986,49989.94937680589,47894.91482548517,66203.14157654197,56800.136405318866,57375.765405871854
photo_face2,30465.81593485255,34796.09617066277,33847.449762532466,0.0,43252.257162349764,38721.496573820965,35255.8453515429,36085.64253271557,62670.55804664239,69092.08482913834,38889.693440224015,67461.99604586572,40853.72087760422,37457.96156281488,53186.119561844076,44637.69767197213,60268.88045689382,54665.9704553234,44889.60594007802,45690.63946408639,42341.59066008295,41650.86345410015,58503.10378601645,41795.66423850516,45886.667333762256,56936.295679309,55552.7611111313,50558.642494808264,45887.292196242415,52230.85890522908,58113.250820477275,67198.05956434831,70581.86341479598,73290.95934574568,62274.20179204154,75653.17979585407,61708.34843998846,63431.012609698766,54556.24665621389,55049.797875604854,71321.90465436438,56374.764742539504,48221.57093146616,59873.43151349121,79689.41448109169,57967.55689258929,68050.18909669013,52847.35342560556,69505.48242119969,61955.683575930925,66019.46111475979,62148.26092182881,65887.11340891026,61148.415924253764,60873.33525275006,69071.23274796993,52168.20539771966,72925.25090059961,67600.24735257792,69692.2099854085,64286.85743499774,73449.91604647414,69975.45886213554,66906.79847168019,71094.00853715652,57495.324015335435,61993.61403748655,69765.28267563225,71470.39367805762,70571.2868658723,61997.87354206172,68678.33164780294,50189.191780641304,62243.12212120255,65422.632313748974,57363.40478387885,58734.417825195924,69543.19174202088,63219.89202823068,57939.458184588024,61580.00164170467,63829.1012821011,70160.85105335331,57499.57863487358,58884.186556641245,63129.95182932806,60364.88927141797,69241.9630012329,51173.21135768563,67649.78232437187,64236.51275813148,56653.68168780591,54318.43828608623,73980.71183990146,64011.09216409138,64690.10174571985
photo_walking,44079.948488476504,42019.208585844106,49630.1673347694,43252.257162349764,0.0,34757.895520751976,36816.576995619616,42536.13701140861,81543.51409712291,88531.64278630537,39543.76982186539,86537.48761780497,52091.73181713852,46584.30533758234,69404.91636893191,58631.369476982436,77513.67432328698,67343.21657036438,57850.884016560856,59178.26811590656,54183.75956202066,40918.559351089396,76604.06208550298,45042.21609526162,64769.98504741041,75409.48085623041,74921.33574505794,72849.7142173505,55200.40098409736,68589.04634416517,75877.1807753552,86001.7724045457,89955.05607953615,92968.06906404122,79535.89235145888,94898.73667230342,79653.76300713017,81737.01553193878,72254.30490925527,71903.55867363364,90307.41413226305,72650.11785389605,63676.43351123051,77336.23617935038,99792.32253668825,76069.29686967673,87584.8332595431,68835.34521405047,89594.28605788627,80764.2077765358,85884.99245631596,81914.23019160145,83191.65692032824,79164.41191517322,78946.24783457865,88177.55156390254,68405.56597111329,92883.12052550506,86194.68586636346,89123.1698791084,82607.19281676269,92524.15351248189,89339.51599571988,85694.4147745668,90049.78225613176,75494.1213044742,80789.78353205272,88977.02116173459,90873.34683191693,89772.31123974855,81014.8136542835,87549.88861458463,68471.82849969425,81806.46998991356,85362.50316156544,76588.24915612541,78259.28330245752,89791.47949151228,83033.77100304412,77322.62970953577,81210.32947695396,83600.8451831725,90324.4990616693,76750.58082123878,78367.52926138957,82980.2507204536,79942.7820483053,89350.27760381848,69781.49485184789,87710.14926720232,84153.1418313816,75500.28540469936,73239.03350091194,94398.85262860601,83658.60215906461,84618.17169875336
photo_standing,37689.93856760435,38033.53354665998,43373.30465497054,38721.496573820965,34757.895520751976,0.0,33934.69461380266,36567.48885662436,71888.69218993917,78624.72270379879,36593.08602606025,76737.34758491155,45894.49167152971,39645.06084663185,59142.28008627081,49476.143744376954,67277.06573334381,60493.46948914511,50228.69689970565,51737.282986789876,46994.2724392447,38935.29665281556,67148.73775185375,40704.658931764476,55617.49016407636,65993.87166126934,65373.40942677593,63142.283926191936,49224.98205463671,57325.01827139281,65588.85988458252,75801.80511700343,79866.79634448995,82716.19710934318,69252.79955132761,85023.98110424604,70458.66785302572,71392.46448644585,62190.27282856156,61853.987928980765,79696.7599444186,64238.188256820205,55219.387408998045,68202.50506469273,89322.02329538912,66569.64525565717,77515.66492875325,59229.43337788701,79465.58057293986,70493.8480996802,75827.63935139106,71594.98749408509,73791.21145044657,68613.28956421994,69036.21713016024,77741.8901908399,58640.681142964524,82756.25338950285,75903.25799847806,79257.73412850815,72993.5711241038,82381.90862122111,78689.45816453373,75031.23178983142,79556.07106286174,66297.97515221607,71241.79714689699,79204.75851477952,80462.17835934678,79560.60377307989,71163.95935453464,77163.29630210651,58963.12589282617,71785.69163112901,75183.20337162954,66843.09483561911,68429.19260092315,79510.48962966814,72935.01678602297,67592.70523439455,71250.20693497489,73528.52250133417,80063.44190928875,67039.79610403447,68506.61451896279,72869.76466761528,70016.39055478683,79143.28773550088,60327.86619685605,77418.02898755147,74109.42654638016,65710.75708723026,63698.50811752248,84070.55429714709,73676.42276996121,74401.48797263904
photo_hand,34943.70404096981,34632.8933540904,39969.52691591563,35255.8453515429,36816.576995619616,33934.69461380266,0.0,35325.72748126944,69937.84292828607,76297.2986120194,36126.887710243514,74340.73268947011,42571.70819389866,38263.51239124202,57964.70004320966,47873.21944857577,65580.66621959711,58324.81147705008,48533.546688717746,49759.06397003907,45989.33452928325,39125.66257051455,64734.47834738541,40473.39502273061,53073.18862862217,63423.118843525874,62826.92255502725,60599.14309673757,49335.756896989784,57279.428151757085,60884.227227203024,74078.87399884812,77935.54157285705,80546.28210855866,68200.29406893245,82705.24685232632,68051.29735536345,69536.68243435006,59718.693684144564,60003.97649208369,77722.49567757429,61746.420563189036,53086.81143156147,66279.70875573995,87329.5146183761,64348.813601495436,75204.78988492915,57627.0090477485,76965.85492712606,68396.08230921211,73309.40032110656,69460.97297509924,72231.38471786084,67244.17469183014,65474.494850659146,75520.87412293555,56450.36567960114,80236.776874604,73916.4145600612,76682.29077951753,70572.54448566807,79820.11482727849,76303.6534104472,73070.61171937503,77440.88090138565,63734.90957370789,68798.45927941828,76734.42773194793,78065.89007373153,77425.94619947704,68609.01392986061,75254.74510927571,56435.05818730721,69281.76206993421,72833.39966300184,64281.18921263889,65953.55350307534,77102.89285770725,70527.04383676121,65042.7054877364,68816.95057422704,71065.02721553613,77729.29529003723,64442.54890964383,65986.76746035946,70386.00608640254,67610.97929071944,76829.30515451012,57657.82588080954,75005.30611756192,71654.2346479159,63277.00191390629,61105.496572602344,81763.8671891025,71130.75504854275,72011.6768870177
photo_legs,34783.17364978795,36477.35115320911,37733.30981197431,36085.64253271557,42536.13701140861,36567.48885662436,35325.72748126944,0.0,60269.57052481333,66666.02862658432,38766.41627776796,64808.67135067613,38257.20953929185,34828.30515218534,48882.78133554844,40053.70854254188,56225.92244407807,53224.67385018167,44265.106237290034,43329.10656962933,42293.027102974535,41667.08728038429,56264.83294423129,40413.90501598404,45130.084029881895,55235.6616629961,54189.57631513236,51905.29135828075,41881.00106868601,48596.09954203224,54402.00606229812,61702.86527731784,67723.19763557902,70698.82723718295,58435.61352314813,72810.10728781178,59185.923287349724,59923.302176768935,51314.63781863952,50830.19650129587,67635.7532468283,54483.514220146295,46670.09643978537,56987.4510238991,77136.07082472276,56086.72723064754,65607.50682431262,49617.428458398004,67149.68741087866,58575.92740089765,63580.813779780605,59642.70609930909,62094.65559952154,57439.68692341505,57495.93347257846,65098.62008478212,48032.882975543165,70275.10667631192,64148.81856774218,67238.90265614708,60950.96509966409,69844.66028992592,66512.42188710308,62925.83471762189,67357.92495777302,55241.84684445687,59704.95387593622,66849.23329636683,68105.06238236393,67392.51494796899,59364.55545884623,65605.28965291793,48094.80239051455,59798.71426068511,62909.50845443453,55189.609852733774,56708.63219081381,67038.73761159986,60851.130281066566,55868.9617571375,59264.45069587264,61449.918020187884,67592.46853644968,55316.86281963705,56701.80791047679,60653.43877087021,58101.06776419993,66712.82846381477,49197.99831227248,65026.312650849686,61905.823872170986,54196.98272564292,52265.11113377667,71467.21113199531,61698.257971296815,62196.684303324546
photo_bird,59059.31328081485,64464.43696342018,56381.562011554364,62670.55804664239,81543.51409712291,71888.69218993917,69937.84292828607,60269.57052481333,0.0,36799.04719627087,68379.80700255657,32355.01757343002,51003.19616415664,53935.93386298122,35887.84361697553,43683.87033896539,37107.50515450447,53828.19019495812,49269.95799666422,44893.77895577778,54588.65565301286,71928.771452982,37353.659293560435,64836.47798147427,41574.897630085085,39561.45946382544,38466.83073801329,38063.65401074287,47252.592790648836,38749.41589474611,38913.00087676467,39564.146442518235,30552.696894574543,39500.930850535464,36211.09988497364,37873.8264051144,38899.17178039501,37219.78505584156,35460.867524744426,37922.71743753242,38733.668490457036,43313.54915882783,42057.016559857286,36433.01894923324,41442.5214890962,37200.467828889006,35185.53133514011,41093.80580027821,38373.24668128466,36407.273342713524,34765.79404755398,37599.46030514358,36923.90405002901,36272.65555548413,37594.82516096381,37371.03410932047,38339.71578203811,39326.26501793807,36697.1964113173,37406.405363949954,37746.03386073791,39786.330145305445,36439.92660963438,36419.84287397616,38559.253980049114,36977.570903620755,35665.58260096613,36516.5272356675,38978.07265428239,38701.9288010152,36242.367512962985,39894.91459440742,34907.13777935077,33854.159800256086,32858.61999834861,34286.66527731808,33986.61000832666,34531.40488766485,33124.25539176954,33649.646296716855,33491.31404340482,34073.3055968676,34999.33419584027,34024.373674802955,33547.74550875847,32750.33076278682,32919.40799988072,35172.36139646129,35383.23010769478,33741.43077408474,33738.47944405792,34087.59507833124,33886.34092321868,36764.13065607751,34842.51732613731,33326.736964232
photo_butterfly,65394.65979498288,70766.8178032782,62156.817955286664,69092.08482913834,88531.64278630537,78624.72270379879,76297.2986120194,66666.02862658432,36799.04719627087,0.0,76052.26152928926,37027.8908831705,56659.39984400724,59862.85722964017,40988.54362747858,49485.28792273293,40285.97042659983,58658.34163871542,55629.053983286656,50371.94652171407,60818.2601076587,78863.58271984126,40599.07556332242,71191.21204326877,45862.00499327048,41943.71766085883,40734.867925481674,40314.73349243263,52153.76370001497,42169.72563299055,41118.99630396414,40318.8826996286,35505.2616489409,30474.756693053554,38513.353136435675,38937.63118177215,40450.462752580905,38288.524796472695,39052.83118464445,41310.29216937222,38555.86199508751,46953.229407009654,47253.44187244972,39011.53964360406,39890.24991452482,39594.51887418966,35893.47145227988,44030.86654680576,37599.024765782175,38177.68855618894,35120.64905883058,38905.616769350985,37228.616921774636,37728.323254402014,38650.20221546795,37008.94175467872,42197.03510834435,36041.39216841815,37301.56503573229,38677.992975992456,38120.08568814799,38372.52924384351,36157.87201935938,37249.09977350772,38245.15303836502,40728.23874061163,37108.728538573276,35867.634503154324,38263.100864329856,38009.832526983955,36913.28875181542,39340.82479024722,39878.45521342837,35926.821341947325,34435.51784311585,37993.029339710454,37667.95934333423,35557.99721942448,35350.25584385772,37434.494541093816,36339.117111165135,36533.105809808694,35451.27137551465,38005.291585140854,37068.42889824016,34973.55940246107,35801.83452608513,36218.07962036384,40215.922337093805,34634.3516765897,36013.5234129986,37575.0487692417,38158.16745341539,36913.844467284536,37262.615210781565,34967.07442138402
photo_girafe,39540.722737769975,38695.77719408832,42414.16966988845,38889.693440224015,39543.76982186539,36593.08602606025,36126.887710243514,38766.41627776796,68379.80700255657,76052.26152928926,0.0,73617.50889594055,43983.52580405136,39807.6180894505,57806.62226840742,48518.9269094736,66001.37235367195,58484.19973421273,47617.32515285634,49187.526931342305,46012.69900563165,38065.67495352096,64952.9549566319,38941.34542547048,55079.68843804768,65053.805757981965,63759.942878478505,62064.91633332539,50691.226049883175,58590.30511981855,65142.09844581606,75141.39687044291,77353.3720504897,80673.04385944361,65989.11330532,82398.99269469833,68185.99108290064,70493.85407911894,60715.7291794487,60973.00694458932,78382.1598583716,62307.53010705646,52584.38019028757,65420.29920557509,87667.83683159492,64397.17532495768,75699.82868418013,57888.22147812089,77810.65253450738,69656.47154192404,73862.6902166572,70668.07790201282,73127.28316575887,68129.43179419734,68196.33370465878,76818.40435995409,57918.05094652576,81001.47279192245,73922.299577849,77042.15620408724,71471.38331187588,81022.63501167943,77267.93647611902,74080.66887765506,78498.6311579855,64332.025641172586,69070.67741685185,76996.30803219163,79377.95870362544,77964.10586320706,69427.77836313994,76129.54075875608,57496.968457812174,70109.15173453242,73570.79612653861,65110.87907297942,66665.36247366753,77668.66138566642,71379.18531871088,65846.17361523934,69442.99748949181,71680.52169366559,78154.64261566901,65171.851731548,66727.18906645871,71133.49836533712,68364.70689512999,77288.01800741468,58579.64356464138,75683.31346988393,72344.33539450022,64253.11837358898,62088.382853598065,82266.05076212226,71769.44922354676,72786.33877912725
photo_fish,63424.84579383935,68938.33465609066,60614.501357745605,67461.99604586572,86537.48761780497,76737.34758491155,74340.73268947011,64808.67135067613,32355.01757343002,37027.8908831705,73617.50889594055,0.0,54883.89887924891,58332.04526580553,38468.02361786883,47079.193135012996,38199.596054548674,56120.47401141374,52332.80979665841,47810.9697852639,58704.01753689114,76715.3569766001,37992.44821679422,69440.35148884552,44367.20308682519,40522.40628275019,39344.94993097017,39750.36634153178,50229.00701320541,40969.23928368029,39865.74619701292,39478.518324730016,32812.86067605542,37941.57232143939,36806.81255297964,30454.299865574183,39593.58172577276,37488.37859911354,37626.70175696877,39409.25686716245,37354.28710077349,44825.368325975774,43896.27936721547,37196.30616073969,38650.71360013582,38330.39744208684,33777.58768232774,42929.15247298138,36823.815500239914,36652.72064825437,33752.18391883516,37374.68308317576,36663.52325537145,36778.831582785635,37652.51489629657,36175.03011941068,40411.91189626444,37572.91226692124,36227.93107820891,34508.848559840175,37606.7294033729,38307.40648812022,35655.192505017825,35847.395700793546,37535.6797412519,38042.80691020654,35306.91611615015,35139.24695008634,37753.559744375496,37899.92297570999,36220.765775447064,38849.04470265335,37199.82717879755,33552.8878795269,32341.49180026702,35031.408499062236,34534.52288058192,33017.1638545185,32962.20084351532,34400.52851340556,33430.573300218915,33509.15392074795,33438.97410261992,34866.43586736158,33894.65131244237,32561.674136275797,33346.32636861076,33554.60112085761,37337.23290939022,32668.68334771282,33057.306949038204,35109.07554196175,35665.730527134474,34639.72725454233,34367.263076431285,32708.390858621584
photo_cherry,37888.10338248175,40991.63129461939,39387.91966751667,40853.72087760422,52091.73181713852,45894.49167152971,42571.70819389866,38257.20953929185,51003.19616415664,56659.39984400724,43983.52580405136,54883.89887924891,0.0,34104.969121798254,41422.86865384077,35378.80533135613,48184.76889947563,49190.98655868811,40837.13499628745,38457.939438082794,42221.63643370572,46507.23379259939,48084.43677546258,42581.93966617209,40235.52620647119,47381.4816596489,47132.623653628405,45511.66421738557,39493.44953322084,42928.38777749452,47632.96120252621,55997.06444145355,57890.80442895964,60507.85558988363,49389.60353068847,62550.65226229191,45208.042309738055,50975.42693881126,43119.60042747793,43252.40080666037,58748.90186988028,47497.44162588679,40319.030795320745,48244.751695557534,67422.37513718588,47122.82367878293,55831.31358971326,42140.7547599825,57644.59069017089,50718.68546291455,54201.704472865975,52017.48036211802,53407.84012951198,49477.37677595236,48550.315860502,56277.50266939071,40532.70539231962,60023.04577681682,54298.40077669307,57763.704685699086,49621.65676926918,60011.08653587618,56802.00662297655,53965.241314773695,58381.86964268356,46993.29202033204,50349.314396568145,56779.9726896322,59045.65015813082,57547.13286082844,50221.64124516718,56342.86462121006,40384.07098272367,50761.49506461082,53302.4036291869,47015.74331031467,48244.198887287566,57535.2372238477,51565.037239205485,47383.80814065839,50344.5457272362,52513.88256628216,57880.1921034002,47122.48575499232,48135.44620539504,51338.84306653376,48892.30309211932,57216.98262523819,41739.98782230105,55375.6638498491,52842.901753180326,45968.14354163213,43930.97514021754,61584.851884296375,53001.74081899565,52799.99033941406
photo_tree,34195.50505820387,37377.48941234513,37596.584364451206,37457.96156281488,46584.30533758234,39645.06084663185,38263.51239124202,34828.30515218534,53935.93386298122,59862.85722964017,39807.6180894505,58332.04526580553,34104.969121798254,0.0,42641.91431311927,35020.328381935324,49743.10281474138,49656.69728420613,40436.09022248582,39023.15634992543,39552.34879854225,41571.16195125152,49772.75016165789,38886.633157257,41127.78660162863,49971.7440158776,49638.96339609021,47582.67875928101,38991.84109209043,43788.793431744154,49766.585939001314,59107.50156368663,61216.495668093165,64126.49750055008,52233.96354327252,66164.21339108313,52811.29113134475,51951.18454880617,44960.375826906515,45015.56616257413,61339.572062251274,49349.27707598354,41128.20108045268,51158.83798030177,70629.38958774142,49445.78014792215,58604.52092886802,43713.57648959013,61024.499235179224,53311.76795804214,57392.91652626043,54904.73554608409,55949.52519379371,51511.71034729438,50855.45603175342,59370.07692431887,42539.64322086912,63639.73543083102,57594.18293883769,61133.64914587281,54393.142105427214,62578.56244543357,59857.51968309168,56672.92859414656,61253.33121042417,49284.00908191756,53160.5892202055,60649.27647284232,61746.45648408992,60690.102498353284,52717.84597786106,59283.21700756978,42051.760885442716,53733.94851407372,56447.23580299202,49615.39018752563,51026.18707236538,60879.36417974303,54556.24313791148,50104.99210102805,53323.88071899225,55501.13803347449,61340.87129455048,49724.89047781118,50885.52867530454,54424.36818148667,51807.37883439029,60670.58045530148,43791.605624992575,58609.268097281056,55992.95765753103,48227.634461176414,46354.16485415274,65205.963952823826,55892.18695054981,56111.915571510595
photo_flower,48528.3369280783,54052.19307030603,48066.5197714755,53186.119561844076,69404.91636893191,59142.28008627081,57964.70004320966,48882.78133554844,35887.84361697553,40988.54362747858,57806.62226840742,38468.02361786883,41422.86865384077,42641.91431311927,0.0,32268.359423346436,33604.15618540125,49500.74463210863,43300.36587298504,39275.38566045695,46483.79227704457,60885.444991995224,36265.78365995591,54567.79164448781,35419.411497773515,36881.85440942822,36953.70526822161,35493.460820438035,38081.77855334699,31962.19629524169,34361.44943370234,40295.001282327605,39587.67604706673,43235.28090838556,34062.32855050622,44541.40672065419,38097.22195740778,34852.147146654424,28064.896254223262,30464.101532754165,40117.61175204235,40890.24105249395,37221.21705896675,36675.420040833094,47625.86096595789,36030.50733094057,38748.49688172645,34892.5283082517,40508.20249250247,34488.58245719781,37929.722516565605,36563.594930056766,36395.58872767781,33597.543372939275,34795.64937121827,38329.38721919094,31296.07846452563,42526.07889769248,37031.98154128016,41685.939209099495,36991.873718525945,41787.58617334043,36516.099491619585,35159.52332369702,39808.555589870106,36182.90695206432,36677.12367738286,40306.33233032342,40721.59651489585,40394.86639273346,36301.9249301389,40261.67492436783,31488.978679433818,35716.554874874215,36298.65102652489,34228.94016672344,34748.09540837096,39615.15749660883,35575.589149763255,34201.80829816767,35495.051362554186,36721.08770199344,39942.57908254665,34285.91981065019,34322.51728317339,35529.65124922907,34195.82814253679,39795.00550323712,32920.28874897895,37902.08517199844,36755.491747631306,33452.17915579602,32708.965724997237,42825.94361975963,37602.52207503299,36451.95355093152
photo_carrot,40018.03181089481,44928.09780877112,41431.3386338673,44637.69767197213,58631.369476982436,49476.143744376954,47873.21944857577,40053.70854254188,43683.87033896539,49485.28792273293,48518.9269094736,47079.193135012996,35378.80533135613,35020.328381935324,32268.359423346436,0.0,39649.81102341021,47800.60728349376,40520.42245491825,37167.97967505643,42412.67932072394,52136.550846334816,42176.79689150115,47037.007137087836,35636.22886726243,41478.38382027456,41491.771459346295,39691.47682722442,36520.60942212882,35281.032498026165,39827.75434616002,48332.65929699302,49553.69699753787,52923.046435156284,41510.30384381097,54183.72448224798,43740.771570557925,41797.26260534785,34916.336620948925,26524.97647142706,49101.21067378034,43333.403743733885,37310.43627545643,42295.19961977579,58484.988598155796,41396.24371845554,47658.10030588532,37681.70633351952,49403.69373322551,41923.899019764984,46315.56840311483,43873.52545531053,44153.482723913614,40200.27366554591,40990.8028388866,47032.52170426108,33908.5258783528,51590.11827885662,45816.55665874338,49629.23949858492,43919.4798539264,50360.52157262858,46439.34571489122,41100.28063763887,48405.799482861185,40700.91442098253,43229.77380571838,48990.598102078126,50007.544000378366,49096.271480229836,42618.000977674295,48263.21480572612,34090.575643970915,42872.425011500796,44737.230409560776,39867.001973789505,40860.41311609487,48929.73109644287,43323.08744431176,40083.46403907046,42557.415747693565,44327.51886757461,49172.709116258775,39930.451785155055,40617.99187651307,43049.08454467425,41093.913330994066,48488.68562282176,35809.35220072206,46691.7225220393,44719.11725596776,38510.17672046036,37201.35621043134,52682.818436723,44928.54503110171,44684.258041083514
photo_watch,55182.54648214322,60990.15154192298,54479.556671739614,60268.88045689382,77513.67432328698,67277.06573334381,65580.66621959711,56225.92244407807,37107.50515450447,40285.97042659983,66001.37235367195,38199.596054548674,48184.76889947563,49743.10281474138,33604.15618540125,39649.81102341021,0.0,53539.74394180704,48626.619327757086,44229.475923997554,52700.83191164337,68599.62397128121,38048.014033742984,61740.66102155264,39574.693194433676,38736.571008993975,39149.14553734518,38217.7346901397,43649.021092977564,35732.54354182904,36614.495232410474,39967.026479888584,38583.04730040597,41474.51361266163,35257.844955504406,42516.69380531442,39783.0883365269,35958.018216643504,33164.80777119957,34316.55315126608,31824.236643367858,43865.15346199303,41816.95668413329,38037.37591340419,44980.482974724946,38273.049354469316,37601.12339198881,38751.52308422718,38858.81939006723,34973.767179907714,37086.53191681349,36618.08547340901,35975.07355552834,34212.28002339018,35323.95305224457,36316.30021567362,34740.57776054914,40401.1602604508,36530.728255832575,40607.449396243,36880.90491939997,39497.103168553986,35846.61255035421,35071.15798570168,33584.56040828753,38189.03168485569,37415.99455787151,38782.658984182905,38796.74730722294,39185.59616877654,36876.06854118041,39322.51067353061,34904.31418145869,35507.82633340336,35247.454286074695,35375.37639312628,35701.93681490326,37713.397796807316,35223.338882888616,35276.189751361424,35370.878817341145,36298.054042115196,38028.77782867443,35458.65879913225,35234.95000631752,34907.44950693553,34689.0234002715,38058.01466066582,35670.3167210146,36465.32464829686,36153.047481747766,34818.61552729776,34751.15078521657,40150.66427676165,36844.102751785904,35551.968670693204
photo_key,52629.980506906904,55548.71409619524,51267.04408592899,54665.9704553234,67343.21657036438,60493.46948914511,58324.81147705008,53224.67385018167,53828.19019495812,58658.34163871542,58484.19973421273,56120.47401141374,49190.98655868811,49656.69728420613,49500.74463210863,47800.60728349376,53539.74394180704,0.0,48766.28702597982,47377.929824989296,52754.50930809812,61354.92292424529,52595.6760564702,56674.61729558775,48831.00358912426,52678.39480355773,50216.47677150126,50304.908105521776,49608.23011341916,49607.9630179501,53042.25693529907,59118.71012336182,58515.10150991697,61513.96445896068,54644.7317258364,61781.82793727039,54097.37245845945,55260.357436998514,49545.02157720188,50202.07288904669,60593.33008933228,36824.005494719866,46465.839671930364,51723.16654556871,65930.31835429186,50951.30704860046,56326.13988555224,49916.10485943734,59422.81233256161,54539.68975357752,54370.851109624,55270.19021261355,56611.921380410895,53768.49026609495,53594.257136138294,58666.39476717778,48583.468717818505,60686.79160094314,57526.6089322046,57636.256554230444,55368.916433232225,61991.59192149467,58720.477823209316,57093.48693977715,60147.472336962666,42013.71674909461,51726.60159108892,57519.74749892515,60857.757869869056,59768.427406508505,53449.19154762815,59173.52474674424,45604.2795815253,52372.55367754326,54132.953431972484,49423.22882115283,49889.118205533865,56950.76864135918,52994.49791274124,49759.15034098845,51592.76427542451,53351.02563354558,57723.49184100748,49308.5691652538,50241.15031333218,52776.33881691705,51017.8721716155,57001.32783750894,46071.861951867286,55815.05079080842,53514.61580524629,49261.32020502364,47746.36921649308,60493.15326568855,53612.898440734985,53991.40235157692
photo_truck,42726.42805340348,45721.924869983224,41935.01329111914,44889.60594007802,57850.884016560856,50228.69689970565,48533.546688717746,44265.106237290034,49269.95799666422,55629.053983286656,47617.32515285634,52332.80979665841,40837.13499628745,40436.09022248582,43300.36587298504,40520.42245491825,48626.619327757086,48766.28702597982,0.0,38761.37424497231,42229.8171506745,50560.86808666082,47156.65408049798,46663.3424823852,41757.463421617715,47794.04210795814,45841.788955784665,44749.664188598894,41822.654938827836,43367.21750532486,48111.965000478594,55864.15510378325,55634.75827766343,58961.94501608814,49943.62243722159,59569.567820623204,49631.41112716055,51162.08657684266,44170.38431421223,45273.51358765624,57516.01291403536,46171.09355109571,30281.42418247099,46363.418621445286,64137.19975303153,44705.010296910485,53351.74565575844,43347.211462202846,56492.48609308496,50663.47152830256,52208.532001723586,51495.867948732935,52905.18273097679,48967.90103336716,49123.577033751375,55792.71344619043,42383.928781600654,58761.64513039309,54001.144462889264,54757.42830075029,51651.9703977828,59508.97796351645,56415.86228749101,54026.849741891536,57575.087556066435,45461.95864249335,44851.39366095403,54681.97418441038,57781.16372773023,57063.858614679724,48944.97006980589,55568.03212368469,40794.084596347806,49485.05710775333,51970.872378557695,45725.828890376215,46852.05218704932,55377.02668258067,50409.792757353025,46308.66062595016,48905.546260697665,51017.361874066875,55963.008196600385,45958.55911400729,46855.16517670742,50109.465327342055,48164.079215213926,55369.10719713421,41554.776110373445,53849.79927003486,50954.728922548245,45347.50507886748,43549.89553529362,59440.61721999473,51099.505065104706,51488.0869110149
photo_velo,42789.658290961364,46213.64107869445,42106.87706307396,45690.63946408639,59178.26811590656,51737.282986789876,49759.06397003907,43329.10656962933,44893.77895577778,50371.94652171407,49187.526931342305,47810.9697852639,38457.939438082794,39023.15634992543,39275.38566045695,37167.97967505643,44229.475923997554,47377.929824989296,38761.37424497231,0.0,42883.88877004035,52419.52464114772,43103.14892187031,47283.1059734712,39103.49082571629,44005.371208146586,42781.006334982754,41673.3632783572,39183.388010464514,40117.904855997236,44312.76008945396,51313.078373612145,50908.389694797996,54427.102305950044,45146.646418105585,55002.170515080485,45354.76364026902,47016.232328657665,40236.20744324825,41089.82808150567,52868.689256700345,43480.866326520605,36319.67424414829,32056.459215827315,60070.029211872425,42001.856819879904,48972.9678826646,40304.05687114148,51879.66386602268,46456.8332533259,47921.118916203624,47516.209886143944,47975.31518165202,44936.17365035287,44957.95044869509,51677.86387411664,38847.22601235373,54301.691758561436,49460.26330567742,51514.986339354065,46817.930464715,54810.82743749926,51701.39024913469,49408.91928214509,53075.620660145585,42394.61640673496,44061.62651369664,46835.56408085607,53926.23440116681,52758.482636757435,44753.787288816224,51500.316473329454,37406.45407092379,45356.49732794159,47623.67116397966,42433.36288639973,43475.423741540035,51092.417544012045,46400.10219881217,42779.530661245895,44962.05131915315,46877.91210097094,51566.4999314611,42394.565958682375,43325.77843622586,45879.52974537875,44124.90061530554,51004.901343589976,38259.815945837996,49450.1887093013,47179.893752402975,41454.91148038304,40155.211293843175,55110.79950246818,47375.302704421345,47301.90412872158
photo_road,41453.22727965633,44293.51461966089,39079.384750251455,42341.59066008295,54183.75956202066,46994.2724392447,45989.33452928325,42293.027102974535,54588.65565301286,60818.2601076587,46012.69900563165,58704.01753689114,42221.63643370572,39552.34879854225,46483.79227704457,42412.67932072394,52700.83191164337,52754.50930809812,42229.8171506745,42883.88877004035,0.0,47174.459594273896,49959.87387267073,45093.514883319884,44999.07366674086,52607.30912614716,50559.1850736769,48777.03001807082,43931.43033581231,47035.81865545732,52615.42007212905,60284.97715975883,61642.91687069997,64626.372386363735,54567.35125073036,66462.3885959827,54997.558743745096,56037.93261225657,48368.00348751454,49666.58543283093,62704.45061035878,51695.41752841298,43618.104661771955,52298.672642952675,66806.23252207616,50491.92736221814,59158.46635606471,47683.112183178215,61962.20870625332,55576.425464380154,57832.44644153202,56276.08247273317,58187.19813159217,54414.79351732752,54126.62453601864,60698.40939302375,46861.139516795374,64532.253252000606,59242.2700528686,61601.46192733335,56959.60826004735,64915.17345939017,61751.213972280784,59046.48134024423,62643.18986402075,51412.5564194813,54377.72859571038,61312.32888018531,62152.561881811074,62361.9347188888,54307.44779621129,61128.15189633798,45416.16557596127,54976.29171595925,57586.83642447173,50855.4337463253,52052.56857862016,60951.15890058356,55850.89491100996,51492.74231620582,54315.406653674356,56240.08947109192,61679.55620118654,51085.19333362011,52064.765217480555,55532.71326560724,53528.51424251701,60752.72708829415,46278.000564508344,59468.8817628106,56525.88526791275,50272.590934475644,48603.520896251,65133.610500354436,56381.810277511206,56712.99235274716
photo_house,41786.70083034051,41222.07655527657,45381.386271187344,41650.86345410015,40918.559351089396,38935.29665281556,39125.66257051455,41667.08728038429,71928.771452982,78863.58271984126,38065.67495352096,76715.3569766001,46507.23379259939,41571.16195125152,60885.444991995224,52136.550846334816,68599.62397128121,61354.92292424529,50560.86808666082,52419.52464114772,47174.459594273896,0.0,67519.64945517298,38930.76565905304,57927.539509212795,67927.25222641187,66964.13810523364,65053.11318941265,53569.15118729728,61821.27715083336,68367.40837563889,78012.13350354497,80479.57391482951,83473.74340905144,71177.63398579767,85370.74302784455,70623.80770226187,72928.73230574302,63609.42704930583,64133.45048840229,81301.38951417773,65263.29678416858,55668.75028700812,68590.40536426097,90092.38390949376,66146.74826462571,78440.02346915255,60219.99330522738,80323.72454021775,72680.20841110466,76844.99441944613,73668.78474950518,75919.54561058407,71146.51321445995,70586.09343147819,79532.68647994995,60809.52114917141,83579.05558601112,77405.73879400305,80003.69686104608,74005.51416824164,83521.57275662404,80236.71137423617,77104.45561135936,81288.28236436038,67399.46309795286,71778.22430384906,80003.37790765702,81847.95824072318,79776.33703116544,72250.2950456678,78545.14522647104,60791.652588688616,73215.88891376945,76499.4258550296,68332.21297209033,69819.8027474217,80754.90895890727,74336.49742812505,69041.14139189724,72648.12846392674,74919.41701929645,81311.1648911248,68516.74451016693,69951.86845060809,74198.28210038439,71412.1359413959,80350.11911219075,61986.52914989905,78815.18814394745,75416.13266453131,67437.26813828737,65194.580045999275,85213.83964267749,75018.21550319932,75758.8398061106
