,photo_face,photo_profil,photo_eyes,photo_face2,photo_walking,photo_standing,photo_hand,photo_legs,photo_bird,photo_butterfly,photo_girafe,photo_fish,photo_cherry,photo_tree,photo_flower,photo_carrot,photo_watch,photo_key,photo_truck,photo_velo,photo_road,photo_house,photo_mountain,photo_windmill,drawing_face,drawing_profil,drawing_eyes,drawing_face2,drawing_walking,drawing_standing,drawing_hand,drawing_legs,drawing_bird,drawing_butterfly,drawing_girafe,drawing_fish,drawing_cherry,drawing_tree,drawing_flower,drawing_carrot,drawing_watch,drawing_key,drawing_truck,drawing_velo,drawing_road,drawing_house,drawing_mountain,drawing_windmill,geo_face,geo_profil,geo_eyes,geo_face2,geo_walking,geo_standing,geo_hand,geo_legs,geo_bird,geo_butterfly,geo_girafe,geo_fish,geo_cherry,geo_tree,geo_flower,geo_carrot,geo_watch,geo_key,geo_truck,geo_velo,geo_road,geo_house,geo_mountain,geo_windmill,word_face,word_profil,word_eyes,word_face2,word_walking,word_standing,word_hand,word_legs,word_bird,word_butterfly,word_girafe,word_fish,word_cherry,word_tree,word_flower,word_carrot,word_watch,word_key,word_truck,word_velo,word_road,word_house,word_mountain,word_windmill
photo_face,0.0,3013.332536682355,3560.0127503646518,3227.0798987770877,3199.4176178316393,3118.5998544249464,2936.43058631384,2994.769625574891,3567.4809690478633,3619.3045518905456,3682.159609689017,3515.780683301216,3273.9171730211615,3072.759228159525,3282.8823826789317,3124.6342639306376,3278.5390521708136,3543.740894330904,3752.3373011384947,3514.984894006444,3807.6182633905696,3562.685368729223,3453.2914930482398,3608.3126966116743,3135.625283059903,3429.9942558889406,3641.3481465383807,3413.8567994230407,3283.771967609109,3257.233042341269,3425.489429617618,3418.250470329554,3428.822612594143,3669.641066646406,3395.947029011526,3501.886172596221,3533.0623511761314,3157.5190047900655,3220.3760826495936,3241.1373164714737,3174.8376271801358,3578.0633068895254,3626.4139304012087,3611.19094006316,3455.718727484094,3625.7804627988094,3447.5513211973926,3474.6027345573,3384.161386514445,3277.539532340406,3542.358015593172,3406.815843017682,3355.184155453714,3326.789560957715,3361.807659392437,3326.814218921128,3293.2202703086937,3546.4817270456274,3511.4794563767673,3569.2129615865842,3462.3933266097847,3217.63100044264,3214.6999251053894,3329.4823352884314,3251.0633954463847,3534.069668279038,3580.1682191085283,3531.550616856864,3428.893401049648,3358.6862795804664,3498.5310882314902,3467.615758045444,3299.437206945168,3358.806193149607,3332.3886124920077,3466.5993141090235,3560.4850507315873,3559.6634008452943,3331.981337253352,3517.760644933258,3488.100561438607,3551.995249794015,3386.8635695462385,3545.5409853157994,3509.8695374571703,3371.131587509423,3351.648312113424,3507.7349466743813,3470.9225682891683,3272.943205676126,3527.2702104229916,3317.87354033379,3348.8433683843778,3494.285314449122,3620.575413058604,3424.708927832208
photo_profil,3013.332536682355,0.0,3569.2690251828517,3271.561996990495,3381.1541046194475,3453.0756896099133,3161.973788728738,3326.503050071862,3683.679151385679,3572.8864325009913,3716.40610259663,3606.2552115165313,3347.3119263005574,3319.2926421582106,3611.2954877039915,3494.1328093807274,3653.7122187050077,3597.1174639347564,3804.4938707628767,3619.657388595937,3811.8136196170576,3491.755973658843,3507.0712569834395,3553.1382687085556,3430.2291870191398,3147.940292342409,3674.245359342322,3573.4015716918348,3478.5496654969725,3557.1337661203474,3571.173156755993,3450.7780112699206,3540.1104773574657,3648.073013621545,3488.5602356344475,3629.265903588436,3579.7192224455325,3495.903769630819,3421.825284718504,3558.8362140678037,3540.9953619615435,3655.0141773176642,3697.964525849559,3677.346477448098,3570.0120570637114,3644.0146890913006,3601.214574069834,3569.0569534151196,3465.3455045962337,3520.169225366429,3697.584622768045,3578.310687139429,3569.248755840673,3514.6408349053254,3528.1115350938576,3565.274420141773,3555.5333301431847,3629.1948032744654,3579.159812539593,3685.481414234693,3553.732213899216,3521.254303451837,3547.2534578203304,3605.0097499238213,3547.9883717476937,3631.271333269714,3677.667379134459,3676.527273969088,3548.921858900959,3449.15304584872,3644.9374363917314,3623.5192199517296,3558.3036006688008,3562.636445414565,3539.4544382675194,3630.7814688408903,3706.650683227338,3708.4138815262777,3564.000149998696,3675.288302288082,3641.5665518828546,3733.704206757797,3575.787737013016,3717.102315134795,3672.2598638462277,3564.843884971271,3553.5339257983915,3649.999758621706,3630.0257295853303,3559.2829269206527,3691.741743490816,3582.1511237260465,3562.103741159137,3666.8491456860575,3812.2423059867538,3602.5293723757527
photo_eyes,3560.0127503646518,3569.2690251828517,0.0,3312.2031994244335,3801.857371395238,3826.7142550660888,3586.3655839504017,3766.755756564272,3594.7901778073465,3471.3271564180486,3837.6424866242623,3536.968698758733,3685.2365943762406,3800.5567355529975,3946.466634771145,3830.26815795941,3954.023864537435,3452.336208473897,3551.5571411552555,3524.7340769333005,3312.7222314353085,3902.0302393021966,3380.9684280135843,3857.463676459662,3695.521641598917,3798.512113591536,3408.123752153756,3501.5201333580158,3899.321116219908,3838.8322500573536,3917.075596835596,3925.4769947879495,3523.0140040774722,3668.0193278668676,3873.809935650574,3514.7773233727307,3646.455558797642,3795.605364892034,3779.2404912690386,3900.594242236967,3780.6584933210634,3486.694411206559,3546.5922252147293,3543.181017315947,3418.8308080565625,3336.1130744623556,3505.8454812037426,3853.37597526502,3724.6950529905253,3810.9757939011665,3397.000025525239,3840.577323458704,3833.8549765401867,3795.4175338733976,3844.5159786553063,3841.3663909561656,3806.692933938367,3657.6496722759193,3808.9233637120064,3464.621348780289,3853.7319153291883,3722.7872024965413,3782.204583332403,3836.67700931443,3748.819530534821,3458.7204062222945,3480.9642647083583,3484.554177455171,3853.2567003752984,3775.496042718853,3576.4567463775456,3849.488353208979,3487.515823744064,3494.0879146881853,3497.8925009055715,3496.4740202467337,3509.15552763918,3498.8219236819987,3504.5512489784915,3477.156323856167,3475.3026342120343,3528.583284743364,3445.5567256360187,3489.4737751564962,3469.4172146104434,3462.343608971115,3499.938054111884,3485.8087711415,3478.7522716761437,3477.571576972253,3475.947910398344,3510.812004644308,3475.429596657596,3480.3378860526173,3627.6009965630865,3514.326768544984
photo_face2,3227.0798987770877,3271.561996990495,3312.2031994244335,0.0,3561.761981177402,3562.496485329396,3259.5664177576036,3511.5051496775445,3524.1271859559333,3508.9586569626854,3738.38691659789,3587.1965864949602,3551.0490092725377,3560.5447974419094,3764.7689684325105,3692.077590121782,3804.636028760038,3602.878629228266,3737.4059526350948,3614.776102646229,3602.3755902566427,3669.4878535224834,3509.5012718873827,3756.105118768695,3451.4402311137496,3624.3319867820433,3685.872458940691,3193.81085447269,3674.996812048634,3673.9873579463224,3766.2287890788325,3700.7743484429516,3544.433245278882,3667.4544846781055,3690.0027462448347,3636.276060811346,3696.4121226779166,3649.9407144945485,3585.247837641731,3761.9346071185746,3657.737956125625,3678.8266897294957,3713.364134695261,3670.748803187605,3534.0809306631154,3570.8302100594638,3619.610054424045,3698.56512605099,3596.4944130371046,3679.843735550997,3711.7905968590403,3676.5443074959935,3682.7865469816334,3656.2590836969953,3685.8150917825205,3753.114742677387,3734.1363285340653,3630.3601233222407,3745.2169386584274,3643.667020992411,3766.7631784005343,3616.1747045244224,3674.416805218628,3762.1910963809846,3705.9045684734765,3673.3347413492666,3666.1075594442013,3660.4738913415217,3684.427897151753,3696.01324193014,3624.3155418836773,3743.7685659238605,3610.0837758680195,3614.8939166914,3622.9178390589755,3646.090215208265,3736.7346436625526,3735.8864710536923,3607.010141832023,3710.6868523629178,3686.2799540171077,3729.644157562949,3636.907385732353,3726.961947611325,3697.9011889024227,3634.648727558029,3606.349023105246,3699.1518431675586,3675.696940971462,3599.732991968983,3702.6419168928974,3625.284268901453,3624.406754712503,3692.621801655728,3801.97419793764,3679.0364368761057
photo_walking,3199.4176178316393,3381.1541046194475,3801.857371395238,3561.761981177402,0.0,2832.057360685345,3029.748366744901,2848.2955490814743,3502.771861900854,3538.344932726836,3553.4242689052767,3449.858161978004,2992.5009490002367,3041.16502938339,3113.9170294389146,3010.5471775686474,3283.2689904563863,3482.9064685239587,3685.4659124956397,3404.9651943880103,3715.9431821930734,3605.672761870673,3244.20495797832,3498.296475897132,3143.6222919179154,3352.3975021928304,3512.065331915835,3402.2460234965165,2684.545268354418,3124.059392452298,3247.767985428562,3236.2233512026614,3283.7659561293235,3418.8744320283577,2989.7008725192645,3314.810454258963,3353.3168280182963,3022.620499973212,3173.0170762530265,3035.8613521146926,3178.6212450434846,3496.9682761757444,3467.1272360076496,3429.152122749369,3290.839167495055,3502.0623642393393,3240.4877647553462,3334.4196765011084,3419.9913572649193,3076.0023924643883,3532.4821704919204,3316.40231417323,3042.2865629415473,3132.530049060007,3220.3416068183656,3152.436619228342,3127.0498537769686,3506.9567174329586,3230.8227863887732,3482.518745066439,3208.5015106283176,3054.927076726909,3205.168145401844,3168.5138289811202,3149.433948339124,3450.5805540212687,3499.9452907875407,3467.720017201474,3297.2346031045363,3394.7402423491562,3393.615945156455,3384.7797303839984,3280.670787002699,3333.5976734094293,3329.5087958523523,3435.4271924453155,3491.427636822506,3495.0332371586837,3312.3218561645103,3470.6900705042863,3448.4980829141537,3500.3697248391445,3355.371952770075,3498.102865508828,3453.2969007815254,3339.5319119921605,3347.566558942707,3446.0391105288095,3423.0536541278707,3254.516770399775,3467.9605790996306,3307.4054853118973,3336.865514861902,3445.0155029653542,3552.4355885887544,3388.227197858411
photo_standing,3118.5998544249464,3453.0756896099133,3826.7142550660888,3562.496485329396,2832.057360685345,0.0,2957.129169966055,2661.8153313480925,3508.3152638606734,3564.6507648951883,3340.724677959401,3482.8411089632878,3169.25925351598,3098.652213686611,2793.815721980449,2687.632441930158,3036.1658051682757,3490.5815256162455,3667.0790879123456,3429.924325855253,3712.0305295556273,3588.3479668654554,3390.450429512174,3313.245590320034,3208.760642272108,3331.165283248991,3544.1845022973725,3352.494354608851,2957.7556355015563,2740.323018105754,3023.2368541553765,3142.563665916987,3304.255014031925,3307.932374615239,2853.954228971998,3351.867119997479,3302.8152644556544,2915.8507363306194,2896.075717903262,2657.887822145192,2916.163592308796,3481.1142878742703,3515.484804155992,3505.9195591078264,3228.8291366105314,3510.15318278537,3293.4610116688063,3097.23318815235,3251.8108365142343,2827.5470388907484,3491.6134672011995,2969.9101121495014,3040.794571506778,2827.045426403361,3100.313489477383,2956.286288478019,2888.6854883567335,3402.7597820694227,3119.3738365985173,3470.925994794374,3220.636957400734,3009.321475714092,2872.345306384225,2833.668040297549,2909.880970226726,3424.760412009516,3513.098346856756,3447.465462382484,3162.484932251153,3291.300927619954,3344.5113606921386,3128.3081782895783,3243.262544790587,3317.2887854669857,3291.8414060402083,3398.647832046437,3483.9335516112164,3479.993435802453,3287.204069462108,3460.3271663371015,3438.5583743922934,3450.658120564952,3352.9885808486633,3473.3096362287006,3447.249416970555,3335.317058844976,3322.5855166738324,3462.616025580933,3408.454080172281,3234.941422036223,3463.2604073306907,3250.2127416075614,3311.679092657292,3425.2712184520274,3516.666246766903,3364.848090917952
photo_hand,2936.43058631384,3161.973788728738,3586.3655839504017,3259.5664177576036,3029.748366744901,2957.129169966055,0.0,2851.379873416606,3556.8260835965616,3397.0875622458084,3497.9761822377077,3311.6214356703595,2989.0185679147066,2993.0829114070903,3193.0135330204744,3006.829968740294,3302.07690647185,3380.5133221234787,3688.4272003565343,3369.909883693449,3698.0314396600875,3515.8717485316038,3282.113817824704,3456.90450533771,3241.0563332976094,3208.315567685822,3434.7013671114473,3279.4980580889446,3114.719738306711,3058.376406581077,3049.6494484828036,3239.5952126189645,3344.6963966939957,3417.57823835927,3097.1039441661537,3274.3315712169424,3240.720728782252,3020.2389184707285,2999.8389205729773,3056.0391887905016,3088.1185627321743,3394.8153375653674,3421.1370274517244,3451.7203272054535,3242.437166361703,3472.0908041674297,3270.3086720016604,3240.6687650434387,3332.2333861088982,3074.5363568390594,3400.8715514771534,3204.477775975988,3196.560598788932,3152.3547805090247,3001.8090116001267,3059.1007510134614,3125.434523677061,3388.9341648477057,3215.757721235124,3417.6161187088046,3282.598718377419,3065.579485788447,3121.943250041062,3106.159676300722,3116.060779312034,3376.683626847139,3445.014086954205,3388.751684609474,3173.0293865086046,3305.1773709754307,3340.141109730024,3285.415030527199,3232.606817797025,3239.1732845692973,3246.1273300038915,3360.841310062386,3432.7630078065636,3422.324215854835,3232.4442556417057,3393.725416226964,3375.3863076050043,3409.228916022354,3273.5260120733074,3437.085505074961,3397.2791193717103,3243.9309999861825,3254.0254310085293,3369.609512089824,3345.7380682764715,3198.9038091720868,3392.852443354978,3243.7054767316517,3228.9774214485624,3382.6982302129168,3501.691348984789,3276.5391399487467
photo_legs,2994.769625574891,3326.503050071862,3766.755756564272,3511.5051496775445,2848.2955490814743,2661.8153313480925,2851.379873416606,0.0,3522.0452511581534,3530.2714581656473,3428.820065514929,3432.602905798266,3023.3099985771287,3027.2089702151766,2975.164022747274,2748.9452760615222,3173.2287578465266,3468.8611441134517,3739.6746074057764,3428.2862952862433,3748.0849363353022,3635.2258452940714,3381.743165913013,3444.689060333794,3089.6986984845807,3237.6219704626415,3475.346408996394,3294.356755521503,2822.0812298455785,2870.0479808669193,2963.0169658403056,2896.8867299770004,3202.9585192939435,3344.8781111906897,2961.011131682822,3290.1416869729414,3293.1309441672097,2829.2556072615434,3040.407180690513,2786.778066039727,2884.299117004904,3444.639213352294,3500.769990551935,3463.133559188704,3227.7204182280334,3508.8209370811965,3244.203068637605,3146.8047938046984,3261.1433411184767,2704.087065690582,3423.190192458834,3010.0812511423233,2962.4922189630224,2864.5254837879984,3094.157628388873,2809.783551733235,2792.3691610605315,3372.8369482669245,3144.939897990666,3427.581545480708,3112.6777717554255,2916.8510608344063,2961.716973802784,2876.4584409052086,2887.7587653328374,3385.9481139693917,3462.8974993307243,3403.039940581154,3113.047062912116,3165.0433175692674,3256.7429049400444,3184.521293021418,3220.563740634224,3249.2352970188244,3242.5338598607473,3367.717711227359,3436.443355225794,3431.1324157919616,3246.2887008437538,3410.9723394112248,3396.781349815062,3434.93570269497,3304.754190813955,3434.813400653903,3409.5020575451263,3278.7299716193997,3270.2231981899427,3398.6391055347553,3360.430255568475,3178.636686202671,3415.4300349602313,3235.471387146222,3261.0503135941426,3388.8355900603715,3504.1769311504363,3311.4209746902793
photo_bird,3567.4809690478633,3683.679151385679,3594.7901778073465,3524.1271859559333,3502.771861900854,3508.3152638606734,3556.8260835965616,3522.0452511581534,0.0,3313.2681897232396,3486.4306213513264,3037.611965648711,3561.10993324493,3553.4687974200206,3561.783836088002,3529.145888520622,3635.4132187526207,3077.870370440952,3413.566353024551,3284.1998509311366,3557.3030752116747,3863.796332188774,3436.707711838287,3784.266109294079,3535.9179063038937,3700.307885902614,3362.815292040551,3450.9721209428712,3586.765242582678,3590.488092542957,3737.0189905232314,3788.4246926143555,2842.4474400691083,3598.3506260317017,3602.298241361319,3224.0548429347064,3574.4999607006002,3543.345300347716,3512.1400022494,3601.3867315622647,3560.2344663236513,3241.171362786631,3439.8856276826696,3338.8213142956774,3101.633643959302,3462.503347659184,3236.242738106795,3686.596914289428,3645.1447155156425,3533.8079449768634,3409.743315805416,3681.782315943259,3615.876769429653,3580.9671624017174,3713.417324769054,3688.4127858241086,3583.3534243697,3674.2891711704997,3707.0221121411187,3351.9778987901736,3751.2343219879494,3551.8967299076794,3570.880711068283,3665.1276137232257,3554.763795852124,3219.95377754604,3545.8386112737885,3511.825391714064,3789.2247673244588,3762.595853186625,3530.775904979184,3746.549013315216,3330.8088175727494,3350.832301752048,3337.7785495023595,3332.0608793626348,3427.2165457530796,3409.84862956081,3346.1488055012383,3391.645235576129,3366.785042637718,3390.60267567231,3321.003041167717,3387.2655880613975,3373.207890777996,3324.8766186615967,3341.1398522736463,3363.6638933791114,3340.682941230201,3329.9956951522167,3387.1593430590024,3373.0774311764067,3333.8683361160424,3351.6062980911656,3501.7646670211852,3378.295230839713
photo_butterfly,3619.3045518905456,3572.8864325009913,3471.3271564180486,3508.9586569626854,3538.344932726836,3564.6507648951883,3397.0875622458084,3530.2714581656473,3313.2681897232396,0.0,3696.903408503519,3412.6151187487667,3371.439763052221,3507.074122779543,3691.4551842298515,3629.160885710396,3805.070875456266,3364.0255271316946,3551.460762168377,3343.069268691922,3536.084296510121,3784.1424824563837,3460.8745782565584,3631.0775607819883,3556.077249227864,3521.693501853568,3384.7017171581947,3167.861085395985,3546.545020398182,3560.9247415372242,3668.4930023386173,3696.6301911744017,3189.761261789597,3053.8736989453887,3601.4179273189943,3353.593459595189,3307.2363773252123,3527.5428898878095,3496.87099434584,3628.6620180966934,3608.684768682874,3447.430613188079,3392.1395414404888,3338.3540408979516,3255.038048500003,3366.787039117019,3406.4473767258546,3442.0217244677056,3494.9982375712143,3622.3972386119767,3500.2134895480417,3638.798942782008,3541.1831515760227,3489.813568257173,3602.2832966710994,3599.556624529581,3626.6255776228377,3301.1250114683094,3630.2250440028583,3465.5491944438218,3671.677438646196,3517.2170490152835,3585.033669752371,3630.0900362823495,3621.71854953656,3476.936475659799,3476.2395241346376,3432.2745914882803,3668.420590494927,3684.7415402054617,3453.0831436537956,3515.4469261300533,3476.6277811084456,3475.0705565692238,3463.1881965301404,3506.1579233836023,3579.905375968303,3576.5492550166036,3469.6470727947885,3551.9104407212417,3526.8787265672986,3577.977087543899,3468.009091405131,3584.9715545766517,3528.8580285081503,3464.1970765341143,3491.117896826096,3512.974645036484,3505.757553474074,3465.0426790227816,3546.319282122164,3496.6560773496294,3475.3808073479163,3533.3411849364197,3674.633581264107,3502.5633085812246
photo_girafe,3682.159609689017,3716.40610259663,3837.6424866242623,3738.38691659789,3553.4242689052767,3340.724677959401,3497.9761822377077,3428.820065514929,3486.4306213513264,3696.903408503519,0.0,3531.5395378968956,3566.8648680011097,3582.5963942550593,3505.2322717307943,3501.106492852446,3708.58904209627,3485.413299341636,3647.711437331176,3622.9206333886927,3812.5226475517034,3772.4431946902537,3590.161197891205,3700.9811286234994,3575.1444638255216,3609.9376795264625,3637.524279955563,3558.724550672645,3508.035345252409,3426.579788775631,3545.193337832565,3596.6806044673535,3448.2891236565674,3592.8112977572728,3247.980681989836,3514.615695320844,3578.2536848711297,3489.3437548423867,3472.3912513108558,3472.2793134421436,3512.728817640532,3602.9936942777513,3532.540131249538,3567.1574768971095,3419.1084754052977,3637.8892042740054,3564.09056241347,3561.034825774281,3647.256344905053,3468.490032948584,3684.717016562019,3563.4532193878963,3631.1164765571325,3493.144732640003,3614.5578255595424,3596.58784166639,3627.7663262024635,3730.2307799474083,3422.4766589284714,3637.7330950866713,3673.7365258880754,3600.994742748724,3498.2671137296593,3572.352271908885,3562.4546916105196,3601.7448675350083,3658.8909407754136,3659.8391708228423,3673.6236035653415,3669.807569900995,3603.0486819162634,3641.055179642314,3639.1456639042144,3636.428540924921,3645.408347116962,3675.6087165399017,3698.032034742274,3712.491046916328,3637.5235992621037,3686.2961854730265,3673.4176426853,3678.405590825495,3645.5588231815263,3684.167733493904,3668.7150049053757,3639.2231515494386,3637.777956848651,3669.3344726479286,3660.383702099445,3620.554864928246,3683.4382731142255,3639.8619113044733,3645.590742696028,3658.9204943963505,3774.2871913406657,3684.044607671703
photo_fish,3515.780683301216,3606.2552115165313,3536.968698758733,3587.1965864949602,3449.858161978004,3482.8411089632878,3311.6214356703595,3432.602905798266,3037.611965648711,3412.6151187487667,3531.5395378968956,0.0,3445.5174014598933,3519.249190814278,3589.2401683539406,3435.1817631533204,3600.4525643283064,2823.21947233858,3290.009273165554,3127.007098126892,3556.7881375070283,3810.0936140269405,3252.790091848628,3752.5542598606185,3495.8024678059637,3570.669035425505,3023.47479885449,3440.704035444097,3569.1931809486605,3551.715484766456,3601.3128493740805,3711.575990854684,3080.7335580063277,3552.3088705830273,3513.3043783050825,2777.541073824268,3412.7518138083365,3462.821086472201,3494.343929400765,3529.590149191936,3431.2890624738206,2967.326202299468,3073.5215445570025,3192.8949246670004,2861.8278156084825,3368.701120899923,3014.813639794116,3603.5005294986436,3591.954213019005,3432.6179269986387,3170.8872582987015,3596.9286954582453,3616.2840297215002,3559.6467114270163,3671.2446030923466,3610.6041058745654,3471.552935237372,3659.291651660509,3553.7097667537914,2975.965589023157,3673.0101078735925,3472.1722636429877,3555.7290861626466,3586.560871913843,3444.931277895521,3043.1283174220875,3288.833891058525,3375.7115462966085,3708.387154287854,3662.1614586481055,3378.1463896804075,3700.6603802968307,3126.587185234857,3117.010181691662,3123.711084274592,3126.7924392408786,3129.1958973026003,3148.175125161938,3114.969294812518,3100.316581630975,3082.662291267352,3164.2625738350434,3071.846116961048,3147.7241503672603,3101.3745957330534,3087.111714302156,3128.364970564396,3090.412792403717,3099.1789814781455,3124.9141053187313,3098.6680215071515,3152.327975716024,3105.472181948117,3106.105351277523,3243.458430934466,3140.708401252102
photo_cherry,3273.9171730211615,3347.3119263005574,3685.2365943762406,3551.0490092725377,2992.5009490002367,3169.25925351598,2989.0185679147066,3023.3099985771287,3561.10993324493,3371.439763052221,3566.8648680011097,3445.5174014598933,0.0,3048.4908365583433,3342.9716690994715,3105.853528208587,3428.574076843052,3383.2428385749527,3695.3004983671976,3276.2357213804157,3831.7075268647336,3673.309000610855,3271.195655904637,3511.0411177865626,3259.3327322694636,3271.108865205321,3382.801740154875,3439.889399283863,3054.293150564152,3264.9575945187044,3283.954649458091,3236.1045496985535,3309.5918600434106,3371.3979026610436,3036.648743661029,3263.242353018906,3144.3233682234404,3060.2625687281434,3292.6118070067882,3098.9356012401586,3207.739953402349,3394.037425603038,3391.486077253561,3335.409860334305,3291.3366039514667,3394.532440432933,3192.1180970657797,3267.764938206718,3302.2404868131052,3184.7152097198687,3354.9624563362845,3328.2808287409925,3174.0033176305596,3188.217876394984,3189.9667388807866,3103.1112463950126,3094.012363705415,3312.749960504438,3134.632511164792,3371.966138986186,3015.4354806492765,3075.432627787337,3259.8492393002357,3154.2512978391737,3165.4164338387636,3352.495578340611,3390.171939076705,3290.4230670844104,3236.638863636362,3298.7173761638296,3330.9170659385522,3304.5294469196797,3293.0067763902634,3301.273576321493,3281.1643358272054,3418.574295968695,3440.0926298618797,3454.1707237184723,3283.5282114972038,3426.1824375890465,3375.8761982122605,3483.315165254795,3315.9852448593933,3454.5538025708943,3418.8285649183217,3299.709150832785,3293.1570160488113,3397.361384643857,3377.1070341648224,3238.67832411955,3415.0455002521207,3296.2791917614773,3285.106142243866,3424.3558349832397,3568.1869915709635,3323.81045975122
photo_tree,3072.759228159525,3319.2926421582106,3800.5567355529975,3560.5447974419094,3041.16502938339,3098.652213686611,2993.0829114070903,3027.2089702151766,3553.4687974200206,3507.074122779543,3582.5963942550593,3519.249190814278,3048.4908365583433,0.0,3218.88170151869,2973.359434046241,3157.4925425087663,3497.5943321792456,3778.577043932238,3499.5530600868633,3745.6295785617117,3526.280466371686,3222.02843018383,3404.025236530845,3268.1134857302045,3378.601959525613,3546.7516026319295,3471.5600649287708,3110.223313388243,3182.614252384906,3336.391208945155,3319.7593644492617,3337.0693695266677,3503.0431225353,3148.1465219187826,3381.1507632114835,3419.5665232864003,2790.049344464221,3210.33731483712,3129.6929440171402,3094.040935461792,3550.924966292678,3544.9640409155572,3513.4531019449137,3341.2862303645425,3532.934760792718,3282.9097011679814,3307.504587733111,3404.2146789778362,3141.8379069463185,3511.8918483110338,3376.2117096691227,3164.989148048339,3160.7651072439417,3152.8668322101876,3119.3478878230103,3184.3809389056387,3481.085721098041,3341.2046115061235,3523.687841032095,3248.4106833393143,2988.798431322389,3189.174411572012,3160.688505022466,3122.925754235844,3487.9978692813634,3517.0843721358283,3520.7575886091886,3207.2457844108085,3262.537319156275,3441.8216556013695,3309.800405045642,3255.494231064967,3340.310372277424,3305.379116297563,3438.995429335237,3522.8132380379498,3516.7932081186927,3304.8343561797487,3479.6848957142756,3451.849904484482,3524.51987007661,3369.4595956647354,3515.720986989818,3475.372626096507,3332.141115622949,3339.740879075071,3462.944939851728,3440.163889436755,3248.0106302382533,3492.3195002146235,3295.1888970738487,3316.298286193209,3460.5740138793153,3592.0968252757766,3388.363614007734
photo_flower,3282.8823826789317,3611.2954877039915,3946.466634771145,3764.7689684325105,3113.9170294389146,2793.815721980449,3193.0135330204744,2975.164022747274,3561.783836088002,3691.4551842298515,3505.2322717307943,3589.2401683539406,3342.9716690994715,3218.88170151869,0.0,2598.567050707982,3113.4617852422853,3601.020438755471,3844.5646175060306,3595.5672911729953,3814.5738895959394,3741.5691284892814,3619.8096599658375,3661.555044565721,3410.609059294757,3563.8893340162485,3672.159467422787,3531.635487925764,3176.8824729772914,2995.2089156608185,3241.522284354612,3465.892385048402,3440.286368218491,3577.9062119522264,3120.0542862140187,3481.476286691106,3544.4912416817533,2993.684640289921,2982.6997009230367,2675.6605601533083,3116.532355128698,3611.912428834047,3672.1813184135867,3638.7032671509137,3331.362175519537,3674.4754424970974,3440.3337822737394,3443.468857140735,3405.2505555326347,2946.171348760758,3602.3686084291644,3186.575445773889,3220.671541888703,3064.7514344649476,3304.521499049093,3180.5449090273924,3094.0896356947865,3552.9237662193973,3297.1037664349974,3593.097342125822,3345.483612213899,3030.3227176381038,2908.6497673675976,2815.323081387062,3003.119801914409,3540.5433807252666,3655.198362257585,3637.2982122176,3319.222672715601,3477.2504483272655,3480.4765093894916,3432.9284510316297,3339.715822867593,3415.694075553418,3382.098523658541,3518.5088210404247,3572.2936444073134,3575.6745695225486,3389.901883427805,3547.5611550175777,3536.2209075974674,3558.630833127476,3456.330039194238,3568.3744935412974,3539.945683980171,3425.371225408566,3415.0512602440813,3553.7112477846135,3495.670247019241,3333.363089288223,3557.0119279941523,3359.6645841098502,3416.582308409102,3508.4205012916154,3619.930385073267,3461.7259828075903
photo_carrot,3124.6342639306376,3494.1328093807274,3830.26815795941,3692.077590121782,3010.5471775686474,2687.632441930158,3006.829968740294,2748.9452760615222,3529.145888520622,3629.160885710396,3501.106492852446,3435.1817631533204,3105.853528208587,2973.359434046241,2598.567050707982,0.0,2918.8245833882197,3457.1705968113597,3747.0342004684444,3508.677586714598,3773.888487709229,3678.089384081438,3410.627452361681,3598.399494238256,3173.8599659272863,3433.760134901602,3518.057951589264,3422.2977297498974,3069.0764611143795,2738.209372083605,2996.7312860246147,3243.1514453113,3340.824581663991,3435.7390267771284,2959.8188856814545,3336.137396764866,3416.025905413699,2801.9120159525737,2896.2861136745278,2081.9932283435774,2822.921107825951,3448.2281943784615,3525.4743802789253,3538.3830801321687,3193.217554258369,3550.3846075967945,3268.800036218322,3406.585326328351,3284.6005711029857,2741.116375302329,3407.660981463531,3072.3519623653992,2994.639082678555,2811.9557701449844,3095.720628275045,2816.704814160311,2826.1988803704967,3390.031997770498,3083.437314748201,3416.9820661223175,3099.9626863751337,2753.9914967259547,2686.942086469771,2279.3725189618995,2687.399599875086,3355.0525208198555,3443.1631565311986,3435.518108301347,3072.5605106728544,3214.6820754429127,3246.9923873137755,3270.99548206993,3129.140531266578,3217.432632037856,3185.5473879822116,3321.220130555058,3402.5192160576294,3376.3408069208485,3170.738567641872,3364.5663237674876,3348.3286783459216,3368.252845714219,3263.171691710866,3381.222390352688,3361.032895622461,3227.8388874776047,3219.2307068455416,3379.9072619094477,3315.5740413582507,3130.957935361212,3365.1470259311122,3137.5493196987545,3201.900459710653,3330.802488136024,3449.5431563464167,3268.8208727057213
photo_watch,3278.5390521708136,3653.7122187050077,3954.023864537435,3804.636028760038,3283.2689904563863,3036.1658051682757,3302.07690647185,3173.2287578465266,3635.4132187526207,3805.070875456266,3708.58904209627,3600.4525643283064,3428.574076843052,3157.4925425087663,3113.4617852422853,2918.8245833882197,0.0,3514.428928633611,3746.8903590791615,3578.456949343404,3885.3254580057533,3690.1391494717736,3547.486378996495,3672.666832347067,3274.058070730107,3544.3113982654695,3570.650771607419,3525.4242822981305,3228.2479924839267,3014.557077812587,3290.7575610543017,3489.03348142582,3421.0627396202694,3619.4580892751774,3150.440412387231,3418.637421514792,3538.8162709822413,2907.7192837128264,3060.985313390132,2873.3542694244366,2720.5486937422884,3485.4315765034025,3601.174269819534,3627.522342065921,3334.014935173908,3615.437849231457,3349.0732775120096,3397.568985065234,3379.3717688969855,2893.4689942463638,3442.229373336931,3231.952606848273,3213.9651531545796,3079.5827084084735,3265.1707000532615,3090.657070418931,2986.4408686419956,3546.619144298988,3238.917439179467,3487.2638696100557,3334.436061146486,2939.8403719337734,2924.712714762095,2984.59349796264,2630.084318848622,3411.2846831041056,3582.5768548645055,3559.480765655373,3278.0002968813014,3271.2752216192266,3502.7295265752746,3312.576843984012,3188.282290071943,3296.713026719148,3268.3520543770687,3382.928057014914,3453.6399793287496,3445.4485961147957,3256.363972217279,3432.902232605859,3399.3631924308497,3451.4110031877963,3334.3982695166533,3448.0515164209696,3402.8074624669225,3294.9011139515137,3306.45597308601,3425.703198239818,3378.9399739854935,3184.8259166936805,3434.0366571458258,3214.9589347817505,3287.1660336431482,3392.2259546310315,3503.956430279879,3362.4716479574763
photo_key,3543.740894330904,3597.1174639347564,3452.336208473897,3602.878629228266,3482.9064685239587,3490.5815256162455,3380.5133221234787,3468.8611441134517,3077.870370440952,3364.0255271316946,3485.413299341636,2823.21947233858,3383.2428385749527,3497.5943321792456,3601.020438755471,3457.1705968113597,3514.428928633611,0.0,3097.772835546798,3070.0766913837074,3552.2881130908613,3725.4502352374448,3255.996332984896,3697.583144882765,3385.3565188169187,3456.9050862563245,2674.6259729432177,3341.3752793351405,3534.0291692122664,3463.5536817201455,3460.618636253726,3620.788426068272,2966.6983551190733,3457.1229510173966,3487.418124959576,2792.400344872787,3316.811619364731,3393.2271966584112,3376.914278014239,3472.4903104062764,3348.028521003514,2175.5558205364237,2872.8148395021185,3120.2318013594395,2753.0776957894686,3124.078778933167,2848.349811922865,3479.171018482889,3374.2702042380456,3339.3488123137836,2714.5699499167586,3412.6337354321504,3482.0426368187927,3465.6392088418675,3470.9506682762153,3466.4067138164496,3292.439506524249,3432.062970188293,3390.3211378568367,2835.927190247393,3519.802636392181,3322.974965101709,3404.1812581097856,3466.459023452575,3262.322952611412,2328.70342518312,2914.236693914651,3074.53816431881,3499.502867934112,3447.733409897193,3232.439076580944,3502.339093150429,2846.797793103587,2795.555119319923,2817.4158671026794,2768.172512793547,2690.7943579298617,2725.2462052250503,2853.524895883198,2732.645186198593,2674.327360656079,2792.4372727940395,2743.9725784558777,2735.873528466056,2670.220704704366,2770.597779944008,2818.2347462071066,2646.826828186624,2690.3907437277007,2831.494508090512,2692.6984029916157,2894.3073438380557,2813.7596154157673,2712.2246280322533,2910.9946266382103,2837.415015781335
photo_truck,3752.3373011384947,3804.4938707628767,3551.5571411552555,3737.4059526350948,3685.4659124956397,3667.0790879123456,3688.4272003565343,3739.6746074057764,3413.566353024551,3551.460762168377,3647.711437331176,3290.009273165554,3695.3004983671976,3778.577043932238,3844.5646175060306,3747.0342004684444,3746.8903590791615,3097.772835546798,0.0,3254.1322296667654,3571.7422245801276,3740.4253315210626,3460.728266480613,3781.320987235029,3555.4499954190705,3628.1109003998486,3203.3019476853224,3440.453634597881,3727.860984749026,3687.5192543717367,3725.7367441243355,3797.7940384313524,3274.1171907843905,3572.0649183741743,3711.1266195099615,3180.987248605286,3483.9613780949126,3640.565368434159,3656.007942425711,3691.9492355697375,3566.5188679887924,3123.5497987637077,2692.3025950423335,3263.960868593836,3091.3501016183436,3161.1050934465975,3211.3283021693587,3624.8261103881346,3482.471576623705,3579.1792177470093,3329.5496963015084,3626.487585231352,3605.430378328565,3606.153737986786,3675.437376741385,3700.0293740685934,3614.4964776614097,3567.5668471844733,3627.9928584279164,3104.2544302609585,3689.333549209617,3580.272162031454,3665.776452003192,3678.8909621659645,3595.3880065235953,3175.92292133999,2757.50164597087,3237.5397124205197,3699.967057358534,3657.511417036697,3427.913959661207,3686.244135755282,3381.2320056096332,3355.210657692715,3377.115539945698,3346.917792291508,3299.187844844474,3325.205717130532,3384.2171013770317,3302.9177575018784,3306.7548351240453,3337.6026043475626,3365.021533906046,3303.4397195096917,3328.747074378715,3369.1224845634138,3363.2138140661477,3334.5150805727494,3333.864766422088,3379.1587535024173,3310.4901729727285,3404.526201207891,3388.792279585306,3315.1972509286484,3396.42654446073,3396.603459638193
photo_velo,3514.984894006444,3619.657388595937,3524.7340769333005,3614.776102646229,3404.9651943880103,3429.924325855253,3369.909883693449,3428.2862952862433,3284.1998509311366,3343.069268691922,3622.9206333886927,3127.007098126892,3276.2357213804157,3499.5530600868633,3595.5672911729953,3508.677586714598,3578.456949343404,3070.0766913837074,3254.1322296667654,0.0,3548.310740781428,3726.3820212732558,3235.7485506700423,3585.3159296914373,3315.526993957418,3460.932744450794,3123.592727959987,3314.7589094856,3446.023652663997,3485.289466368547,3554.235994330694,3597.1520212940723,3090.9388040966523,3431.9703835617156,3489.16859679379,2913.4282562244375,3179.9457129898574,3344.958711100812,3442.0502182285436,3489.445704243108,3389.518211341164,3120.741102323055,3009.5297780529036,2289.5140818246728,2967.535898354478,3173.981446676192,2978.0331954337225,3401.2926704512156,3323.9246698869824,3388.339708780889,3122.3896641998263,3466.534931361179,3355.830484255179,3418.4417725993944,3483.5970403130445,3507.2069496233535,3407.324138528923,3428.742200776523,3441.3844124131456,3054.223678842494,3436.9107849698808,3303.6681236370405,3438.883128193346,3479.3721799256864,3420.1672945735468,3153.6935379603756,3140.875430381985,2794.831718239275,3532.196941388335,3511.00126641772,3171.943578977442,3458.6306128310935,3189.3108174050785,3192.006087101259,3192.8456025526943,3209.2210605474374,3267.8837134332566,3271.5527600671658,3193.597845749439,3219.084331403277,3181.148492245263,3278.698891140832,3151.9604219840776,3260.2983063901806,3192.1147550072515,3169.313318510442,3201.6728233078147,3174.9401258373478,3183.8272133806445,3187.2189067209006,3214.931398447117,3200.1564341566077,3198.2279305268294,3211.294052484573,3382.4400189025127,3221.0126375096975
photo_road,3807.6182633905696,3811.8136196170576,3312.7222314353085,3602.3755902566427,3715.9431821930734,3712.0305295556273,3698.0314396600875,3748.0849363353022,3557.3030752116747,3536.084296510121,3812.5226475517034,3556.7881375070283,3831.7075268647336,3745.6295785617117,3814.5738895959394,3773.888487709229,3885.3254580057533,3552.2881130908613,3571.7422245801276,3548.310740781428,0.0,3812.7979229259768,3392.610069524094,3756.222763933967,3782.4016192458594,3967.5112112284382,3642.5634902561906,3642.215183816443,3891.0352984619794,3800.4589070340994,3942.870089740795,4024.051482308105,3582.7325172769047,3717.125476309654,3880.9184120085565,3610.8989752782722,3722.6845054411842,3804.8039073607465,3750.8935952319594,3865.583830820981,3840.2290439479593,3686.5045871253246,3646.47902317141,3569.859351994216,3233.2067151329084,3501.3816356075126,3567.471356066197,3846.4062249738695,3825.170942517734,3825.2004814094753,3725.986000366821,3882.6966412543566,3872.996989924277,3826.1855805138484,3912.608610571303,3935.6353530547317,3838.042927488817,3818.1035448054677,3875.981231945182,3645.767750435076,3965.2431929769227,3762.439434005396,3806.072909752086,3866.6602917524087,3800.7953041341752,3685.8569116645526,3668.454867838046,3712.2371195521137,3884.1961956584005,3923.5442421882212,3678.035114673289,3907.208833471513,3697.2375312126655,3705.2127425004333,3716.4220620965234,3711.642573269623,3732.776393105508,3724.608576525128,3712.169091253023,3715.1781594265767,3726.6201463163825,3739.8701645121805,3710.0941663786234,3728.5548737423087,3714.0042290076144,3694.4493295627926,3718.718835006028,3724.735894768281,3695.9217656228857,3704.465360857418,3728.4958459204863,3718.9116097720726,3709.848055381553,3705.5800687908213,3808.1185908125726,3730.642958395775
