,photo_face,photo_profil,photo_eyes,photo_face2,photo_walking,photo_standing,photo_hand,photo_legs,photo_bird,photo_butterfly,photo_girafe,photo_fish,photo_cherry,photo_tree,photo_flower,photo_carrot,photo_watch,photo_key,photo_truck,photo_velo,photo_road,photo_house,photo_mountain,photo_windmill,drawing_face,drawing_profil,drawing_eyes,drawing_face2,drawing_walking,drawing_standing,drawing_hand,drawing_legs,drawing_bird,drawing_butterfly,drawing_girafe,drawing_fish,drawing_cherry,drawing_tree,drawing_flower,drawing_carrot,drawing_watch,drawing_key,drawing_truck,drawing_velo,drawing_road,drawing_house,drawing_mountain,drawing_windmill,geo_face,geo_profil,geo_eyes,geo_face2,geo_walking,geo_standing,geo_hand,geo_legs,geo_bird,geo_butterfly,geo_girafe,geo_fish,geo_cherry,geo_tree,geo_flower,geo_carrot,geo_watch,geo_key,geo_truck,geo_velo,geo_road,geo_house,geo_mountain,geo_windmill,word_face,word_profil,word_eyes,word_face2,word_walking,word_standing,word_hand,word_legs,word_bird,word_butterfly,word_girafe,word_fish,word_cherry,word_tree,word_flower,word_carrot,word_watch,word_key,word_truck,word_velo,word_road,word_house,word_mountain,word_windmill
photo_face,0.0,6236.849423346255,6993.462345564561,6462.336659320931,6424.295816415431,6305.425384852181,6168.389745742763,6346.828868632938,7055.562829420033,7183.267635736244,7246.302299382432,7101.507012124264,6566.30681162605,6472.249764819808,6546.44119175074,6311.938966087767,6582.5521439620325,7078.659445290076,7233.902429422826,6711.595051842255,7345.339403521329,7013.241167994454,6905.074376302252,7083.997717774739,6201.852279017875,6731.2722901934585,7251.93642072561,6837.86685361601,6590.889461961456,6507.614052232097,6842.733997891961,6962.8680297022,6880.789775808784,7420.8459373916685,6896.201585834191,6985.7558221029185,7005.10578990821,6464.7488510508165,6576.72261565504,6654.40918961782,6601.657995089086,6965.077288464571,7047.092919819592,6846.82928558053,7085.805040473049,7082.350875330473,6986.714693299476,7016.243441564052,6670.413486373657,6604.288550435799,6834.693112711956,7067.9245715749075,6660.2962862536215,6745.190775613432,6613.392805806865,6942.047544678446,6620.108280697251,7079.450338221228,6937.741624714434,7063.946770391362,6889.53500228547,6694.653161840776,6415.953278839257,6713.38033827115,6525.540946462666,6852.146289278317,6985.344004410049,6888.312731667146,7231.759755653696,6729.6405633970535,7039.0658782112605,7008.439622223582,6453.759655685627,6521.011498725054,6440.839743761852,6648.336901381363,6747.784882701622,6699.123085409529,6456.891770108867,6693.229205929496,6652.873513769318,6728.789391021716,6538.28688971489,6694.300671532922,6631.067689658909,6472.6134325588,6458.58574378815,6617.5559738954535,6561.583100149755,6429.435299585923,6670.644843724842,6544.512121403727,6434.184123350925,6597.53403463867,6838.570881894097,6522.3876830104755
photo_profil,6236.849423346255,0.0,7145.044781998434,6786.010041578119,6683.200562457739,6801.557456804625,6371.51511483679,6751.570578252074,7253.003059951513,7198.9687724933465,7267.735070181623,7239.715433294024,6710.101635047767,6855.47140632058,7024.853210470403,6900.72820280728,7104.229218488951,7177.98497099341,7320.9099280013015,6878.290898805213,7398.811153697152,6926.460110058288,7048.559721255141,7109.424973774261,6764.599663892004,5852.595048712588,7393.065194701662,7209.9163936590485,6820.01140301729,7020.938093515205,6989.742140758668,6979.4014785378795,7108.150947460969,7455.983628692181,7006.654537100246,7158.645928715657,7075.628443061959,6961.618389387909,6866.239786386357,7186.640543639507,7079.545179007642,7134.0217693570785,7118.4201767619215,6963.596665449468,7327.644374590701,7109.541893518924,7231.389962114371,7134.8012071928,6908.639833261632,6898.66673360734,7159.062259292619,7373.871285621922,6958.741155448724,7048.867136513232,6869.81611720857,7264.400775528331,6966.9469876293615,7276.266572277833,7000.341909825784,7294.451568383352,7040.748172526233,7111.6001492291425,6990.713939088687,7187.425944986297,7045.553826607722,7051.137943707756,7130.188387640537,7116.008777155858,7416.967726408806,6793.912124803832,7246.565995957844,7213.8810173525235,6916.604713656625,6928.586311620044,6852.541338210296,6997.559895734696,7057.380793532512,6994.837518456192,6884.305431964048,6999.388934760128,6985.577534474404,7068.673023154346,6904.6207208995465,7026.4817272310465,6964.766045720185,6849.70538272034,6870.059663891909,6953.980421068554,6905.133335439151,6914.950532972529,7005.295939379224,6992.6518630537785,6851.7507741090685,6950.290755353794,7184.614270385589,6908.408254945867
photo_eyes,6993.462345564561,7145.044781998434,0.0,6846.744941319389,7358.739805990351,7450.547730967044,7105.463793167925,7419.2768714830045,7330.415182153121,7164.286279394637,7620.951097343061,7326.554290424693,7317.93097741693,7525.741145914316,7591.505402084292,7446.1021076873,7693.290397185259,7143.565862279362,7182.4768823754775,6935.405678047336,6781.272820442845,7645.150992532355,6918.485124583379,7645.811914367766,7288.35020515809,7342.496917723061,6866.23271392892,7039.897217041973,7548.390348985984,7525.858714209923,7619.5932805571,7652.157016191219,7224.797444021076,7530.2034722466715,7659.23761179239,7184.480774126945,7307.531047979944,7475.355054852161,7460.5580692623225,7728.225847438381,7455.987055810667,7012.8756097825235,7088.477947375444,7022.9330003371415,7078.056446894941,6796.942920306163,7185.927429979158,7625.88029481954,7273.58963787932,7461.176146588618,6784.0590044300625,7744.821822243056,7490.131986102098,7517.902468732566,7476.417223339521,7749.457685309208,7503.282250586554,7282.081837131741,7500.219652597648,7045.0853727761205,7497.1651222065375,7534.627378522851,7393.8360858777405,7591.172334444079,7428.171099874085,6902.4929193689895,6987.019320979572,6994.56459879973,7874.049870773407,7433.857420682209,7293.851901938524,7610.98751189994,6851.437794249422,6864.267482465688,6796.617138530426,6856.830756185146,6808.628846286368,6764.483359767306,6820.845552439731,6765.81332096487,6813.9577013437965,6848.366355677233,6780.8947167310025,6759.733683143154,6734.094537677728,6765.717070847721,6813.373488600147,6770.072860579256,6724.9918476574,6858.840244678946,6784.8224565469,6933.629001372482,6761.746588297639,6759.3905965988715,6955.7328584842835,6810.599020964075
photo_face2,6462.336659320931,6786.010041578119,6846.744941319389,0.0,7034.337940954566,7093.836840209021,6604.8477759585685,7015.247005518035,7198.176382999634,7192.437896843386,7463.395509995375,7343.128614776808,7086.122731583294,7214.784000010224,7340.013424921786,7237.10234659383,7476.891653476561,7273.79822447251,7317.997794003809,6989.490774571299,7132.071184630022,7285.325095640765,7121.149523788226,7466.480886667167,6872.908227256201,7106.059360439432,7389.054231593234,6319.307463489868,7244.06447501504,7289.332209608977,7463.725128670445,7368.873398770721,7195.011442127885,7566.950679737408,7407.819809278212,7311.092265692767,7350.260672032139,7289.643295222303,7211.862542233649,7542.410245218763,7318.600614871806,7245.181635636027,7234.824020776573,7109.927652480789,7319.052715084337,7219.683740663887,7340.460509659708,7444.828432814479,7065.6738490831685,7268.310845361897,7197.560118229638,7517.170654151098,7264.439449609699,7349.132516828744,7255.314188621776,7642.053691855286,7356.436928071742,7330.077789788891,7380.345609855564,7301.998349255583,7398.185059494043,7423.834212852195,7246.118219320876,7506.209472462365,7356.980943813986,7170.853739183026,7214.646305987177,7221.292553679299,7708.548355212213,7335.229711094433,7378.685351143092,7501.48747139794,7009.086278401433,7030.568929083505,6975.755233896858,7056.834092894464,7118.8367911382975,7077.252961852315,6977.363951422628,7064.897612444973,7083.538328151008,7125.137309467976,7015.5900612355335,7078.265492746278,7034.959686120854,6993.920717723873,6960.311842377986,7049.695094995332,7006.250559421858,7005.8095039522395,7075.892991591515,7090.6769204427865,6947.995143928628,7029.695159545696,7202.18268846071,7027.287520188068
photo_walking,6424.295816415431,6683.200562457739,7358.739805990351,7034.337940954566,0.0,5786.877151109467,6237.007265907753,6006.96205947442,6918.5646635311405,7038.889514704141,6944.702998783446,6993.207033801363,6168.677059441414,6366.993385469201,6235.967123069077,6190.274664599073,6601.158062760174,6854.620379507963,7111.144778988108,6509.185098174414,7188.261117620615,6980.017606779292,6642.830174792578,6863.42490125274,6594.777799692505,6703.402914502789,7227.34373499224,7116.109078568457,5477.987924874774,6311.379058490799,6664.641922385965,6649.114866139607,6725.6186466456,7177.604665032904,6159.084504803326,6773.736594586638,6733.343796567883,6416.42674469846,6512.139882914959,6501.531033432781,6658.095088559214,6786.23948142451,6807.645168517027,6623.915344823363,6846.271285777336,6966.002633713472,6730.693611822656,6819.837232301055,6810.8049735226205,6368.980227344354,6758.10139762063,7027.234408720135,6092.962907772023,6480.522030334928,6415.881466353327,6677.997897201933,6323.739556293161,7037.4467494055625,6488.901642994244,6972.104254025672,6545.428645567023,6527.572662949701,6434.217279912191,6545.337883337407,6431.92019646684,6666.262848607374,6855.173920971519,6770.124228375798,7000.493122706272,6771.12517531698,6942.619311776047,6890.404974717549,6408.7968507245105,6489.482551407517,6384.808131688458,6567.760411089598,6640.083729005334,6604.066447270134,6398.629497617881,6585.837978290788,6563.5295801513275,6625.976532331759,6461.343089092113,6572.2350511167215,6530.261141672027,6414.764576916282,6427.526114139786,6535.000262139802,6512.77784204168,6367.482146012842,6588.778849454076,6499.880682071845,6407.256291761568,6523.830851445212,6728.375503300534,6448.913927498088
photo_standing,6305.425384852181,6801.557456804625,7450.547730967044,7093.836840209021,5786.877151109467,0.0,6225.181723640578,5855.56276011443,6996.524588489057,7130.6280995970055,6710.363816117204,7097.571894393786,6563.103736475651,6492.317831740517,5836.786798892367,5802.003085260775,6331.643077820284,7011.540160578766,7176.1027084935795,6627.464235148054,7259.047823191336,7010.857043295342,6898.457007475746,6698.088021871197,6743.5304663700845,6800.846910068804,7355.8830848749085,7104.581470564725,6116.3213939219095,5734.818688253368,6459.611508069455,6621.137057658889,6834.303651289062,7147.471146559388,6081.748766413387,6965.665008427823,6867.897323816798,6304.789722729883,6261.625686426531,6078.643154112456,6354.621998192613,6939.184297707641,6987.70294281721,6772.655034299665,6892.036356490362,7085.191663041717,6932.976711026064,6570.639454468226,6718.653445166962,6198.743789383191,6860.339485616334,6729.442284241277,6277.32012006682,6177.422931969695,6430.979677415296,6566.161088008099,6098.190124367128,7022.537564371939,6484.281466573765,7112.448651041768,6759.58341763784,6625.912907744334,6124.118868159261,6229.119289339,6217.1372960567,6839.976145832239,7065.622767250092,6933.72755414616,7001.385830579574,6765.247328069624,7039.830943224544,6625.0882620833745,6514.11201753217,6586.716407549655,6510.380651744556,6673.379119232066,6786.341795380918,6741.883597146299,6505.259873234623,6748.480314322416,6728.51890258982,6737.750543236015,6586.262757285256,6726.715637651828,6686.435972325602,6559.577339957951,6549.486945225913,6707.608260486271,6630.482110130993,6493.177065787668,6731.884810265349,6557.747096177532,6522.518572117116,6664.334146868881,6837.965522116175,6569.435680467267
photo_hand,6168.389745742763,6371.51511483679,7105.463793167925,6604.8477759585685,6237.007265907753,6225.181723640578,0.0,6178.250776015984,7044.077132077786,6961.629292792294,7026.740646088376,6903.961481419762,6236.040475223497,6435.732703806468,6418.830365165641,6292.114623483243,6710.097973704097,6856.568121735517,7152.784692744711,6583.825842597136,7173.489638320039,6982.074066725896,6713.695236102589,6953.744805138059,6699.762908110828,6542.392224246557,7159.902303405288,6930.962368137722,6511.458312539094,6455.434917420415,6154.4045736473645,6824.503326178552,6843.209443700398,7222.336936172676,6589.060450607275,6800.943114339692,6748.155028997866,6460.546018685172,6317.799436810048,6592.451326010388,6578.404825385032,6744.467652189023,6845.216144078466,6770.636137146012,6896.322785481678,6999.636148162576,6795.676970933581,6792.946723538323,6713.9528759681525,6460.545419773839,6755.528742171003,6979.75091099917,6517.158342968395,6671.604542980114,6073.308279652145,6672.022722174694,6393.038142115075,6919.141829449279,6567.6293352602925,6963.353051722928,6701.636703858254,6557.463081295039,6335.720487586809,6563.126946568331,6494.72583333479,6685.258368754634,6839.385088734351,6778.056469544109,6975.851892921997,6755.628155475436,6908.7839049336135,6809.181644949938,6419.499147284709,6452.662012851433,6383.351287709972,6561.761570916373,6645.1852494389395,6561.843138839966,6401.189803710802,6582.150780045894,6558.074658285756,6618.784381841799,6448.693301858167,6589.9608049465505,6534.704561885764,6367.079579842472,6398.459685565149,6544.642393704403,6471.092185962598,6398.520728150832,6574.784237178119,6491.295036252912,6348.284999321927,6519.587821185662,6740.481250572572,6413.484765259412
photo_legs,6346.828868632938,6751.570578252074,7419.2768714830045,7015.247005518035,6006.96205947442,5855.56276011443,6178.250776015984,0.0,7137.548340063387,7202.984904440614,6954.883908950947,7169.836759241493,6422.495416581494,6618.738513603265,6319.352686752356,6062.0667737567,6659.154817945193,7121.931306369252,7384.677556086949,6727.488544918289,7375.592176839778,7170.102447307447,7016.0780662365705,7035.764090210565,6693.942495817019,6875.421193823611,7386.5371956138815,7063.922103719217,6189.76992584052,6291.902512437856,6568.459271183844,6052.566215340117,6871.645988876751,7301.22801037557,6474.31495646389,7058.897267454833,6928.859350980125,6442.518738310884,6628.766471570251,6440.37288004377,6472.818124715881,7075.445224885586,7124.575436242546,6876.035942557721,7072.229814883624,7216.147171835055,7063.786794278543,6837.157731297596,6926.926587314686,6279.850578718493,6971.200348980493,6937.167934207949,6420.196525333656,6426.643660761909,6637.808546265566,6523.016112892175,6234.992767176341,7068.251336105138,6666.358347326225,7213.627989431728,6697.886244679621,6640.932339303785,6425.015469050496,6450.6385142850395,6415.3639154883895,6944.364205370742,7141.486366066838,6965.116655500967,7068.998492314138,6742.784169549728,7011.077357100266,6837.427116064579,6697.668182777003,6751.320404528348,6667.099942578983,6846.52140842662,6934.400184036443,6888.542595457489,6673.942492990683,6882.2648759167605,6866.501806329079,6903.3832997379905,6761.397538325489,6857.870420718569,6823.952804329567,6705.382477571969,6709.272983884987,6841.732422265514,6784.388621475089,6660.151736673785,6868.021513477969,6764.844913205109,6685.122050106172,6803.790447395665,7017.165846458723,6723.460375489468
photo_bird,7055.562829420033,7253.003059951513,7330.415182153121,7198.176382999634,6918.5646635311405,6996.524588489057,7044.077132077786,7137.548340063387,0.0,6826.568272989391,6904.587645672295,6254.748528429663,7058.948100816648,7231.393833690086,6932.000550041372,6971.346370102742,7208.765212946135,6461.045351595913,6761.02275625252,6449.53305477731,7115.772620564623,7441.668115629029,7043.502316432486,7413.619932242074,7202.771035041876,7256.358128127639,7168.115590336542,7264.291511552142,7125.679905981637,7146.565795485551,7392.283454138475,7532.464720799689,5708.79216104916,7458.164124533321,7105.845541869594,6553.55154767243,7137.955121821363,7189.0886467393,7107.993599340247,7313.753373916477,7238.740879166135,6560.681248828323,6675.098784831482,6587.550566410328,6797.598202544442,6932.107883411685,6800.2913200147495,7429.4801400092565,7238.049810703929,7026.729700009792,6745.039139360233,7649.660176111341,7142.020427299133,7265.684157917566,7278.929009208817,7528.8430250262845,7110.911410729237,7441.424504987821,7225.041209384966,6837.62291432982,7375.14021752003,7329.576880957123,7075.651142840087,7335.476058620893,7122.448264922003,6448.110577557434,6951.569032293649,6934.498327166339,7770.89276899146,7383.240677033023,7177.891202891081,7559.653397786536,6609.186971867106,6599.69709036736,6537.654244950175,6618.050781455753,6714.3278172633,6635.014449454274,6564.444714291253,6619.802230672615,6674.255258704189,6631.839690426075,6561.03827779192,6619.9057983477405,6582.370621862512,6546.920700335245,6547.44977182895,6594.563010779196,6545.458657823815,6597.876854945722,6634.871389328611,6702.748029813468,6522.526232149686,6559.986589812568,6765.647983587426,6555.01380295804
photo_butterfly,7183.267635736244,7198.9687724933465,7164.286279394637,7192.437896843386,7038.889514704141,7130.6280995970055,6961.629292792294,7202.984904440614,6826.568272989391,0.0,7313.123064121602,6931.970337309616,6858.905061405799,7134.8041894429,7155.49731771996,7108.781958592662,7460.510117951063,6823.095048979627,7068.8463357325945,6602.62751612297,7174.3256904152495,7430.399038262495,7127.704558989077,7248.179113660199,7286.713099117365,7165.40848385664,7106.529277778459,6908.2971896916915,7145.034621521904,7161.801540382089,7372.617431890718,7518.883009315087,6710.9210042538825,6250.312370931438,7261.558879069137,6903.873549560046,6721.164307285692,7195.234990822029,7103.83590313595,7373.133868366118,7323.833998044063,6884.944246858839,6830.881982049013,6674.715090673017,6909.6634929191,6806.147680886184,7052.491865763936,7085.969966537448,7080.245510517619,7273.830171541392,6954.305908658384,7545.442637705365,7054.306481503547,7110.671140409632,7104.96637979922,7374.9307866404015,7240.853311825446,6817.886183503558,7202.428097789203,7037.467358603639,7227.802436282969,7252.124118721655,7091.64398129752,7315.967023645585,7234.431925620735,6921.535896333395,6878.859906149259,6890.871056774733,7599.045965657635,7236.334607640665,7126.491848669583,7172.372943527557,6889.53923933263,6874.106149149729,6845.487421839915,6917.907252215944,6977.473319429625,6939.614261566971,6834.6455190601655,6931.604349243153,6965.6533428042885,6974.6312969990995,6849.465256111902,6957.55715394625,6897.9459211253015,6825.058812214254,6848.92032543815,6889.0727073187645,6847.256055163175,6874.3102392444125,6925.52602956818,6961.910369889844,6838.7070829351715,6887.7213878275925,7107.221956898167,6848.764006053667
photo_girafe,7246.302299382432,7267.735070181623,7620.951097343061,7463.395509995375,6944.702998783446,6710.363816117204,7026.740646088376,6954.883908950947,6904.587645672295,7313.123064121602,0.0,7081.11156480362,7139.646391393108,7257.4781262922825,6874.309053686687,6924.949480926343,7301.561652992777,7003.570310378366,7056.864260237361,6904.7870119697345,7459.913989382708,7288.68144316733,7225.611838101437,7313.674146561666,7269.067095731973,7169.1640869357625,7513.266493825632,7405.702992001497,6989.758311570123,6893.48241487697,7200.292301271249,7300.614544382024,6942.108618802445,7483.930324349693,6539.734610569805,7046.127527234706,7190.029585853777,7121.103333351193,7029.797062773025,7160.409121293953,7145.469211457981,7117.594072607142,6887.591897908002,6837.160285042978,7186.774174999678,7243.864535061371,7284.433492767916,7265.411451916584,7334.591698077824,6968.195346773929,7203.084788254002,7499.4208235637625,7149.836758383973,7171.717897970247,7165.711741625215,7439.7681946593975,7159.723492817688,7523.544736777184,6756.699354376912,7324.557918093437,7362.633597587213,7427.582262058107,7012.177912870216,7226.783059473784,7183.402779486252,7080.553453660332,7211.093274871074,7206.943652481665,7649.237974262994,7307.400116271764,7345.935822310499,7439.937304034435,7098.559153849775,7108.304557692871,7072.347737220541,7122.080683311257,7146.65364048452,7123.7728505426885,7076.611549474396,7127.3186517023605,7159.2264084737,7127.97350292497,7111.8594839850675,7116.184263887036,7083.448359614532,7070.6697352732745,7047.5604141185795,7092.318650450797,7060.749964335619,7066.100735864884,7107.2466330079615,7155.101535935582,7081.0484089998445,7061.380932695318,7193.822958982356,7093.878384919627
photo_fish,7101.507012124264,7239.715433294024,7326.554290424693,7343.128614776808,6993.207033801363,7097.571894393786,6903.961481419762,7169.836759241493,6254.748528429663,6931.970337309616,7081.11156480362,0.0,7041.20425160085,7287.013361828343,7156.797452493808,7040.13610398934,7329.550682879538,6190.891698880265,6683.670068960179,6321.915516240241,7194.057019301249,7432.690071240482,6921.3128366311985,7482.221303698167,7283.073118321486,7207.565357458262,6884.296083769461,7335.885725429407,7223.20305821589,7252.296336948566,7385.839255744382,7602.549318745897,6376.069531621819,7423.06272696726,7201.637154671056,5720.139445709893,7083.772018914902,7267.928417900432,7264.182178962726,7398.605260017365,7224.103695166177,6352.237469056376,6292.885528828043,6542.063787643133,6670.208479991904,6861.478179427041,6651.388690400666,7465.981571151928,7255.702880140631,7131.469872677969,6638.069228597977,7671.765049574408,7255.6409861999255,7355.79784784537,7347.219454059251,7620.111008372395,7163.032086558793,7462.473556043915,7267.80276898728,6369.966425352591,7435.742779918532,7371.57637630272,7221.087333263968,7433.448022769169,7180.355030670741,6374.060466591124,6720.840676159188,6902.58288940499,7868.58367992541,7380.632328181853,7146.027100421242,7569.16749567222,6547.920985805234,6538.3964915561055,6469.286566070739,6534.433403509729,6500.477838689822,6473.203898024065,6496.07906172791,6434.39764309528,6497.655905530824,6505.030838505499,6459.0118072233745,6474.690061987558,6433.357869881237,6435.836231156111,6479.695547188356,6445.992828829239,6433.749931700673,6555.514430687156,6446.483865478787,6618.542345574778,6443.613822280795,6430.607552527233,6634.36946652005,6479.002959360328
photo_cherry,6566.30681162605,6710.101635047767,7317.93097741693,7086.122731583294,6168.677059441414,6563.103736475651,6236.040475223497,6422.495416581494,7058.948100816648,6858.905061405799,7139.646391393108,7041.20425160085,0.0,6452.084040552848,6682.678937245713,6416.316887991492,6881.10955688877,6867.963128254187,7237.474995253969,6445.802259788906,7388.68876240867,7137.93932837946,6869.8776483676165,6996.256136062518,6840.245240009335,6754.610064215968,7201.958363816859,7247.195205020736,6414.778206631088,6748.194417879613,6905.780723296971,6882.581338662497,6881.169622335336,7122.194839803968,6503.026257205177,6862.367246687585,6420.707347021304,6582.284844161993,6823.705402463868,6775.167876601087,6871.437681644909,6801.159291903079,6868.031066901416,6609.334296743557,7019.167915608946,6956.814189469919,6821.974611469965,6848.573345722478,6836.147875131858,6716.797501633029,6753.763423045408,7212.527696744688,6514.362198798986,6733.1886843718685,6528.932206948504,6748.985685404879,6399.640642587883,6892.355317330486,6468.536135127303,6999.326836765542,6333.1173110415675,6612.804406613613,6694.691561355906,6689.792111285645,6696.2320343218,6694.894337311055,6856.59410509784,6572.06161028464,7144.859077389832,6778.977024447942,6918.394856668686,6903.557170049881,6582.564172267681,6621.968841447842,6541.073458617636,6730.882636958147,6743.033112013578,6707.398030202042,6578.93339660233,6707.601893042367,6670.804728466167,6788.69003931257,6596.2955300512795,6709.262877116997,6648.445002751694,6544.882988324816,6546.596274163329,6643.979388563084,6596.646226417949,6562.6939085990625,6686.099884105207,6679.453997948644,6526.904429206695,6661.028331569244,6920.641574397362,6562.579275176723
photo_tree,6472.249764819808,6855.47140632058,7525.741145914316,7214.784000010224,6366.993385469201,6492.317831740517,6435.732703806468,6618.738513603265,7231.393833690086,7134.8041894429,7257.4781262922825,7287.013361828343,6452.084040552848,0.0,6609.649238287962,6319.21538050946,6689.889999387057,7143.940359855165,7437.171179327527,6919.176186226407,7473.4368985526635,7060.744323430649,6794.768868218954,6976.981689309672,6904.6979402092575,6976.374786263032,7468.985385436256,7348.53716931344,6596.271366897999,6690.554003898931,6946.925515783758,7119.784549869675,6995.014178721919,7298.528261678567,6683.127304990976,7058.969849441164,6947.466729280238,6056.301067602773,6744.282566316271,6724.4758979491,6673.52275364868,7114.829187685403,7144.777355669555,6989.405300349235,7082.527552880255,7161.750602436885,6945.594118123261,6885.5245207984235,6979.0866959995,6689.1339964778535,7005.616732136878,7287.0557395062615,6629.451112479132,6740.623019378224,6480.080087670663,6763.752040005773,6632.183048192728,7161.973771084037,6890.158774658938,7216.085965722279,6735.1638926473715,6533.356004426092,6605.938698341075,6653.5597754065,6624.5392142794635,6994.367915894786,7089.3322131480945,7074.343692090407,6979.569108512864,6735.75438007041,7103.124982758499,6963.02937387849,6624.454792000565,6722.136447283006,6648.79337716038,6839.933547745693,6940.159439795669,6851.476966316292,6638.618666071481,6847.709435609658,6830.1654903961935,6900.881618456896,6706.7781836522845,6862.439255632577,6803.6158915857195,6646.237210510013,6674.302188187923,6803.928926305334,6767.970316041132,6598.777429437764,6856.245531183138,6713.157529722713,6639.060448941138,6785.903115453098,7014.26257731398,6718.673073935824
photo_flower,6546.44119175074,7024.853210470403,7591.505402084292,7340.013424921786,6235.967123069077,5836.786798892367,6418.830365165641,6319.352686752356,6932.000550041372,7155.49731771996,6874.309053686687,7156.797452493808,6682.678937245713,6609.649238287962,0.0,5554.577669474984,6359.163004024139,7056.32758661605,7327.666098340094,6814.966631813791,7335.15620691462,7160.661692941757,7099.467202117874,7062.873940018663,6937.242510524068,6994.170714831597,7450.6198131754845,7255.956832834525,6417.220925809773,6155.764915687372,6563.170906855838,6966.389259434802,6849.010077716229,7320.251619045381,6403.287244976326,7024.222889570681,6962.278517747308,6195.257256599072,6049.649872823671,5895.836988097299,6455.480511775055,6969.229563540988,7143.308123800189,6911.363982774209,6878.137392533295,7110.27519011266,6998.156097389077,6880.895787885977,6745.271549891386,6174.128318417967,6890.53240767986,6817.351791979327,6442.4191869926735,6345.04169240305,6532.102148553763,6651.2505567959415,6276.938195206251,7038.252907058355,6604.821980834258,7125.083991508788,6824.329775049436,6483.750226975978,5917.212988727998,6056.175532166108,6218.8906540213875,6835.97187387646,7125.53117910676,7038.725202117607,6962.51396060086,6925.47877482869,7066.587028909349,6869.700541737441,6537.953998466025,6609.677541457961,6511.131688593181,6700.163725137803,6799.026664897197,6769.926082780169,6548.7179093451905,6755.860844397913,6750.381580042578,6775.008824444679,6617.652120894656,6735.8852319352845,6701.972536142628,6593.162908237892,6552.350429019805,6727.332620476948,6652.100920814795,6502.306064984182,6760.726844239011,6605.196457478776,6559.8478848294035,6694.15143610605,6882.709847387,6607.013296474995
photo_carrot,6311.938966087767,6900.72820280728,7446.1021076873,7237.10234659383,6190.274664599073,5802.003085260775,6292.114623483243,6062.0667737567,6971.346370102742,7108.781958592662,6924.949480926343,7040.13610398934,6416.316887991492,6319.21538050946,5554.577669474984,0.0,6206.325988000931,6929.742069962432,7320.603768433618,6746.518891369513,7364.11637175292,7204.184846951685,6950.7149561134565,7069.292936056705,6720.97594948726,6966.955686485863,7326.8019696953515,7216.263935186727,6335.31273670019,5931.793093036754,6355.761695325444,6833.441263077495,6854.687614870456,7205.770670274697,6337.555434343389,6916.026017171793,6916.755599145194,6083.266816206469,6154.498407007668,4710.038384483115,6234.7272182483175,6866.813660373962,7080.561779525455,6840.318917879337,6794.49567977375,7112.810139812259,6880.991387169636,6911.659377735456,6721.679155993505,6105.631552100208,6758.403643088092,6776.228007224184,6173.810953309651,6097.728904059052,6392.852717649399,6278.654626083601,6042.86351891071,6868.865264716591,6469.837140955426,6993.552154613666,6551.146634935938,6130.0731090741965,5665.056187682944,5146.524162331753,5883.424317738699,6712.63853469968,6969.283451551108,6853.083805389514,6774.788079098827,6609.74645205171,6775.560290958825,6734.468399840832,6326.954139612232,6425.8578474089945,6330.609091784272,6535.6773201651295,6666.855928752115,6591.853486742123,6345.216561166583,6600.719859659981,6600.706624277521,6604.762673378123,6435.552301539059,6590.313000274482,6544.213767263706,6377.26108196654,6379.301997128957,6578.42378180747,6494.249977913353,6303.548607708853,6599.131066174833,6389.9644718760355,6356.2654088849,6541.469465551257,6729.489363734895,6424.307946409937
photo_watch,6582.5521439620325,7104.229218488951,7693.290397185259,7476.891653476561,6601.158062760174,6331.643077820284,6710.097973704097,6659.154817945193,7208.765212946135,7460.510117951063,7301.561652992777,7329.550682879538,6881.10955688877,6689.889999387057,6359.163004024139,6206.325988000931,0.0,7138.6951685119675,7394.935913637179,6936.834859630549,7543.023644757738,7246.1563783228585,7148.178135831943,7161.804836461765,6926.515772745931,7136.707429700813,7540.427132877033,7436.1444695461705,6652.830393160137,6376.489716705414,6907.934741873082,7198.098702168716,7019.265603484271,7498.029242039444,6615.778902699072,7098.025526951329,7159.442235668359,6357.562462991612,6488.156670590598,6347.879041131858,5919.1809392616615,7000.682515281236,7197.92799954046,7055.3008349389465,7129.709154029489,7249.935629834668,7069.9445639231335,6937.587118508498,6853.349420249491,6359.569592888266,6881.123572861467,7027.549913974469,6588.575867553018,6523.9028733795785,6661.696372881315,6695.66487746031,6393.0486835362435,7170.175109090204,6686.162784905206,7122.396165556814,6867.310033051718,6551.797995775127,6273.5402308208895,6466.564203048844,5743.7533386477235,6869.313327988587,7199.831055870088,7078.711779439035,7073.402602004637,6765.7016268550315,7204.196299498311,6906.466929924392,6578.134018251192,6695.8753943673,6600.388059520682,6795.967017272364,6898.115017072349,6850.872318437481,6594.754371897115,6863.351919758568,6826.1187506486085,6869.5881813706,6700.743545717481,6836.883210317714,6807.1576826718565,6642.956217991778,6655.216995086291,6815.864536495719,6713.262917564086,6595.572199880339,6853.727338040838,6639.797430138884,6615.991092432734,6762.002243833924,6977.010553795286,6711.079372417858
photo_key,7078.659445290076,7177.98497099341,7143.565862279362,7273.79822447251,6854.620379507963,7011.540160578766,6856.568121735517,7121.931306369252,6461.045351595913,6823.095048979627,7003.570310378366,6190.891698880265,6867.963128254187,7143.940359855165,7056.32758661605,6929.742069962432,7138.6951685119675,0.0,6404.002797814338,6188.931575421236,7067.67213809193,7369.009798645964,6837.6722845744625,7286.361082116501,7113.762781348657,7061.756965364832,6462.011834762464,7164.954418864659,7108.841324832112,7037.921763508362,7124.169977624444,7454.176462173227,6358.116622360543,7236.081198537431,7119.477826622318,6101.189869641802,6830.8221865220585,7010.386634548046,6994.206378316154,7157.663774650335,6953.300451045782,4870.753688258951,6091.546858242847,6314.604416449625,6297.546998971346,6571.174732349785,6353.340747986589,7120.107457084189,6903.256251803838,6904.700226400036,5909.685929679636,7349.402214896577,6979.746176631461,7093.531346258151,6943.035105013161,7276.014166598548,6803.594526367385,7009.483479014957,6932.579868677969,6128.678601434998,7088.197625405822,7075.256704471365,6923.454170192254,7114.384045582499,6826.917126860948,5117.856300541502,6136.97277056022,6337.596687033608,7454.906348459507,7125.761022367232,6786.584289605804,7205.823304425852,6031.40069373476,6030.368558493995,5953.136121625552,5940.277704039971,5823.188505767204,5851.842513639367,6029.363772712655,5897.075517924347,5826.594792484313,5926.632569693647,5959.909007733916,5820.41495131522,5789.615958441421,5951.3961526863795,5959.140471126398,5811.515369119793,5789.380893100946,6056.435243681669,5838.6053301150005,6124.222243769361,5975.01859265739,5807.7296010977525,6045.511578001549,5996.564614954856
photo_truck,7233.902429422826,7320.9099280013015,7182.4768823754775,7317.997794003809,7111.144778988108,7176.1027084935795,7152.784692744711,7384.677556086949,6761.02275625252,7068.8463357325945,7056.864260237361,6683.670068960179,7237.474995253969,7437.171179327527,7327.666098340094,7320.603768433618,7394.935913637179,6404.002797814338,0.0,6317.042577080489,7042.14697827365,7237.118856675433,6976.269507200236,7296.458142590281,7195.340313949729,7139.8385610298,6943.66928505032,7173.279929628245,7266.426745416209,7304.834172526629,7439.0868627080445,7577.700006155148,6652.693334931548,7280.047484830048,7352.84993913601,6533.693542053724,6967.335910222897,7274.418187647996,7246.746262456657,7452.44394699241,7198.154207562329,6417.6487020529485,5374.644416142628,6350.911928986743,6664.801647832316,6516.185828820176,6715.962858254852,7261.269029070537,7035.938196371854,7120.629067044075,6625.243294124148,7596.629400093249,7164.437707902683,7276.2070483100615,7204.573320734956,7517.21566294298,7173.679596457752,7181.321990477016,7211.202017556327,6518.874033895926,7291.112040323418,7441.156300410787,7271.959275144639,7381.475644822406,7221.441766654228,6463.904381398547,5861.642053525603,6597.08423454082,7655.388824592103,7337.0591165087835,7079.48943596509,7461.635474768396,6700.638676375841,6671.338883032404,6630.784341698335,6666.142395566162,6574.048416863711,6549.071331510306,6671.91293920658,6567.693386053742,6603.483078055923,6616.537361817697,6646.2948655455375,6541.3660264777445,6563.017305409732,6634.8756962452535,6646.022082803133,6582.852749540021,6549.726346428476,6700.521831236585,6558.889572835142,6744.63775736636,6646.5940479739675,6551.15239907258,6670.491787140825,6646.908811173718
photo_velo,6711.595051842255,6878.290898805213,6935.405678047336,6989.490774571299,6509.185098174414,6627.464235148054,6583.825842597136,6727.488544918289,6449.53305477731,6602.62751612297,6904.7870119697345,6321.915516240241,6445.802259788906,6919.176186226407,6814.966631813791,6746.518891369513,6936.834859630549,6188.931575421236,6317.042577080489,0.0,6803.947825997814,7004.6761343659955,6553.245652547772,6890.295763420023,6726.568177970886,6763.524742714349,6692.965740683147,6940.391432303377,6675.715388918915,6763.546937235721,6963.545549304659,7090.909226689145,6304.214898542088,6960.921655416016,6814.396270282399,6116.357506593696,6419.290614543736,6783.031764937673,6796.438673024337,6977.713571699508,6774.612538191641,6241.246227973704,5960.36861668264,4561.691083559163,6375.142827674125,6352.323008167668,6264.644276888788,6802.660609416925,6589.425784517942,6739.000452378127,6282.413306580512,7178.417345275602,6539.056179540227,6778.818502816128,6745.27916627643,7084.49280839259,6675.52238120027,6845.780177669011,6726.2853263275865,6388.808178851,6655.450554892343,6826.408186772331,6725.799966829095,6878.128039109947,6756.958575733716,6244.201269971347,6241.100625828983,5646.843315913992,7316.400676632494,6859.478828831074,6520.607300494781,6932.137020243715,6342.896921022319,6338.307901896149,6297.03271978074,6350.442885511737,6361.307977616333,6322.3308413713885,6320.910877831764,6314.254231010531,6306.6428497310035,6378.001253901651,6275.683694403074,6309.578424501139,6248.112237059253,6261.6679344358035,6306.768023884977,6245.517520116882,6232.933097169599,6363.801356820107,6291.56234099952,6406.880386294939,6283.785110631822,6274.858867397017,6543.571082410419,6294.205614400205
photo_road,7345.339403521329,7398.811153697152,6781.272820442845,7132.071184630022,7188.261117620615,7259.047823191336,7173.489638320039,7375.592176839778,7115.772620564623,7174.3256904152495,7459.913989382708,7194.057019301249,7388.68876240867,7473.4368985526635,7335.15620691462,7364.11637175292,7543.023644757738,7067.67213809193,7042.14697827365,6803.947825997814,0.0,7460.290027260203,6834.488140187625,7439.122223231565,7391.8865095542815,7563.776779100429,7404.018637785091,7284.627147501596,7465.6998204634,7426.185148328838,7659.001582718621,7773.210144077555,7144.314892806305,7501.006834661418,7524.926868538443,7181.279837519693,7289.713267578745,7452.793714536291,7350.262909818727,7651.285457439945,7452.168037528494,7132.578016108627,7042.959159154362,6913.805639498669,6719.507494194882,6985.131243387127,7175.63712918045,7542.156205697309,7398.881713157498,7417.410002087486,7088.964038609827,7827.492807951927,7470.444784728394,7540.2987293264705,7468.632156028479,7777.270031501076,7441.680809783292,7480.411875039952,7488.13075439524,7240.972903137887,7598.742015742604,7577.298161285497,7399.253016376969,7607.6865832674575,7419.8933124244595,7094.828736134477,7138.826096084814,7180.456622711371,7761.924208097016,7611.153396354769,7388.120167125697,7663.022228574305,7091.467621288727,7089.489735071861,7043.783478670964,7098.416925742577,7085.0070503021,7067.0045901848625,7065.742932359746,7079.463782533894,7103.109863630674,7103.775803711126,7067.900309346558,7060.674396273008,7031.58185329029,7036.431060893026,7069.524411845301,7050.703406929717,7023.310130271382,7094.612421146708,7078.618224700818,7160.649377836967,7027.097041138346,7041.475479527057,7169.448615031418,7045.410130992718
photo_house,7013.241167994454,6926.460110058288,7645.150992532355,7285.325095640765,6980.017606779292,7010.857043295342,6982.074066725896,7170.102447307447,7441.668115629029,7430.399038262495,7288.68144316733,7432.690071240482,7137.93932837946,7060.744323430649,7160.661692941757,7204.184846951685,7246.1563783228585,7369.009798645964,7237.118856675433,7004.6761343659955,7460.290027260203,0.0,7284.920187674628,6984.817932412264,7270.870421013953,7180.983009532517,7688.125267040951,7507.172201977976,7146.088232490599,7192.654792143198,7457.162143441175,7437.0067146530055,7332.88969771084,7635.504408778273,7271.691874342401,7408.394340553996,7186.147289361278,7201.846593293683,7146.616379084467,7482.6649001764,7308.179909027364,7398.621710783313,7135.831104791003,6993.756077791742,7416.809058037192,7105.053003619248,7439.009720362076,7240.051495549562,7250.873485459196,7176.888611818013,7447.806207932263,7653.092883936624,7191.100348450401,7345.489020516008,7090.692160391416,7599.904673097753,7232.210415260895,7565.994047501659,7298.503670691237,7530.987705660638,7336.98715396772,7452.322875416191,7298.165994373016,7477.453954091517,7360.469387507792,7402.784784450625,7286.88258528937,7400.423983141551,7700.55489518879,7027.864218280294,7578.127018166657,7492.893888171713,7274.123302810779,7289.8578350297685,7260.116986261042,7329.033821796356,7383.38651981894,7338.562058066186,7258.1164913090315,7342.114046748234,7339.9959013732305,7363.121230823324,7306.70962101073,7344.520959201013,7326.114731122097,7247.635999124653,7259.827812176766,7309.393169587062,7269.4605520035575,7293.89269447195,7330.835182744535,7329.497579361398,7245.223639211172,7281.218135046229,7454.016714866687,7259.724760441749
