,photo_face,photo_profil,photo_eyes,photo_face2,photo_walking,photo_standing,photo_hand,photo_legs,photo_bird,photo_butterfly,photo_girafe,photo_fish,photo_cherry,photo_tree,photo_flower,photo_carrot,photo_watch,photo_key,photo_truck,photo_velo,photo_road,photo_house,photo_mountain,photo_windmill,drawing_face,drawing_profil,drawing_eyes,drawing_face2,drawing_walking,drawing_standing,drawing_hand,drawing_legs,drawing_bird,drawing_butterfly,drawing_girafe,drawing_fish,drawing_cherry,drawing_tree,drawing_flower,drawing_carrot,drawing_watch,drawing_key,drawing_truck,drawing_velo,drawing_road,drawing_house,drawing_mountain,drawing_windmill,geo_face,geo_profil,geo_eyes,geo_face2,geo_walking,geo_standing,geo_hand,geo_legs,geo_bird,geo_butterfly,geo_girafe,geo_fish,geo_cherry,geo_tree,geo_flower,geo_carrot,geo_watch,geo_key,geo_truck,geo_velo,geo_road,geo_house,geo_mountain,geo_windmill,word_face,word_profil,word_eyes,word_face2,word_walking,word_standing,word_hand,word_legs,word_bird,word_butterfly,word_girafe,word_fish,word_cherry,word_tree,word_flower,word_carrot,word_watch,word_key,word_truck,word_velo,word_road,word_house,word_mountain,word_windmill
photo_face,0.0,1111.775425699527,1361.9263802448957,1187.573579257152,1139.2301460999367,1136.4177997770773,1051.82524948919,1058.6208494120228,1300.527669140987,1375.8229496055305,1404.744487692353,1283.2968932751103,1189.947612578657,1129.5881877478723,1196.32429128624,1162.961405187524,1242.150771541875,1310.4593408467947,1449.8791509642522,1385.1629438922796,1475.5876483558031,1314.9057307596247,1310.87892889252,1364.0813506920554,1150.4539067943144,1288.4099969831425,1361.6980962236464,1287.7673003109442,1204.6332758716862,1204.9739652920653,1281.4719019865147,1245.2022875270193,1244.4087807711524,1386.5769687443199,1230.0990936948506,1306.9211606968,1283.2687785892185,1120.7134763792524,1184.9972901107997,1194.882966152055,1111.5974946553572,1364.1133456723085,1368.4442152398278,1361.0850526578593,1278.8185984782863,1447.253201261509,1275.847833298072,1277.1963093271174,1312.6786235947332,1185.7070764243063,1363.172146785886,1231.4968399561546,1282.582815124029,1208.4582238917465,1310.7223003214954,1223.2074563610329,1208.3901686281074,1336.3774933094362,1336.2595691743136,1364.0679207075264,1313.2697898515905,1195.5281032171365,1206.6066954617866,1239.234065874295,1183.6206960330428,1372.1282153215104,1443.5604455775026,1314.2558711362228,1265.747193497069,1297.5517681264512,1300.5478735302001,1343.4060533170602,1219.5618856224428,1267.3367035743972,1249.839482370426,1319.5857621874861,1376.088185750737,1375.7503544573922,1250.3676235348069,1360.3406203385266,1341.4269870232267,1375.8676231028621,1283.2205598868134,1374.8240653832022,1348.6739030169763,1272.4326370031265,1258.9419454995996,1341.471091678151,1344.9359433933973,1200.26625380023,1361.4423848662648,1227.9460050863609,1276.410825990537,1354.5447704725336,1432.9110805249968,1305.5715840790504
photo_profil,1111.775425699527,0.0,1379.2301774476764,1234.9088531005018,1303.386095879685,1352.2547802732813,1235.8458251793502,1305.7553847917245,1378.9626654072401,1353.4362451348798,1461.52543059627,1395.0694297798302,1302.2360953408693,1289.6148737310125,1421.1934250979607,1392.5283197154488,1488.3184235516342,1404.9941178455003,1542.4923951614278,1502.8787230922278,1498.1335470379693,1311.4594478908994,1388.3793370214566,1383.9156318243236,1337.1860485665118,1280.781753994745,1446.5128825524534,1390.6765955626242,1381.8701679945657,1403.0737793857538,1447.2481453338087,1361.3588167930243,1377.302871157164,1430.8017480705103,1374.0200725312225,1447.8778246235597,1369.768108856549,1382.4565539022042,1361.6339838552497,1414.9321412666338,1373.3163416189211,1469.854114361786,1471.666616888651,1462.3865091793195,1409.446811484748,1525.0446836733274,1428.604557522305,1388.034534110334,1392.9970373606807,1417.3085690989853,1486.6370053835878,1394.168753056504,1475.0111054487031,1385.9083364277194,1451.7797819647249,1432.5632899049015,1431.248384380812,1412.8089030754838,1452.8952963427303,1490.8733108876806,1407.4526205310751,1406.7878315889654,1429.2515378510525,1447.972088586864,1410.7076316461748,1480.6158616257144,1539.0021837058644,1457.8180445366145,1420.3767527829018,1431.4166850465772,1456.4774497674182,1468.8426816910578,1419.5133996363877,1443.7409915495014,1422.3382978548766,1463.171632445698,1502.5921162983593,1504.8633148289132,1439.9606401305052,1493.008961318964,1470.3053497504675,1518.5475621315306,1434.6023337555887,1505.575623036608,1484.9637682871241,1435.2608363983547,1436.674152241301,1473.165643504002,1477.7651897679661,1422.9857923364837,1494.0094823072775,1429.26451254983,1445.088295146637,1492.8360095070996,1573.3535609228898,1461.6053403511173
photo_eyes,1361.9263802448957,1379.2301774476764,0.0,1239.6712661684269,1457.349064853162,1485.46374851048,1383.5673894765303,1474.137814548234,1293.3676338801786,1277.377163453483,1476.5617379701127,1278.8144489376782,1398.632457538994,1486.523150272035,1574.8842677776113,1498.7812968172016,1571.3488968187821,1273.3915468427897,1344.0238617071882,1376.673591119787,1125.6015013299389,1468.0834880287741,1282.9379194279352,1471.9203114340264,1409.5170495691855,1482.3006762314953,1277.5189136225645,1335.9169423493245,1518.3758348637566,1488.952111672297,1533.8568417313693,1531.652986635125,1318.5822729532786,1382.241354590474,1509.5710464075132,1333.3492474794818,1335.56664370847,1460.9714814860824,1465.8168082810325,1527.316679860609,1436.9749180116517,1332.3991613376238,1340.8360607168684,1309.9455960037728,1304.4454729001923,1297.5176179150958,1343.0438767972685,1488.6331926183555,1471.040622769625,1483.5448909127697,1295.8798473867116,1515.3921465446404,1544.2288391219563,1492.2796042074694,1565.5182257341796,1515.9275256689205,1487.4726410240996,1376.035872803799,1513.015249549695,1343.9513510892748,1516.706561385903,1435.9200081274953,1504.8181400848146,1520.8859882879742,1450.6203292357068,1337.383766027933,1402.8580105167225,1306.089985496436,1529.061235572668,1546.1238218739277,1397.9954516221128,1564.5637587636181,1367.3412675472443,1379.6687943088746,1367.1658786937094,1364.0716493328785,1369.4307794789268,1372.4086498712013,1378.522066278573,1365.4000295657938,1348.3676614661592,1386.9163618906014,1336.399030937831,1362.3196884225101,1347.7852121034732,1357.7114840586414,1374.639143740995,1353.8546507127653,1369.058073753085,1365.9400852655317,1351.1422483896451,1366.8220477637426,1370.222541699332,1375.007318232028,1455.6304033598226,1391.153909634313
photo_face2,1187.573579257152,1234.9088531005018,1239.6712661684269,0.0,1325.2468221784459,1376.733140531511,1240.3188730514864,1359.6016345167354,1281.3323477117178,1292.561890142683,1432.5468345624415,1347.7774514991154,1333.335371256128,1369.9821369490628,1458.1465545883957,1438.958821600861,1509.081162781983,1377.7706636570776,1446.6252928479278,1436.9866158272794,1345.4527665573528,1348.7830155611443,1347.9193116659906,1434.0870632174103,1308.256901477919,1420.898375356798,1423.5172992276216,1225.1509552074306,1425.7506684455298,1417.0188490381513,1472.5285133283394,1427.1688188097587,1329.0396596334695,1390.520846558449,1437.5731194463235,1414.5812896461478,1382.851233868134,1385.0274179038263,1386.6614340300816,1478.0208587301722,1391.294829438166,1451.8194328002382,1432.2029607032032,1387.0104157103744,1364.5719451278378,1431.5443778832184,1407.1715147242999,1420.2430357674957,1412.3761990377589,1440.1296156586388,1474.5631219380714,1416.5114151324294,1456.971160265694,1427.5473039574626,1472.8283315632953,1482.5490058463147,1477.3074855176599,1376.125757099507,1485.9360900115364,1430.3538209041553,1472.6270376054458,1406.2378994721723,1453.1429092296044,1489.6710460050786,1440.7886809868342,1464.379766510682,1483.8499649000005,1400.3315258698879,1450.581939935756,1491.5074081415346,1408.8785763991043,1510.0694662455478,1423.6683416019937,1432.9316815298391,1433.1366709700549,1444.8435738078165,1503.5090082920444,1504.6363995007382,1433.8870486950668,1492.9494772872733,1469.7793977912047,1497.1941939161343,1438.466019147018,1500.7244937604423,1478.7005025962476,1444.4110174596476,1428.4214644054055,1468.1026853107276,1476.4375305634455,1412.2592087065411,1487.4893986536438,1426.1413033607269,1455.3827875930403,1486.8562743566083,1554.4149234605466,1472.7548357381927
photo_walking,1139.2301460999367,1303.386095879685,1457.349064853162,1325.2468221784459,0.0,1016.0930701289632,1112.8262085850165,1012.7111621764228,1269.1639726646965,1370.3418196865166,1363.45336501882,1249.7654108497584,1092.2473618675156,1168.138777547335,1139.11133697192,1104.2111630306952,1262.6470432004432,1298.1774641096026,1445.676750601518,1372.7548913558874,1505.5722349408563,1389.3898015796913,1199.3545572096427,1388.4513444866743,1101.8020046852785,1286.4012537175379,1309.8907009383618,1257.2929204334498,995.9517839427831,1178.9472094800967,1233.7818671459272,1183.906133863331,1194.2628405652595,1272.147681093942,1094.0238419397454,1240.7575355896336,1254.2892246915062,1078.1706594784853,1203.2932644214684,1109.6174807574887,1096.4063356379968,1329.8072477727253,1317.5046839445515,1320.8709318228412,1205.767617497396,1415.0973904857021,1182.2798093379454,1256.17923660936,1317.312197998075,1102.0396620566232,1368.649923092262,1200.7499870591278,1188.744603489794,1137.8862398838958,1272.4258342589376,1141.0973614222448,1155.0806659962786,1303.749186066648,1215.8954117838455,1319.403216457215,1187.1178542320413,1101.8167330697001,1218.5876276115284,1159.3028259051032,1126.3918788001533,1332.105459391544,1396.300699077922,1310.1403993966264,1194.4898667295256,1363.788137966663,1232.2085782383049,1335.6036746612065,1191.6007536441896,1263.3546875872469,1252.6419889946474,1313.799455109985,1343.0152221508217,1349.6614907900494,1244.6044212194581,1337.114419451076,1326.8902707536654,1359.899812375528,1267.3116158970463,1363.3508120350239,1319.3776403299012,1253.3257445456907,1255.8643900394634,1316.3669368745852,1329.8363808823735,1195.7674983717516,1334.8584179664997,1218.7183063666919,1271.9434557717934,1341.439334623147,1408.404263816985,1302.905253873525
photo_standing,1136.4177997770773,1352.2547802732813,1485.46374851048,1376.733140531511,1016.0930701289632,0.0,1088.4561480395146,912.3538586172608,1309.6912290794105,1423.1288827697808,1278.7135956387303,1285.2804671535166,1194.5051058093643,1221.3432359769417,960.1994061166055,923.1454146951106,1128.2716902426089,1291.9953560049537,1453.4632529436315,1420.7125539219621,1520.0288324713422,1394.115213937003,1305.4987380645375,1320.2807287359226,1159.2861738541646,1290.1174746116399,1329.316557892884,1254.8693057829335,1108.346780489349,979.3748451024635,1130.1401541392177,1133.827687106927,1205.2966304434901,1210.6895805967401,1020.2048867273899,1261.5405936751686,1230.8407190457713,1027.5121461295792,1059.492125429686,903.3339034411006,989.3906016648416,1305.1095779145571,1331.8608948404972,1385.3557079535528,1171.8573644234555,1420.8690323004232,1205.3319201860934,1149.4278960754723,1248.2092816481684,953.1139486580114,1347.23213332592,1008.2680849901834,1183.9302635583763,992.7389128317112,1202.9594242376272,1044.4055459229094,1037.1315413281006,1255.2608916255026,1129.789963789956,1312.3302676603225,1209.2110396460164,1069.4867695998578,1049.1269890312183,961.8277641948744,992.6654098065615,1290.9081431643951,1393.7091753531365,1297.4885608213579,1115.387331989008,1273.8138738570776,1180.6991938590843,1230.706119437933,1151.9765759758661,1233.1500044228135,1210.1543764667886,1277.6652447910578,1315.6733116373423,1312.6292699307285,1209.2804678667505,1301.9954305595163,1293.5680515168917,1305.7036124696608,1244.164336760481,1322.4629952426508,1287.6993953694746,1220.471170927025,1215.9752462218908,1297.2191310066153,1294.7881701796387,1165.7152284332844,1302.6229569998166,1176.48883314062,1226.327571455178,1303.7907827072895,1365.2588716286853,1258.1818014530397
photo_hand,1051.82524948919,1235.8458251793502,1383.5673894765303,1240.3188730514864,1112.8262085850165,1088.4561480395146,0.0,1056.882962059664,1328.598728691261,1335.2904656043982,1372.7196841794382,1240.2444296104013,1137.8087036665554,1154.934553521552,1206.9734093738866,1118.0962899484657,1267.4766105342987,1282.2803763710742,1467.0767694893957,1358.6365298381606,1474.6582375796966,1335.7440779727265,1307.2748085958203,1354.373524956454,1218.676504141991,1258.778349375198,1298.7906636881526,1245.4904661423145,1178.980282318278,1151.0959169252676,1168.8177404691842,1204.6635817025528,1274.7899298481345,1306.0827086195352,1162.1496833510096,1265.001903418397,1226.0448579124682,1128.2765699948561,1155.153875091359,1145.18262822003,1104.3513534882163,1316.362482774752,1324.2907210938602,1336.518757761949,1238.1555489368538,1423.389161294579,1251.4908202940387,1238.774154505261,1334.3736481947992,1155.9809483509632,1317.9184614414746,1202.7360497206057,1252.6459933911412,1185.3218109935654,1184.6123763465203,1144.535922514309,1205.0890535569592,1274.555879706733,1257.933502335848,1328.555907606927,1263.0397232758273,1167.703870663965,1211.324397247125,1156.7612919618034,1163.220555615198,1332.2117266699056,1411.0179082994555,1294.859941398926,1195.9398178616677,1322.0130668909826,1257.5935732793473,1303.3177089622975,1224.8704477668552,1244.966207382312,1240.4022472084696,1304.5587934898003,1335.4205677452246,1331.868920387569,1237.253229657369,1324.4405915049535,1312.9850866736604,1330.5248452470273,1252.764844852034,1347.5515017605983,1315.8431548009935,1246.2002127980356,1249.4349937164604,1302.1801666812046,1312.2856136067971,1207.8636151725311,1315.1490086353865,1229.3882741788377,1250.4322107420728,1332.2050875220843,1393.9660838608547,1266.265359815027
photo_legs,1058.6208494120228,1305.7553847917245,1474.137814548234,1359.6016345167354,1012.7111621764228,912.3538586172608,1056.882962059664,0.0,1331.913048768992,1407.2393723776984,1366.862191344427,1292.6154187025138,1166.634451035922,1198.417722735851,1063.250031259876,996.6952036244294,1208.65699724294,1333.7526780724118,1513.3181524678623,1425.2307592581592,1549.078617072113,1430.7596611949298,1326.4388769593268,1370.273806130974,1137.0490673112415,1278.5320455384906,1318.6026301544514,1275.97376363901,1051.00666501406,1063.7992287765767,1140.7539374588227,1105.7253070731624,1214.3471537086268,1293.7120647212296,1107.5938612776495,1257.0434584717739,1246.2175741107944,1027.7497578104258,1143.983353934472,996.173307994001,1003.172910483828,1332.6837735240506,1379.562565827444,1390.9108214613993,1216.5814221167288,1461.8503887474667,1226.5761648178384,1183.2360150721302,1279.266343629865,954.7989620255643,1338.7266895047821,1077.9550732989735,1147.9812816654328,1019.9474619844824,1208.7932273406839,998.993310757119,1021.8645162683763,1279.5167544412677,1220.75554981206,1312.8487153599835,1160.983892498748,1065.1788809539564,1111.1763870768352,1029.6786796628264,1039.9349294841113,1321.8987310457596,1418.6821465529724,1302.6078283464497,1158.006655834305,1258.3725901501343,1193.0232030981376,1243.6874755656702,1171.0700507896036,1227.8043759775583,1217.6203963424423,1288.2422017603365,1321.0947447957503,1320.3148022205844,1215.455388777001,1310.5973919466715,1303.2223406214544,1323.0193543966425,1243.9843309405683,1338.4165897537187,1301.7676120086578,1229.1878237479966,1223.9965583278413,1291.8532532650597,1298.2413511778723,1156.7662906280534,1309.706783145859,1183.2876064992324,1237.2073864145664,1317.664746431731,1387.3374426474782,1263.6706518811595
photo_bird,1300.527669140987,1378.9626654072401,1293.3676338801786,1281.3323477117178,1269.1639726646965,1309.6912290794105,1328.598728691261,1331.913048768992,0.0,1221.9216482955178,1309.2329267258426,1067.4117217999574,1321.4789608670187,1350.6068801305066,1398.2583087062037,1334.1680485357167,1390.1421180560371,1041.5557605104566,1304.9156506598893,1273.9420418059424,1319.1316836598612,1469.0039271236499,1226.278603079989,1465.4436820071423,1266.018049476459,1382.9183231262978,1157.9230268660647,1230.5838772929922,1357.3016969098278,1323.5105176679913,1406.345753320962,1413.0890825496767,956.4556047582596,1333.6309225689279,1337.4305769137934,1162.2606276577835,1316.3836330966471,1290.5183400861476,1307.337391036335,1366.2847378951092,1265.8502398763953,1144.498666153046,1274.1862953032241,1238.698203656473,1073.4330892180412,1341.8194425642891,1154.6280725782067,1379.7654928344223,1405.0727958726734,1328.7787674445797,1235.830315132084,1355.0385199009143,1415.755059165987,1343.0078841282268,1457.7419924290027,1379.060407899375,1334.0887388994365,1342.8178735306017,1401.9221720259825,1214.235937447923,1434.330027787641,1297.1538221463447,1360.900101055829,1389.3746600823695,1273.2619290986377,1149.8514213889334,1369.6771457832886,1257.6240952694238,1419.3334709671665,1486.653476829817,1310.0800304361585,1454.1128679716326,1193.055880871504,1232.4383630051375,1197.5079140951218,1199.9150037408635,1256.9005204502935,1254.6505035253945,1224.7495045534818,1242.125273945013,1217.7824071028924,1255.6017605440027,1196.0927368436426,1249.1182537881673,1215.0878965282188,1202.2341939572177,1213.853944966509,1216.8292385456043,1229.8944297029057,1197.6267742563634,1238.859623948352,1206.7917745203404,1219.177883020241,1233.946555827329,1328.1256436376107,1244.8269314504366
photo_butterfly,1375.8229496055305,1353.4362451348798,1277.377163453483,1292.561890142683,1370.3418196865166,1423.1288827697808,1335.2904656043982,1407.2393723776984,1221.9216482955178,0.0,1463.5400398958077,1297.9893438820216,1340.3684957015173,1417.9325187250063,1531.32854148724,1489.4183761745658,1557.2555998103542,1320.4803520350322,1430.4800443563354,1352.1024738792414,1349.2531770489763,1483.5059716931485,1349.699319045931,1423.2091122211918,1377.976098589432,1379.7574292151692,1339.692111235487,1202.9517135267613,1389.3431551646145,1415.9081955136614,1483.8123488943902,1449.7480026730736,1231.7168143307633,1196.6422873775618,1442.831870339514,1346.8776273789024,1300.9156933755703,1417.5770399078435,1396.3627742606604,1488.163593970409,1411.0794450887042,1374.404177194831,1344.6219510012825,1317.0138720838488,1298.825195121321,1396.524628585689,1343.9049216825213,1337.504802304665,1408.3797357044655,1467.4545734483245,1402.2056263304025,1448.3812652293018,1448.2397983857784,1388.1762647287846,1495.8847207083243,1473.2075231301458,1475.87376687077,1278.5821745874987,1478.4504442482707,1378.3728865861917,1486.8881538873752,1396.6563332618139,1474.7219143886534,1486.24082673838,1450.583657711176,1398.3305223964949,1446.17176877288,1343.721615061172,1483.8295301297505,1547.8323594720423,1352.5823700820092,1442.4314929684738,1383.1687924151183,1407.412852129268,1387.7738860050024,1406.0015108657597,1449.1190637949128,1455.634586028781,1407.0902182422367,1435.0638302501304,1425.1018193232303,1465.4609874112004,1384.4974522377206,1458.7459124276625,1414.7268443158648,1386.4361637898628,1404.6657239060987,1415.562822330734,1431.2829400849284,1381.7739656006781,1440.2152596543704,1391.5962626962364,1406.7787119921861,1444.3203746541237,1515.8888493298327,1430.118755512128
photo_girafe,1404.744487692353,1461.52543059627,1476.5617379701127,1432.5468345624415,1363.45336501882,1278.7135956387303,1372.7196841794382,1366.862191344427,1309.2329267258426,1463.5400398958077,0.0,1373.9114663459436,1399.525140737522,1416.3172956150322,1380.161255610163,1364.6847921555852,1464.8939229302498,1327.798938211944,1452.5455191357837,1477.3528582736733,1506.993408108686,1459.87240682862,1407.7098591180206,1443.9085469835213,1351.5973381863168,1430.7945656125019,1382.9427732242805,1343.8979988415795,1373.8169100824998,1323.5269913412576,1363.3915368021899,1375.873927605846,1322.538741945668,1337.9324104497086,1249.5759752612698,1372.7864387331822,1356.6655325650086,1323.641543362312,1360.9524054317235,1340.1917480269726,1309.4455239151014,1379.1047576826265,1378.8561453177097,1399.4403599897717,1294.4793751367545,1469.8391829935638,1359.3172722456588,1361.842608363187,1404.7582790700378,1352.7070522553572,1420.367100512993,1330.3861864774565,1440.631755106571,1317.9149113534208,1449.2873947081289,1370.78977989157,1444.3765064976226,1419.396870258963,1319.2712463790451,1402.5075300120918,1415.2928014641695,1371.003049604429,1345.1716163713013,1377.8415815323592,1356.521104794746,1368.0243833264528,1431.916494268012,1375.0754481667495,1400.199252504235,1473.14166228988,1337.6175022709388,1428.1940046303248,1387.1575022710558,1410.4215866884101,1403.0755123279093,1415.702647091462,1434.5411902469693,1439.2755898235127,1405.9578678712376,1434.934917922894,1416.3434212815014,1426.230546915383,1400.2147364376342,1440.4146559869296,1411.861635617951,1397.7372922060104,1401.822771095532,1413.2060515609335,1425.069279478322,1388.4102283916727,1422.7908016042202,1397.3034638290221,1406.3364889455986,1431.4833458435876,1505.5999785327235,1427.7273188259007
photo_fish,1283.2968932751103,1395.0694297798302,1278.8144489376782,1347.7774514991154,1249.7654108497584,1285.2804671535166,1240.2444296104013,1292.6154187025138,1067.4117217999574,1297.9893438820216,1373.9114663459436,0.0,1290.5452302476622,1344.5658185871757,1370.3074289206486,1279.9843677582353,1360.8346596645624,981.4172367455272,1251.3505792426095,1200.1511223357866,1349.5527081589091,1462.92518382684,1184.784055454966,1456.3226288873439,1267.8075885794815,1346.518902318877,992.4577875033592,1237.4870080240073,1335.6168822732677,1294.762864541939,1373.7089640768318,1401.2570611815456,1107.1167725130763,1307.6790156040472,1305.873759336934,968.1257699498722,1237.3780979669027,1257.4285470977795,1288.4729197693441,1295.9317591419958,1206.2934505305802,1037.4320509584024,1120.0913370392298,1174.136954613387,965.1832023006779,1316.187274832692,1037.3702102590748,1365.667411763289,1378.8333550300408,1257.7640836836317,1086.195519992462,1321.3554973888365,1420.4671565331994,1320.3389681233316,1452.1650104581058,1330.9313360634046,1275.6276490345108,1322.6355512143414,1338.545104571616,1022.1109598679018,1374.9523055615668,1241.8394934694784,1323.5060473105798,1327.5395817290876,1210.050741575614,1075.818122243033,1264.2971464189666,1186.7863340441872,1366.887435863402,1435.1007608079285,1216.730804016892,1437.9943690119578,1089.5982432889934,1112.4874972389282,1088.5508152701634,1097.5645780796071,1109.8447778286618,1128.9751837633564,1109.2068891783456,1101.5920358323071,1071.9872277258946,1144.0260330382657,1064.5457403779556,1130.8752906328602,1078.4197373140905,1080.6628062987938,1106.4795849968139,1071.1800367619849,1105.0412685112442,1088.6045638671715,1094.6006354866543,1097.7055189164878,1113.812321973425,1116.3292152149934,1196.4096793720312,1122.628753911054
photo_cherry,1189.947612578657,1302.2360953408693,1398.632457538994,1333.335371256128,1092.2473618675156,1194.5051058093643,1137.8087036665554,1166.634451035922,1321.4789608670187,1340.3684957015173,1399.525140737522,1290.5452302476622,0.0,1202.8752881795435,1299.1493969198696,1212.987455217265,1360.7968379085837,1276.8693469628201,1454.052164381216,1337.7895102957361,1538.3048983468523,1416.7861628396086,1243.8835397913986,1389.3751380989088,1211.9050572786934,1294.9909306526886,1295.62173074281,1319.9091441091066,1149.4143377038179,1261.4421178773755,1278.2583423957835,1216.1063204736681,1255.3989837227264,1305.860489123694,1174.1177885372194,1247.8666935032038,1200.0780920735679,1170.684238067998,1293.9825266988282,1190.0590301873553,1167.173942107437,1304.4805345113814,1292.69745816773,1303.8390007160303,1265.2785780268155,1383.6840280179865,1210.382659549988,1270.9991224113048,1322.2492830147787,1232.6819731486196,1317.2498338727232,1281.3625837788936,1272.4510177880672,1227.6497747729054,1302.5187618345692,1167.0062814168818,1230.39850549284,1253.93746125671,1256.2316320357334,1316.0415642641274,1171.9673333441353,1166.091724016303,1284.2658668364345,1232.428468089485,1199.8318144766577,1304.8484969231438,1375.69386405821,1269.046044487722,1217.5804996875333,1344.409051709504,1268.7182737419535,1335.5377069972583,1232.822537369251,1260.8785079718575,1242.3600042957478,1315.3581273944435,1334.011147846952,1331.7422413730258,1250.7922000520514,1328.8685471869271,1296.8545572936584,1359.5479563695478,1253.8207438282764,1342.8429814090298,1323.6680952643794,1253.6227815920086,1248.2297929663284,1303.8478550467703,1313.5720317097737,1215.524427846963,1318.5527747342069,1245.519882462601,1259.7818559577418,1339.4309733526632,1419.6902503595952,1283.2522946542704
photo_tree,1129.5881877478723,1289.6148737310125,1486.523150272035,1369.9821369490628,1168.138777547335,1221.3432359769417,1154.934553521552,1198.417722735851,1350.6068801305066,1417.9325187250063,1416.3172956150322,1344.5658185871757,1202.8752881795435,0.0,1285.8140286279934,1174.808483478926,1269.9489193053346,1360.8970354290457,1532.6901504449368,1440.5924887235708,1526.3850587536408,1368.6917687140715,1232.7315560278842,1358.0085209435838,1288.0024093974669,1393.0945531976063,1399.2328124532553,1358.312383741967,1214.9800320417296,1265.4509935640529,1350.3587717256657,1269.6858252651307,1301.2346077557152,1395.2053895673182,1238.07984238603,1355.4682537475192,1339.1092340802022,1077.0677498545265,1312.8848091699504,1232.0557800714269,1186.7319809790006,1406.0884144696524,1409.8941418086347,1388.3617698745054,1332.5357824183236,1484.515352987697,1302.2703462310903,1321.2847884002254,1428.0675452637588,1264.6078507829282,1439.1979311385858,1362.1685159239496,1327.4827009215435,1273.5922468605704,1331.6676512345216,1229.4618321343696,1300.7583339649477,1388.528128743392,1372.3813471687824,1424.4379819304907,1303.6727798396876,1210.9081850047457,1325.6509971468545,1268.3137263766776,1245.3533241429184,1418.2020972331975,1481.8363366827589,1403.8726322782584,1264.673408105031,1383.074690141213,1363.8130893977593,1386.4892059969786,1301.9978918435663,1350.2683415809859,1332.3813421611526,1391.1950417125136,1441.9520842948857,1439.0332486819243,1336.4183021901752,1425.7442047139,1410.0599665560715,1441.2677919193015,1353.87406045427,1443.7526839565267,1413.6317460345272,1342.1070819401675,1344.3692055300949,1405.2613657317656,1419.1741205277838,1296.1791483823768,1425.8922254620848,1321.173200436996,1349.5623252473147,1431.1313172611842,1496.529581998564,1376.9071211182688
photo_flower,1196.32429128624,1421.1934250979607,1574.8842677776113,1458.1465545883957,1139.11133697192,960.1994061166055,1206.9734093738866,1063.250031259876,1398.2583087062037,1531.32854148724,1380.161255610163,1370.3074289206486,1299.1493969198696,1285.8140286279934,0.0,886.6326200023144,1162.7656262964542,1387.552383471281,1540.3540546107079,1483.8630323156704,1598.602418181705,1474.660205189205,1405.2737631691093,1492.8504563259644,1222.7947012952459,1400.0210332469658,1424.109642073721,1347.424038613807,1200.284877254181,1075.2765817072934,1211.2940642667188,1285.9544881115316,1299.9106192038735,1359.296080212003,1146.7914157151283,1329.778908007323,1330.3246468862285,1071.6055215384988,1137.302740578214,931.6457221931926,1088.6453549843336,1405.2936664503293,1404.6218626161083,1456.1562562268991,1254.6839828730165,1521.2250373869374,1301.2413487539077,1340.4223167776404,1322.4021914051796,1001.0681213944689,1437.6942523603914,1120.0397726892538,1243.0347937647468,1105.3187915970534,1293.290844268811,1167.1408201545155,1121.2803937067697,1328.3348810579769,1235.939908255775,1393.53158318379,1258.019727232053,1090.2525521945715,1055.2955545477214,941.4919467727699,1047.8696902318986,1384.2256457593228,1463.7864189921008,1394.446495883732,1193.001006293315,1336.819381050167,1263.524042232659,1353.61652872107,1242.2436774646144,1319.914801777573,1297.9837738447409,1361.3107746957503,1395.0244241776295,1393.6268192430628,1296.9292287842907,1384.7877901385305,1371.430466668478,1400.0468933846803,1329.158837201902,1402.4498992453682,1367.386673259627,1299.5040614443744,1301.9557602069328,1378.5761467888913,1377.9233566476003,1248.2662308874442,1387.8843949076693,1265.855409599351,1321.795086253869,1378.1934821004304,1446.6085206722623,1349.3828542598164
photo_carrot,1162.961405187524,1392.5283197154488,1498.7812968172016,1438.958821600861,1104.2111630306952,923.1454146951106,1118.0962899484657,996.6952036244294,1334.1680485357167,1489.4183761745658,1364.6847921555852,1279.9843677582353,1212.987455217265,1174.808483478926,886.6326200023144,0.0,1071.5939386299788,1286.4551283508965,1475.949296373744,1445.810073782185,1541.3107443448966,1429.8648715739632,1317.6745584589842,1447.2194051060656,1168.927298156439,1355.468658978845,1327.696344294881,1323.3547864486807,1155.5419318747067,979.2003281567443,1139.254045363003,1197.3311703084578,1248.5000725326975,1310.2498505674794,1082.9551594065529,1269.707044060768,1277.3923894353065,1019.4899884266949,1091.9229037461937,708.5075991884671,998.5708897372848,1300.1091811936983,1343.999448700512,1412.0182654995795,1163.6711494292895,1454.4365100116938,1216.8253575304693,1321.1154855015466,1299.6669093610212,904.8686943958526,1332.0529343542714,1105.4727314697438,1174.8219834423946,1011.4707382328595,1212.1010012880515,996.1896793811349,1003.4166886388355,1279.4781749860065,1151.3784873904824,1299.4467809087412,1146.9513903250675,961.8855480487073,989.9639277013086,724.8544033931296,908.4421159717624,1263.8051203477967,1370.7245906951196,1309.6413509681672,1098.680896338567,1259.261574220217,1175.812590690025,1292.8372379617851,1128.938837080135,1210.3889530305873,1184.6669166744387,1258.244940771763,1295.6170386630906,1285.305647648519,1179.8370881105102,1281.4518607874911,1268.3702843962467,1284.27263583013,1223.4855737021842,1300.3977296130668,1271.696202672661,1194.1307875386485,1190.180312714953,1279.2306030223654,1272.8663363310302,1147.9260757448099,1277.8932500892038,1146.0890079343794,1205.0863402653767,1280.0893384213093,1350.6609791043186,1232.1679390220324
photo_watch,1242.150771541875,1488.3184235516342,1571.3488968187821,1509.081162781983,1262.6470432004432,1128.2716902426089,1267.4766105342987,1208.65699724294,1390.1421180560371,1557.2555998103542,1464.8939229302498,1360.8346596645624,1360.7968379085837,1269.9489193053346,1162.7656262964542,1071.5939386299788,0.0,1354.3491853808873,1512.4111816084287,1478.2118239315514,1613.7019470834182,1474.98212902163,1413.0302192710285,1498.6738084070778,1243.34611080996,1437.6386658469087,1399.2820601867518,1398.2068134544957,1251.5129197281933,1124.3150516070205,1259.2885438596795,1318.6402548422254,1315.909581266861,1449.178254863279,1207.7162435544476,1335.081870778579,1389.669261575489,1112.5264459168513,1190.3539721971158,1082.3524052529706,965.0499918048798,1369.2701397969063,1407.7158546256742,1464.1808777438991,1274.091853847728,1487.8348059228422,1271.6080512017988,1350.2264987294786,1409.2125410156884,1063.329712828762,1387.2184573897223,1253.580701209865,1290.7456913210244,1195.004659477396,1299.8984399673818,1152.093604442141,1111.3827296192478,1394.5511690448259,1264.8382067397004,1359.6097725474647,1308.5599211773213,1109.2122990797461,1115.3274351262353,1104.535356802506,945.1918226682494,1354.2404122847581,1475.6094509158768,1391.423350984511,1251.6927592939383,1280.13732050256,1345.4484752721369,1341.7772528873006,1185.9853954318735,1260.666883992914,1236.8025609725264,1301.7743801714748,1358.3168793043485,1349.8461414668516,1225.4859534150057,1341.1859835892199,1319.7903030890243,1338.4098552421958,1275.900493484107,1349.892975200635,1318.705322846478,1252.164596532868,1248.652497087374,1324.696159464434,1318.4090939906494,1180.7783657095486,1337.7717524974428,1195.283458924279,1256.639721609483,1321.3823464548725,1399.3374998954648,1281.4207035666745
photo_key,1310.4593408467947,1404.9941178455003,1273.3915468427897,1377.7706636570776,1298.1774641096026,1291.9953560049537,1282.2803763710742,1333.7526780724118,1041.5557605104566,1320.4803520350322,1327.798938211944,981.4172367455272,1276.8693469628201,1360.8970354290457,1387.552383471281,1286.4551283508965,1354.3491853808873,0.0,1165.294998646189,1210.9914026479023,1360.9970621047614,1409.3766780424162,1228.0033817829935,1466.5046061662563,1241.6214558302831,1304.5985359883312,889.0462670405246,1239.1011844208101,1343.8274152444794,1275.925806206397,1316.1986403134724,1372.114520013269,1048.158113742776,1295.17079941828,1290.7381355476857,1015.5826618511237,1212.5598168914998,1266.380825652477,1259.3655891978688,1282.4441402954778,1202.144459288051,708.1050803719623,1073.1044973383864,1173.930150403754,939.8600777682886,1198.4660236119057,993.7595069782209,1342.5743637207922,1300.7116308937734,1221.297999370139,939.417986381872,1283.3317150039459,1401.791625803451,1304.615173499745,1372.094442760136,1275.1873945292618,1200.152457205996,1267.4359092065877,1266.6606581010178,1039.3506675600645,1333.7894219037269,1196.7493985798753,1288.956107015765,1278.121842077367,1147.6583436330895,765.7335225314959,1120.7648456943034,1108.5809874517072,1274.0475605167803,1342.4640303459146,1196.2367648715513,1385.7695598104765,987.518259589361,989.4335886818657,964.8404376634752,959.9998631935941,923.874124194448,939.5574196368314,999.16457382268,948.5130372554902,904.4562416984106,990.9407929173917,938.7563601684748,956.153654880151,907.9203381035179,950.682416781462,977.8334667008498,891.2547859402594,939.0569538986866,996.9625088682986,915.1597025870227,1010.6327383094017,979.1843070441785,958.4451844836094,1063.4552959638208,985.7357305797566
photo_truck,1449.8791509642522,1542.4923951614278,1344.0238617071882,1446.6252928479278,1445.676750601518,1453.4632529436315,1467.0767694893957,1513.3181524678623,1304.9156506598893,1430.4800443563354,1452.5455191357837,1251.3505792426095,1454.052164381216,1532.6901504449368,1540.3540546107079,1475.949296373744,1512.4111816084287,1165.294998646189,0.0,1321.2245880002397,1388.19642059131,1429.4387981890388,1372.0245215891948,1536.7909381842028,1369.3930148613617,1457.2444888280188,1231.3458863740598,1323.2639735019272,1500.3994264778034,1430.7369159121752,1495.9927624984764,1499.2623695574573,1275.4761635816023,1419.4933780873928,1479.3430258353822,1269.385341093349,1378.1608089202564,1440.457123293129,1446.9790676525063,1467.064577471434,1386.6208900987558,1215.5681283782255,1017.8112950209621,1276.2058896102715,1202.2799573634668,1262.8517953962662,1236.7637888445965,1453.7008274602472,1393.6454006484805,1417.0948733016558,1313.1726518123962,1427.1724435848284,1473.82526951311,1444.7098133672766,1509.6608116503514,1463.5424998352144,1449.200798509323,1406.982813670559,1438.2144410582866,1201.4314901579264,1482.7863554113164,1374.2957675790376,1468.1357587535726,1469.614144130441,1405.7305636480403,1231.8596817403045,1015.5844491748901,1199.265510983759,1449.945283772898,1474.5370031890532,1352.019276135795,1507.6372526198606,1315.581822453626,1319.1959569862242,1326.1677697994514,1313.3275682191622,1293.7807592601725,1303.1730822677744,1324.183764326723,1303.9498420941236,1281.3902423332022,1324.1500457997613,1313.443519244532,1307.048412497566,1300.2549874440615,1321.699615164311,1311.6555457556722,1300.5230339729949,1312.2876322972588,1331.1221377670001,1298.1463586626664,1338.8898973829268,1340.6174928110024,1314.7325170846366,1367.7060040400431,1342.3247101135084
photo_velo,1385.1629438922796,1502.8787230922278,1376.673591119787,1436.9866158272794,1372.7548913558874,1420.7125539219621,1358.6365298381606,1425.2307592581592,1273.9420418059424,1352.1024738792414,1477.3528582736733,1200.1511223357866,1337.7895102957361,1440.5924887235708,1483.8630323156704,1445.810073782185,1478.2118239315514,1210.9914026479023,1321.2245880002397,0.0,1429.888473787363,1517.426871540762,1281.642471361489,1474.8811916648833,1300.4001922711534,1409.9371822085163,1202.4684726369142,1310.7211738543438,1395.4618650235734,1416.117270630083,1468.455676033423,1455.6622863279974,1243.4457114648671,1406.1692456114195,1423.6303993407719,1135.275343728009,1267.8497817222285,1352.131504830357,1402.5583455796561,1443.5432704719276,1323.4903488074767,1230.0975573146077,1163.7329429037025,853.7205847580414,1209.9099199748173,1315.236091140187,1180.5206484431153,1379.5132826983079,1410.3837535575692,1407.1742395422696,1211.7369163573162,1428.6881988839666,1417.3885887630047,1406.801386979427,1480.0731521001426,1441.3944695558482,1424.3461983037257,1378.269091552248,1449.31832415199,1203.3712762521902,1428.9915146481458,1332.8375067580798,1430.002904749273,1457.3295670614398,1389.6471116237715,1265.3617113909515,1289.220451092708,1025.1546172613243,1426.9764897377163,1479.7919184796808,1282.5055358494774,1431.022342708834,1259.9101026788421,1268.3550636769019,1252.0053463397137,1250.0688343855643,1278.976974181664,1288.0636769544826,1257.0363521221482,1256.8733924136018,1238.8591305301723,1317.0218494025203,1228.3040929317833,1292.4990940757905,1234.979850640843,1242.2507834925295,1272.3439039810455,1227.1980134900984,1250.0084581492756,1253.601666167225,1261.1786119494982,1244.5125562784458,1276.2442110802301,1265.0329618689416,1364.728973232336,1285.0533228080765
photo_road,1475.5876483558031,1498.1335470379693,1125.6015013299389,1345.4527665573528,1505.5722349408563,1520.0288324713422,1474.6582375796966,1549.078617072113,1319.1316836598612,1349.2531770489763,1506.993408108686,1349.5527081589091,1538.3048983468523,1526.3850587536408,1598.602418181705,1541.3107443448966,1613.7019470834182,1360.9970621047614,1388.19642059131,1429.888473787363,0.0,1445.6922710224685,1335.86755000309,1469.5073873766564,1514.4008150943055,1620.4230487171355,1428.811334140435,1435.2559953773457,1606.417324520359,1530.151812982814,1623.0013687627322,1624.0342947397614,1403.0687091428395,1472.9856891365187,1590.1104431722283,1448.9724885390517,1461.169037894205,1548.986191664425,1505.8630285546799,1599.4318381004016,1523.8614671238122,1459.9488690462051,1412.128244427603,1366.4160961634846,1269.8246938808945,1401.9193706579065,1440.963369328604,1545.5269042352047,1564.1458970785723,1560.4324678779856,1503.0825093788512,1581.6031424260962,1614.3761902767592,1573.175994196647,1638.040361594589,1616.1372091646706,1583.0268017706412,1494.5894912339995,1598.8985250783244,1438.534817797087,1635.154479158558,1526.2788560207175,1576.2605264318959,1594.302872065215,1550.9540173912937,1484.2142730436788,1499.7250463055855,1438.7265638713352,1593.3098456857742,1642.541616690456,1471.3036857733198,1621.8915806458183,1505.6071301579384,1518.6254474038844,1511.5987175747416,1503.1532841681822,1529.481726373086,1520.557595821695,1520.9875590705315,1514.9323809096209,1514.188936506186,1525.1994869442822,1503.2889245592567,1527.6753700700547,1504.7203383261349,1508.7289999278235,1522.3108776793056,1505.7744694234632,1510.428160941736,1508.8154686671799,1515.1430868707298,1510.4785379300095,1529.9813197924348,1518.14414256458,1583.1955848392154,1534.4159613526692
