,photo_face,photo_profil,photo_eyes,photo_face2,photo_walking,photo_standing,photo_hand,photo_legs,photo_bird,photo_butterfly,photo_girafe,photo_fish,photo_cherry,photo_tree,photo_flower,photo_carrot,photo_watch,photo_key,photo_truck,photo_velo,photo_road,photo_house,photo_mountain,photo_windmill,drawing_face,drawing_profil,drawing_eyes,drawing_face2,drawing_walking,drawing_standing,drawing_hand,drawing_legs,drawing_bird,drawing_butterfly,drawing_girafe,drawing_fish,drawing_cherry,drawing_tree,drawing_flower,drawing_carrot,drawing_watch,drawing_key,drawing_truck,drawing_velo,drawing_road,drawing_house,drawing_mountain,drawing_windmill,geo_face,geo_profil,geo_eyes,geo_face2,geo_walking,geo_standing,geo_hand,geo_legs,geo_bird,geo_butterfly,geo_girafe,geo_fish,geo_cherry,geo_tree,geo_flower,geo_carrot,geo_watch,geo_key,geo_truck,geo_velo,geo_road,geo_house,geo_mountain,geo_windmill,word_face,word_profil,word_eyes,word_face2,word_walking,word_standing,word_hand,word_legs,word_bird,word_butterfly,word_girafe,word_fish,word_cherry,word_tree,word_flower,word_carrot,word_watch,word_key,word_truck,word_velo,word_road,word_house,word_mountain,word_windmill
photo_face,0.0,16520.005930624815,17481.318617223656,15982.996057673441,31719.86628070902,23419.423870553688,21258.32480647479,17205.369974715148,49590.97954783883,55346.236012527166,23909.01400325999,54500.298906549426,20799.498206176293,17981.291210962743,38314.43455252275,26757.0234430972,45579.63274897294,27398.751182918837,25245.285269092285,27063.902635150796,24152.8457119672,26694.10877564495,44137.62938581808,22995.713278303912,31291.220940361123,42911.841964585605,41912.69701528007,39990.95817377015,27159.545988541082,37394.05916695003,43894.83495196824,54788.214134716494,58610.52099413055,60984.40090844435,48555.23953728182,62789.05506578835,46432.03108187914,49902.09952236637,40700.98193346836,39987.51533066507,58532.349063945876,36914.358157018,31162.621833022484,45245.301642686776,68451.92114543398,43444.63267400677,56169.2801989051,36259.30105491949,57481.64624391569,49455.35704340245,54077.1354255389,50034.05331933422,53259.29396648997,48086.5208546376,47245.12449006005,57294.22682299378,37031.798665728704,61024.45860217405,55207.76016591559,56314.35137748329,50789.3038335947,60672.043530057665,58012.348827602815,54511.803716245544,58269.4203808376,42460.496124582845,48790.73429272891,57536.34128824738,59686.23495102978,57700.43235114094,48993.920828767936,54772.431012957364,36800.840674575404,50043.35208157328,54114.09802741958,44903.447416874595,46428.91642742095,58593.475491732,51656.44088960777,45582.10293695836,49596.92304007014,51899.07414318112,59021.85410696366,44956.24616826236,46709.1185692074,51534.52553839536,48261.72427705375,57955.05890842186,37857.24222433181,56432.97161652561,52697.03261635745,43670.882841612154,41475.53295186508,63215.34366755639,51825.07316665887,53248.133005800584
photo_profil,16520.005930624815,0.0,20439.856342318555,17038.170577946286,27456.89912487834,21148.431879247015,18824.29478200565,18413.990792476827,54834.78145133362,60838.0613606172,21034.912234072795,59847.06250662925,24326.86562032453,21227.8184550601,43694.80267570206,31784.92419257234,51040.30922595838,31770.943717394868,28860.79111436635,31264.017159129613,27186.88865807095,24081.53439331766,49440.05732395239,21921.43663567602,37031.281332750616,47252.585169462975,47300.55609219692,45613.031727675414,31693.326909058393,42944.636659600204,49339.80971447077,60178.117776211955,64078.60241704943,66445.59134534774,53830.94390246102,68266.92453115614,51712.65070018088,55627.854729917744,46113.42297286326,45543.88718307242,64240.62683371306,42133.68881884916,35822.67776745909,50394.04221263721,74115.14144969275,48698.013739878166,61802.08056047384,41278.708826912356,63102.30547598655,55001.11779000653,59735.93839914683,55644.17653547063,58821.381889184166,53617.84419095385,52826.211413840174,62984.9626527071,42429.914534634176,66610.9263325057,60696.3673092402,61895.49396145309,56264.356112924484,66442.22367253271,63739.006523656484,60262.71641040887,64067.87909965618,47911.401285996166,54261.530801357345,63048.24036742707,65316.39412663474,63248.4457428579,54603.2757065245,60382.132013107315,42453.578801259806,55756.578119893245,59861.22582983803,50509.264474697615,52061.004753568144,64294.41699398885,57382.34888530305,51207.60437895279,55256.34346291299,57561.8531134707,64746.84735860261,50563.553191584564,52348.62955704668,57247.9066893099,53996.321588932944,63653.26284497022,43420.3418480307,62214.706051930145,58390.50729384609,49395.73167503372,47113.217293902846,68927.11343803292,57470.96240889438,58959.65601302846
photo_eyes,17481.318617223656,20439.856342318555,0.0,18577.192137986505,36687.19695000374,28525.898038774885,25528.02440189904,19835.212576409303,45628.965147023504,51196.68989575508,27109.87673323537,50480.72563175017,20028.35056850059,19331.49971664,35566.99447668331,25123.010553929194,42521.74212809521,24224.821682712743,23027.825041977576,24566.314347874995,22628.647722518544,30180.318799005046,39961.5206432083,25310.56997991355,28964.881535300818,39498.8821345927,37083.4491430966,36081.778377891234,25728.76019675623,34727.45114948669,40512.2607195965,51072.995280723364,54618.302188262736,56833.921619737965,45160.09585278838,58678.6039554321,42698.13581159821,46518.01768654871,37456.12912564888,37141.34164297629,54900.888499354325,33062.080172676426,28028.926131955235,41394.16233286702,64133.29849444795,39357.08162099602,52122.430147291896,33362.645284595324,53566.57937722358,45973.2999753087,49728.06746992203,46218.49005543168,49791.47281292926,44686.15494795644,43887.58050764242,53538.49265573327,34169.89488250455,56920.45676391719,51600.732970806734,52135.57621521491,47181.16477151328,56946.505399026886,54322.923844366705,50981.26553241696,54545.72613839731,38437.67413483441,44765.822281906294,53459.94162913305,55823.60033731034,53990.77758096803,45139.54475433983,51052.72389619833,32988.196739320374,45887.17803749683,49948.732115837905,40686.17404668473,42155.61868907079,54245.93285441642,47479.70345466473,41328.890213637416,45323.09556034928,47598.419689183705,54752.05704735925,40681.98432273302,42433.40859336645,47314.70622292948,44163.15009662066,53629.801119197255,33791.83572087301,52249.52565555378,48390.23642651424,39700.5270808262,37420.5614246496,58877.072531297024,47538.21168352325,49051.80030905711
photo_face2,15982.996057673441,17038.170577946286,18577.192137986505,0.0,29104.701933638014,22458.311941603715,19628.808332718356,18448.93741679226,53646.23333646427,59571.38236487276,22221.844835147036,58732.62770493422,24119.705189426524,21205.957803994148,42896.224889740195,31219.946976673666,50233.43237543816,30854.13636217513,28295.092236178727,30710.84483251803,26247.340689522614,25322.97667694538,48332.27002846991,23055.217912477543,35814.55639893702,47357.81109332959,46020.55700414601,43455.69727314654,31394.904979535964,42022.898458574266,48406.18126731935,59116.063431894065,62944.03273011369,65258.716003494155,53007.25983668348,67146.25863554057,50717.54127741059,54595.65377152162,45228.62712234527,44734.33872086974,63150.74707627176,41016.2117878947,35031.23707275319,49446.51700536006,72817.82666174413,47662.49362380855,60616.015074375755,40589.170826865295,61868.03984346909,54004.156241559554,58440.08217064263,54342.29220435919,57794.8935156102,52623.96696594808,51876.58825034767,61871.37429342107,41629.89941883609,65389.80385183439,59697.90664932061,60631.52055505204,55282.26596584165,65329.536298430445,62656.75985584573,59190.478143959066,62907.50005222573,46723.829073916495,53092.77735818714,61922.10317928962,64185.431226398454,62301.91358601329,53460.70970452596,59297.7465291268,41106.52665105722,54407.86136005536,58516.378464826426,49131.52308111107,50672.049018669306,62928.26056022669,56030.7256654843,49820.61798958639,53897.91061952097,56175.9854025604,63399.58732700013,49182.53813391163,50961.50829122349,55904.84192772983,52622.27113262556,62283.891208124485,42042.712092481146,60838.33840591817,56996.52853767963,48049.89765365069,45753.31106133325,67573.50669588937,56105.00537072183,57618.84183066138
photo_walking,31719.86628070902,27456.89912487834,36687.19695000374,29104.701933638014,0.0,18895.25110020506,22054.147285111736,30163.8442299465,74335.2592346526,80628.38681694394,23079.417490675365,79528.09724191822,40937.45383883029,35565.189469896846,62268.46396777504,49641.9302381197,70155.93296155916,49654.62020558696,45305.13695667839,48823.250596614955,40755.805410376575,23866.211669585813,68723.42170811641,28629.49253246199,56401.351254920926,67958.77938519634,66947.68605016227,65375.12479091906,48330.95716490379,61495.36311234717,68808.01771901843,79912.65001815272,83814.57607520433,86333.68217732997,72986.30318782078,88097.21539112336,71141.73220887249,75024.50673025241,65463.28828745924,64540.62204230485,83948.29584844409,61167.95992173295,53861.69482772133,69663.21555502198,93829.01032820113,67888.36908602563,81480.84312777007,59946.74537282819,83119.79365043352,74621.01163349848,79492.34741338242,75498.44075074732,77973.9317395984,72944.21996476501,72316.6338556825,82673.2320192012,61135.350163593466,86504.25814729395,80130.74909086802,81678.58416024336,75802.11000304349,86189.4662164306,83489.51588912721,79839.05939783607,83731.87187992738,67261.62152816441,73713.31936420062,82772.46979276271,85093.736640325,83092.46630098548,74132.3313204626,80115.69824450133,61647.65312875322,75534.60089725324,79703.08472184461,70098.80234911214,71702.78737643248,84248.29322278038,77188.57752692919,70821.93721580072,74995.80878047804,77351.43089432642,84702.15576728965,70141.24049946983,72020.21495165704,77069.9657120259,73703.9801338687,83582.8865100599,62733.799386448714,82134.15776764504,78223.15826939393,68889.72852094159,66593.05773437586,88931.58307943384,77221.75523302447,78782.18892097313
photo_standing,23419.423870553688,21148.431879247015,28525.898038774885,22458.311941603715,18895.25110020506,0.0,18359.56574501113,21913.43112782191,63814.32211913675,69931.09612973065,19370.343103959265,68921.44815601507,32098.57870060299,26369.374308432405,51489.28817490482,39323.307215891284,59436.49567553508,40082.177143622896,35839.45101035079,39097.9865915925,31297.963631901304,20839.578405217115,58206.51912097407,22381.482192044055,46158.52611369283,57524.82207945204,56618.83666271532,54965.44099831678,38610.77649300502,50473.944704247355,58165.45519782326,69160.6505801076,73094.40890813763,75559.44361041792,62225.597845297176,77401.78813080536,60709.190069316915,64226.5155011193,54825.71814881764,53847.05144022053,73044.81529898233,50995.169190667635,43833.03854550206,59205.771561416994,82905.48318380401,57352.40085099404,70768.84542105545,49453.42250210572,72380.80972666306,63912.086354739105,68861.66287452483,64829.7281469558,67294.48497595447,62163.73056992102,61650.877954154996,71875.52519231591,50547.326769616964,75782.25198761963,69319.34626877187,71059.99863857053,65213.960171961415,75413.59818366724,72634.07531343096,68921.28157315172,72891.9826328973,56880.67045575907,63193.277495377704,72147.61072733918,74337.64272859776,72296.19927609125,63502.247613467094,69287.93881546236,51357.59435440713,64965.74342177928,69029.89856395283,59695.019080358026,61229.237126113236,73564.23424574971,66589.58351833359,60367.16972442616,64471.22875883603,66772.99403234925,74004.16650885863,59736.355837458636,61527.967708356955,66461.57232426426,63145.535939189445,72910.21780054264,52490.03958008998,71451.88987756085,67642.09963927168,58402.36997522947,56229.56099742348,78183.12852644623,66677.60933935775,68136.07585856334
photo_hand,21258.32480647479,18824.29478200565,25528.02440189904,19628.808332718356,22054.147285111736,18359.56574501113,0.0,20923.814811678156,62163.48223861852,68099.6957552009,19833.338151114178,67106.37864229857,29558.580400504332,25272.274298798777,50316.22452998102,37875.81266051126,57988.618712435185,37910.908298365095,34785.81824842659,37721.94137379197,31676.532998918796,22633.534428614046,56481.8360284594,23032.6883665616,44183.97186424536,55582.96330220117,54444.92877351368,52844.47345779297,38154.710262942004,49658.551194907224,55621.31256654956,67603.0841499803,71514.18704656922,73787.09119803054,61089.965912759944,75651.23151950975,58807.50835127298,62670.61861762767,52964.71834705473,52299.80809091078,71405.79457305402,48925.46962800717,42418.408686979514,57699.20163969676,81372.1991805768,55788.676989650645,69010.55144903102,47978.55927984959,70480.01174718796,62220.08222678621,66896.59204593842,62854.10330057166,65969.7348072935,60709.09709186677,59610.28558902755,70124.70728256954,49029.68707821343,73840.03981736732,67868.09560810379,69105.87540692904,63462.07306929322,73554.0615424087,70814.5370433671,67328.70838166986,71164.8143725073,54858.9952273965,61445.59818186167,70363.17110646884,72448.4394671787,70613.22990957514,61666.79931358998,67594.51116212069,49150.003123546805,62867.28486782718,67036.22048814585,57495.90736823131,59100.48972096042,71561.2656863912,64518.335935406314,58224.55203183907,62375.57135911558,64701.902885935546,72023.80770044208,57536.15294964398,59403.88516929824,64401.97603726798,61067.98629377631,70918.7759900563,50206.66099156952,69411.90303702581,65572.37997195037,56322.21654117425,54024.63848208052,76249.1790093203,64598.10532345872,66140.32172552893
photo_legs,17205.369974715148,18413.990792476827,19835.212576409303,18448.93741679226,30163.8442299465,21913.43112782191,20923.814811678156,0.0,50613.30656196478,56406.92980299241,22788.067691697463,55553.38583249402,21292.738191779892,18396.219145858842,38905.86616330739,27193.618776928775,46482.44806638937,28237.10589265614,25953.963951892187,27651.287922376338,24195.984437773488,25936.52754049664,45307.41887566425,22050.590544764447,33236.62275475774,44403.90703798084,43295.833051312096,41630.41515484996,27339.72561816066,38167.28845056079,44896.94133774471,55089.60357826705,59637.83498018235,62014.968782520424,49283.96800726017,63898.486746469505,47390.17867179014,50992.04702370236,41799.871588742644,40858.550886547666,59555.11919539261,38091.60776381811,32068.261850435414,46124.53247011769,69505.052221336,44541.06000750915,57413.2860096401,37008.16697097561,58769.874718209256,50441.578382416534,55279.33106298195,51203.432690208574,54062.98122527093,48918.99074430036,48362.58341629183,58146.172580072525,37662.878416548534,62075.913408057175,56085.7719220724,57522.12800246853,51707.1918066341,61776.73426197506,59057.272992077094,55430.26517948421,59324.16631071385,43635.42267074755,49959.39808723646,58618.97001032399,60696.42530026392,58829.05235217622,50191.45177266099,55845.94794687008,38202.500759658455,51361.983203335585,55404.47153298544,46200.47339698622,47712.19753773034,59865.17886270383,52980.43843033688,46875.252230101614,50894.320737757,53136.90737409775,60301.71359780539,46217.25594082327,47985.21576733213,52836.02664751484,49614.489039106484,59206.97590816663,39203.672135858935,57746.000835057865,53984.81986727271,45034.19987790411,42829.11098244392,64452.574829433135,53078.02149982558,54514.582593486746
photo_bird,49590.97954783883,54834.78145133362,45628.965147023504,53646.23333646427,74335.2592346526,63814.32211913675,62163.48223861852,50613.30656196478,0.0,18409.49380580947,61065.089041770385,16011.629238102949,39215.29809926922,44452.4694703006,21029.82795900501,31139.32542241925,19447.97693521851,31584.346299013636,35794.55933271086,31485.658687062532,42268.73192079678,63593.69913632697,19331.019855247065,55251.73155219155,27032.284852714933,21587.395570507575,21948.685850115482,21997.588887287573,32559.575199552197,23102.423705372727,21960.41253730979,22024.539715082887,17575.065870248203,23138.50779653489,18375.551329581253,22307.158083652375,19263.29962202714,20280.52492376195,20368.591264312814,22131.112083680495,21884.904522345518,22753.249330229344,27717.520381275062,17957.75395752059,28134.502344557866,19599.983935783126,20659.357213260475,24514.265785656804,21696.871604821357,19880.64509182957,20069.96416316885,20574.16349096693,20493.955428808742,19739.707258395287,20109.06739854576,22262.404014244854,23233.590180707895,23822.39601566786,20732.9445957393,20417.729543790258,19933.84341321897,23912.772955293956,21763.61297146422,21075.403812235803,22098.584234829952,19734.90892219616,19040.869710588082,20857.616981790452,23583.444873197986,21834.80550314528,20271.409862964887,21132.372712469754,23020.184537069836,19089.744755711385,19708.444447379952,19838.42672051085,19446.7213809076,21710.97458656281,19359.395721179517,19525.15228027402,19240.020295589766,19525.862263031995,21900.566282281074,19762.624307853603,19160.983977515298,19095.94110453158,19011.234944757358,21363.76910107523,22648.37785317212,20548.10314580076,19629.43039350077,20031.950926425037,20513.16231403272,24380.37261433112,19984.791473791058,19523.46143787734
photo_butterfly,55346.236012527166,60838.0613606172,51196.68989575508,59571.38236487276,80628.38681694394,69931.09612973065,68099.6957552009,56406.92980299241,18409.49380580947,0.0,67790.84141630423,16583.590873269386,44896.18999380531,50038.000555701045,25138.573384441228,36215.49207174584,21261.96585893896,36875.70705737478,41830.123091003945,37191.33361963196,48113.401659871204,70128.85439485866,21470.2725371823,61555.11849355523,30820.919379086597,22713.71402318207,23246.14389355373,23510.020380632322,37202.78322786752,25861.87489195463,22753.42696606929,19462.715247343473,16392.47533873648,15340.119854095898,18966.382037776584,18441.472787167415,19474.67139459011,18846.44885055439,22710.48167510156,24234.06963150733,17915.212479474347,26277.415127648364,32642.84791990848,20103.66379185754,22244.847345582344,21315.771620695778,17108.317343401442,27577.926402395537,17280.61113228527,18853.668031897218,17117.03679024103,19141.151560981754,17539.03829700837,18820.68164441204,19287.864544934,17936.952613935344,26290.775001651375,17653.751252828002,17633.631726537915,17197.385184031256,17866.573313719975,18587.059500409556,17270.597569943362,17674.51700036589,17736.643406043295,21745.963381903675,18035.720072308144,16888.262931226596,18832.156804657177,17569.286019240943,18819.434431127345,17267.950398351695,26033.862956195033,17844.50682382512,16826.670325313145,20840.640353644034,19895.778385388676,17772.2049732687,17418.72195321444,20209.65031321072,18457.924602314375,18009.36324108735,17663.679130402514,20776.22234790998,19549.646277784977,17330.56079688271,18374.742096925773,17672.546554346864,25519.885384826906,16985.68143677363,17691.16865150573,21136.3918018794,22413.478275992282,19337.682906517348,18592.288396222953,17120.95257164927
photo_girafe,23909.01400325999,21034.912234072795,27109.87673323537,22221.844835147036,23079.417490675365,19370.343103959265,19833.338151114178,22788.067691697463,61065.089041770385,67790.84141630423,0.0,66312.21569071803,29678.3845308377,25823.683994809144,49773.406780659985,37943.75225380743,57666.92487904856,37772.81316353269,33288.32483039347,36700.5011799331,30561.103705465335,19937.47184761404,56230.43146513356,20241.193851779,44927.85261340022,56070.52502789887,54963.16383656576,53421.51527312274,38375.23915458525,49910.37071891079,56995.80341027956,67971.81667903751,70983.56039406885,73672.24434200303,60164.68573391631,75233.69333106764,58696.92670168905,62992.76177291341,53147.64446027493,52602.85088043922,71421.926172538,49125.390634510186,41584.17971092722,56911.131540561175,81372.95820116556,55405.635406907924,69231.32020225609,47764.15108866056,70707.76441032368,62517.43115605772,67223.91379092731,63287.2753681822,66122.57452977814,60851.34910419923,60341.13138664107,70539.23062363734,49371.980676390776,74114.1329457049,67707.08687988098,69278.38832213057,63688.17982598938,74014.9721972663,71060.00111923211,67724.52054328598,71446.76771469448,55141.640142298544,61403.32864686502,70254.95744399208,72857.90255745912,70651.9588549387,62076.13254779058,67827.35490068464,49932.842255885895,63391.94494384944,67508.33810496364,58052.3555643132,59622.65949794078,71937.42843591057,65057.8646563023,58805.82721876494,62856.75749782067,65137.91522989237,72428.19579029361,58112.007488880074,59922.45937554091,64900.721608559856,61634.61459404592,71265.36321554669,50962.43634324036,69852.08107573271,66009.776926281,56984.756825022494,54694.457711223826,76571.00079372305,65057.62213496867,66619.18821640703
photo_fish,54500.298906549426,59847.06250662925,50480.72563175017,58732.62770493422,79528.09724191822,68921.44815601507,67106.37864229857,55553.38583249402,16011.629238102949,16583.590873269386,66312.21569071803,0.0,43833.96177965346,49119.69027451584,24145.57421475989,35286.47350407284,20514.950010708464,35375.0476678457,40156.8930820773,35689.6473754282,47026.834557666945,68694.1946322052,20913.07239932024,60226.02611907261,30554.553323974334,23040.983267742664,23466.295061559344,24239.825993492814,36630.30930294141,25914.32996534369,23219.86530908276,20835.26419773959,16249.701782737371,19728.755417447646,18827.999256094823,16346.540982857674,19789.26873432124,19841.749843995745,22641.102080993616,24146.809739627628,18873.150065103655,25299.62174162608,31023.199173592802,19304.105818605305,23689.003135974777,21066.674595815897,17947.636912385467,27293.978254438607,18928.727792041795,19500.766726263137,17972.77192467987,20166.15164891678,19083.487339781608,19780.359581165565,20191.273168517466,19896.275123469994,25916.625311894077,20359.66572018782,18711.218773663782,16845.30900702093,19077.00346242238,20575.86691581623,19042.56012102431,19212.470644456218,19238.063228084065,21106.37646469201,18268.23986600403,17947.464089880592,20767.288541345173,19127.909180956285,19885.886047977605,19040.019250261645,25772.16440561626,18500.49132480678,17933.574505860808,20931.757361172356,19926.459131179232,18779.596702146744,18331.578892740952,20240.571269623575,18799.986546773802,18463.847187011484,18893.595081305597,20738.974372007582,19599.674886074743,18084.00071364408,18980.10601274672,18620.12128556797,25186.990641657147,18207.00586436237,18255.826927095204,21303.947509727805,22402.87443273871,20609.022519597285,18972.47379514133,17977.66465610008
photo_cherry,20799.498206176293,24326.86562032453,20028.35056850059,24119.705189426524,40937.45383883029,32098.57870060299,29558.580400504332,21292.738191779892,39215.29809926922,44896.18999380531,29678.3845308377,43833.96177965346,0.0,16728.513465827557,28243.812363306126,18517.488581644036,35540.52314908426,19557.042604624858,19442.927442765562,19154.777432288247,21888.011879916452,32416.799935387306,34543.27123043007,25294.61733211915,24768.23700452544,34333.56167891039,33493.5300415138,32084.732077657747,20893.042990825485,29027.847300618392,35157.97052444801,45553.208678720075,48382.61134620766,50742.94925291403,38428.95879378025,52454.55547831281,35574.486036051116,40417.47326427702,31115.786875818103,30686.562449015666,48597.36578997597,27793.429172628134,22573.085524747705,35188.3138490355,58569.67393710226,33668.49410980794,46429.30903586717,26732.074460269745,47760.48893480358,40110.81678756245,44437.33612007687,40882.74038407061,43459.769986759144,38476.55437552818,37627.740240568935,47529.52875886318,27568.075145354516,50906.464934113894,45079.480212230126,46518.00799491202,40542.95531774264,50767.71775669695,48059.61560886009,44860.82055080234,48417.33804878494,32994.27658115587,39039.638988599414,47401.095850483296,49904.021364994864,47687.23921393564,39651.71605181058,44946.55842094366,28322.122434462523,40631.97001184128,44556.87253627005,35842.860643159205,37262.845607913056,48981.655695079164,42265.65755235441,36468.10413436156,40240.90994506518,42513.280412299486,49378.840531185575,35878.159205444885,37496.81859264904,42079.6873246019,38957.2945053079,48328.22855511938,29346.624818763856,46862.38415265968,43284.398571625854,34746.92707633376,32502.936966371348,53507.226252006585,42553.83198793437,43737.89574432096
photo_tree,17981.291210962743,21227.8184550601,19331.49971664,21205.957803994148,35565.189469896846,26369.374308432405,25272.274298798777,18396.219145858842,44452.4694703006,50038.000555701045,25823.683994809144,49119.69027451584,16728.513465827557,0.0,32458.556341506446,21380.420761777932,40028.798678214436,22875.731478548794,21160.32705522281,22534.510895473435,20246.13043863122,27637.83315740042,38611.85393632027,21773.057854245926,28295.71211381383,38755.35673770795,37880.735614662495,36307.68231629969,22752.226788956807,32463.06948598224,39396.6050837633,50098.08694005526,53376.23554462428,55780.09059542385,43068.68962601999,57505.50984134614,41019.12036179163,44249.79190101089,35469.49282507739,34704.57270164194,53211.73040463612,32151.539260355683,26041.229895604312,39979.449819531044,63152.497321200855,37993.851011447565,50918.41480284637,30629.60265329427,52577.64187155344,44507.13996904635,49147.91614870576,45578.56483717357,47884.04329829467,42836.954482744026,41933.43162600694,52132.79175102205,31580.540849353063,55808.039073114174,49767.63287197422,51279.34820548236,45419.120732676936,55290.184475391114,52749.44448727698,49246.93295516542,53027.79229275953,37490.33435657621,43544.77021860299,52389.2529579007,54427.103675797036,52291.81380522983,43876.24937901297,49568.8348219323,32313.37307087686,45311.633096021644,49262.20629897035,40358.94947531817,41844.50388615223,53804.18641009518,46877.15413920797,40958.46241884152,44924.57768465442,47180.78042075333,54201.04086604854,40391.98290632896,42078.13706600662,46739.374101745176,43551.41961156771,53155.50934601602,33536.44793343094,51610.142453103035,48007.1702094214,39056.15301491066,36888.17470931046,58345.977046933,47179.05792537969,48450.6723930469
photo_flower,38314.43455252275,43694.80267570206,35566.99447668331,42896.224889740195,62268.46396777504,51489.28817490482,50316.22452998102,38905.86616330739,21029.82795900501,25138.573384441228,49773.406780659985,24145.57421475989,28243.812363306126,32458.556341506446,0.0,19683.480539010427,18128.29829145065,23087.213134836362,26698.584653586207,22716.001164702593,31759.232220901617,52067.05950082539,18900.132267012134,43867.09924410687,19625.44145813794,20093.5480995875,20541.08223335596,19549.574537236706,22288.82143638078,16440.58350203631,19840.706772156555,26624.474695207562,27714.256366227324,30479.69689393536,19746.176134979487,31681.518999667507,19713.740964227825,21403.42247608673,15197.218776295664,16084.556788934056,27670.158519132903,18280.46670604674,20051.10766948392,19108.810992833536,37036.08674042288,18584.087360123693,26722.341936240267,17466.438050708486,27658.379620821957,21293.822439507243,25420.599760304794,22877.60520800592,23669.047772706588,20060.44558353627,20045.654782696754,27378.48575884758,16129.350039658517,30583.181666953125,25102.841420057863,27107.32752514074,22239.56609265513,29976.251116843363,26885.60103935296,24418.913428596356,27667.962591751766,18625.110003720252,21615.13488996494,27673.968814394044,29496.765785996802,27455.353608677495,22161.106805836534,25267.295270853443,18264.479094940685,22841.09598383385,25347.011574090484,20584.501966214604,21087.996890937506,29186.360020012817,23861.33940341466,20662.53619795681,22764.3618732977,24292.242521999164,29420.818057555476,20526.8570341702,21067.819451280866,23721.100040741123,21667.82090813839,28668.599251760752,18843.95575067813,27246.88027050142,24845.900110238566,19638.833391854318,18870.399120995204,32957.694357597335,24560.930911489784,24855.201758568015
photo_carrot,26757.0234430972,31784.92419257234,25123.010553929194,31219.946976673666,49641.9302381197,39323.307215891284,37875.81266051126,27193.618776928775,31139.32542241925,36215.49207174584,37943.75225380743,35286.47350407284,18517.488581644036,21380.420761777932,19683.480539010427,0.0,26663.263894627988,17520.602470984926,20074.164168785923,17733.72000854021,24035.058284999795,40585.46453217472,26661.6613074882,32881.44390401122,18927.350917207415,26566.453263613967,26029.89320137785,24656.154398373863,17482.928026038866,20550.96278649958,26641.076015220293,36535.400037031686,39305.305078694255,41759.97294092209,29535.661826173364,43321.34776535151,28080.36512208045,30999.916713647002,22578.756260297665,19586.528959920906,38931.02025771181,21054.325714067305,18396.255395412623,27246.355056380482,49023.202864240055,25839.580411448253,37316.73368571314,20239.112030101456,38547.97706988882,30693.10584361937,35488.97216657024,31976.038565757222,33893.750567364084,29054.39660467882,28715.496987763338,38001.61020201929,19589.885880922164,41641.50361630681,35834.66815737419,37428.89272499883,31763.655063483326,41042.250805984884,38155.60406314709,34307.487973127885,38579.97091041005,24940.699709406585,30411.777998929305,38424.793150438934,40450.524439043846,38329.4086562181,30752.300572179236,35705.18344874542,21115.137101049982,31881.095851731636,35439.21507196879,27643.45874683589,28924.68566275944,39851.83045133611,33291.938721615355,28164.897109082547,31607.40614335817,33665.868885493626,40164.141055958295,27704.119158193724,29067.354304839657,33150.155266575915,30271.67335114756,39230.84730610484,22221.13905541773,37675.560731862824,34441.1493063947,26387.59184452151,24609.42403625806,44172.303052745956,33792.00299079895,34751.56312067712
photo_watch,45579.63274897294,51040.30922595838,42521.74212809521,50233.43237543816,70155.93296155916,59436.49567553508,57988.618712435185,46482.44806638937,19447.97693521851,21261.96585893896,57666.92487904856,20514.950010708464,35540.52314908426,40028.798678214436,18128.29829145065,26663.263894627988,0.0,28530.62329877619,32906.94436045228,28708.606695534774,38997.94399734351,59633.623282323875,19065.46415459112,51290.46416782081,23927.884471974256,20174.87405299116,21196.02712917391,20921.704382220436,28401.85784980966,19454.20401912775,19920.099668157472,22846.559342404744,23100.230606837384,25354.301801125657,17899.190500868273,26193.148402918167,18707.85650511756,18890.945034353048,17612.032532319117,17935.332370653476,20445.74704038104,20652.445460679908,25065.9962836466,18290.204948229097,31214.909719213698,18822.670991092866,22304.571292155535,20794.85182257959,22829.600008564892,18558.75792442864,21312.878744771617,20067.83619208588,19780.934449978842,17720.523655952184,17875.33185097741,22418.457081548,19004.1467286931,25287.762955943574,20784.43347853964,22443.999743746812,18888.58390900696,24525.09089735031,22078.75230921813,20339.3487623962,21187.083069054854,18481.380564604224,18995.634023684997,22733.47416195618,24285.408011073243,22470.068049057412,19769.961417187198,20882.67321447163,20802.09270839659,19894.800903136907,21203.76593811787,19595.14788906019,19610.507508099876,24236.21053445064,20394.02322793157,19460.144841862584,20050.679183757384,20922.197269416672,24355.69364374992,19532.288486396457,19423.646604976202,20218.534784902607,19341.36917035407,23859.686843117863,20893.833937896245,22641.498486877004,21216.15139802155,19097.132746900184,19334.401755216346,27293.305299541687,21202.65360420991,21021.813811233227
photo_key,27398.751182918837,31770.943717394868,24224.821682712743,30854.13636217513,49654.62020558696,40082.177143622896,37910.908298365095,28237.10589265614,31584.346299013636,36875.70705737478,37772.81316353269,35375.0476678457,19557.042604624858,22875.731478548794,23087.213134836362,17520.602470984926,28530.62329877619,0.0,18634.130201058026,17059.467787470847,24728.702086728088,40537.37879538205,27464.36973887682,32909.810507137794,20184.764491347476,27424.223714962736,25501.11347367594,25002.356633486444,19127.920206465213,22762.6453301666,28116.802834874597,37789.55651333315,39793.45080980961,42458.31689147318,31309.268037325306,43424.86665069369,28729.37351048688,32845.72388039873,24547.504859692574,24159.438068919106,40353.17315215021,17435.85228326515,17039.86103959557,27393.445907285106,49491.87359079716,25938.19377021005,37460.019710419314,21257.494164555697,39363.74135691589,32256.10398065785,35118.62708146912,32958.96828796602,35454.34966362553,30783.93894283166,30015.596203395387,39453.826413218114,21428.12650018637,42370.187282866966,37124.76956511846,37084.808509308066,32975.47976117214,42543.33147365446,39805.160473957105,36788.02119663359,40021.41186001388,23024.524884601622,29960.054899494025,38542.94436765648,41719.818281176245,39593.957095702965,31312.086893781696,36815.622097263236,20773.2690467698,31872.765833622074,35625.2404639758,27230.058652622763,28375.15206386526,39750.82366247444,33445.65610875644,27734.0120726681,31275.994270237934,33506.17452746861,40317.749883933786,27048.84281904556,28677.15718830119,33202.0680188358,30241.579472948677,39225.40358183037,21300.488215979363,37954.19491144118,34235.06046696317,26374.215514640153,24321.099268892052,44260.16952874743,33579.50759406546,34861.36369844616
photo_truck,25245.285269092285,28860.79111436635,23027.825041977576,28295.092236178727,45305.13695667839,35839.45101035079,34785.81824842659,25953.963951892187,35794.55933271086,41830.123091003945,33288.32483039347,40156.8930820773,19442.927442765562,21160.32705522281,26698.584653586207,20074.164168785923,32906.94436045228,18634.130201058026,0.0,17597.296066028313,21354.489447957894,35326.26884730538,31521.335874899003,28485.688200459183,23959.199991587597,32194.76817215125,31006.809521468465,29785.176386187082,20721.70146910809,26977.283112359426,33242.21121578319,42826.41972891532,44741.674799249675,47546.06076936093,35704.8359984256,48592.766890142826,33620.050581306474,37842.23067095388,29241.706694962293,29185.283721279084,45409.37992798612,25160.666523160755,16681.880640134823,31411.743215528262,54636.71516171652,29936.13404455744,42977.18072523434,25031.7825637308,44644.54062278709,37429.0988758729,41215.440153705065,38342.72062731004,40489.19078966634,35798.61150207067,35273.68308843487,44806.43385174612,26056.16654253288,47881.12655414627,42147.35020651667,42876.05376234168,38243.7295319209,47925.43433656171,45225.96791778565,42202.52178355654,45439.27333308282,30126.484173507877,34585.668242978936,43783.05810483819,46892.275912528545,44710.7032038517,36636.09675906675,42114.405909823676,26714.175357041684,37864.1580968853,41627.64562612399,33315.300142547785,34524.04069297682,45720.59574657629,39428.194201644204,33819.20724889117,37413.8129231591,39523.915162605546,46223.30612267677,33253.05472474754,34780.60776715634,39213.12646378502,36329.965257032345,45128.47559479009,27464.540464053054,43848.85443183532,40226.50829939568,32348.13619197301,30387.19592800337,50138.22494144278,39464.915413947776,40801.92732065754
photo_velo,27063.902635150796,31264.017159129613,24566.314347874995,30710.84483251803,48823.250596614955,39097.9865915925,37721.94137379197,27651.287922376338,31485.658687062532,37191.33361963196,36700.5011799331,35689.6473754282,19154.777432288247,22534.510895473435,22716.001164702593,17733.72000854021,28708.606695534774,17059.467787470847,17597.296066028313,0.0,23065.117059378983,39250.737494457855,27619.009883184342,31603.63825073582,20744.02003399374,27998.87677765064,27079.43123923962,25972.02767724171,18820.724152635692,23076.6921066816,29075.432043524146,38296.28409902712,40160.160579805786,43071.03512190371,31171.78563644463,44013.63531614782,29320.52251808911,33565.79207917652,25226.997209172667,25148.292215905883,40848.01387126893,21533.961876193654,16931.49054114586,24612.534990697535,50250.13059386343,26203.291250155187,38486.11186326736,21586.081286945446,40075.48306015779,33093.53497262174,36806.63908129416,34030.58362487583,35914.42729538611,31405.050026101206,30986.639406411978,40354.8325933972,22277.56327956525,43390.54872503032,37625.5855189154,38589.07227061749,33597.185752480545,43342.707788258966,40648.47347563302,37662.73882254999,40943.76963322718,26074.564789058153,31099.072613356097,38399.08464784411,42532.58532526109,40262.99337599591,32285.547636666026,37698.11901818865,23122.979281250784,33559.12552422241,37206.02116324063,29262.684873352646,30451.534482013238,41311.40832541448,35097.84371595997,29755.488904729413,33134.38424300849,35230.66508144584,41732.050587480546,29216.809559355177,30647.836553942863,34869.148425800166,32057.479423876637,40700.463461088635,23789.118918509153,39417.702167681484,35924.14873422058,28309.106791784565,26448.274148035627,45670.82717433494,35346.436762040874,36408.56537650476
photo_road,24152.8457119672,27186.88865807095,22628.647722518544,26247.340689522614,40755.805410376575,31297.963631901304,31676.532998918796,24195.984437773488,42268.73192079678,48113.401659871204,30561.103705465335,47026.834557666945,21888.011879916452,20246.13043863122,31759.232220901617,24035.058284999795,38997.94399734351,24728.702086728088,21354.489447957894,23065.117059378983,0.0,30962.638072929498,36547.21148122927,25698.653071114455,29205.026419931135,38410.23078929299,37153.000842696834,35621.10660967263,24572.500522180293,32140.05223378065,39121.36949319747,48675.173904004376,51278.9248103066,53896.36709639524,41806.36880871902,55419.36143607904,40190.87453035851,43561.267725637896,35123.03545110173,35071.04458189603,51568.19176574349,32063.843241370832,25849.149111627525,38173.529115855235,59835.31588893808,36288.226192047936,49134.82947358304,31024.515107134568,51091.14334519157,43669.87068669027,47549.664085395,44694.817526326486,46589.787991373385,42163.16888570116,41363.41930316902,50759.865805217625,31948.053005742306,54152.25346338353,48172.669350591954,49639.10302897686,44560.32542458322,53942.65917221235,51483.27387763346,48158.289316009075,51583.31536169083,36874.72972017916,42078.43066975255,50556.42854482573,52713.696469849725,50872.727060524245,42671.52243419928,48374.63177886054,32503.456336613875,44089.32536430445,47785.798124025045,39529.17494294427,40762.2754885568,51981.65294368726,45604.5892817774,40044.55023533273,43687.600144401506,45762.79486515194,52428.44046526297,39554.8007011856,41020.30378560793,45397.76594081207,42494.85998265933,51357.253781902466,33527.48914589365,50059.814519773136,46548.76316591818,38363.666514918164,36452.2885656433,56344.2513977125,45716.40497980933,46892.47962873659
photo_house,26694.10877564495,24081.53439331766,30180.318799005046,25322.97667694538,23866.211669585813,20839.578405217115,22633.534428614046,25936.52754049664,63593.69913632697,70128.85439485866,19937.47184761404,68694.1946322052,32416.799935387306,27637.83315740042,52067.05950082539,40585.46453217472,59633.623282323875,40537.37879538205,35326.26884730538,39250.737494457855,30962.638072929498,0.0,58149.237175184506,19915.091097451896,47658.91438741419,58589.73855314696,57629.48371239866,56030.729269361334,40934.703994056494,52365.00747005099,59580.80232776336,70320.31820022309,73386.14751184305,75988.82152219045,62962.63824505342,77560.64829631563,60970.8341737276,65035.17821895957,55516.275855306536,55044.885268048485,73554.47150757404,51683.78436521421,43894.08076619488,59214.152780848046,83342.08940477045,57129.42261581927,71381.21122448132,49892.08495655671,72884.40699774252,64867.8621161235,69553.96002428124,65731.61799641707,68303.77111944795,63221.589369059715,62453.65473546738,72748.54304171744,51584.05033300278,76318.53336312056,70078.91964687969,71620.66748631414,65903.82507709094,76091.49138236021,73389.18548725835,69999.02289779687,73587.63720498561,57635.751966921765,63544.12019901533,72541.7401476759,74901.70399268644,72526.11496502695,64294.6420257197,69999.19483873395,52519.71268260387,65786.44855840455,69851.27823469129,60581.324478563765,62099.970681359795,74268.9742037574,67433.48165191169,61301.72870703293,65286.99099956453,67577.41150100071,74749.39262366015,60625.88737148165,62402.28401871983,67260.60498215472,64070.114210570515,73589.10460112432,53585.60826881547,72217.62353354735,68419.25881949035,59451.05089002038,57201.53442148403,78834.1434088862,67481.07004169146,68946.82736823402
