,photo_face,photo_profil,photo_eyes,photo_face2,photo_walking,photo_standing,photo_hand,photo_legs,photo_bird,photo_butterfly,photo_girafe,photo_fish,photo_cherry,photo_tree,photo_flower,photo_carrot,photo_watch,photo_key,photo_truck,photo_velo,photo_road,photo_house,photo_mountain,photo_windmill,drawing_face,drawing_profil,drawing_eyes,drawing_face2,drawing_walking,drawing_standing,drawing_hand,drawing_legs,drawing_bird,drawing_butterfly,drawing_girafe,drawing_fish,drawing_cherry,drawing_tree,drawing_flower,drawing_carrot,drawing_watch,drawing_key,drawing_truck,drawing_velo,drawing_road,drawing_house,drawing_mountain,drawing_windmill,geo_face,geo_profil,geo_eyes,geo_face2,geo_walking,geo_standing,geo_hand,geo_legs,geo_bird,geo_butterfly,geo_girafe,geo_fish,geo_cherry,geo_tree,geo_flower,geo_carrot,geo_watch,geo_key,geo_truck,geo_velo,geo_road,geo_house,geo_mountain,geo_windmill,word_face,word_profil,word_eyes,word_face2,word_walking,word_standing,word_hand,word_legs,word_bird,word_butterfly,word_girafe,word_fish,word_cherry,word_tree,word_flower,word_carrot,word_watch,word_key,word_truck,word_velo,word_road,word_house,word_mountain,word_windmill
photo_face,0.0,19795.14571597362,21310.806459567088,19105.25678095507,33859.018221497776,25887.058987830645,23802.475483369893,20759.32472708848,51375.600509032374,56888.47776666764,27418.169744176757,56063.93751132032,24105.38242407228,21441.204146910386,40199.48354821096,28979.260967480965,47307.717336306865,30351.944078015942,28536.265024409393,30059.778785561724,27604.522874831244,30040.60402054624,46114.54048236164,27121.65887699261,32948.61833740157,44576.869473835926,43835.420441709626,41484.59080572136,29840.104335752967,39193.756354193974,45468.4555164754,56300.09038677751,60045.72165273889,62434.17920928151,50186.81449972249,64199.06805266995,48280.150614831204,51309.51036976266,42386.47791407171,41461.22655252545,59803.12087671618,38935.289023389836,33687.71933459165,47188.557426681466,69706.13342102498,45363.25749660563,57507.50068271513,38376.50813452465,58822.06801401251,50726.51002441558,55566.14422029733,51429.2586760769,54687.20066906024,49616.70516249966,48812.65423423048,58625.7713419861,39048.19321496104,62565.5620893829,56684.78857277073,57804.05566936779,52448.76076084575,62095.38405904824,59287.80133808562,55727.04978099782,59650.77991233335,44246.9384794763,50475.40379169299,59068.53723320616,61109.02791017612,59125.78118386893,50562.637596703964,56217.27163822221,38469.60383521133,51456.82924938139,55387.55016734554,46516.318938238444,48059.16269259015,59807.33428814034,52923.02318370157,47061.92092105526,51002.02066682918,53301.618521121694,60220.44014736767,46497.14874186366,48257.1366597738,52832.4326588736,49657.68714380851,59208.503387699195,39541.95572502556,57612.467880966105,53998.62910577068,45172.98823956712,43071.93304202746,64399.01427007465,53234.82355255372,54474.14245139429
photo_profil,19795.14571597362,0.0,24060.94864714002,20755.198727248782,29985.557341326934,24100.254933419717,21786.652018089342,21928.828209871233,56590.29984062381,62378.82140383297,25009.278780885692,61423.35405376299,27352.31142603176,24555.26664200031,45565.06720065083,33946.95574141693,52842.2540884744,34495.011493304475,31958.633490514017,34003.91680051266,30453.148678478745,27904.768354348147,51342.656017532994,26285.960664754482,38916.59671788747,48392.95061944316,49274.49032873398,47314.71426492779,34160.50176684441,44790.42778720824,50940.03526291086,61636.60190553796,65524.657707380626,67909.29809665558,55452.80162352326,69690.2121401177,53494.54205193213,57113.19995821676,47797.19836450048,47104.809266237105,65637.42048564779,44068.818979745425,38176.79386490889,52238.416834888005,75436.08755422437,50587.54801377824,63177.15494390481,43364.00833207094,64532.64993589088,56307.77152260778,61305.506502285185,57191.35828793638,60295.20256427448,55232.79101919769,54412.36311829296,64351.62056763065,44386.59691613732,68149.39304903522,62145.03745606169,63388.010329327306,57940.46539621752,67938.20563860207,65110.363113107975,61572.09336375176,65536.48785953489,49664.98274518102,55932.220095362296,64596.77072407568,66779.14804807295,64716.37624780333,56155.26730971431,61880.236582431404,44168.90786565027,57226.53139741997,61208.24860807709,52163.48658407603,53736.035045942845,65579.2164732909,58726.36214054544,52755.65358290515,56704.24515838427,59019.3562405404,66008.27407804059,52158.34357070185,53940.223960370015,58614.970000979556,55472.02200863245,64970.24096265793,45115.069481132356,63479.63546844474,59758.91216631711,50951.525713462965,48746.90565032669,70191.89928692243,58934.67551082004,60260.36549102389
photo_eyes,21310.806459567088,24060.94864714002,0.0,21794.515521029814,39030.25438919023,31220.603896061715,28435.294597027914,23634.999869898056,47860.41673826895,53045.103800863726,30601.437718924084,52467.654003067466,24248.88113769959,23519.64665172228,38105.74528941382,28314.706852898416,44928.34654786733,27865.212044877415,27082.723470805493,28389.479668920165,25888.889892599505,33570.361033234156,42263.69330174188,29558.54590444268,31682.346217581377,41830.223890363806,39125.177698423395,38141.90894138784,29306.57956693228,37263.868165307715,42780.501851943125,53010.848757408814,56462.82471156491,58542.62468009924,47326.330788611376,60463.58003687865,45037.0170838484,48488.4617032448,39809.504154338014,39392.21528510544,56712.8792839711,35644.499107542164,31292.037781550716,43852.13433307225,65528.935349106556,41679.05155845234,53839.77084767084,36240.01673458547,55349.6438977766,47843.83172936859,51454.09984545957,48123.56017895379,51732.98004046386,46827.19761913056,46111.29664307144,55350.727422579825,36939.570737691836,58773.979093660564,53515.988186348564,53999.19921488369,49367.633106812646,58846.518280101634,56096.27840227131,52735.37662427921,56396.85983925696,40699.01605745752,46888.672129333216,55395.12715615669,57693.46698130505,55912.59838151818,47162.44541106991,53004.54407230575,35355.31606397053,47780.945477713336,51677.328318435604,42815.068747116944,44224.37896808827,55799.66715934663,49210.36581582441,43261.86386124606,47150.014911060716,49389.33591385175,56327.88652688409,42692.0660554822,44429.7280288416,49060.808738026324,46077.545252781514,55237.77566333635,36058.93243732645,53883.87504700692,50075.5764947109,41776.678661659236,39605.24097545595,60372.415637310536,49345.16771414673,50721.42491558954
photo_face2,19105.25678095507,20755.198727248782,21794.515521029814,0.0,31631.04920012045,25313.69693548968,22673.395879727646,21983.574551054455,55376.924816562656,61079.49493418144,26012.439160479717,60275.2575864722,27327.784244631577,24580.33984264471,44797.47907428752,33517.22033261572,52060.15968116797,33576.14957447105,31375.41942780554,33564.55108808598,29271.37757916579,28938.096336316943,50238.61190401744,27302.866220474847,37612.441954863534,49115.77181418122,47901.81754415932,44699.77855013271,34033.60062601282,43903.127089285495,50105.91392842152,60622.684043684436,64399.54989395024,66693.72838996557,54684.93548886318,68579.14687271204,52540.0740451833,56116.70798696832,46975.91216204085,46356.31774410844,64544.33676067288,42903.252367091845,37403.19575240794,51355.02957565484,74057.1657862501,49544.78537472127,61977.28513900163,42727.37601675041,63247.002322980006,55371.62080465751,59909.562453617415,55777.61386521537,59280.835384394995,54223.772345159916,53557.14931895313,63300.06139336048,43674.89518986863,66900.12872779148,61195.76938836338,62101.64876518223,56973.18033821838,66863.76516589159,64054.90588278365,60534.26406094172,64376.91762942019,48436.84036457016,54736.547182245355,63460.77689825745,65654.85278030255,63823.36392045021,55018.52012908247,60820.35871643543,42778.99142042488,55858.53565802613,59824.90411955065,50721.26542944005,52267.35925220314,64155.39937586345,57331.72039794508,51280.08121439976,55307.679526417196,57588.36820016916,64631.593822975025,50704.207206396335,52489.075197069375,57240.77893602171,54035.79270816678,63554.89775845521,43685.65225428459,62086.485347199494,58308.61118612862,49574.277913668084,47348.40765225019,68778.6093535991,57513.21269709925,58882.98926236163
photo_walking,33859.018221497776,29985.557341326934,39030.25438919023,31631.04920012045,0.0,21429.58021866636,24663.919203474354,32155.39295528526,75601.88872887881,81805.58715016142,26525.199545213593,80704.29103403438,42700.991447712724,37424.45811112751,63442.51257001878,50942.310816816345,71415.69322724029,51351.013090819535,47276.30374679008,50514.737820588794,43040.51350820595,27529.22511678521,70110.95298718062,31971.45657241729,57775.140179167014,69252.00462617709,68420.42851146242,66697.32473995796,49441.81320373836,62619.09748594084,69957.78437401589,80982.23673363864,84885.38450384233,87473.2352708055,74044.27729104008,89158.78014962802,72420.23586826134,76072.31560314231,66625.25471234755,65587.31922483032,85014.57623118871,62465.94766053808,55368.16728241885,70972.10932586048,94869.35931135512,69254.90011236805,82543.04959245252,61359.78195295292,84285.78696634079,75606.03771921186,80640.97608375557,76689.70873939984,78905.1812281382,74027.386772253,73467.49236380214,83708.02001236458,62390.73787388721,87739.19840100111,81188.58321296351,82825.06395353291,76994.69586168845,87308.47400148225,84510.28595074879,80789.51889114059,84805.2602980225,68501.55238999431,74905.74424256374,83928.67004337083,86211.19325291707,84244.73895640258,75310.82317042757,81257.67862085062,62817.43504053337,76647.0310074466,80738.00700943016,71293.21321898754,72926.81133806924,85245.96054766701,78206.28192879449,71928.93561178657,76086.93469929515,78443.84664864792,85683.57029706734,71303.51690091929,73180.96517809769,78098.97491539267,74792.2337505582,84612.46290220498,63917.81054774896,83106.96618802479,79250.94381088227,69986.01332831738,67749.26816555286,89935.68571817754,78313.86505488287,79777.4576733122
photo_standing,25887.058987830645,24100.254933419717,31220.603896061715,25313.69693548968,21429.58021866636,0.0,21140.823985244435,24355.68233087453,65165.17866009458,71162.74234795413,22946.086908351703,70148.02541450021,34273.437450524594,28595.75946487734,52691.28505405815,40673.231425927086,60711.038671362534,42001.57105654377,38114.19479098456,41095.39071058461,33999.26889894405,24749.473874537573,59748.11611377668,26240.977985646623,47650.71335872554,58910.196198081794,58183.148517798574,56327.55632283612,40171.14313256002,51505.949242119146,59356.51803501782,70288.58093121776,74226.10589519069,76729.31085593296,63307.16068699959,78550.18632503964,62140.26087300526,65307.44173922324,56018.448477017446,54865.31062673236,74090.26785803336,52423.97258262699,45571.16490873988,60667.91744430676,83973.55078019513,58830.303541916364,71856.38920635686,50948.74105786693,73589.13923510881,64909.46113834263,70064.66471122135,66032.65721840943,68327.3220748712,63252.95495536665,62892.907902452745,72920.48128792617,51905.146742552766,77057.18892468141,70412.65629885125,72255.11444847118,66529.94387714418,76600.44627076913,73634.98819675682,69839.17115252023,73945.15148179755,58188.648725650804,64507.160060992326,73387.13669850239,75485.75644791558,73506.44904732019,64758.798417052334,70437.27994065169,52555.48090841579,66087.23152182042,70059.33387644782,60909.22926718767,62463.18118434054,74547.15537401798,67594.3802143631,61498.20689638512,65560.49172495252,67869.8814996814,74975.69368274481,60910.2447973883,62705.962208006626,67499.99325563716,64246.180597189756,73924.1326625024,53699.28343166304,72412.57048513961,68675.25864271143,59513.95516894764,57415.28954926027,79172.23150551459,67758.66007956633,69124.86633295799
photo_hand,23802.475483369893,21786.652018089342,28435.294597027914,22673.395879727646,24663.919203474354,21140.823985244435,0.0,23591.02753151468,63581.16321461347,69358.3147632657,23631.014907923833,68350.15842733494,31799.477271238615,27676.904555334928,51654.015897549616,39384.86864121633,59301.6067069139,39970.7595565224,37172.35249637662,39783.3965013766,34351.19748122223,26385.937678267746,57987.60697238119,26895.290071768435,45685.65530784734,56902.835652477945,56076.23978618591,54223.16740908311,39963.9997433696,50964.21580112755,56588.56315863187,68778.2161354833,72668.49210175159,74960.01130783343,62308.51820796348,76779.78792174881,60236.33254098955,63776.989591816404,54158.2990461041,53373.03797921388,72440.84909192008,50410.72401843027,44192.63726742395,59183.211502560924,82436.50169211895,57260.98523547601,70109.8044178931,49538.514184363026,71656.29709504994,63215.0396838544,68148.35885291178,64095.70960163023,67063.4297514492,61887.54878954791,60659.54895521775,71175.48150173321,50410.23494584124,75088.81280512869,68961.97577878447,70306.40736915926,64752.38839483454,74679.15917447343,71804.45370419911,68266.15430446122,72242.91663106783,56229.24973714869,62771.99149358759,71591.24477095409,73580.99644086047,71795.10257227802,62912.50927459103,68749.01960146106,50467.69437461649,64052.26703652275,68128.02963859263,58820.491451312926,60442.39281642548,72597.47765613087,65596.31446505392,59442.163492927946,63549.01122929913,65868.31202506511,73059.06244942828,58801.39034302049,60663.71819333554,65501.04609368333,62241.67643415009,71996.68106569453,51530.59781012712,70436.36088855377,66671.18624114944,57540.46227754004,55308.12419009946,77280.50492959323,65747.49597310962,67187.27946812543
photo_legs,20759.32472708848,21928.828209871233,23634.999869898056,21983.574551054455,32155.39295528526,24355.68233087453,23591.02753151468,0.0,52361.63648340004,57966.63037152248,26202.66314231416,57131.49640276863,24454.09907206605,21771.491810690855,40672.40163970412,29246.847753211252,48179.643918756155,31123.94696404846,29285.458967301784,30617.296408673457,27726.39815123261,29335.12495707367,47308.856497881105,26177.094542563,35369.043060416305,46293.682247107805,45466.24500951822,43474.698226382665,29807.834004338223,39919.29609587164,46519.93275798995,56232.842712490106,61063.34389025176,63495.507246884874,50816.29653901417,65311.43797749481,49200.79755113564,52423.599944088935,43501.42318681158,42294.35425183291,60839.33443694463,40140.63298215643,34575.41046930123,48061.23402932311,70865.40425437284,46551.70745018284,58866.97321959187,39135.62839588281,60316.06643060954,51727.99516771076,56872.62565677692,52785.524412847146,55458.37908791664,50453.437765675866,50005.73439666261,59457.5568315235,39518.466515292566,63644.25570366015,57522.433663966396,59059.4347232893,53372.9531146772,63222.271146209234,60385.32044362076,56650.484782928164,60678.991218789255,45447.669992072326,51694.34405103139,60177.73118275078,62141.12369511947,60297.91752939378,51845.36693828571,57331.65633204406,40007.41060197051,52900.06914295916,56806.57566061541,47950.133485014034,49486.683394275504,61194.3064419219,54377.266759112536,48473.60885393327,52425.18560503195,54643.08849943501,61595.41210961046,47891.31271356956,49669.11408802855,54262.74663418184,51151.27439491171,60577.334975590384,41014.80031596479,59044.73090449432,55408.62234492666,46647.4869581564,44562.57873987692,65755.50746446801,54601.56356138719,55863.7783635826
photo_bird,51375.600509032374,56590.29984062381,47860.41673826895,55376.924816562656,75601.88872887881,65165.17866009458,63581.16321461347,52361.63648340004,0.0,22610.386434878546,62643.11221596843,19965.478398764324,41436.52263132783,46350.41647948846,24545.445114735074,33532.91846660531,23763.772364504115,34180.733395764066,38342.037980117595,34299.79312655101,44692.90138070159,65337.38230812056,23883.962057749424,57309.99180654462,30236.40937249756,25809.03636328666,26288.48893623404,25864.450546008396,35434.674698966424,26605.453969925602,25809.44567948663,26265.739782126893,20802.265205389227,26978.111233740303,22730.27482927398,25615.076074081557,23719.985482037842,24129.61195521395,24117.354876011363,25330.78807080059,25714.80189266379,25926.817635628908,30648.656022863073,22613.976320871985,31203.76804067223,23848.89665109415,24327.165819313886,28069.844124371415,25776.446805320556,23673.056524183616,24035.140684085898,24832.82215269444,24523.841397760403,23912.890614889562,24343.421175621006,26098.958279155544,26850.828099910203,27780.15564429977,24687.74349981762,24007.49753547661,24430.240012611193,27712.944138368246,25416.536676018357,24630.51540695972,25850.63303543209,23271.901812678516,23215.024839994338,24893.305646758752,27506.603350144596,25812.430216998935,24309.039313044443,25242.03436663924,25827.35104964182,22817.200499700335,23154.172330407113,23603.252317585564,23354.995193022347,24929.790847965498,22758.233541604397,23050.000511309107,22840.47854346286,23178.05649507008,25076.2667872722,23344.743611275426,22955.377924800603,22615.347033736445,22546.57093635789,24709.954340990756,25587.18665448036,23803.069475733584,23074.704112112966,23367.808710925277,23809.67235127799,27426.796366135506,23619.605858438368,22829.100701695897
photo_butterfly,56888.47776666764,62378.82140383297,53045.103800863726,61079.49493418144,81805.58715016142,71162.74234795413,69358.3147632657,57966.63037152248,22610.386434878546,0.0,69327.61128587519,21025.53613596988,46722.733520251124,51689.02202139901,28180.496632537375,38333.98098100944,25191.006092060157,39231.29278138572,44089.03058116745,39546.22383018811,50145.13020446562,71703.50321193221,25463.385152752344,63373.884535287776,33548.38506519633,26521.862933378652,26848.255914144815,26741.16122491188,39652.07312651417,28935.451105191525,26300.005205529127,23977.50563710631,20784.140347823788,18955.09520997915,23165.792044506557,22650.46517652477,23566.95706325391,22806.155507541276,26038.767952458395,27187.64776436858,22212.867991450596,29104.093876834373,35182.001365746124,24155.6566639486,25736.020163264442,24991.031083351034,21191.884213588393,30550.490044767936,21676.248330934934,22729.982778388865,21291.8032859687,23271.477861085004,21797.285189549522,22923.632696104523,23371.61179841528,22118.589180064002,29451.998797115888,21892.013842645865,22076.780328898814,21486.18503269699,22330.884406909274,22945.3007529244,21441.310958615064,21620.823743993235,21983.36252633447,25054.309007001564,22104.906668978754,21429.885648803127,23205.35210200822,22087.27646980894,22642.553551858964,21647.07088636346,28496.96778188853,21573.44645155932,20625.96196139703,24314.08880866684,23711.57636736169,21552.364967694128,20974.009874187585,23613.08206717539,22113.282899554855,21849.996709034094,21317.480398212796,24201.606208429803,23250.44368287664,21015.870930543588,21929.34737826747,21496.292625683876,28154.51216968428,20557.43004370038,21370.32166373984,24172.69271506595,25425.917278361292,23018.013230173787,22383.50897761848,20698.67590181988
photo_girafe,27418.169744176757,25009.278780885692,30601.437718924084,26012.439160479717,26525.199545213593,22946.086908351703,23631.014907923833,26202.66314231416,62643.11221596843,69327.61128587519,0.0,67800.90543145336,32624.71395674,28996.49007900633,51490.94891413101,39945.30151415656,59421.06726731615,40285.04651344612,36098.17947854479,39280.05378955626,33878.7981112108,24794.407837711027,58142.91795241434,25268.305493282594,47036.06393278509,57932.71354313324,56989.27893055922,55274.81291484582,40790.28138790915,51679.5329577725,58702.142776920235,69520.17787508368,72336.36057583717,75131.7124093515,61485.75840716587,76601.70180421029,60440.500240080975,64469.26757198996,54793.408308343,54138.184726155574,72833.64379951061,50967.60068028387,43723.62323444184,58655.77682816619,82720.32239860845,57260.75802515815,70653.72438567785,49762.36881525378,72255.06185617944,63953.95603391745,68771.8003647763,64944.74226071835,67622.05220491845,62451.50642078293,62017.78450658678,71990.10518540889,51278.11638246569,75701.85084941199,69054.30986135917,70740.90680341929,65393.01427881257,75533.69765618622,72435.74560007824,69051.34808171891,72929.25369300935,56831.58123895697,63018.615753627055,71776.08057096155,74362.7432725318,72183.63441831413,63678.07892667802,69367.53555820021,51643.35156399125,64922.6154512696,68919.28483268469,59719.09344873434,61283.07570486525,73262.88101643877,66469.44801602991,60358.33090542896,64330.91849883126,66615.30144608105,73737.81275959658,59707.75869790262,61506.3863152204,66326.70164928776,63144.45672256327,72621.88007612764,52646.26355286835,71181.9137516027,67418.06228512112,58565.26839060154,56355.94519484966,77876.95339447513,66524.11813610379,67990.4248749021
photo_fish,56063.93751132032,61423.35405376299,52467.654003067466,60275.2575864722,80704.29103403438,70148.02541450021,68350.15842733494,57131.49640276863,19965.478398764324,21025.53613596988,67800.90543145336,0.0,45753.32170014873,50802.44245009366,27204.026969621147,37386.372813998605,24496.005195902915,37532.98807582839,42252.30555378113,37945.638652563146,49163.1275491356,70275.15995075204,24801.289122146703,62097.768364903946,33287.058134218205,26882.20643596723,27250.832541608022,27604.061207425566,39108.475975606285,28973.82063868762,26707.696295970938,25220.919786070124,20217.318994265996,23928.012520137472,22928.712888357873,19424.25131173424,23952.331971540112,23609.584493840746,25994.56937113006,27069.903953878445,22948.12165067521,27977.67486306328,33291.39591577335,23382.338074687937,26966.15685398097,24785.980815017876,21674.320206522694,30396.346810397812,23222.12047585008,23259.338976500152,21947.17849643016,24244.04840469919,23188.519849851116,23824.648852605296,24138.90723664793,23897.99035996311,29086.87006335149,24648.831293345727,22909.254550686175,20394.421300513553,23590.283112018897,24735.52249375202,22996.113138973877,22901.75843759901,23316.778180548197,24200.7306112532,22103.96722521406,22204.87777125322,24985.8665125971,23423.51153755215,23624.874520537414,23239.535911189912,28132.328460973586,22008.305396651132,21381.960900088718,24281.76477241838,23481.98794328748,22092.478884110536,21628.660900717536,23347.495655066457,22153.578850916034,22001.25350630249,22206.217716900857,23926.022592395013,22997.964530051482,21470.5252695579,22251.17608598686,22069.727623458293,27668.926734352575,21503.680835556217,21615.304616257945,24216.10366517696,25274.08874844407,23865.022310013515,22465.667111050316,21243.326675623204
photo_cherry,24105.38242407228,27352.31142603176,24248.88113769959,27327.784244631577,42700.991447712724,34273.437450524594,31799.477271238615,24454.09907206605,41436.52263132783,46722.733520251124,32624.71395674,45753.32170014873,0.0,20394.504725747658,30689.45255380976,21645.790583781996,37834.04056249686,23511.069335998625,23758.81814577118,23142.756797787926,26087.87067953291,35338.477567387716,37095.33672127697,29012.57403053497,27777.738321331806,36718.490709921636,36309.27576262241,34627.60400222563,24339.19853933876,31541.590563183778,37351.66892352841,47411.87634464706,50116.88735305772,52452.63172447079,40312.44893868425,54072.95064137159,37415.516312340435,42127.56824152508,33373.70014014479,32646.693818487034,50284.28914027477,30387.373942172726,25913.08726696073,37590.08659537024,60124.77225329091,36130.618599072084,48094.268662822185,29489.544596560794,49574.45030849526,41890.289009844644,46308.45823977495,42982.787938929825,45206.375562690744,40506.61987843379,39612.21883692134,49126.035398123306,30065.999201677183,52683.45049347232,46691.39640555067,48316.32670745841,42294.289935816625,52405.05148716505,49631.16552061888,46356.25997476444,50088.850754937695,35229.2380113026,41088.60173800431,49127.93427332416,51631.14456047913,49413.26232887151,41578.6555950776,46728.510241543794,30650.61577243702,42475.63659980578,46203.110174233945,38024.836866238795,39483.90389152663,50559.402432343675,43928.61691667441,38499.42748961385,42109.046131697454,44367.19113692447,50901.14823066238,38006.54268086555,39592.93634152947,43806.12891964545,40801.17845210096,49942.12222009743,31681.153151873765,48392.59989564081,45015.25418248264,36774.872098668864,34674.34265956066,55020.06876285418,44426.40414069051,45348.571987369236
photo_tree,21441.204146910386,24555.26664200031,23519.64665172228,24580.33984264471,37424.45811112751,28595.75946487734,27676.904555334928,21771.491810690855,46350.41647948846,51689.02202139901,28996.49007900633,50802.44245009366,20394.504725747658,0.0,34506.53174116548,23834.144498056572,41973.25979101083,26320.591616413374,25033.064039725745,25973.42405656173,24458.840907045487,30757.388964358124,40808.49054678288,25816.040194584206,30915.514683264355,40980.34924517925,40357.77152257225,38594.63498066705,25923.070408224085,34592.581488405565,41315.785740569976,51869.02770132226,54882.08876285058,57374.09945619329,44764.70887859031,58989.02261996331,43047.04076902511,45572.7739135273,37384.80402671475,36361.52481626345,54690.0481251989,34478.02978401223,28911.25994334288,42129.01346577599,64583.00439706006,40139.673992662516,52391.470329180156,33042.46091805784,54239.693071459704,46071.26257730493,50865.80646191865,47475.290440818775,49450.39776810408,44568.24892861518,43663.749406595816,53615.43456624553,33829.83496866489,57499.10001857516,51301.54343006216,52937.8486338107,47238.87143307639,56717.06249902684,54156.58176475791,50560.20025338072,54556.94674215483,39524.888519414555,45389.69725391842,54081.118084420894,55950.86344142551,53859.57688028125,45618.25714550212,51170.57990678919,34288.88360656602,46978.706810710726,50735.9307590676,42296.02162457927,43813.02843962695,55227.4024139366,48349.78541828819,42761.67253917144,46586.58128618742,48826.60398894186,55568.70249337484,42257.42764309124,43932.031003519936,48271.99459474051,45186.30685792212,54616.24487494333,35559.99914092877,52961.317446081426,49543.44876746308,40795.87335555766,38787.36111892767,59729.285472924494,48831.06180387554,49905.09098992192
photo_flower,40199.48354821096,45565.06720065083,38105.74528941382,44797.47907428752,63442.51257001878,52691.28505405815,51654.015897549616,40672.40163970412,24545.445114735074,28180.496632537375,51490.94891413101,27204.026969621147,30689.45255380976,34506.53174116548,0.0,22037.009705197255,21800.944599078517,26456.99520100466,29883.778861840638,26291.41760284852,34646.86330509466,53916.31680972907,23087.684957483896,46126.91463340207,23200.58998704582,23996.708853007538,24676.963651933987,23311.447212008257,25454.743830410156,19963.108296522423,23079.317637805023,29689.0921630458,30327.057897070896,33142.79907387721,22975.68400302947,34186.47883510804,23603.308319984702,24170.663339368155,18454.309905832935,18867.456226108636,30116.257572051556,21956.44692007006,23701.753246176853,23355.529580262868,39225.06149597396,22640.86791033698,29392.483880680546,21354.122995931102,30481.01075494517,23974.61765220834,28435.40438611509,26027.406063154212,26449.404820057298,23283.480842400695,23434.531842008855,29947.212354302323,19962.730488107984,33399.581087729865,27837.629819774145,29961.033192376457,25749.1993177491,32495.24149007306,29004.084046286753,26599.555137883548,30108.60301169796,22247.907160495783,25097.051504709045,30630.01789306644,32127.795984424007,30246.637820223932,25467.828997838566,28136.772755704278,21396.04452343655,25802.437597274682,27915.191949195996,23942.602145740133,24495.0939763509,31514.15375529703,26473.242247768678,23753.94170984458,25664.259688824113,27088.09044119731,31695.937542061383,23713.693509974706,24282.80289318537,26416.01641037039,24586.063089846335,31095.87756367085,22056.830394691064,29560.550647776956,27444.366393716216,22743.33135768105,22173.786023113513,35136.39718258537,27351.71577473406,27370.50769916766
photo_carrot,28979.260967480965,33946.95574141693,28314.706852898416,33517.22033261572,50942.310816816345,40673.231425927086,39384.86864121633,29246.847753211252,33532.91846660531,38333.98098100944,39945.30151415656,37386.372813998605,21645.790583781996,23834.144498056572,22037.009705197255,0.0,29103.978444858065,21527.44153989013,23951.309943121694,21789.082006460012,27497.506204987312,42825.43208570635,29697.322921117822,35652.25981966171,22244.836424624205,29429.71435025421,29290.652795933653,27620.536315406356,21114.3770004406,23180.630843726954,28892.204658382754,38742.73273701813,41154.92096882073,43729.95136334993,31694.553950640176,45115.39246607683,30824.316307692112,32797.20044731269,24885.77625710407,20817.18321075204,40612.24112706269,24177.723533537388,22084.850453395953,30193.766381594283,50666.84061179925,28789.23695565297,39194.490630261644,23619.5694473068,40587.832626760675,32496.99891200755,37667.36908988962,34273.978124667294,35760.114114361495,31173.382933254252,30975.296607456843,39721.08539644214,22509.47442691251,43673.92607407531,37725.85238706275,39429.86345458374,34169.075961438015,42755.11996234909,39591.02287737047,35369.11322173294,40212.59079187635,27601.365141498372,32845.82056747869,40507.21944810826,42334.42907219941,40245.66440092535,33026.07311780785,37658.46987181881,23690.789158115702,33949.94852544326,37223.83950822544,30091.270147467367,31382.882697100507,41543.16914158026,35105.43133222489,30384.854025532426,33644.79521554952,35625.34993894009,41775.531974802485,30037.193470036276,31369.80233912784,35033.28836428007,32304.023820649887,40955.621954798,24843.65577308,39267.49488936953,36279.63738034769,28622.597033350175,27043.03848243414,45779.731018239545,35777.31390724825,36490.552432498145
photo_watch,47307.717336306865,52842.2540884744,44928.34654786733,52060.15968116797,71415.69322724029,60711.038671362534,59301.6067069139,48179.643918756155,23763.772364504115,25191.006092060157,59421.06726731615,24496.005195902915,37834.04056249686,41973.25979101083,21800.944599078517,29103.978444858065,0.0,31716.94702917485,35859.69633012327,31891.03543130542,41613.16924838987,61497.053573462355,23604.82258258099,53459.065053400474,27345.059853658113,24538.394203919263,25691.085329131998,24919.12133609684,31426.614798239574,23056.85868809325,23518.617851495896,26830.08276745719,26712.220986108485,28924.12690929118,22029.842316830025,29509.696402105732,23407.220663477096,22680.73008824512,21507.968259824538,21280.782929530047,23167.442173129853,24525.44028311708,28462.341312667144,23133.7158178274,34138.58625362655,23415.22850945751,25827.176590176652,24673.375359511443,26618.303945013882,22277.07924543488,25251.14908254666,24110.720708092827,23608.689616173087,21850.870458242687,22081.309442382983,25788.96820986886,22884.430428351377,28971.581275629607,24619.811552872372,26148.48138387975,23407.38801266908,27920.347659415645,25251.782151404423,23566.595405046803,24090.386370775817,22629.457941311826,23425.124274240596,26698.088016929716,27811.201540110742,26301.028897121156,23935.797974648514,24675.82379425711,23996.22463810408,23616.930869987016,24554.25741633771,23521.913892882098,23697.45147047142,27375.44613211601,23793.321193270232,23194.825412522372,23679.855906099776,24510.58502326298,27395.320004662462,23310.49588410443,23330.646815559492,23723.88909719451,22998.664259292447,27048.84506495336,24232.866696309808,25709.337173347565,24658.19832689866,22686.282131593365,22986.21719062741,30200.417828829286,24737.6449416472,24292.425991283162
photo_key,30351.944078015942,34495.011493304475,27865.212044877415,33576.14957447105,51351.013090819535,42001.57105654377,39970.7595565224,31123.94696404846,34180.733395764066,39231.29278138572,40285.04651344612,37532.98807582839,23511.069335998625,26320.591616413374,26456.99520100466,21527.44153989013,31716.94702917485,0.0,22745.92685973409,21428.73213520742,28484.93173791715,43074.94261998066,30718.493860994182,36094.48552121536,24049.751135011258,30648.350862935393,28796.29820559943,28277.240284361895,23378.671389863368,26171.803124256658,31062.43424855694,40302.49239745521,41793.6608835258,44629.63287553951,34057.49817680628,45160.91156756975,31727.215250550493,35287.10642931805,27705.04184574127,27087.949195054283,42585.968189215324,19660.884848928446,21008.853285553112,30390.598651047156,51178.35435703568,28997.622042972223,39362.94495613966,25081.536213896823,41654.89293403838,34718.568696316106,37089.62089059716,35627.65083017597,37853.6331216557,33593.25527942399,32795.45692274025,41689.569245615116,25115.893680239904,44580.84442498144,39417.21136420913,39005.31529270464,35709.53912963747,44788.843801925934,41931.09326273375,38919.60958129546,42245.16436422378,25101.704023091672,32250.773063385226,40601.38317495515,44053.27776703944,41901.80536467031,33806.24980017914,39215.945841667875,23574.75321484048,34045.32038266377,37470.70110686057,29797.918968170896,30820.168679571245,41385.39580260655,35350.35734981325,30012.697422427584,33303.0039585953,35546.53733451907,41980.68014531473,29403.239139395908,31008.07658583134,35175.27519332393,32346.811031509304,40961.01858844314,24045.48672273375,39662.96192957198,36065.89290085713,28762.369714390403,26921.11425034766,45838.663114070514,35693.65121132113,36682.17844687947
photo_truck,28536.265024409393,31958.633490514017,27082.723470805493,31375.41942780554,47276.30374679008,38114.19479098456,37172.35249637662,29285.458967301784,38342.037980117595,44089.03058116745,36098.17947854479,42252.30555378113,23758.81814577118,25033.064039725745,29883.778861840638,23951.309943121694,35859.69633012327,22745.92685973409,0.0,22124.411948378616,25759.15670490725,38281.01240054522,34617.85839259642,32334.87278541199,27547.43916680798,35193.64074238082,34159.42839143737,32767.12011793489,24893.178073026917,30090.2412002878,35958.22091888022,45255.16827670296,46707.54213432313,49585.30464888088,38302.03516994269,50343.18817344442,36350.07029902461,40130.748648075474,32100.39077324538,31860.87874167225,47521.95267751714,28019.953589958724,19478.95600115259,34249.98227174801,56355.159552966106,32680.796429066082,44883.833810635064,28559.13486097099,46835.33984238083,39728.07185784475,43339.52732637839,40889.25512948438,42730.02513958287,38310.462527390046,37885.60349403347,46960.95904328975,29363.394712044184,50047.56394529161,44314.11413846642,44785.28683251388,40791.79276109586,50090.75964672663,47266.368354230486,44250.00127152382,47601.57321839709,32593.77785405594,36410.89920094853,45822.638217920976,49081.14730734555,46917.41906499201,38914.594663235715,44370.10922845385,29460.664293437887,40062.13112303501,43598.61947147621,35829.444275606256,37000.12730112119,47505.497051659964,41446.74520703037,36146.05584257552,39558.089791432954,41651.99255137827,48007.73713514211,35670.97048399512,37127.268681208254,41245.77461984242,38546.16178571207,46982.44096489208,30133.289220670165,45676.754858110784,42171.704785423346,34745.59013141765,32957.3959877746,51855.49183534908,41551.664755528574,42715.131290886864
photo_velo,30059.778785561724,34003.91680051266,28389.479668920165,33564.55108808598,50514.737820588794,41095.39071058461,39783.3965013766,30617.296408673457,34299.79312655101,39546.22383018811,39280.05378955626,37945.638652563146,23142.756797787926,25973.42405656173,26291.41760284852,21789.082006460012,31891.03543130542,21428.73213520742,22124.411948378616,0.0,27203.88798567865,41947.66649776303,30876.928840344066,34976.7172807124,24783.454052238092,31284.752953609997,30629.93882428067,29384.21227432982,23168.51962100025,26600.752595866,32033.724577053137,40845.20102324347,42310.41686340078,45299.54162913313,33903.62698915742,45905.79004940538,32334.845752781013,36055.31198120939,28476.877951941082,28100.740924100515,43097.69604102049,24825.75587867064,21057.847683036292,26191.897213132837,52121.73475321962,29466.35984687388,40513.824779516384,25503.33022744516,42422.012758261495,35604.79308533128,39117.22767940996,36809.26456131868,38332.37553315819,34246.28297449179,33865.127699213495,42717.82496399961,26046.07622277803,45713.65049970862,40016.8773781029,40834.122107143994,36313.326211284664,45590.31669562081,42869.18423946703,39872.493614605235,43260.43943143664,28962.90779989771,33679.31661903832,40190.67616471483,44929.577621303964,42691.54561778823,34808.44242674884,40189.65578215047,26126.42521626714,35968.79201148146,39343.83552991489,32115.630343739314,33290.01423531024,43274.82579064745,37284.39407654318,32366.658719963747,35502.04861347091,37561.71357832733,43633.14740103233,31934.13550960361,33319.89774735089,37080.22497345917,34500.281840829746,42719.89651135567,26803.09877695038,41380.55134245542,38103.681933459164,30944.79241005548,29321.98211909667,47543.06830704363,37701.14002803208,38495.32181113411
photo_road,27604.522874831244,30453.148678478745,25888.889892599505,29271.37757916579,43040.51350820595,33999.26889894405,34351.19748122223,27726.39815123261,44692.90138070159,50145.13020446562,33878.7981112108,49163.1275491356,26087.87067953291,24458.840907045487,34646.86330509466,27497.506204987312,41613.16924838987,28484.93173791715,25759.15670490725,27203.88798567865,0.0,34495.778927677,39163.922155962326,30046.100014494834,32248.084337597207,41072.050736650555,39791.497818086,38109.80580032396,28435.844234171636,35014.742278250116,41591.43204140446,50891.554914269866,53259.05008144838,55797.196571481116,44197.801050521935,57315.99735864792,42787.04230684341,45771.5378127114,37668.75096266066,37540.57549872883,53537.80141120571,34868.80350624384,29386.687501030367,40866.11946328093,61149.847055448714,38974.583462452814,50989.76409119331,34219.65948510704,53128.711297390175,45767.92844910055,49559.89788382617,46914.74921806515,48722.092727836054,44527.99969703677,43818.1861782747,52716.894035471545,35015.8851279739,56207.151558493046,50337.410223008446,51679.73210447992,46938.415593044876,56010.36237878266,53381.74056928526,50073.70932427622,53583.08960293087,39357.86425074179,44423.71427718511,52634.43612000468,54611.289245518055,53002.592076300956,44885.03430214157,50516.905149034035,34983.195958254364,46160.70182411711,49645.256990316055,41823.45642719488,43038.501043049386,53677.2639667991,47478.139670549506,42178.24557657155,45686.09091056124,47737.81289483987,54120.41918050873,41758.72033440406,43222.42682788871,47299.81406744178,44574.09522213163,53109.57301149121,35952.99778143887,51807.70268246435,48399.64198745208,40583.02503099429,38793.29738700498,58011.725084752245,47673.51314437584,48707.87375192626
photo_house,30040.60402054624,27904.768354348147,33570.361033234156,28938.096336316943,27529.22511678521,24749.473874537573,26385.937678267746,29335.12495707367,65337.38230812056,71703.50321193221,24794.407837711027,70275.15995075204,35338.477567387716,30757.388964358124,53916.31680972907,42825.43208570635,61497.053573462355,43074.94261998066,38281.01240054522,41947.66649776303,34495.778927677,0.0,60041.79121295709,24968.172713376705,49725.27264614025,60457.73846824609,59667.54481744753,57877.52514833964,43389.286069480426,54250.6911611583,61359.22805926412,71927.29285004477,74846.62445954593,77481.78908226306,64612.598981686235,79004.37036484531,62699.36608339305,66548.42936341459,57226.00308686834,56700.82058176261,75088.47686269692,53583.86829504995,46139.089556894534,61092.48207873829,84715.17135676873,58895.401162344635,72834.16303406046,51912.850227070645,74404.1152679849,66390.26406561896,71146.17382638817,67417.62507408073,69860.24169004805,64889.3914648273,64159.15098814527,74247.4141455862,53520.410427243194,77917.93254276435,71612.45347764475,73163.88092247934,67583.39072257443,77646.67872534793,74860.15289583293,71426.30400255029,75140.08347242502,59378.60246609441,65184.71761303469,74125.3168525607,76457.03945958852,74002.67358950122,65929.60399327619,71571.14113634088,54307.33996079841,67382.76903342774,71318.2488760803,62316.1989445878,63834.53841394051,75669.15374250767,68900.61754646353,62952.55915212208,66855.62367655965,69146.2382713181,76138.87916345401,62314.95733114916,64081.31284716993,68755.13164384376,65645.7595264331,75018.46240372352,55364.34715453073,73615.44341381264,69889.70417717032,61105.38738669046,58931.802653913684,80203.91312951899,69041.12848006596,70378.11288623647
