,photo_face,photo_profil,photo_eyes,photo_face2,photo_walking,photo_standing,photo_hand,photo_legs,photo_bird,photo_butterfly,photo_girafe,photo_fish,photo_cherry,photo_tree,photo_flower,photo_carrot,photo_watch,photo_key,photo_truck,photo_velo,photo_road,photo_house,photo_mountain,photo_windmill,drawing_face,drawing_profil,drawing_eyes,drawing_face2,drawing_walking,drawing_standing,drawing_hand,drawing_legs,drawing_bird,drawing_butterfly,drawing_girafe,drawing_fish,drawing_cherry,drawing_tree,drawing_flower,drawing_carrot,drawing_watch,drawing_key,drawing_truck,drawing_velo,drawing_road,drawing_house,drawing_mountain,drawing_windmill,geo_face,geo_profil,geo_eyes,geo_face2,geo_walking,geo_standing,geo_hand,geo_legs,geo_bird,geo_butterfly,geo_girafe,geo_fish,geo_cherry,geo_tree,geo_flower,geo_carrot,geo_watch,geo_key,geo_truck,geo_velo,geo_road,geo_house,geo_mountain,geo_windmill,word_face,word_profil,word_eyes,word_face2,word_walking,word_standing,word_hand,word_legs,word_bird,word_butterfly,word_girafe,word_fish,word_cherry,word_tree,word_flower,word_carrot,word_watch,word_key,word_truck,word_velo,word_road,word_house,word_mountain,word_windmill
photo_face,0.0,89.1507916391853,96.58729534769519,82.7327056565043,98.36607812173247,97.37122834599514,93.94530232427772,110.03709913263829,106.23511860377847,113.87482512741447,110.2078874206692,124.74772071004016,103.64070821326811,102.0016765733952,102.86465781569613,98.7817431202905,106.12264245089763,112.64878477149254,112.6661319186442,112.8163106391535,114.09135924607506,102.10819801673564,118.52502018195699,108.74110112958198,83.17384298466295,89.31518867971528,100.10107269653426,87.11572961693344,98.96353585997166,91.92656846971344,99.19783352267702,101.31570903644163,98.58345933273401,115.57713539000969,104.80524914397039,109.81044895730253,105.2357588957194,94.53210045086166,96.52443108953793,95.91051605477544,96.50107281868675,107.35024092130092,105.12870329352369,108.8320964118256,104.74491847252186,98.35278269078745,98.62724891766472,101.13489194260032,96.97008137897272,92.95382192414822,101.61771401982342,96.3695264620351,96.73024275905226,96.20273296734446,97.26666325313082,100.25296861536619,98.37293032676112,103.08607912823572,99.82629942248256,104.4513668527945,100.66117254214068,95.37063747086972,98.6940671819761,97.52465223969963,101.41645247575477,105.48033851010713,101.4052624388708,103.32914553000097,100.33372356252019,96.43001436149126,98.65463715741086,107.00463984328118,102.36539393555937,103.47077879846452,104.15947470620408,107.77089962454038,108.10233264386399,111.29467570586525,104.51910021089371,106.83024811859484,109.04218859863958,108.26312145256931,103.59468178840548,110.46476685248994,107.63538116295481,104.10051798279322,103.83013600007418,106.29894433530424,104.32042226818454,106.43984279552731,107.50434010687414,107.72396783822221,105.04842878139708,106.97660144647325,108.74845345786981,107.91498890716842
photo_profil,89.1507916391853,0.0,102.2129829288609,95.78975959697092,99.31037267319701,101.90245294452895,95.56890665327244,106.93912410070513,108.51578835371316,112.92854192958396,111.51575159753698,123.49816066264385,106.12667217805085,102.10979194459425,104.68372597543255,100.72889889170176,111.28313513040912,113.29175308612083,111.19223979615126,110.47996986967114,112.38634006866455,101.59043367869023,114.51621220704385,106.0490692098405,93.60694913994662,79.86840185542339,105.53741417082239,95.99678685850189,101.57186681179127,98.77674534252208,101.32993599382553,100.05889717007813,103.07698950858232,114.31939330584723,108.52550470399765,110.53891995148257,106.83324463781736,98.93850631092069,99.1009821702389,99.2535620853249,102.10347817530254,110.11864472660287,104.96321241153623,107.88378827253285,106.64662262608012,100.51471531681902,103.34200699322356,101.04739572614304,100.0565530471187,97.29134226236509,106.57255217836843,102.64981312800218,100.60442024396573,100.6279320894759,98.65742259697974,104.66872170928669,100.80220223505191,103.21395646003188,101.41372839211374,106.29542714340442,103.95829274167018,99.15218037185934,102.23112518733393,101.42571576001515,105.99368792413723,109.03659196649323,103.42581877282515,104.6245722387035,103.5771130438366,98.76739993749446,101.82360353092736,106.98135910383878,109.5250313090934,109.21835276750429,110.21904322120078,113.52082284948217,114.04139149746749,113.69457885758902,112.15574021026822,112.59933187330614,113.35288955171815,112.24154515153386,110.32458080957166,115.23695565163312,114.07922029627046,109.06338137000908,110.78685161178052,110.72272051040102,110.67863848161832,111.16302702650238,113.8252351093578,110.12377594353804,112.15188378585923,113.06474087887595,113.74263323542688,112.188014784305
photo_eyes,96.58729534769519,102.2129829288609,0.0,89.73873731769055,108.21910311513591,107.4637685137879,102.30357688314564,108.31508016541326,108.15957111232835,113.75952529923018,114.1979929700289,120.43927194023745,112.49347159307209,112.78907771877687,109.75508833610901,108.32061648140383,116.9937713090424,113.55013996195777,111.40225021899317,111.98525095283966,103.6608745931202,106.01696177366748,112.79936527160811,111.4579628411185,97.56217727806784,100.34922931405683,90.69236568475708,89.25351507991462,110.00029115616063,102.9950154561818,105.64203400279791,104.484508869706,104.00773791287097,115.18865884237022,114.8118858829073,110.33555754205638,110.16235384812498,106.33938107848284,105.64235411743338,107.3323488007432,106.31765684599779,109.51137489186785,105.39182244189882,110.13585987144569,100.33917037875725,100.74413833090311,104.67075460826793,108.62130304976363,102.00377599107564,102.07652984648989,99.617417245825,100.63749230210679,105.98534085992124,104.77034051392107,104.91125484423785,107.81250519350262,106.00515776557445,105.29644063599952,106.46901680536018,104.20847888508808,109.45103279989505,105.03954573497955,105.74117158297996,107.2377273447153,108.34177336912173,107.42422753131657,101.80733225788448,105.3570308091272,107.68043056927209,103.21993665523203,104.36735495876344,111.24668448654515,109.78467291464167,108.77687590627765,109.58467167951741,112.06850187534384,111.05357070758829,112.01383394348869,111.71211673960748,110.39771749022701,111.81982695124093,111.33525241711094,111.27272205771011,112.42324056081956,111.49344050654895,109.55137883301154,110.29812123161565,109.26406661531307,109.78818716493214,111.51372812170983,111.3913270050383,110.04033371058907,112.3518504606269,111.35091751275027,112.74036897123905,111.5392652594548
photo_face2,82.7327056565043,95.78975959697092,89.73873731769055,0.0,101.46316712866151,103.06619653708977,97.17244375964908,106.29547423529759,105.09834340257855,112.42385407811433,110.88993530497757,121.66452793726486,108.1555700495182,106.39155756545793,106.61580126952103,104.11377557454831,113.1373530563045,112.56568895043611,110.47873349893094,111.46742192251507,108.74537412524799,102.33796071531344,115.36834929410658,108.62451207862965,88.85736563873512,95.34431034313191,100.77469360173288,79.90594924767815,104.18464307651632,98.49113750054124,103.32752296403244,100.77842537051099,100.75451215543829,114.72529574473674,109.9449947642977,110.43362796106538,107.02887145790717,102.40385737400432,101.67212111590305,102.88659292993334,103.62805744022165,108.98521472171682,104.90805185977993,108.69800861017109,104.50871699320284,99.48088124080539,102.98348328072424,104.57920146137842,99.44245017292837,97.95504219350954,103.87262643278173,98.22969035510332,101.22799343278203,100.71664569171821,102.49079098441848,106.18573159950871,103.4603703922337,102.66542294546483,102.47685266655097,104.71030794598337,104.96274480693388,101.66992822573492,103.40860761059129,104.16290242199986,106.62950400783654,107.06002253482973,101.44824774274856,104.23600266593309,104.8715198650127,100.71539340025687,102.18163566837319,109.01923927358537,108.11911532051344,108.10369732279932,108.41009844017356,111.3986782646467,111.15663857387366,112.7409086392314,109.90931325574753,110.28501946206671,112.00680518158161,111.29659518704207,109.16523769114451,112.78331452093664,111.18634332925484,108.44711614070675,108.61267369893993,108.81136195916189,107.98561998934305,110.40667226386003,111.21839549719236,110.43465154347449,110.1156275906715,110.71790661839736,111.24668885198545,111.11768494490761
photo_walking,98.36607812173247,99.31037267319701,108.21910311513591,101.46316712866151,0.0,88.23663306826182,92.77766754581057,96.44903072632768,102.12214972029854,111.74122852513152,106.96548210877661,116.36975961213797,100.80554406007822,98.62512094401471,95.29455115723268,93.87012524908073,105.68726833556613,109.33635283665214,108.74598685669612,103.09689625091157,111.51267138504639,99.15722629264464,106.1099278595537,102.20250006521407,94.57566259553083,94.38330765518783,104.69261241421478,97.31519815137565,74.4318920736314,87.30143722465178,93.39170470558297,91.58698484749766,95.8346348842565,113.66788267036219,99.83652791018103,104.25091600658408,103.86960825323168,92.38139658190762,94.96912359833888,93.30161696476675,95.72529815047331,104.96055890893074,100.36685569128727,102.21421168641538,100.782821305815,98.23974138689135,98.19579641509556,97.00830322411822,99.41267457890785,89.89018726613367,102.86589664208014,98.88030529161709,81.15891649404101,90.0789866374474,93.29542874348473,95.84784867654794,90.96687285910323,100.3283676065801,93.56092176172513,101.52739756415157,97.70798035753387,90.68609559712237,94.69210127503804,94.47621976711429,95.56335085237104,102.92105117193049,98.63267523891945,97.88571655095102,96.43623204967744,96.4186932316126,97.16885339132675,101.18252446904428,103.2030744545475,102.93314001371634,103.77582063542435,108.6555801836672,109.5508478314861,108.60297418500792,105.44982074116217,106.88309776869035,109.0100600657762,108.09332210407965,106.29337752282308,110.11743577252099,108.85897936470826,104.36463614541421,104.74481910925374,105.93566433339026,105.77856725983646,105.47519095519968,108.14793360560299,102.45314784225039,105.88855895560826,108.30210717730128,109.22575210646423,105.99920709664022
photo_standing,97.37122834599514,101.90245294452895,107.4637685137879,103.06619653708977,88.23663306826182,0.0,92.54587589380435,97.00852580199269,103.2478204204493,111.60203360663114,104.53267203606246,118.56470322259415,105.6685729931116,99.10172756210453,91.15113019765343,92.16653733927498,103.0027598417118,111.09687951762476,109.40794858990125,108.02992421564245,112.73265719589028,99.73932305073815,110.77547639076336,102.12222301387578,93.34823668099163,95.14464983104145,103.47314494325107,96.20806161566333,88.06917082526896,77.25206605056376,91.41647507155616,93.31264023953706,97.61571672193115,112.52603885666768,98.8277168314892,107.5942575386214,106.89175320271123,90.69942961322822,93.26298034738983,90.63299410002041,94.01163396195918,106.65077419731216,102.18953298493156,106.31787178640873,102.15813136551063,98.85129992989516,100.88304791852309,95.62484795115297,99.20791742086848,88.55766023219894,101.95046114639852,95.25788828197582,89.98272391783644,86.20362452659339,94.41766226527675,94.32318482281971,90.96108953886666,100.9620200815875,93.5216671891599,102.50727194742709,100.75855692759401,92.73907186849735,92.27599173036103,90.60442002962002,95.09334633169033,104.02999006378555,100.38765376347847,101.46822580343864,95.19292057259597,95.4249390189565,98.94861171626664,100.9528007238181,102.87293617101956,103.14145690537728,103.82821139415702,109.42835020010692,109.51369412554735,110.03747898662961,106.04966786256904,107.19243926841737,109.01130230929431,107.73609647610958,106.01142600106647,110.79933013329263,108.72621240488064,104.74702311181699,105.33708799270444,105.93643686546325,105.82449318064641,105.35354087246853,108.52949956895259,103.49733066760285,107.1917833724071,109.06778980637796,109.28733286014563,106.69339707308644
photo_hand,93.94530232427772,95.56890665327244,102.30357688314564,97.17244375964908,92.77766754581057,92.54587589380435,0.0,97.35124589997532,104.48999813555281,109.84909094720702,106.2008587070352,116.96083046276203,100.21744001961305,99.02321297431374,94.49874263145597,92.35788835038505,102.27130896285597,109.12707063581195,109.53186746955268,107.58460673364775,110.59860388851952,99.11308552806727,108.96186608437093,102.32031518928615,91.77014884949325,92.64181211693294,102.13766576020048,93.90184166422044,95.32288978820218,87.47426172888393,73.77552818392735,92.19762519466875,97.38303967072304,110.0242298524806,101.0587878904558,104.8086031611636,103.7803411419309,91.05275000267922,89.66720249177975,90.66511593456222,90.8571803736932,104.52961839670986,100.9595079390846,106.35907872178338,102.01638128950832,97.1638277318627,97.86444096869377,96.00449707026884,95.74413570222319,89.09180242351944,100.03483578966922,96.42745260097247,91.53257690949023,90.19522407654146,80.22200810066983,93.61919062993917,89.04973644720259,97.15392198901829,92.42155919109233,100.08677231181285,97.20459683244263,88.35982714422717,90.83683822745179,90.7513571899766,94.00938287839118,102.59499609125143,98.55809465303993,100.02918019928752,93.95054619848612,94.10792692291083,95.66584324733087,100.55469548392884,102.16703342821775,102.41480804839581,103.40915454485973,107.38616508583563,107.98171976903923,108.66323063256382,105.00433119961568,106.23759893478017,108.06441381000573,106.61511859023292,104.55197290661923,109.18330904808742,106.86898762951787,103.09765689542249,104.55418584579425,104.95470161078094,103.93858019426798,103.49463104089644,107.61105884918967,103.3725490565213,105.69655058306039,107.24352174606223,107.45308446966024,105.62763421062118
photo_legs,110.03709913263829,106.93912410070513,108.31508016541326,106.29547423529759,96.44903072632768,97.00852580199269,97.35124589997532,0.0,109.44094705515212,115.90807509003251,114.72556233086526,112.00798677265138,111.66859545442958,105.5233755916158,98.41854998894267,96.46643293575079,111.97231802021044,118.80155224664817,111.64598552959448,106.13227403746923,113.98538893077627,103.95685575566387,107.86179516711492,105.18146815089493,101.95433237973769,105.14895639363475,109.34751492207782,104.19811085109502,101.49900210689431,98.56155766858525,97.61834865073347,85.7238604297404,106.77799563120521,118.06860392260866,112.27545861013725,107.7390744819471,113.94788939346824,102.6152170176129,102.9714819330958,99.87743656219978,102.3512128379403,116.05312133677693,105.99939642783363,109.04872943066474,108.86905614048264,108.71497915224992,111.24340679176059,103.73768426625043,105.45527583512795,98.9364603976999,110.12710728583431,104.33831384999047,100.00575124710629,99.29823814393002,99.67178626865675,103.31288674525386,97.95823572652853,106.73059578842648,104.177047682091,108.05157477703727,109.18196969031995,100.63436412116421,100.85720543397427,102.28084564147225,102.165801582904,113.07889270192203,106.11610514746387,106.64991843075553,105.17062528143964,103.47028355275563,105.84038533203638,104.694004506917,115.87750980277056,112.90540377423018,114.431768701007,120.06645255850388,120.0148841576185,115.28430576146101,119.03021878867361,118.21509586375878,118.21568241926371,116.2971375379545,119.55221803083269,119.53116103860384,119.87524593205323,114.25388218428836,116.62006325699137,113.75374171356182,116.98290215824127,113.68095274482464,119.79572584461546,107.82902395385554,119.72213631851818,120.16647889925044,119.35526016767031,113.99878176378324
photo_bird,106.23511860377847,108.51578835371316,108.15957111232835,105.09834340257855,102.12214972029854,103.2478204204493,104.48999813555281,109.44094705515212,0.0,105.73066965351738,101.75813588717293,106.81166814386735,106.02243309171271,103.33633633983717,97.33752084197486,98.9025357560189,108.39124464672823,102.73480894438272,105.08736817410671,103.07720606875036,110.07169307924346,101.00781891148739,109.12327370566828,102.7465502950354,98.81599447678356,102.57643656790708,101.98374639622945,98.82509718861789,103.73801374019341,98.11701617653969,103.33656342092382,104.39898117512276,75.03437597384533,112.96075637385378,104.72252617860484,96.67787430231874,104.04868127429127,97.96380223447309,97.01710093361557,98.1663954224675,100.37038199062043,99.6332442065741,97.13607142626164,100.76855635982267,98.1348685249588,96.68634061610193,95.96209107987326,100.26709678752167,100.22172987115091,98.23761549408323,98.01670103510541,104.1994380025158,98.72245300145468,98.40084593274533,102.18681498827812,103.09035679296133,98.80539937902368,101.29638343609024,98.27297706611736,96.37112946949965,103.19395761875445,96.91269580954841,97.97104621245165,99.08939479426422,102.31416791892667,97.17920454601727,97.09595131856359,98.2171401993828,103.65667512709774,100.81298111797139,97.99126663385663,106.26595186768299,99.44214880453133,100.47664958204501,100.25668336655794,106.40917134946612,105.05083610320783,105.19058917068774,102.70900216258487,102.49283328879973,104.56610961948095,103.09912752868969,101.13953526655939,105.66473668357757,104.70275710348643,100.65388728305429,100.70221304069757,101.64421317691746,101.07002412973677,102.11511905051239,104.3420631205643,102.13950628468592,102.65367767322469,103.20603044281114,104.69663218032713,103.93802616719604
photo_butterfly,113.87482512741447,112.92854192958396,113.75952529923018,112.42385407811433,111.74122852513152,111.60203360663114,109.84909094720702,115.90807509003251,105.73066965351738,0.0,112.7757761382315,120.53568819154961,108.34775249073444,109.10761530029382,107.98897467862139,106.83128435094736,115.7405500182917,111.68286642764744,112.80546078090799,108.27368753167704,116.82956709261018,108.49287784695389,115.37917381747721,107.71548248379162,104.18858734837978,107.55023020551052,106.2923177617302,102.29577106421311,111.08527179530188,105.33818336609333,108.73973008422095,110.8180433798175,101.29881575102998,69.7226517276037,110.9675504861569,107.87497785512876,106.28369206042132,104.03283395530767,103.64357264963392,105.33554082040703,108.29522523140979,107.8822513159523,103.83564328061398,106.38250903379785,107.53840675983837,101.75304142395403,104.9063238267992,104.85820588888338,104.9341419289428,107.21974710269089,103.43593545535867,109.90699295752383,105.82533750666408,104.73393378209101,106.4961312230689,109.36081951240337,106.82341871941289,94.4721515170772,107.39715589038846,106.07908543380472,107.38024673727989,104.24370498901142,104.56501571275987,107.48627886993124,109.1977612314361,108.04119352023072,103.48527589533856,103.56948632642809,110.35184070660611,105.59449497297064,102.94559261053224,110.30726351324014,110.39309805305679,109.9229058436197,109.97489138105755,117.8767062062599,116.47017741042453,113.49414758686447,113.05392932774184,112.95214436539977,115.0468263216358,112.79003737889367,110.57025692625271,117.24115873625611,115.47660816860676,109.61757214158531,111.1489777273358,111.79668405217572,111.88985023982104,110.76030561929682,115.40949589605884,110.71081863016325,113.47617114861166,115.00348327580927,116.68002408733248,111.41419597253243
photo_girafe,110.2078874206692,111.51575159753698,114.1979929700289,110.88993530497757,106.96548210877661,104.53267203606246,106.2008587070352,114.72556233086526,101.75813588717293,112.7757761382315,0.0,124.63727351439606,108.1550222368625,107.69870918499008,101.79548261717467,102.35189350768137,111.04892399156905,111.2052972656966,113.13195792173872,111.72645404207539,115.87195729705857,104.62458460783289,116.92939683634917,104.94928543005568,103.97210254911882,105.46095293377252,108.81076975719625,104.30989105899445,106.64717784092038,99.60913197952843,104.4641465022293,105.07397445946042,99.07056238861756,114.5456729395992,74.72448304982679,110.5270351348449,107.24843260637438,100.83056185643392,101.25669001281948,100.39320745249567,103.47307533615698,107.8272980813313,105.64315150935023,105.92676419467863,107.27056002534668,103.61071223601536,103.38174324474826,101.63730697713459,106.10991452511227,100.8122164063849,106.83356730532573,106.3026935124572,102.87386515449974,101.16788758877986,105.61422495956643,106.17503144456582,101.43253975561022,105.11755250164939,94.86380615576084,106.82493508549234,104.6654851483036,101.81460046289615,102.46059135772089,101.70969162486449,107.27398075953538,107.34233174324723,105.40163139643126,104.33195627221804,106.13618831198208,104.56154222035588,103.08138537114274,109.72380429388375,107.87420616469115,109.25214293183801,110.1842748473472,112.6754660837305,112.00704882694394,114.99412398971407,110.74030050132372,111.04366607874263,111.7371309920267,110.84863810208658,100.15601338927293,112.36521270515001,111.70134294112749,109.72598957201046,109.7884201759158,109.63588749123629,108.24681552664057,112.36616045823038,112.27307276003523,113.03083854993156,111.43391964678487,110.11900606106968,110.60747745456679,113.26740836994385
photo_fish,124.74772071004016,123.49816066264385,120.43927194023745,121.66452793726486,116.36975961213797,118.56470322259415,116.96083046276203,112.00798677265138,106.81166814386735,120.53568819154961,124.63727351439606,0.0,123.4551746127681,119.8439304735271,111.11726901281259,112.51274280385088,124.23966227955316,121.24622939535733,111.40590265239132,108.05623228386662,124.78615374610706,116.56610223922944,111.58624363212806,118.0584452196445,116.29982793619436,119.12339350451569,114.66121621844394,116.43892140183506,119.49558399040214,115.40371259116944,115.29335407099765,120.08407785417552,108.00861828669207,125.87890587148127,126.13249859523857,75.6550711686058,121.58622370419558,115.50431078714342,114.83116830958683,115.14787095603435,115.17691031411108,118.17937071169261,105.42901860463714,113.6859412335641,112.61935974886303,113.31902807378533,114.2822185335563,116.70570411284828,114.9152631786617,116.38515368260603,111.71938859418103,117.78457404261194,116.58792352966097,115.5323607393883,116.4315020133889,121.08741282646442,114.19065820164148,118.0775022831461,119.18602247429682,102.56727491740176,122.06890748880103,114.08710502834695,113.3547564294436,118.52562797352388,115.36331315127288,115.67924460351213,109.20043888372966,110.93900662746113,121.58588791057807,116.50443944244253,113.48853820328993,117.62853673616495,118.84811308929706,115.12478948633424,117.02156483492202,125.35422101558746,122.94422194227595,116.09884060907996,122.85744731178048,119.92981426103303,120.60255042335906,118.5703616115924,123.43313023547492,122.54943872068792,122.73736165680644,116.67970320123572,119.44662866438189,116.0728305090034,119.33855938584202,116.26812795145085,121.96124761873617,109.73390117485052,122.91573920495682,123.52604754196228,122.26348870700194,116.38339399857819
photo_cherry,103.64070821326811,106.12667217805085,112.49347159307209,108.1555700495182,100.80554406007822,105.6685729931116,100.21744001961305,111.66859545442958,106.02243309171271,108.34775249073444,108.1550222368625,123.4551746127681,0.0,98.82708643693053,100.25868291899224,93.24384616105581,110.21131025035929,108.07856504726412,113.98706598359526,109.65654546598458,116.1741905667141,101.34328879777001,117.1780875445975,104.46973927871859,98.92996447145863,100.26387448627591,107.37280033054228,101.74532325310643,102.30815296179422,99.84720123798579,101.57806505672538,102.1517630376702,99.07318820149052,111.02248059336699,100.00438561482895,107.36978858044981,70.76981317740113,93.78883144470367,96.77771024165969,92.00532631949461,102.51836825603749,104.32200258492148,103.95687169147962,104.68596639765647,107.72320932297923,98.60379656478696,99.82187472109023,98.48906776073794,99.7645500210396,99.31463800014053,102.64417342867696,104.6491276953635,97.00844340591259,98.20297711378743,96.48497587897789,100.78311533049735,95.60004072462495,99.31730308113734,94.92066477373484,104.41198702409919,78.55656755401846,93.48570039065477,99.42645880074416,96.70424257762403,104.19369970060717,104.0511034110847,101.97367519638209,101.53106982564191,101.81355406828841,97.23912094597058,98.12037894109021,106.32465924214176,104.47034205886403,107.24787585021623,106.59295762147995,112.39133650350144,111.09178727534695,113.85074051647999,107.30535157246258,109.48364793026846,111.60144627650429,111.10656406163936,105.39651883175922,112.70064000801392,109.73966868055679,106.80640328022224,105.19575256764342,109.08641593584784,107.82138982261169,107.59498548661436,110.38919828276228,109.61746356274239,107.95598970209275,108.86574568981024,112.96129408871421,110.82044670457653
photo_tree,102.0016765733952,102.10979194459425,112.78907771877687,106.39155756545793,98.62512094401471,99.10172756210453,99.02321297431374,105.5233755916158,103.33633633983717,109.10761530029382,107.69870918499008,119.8439304735271,98.82708643693053,0.0,97.16461475081523,92.20583946889069,105.05135381010577,112.65490451870977,112.58110378956677,107.61833725680184,112.03458301475122,96.61103807517445,110.96312844202967,101.24887601237528,97.60173058897747,100.73264169921306,109.28095273047514,102.51238269131802,100.75240904797967,95.54864067892444,101.12109373027435,102.46142810112877,98.4369596334239,113.1024561019137,101.53377995754168,106.09984145269597,102.74451994140057,82.11112644414196,95.85661878324697,92.60178515206097,98.68594818426894,109.41811416638797,103.61192887379924,104.58680058451363,104.73969125231463,99.37522391083932,98.49890643273383,97.41576961075447,101.52611161301833,98.40372904055617,105.2248201146782,105.93659670953951,96.66617120412447,96.90164767598812,96.40874215375777,100.68238286462355,97.62888178968763,101.44962450410856,97.77533608908364,105.48310310603011,98.79483466133924,89.5611660906008,98.40598990575137,95.7061315417141,101.51066894873226,108.17818164619042,102.90709797082208,103.27692456529586,99.41262795739867,97.04071331125078,97.89002735107006,102.98530921371162,104.69542022838513,106.79147921411364,106.4925036152703,113.14875608651388,112.942896480827,112.77186224780444,108.40955237559871,110.4411831324965,111.33599279420719,111.01585298989659,107.31030160613044,113.80022861064694,111.8917881179032,107.1285036254456,107.29133385593721,109.29682762025776,108.04468386718811,107.7712227975469,112.46614551890289,108.63882345772726,109.45243460718149,110.77908532960424,112.12386137392733,110.50008568566169
photo_flower,102.86465781569613,104.68372597543255,109.75508833610901,106.61580126952103,95.29455115723268,91.15113019765343,94.49874263145597,98.41854998894267,97.33752084197486,107.98897467862139,101.79548261717467,111.11726901281259,100.25868291899224,97.16461475081523,0.0,80.75273939358614,99.82742594649385,108.8043193612703,108.79344031367495,104.48679293529457,111.1357589997231,96.80414701179863,107.7909479671984,98.708040603595,94.55423787751741,97.03633076682011,101.98208343882642,98.0297247680341,94.641986091731,84.63636436972757,87.18210547578383,96.71307660647662,92.9176911375942,109.70473072981657,97.09957918981286,99.52866861012326,100.88230561449362,85.80292674112971,74.37778735812813,81.49110195490319,92.05354113802294,103.3748489589098,99.3104684622505,102.76367909973217,99.73389224843812,98.06090281135717,98.30764158656305,91.93694643988626,95.67189140059187,88.16007389930951,99.24749691661557,94.0480321022921,89.97086592294099,86.47285837714492,91.71173412831419,92.4964353847586,85.69660126322889,97.54207257552218,90.30933818510745,98.92600919492496,96.77563527689578,87.49725103213363,78.28517734081505,84.80682728696885,91.52458463899795,101.17329146471621,98.19959309120388,98.63708748184847,93.42273660196663,92.91029518167113,94.82274939511225,97.57379634437777,100.8745123982783,102.15276470565226,102.14922191641328,108.80011707032865,108.72951756080482,108.50372839165733,105.00771396628818,106.29354990939359,108.22151637673673,106.4583983500453,105.22678087228373,109.7408707085783,108.39764396477304,103.11758231113463,102.34783175115467,104.79550388984742,105.23779563311109,102.7791976437729,108.17907418609039,100.93519333812516,105.49826185616932,107.64758071487569,109.41639197853209,104.96139344601595
photo_carrot,98.7817431202905,100.72889889170176,108.32061648140383,104.11377557454831,93.87012524908073,92.16653733927498,92.35788835038505,96.46643293575079,98.9025357560189,106.83128435094736,102.35189350768137,112.51274280385088,93.24384616105581,92.20583946889069,80.75273939358614,0.0,99.16710170743951,107.03129473190062,107.12695710600794,103.92778443640937,111.05853402129684,97.98586250575673,108.35173657579013,102.34013897180475,92.64782545164871,96.30817913088865,103.9427673261243,97.90429057550122,95.18431106637193,85.26378685215816,89.03241035076789,96.2903487205643,93.98104667090561,110.01607782572896,96.73121786346016,100.58145261121597,97.37989244010757,83.35547837029156,84.21329186977012,49.87832052057428,89.29870546793876,102.88276110249025,98.41519883013156,101.88030302446259,99.69995040336018,96.61225011545136,97.22832168357904,94.34325890420666,94.1227456458525,87.11843186478443,99.71055828186334,96.28542152695312,86.36456942763296,83.73717762074592,89.68898164639802,90.3538412301507,85.1766135058212,94.74255787688644,89.49044186729901,97.21430588864501,92.49176307728766,83.65312480420408,83.14119888329026,68.97498513574293,88.3820479823477,99.6146667118318,95.53851083280765,96.86436677555247,91.99741698450293,90.73495021724955,93.0701737513941,98.34137411867262,99.84894144650025,100.96122762512218,100.38506927807697,107.85267355417096,107.87533745611448,106.72616000164085,103.49455824081443,105.52030277451524,107.18773089715302,105.63746843128999,103.02018883788018,108.85060169534438,106.91340915047806,101.69794571726676,101.28274280543499,101.66133763847061,104.50149153100004,101.02588124654571,106.88533608448887,99.80804360121594,104.00000845547248,106.36176432206848,108.66832735877558,105.00202487597387
photo_watch,106.12264245089763,111.28313513040912,116.9937713090424,113.1373530563045,105.68726833556613,103.0027598417118,102.27130896285597,111.97231802021044,108.39124464672823,115.7405500182917,111.04892399156905,124.23966227955316,110.21131025035929,105.05135381010577,99.82742594649385,99.16710170743951,0.0,114.75873468072352,117.99932515109667,113.76230643610818,119.32001543389306,106.40496529024166,119.31544681978781,108.53768260530305,103.194492831819,107.3918919092175,112.47260892087807,107.15847116999966,104.75902367098233,96.78552673299592,100.92267039333933,107.2922739304186,102.78906532450374,117.59579867186986,104.48055981113686,111.3559810898102,111.59654034288144,98.07742305354832,97.31328142108161,97.05675683691558,69.74462881254091,111.23909442082727,110.31504416149119,111.42463699223336,112.17630773169054,106.59654575875787,105.89159719967627,103.72666963737379,103.47929665700596,99.29853182977371,108.16103207799515,106.06001052719704,100.010852230903,98.61903109863991,101.49357894987514,101.2300003180997,98.08433933894352,105.49141406645728,101.84949185601641,108.98925559109347,105.66247278677348,97.3856831865371,98.00251165868626,97.90013372646716,79.66280158015553,109.78052685260003,110.00164956061725,107.66229444568647,104.74414474626826,102.83449189960018,105.1709452527682,108.46620753120422,108.40486985839104,110.46598313890816,109.99910675880966,115.54917172009155,115.39765995923109,116.8287882182877,112.52426390054201,113.77904429154489,114.44187054459142,113.85966969277898,110.1802096642512,116.14110830177994,115.13081153086159,111.38288079533152,111.12823649786507,112.53017567423055,111.99548669764302,111.77357990200913,115.23206435519143,111.44560543919017,112.89668136870763,113.84406421046272,114.24273324697417,113.85246907753138
photo_key,112.64878477149254,113.29175308612083,113.55013996195777,112.56568895043611,109.33635283665214,111.09687951762476,109.12707063581195,118.80155224664817,102.73480894438272,111.68286642764744,111.2052972656966,121.24622939535733,108.07856504726412,112.65490451870977,108.8043193612703,107.03129473190062,114.75873468072352,0.0,108.11306878265364,110.02852754685084,117.3449028224843,108.25529837123597,118.79968382502996,109.48811041737619,103.72434287130937,105.0216991335631,100.66167315770139,102.51308771180571,107.07195404869722,103.15847414593934,107.1609866507334,108.82100012615437,95.30129886898604,114.3823652776884,109.282207437734,103.89309801996545,102.63038796556839,101.78662698518019,102.12207970167962,101.35001712028539,105.46761133706342,58.97629129279693,98.29239791456098,104.38683081461286,102.09668872786492,94.28331233814107,94.78184381735134,102.81609850534792,102.0956331631686,101.99036876859849,95.79929564222103,106.4678458343085,101.99517172002135,101.96328046534884,103.35089091514193,105.17093592381023,102.20891815213385,99.9619002206864,101.0240318557111,95.9199856326801,101.8574093450923,99.17561626219181,102.1720795545175,102.58523192746311,106.18745775360624,71.24781163307426,94.11644381263488,97.97176609725415,105.55667643483424,100.23959334620392,97.82755813977872,109.27319276840896,98.41489940672152,100.32608126619805,99.88879213042884,104.36085264275027,98.25399709463494,104.78210254653737,101.84836076335732,101.3663049196693,103.25283161075087,103.15494979262377,99.23278787569475,104.12672131928225,102.722756989644,100.57800820858223,99.20949150830504,100.97246892575185,99.9116355161622,102.54773392499851,102.41215845083357,104.87865749380009,101.01208019331736,100.28083650415492,103.33901756766875,104.42322671613051
photo_truck,112.6661319186442,111.19223979615126,111.40225021899317,110.47873349893094,108.74598685669612,109.40794858990125,109.53186746955268,111.64598552959448,105.08736817410671,112.80546078090799,113.13195792173872,111.40590265239132,113.98706598359526,112.58110378956677,108.79344031367495,107.12695710600794,117.99932515109667,108.11306878265364,0.0,103.04367927887203,112.59146353164923,106.27969071948966,111.2664570239847,110.05940674730032,103.42568025128256,104.92924761715368,102.81690566356015,101.95675908344737,109.09343554251026,104.24019914154769,107.17421677354429,108.8813358700693,98.89421717483256,114.24292434568544,114.22262029963241,99.17517082300404,107.16193187913717,103.6829863086811,105.28948007252464,104.70257432093901,106.92734428734224,103.67395947671004,68.7485713140308,102.6795568317425,100.65317711670133,93.34307273360176,99.78911106719744,103.84013318342055,104.65351475248639,105.69080559877128,101.12786684224265,109.29102986482371,104.5115677323035,104.03875056084445,103.80188953406054,109.9416714890586,103.40037773930716,103.41711184262932,103.80788760995787,96.35137164712587,107.78638350590218,103.18380305996213,105.10499284976628,106.6958439286729,108.21478962338841,102.34057454967778,80.01511907949534,98.73859350107259,107.46588522798253,102.77150030451546,98.93649277165095,107.28544617832725,110.43752543788898,106.72117901469863,109.17007382095788,114.23224947049856,112.43978528123638,108.55383343129061,112.48087304105053,110.22555287797503,112.12911578990939,110.35469381913114,111.11208543522977,113.44542460123704,112.8535136206424,108.5082558950828,110.55833979841383,108.20651935384814,109.49141817513087,108.40059947573582,109.76412933159995,106.51931307955661,112.20118617788363,112.78082044457607,111.49147947295329,109.4504835695191
photo_velo,112.8163106391535,110.47996986967114,111.98525095283966,111.46742192251507,103.09689625091157,108.02992421564245,107.58460673364775,106.13227403746923,103.07720606875036,108.27368753167704,111.72645404207539,108.05623228386662,109.65654546598458,107.61833725680184,104.48679293529457,103.92778443640937,113.76230643610818,110.02852754685084,103.04367927887203,0.0,115.4618549832973,105.06182964022064,109.2392303145406,107.1947080505169,104.26423723074166,105.38064353518726,105.62631768573479,103.97842500393976,105.5329489275916,102.6503057829083,105.07975829441499,105.83212564964128,99.04011409665803,112.56710267272524,110.42348878804425,98.56525011270092,106.47560084465749,101.83753973118294,102.67680941829319,103.09550840936147,103.22051411809217,106.28782976491829,94.23264402940086,55.728387279374886,104.63803538614684,99.17771747914142,101.49485428021302,103.34462361271582,101.5073685174858,104.32954396047687,101.77553799228895,108.34052162552351,101.01165362353609,101.77039032008368,103.24441127070256,108.36898571013089,100.67255392745078,103.82705173430989,103.83957625500241,101.27201520394138,105.33962641266884,99.96972215036179,101.49989305805931,105.90746956792094,104.72969971491139,105.89394420830683,96.76541034792321,76.3166463386371,108.62576860425328,104.20588046379443,99.1756535972472,105.36562280997887,109.58127059124443,107.84633180232971,108.1146820990159,117.10194215313818,114.98071907867578,110.01291611328782,114.06622405083772,112.76583317826149,112.46916482384785,111.91051410431406,112.11859304048984,114.99781884189022,114.91547845784604,108.73020161322337,111.15227426521979,108.91520238472218,110.76606094888015,108.73184539152717,114.55255634294849,104.82329845273706,113.38043242863134,114.83869487131007,114.8888846820793,110.20612852179451
photo_road,114.09135924607506,112.38634006866455,103.6608745931202,108.74537412524799,111.51267138504639,112.73265719589028,110.59860388851952,113.98538893077627,110.07169307924346,116.82956709261018,115.87195729705857,124.78615374610706,116.1741905667141,112.03458301475122,111.1357589997231,111.05853402129684,119.32001543389306,117.3449028224843,112.59146353164923,115.4618549832973,0.0,106.19502463009427,113.81890283165704,109.43998485959892,109.56467815015674,112.99051497729528,113.04206787489154,107.69680024988837,113.95486962255838,109.9249183717695,112.64336447524501,113.1308402841509,107.88621987790921,118.1853989837921,116.34289676492392,114.66010639122103,113.15912733137876,110.52178782413834,109.23739228975477,111.11591532777302,110.9531839307958,115.31138051596501,108.5273225629466,113.63303327173146,88.35025504785074,106.422746266788,109.11188157444519,109.62281999960807,109.87958774044465,111.18535085886244,111.50597815486988,113.47183110663497,110.75488948194979,110.77629144127353,110.52999980661353,114.26756930599801,110.15734264223428,110.03869076075314,110.70617920254496,112.0126864811319,113.6434642926253,109.49036575563193,110.92793613776085,112.71039762264128,113.1818767968308,114.85520464487772,108.22814174631421,111.08368658801948,106.91812631894766,109.50611109480576,108.70895098234077,114.16950617855593,117.69232511654394,116.16651194852611,117.90930593633159,121.2087162888449,120.09659155049117,119.05665551507892,120.21647478514349,119.18864582925801,120.1055762331149,118.41573496813035,118.36086878960272,120.88081175266068,120.27959568249962,117.3011550328682,118.98558630376291,116.64488693569866,117.52428066684669,117.92621272201107,119.13825566752662,116.03960759566255,119.75960916560355,120.00934487013255,119.41596532827842,118.34166197966627
