,photo_face,photo_profil,photo_eyes,photo_face2,photo_walking,photo_standing,photo_hand,photo_legs,photo_bird,photo_butterfly,photo_girafe,photo_fish,photo_cherry,photo_tree,photo_flower,photo_carrot,photo_watch,photo_key,photo_truck,photo_velo,photo_road,photo_house,photo_mountain,photo_windmill,drawing_face,drawing_profil,drawing_eyes,drawing_face2,drawing_walking,drawing_standing,drawing_hand,drawing_legs,drawing_bird,drawing_butterfly,drawing_girafe,drawing_fish,drawing_cherry,drawing_tree,drawing_flower,drawing_carrot,drawing_watch,drawing_key,drawing_truck,drawing_velo,drawing_road,drawing_house,drawing_mountain,drawing_windmill,geo_face,geo_profil,geo_eyes,geo_face2,geo_walking,geo_standing,geo_hand,geo_legs,geo_bird,geo_butterfly,geo_girafe,geo_fish,geo_cherry,geo_tree,geo_flower,geo_carrot,geo_watch,geo_key,geo_truck,geo_velo,geo_road,geo_house,geo_mountain,geo_windmill,word_face,word_profil,word_eyes,word_face2,word_walking,word_standing,word_hand,word_legs,word_bird,word_butterfly,word_girafe,word_fish,word_cherry,word_tree,word_flower,word_carrot,word_watch,word_key,word_truck,word_velo,word_road,word_house,word_mountain,word_windmill
photo_face,0.0,12331.427500763424,12990.531225995053,11932.44257606706,29327.673503602768,20363.481742045944,17803.186046652358,12265.18657409355,47964.46558747122,54035.40263614991,20169.040723402803,53063.24713430718,17335.167850945672,14213.372634809202,36530.2133604784,24202.66722251658,44072.26870209639,24326.238555230182,21501.52144099006,24068.624731387594,20413.124122382113,23318.85506196605,42399.36944869806,19132.204793894296,29427.933892252204,41103.04617767631,39903.006400831895,38277.17227575536,24318.796902282826,35630.71016895788,41983.55399697333,53246.61579766512,57321.969715747,59604.57736922435,46990.271008615586,61430.71487810173,44683.42709116591,48442.75655729585,38969.74753879755,38223.06228673648,57413.523155251525,34818.06801257217,28343.01117419441,43500.94036798606,67279.13280873757,41546.53748595213,54832.85774523661,34060.77486165524,56217.56849552096,48059.87318068551,52678.21228395886,48513.711883671895,51977.17538159516,46633.86351044482,45797.6539074278,55987.29712273893,35140.87234366295,59714.1277475538,53805.972706611945,54915.88977517251,49332.9528654335,59491.65667718711,56763.78555778507,53274.11242058993,57076.95854315666,40735.73332288715,47165.58038146634,56182.55737920183,58391.38107505095,56432.54279807819,47481.11149089609,53479.6157453732,35008.86267799498,48665.180000628905,52862.19733338875,43235.60502414096,44816.547948953645,57353.63954206887,50314.735317948434,44005.93131677495,48118.436675876655,50455.78659502405,57823.34086998303,43291.49444557114,45159.15941650536,50205.66306688067,46856.44857520955,56676.4163254279,36004.761522855086,55238.2711050164,51314.31370430257,42111.94484982025,39810.23728825133,62047.527124344175,50275.554226171604,51905.66494741193
photo_profil,12331.427500763424,0.0,16210.242684431094,12033.526831866599,24505.21377038831,17118.528298728794,14407.007057752773,13474.481922948537,53203.657327059875,59479.052041154384,16538.736891887664,58399.719620507814,21220.29022896687,17633.451372282158,41879.81289497873,29344.92345387698,49450.6697064009,28995.647056126953,25493.54701161319,28537.05371016186,23684.961165937933,20090.581115753957,47734.06417573171,17653.14635136658,34998.67360239352,46068.31783358511,45369.31165427344,43830.387941670815,29116.47720523761,41117.253868686406,47454.205059757376,58705.82455527848,62751.18001426512,65071.96320122793,52297.62049979346,66879.90685709528,50042.44957186276,54103.45056549287,44398.99714632854,43723.78475547897,62996.43808663601,40109.6442267632,33243.62187633964,48730.01278958565,72904.7611126325,46899.47227823673,60422.84199012776,39208.56041575758,61779.511720367314,53591.30877736022,58293.25390225648,54071.39484560174,57498.95605201767,52125.59466041414,51342.68402028327,61608.905106679995,40544.39919283208,65299.346114844004,59306.16849659353,60482.41391416516,54827.374774362,65170.5146428918,62397.7358556784,58931.38870498135,62738.33857125704,46207.32038331158,52662.1791667587,61691.75097964756,63998.837968379376,61967.45640864972,53062.361442656125,59037.266732202625,40622.59772803755,54318.84831543943,58526.893589632855,48837.066392027446,50435.1563286734,63000.21882011366,55975.83466007493,49612.42818883342,53742.42721384745,56090.78921955082,63483.820704070175,48896.06908868852,50784.409685053826,55855.421248361985,52518.92091615717,62327.41557374422,41577.23267952205,60931.35751660533,56960.240799447085,47767.662089993035,45428.070319672195,67705.8228046156,55909.771123578124,57568.556482555476
photo_eyes,12990.531225995053,16210.242684431094,0.0,14713.576099261714,34299.1258402936,25496.28548116122,22162.62821219903,15043.008295154234,43866.068085116385,49828.99731503083,23739.20978517306,48932.11384453367,15804.02411638098,14947.577333242436,33286.509127529585,21726.75925140324,40507.71986176616,20879.5239899302,18986.81217709652,21159.95639317342,19269.44099405016,26955.533836877494,38199.73470063285,21625.131795462115,26290.65436988229,37299.30374973109,35394.28171300082,34228.62092788133,22227.036209566028,32440.070750891166,38199.99680682533,49280.42788827621,53214.65876298796,55417.71385448198,43267.602767062344,57225.96697799567,40729.4117970984,44668.28512464309,35290.29120918348,34791.422014849166,53459.26462798869,30784.461802454323,24908.39014686907,39508.17491239422,63019.364698422585,37440.13050561656,50694.231661703365,30682.348688853963,52103.007379280214,44180.169713333744,48355.250196650195,44424.79163967584,48234.69252383576,42856.025638500985,42009.46230524838,51942.82819441467,31732.2059783999,55491.82110872289,49940.349168782326,50666.25850611931,45430.515324965185,55452.544524283956,52758.50211630067,49388.01344032937,53041.11324934485,36604.88086419509,43049.80449997386,51995.915254190804,54287.43218191856,52434.928651341565,43436.431092729355,49477.255494027166,30954.283070548838,44387.281136466634,48592.87557744453,38931.23151666696,40484.69984182577,52984.80147137865,46041.61627279208,39701.6342301138,43785.820035403456,46114.52621500064,53496.06670374861,38970.72744474282,40829.71550336761,45903.8979739334,42628.35427066605,52323.102114788126,31795.693768056637,50950.011109046995,46961.650699776794,37952.91674480706,35599.48354588738,57702.9958042076,45945.65215895652,47631.11513036583
photo_face2,11932.44257606706,12033.526831866599,14713.576099261714,0.0,26241.480625635188,18779.770273471597,15448.244400408526,13632.915041914273,52145.66050347549,58330.365326572304,18143.78003777723,57352.56751964519,20813.354029492864,17520.684770405005,41082.33190629592,28660.418983270818,48575.77956253665,28096.899997302968,24950.478177577508,27946.562487439023,23117.830733926683,21563.15563704754,46687.35292803249,18995.64702736178,33882.675102833025,45501.16866576188,44120.68607599714,42173.38188298616,28653.585859679348,40205.89884166262,46418.8536095212,57594.24956424319,61678.72897393043,63943.46499181485,51429.9705462626,65782.16906274883,49015.850258299535,53011.66950347564,43450.92509603831,42820.07377185108,61902.65262534878,39029.784444738994,32444.24832158221,47770.88252151105,71674.48821372092,45868.51063910925,59256.48021987472,38418.85845956426,60583.79299302034,52519.57081302034,57041.759887846136,52836.71230340097,56465.09958826915,51103.65078816723,50296.58638597373,60459.23523782967,39658.96308792231,64079.35335029611,58282.70748386778,59259.57476774181,53780.11516919474,64000.541446862924,61273.30050252928,57825.6078943146,61579.86052447175,45049.16046632324,51514.26375602131,60552.25722144805,62816.40819469479,60922.00430242152,51905.50140397303,57913.87130598047,39329.91746849122,53020.32620609273,57239.84745400269,47515.098214826285,49120.29632902512,61695.893728365656,54677.440694068275,48304.12070138866,52444.03208044445,54773.94367697638,62183.11180902559,47582.72784404084,49471.315076825,54563.948571022185,51215.87633781669,61022.57847024279,40265.938752708724,59615.48314690962,55639.71278148944,46475.74964440534,44120.40586302225,66412.83420937679,54589.632370457664,56277.94731026624
photo_walking,29327.673503602768,24505.21377038831,34299.1258402936,26241.480625635188,0.0,15560.282861592637,18394.68111849679,27887.8552064226,73213.16518903486,79616.90344438454,19439.82072342016,78470.654670072,39319.484673436375,33769.59500783149,61181.245373461774,48242.74746486246,69083.93213597387,48020.41365568557,43337.3351714518,47275.16643801531,38594.689200864545,19969.927448389957,67504.90276356456,25792.476411436248,54982.881501329,66671.3045486591,65541.3509078017,64069.73617770512,47318.00775415076,60471.64337720934,67525.45176485916,78847.98058990818,82860.96576582866,85268.55773102137,72038.1078901392,87051.94440318413,69980.79253117295,73964.82917586745,64284.87329847953,63353.343832162485,83035.32515808701,59853.06246062247,52276.10153890077,68537.41095263051,92905.89719841015,66584.46287208748,80442.88106111788,58597.13504705247,82070.39605661381,73619.98574211552,78422.00425440255,74349.63401735008,77189.50606266085,71975.09998523907,71276.04475018091,81701.99850416943,59977.28476773179,85491.37796405949,79168.87219759732,80608.61201124726,74787.02181753147,85261.09756480056,82522.04352583292,78912.33874405969,82802.34158089395,66099.21399170392,72566.85798938212,81785.94792115335,84112.30917509906,82063.41567283071,72978.85172979932,79127.13472276262,60458.05147904296,74501.71658684553,78734.82077692106,68955.66633286868,70562.4719572363,83280.4768809325,76171.11912169648,69715.30224437374,73915.2804043664,76290.02949556966,83764.37219745584,68993.81142486197,70927.30103126641,76066.55202047035,72648.47654894517,82600.38960150207,61509.727583031454,81198.81808303551,77190.37612254656,67793.40429087184,65454.04200744611,88002.68342898504,76099.29293699519,77767.22022079352
photo_standing,20363.481742045944,17118.528298728794,25496.28548116122,18779.770273471597,15560.282861592637,0.0,14122.575249495532,18852.19119856856,62520.7321317568,68800.552581393,15090.388266034424,67715.24451092584,29878.8201684937,24009.60797509228,50316.63969956593,37705.25183529351,58275.39793602946,38030.27092797554,33331.17842271826,37073.95698296706,28500.302667377815,16473.43569471901,56779.0576814027,18776.139024860415,44460.65488069106,55979.267486924786,54959.97236387304,53445.72650251942,36949.92627969902,49430.256315332896,56753.99000001223,67953.64341413073,71996.26073404356,74382.19541275303,61144.102161620045,76189.5376450359,59307.46736958172,63029.76600398742,53520.57577381893,52549.06212969885,72080.98383589087,49388.088272817375,41851.24090477322,57831.61114467199,81878.9865781698,55828.34990391022,69566.53459487899,47936.70351295281,71211.04111504745,62781.229200911956,67631.87585875737,63599.06140973844,66320.59876467887,61112.56675920979,60456.9591281897,70807.29406075383,49234.07398223084,74630.34381417526,68215.45186558357,69822.53817562661,64006.49895426507,74355.19760201221,71603.45286720809,67948.50983958862,71898.46333774469,55497.83489570718,61819.16876249672,70974.86254461322,73247.51535003028,71161.79580982366,62170.41144658767,68231.73596507919,49966.50764431742,63784.49096028538,67938.29444432669,58357.030910171416,59907.531085143266,72464.73658104034,65419.851755097065,59073.233626569185,63222.401652622146,65556.09512365688,72934.9528105509,58389.89280791582,60262.97050797958,65314.870156553545,61933.00583223383,71788.09841095246,51037.628039269395,70402.59912413155,66451.34678973167,57141.12379917081,54884.31179724409,77131.97955616376,65372.37756321947,66970.42165438781
photo_hand,17803.186046652358,14407.007057752773,22162.62821219903,15448.244400408526,18394.68111849679,14122.575249495532,0.0,17211.265446392394,60787.33435391434,66937.85584537881,14960.633102959022,65890.14937794897,27183.56586257401,22547.351396881575,48943.04396760461,36036.34858198359,56732.086883067015,35659.21973950671,32042.488122734547,35513.879965095286,28849.25983643286,18164.478617128643,55073.26973384256,19055.981830292334,42419.08175283175,54031.53374864582,52752.005102203184,51295.95667682339,36108.860541930146,48299.91426845807,54491.29107524778,66342.318117097,70366.08286784675,72596.27402190778,59814.52809863666,74463.93620731894,57389.24730744566,61445.62779689961,51628.30329444824,50866.22320679671,70422.3782850742,47257.346018040975,40285.67268851924,56261.75231488591,80355.75200635518,54246.79086004909,67813.44059511562,46281.24027359742,69309.75452028913,61017.46585367223,65660.9286911349,61526.46682765706,64896.614484866135,59490.2800380817,58526.834380207656,69008.9915335809,47604.76912440094,72714.37268643768,66733.75829231177,67886.52840667155,62218.234017602284,72539.50183977172,69765.36258507744,66284.63641807894,70121.80057343723,53421.11222980335,60044.16174569851,69191.57147235028,71389.80558815172,69452.66999486012,60356.46475522223,66446.15693985634,47651.48582035589,61659.16153181382,65919.7721318433,56120.15587184488,57723.90067013508,70455.81796511672,63328.533806646155,56889.39079169825,61094.83894018544,63462.930145751954,70947.6543424805,56159.92544085298,58092.97300271455,63234.60415418016,59819.78245581528,69787.57402763939,48664.2660673543,68352.39603076526,64360.516391295096,54993.11822165969,52620.408775881086,75207.70893939723,63280.53427444001,64958.82777441324
photo_legs,12265.18657409355,13474.481922948537,15043.008295154234,13632.915041914273,27887.8552064226,18852.19119856856,17211.265446392394,0.0,48914.17301090808,54985.09268954545,18894.1294768538,54015.60282605837,17880.92564946208,14482.624904145017,37193.05227447898,24784.6051870742,44921.90800644962,25062.60347173117,22021.47015380592,24552.065535993614,20282.202774190613,22311.941812530073,43420.178968363994,18042.426817632437,30864.384199905984,42282.855299271796,41101.89070160036,39604.985005989896,24641.35120801834,36373.525546631055,42978.95248960799,53884.27760128166,58259.95400108526,60546.912797947916,47740.219120206624,62407.22754226909,45576.85616884303,49421.67964329376,39931.00059794353,39054.25013207193,58336.63233912037,35803.0150554039,29080.912511117796,44317.38281055549,68223.58887156367,42463.075584072074,55860.922296951416,34770.90267459104,57312.86480491276,48992.47690572001,53717.96491447972,49626.34663140281,52783.11990270667,47451.34807044121,46773.14277963334,56868.27575575509,35795.06136436316,60694.637948014184,54627.41515498156,55954.6345063719,50199.29533889995,60497.059847258985,57739.66087154729,54174.272504722714,58047.23664608375,41725.350515375765,48143.15374304065,57137.812011747315,59361.599023125775,57393.33048462325,48469.15997906899,54443.773285006886,36197.949852578386,49827.064642977624,53990.294803880905,44423.19124466797,45973.259119680086,58484.74729623305,51462.84277762416,45160.55236816383,49278.41434770347,51586.876307280654,58964.73265735361,44440.934367797,46318.0203054715,51353.85236588546,48007.81085100558,57816.44478049337,37193.608428944906,56406.90606366771,52468.57452496502,43285.46048356645,40987.81441445958,63163.00748327612,51435.23899862649,53033.72311262444
photo_bird,47964.46558747122,53203.657327059875,43866.068085116385,52145.66050347549,73213.16518903486,62520.7321317568,60787.33435391434,48914.17301090808,0.0,14862.371873870316,59792.86698301601,12486.234626360823,37420.43576886929,42859.77457249713,17701.93580056539,28776.866384762754,15058.300632806515,29448.093833782394,33546.57138007743,29121.63723570047,40271.21737817429,62140.593635754536,15162.470515887902,53706.82065873833,23984.859018880154,17001.006537711935,17974.838638399626,18291.001249254736,29966.048112013017,19726.974764333732,17423.944287519946,17485.067803275335,14918.497279771851,19513.816912346516,13700.683576234878,19217.16122831499,14806.301852031454,15810.988549636988,16530.69534634079,18324.872014800978,18287.13330084047,19781.650067563587,24912.127015921167,13509.716651366802,25576.333810409033,15356.27314236401,17152.380612721223,21058.197654073017,17880.72775038155,15666.570225548685,16513.8873377403,16236.289126840644,16706.406394983143,15497.105847935693,15843.887079441924,18419.697624349206,19888.285865554313,20349.837717551956,16684.46782203092,17176.23237364412,15596.509987777257,20453.62126338305,18106.56175178267,17268.23330279792,18495.60870115008,16480.15032185278,14884.668118851037,17029.73516689732,19824.804770859584,17987.772492180335,16330.174670064924,17219.03804342291,20399.197564478327,15678.831751256317,16483.634755382707,16362.322751845259,15962.807265170233,18715.02261648585,15954.518154770294,16199.970050822976,15682.957032697064,16033.554584625866,18937.99528406448,16336.876537507274,15721.07571253831,15713.844306867379,15656.352589896678,18221.878553048628,19917.235235693362,17454.02635583453,16201.933262964767,16717.77134007827,17454.19106325361,21704.3000081704,16248.72321487386,16154.873422776633
photo_butterfly,54035.40263614991,59479.052041154384,49828.99731503083,58330.365326572304,79616.90344438454,68800.552581393,66937.85584537881,54985.09268954545,14862.371873870316,0.0,66616.3713330366,12664.51780852223,43594.89702344307,48802.09843167377,22618.954817631107,34409.957255652385,17762.240511885197,35133.37464858832,39993.08053482677,35460.2444413356,46476.95155376536,68863.45454199649,18234.784366210006,60321.38099504095,28504.040715584837,19000.884287499088,20181.70971572415,20883.69908241827,35180.1158999317,23325.830324176,19000.43615143979,14790.262744655774,12744.319767684969,12090.70629959769,15067.080380668776,14616.908785227324,16095.296327600821,14720.835552588078,19854.281931630725,21232.907028091573,14154.575789168592,23936.443895593147,30537.73518266121,16942.19312534308,19363.554334097404,18246.866468895714,13278.711558234838,25146.53118666144,13388.51424561237,15029.371087957908,13432.005849175655,15205.54877274074,13989.954471850046,15324.233631362413,15754.544013038021,13897.887623723647,23768.476675579102,14279.451720128955,13456.254922014743,13508.298145830633,14055.44991239627,14919.422609607624,13326.157791160414,13759.077354936671,13908.757362973034,19004.80177010641,14618.384364326424,13034.994841016465,14826.610029100146,13533.182683063329,15303.154714125452,13458.28928493156,23962.216110935293,14648.708077075487,13464.27753098577,17784.912527214456,16707.730348602432,14303.005398133633,14122.660015005464,17226.93441476926,15050.184980390644,14387.637161169405,14319.232410908737,17719.32265739318,16385.850627470107,13995.113660013587,15282.195928336052,14107.805275729124,23275.701255391392,13689.722437476987,14126.53298871844,18407.961521851386,19900.096788815834,16184.160968735472,14710.432416184682,13604.35767448311
photo_girafe,20169.040723402803,16538.736891887664,23739.20978517306,18143.78003777723,19439.82072342016,15090.388266034424,14960.633102959022,18894.1294768538,59792.86698301601,66616.3713330366,0.0,65115.40686157146,27036.42931131401,22869.77114434976,48318.936651738244,35954.542326615774,56228.78144388961,35608.19921563711,30728.16448917758,34519.805529319434,27678.987775322817,15063.306298141186,54691.82752252649,15830.645459808242,43004.853138060615,54341.792846618315,53220.518975904924,51766.789615233916,36218.55575551073,48416.92374934656,55287.62647379625,66542.46458174466,69860.61570234234,72452.54024967526,59068.874278127245,74037.73860935561,57221.64162736103,61595.92767678517,51640.641514703755,51021.57309648862,70283.92542108706,47441.658651754544,39585.29620083537,55569.05347652957,80300.36772417845,53842.362784944016,67944.45509107203,46021.01799276244,69417.36172144534,61182.94366884696,65928.65751748347,61855.39527527943,64935.05918231109,59534.31729658931,58914.98313185703,69252.86164918012,47723.73119838221,72864.44890353124,66573.26011866545,68037.69552498998,62319.10128990114,72791.03795659269,69864.93124817059,66517.97216586207,70235.5379155091,53687.468263971634,60023.90105356211,69054.84438695101,71587.50238951987,69390.66525775436,60662.19717735311,66572.36163861435,48339.25981103919,62087.704333082664,66282.27467315804,56617.70815020127,58204.490886413805,70770.26555707157,63766.20008867976,57413.2908486182,61500.56576570242,63849.195483147974,71260.15548073642,56669.589691783774,58549.87377477501,63634.72875718934,60296.36451123979,70060.92990572589,49380.375053944306,68683.82343490554,64740.61675189775,55551.393272735346,53206.45179673394,75449.44202348294,63690.44543588747,65343.481792848805
photo_fish,53063.24713430718,58399.719620507814,48932.11384453367,57352.56751964519,78470.654670072,67715.24451092584,65890.14937794897,54015.60282605837,12486.234626360823,12664.51780852223,65115.40686157146,0.0,42312.592265776766,47741.78945855959,21400.43918322835,33258.90212948592,16638.289673160714,33761.58747187468,38358.23552690302,33888.14424541073,45266.61016370806,67362.62484260551,17516.171835458506,58830.04169169273,28018.45437252963,19089.16585859331,20233.090002285287,21118.23905926895,34407.09214562826,23045.57288390892,19299.410693429847,16104.938550544106,12742.009810036769,15707.402510379072,14563.903603644849,13688.508173439288,15912.365639539068,15573.323068158841,19446.194510752826,20892.70333629657,15011.369427053034,23048.641512104725,29044.19889064636,15781.584318805451,20991.434389177804,17628.015415158254,14421.28212414354,24447.865708289097,14887.668617874115,15464.399674383785,14442.558329805228,16001.551617485422,15176.7043066042,15811.80757664102,16300.93655237111,15707.568393746584,23149.833815841957,16567.03902413076,14469.689539290312,13884.150684037724,14851.503891585378,16778.31237714885,14951.554738585588,15190.391547102572,15335.09482782018,18516.745074145325,14759.688001435428,13975.907020759469,16634.51147155232,14942.656644439536,16261.16940330372,14998.028208590778,23651.46617196288,15391.473114522787,14708.366873630894,17965.183306598065,16949.84423609498,15680.303365402091,15113.355739254577,17460.234235077118,15623.666694373278,15156.378758830919,15801.92593092092,17849.649878033284,16637.055157695675,14874.047925060362,15951.670933939637,15370.959792983109,23000.122078694872,15015.339629568454,14990.296811105149,18549.756162633723,19877.09589117656,17778.492314486906,15445.950814835964,14701.69064240223
photo_cherry,17335.167850945672,21220.29022896687,15804.02411638098,20813.354029492864,39319.484673436375,29878.8201684937,27183.56586257401,17880.92564946208,37420.43576886929,43594.89702344307,27036.42931131401,42312.592265776766,0.0,13316.503079440923,26142.903246646594,15349.52477998588,33755.34790477565,15793.610020330263,14763.124008424295,15415.442919833404,17832.270595170005,29821.808983777028,32521.03495843609,22378.094564226747,21908.87738543443,32061.04385397198,31049.906628399585,29742.871695535898,17574.429020418367,26878.652310189274,32960.60013849889,43872.54253140848,47032.287186615045,49383.028281291234,36844.09560880958,51070.86855150556,34030.08196927622,38834.3053911585,29103.911307629227,28654.255971953797,47340.0553785415,25406.851920150522,19152.567039676684,33315.35040127412,57336.40117699264,31561.020035329486,44980.79997849067,24218.82250580295,46353.12303046582,38487.212451145584,42936.231201420786,39118.67136315659,42167.23629496255,36868.70398202303,36067.27655482029,46186.35515947372,25531.85501320323,49643.23948213094,43760.94820957526,45060.89109884157,39200.13179576831,49570.50497879215,46742.174726892634,43542.61270194145,47120.18839805099,31105.40834893984,37296.102892118586,46053.52306170491,48521.34645961648,46351.6743858346,37981.76332614571,43591.704166790165,26239.67497301675,39166.080269834085,43230.9079308369,33981.1529189618,35482.72996506854,47684.51312018422,40818.358645338914,34737.01634829623,38634.04252880555,40946.7143658314,48127.55657337221,34030.59678737033,35785.233650647424,40659.89007017129,37437.0220520763,46976.67069714016,27221.90890002555,45597.14400073072,41788.99531767356,32965.44648838601,30652.198241617283,52299.75294102083,40853.49592444985,42324.63084054583
photo_tree,14213.372634809202,17633.451372282158,14947.577333242436,17520.684770405005,33769.59500783149,24009.60797509228,22547.351396881575,14482.624904145017,42859.77457249713,48802.09843167377,22869.77114434976,47741.78945855959,13316.503079440923,0.0,30810.469470205157,18941.651618209165,38565.92485669906,19622.744197776694,17002.458735327054,19298.60613816202,15965.05236240705,24840.298327209362,36899.46870810395,18453.408105049697,25865.575656613877,36697.57468898426,35656.85525483527,34265.7665552468,19860.05661706201,30693.502005561928,37479.79865318991,48572.25867495366,52157.33458214222,54472.174704598816,41670.32172384271,56230.188841310046,39385.15040213441,43043.28287559022,33783.545635301205,33024.021761310374,52146.214397720345,29978.039151410958,23100.31507978368,38254.09595902009,62002.844019584096,36139.80020629885,49617.433502412416,28531.517855933882,51302.595457657764,43120.67903997924,47728.513063679784,43982.81057901263,46751.222586818636,41503.44401085921,40605.266931254395,50923.35270030938,29837.279732215353,54600.50369791698,48522.43559016172,49924.19651108906,44111.282167122976,54277.87648618213,51620.434432193746,48144.826697603006,51924.53174842384,35789.45707526853,41986.0836888942,51094.06405123017,53270.95372606128,51151.98677044909,42392.82873481034,48352.72140549463,30510.096866452375,43945.55857300899,48034.56220648905,38676.93663687059,40184.45353119802,52563.267512937826,45565.53813089688,39382.89871945707,43422.51774330005,45742.22190583021,53015.76510889455,38700.57631144686,40508.805444119316,45429.9010527513,42135.128944724136,51871.92015031532,31606.638345779043,50465.401801327214,46619.58430123083,37498.32421716848,35218.01865474588,57194.687423909956,45602.46353464524,47118.83805135029
photo_flower,36530.2133604784,41879.81289497873,33286.509127529585,41082.33190629592,61181.245373461774,50316.63969956593,48943.04396760461,37193.05227447898,17701.93580056539,22618.954817631107,48318.936651738244,21400.43918322835,26142.903246646594,30810.469470205157,0.0,17247.77924990554,14831.677821164818,19823.763344326762,23419.5943885055,19334.013529282904,29160.75919335683,50520.9520287333,14952.783014857057,42177.465304591664,15849.963550879362,15695.840154237085,16216.883168525019,15511.771554256893,19253.08159960381,12866.566094379948,16082.00640876063,23583.345993180388,25422.407718437997,28027.26056181031,16625.834091813922,29333.03291139684,15847.09670483011,18509.599423075484,11758.556668333122,12642.788887832048,25733.118984863748,14200.159761178396,15880.778039482897,15079.616580764166,35152.86130953994,14184.929657884897,24073.072567245552,13296.977102422978,25258.43586839392,18600.33145136799,22683.959929066532,19914.55067978802,21325.8907256472,17184.824108343164,16934.375275216185,25112.90129252769,12535.987006849196,28325.71461603121,22542.857487584064,24480.57224023122,19237.772236767454,28018.924036013075,25046.586750690465,22408.370572712185,25687.284579771524,14914.335213287251,18033.728061171947,25042.191447154404,27286.70153768275,25095.12480079356,18896.882881517435,22893.541836449054,14914.743535859658,20066.626240184054,22996.992255384735,17198.40557952449,17817.567102430738,26958.508977524034,21257.12706908169,17439.23599854683,19788.27143515881,21507.444339342976,27284.431406279713,17127.732340728966,17919.171358027354,21109.638590622075,18788.322693258993,26328.644854198636,15337.8095115747,25083.31001890499,22183.32948761898,16412.10929885898,15472.972612567915,30987.652328042437,21544.854008258153,22281.870472643233
photo_carrot,24202.66722251658,29344.92345387698,21726.75925140324,28660.418983270818,48242.74746486246,37705.25183529351,36036.34858198359,24784.6051870742,28776.866384762754,34409.957255652385,35954.542326615774,33258.90212948592,15349.52477998588,18941.651618209165,17247.77924990554,0.0,24493.877387208297,12758.965280704315,15175.319632850636,13056.909142792952,20258.531673203463,38419.7451268455,23832.08336731616,30419.543663535347,15026.655196332304,23371.445539018616,22669.694529053326,21417.635847697788,13206.852498201817,17761.1397324624,23902.80458322535,34341.91599406178,37585.22048316033,39920.967861765166,27470.799846634793,41554.55228681179,25479.770100736034,29065.807375684402,20021.45284695323,18100.518857591072,37542.341923171116,17441.687586625998,13543.535428011508,24520.905739933605,47477.738078221846,22776.46535073986,35391.855729747804,16457.768348195317,36776.42685144517,28828.863058375708,33471.43162260449,29798.95431186414,32344.57344339302,27175.978500320143,26639.66558205515,36399.36297050581,16794.097796795297,40036.16498026598,34044.11310508296,35530.3499054357,29793.229355345196,39711.01878711569,36830.42378707416,33229.927236024625,37217.899290655514,22216.07211861498,27968.073119910838,36590.30094510692,38798.829184044065,36689.50712564922,28512.908471014605,33989.25210310802,18215.38240734504,29901.995460766546,33739.244642997975,25137.54035655879,26497.71346929106,38153.7941322194,31438.526154403116,25771.46398288861,29444.33416915584,31624.059831594128,38561.581907307205,25156.486693090676,26749.059160251687,31284.20583734281,28213.949659717488,37489.67801392086,19194.748656424083,36083.59318053209,32468.88679380173,24018.235654832708,22010.268213862728,42646.88676744646,31553.701490317286,32871.50108507716
photo_watch,44072.26870209639,49450.6697064009,40507.71986176616,48575.77956253665,69083.93213597387,58275.39793602946,56732.086883067015,44921.90800644962,15058.300632806515,17762.240511885197,56228.78144388961,16638.289673160714,33755.34790477565,38565.92485669906,14831.677821164818,24493.877387208297,0.0,25708.69467784488,30080.499951017944,25924.07593324317,36711.02038885362,58137.52312013674,14665.666241757568,49703.210071229354,20695.34438163315,15449.8464730727,16688.72345843326,16684.512265466514,25752.734438102172,15990.515640003372,15680.872887242698,18842.892109427277,19761.119970285516,22057.632555062228,13682.476844838364,22992.497836561008,14041.19627436656,14928.634691128818,13785.68441961381,14215.533660721941,18334.801641049326,16773.013759073747,21546.325594541642,13538.34179990838,28642.288678705885,13766.991970077823,18717.39478263611,16964.052182044234,19428.871677220406,14761.012425939763,17604.914025849914,16057.062977491085,16371.56785441784,13809.944979061553,13823.801628621237,19307.392790596303,15557.107474084069,22177.54354056501,17138.62198287216,18849.34923839189,14869.607479652366,21797.472542827258,19198.892469196595,17211.635866133427,18766.617093866913,14284.056953777712,14363.245969002715,19080.040210932053,21207.969265786727,19090.90195624793,15553.498454649061,17446.28707032097,17713.424327841967,16347.340408011949,18061.12977418267,15720.98097213667,15730.327755967728,21217.67043656385,16997.38808285478,15682.925138591654,16314.352662404548,17262.246563367135,21480.661797666944,15645.139132448394,15590.525000675629,16797.64902823008,15725.470353973707,20730.71702352615,17528.72095779825,19684.774602692265,17705.981611838502,15493.701110331007,15754.724311558039,24668.98231302763,17397.797184441537,17613.64901989334
photo_key,24326.238555230182,28995.647056126953,20879.5239899302,28096.899997302968,48020.41365568557,38030.27092797554,35659.21973950671,25062.60347173117,29448.093833782394,35133.37464858832,35608.19921563711,33761.58747187468,15793.610020330263,19622.744197776694,19823.763344326762,12758.965280704315,25708.69467784488,0.0,14262.960437848691,12768.622254691621,21148.195069396224,38242.45018512587,24715.49801588964,30270.786244203682,15887.309120235257,24064.826726520834,22612.410278838328,21814.149967589507,14455.664714641898,19432.418950765696,24873.804116540985,35285.22736990101,38218.98987782625,40626.49857405553,28762.57994459475,42013.28485416129,26148.78605502774,30375.701154074526,21410.52004990042,20779.690749355243,38506.377591116136,15508.479690148759,12879.843444583079,24964.612027597464,48133.693895915756,23218.396733843478,35836.49340288261,17160.81375392104,37454.5265615261,29780.031098127205,33584.183360611445,30450.770582446083,33415.22880636707,28268.378294120812,27476.317560270098,37380.08565710382,17842.120811764013,40665.77933272881,35034.590067119636,35606.70128429641,30683.583003857,40715.47774490588,37890.35532744623,34728.10885471462,38134.10914275352,21410.647322753743,28035.142620123243,36948.9813907183,39705.630952433385,37620.22162147891,29095.40031913788,34766.90754404666,18119.495375888182,30133.632622937108,34109.129155502276,25075.027801647768,26431.672946425653,38407.67616612612,31759.617167606277,25765.58190286734,29514.881324549955,31782.826780729618,38931.888484916846,24998.594986027703,26739.331532128763,31553.98174569818,28440.73131508721,37769.82704265027,18765.59012356701,36482.57557855035,32611.238511183208,24218.966826122178,22018.032245358198,43015.256047899464,31706.384169290348,33231.63009105092
photo_truck,21501.52144099006,25493.54701161319,18986.81217709652,24950.478177577508,43337.3351714518,33331.17842271826,32042.488122734547,22021.47015380592,33546.57138007743,39993.08053482677,30728.16448917758,38358.23552690302,14763.124008424295,17002.458735327054,23419.5943885055,15175.319632850636,30080.499951017944,14262.960437848691,0.0,12743.062696751955,16766.946934723204,32586.214829210443,28814.558902866105,25134.06101936361,19976.072251472648,29018.44986563992,28035.198541898382,26774.687672404805,15925.246721178371,23676.270012327077,30070.45491530499,40317.80486437106,43020.33372498553,45688.13547542107,33151.42322584148,46975.67305052874,31126.517216617933,35343.26893622525,26238.031522856967,25907.699970972113,43490.03233967673,22160.34542573883,13708.73139183477,29023.122199500103,53118.683063656266,27319.11101441883,41154.869156645866,21295.552961689984,42663.716876791324,34959.21172392907,39268.10951529752,35816.90760220097,38410.553190025545,33373.651359456846,32713.239137266464,42647.06831477343,22644.868408259423,46037.80333317079,39978.3173181666,41123.75062544078,35924.82796345864,45995.699997029,43220.01215864109,40044.26032740664,43428.8374319876,27703.6764721555,32928.24779897493,42019.52737795275,44844.808515845354,42640.97159025435,34385.5941983228,40027.16134581496,23835.294432701558,35826.30470242076,39757.04400640933,30900.079786395734,32240.452022821497,44018.46858544672,37431.56873654481,31536.943984758545,35289.29933863369,37477.58102346842,44501.59741596183,30871.46609838416,32539.549048274264,37234.840149414755,34176.37250390906,43347.2741690371,24671.70049586641,42064.66194931377,38293.67552138759,29921.734810900216,27839.63174432622,48539.82934166607,37351.949530581755,38844.03283511429
photo_velo,24068.624731387594,28537.05371016186,21159.95639317342,27946.562487439023,47275.16643801531,37073.95698296706,35513.879965095286,24552.065535993614,29121.63723570047,35460.2444413356,34519.805529319434,33888.14424541073,15415.442919833404,19298.60613816202,19334.013529282904,13056.909142792952,25924.07593324317,12768.622254691621,12743.062696751955,0.0,19080.42976815803,36884.038546581025,24884.718009244476,28894.656902630046,16605.524759330885,24811.860312370725,24017.22703120239,22797.103204369872,14242.778088201632,19761.449893584257,25865.884238180446,35861.65815229301,38481.52421693522,41240.80546727512,28712.692639620447,42461.9607676141,26779.457604354477,31111.0748794977,22083.32099319053,21862.665814089938,39063.63825291245,18447.94728323128,12491.331541155934,23367.859862020356,48781.12335675836,23418.921203327347,36756.578443632076,17654.723921452707,38180.78114603593,30694.875608491067,34924.09079811572,31506.180072084644,34006.56215957737,29010.221935655205,28465.81406269647,38258.13527836518,18819.6061709978,41605.283443528904,35556.91166161999,36848.98475066164,31409.68269264344,41555.98399126213,38731.32002507557,35630.763352330774,39021.785532697366,23617.57556902362,29008.28322068617,37149.490237105165,40511.02959861683,38267.60973113377,30131.202463690606,35645.3676201651,20192.28751327034,31541.284304734952,35405.6689602567,26774.863694809217,28114.00370634457,39649.930198574846,33137.75674156168,27429.33199383771,31029.690772039863,33196.15354696426,40105.77915250036,26780.16222384514,28355.656275412875,32933.10094713084,29937.255803076812,38967.09012043063,20955.09107577808,37699.4428658767,33990.01401831656,25866.402305269476,23840.851623037954,44129.46609375843,33149.59181095179,34497.49178041696
photo_road,20413.124122382113,23684.961165937933,19269.44099405016,23117.830733926683,38594.689200864545,28500.302667377815,28849.25983643286,20282.202774190613,40271.21737817429,46476.95155376536,27678.987775322817,45266.61016370806,17832.270595170005,15965.05236240705,29160.75919335683,20258.531673203463,36711.02038885362,21148.195069396224,16766.946934723204,19080.42976815803,0.0,27874.291836020537,34411.084527034975,22110.87613992205,26117.02828834477,35680.71761507533,34642.57650735288,33256.591611398275,20611.18097373935,29488.643371811424,36468.15589572503,46523.01466350698,49636.491203311205,52234.48751600563,39634.814931064066,53703.60765139487,37907.2793125517,41319.88193553847,32646.752101004487,32327.939548679085,49878.249850933644,29387.35192920339,22180.549446533223,35887.046614867555,58737.42924418031,33849.28488989127,47404.44760281123,27974.222889642853,49294.70255493744,41558.12987271762,45772.37826910901,42601.4567557833,44768.19223396801,40073.98259244697,39194.19264717449,48925.97383909806,29176.239403932774,52490.01744600845,46249.57633514459,47883.73868688913,42535.61016280337,52212.38585016416,49695.918560740145,46300.981750664505,49834.88822396282,34654.623835123835,40001.19363869842,48774.451388328496,51012.32881468815,49020.18696661739,40598.99748695909,46534.94649818998,30127.651821188098,42274.53225976576,46106.100419822396,37433.651542991705,38750.52298720091,50417.05354429785,43816.75150217418,38049.945297575854,41780.448105593554,43942.28587810178,50865.80072228856,37449.59820572273,39072.74843256031,43664.910636163404,40592.198206436355,49733.763588797425,31130.696056531648,48475.681692478254,44789.52950893522,36287.66789693788,34272.43844822954,54853.78569344865,43814.92500616136,45165.51842452007
photo_house,23318.85506196605,20090.581115753957,26955.533836877494,21563.15563704754,19969.927448389957,16473.43569471901,18164.478617128643,22311.941812530073,62140.593635754536,68863.45454199649,15063.306298141186,67362.62484260551,29821.808983777028,24840.298327209362,50520.9520287333,38419.7451268455,58137.52312013674,38242.45018512587,32586.214829210443,36884.038546581025,27874.291836020537,0.0,56575.33884476692,15485.512719003216,45754.74019219971,56876.53425862404,55831.46218409534,54368.16545066841,38723.5502565317,50737.925053595915,57820.268341304916,68836.12494695107,72141.45947891848,74699.16873778822,61546.637381293076,76265.42809237508,59486.97465552252,63613.87988625613,53987.844337407514,53364.107293386856,72324.84824596897,49899.50922215878,41749.00337230195,57683.71106069164,82188.1990274386,55610.63080220592,70053.03449074591,48151.45839994584,71609.58713050443,63458.14602126348,68174.96199718438,64265.83346710307,67055.55304609422,61838.418466085604,61030.9267067146,71409.91784027287,49931.90228444775,75034.69341027873,68736.417704246,70267.55457165754,64544.94334951549,74834.20866133092,72096.5479637143,68694.38006904189,72298.39823606143,56080.15269276727,62108.421878845416,71238.03430790905,73630.64368149641,71314.09944137333,62815.25557778313,68722.0386414909,50854.74412005779,64399.14435897336,68546.7159677583,59028.40702551812,60582.27589528502,72997.71610372362,66065.17157584641,59798.950887031446,63833.49414827465,66156.99123734895,73482.09836619589,59073.44860566029,60911.897331738415,65914.45482618912,62643.00870186063,72282.35386462742,51904.125577182276,70953.15316224439,67035.66569734902,57931.962843518915,55633.25211406023,77615.87265112772,66007.87699764148,67592.65865778936
