,square,rectangle,parallelogram,losange,isoTrapezoid,kite,rightKite,rustedHinge,hinge,trapezoid,random
square,0.2005387440088121,0.27216686421855596,0.33415695271089435,0.36684652201320755,0.3321464256753893,0.32389926905797706,0.3132785611434057,0.3569126860212244,0.33470513007946534,0.33716251668452607,0.3762324427851392
rectangle,0.27216686421855596,0.1900611922814173,0.3230114496665828,0.36444334723362626,0.35947735663322666,0.3487332192903196,0.3455482570769723,0.3557582801216157,0.3188002610084748,0.3530087540458303,0.38893854009177903
parallelogram,0.3341569527108944,0.32301144966658274,0.2383233647308631,0.27920323641820977,0.3478551433228965,0.3341824031839655,0.33655955116849395,0.3519032714631398,0.3303890586375397,0.32343129086683553,0.3540284622251127
losange,0.36684652201320755,0.36444334723362626,0.27920323641820977,0.2545109715748397,0.3624493162464437,0.35680466277778433,0.3585474964014091,0.36906370173794284,0.35648753683776147,0.3351243804325467,0.35317405079045944
isoTrapezoid,0.3321464256753894,0.35947735663322666,0.3478551433228965,0.3624493162464437,0.2117743373101596,0.27427567383155343,0.26468433743718606,0.3401209702986039,0.3303792148262691,0.27383755679706595,0.30877126466264754
kite,0.32389926905797706,0.3487332192903196,0.3341824031839655,0.3568046627777844,0.27427567383155343,0.2298900207614667,0.25277584658106667,0.3263586576533801,0.3143720801268563,0.30452868565111735,0.3263333882730168
rightKite,0.3132785611434057,0.34554825707697234,0.33655955116849395,0.3585474964014091,0.26468433743718606,0.25277584658106667,0.21781557593157655,0.3212178885125934,0.3071621519685977,0.28683873260733483,0.32608286863715474
rustedHinge,0.35691268602122445,0.3557582801216157,0.3519032714631398,0.36906370173794284,0.34012097029860394,0.3263586576533801,0.3212178885125933,0.2502280410107888,0.2729765466430593,0.3450961734311527,0.3437571627365197
hinge,0.33470513007946534,0.3188002610084748,0.33038905863753976,0.3564875368377614,0.33037921482626903,0.3143720801268563,0.3071621519685977,0.2729765466430593,0.24562485145122834,0.32949860803082287,0.34216179259603313
trapezoid,0.33716251668452607,0.3530087540458303,0.32343129086683553,0.3351243804325468,0.27383755679706595,0.30452868565111735,0.28683873260733483,0.3450961734311526,0.32949860803082287,0.2434160295706235,0.29715892126510807
random,0.3762324427851392,0.38893854009177903,0.35402846222511275,0.3531740507904595,0.30877126466264754,0.3263333882730168,0.3260828686371547,0.3437571627365197,0.34216179259603313,0.29715892126510807,0.2552806672076451
