,square,rectangle,parallelogram,losange,isoTrapezoid,kite,rightKite,rustedHinge,hinge,trapezoid,random
square,0.1855219445381546,0.2730174470896957,0.37669440229096374,0.42465679249479277,0.3537101926016523,0.34959866422598873,0.32457275187611423,0.40275066023416123,0.376178023179887,0.3558901612477145,0.430480922847076
rectangle,0.2730174470896957,0.19027135230246342,0.3337527496071528,0.39710445311010867,0.3668799984085857,0.35889769894711626,0.3434679863518121,0.3696215885821554,0.32784208195443626,0.3551147354179413,0.4219811395678212
parallelogram,0.37669440229096374,0.33375274960715273,0.25217995320238024,0.2968009288243858,0.393847049571227,0.37439526278716295,0.37603762494289633,0.39194960235950105,0.363340640352147,0.3430390974272313,0.39691125870534627
losange,0.4246567924947927,0.3971044531101086,0.2968009288243858,0.26507034251399436,0.4216582730278029,0.4091276163967831,0.4133516192287079,0.42128278827880844,0.404081280060834,0.36530880219253514,0.39576303293069137
isoTrapezoid,0.3537101926016523,0.3668799984085857,0.393847049571227,0.42165827302780295,0.21314570577434952,0.29242724745067705,0.2686120422826017,0.36745480630275146,0.36131377519383295,0.2881592210920331,0.3421061205966797
kite,0.34959866422598873,0.35889769894711626,0.37439526278716295,0.4091276163967831,0.29242724745067705,0.24144583505502903,0.26338290167749545,0.36405149047980895,0.3554642220607609,0.3330597491910325,0.3739809615834156
rightKite,0.32457275187611423,0.3434679863518121,0.3760376249428964,0.4133516192287079,0.2686120422826017,0.26338290167749545,0.218626410058003,0.3481586828245156,0.3374469545136112,0.3008982324582859,0.3650894996298596
rustedHinge,0.40275066023416123,0.3696215885821554,0.39194960235950105,0.42128278827880844,0.3674548063027514,0.36405149047980895,0.3481586828245156,0.2504524801583881,0.2744724905484145,0.3696196050260338,0.3771351579796383
hinge,0.37617802317988697,0.3278420819544363,0.363340640352147,0.404081280060834,0.36131377519383295,0.3554642220607609,0.3374469545136112,0.2744724905484145,0.25520204082557213,0.35488506285425364,0.3818319731136257
trapezoid,0.35589016124771455,0.35511473541794136,0.3430390974272313,0.36530880219253514,0.2881592210920332,0.3330597491910325,0.3008982324582859,0.3696196050260338,0.35488506285425364,0.24518977452179777,0.3157838017607382
random,0.430480922847076,0.4219811395678211,0.39691125870534627,0.39576303293069137,0.3421061205966798,0.37398096158341565,0.3650894996298596,0.3771351579796384,0.3818319731136258,0.3157838017607382,0.2706015016381169
