,square,rectangle,parallelogram,losange,isoTrapezoid,kite,rightKite,rustedHinge,hinge,trapezoid,random
square,0.23937675103973602,0.3295158078096384,0.4144143696266798,0.45967131556616003,0.3914056064164065,0.3901807993382608,0.3729758716508575,0.43289585723102453,0.41019886119995014,0.39868155007659506,0.4558302927865678
rectangle,0.32951580780963835,0.23998968422275518,0.40233827446480075,0.4691703667493373,0.4321372758060701,0.4272370006048441,0.41677249838903757,0.43928973535430105,0.3935788132080153,0.4241496143287431,0.47931817578187674
parallelogram,0.4144143696266797,0.4023382744648008,0.30123905514326066,0.3586720780254615,0.4366404999269677,0.42411280057800127,0.4241788192052651,0.44747633274381565,0.42088910463692003,0.3986045221638674,0.44254873277499274
losange,0.45967131556616,0.4691703667493373,0.35867207802546147,0.32030939675936954,0.46361702965189316,0.45810913847610096,0.458777196393775,0.4769959177057438,0.4633882289524743,0.42085265288401835,0.4441296320095781
isoTrapezoid,0.3914056064164065,0.43213727580607014,0.4366404999269677,0.4636170296518931,0.2606721383132719,0.34006732866454037,0.323962794923413,0.4236385760717821,0.41319651119143974,0.3384124822504802,0.3845031379221483
kite,0.39018079933826083,0.4272370006048441,0.42411280057800127,0.4581091384761009,0.34006732866454037,0.28416007018921957,0.31177747896510905,0.42003818315143937,0.4078361418827946,0.38195437458495035,0.41431652785630296
rightKite,0.3729758716508575,0.41677249838903757,0.4241788192052651,0.458777196393775,0.32396279492341307,0.31177747896510905,0.2694147744449085,0.40290829770166214,0.3913727391441319,0.3550387545436187,0.4067140471337343
rustedHinge,0.43289585723102453,0.43928973535430105,0.4474763327438157,0.4769959177057438,0.4236385760717821,0.42003818315143937,0.40290829770166214,0.3118313289283747,0.3390164928162432,0.42734721716880797,0.43677654127227844
hinge,0.41019886119995014,0.3935788132080153,0.42088910463692003,0.4633882289524743,0.41319651119143974,0.4078361418827946,0.39137273914413184,0.3390164928162432,0.312202355348049,0.40993950206595237,0.4340288134066001
trapezoid,0.39868155007659506,0.4241496143287431,0.3986045221638674,0.4208526528840183,0.3384124822504802,0.38195437458495035,0.3550387545436187,0.4273472171688079,0.40993950206595237,0.2929742161356758,0.3605869136281911
random,0.4558302927865678,0.47931817578187674,0.44254873277499274,0.4441296320095781,0.3845031379221483,0.4143165278563029,0.40671404713373427,0.43677654127227844,0.43402881340660016,0.3605869136281911,0.31400935804700714
