,square,rectangle,parallelogram,losange,isoTrapezoid,kite,rightKite,rustedHinge,hinge,trapezoid,random
square,0.18446884446244716,0.2387806235473091,0.2977338796844304,0.32780275295211303,0.281502699804695,0.2770221363413642,0.26651184087683116,0.30283978949532875,0.28613286503850216,0.28880504369032556,0.32005995865556613
rectangle,0.23878062354730908,0.17417576224081555,0.2823409697988841,0.32046404069081763,0.2934487561946978,0.28769195828341687,0.28240336958297385,0.2917805957058842,0.26614388238530035,0.2923525817629231,0.3223488368977472
parallelogram,0.2977338796844304,0.2823409697988841,0.2234061155671988,0.26485042133514936,0.3079061647472958,0.2991275020642228,0.29844183298026367,0.30986913324094606,0.2929229182922117,0.29039013019611154,0.31476640298084096
losange,0.327802752952113,0.3204640406908176,0.26485042133514936,0.2439659774237779,0.32764738068728894,0.32588593603029875,0.32384062122284335,0.3305852273039407,0.32024381360984483,0.3071400107714292,0.3190096505723711
isoTrapezoid,0.281502699804695,0.2934487561946978,0.3079061647472958,0.32764738068728894,0.19190886143085503,0.24448704930633572,0.2351974927909672,0.29406863003185857,0.2835773301700572,0.24595061996162493,0.2723508297889513
kite,0.2770221363413642,0.28769195828341687,0.2991275020642228,0.32588593603029875,0.24448704930633572,0.20556006208841418,0.22435243526817228,0.2864999413591147,0.27314480143543823,0.2695714598337963,0.2874683811183951
rightKite,0.2665118408768311,0.28240336958297385,0.29844183298026367,0.32384062122284335,0.23519749279096716,0.22435243526817228,0.1919729573513525,0.27634917636497924,0.26312169686046966,0.2552303010829732,0.28579961559563133
rustedHinge,0.30283978949532875,0.2917805957058842,0.30986913324094606,0.3305852273039407,0.29406863003185857,0.28649994135911466,0.27634917636497924,0.2219944112486306,0.23648528648108785,0.2980957498666654,0.3009411642201156
hinge,0.28613286503850216,0.2661438823853004,0.2929229182922117,0.32024381360984483,0.2835773301700572,0.27314480143543823,0.26312169686046966,0.23648528648108785,0.21301854993189084,0.2850745741877951,0.2970098437424464
trapezoid,0.28880504369032556,0.2923525817629231,0.29039013019611154,0.3071400107714291,0.24595061996162493,0.2695714598337963,0.2552303010829731,0.2980957498666654,0.2850745741877951,0.22103167735860832,0.2636522388580846
random,0.3200599586555662,0.3223488368977472,0.31476640298084096,0.31900965057237113,0.2723508297889513,0.2874683811183951,0.28579961559563133,0.3009411642201155,0.2970098437424464,0.2636522388580847,0.22745743506430133
