,square,rectangle,parallelogram,losange,isoTrapezoid,kite,rightKite,rustedHinge,hinge,trapezoid,random
square,0.11008697580625797,0.12085740644641431,0.1253461119540216,0.13268817237551403,0.115842499679138,0.11452427548834287,0.11314140379724077,0.12160303430363445,0.12015182263960425,0.11727825525726177,0.1223857737551867
rectangle,0.12085740644641431,0.11248412306607593,0.11769859025456102,0.12471805844217418,0.12677665073577507,0.1224825326417865,0.1217638796395807,0.11840845266089867,0.11531071546852412,0.12316071105756637,0.12764739816249995
parallelogram,0.1253461119540216,0.11769859025456102,0.11312307569773004,0.11996695185820873,0.129065194327961,0.12692407918319223,0.125060208464671,0.12127862393222195,0.11806354448224446,0.12389027424440043,0.12753128222159862
losange,0.13268817237551403,0.12471805844217418,0.1199669518582087,0.11629365319441226,0.13282492989670497,0.1330658093774345,0.13181042167154475,0.12466678693871251,0.1225987806257957,0.1271567034547117,0.1261290564246706
isoTrapezoid,0.115842499679138,0.12677665073577507,0.12906519432796099,0.13282492989670497,0.11103178314735755,0.11690787627847794,0.11607765169919214,0.12649631347461732,0.12560661699268272,0.11846708726141328,0.12073759016042669
kite,0.11452427548834287,0.12248253264178652,0.12692407918319223,0.1330658093774345,0.11690787627847797,0.11160776842320569,0.11403145305111263,0.1250262928637902,0.12363578048309377,0.12128426123771141,0.12507656378822482
rightKite,0.11314140379724075,0.1217638796395807,0.12506020846467097,0.13181042167154475,0.11607765169919217,0.11403145305111263,0.11092314520050943,0.12358067058061362,0.12208164633838968,0.11760067587061229,0.12366538464800367
rustedHinge,0.12160303430363448,0.11840845266089867,0.12127862393222195,0.12466678693871251,0.12649631347461732,0.1250262928637902,0.12358067058061362,0.11343239445028183,0.11337960859164666,0.12342552177942216,0.12481364879713946
hinge,0.12015182263960422,0.11531071546852414,0.11806354448224446,0.1225987806257957,0.12560661699268272,0.12363578048309376,0.12208164633838971,0.11337960859164666,0.11116176835600222,0.12168100349230412,0.12400063061813084
trapezoid,0.11727825525726177,0.12316071105756639,0.12389027424440043,0.1271567034547117,0.1184670872614133,0.12128426123771141,0.11760067587061229,0.12342552177942216,0.12168100349230412,0.11293058385293431,0.11850059239426161
random,0.1223857737551867,0.12764739816249995,0.12753128222159862,0.1261290564246706,0.12073759016042669,0.1250765637882248,0.12366538464800367,0.12481364879713946,0.12400063061813082,0.11850059239426161,0.11198560578133786
