,square,rectangle,parallelogram,losange,isoTrapezoid,kite,rightKite,rustedHinge,hinge,trapezoid,random
square,0.1671173701050249,0.223991384951137,0.32828430262618724,0.3747394467779315,0.29749384379040955,0.2997235697422267,0.2786599457072447,0.3382023835302261,0.3165428440275925,0.30398590802658226,0.3720478660116303
rectangle,0.223991384951137,0.17414112241902105,0.30265785508284015,0.36152986164965967,0.34123172916008576,0.3292316986766739,0.31318588901393607,0.32693598018480924,0.2922167734367585,0.32574145642726576,0.3899141443619827
parallelogram,0.32828430262618724,0.30265785508284015,0.23154296779037847,0.27065891674969983,0.36414721654891313,0.3454415009932056,0.34181769108492643,0.3471051628596491,0.32569269895256403,0.31596160241866356,0.35946761876918665
losange,0.3747394467779315,0.36152986164965967,0.27065891674969983,0.24200069391889933,0.383643214613839,0.37260160829835254,0.3727559622537111,0.3727953529672109,0.3613105211819006,0.3300766130687402,0.3500858415502075
isoTrapezoid,0.2974938437904096,0.3412317291600857,0.36414721654891313,0.383643214613839,0.20658724289816502,0.27616940342366664,0.2585141176819066,0.3422320844937657,0.3410358027968443,0.2696145732774032,0.3167043874469634
kite,0.29972356974222664,0.3292316986766739,0.3454415009932056,0.37260160829835254,0.27616940342366664,0.22554049068740661,0.2481893834776764,0.32983204140986166,0.3268844373975567,0.3104109350595763,0.3395740787259562
rightKite,0.27865994570724467,0.31318588901393607,0.34181769108492643,0.3727559622537111,0.2585141176819066,0.2481893834776764,0.21020887703746716,0.31512469012292404,0.3115175663744455,0.28260782866237427,0.33573402282951614
rustedHinge,0.338202383530226,0.32693598018480924,0.34710516285964915,0.3727953529672109,0.3422320844937657,0.32983204140986166,0.31512469012292404,0.2273860334196834,0.24653539876472264,0.3369124271838938,0.3422022608759443
hinge,0.3165428440275925,0.2922167734367585,0.32569269895256403,0.3613105211819006,0.3410358027968443,0.3268844373975567,0.3115175663744455,0.24653539876472264,0.23465863012856553,0.3284882743011006,0.34869034091049655
trapezoid,0.30398590802658226,0.3257414564272658,0.3159616024186636,0.3300766130687402,0.2696145732774031,0.3104109350595763,0.28260782866237427,0.3369124271838938,0.3284882743011006,0.22927172860997558,0.2882507953843591
random,0.3720478660116303,0.38991414436198263,0.35946761876918665,0.3500858415502075,0.3167043874469634,0.33957407872595624,0.3357340228295161,0.3422022608759443,0.34869034091049655,0.2882507953843591,0.24515100838192913
