,square,rectangle,parallelogram,losange,isoTrapezoid,kite,rightKite,rustedHinge,hinge,trapezoid,random
square,0.13788929255794874,0.16251946013357474,0.17833619316937938,0.19209881917647173,0.15477842628059676,0.1520670160171525,0.14772820974185374,0.16623419936044811,0.16381114816225187,0.15646253495956142,0.17363829070380812
rectangle,0.16251946013357477,0.14125441306452619,0.15789090438797307,0.1730169972963237,0.18304693086301102,0.1707900628446404,0.16801609061533337,0.15900704257642523,0.15211331540870404,0.16993210415305313,0.18821825184873156
parallelogram,0.1783361931693794,0.15789090438797307,0.14218324190167866,0.1550403840512817,0.19042320890447637,0.18629413006544276,0.1779315823322688,0.169141409682616,0.16153677957210438,0.16773043739713264,0.18373273413610897
losange,0.1920988191764717,0.1730169972963237,0.1550403840512817,0.13979318544247107,0.19454330407387163,0.19698472856677685,0.19021654664691823,0.17447338221714798,0.17054363496302524,0.1699567340667068,0.17384686979664513
isoTrapezoid,0.15477842628059676,0.18304693086301102,0.19042320890447637,0.19454330407387163,0.14192790421029539,0.15891981092992552,0.1555860392724455,0.18273769907416396,0.18210547598843313,0.15930583906434695,0.16852883848424755
kite,0.1520670160171525,0.17079006284464043,0.18629413006544276,0.19698472856677687,0.15891981092992552,0.14368883579505615,0.15094457060962826,0.17867133983211245,0.1773402218459718,0.1710040914168921,0.18494207903351717
rightKite,0.14772820974185374,0.16801609061533337,0.17793158233226883,0.19021654664691823,0.1555860392724455,0.15094457060962824,0.14072807056164902,0.17489512004036983,0.17275802729333853,0.15725432787110732,0.17703238279335032
rustedHinge,0.16623419936044811,0.15900704257642523,0.16914140968261604,0.17447338221714798,0.18273769907416396,0.17867133983211245,0.17489512004036983,0.141878831881485,0.14486374758751563,0.17136924742132692,0.17857529090844693
hinge,0.16381114816225187,0.15211331540870407,0.16153677957210438,0.17054363496302524,0.1821054759884331,0.1773402218459718,0.17275802729333856,0.14486374758751566,0.14145603736311632,0.16817208449300924,0.17841454668248116
trapezoid,0.15646253495956142,0.16993210415305315,0.16773043739713264,0.1699567340667068,0.15930583906434698,0.1710040914168921,0.15725432787110732,0.17136924742132692,0.16817208449300924,0.1399083010951053,0.15582971765236905
random,0.17363829070380812,0.18821825184873156,0.18373273413610897,0.17384686979664513,0.16852883848424755,0.1849420790335172,0.17703238279335032,0.17857529090844693,0.17841454668248116,0.15582971765236905,0.14356225162478053
