,square,rectangle,parallelogram,losange,isoTrapezoid,kite,rightKite,rustedHinge,hinge,trapezoid,random
square,0.2129170949235078,0.2936757240160177,0.4108065953622401,0.45700722873763705,0.3863705103297875,0.3748662496756199,0.35071812618720644,0.431112596103856,0.3938588791167322,0.3942379462041906,0.46350068246703785
rectangle,0.2936757240160177,0.2208234646277376,0.378893003057616,0.44434571068334694,0.4260318481751491,0.40403122919437945,0.392592415926953,0.42549475823788613,0.3711364468633268,0.41241170593000887,0.4760966174509277
parallelogram,0.4108065953622401,0.378893003057616,0.2867248335000808,0.33613040232346575,0.4500351978240782,0.41610805892439706,0.4216593966056849,0.4427637740300754,0.40487884868948315,0.39643746308643235,0.44099345498947545
losange,0.45700722873763705,0.44434571068334694,0.3361304023234658,0.29752225602366533,0.4730847711808396,0.4484197075452242,0.45334354292240314,0.4713957761051217,0.4467910695018765,0.4174802385567546,0.44046536864175867
isoTrapezoid,0.3863705103297876,0.4260318481751491,0.45003519782407814,0.4730847711808396,0.2512994166771865,0.34073681135630063,0.3198120145407734,0.42919650711522983,0.4188856222153845,0.3431078283508653,0.39179070142479533
kite,0.3748662496756198,0.4040312291943794,0.41610805892439706,0.44841970754522414,0.34073681135630063,0.27009583419552197,0.3019072642568941,0.4121392105029378,0.3944620246894391,0.37861485424131075,0.40989884771538604
rightKite,0.3507181261872064,0.392592415926953,0.4216593966056849,0.45334354292240314,0.3198120145407733,0.3019072642568942,0.2544252136684604,0.39907576796065664,0.3832855083722142,0.35270725554892757,0.40868689798058344
rustedHinge,0.43111259610385605,0.42549475823788613,0.44276377403007533,0.4713957761051218,0.42919650711522983,0.4121392105029378,0.39907576796065664,0.2917459684315962,0.3209794344356031,0.4330528502196455,0.43396390477223146
hinge,0.3938588791167322,0.37113644686332686,0.40487884868948315,0.4467910695018765,0.4188856222153845,0.39446202468943914,0.38328550837221426,0.3209794344356031,0.2938133066793541,0.4121268050881098,0.43245345163302545
trapezoid,0.39423794620419067,0.4124117059300088,0.39643746308643235,0.4174802385567546,0.3431078283508653,0.3786148542413107,0.35270725554892757,0.4330528502196455,0.4121268050881098,0.29136623123564903,0.35983331504528554
random,0.46350068246703785,0.47609661745092763,0.44099345498947545,0.4404653686417588,0.3917907014247952,0.40989884771538604,0.40868689798058344,0.43396390477223146,0.43245345163302545,0.3598333150452856,0.3036164125218363
