,square,rectangle,parallelogram,losange,isoTrapezoid,kite,rightKite,rustedHinge,hinge,trapezoid,random
square,0.15556831796959983,0.20246922911114104,0.30534430191218154,0.3488897894326573,0.2947180547880874,0.29057302385633327,0.29686308875818995,0.32793839133159275,0.30837854815209653,0.29506904495684916,0.3454465034014054
rectangle,0.2024692291111411,0.16415365535133808,0.2752849019778142,0.3287767449049621,0.3405541207848634,0.32009586550953534,0.32795465245216815,0.32687681659101125,0.29685959953033636,0.3182199900950177,0.36997954822613666
parallelogram,0.30534430191218154,0.2752849019778142,0.22085760428502565,0.26006643098737936,0.3676289874788582,0.34639681748628315,0.3592381885519255,0.34721206672386945,0.3216770439520637,0.31002468923737725,0.35002809279126107
losange,0.34888978943265736,0.3287767449049621,0.2600664309873793,0.23540592357476892,0.3827018439447828,0.3717996526654109,0.3838486395473341,0.3686576666814961,0.35230075626209767,0.3220418971172887,0.34021693812760573
isoTrapezoid,0.2947180547880874,0.3405541207848634,0.36762898747885814,0.3827018439447828,0.19532831545822968,0.26569967497610125,0.24653969701242634,0.32508807898508446,0.3301229777121122,0.26215872254989125,0.29854180561798754
kite,0.29057302385633327,0.32009586550953534,0.34639681748628315,0.3717996526654108,0.26569967497610125,0.22063153818312584,0.24523218368094324,0.32647562822318815,0.32345905279484166,0.3031808684040167,0.33072204966973906
rightKite,0.29686308875818995,0.32795465245216815,0.3592381885519255,0.38384863954733406,0.24653969701242637,0.24523218368094324,0.20402953236153426,0.31277717659298515,0.31308315996074076,0.2825208277762244,0.3257863761949782
rustedHinge,0.3279383913315928,0.32687681659101125,0.3472120667238695,0.3686576666814961,0.32508807898508446,0.32647562822318815,0.31277717659298515,0.22344365597701077,0.24257628958951455,0.3301366369662157,0.3314057466063276
hinge,0.30837854815209653,0.2968595995303363,0.3216770439520637,0.3523007562620977,0.3301229777121122,0.32345905279484166,0.31308315996074076,0.24257628958951455,0.23331623475577576,0.32244729927949667,0.3358669155607616
trapezoid,0.29506904495684916,0.3182199900950178,0.3100246892373772,0.3220418971172887,0.26215872254989125,0.3031808684040167,0.2825208277762244,0.33013663696621576,0.32244729927949667,0.2156164288663485,0.2682544314988345
random,0.3454465034014054,0.36997954822613666,0.35002809279126107,0.34021693812760573,0.2985418056179875,0.33072204966973906,0.3257863761949782,0.3314057466063276,0.33586691556076165,0.2682544314988345,0.23369303934745217
