,square,rectangle,parallelogram,losange,isoTrapezoid,kite,rightKite,rustedHinge,hinge,trapezoid,random
square,0.13031567906828456,0.14767125436672104,0.15937299801345886,0.17426229173829785,0.14049241394937137,0.13706978898097233,0.1364191265640437,0.15154957802067004,0.1483590545621011,0.14489290386755635,0.1552563682600532
rectangle,0.14767125436672102,0.13485548143489576,0.14657919104852707,0.1608569748192229,0.1570757850829953,0.14948471110964093,0.15039307144641492,0.1471531030687197,0.1413265751485467,0.15432566324695624,0.16351785207316608
parallelogram,0.15937299801345886,0.14657919104852707,0.14182088289956224,0.15629803859734134,0.16553994568136995,0.16111930114405382,0.1593527272035672,0.15488920184273822,0.14900949412523762,0.15845095078448698,0.16653105416940547
losange,0.17426229173829788,0.16085697481922295,0.15629803859734134,0.15235796271232424,0.17450732417558829,0.1743008137367045,0.17330719544761392,0.16275785539377996,0.1590512624597842,0.16585795174864665,0.16628251902568544
isoTrapezoid,0.14049241394937137,0.1570757850829953,0.16553994568136995,0.17450732417558829,0.13370389934035,0.1416853388401426,0.14155804029933147,0.15925322903091307,0.15698101114439905,0.14657026378850652,0.15243998096408756
kite,0.13706978898097233,0.14948471110964093,0.1611193011440538,0.17430081373670447,0.1416853388401426,0.13194983162505997,0.1373686571909458,0.15613691482265263,0.15317246259607828,0.15138661594132613,0.15943006351103176
rightKite,0.1364191265640437,0.15039307144641492,0.15935272720356716,0.17330719544761392,0.14155804029933147,0.13736865719094582,0.1332825688031386,0.15561450458468448,0.15254545831538344,0.1461101817935275,0.15773231778872354
rustedHinge,0.15154957802067004,0.1471531030687197,0.15488920184273822,0.16275785539377996,0.15925322903091307,0.15613691482265263,0.15561450458468448,0.14022044643848344,0.13976309146526963,0.15678949031504413,0.15996337902382052
hinge,0.1483590545621011,0.1413265751485467,0.14900949412523762,0.1590512624597842,0.15698101114439908,0.15317246259607828,0.15254545831538344,0.13976309146526966,0.1357632513940217,0.15331653737987516,0.15824448461527932
trapezoid,0.14489290386755635,0.15432566324695624,0.15845095078448698,0.16585795174864665,0.14657026378850652,0.15138661594132613,0.1461101817935275,0.15678949031504413,0.15331653737987516,0.13964614359286293,0.1500183796464086
random,0.1552563682600532,0.16351785207316608,0.16653105416940547,0.16628251902568544,0.1524399809640876,0.15943006351103176,0.15773231778872354,0.15996337902382052,0.15824448461527932,0.15001837964640863,0.14123701957951668
