,square,rectangle,parallelogram,losange,isoTrapezoid,kite,rightKite,rustedHinge,hinge,trapezoid,random
square,0.26260131388602814,0.3487074881148724,0.46009238267786384,0.4998043071609009,0.44099610181598825,0.43058279088318574,0.4204882937701705,0.4802518219717797,0.45308545712238957,0.43560767568222664,0.4995966669571581
rectangle,0.3487074881148724,0.26990745818432643,0.4334964546123949,0.49065415559132947,0.47582200821411635,0.4562095825965641,0.4538109102768382,0.47359162368095253,0.4304324707853305,0.45292067933536223,0.5146397023956125
parallelogram,0.46009238267786384,0.4334964546123949,0.33104196638037503,0.3829808919695967,0.4887145883598921,0.46721062574590166,0.4700016940820794,0.4802954803486969,0.45257069267573574,0.4332938718948464,0.47823803866151215
losange,0.4998043071609009,0.49065415559132947,0.3829808919695967,0.3395605763490404,0.5055655293017943,0.49328069684261894,0.4957536237546791,0.5007545848760229,0.48639032517556197,0.4469737568057324,0.46912934823409635
isoTrapezoid,0.44099610181598825,0.47582200821411647,0.488714588359892,0.5055655293017943,0.28792562525924564,0.3777395203539693,0.3628378902682638,0.4553319557408931,0.4523070172864636,0.37428583893156875,0.42126256299306947
kite,0.43058279088318574,0.4562095825965642,0.46721062574590166,0.493280696842619,0.3777395203539693,0.30778612744800227,0.34198044495174684,0.44370851791074456,0.43506744089186067,0.4158143857261167,0.4495028241642171
rightKite,0.4204882937701705,0.4538109102768382,0.4700016940820794,0.4957536237546791,0.3628378902682638,0.34198044495174684,0.29760860584150595,0.4355780850777323,0.4267755311166743,0.3899604751110498,0.4450939432521064
rustedHinge,0.4802518219717797,0.47359162368095253,0.4802954803486969,0.500754584876023,0.4553319557408932,0.4437085179107445,0.4355780850777322,0.32262726718005946,0.35463854070162926,0.45436581353532757,0.4524316927909636
hinge,0.45308545712238957,0.4304324707853305,0.45257069267573585,0.48639032517556197,0.4523070172864636,0.43506744089186067,0.4267755311166743,0.3546385407016293,0.33156982014982456,0.44048481416806035,0.4577710829511452
trapezoid,0.4356076756822265,0.45292067933536223,0.4332938718948464,0.4469737568057324,0.37428583893156875,0.41581438572611656,0.3899604751110498,0.45436581353532757,0.44048481416806035,0.31427144123778394,0.3867501712325879
random,0.49959666695715815,0.5146397023956126,0.47823803866151215,0.4691293482340963,0.42126256299306947,0.4495028241642172,0.4450939432521065,0.45243169279096357,0.4577710829511453,0.3867501712325879,0.3319758862712804
