,square,rectangle,parallelogram,losange,isoTrapezoid,kite,rightKite,rustedHinge,hinge,trapezoid,random
square,0.08580159422117144,0.1100508500405674,0.14106260693016423,0.1522006226879762,0.14200041055067714,0.14385335285372808,0.1385524173547602,0.1608944636847721,0.15148818206814724,0.14407606132106018,0.15685322035025706
rectangle,0.1100508500405674,0.08224204518322902,0.13446147153356725,0.148902351802204,0.15171735566041256,0.15360821817372197,0.14863316967195342,0.16093351739654876,0.14634950267971047,0.14630855460208053,0.16255122388179855
parallelogram,0.14106260693016423,0.13446147153356727,0.10667927828109777,0.12267311735769025,0.15413871734352083,0.15448352340456528,0.15190853504163515,0.16132514105357412,0.1513409232056049,0.14114153469323146,0.15548385109874244
losange,0.1522006226879762,0.148902351802204,0.12267311735769025,0.11586613470456385,0.16087635092982377,0.16308888806989194,0.16027181300075194,0.16722106404682285,0.16050474727280548,0.1479699381236779,0.1557151464250643
isoTrapezoid,0.14200041055067714,0.15171735566041258,0.15413871734352083,0.16087635092982377,0.10068396501168905,0.1295488661879257,0.12480502232052873,0.15809378609464303,0.15218136554694064,0.12841471646046856,0.13987724270072055
kite,0.14385335285372808,0.15360821817372197,0.15448352340456525,0.16308888806989194,0.1295488661879257,0.10887135069506317,0.11501288538140254,0.14787827986511717,0.14192283291724886,0.14037284078680629,0.14500222213512196
rightKite,0.1385524173547602,0.1486331696719534,0.15190853504163515,0.16027181300075194,0.12480502232052873,0.11501288538140254,0.09862620366546572,0.1414014813552268,0.13470828395317408,0.1318950210553541,0.14261142012555256
rustedHinge,0.1608944636847721,0.16093351739654876,0.16132514105357412,0.16722106404682285,0.158093786094643,0.14787827986511717,0.1414014813552268,0.11956545405072051,0.12862011469204368,0.1563949709594392,0.15523933562826311
hinge,0.15148818206814724,0.14634950267971047,0.1513409232056049,0.16050474727280545,0.15218136554694062,0.14192283291724883,0.13470828395317408,0.12862011469204368,0.11813359301308389,0.1481053860933165,0.15300233207362574
trapezoid,0.14407606132106018,0.1463085546020805,0.14114153469323143,0.1479699381236779,0.1284147164604686,0.14037284078680626,0.1318950210553541,0.1563949709594392,0.1481053860933165,0.11469465363907988,0.13640061377627405
random,0.15685322035025706,0.16255122388179855,0.15548385109874244,0.1557151464250643,0.13987724270072055,0.14500222213512198,0.14261142012555256,0.15523933562826311,0.15300233207362574,0.13640061377627408,0.1196439636773676
