,square,rectangle,parallelogram,losange,isoTrapezoid,kite,rightKite,rustedHinge,hinge,trapezoid,random
square,0.09337451260690038,0.10965197146285768,0.11989740416335522,0.1314921637541784,0.10137354508510099,0.09969554441625048,0.09708163286952876,0.11096993973787309,0.10979511394780697,0.10363044211220733,0.11512643752005872
rectangle,0.10965197146285766,0.09422853588821826,0.10391444650466494,0.11581943421477629,0.11923406749670312,0.1115875097853441,0.11024657917847697,0.10468463113328666,0.10064310318366002,0.11141011957500414,0.12393034293456298
parallelogram,0.11989740416335519,0.10391444650466494,0.09531350799948377,0.1056541609414372,0.12460150115617127,0.12097013710223938,0.11696061142197743,0.10986650032175782,0.10570348405127583,0.11177018233093053,0.1222298595884682
losange,0.1314921637541784,0.11581943421477628,0.1056541609414372,0.09854625016760928,0.13000642031800472,0.13047736308542052,0.12736984609996782,0.11556772516664253,0.11375746075507884,0.11614558895501158,0.1182120291987566
isoTrapezoid,0.10137354508510099,0.11923406749670312,0.1246015011561713,0.13000642031800472,0.09039664707916224,0.10060294721696106,0.09906188311857388,0.11730698276472407,0.11779502846608166,0.10325728340447392,0.1087061335507356
kite,0.09969554441625048,0.11158750978534411,0.12097013710223938,0.13047736308542052,0.10060294721696106,0.09240425372906945,0.09674377293499434,0.1147669853434256,0.11444795698033951,0.10952848575814032,0.11818854324748013
rightKite,0.09708163286952876,0.11024657917847697,0.11696061142197742,0.1273698460999678,0.0990618831185739,0.09674377293499434,0.09129011753270272,0.11218620104856916,0.11147330858529235,0.1019267030253031,0.11395845740902746
rustedHinge,0.11096993973787307,0.10468463113328666,0.10986650032175782,0.11556772516664253,0.11730698276472408,0.1147669853434256,0.11218620104856913,0.0936482325700025,0.0957225544176058,0.11089234085907385,0.11611369690152128
hinge,0.10979511394780697,0.10064310318365999,0.10570348405127583,0.11375746075507885,0.11779502846608164,0.11444795698033951,0.11147330858529232,0.0957225544176058,0.09395889351013197,0.10952778492754076,0.11701740173885146
trapezoid,0.10363044211220736,0.11141011957500414,0.1117701823309305,0.11614558895501158,0.10325728340447392,0.10952848575814032,0.1019267030253031,0.11089234085907385,0.10952778492754076,0.09296183567674676,0.10329856743987274
random,0.11512643752005872,0.12393034293456298,0.12222985958846821,0.11821202919875658,0.1087061335507356,0.11818854324748013,0.11395845740902745,0.11611369690152125,0.11701740173885146,0.10329856743987274,0.09499699118311872
