,square,rectangle,parallelogram,losange,isoTrapezoid,kite,rightKite,rustedHinge,hinge,trapezoid,random
square,0.22384331227533372,0.3048162378132144,0.41161803542883124,0.4594853142472759,0.392199388936617,0.38396119820113517,0.3683123201807505,0.41864908303390397,0.39574584869433493,0.39722956387035213,0.4541862404536881
rectangle,0.3048162378132144,0.23174568378855995,0.3901449673294661,0.4562743777287378,0.4327458352962012,0.41713160405148253,0.4089181607902377,0.4187907234996695,0.3780563109520274,0.41899486129931535,0.4751557992924669
parallelogram,0.41161803542883124,0.3901449673294661,0.3036906201006686,0.36184428190581697,0.45718835846559164,0.43812329029709035,0.4405803091090596,0.4429609080909408,0.41800427363319914,0.4088030828166585,0.4525428042989278
losange,0.4594853142472759,0.4562743777287378,0.36184428190581697,0.3272199025232449,0.48766121311478344,0.47706808005445184,0.48061122244046584,0.4750057114282368,0.4643709105277922,0.4362556800291855,0.4535761581810917
isoTrapezoid,0.39219938893661704,0.4327458352962012,0.45718835846559164,0.48766121311478344,0.25566775843307016,0.33681358945546996,0.32306718341070634,0.41058749408639283,0.40620237897882133,0.34264276717880326,0.38751347110442425
kite,0.3839611982011352,0.41713160405148253,0.43812329029709035,0.47706808005445184,0.33681358945547,0.2761894865983925,0.30819966566841756,0.399482053644147,0.39252521032825627,0.3842812001147406,0.4168542350747422
rightKite,0.36831232018075055,0.4089181607902377,0.4405803091090596,0.48061122244046584,0.32306718341070634,0.30819966566841756,0.2646752770219572,0.3900609175455416,0.3812009557485671,0.35925552425639873,0.4113063535160363
rustedHinge,0.418649083033904,0.4187907234996695,0.4429609080909408,0.4750057114282368,0.41058749408639283,0.399482053644147,0.39006091754554156,0.29401914051527944,0.32124018685735445,0.41616937019391864,0.4195546666608331
hinge,0.39574584869433493,0.3780563109520274,0.41800427363319914,0.4643709105277922,0.40620237897882133,0.39252521032825627,0.3812009557485671,0.32124018685735445,0.2987244436271714,0.4023432616503511,0.4236920886679511
trapezoid,0.39722956387035213,0.41899486129931535,0.4088030828166585,0.4362556800291855,0.3426427671788033,0.3842812001147406,0.3592555242563988,0.41616937019391864,0.4023432616503511,0.29273353079470454,0.36211316967945856
random,0.4541862404536882,0.47515579929246693,0.4525428042989278,0.4535761581810917,0.38751347110442425,0.4168542350747422,0.4113063535160363,0.4195546666608331,0.42369208866795105,0.36211316967945856,0.3087313792007502
