,square,rectangle,parallelogram,losange,isoTrapezoid,kite,rightKite,rustedHinge,hinge,trapezoid,random
square,0.13957859555648483,0.17072965044654853,0.21258222879793842,0.24477573550030418,0.1760844026361809,0.17619319697120314,0.1699848575088933,0.199858732506292,0.19288398979946644,0.18387387919065046,0.21895769993525882
rectangle,0.17072965044654853,0.1402480267739714,0.1789661171394817,0.21625574646929804,0.2149835900591968,0.1987269883113264,0.1950518434563052,0.190655015666418,0.1761790771265953,0.19782010324850688,0.23762611545279047
parallelogram,0.21258222879793842,0.1789661171394817,0.15828019428444776,0.18638206959429465,0.23966657182179651,0.23271137037213158,0.22258883404465213,0.21256830451201714,0.19822730487419282,0.20241983920387063,0.23689581874671126
losange,0.24477573550030415,0.21625574646929802,0.18638206959429465,0.17243955407050637,0.2571973442079392,0.2588549939828133,0.24956651102365823,0.23405155645593498,0.22487735297360187,0.2154735851602097,0.23379508888519618
isoTrapezoid,0.1760844026361809,0.2149835900591968,0.23966657182179651,0.2571973442079392,0.15720407382566345,0.18663008999246367,0.1811278329417445,0.22922493250775808,0.22760213659284878,0.18995693290468693,0.21117252122986493
kite,0.17619319697120314,0.19872698831132637,0.23271137037213158,0.2588549939828133,0.18663008999246367,0.16188244962889564,0.17258795977590913,0.22257070167848192,0.21914881853572094,0.21190933387608277,0.23755532715240946
rightKite,0.16998485750889328,0.19505184345630525,0.22258883404465218,0.24956651102365823,0.1811278329417445,0.17258795977590913,0.15552579579165846,0.216540668067923,0.2123180572011809,0.18986219298256912,0.22314362012761227
rustedHinge,0.19985873250629205,0.19065501566641796,0.21256830451201714,0.23405155645593503,0.22922493250775805,0.22257070167848186,0.216540668067923,0.16342738549679575,0.16913810069081828,0.21583028569746682,0.2304185493411224
hinge,0.19288398979946644,0.1761790771265953,0.19822730487419282,0.22487735297360192,0.22760213659284878,0.21914881853572094,0.2123180572011809,0.16913810069081828,0.16291579350823931,0.20904648234876272,0.22870965571850255
trapezoid,0.18387387919065046,0.19782010324850688,0.20241983920387063,0.2154735851602097,0.18995693290468693,0.21190933387608274,0.18986219298256915,0.21583028569746687,0.20904648234876275,0.16049327974419145,0.19067107447010664
random,0.21895769993525882,0.23762611545279047,0.23689581874671128,0.23379508888519618,0.21117252122986496,0.23755532715240946,0.22314362012761227,0.23041854934112244,0.22870965571850255,0.19067107447010664,0.17798670006023307
