,square,rectangle,parallelogram,losange,isoTrapezoid,kite,rightKite,rustedHinge,hinge,trapezoid,random
square,0.15928652485449582,0.195135239740467,0.25542153279438573,0.2929327626705562,0.24162020693099623,0.23476300175418077,0.2396632489532551,0.27024848662858136,0.25380196869921823,0.2357331055687018,0.2779172447552407
rectangle,0.195135239740467,0.15980566038817987,0.21562010138790336,0.2572653549805121,0.28086980433391223,0.2562228995402498,0.26351642314321616,0.2595268774429767,0.23504576498250368,0.24844172045807214,0.2955919867094881
parallelogram,0.25542153279438573,0.21562010138790336,0.183017864771031,0.21161326822115467,0.31635489285069185,0.2998201648576548,0.2985292800035489,0.28567940629292105,0.261874269391268,0.2502555728466926,0.291812039630904
losange,0.2929327626705562,0.2572653549805121,0.21161326822115467,0.19225045805428403,0.3357469516501156,0.3274939462015531,0.32629191783316036,0.30684757622371195,0.2893962893742944,0.26285525876032784,0.28872946171264285
isoTrapezoid,0.2416202069309962,0.28086980433391223,0.31635489285069185,0.3357469516501156,0.19656619848334636,0.24005821933796792,0.23178423386188363,0.2945417132204503,0.29424965194714847,0.2386066935967865,0.26388212665232014
kite,0.23476300175418074,0.2562228995402498,0.2998201648576548,0.32749394620155314,0.24005821933796792,0.20387179485417367,0.22246720127392383,0.29107001431920343,0.28550313688913476,0.26895756637783286,0.2947300372137956
rightKite,0.2396632489532551,0.26351642314321616,0.2985292800035489,0.32629191783316036,0.23178423386188363,0.22246720127392378,0.19744783591020473,0.28321830117774177,0.28028087278736835,0.24181234512118582,0.2799156356057359
rustedHinge,0.27024848662858136,0.2595268774429767,0.285679406292921,0.30684757622371195,0.29454171322045025,0.29107001431920343,0.28321830117774166,0.20721203122463488,0.2170059362226797,0.27716238107164354,0.2905200178119946
hinge,0.25380196869921823,0.2350457649825037,0.261874269391268,0.2893962893742944,0.29424965194714836,0.2855031368891347,0.28028087278736835,0.2170059362226797,0.20818895190640616,0.26918762943949104,0.28757870804343694
trapezoid,0.23573310556870175,0.24844172045807214,0.2502555728466926,0.2628552587603279,0.2386066935967865,0.26895756637783286,0.24181234512118582,0.2771623810716435,0.26918762943949104,0.18618884663170895,0.22728588491441712
random,0.2779172447552407,0.29559198670948816,0.291812039630904,0.2887294617126429,0.2638821266523201,0.29473003721379554,0.2799156356057359,0.2905200178119946,0.28757870804343694,0.22728588491441715,0.21142260496122098
