,photo_face,photo_profil,photo_eyes,photo_face2,photo_walking,photo_standing,photo_hand,photo_legs,photo_bird,photo_butterfly,photo_girafe,photo_fish,photo_cherry,photo_tree,photo_flower,photo_carrot,photo_watch,photo_key,photo_truck,photo_velo,photo_road,photo_house,photo_mountain,photo_windmill,drawing_face,drawing_profil,drawing_eyes,drawing_face2,drawing_walking,drawing_standing,drawing_hand,drawing_legs,drawing_bird,drawing_butterfly,drawing_girafe,drawing_fish,drawing_cherry,drawing_tree,drawing_flower,drawing_carrot,drawing_watch,drawing_key,drawing_truck,drawing_velo,drawing_road,drawing_house,drawing_mountain,drawing_windmill,geo_face,geo_profil,geo_eyes,geo_face2,geo_walking,geo_standing,geo_hand,geo_legs,geo_bird,geo_butterfly,geo_girafe,geo_fish,geo_cherry,geo_tree,geo_flower,geo_carrot,geo_watch,geo_key,geo_truck,geo_velo,geo_road,geo_house,geo_mountain,geo_windmill,word_face,word_profil,word_eyes,word_face2,word_walking,word_standing,word_hand,word_legs,word_bird,word_butterfly,word_girafe,word_fish,word_cherry,word_tree,word_flower,word_carrot,word_watch,word_key,word_truck,word_velo,word_road,word_house,word_mountain,word_windmill
photo_face,0.0,2694.9521703476616,2821.039657758156,3248.094678961809,3072.214146654783,2030.472913202348,1565.3699001209156,1731.341214605186,3075.424324943789,2980.1073906608376,3295.073028329526,3111.2719523001615,2932.096908428437,1891.6114922396473,1333.202961146798,2046.2080317426476,702.1103269319499,3059.920086860834,3133.724166072301,2830.551449432412,2906.7250443938055,2616.729308765677,2719.63277515379,2430.5687465795627,2284.3471877351435,3070.6008881925286,3118.836771616295,3143.339255017311,2358.7990323973263,2068.428635634163,2018.1414144834346,2251.817973920899,2751.083433536176,3605.5110113254855,2479.832956459862,2868.592403133925,2192.5912417645754,1654.6953350034676,2323.5101626966034,1616.3826016329535,1595.7698154759653,3043.0967897508795,2922.314422776288,2993.0201916877904,3006.0350207168804,2761.718334542529,3051.1586300070453,2139.191450053172,3063.99007246193,1889.3667206084513,2986.1701453214287,2605.672151180293,2571.539072520657,1705.1466280392588,2167.2097029987335,1818.1799608500444,2400.4346346470206,2330.523455787988,2718.378209764082,2982.562189483162,2740.4747358004456,2158.0394039848015,1762.232533417973,1847.9789295331118,1998.9109315001244,3016.289908811464,3294.0792831859494,3032.6267340780487,2417.683287450745,2349.2878760579933,2549.8777749278916,2026.8861379593284,3060.851350396613,3085.4240819683596,3107.0115183271373,2979.8972190274203,3118.1418522809013,3124.2989935752867,3078.5431275344376,3115.5809496088514,3076.663295704526,3133.1068453557227,3058.7739883994527,3093.300410599523,3051.4700331498666,3061.342852779472,3116.4580993546815,3074.523431268311,3066.627704485323,3084.7436835932813,3090.6689675726357,3097.924004992091,3056.2180656589935,3107.5560470287446,3080.2689853251527,3072.22765451043
photo_profil,2694.9521703476616,0.0,3333.062296144206,2637.247705484353,3166.1252273048,2887.8958483920164,2607.674602966741,2619.6775709198523,3518.853411688796,3400.9753073931784,3461.595326617896,3575.7547851303393,2877.514466237182,2140.3579753726954,3012.7269189418257,2884.131338271315,2870.6096486127167,3489.909103297911,3507.243085742425,3398.039344934866,3464.1725990257182,2215.196797449247,3261.286615448657,2221.889813252573,3071.984110335427,947.9769171505112,3512.9649117510335,3148.9488530848553,2432.1004255742178,3285.53236624763,2255.6952537352668,2474.1870908580863,3495.842524737589,2666.329782918181,3228.4873194607553,3358.164750953611,2627.9656160269383,2856.6747616244093,3140.1327352149215,2685.2800455584243,2634.228781436866,3462.485229595742,3369.4034839169635,3457.8155850620274,3512.439530496606,3295.86257792047,3486.72389821548,2136.638860467002,1595.9709182763263,3204.8694451230917,3422.22870032995,2912.6097568148543,2273.6293131424623,2662.8244229088014,2283.652874162212,2755.2865401645668,3174.0987204015905,2630.9860326002536,3355.9972154463308,3425.966868098401,2818.3555437523773,3050.765970878879,2838.9554496047167,2955.8787154575193,3365.654016663759,3453.307012679526,3549.7325037630844,3418.632019246493,2442.731800900209,1899.4925191032523,3245.663101203036,2282.6058514883457,3450.0344115612893,3507.611396468473,3482.998306977759,3442.161004376925,3493.701037067088,3515.364085726378,3496.101998735883,3496.7402404112663,3469.0705712272356,3538.5228298080683,3461.118353578493,3487.253859678465,3460.6814662169163,3454.917354316389,3493.139987067921,3480.744698951349,3483.46545599022,3486.683999768979,3501.600188754141,3472.9166413109533,3454.34025941388,3503.675889903541,3469.1549125473675,3480.5900322322545
photo_eyes,2821.039657758156,3333.062296144206,0.0,2696.2182013833954,2642.6045001569923,3415.2335215296907,2949.884807709527,2185.9735128120137,1651.6430174892182,1374.4693509522288,2568.655137690812,2072.092920262177,2756.8891910468783,2842.6181364612503,2889.6516674838126,2584.742381089617,2811.163088761088,1684.8718571307484,1607.495776227268,940.3160478900702,850.2900051457119,2955.5084500324087,1645.3324343249465,2971.1431799940074,1988.3376812862016,3383.585104545107,1820.8232640142699,1640.2326568031153,2791.6423296691864,2560.9661767320163,3096.277573455763,3051.16023969499,1745.3166130446941,2763.754518690061,3506.1044434213754,1470.646863585008,2024.3147636016145,2061.2451697084193,2558.125287763911,2265.1920311337162,2338.6533943172144,1647.1736039610978,1287.7555285113256,1596.7017883913059,1751.690228752796,924.0755343185778,1904.3166217388784,3048.0216175172504,3093.2203381563518,2865.315563179615,1556.762376379669,3153.3004213303825,2402.87051671948,2340.7779966684243,2813.6989562957456,2482.9358497127173,2842.541400956488,2021.3557420960003,3584.640295229035,1560.962190039807,3058.82839330561,2662.503389486679,2352.4024632789165,2632.8572210060106,3003.4928788215543,1602.2054236066783,2073.3308877361305,1545.2912438553572,3006.828697216218,2720.0541665209,1678.6249026263981,2940.8537025368396,2112.7940112154092,2061.4291305429383,1972.96361478662,1527.4628121307478,2029.9089428694033,2027.8681126514964,2037.8982504062349,1996.393531077477,1994.025904150906,1944.5196917404144,1927.419169498316,2012.5734904636927,1996.851152746185,2139.5699109599536,2119.152773013702,1971.450179981951,1869.6968151221706,1982.7877492354382,1978.406668040972,2113.032935555118,2127.0426363511856,1929.6060394692497,1921.6170820733334,2064.7564846617197
photo_face2,3248.094678961809,2637.247705484353,2696.2182013833954,0.0,2839.2097065394155,3686.6756281229123,2871.359096562168,2732.300105277813,2949.180320530783,2877.817870513283,2951.541839963738,3118.9582115252283,2939.514185517875,2562.8351872995927,3356.3742543949716,3088.4392836332136,3326.7918913135595,2939.6739944724827,2898.9326544775386,2691.4770465786382,2703.9830278825175,1980.6197780002024,2742.409324172273,3403.837977717879,2866.5613603914358,2744.690329827604,2995.0980738976637,3179.299485757331,2587.329154399792,2871.800364039689,3236.3316173053354,2583.1753093019515,2959.8229669254038,2816.310972323356,3817.718244360656,2735.398774713782,2603.5023965519417,2800.256561711141,2998.026516772974,2894.2445754920022,2947.2359068886267,2924.7315595955224,2737.254099922686,2861.6237820845554,2948.770696424068,2517.2753717143323,3011.832852123982,3003.083788777235,2500.5358392863895,3272.1118545264935,2869.322282874652,3266.0459451767224,2258.058764727281,2856.5513588345702,2685.392691205389,2834.466298385418,3182.6399128704365,2574.5937653197257,3899.877551564742,2865.0405405080164,2829.081535779416,3046.320385592576,2803.275190754175,3034.1440061788867,3401.86721058206,2907.577976648579,3036.9838028301792,2841.4693184329726,2169.4953958546485,1984.062601193444,2879.9181818037555,3294.3267540304178,3085.9470203296983,3091.759738576683,3060.7472005422346,2893.6093136740246,3077.5987892185444,3092.611187698388,3082.695422875264,3074.5412807031594,3048.8768874852835,3070.899720147653,3023.9109368423033,3068.986672007135,3042.2983973072874,3099.7575004817318,3116.588602924124,3045.4499940941582,3025.1287680000146,3060.8991780360375,3062.3107993442363,3103.89622563827,3087.3005292529406,3046.4004951750303,3018.150175291277,3083.678670253777
photo_walking,3072.214146654783,3166.1252273048,2642.6045001569923,2839.2097065394155,0.0,3447.000740649399,3461.5388788274963,2427.629109613684,2683.3750302729504,2685.597379392344,3202.6232545007574,2205.5957221213625,1985.3189708343632,2258.8407181404,3054.5163817779326,2075.0005107652273,2968.66353353332,2704.5034740571564,2659.8365922443827,2511.2969182157303,2582.114628638081,2898.7843171810455,1867.1023171857912,3443.124291516914,1919.287532337302,3173.7549927591085,2245.805537586823,2834.9191260887837,2289.7898061710307,3094.568155447025,3087.506392758375,2537.673855854853,2409.998109499809,3213.3749871526006,2948.06495795936,2058.3463481084473,2498.6716326447577,2430.050520739167,2991.272152582904,2348.3118135646823,2522.197069552315,2643.5650975337453,2498.7860229095527,2676.262818245883,2780.5471820765724,2512.1676297287977,2234.788356675803,3036.8207497669537,2992.522315208834,2308.072343980991,2599.8566195920857,3021.843146377604,2245.296542042762,2437.452338841856,2265.109898100445,2406.2323332037777,2271.8483998283305,2687.3940372801685,2939.4783014850227,2591.645390091396,1565.2505488146087,2004.6555982877533,2451.813677266719,2639.2412124628445,2387.1978014388137,2637.9804232235256,2806.4368413677103,2587.7037455385703,2338.1872447585365,2637.456590477118,2347.6158022097206,2943.3822675481933,2113.3064422100024,2134.5324947353283,2173.4688260171583,2614.4780185149307,2096.535409826639,2126.44580366108,2180.012889431504,2135.098087744787,2089.421905591933,2188.4249806217545,2123.3557694131136,2105.0579657795497,2082.0370256230076,2092.9454007980776,2108.858186517509,2124.6043970812425,2186.379089848409,2193.9207242364073,2113.4798893078655,2147.05753529863,2067.7597841494103,2196.748912794247,2116.5277554672034,2109.5304951051116
photo_standing,2030.472913202348,2887.8958483920164,3415.2335215296907,3686.6756281229123,3447.000740649399,0.0,2188.03898118197,2385.968572527769,3497.8407713138354,3424.675600345031,2521.8350840351213,3510.2804589770744,3224.2872775049523,2722.169407599269,1439.3679640730002,2567.5890735847083,1910.5779072641724,3463.712405161142,3560.9776879400993,3353.953373276017,3436.522934248467,3456.2147785550437,3187.424792861239,2230.8309135736795,2809.9521226985166,3080.734455865599,3510.45670747219,3019.0726676588224,2566.66132324964,2271.9268256595724,1914.5467477962036,2285.9348300188426,3176.312752734994,3518.6344375976814,1606.5844442625512,3325.7234829346644,2927.392747251673,2427.3559348756453,2920.382086538502,2081.1459875504147,2262.418518911519,3446.7612021390382,3385.936546874223,3442.147763515429,3445.057381853444,3311.2869565406327,3435.874999309721,1756.765698540424,3143.7282812708104,2462.672966016945,3404.1003314184654,1560.1470937465806,2904.4659632355483,2100.9451047372436,2700.252303299393,2350.2293562448313,2821.5900419454533,2827.9304016814604,2118.4640971235776,3413.027551176319,3160.21296988226,2636.1718757725016,2409.2951647115638,2038.5644085325625,2532.8978001328464,3424.132140067053,3657.826997894888,3450.3405277131096,2783.1517514656875,2987.6226878827074,3011.706588452315,1859.065725045319,3380.593701857447,3433.546890164373,3434.010478056162,3391.8570922099652,3461.6388070792987,3470.0001393437415,3415.597495759416,3454.347909471699,3432.7191170168107,3491.8126608837356,3417.1496811817387,3442.6115506035785,3414.779929334574,3394.142959869826,3435.3988635370965,3439.299393607948,3428.914659365764,3423.9260434174403,3455.952050120209,3398.7507477299996,3397.301062359773,3462.2670033067625,3442.4014630692277,3415.7437151648815
photo_hand,1565.3699001209156,2607.674602966741,2949.884807709527,2871.359096562168,3461.5388788274963,2188.03898118197,0.0,2198.413844972406,3180.009798443412,3087.6491594495715,3224.5949475921284,3211.687945930111,3309.2919810831227,2465.450283099383,1907.322058848564,2510.5136744214424,1808.1474653083405,3163.983437300826,3235.5141806344814,2955.4372574059444,3028.9428783917942,2675.9310801538636,2935.0171660747346,2460.883328950967,2764.4677370708246,2987.232474136249,3215.906306831065,3180.0309618926162,2652.433090159806,1858.3217702468778,2444.2411737541843,2389.8939391680706,3130.9373366042537,3626.794430315207,2747.091291391919,2977.2379165495245,2246.8322179182887,2226.017201767165,2468.4110260937045,2117.5053689664232,2224.428897552434,3146.169062048805,3033.6471161691866,3103.9352812130282,3116.721015606885,2886.8635242474525,3154.6848119838746,2236.3630987407028,2998.4202770185316,2457.607097705364,3092.0156681377043,2737.0724771057803,2462.983973322701,2287.586407379096,2595.5712649004163,2417.000621485544,2846.3138112527304,2455.208914406451,3085.4642226780907,3088.4693881196226,3171.177617099669,2629.057277099363,2329.0250272731178,2440.3461180926624,2563.4854388876897,3120.583647531548,3386.2886725980497,3136.298506771032,2496.0069901190654,2032.9566735613873,2913.9323843419943,2462.269767395069,3154.020626308892,3182.150762606933,3199.335862663236,3085.7499771354787,3210.7493198123448,3217.454354142379,3173.5558879416567,3207.5496087822617,3172.2828235186144,3226.738310467314,3156.607421199475,3187.9071127411944,3148.6936830896752,3156.506373512579,3207.494345070365,3170.926886902588,3164.041376887579,3179.4631401630195,3186.7965109920056,3188.1743584578967,3152.3877607516542,3202.6183089206133,3174.8123494729157,3169.214812065226
photo_legs,1731.341214605186,2619.6775709198523,2185.9735128120137,2732.300105277813,2427.629109613684,2385.968572527769,2198.413844972406,0.0,2400.0181167805304,2339.862102118353,2576.962505086307,2542.474519095967,2427.647219438904,1751.3363153454711,1784.4378863474317,1369.8563944947332,1580.6892913017152,2431.8051881399983,2451.3573292667415,2135.0877173954086,2195.786711185791,2707.642975337013,1935.1282144066545,2108.1587453394427,1505.2923787720863,2694.0650963570297,2477.5774458982387,2536.708419429972,1787.3946130924126,2142.9550732703738,1958.0675547630915,2072.2131856393676,2141.492227058891,3055.619525711625,2551.888034863751,2138.8545306459005,1485.930257209544,1029.3637602651581,1833.656532117368,901.3741485388905,683.9850900511693,2383.944910502639,2214.2065963059567,2339.6331579231646,2458.8749483670335,1975.7350126551685,2430.406030867362,1926.7462005203902,2781.8474535078367,1772.787693290721,2335.499735854539,1968.944255102588,1824.66158453139,680.5672990568771,1658.2959347342173,787.4842108352641,1740.257677937271,1544.8114981873948,2686.2789128761888,2302.7173135548037,2024.6240565999835,1472.7308820664327,732.267129219292,1181.7151106139397,2053.873642322967,2374.0962352034244,2673.073672246876,2381.756170830169,1888.684077529628,2043.3873608472973,1858.6104886972994,1700.692036741905,2479.387729087015,2523.4165107787576,2496.0516718688255,2320.26156918019,2488.519245873688,2510.295025539463,2510.234795153672,2492.414534841785,2442.2194456697102,2525.4224785657216,2429.7326775412284,2477.760205568569,2423.459828831717,2452.097169821915,2521.3054796441143,2439.0251301203534,2445.585181007839,2491.9947866607154,2465.898196151851,2529.0394646052264,2460.4714117213293,2487.171750923422,2425.5547229359636,2485.231477261463
photo_bird,3075.424324943789,3518.853411688796,1651.6430174892182,2949.180320530783,2683.3750302729504,3497.8407713138354,3180.009798443412,2400.0181167805304,0.0,683.2478187573987,2770.8069076611846,1351.527102158695,3127.09117427689,3095.598014642756,3054.4406421031886,2778.491929215687,2993.500534861485,749.5708768244594,522.9409795725763,1414.4605076106134,1466.6095927428914,3214.6800522573235,1946.335223270684,3162.6273690483504,1969.6305768652942,3533.4135528013785,1062.4888789676565,1967.7102036499684,3066.7967720088404,2721.276322974949,3223.8861813062326,3268.6263563968782,962.0903615984191,3174.9976089267943,3480.392542814615,1789.5124036249003,2064.973208773167,2394.7273460759807,2626.971782648206,2506.1349937751806,2614.7602036481803,792.4088769333493,733.1355371268502,564.7501245599291,968.7168673134513,1505.5537000743711,1128.3217710182062,3208.80739325129,3305.5895493644593,2889.945565644159,513.0988054229355,3115.991187842032,2654.857073456684,2511.6541254794934,3091.3976514750866,2564.6370196363673,2905.1267470803355,2385.0821972780163,3178.185640688617,558.274458751654,3136.1013388900733,2725.6291690577427,2449.1064788834233,2696.754938262353,3009.8863170525424,515.3205138830923,1546.8611018133536,588.0234417946798,3109.0273612468454,3027.925103069094,1890.6949284633822,3092.364787522492,1386.7050572615128,1429.2859715635823,1250.9093422216658,499.0596588932755,1375.3771938494667,1370.1947656547172,1343.3629816535263,1330.8121366861342,1325.8194110443576,1313.7095770885555,1242.6207002306614,1351.717598040653,1338.7667815053287,1398.92329487425,1432.765816061351,1282.6284685841051,1155.3901678141988,1236.5712661906105,1342.6449046728694,1413.8134194422046,1428.5652576632533,1208.711388296446,1263.965773998763,1390.2600408384312
photo_butterfly,2980.1073906608376,3400.9753073931784,1374.4693509522288,2877.817870513283,2685.597379392344,3424.675600345031,3087.6491594495715,2339.862102118353,683.2478187573987,0.0,2667.413158663753,1476.3229904787897,2963.239922144179,2993.680766376051,2993.459003182817,2715.920638577634,2927.1568735852775,882.3769589348199,664.2738188059966,1321.6412076808508,1346.9120056317083,3109.6947989881405,1873.6374093322743,3037.441775948258,2032.1166075876988,3425.650827973949,1155.3754159247994,1786.7683403838187,2952.6994292553627,2671.13959336482,3133.9596338463643,3174.1736697298434,1062.186680769192,2940.4918460033796,3463.7796098212534,1711.6365809600736,2103.7928386688545,2276.9298898041225,2630.658916425044,2423.105693132218,2514.593742752285,915.6000675012938,752.1364695835156,674.6356698018753,1029.0020504193637,1366.5826642404184,1238.1264614718991,3097.139852196581,3164.7417968228706,2904.454130435056,670.309271628921,3111.6661683653106,2559.696313848836,2456.2030069075163,2973.2210509822485,2558.207149200399,2903.802871175977,2238.3817082882606,3230.0218758855735,709.7588407240107,3117.851166436997,2724.6960359262266,2443.452084365027,2698.6763034734736,3028.508298423174,695.468918619466,1582.7969450190037,693.0556615819655,3079.5700446381843,2903.022959385892,1854.2263800646203,2987.0983222633067,1508.8988027358462,1519.7496529830278,1354.553084679733,671.3134969595307,1482.9825463205893,1476.1534789487582,1441.757316110997,1433.1674693409839,1438.6585072641064,1394.8824313022308,1349.5929169484493,1460.5821809584504,1452.7267161808293,1538.457395080463,1546.7623130964873,1395.7070658518483,1265.1907795104867,1344.2768549463385,1445.4664577443818,1516.7698638204495,1556.7189604802097,1312.5602899769383,1367.8074356695959,1502.6481166853278
photo_girafe,3295.073028329526,3461.595326617896,2568.655137690812,2951.541839963738,3202.6232545007574,2521.8350840351213,3224.5949475921284,2576.962505086307,2770.8069076611846,2667.413158663753,0.0,2988.3235439656187,2979.762216886574,3267.150163472311,2751.360100789625,2866.9754737598973,3140.242453600097,2749.122849536408,2780.939029825968,2505.479774104315,2523.5554691544608,3673.976188810992,2506.1984333345963,2938.1385674872054,2761.458714328878,3364.905519163874,2843.639577812415,2200.5278734974995,2844.4705867370544,2629.0435885407887,2726.675304583071,2848.4283951680304,2558.2353022550974,2816.7750215545034,2662.923442931137,2523.5140346427884,2964.2485771705187,2591.008719474806,3028.2572243153927,2471.906252710445,2687.9915093850504,2747.640268989972,2599.069265634545,2708.4100120372536,2790.6694199512726,2364.7659891947383,2843.1442880561995,2510.5688204759485,3128.220336832505,3037.3726754897357,2700.3933498014944,1844.4696827791004,2950.3033014093635,2396.3202168810503,3161.4531572213873,2602.1275954224907,2959.8530101029296,2634.2985797300958,2864.313022919247,2711.6828289192613,3223.61634520339,2811.63946491355,2599.579384547899,2411.1869602385104,3145.604006953531,2721.1660577208827,2985.4256398057137,2711.683501632467,2958.4280978188076,3239.0780515667116,2566.6495750603544,2562.4076123053014,2912.0067263170185,2914.3249884113934,2850.7822590233723,2681.817223195351,2912.8109563326784,2916.532938347799,2880.527601903902,2884.2237871859115,2894.1552958910797,2873.574585490441,2849.1578253789658,2903.59086211243,2892.6478598252197,2951.037551621869,2937.0619510308384,2883.9495584414904,2831.356196269194,2861.9882399471994,2897.158861671714,2893.2141124902996,2950.3267059721343,2854.7833501183727,2851.3656174301286,2915.6532712967496
photo_fish,3111.2719523001615,3575.7547851303393,2072.092920262177,3118.9582115252283,2205.5957221213625,3510.2804589770744,3211.687945930111,2542.474519095967,1351.527102158695,1476.3229904787897,2988.3235439656187,0.0,2718.806683234285,3179.634093931468,3086.0279724656198,2304.9213423448255,3027.14197788071,1461.8327107425096,1403.484561810959,1836.3659159388903,1901.7425399657643,3267.763971871251,1452.7040226355684,3234.6555741559723,2182.074709707862,3609.04379763726,617.3821587572189,2284.5093061406264,3169.2669148446494,2761.8587393204807,3299.809778562245,3338.925699399379,1578.3576346535688,3349.2735852270175,2991.038212535153,1334.3317923697973,2262.1874287794176,2529.638223075932,2714.1560813464803,2409.271281766629,2747.9969603315326,1465.9294894784487,1430.1315697345142,1384.594428797784,1565.6689216279956,1908.3889430681609,604.0611782252704,3293.4990397820566,3385.959419650008,2361.2720355499355,1340.4614989888532,3199.0516654951243,2790.6845073675177,2643.4315613911217,3189.273830060614,2686.108018710175,2512.430823605754,2540.546586939491,2656.9683618213608,1354.9727830678958,2711.6695537135793,2212.24718308942,2577.543165061246,2798.7651593572573,2419.1084380287343,1353.127433688218,1973.9797882896714,1389.425160966046,3208.0031680480456,3128.0872063594156,2189.7594009178342,3186.922680907099,521.2963661654976,487.9838904033103,513.2400663400222,1338.382719260746,509.8117935261574,495.8088112228664,485.6326927059279,500.873820465635,512.4641305104152,513.9390184169789,510.7364742053306,503.4026271145356,519.4297354202542,558.3019687060787,514.4409742232285,503.2619632591746,544.9713487549185,506.0426745540285,502.7026307297149,523.3834673298381,537.2962597732529,515.5539957978999,550.8691491453321,494.31348777863354
photo_cherry,2932.096908428437,2877.514466237182,2756.8891910468783,2939.514185517875,1985.3189708343632,3224.2872775049523,3309.2919810831227,2427.647219438904,3127.09117427689,2963.239922144179,2979.762216886574,2718.806683234285,0.0,2123.7938345431476,2947.2348904160235,1931.539584000594,2849.431184477034,3090.5582069125726,3068.188951547698,2854.7776511473417,2878.766847648639,3134.355557882806,2020.2099642411733,3180.457217056001,2707.4656248879996,2936.224328424743,2721.025619662697,3021.097133296651,2193.7506286103617,3346.6383016356817,2897.6375981832452,2405.734857515738,2847.6353069020884,2860.1255151672876,2753.1806254846283,2322.0078917387445,2885.048577742335,2640.204513195352,3137.164684543892,2314.5424561415102,2424.8377330325197,3091.5376445549373,2914.8224055924375,3030.903407463412,3092.3290726957066,2703.440118338656,2722.1514582987534,2815.8664583603345,3112.4545978480714,2298.6868645101317,3033.5735600158314,2920.0376352645035,2392.2540554824745,2419.4698675399923,2043.9189161460192,2387.8756760417646,2264.5060866972635,2924.5615646074075,2818.4023112712866,3050.160402150015,1465.49245533648,2003.8501716292942,2503.5418065304957,2632.3207524642144,2432.100289349584,3066.3435912380246,3194.05871519938,2996.193467449891,2285.959972343288,2547.2943576454645,2636.4517456230933,2720.818559613318,2693.413550636525,2636.0852473735868,2683.298275184989,3062.437050463539,2681.260670272287,2689.505770490448,2664.2974733118913,2678.4237088843233,2686.2062141655683,2658.1603194831505,2677.4503703551345,2685.289143306695,2687.3187344018265,2743.770495404323,2690.196141639335,2697.936118343034,2714.844554588643,2696.484891800662,2681.1686674782536,2662.6416068806852,2703.8585661535617,2695.6713233036494,2679.691114313812,2673.6949222111925
photo_tree,1891.6114922396473,2140.3579753726954,2842.6181364612503,2562.8351872995927,2258.8407181404,2722.169407599269,2465.450283099383,1751.3363153454711,3095.598014642756,2993.680766376051,3267.150163472311,3179.634093931468,2123.7938345431476,0.0,2213.8786427593177,2095.882715411104,1939.5265411394462,3085.564556073893,3079.2070044355164,2900.7778334020995,2960.2919119417393,2256.0245039105907,2677.6790154441946,2824.6233585380646,2156.6756080661717,2401.8742582456703,3121.3611888880805,3236.2531453950633,1265.5294101154768,2775.045658913023,2272.4317994681132,1419.6485025837337,2762.3688933654375,3104.3942574206726,3005.741459215597,2911.752706242311,2231.2839369198714,1929.8984117759314,2647.800429647475,1890.5414184148785,1667.181647578663,3060.1361836747747,2913.391120459332,3017.2313176104076,3084.5084948956546,2768.855149579004,3093.61460216252,2234.814308970395,2566.5042301644044,2378.0949515312705,3009.0505758717113,2631.897377975425,1676.397356565331,1750.4065202251202,920.7649125162362,1719.7157177193462,2388.3944852952977,2444.358713216829,3123.1429558851214,3000.326611410168,1769.8689942067904,2223.8917678736707,1856.441328299396,2013.2434457528466,2568.3535420349544,3047.8064433305494,3174.7827408785533,3000.8724411550247,1305.5496136275924,1499.7155306790376,2511.9403317926367,2145.1468820144173,3115.8209957871927,3152.9234105027017,3142.5323217867603,3035.7193300023055,3142.5538746790885,3163.2352317185396,3149.8032240803027,3150.239929609531,3106.6716502399845,3177.1061466524643,3095.101570373726,3132.001618668429,3093.460054340939,3110.015523675806,3160.1381028571213,3111.8506099599463,3115.9005847589356,3137.098035398009,3133.944498394972,3154.1892585161404,3103.620419147355,3142.967821757734,3101.3654271942783,3128.2493138648456
photo_flower,1333.202961146798,3012.7269189418257,2889.6516674838126,3356.3742543949716,3054.5163817779326,1439.3679640730002,1907.322058848564,1784.4378863474317,3054.4406421031886,2993.459003182817,2751.360100789625,3086.0279724656198,2947.2348904160235,2213.8786427593177,0.0,2081.597543218584,1157.0804491932597,3036.4959160156404,3119.2890046180028,2825.837101956337,2902.243830463236,2954.0423003792566,2707.917435167091,2456.9044478105297,2273.294417114064,3265.324421953927,3098.773759178552,3096.96752417074,2072.960206191071,1613.242946748282,2265.5586894918383,1893.7393193683627,2726.5131818534214,3590.065431953731,1955.1020674145116,2852.851301613647,2392.442948404558,1777.4674809392598,2318.4084259189967,1403.9112623554859,1707.7110995295673,3021.873410207883,2909.54059893874,2979.7094298803486,2987.42612255154,2761.5264831324134,3026.8167392423684,2231.9763416076507,3296.26624167979,1864.3967628430871,2967.777737479054,1960.9728754729756,2426.7199637016784,1543.697458676927,2244.771518833193,1769.7796063926055,2373.1929018112723,2407.248316730998,2297.7884594269053,2965.1082270429442,2721.7346644621175,2128.71121743653,1744.2844567768332,1347.8901486247446,1965.809732202042,2994.881753614735,3271.104646692662,3015.3480156072565,2450.453122170957,2608.0709104166244,2534.5094220986293,2200.6348881171225,3024.552339805222,3055.8798051543404,3074.119328431963,2959.6466542136,3088.6408478861504,3095.011836247684,3046.541685446818,3085.3354527203155,3048.143539427269,3106.837834448167,3030.749566665585,3064.1676224767457,3023.9329628872156,3028.1696482815687,3082.6431524962622,3047.9307721016953,3038.353621258357,3053.3533227993325,3064.343878744604,3059.2580967321255,3023.901359036331,3079.2268327378893,3052.986983667272,3040.556618270066
photo_carrot,2046.2080317426476,2884.131338271315,2584.742381089617,3088.4392836332136,2075.0005107652273,2567.5890735847083,2510.5136744214424,1369.8563944947332,2778.491929215687,2715.920638577634,2866.9754737598973,2304.9213423448255,1931.539584000594,2095.882715411104,2081.597543218584,0.0,1905.877364686357,2797.1069327584196,2827.3498618428293,2558.891526417171,2615.259761752517,2998.0260262601787,1637.1681095500026,2412.422295454212,1990.2953820831817,2967.755051542357,2405.7474571169396,2838.401605181996,2162.8912569550334,2493.5095874129324,2220.0684386129183,2379.1774099828413,2508.4449072007146,3295.7548712093803,2074.5442284492697,1969.016321620236,2057.157956858912,1605.3599198242503,2288.282275552024,1085.390574439108,1389.7362909775577,2757.662695818817,2623.321925682651,2727.762047458482,2819.09317129472,2436.225960169196,2335.801406654695,2206.273457808982,3035.4048774393577,1235.659043850157,2716.285628277217,2293.3204934727282,2274.1310845126654,1419.4266352890938,2032.4236873302093,1494.704050291039,1359.8710582703347,2036.3711808541645,2235.923160864574,2694.7789484843097,1595.9959565713427,773.7324869218235,1471.8935330657907,1694.7813468635827,1465.5935360197298,2749.045405680027,3015.871794375397,2761.3901618668847,2269.302155362316,2435.9751434212076,2278.746348472399,2013.6544333552365,2245.0589956566605,2250.0023068208197,2317.4476739527213,2704.993010595511,2252.407995195429,2272.2327254271704,2281.65375710027,2274.509838877032,2235.829857367463,2311.0178272888043,2261.4017163647113,2255.0949424675205,2215.2013578144124,2226.2201532055497,2256.062705474713,2251.3433410711036,2322.8353355382487,2320.6833835842704,2245.5700433428556,2273.291632651123,2211.311566961622,2328.614355536043,2255.00740849571,2238.9446632793756
photo_watch,702.1103269319499,2870.6096486127167,2811.163088761088,3326.7918913135595,2968.66353353332,1910.5779072641724,1808.1474653083405,1580.6892913017152,2993.500534861485,2927.1568735852775,3140.242453600097,3027.14197788071,2849.431184477034,1939.5265411394462,1157.0804491932597,1905.877364686357,0.0,2975.5541618990337,3056.8824926396924,2746.3952413231063,2826.602508283704,2792.8472155806608,2606.388976157271,2404.9043773130293,2106.4248565689386,3166.603045700768,3036.7499230408835,3076.7292126560706,2314.514127666565,2016.4376455423628,2009.3610887296554,2237.638001894334,2605.8534412204262,3594.5599939595463,2276.055205267719,2778.7026593340643,2193.0161152785818,1559.1619240073073,2210.8517528598754,1474.2444670417103,1435.661216577112,2958.000816142136,2838.688858121285,2910.142489862037,2921.905366433854,2676.792180645596,2962.842872760058,2119.001996700682,3199.2471713706323,1644.4779309766047,2901.477091759119,2377.2126955146523,2574.6423544389672,1493.9357173344588,2115.4264066869287,1559.655302071966,2210.7410855447984,2325.3357536943304,2501.8835541145163,2897.5142795644733,2594.747411796798,1947.011798712749,1507.1544721714354,1582.1616250405218,1751.6067146239525,2930.1508862358382,3219.486613058192,2950.882270850124,2358.5299139909234,2518.794744300081,2401.462196311742,1972.459493483816,2970.1335585134143,2997.9144769083377,3018.958510345577,2893.8622968320415,3031.5628208260587,3037.9951612079562,2989.673940745967,3028.552440497286,2989.141988759528,3047.6078474454694,2971.0801546693983,3006.395152300138,2963.6453294231947,2970.9716095063277,3027.631276119111,2987.74376459153,2979.058932214103,2996.241591275923,3004.5943093946003,3007.1675161456064,2966.7519508214245,3021.073380485641,2993.4732669458213,2983.1757711277846
photo_key,3059.920086860834,3489.909103297911,1684.8718571307484,2939.6739944724827,2704.5034740571564,3463.712405161142,3163.983437300826,2431.8051881399983,749.5708768244594,882.3769589348199,2749.122849536408,1461.8327107425096,3090.5582069125726,3085.564556073893,3036.4959160156404,2797.1069327584196,2975.5541618990337,0.0,773.2116930279319,1448.1173410330653,1506.897761229506,3186.947079624875,1967.4677898459063,3156.4640899869323,2033.8782722229064,3511.428221189395,1182.9156323141106,1972.0503718399789,3064.951222441477,2700.664064782273,3216.3529703746945,3250.9772726160236,1117.0841994889247,3124.4558070866515,3442.5516314962742,1801.0424136270851,2121.7994827352545,2417.8487353822547,2300.731335612412,2521.5392387433253,2640.398267151631,398.16280150239953,868.7990607320236,776.2508606822009,537.8468759682744,1519.6706866543118,1245.365665413274,3203.6772760453614,3283.3012856170803,2873.5004602438,724.9328202169038,3108.168907772383,2664.712258251256,2531.2251554370237,3084.965771336923,2579.5307799701304,2682.7699578826946,2413.149766141722,3155.739532905375,780.1404834577814,3127.849311886938,2735.273250658329,2466.5720124836776,2704.676858765926,2982.9334572655926,704.4005045835081,1616.7654965150086,777.9971859431087,3102.503312475594,3021.6393254007426,1615.4704678843975,3092.029848358791,1475.4987738216553,1505.6900405956978,1349.4802017009606,726.8842067682571,1469.1151308159,1462.3474982569337,1428.4158533151049,1425.6433215181698,1423.780839411363,1402.184261040346,1345.5482616531117,1442.6501144565461,1433.3517649953349,1499.1711488995566,1521.9769730259288,1385.0219191824215,1264.2742188191564,1335.70764907208,1436.4220484010507,1492.8326073919102,1520.6812887205006,1312.3158339465085,1366.337392577451,1480.1019213150755
photo_truck,3133.724166072301,3507.243085742425,1607.495776227268,2898.9326544775386,2659.8365922443827,3560.9776879400993,3235.5141806344814,2451.3573292667415,522.9409795725763,664.2738188059966,2780.939029825968,1403.484561810959,3068.188951547698,3079.2070044355164,3119.2890046180028,2827.3498618428293,3056.8824926396924,773.2116930279319,0.0,1390.865976515365,1439.8264936178048,3195.7839596645044,1942.955098777159,3221.0817197232277,2009.8962457913626,3517.2094082861986,1071.094971257795,1968.1342477161616,3043.4989585430085,2782.3979273961895,3277.66387161429,3251.579070722813,1010.6288271868598,3114.9222269092006,3540.893050412169,1782.2102076547344,2104.762471525609,2452.079763707454,2676.109369390423,2560.742263100286,2662.3158912601652,806.8156397292996,644.1600404353775,555.1670482246466,970.6387300550812,1462.1424900614008,1159.431036220838,3253.419666798723,3296.842866480486,2944.475986994034,527.4120921482967,3164.805366047817,2621.8837019669977,2559.7069928798905,3067.6706353013974,2604.0282174926765,2944.1173353834192,2431.214767053702,3241.381264710766,568.029568792968,3112.943094280613,2771.924249753936,2499.530807284984,2747.015129833649,3066.738005905066,539.4436246612189,1508.0102854912693,534.5891907638833,3087.566723308319,3001.1800956859456,1890.7629330411985,3143.4111726670953,1435.1087090176657,1464.1843520665286,1286.244465231454,550.143223992626,1412.0186600649297,1407.2906731539583,1380.92344221977,1366.679066084381,1366.7774045952433,1338.4734360030388,1282.0438023128083,1390.224982631895,1382.7323552864978,1457.2950104273766,1476.7334396318315,1324.0276646969858,1194.1565239183442,1272.70369711463,1380.0814727612199,1452.9603099681233,1481.6023607558932,1242.1339107603535,1300.259516695596,1436.4416949884949
photo_velo,2830.551449432412,3398.039344934866,940.3160478900702,2691.4770465786382,2511.2969182157303,3353.953373276017,2955.4372574059444,2135.0877173954086,1414.4605076106134,1321.6412076808508,2505.479774104315,1836.3659159388903,2854.7776511473417,2900.7778334020995,2825.837101956337,2558.891526417171,2746.3952413231063,1448.1173410330653,1390.865976515365,0.0,636.592798368704,3005.5635766594737,1488.5035887838637,3015.4013342084563,1680.1253392273334,3429.0639749914694,1592.760133211902,1611.6294850109011,2873.8494719859586,2442.4340642363654,3086.0957059270827,3082.7887042447933,1510.0441703660406,2945.4417861282172,3333.171825190269,1255.0519082275223,1754.4824034223411,2111.0254383214346,2359.4024743950713,2243.6220003747317,2369.859453371647,1387.520931186428,978.2108986558303,1334.8744758770536,1522.230310030318,680.761062240827,1649.4498533768435,3072.5727140968656,3189.20297079768,2643.4493328442777,1288.012247014423,2978.1169258475575,2439.2760955888034,2263.4435366848757,2899.4297181114516,2316.4297525937386,2689.6790369847,2130.816425741041,3354.7173574987883,1284.080065197365,2950.369626990554,2490.4541918593022,2175.9744131207617,2452.4915024269526,2773.1383856005414,1331.7864525528923,1891.2594835648495,1259.9780895899364,2924.239830661148,2825.591926932714,1436.2807362732108,2950.8834221284033,1857.7265416081855,1821.6334732847995,1730.5447231447176,1253.313113882382,1788.7661709108609,1788.7210348170133,1797.136954606954,1756.1570870578241,1743.8045819183965,1718.8794552893019,1676.2570816841655,1766.2229353990429,1743.6848143522711,1878.3430807617858,1872.4755899370552,1725.380469854704,1618.6471708723823,1738.358212449865,1735.4157780404062,1867.283805150871,1868.3638417179272,1695.132748655646,1678.7115431814834,1815.1637071317268
photo_road,2906.7250443938055,3464.1725990257182,850.2900051457119,2703.9830278825175,2582.114628638081,3436.522934248467,3028.9428783917942,2195.786711185791,1466.6095927428914,1346.9120056317083,2523.5554691544608,1901.7425399657643,2878.766847648639,2960.2919119417393,2902.243830463236,2615.259761752517,2826.602508283704,1506.897761229506,1439.8264936178048,636.592798368704,0.0,3068.089526996418,1518.1696724939052,3082.0130809443613,1780.064482242421,3494.112328204939,1659.3584226142318,1670.6973301184437,2930.5415300111868,2529.797592395742,3157.616116227465,3146.4738357638926,1572.803676438104,2971.465420122318,3420.0420544983062,1319.4543575394923,1851.845551679593,2180.9653380263103,2432.157970311349,2314.8970729146513,2431.1846664966006,1460.8598553348302,1071.0132997612086,1427.7205510002334,1578.6352639903066,730.3301433853748,1727.9833182487566,3140.334510031503,3261.73331562793,2726.573205397324,1365.642166576665,3047.704403398302,2506.622294025615,2331.6380242034224,2958.7084903833384,2382.6043672316564,2751.533303096503,2192.1595357634437,3443.610366406795,1365.4906263309986,3012.65589360726,2555.6699278205965,2241.9522650196245,2522.2147119098013,2856.7675458233575,1409.7137720155836,1948.5972946173545,1362.244995840244,2979.4997155044857,2884.6735705108717,1502.914952923204,3020.8200826135467,1938.5908698161682,1895.766954869943,1803.855149302562,1326.1135594256295,1861.1975272581756,1859.440332111308,1870.6922085464216,1828.4972607072777,1820.8357232090234,1782.4686852601396,1754.150698972491,1839.9311942403613,1821.256809139382,1962.7433759211742,1949.7466315556308,1800.783170457161,1691.6205257116317,1812.485474827697,1807.5804471174029,1944.8456447605288,1951.32640828799,1763.1085921326785,1750.6703134901463,1892.577032192058
