,photo_face,photo_profil,photo_eyes,photo_face2,photo_walking,photo_standing,photo_hand,photo_legs,photo_bird,photo_butterfly,photo_girafe,photo_fish,photo_cherry,photo_tree,photo_flower,photo_carrot,photo_watch,photo_key,photo_truck,photo_velo,photo_road,photo_house,photo_mountain,photo_windmill,drawing_face,drawing_profil,drawing_eyes,drawing_face2,drawing_walking,drawing_standing,drawing_hand,drawing_legs,drawing_bird,drawing_butterfly,drawing_girafe,drawing_fish,drawing_cherry,drawing_tree,drawing_flower,drawing_carrot,drawing_watch,drawing_key,drawing_truck,drawing_velo,drawing_road,drawing_house,drawing_mountain,drawing_windmill,geo_face,geo_profil,geo_eyes,geo_face2,geo_walking,geo_standing,geo_hand,geo_legs,geo_bird,geo_butterfly,geo_girafe,geo_fish,geo_cherry,geo_tree,geo_flower,geo_carrot,geo_watch,geo_key,geo_truck,geo_velo,geo_road,geo_house,geo_mountain,geo_windmill,word_face,word_profil,word_eyes,word_face2,word_walking,word_standing,word_hand,word_legs,word_bird,word_butterfly,word_girafe,word_fish,word_cherry,word_tree,word_flower,word_carrot,word_watch,word_key,word_truck,word_velo,word_road,word_house,word_mountain,word_windmill
photo_face,0.0,2683.990117035974,2807.8329729032703,3231.701949700132,3060.2887562661163,2023.2353705826724,1559.6962781007005,1725.0483393205634,3062.9746915001742,2971.416088723494,3282.686764324341,3098.3677138243534,2922.014286257712,1885.4747878050441,1325.7722692967086,2028.3577148582212,696.1270509799881,3045.361525826875,3125.4837646706706,2815.3832225917986,2894.610327188562,2608.1567406812123,2708.439331247535,2411.870366084603,2277.8778309768577,3060.5281091344964,3107.659747499621,3134.920901787249,2349.202597822688,2057.1873952481205,2009.7382308528431,2243.7958681439363,2739.6135517772127,3593.539864860744,2469.26999943936,2855.9147855913134,2185.567659364346,1645.8460332273332,2312.665456025972,1607.4926024072847,1587.785877825936,3029.375325629178,2908.4585713812467,2980.175471123562,2993.9158320636066,2748.348530519735,3033.770924297038,2126.764496658879,3054.342562401826,1878.8947342782733,2976.9017974284648,2596.4170186330703,2557.8297654139333,1701.6146179794928,2155.0356723967907,1806.1682916847321,2389.699401734283,2318.155617422618,2704.0463534591418,2968.252295845538,2729.2521662528775,2149.7402639171037,1749.7553248052843,1832.7305008962526,1987.259058274318,3001.6331362567407,3280.078058836827,3019.5696840995543,2412.4416457940383,2339.0315837115404,2537.4964691813757,2021.3215977790433,3048.7499904261113,3073.0928076627747,3094.7206755815037,2968.359886680351,3105.9953865958023,3111.562520053718,3066.566273140507,3103.5061501029245,3065.1540042865677,3121.267371337354,3047.004605267671,3082.1399804306416,3039.5068735217897,3049.3296059750114,3104.5357044589778,3062.622031345772,3053.344443985031,3072.5701450870365,3078.087691384448,3085.5797596963553,3043.640220224562,3094.3300734387026,3068.3597032106227,3058.733629227466
photo_profil,2683.990117035974,0.0,3314.9386511057833,2623.9034928673777,3147.90657362575,2870.811946528068,2596.016543911936,2605.3626540659275,3502.396295796138,3385.603151347552,3442.6339399860794,3557.9323840800216,2860.4260922831586,2127.4200497421402,2995.1144116276087,2861.239145806845,2854.8567226779373,3471.156240995285,3494.243362291751,3380.0284545088357,3446.807360350171,2205.965115150263,3242.976331045482,2196.4498162151217,3057.565304570911,945.6411193164681,3496.415677139054,3135.6156591117274,2416.983382441594,3269.1063125569585,2239.033800093779,2458.033508173727,3477.4002340869183,2648.201342024301,3208.4412673294373,3340.8039132503754,2614.529172685732,2840.874842758964,3124.697910787328,2669.5342631476897,2618.1962007148186,3444.4961921291747,3351.34939748608,3440.4416705374288,3495.969411438339,3277.410829890074,3464.604640731872,2115.3767031375796,1584.4248044494286,3187.962021328761,3407.3755797406156,2896.0742997013494,2256.614373310775,2649.40129713629,2263.805936262043,2735.944857552689,3155.522965372718,2614.2367829878795,3332.7819074491194,3406.362592749006,2798.322965979732,3034.240022872831,2819.956858906357,2936.482753310129,3344.7823635707637,3434.263707436326,3531.189991762429,3400.977767552861,2428.7991178567872,1884.3663448784387,3226.1673193743086,2264.797601612914,3433.562845767035,3490.9103662041343,3466.2785405451336,3426.3593830615023,3477.391824435169,3498.6652954008027,3479.7116060759504,3480.4457891818997,3453.228635424587,3522.8430118567208,3444.8183061669065,3471.960197035231,3444.771266196905,3438.2621846891225,3476.7109033479105,3464.6485891693815,3466.2328466702497,3470.335689061772,3485.0859345749286,3456.086593879676,3437.3725142741537,3486.5068393095557,3452.6737624834686,3462.9678394628304
photo_eyes,2807.8329729032703,3314.9386511057833,0.0,2682.0166861555513,2627.479541678113,3396.9487075214383,2938.312926816348,2172.126710620015,1643.183573775428,1367.8965499635854,2555.4915246030578,2063.3791968953856,2741.819828558054,2827.0542208693364,2874.724514530407,2563.5765893752005,2792.6368431325345,1671.94495738183,1602.0649403182845,916.5677152245007,849.3708497519486,2942.178315395927,1628.3958242697697,2949.714267834981,1974.2749816883918,3365.416856211905,1808.6744267309364,1630.119852116896,2775.041772986706,2545.2234344676217,3077.4969887690745,3035.4907137006608,1733.3901593077012,2749.815167733796,3488.053667611592,1456.0924136092115,2006.0383250121836,2043.701938102519,2542.938350313107,2250.0213471986185,2323.3258751175554,1632.7694452198948,1268.2262760482863,1586.994785448221,1735.3700752429609,895.3543911892722,1884.1153429819399,3026.118097768936,3077.2843933426207,2848.343855047507,1546.653530506057,3137.6345753581627,2384.8729037206413,2326.3042310098917,2795.132363860007,2464.691279948031,2823.753489868032,2001.2636510052375,3563.343343677482,1542.4555625000755,3039.610159879999,2647.7296390231872,2333.453026268279,2613.3787464812312,2983.8652106212307,1586.197163639586,2057.0906154501754,1529.8649737067387,2991.1352398573194,2701.655170036056,1656.2206714307708,2923.7321917310223,2102.351137036758,2050.6219959234327,1961.7899207739852,1516.2245869442,2019.3075797132667,2016.2232314127843,2027.2552082459695,1985.4583666693325,1984.0023756103856,1931.3502735109823,1917.080241044957,2002.1585017827324,1986.1927289877008,2128.9790837719884,2108.828057228668,1960.9328254578256,1857.350696371809,1972.1175656541686,1967.0329046810627,2102.155222221398,2115.848485514725,1917.3610184059828,1908.374894997674,2052.5907938908854
photo_face2,3231.701949700132,2623.9034928673777,2682.0166861555513,0.0,2820.8420441179505,3667.840726682873,2858.5583889592363,2713.5815498660836,2935.349306125966,2863.11408062214,2937.9661716453093,3105.498233041422,2923.7353483122256,2547.683594248413,3338.5036631656067,3063.8857041007636,3307.8553463999388,2923.734998100926,2888.9135487443928,2675.3847679058845,2691.167399090202,1973.3167505421866,2725.5812234263567,3382.0843610144207,2849.3141672586553,2732.0759264325907,2981.500250018446,3163.652515395691,2571.6671310003658,2854.878937384118,3218.6280088037392,2567.961968790719,2944.754099353678,2803.027847817926,3798.7301213994624,2722.0098022908337,2589.6197211047947,2780.529734196725,2981.31510489692,2875.180638303211,2928.1098485653874,2908.90409873855,2721.2698847759875,2848.1034300499864,2933.447987869554,2500.5119784876697,2993.295642029513,2985.1742357819635,2487.9550859757196,3255.2313819848705,2857.8779086138725,3251.478247641624,2239.5901025021526,2839.5102317337296,2667.9103636125064,2814.6675288239476,3164.3261027739854,2556.759329269199,3877.1557638057566,2847.9889830169914,2811.1036332932945,3029.6670905235896,2783.707061597425,3015.344085162539,3381.759324440055,2891.7436873760066,3020.2074544776788,2826.407290241559,2154.7134651108413,1967.8487812736728,2860.643690097928,3276.7495449816497,3072.488011380262,3077.972456487127,3046.919752422866,2880.7850412220637,3064.223356276993,3078.8148449485075,3069.2466341847476,3061.546840294726,3035.934627117388,3056.5025410343255,3010.766508227021,3055.7009646857214,3029.3945844092937,3086.3353985081008,3103.0726899975134,3032.5722377578486,3011.269807987977,3047.408387440766,3048.455761758445,3090.2579945162847,3073.283324689547,3032.1383789870597,3003.8221460387913,3069.130044732614
photo_walking,3060.2887562661163,3147.90657362575,2627.479541678113,2820.8420441179505,0.0,3428.370417393679,3445.6417919058395,2413.297195336601,2671.4892574920323,2675.3294817186834,3187.9728044162284,2196.338934488444,1973.9582570257558,2245.2477430230683,3038.3814443394267,2052.7660918577685,2949.696185810725,2688.7986222312393,2651.935524641198,2495.235106100292,2568.1996885896756,2886.0087242160807,1852.8884631168708,3421.763069785805,1909.187806448755,3157.520291113548,2236.9316068839585,2826.3825195207446,2274.378372013531,3077.6375823932376,3071.198561405212,2522.158639988765,2398.8661237383126,3196.8967116257754,2929.9069168276997,2045.85174506747,2483.8195751603507,2414.9651495707444,2976.132970015374,2335.688685574793,2507.628635842291,2628.0106240551854,2482.76115046603,2663.2145812525687,2765.543045871641,2498.701589716165,2216.047812982613,3016.0385909317956,2977.824848041507,2295.1925430818565,2589.91764775324,3007.3904181285716,2228.8208237293184,2424.067609021124,2247.8455337285404,2388.8420237355044,2255.885233333728,2671.3397797436355,2920.351362439848,2576.6446355301873,1548.2551054507003,1992.3987248089693,2435.415271501108,2619.9454156403535,2368.980443775872,2622.0041481667818,2792.310919896051,2574.5298005202244,2323.3097552411314,2620.6819307263054,2328.781055239997,2927.243381582818,2102.1013217521304,2123.0999658956543,2161.914905745356,2601.886228232446,2085.8455921114164,2114.8395522724895,2168.9480890084933,2124.173596288489,2079.434577710089,2176.8737432317043,2113.023075481111,2094.595604411891,2071.4634538060427,2082.3671653557094,2098.2787830819257,2114.0908663427963,2174.908315435637,2182.931800873544,2102.1120830850437,2135.3372754846077,2056.545883748258,2185.1074018938293,2105.755205106604,2097.319018656214
photo_standing,2023.2353705826724,2870.811946528068,3396.9487075214383,3667.840726682873,3428.370417393679,0.0,2177.962095522136,2370.414146809511,3479.7309141701135,3409.8109318559477,2509.052652690487,3492.468027381878,3206.2215074691294,2707.3937931523005,1430.2822358729284,2543.284372837421,1892.7741478099597,3444.6303814735174,3546.6709171408274,3332.3370686160483,3418.086902118491,3441.6728241658207,3170.1983755568376,2202.8695708881764,2796.016739198133,3067.274808379733,3494.1890955480435,3008.028974342142,2554.126368190713,2257.9122782279255,1897.5214927684108,2275.013666124423,3159.2552244572285,3501.016740491241,1595.5451895335846,3306.6599709151187,2913.282002655402,2409.227321634709,2901.926899517551,2064.578445783074,2244.99663224431,3427.638827037435,3366.686863427272,3424.0152330352134,3427.704852821472,3292.016659150695,3413.5041492443806,1737.594260109518,3130.8699426991607,2444.372475481747,3389.126603440332,1551.6793541847596,2887.9224977487993,2087.754086025645,2683.125935073348,2331.6120541576634,2802.2096479398842,2809.4869356089184,2101.6011450592923,3394.1105546644317,3140.611161158161,2617.9528484644497,2387.388671729655,2019.4537543047434,2512.9955294857346,3404.513586901139,3638.3792854244302,3431.830190509102,2772.2668023374385,2973.826782316442,2993.7824304485366,1843.03136187794,3362.701192681497,3414.9337165436586,3415.558406464491,3374.8301109135045,3443.5851466199806,3451.691144218506,3397.373181356332,3436.70235768177,3415.2316535853347,3474.346940911812,3399.6281306081055,3425.4443680447575,3397.210559187412,3376.3001757118227,3417.2988454142946,3421.7932925656187,3410.4289291504,3405.097106216574,3437.4452863796955,3380.49603465668,3378.644560699887,3443.1228247537288,3424.868649539117,3396.248636840214
photo_hand,1559.6962781007005,2596.016543911936,2938.312926816348,2858.5583889592363,3445.6417919058395,2177.962095522136,0.0,2187.15886898205,3168.3111403867947,3078.5945634279346,3212.5577359801728,3197.856180254863,3295.638299025126,2454.617925370646,1895.5165358986658,2490.328663182883,1794.807632165192,3150.7678906430665,3228.6377591910796,2941.274726154893,3016.6505396581974,2664.5549532747177,2922.0767869529072,2441.612228393712,2755.49735929986,2977.392649644693,3204.940209318465,3172.050523979909,2642.3903950091662,1846.8215122574272,2432.800494909328,2380.77957078218,3118.0449931014837,3615.1556897706264,2732.157508770763,2965.062500305114,2241.274244364936,2213.1540173575163,2456.803153485981,2103.4950481045857,2212.3474468352697,3133.9245843409544,3021.0685955987883,3092.8562812471155,3105.5649781075376,2874.4093512052314,3138.1246500107836,2223.3971646931836,2989.6200819560754,2441.6619539382223,3083.4440554494536,2727.5035778219653,2452.662715496984,2279.0706101024753,2583.9445515762945,2401.2373567060586,2831.9560119939983,2442.6295757314233,3065.437387197114,3075.229511562765,3155.8184234679534,2616.23627145821,2312.7678768228216,2424.177725736722,2545.28088184065,3107.617486296025,3373.939903542088,3125.0584338469366,2490.904317597546,2027.7095535997362,2901.7646840091134,2452.425587435795,3141.6753812979628,3169.455409583799,3187.0019021670896,3075.531520268821,3198.769115633764,3205.286425000238,3161.247365666684,3195.9946441874968,3160.851709574057,3215.5102412605206,3145.0858052766366,3176.9097100616605,3137.400877634432,3144.552160408792,3195.0714496604296,3159.8181132064547,3151.71339375316,3167.2634109556866,3174.568555133772,3175.453580311218,3139.436073068232,3189.923868887374,3163.1522121946637,3155.459623755844
photo_legs,1725.0483393205634,2605.3626540659275,2172.126710620015,2713.5815498660836,2413.297195336601,2370.414146809511,2187.15886898205,0.0,2388.8550370566177,2331.0751144011533,2563.735765439023,2529.310632657308,2416.530901087886,1741.7792975902837,1770.1272934303352,1342.3427060765107,1565.084459034913,2417.871468125748,2445.246365952736,2117.791492682877,2183.3813891032337,2696.2913501143735,1922.4134848048554,2088.4199800432493,1501.044191667578,2680.4978994545695,2466.88047494261,2530.443854072933,1775.2750474092738,2125.262714910738,1943.6263358382341,2059.362324321893,2130.3981603391467,3043.145353023562,2534.6235608949096,2124.6140473946657,1473.7819941400962,1014.6746061438095,1821.7572263053116,883.3423031375638,667.1894804965827,2370.507914811467,2200.0607925592026,2327.23566270239,2446.480558975193,1962.3663160263218,2410.728108593994,1908.8864370401207,2769.9163802379653,1760.8783756641762,2327.2316502139392,1959.4400213440929,1807.1712334486986,671.2788252058047,1644.1789578741193,765.129407810471,1725.249106584659,1529.7357104301855,2667.435430246516,2288.4265051239877,2011.148380612766,1460.6296787128263,706.6380577973748,1160.8263196326477,2035.6680619117387,2359.9614627777646,2660.9613555046412,2368.9513428051987,1878.7407865090122,2029.2727677768908,1843.888876173271,1689.3123109760904,2466.5533476092905,2510.2336423289385,2483.064801007076,2309.8145777078566,2475.575647637922,2496.5529822938242,2497.637147041016,2479.698551387288,2430.22894612051,2513.6157743856234,2417.437401218732,2466.2973759280926,2410.7711120069134,2439.605504892335,2508.840545943884,2426.3788962471776,2432.109617129705,2479.1725010046734,2452.3349606990864,2515.8757439934116,2447.0909276529965,2473.706977110599,2413.490514246565,2470.9443536090944
photo_bird,3062.9746915001742,3502.396295796138,1643.183573775428,2935.349306125966,2671.4892574920323,3479.7309141701135,3168.3111403867947,2388.8550370566177,0.0,682.7425768398067,2759.1406998771035,1346.9436561295115,3114.0326979699053,3081.7085090178193,3038.3021922418093,2758.305860828906,2975.7609473801467,744.7216703552044,543.2251562515582,1401.3019233862876,1463.1682035835563,3202.865230980233,1936.1556622829673,3143.6212936206675,1962.8569206354791,3517.6470664317803,1062.3211153507023,1963.5278619395633,3051.0983072069785,2707.083818874546,3207.0966348826573,3253.2562252533153,957.0099213054149,3162.707756883882,3463.0678986992175,1780.4035965753496,2055.3035183905777,2380.5748101940408,2617.4602714310618,2492.6362182968473,2601.966118277488,786.2099127189229,726.0316257555638,567.9717129038771,958.6713135738133,1497.1224958571756,1109.127800712837,3188.742265078985,3292.365992689332,2878.510884561632,525.318692555637,3103.5591466458477,2640.7531443672037,2499.262511939577,3075.562495820949,2552.1012364767557,2889.5646027807725,2370.201327377242,3160.838629729455,542.7354850966765,3122.3649418284285,2715.423201301989,2434.673237576291,2681.5627866806035,2994.834769701328,504.86072164754626,1539.140773831505,585.8512917836534,3097.445441829439,3013.570901565225,1875.1633968603921,3077.7008540861734,1384.7033011910132,1426.8626151017068,1247.7632158083516,507.32272715652323,1373.1416751659722,1367.0809467613929,1341.3091388777411,1328.8384161229878,1324.8500273636664,1310.1749230472083,1241.9217584360547,1350.2340704757753,1337.0559009344474,1397.129911350174,1430.5361273930282,1281.239567065533,1152.4854844716783,1234.329302544233,1339.765440874317,1410.5861813334218,1425.8728018502104,1205.5933438601644,1261.303491123461,1386.7102269121096
photo_butterfly,2971.416088723494,3385.603151347552,1367.8965499635854,2863.11408062214,2675.3294817186834,3409.8109318559477,3078.5945634279346,2331.0751144011533,682.7425768398067,0.0,2657.44902294745,1471.4082984434622,2952.14817132039,2982.808078592343,2980.505784591342,2698.735062452941,2912.0909584473443,872.6905894779755,672.9954082496906,1307.2376277922128,1338.7884490011904,3098.7049598247786,1864.2854626509536,3017.5532289456773,2025.3649520700944,3409.452892632123,1154.3612563916279,1783.0091003568598,2939.8965749108283,2658.5896328364806,3119.248600177257,3161.88849430493,1057.6659769128814,2929.011832681297,3448.7156752912715,1703.0425754525072,2090.767591752906,2264.9450690865983,2620.3260016255863,2412.850078258077,2503.9075688154985,907.7200992680014,739.3869204423628,669.9018091615939,1018.8718380415932,1353.6302163081746,1221.4022477622032,3078.2856989431098,3152.43352297308,2893.953349981571,680.011030059247,3101.422295429849,2545.6032011265165,2445.5157167747375,2959.246004700011,2545.5438380484707,2889.773865695624,2223.54020587381,3214.011784501037,698.3197506358534,3104.24502445495,2714.64973884661,2430.313210957801,2685.217253652757,3014.0649538708876,686.1541880246984,1576.791836677063,687.2769784738176,3068.8240742761773,2889.3023539291185,1839.1488078737864,2974.3190686495122,1508.1793686117462,1518.3681992790148,1352.9903192584657,674.9453097766244,1481.17709259659,1472.8294950384263,1440.7523951680396,1430.9562686751033,1437.9918123869345,1390.7113580763275,1349.322925042756,1459.1689740759725,1451.388192539312,1536.6044198912577,1545.204564919089,1394.7034275976216,1262.0187718024704,1344.0093091061678,1442.9924810287482,1515.2169755247298,1554.1285440569948,1308.9210295554162,1364.4020898043054,1498.5711183283076
photo_girafe,3282.686764324341,3442.6339399860794,2555.4915246030578,2937.9661716453093,3187.9728044162284,2509.052652690487,3212.5577359801728,2563.735765439023,2759.1406998771035,2657.44902294745,0.0,2979.1630743166015,2966.007387525038,3252.523135335901,2738.8081036853564,2846.4750691213094,3123.186988202586,2737.2502851919376,2773.761638657644,2492.1548880887835,2512.890492058023,3661.2333936053064,2495.089189511556,2912.746307268106,2752.0434273142455,3349.5351957576004,2835.8380969831296,2195.9623525706543,2833.8151061548033,2617.9796314164882,2709.3352527373922,2837.5078104798836,2548.9916705397513,2804.2901116962066,2653.2718511106596,2514.1783380098855,2950.8961402541813,2576.297364897225,3014.28399437014,2459.964602224847,2673.6844713820415,2735.797328572826,2586.2553254015697,2698.0624875596745,2777.503830954754,2352.933911262025,2828.045534261087,2491.5437408666635,3115.497596933553,3025.267633342354,2693.9207425602717,1842.2417988367677,2936.454580761565,2387.28563042392,3147.5304782671,2590.429096863124,2945.9365466601444,2617.696642182164,2847.8385847544164,2699.83991903443,3209.161739133182,2799.53905976269,2584.443161505329,2399.6650564222705,3129.6033840229684,2709.4984876851317,2972.0485750929183,2700.822726635762,2947.1910760633286,3224.4571951179532,2553.4511410794194,2547.075937489174,2902.9868282528605,2904.311029560407,2841.4509985676823,2673.797618909098,2903.496760788447,2906.8864043958315,2871.100630900436,2875.1950582775767,2885.3997822526067,2862.9595420318074,2840.6457149732264,2894.2570077554387,2884.11885802884,2941.836916899519,2927.525601937948,2875.5780861154344,2821.779558483843,2851.9048472265004,2887.642016931724,2883.8794460656036,2940.318728049384,2844.272967457028,2841.202756456652,2904.8131696355563
photo_fish,3098.3677138243534,3557.9323840800216,2063.3791968953856,3105.498233041422,2196.338934488444,3492.468027381878,3197.856180254863,2529.310632657308,1346.9436561295115,1471.4082984434622,2979.1630743166015,0.0,2707.206195051642,3164.791562159093,3071.096308174157,2285.838599349023,3008.5872675354826,1453.6471792309399,1405.692641558001,1825.2690322123308,1896.3444984220748,3254.0335075283297,1444.8393450166081,3214.300814182955,2174.8920238753412,3592.105212988913,625.3504169503179,2279.0363476172074,3153.2875924432274,2748.2744689384244,3282.5109435360882,3324.0189557922718,1570.5157364535746,3336.083097275736,2975.4056565871524,1326.5379696614586,2249.5853654297853,2514.216774358767,2701.9792731077637,2398.413655970505,2732.9099492230393,1457.3730456208184,1418.8051941131314,1381.1989087234435,1553.1680336408544,1898.7327123700488,574.4229833672294,3273.695930591761,3371.3786570465527,2351.356486021717,1338.340340026186,3188.229037813699,2776.918551959949,2631.7961282693273,3172.0800101188565,2671.8058365161282,2497.4854763613157,2523.8828355079463,2641.1889666395045,1342.2411147231678,2699.273624890666,2203.4089896587734,2563.4358140347053,2783.286911374965,2404.9510327824178,1344.2504385869424,1965.8914592936287,1384.7070486675852,3195.7768861113136,3113.1055860235765,2173.788270193155,3171.38221535336,527.739022977694,494.45098648645353,517.6896381083402,1335.8149839923283,519.3065728499213,504.36169207967134,492.99796670436655,510.45869084095955,524.0114974405179,519.5124029044347,520.6178067083258,514.7677514370491,529.2300204586865,565.3427847333559,521.8737386613163,514.3754406339269,551.0878631275724,512.7904296935213,511.0033332931207,527.3110657812068,543.6575713107286,522.0725284705219,556.0047560403916,498.230513309572
photo_cherry,2922.014286257712,2860.4260922831586,2741.819828558054,2923.7353483122256,1973.9582570257558,3206.2215074691294,3295.638299025126,2416.530901087886,3114.0326979699053,2952.14817132039,2966.007387525038,2707.206195051642,0.0,2114.0185249644487,2932.9687975799843,1913.1122039611166,2833.7231981196273,3073.6840771776006,3057.83905021281,2839.290039152339,2865.835384313024,3121.9225384878873,2009.8771110375062,3159.5061058786246,2698.5275073862153,2923.2741549975844,2710.9200799801606,3012.791364411362,2183.195683458809,3329.8831756935215,2882.346037659111,2393.777010364524,2835.4183219177794,2844.968038685269,2737.152702240776,2308.6121211247173,2869.514039544766,2627.861716897259,3123.7464479127575,2305.3574121974693,2412.377836675614,3075.727097664581,2898.745268957899,3015.7947722047998,3078.4468191528786,2689.4442104921773,2704.5313995651354,2796.008605091233,3096.4890888955524,2288.6134924671055,3021.866886384061,2908.0556538314877,2378.8115934226485,2411.1466388973467,2032.9476729073506,2372.4202336572694,2252.027409402759,2906.2196993721914,2799.0986345603646,3034.301481743422,1452.186841785315,1994.7314747857502,2489.120656513206,2615.7362924632985,2416.9543210609354,3050.313111406275,3180.3956420244954,2982.0642919710604,2275.498768079866,2533.849672351468,2621.795877077961,2707.463480903134,2682.00195473521,2624.492559548374,2671.717153848698,3049.216818068839,2669.7348174626195,2677.2923931597247,2653.007773684938,2667.032622914614,2675.4051004673333,2647.4334455255353,2666.4758389922404,2674.805450882125,2676.016988110611,2732.6041194367117,2678.7728211358876,2686.7854967502153,2702.634471697245,2684.9774418575134,2669.2234135618337,2650.688643126408,2691.6449340073937,2683.454509888511,2668.744878687782,2660.9116998694603
photo_tree,1885.4747878050441,2127.4200497421402,2827.0542208693364,2547.683594248413,2245.2477430230683,2707.3937931523005,2454.617925370646,1741.7792975902837,3081.7085090178193,2982.808078592343,3252.523135335901,3164.791562159093,2114.0185249644487,0.0,2197.6232742148013,2075.6009584574863,1925.7378202151247,3069.0788926320156,3069.561787647509,2882.7076481306444,2945.65935292359,2244.686379246377,2663.2688746274966,2804.1321696937093,2147.227094883561,2392.5309686676455,3108.1500459859803,3226.472716338922,1256.1094881705428,2757.5805130479594,2260.0988755180388,1407.3717507917977,2749.2542870120924,3089.648736905228,2988.706304373494,2895.5843052791447,2219.8344159363487,1916.8433520515591,2632.9926391824793,1878.5637598666528,1655.209046958783,3044.9538291198955,2897.7498264442524,3002.5661806130956,3071.0136547724155,2752.858728449083,3073.5322061859115,2218.726830289966,2555.503333268944,2364.5729028536543,2998.2037613206044,2620.621958234831,1661.3607781830356,1742.4891850057008,901.746871812016,1703.5494045167807,2373.6567477526546,2428.849559454145,3104.1675034576283,2984.9871788743562,1757.6854522941878,2212.5169743720107,1840.5048731523086,1996.4809963317048,2550.9966442581867,3031.9628339161986,3159.649047558805,2986.578018406949,1299.4389782653259,1487.059145201459,2496.075716674057,2136.1155001918783,3101.371618302857,3138.1157154944085,3127.8980247882987,3022.656813769424,3127.936440078916,3148.16514196854,3135.4553998242445,3135.7053843114436,3092.7966042534217,3163.398194532942,3081.124367397031,3118.420517490947,3079.0675080601554,3095.8430231668544,3145.8607411607545,3097.659620162233,3100.7834111058196,3122.640408044663,3119.0065553565014,3139.4496341146296,3088.597070175078,3127.7421275385564,3087.3366157563337,3112.654262511144
photo_flower,1325.7722692967086,2995.1144116276087,2874.724514530407,3338.5036631656067,3038.3814443394267,1430.2822358729284,1895.5165358986658,1770.1272934303352,3038.3021922418093,2980.505784591342,2738.8081036853564,3071.096308174157,2932.9687975799843,2197.6232742148013,0.0,2059.2776455115386,1133.4781366153802,3018.3016327086675,3106.743534811761,2806.070454588429,2887.793965886301,2939.234619718629,2692.4210939505942,2433.5509036564176,2260.3545388180687,3248.4904444630756,3083.66097148962,3084.940051599903,2061.743932479763,1598.7456503842413,2245.41895520953,1881.9633898899062,2710.8446418941057,3573.7621067818027,1942.9284193878627,2835.0683914621227,2377.021105586062,1758.9377681061526,2298.9018610860703,1386.0787026447013,1689.8930773573172,3003.439355462982,2891.064117013192,2962.7455724629044,2969.4747961011635,2743.454243942739,3004.218732630803,2212.520668581196,3279.662080799373,1846.429992359887,2954.012551913947,1950.6182864830162,2411.1642062395667,1533.0315126640128,2228.6557225330375,1749.8687179167025,2353.1240768725906,2390.3089776926927,2279.977625233322,2946.6027800764286,2703.5364667396825,2111.078112803846,1722.5544711849327,1324.7286218946447,1947.5943384512748,2976.4867315489028,3252.9662613433356,2997.9317405774395,2438.0566349768233,2592.553365468178,2515.03647818853,2184.172118987847,3008.507907838596,3039.173281155128,3057.5919246087424,2943.9255411175454,3072.2523061192524,3078.3219616586834,3030.2867872506504,3069.360230231296,3032.4041010682367,3090.934190878754,3014.754450399701,3048.630251009726,3007.712580211571,3011.9868361411777,3066.4615168850632,3031.854073078679,3021.528367573027,3036.2593186524296,3047.371750795656,3042.8987971746074,3007.161422514165,3062.0716251319327,3036.912672500934,3022.913614504187
photo_carrot,2028.3577148582212,2861.239145806845,2563.5765893752005,3063.8857041007636,2052.7660918577685,2543.284372837421,2490.328663182883,1342.3427060765107,2758.305860828906,2698.735062452941,2846.4750691213094,2285.838599349023,1913.1122039611166,2075.6009584574863,2059.2776455115386,0.0,1880.0872566162743,2775.167322197937,2811.666145872171,2535.652862619465,2596.0813062163115,2978.609212539168,1615.9823435751002,2386.30757153191,1974.033444730386,2946.7652994888517,2388.2299615905117,2824.118904386381,2139.689185880045,2468.0193866619416,2196.551149115422,2357.094814100043,2488.8567751469104,3276.6887900184643,2049.013934589322,1946.5437039315716,2035.1219398772803,1579.3802706585168,2266.7901190699185,1062.9472080184037,1364.4627896707384,2736.144768564204,2600.8640936566535,2707.650391101566,2798.4385643170003,2415.4255085895416,2309.411464965907,2179.122416388674,3015.460232138677,1208.6778788380002,2698.69049740191,2274.023224166313,2249.416542244132,1398.670739705378,2008.3219828347762,1464.019617261607,1329.986043840258,2011.2651663325184,2208.3242098427886,2672.8781200737117,1574.5483025606582,736.9626727956415,1446.2594235865427,1670.0367060585604,1436.264616105149,2727.096868616548,2995.340930953301,2740.9595232015854,2250.296836203418,2413.4082175357767,2255.152992302038,1992.1655332712046,2224.9568910979006,2229.692162338107,2296.896658770892,2684.794293172192,2232.5912440648594,2251.843707875944,2261.676668336423,2254.9513930030676,2216.9447393982155,2292.3768523778654,2241.9649337082838,2236.4962923475964,2195.2745295712734,2206.59075919967,2236.3002486155624,2231.92872539853,2302.3454539121562,2300.820384137671,2224.83980301649,2252.822442256451,2190.473820502686,2308.0516667945676,2235.996211856352,2217.4201530213372
photo_watch,696.1270509799881,2854.8567226779373,2792.6368431325345,3307.8553463999388,2949.696185810725,1892.7741478099597,1794.807632165192,1565.084459034913,2975.7609473801467,2912.0909584473443,3123.186988202586,3008.5872675354826,2833.7231981196273,1925.7378202151247,1133.4781366153802,1880.0872566162743,0.0,2955.8392405443965,3042.8450162575596,2724.255467950342,2808.690821775882,2779.349250448025,2588.158515884522,2379.61463461316,2092.521467657785,3150.598306678941,3018.946681556072,3063.2888779265413,2297.067216668311,1995.3204175534295,1991.37178451299,2220.419647807742,2587.3474461741107,3577.769735488123,2256.593837258664,2757.6966097880945,2176.9251587313115,1539.2029515584215,2191.372971046105,1453.4088832156829,1419.2089863051808,2938.1338785148746,2818.5162575259906,2891.629354231892,2903.227362165464,2657.5594977108217,2937.5446928648303,2098.100508563565,3184.7972219429125,1622.8711036036057,2885.728202039226,2360.5660927819863,2553.4318444499145,1477.330780599369,2096.0812307268116,1535.1268184648827,2189.7903622239974,2305.8114842395016,2479.96611878808,2876.9520040718517,2576.5795152148753,1929.3436395617196,1482.3829333135695,1556.9985702981774,1729.976032763697,2909.4118768081275,3200.1247031128846,2931.512522835987,2345.295081820848,2502.292074837662,2380.3578575920656,1958.1979528126303,2950.7829610315916,2978.3960532745095,2999.2570170592917,2875.699564179129,3012.5752289584107,3018.3743794955167,2970.4081305775103,3009.582943342899,2970.8366345113286,3029.478540496223,2952.3222250485765,2988.297791481605,2944.6326948963865,2951.9258827175863,3008.714402821045,2968.8906365188814,2958.987773975005,2976.8416641572016,2985.0140964337065,2987.261326926898,2946.9519999666136,3001.0596038514063,2975.078973082871,2962.7664558847905
photo_key,3045.361525826875,3471.156240995285,1671.94495738183,2923.734998100926,2688.7986222312393,3444.6303814735174,3150.7678906430665,2417.871468125748,744.7216703552044,872.6905894779755,2737.2502851919376,1453.6471792309399,3073.6840771776006,3069.0788926320156,3018.3016327086675,2775.167322197937,2955.8392405443965,0.0,777.078943759698,1430.0506417634958,1500.4677944422156,3172.1068805726823,1953.756134228908,3133.84524695369,2023.5318443796325,3492.4533472156672,1172.3476848406888,1964.3079902639975,3047.218068734898,2684.8124733963236,3195.570830356721,3233.3624262804924,1106.1459972292007,3108.39208331488,3423.0374600813716,1787.9969159681364,2107.36239054966,2400.3421053924744,2290.712949770566,2505.4525153357044,2624.3166122664456,387.6177681383424,854.613724788197,769.4577023500241,519.9070222176196,1506.643401508166,1220.4771780687201,3180.5667027212626,3266.6001995578035,2858.889826767206,719.2758696664243,3093.3649679432424,2648.4705838186846,2516.205662474005,3065.993988704608,2563.681645186928,2665.9583615973397,2394.674014908841,3135.850843099638,758.3043778168051,3110.5822454541176,2722.0651927953836,2449.0054200252007,2687.0853538647793,2964.510397325619,687.1336036038479,1604.2972161850716,765.9572950184607,3087.2945870306844,3004.1581620934903,1596.9244434608343,3074.138350230051,1467.0381382019955,1496.562768949613,1338.8213537855731,721.2814329739919,1460.565319765338,1453.1999056899706,1419.5769262724457,1417.0621950741715,1416.0281609983551,1393.1433616357106,1336.596637708279,1435.180879667895,1425.4943533388955,1490.7391194559011,1513.3827820602949,1376.875504898669,1253.6981348127442,1326.3757392555299,1427.4076152308035,1483.4139546911404,1511.4769162850748,1302.1870867455277,1356.7390970869096,1468.964559874313
photo_truck,3125.4837646706706,3494.243362291751,1602.0649403182845,2888.9135487443928,2651.935524641198,3546.6709171408274,3228.6377591910796,2445.246365952736,543.2251562515582,672.9954082496906,2773.761638657644,1405.692641558001,3057.83905021281,3069.561787647509,3106.743534811761,2811.666145872171,3042.8450162575596,777.078943759698,0.0,1383.2147547227173,1439.1505306006343,3186.3779914715255,1938.660100666517,3203.660572965289,2008.3527835076738,3503.8106899306113,1080.1876563545588,1968.2751487301232,3031.9137778277873,2772.7299829532753,3264.1987035176103,3240.1910619504483,1013.8558680949369,3104.9873220556888,3527.0086946895026,1779.5914647697973,2098.4342349317512,2442.3684716665935,2670.294663245451,2552.5195895652337,2653.341301722188,809.825139536603,645.703796233667,567.1888172406512,968.2518984285934,1457.0505138014926,1149.67576089553,3235.9258195984676,3285.8377311447043,2937.327635933033,556.6020317487199,3156.7770040679356,2610.758544075139,2551.6422360118804,3054.1970215576243,2595.9343250617067,2932.6695232145266,2419.4111049426588,3227.8400022939045,571.517235472824,3101.7078285728358,2765.0957743873,2490.180264548673,2736.6787733804686,3055.2482984012927,546.5044387711058,1504.298395904459,543.8028150835044,3079.0990873632554,2989.3695838537424,1879.7530777835707,3131.359951019072,1440.697073953445,1468.5036858295634,1291.2207157022176,572.1935245200914,1417.3477615519732,1411.273856481831,1386.3599414426913,1371.5535155748757,1373.283994909792,1341.7667976308417,1289.0392963562003,1395.8688010082603,1388.7895923190333,1461.9590215516985,1481.6358575021256,1330.4658456095483,1198.7935218547439,1279.433379277429,1384.8335233136702,1457.474091508267,1485.6243624757933,1246.157358126184,1303.9912320925819,1438.9726494539664
photo_velo,2815.3832225917986,3380.0284545088357,916.5677152245007,2675.3847679058845,2495.235106100292,3332.3370686160483,2941.274726154893,2117.791492682877,1401.3019233862876,1307.2376277922128,2492.1548880887835,1825.2690322123308,2839.290039152339,2882.7076481306444,2806.070454588429,2535.652862619465,2724.255467950342,1430.0506417634958,1383.2147547227173,0.0,609.9157465620023,2991.322718558095,1471.604672797445,2991.941654488417,1665.3713581209518,3409.5835908667646,1581.1482169944024,1602.4098093123773,2853.7345119559945,2423.7379301670508,3064.841073377279,3063.7428038518424,1490.8487570326552,2928.9602301924915,3313.8601113433765,1240.0202206083868,1736.2274509585438,2089.5332591216597,2343.5908462125913,2225.332762323336,2350.963957323671,1367.8400220415365,952.7262112882514,1325.4344258030128,1501.8202034296028,654.6475830073199,1627.108920243992,3048.1307011717454,3172.980397955723,2628.4695520562514,1274.5258821425145,2962.7851395847038,2419.520103467731,2245.0236114966683,2878.181924168837,2297.801559300983,2671.212941409542,2108.729260390807,3334.089848885826,1262.5325497647896,2934.6305843289942,2475.9054621827286,2155.098483162074,2432.744163752103,2754.291162373068,1312.157303152266,1874.6818910852332,1244.0967149202809,2907.9300197134776,2807.117442280062,1410.7652004129986,2931.8006483125696,1846.602050380529,1810.5674005525532,1717.7816637595204,1238.4248490252455,1777.490749299271,1776.3757944565634,1785.84953801933,1744.8853229514104,1733.6014503818299,1706.2767188887096,1665.4042933660921,1755.2819992919358,1732.273528200727,1867.5432673079154,1861.768560238815,1714.0643324138584,1605.8048413284785,1726.8193195157385,1723.1996994595684,1855.7795210165773,1857.1332781888923,1682.2033763711488,1666.426362553873,1802.7900139684152
photo_road,2894.610327188562,3446.807360350171,849.3708497519486,2691.167399090202,2568.1996885896756,3418.086902118491,3016.6505396581974,2183.3813891032337,1463.1682035835563,1338.7884490011904,2512.890492058023,1896.3444984220748,2865.835384313024,2945.65935292359,2887.793965886301,2596.0813062163115,2808.690821775882,1500.4677944422156,1439.1505306006343,609.9157465620023,0.0,3054.4394403005335,1503.2433152643848,3060.4091133207608,1770.8239894441413,3476.5616478843635,1652.11504461796,1662.9167116375504,2913.9662557341903,2513.0160029595227,3139.4864393637167,3130.3024545975027,1565.0021788589447,2956.5842381620605,3402.595960816156,1308.8066118460079,1837.4261729524396,2163.104901778741,2421.280203340288,2300.9565734543503,2416.8492469987686,1452.0042325518066,1054.0104241209474,1421.836939053512,1565.7128238315368,706.7506138992804,1709.4784682443815,3118.2071557405457,3245.6582790692387,2713.5582905416377,1361.8695315221064,3035.158602822246,2489.438563582958,2318.415670630408,2941.178899781687,2368.2524337489253,2737.344984941101,2171.5195566770453,3425.382414660626,1350.8422053812355,2997.5582497385185,2544.1728973092336,2227.198846141992,2506.787463673996,2840.872315770857,1398.5477540166196,1937.0319084790435,1352.4534577825802,2965.7705181976094,2866.771258556927,1485.4972637151382,3004.202208232472,1931.5659274275174,1888.0809198427355,1795.752729204539,1319.9856342815365,1854.3829919391949,1851.3578900686102,1863.6493944396457,1821.170442921461,1814.4584581682898,1773.9756432896538,1747.1792143963517,1832.9408588438191,1814.4605052090785,1955.698683246102,1942.2056102797853,1793.918693343819,1683.098355334034,1805.3492438772162,1800.0909698716405,1937.3986610932138,1943.36885074191,1754.675719936535,1741.3796516206824,1883.6530118802903
