,photo_face,photo_profil,photo_eyes,photo_face2,photo_walking,photo_standing,photo_hand,photo_legs,photo_bird,photo_butterfly,photo_girafe,photo_fish,photo_cherry,photo_tree,photo_flower,photo_carrot,photo_watch,photo_key,photo_truck,photo_velo,photo_road,photo_house,photo_mountain,photo_windmill,drawing_face,drawing_profil,drawing_eyes,drawing_face2,drawing_walking,drawing_standing,drawing_hand,drawing_legs,drawing_bird,drawing_butterfly,drawing_girafe,drawing_fish,drawing_cherry,drawing_tree,drawing_flower,drawing_carrot,drawing_watch,drawing_key,drawing_truck,drawing_velo,drawing_road,drawing_house,drawing_mountain,drawing_windmill,geo_face,geo_profil,geo_eyes,geo_face2,geo_walking,geo_standing,geo_hand,geo_legs,geo_bird,geo_butterfly,geo_girafe,geo_fish,geo_cherry,geo_tree,geo_flower,geo_carrot,geo_watch,geo_key,geo_truck,geo_velo,geo_road,geo_house,geo_mountain,geo_windmill,word_face,word_profil,word_eyes,word_face2,word_walking,word_standing,word_hand,word_legs,word_bird,word_butterfly,word_girafe,word_fish,word_cherry,word_tree,word_flower,word_carrot,word_watch,word_key,word_truck,word_velo,word_road,word_house,word_mountain,word_windmill
photo_face,0.0,160.82176129405207,172.22185024297178,167.9727850912371,150.70211521686596,148.99831754711738,149.1143301848369,143.1562643922801,162.13276166057534,186.37031944929842,181.9921140847974,159.53806978029468,165.51329116369507,159.28606698441723,149.54919511010544,141.17039748978925,161.67799161108476,154.8855710331763,168.21860285493156,164.0124219877104,183.5898003519649,173.7137555173849,169.10697949551565,177.35304778396878,151.65487038798923,172.60032990803353,164.5561108880283,169.0152211907892,160.71513002994328,154.94561733065785,157.13462344542253,158.51478984810166,157.15331340132678,174.8680591210178,156.7315093342267,163.72514889664336,167.82126640343978,149.96821166641817,153.85522401953963,147.51801281056916,148.1550631605694,162.32304335042969,168.02023291906735,168.44345472957724,152.03056247468103,173.4706316139744,152.42280175097162,171.62443862076506,172.2190774752775,143.85839826977804,164.45461027251372,151.09992605990502,161.31755893493957,153.7738983747006,162.5882990524921,147.45980130304014,149.38929190988944,175.60679041185475,155.1300966640926,164.51848422228207,165.56189666525685,152.81816484009485,152.36549216155572,146.84353289642533,151.22604243064714,158.46217370021648,165.2539459884759,165.33214065588223,153.90271673864794,160.9932750616575,159.2063023760202,172.94081448172676,145.6293306218408,147.23937476374297,145.5643630397777,160.07237433319372,161.72746821036006,160.4340371370438,146.1927864354782,159.93042054214627,160.0005278710721,160.76755531985395,154.4950746640916,161.08863963238622,162.67992641916996,151.28615964497862,148.52832107095392,160.91872297803397,156.72420344188345,143.7073328645285,160.4920579160854,145.97168331997892,149.9797827530299,157.35343626193156,171.054946116461,151.34182270296097
photo_profil,160.82176129405207,0.0,180.77857560487774,173.95430549017593,164.71118996627936,163.49436226353652,167.5453274283979,162.5029623930921,173.05853322164043,192.5985943504284,192.1058862337355,173.12667375491617,176.45631758190152,176.15245782016024,166.49007595594662,161.57792319356764,178.41899327127658,166.0913351946173,177.5020175038614,177.51514319126628,190.86042323943178,176.47984686756433,176.2212909354744,182.08606429242164,171.6005271324797,167.6572628036472,173.7278237768392,176.7055644999741,175.25089517181348,168.03330071637325,171.37170066523362,167.34064601078438,172.49868128387695,179.3320013536965,167.7780652203415,175.93687821103933,175.55536718229777,169.22513972380756,164.99702723896718,165.75717941550351,166.94897477869122,172.6765255968241,177.91608612311882,179.14478554132782,166.13012756424587,178.07111649895592,166.27352993116565,179.14534472887857,178.616579363591,162.57177457393232,173.0620644646053,164.07298371164902,177.37179281895823,170.18416947901792,175.15183211148855,167.0755795409964,166.78721434740692,179.90961220895053,164.6957601785517,174.91142830187545,173.8249514587685,167.38355847169979,169.4533086691569,162.7633711537064,166.12518525783716,169.64048988375197,175.61673738190177,180.73659258987556,166.90646590282296,168.95230295177578,171.2851075950426,182.1149507757827,164.38488033810648,165.9429504802834,163.86973054113474,173.26521586911102,173.21064276910946,172.08861234307543,163.60633225660223,171.9232800538179,170.97482272932436,174.9746200640828,166.9896043989005,174.13558946766116,174.97635035906112,165.9309922216371,163.72824263740748,173.35381014888787,170.6952159447827,166.02780174218506,173.43734747625163,164.87180053940364,164.32843060027366,171.38562598382316,184.69790438535975,164.68141232310123
photo_eyes,172.22185024297178,180.77857560487774,0.0,177.19447208071253,169.22311809367818,166.6771669928448,172.29484322206673,168.45200672873995,161.77239497818445,186.58977323948395,186.03056837621617,158.7788555800639,177.27817482428537,181.95707659521483,168.75241145104093,159.4800475997788,185.84451473780348,154.08064080403656,169.74780957162875,169.92280679875708,162.03027119301905,189.95739232511204,171.71995228315762,187.56127502082072,172.72128069992607,185.26574822426497,155.97066510025044,174.26797306466295,181.22506145931428,173.49845423168486,173.46079441570785,179.06362809746085,164.78770752662533,174.44307970414684,176.06438026968084,164.6997167496628,170.9241274154726,169.902160556712,171.0714216444103,169.69009775687786,167.42128340788628,158.21143579839992,169.29688155105188,168.87838733601305,158.13528466551193,167.607617582541,159.51395816539574,186.77031411864604,181.14398496700122,163.37304591016132,153.77016480690682,171.01502946189996,182.17806078324418,174.201990238352,180.26781292242043,167.1773007249621,167.4976197325403,177.3920167168541,168.29205190706543,164.09213701527634,181.4306642469619,169.07198679663384,173.12056179681105,166.05564669529957,168.693280861448,155.27635228114403,166.8012240406894,167.79687531099646,172.80020603416236,180.04652235228576,168.88183216185936,188.80987855354735,154.37882244451612,154.02133029858678,156.05228278008735,158.91606717921928,158.20312884908168,155.63496711265577,155.68433031600347,156.93344593802092,156.49991728884245,156.8966034458696,154.510200127759,157.80445779650245,156.86265168098262,155.4922184385214,154.40223990788198,157.10752929134767,156.32675881566968,155.61120675372229,155.77101260955766,156.12487225624307,154.22533903006672,156.55807455505135,167.63695915512974,155.91669673329844
photo_face2,167.9727850912371,173.95430549017593,177.19447208071253,0.0,167.5563062931983,166.67827689907435,161.31088201220572,165.6212828841313,163.52066730697058,188.6983258187027,186.01429190057544,169.23297102285528,177.43423125327243,177.18211622091238,168.78880579735196,161.73075819708103,183.23810058214497,165.58018319209623,177.87523110546942,176.2982166886303,184.9939084645387,180.1602487818392,179.81557263268922,189.50768435463206,170.68138700177374,184.13329053401696,173.9485862025178,162.89089695910127,179.62088342543296,170.78926746102394,174.12357876497978,176.88933317301218,170.8734684955397,178.57094901842274,175.302778644534,176.88540724404433,178.008132977627,170.7332550311175,169.55357331191186,172.06827816426636,169.82878244686933,173.61738418270843,179.7273533116552,177.6058269051066,165.19973840894968,179.20312704163518,166.86054985244846,185.30655892186928,182.71853986462796,164.8457705696019,176.09570946924174,169.18102010657887,179.21236014786123,174.6493509399126,176.59650380020946,170.66318052611442,170.26999664371957,178.56972001014796,169.92341361803585,173.32732400002502,181.86054252710642,170.9219576672243,170.50706224360485,168.2912603050935,170.17124392624444,169.68009235521305,173.2874388865683,176.9235536516429,171.5289750081422,176.65040382596433,171.21600295744693,188.06956397453402,164.53181520414816,164.83678794221913,164.09180619104964,172.4018284150776,174.67324512359392,172.96414584418562,164.38280282334912,174.55300427698143,172.92737739061874,174.63347825463757,169.83616023298643,174.0488804955251,175.81143592480868,168.08728191421451,164.50266020783226,174.53294713589455,171.12967696090902,163.8445120989879,173.67356817980962,164.81539672051292,166.8341049108868,171.26329483022974,183.8961121576377,167.58500666861823
photo_walking,150.70211521686596,164.71118996627936,169.22311809367818,167.5563062931983,0.0,128.21203152839345,141.37083029178515,127.54218719174702,147.868504435944,170.5060717114531,173.54392699277773,145.89054040818482,147.91587524855862,150.40698433193955,127.76968614188608,122.9786032102674,149.7308983940579,136.24735877043426,154.6816680464257,146.67303423124508,170.0478934177441,172.0183917239348,150.4845570253349,166.88481636836607,139.20938911751418,160.9601131080721,144.60651689307878,153.23580166504354,134.76036360889907,137.7253876464315,140.1163201056579,142.70097212083417,141.03514037998212,153.28809988134725,135.71534300921746,144.6191986940121,154.5866240895569,134.1733140510526,138.67164783859428,129.81929184411342,131.1916476129273,144.25265229304495,150.14413198220709,153.24825721660815,130.97671252687852,156.28298711915173,128.72327782514407,157.80822730511142,156.44821953622753,123.61082114112216,146.065645842688,134.23420026161517,141.73962235407166,136.6090134999862,149.99996490392252,128.06290695477185,127.19383696861297,158.07444279506984,131.35943588531,142.14645617396283,144.9449462847501,129.97593375804166,138.61936902299618,127.90415486458802,130.74995767214546,137.7850076958683,144.56395408756356,152.3474759566638,137.23395972600417,152.03115433660287,139.8553865175992,158.71876061589097,127.12732389357481,129.88686709426725,129.0451266117024,145.0305450474924,143.50003386236804,142.63434789882646,127.25230333544059,142.7201218551973,143.51350225827687,144.79480924038833,138.01816435659612,144.9211261034249,145.78220269835236,134.0322955801036,130.73090027661422,144.08600648836045,140.56071808331478,128.75769469012965,143.02771691653547,128.19010535559522,131.82856586646085,141.33833333423746,156.31469323705596,134.10269607854198
photo_standing,148.99831754711738,163.49436226353652,166.6771669928448,166.67827689907435,128.21203152839345,0.0,141.72071125053753,124.05047997765435,147.8957036641685,173.8831145376567,165.14774762627516,147.10117348476365,154.12165385871603,150.17168917791287,114.9584126241774,112.76824337782163,142.2547104091258,132.61673167399948,153.22650437688708,151.6559163383367,170.89416055564996,170.82157470006663,151.02389211994273,162.2341001882382,139.20393913662946,161.47505419081497,144.06406492731108,150.2234055148933,144.14183005326146,122.60976717151696,133.5806523228415,141.29070015408803,138.70341887085794,142.62639571921815,128.19479132866357,145.37298273836015,148.8811196614461,134.02595164948343,128.70351252211424,115.70898236534757,127.73944637905532,140.19891117061084,149.6852742901245,156.59552977730132,126.8347183830312,155.78417641611992,129.3386454144011,151.68400026827783,150.63235425967477,111.07519814995766,144.97542649462767,121.13573807056396,142.36463396228,128.96034046262537,142.30597576232574,126.48700351732411,121.91713685644226,151.9126455987442,119.9055781666329,143.58992358645128,143.8138663746371,126.60732910907605,127.85480272782,108.60552282239806,116.84085495343881,132.67954951605114,143.89735266457416,151.768693769206,130.43615212177497,143.81370201929434,133.99218789633602,154.78281277964427,123.0636761390051,126.62975150870898,124.1548356684414,141.42350515991754,141.32997723874084,139.83254217602362,123.60669810909799,139.54617037889466,140.13426482171323,140.01660229393323,135.23735603520316,140.521060667505,143.3043962911406,129.6024398348983,126.02801907332221,141.53193109616657,137.57399464239094,124.47784854897375,140.90625859144987,123.69186285928997,127.01760977465678,137.4532555649472,152.37265020789707,129.3923277115771
photo_hand,149.1143301848369,167.5453274283979,172.29484322206673,161.31088201220572,141.37083029178515,141.72071125053753,0.0,133.37039534130798,159.60443850381773,179.1505747663995,178.0107330802691,153.95185642323736,159.69396968771053,158.14834177572516,142.01375572635064,131.40111331522317,159.22874411945236,147.91035415051445,169.3013976113533,156.18482999966844,178.06470548993593,172.56077831415018,167.2712042434149,176.34988422260727,156.2253779626822,171.5209445610984,155.92473683566118,165.40314168461248,157.53683696626314,148.90562220954044,149.85007181430933,156.05076328513016,157.82350940792793,168.29534820751323,151.25308872124907,158.82193285550068,164.77057857421775,150.37651567034928,151.12941428867833,142.73720136334578,147.1483780435597,156.38973286376574,163.8204222983008,164.9121624752835,143.45646399440102,168.9732045678731,147.88685895085294,168.99218428272687,172.14432753193222,141.12439209281928,155.9066144479651,149.79028470957107,160.2137509873985,153.1758817091975,152.6239177704627,142.6281390582598,144.12347630679486,166.50470646191295,149.1221685173858,157.48824305683533,160.38797905044157,150.69076272638986,151.08425281224552,141.3423101790964,145.1278387590073,153.1563993376798,160.22884961581943,162.41785766248287,149.07392074208076,161.13109964575378,154.78641464242622,169.73900675645396,145.25127639105372,144.11417610532834,144.8975273155369,157.81463441462108,157.93535311935392,155.95675143799866,144.10692823096187,156.1574125675847,157.0496688453408,157.64953224988543,151.66126799864708,158.14254631255903,158.43811975670732,149.58936663156408,146.16604489635407,157.0896996545576,154.3636041017962,144.63183382937225,156.64056203802514,144.8097281645343,145.18109864755093,155.14859497864327,168.08142631824182,147.02475171015953
photo_legs,143.1562643922801,162.5029623930921,168.45200672873995,165.6212828841313,127.54218719174702,124.05047997765435,133.37039534130798,0.0,153.06929479353613,174.81079629802116,173.83959143946407,148.98635447289774,151.59863427445205,156.45045139284127,127.28916772578194,113.56768381516383,148.91756049088016,139.17885004964856,161.0208580044514,151.65462999690396,175.6117219127344,172.76943191870828,159.73794403516703,167.86592743817923,143.95677956897376,166.77885087889732,147.55531737206195,160.5035495900484,145.99972109867008,140.07367164754305,142.12335989020562,146.2486710259036,148.23760124162123,158.39905061363788,142.65708840661412,151.14820842870853,157.9259703928936,140.33514183141085,140.898453479903,128.97905366875816,135.7720222797024,147.4348582988069,158.16795306484354,160.94626583416223,133.84272470775767,163.38856248346656,136.42345209407048,160.39472832981173,161.12730631641693,123.94807980020633,148.6097570533773,133.94984476984314,150.29993597817423,137.74294359884584,152.98242638439444,130.09412211742574,127.63894463023698,160.27036597479574,136.48353189939237,147.75616274878018,148.57764637347282,137.07155435496347,139.22738517126197,127.0549185025487,132.24425514439287,141.60175207997153,150.65533879803885,155.74734773069483,142.83199309005343,152.84501711722555,143.64610428561016,161.10064223934702,133.1129810961404,134.99754659980525,133.552693140053,149.63984716238534,148.42758840088385,146.84699177006937,132.76337851131805,146.42041314090113,148.18351747097554,148.3935819905797,142.3244939967534,149.29791220031072,149.56829976390927,138.9516710604672,135.13903036842436,147.97080697929815,144.9838588451323,132.7319768406377,147.39248822649455,133.28261283249884,135.7022082315914,145.5137431148464,160.19506652730496,137.53067886934969
photo_bird,162.13276166057534,173.05853322164043,161.77239497818445,163.52066730697058,147.868504435944,147.8957036641685,159.60443850381773,153.06929479353613,0.0,172.87576227710767,163.94610983985473,137.20086658742446,164.22518823625393,161.88727896008317,147.8712143661036,137.90227159095724,161.77164991487024,128.7574815402234,153.87686000179778,149.7321585327087,165.75133194040174,178.4104028685938,155.75347329656384,179.14925147019872,146.8597293189587,165.81783364341305,140.92395495251705,154.03503625407944,158.34926497704407,148.57835107584182,149.72273223716545,158.30460851212882,133.022637844476,161.84808985987274,150.61549705205874,143.739076642602,160.85772146555811,147.61961534898606,145.40142680679622,146.65871373759543,140.0381897583347,134.71176520699115,151.13634139293606,152.38097968073436,131.6498454467017,154.988681651761,130.21610083225875,168.05088799885218,165.9157929546636,138.33406154387222,140.82770399642487,146.21049194230983,161.77207875907084,153.0644584966577,159.66768720629815,144.42398987827815,140.09427205628475,164.2510444671013,144.41994943684605,142.66941018269745,161.19258552889738,145.20068090871834,148.0905160639813,143.01761033471914,140.1443079387808,128.544961087432,148.72870437027694,151.46363580631754,152.03253776050792,160.29858938545559,147.10148834988215,169.224434714403,128.34962219419054,131.0106175491855,128.97815927813886,137.6608385489934,141.4143731067517,138.4570067520996,129.8163751785357,139.58643129865365,138.6663008436808,140.809262250444,134.2716896989059,138.91983077970687,139.50197372451797,131.9670793493908,128.99136126088828,139.34863180644942,136.71851328754394,129.7866637293309,139.0744259558262,129.889991656473,130.79497559540573,135.80288619556507,151.36922546358977,132.94761159108572
photo_butterfly,186.37031944929842,192.5985943504284,186.58977323948395,188.6983258187027,170.5060717114531,173.8831145376567,179.1505747663995,174.81079629802116,172.87576227710767,0.0,194.58411998934838,174.84748525265738,182.88654677162683,183.09827855363017,174.6075646540265,169.15716089393726,190.1011193197174,167.68296065151765,179.99253667054668,172.6916936023138,182.91143858162022,195.41615044470277,180.51884555773336,191.59077574706131,177.19855405477665,182.5288285774915,172.89471353655154,169.2797740328937,176.75354403404847,175.34838931796278,179.0418271001514,181.43522748825026,167.11001570551136,175.53456835154927,178.71746628138473,176.97881802779727,179.18970704315365,175.7210585958602,174.41973644006242,175.27812484738615,172.4109576576193,171.62526768578667,175.50260899120337,178.81351263563548,164.91355069191383,179.6184425789806,166.38466075466124,178.53007982732288,187.20281825259127,170.7223600819245,174.33045221596637,172.82539718322658,180.0683902812248,172.10461720256401,181.69014020472196,174.7702194075639,172.865818410086,179.6627812448473,172.21229346114097,175.19645705751307,185.9720784820141,173.38361477506876,175.89077804890354,171.66480163965306,175.47668188651326,170.25640866260832,175.00842950625963,179.4328075676228,176.54265193450223,183.55255401792593,169.15071914337568,183.5796151686596,165.19764901847176,165.4458705337763,166.67881775683082,174.38854462616436,173.97529783935752,174.12853132229972,166.88303511475615,172.76329858255036,173.05582817221278,174.86443083280733,169.30339743432734,175.84641873684194,174.14782327096196,167.63788868839717,166.58178256351448,174.13058349697343,172.24128267655007,166.1053148307238,173.24674016079817,167.64681483603798,165.33810129505693,172.46738019379598,185.37453019011534,168.37758637535828
photo_girafe,181.9921140847974,192.1058862337355,186.03056837621617,186.01429190057544,173.54392699277773,165.14774762627516,178.0107330802691,173.83959143946407,163.94610983985473,194.58411998934838,0.0,172.65473079682792,186.23485978646727,183.67030663828623,166.9112531814851,163.552407529404,182.44664117824485,161.37597989261792,176.77005935855794,176.79103819480858,189.38834455294997,192.24003069668092,182.1802672168387,192.4583714824833,172.58651842879627,186.17436383276677,170.83840268729807,177.52546533809257,178.24213272681135,172.15803861320748,170.3895928650108,176.17494089516458,171.80812901790617,176.95292461228897,166.51337336106783,172.9409062652709,177.8646701662102,170.0751226476951,169.73297301287317,168.76370970874302,166.30965684629825,167.6303109348907,170.84090379917458,177.75193973797073,161.41109472067578,178.33891077895436,163.78713696598643,182.9254167778422,181.16928325292088,165.6548191484136,170.60107518457602,164.58488776954758,180.5951299323084,170.20658186939428,178.44566531238777,166.81918970773086,171.07424577267977,185.4674096808748,165.7423090628567,172.85111062945242,179.63866441008213,171.08211283483092,164.75382675349098,166.8144260564654,168.16916328174824,165.38153940924278,169.55643866430054,173.6451427370062,172.10593911278093,178.5431623767805,166.3493644719218,180.97386937815358,165.51789956229004,164.13890338945168,163.43502826640506,171.32547722003463,171.79891097874304,169.80668969128163,164.11397871653412,171.71298355664703,171.49895798474284,169.5798904672695,168.2520783347659,171.70416301021095,172.6771349905143,166.74401305995121,164.5684401706446,171.46787658641398,168.2601034501993,164.4520987682045,170.7136302362031,165.6633494098843,163.7931686227666,168.44275685972158,181.64852963064456,164.91538661547546
photo_fish,159.53806978029468,173.12667375491617,158.7788555800639,169.23297102285528,145.89054040818482,147.10117348476365,153.95185642323736,148.98635447289774,137.20086658742446,174.84748525265738,172.65473079682792,0.0,163.31967197020077,159.99732272717122,146.6771051234518,131.70756466545743,162.17921822867794,127.86436107159713,150.87733723284177,145.01955602009764,164.5300169845521,177.9510433318003,156.10057616025318,181.15525828715266,154.33150522653222,170.04660097574367,135.80807880828257,159.7961274059136,163.51352774312937,152.67249019681265,153.74647820462155,161.4654858766741,144.19443260061234,163.5625311387886,153.79771923663063,141.07843698672013,161.1666997427621,151.315776298879,150.75165095748403,146.00722934506814,141.8326343505212,136.85419498407398,149.75016602265163,155.67845163668974,130.82104051666082,156.7461207447769,132.32390911045923,173.54589326874225,167.28707536443684,136.4355608261757,137.74115940096746,147.60527641082174,166.74443232741115,155.42065278827326,162.89428217549482,144.31569601836435,141.55711209065294,166.19832468403575,144.50205804694426,135.10432213441987,162.19805729708054,146.25498285525137,152.37082583876696,143.72052253393207,143.23061312960346,132.60754391321748,147.2235582044652,154.47963370879287,151.40648369828693,161.86911824924013,148.59562148252041,173.99997374394582,128.95658454637126,130.49555859381243,128.95561037086273,138.2646388925017,136.0632015653222,136.34354712919122,128.64443576127394,135.38706969958153,135.10828130677876,140.01380954146123,132.81803190743645,137.15114437279456,138.07417691406607,131.0387059881548,129.7924551993755,137.23915327323272,135.84354453691518,129.94937618450908,136.2975555245954,130.4945270290674,131.32382617482165,135.7135951541212,149.61888619738966,132.16809423652586
photo_cherry,165.51329116369507,176.45631758190152,177.27817482428537,177.43423125327243,147.91587524855862,154.12165385871603,159.69396968771053,151.59863427445205,164.22518823625393,182.88654677162683,186.23485978646727,163.31967197020077,0.0,165.23318981685068,153.52930253610512,146.4526722825975,170.0458326195117,154.71243394778196,168.7999207133757,166.40387958739709,187.8057570689736,183.49977421533347,166.90747024225797,179.714727429438,164.23031443186534,179.31082732664166,162.44306338495986,174.32453764246964,161.99529069217817,162.08217727321076,161.91892414759658,164.58875191104843,162.340406132634,171.66403499938488,161.12009196225236,164.16489902541284,168.84394213563388,158.55182160202176,162.82271614734108,153.69580944456268,154.3340591433666,162.36863208757268,165.22624420615267,170.36538825106945,154.37141100146656,171.1305731789164,152.94561330167554,177.48572516648443,175.5543272805039,151.87994431497322,163.5447076326756,158.3364603127473,168.54920790733226,162.53258249856773,169.4109370797715,151.44215136124325,154.07476085415516,171.49625055096544,153.2266307736659,164.83797875863021,164.50131722638812,155.0417290105318,162.1867541081611,151.88540664266358,155.13571096034102,158.1766433879964,164.50863617689527,170.5208639871987,156.96961060622093,167.0707525365136,162.6509482148124,178.8359519583939,150.12092812395102,150.51368923678314,149.77511031474427,161.9540429900422,161.4305672576792,159.95859086818726,149.89578616210733,159.34347683529106,160.33934610040615,162.60397409376165,156.34016239355435,161.68178779764605,162.7466381899649,152.11476009213888,149.97142011738123,161.15160672729502,158.33719992472487,149.69289172809204,160.4732576144499,150.697422599505,150.49968660953567,159.31265827736212,173.24067224933412,153.295364251985
photo_tree,159.28606698441723,176.15245782016024,181.95707659521483,177.18211622091238,150.40698433193955,150.17168917791287,158.14834177572516,156.45045139284127,161.88727896008317,183.09827855363017,183.67030663828623,159.99732272717122,165.23318981685068,0.0,148.49260245526858,144.16627834307081,152.39794019694367,153.55733180477193,170.27176875229353,164.71502964184285,181.83890852604924,166.70849705442583,156.7202930151872,176.72221167442214,156.85885376505132,175.39601861479025,163.26487573264185,166.61953644222328,154.98969305673458,151.4554955838334,159.5914084388354,156.53027653150082,154.89713099884463,168.8908879823342,151.62983401944805,158.92953093842075,164.98552245807969,140.70360447987613,156.39162883132647,148.1896045939952,143.72218886309034,161.81407185386294,164.35100204229266,164.70300648289611,151.88489030509683,164.8300384866273,146.526209591315,167.8279767246452,174.06037312753548,144.05682799170103,164.11189562140277,157.25783678625675,160.26642682063832,156.42239602656556,161.44608840129357,147.7726343150372,147.94681102019348,169.06075230889343,149.78440386877577,163.16759859629283,160.64227807070696,146.0346938706859,153.69725828488853,146.7536462552857,145.55835675516315,156.55650374331506,165.48852561738116,169.0010755489292,155.48002142167286,161.49162964412844,162.06440475478752,169.8665374495426,146.07689094211824,148.47527641604086,146.36285689322835,160.5942275052789,159.6192283074212,160.3171815746814,146.88116857870955,159.32859585657863,159.8712830714238,159.42135855084783,154.3446443868921,158.9285436076973,161.82414321734936,151.56124736740014,147.6894411908781,160.85385426445504,159.42727912962738,146.13755471596443,160.65124517582132,147.79450938065332,149.64399692498756,158.6206755673946,170.7614794753955,152.32683543153516
photo_flower,149.54919511010544,166.49007595594662,168.75241145104093,168.78880579735196,127.76968614188608,114.9584126241774,142.01375572635064,127.28916772578194,147.8712143661036,174.6075646540265,166.9112531814851,146.6771051234518,153.52930253610512,148.49260245526858,0.0,108.72794637865626,138.06725224357044,133.37758851609212,154.89538506243565,152.06294826377015,171.75462276386435,172.17516636273783,154.784490719313,169.8225460623689,138.68293856398304,162.85071202280437,143.2536416574405,152.81269820330957,142.89506889778684,126.5623548907555,132.63919393576245,142.81521032879465,139.12433118639473,146.28804742745467,131.48500483893486,143.80370436881682,149.8825338240759,129.45579350776177,128.1151505269056,112.24636039877477,125.8066712958531,140.38461059017044,149.5769211390217,156.7800814772918,125.83428878248918,157.0310870178516,128.89733981554332,159.3952627400068,151.4477994226085,110.52278474126325,144.4386879057945,123.94733169721293,142.60508916082242,130.88369080608342,144.0396375030668,127.05851548294224,121.19516727090424,150.46904345142968,123.60363177464411,142.6262459829156,142.89935252196076,124.35234170907789,122.28218630690428,108.7536889672982,117.17543113524242,132.78638776336987,143.9721813450469,151.9076361245739,127.09685001441032,146.01482670393176,133.05015872711914,158.0902815262225,123.64400933353167,126.08786701432696,123.74491429184911,141.4667085816199,140.17224520940334,137.92767976204672,123.84739166186785,139.21169254596091,140.19706624468597,141.54424630017232,134.4136882398794,141.24400776871911,141.94492038982517,127.81567410287387,127.03037797048252,140.53577890430415,135.83117823287213,123.5438264798592,139.30409036744751,124.75872489764976,127.05265982861778,136.36663922809691,151.94598518793794,129.3647665860373
photo_carrot,141.17039748978925,161.57792319356764,159.4800475997788,161.73075819708103,122.9786032102674,112.76824337782163,131.40111331522317,113.56768381516383,137.90227159095724,169.15716089393726,163.552407529404,131.70756466545743,146.4526722825975,144.16627834307081,108.72794637865626,0.0,131.713845777993,124.386714967364,147.38020299923622,142.9369023320198,168.54808822863737,168.73075534746098,146.9594621885964,167.70284905513643,137.03879388933416,160.29054745807287,134.80399896025204,149.33138960846705,143.09036115065177,122.38867786165528,130.5344392655604,140.33254088016122,133.94086374921812,146.9826740739647,129.53084207281432,138.8813256150686,149.26041467859127,128.28939360098894,128.67378015821703,104.45114132937101,123.24728003285283,132.88465668906312,144.7626749875072,151.2824516737306,119.14302099241952,151.60907964918346,122.05973617899916,159.75388688000004,150.8554462236414,106.61615163909647,135.99723884295946,124.98750075295138,142.44277916580384,126.79123916529402,142.35956112536184,120.91929306294436,115.81515082079834,150.6571578344717,119.490285423513,136.21143887356845,140.35798217315318,120.01277339338895,124.99103065278511,105.4366963356981,111.61167416314792,124.3836976776848,137.10334673412942,146.1107867952605,128.22600610644957,143.29272284320055,133.34225485451915,158.86633359266503,113.7674386334829,117.56202558473758,115.63393606849706,133.93614962271062,133.38659987622358,131.04316633968963,115.70482345779898,131.06019138586274,133.43208518404452,133.8728034682356,127.33147872169884,133.38439520214484,134.86653164616027,120.89573085803595,117.4398939769311,133.53757094805815,128.74473436177087,116.28463267317814,131.8816010998104,115.1926275505382,118.06228157167804,129.37229333988856,145.74941703456628,120.63105451487121
photo_watch,161.67799161108476,178.41899327127658,185.84451473780348,183.23810058214497,149.7308983940579,142.2547104091258,159.22874411945236,148.91756049088016,161.77164991487024,190.1011193197174,182.44664117824485,162.17921822867794,170.0458326195117,152.39794019694367,138.06725224357044,131.713845777993,0.0,151.83399999019554,171.61157190859734,166.93335625589899,185.46541968630314,183.52148298037469,159.72118471043652,181.05562163920246,151.72378174330558,175.27901946952258,161.91848554284562,167.9066806171079,154.609467284195,138.10334623517343,154.68407227389366,155.7884659175027,152.53604092463,167.82324327960242,146.85356516676882,157.4444073448582,165.12557684148268,138.2920905256727,147.59007010892014,128.88010172654168,138.02085361475318,156.68763047890525,166.07104295927323,170.895174569643,145.8570008692194,168.58995861217403,143.68210933148112,169.3245525577031,174.67418638972728,132.12195904058325,161.74038542744154,152.4359162437494,158.81038325350724,149.55034119933435,159.66607014639922,143.75642630433236,138.81744725159697,167.5101111530774,145.8513458045335,159.6392328499043,157.60174887419188,137.17649473410853,137.78997874237766,133.13329399083398,129.71280421907323,150.5729299435039,164.711718651349,167.42060300682792,155.13809890714197,157.14975062842,157.3711322798995,167.4922420276176,140.81278099446794,143.10817661497944,140.3325645906444,154.76529300873992,157.37401433226958,155.2456020205051,141.36137100571827,155.1304752449332,154.35985512946738,155.5450382347202,150.09720729647117,155.99293789308385,157.10599887995446,146.72232432261345,144.62539324037962,155.7697905619685,151.8013858281831,140.01592487934002,155.97578239290957,141.65300177365546,143.18441871046463,151.28942509923178,166.61342851684051,145.29843907957573
photo_key,154.8855710331763,166.0913351946173,154.08064080403656,165.58018319209623,136.24735877043426,132.61673167399948,147.91035415051445,139.17885004964856,128.7574815402234,167.68296065151765,161.37597989261792,127.86436107159713,154.71243394778196,153.55733180477193,133.37758851609212,124.386714967364,151.83399999019554,0.0,138.82324330498113,136.1105010500443,158.33440087931166,170.3262153992621,146.1734877480116,169.31199952300162,140.59260061129896,153.90624090784078,113.01141800880686,147.28132339898835,150.89917074791063,138.3612689265382,136.7557174882795,146.3790501584697,126.26967804148799,148.707881205188,139.9178383634472,127.882644161674,143.76462703084917,137.02581858975265,132.9521988959086,130.30887624658317,129.60953046273704,98.00073396752106,134.26812751403702,138.92940894909702,110.15673543859069,137.86259658844872,112.81902930204497,158.99282932507788,148.07607975425978,120.58304679116952,118.6754486855193,131.10150450961203,153.96781698349685,140.78043963165734,146.58891566749105,128.82317627796863,122.89691861794,150.7421442385821,128.41583727234124,124.8657138065863,147.28599625030236,132.70511708111326,138.1224631498197,127.10960546580328,126.74298484848684,95.54277402827596,127.84530894654178,138.01303961506986,134.30297942499035,144.80125389233584,133.4809260636523,158.23068431267384,109.95975953216775,109.45196923520314,108.38009291923723,118.07830626621333,117.26631231240972,113.84673182810172,109.0723492577479,116.10356639171893,114.49504087729991,121.27002890429978,115.41582153572293,117.97667147718117,114.9774878352947,111.05926053050362,111.23204630578927,114.9184878109488,112.81523016632754,111.27246775387036,115.00959963442423,111.38512555550015,108.391467343745,114.4063774670145,132.73737972294796,111.31498571021233
photo_truck,168.21860285493156,177.5020175038614,169.74780957162875,177.87523110546942,154.6816680464257,153.22650437688708,169.3013976113533,161.0208580044514,153.87686000179778,179.99253667054668,176.77005935855794,150.87733723284177,168.7999207133757,170.27176875229353,154.89538506243565,147.38020299923622,171.61157190859734,138.82324330498113,0.0,151.83791109052302,170.7157261829634,177.32208047892968,156.99869626504417,183.25592480776558,155.92234410095682,168.64053085142265,139.36053462390697,155.02666929567113,168.89296824023512,156.91740645699926,156.2276896642313,162.78271911686485,147.51144572989003,163.48753632734665,157.61644689234373,144.34097923477205,163.73469630012875,155.28158212356075,155.2984719435927,152.01955007316855,150.52594032150895,139.8022077321133,128.31941664369518,146.01517110806728,140.7752139656819,148.316666696483,134.12865826261526,171.20184856666802,162.11825546304698,144.61640059400787,144.0165053308452,150.28271102013989,165.39143043834488,157.5943882048268,166.57925722058974,150.42000600508644,149.26237582561774,166.13475286559645,146.9983391860501,138.4573812190885,162.95093327611843,150.41272337858157,158.12102982663822,149.84300190907877,151.53133415561882,139.16620674287884,115.83792010879873,145.4423956810018,153.61473814049066,161.88633325781865,151.30719199380775,173.0667604669967,140.87125068159185,141.66246626714315,140.20818765003773,149.5530144929258,143.5682294858392,143.84095397636946,139.99658229012437,144.4465457137997,142.78160018051193,149.75283573999786,145.36792375755573,145.77440492448653,145.27751350889895,143.26230413876445,140.88055999117427,144.79032416810605,143.5623204697842,140.8592318777193,143.39039892941554,142.21262092963514,141.48441319037872,144.19861560529347,157.02353695273536,141.84484668131483
photo_velo,164.0124219877104,177.51514319126628,169.92280679875708,176.2982166886303,146.67303423124508,151.6559163383367,156.18482999966844,151.65462999690396,149.7321585327087,172.6916936023138,176.79103819480858,145.01955602009764,166.40387958739709,164.71502964184285,152.06294826377015,142.9369023320198,166.93335625589899,136.1105010500443,151.83791109052302,0.0,172.06071221468977,179.06299513397894,152.4230595459746,173.6911405632312,144.8404577474995,165.05860636312482,140.74737496943646,158.1220677717091,156.79315612305572,156.06923348989991,156.59221204831096,159.48912723914452,145.80356436765462,161.6390181516182,154.1293245614809,141.72049309444762,158.74525183932883,148.29210151963775,153.26184164148285,149.01380456844444,143.3447962607523,141.82031620408497,143.65735429596276,130.33316369712801,135.8042751098437,151.5620296435973,131.351625522193,164.78798544758314,161.7088127821913,143.37115489939004,141.47997709500618,149.04050585402825,160.41737623658761,151.98778642334025,161.30030980525035,147.23918450263912,145.5634694258352,167.18752332118765,148.48548935623225,142.19544515645723,162.27634323373667,148.49475415852785,152.76185288351903,146.33253456901343,147.53673248098175,140.15867522770537,142.16469252018507,129.65610217610035,151.1851993037727,160.44476217871215,148.05199073029885,168.20178472306824,137.29974630937608,136.50993704047383,137.19681398568483,146.36101900187373,142.66535951365987,142.70722800597017,136.60124510794543,142.28053849928537,142.37458689414098,147.8427902642103,139.41744048014863,145.35336100655707,145.2233839784003,140.25113772853877,137.77788368596654,142.44269775722026,142.81302616601064,137.2268876477245,142.9939920189116,138.9614485717748,137.43653761008608,142.00793519400645,156.7046622059983,138.80961462916594
photo_road,183.5898003519649,190.86042323943178,162.03027119301905,184.9939084645387,170.0478934177441,170.89416055564996,178.06470548993593,175.6117219127344,165.75133194040174,182.91143858162022,189.38834455294997,164.5300169845521,187.8057570689736,181.83890852604924,171.75462276386435,168.54808822863737,185.46541968630314,158.33440087931166,170.7157261829634,172.06071221468977,0.0,193.17849085776365,172.10912877281723,185.95825065921008,173.85994403075907,187.49561167175366,159.5564933645057,174.7263404262949,181.22256214497446,173.5057794632613,177.5177638240004,182.7282409015521,166.21594073006477,174.8031486770195,176.26488370911684,164.28126114489308,173.97392120212353,170.1098595482905,169.48383563999292,173.4453033822256,169.8207631856607,164.02736469987974,168.38354709977125,168.06293444124753,150.41760605448866,170.81773881296493,160.35184036145284,184.76254123257863,184.62035183814245,166.83563416229202,164.35098886772158,173.38615170602833,182.96752463825933,176.8890875543698,184.09956894520914,173.23027334941972,170.29214589378265,179.26402300976724,172.35616928734237,164.52196942623485,183.2004272787037,170.4464821708066,172.66016745877576,169.96428166024234,170.05321917544975,161.90727763464537,165.81819183719625,169.71530469018373,175.12980215183703,183.11129420425655,167.5243885476188,188.6024531814819,164.75847344767297,164.14317135566128,164.7946233652266,169.33354738667796,166.0084965343899,165.85920502889857,165.13851097896463,165.60624473623386,167.46256275782042,165.68864747203435,165.43494918324677,166.14973582526113,165.50418533670933,165.7679084323262,164.527799194843,166.19863445958512,166.6145338365153,164.26782532581996,165.04601803908716,166.13541430097618,164.53732686230896,166.24599280747773,177.6829752237599,166.6999677588562
