,photo_face,photo_profil,photo_eyes,photo_face2,photo_walking,photo_standing,photo_hand,photo_legs,photo_bird,photo_butterfly,photo_girafe,photo_fish,photo_cherry,photo_tree,photo_flower,photo_carrot,photo_watch,photo_key,photo_truck,photo_velo,photo_road,photo_house,photo_mountain,photo_windmill,drawing_face,drawing_profil,drawing_eyes,drawing_face2,drawing_walking,drawing_standing,drawing_hand,drawing_legs,drawing_bird,drawing_butterfly,drawing_girafe,drawing_fish,drawing_cherry,drawing_tree,drawing_flower,drawing_carrot,drawing_watch,drawing_key,drawing_truck,drawing_velo,drawing_road,drawing_house,drawing_mountain,drawing_windmill,geo_face,geo_profil,geo_eyes,geo_face2,geo_walking,geo_standing,geo_hand,geo_legs,geo_bird,geo_butterfly,geo_girafe,geo_fish,geo_cherry,geo_tree,geo_flower,geo_carrot,geo_watch,geo_key,geo_truck,geo_velo,geo_road,geo_house,geo_mountain,geo_windmill,word_face,word_profil,word_eyes,word_face2,word_walking,word_standing,word_hand,word_legs,word_bird,word_butterfly,word_girafe,word_fish,word_cherry,word_tree,word_flower,word_carrot,word_watch,word_key,word_truck,word_velo,word_road,word_house,word_mountain,word_windmill
photo_face,0.0,2602.398793620224,2711.8955767346683,3130.84121073609,2971.46793301662,1942.570603534253,1472.724513770495,1649.4506617381178,2963.9528303819857,2872.32198828539,3181.9393192485495,2992.85328363852,2830.966978241814,1805.2856338235474,1225.391602205445,1944.3457532874613,577.2039270089424,2944.3960336459363,3024.5186860117155,2713.766012378886,2787.091051125862,2509.560339699809,2615.035073211483,2312.3893113059985,2190.5089603238785,2961.014671975322,3005.489510418915,3036.1612141374612,2255.688754160641,1956.5772304714212,1920.2738075077498,2150.311214545776,2639.7397007989252,3490.778658310249,2378.1894432822587,2755.88911014539,2090.870023625015,1562.0788103617058,2216.0911538122273,1511.7061693662995,1497.3250430568628,2926.9133335576676,2804.1484990995114,2873.9978494424204,2887.7023168637065,2644.299868915514,2926.4664229841483,2030.1661785084227,2959.315538143269,1786.5903450586086,2878.280868329909,2500.283398504004,2456.230847407555,1612.4712376275436,2063.146783711815,1714.7545986892642,2294.603413784659,2228.1816591577153,2604.3801420525288,2864.4300349405225,2635.062397481005,2060.3235250790713,1655.823686019828,1740.2255958581995,1902.2279891195274,2901.6939842436686,3175.364913420033,2915.957905196023,2330.2102730731926,2249.2535350719245,2442.8224195230814,1937.3154884621144,2954.8605985950576,2978.7149634421644,3000.3021109604842,2874.0943705734444,3010.1625578644234,3015.607419705746,2971.874301575296,3007.7055186319326,2969.6030952543624,3024.2800918289076,2951.7543594869567,2986.6381698861323,2943.1473412228866,2954.4758369945985,3010.3479252835727,2966.404103431503,2957.338058473922,2977.034643541999,2981.926966811033,2990.849046942175,2949.9480730928317,2998.2796285034824,2971.2241136578587,2964.2256458373317
photo_profil,2602.398793620224,0.0,3211.865737594691,2534.082493346987,3048.2238416238433,2765.451279699821,2503.966992093339,2515.2713334082073,3394.595880375393,3278.3617561632223,3326.481058276211,3442.321914372558,2754.9174130194747,2038.7497637246488,2889.8550306345505,2760.638047715459,2763.091028274471,3362.138656050175,3386.1428011590024,3272.342084095704,3332.9381463543973,2123.229960998172,3135.5995027342783,2091.9322252354164,2957.0232450743933,821.1012708265207,3385.3237731276045,3026.6002760684732,2314.663905996989,3162.0247465343473,2139.5270604062116,2360.1723196617686,3364.1750072614855,2538.9111169608777,3094.4589475609832,3232.1529466276465,2518.0059865933285,2747.861028167204,3026.2337651970884,2568.467220880531,2519.889190079864,3334.5132859633836,3240.18028911432,3327.8549906708477,3382.618483883086,3168.602715866022,3348.7491895005146,2005.6691697505491,1473.67363581097,3086.1392909161727,3300.7461114133484,2784.2784661527808,2153.0247801988257,2550.4639836810866,2162.767040041103,2633.759201386915,3046.7651996391764,2523.692629263605,3211.0450622799403,3295.206932187858,2694.086006902294,2929.4288565673714,2719.726820243042,2834.0462380773224,3239.5780235802013,3326.276221778445,3418.018399848823,3290.1324733887236,2338.153579802475,1790.452455251965,3118.5879324840485,2163.19205488278,3328.3127662145894,3385.8708840917643,3360.8187894252055,3323.69171488418,3371.7322783858435,3392.853432039762,3373.9284240962916,3374.5405821181484,3347.8475375157327,3416.077496995403,3339.1009402207687,3366.6215452774914,3338.8462433779737,3332.5743315116483,3371.537871535814,3358.791988525103,3360.6060733712084,3364.1252403573144,3379.389533802028,3349.8968195279845,3332.703015207911,3380.7634220511377,3346.3342886522382,3357.807438153448
photo_eyes,2711.8955767346683,3211.865737594691,0.0,2582.792416565351,2530.3863957941307,3284.828008401398,2837.7023895451407,2070.2810931575395,1541.5770900038494,1253.725849289922,2447.6989644973346,1965.1550997541551,2635.943164931927,2724.1663463973346,2766.566086333732,2459.186344873053,2686.6754377558245,1570.1382624535972,1494.5683476301165,757.2304904735408,696.3830866030249,2837.7604023733697,1518.7144243029602,2843.9233400512576,1866.7114053356559,3250.0525003351086,1714.2593765895285,1531.4796176791504,2663.598306715946,2437.766342587167,2967.723876201113,2920.838509407932,1627.3347359117581,2651.3193848809187,3372.834450424248,1348.3751491698015,1895.3487542226042,1937.594681249614,2438.9081513811157,2138.4925818470565,2216.0756852606423,1529.9910705786906,1141.9839494419848,1477.450382955126,1631.33952905142,733.8248076791252,1780.5505335187518,2910.294590625233,2973.061198729833,2745.2390806577573,1449.4617916240238,3026.602520938348,2276.3973705047633,2219.046087729512,2684.7186854742567,2356.456420923933,2712.057031885545,1904.2404243783517,3443.1140741676754,1434.5868269612542,2928.8972568605313,2540.2529913787566,2225.5460049365147,2505.6614483776716,2874.16116450098,1485.0457034983795,1960.6887432165863,1422.682557062358,2883.250220534575,2594.067846483003,1543.3445316104815,2818.4286227954794,2022.9049260018421,1970.4457698083554,1879.4816615337827,1427.8775334812203,1938.0406555811649,1935.3388480483582,1945.9321974203551,1903.4343548388476,1902.126298144106,1846.0963290208942,1833.4896027988284,1921.2461043476512,1903.698620692099,2049.603625412107,2029.871055389915,1878.1266698580444,1773.4113788326774,1888.3383429602834,1884.5684329279761,2020.9379437656896,2037.5065149290572,1833.8362357901374,1822.9002732841354,1973.0008089938883
photo_face2,3130.84121073609,2534.082493346987,2582.792416565351,0.0,2710.768336531781,3556.576163173244,2758.3387582949854,2602.412896769595,2831.813894305695,2753.4580752647203,2833.365251891818,2994.226037538933,2811.221846931615,2440.0354395918207,3226.050187452643,2947.708496802606,3197.3856778433887,2817.7138955530354,2783.831774242496,2568.594350314535,2583.691085869368,1873.8226463522046,2612.583394344375,3269.9780529960153,2736.2140571637087,2620.5086527430485,2874.984713894105,3057.31518251716,2458.8364761588405,2742.459743569667,3108.0835988511553,2457.755905718256,2833.501447629739,2696.164107255079,3678.8229383584435,2616.1400953286825,2478.6514621713177,2665.942807854898,2871.346501908903,2756.027151539594,2811.0539259635934,2801.2780051174927,2611.006622080636,2737.9877585890226,2823.5218055071846,2391.4768972937577,2881.394848749259,2875.350318378596,2380.033204521266,3146.1611285317294,2754.551842995046,3141.096753327886,2119.864783218263,2723.1617875290976,2556.8253816398656,2702.2024334913954,3046.1380276082114,2454.1611071456864,3750.511209319787,2738.899670718555,2697.317280758349,2916.5586695319835,2671.81265273427,2905.158335216894,3266.7332062018386,2786.9675493347236,2910.453523806573,2718.021403556291,2050.2061117304806,1856.4183922408247,2747.1068868842895,3164.8080312136062,2973.5229657413497,2979.2595919891933,2947.5736868596887,2783.547618836091,2964.444074770416,2979.1012916370923,2970.1011212091057,2961.691631900813,2936.260270076293,2955.9361048196956,2911.134218128741,2956.3447304071733,2928.9150021657542,2986.6090843842017,3004.1131572888034,2932.185896383508,2912.104423533533,2946.922626475342,2948.4446330793508,2990.6553035804645,2974.377436268127,2932.631440634587,2902.218820087542,2970.4102477035276
photo_walking,2971.46793301662,3048.2238416238433,2530.3863957941307,2710.768336531781,0.0,3330.0701374839646,3343.65435898599,2330.6713624594618,2581.7244370861376,2579.156066005518,3087.734906633239,2103.223245842307,1880.5539087428986,2159.259093735972,2943.8105425272547,1962.938854018854,2855.2838041119217,2595.647057469618,2557.3460216969875,2401.609679949927,2465.3252449755078,2788.234831974403,1762.5785050764168,3319.6794897868035,1814.7318963257283,3048.4229659070998,2147.015983863353,2729.43615018885,2184.880634710667,2975.615830899475,2971.1652416443185,2424.0531496954154,2308.933840667342,3093.057962218753,2829.5725937058996,1957.2683434757416,2384.8344620982543,2327.7710198339105,2875.780012500476,2250.422661468119,2414.7140447809998,2532.196059344213,2384.940611984255,2565.9452133826594,2667.6300455188875,2400.8340143251853,2122.3988863226878,2910.6196286900135,2873.628960493095,2210.863730639248,2498.3082459331763,2904.6946945346626,2134.6962814546227,2328.4112504614627,2155.4251966232255,2294.4289345692523,2161.1709414619904,2580.644317382539,2815.2891128351507,2478.8478932643106,1449.499442039839,1902.5087060603284,2342.076054873891,2524.1010673090914,2276.026345828946,2529.5508854841273,2692.267586648626,2477.462085755741,2228.510889365616,2519.818781819377,2231.261606313984,2830.246521519875,2020.8130199843495,2041.0867349118857,2080.2272231900965,2515.026909350816,2001.670085569162,2031.3493320314817,2087.2611549161156,2040.247581682903,1995.806806058001,2091.9706817345054,2029.7990309143656,2011.336748741489,1986.9360612110565,1999.9383219248843,2016.529845405967,2029.824345593938,2092.062083817853,2100.341213626479,2017.9663349134469,2053.0954753274627,1975.1784197643722,2102.134158493158,2019.6881255927299,2015.1837992867352
photo_standing,1942.570603534253,2765.451279699821,3284.828008401398,3556.576163173244,3330.0701374839646,0.0,2090.0441569478667,2288.187305930049,3370.4785281292275,3298.9734261609606,2418.0778361330367,3376.2006540100133,3102.9957195638844,2614.1011727149125,1345.4928273683993,2451.783073043574,1803.9544884970455,3332.405227644903,3433.9899255533164,3220.244979529075,3299.97502179666,3331.432767546229,3066.231019724552,2093.862195322361,2693.507112220602,2959.8819737971876,3379.2111864312556,2900.35623384985,2467.017790396362,2169.925601892181,1797.3811224012165,2182.800679034897,3047.2465816938443,3394.2232486373905,1514.0419093655205,3195.071851023589,2807.555552265703,2317.5640397671696,2798.4811302675635,1976.4003995550165,2148.785081878075,3312.452306776941,3251.008020587638,3306.464778765918,3312.7823343950336,3177.2913063083915,3295.586792419802,1631.8940679344767,3029.3055194763447,2346.329803764949,3277.293589433357,1453.7005314599562,2791.9289735264674,2002.233307678436,2587.0060957174924,2237.0927903694733,2700.7287469886232,2707.938844575266,2002.1624096010191,3278.1375225680367,3036.5516531228127,2520.5897906741484,2290.0189931198643,1925.9113314396154,2421.083462683629,3291.5014570632134,3520.862967107287,3315.6412001440212,2682.6944418676176,2878.4200642302135,2888.368993296595,1748.6022443101792,3255.761793938835,3307.15024091086,3307.8210953134694,3267.1262731017114,3334.5239135574734,3342.3918657466315,3289.254249265469,3327.540849799316,3306.8139729591826,3364.3381752033547,3291.1218268102275,3316.638284507678,3287.846994844818,3268.2680886947464,3309.328550723275,3312.285398386353,3301.5640727707732,3296.4782079562547,3328.2190901142644,3272.780585570927,3271.548555142298,3334.0612025590644,3314.708840864129,3288.403479382682
photo_hand,1472.724513770495,2503.966992093339,2837.7023895451407,2758.3387582949854,3343.65435898599,2090.0441569478667,0.0,2102.0597710209563,3066.089783502809,2975.901175302763,3109.983946486017,3087.440802945908,3193.364450502095,2362.2947702293454,1799.6592332936566,2393.9942486681734,1702.1068349384943,3045.638618768587,3124.2597615912887,2835.326576685468,2905.4393558068946,2557.726384882268,2819.2572208570386,2336.699028971261,2654.2934118644525,2874.042612180206,3097.6128893080017,3067.9365652319793,2548.367421327781,1743.7825314549416,2336.514495899701,2286.1730486816828,3007.6676762826473,3510.1653533055046,2634.399916069791,2860.614243675336,2143.18485732775,2119.892152650297,2357.5625473484797,2000.2310760358391,2114.650448212027,3026.7512929120276,2912.713841573415,2983.10473105882,2996.032266726113,2767.3147237932226,3026.4004746021674,2123.79642585825,2889.7994112171978,2336.5449247159854,2979.2814954491582,2627.916632284856,2356.6303509231993,2182.5280670891275,2493.8041698194274,2301.799897259507,2726.4071715839164,2347.513197397939,2950.1535864954712,2967.0636969365505,3050.225387076183,2516.1712060707146,2212.1150595947647,2323.518064733952,2445.989483813242,3003.0438567797796,3262.8445023668546,3017.551583363716,2406.3873785806277,1940.071479489705,2797.6658963416307,2358.732914185806,3040.936148248159,3068.5542355035795,3086.4927335045395,2976.6703347960547,3097.3247088876697,3103.4382407810663,3060.1190497141356,3094.647803582789,3059.5944410775905,3113.3445142204064,3044.1546762272337,3075.4107396459253,3035.2661597835486,3043.5899906276427,3094.3456568553165,3058.1103304467065,3050.4627314377285,3065.371555820784,3072.7853677131743,3074.062301128571,3038.807640943123,3088.4360430963625,3060.6246277523223,3054.6190389366343
photo_legs,1649.4506617381178,2515.2713334082073,2070.2810931575395,2602.412896769595,2330.6713624594618,2288.187305930049,2102.0597710209563,0.0,2295.3506975708356,2232.003757877308,2468.1112566336906,2430.67569704649,2328.9142495670653,1661.16142108869,1685.6562688273773,1258.2276972742134,1482.4920952726732,2321.613125990252,2347.3866614753906,2019.7447525960367,2076.4649982432215,2597.720334163308,1829.756547991826,1997.9148439426933,1409.258921637318,2578.8369833706256,2367.2732771342853,2432.4320197965717,1687.7488894750072,2025.9533482770526,1855.6859507496818,1969.4390641958641,2036.3421908730666,2947.75813482217,2443.6092995092013,2026.8849908634525,1365.6699752387715,927.3344389269182,1732.3055805698077,764.2012003698865,524.7720277910454,2271.293842089262,2098.848283535784,2225.43636854499,2347.8384212861,1858.1639432178172,2308.7351447790506,1812.345535596677,2673.10499711039,1686.497236157892,2231.772463291603,1866.9750560250247,1707.505798387222,517.8002478710309,1554.1127681652818,640.8864302303582,1635.5764188976973,1435.5509084755981,2569.1135706258174,2186.7548317261526,1922.890618591457,1374.6220018966478,552.9020573869781,1061.910352994343,1951.8860129453083,2263.7197604737903,2559.5912596503204,2269.4164372394057,1791.7306014382123,1936.0961387317102,1752.0678470969053,1603.2655863415964,2376.8505683691697,2419.8215734177093,2392.5921607614077,2219.477038599094,2383.351298050211,2404.270930719323,2406.829175248059,2387.4012989127627,2338.2108991074383,2420.2176313617447,2325.269715497156,2374.430676739805,2317.6065202039713,2348.8688498344313,2418.838817728257,2333.2638849779837,2339.5663396499267,2387.625879393068,2359.4597066113197,2425.5223939232937,2357.380941679006,2381.454191562329,2319.139500036658,2380.4421076609833
photo_bird,2963.9528303819857,3394.595880375393,1541.5770900038494,2831.813894305695,2581.7244370861376,3370.4785281292275,3066.089783502809,2295.3506975708356,0.0,514.6149731049835,2670.5641701638024,1272.0108935457695,3018.1798791865476,2984.269449890885,2937.567894355743,2662.8776879613233,2872.661414141182,636.5400681334706,354.7924883102903,1307.8499563123753,1357.9916233248302,3098.026781846953,1844.2942981863353,3039.338615972725,1861.4884535345946,3400.3291361749084,956.4746864996766,1864.5154634534988,2942.512243451195,2603.4587806028385,3097.6666731280825,3140.9549298892935,851.9705936600598,3063.3811293660383,3352.298431373781,1695.6455506527443,1956.0304762219182,2280.000827630717,2521.9160485877023,2388.06807386187,2499.0740590129253,659.3166278581517,578.8101464573461,363.3689184518642,851.8831374885972,1399.3703226913979,1004.1825948635119,3074.7775391392424,3184.3280725395775,2782.1680017961385,335.0860227252213,2999.0972642976753,2538.4231967053624,2395.8872035010313,2966.2091744508134,2453.972527544301,2789.418129297086,2275.060311842056,3054.711928600947,327.217010237698,3020.8820215756646,2618.6555352566065,2336.672220075789,2582.0839102866876,2893.568853557769,304.87179467999556,1450.8495229403904,390.0976156949861,2994.647215761682,2906.4473130977162,1780.3734235148318,2971.8045549445274,1313.3022537155473,1355.8085054548642,1170.5711266061214,342.67449827850544,1298.9289864992268,1293.5073709208664,1267.4632106065822,1253.243233660941,1249.0614859008083,1230.9794596687043,1163.0693460823043,1275.747075177361,1260.5058037214262,1324.3176468674371,1360.0529116586827,1202.6622767602805,1070.4568059357437,1154.0281519757586,1264.1197671249463,1337.6636940900837,1356.2928873181197,1125.3804693672014,1179.8360885409872,1316.619814310819
photo_butterfly,2872.32198828539,3278.3617561632223,1253.725849289922,2753.4580752647203,2579.156066005518,3298.9734261609606,2975.901175302763,2232.003757877308,514.6149731049835,0.0,2556.1400342293014,1371.9668938681245,2850.9457234133224,2883.406654354317,2874.386452320429,2597.865397647605,2809.818987763184,740.2767761370446,491.665469683467,1191.9809970005133,1217.8700370761755,2996.8274711933013,1761.3356576740944,2914.873354763723,1917.9082049122403,3294.2582494643916,1042.8615549482004,1684.2982358107538,2831.226168462894,2555.925428076944,3011.3766514866875,3049.928301611725,936.3714233418626,2838.6338525812644,3334.1009160329577,1607.1071278830295,1985.1938228636498,2165.1556428654676,2518.67762871085,2305.8541749645465,2401.1806982111393,768.3070424820626,567.6122445075115,482.49791774350956,901.7544604355561,1241.040762241764,1106.347967307586,2967.811256738355,3048.3874564809885,2790.3518706696086,512.6583394939546,2991.1053903713246,2441.670501524467,2341.0058311771395,2850.288105830548,2441.176030534,2780.483440967331,2131.427329931161,3100.3333023260366,515.7815647542029,2995.943999065367,2611.128534958256,2327.547014504022,2578.1879955732647,2906.424553263293,512.030394023408,1477.9097364543966,499.0871084943435,2962.7025716358453,2783.1620118369074,1733.1938042446095,2872.6608120477426,1426.266655829842,1436.2677427314584,1264.6799260192033,526.8566632528108,1395.9238920409878,1388.233879375506,1355.8042399508513,1344.1319227189751,1352.2760271296293,1299.8829652842028,1259.7980564892764,1374.8037549693904,1364.9944406967052,1454.262024843343,1464.189699469155,1306.211609282889,1168.888705502473,1253.5397995421204,1356.0661930087863,1432.4111954609705,1474.33957096597,1217.617984119712,1272.3503069745575,1416.4480827663633
photo_girafe,3181.9393192485495,3326.481058276211,2447.6989644973346,2833.365251891818,3087.734906633239,2418.0778361330367,3109.983946486017,2468.1112566336906,2670.5641701638024,2556.1400342293014,0.0,2881.3715345196856,2861.8908290958752,3150.8563024182918,2646.967580514939,2745.4701818265107,3019.66966497733,2643.949276968908,2678.3042580469064,2393.8000688570132,2406.312967074128,3549.449503889936,2395.5986678050754,2803.5513585394247,2651.190159082592,3232.3600086389624,2736.160943151741,2091.4620336927965,2738.6749592305455,2520.525359152957,2602.068588722124,2737.0012404069507,2454.309449749533,2704.1975460862427,2561.7022320640713,2415.966366017073,2843.0369447691173,2475.7081794461765,2912.430212138877,2361.5100464957495,2569.905429343582,2636.4352380731953,2486.0794616576504,2597.2735332665825,2679.5382689614694,2251.531377842534,2725.62424586957,2381.554304097264,3007.8216439109633,2927.973046775253,2598.2793759714677,1750.563338615612,2832.353242982431,2291.3694098754477,3044.309101699838,2495.211666900466,2841.4515305797054,2515.6048156525,2745.994566186748,2599.653436425164,3104.759198278346,2699.2061059842736,2487.1451506800963,2307.2804192472145,3027.4569189440763,2612.6165203575483,2871.1987038484685,2600.586807909939,2848.2509950791496,3117.4250612892065,2454.1268593910345,2446.3454159897033,2811.9229656198254,2812.196466027647,2748.808249762516,2583.2951442455983,2810.6262749725374,2814.3661036908406,2778.5777771843245,2781.962292405919,2793.2126155977244,2768.5662851947736,2747.7710150469024,2802.2495839782364,2791.3237681936007,2849.9241355428944,2835.4720875266803,2782.3510927169255,2728.9784334033193,2758.2346150049952,2794.8109232726074,2791.706833141412,2849.445387213439,2751.403770297071,2746.975079594447,2813.155832260696
photo_fish,2992.85328363852,3442.321914372558,1965.1550997541551,2994.226037538933,2103.223245842307,3376.2006540100133,3087.440802945908,2430.67569704649,1272.0108935457695,1371.9668938681245,2881.3715345196856,0.0,2608.4655377004724,3059.440920469734,2963.344134157349,2186.699417438462,2898.8691194780154,1369.7663075777925,1314.9254550851335,1736.6689410861375,1796.2099541389089,3141.8073179424828,1340.9966464226159,3103.3055072321195,2069.680492256002,3469.318331736879,462.2627996777273,2178.1498184992456,3037.950840276511,2637.6641775887933,3167.062658938715,3204.356201438292,1479.2970326581953,3231.7230566190997,2861.77231796093,1243.521845340066,2146.9967947092246,2409.030800645087,2598.2238424878456,2294.2805324824667,2624.310155985197,1365.580794314443,1326.3416637171883,1282.9760460083037,1459.7200659282655,1803.8617812332577,389.16304284581116,3152.7533198395577,3257.494438668548,2251.281660014858,1246.148839778281,3075.454018250334,2667.251764230506,2521.0032582957538,3056.8231264595115,2566.67833512386,2393.51173333258,2423.0612715479233,2530.070489031282,1245.8150770785303,2594.9394158861332,2101.4986453455554,2459.3767699817636,2675.912699668988,2299.245968010709,1250.9949684774185,1874.782536484081,1285.6815995229615,3085.428815907052,2998.7403543153796,2073.7625189572286,3059.796732547866,368.5643178812001,325.135413175202,356.0613751077947,1252.601068324274,357.61959404737036,341.89528189917013,319.88567122682775,346.97667193235634,360.89109549490234,349.14966973213353,357.25473694260836,353.0184381902485,365.7435620910618,417.15231398163485,364.1645111544609,345.64152041305573,400.73290658345866,340.0113625797449,344.87224106040804,363.3582477332881,394.7687660864624,361.15522932174906,395.48453679325627,335.2513636827058
photo_cherry,2830.966978241814,2754.9174130194747,2635.943164931927,2811.221846931615,1880.5539087428986,3102.9957195638844,3193.364450502095,2328.9142495670653,3018.1798791865476,2850.9457234133224,2861.8908290958752,2608.4655377004724,0.0,2025.649389208955,2838.2025867342736,1823.757456372847,2738.854671881336,2973.0276517986354,2955.6688880143997,2739.199516908522,2756.721516442762,3015.607638686607,1917.0165118626555,3055.368898421345,2599.5141166776643,2809.822484336376,2610.6029864298603,2907.593916658478,2084.39393616581,3219.8928418146484,2779.8234173139713,2290.8645103168205,2736.263966211776,2737.0355476264504,2635.7894882912406,2211.7213485764473,2765.952284859306,2540.414106483345,3023.9625104570828,2220.231152323676,2316.7430710226313,2971.8900910060165,2793.6810383551715,2911.629446359644,2974.388179974837,2583.796207693604,2603.914329428524,2684.839506694841,2982.2344517402103,2199.63635183229,2921.0817464609236,2801.26402432046,2269.9995930626956,2313.970955135543,1931.6974062492422,2275.2687314599584,2156.7180469135446,2808.0821365269767,2690.2831919912037,2929.0515683137723,1346.6681009797383,1901.08178319073,2393.8349817644953,2516.5511808569045,2321.3281200902484,2948.7653201687062,3072.182327264678,2879.532402172682,2177.021111092738,2430.458491568,2527.0667191392695,2609.436048529322,2590.761429370778,2532.0568734883373,2579.689239138167,2951.495887026314,2575.9055093343877,2583.2145087505046,2560.4211638852016,2572.9681467407786,2582.281467779518,2552.235893273162,2573.5311447829004,2581.2714667819077,2581.8733679567285,2641.014418146888,2586.843475594828,2593.0070504820387,2609.2155566452143,2591.9725487329933,2575.0557521063174,2558.0439750819082,2600.6960218996537,2589.7695115172783,2573.7202743966855,2569.2523999983996
photo_tree,1805.2856338235474,2038.7497637246488,2724.1663463973346,2440.0354395918207,2159.259093735972,2614.1011727149125,2362.2947702293454,1661.16142108869,2984.269449890885,2883.406654354317,3150.8563024182918,3059.440920469734,2025.649389208955,0.0,2102.680767661017,1989.884566698388,1843.1155485841787,2968.388993926841,2969.2107543714674,2781.0791938032544,2838.3013186521393,2147.1237830781215,2570.62741621797,2706.502954484515,2052.6448659494854,2291.6754007955687,3003.48937515242,3123.5978277828235,1140.9706018857794,2651.488091645345,2167.7568412831365,1300.3318797520942,2649.6912917058025,2984.050224698207,2886.38189749336,2793.3699591949053,2123.1478197892197,1837.8121034802102,2536.3117076476965,1783.4325441835451,1564.9991156316462,2941.130334610654,2792.701309443645,2896.6924493977385,2966.040182944108,2648.3553932605428,2965.8438047196996,2119.162893599485,2453.312070100179,2273.1446143749713,2898.5330134729793,2521.070485846339,1550.3094758813836,1648.9579566243826,754.6735289456706,1607.98117994294,2275.672865320622,2335.805657136684,2994.352730488684,2879.9444349266123,1658.5011528899588,2123.2130708743957,1744.3100754300224,1900.6625561537526,2455.5828983800084,2930.520440383384,3052.6144977878116,2882.082052801899,1204.6564067110032,1388.1849321851266,2401.607771845373,2049.569787105144,3003.7097948502565,3039.9226624581493,3030.271167099543,2926.4608450814508,3028.875496563504,3049.16084320907,3037.1751467389918,3036.664654834318,2994.0050772215727,3063.2170579893595,2982.4785899868093,3019.4418402390356,2979.427334522675,2997.8140095811777,3048.285559487813,2998.2437325946535,3001.949338608092,3023.5456433280924,3019.651156062976,3041.2230456119114,2991.319968544414,3028.732608850674,2987.1062289839983,3014.982555365403
photo_flower,1225.391602205445,2889.8550306345505,2766.566086333732,3226.050187452643,2943.8105425272547,1345.4928273683993,1799.6592332936566,1685.6562688273773,2937.567894355743,2874.386452320429,2646.967580514939,2963.344134157349,2838.2025867342736,2102.680767661017,0.0,1976.0718159693786,1020.5413923858357,2913.8167093883962,2999.2850182865373,2699.223323204045,2775.126837734038,2826.678435973789,2592.0650495100926,2327.291420171117,2159.480325008024,3134.14131308753,2974.0039300834187,2975.5255082659846,1972.4461523336324,1499.763138953086,2140.99844586325,1783.75221416013,2604.8825698550486,3467.0334840838514,1857.1926830696093,2728.853187311368,2268.580306442298,1667.8773528792997,2199.9905069713986,1297.0315167142726,1591.5182256623814,2894.6960015753352,2779.4475136668507,2850.1575496765986,2860.896750506967,2631.5069841546638,2891.8362583103826,2106.836474364118,3170.780408336551,1748.1828354692302,2847.7714212470714,1855.9956763009363,2316.134753786975,1443.358493704571,2133.324542337536,1654.5992528471263,2258.1405709961014,2293.621298010051,2179.4534223817786,2835.6707380901157,2605.396726580984,2020.5232526819532,1628.19472504211,1224.7267351877542,1858.9986267248785,2869.5923156453396,3141.2851221192027,2886.84372786623,2348.718004294391,2494.1848148559275,2414.497601977271,2084.9394330820714,2908.1703767872114,2937.945642332741,2956.456876970025,2842.2024678047765,2969.808845456454,2975.8571131736303,2928.7231849547525,2966.9067528617084,2930.35813761024,2987.366115046166,2912.506640521951,2946.4415482223285,2904.622071747985,2910.3958525226767,2965.1517273121185,2928.7346521655077,2919.028120607736,2934.140872250415,2944.776360404349,2941.9333045269395,2906.7779843703966,2959.584249881887,2932.8115132647868,2922.0375405261634
photo_carrot,1944.3457532874613,2760.638047715459,2459.186344873053,2947.708496802606,1962.938854018854,2451.783073043574,2393.9942486681734,1258.2276972742134,2662.8776879613233,2597.865397647605,2745.4701818265107,2186.699417438462,1823.757456372847,1989.884566698388,1976.0718159693786,0.0,1795.2495434826853,2675.306547553424,2710.1197070916305,2433.4821765672696,2486.5432617620713,2873.9385893666768,1517.7268064796326,2289.4051131515303,1877.1847121193616,2835.214899591174,2288.5325157013526,2719.833927054485,2042.3081959195729,2365.385089969743,2101.069642451656,2256.3969576336613,2388.3732346892516,3174.4860384025746,1949.2458565875272,1845.301397608151,1927.539224962871,1496.630078123631,2173.379959453968,991.8532870456029,1268.6508695753948,2632.5039047936425,2494.3722493112728,2601.562574293506,2694.487708530563,2307.328511956425,2206.0727375521838,2072.8736827718158,2910.284849400883,1111.910329297467,2598.7746570192094,2172.829253683911,2143.902713735617,1297.1659121737105,1914.1821242394005,1367.6205605253747,1228.2752180850875,1914.6721250584453,2102.7984639330457,2567.1669785915697,1475.4719537597864,599.4746971668108,1353.8894361822406,1588.3551603459089,1342.7989477114477,2625.9109293947895,2888.0832375614464,2636.454059816557,2156.802942249313,2312.191512760692,2156.9682517225306,1898.2097474077052,2133.708012910541,2137.8335468217033,2205.912666214589,2588.848404221325,2138.937155231182,2158.351438711437,2170.097561945756,2161.5812459551603,2123.4917365602555,2197.897627184658,2149.103026120394,2142.947301666231,2100.4203398329896,2114.03732207905,2144.3805742719082,2137.7101230397693,2209.8374345943344,2208.860277137617,2130.706904546329,2161.07376214129,2098.948196228714,2215.2099029288647,2140.308772415883,2125.6837873619866
photo_watch,577.2039270089424,2763.091028274471,2686.6754377558245,3197.3856778433887,2855.2838041119217,1803.9544884970455,1702.1068349384943,1482.4920952726732,2872.661414141182,2809.818987763184,3019.66966497733,2898.8691194780154,2738.854671881336,1843.1155485841787,1020.5413923858357,1795.2495434826853,0.0,2851.34158054062,2937.963541828924,2619.1640823076013,2697.355352964463,2678.3946202037887,2490.900740095025,2278.9100410949222,1997.7099036418936,3047.2668164426555,2911.707462040293,2958.004660559587,2203.739617508049,1894.5785353675722,1900.2292349856707,2121.8045256618543,2484.2227448474937,3473.9027340268126,2162.005471017324,2653.5501044820107,2078.44319935941,1456.2820957349256,2095.9778594786394,1357.3748065333718,1335.1443620260247,2831.503733929487,2710.2868048473188,2782.6123443499823,2795.365026434407,2549.8931516741936,2826.689546628536,2000.4610824122565,3087.3827237348128,1525.2288909115337,2782.703502052111,2260.8956002241503,2451.209300600423,1383.6733946021063,2002.7078622955055,1438.6097296633397,2095.9440520641697,2213.4614628092436,2377.5113455010187,2768.9393377711326,2480.811232750312,1839.8565430618105,1387.1890614977603,1456.6417972319941,1649.873472727699,2805.3947019065163,3091.325744132584,2824.6164297587075,2259.0988759472984,2411.0601872781626,2282.133972559632,1872.9742798502596,2850.6847226237896,2877.4509790775405,2898.6221813246925,2775.5017162098084,2910.3797111968215,2915.913269404019,2869.4396570840104,2907.26382675534,2868.9113367151754,2926.3714983868035,2850.477051891077,2886.0990349889726,2841.720527955936,2850.877620044136,2908.1398322376203,2866.1035678064936,2856.5612668187605,2875.319540741915,2882.2923640029603,2886.596791016803,2847.00809293294,2898.724929398397,2871.4116505457478,2861.764479879388
photo_key,2944.3960336459363,3362.138656050175,1570.1382624535972,2817.7138955530354,2595.647057469618,3332.405227644903,3045.638618768587,2321.613125990252,636.5400681334706,740.2767761370446,2643.949276968908,1369.7663075777925,2973.0276517986354,2968.388993926841,2913.8167093883962,2675.306547553424,2851.34158054062,0.0,655.1011311382978,1340.8641519763496,1393.209061876495,3066.957988305731,1859.1460671935788,3028.9866597588,1922.9728462861183,3375.857243121102,1077.7825608718636,1865.8077948192981,2937.3814429267063,2580.5504354131326,3085.397387753763,3119.485347033432,1004.5789063964206,3010.606963599611,3310.270463195437,1706.0278002186005,2010.8400694172055,2301.026013817701,2202.8248810292425,2399.282673390099,2521.245317060319,245.49954690612915,740.1404109978741,634.5378653436244,364.261140677624,1412.561239130657,1121.001564781487,3066.074661205857,3159.224547303361,2760.071804556983,598.3841050520676,2987.8475199175887,2545.3446074998496,2412.510877944359,2955.9616604576618,2464.570126430569,2570.6928321140654,2302.7919354586656,3027.237088844408,622.3118613048974,3007.772052733368,2622.3858225865833,2350.447594573846,2586.398003777988,2862.520257499488,582.9735918041342,1519.6193379999636,633.8273931683533,2982.326472611858,2895.4332126769864,1507.4868035012532,2968.962929964017,1395.9949502214802,1425.6189461130953,1263.5972784848425,614.6375472013913,1388.354177951931,1381.6398942834105,1345.9058529627587,1343.0333405152226,1343.1043195901918,1316.3359082810016,1260.2089549837067,1363.714805632296,1351.7338163960162,1418.8677541089846,1443.2667130996806,1301.5907703317087,1174.499600045227,1248.250381981271,1354.303800103707,1410.713727923218,1441.9537332122115,1225.0531262670547,1277.6605483512853,1397.4672308841582
photo_truck,3024.5186860117155,3386.1428011590024,1494.5683476301165,2783.831774242496,2557.3460216969875,3433.9899255533164,3124.2597615912887,2347.3866614753906,354.7924883102903,491.665469683467,2678.3042580469064,1314.9254550851335,2955.6688880143997,2969.2107543714674,2999.2850182865373,2710.1197070916305,2937.963541828924,655.1011311382978,0.0,1287.636388368155,1325.8986162302037,3082.2987289333114,1842.5984370567,3097.0251809230685,1905.1285894771918,3387.9977937006483,972.7948395247321,1867.394428470003,2920.468642089556,2667.6261198013817,3155.5198978717367,3126.7769606405236,898.9598204001983,3004.921554553626,3413.4858015052546,1692.7148561414583,2001.8923949374223,2340.6224731053294,2574.09799067215,2445.209249017674,2548.514100407004,682.0889234696461,528.062692969456,361.12387534975045,856.3442665213599,1361.8892239235604,1041.2961878967812,3122.0782871822325,3179.1211754133806,2838.8141803718095,371.33197673380164,3050.642750352333,2505.914858368618,2447.186345532802,2943.5694665726937,2496.2681415793545,2830.0353837934817,2326.213505180471,3119.1272781971816,367.73973053644926,2999.158144748267,2665.675063386663,2390.535297447712,2634.9352786227664,2952.0237380405842,352.4961615275091,1420.5055419119053,337.5716968072992,2975.0583722740917,2882.0277752873058,1783.0800265555126,3026.3651398690276,1363.5134959060993,1391.747957653426,1207.8235734378682,413.01639406556416,1337.4603589719425,1332.206040775404,1306.0967732713445,1290.3082224909579,1292.677846194058,1256.8314266760763,1204.44526656008,1316.931780413712,1307.6192739662051,1383.9845349592883,1405.3700287108634,1247.1588720010648,1109.8992721224088,1193.9524686910265,1303.8735764131084,1379.2929274265668,1410.1261166852794,1159.7164971115558,1216.9631610865551,1361.1571732827233
photo_velo,2713.766012378886,3272.342084095704,757.2304904735408,2568.594350314535,2401.609679949927,3220.244979529075,2835.326576685468,2019.7447525960367,1307.8499563123753,1191.9809970005133,2393.8000688570132,1736.6689410861375,2739.199516908522,2781.0791938032544,2699.223323204045,2433.4821765672696,2619.1640823076013,1340.8641519763496,1287.636388368155,0.0,354.3074233400003,2884.6750140812733,1367.7594448859777,2887.89629709795,1559.3659087972424,3294.9260342215457,1490.2466274062558,1498.4122348652206,2746.3110767616395,2318.6867123714137,2955.8574879689013,2951.254741682002,1397.178361671174,2832.9398796052437,3203.070459198011,1149.4181705076285,1641.2773848233242,1988.3144144791147,2247.9045142580735,2117.6275075846875,2248.8819653099813,1276.733754296463,836.1861693162643,1248.791321978198,1411.5952756014437,482.695292685144,1538.8827601984424,2935.0395279652403,3071.8458999772156,2533.266090242926,1184.4242414073844,2857.9430178192947,2318.066315110595,2141.2710354467995,2771.4349632348835,2199.321512746655,2571.30841604702,2015.140134064012,3222.471375906921,1164.1243371000332,2836.7661611228104,2379.767928728675,2055.847766373397,2333.161334378461,2652.7546564951926,1223.392060636138,1788.0210345987812,1163.280925759296,2804.281115658251,2700.323009853752,1308.5725852592266,2829.060533322657,1771.3026170639587,1734.498220946158,1639.8970605802292,1150.464996660657,1699.5943230728585,1698.5996739941609,1708.7338034790362,1666.3375305444079,1655.569590574842,1624.288566464524,1585.6928101303906,1677.406540309272,1653.3400963075298,1792.0145847099102,1786.6803968001072,1634.9077160805853,1523.7071405509846,1647.355198637744,1644.2572994761144,1780.1278464013017,1782.4613912966956,1601.673250468834,1582.952496076928,1726.2439175968866
photo_road,2787.091051125862,3332.9381463543973,696.3830866030249,2583.691085869368,2465.3252449755078,3299.97502179666,2905.4393558068946,2076.4649982432215,1357.9916233248302,1217.8700370761755,2406.312967074128,1796.2099541389089,2756.721516442762,2838.3013186521393,2775.126837734038,2486.5432617620713,2697.355352964463,1393.209061876495,1325.8986162302037,354.3074233400003,0.0,2941.03166279088,1394.735769669567,2948.684796936475,1655.0216902297605,3352.887129521683,1546.5391018499358,1545.3347100292615,2797.190490919038,2397.310377389713,3023.3544458004244,3010.7355640139067,1454.5507398064283,2849.4850825479652,3283.028688745354,1191.5152068844143,1721.7785471610628,2050.6045342697976,2313.6203432058255,2182.6996443294215,2304.9144735939267,1339.7180064149102,904.0375371604487,1304.8020644448313,1460.5198334496663,495.36971666655,1603.0712880805825,2998.011066059058,3131.9854919687677,2608.353777018943,1252.3643902594326,2924.13904032838,2375.5599833532838,2203.9388434621414,2824.7511621106128,2261.6518802962987,2626.2813530307544,2065.316136354141,3304.387447996397,1230.515180685712,2887.610741592161,2438.995119452942,2119.329811054333,2397.7173035721817,2730.4388387963413,1288.4877870275427,1833.6248438310085,1231.9187005420754,2857.064753505072,2751.9368911830556,1364.9930142018018,2892.485518772521,1845.9119475533655,1801.1192209627966,1706.2380675259046,1218.7829324630284,1766.5461007789065,1763.7132514066975,1775.5176668786148,1732.214296152115,1725.7203755397034,1681.1276563012668,1655.406742469417,1745.5415299102945,1724.6836550577607,1869.2173493847727,1857.0611471301518,1703.2110260013976,1590.2662896059087,1714.6671421956946,1710.4427304110295,1850.4653530847477,1858.8322091638138,1663.8685399940107,1648.0790277569927,1797.3057964166717
