,photo_face,photo_profil,photo_eyes,photo_face2,photo_walking,photo_standing,photo_hand,photo_legs,photo_bird,photo_butterfly,photo_girafe,photo_fish,photo_cherry,photo_tree,photo_flower,photo_carrot,photo_watch,photo_key,photo_truck,photo_velo,photo_road,photo_house,photo_mountain,photo_windmill,drawing_face,drawing_profil,drawing_eyes,drawing_face2,drawing_walking,drawing_standing,drawing_hand,drawing_legs,drawing_bird,drawing_butterfly,drawing_girafe,drawing_fish,drawing_cherry,drawing_tree,drawing_flower,drawing_carrot,drawing_watch,drawing_key,drawing_truck,drawing_velo,drawing_road,drawing_house,drawing_mountain,drawing_windmill,geo_face,geo_profil,geo_eyes,geo_face2,geo_walking,geo_standing,geo_hand,geo_legs,geo_bird,geo_butterfly,geo_girafe,geo_fish,geo_cherry,geo_tree,geo_flower,geo_carrot,geo_watch,geo_key,geo_truck,geo_velo,geo_road,geo_house,geo_mountain,geo_windmill,word_face,word_profil,word_eyes,word_face2,word_walking,word_standing,word_hand,word_legs,word_bird,word_butterfly,word_girafe,word_fish,word_cherry,word_tree,word_flower,word_carrot,word_watch,word_key,word_truck,word_velo,word_road,word_house,word_mountain,word_windmill
photo_face,0.0,2701.7166802004986,2827.1271085065255,3256.4937328170986,3080.0395777683875,2036.5907592356737,1571.2234939501516,1737.0138838931227,3084.860591327248,2990.1604482147604,3305.0406245433173,3121.3151109078367,2939.9758046986203,1897.0287011400471,1340.2938971591543,2051.47701729797,705.9993304540421,3069.818176558397,3145.791753479387,2838.4623034548804,2916.6754972854346,2626.5387110801453,2727.766900438554,2434.628079434511,2292.322809845162,3079.91203884525,3130.013279753494,3153.797648637816,2366.665728410824,2076.970968250788,2025.1023959976142,2260.6883699492346,2760.586520226991,3614.890435981865,2487.0625557906706,2878.39521343563,2201.7522456722713,1659.7039195545235,2332.3252084993296,1623.909568151116,1600.7836789919406,3053.7316751262388,2931.3599335531494,3002.681853268861,3017.472300769069,2771.16058791896,3060.079621399473,2144.7207977467206,3072.9804943077093,1896.1795946362363,2998.0624756459965,2615.5999968188485,2579.5151622498906,1712.7840601614193,2172.841892001595,1824.4299748119277,2409.0126274392514,2337.4020077248047,2726.8313745678283,2992.2582896906765,2748.3808606317866,2165.443580509733,1768.6750752177356,1855.2954858081753,2004.4217429991852,3025.6752297669086,3304.0205228172485,3042.9666957044765,2425.058265277379,2356.6538417595107,2557.873545446589,2033.226950432641,3070.0687167862166,3094.5608369285665,3116.241406160798,2988.7861171365603,3127.515922853907,3133.4182509753546,3087.908732737983,3124.7700194325216,3086.1345737283223,3142.8509675247055,3067.9582903978157,3103.065648508221,3060.726710015241,3070.4438094346033,3125.710874892296,3083.865514426057,3075.2766461451206,3094.0469654406274,3099.770278219896,3107.073589822202,3065.0430567655367,3116.1191697287195,3089.496854451785,3080.5727747139636
photo_profil,2701.7166802004986,0.0,3338.535195095453,2643.0383841960793,3173.1222732983306,2896.1266298383202,2614.1480053357072,2626.4627039777492,3528.49999203501,3410.152860088485,3472.7166402370485,3586.006709806083,2884.9370535923345,2144.667442044919,3021.381557480127,2891.149282407409,2877.09546641604,3499.748877564138,3519.23530327919,3406.3719720577424,3473.3207792536123,2219.3915919764972,3270.144701280481,2223.759195736573,3080.7952633185714,956.5869190264676,3524.1219012749784,3159.354046537983,2439.3600247566073,3295.197688792724,2262.265236891654,2480.8441528622934,3506.276398996179,2673.775472580993,3238.3027292381544,3367.9286024740113,2635.563670712546,2863.081853099149,3148.34880412183,2693.778977799491,2641.0430672266057,3473.2448306181695,3378.6105138158223,3467.5806877556415,3524.104716593793,3304.7609408500457,3496.0746885323324,2141.439229139559,1603.8297449577321,3213.0035539060937,3433.768591901122,2923.6833173438454,2279.430551754361,2671.0529927637153,2288.4775941861853,2762.735796627571,3183.061770324971,2636.664583429553,3366.5409106480975,3435.386270957724,2824.6152895623477,3058.937866513856,2846.304594815395,2964.5125274019274,3373.646383693744,3463.0972734417664,3560.077008590668,3429.1740866421896,2448.1453534790535,1904.2977572626812,3254.0032803454187,2288.727885030969,3459.786671794054,3517.3979791909105,3492.749443466364,3451.30236636808,3503.7178936035043,3525.171548635172,3505.979703392497,3506.4916912021163,3479.05425440637,3549.018462216982,3470.7626679704927,3497.623636987321,3470.6414789134747,3464.5949765905416,3503.025753157792,3490.6122344230207,3492.8823949561893,3496.6571531659165,3511.33188479239,3482.7069477642613,3463.7075759622912,3512.9850363725654,3478.727660330388,3489.7202604886356
photo_eyes,2827.1271085065255,3338.535195095453,0.0,2702.629680999595,2646.729351919178,3421.733669013471,2955.3351926616574,2190.6028477282644,1653.434743464814,1375.1441767452002,2574.9401285300296,2075.885470628608,2762.2380019708835,2848.134054065417,2896.5536291831404,2589.392326319853,2816.1064156253387,1687.4949066399067,1612.5700579621341,934.0755985858787,856.6082001479841,2961.870956026111,1646.922057671943,2972.935675467567,1991.8181541279603,3390.606135096246,1823.3814177593706,1640.7869997955722,2798.2022180429312,2565.903883279768,3102.331110321479,3059.332402419212,1748.2259096340672,2767.1956949972437,3513.9922021126545,1469.9768478706944,2026.9531424389825,2064.144054998114,2563.20163652361,2271.0483449319136,2342.276377034544,1648.606355117248,1284.7601040838674,1599.5206083854544,1752.2127063902299,918.5344515765729,1904.8737367998756,3052.4583210715564,3098.9874450558304,2869.9213732222115,1558.9536462680617,3161.6347007200106,2405.432783371439,2345.517455296764,2818.3001548727625,2487.002169652329,2848.2841714486717,2021.2002941751148,3592.9481797018243,1559.7867847713947,3064.94871830982,2667.715615299243,2356.592685690552,2638.3579124081716,3008.936685755511,1601.4512228635342,2073.9959466343807,1545.8803318005873,3013.984426361588,2724.8950212371337,1678.1473879632767,2945.979704320616,2114.5676386635414,2063.0405803531953,1974.3386123008356,1526.9474803739577,2031.6605095038576,2029.0128295540658,2039.5690602195134,1997.8647910069008,1995.816547175432,1945.126882710559,1929.0997559050747,2014.1230372997193,1998.1531373373134,2141.1986097813933,2120.9884778681735,1972.9663913976178,1870.310841373321,1984.4274584415066,1979.4248665282412,2114.684064599093,2128.241771305779,1930.1570338314207,1921.7855335763186,2065.49253751359
photo_face2,3256.4937328170986,2643.0383841960793,2702.629680999595,0.0,2847.092483980746,3694.865503436586,2877.801923629666,2740.501319259997,2956.995920039962,2885.6338933839165,2959.6732686974105,3127.8370222208123,2947.8389789456523,2570.368673257868,3365.759886349871,3097.151407593959,3335.0687436875314,2947.8140780944864,2909.2674347428415,2697.9118664637567,2712.311819062268,1986.4650277483206,2751.3190831918437,3409.650881481275,2875.01054976625,2754.3158429610526,3004.345214024029,3187.2868997122296,2596.002496471719,2880.150989111665,3244.661204926906,2590.9861490013614,2968.7009662055,2824.3454688780694,3828.0768383397417,2743.705197854934,2612.944899873224,2808.455685259965,3006.495164515806,2904.5379004792703,2955.47051792629,2933.1883885820384,2744.391387493495,2869.8842417952583,2957.3933219491123,2524.2673696934194,3019.9968867185976,3009.5330286623716,2508.908885401506,3280.4394083725488,2879.0622371937843,3276.580677871674,2265.099267473401,2865.962185316582,2692.161881095701,2842.111803084123,3192.6079487562984,2580.467861197969,3910.5330550248477,2872.3091923173733,2837.4178174338476,3054.972692412039,2811.409178635862,3042.6939105851948,3410.9654048650555,2915.1488121350208,3044.8377379507397,2849.889360162575,2175.999162645576,1989.907183478082,2887.5735552559486,3303.111309649916,3094.128360516222,3099.797521018417,3068.726876965975,2900.8608298745876,3085.6708487175424,3100.4409862705634,3090.788627203421,3082.720456106102,3057.1586828316895,3078.3227405695566,3032.2206054218177,3076.838562488346,3050.4721010731364,3108.0680051716276,3124.794868312991,3053.699503213951,3032.8514000842574,3069.0235380618697,3069.9829015648024,3111.942490390032,3095.20438953611,3053.637764196671,3025.6299377916134,3091.301526718436
photo_walking,3080.0395777683875,3173.1222732983306,2646.729351919178,2847.092483980746,0.0,3454.7546573478653,3468.677083326568,2433.5931094733564,2691.9036211141856,2694.870607566583,3211.87935683466,2214.1467346082454,1992.0341098385666,2264.315061980908,3062.552881327295,2079.980102295994,2974.978977992745,2712.674889442476,2670.7227500914705,2517.186730278787,2589.168829811564,2906.143503564087,1872.3016226598404,3448.5020579849383,1926.1843041993088,3183.225494484743,2254.4868915446277,2844.3005671220817,2294.947436766466,3102.7735407129567,3095.731386556433,2544.869653546866,2418.196904940591,3222.020825144975,2955.6534555601693,2064.65716640414,2506.7766543672146,2435.8323523306094,3000.422032024358,2354.6842626743846,2528.1245188291036,2651.871751023194,2505.511651712693,2684.6678065505916,2789.228328095724,2520.0057643904183,2239.9614562614274,3043.025803655543,3002.3006240852205,2313.252187919023,2609.896528301983,3031.445154601501,2249.5916248703193,2444.8013815747504,2269.2725712248644,2412.694028998284,2278.7995975731687,2693.561487413245,2948.3164517563137,2599.627428184181,1569.393627477434,2010.3587324105613,2458.5076141729733,2646.3044318210823,2392.3181062511544,2645.230543901019,2815.2487509899543,2596.7483280930205,2345.1396723302787,2644.284673263037,2353.193676136535,2950.3424419799767,2119.540920576951,2140.6712702325167,2179.601200101566,2621.4991342420494,2103.2555153432704,2132.5663444504353,2186.3690731118513,2141.65947521885,2096.290515631911,2194.70519250177,2129.946346897075,2111.5857369425707,2088.5196128472485,2099.3909441297046,2115.4099876319515,2131.216788238087,2192.315022666996,2200.333769710935,2119.6822077999886,2153.1983109716407,2073.8386365418864,2202.5663000003706,2122.9240351811864,2115.1168677943306
photo_standing,2036.5907592356737,2896.1266298383202,3421.733669013471,3694.865503436586,3454.7546573478653,0.0,2193.739638370143,2390.813243931234,3507.4458653802453,3435.121936477402,2528.15199261486,3520.6707945375842,3231.807004723979,2728.1230318830085,1445.062581791193,2573.219928473058,1914.1045113135383,3474.398925839223,3572.9884970537373,3361.729943982405,3445.8707923197285,3466.204614666195,3195.698592752014,2232.676345956126,2817.7893087747107,3089.8753853772264,3522.450199452987,3029.4625503981047,2571.614539758023,2277.1660760287173,1919.6702227730862,2292.6886183572356,3186.54207302244,3526.608687083513,1609.9602669506714,3335.65060716249,2937.284063886844,2431.707499320567,2928.5725658097876,2085.949355713302,2266.9660277304024,3457.622833922813,3395.5391887289256,3452.331084299841,3456.811307803386,3320.8365969960187,3445.4036442769357,1758.2921956508767,3152.351295914578,2468.971951910789,3416.1274079114396,1566.8306258098842,2909.481345841532,2105.4011750563486,2705.0352138989692,2354.42510929338,2829.4971258012038,2835.6992172342198,2124.7534510483442,3423.3756717656142,3167.4854280823783,2642.1403246462705,2414.1263928955245,2043.575080342027,2537.7870596948987,3434.13347689743,3668.22255693101,3461.012619426269,2789.7738084474745,2994.6217391340742,3019.882630093021,1862.1157874552764,3390.134302273335,3442.8893931102893,3443.26484326121,3401.164772021966,3471.296810867582,3479.65110735762,3425.100001114007,3464.1319372779917,3442.444653651722,3501.91213469822,3426.7670945115265,3452.6643373485986,3424.628518280402,3403.6825348633934,3444.8715069890927,3449.097886373197,3438.2174843907264,3433.2091235000667,3465.3537029568815,3408.2856652167256,3406.3094691089777,3471.072583067165,3452.0498980399243,3424.3907075363486
photo_hand,1571.2234939501516,2614.1480053357072,2955.3351926616574,2877.801923629666,3468.677083326568,2193.739638370143,0.0,2202.5333221151673,3188.741507312726,3096.5316641795216,3233.6396463966007,3220.5468013657514,3316.9008158250476,2470.58150078484,1912.5774249955477,2515.606252759539,1811.7810421962529,3173.58138733412,3247.082075072178,2962.8897422110344,3038.1478095932366,2684.1552480668006,2943.3461631936184,2463.9227414284564,2772.4083357588747,2995.273158804916,3226.4040725636023,3189.6786041233477,2658.337415425866,1864.403640148376,2450.9781292092603,2396.8174260368232,3140.9908726391714,3635.315427935559,2753.428534614792,2986.2032219967955,2254.8319461238684,2230.5045456828557,2475.6948557642995,2123.984344589153,2228.805088489898,3156.4081204994154,3042.4717438228304,3113.479822007992,3128.130249978499,2895.6265086477147,3163.867864200276,2239.4230395778736,3006.262809247106,2464.02116624842,3103.0558821874984,2745.5668942334173,2467.641115374936,2294.1093694813785,2599.799071745501,2422.193880343568,2854.3565238252445,2460.5609534713885,3093.6719390160374,3097.653027795726,3178.256276197935,2635.983471764514,2334.4001596114736,2446.244491594795,2569.084214661229,3129.8986356617843,3396.0446624986425,3146.5954860757925,2501.5755531127343,2037.2962327324158,2922.6738996195063,2467.5653387959587,3162.410468570876,3190.666502092257,3207.84691980056,3094.254305412897,3219.3031349618354,3226.0572034253523,3182.1304688093296,3216.164556401645,3180.893988031383,3235.9012595296417,3165.3085257956254,3196.8857621843194,3157.4611565718515,3165.0134219466922,3215.8847493352914,3179.8023829289386,3172.369938534062,3188.0538849801933,3195.1698892704085,3196.472312831692,3160.356079568334,3210.5353209860937,3183.260665487599,3176.903982491076
photo_legs,1737.0138838931227,2626.4627039777492,2190.6028477282644,2740.501319259997,2433.5931094733564,2390.813243931234,2202.5333221151673,0.0,2409.8231328604625,2349.729549957717,2585.6751860074774,2551.869578989878,2434.7929222365055,1755.5462846926473,1789.6372074490428,1372.057492191271,1584.0422488855356,2441.8634548186283,2463.6585349441643,2141.400512188018,2204.7539459219747,2716.7536170392846,1942.5984919791879,2109.7873020924167,1512.7839940067313,2702.749015540146,2488.5494779039936,2547.4955383831993,1792.0295924720779,2149.5500103183444,1962.7727638679244,2078.9545249846465,2150.6915722076365,3063.659118292513,2557.444176924802,2147.642345516873,1494.1928340333125,1029.6355054054052,1840.2429717006887,907.1701219657702,684.4971448462359,2394.293098312163,2222.274856037483,2348.69255040905,2469.4273342128135,1984.6434597996463,2437.906512784147,1929.665968543324,2790.155298281591,1775.6591320273096,2347.1852663075656,1976.9599064220126,1829.2444674883077,687.0128005810379,1660.7841000073365,789.1460747741528,1746.2567360791832,1549.5825238781936,2693.15367491776,2311.8567382106244,2030.0369104029355,1476.3088603931617,735.4196355507012,1185.6486090890135,2057.276461148163,2382.9281088826956,2682.8027768533066,2391.3190889185394,1895.1923618843628,2049.448561927972,1864.4708807899758,1703.8327162589349,2487.597087559394,2531.569786541597,2504.296581391444,2329.151890973606,2497.0864737322263,2518.3609381211163,2518.613475564256,2500.81536715798,2450.99111147227,2534.684533170196,2438.3021885688104,2486.9160547243932,2431.9224707688622,2460.3141420172487,2529.672852300978,2447.553629219413,2453.7316796055416,2500.438009640087,2474.021932210472,2537.1371696054607,2468.25647295894,2495.1976987709922,2434.311002084555,2492.6706474232356
photo_bird,3084.860591327248,3528.49999203501,1653.434743464814,2956.995920039962,2691.9036211141856,3507.4458653802453,3188.741507312726,2409.8231328604625,0.0,689.82174104791,2779.0504682047795,1356.527324425638,3136.5335037162563,3104.695897423021,3063.7923679108667,2787.0112624779276,3001.9561248455184,756.737426599101,538.5777327711752,1416.6607013045136,1472.4986168385153,3224.6316310827897,1952.9931016753635,3168.8721823699443,1978.0501098619573,3544.418839346703,1069.3188364697241,1975.4034426035066,3076.2234143267738,2730.4218636526366,3233.3956810996747,3279.7665640421055,967.3595462676325,3182.81299740115,3490.997000680238,1794.4531570062309,2072.7096942572434,2403.097606904212,2636.751525294264,2516.365414167297,2623.0060366248863,798.3383746319236,733.061143571165,572.3883802207998,972.9890694580048,1510.3359308210818,1129.846494492682,3216.83222930461,3315.4864597580017,2898.5825562400514,524.6895492928517,3126.8850736102654,2662.572132890633,2520.5936476949623,3099.9267129413365,2573.0294886955844,2914.1957075255696,2391.550232667067,3187.3216236793423,558.2039164257883,3146.111249953913,2734.6936706631673,2456.8738047298184,2705.6381568857164,3018.5626723741916,517.3899590637493,1549.9835568601002,592.958890317481,3120.0745074840206,3037.468681137302,1895.5336818915357,3101.8486522965777,1390.937155377214,1433.2462240925981,1254.4609319423064,503.1458419827625,1379.5043837892408,1373.784972167654,1347.3991357507823,1334.9585676456902,1330.1950705984752,1316.8428774519086,1247.310534327593,1355.7434680925066,1342.750595754991,1403.300004880956,1436.9724757206982,1286.7531813184146,1158.567848319629,1240.4173641460648,1346.0043934301357,1417.4298974688966,1432.2993365359232,1211.6467126209984,1267.0656895084028,1393.807508265646
photo_butterfly,2990.1604482147604,3410.152860088485,1375.1441767452002,2885.6338933839165,2694.870607566583,3435.121936477402,3096.5316641795216,2349.729549957717,689.82174104791,0.0,2677.5859613715106,1482.392527064316,2973.45559761309,3003.733865799296,3003.927239171052,2725.038441015481,2935.8797894682793,887.8486622211418,676.0089294690805,1324.092606181877,1352.3328979864846,3119.32368102909,1882.2307241453866,3042.454453428737,2041.2019318130194,3435.541988348844,1162.579142911908,1793.2170825261258,2962.934874055635,2680.17795587194,3143.9477013376804,3186.2341043620845,1069.3563080816632,2947.123569657561,3475.6444516372517,1718.0719979766977,2110.8833672617743,2285.137369214644,2640.509072456068,2433.7712057840727,2523.3424919405425,921.9430867763614,750.3881050711637,679.6188588480445,1033.2065547469078,1370.8832548489816,1241.3883480729846,3105.054987030544,3174.1564888737885,2914.528679619637,681.8139100336392,3124.8761030014307,2566.7748665911204,2465.7455101988294,2981.852290331445,2567.0550538908783,2914.4200008736893,2243.651197262193,3240.922091475304,712.0735110337557,3128.893124598335,2735.2327161325247,2452.622223447631,2709.45393043652,3038.7886542681454,698.9123156827375,1587.3707212546947,698.7662118125846,3091.7034787878993,2912.0582392794204,1860.506241319102,2996.4120065681345,1514.2762843722155,1524.9390660313861,1359.6873605341202,674.0897172457128,1487.6426841801065,1479.9514478905944,1446.9854283280301,1437.4802070708624,1443.584571301891,1398.3825825774948,1355.0876949718888,1464.9856419204436,1457.2611992755863,1543.1357647773089,1551.6440736788575,1400.4876515584615,1268.70739458644,1349.6921267685907,1449.400392442008,1521.8576697312906,1560.7216103326325,1315.732537099254,1370.969224082117,1506.023414519226
photo_girafe,3305.0406245433173,3472.7166402370485,2574.9401285300296,2959.6732686974105,3211.87935683466,2528.15199261486,3233.6396463966007,2585.6751860074774,2779.0504682047795,2677.5859613715106,0.0,2998.620242370607,2989.137329629732,3276.634906603966,2758.75426155893,2875.6926963854116,3148.861461661171,2759.0722356308247,2792.175887929879,2512.9967735632194,2532.176930523876,3685.8495043834837,2515.6492863398566,2942.639744172797,2771.0161048610457,3376.76641064796,2855.309306107185,2211.072575040345,2852.5604650010964,2637.19485492428,2734.704754066632,2857.836274965706,2567.5195549621817,2825.031174315083,2671.3704448579606,2533.831654763138,2975.2930961111797,2599.2144419493543,3037.3400508808263,2480.831484957382,2696.0175699875876,2757.643860029329,2607.43979915177,2717.854579912248,2799.6145754427835,2373.9514927175337,2852.3195056559616,2516.1838702332034,3138.945071320571,3045.876484760025,2711.997120749981,1853.2153106333521,2958.6502767174966,2404.67171834209,3169.5882115916484,2609.338361985938,2969.6202672337063,2642.5806654103885,2872.4175780171836,2720.9876593233334,3233.322445683573,2820.184971580987,2606.8005683780952,2418.7243146223873,3154.383539407533,2730.357224640362,2994.6641093585877,2721.6275715822026,2968.1904671549523,3249.08812892766,2574.9572228393317,2570.229231065488,2921.7396522369845,2923.789727080714,2860.3520101295385,2691.0132661216494,2922.5027180549373,2926.2938742947795,2890.1950287402515,2894.1971067049876,2903.9233660773243,2882.6577210110636,2859.1640425753208,2913.1354321085914,2902.656612661615,2960.7212861398502,2946.7184102200367,2894.0385893624825,2840.7640338396063,2871.3337658296427,2906.7253606717877,2902.862293669962,2959.426982566505,2863.5816136537183,2860.3200263011117,2924.4448308328283
photo_fish,3121.3151109078367,3586.006709806083,2075.885470628608,3127.8370222208123,2214.1467346082454,3520.6707945375842,3220.5468013657514,2551.869578989878,1356.527324425638,1482.392527064316,2998.620242370607,0.0,2727.7699648210787,3189.335314736166,3096.7586357293417,2313.1692525465232,3036.317217918609,1467.5407809843578,1412.4474828111586,1840.5714166877303,1908.8312708291057,3278.256627802338,1460.1335520571392,3241.6466568231417,2191.5327997913146,3620.2732710709397,625.1465726813486,2292.729296104291,3179.270302240365,2772.092902547675,3310.2480315048824,3351.0827878482264,1584.3685260481714,3357.9232841146745,3001.8336300117953,1338.0353944004878,2269.8024054414927,2538.4514115513684,2723.7637901669846,2419.1712710354964,2756.4582860070223,1471.8658186116563,1431.4871640447586,1390.4039710850795,1570.0210676276952,1914.3053630266263,601.7748078994558,3302.9630788729773,3396.4383612591,2369.6057854435417,1346.7886843112994,3211.219770409554,2799.1907754121594,2653.5788846369737,3198.113400113693,2694.783404214366,2520.85847559262,2547.1562325296454,2666.24325633905,1357.8031086575306,2721.1462681139715,2220.88508698147,2586.6137716269723,2808.632263656995,2427.6116900234015,1357.6941640894445,1979.0997377664617,1395.479419002977,3219.447570898013,3138.2132557839054,2195.793775826815,3196.859919977741,525.517857307685,492.11510250039527,515.9758014326268,1342.3763687532057,516.2694822140252,501.9673681594713,489.91813193633317,506.86100285486475,519.0767121738038,517.3145254989886,516.2221733981874,510.05002295315387,524.9314549786062,563.1517671718387,519.4928527505522,509.39645565218717,548.1275043586128,509.31576835892145,507.7132563295506,526.2669636313982,541.4167560942939,518.6799425293906,553.1454922270198,498.2923808098188
photo_cherry,2939.9758046986203,2884.9370535923345,2762.2380019708835,2947.8389789456523,1992.0341098385666,3231.807004723979,3316.9008158250476,2434.7929222365055,3136.5335037162563,2973.45559761309,2989.137329629732,2727.7699648210787,0.0,2129.917156388667,2955.3872272637495,1937.1239637839171,2856.0449889594083,3099.3418573557688,3079.2112969951045,2862.30504479564,2887.6653623054444,3143.526774174535,2026.452894673986,3185.6792624407544,2716.5041655449486,2946.520529712629,2730.687145088801,3031.7530342805376,2201.0388997644372,3355.992662394204,2905.863592712964,2413.374561468908,2856.737905777909,2868.395208120448,2760.73404402742,2329.4311476048574,2893.64465968572,2645.8877352557406,3146.1001862384423,2320.668414406627,2430.414464467208,3101.1913486282497,2922.786705893903,3039.469827371562,3102.6043982343185,2712.012664151765,2728.775002916551,2822.279477857347,3122.9636551843655,2304.055179780183,3044.144689320919,2930.1989959831285,2399.654042319077,2427.6993839480574,2048.7901968312904,2394.1376220438874,2271.5778411376673,2930.9383172314515,2826.0834234754216,3058.8300013686276,1469.3496447159664,2010.1319002324915,2510.312659362552,2639.4819727537697,2437.885785521697,3075.0853411301828,3204.4143429789724,3005.7225495275966,2293.663335331974,2554.119127216184,2642.655227172747,2728.1301292672283,2701.3193001150253,2643.9894713745825,2691.1307125034473,3070.7656743299144,2689.4469314445028,2697.279378844853,2672.254873624314,2686.429107070082,2694.4549055346747,2666.8130306217536,2685.385905350673,2693.806324895909,2695.3228527085234,2751.5366257149,2698.0592480829923,2706.0908660398936,2722.315693800588,2704.3617421232498,2688.9940053456367,2670.250808771901,2711.153978654448,2703.0972738833093,2687.7791585888694,2680.7831069793087
photo_tree,1897.0287011400471,2144.667442044919,2848.134054065417,2570.368673257868,2264.315061980908,2728.1230318830085,2470.58150078484,1755.5462846926473,3104.695897423021,3003.733865799296,3276.634906603966,3189.335314736166,2129.917156388667,0.0,2219.281918444733,2099.7012376099287,1943.2913511704685,3095.036930594747,3091.05663473899,2907.7015148855976,2969.5297848800665,2262.9645806988224,2685.139442915895,2827.8073749624705,2163.5821420667535,2410.1056212708127,3132.4670444637172,3246.820579025886,1271.837970841079,2783.239685708724,2277.699077937597,1424.149079759305,2771.591186268726,3113.641517703892,3013.201187075181,2920.5751899754964,2238.3022915696592,1932.4470601643407,2654.605123013659,1896.346096879433,1669.9522577747568,3070.493866835814,2922.2708945688405,3026.5422238514006,3095.784131399871,2777.3721941510794,3101.49175288505,2238.781858890424,2575.80560349563,2383.491939644527,3020.6814632048786,2641.036422313874,1681.9222254260276,1756.0534961910173,919.9451779765571,1724.162265803289,2395.1407425672955,2450.2351339437037,3131.661428727788,3009.8511645252433,1775.535828141903,2230.496812792192,1860.7466127313814,2019.2422390625225,2574.0836655970993,3057.2336388751987,3184.8192342826587,3011.3290369867586,1309.8771419930492,1503.0861731805908,2518.344696467124,2149.868383138732,3124.508835356158,3161.555744169903,3151.199451456329,3044.5372327554965,3151.478505356642,3171.9902997295726,3158.6518338193187,3158.9979449876714,3115.7454628035835,3186.7497780060303,3103.9522955164107,3141.38369460157,3102.290940154481,3118.7225087723264,3168.9071435543965,3120.855413134086,3124.4670242606503,3145.9106332727056,3142.6675270205883,3162.797792677761,3111.892737598059,3151.3615509225897,3110.4142919368064,3136.344347184578
photo_flower,1340.2938971591543,3021.381557480127,2896.5536291831404,3365.759886349871,3062.552881327295,1445.062581791193,1912.5774249955477,1789.6372074490428,3063.7923679108667,3003.927239171052,2758.75426155893,3096.7586357293417,2955.3872272637495,2219.281918444733,0.0,2087.3305815574854,1160.2461619098056,3046.7524949956555,3130.994148523677,2833.055768274956,2912.111910692618,2964.416334469897,2716.103001428242,2460.81013354759,2280.4770496090773,3275.5161775434217,3110.295233276948,3107.501840834609,2077.9842938247916,1617.7397854228977,2271.8346843551108,1900.9114702478762,2736.466666969498,3599.204997898634,1960.0491025556728,2862.4417367709125,2401.5921696730506,1780.6331093011217,2324.6790715649004,1407.9621162987814,1711.3713215703924,3032.098725367023,2918.420203884015,2989.0800248509795,2998.1384779787736,2770.762494609571,3035.6299833707085,2236.6445838189147,3305.837112435142,1870.4693375441145,2979.271365854836,1968.0627262976477,2431.714500316503,1548.1810232267526,2249.4547409710403,1772.6115404776926,2379.643331523338,2414.139645176889,2304.656434169128,2974.8818296059976,2728.3379161765088,2134.7121775512405,1748.5919288484222,1352.5330255900965,1970.3711162223374,3004.3891894684702,3280.8003458012336,3025.2975868396293,2457.3452156665962,2615.2921945928165,2541.6536567615212,2206.672826517746,3034.3016263473687,3065.3784421272067,3083.4913177555054,2968.8502160698795,3098.384317126546,3104.7232036023843,3056.3098759580116,3095.2919196065363,3058.0297810112193,3117.00702361986,3040.347852257709,3074.367784204501,3033.7383990937933,3037.7953554288933,3092.2907868794396,3057.7128189136442,3047.799456301444,3062.7067858229802,3073.7363791892226,3068.92835219951,3033.1286800845164,3088.3559767911893,3062.689966119251,3049.3752080100526
photo_carrot,2051.47701729797,2891.149282407409,2589.392326319853,3097.151407593959,2079.980102295994,2573.219928473058,2515.606252759539,1372.057492191271,2787.0112624779276,2725.038441015481,2875.6926963854116,2313.1692525465232,1937.1239637839171,2099.7012376099287,2087.3305815574854,0.0,1908.1419285789402,2805.9960181752167,2838.5827003605814,2565.958937596187,2623.5395472212913,3006.695038864109,1642.6144153127907,2414.970224531405,1997.2727162246426,2976.9551036011644,2414.819302978873,2848.7375376845403,2167.542359821489,2500.0959592870954,2224.7587325401983,2386.1645968165617,2517.285866894088,3304.2580345536016,2079.4382241447283,1976.0643177017475,2064.6547975440535,1606.39298398411,2294.3077300230766,1086.3248078069867,1390.5754964320197,2767.241798603022,2631.3073757789207,2736.3692663102443,2828.879485356079,2445.1414146034545,2341.340163490277,2210.063304479422,3043.9787743299307,1236.7248612874648,2726.3130629331813,2300.8069698413146,2279.894897954142,1423.9172960452,2035.3001044904295,1495.5636613081033,1362.1663590904473,2041.0830501858297,2241.2905010791133,2703.4884260227045,1600.278993384139,775.274833891862,1475.515273974997,1698.1841086736742,1467.2417465305089,2757.4784593413187,3025.2702844223977,2770.6738358284965,2275.785906199316,2442.3788603872645,2284.631443339989,2017.9686275891502,2251.9968438712162,2256.9469827906664,2324.0201632134126,2712.765993640194,2259.9246650514533,2279.363659192146,2288.5813203476832,2281.829718594268,2243.587238916284,2319.111982693788,2268.4981381082184,2263.148027405532,2222.499590482399,2233.313004546236,2263.0930308066936,2258.8371606946635,2329.577197785893,2327.6851663748357,2252.4471246483477,2279.9435116781856,2217.8979632872706,2335.1898335751816,2262.580027830039,2245.1618258086423
photo_watch,705.9993304540421,2877.09546641604,2816.1064156253387,3335.0687436875314,2974.978977992745,1914.1045113135383,1811.7810421962529,1584.0422488855356,3001.9561248455184,2935.8797894682793,3148.861461661171,3036.317217918609,2856.0449889594083,1943.2913511704685,1160.2461619098056,1908.1419285789402,0.0,2984.4791129216464,3067.597340405176,2752.5493312014087,2834.9749111550873,2801.448544640006,2612.5572995938915,2407.265130509726,2112.6585585989897,3174.499724933803,3046.5082780661824,3086.541489267313,2319.760965756147,2022.1440542019895,2013.3984777089959,2243.8488623837998,2613.7233546963325,3602.687852824649,2281.0180737574015,2786.414946831782,2199.3094159989028,1560.4104347986283,2216.9406877980423,1478.1066841026816,1438.0529138703835,2967.281075554998,2846.161004976153,2918.3870587965225,2931.572920430119,2684.959193758412,2969.3519162506955,2121.6200133236835,3207.04426899424,1648.2350203081003,2911.7289354891022,2384.9177665498087,2580.3751249368765,1497.138935483564,2118.8624615409362,1561.8717616515057,2216.102651146697,2329.5951916869976,2508.182789456999,2905.7461726221436,2600.267451630963,1951.6529098262126,1509.2890905383792,1587.1004092424507,1752.9178348357661,2938.1355593101375,3228.185428903774,2959.5042426524055,2364.064087190424,2524.6529650207976,2406.977321444548,1976.3571844691187,2977.6531539745024,3005.3686845961224,3026.3354681933242,2901.488901743793,3039.601601587091,3045.645552704126,2997.3612422879846,3036.3529726882775,2997.327189214096,3056.2921808992646,2978.8319005422063,3014.724363090331,2971.4932554891834,2978.5749436760216,3035.2867066818876,2995.7205868026917,2986.4260666969135,3003.9353512446623,3012.2104355132797,3014.4273975716455,2973.90617151524,3028.3130545231634,3001.5808169587217,2990.0842601604395
photo_key,3069.818176558397,3499.748877564138,1687.4949066399067,2947.8140780944864,2712.674889442476,3474.398925839223,3173.58138733412,2441.8634548186283,756.737426599101,887.8486622211418,2759.0722356308247,1467.5407809843578,3099.3418573557688,3095.036930594747,3046.7524949956555,2805.9960181752167,2984.4791129216464,0.0,784.9641059420628,1449.4001528347721,1514.309986006848,3197.16075717119,1974.2917954937316,3162.776762238637,2042.7187935612662,3522.4852245493903,1188.28151980596,1980.0566920765373,3075.014014962022,2710.5637052806383,3225.937894231471,3262.669081704496,1123.2933499094731,3132.0939321204064,3453.605527550169,1806.681564636931,2128.964021676368,2426.212477399133,2309.083126444697,2531.8302957145465,2649.0026240164802,399.4225707393413,869.8958639565795,782.0811213260821,536.621702195207,1524.8282353597388,1246.2303294103228,3211.6144207723232,3293.026172232376,2882.2530716171777,732.0970072480596,3119.5073085197732,2672.922178747097,2540.6098711256213,3093.694235056078,2588.04508553727,2690.132233809228,2418.9867285479695,3165.381830580942,780.4525887101413,3137.3262353096607,2744.587271075056,2474.3698157767826,2714.3532948033358,2991.443056203881,704.9875635064963,1619.7343308445227,781.8223036169792,3113.3806137698434,3031.2703346654434,1618.1999876732127,3101.2987986365956,1479.3876859989434,1509.2261137648686,1352.3662706074392,730.4913618960292,1473.2124983953452,1466.0816698456385,1432.4563579237467,1429.6006731216828,1427.9219386609896,1406.2879979506758,1349.154975422718,1446.882305016431,1437.322469645352,1503.1462756352557,1525.8421219492561,1389.07641168701,1267.3450277175,1339.2682246693432,1439.9848414538321,1496.2583478247275,1523.9417258539856,1315.3605491436126,1369.003793173401,1482.695368793293
photo_truck,3145.791753479387,3519.23530327919,1612.5700579621341,2909.2674347428415,2670.7227500914705,3572.9884970537373,3247.082075072178,2463.6585349441643,538.5777327711752,676.0089294690805,2792.175887929879,1412.4474828111586,3079.2112969951045,3091.05663473899,3130.994148523677,2838.5827003605814,3067.597340405176,784.9641059420628,0.0,1395.9480175499527,1448.4210882576356,3207.905379144304,1952.8659625617695,3228.901038283169,2021.5556761767255,3529.978165678305,1083.2325258461804,1978.2508898686644,3055.541882237857,2794.10256575623,3289.5842149318537,3265.293690924563,1020.3788425826461,3124.6311018918077,3553.6497571578025,1790.6750828323475,2114.6020530256296,2462.8338969570623,2687.779794558732,2573.4231450623715,2673.3450519539515,816.3793442036484,646.6419020203324,566.7350034357376,978.0093710042706,1469.4353881205311,1165.5889179746182,3263.4345465854276,3308.6965673146146,2955.5657226860653,549.2482993097849,3178.3258097798553,2631.361478322835,2571.1399107978914,3078.0157916081193,2614.81485855069,2955.365038309218,2439.608371239769,3252.799096176738,577.6914316569625,3124.601190342766,2783.152492432697,2510.095565588806,2758.703927638805,3077.5503883421593,548.7966836045691,1513.168711935134,547.4360018196138,3100.705100552703,3012.8346845145625,1898.3811446620214,3154.573292207013,1443.1521408296503,1471.5528139639816,1293.9762120978878,560.9701244370261,1420.4026250922511,1414.8058109342571,1388.8741237356865,1374.316018990577,1375.2137557121548,1345.5571661716717,1290.5956431561242,1398.1698948070946,1390.8671055173927,1464.794304758516,1484.538497922296,1332.4376127144558,1201.328702737412,1281.115405825504,1387.7460292236306,1460.5063118650653,1488.5584466301327,1248.883053246374,1306.807231499609,1442.8528745028798
photo_velo,2838.4623034548804,3406.3719720577424,934.0755985858787,2697.9118664637567,2517.186730278787,3361.729943982405,2962.8897422110344,2141.400512188018,1416.6607013045136,1324.092606181877,2512.9967735632194,1840.5714166877303,2862.30504479564,2907.7015148855976,2833.055768274956,2565.958937596187,2752.5493312014087,1449.4001528347721,1395.9480175499527,0.0,634.2981372687628,3014.3664544189132,1491.922322423565,3019.343555486359,1684.8578469925183,3438.0800186457495,1597.0961757046289,1616.3817329488797,2881.107443070137,2449.2480279840966,3093.822375134085,3092.1468694326954,1511.6019777291265,2950.468637665115,3342.715523342832,1257.2734555053948,1757.4895021748573,2115.9693047687547,2366.4945571112157,2251.7266377211113,2375.0540806754902,1387.6673786803822,974.3404064448663,1337.470364922645,1522.653461031456,679.1687573706874,1650.3512249783007,3078.0777535493953,3197.1061763997445,2650.218141044567,1290.4068375954962,2987.6134389262547,2443.534623839564,2269.4197518585784,2905.2974444423057,2321.6538974296686,2696.576680957464,2133.0242447436676,3363.8056628052627,1282.877757987489,2958.3220674304944,2497.004351842098,2180.819380590036,2458.9671222956977,2779.8531052761605,1330.2732732068719,1892.1656363698617,1260.475678602886,2933.0923597002,2832.949378271403,1436.0116382053416,2957.467752616338,1860.4084403921665,1824.3755137106132,1732.4307924137925,1252.4340552986018,1791.2535861431552,1790.4707927633985,1799.7558428371292,1758.6739616005361,1746.7203850432988,1720.8126834936081,1679.1793351567576,1768.5564003183556,1745.8869895627324,1881.0965347476106,1875.2573997681418,1727.86957973346,1620.3038660242973,1740.9299482406386,1737.1393190791255,1869.854115945692,1870.5815865432535,1696.5270307532867,1680.3259666135737,1817.0501135236343
photo_road,2916.6754972854346,3473.3207792536123,856.6082001479841,2712.311819062268,2589.168829811564,3445.8707923197285,3038.1478095932366,2204.7539459219747,1472.4986168385153,1352.3328979864846,2532.176930523876,1908.8312708291057,2887.6653623054444,2969.5297848800665,2912.111910692618,2623.5395472212913,2834.9749111550873,1514.309986006848,1448.4210882576356,634.2981372687628,0.0,3077.4552989098224,1522.706792554249,3087.344025762268,1787.1629065181903,3504.4392859069835,1665.7587599306214,1676.4199751235262,2940.0220179007833,2537.1645069731167,3166.8901941437002,3157.641680902562,1579.2184818087858,2977.899383031787,3430.491789907068,1322.6306583216663,1857.6672379688882,2187.4295035515665,2440.4618246202967,2324.4229424438645,2438.7753722370676,1466.6334843681054,1071.40909076271,1433.5470872015674,1582.0760410226706,731.1132912904708,1730.0940991924042,3147.555363317191,3270.55470118221,2734.151964808363,1372.0771724472345,3058.4292874405587,2512.656595882241,2340.0397862504756,2966.9936999728816,2390.071607280396,2760.2934841637307,2195.356778538815,3454.275075231444,1367.4394715816925,3021.5135669759493,2563.5502832324523,2248.8044778176463,2530.8952659214356,2864.8115120436078,1412.7209983895177,1952.4428284979608,1367.7085302168616,2989.86226447476,2892.8769413512096,1507.501727948005,3029.3477887640247,1943.2665713976369,1900.1330789716424,1808.1043858340095,1329.8114531103593,1866.0989540692194,1863.635042001447,1875.4744685372727,1833.0298066692749,1825.7228634887585,1786.8088742595955,1758.8268229825185,1844.5248743080908,1825.8335801450824,1967.2528142814556,1954.0266309851331,1805.3498145821275,1695.4847027157168,1817.145001924967,1811.9071980021822,1949.449152070693,1955.2166852713747,1766.8618032090283,1754.242374422104,1896.0523977163675
