,photo_face,photo_profil,photo_eyes,photo_face2,photo_walking,photo_standing,photo_hand,photo_legs,photo_bird,photo_butterfly,photo_girafe,photo_fish,photo_cherry,photo_tree,photo_flower,photo_carrot,photo_watch,photo_key,photo_truck,photo_velo,photo_road,photo_house,photo_mountain,photo_windmill,drawing_face,drawing_profil,drawing_eyes,drawing_face2,drawing_walking,drawing_standing,drawing_hand,drawing_legs,drawing_bird,drawing_butterfly,drawing_girafe,drawing_fish,drawing_cherry,drawing_tree,drawing_flower,drawing_carrot,drawing_watch,drawing_key,drawing_truck,drawing_velo,drawing_road,drawing_house,drawing_mountain,drawing_windmill,geo_face,geo_profil,geo_eyes,geo_face2,geo_walking,geo_standing,geo_hand,geo_legs,geo_bird,geo_butterfly,geo_girafe,geo_fish,geo_cherry,geo_tree,geo_flower,geo_carrot,geo_watch,geo_key,geo_truck,geo_velo,geo_road,geo_house,geo_mountain,geo_windmill,word_face,word_profil,word_eyes,word_face2,word_walking,word_standing,word_hand,word_legs,word_bird,word_butterfly,word_girafe,word_fish,word_cherry,word_tree,word_flower,word_carrot,word_watch,word_key,word_truck,word_velo,word_road,word_house,word_mountain,word_windmill
photo_face,0.0,212.82747342505863,245.92431449704463,224.74915432942126,205.9653135935495,203.7913817869035,196.75758059734295,192.91399257657463,225.26847055542268,245.87641129538906,241.72980626955865,224.7210454323996,223.4176472404213,206.44554790150622,203.0930150558112,200.77713670321094,207.36366661711446,224.00430080879804,241.92748217665144,223.8291570551904,256.0855780261915,234.79687138329345,226.0072473952454,239.49203572454329,204.05766128140252,224.46575776419033,231.56882583351046,227.74524387091955,208.56581868360095,206.888201059345,216.37080624610365,211.7463924496974,216.62417765500953,239.84982238281833,208.2049635421996,226.75016009303383,225.60921003634155,194.805216275969,206.70475764301128,198.8509594394871,195.9732238606658,227.9993392513834,230.1370307764775,227.59023974745293,217.64407376728548,238.70778031389645,216.4767425456871,220.94590819152742,231.90545950581654,202.17844176448617,231.85785297839354,211.80090841242406,209.34664742669574,208.1600836780104,216.67506408170885,201.28386081074822,206.74885715839193,235.7651377552464,216.04858168478046,230.1637874115335,225.02743723388414,207.04198400032493,206.4970309766961,201.10313994883228,205.45079826527342,226.43336693029258,235.64358396414875,228.56006781566305,208.4250127601952,215.92433355171582,215.44530726423764,223.99347326381056,208.5803850819472,209.95459555352778,208.43347818871345,223.75844764785484,230.8128423743179,229.88872094542953,209.7013149136962,229.25713314415626,227.3936027134547,230.42918744523595,220.27558244539972,231.1922696665662,230.96743545125705,214.8063458005238,212.2818746936464,227.99800730384325,223.3302793209478,204.97089302372822,229.9482120575358,209.04395308682658,213.45498650797626,224.11966101474738,239.76603487696633,216.3962834837186
photo_profil,212.82747342505863,0.0,249.8035997448164,233.8735439931125,227.42312259322583,231.86270496275858,224.73960680290634,227.04286873860792,240.64943250193966,248.0097612877641,256.4428553959492,244.65181423463295,238.186464275047,231.30986580301246,235.031366824678,233.6043515303444,241.3119278142222,240.67720506461717,253.27971595737733,242.52022911882423,262.30938139308995,232.9488230807313,239.84093385983388,243.9515612092197,235.08439845320333,219.08423051653057,244.20986073201763,239.29177552278145,231.2643417917915,232.27332568679512,238.64434131265375,224.0346613237745,238.89852518665617,244.76374345938106,228.69116475566264,243.64218190099004,236.05457658938482,230.53360302570513,227.1766455314246,231.9309600593538,230.82342192719975,243.90992681054175,245.38758688990188,241.97904912565897,237.0517173863275,245.30899915340626,237.43036676879117,234.35653043345226,241.03590822485373,233.74584080609884,245.51747497321884,234.06612411313887,235.86423985042208,234.7822457889046,236.38731574027372,233.3230919015067,236.79302803258602,242.441630951459,233.5385688599846,246.23201823459434,237.26774663838628,233.40002147783548,237.70774646746779,232.14037231355798,235.91978144304247,244.07655351162543,250.6938340118667,247.03089727078694,228.6037257243592,228.82333303545684,236.5931121470296,239.5382872175113,235.24244661595105,236.9347116999003,233.76347890851383,243.34653005467547,247.8426327279916,247.31440148778518,235.5460688940995,246.33382313001914,243.71236442586678,250.6247125672656,238.5412635109273,248.9312831443326,247.87306456155082,237.09728042504943,234.1749419520842,246.29766503279816,244.09791465934651,237.4731181693139,247.1657355182011,236.02336959226128,236.26723845276754,245.08021561616525,259.60051476577866,238.30037015266515
photo_eyes,245.92431449704463,249.8035997448164,0.0,236.7639674304762,247.59912081309827,250.80473823178164,246.3848284797122,250.78877691185454,229.6708293216703,239.86161802265894,254.80162728689155,231.41396921470545,253.73785055038107,257.82748374604347,253.74939461038713,246.567449957124,260.96691087020423,229.956045335046,236.5962232235659,234.1524810190456,212.93508726372968,262.51696517644865,236.01447608446378,262.42129018415466,247.33699888004088,253.32077963006975,227.62458259193426,238.50999085284457,254.1548096822517,251.06322527417834,258.9317982333171,257.98691891217015,233.08830006600746,241.95855458645386,253.80483524532525,237.3976561638465,235.59181941621642,246.0514019308874,249.4526168685164,251.1859993830485,246.8861946553427,232.16652187005297,236.64818285362787,232.79588916885234,231.56246441518903,227.14835649326312,236.3234915009522,254.22714630653618,254.44898585246028,249.7793901674835,226.1145306821219,256.57735399704114,253.91850814499756,253.03863689908542,258.28995601028976,251.83531462455963,251.03999402873404,244.5822128387512,250.5440523404742,237.43892177529608,262.59078012861585,248.24972817051128,253.9403280849666,247.59929158349215,250.75265029163418,232.44449850612378,239.39840340128862,235.28254445815452,254.38511003993253,256.77071779783915,238.2537860478641,262.06952613976097,233.73396316605448,233.01629750639532,234.36189672736705,233.26286282253173,232.96997085738556,232.23360276791092,235.24957807503378,232.80993115706093,232.6068294217018,234.03849518599708,229.37342319396606,234.24185739682605,232.44486089729793,232.94618636358177,232.8764263394022,231.8329511459195,232.71645599687213,234.736575372037,231.37188323779682,235.0875270282513,231.8501906696741,233.19087654039083,244.27350930792505,234.6997821624395
photo_face2,224.74915432942126,233.8735439931125,236.7639674304762,0.0,231.13759115747993,236.3366723769605,221.23078012339195,232.44493268853725,224.3681935073635,241.23790897468768,247.93330112601524,237.05488060375993,241.18510762632468,239.19698713315265,239.33689450688627,235.30004933241605,244.53119660059042,236.29045687833596,247.85142906176887,237.60488524844178,244.3357260146143,242.48729656233493,240.2517213577688,254.9379630066044,231.66968617202974,241.85367868405842,242.90061699903885,216.95973960187766,239.03380657646397,235.25551980196136,245.2625268877776,241.1041654803801,234.01775373370137,241.41214017300138,238.44357218524144,244.29793370664896,238.273782918566,230.77543035199406,233.4392138338443,239.84901049701568,235.3288783628592,242.8395527744978,242.6080494988965,239.34845111374187,232.0850766292381,241.87412013718534,236.27952159376622,242.59744766593064,246.54458955262012,237.67195664048145,247.16959913547336,240.5730070808953,237.22355091394942,240.30738198123964,241.5495487621147,240.56556909897364,240.73236252631406,238.1011739178577,240.1520311432789,241.61945085894087,249.7249313012464,238.10601352841934,240.72098530732356,237.43213587270844,239.65914954264917,242.05411048179883,243.124837733303,242.5996186756316,238.51705431813596,240.97345028982554,233.82825303049603,250.98607482903617,234.65346941074478,234.16923702423287,233.74838847198177,239.01443167491047,247.23753021800883,245.76146625138867,233.98833658422754,247.44982987977684,244.03967484653933,245.94554438645514,240.10978845947238,247.14742093048096,246.85546490467325,238.0583961543548,233.37415706897514,244.80000282322115,242.53943030239907,232.84194451517214,245.90864545666014,234.540381171237,237.08226698649463,241.8905139514614,254.7921680654945,238.1343424370636
photo_walking,205.9653135935495,227.42312259322583,247.59912081309827,231.13759115747993,0.0,180.64112729286214,192.9131098939027,174.91481678105404,203.4401840836729,231.1252180181976,231.0750608885888,206.1058862151496,195.37858658508128,198.97127491546092,181.90574287483625,175.69941789756072,194.01666175059037,201.46749375798308,224.8245579018265,203.4429116921465,242.53883392069713,239.78447106280922,198.56323537285843,234.46414651779835,190.51303340557178,213.29189006172393,205.6232184085526,210.1519348306927,170.7372499709305,191.88928457785312,199.15313604345826,193.24041650643082,198.44696401334573,216.65902064082695,181.2662956726466,201.1170227601599,211.62439998398958,181.00350072460037,194.3833973780888,176.87033276721155,182.31249699836997,204.95571107238922,208.89439557763,210.72914216795988,192.60479627635522,220.27381247839782,185.05234309208885,208.54453874023278,216.35608342101506,176.78017019245613,208.3368549874399,193.17672178737453,183.82208368800818,187.94191322348573,201.87257112048133,179.66436287730843,178.69717430332057,216.2124218858022,185.3399509815686,202.82359978267905,193.96098782586688,177.11875492002838,193.6767465680692,178.37845092715602,181.29766372488336,200.7869450932247,209.79508296604732,212.3474108746812,185.33134508446008,205.9221844041311,191.75296556757934,210.93877247492424,184.72552005176397,188.54863398131104,188.21705940521346,204.34597842093203,206.86641680564955,206.60279932848923,186.77642667012825,205.74266256823321,204.7614821953872,210.18803573803922,198.7110667824834,210.02610722440966,208.42488649635172,192.58787195644692,189.2728540977196,205.4914716141268,203.42026190054636,185.47094058089908,206.89390266132767,186.99989278013288,191.49650573797504,203.94989547191693,219.13448825524827,194.7528196179417
photo_standing,203.7913817869035,231.86270496275858,250.80473823178164,236.3366723769605,180.64112729286214,0.0,192.6407839919876,166.6216103576105,212.53887412158613,240.37300591116463,219.98525855203894,215.05579657620078,211.18596357548304,205.3626079595606,158.37531215573412,159.58023081870095,182.43294735047502,203.6973702371941,227.0532718831972,212.73653444728672,249.7990481074706,241.4848939343712,210.68417137010817,227.31303111763475,194.50334996738164,216.36813176266173,211.1610081913457,210.71616898967315,187.69268936985358,166.88822933699302,184.44410210831728,190.17970377536307,198.6383378602298,204.40680050291272,169.69388012161008,206.82167250591908,208.41576658703093,179.2007922795947,178.33802315772004,153.9998996126789,173.09084562214392,204.3998416060796,213.05569112930476,219.8631690024761,190.7542547405436,222.8612006925754,191.77955272328722,194.8569097876998,209.397051026334,155.91721446966213,211.0563672141978,169.4524327160946,186.61332380946703,168.78323355983463,192.1465366085321,170.77478141788964,169.81473390982316,211.05216053819615,171.24035255899517,207.40131684111324,199.76676820168242,175.28285811419482,172.25727596398292,150.19081972123848,163.10256594561963,198.9932457251519,212.1391803710802,215.61433965355283,176.5454437881266,198.61834361135402,186.30036492486374,200.13014983991087,185.82230492332604,189.82833336379574,187.22749141235838,203.91579572302624,210.53409308139163,209.59719095887453,187.8241688652911,208.6874892900857,206.33260083174886,208.4344049367548,201.36787522123723,211.24231123785808,210.98762470956763,192.85081440511112,189.71485535173701,208.47005100663543,204.3656486007017,185.3110565092153,210.73445076402524,186.26764606284155,190.13106389915706,204.05637248101587,219.5105790288522,192.5061188015535
photo_hand,196.75758059734295,224.73960680290634,246.3848284797122,221.23078012339195,192.9131098939027,192.6407839919876,0.0,180.60186180702215,219.21186937648372,236.6426179736301,236.8478120323743,212.2980348002966,212.16770262180734,205.4347647142525,195.59008445638474,182.84714406202508,203.78434306714882,213.18242678437866,240.81946861177107,215.21703152600546,247.52566667287957,234.3028883341055,222.15695139882212,236.37976169936576,213.2520453911037,223.71261277131958,217.76921242351102,222.62310957193154,202.74203165748605,199.92454904132956,204.28923570179842,207.95169361324065,218.4787155992392,230.30879213188217,200.34914372458218,216.8939095403843,217.44078483417712,198.57441956086015,200.93364801749794,191.46369221110078,194.17246928943428,218.6878981385193,223.33704438488155,224.93257398190835,206.62255609728666,232.277628786829,208.27846009073022,216.3623525662955,231.72750745742914,195.88058651622634,218.44493106654016,208.06641448520426,207.56546433481222,204.39364855399165,202.31701238160096,193.24189775104688,197.6564402800336,222.5857990858195,204.43232537019696,218.70771582830514,216.05233404551166,199.80796984882883,205.32450569971735,189.7353445017025,196.10806998044274,216.44902052169692,227.6668380314154,224.52547933298442,200.51709723848572,216.96232071635788,208.82071506235732,218.91681336304737,203.26538337042425,203.08865218438544,203.04547726663637,217.4715246268602,221.6144958436692,220.20837090786173,203.28853659996,219.4822105970558,218.26682427129134,222.05711133376064,212.25040630675608,222.33810032213034,221.70467058434247,207.32494686154254,203.7148609348683,219.4049291709609,217.24307737619003,201.65697872201477,220.68661334371242,203.13355797485275,204.5096204518266,217.44713755985842,231.35579562478935,207.60352682646132
photo_legs,192.91399257657463,227.04286873860792,250.78877691185454,232.44493268853725,174.91481678105404,166.6216103576105,180.60186180702215,0.0,213.3046313674827,238.78885870269966,230.23063189342938,211.05190490447012,205.37699064917865,204.38385611362457,172.85615424717307,158.92119156662423,188.97003174133846,207.14289261336893,236.08403093783693,213.52845980686763,251.66563959803915,239.15338292781638,217.22498033871648,232.09355042779873,194.30280038962087,219.14508862855104,212.08298503959108,219.28437321827835,186.05780391850246,185.4440813507297,192.78387351975468,192.3980548709428,207.39410156856687,222.09957891456497,187.07809764068406,210.46973798255743,215.93654384744923,183.34007007203115,190.94767352871497,168.69734415342757,177.58330472251248,210.56880265562322,220.7096064780925,222.87164459782562,197.04317012274714,230.30327391995044,196.89820710169218,205.33498788526552,218.32614981182292,165.79101887831163,212.34808453720206,185.74239868323534,191.8366825760957,181.4153933065505,200.2225686679068,169.4004753916292,171.79019817382178,219.03189432870823,190.76488525736573,210.2409482267763,197.7043528939268,182.16598488797166,187.04709278227514,168.75578451742393,176.11130248585232,206.1854655945227,219.49875383875494,218.4716353868161,190.06216776229533,203.58230856191318,194.42722473711646,206.73625651330772,191.09088797824734,193.4081473144487,192.96513380531022,208.9613131053136,213.20876084556275,211.7050094207032,192.49035249738705,210.95683989149381,210.43409585852285,213.411153870364,204.60994863110602,215.63558071772712,213.6759793897848,198.2335764220722,194.60196989326832,210.7759859516861,207.68879388306252,189.85244202982628,212.69703831194212,191.36678629702357,195.79140670487757,208.75461194669518,224.29833895317344,198.6038235238104
photo_bird,225.26847055542268,240.64943250193966,229.6708293216703,224.3681935073635,203.4401840836729,212.53887412158613,219.21186937648372,213.3046313674827,0.0,222.49953952758318,214.9897082652371,183.3770277591384,223.79663909120563,220.06777700760264,209.7486188460861,198.70929635487624,211.16150856940973,174.9708264131172,213.33506048817267,197.30236230529226,229.98086732401583,250.07020958211984,206.03557035280812,249.68742688264814,205.7166233411141,222.5670644447318,187.59452425973706,206.68497017598253,212.41149719706542,207.21114862070266,214.62806516150007,220.2400669653912,172.86447793951814,221.97118282494682,207.2545796489448,192.30078383723983,217.46084240141465,202.32723818533154,204.37152659417845,204.22238460737216,197.8553581933939,180.70323561993877,203.7899600065094,203.03818707874493,177.91680190644414,210.59596525440256,180.79575997741696,224.74049737081265,227.15017600762096,199.1561438461456,191.19338616814792,210.17390687887809,215.99586826726141,211.07827384958006,222.08513488863002,206.90008455911345,198.80681931453344,221.17139994721896,204.25366815060013,190.96347834575602,225.3496336303322,200.00848295922083,208.00071858918605,201.27158073975323,195.1995670355726,175.67456972598944,206.56010357456478,203.54936480069128,213.6784067326312,221.57738050368044,198.59530963112275,226.65093282303124,179.37784425241964,181.44087198050116,178.79897666272885,183.5313149590843,193.4657672593453,191.6067981477777,181.3700492706746,191.92353341221775,188.99582005971567,193.6481935554293,183.9431645642699,192.4877818152227,190.6398446377435,182.57065827556863,178.38844879611,188.48349435238413,186.46953717816703,179.72183398398124,191.61635587755111,181.9948030023354,180.2485031230686,185.1592524931164,204.13853152425682,183.23154910511153
photo_butterfly,245.87641129538906,248.0097612877641,239.86161802265894,241.23790897468768,231.1252180181976,240.37300591116463,236.6426179736301,238.78885870269966,222.49953952758318,0.0,251.74197691114856,228.82818844644413,240.3909072623754,242.59387295167048,242.42179965385756,238.76199269448134,249.11751740421252,226.8992006702779,234.37929801500374,220.76343035950367,235.45151299005602,256.28340765062035,233.46265027283107,249.55874591659236,235.03346604574477,230.3793929328999,225.61752788718687,211.49472537475296,228.56500378480666,233.56875387969848,241.02575592928218,238.16996361819506,216.12845041231114,218.15884006736832,236.13605268586485,229.13140742082476,225.40408340507847,233.13411932700424,232.31380042553343,237.4936348664417,232.71931898597487,227.18980243263533,223.79334523794026,225.7608636470658,220.0422382853399,228.31224732093128,223.092724973456,226.65710018416513,240.48115569310332,236.35431237577046,229.4318159850848,237.73323835471786,231.1701655398264,229.18379259604706,239.43180306056902,236.48664236862027,237.3714938929736,225.51864711224889,232.21512909413153,228.83221136099053,249.85167547963007,231.2631755024406,238.19583517747938,233.6381255189577,239.34465756136316,227.88925698887945,230.1959248272122,228.74949959664465,237.34523733816656,239.36549073852683,220.39647417668854,235.54552699245085,225.66235979647536,224.8232704074139,226.18023564009377,231.15682195762167,235.3472946927372,235.64119838867626,228.2121140442488,233.98783699915802,232.85326152373923,236.7590232422571,227.62249276198426,238.5902685352612,234.72980225069315,227.18946365930424,225.12716989791335,233.0400604156553,233.05509630305457,225.73704965987207,234.64116496261894,227.72065677670216,225.22924856540064,233.59811521389463,245.8143929322965,229.31606782391242
photo_girafe,241.72980626955865,256.4428553959492,254.80162728689155,247.93330112601524,231.0750608885888,219.98525855203894,236.8478120323743,230.23063189342938,214.9897082652371,251.74197691114856,0.0,232.28960528994062,244.08820733118102,239.382473674805,223.5677321293554,219.62024715837975,233.78503904812277,220.07825907083952,239.08520372841286,233.4953568715617,255.8116563757151,258.19918469046945,237.92788691759498,255.55209169957953,229.21481656101878,242.84553984892167,227.83178419877785,232.83130861754836,229.2720412807693,225.12991926415933,227.08907227780307,231.96421943046903,229.04011043251438,232.94224278256914,214.14621708809736,231.5786473478637,235.1106525792881,222.55779793632462,226.9271233040608,222.0451437986433,222.4414831292442,226.55597294077768,227.7928658036294,234.30171513027648,219.0467267894503,239.95660689353443,222.55294432384585,233.09793933716466,238.75960013431498,221.4337690246058,232.02679190897786,221.1755916643317,232.4914791255675,223.27482203926388,234.9549481934722,222.371454134203,230.84226156629387,244.25530360985482,213.54454715199563,231.1811267864504,239.21556298636062,226.19231137627534,222.33932611913627,219.65601901438484,222.85689378496375,224.2276589058845,229.84755045741377,232.36556358054867,227.29053999143576,235.35047594101846,218.60403031748942,234.81849848493272,222.69553453025864,223.03468605408187,222.02870505369506,228.696348150822,232.54026773472128,231.45316878627108,223.2325816275106,232.87700493697685,231.80616294949039,229.91034950500384,228.84532899006976,233.9247910081137,232.69643780087262,225.55262107626595,222.250158974015,231.1215149979191,227.35768803407066,222.02790973078444,231.71696948193787,224.24613933780867,221.927363962828,227.48052809623655,243.1880934878195,222.7294474357232
photo_fish,224.7210454323996,244.65181423463295,231.41396921470545,237.05488060375993,206.1058862151496,215.05579657620078,212.2980348002966,211.05190490447012,183.3770277591384,228.82818844644413,232.28960528994062,0.0,223.86755718419064,219.5609242365856,212.06087019729404,193.74411666796655,213.01238707288897,172.65820689570958,208.7160345508987,191.02475474107047,230.19820270916267,248.01340897444635,203.76863803669508,249.7966093092113,215.364734417082,227.63501452118746,178.41652325776246,215.11537119736224,220.2906926153661,213.92060503601613,220.62629687571643,227.446322648698,193.6758258795123,227.05193916884616,211.81779814877547,178.91937873770877,215.90606186419794,208.1683453800166,212.3292880142943,205.111638916976,199.0722596249556,179.5416078578851,194.75356648759146,204.50015509466058,172.9126628290728,211.87107526353415,176.32326706912036,231.2372852307002,230.80997999175423,199.15364737687958,183.25790647550576,214.9485516813252,223.7376662467206,218.79767647679952,227.8126044924891,209.04235970039997,201.25384520778752,225.34619858909838,206.0426615939293,174.20053061718352,227.47267211868922,202.39519025069657,215.3670196319626,206.39623616026256,198.5636087755248,179.0609178460131,203.2077205670106,205.94702037613473,214.35516294830245,223.45357973139693,199.7679831452419,233.4078070405566,178.75466416966017,178.68418100185497,176.88161058461245,184.12378078342988,182.93419315834404,185.81612222311867,177.51711574514067,183.3189369526963,180.29958146332012,190.33724890361222,179.19459369327657,187.17625389692972,184.4410917466314,177.8347457873968,177.2814684472757,181.70045782794762,183.64782475458432,178.83174380216474,183.232612185365,180.52141469086757,178.90143436425126,183.1023220648783,199.61198631214924,180.59175065983342
photo_cherry,223.4176472404213,238.186464275047,253.73785055038107,241.18510762632468,195.37858658508128,211.18596357548304,212.16770262180734,205.37699064917865,223.79663909120563,240.3909072623754,244.08820733118102,223.86755718419064,0.0,212.09227310342925,214.87270256557716,204.19574759495183,221.78702951547933,219.44475690042694,237.81089813020267,220.5305269524678,258.9245309598331,249.43095225470768,216.03872429500316,243.82599288357866,219.75980849248455,231.31176358491166,223.69519899948617,233.57588992929152,207.5285561122116,220.85606708564183,223.07438854188837,215.5262647457824,220.9516759723063,231.50861465239362,208.69743417892886,219.58156880098113,223.23392325500143,209.13743712286197,224.30209851303758,206.1126646350512,206.23275335156217,223.64592488809697,220.79174634787944,227.811692914317,217.64951266116907,233.5320880964769,208.35650139879417,224.7914612813286,236.06914517134453,210.61842751756038,225.5991337015579,222.11483280502955,216.77766622490478,217.84869316827496,223.81760654008588,201.9239308796314,209.3281221226877,225.98111698061425,208.40444167380508,225.2036427216225,213.8380567952734,205.13715712351728,222.0254439684725,206.92615130483108,209.92149354758217,220.32776187163745,228.9561464324295,227.1107105493043,208.57014506521773,222.17726096580887,215.74989602106052,229.2695243434252,209.42794004795752,209.81216078039498,209.03269591780824,222.66525481354628,224.78566857506348,223.79996707112204,209.0955834368632,222.98395985681577,221.6208988324548,228.04974456050266,217.1975109532912,227.12911262945326,225.71409302018813,211.8074223747604,209.0013479363026,222.75982702025763,221.45687981981004,208.14973422552703,223.82748684289544,210.48767348728563,211.56872849823628,223.2358620572091,237.79639197256014,214.14175755174412
photo_tree,206.44554790150622,231.30986580301246,257.82748374604347,239.19698713315265,198.97127491546092,205.3626079595606,205.4347647142525,204.38385611362457,220.06777700760264,242.59387295167048,239.382473674805,219.5609242365856,212.09227310342925,0.0,200.3892759343055,194.83397312769677,193.03621391211723,215.42890551465558,240.14374334878528,221.03264175224135,255.02601382294142,228.7991047416859,207.1972357105739,235.61393812677343,211.69154377198709,228.14020650528062,224.6792105334879,225.994087296907,199.40599762256124,203.98913263532083,218.64360020054323,208.36688561507242,212.33892281502722,232.54679877876978,198.21814360042538,217.54011450786848,223.63920952268452,180.27178933208555,213.4870863380062,195.89936183896003,189.71425445822058,221.84234684598007,224.4137672570369,224.88171234792276,212.46002180679807,230.10505919986875,204.3837207515573,218.17619561739727,233.7279290190191,197.00519028732558,228.12809001010916,217.59399082305902,207.8153031700983,208.28322418560035,213.71718788403186,196.8254505856203,200.6382868293549,231.63638567913466,203.837608131118,224.88883014528264,215.5534554629097,193.61327380338298,210.5449365830389,197.78432090022235,195.82457976388773,218.92676871826228,231.38455152541798,231.02462227108353,202.82009387414027,214.19115923079323,214.69205788776267,223.27725675050732,201.87445667068832,204.86356210432098,203.6910002587902,219.54535608431047,223.52734716026106,223.92984157552203,203.80382014930075,222.4260158184075,220.98494264203742,224.7311344107862,213.81453718847172,224.00419764944309,224.19042139398934,209.1346122775198,205.8488669678952,222.01207675054908,221.18694804580616,201.27488174708776,223.78548170496705,204.77353215766195,208.37483308853763,219.7621800915258,234.7830670085933,211.7791490928278
photo_flower,203.0930150558112,235.031366824678,253.74939461038713,239.33689450688627,181.90574287483625,158.37531215573412,195.59008445638474,172.85615424717307,209.7486188460861,242.42179965385756,223.5677321293554,212.06087019729404,214.87270256557716,200.3892759343055,0.0,151.63462227698702,174.05608981921617,202.54837441955888,230.86160534528017,213.33771379482806,251.9136206974521,244.42109678004164,215.15030934982957,241.48347321177783,192.77601938610866,217.75076757319428,209.13433860527053,214.3528713188411,187.66795563308085,171.19677821630276,185.93348431297466,194.99296623035264,198.9071413212385,215.0094489145323,176.65843200516804,204.5931625225884,210.75443997108457,173.78029054265062,176.67091556547663,147.05959528917325,171.72084624834093,203.05425066282567,212.7659337871951,219.8801775013068,190.07047233912144,225.5677129237402,190.15013691209052,210.50270807789417,211.56040118766808,154.99609777947362,209.52474785128092,175.21155304068267,188.79129059720702,176.29325528318304,195.80890506043846,172.60155863882184,168.83694531330917,214.52273878566464,179.39822677619335,206.45395043680065,199.19064686904537,171.33943943188214,167.4079754903459,145.56263276527497,162.3614396133566,197.77130583087066,212.75056115955948,216.85406401748273,175.95224161607464,201.42476175492834,185.51490157268253,209.1753751256913,183.499107502153,187.55166199990418,184.44614603712265,201.69438217332294,206.92457662231828,205.73840238420243,185.15175740123033,205.78085119407018,204.12498119942472,208.08797889748115,198.11559535178262,208.80832098443273,207.4665838088292,188.786151478184,187.77062516338734,205.2010544109658,200.74250917819882,182.013311197446,207.24106916251753,183.9179761728686,187.52015425039144,200.65274163700138,216.2723465815211,190.39622640935409
photo_carrot,200.77713670321094,233.6043515303444,246.567449957124,235.30004933241605,175.69941789756072,159.58023081870095,182.84714406202508,158.92119156662423,198.70929635487624,238.76199269448134,219.62024715837975,193.74411666796655,204.19574759495183,194.83397312769677,151.63462227698702,0.0,163.42941669718965,190.6213131540829,223.56697919155764,205.77201780746728,247.4042469098585,241.91767250220266,203.86442708689154,240.4620575387278,192.53005372418446,218.0282185091514,198.60518306718953,213.67432182465487,186.26220822595337,165.397855436378,184.66797120908078,192.619211376321,194.7916898788177,214.10108888719384,172.69287392455337,197.0275286367674,209.5134285927521,171.536736835577,179.03588360952313,132.0675208515425,167.18677293390633,192.64747159600634,207.15701980416142,215.04290082299562,177.85041420607257,220.04676842999476,180.7831528783158,212.2197690738141,215.0132442706595,149.62988497942732,199.46398354801062,181.06101656670756,187.14203107593568,170.40933535636356,194.99848155358606,164.93931326035494,158.43540316266294,211.30712940096578,172.31488648456798,197.31144872746148,191.4677726328806,162.7808320674567,169.31144582019297,137.1497041659432,148.5475227982897,185.49231447281036,204.47564319306497,210.3814013985281,177.16123783978352,198.3478412240163,184.772082875949,209.6886713715113,171.94465570948506,177.25202069004868,174.4131648087605,192.857598457378,198.32352181993264,196.79447176178684,175.00889033275212,196.4512630271462,194.97830420754482,198.01122831344105,189.39209747200945,199.6545423517342,198.96337172758786,179.79265448048577,177.05472808924108,196.56697055904144,191.7953942787778,173.3330308056713,198.30616416251303,172.93034126643974,176.70558937146285,191.52466418377446,208.60716028163176,179.64383292719558
photo_watch,207.36366661711446,241.3119278142222,260.96691087020423,244.53119660059042,194.01666175059037,182.43294735047502,203.78434306714882,188.97003174133846,211.16150856940973,249.11751740421252,233.78503904812277,213.01238707288897,221.78702951547933,193.03621391211723,174.05608981921617,163.42941669718965,0.0,204.99424783000055,234.29744563396838,218.6025111223311,255.7479102972289,247.76294472756354,207.4811887981739,243.7660904944582,196.6839544258189,222.21429006239785,212.8397052784942,220.01939896434436,191.11328518416323,174.06362255072744,200.64160187091136,201.38610898150895,198.13349330186466,226.7082944675169,182.25521463776553,203.6932680299406,217.08211573270538,168.60372983220208,189.39784101803684,158.87026188122027,168.8768300210114,205.77068055593745,217.13286921103887,223.30737884443624,194.46352172629537,226.36408483664403,188.072860309431,213.47025047748352,226.77695222846577,165.76379181275794,212.63023942553198,196.52573698585442,198.55410219839172,188.6069624244322,203.31625900063884,178.95277853667594,174.79284873012998,224.30050987670091,188.59276334306398,209.43660910194697,203.16129897054333,172.09190390616854,177.28947522905924,166.05482405843614,156.47834709834518,200.24256120452688,221.70764458712998,221.11689987065682,195.5232829964473,202.74027500487605,200.97404503133507,212.60395694217766,182.92247342690942,186.22823984297293,183.20326061115884,199.99141878495854,208.220143893644,206.64342673451338,184.19778242169505,206.44976967955824,202.84562788709493,206.82569206740652,198.11251237596434,207.720897292094,206.9540912025687,190.73118538246717,188.20041067412612,204.7332223392985,199.71377957425744,179.81826409003733,206.92879997306636,183.06890340061844,187.2331201929753,199.50852098945845,217.5795087843667,189.6708849043981
photo_key,224.00430080879804,240.67720506461717,229.956045335046,236.29045687833596,201.46749375798308,203.6973702371941,213.18242678437866,207.14289261336893,174.9708264131172,226.8992006702779,220.07825907083952,172.65820689570958,219.44475690042694,215.42890551465558,202.54837441955888,190.6213131540829,204.99424783000055,0.0,197.63328862941597,186.82242885580789,228.3459871270219,242.64738186795444,199.53378464127252,244.37855252618857,204.04172080170778,212.53365976524725,151.99062747598626,204.35563478557003,208.78739848819595,200.87134315514282,203.2528689447464,213.52016105128183,177.0014499288368,212.77752897698497,198.4628057313596,172.43198477964498,201.77740817996835,196.23557880018365,196.25777880684777,190.95263833838587,190.23281215178227,127.06001027092566,184.33084564494877,190.67231526260235,155.87411582818675,194.47822760069482,158.55035677970992,218.538628722333,213.39289905231075,185.26028441986932,160.87699902225899,201.17644392089997,211.9238934701936,205.53238991937909,210.92948256028708,195.199172942451,182.06894702725822,212.57132602225926,189.42187620863757,171.90364671630442,214.77531557471474,191.21212264840966,201.08749426427755,189.22221736546763,183.72222884367292,129.80185639422464,182.77170517254063,191.36711758927868,197.55748492927282,206.01308622537638,185.68541191420218,218.93583547818318,157.49161786127783,156.49111319337828,154.52616190869787,158.20646324980564,158.23828466974234,157.68966059785575,156.8183777870181,159.61121259529455,153.97021873510516,166.5147670872045,160.6677101087063,163.08188698627882,155.49807103329798,154.86484382218364,155.5189962543109,153.28735260276423,155.39085121065318,159.13017062615518,156.8334361145013,161.33203309246454,153.75378162982886,156.9351570506857,178.73597678956182,154.78514512629724
photo_truck,241.92748217665144,253.27971595737733,236.5962232235659,247.85142906176887,224.8245579018265,227.0532718831972,240.81946861177107,236.08403093783693,213.33506048817267,234.37929801500374,239.08520372841286,208.7160345508987,237.81089813020267,240.14374334878528,230.86160534528017,223.56697919155764,234.29744563396838,197.63328862941597,0.0,202.55701464235824,232.72825526274858,249.0297774522951,213.45608094360801,254.96182963890683,219.11273630264307,229.99367704970334,192.44161076099866,209.86054007000425,230.02946455030352,221.49226188757282,227.25328957636225,232.9912555470258,202.46502266021935,224.67238735040496,223.0854420119052,198.40224808914334,220.79700844548535,218.76685539717795,222.99871157630974,219.64258889785663,217.62255354686877,193.6509884177222,165.87258443073267,195.1302976473093,194.21751339586334,199.86434430187407,190.04525504984466,230.01870488602657,222.98887073066095,216.20233979974572,203.05962045131685,221.86527257484357,225.75591818370307,222.89579650296014,231.76013726057863,222.226353681755,219.13918462531592,224.99467901436813,214.60052675000568,190.34104793508627,234.3016911974871,214.94760407166206,225.74453892176146,217.8831668974732,219.04477351196755,196.27430617576022,156.67093149539207,194.14513541828964,222.3358498828808,226.21978221395113,208.4335280184859,234.97720695727293,203.61413226299192,203.21296405516804,201.33435284718325,206.18217746086472,199.87614243538843,202.58886957815955,202.10851792809913,203.8204404242217,201.55493247696015,207.32925976386932,206.2292309467486,205.53538355287895,204.92008382617627,204.50170288259244,201.85172630605933,203.52955570899354,203.8247980741261,203.89349947613923,202.08554911813735,205.5307799083491,203.76674281970614,203.48139676017027,214.67025742063242,203.2316736921495
photo_velo,223.8291570551904,242.52022911882423,234.1524810190456,237.60488524844178,203.4429116921465,212.73653444728672,215.21703152600546,213.52845980686763,197.30236230529226,220.76343035950367,233.4953568715617,191.02475474107047,220.5305269524678,221.03264175224135,213.33771379482806,205.77201780746728,218.6025111223311,186.82242885580789,202.55701464235824,0.0,234.71485759275382,245.4649144661218,196.4001407533703,236.64256447958786,195.56794099283294,213.54141608143578,184.36535035380479,205.075766512051,206.12162598808956,211.6837995566757,216.00560160025384,216.4065463500324,190.64051930486542,213.62875972164042,207.6071627378255,180.21399850279403,201.90662812502623,198.26776130956483,209.4767724656183,204.9863787950409,195.3936019107561,186.57585675811373,181.75367953352185,160.53032746437827,179.77717226502722,195.5542664658843,173.40845085163716,214.16339993995913,214.08345318569818,201.32900245233284,186.77912723414346,208.59764271954953,208.98174369898643,207.22898578830697,217.35595625558656,206.60983589751297,203.81305671423326,221.5443753624278,204.7443491786805,185.41729046350517,222.22730455459364,199.4307167133063,209.7387709861792,203.0962070615482,203.5974272497876,187.27339106209,189.1723615768071,159.00024599455386,206.72875606986955,215.01352650925082,188.92397788489924,218.12080553606424,186.65822216926728,185.416710939719,185.36832236277937,191.66720865463128,190.90705202982528,191.8011610171374,186.55736374574883,188.1622120571779,188.62244283485194,196.97510977992772,185.90505446132656,194.5386864218567,191.88086343953486,186.73707881452088,186.34040681636066,188.49716596480843,191.32515533595395,186.92411668510073,190.47058063077523,188.2211973387567,185.91855253115867,190.2372016589082,206.86870471030412,187.17580472671216
photo_road,256.0855780261915,262.30938139308995,212.93508726372968,244.3357260146143,242.53883392069713,249.7990481074706,247.52566667287957,251.66563959803915,229.98086732401583,235.45151299005602,255.8116563757151,230.19820270916267,258.9245309598331,255.02601382294142,251.9136206974521,247.4042469098585,255.7479102972289,228.3459871270219,232.72825526274858,234.71485759275382,0.0,262.6584865829972,232.08521728423162,255.17348613714796,244.6179723629495,255.66613141861694,229.5405101865797,233.4543167644386,250.55501260344408,246.69451178176575,256.1470841747261,257.6136529383876,232.69084527637403,238.64313639881797,249.25901388383085,235.1577959037023,237.49085749024132,242.047038747923,244.7197003978861,249.29287934441018,244.6524584271546,234.61620404641891,232.17447203370875,229.59786281365356,217.0253137362751,229.80750307070764,231.0921702365874,249.20833926786275,254.35575359033808,246.93260348640672,239.32869378390276,253.73343560591476,250.65415573400614,250.59915454892172,259.15450880599514,251.56329801874804,249.1872596574391,242.64720200285504,249.4019104072833,233.40248509029436,259.54903043325993,243.31431849827143,250.0140907699036,246.3008647804634,248.1207304577495,236.05708635656077,234.60872017685426,237.0808829590655,250.9293861236377,256.4018105515369,232.85732306806796,257.1875494504377,240.12993080676023,240.04520088017324,239.17097625062502,240.9995743062637,240.50752699011412,240.07935258338694,241.371978423592,241.81564579770554,242.52632360070527,239.51076139684227,241.08804381942394,241.68608232945698,240.45425176082946,240.8169375255554,239.88197787583573,240.3104569610033,240.16297341317062,240.24521942377882,240.85802136786157,241.79069832529225,241.31588551958203,240.42263989117473,251.59624204577221,242.20863447430673
