,photo_face,photo_profil,photo_eyes,photo_face2,photo_walking,photo_standing,photo_hand,photo_legs,photo_bird,photo_butterfly,photo_girafe,photo_fish,photo_cherry,photo_tree,photo_flower,photo_carrot,photo_watch,photo_key,photo_truck,photo_velo,photo_road,photo_house,photo_mountain,photo_windmill,drawing_face,drawing_profil,drawing_eyes,drawing_face2,drawing_walking,drawing_standing,drawing_hand,drawing_legs,drawing_bird,drawing_butterfly,drawing_girafe,drawing_fish,drawing_cherry,drawing_tree,drawing_flower,drawing_carrot,drawing_watch,drawing_key,drawing_truck,drawing_velo,drawing_road,drawing_house,drawing_mountain,drawing_windmill,geo_face,geo_profil,geo_eyes,geo_face2,geo_walking,geo_standing,geo_hand,geo_legs,geo_bird,geo_butterfly,geo_girafe,geo_fish,geo_cherry,geo_tree,geo_flower,geo_carrot,geo_watch,geo_key,geo_truck,geo_velo,geo_road,geo_house,geo_mountain,geo_windmill,word_face,word_profil,word_eyes,word_face2,word_walking,word_standing,word_hand,word_legs,word_bird,word_butterfly,word_girafe,word_fish,word_cherry,word_tree,word_flower,word_carrot,word_watch,word_key,word_truck,word_velo,word_road,word_house,word_mountain,word_windmill
photo_face,0.0,2624.762960524897,2740.0517133966246,3155.3720826355543,2994.198914212671,1965.2153285387203,1497.5784225783525,1671.8651651715006,2986.891511936254,2897.7040057812173,3206.127484149056,3017.47086197926,2853.5757159825457,1827.6198337710161,1252.7685791785498,1967.425999233819,622.123460437313,2967.859810849165,3050.1054235686975,2737.0351638952093,2817.2774035049347,2533.4037823667786,2638.9334671158576,2337.6367538953814,2215.319411838118,2986.4200743986967,3029.6355921866552,3061.872035508874,2280.565171218774,1982.6790355739056,1948.4446378291102,2177.607279946747,2664.464129385201,3517.391813544327,2403.7514779599037,2779.506039496128,2116.4580855205877,1589.0396286240855,2239.940604088905,1538.7516360790694,1525.2238060420877,2951.5643496603147,2829.7231524067165,2899.644711676756,2913.9127767740483,2668.768756257699,2951.796282395722,2057.2433278789854,2984.402049885679,1814.0132985445994,2901.1102261177566,2524.459035379606,2481.8756149924875,1639.2088708082558,2089.43973920842,1740.0725349559266,2319.1534420812927,2252.896668498443,2630.29019711813,2889.9333902902395,2659.252721695613,2086.5133211666207,1680.337584800924,1766.1308549449557,1926.7100608625015,2926.012173363814,3200.70454293705,2941.1888497951913,2355.2305755806588,2272.87879476834,2467.184554646622,1963.9441770872647,2976.6625266200253,3000.2376545104576,3022.2133223197,2896.2590133747613,3032.953122244747,3038.3636361073654,2993.5240630239427,3029.9095631274554,2991.798054669727,3047.766435635531,2973.813132133058,3009.43741653202,2965.894400064952,2976.857402634483,3031.825340243382,2989.130810171702,2979.8421811751277,2998.968373250984,3004.647764907684,3012.7134849834188,2971.440055191801,3020.67652130186,2994.599111156847,2985.909381167273
photo_profil,2624.762960524897,0.0,3241.6958348571634,2561.451555590449,3073.508210215151,2792.854195980942,2529.6799002751613,2540.772237372336,3421.04708953496,3305.920004392701,3353.908474461471,3470.0548001687644,2781.4022634644284,2066.413041794952,2915.9397761847613,2787.794667164875,2788.812662351517,3388.8400372285564,3414.166547702095,3298.9937127012404,3364.1877029931534,2149.8342618144907,3162.283521552965,2121.4184060897865,2984.4718189467394,872.0992500319418,3411.792925700318,3055.463397255014,2343.55877813631,3189.9726434133236,2169.5696511253896,2389.2683504422025,3391.560589747368,2567.576758577085,3122.851235993219,3258.248916285036,2545.587593198787,2775.618744391241,3053.01458416579,2596.258796791496,2547.8605458968827,3361.9061080430374,3268.2939268118703,3355.801512127574,3411.2169325020645,3195.6129161618164,3376.9431843496527,2036.4406527674196,1509.3192058957318,3113.5935857338013,3325.860511967552,2811.8004136660957,2183.5595269133705,2577.6656243915654,2192.336212457865,2660.587603878473,3074.2688329513308,2550.180211635008,3239.7891347826016,3322.5176522227,2720.4248473050598,2957.710761997793,2745.1661164340194,2861.6691286787604,3266.0176696660938,3353.361195648813,3446.0025976916927,3317.4359224506106,2365.5366073564364,1819.304670419685,3146.050157656711,2192.7680164486815,3353.0272916385525,3410.164815854876,3385.6547130248327,3348.5127170761457,3396.9084287636674,3418.0754417801045,3398.48044653355,3399.2445638683403,3372.497400524884,3442.2767742615515,3364.0686026195744,3391.86177035496,3364.0979329612205,3357.828090731577,3395.803048364874,3383.9824620115983,3385.6390056305427,3389.0072549014267,3404.60046998193,3374.679473632986,3357.0789159618125,3405.587804119049,3372.102314704801,3382.2861374494587
photo_eyes,2740.0517133966246,3241.6958348571634,0.0,2610.619207506634,2562.220921810428,3316.4341850134383,2869.3294203924934,2105.823220994748,1582.6423346130873,1302.199115685737,2481.869353463631,2001.1724286598708,2667.5182306494157,2754.9436788110593,2797.6461392720953,2491.452566824374,2717.595189355841,1608.9107536338647,1536.496363168428,824.6189919694308,753.0153899371873,2867.990315347047,1556.6384062538,2875.7628291500364,1903.8089243247484,3281.8163709042833,1749.8512982388565,1572.6692035547958,2697.739675105766,2471.49184752353,3001.3337876535284,2956.1134433711027,1667.5983872148572,2682.90960585925,3405.4921453447437,1389.763594665453,1931.2487922212254,1975.3091911562017,2472.0227213935204,2173.570510175665,2251.307410470838,1570.127510994575,1192.3570593866136,1518.7130765670393,1670.766608386362,796.3273860357049,1817.3765618009727,2942.7485647907997,3003.3570938657967,2778.473424138326,1488.4053120288124,3059.223948395813,2311.5975090830475,2253.1413788335976,2718.3377504096015,2390.4539181769373,2743.9093329151624,1937.6797271801904,3475.1367272160605,1476.4162681052553,2959.8055583581163,2574.312798632304,2258.5816886309703,2539.239908644031,2905.2855960743127,1526.0585255029514,1994.710873817867,1465.3428881221182,2915.835127568653,2625.2850516069193,1583.5926132464285,2850.683208599325,2054.0023957559433,2001.2781113138033,1912.0177666086524,1466.1195168474837,1969.8355612704067,1966.6517967020663,1977.3666733788968,1935.0543996913996,1934.087364491493,1879.1799273675713,1866.7254437307415,1952.4757308485766,1935.9308229847265,2080.8514248506613,2060.050167622505,1910.865348398085,1806.668092355598,1921.2022755765397,1916.8158665128783,2052.4784789553128,2068.123493827811,1866.1993074839534,1856.0756366853075,2004.1286724523472
photo_face2,3155.3720826355543,2561.451555590449,2610.619207506634,0.0,2740.212140442974,3585.5724559200253,2786.5799249097176,2631.924685790329,2860.4908155903317,2783.7409156313256,2863.4105384725976,3024.50833571543,2841.513646720741,2470.317684368967,3254.146383533138,2977.325642506752,3226.053391425293,2847.122175943558,2814.577302985218,2598.966780143991,2615.483436070359,1906.9465545788926,2642.5979060948216,3299.68061118091,2766.582582096,2652.8826481440815,2904.5365974791675,3086.999016173153,2491.1833477812756,2773.3118230465648,3139.67519739265,2491.4196207344226,2864.584256252028,2727.752037694091,3709.7365140116863,2646.02159993829,2510.3316771367004,2697.5088308551403,2901.7460469333846,2786.4309571420417,2841.8488302918117,2831.8516697407917,2642.953506584762,2769.0316909714884,2855.0638083155427,2421.7144966192645,2912.605008322133,2906.0902625533386,2411.826027047027,3176.7294402444895,2783.2520897975887,3170.7506240826965,2154.4385844139806,2753.3896405143346,2589.025002144763,2732.118015727925,3076.7160286866633,2484.5386450092815,3781.3937315147755,2770.3219819604196,2727.119208932839,2947.4914563808848,2700.7235685814667,2935.0260242392033,3296.0729131340886,2817.477962204902,2941.4721981801163,2749.4271786876,2082.848531926248,1889.4877708840452,2778.245526367427,3194.9510052068686,3001.07350219676,3006.241860481753,2975.3090145031006,2811.6889626893985,2992.7159312640415,3007.054400073247,2997.3492473787655,2989.6203071174245,2964.349644906906,2984.422032241617,2939.2604641730504,2984.1176661241857,2957.189812436626,3014.788976805516,3031.0579665416935,2960.611392344693,2940.1877681595774,2974.8086685294966,2976.620752055925,3018.3350994732345,3001.703913190207,2960.50461578158,2930.663644041133,2997.8201765129975
photo_walking,2994.198914212671,3073.508210215151,2562.220921810428,2740.212140442974,0.0,3352.307164542756,3367.5536714221703,2351.428853435672,2604.640631551629,2606.56806659391,3111.92741376076,2129.0803960478006,1904.0173962614822,2181.774562097895,2965.513519887288,1986.094645283041,2878.0266636223105,2618.732037265486,2583.633594183441,2425.4068254779104,2497.933715988673,2813.3910733017033,1787.6383864820045,3345.39563684393,1842.1752494300329,3074.483270148749,2172.279092650183,2756.0309530806485,2207.1359809083274,3000.2488289943944,2997.232355463116,2450.005432543178,2333.335382190982,3119.481481912415,2853.4715266782314,1981.978412515461,2411.4818824260483,2352.535145266925,2900.1921486244823,2273.2532307652045,2439.6896847557196,2556.900207422745,2410.659623552769,2591.475893230708,2693.360932984649,2426.288296278608,2147.546595963503,2936.8698443922076,2899.4462802713183,2235.7823445056442,2521.8854546424564,2929.8906206386678,2160.1149528457104,2353.074207049138,2181.7425541065086,2318.1910255370726,2184.6215287156206,2605.371491264361,2840.446837418117,2505.4975674510015,1478.110218269477,1929.4346760276464,2365.767006162346,2548.5222498188045,2299.7207538009648,2554.0382627738277,2718.409931064245,2503.913012213071,2253.8209818591254,2544.673171353482,2256.9834418576957,2856.4625265047025,2043.7300807271342,2063.5933198716684,2103.13937392978,2537.475051245163,2025.898939653216,2055.093298117889,2109.750729869046,2063.8023304822636,2019.420975686375,2116.0023900428955,2053.387817233064,2034.892206569194,2011.105440278358,2023.7421947080927,2039.0010034254597,2054.0526915657065,2115.5207304934966,2123.3050239974,2041.9643010711502,2075.8948500210345,1997.995985029755,2125.3332452845493,2044.0852181658338,2038.114312582431
photo_standing,1965.2153285387203,2792.854195980942,3316.4341850134383,3585.5724559200253,3352.307164542756,0.0,2112.3882398070778,2307.221222297824,3394.3639774992307,3325.607374668456,2442.1304766232843,3401.6839884680217,3126.24193644918,2637.2178144343147,1367.5591600687683,2471.4864421673938,1825.4758161074592,3357.189452304084,3460.8386109796766,3244.6142428442436,3331.909695161053,3357.9980020772236,3090.713956759569,2120.125452274999,2718.427776153033,2986.6679297190126,3404.8651111713857,2927.7125765800247,2490.045178950382,2192.4995920191113,1823.890820950788,2207.8997886965117,3072.680197963837,3420.4930078709017,1538.828153496894,3219.635619539399,2833.324758023906,2340.906809097022,2821.4540521986664,1996.672644442818,2171.285161187032,3338.064676056969,3277.1825272708593,3332.7937392702297,3339.321369635669,3203.4021207099026,3321.2519644014587,1659.6591511365275,3055.806266371556,2369.14194736086,3301.620939815274,1481.0986208796585,2816.0537469852093,2022.8480276316388,2611.4591250305652,2258.21046982021,2722.392122250554,2732.8979135336517,2027.2747725943543,3304.7909524649726,3060.1174370276003,2543.671589093828,2310.5011441401057,1948.1924653575327,2441.8235782423676,3316.6395419824526,3547.705890428694,3341.929722253761,2706.818066053862,2902.956675981242,2913.4384986961363,1775.1882541011653,3278.2404441941358,3329.7430680356697,3330.5865305147972,3290.608803172621,3358.617947019667,3366.334632016897,3311.9302631642586,3351.0226708041505,3330.2993421382935,3389.1362423320647,3314.323146747597,3340.784702574172,3311.737715778311,3291.6455808782484,3331.9406756246854,3336.2087867236405,3325.213376779061,3318.960822109332,3352.231944021651,3295.226676615683,3294.022621537103,3357.8542971992974,3339.4482594092706,3311.1943162558723
photo_hand,1497.5784225783525,2529.6799002751613,2869.3294203924934,2786.5799249097176,3367.5536714221703,2112.3882398070778,0.0,2123.6718000122437,3090.6200575101475,3002.685271256439,3134.6515407567595,3112.1619630041955,3216.6368871272102,2385.4645350362453,1822.7678016883815,2416.5130335494114,1727.3327380233336,3070.0863281669817,3151.5368805049775,2860.409509882435,2937.541014915116,2583.6466616760763,2844.1854897241897,2362.8264886015713,2680.804645845663,2900.9751526667324,3123.4772938828114,3095.200774579652,2572.9805069282756,1771.3116719999994,2362.56092566456,2312.6355480122324,3034.0879815133885,3537.4415640712537,2658.3535256804657,2884.9473409505663,2170.74932577091,2145.3881956121827,2381.5148197405606,2025.1483923787457,2140.5808170146133,3052.8436499779277,2939.4233052860873,3009.9993179529165,3022.950175857859,2793.515451679383,3052.9405102762744,2151.2815837494804,2917.0532148597636,2362.424260558911,3003.7594778742673,2652.725491612335,2383.2711088253136,2207.8985628542127,2518.683170655838,2326.1022789927015,2750.7796359923514,2374.2545359535807,2976.0000395101315,2994.007364122485,3075.3209325730245,2541.2998703252997,2236.252143969394,2348.044327880766,2469.443901802187,3029.0141238726237,3290.63334106256,3044.4804683693646,2432.6139336505607,1967.1877156222047,2823.285848879488,2384.999180495405,3064.188957249089,3091.37342306481,3109.783152040881,3000.935831660419,3121.739848785678,3127.77043755804,3083.030001367782,3118.418975515858,3083.5873841290754,3138.559976536701,3067.934824930688,3099.977750369439,3059.683835120029,3067.517426157867,3117.2632714821702,3082.4751085833195,3074.8298047343237,3088.708254858812,3097.1517804547025,3097.2511850366955,3061.9202493938765,3112.6995872107977,3085.8379098124465,3077.8697190979465
photo_legs,1671.8651651715006,2540.772237372336,2105.823220994748,2631.924685790329,2351.428853435672,2307.221222297824,2123.6718000122437,0.0,2320.2474273188895,2261.4661996994487,2493.145354478148,2455.1441956205476,2351.6931757972384,1685.0924424944174,1706.989997098062,1280.8610762718872,1506.311609289414,2347.487507815172,2375.4969517858426,2045.5108585168348,2112.2043963930264,2623.1500001096406,1855.837965094457,2024.5116807967347,1439.6417894201534,2604.195223092689,2393.499969599049,2460.1412937817904,1712.026948682261,2050.213639660676,1882.3194451253594,1994.8384187157867,2062.274028971327,2974.0393238873858,2465.9691560790493,2051.89170176141,1397.6878451968396,961.2414008741389,1757.873304881274,800.5462544240385,579.2318177121692,2298.073958566312,2126.315640636696,2253.2900683792905,2375.131153913717,1886.7975236234768,2334.2855934050904,1840.26301869261,2698.8331133006463,1709.1969921974235,2257.086190600386,1892.2157601643862,1734.3635972475317,572.4671452979846,1582.5053799244854,683.8254420133261,1659.6790050447676,1466.18747027643,2593.2538498791996,2214.556370224777,1947.701196884181,1403.3767163767372,604.4485443168129,1093.7290650232692,1973.9592234509682,2289.833198445371,2586.293128509147,2296.602669340779,1818.089208806574,1961.010707935148,1779.0613942984298,1631.0590469177955,2399.4249973229685,2442.2168001137165,2415.4063992273664,2243.5365852318523,2407.255678350793,2428.1277387135,2429.3698378639397,2410.7081447648043,2361.5500858041682,2445.027397665069,2348.643097776241,2398.4349189607783,2341.5806710223587,2372.0802905742926,2441.194592774826,2357.2877468050165,2363.360164307049,2410.3918108519915,2383.4146420549564,2447.909677974586,2379.782804873627,2405.026602688113,2344.1841884506784,2403.1505630002134
photo_bird,2986.891511936254,3421.04708953496,1582.6423346130873,2860.4908155903317,2604.640631551629,3394.3639774992307,3090.6200575101475,2320.2474273188895,0.0,583.9182805172181,2691.887724142837,1295.59157705211,3040.8920159271665,3006.8494594708727,2959.987530322815,2684.924956087873,2896.3738770757273,674.8406978307901,441.4403726843539,1335.8473411894397,1401.0323152709964,3123.7976450882675,1870.1430332266268,3065.439931094704,1889.6761200728936,3427.7145274011004,991.8573198491965,1893.228592152753,2968.5492182408925,2628.960135498849,3125.096623020959,3168.710794087207,883.9931095080885,3090.0262216196484,3377.864862104593,1719.525462266915,1983.5537191206847,2306.5336702216787,2546.9132525318673,2412.814400274603,2525.1059987118388,706.5136101338569,636.608273275566,449.99844684488073,889.8655053573925,1430.1343677422963,1038.5345839114245,3101.6426467080073,3210.7908483129254,2808.3528745803947,414.9357991079479,3025.530408206185,2565.3473210777956,2421.535842526986,2994.1064554129166,2480.100189977193,2813.3443986904354,2300.6074132543017,3079.9241397956926,419.44985707503855,3045.924795887333,2645.474760484078,2361.4152657238387,2607.3762383973276,2917.955047739276,392.89976237301266,1481.131294747093,476.4141161617981,3021.488670250336,2932.7169837161414,1806.609481951173,2998.672070774991,1338.8204845643595,1380.1379326113147,1198.4256065529194,417.3914251192804,1325.4938877656198,1319.4653818283757,1293.2203836921992,1279.4632178168595,1275.8228711775553,1258.5356362050468,1191.4275235248235,1301.8417110768783,1287.5550330266544,1350.5137401158506,1384.1542765313104,1230.8561021471921,1100.060883398398,1182.5130544389876,1290.9834506158202,1363.079161172887,1380.4672519709773,1153.7097651199392,1208.5705849015073,1341.4774996342724
photo_butterfly,2897.7040057812173,3305.920004392701,1302.199115685737,2783.7409156313256,2606.56806659391,3325.607374668456,3002.685271256439,2261.4661996994487,583.9182805172181,0.0,2583.442082383174,1405.5810981512857,2876.584936944091,2908.4928490046723,2900.5033689380775,2624.0906995746277,2835.487609993467,790.3916926047498,566.004392075812,1227.638752235952,1263.879587265754,3022.32777658328,1791.4725826041513,2941.7293496663656,1947.7461737917915,3321.650540816564,1081.186373657593,1713.3386977094408,2859.4829695273575,2582.4562432390153,3040.008971782314,3080.0270059790655,978.0731162093235,2862.6366405789145,3362.7805859070436,1635.1284311740649,2013.0155788566385,2193.9988070734858,2545.554852669245,2333.5905641209783,2428.7964790953924,820.0035990220086,632.4067124720628,555.1113551433664,943.7518658210794,1272.9989836886923,1145.7668478758892,2994.6260246580596,3074.361920256051,2819.7656398818126,580.5609549930091,3019.785865619336,2470.1775776047193,2367.6769951660704,2879.3826407854044,2469.160349405528,2807.3956363652537,2156.933662597867,3128.436194456239,585.4546903389718,3022.9249059153685,2639.8056823080547,2353.9376743112803,2606.1803405883957,2933.503783411204,583.8797577764955,1509.2123112744073,574.7675428214123,2990.337498190263,2809.8099078575274,1763.2209930176666,2899.7676887398598,1457.3814865368383,1466.4575800842492,1298.61659656097,591.368597246967,1428.2514566416487,1419.9435451548832,1387.3982001213192,1376.2756771180052,1384.2791035755051,1332.9855026263206,1293.7855249693193,1406.35550625288,1397.3909791909182,1485.437743538291,1493.8541335112577,1339.5772688928641,1204.122702651497,1287.7940963643891,1388.6992771513424,1463.4266194053212,1504.1247572054676,1251.512871672778,1306.3754049208621,1447.2707123399755
photo_girafe,3206.127484149056,3353.908474461471,2481.869353463631,2863.4105384725976,3111.92741376076,2442.1304766232843,3134.6515407567595,2493.145354478148,2691.887724142837,2583.442082383174,0.0,2905.7423943790736,2886.832771363355,3175.536970462581,2670.4256778873605,2769.63701133535,3044.455566109327,2667.1209436595195,2704.3184458039327,2419.864795514358,2441.08814005855,3576.4714538508497,2421.07021567055,2829.702522895033,2677.609864300121,3260.297338058638,2762.4541178605205,2122.240516758485,2765.253926676233,2547.1874694392054,2630.4567777765237,2765.5320209438396,2480.4711375048114,2731.5510517434577,2587.1395270144326,2442.0405380982997,2870.0723738724714,2502.851983807847,2938.6499682156305,2387.622822703335,2596.9248298286275,2662.6695372956124,2512.6075029337976,2623.315273680214,2706.516588328871,2278.5110822244724,2752.1381197023084,2409.9121524544707,3035.605607280173,2954.3802229610337,2623.6330135583235,1781.530322405984,2859.81298839765,2317.845377384838,3071.9150626772444,2521.788088085043,2867.7837070776463,2542.404993057681,2771.69546393055,2627.6171619275633,3130.311243441567,2726.788937779967,2511.7297573880255,2334.399023705427,3052.540641502368,2638.7133379758648,2898.22882189629,2628.311197786357,2875.9055468330603,3144.2732923101094,2481.8257431551615,2474.493365401994,2836.0360329897985,2836.1622641778367,2773.4583563501774,2608.029567093232,2835.8510392513513,2839.016487853213,2802.7676514643767,2806.5560054017405,2817.925107121007,2793.653556207049,2772.588682110231,2826.7358203339577,2816.1127430804336,2874.7283412515458,2859.380700101709,2807.331586127872,2753.8262058007426,2782.4943821485135,2819.772962290999,2815.991203179449,2873.26408855601,2776.1984739028844,2772.058684065241,2837.34543196455
photo_fish,3017.47086197926,3470.0548001687644,2001.1724286598708,3024.50833571543,2129.0803960478006,3401.6839884680217,3112.1619630041955,2455.1441956205476,1295.59157705211,1405.5810981512857,2905.7423943790736,0.0,2632.4561429029236,3083.2221313623977,2987.7351206094454,2209.928221867516,2923.627350139405,1393.2522971277613,1346.119688631727,1760.8834036419387,1832.7447179220815,3169.001808027455,1371.4200583290633,3129.6746139294346,2097.7092191076945,3497.2593654924603,522.5151641117574,2205.8660168313477,3064.7781199504293,2663.669094855467,3195.122754468707,3233.3309238291044,1505.278910819231,3259.0775448728455,2888.370871791232,1267.5550781600778,2174.334491976338,2435.697232433402,2624.011134316497,2319.8409271053088,2650.5260226903147,1392.3937724840061,1354.4165801829688,1313.9962099264153,1486.3107333391156,1830.2996278607275,458.0309530791037,3181.014439583041,3284.756928395531,2279.1014312856882,1273.5199620383125,3103.2231122406456,2695.264797714078,2548.1725272960857,3085.3649276585775,2593.278299806477,2418.849930919248,2449.0252433284195,2557.03737764898,1275.333655302201,2621.5393244327474,2130.6551219842318,2485.0104019405076,2702.4384983737555,2325.3198453171804,1280.2739387620927,1901.7070876824268,1319.4019509322322,3113.758726409761,3025.6646805148475,2099.9634536039666,3087.7193732861,437.5565590689834,395.9595747293207,425.85186410406175,1278.4456040964658,427.91169168303844,412.3870269620803,393.65060783817626,415.28281806254193,429.63269538952943,422.41618339053036,427.383172922384,421.85479299709647,434.9823907031833,479.73642625219674,429.704730054914,418.1689843275438,464.5077731823276,413.9025615674229,416.0752070219686,432.32481992037236,456.751684013764,429.28325098279794,462.3446060421065,406.72118394302055
photo_cherry,2853.5757159825457,2781.4022634644284,2667.5182306494157,2841.513646720741,1904.0173962614822,3126.24193644918,3216.6368871272102,2351.6931757972384,3040.8920159271665,2876.584936944091,2886.832771363355,2632.4561429029236,0.0,2049.2286422040156,2861.0245371502183,1846.9418677993551,2761.4203617139533,2996.220429935182,2981.0302884004213,2762.2818991185613,2788.496424839477,3042.115101559331,1942.026507496179,3080.1382807375326,2624.4318579893893,2836.7957561703843,2634.7894636822816,2934.2530448930943,2110.5035083289667,3244.764257239811,2805.5895520866748,2318.917020609607,2760.0997709274147,2764.2039804259043,2659.6982945260615,2235.1536249125543,2790.587361429646,2564.3565328321542,3048.3413932001595,2243.537122105232,2341.567027024397,2996.2589386170785,2818.3054232092404,2935.8120875389363,2999.7537529322744,2608.44439414122,2627.7113062591234,2710.757439222025,3008.362701955303,2224.7119272889386,2943.823248272759,2826.9763520015417,2297.7944230626417,2338.5555831208776,1961.035932718088,2299.5183588083705,2180.523380309138,2831.6231601029085,2714.8168751086723,2954.040353138035,1375.6999253333931,1928.0916451417954,2416.963157445162,2541.4038043378487,2344.5604596403655,2972.731998132316,3097.7377387880533,2903.785614313601,2204.7497520123147,2455.9866857047105,2551.7572605126197,2635.2552850121197,2612.4606129335903,2553.468441344606,2601.562619331892,2974.0222987539673,2598.9523890461674,2606.1870836186786,2581.9832828227263,2595.4491244814435,2604.511610831193,2576.0787820768214,2595.650201754966,2604.3557315065405,2604.8748034836385,2663.0566773546825,2608.150351904651,2615.8642292080676,2631.9666431249507,2613.7519262616606,2598.064793710699,2579.705384749797,2622.0056623775545,2612.341069736461,2597.5783034444803,2590.788100158623
photo_tree,1827.6198337710161,2066.413041794952,2754.9436788110593,2470.317684368967,2181.774562097895,2637.2178144343147,2385.4645350362453,1685.0924424944174,3006.8494594708727,2908.4928490046723,3175.536970462581,3083.2221313623977,2049.2286422040156,0.0,2125.0289625943687,2012.0772185403587,1865.2862841241154,2991.591799187585,2994.4243078017134,2804.4520706483204,2868.7510243429783,2172.9887572235302,2593.3977720507023,2731.080483421544,2079.1841365125674,2320.0614634609124,3027.657248045124,3150.2963485855703,1175.9056778254867,2676.7834607627697,2196.3352066713537,1335.8896525797934,2673.855689361099,3011.1552774350507,2911.5832130450235,2817.0603872811575,2149.4316213770862,1862.375526326478,2560.955634641099,1809.5955482989846,1592.6253566996875,2965.7587219752895,2817.9360144577154,2921.509528600892,2991.63276068745,2673.009551235838,2990.177875915653,2146.460148034646,2480.6194648967034,2298.4340059845886,2921.565761802768,2546.727393536406,1580.5131854233227,1676.095677398057,805.1731056835289,1633.9959137377527,2300.2485868566514,2361.6314210183355,3020.0306695868426,2905.536176891679,1685.8881886552315,2148.0653534705257,1769.5805172048017,1926.9097585294144,2479.1193053856778,2954.707302201088,3078.2310750176084,2906.94233013296,1237.6319850652355,1417.7125797818196,2425.7658073528382,2076.388303494983,3025.459699377627,3061.4886239943553,3051.9426262204975,2948.6784410841756,3051.7139799375095,3071.895489499713,3058.7890026374926,3058.8501834064455,3016.2497699785426,3086.7276799423107,3004.522669058351,3042.3529915693566,3002.262459897708,3020.0360435180924,3069.706521828465,3021.030139751816,3024.3876220299244,3045.4467018850514,3042.4499529291443,3062.908520086688,3012.755402496801,3051.0908543139394,3010.5625170274475,3036.6135371006826
photo_flower,1252.7685791785498,2915.9397761847613,2797.6461392720953,3254.146383533138,2965.513519887288,1367.5591600687683,1822.7678016883815,1706.989997098062,2959.987530322815,2900.5033689380775,2670.4256778873605,2987.7351206094454,2861.0245371502183,2125.0289625943687,0.0,1994.1164645923793,1048.0916151021177,2936.807761176569,3025.2326949083144,2722.739998455991,2806.44735089569,2852.1043670544964,2616.2066793099093,2352.3320480764573,2183.988802102952,3160.0688377235992,2998.503781630165,3001.969676922033,1996.2313773321064,1525.9058076244946,2166.2393269072018,1812.1516877253534,2629.4670336843524,3493.2024939883086,1880.7839578569115,2752.5152797715364,2293.6605429992055,1691.823404336948,2221.1973470346516,1318.0348719197002,1615.9818598841248,2918.6818807509226,2804.945012766113,2875.536268630879,2886.181598575926,2656.7017303060707,2916.5521761109267,2132.879240433493,3195.5529911372196,1771.4485188056049,2870.5480297598474,1879.2093722818602,2339.6353786975337,1466.4540051925421,2157.61813561876,1677.4374840897385,2278.723636655812,2317.4027352883313,2203.7844341612563,2860.793055457834,2628.0087604697706,2042.3642108046429,1647.3656244965664,1248.1950193928074,1879.425835468326,2893.217187961505,3166.3633682083023,2911.9381015656827,2371.8473025542085,2517.39473356086,2437.929176296403,2109.6729347106993,2929.1957177430963,2959.035858331948,2977.814562561831,2864.000083765126,2992.305152827257,2998.1364062405487,2949.877157560047,2988.731158125626,2952.222945149828,3010.341111213677,2934.2005072527377,2968.8790922183166,2926.940032121646,2932.139735593533,2986.2433044494187,2951.0752754125388,2940.990071140078,2955.161222010023,2967.158620838372,2963.0072036965125,2927.6315115181847,2981.6723673476827,2955.8759503575,2943.193882748017
photo_carrot,1967.425999233819,2787.794667164875,2491.452566824374,2977.325642506752,1986.094645283041,2471.4864421673938,2416.5130335494114,1280.8610762718872,2684.924956087873,2624.0906995746277,2769.63701133535,2209.928221867516,1846.9418677993551,2012.0772185403587,1994.1164645923793,0.0,1815.090299485389,2698.2052606717957,2735.7760633617277,2457.1425613315882,2519.2438115447685,2899.7697352615537,1544.445842495639,2315.136437463995,1903.1593518604218,2862.146102365912,2312.407219817506,2745.9512604989995,2066.451438427374,2387.6336638766447,2126.801978739975,2282.738950427232,2412.3086710072307,3200.8667610389375,1973.2858523880898,1869.8047450369008,1955.8795325016065,1521.4147868494533,2196.4441490276204,1011.8968331954687,1295.520330121606,2655.8638190393985,2519.2805778192137,2626.7011756272077,2718.578719394709,2332.931770699668,2229.647847713492,2100.991418270787,2936.025668417999,1141.0595344079447,2620.5583495190367,2197.003380871508,2170.162738964532,1325.1008733368133,1940.6556867669372,1391.6986018928142,1254.719048655531,1941.4767980607967,2127.3413753393993,2591.7918596835784,1503.443529503614,646.3938196371657,1376.9961096969516,1608.0706892170213,1365.5494977196045,2648.64091235662,2912.574279741463,2661.452546141519,2182.450922703277,2337.062944680648,2181.049614349582,1925.3901004469076,2153.820518004678,2157.859522731016,2225.9526635834645,2609.465513533309,2160.813879327994,2179.9848553448032,2190.0109392339286,2182.570014642796,2144.6988030681255,2220.2837405257123,2170.0935139545604,2164.924118865759,2122.34295412438,2135.0358897483775,2164.446918566267,2159.6233950343394,2231.035565997476,2229.024912428228,2152.5265874702236,2180.8552665356465,2118.994333701275,2236.353405099973,2163.158756837804,2145.9171626594557
photo_watch,622.123460437313,2788.812662351517,2717.595189355841,3226.053391425293,2878.0266636223105,1825.4758161074592,1727.3327380233336,1506.311609289414,2896.3738770757273,2835.487609993467,3044.455566109327,2923.627350139405,2761.4203617139533,1865.2862841241154,1048.0916151021177,1815.090299485389,0.0,2874.880871452179,2963.3822154905665,2642.0904127592994,2728.6984613278787,2703.0277906349784,2514.2576245733226,2304.5562398305424,2021.5350760073213,3072.2455180654233,2934.8621690559303,2983.3191275570994,2225.608924178077,1916.8554126079387,1925.3899136330795,2147.565336303677,2507.4599974791813,3499.827232546487,2184.1231953117062,2675.63015008557,2102.5109080081374,1478.24867542023,2117.4490905362354,1378.2124183445965,1356.4391541624202,2854.7522548170973,2734.662593160038,2807.154769046602,2819.968898766351,2573.6882397224467,2849.859979167141,2025.115166449418,3111.6753772996612,1548.2799603169387,2804.670376546583,2283.0444484038107,2474.292039927401,1406.5425781187307,2026.2694693798512,1460.5218693781464,2115.9798797809535,2236.9468329892397,2400.5610264293173,2793.1448744563077,2502.6772347990295,1861.554717916499,1407.554616505538,1478.9858689683797,1667.6883607755478,2827.9898767543013,3115.843764778854,2848.461860583755,2282.022541209123,2432.7768386372773,2304.941342570974,1896.455195602783,2871.0493558477338,2897.9282043814483,2919.225188912702,2796.754825630628,2932.3349061039576,2937.8679617685216,2889.9196610348313,2928.6851429222265,2890.2005030719365,2948.82066831686,2871.6127173338755,2908.2134756584014,2863.5940691580918,2871.992186068895,2928.622789468776,2887.9368524615593,2878.091022511326,2895.754730374961,2904.209944889217,2906.904535053051,2867.3103955727806,2920.188391204805,2894.024981262097,2882.464284511079
photo_key,2967.859810849165,3388.8400372285564,1608.9107536338647,2847.122175943558,2618.732037265486,3357.189452304084,3070.0863281669817,2347.487507815172,674.8406978307901,790.3916926047498,2667.1209436595195,1393.2522971277613,2996.220429935182,2991.591799187585,2936.807761176569,2698.2052606717957,2874.880871452179,0.0,701.9384008184534,1365.5478413427481,1434.8819985180294,3092.1559908325144,1884.98054267842,3054.942553242509,1949.9348365290434,3402.277585139226,1103.406019918611,1893.8688523052565,2963.6516517143887,2605.705602975655,3112.0126564323514,3147.3240348828103,1035.410805977445,3036.102737396143,3336.022422075707,1726.8302856133728,2036.174182947784,2326.518506132174,2227.4921934836284,2423.5505035140827,2546.3262206311356,305.00660434299,778.1669182758684,680.7839029592365,428.2038304735747,1439.1258202363292,1148.3200861249607,3092.296370412173,3184.64711530882,2786.111055870285,634.5851104295458,3013.632083860646,2572.173580976426,2437.8875473661774,2983.5415227896046,2490.0382883014418,2593.607736628331,2325.9560437516398,3052.357493642978,666.565323728899,3032.1283654469603,2648.7771217170366,2374.4088404682134,2610.9630905557924,2886.015318410069,617.0253253343423,1543.7279839003165,683.0702736405484,3008.234836081097,2920.580339309571,1532.7741945327114,2994.7574466061383,1416.8071540603282,1445.4058306638935,1285.4682678882098,650.2687611548838,1408.6587745992247,1401.5058870112236,1366.9355262854133,1363.384434514984,1363.1642510454117,1337.6655217766265,1282.0264135597968,1383.462836964617,1372.3097944598817,1439.914428094038,1462.643392339104,1322.6804874043291,1197.0833060638724,1270.813216917684,1374.5765040446222,1431.5164600872397,1461.53521495176,1246.557849645916,1299.8177279781385,1417.923450858959
photo_truck,3050.1054235686975,3414.166547702095,1536.496363168428,2814.577302985218,2583.633594183441,3460.8386109796766,3151.5368805049775,2375.4969517858426,441.4403726843539,566.004392075812,2704.3184458039327,1346.119688631727,2981.0302884004213,2994.4243078017134,3025.2326949083144,2735.7760633617277,2963.3822154905665,701.9384008184534,0.0,1316.6578289650408,1370.969748447947,3108.6253837005866,1870.7821538932087,3124.652043123409,1933.881056283187,3415.344904437497,1009.1968474320931,1897.0266189484216,2948.5828671231297,2694.2315950832053,3183.486878001798,3156.4447001213152,938.5927588737491,3031.6810512598167,3441.2782895373807,1717.7396786683603,2028.4292846233145,2368.325823197587,2600.5381343216454,2471.7764920203094,2575.7666504567424,729.1359982576527,572.370884808513,444.1894613139482,898.2082108316813,1388.787111444873,1077.4142560264397,3149.165954569301,3204.801584208998,2866.3805401727677,447.78946924137125,3078.3321664707637,2533.8956305456404,2473.7124409005314,2972.10230734082,2523.258159447791,2855.33074121906,2350.651153369976,3146.0183164344203,448.016805061645,3024.734217199491,2693.4790409940874,2416.4031040272707,2661.6791681005666,2977.6769015081018,434.73197584484996,1446.3920254782954,423.6736348202379,3002.3031348676986,2907.965166756693,1810.1502800742842,3053.4971612217055,1391.8198510341447,1419.0975471878571,1239.0970907408557,482.89148583860657,1366.3050756197206,1360.4469812568382,1335.1134120337915,1318.905432748113,1321.3635803622174,1286.5038930270146,1235.3600350939232,1344.907582413553,1336.6845015000888,1412.662715009318,1432.3965341833034,1277.1139516130465,1142.5577876169648,1225.1667633422428,1332.907015459768,1407.5816455163506,1437.3665735134953,1190.634814546516,1247.5198738134766,1389.568607681545
photo_velo,2737.0351638952093,3298.9937127012404,824.6189919694308,2598.966780143991,2425.4068254779104,3244.6142428442436,2860.409509882435,2045.5108585168348,1335.8473411894397,1227.638752235952,2419.864795514358,1760.8834036419387,2762.2818991185613,2804.4520706483204,2722.739998455991,2457.1425613315882,2642.0904127592994,1365.5478413427481,1316.6578289650408,0.0,475.2547003867006,2910.5758479183214,1396.7378305149662,2913.0917517563066,1586.0930449048246,3319.826580172369,1513.8222294697039,1527.282586258003,2770.6946920410296,2343.4992001657874,2981.558164852774,2977.854919346525,1421.241480301498,2857.108121704662,3228.189370785519,1173.7840132636727,1665.2354727348009,2012.9936581437369,2271.425387871396,2141.5647907950556,2272.816841500248,1300.6342593392285,868.6449970341824,1269.2901508157088,1435.1520388119256,534.1648983099584,1560.835507218834,2959.956241217141,3094.9981795379763,2557.6872668539377,1208.625158145888,2882.9370433472295,2342.5255668875275,2165.158793618936,2796.545018056161,2223.330160655842,2593.6472948320898,2037.8467080440848,3247.047881015892,1190.4408731576664,2859.593636309413,2404.3919637021086,2079.1768667139663,2357.041663358583,2676.189560078925,1248.0801512060004,1810.3652907003884,1184.9431373061016,2829.079202668403,2724.230221081579,1333.4316003802294,2853.0964449729177,1792.2544898351975,1754.9845295382959,1661.3387564962163,1175.242248503625,1721.1422968771476,1719.8091874466334,1729.5587497532483,1687.5079873178881,1676.7252009816525,1646.518908159059,1607.5061715102777,1698.5940922986665,1674.9110992810186,1813.0471793315553,1806.9242262026578,1656.3546260541975,1546.1776893115496,1668.9935665236749,1665.758067674263,1800.8321089614333,1802.8937864964532,1623.3583858050233,1605.9930828212712,1747.3311867773225
photo_road,2817.2774035049347,3364.1877029931534,753.0153899371873,2615.483436070359,2497.933715988673,3331.909695161053,2937.541014915116,2112.2043963930264,1401.0323152709964,1263.879587265754,2441.08814005855,1832.7447179220815,2788.496424839477,2868.7510243429783,2806.44735089569,2519.2438115447685,2728.6984613278787,1434.8819985180294,1370.969748447947,475.2547003867006,0.0,2972.107060774797,1432.731047302585,2980.145809916294,1696.148044646467,3385.825157070083,1584.3848094453729,1587.6990286085847,2831.5968128576546,2432.2120764025744,3057.5211541412095,3046.499330058381,1496.4402065855907,2881.9797804775517,3316.7003979647966,1238.274250857706,1760.2938073852322,2087.2495903894737,2348.2384752400326,2217.9031366195672,2339.979592699624,1383.6347858206009,965.2616024924047,1348.4516121718657,1499.5969453079326,584.9608081655988,1641.6267234834916,3031.032510069292,3163.4264784573006,2643.0080195201267,1295.2322122990104,2957.5933592268943,2411.327103013614,2239.0304433526762,2859.4374843088176,2296.110280734755,2659.046874480949,2099.08065464028,3337.6575418105526,1277.2418016207243,2919.569321174623,2473.375013109065,2153.3111600103534,2432.183692514278,2763.0316499580954,1333.3836290744543,1870.2053761311636,1280.463301809336,2889.671020199558,2784.4319723869376,1408.9802885615813,2925.4867250704665,1879.0298759938282,1834.1434628169436,1741.3101320843148,1261.2371501903453,1800.628558049584,1797.331020320214,1809.1297530702816,1766.1149346579045,1759.8860923230188,1716.6693323599081,1691.3462060341508,1779.117325000984,1759.4825396938913,1902.8616316978666,1889.1695882368222,1738.5054711688313,1626.3657057109212,1749.81078896769,1745.1539005745196,1883.7670433399096,1891.3416876225183,1698.4997291571688,1683.2261277402579,1830.6637310634267
