,photo_face,photo_profil,photo_eyes,photo_face2,photo_walking,photo_standing,photo_hand,photo_legs,photo_bird,photo_butterfly,photo_girafe,photo_fish,photo_cherry,photo_tree,photo_flower,photo_carrot,photo_watch,photo_key,photo_truck,photo_velo,photo_road,photo_house,photo_mountain,photo_windmill,drawing_face,drawing_profil,drawing_eyes,drawing_face2,drawing_walking,drawing_standing,drawing_hand,drawing_legs,drawing_bird,drawing_butterfly,drawing_girafe,drawing_fish,drawing_cherry,drawing_tree,drawing_flower,drawing_carrot,drawing_watch,drawing_key,drawing_truck,drawing_velo,drawing_road,drawing_house,drawing_mountain,drawing_windmill,geo_face,geo_profil,geo_eyes,geo_face2,geo_walking,geo_standing,geo_hand,geo_legs,geo_bird,geo_butterfly,geo_girafe,geo_fish,geo_cherry,geo_tree,geo_flower,geo_carrot,geo_watch,geo_key,geo_truck,geo_velo,geo_road,geo_house,geo_mountain,geo_windmill,word_face,word_profil,word_eyes,word_face2,word_walking,word_standing,word_hand,word_legs,word_bird,word_butterfly,word_girafe,word_fish,word_cherry,word_tree,word_flower,word_carrot,word_watch,word_key,word_truck,word_velo,word_road,word_house,word_mountain,word_windmill
photo_face,0.0,184.99022861313648,205.69961438032428,193.5769928017983,175.51342790574748,173.4601861916183,170.26333072227018,165.36475865536084,189.28096809527318,212.25730334528708,207.10352158081568,188.55279953261012,191.77853952165592,180.18040854425797,173.17493000954863,168.62358862579669,180.75039712158738,184.67305277964158,201.0938032783053,189.95311916740116,214.94556928239345,201.1593527250115,193.91874580631014,204.32977470718157,174.06869287651122,195.81012731783295,193.66508953422314,195.08139710847266,181.5627019562703,178.01467907746573,183.80462820574581,182.05178101275868,184.34528657245713,203.64723444454071,179.1371497203682,192.00105746763,193.36856529016382,169.87018301555716,176.8462364174988,169.33249735265298,169.34172989937298,190.74912187179015,194.42962535304426,194.9589130787776,179.67541452159116,202.2409616317548,180.09489499227047,193.5650978086317,198.50425216725898,169.64106818552546,192.32548324598253,177.41046865774229,182.17881172869363,177.36295569254295,186.0348457803012,171.00655871018873,174.44728164694942,202.94916165189684,182.15234721193633,193.0506616532738,191.17922106483206,176.72597089510978,175.66278027875398,170.02740450780766,173.94789054150039,187.43930618090783,194.92904660257946,192.3002045266384,177.38323983134714,185.46796272912707,182.94617733440987,195.2700790250088,173.40703522385687,174.2812986428473,173.02363913852207,187.4315734459714,192.29953460629974,190.8912228888182,174.300963928985,190.13446358275496,189.5876979674075,190.826958261677,183.3970618644212,191.95143232975352,192.7648661115729,178.9766193579685,176.3811527479141,190.60791676200532,185.22322936458082,170.9767635579273,190.63033588539273,174.38422791716025,177.2907320951514,185.92673478089782,200.60880759670493,179.06274398174563
photo_profil,184.99022861313648,0.0,212.6722756777663,202.20890284301933,193.5567202086787,193.58029086266492,193.17475376239406,191.31983240935247,202.68732721229983,217.30414956119753,219.42629521617087,205.39207572642272,204.71770683996917,200.51344919438685,196.3547497906933,193.59313395326177,204.4262908470218,199.11023599786836,212.4574564306694,206.33962996369405,223.28569005229693,202.3967935056051,204.4537015209878,210.14848571392983,200.50012129519922,191.18667025883008,204.67275336345054,205.17709118102695,200.09001841185977,196.612803173605,201.81680801627363,192.39795835417013,202.72710407914775,208.76546010855708,193.95359295182604,206.17262363843622,203.333796927839,196.77586234067493,192.53719793289264,194.52079242608977,195.29875402833778,204.00320046826977,207.8484939107911,207.80289918303157,196.4158702952226,208.9684287953281,197.59977328010606,204.26563172384246,207.23169165914945,193.76327958675012,203.7700383211955,194.50603299970098,204.34903013538087,198.58904284807326,202.81434176805104,196.26926575504226,197.56402385937199,207.8911657514644,194.93755917865954,206.25762497843522,201.45078429766596,196.07966459799448,199.13590227855073,192.86544126109163,196.22775995203267,201.64511791972868,208.4042799894548,209.97354238586408,194.37132581147918,196.36093094470883,199.51935746670728,207.85716272950418,196.16350813766644,197.11231406337288,194.36530376745134,204.47042912879516,205.81144950196094,204.83746458601905,195.62545797112563,204.71256459218,203.07680069501492,208.34377043278192,199.05645893070547,206.5725945109573,207.02954532457105,197.4371788850829,194.7406059063226,205.79061693925786,202.40633620742787,198.21301955362324,205.4071826715857,197.07072646368096,195.94943522634875,203.28429786433418,217.78228737925463,197.1942944741914
photo_eyes,205.69961438032428,212.6722756777663,0.0,206.54867109847635,205.16297130449743,203.9373690016794,205.0461649033348,205.11423391013756,192.80090118879448,211.12656250814257,216.04586472179588,193.12507872139062,212.04275621537118,215.5077663880558,206.04330273205983,198.5706249310604,217.5189407818965,189.21535383881493,203.16375480918333,199.59066830362863,186.1661723652533,224.40940611329714,201.5444779921595,221.78417165447473,207.27706493669646,217.40206629591106,189.686265920883,205.81176236470498,213.35981776198227,208.0824850297386,211.9323717196761,214.3444186323582,197.00764671136423,206.73073288779253,210.84556157041607,199.2914745171133,201.05307463067587,203.6164882095127,206.4167027998221,205.3613152306625,203.6156326018629,192.40121074931002,201.77589655269782,199.16670671188479,191.11593253925776,196.4505950838938,195.16216414795892,217.61009181298957,216.0841641813259,201.74227000897127,185.80276831017684,208.98527294718428,214.31678481653088,208.97793462611625,214.95735497066042,204.66611555286354,204.45080948887343,209.3839839270878,205.71554985002052,198.72580593860107,217.37291531661106,204.11866156108698,208.52289831969182,202.28506133284924,204.42264346796662,189.81430367245565,200.7563852195964,198.94460349825553,209.31502991838485,215.51278105914835,200.84941163391994,221.37775074353488,191.2630033049921,189.75037965923943,191.74832451472443,193.20656819540764,192.90614374938806,190.9916992496821,192.07231367019975,191.96725573762942,191.52423430455346,192.78865380694143,189.11531888593012,193.22118563987382,192.03714970894995,191.317941306759,190.39083458790893,191.70095189135387,190.6266082982348,192.33114854568407,190.64675952075186,193.1902146502767,189.79684299077996,191.42521248351127,203.01982510760664,191.83086928732314
photo_face2,193.5769928017983,202.20890284301933,206.54867109847635,0.0,196.28396772291146,197.79416587493648,188.0168128762087,195.27768844627326,191.055326955184,211.8233901621819,213.22625896802953,199.91617726527738,206.16186966710634,204.52574396488663,199.15078900691876,194.83600308304906,208.67822136114674,196.82455893293678,211.0515184863017,204.0384177348759,213.1385860257267,209.46792549318954,207.4480208484301,219.34705992172985,198.04885120508888,211.38609590892352,205.08317931054083,187.73240862243387,205.8749358638825,199.5297748812558,205.67874659553348,205.50096119915122,199.88221515802994,207.44768214585673,202.89193187429814,207.61899515806874,205.30148546237447,197.46035793607584,198.14785141172234,201.82044300632387,198.90890454089669,204.67032533031568,208.0103358110487,206.1279880347169,194.4663785605508,209.36573544775203,197.7370518121375,211.64187453415516,212.64789550665694,196.8236235949812,207.1783625085419,200.3594726548392,205.3845144904693,203.70687354976792,205.13325745108747,200.9348395736316,201.25949862443863,205.3072530359716,201.55593993816913,203.76980601214274,211.95618453068045,199.90456222467495,201.0245338827204,198.18536982380402,199.92103664591744,201.43317969207632,203.9601709986842,206.7305842856781,200.94132747468097,206.3407025392584,198.47249216146523,216.24673838425585,196.43541398101647,195.5717703726737,194.82223903615704,202.35080339397572,207.3703597670129,205.49485894214197,195.8168363546662,207.35964540280688,204.67524275276497,207.04958871038875,201.60297018515783,206.99427020460317,207.84468122501448,199.44507800908767,195.34076042751425,206.00517766657717,202.66098509474335,194.88581629529827,206.1261323432833,196.49195328753262,198.25380451331623,202.02918584566206,215.68814840051948,199.10774574582496
photo_walking,175.51342790574748,193.5567202086787,205.16297130449743,196.28396772291146,0.0,150.6991151148222,163.69714802231007,148.39431636593358,171.28292180608466,196.56428486128658,197.3255396860509,172.21805711138188,169.73668886145595,172.43107005233955,150.8613551088354,147.2410766488827,167.6151029428732,165.02162054128274,185.99855818952045,171.4598277975453,201.7290318193722,202.2905272252266,171.31993956155603,196.27151132546584,163.6779222845463,185.07490524926183,171.5868906033953,179.01779330284802,150.7189532639835,161.88185151127757,167.1394269455696,165.98746220852834,166.22948806643126,181.21294261355533,156.14019139400475,170.01608883064154,180.360458516963,155.72474796213726,163.43837074432187,150.739865143573,154.93301357997598,171.04332449530273,175.58999821654143,179.13922800703884,157.2426463147416,185.1708504016346,154.06566485569917,180.73431701601157,183.643728084623,147.4033930194427,172.42855891813917,159.57750957002835,160.9923020125944,159.0307789487718,172.9902664144109,150.89465761396593,149.99644121568687,184.15979691549148,155.78476768111034,168.5726648852822,166.46500311995254,151.16921932468583,162.72918026942162,150.85398849112022,152.55317365601962,165.09744675344615,172.32901831710728,179.06880298695586,159.23403884196273,176.92961642562992,162.6831591378795,180.9738440828349,153.70519477008204,155.86321699169594,155.349054170179,171.52011194809654,171.9631480464329,171.2725434032733,154.27065550592508,170.6446005361127,171.02131776276482,174.34400680948394,165.0916077128912,173.97919533074196,173.69280276138426,160.0915789816019,157.07629148735995,171.6497715354308,167.91812571242673,154.26140800022165,171.32948738747604,155.28547641501578,158.54379444132712,168.45096307574326,184.1612360855935,160.82694845324673
photo_standing,173.4601861916183,193.58029086266492,203.9373690016794,197.79416587493648,150.6991151148222,0.0,162.17822769500697,142.3356372063599,174.0490010802862,201.0874866618175,187.27623548349206,175.3720272748144,179.00234887961926,174.33341727281953,133.64128921978153,133.5409654556978,157.90128479209298,161.61314129329523,185.07683421054267,176.91885558764847,204.38414738384822,201.62807775545647,175.14306267521977,189.92364167160568,163.07436208675935,185.6987464473005,171.22240383616554,176.3446142276139,162.03504059424526,141.6924328055742,156.6072064742325,162.81316744052953,163.96234110770118,168.65388520514566,145.07537789032477,171.58365879318518,174.45767745170915,153.74349529526685,150.80254458859451,131.3003300856631,147.00244102200386,165.9355637186001,175.28782383957423,183.25337533512007,152.19855749004626,184.7564681617876,155.24737031846206,170.11632756987424,176.30337708508534,129.8051674083931,171.1943104096444,141.96629395324283,161.14456610068984,146.38925485506542,162.9305213534763,145.1810197372974,141.7988026000567,176.7955970173705,141.83441289438196,169.48468334881514,166.70610757409275,146.18466639779575,146.50998657872597,126.23394362829855,135.27512471882096,159.00226145170234,171.40467551471235,178.30382203975307,149.625338223147,167.85624951628574,155.5788295520489,174.18887477846465,149.9345995477352,152.9016999955896,150.10938226415288,167.2585790072913,170.50633755179558,169.4307037014336,150.95308205116172,168.6661413060332,167.7189548772239,169.20873244536457,163.11143668247976,170.32191424255987,171.66703966591592,155.76316442902095,152.77102875145738,169.6823572718979,165.2365942236742,149.92384365248276,170.23358735250446,150.43815597773525,153.46104943033836,164.56865859421941,179.97628932273233,155.2927324676116
photo_hand,170.26333072227018,193.17475376239406,205.0461649033348,188.0168128762087,163.69714802231007,162.17822769500697,0.0,154.03340248524216,183.51403355893697,203.18979004791498,201.66557520516133,178.76128399485043,183.0400411281778,177.24469129709618,163.87046577704828,153.42159963700044,176.4665603667787,175.5509424875848,200.40189219936892,181.24281549742932,207.44680319355908,199.55446711626018,189.3841804986503,201.4675319967843,180.41953146322294,194.97147638151603,182.155551040287,190.99648471795078,176.4235419742085,170.91387855566649,173.44163756905073,177.83129339796307,183.25102607759268,194.83915959086596,171.96836878025695,184.16161622139757,186.91559410441806,171.1848247437619,172.3106082575426,162.63932995988156,167.12787618779,182.24831626546003,188.31469806526692,190.78236573297752,169.43579007964973,196.2388547605414,173.05581581622496,189.13739294031126,198.1572999951457,164.2538073342487,181.03663268254078,173.8467907734861,180.61105202963566,174.15730812989028,172.45009031524805,163.491767157296,166.4424702503295,190.1226842364165,171.93962626989514,183.04918852609308,183.14089016219702,171.19495207726604,173.81365426136458,160.5848793572313,165.5479358464459,178.46041065576281,187.66750683155524,188.34351431815276,170.14285180361293,185.6118619414536,176.25759631952863,189.79592708883402,169.58400274868674,168.19011751208336,168.2457528646691,182.45157194790764,184.25273154899426,182.20454382495137,168.67927935705785,182.4341356202094,182.32390861748627,184.27254262530343,176.6717662516082,184.68812758053798,184.72719422127886,172.96392056108823,169.79954604457615,182.7808368200776,179.43460987599983,168.23781226958906,182.7254658964914,169.42131713738,169.38934296597665,179.88421523632852,194.0864059401902,171.51543126228506
photo_legs,165.36475865536084,191.31983240935247,205.11423391013756,195.27768844627326,148.39431636593358,142.3356372063599,154.03340248524216,0.0,177.5049499796811,201.2283411057399,196.3962723706933,174.9541677112038,175.18559697271175,177.0202982989072,147.11542918618915,134.11798834811177,165.1400798587086,167.69840201062365,193.8370040700907,177.5065832114874,207.56808895947833,202.47632715357992,183.22067022159234,194.66505439949023,165.5540835255627,189.85256462066636,174.27347792740466,186.27428260827705,162.0884273493948,160.02969018299606,164.9530512681806,166.51665684518053,173.16012466982588,185.5140981508811,161.5493340112254,176.65475976961628,182.97256309429014,159.145021740607,162.87449044366795,145.51754242933097,154.01456951657272,173.4419654417226,184.13381467442545,187.20984410938502,159.1342244856013,192.06670878383028,161.9683920916786,179.67697295358624,186.64178231771336,142.3058500825215,174.16756540735273,155.89072123041183,167.6251479002852,156.07920317317107,172.81078349525296,146.06236143809434,145.72691330086195,185.6353303038842,160.04914571485426,172.8909134621667,168.89564610385085,156.53971175008203,159.7180325775079,144.69904754181596,150.2506030957864,167.5927141963577,178.6107389233982,181.42697359542836,163.43860269480862,175.2051972033621,163.601053382337,180.10634707490425,157.57764397608037,158.5055054004886,157.50703154060014,174.1890712985599,175.47852371471416,173.55787533177758,157.53266379029367,172.90131647204367,174.01554041902915,175.46645888672785,168.1093758379011,177.03289620805094,176.1545533903611,163.4817483577343,159.98443323833848,174.1870123851566,169.97008780813408,156.68188155372596,174.04631120532505,157.8533193181458,160.47841777566362,170.90251772309205,186.85481661548397,162.37123223559098
photo_bird,189.28096809527318,202.68732721229983,192.80090118879448,191.055326955184,171.28292180608466,174.0490010802862,183.51403355893697,177.5049499796811,0.0,193.8234328624286,184.06122822016607,158.34260620312835,189.35247713931005,186.00645522599166,172.71322755150885,163.6877001620341,180.1013930774215,149.12621903613535,181.543345227408,171.03986296544718,194.06465707368812,209.43406888225786,176.57968034554227,208.69920509656612,171.90245641637915,190.79592888535657,162.27516435823316,179.00189042318902,179.6791542864438,172.6090417540802,177.48437611537156,184.06117309317486,150.96830763307486,187.7688743211948,173.348496395558,166.7735807689125,185.6393225473013,169.95963178698145,169.5437216475961,169.32389590646238,163.94808022092099,155.22770600775493,174.0913127803905,175.4411525311215,152.11364766970402,180.01217396874674,153.0354041181873,191.83462803623718,192.63171127037148,163.50292446442515,162.88178366229698,172.20909099615096,184.72988060548158,176.74155452427573,184.99791024411414,169.62738742237488,163.67267677931002,188.95037444800298,169.85462735427723,164.07702915539193,186.92723621909738,167.3044069390876,172.41233055298812,166.9424682096137,161.5587110406028,148.99520224682726,173.43131062249054,174.53414418465275,177.88902724730406,186.46315784348855,169.0622299825364,192.51116079730159,150.5241081421522,152.19014234382777,150.09964570925735,158.01649432040233,164.48172487220407,161.48644114085786,151.72546218243582,162.4291457425277,160.74994778028045,164.81040290918006,156.1731367111512,162.30833540692313,162.24189691514948,154.14869191494827,149.9307193940854,161.1262323023491,157.98271382823174,151.9198502197292,161.88231083862922,152.77531266971206,152.82550297293508,156.84470796705995,174.76385245298255,155.39069959060748
photo_butterfly,212.25730334528708,217.30414956119753,211.12656250814257,211.8233901621819,196.56428486128658,201.0874866618175,203.18979004791498,201.2283411057399,193.8234328624286,0.0,217.81053394816337,198.5515093445244,207.43809811856875,207.74816390791287,201.92611563209672,198.10742074848147,212.78368880560197,193.96039771343445,206.33369058618317,193.28655727016968,207.1608915374161,222.73922393260955,203.45181732876324,216.56491991912986,201.36632245039837,203.03623014064272,196.4044324607412,188.17528421146946,197.08055645613962,199.45369271172066,204.4804041885103,204.19835827383625,188.81647553262613,193.47227845175064,201.85944440872527,200.42587756002126,198.72091447208712,199.9792798334425,197.76991025487882,200.16367858488655,197.21583159854083,195.72692751876124,196.94670590883123,200.34201257755336,188.48786636951527,202.61978623177723,190.77823101873747,197.9583122520877,210.34909009212075,197.46390508319723,197.18538103066024,198.42256102333087,200.68503234335137,194.5252160162773,204.8235753621675,199.4955953393918,199.1313366612303,199.1299881453718,197.49757942515896,199.19281198992286,211.65275200106453,196.27422660109127,200.5668407638832,196.2182502975687,200.4559051382351,194.48701121709803,199.23443601502552,200.34489775860655,201.35118114175458,206.5518086604626,189.26146364651007,204.08058277686652,191.57768993010998,190.41063426915977,191.91845774215042,199.2669648948459,201.29395041365606,201.2242980277671,193.53172945265217,199.78818677073036,199.34335490797773,202.54407740383047,194.9233448391799,203.65638419111315,201.07832750449938,193.394609866353,191.478638878753,200.40026927666142,197.91668964330086,191.88516157741935,200.08549382410197,194.10463766955743,191.0374851255479,198.31104999524663,212.06880730895926,194.65881830796107
photo_girafe,207.10352158081568,219.42629521617087,216.04586472179588,213.22625896802953,197.3255396860509,187.27623548349206,201.66557520516133,196.3962723706933,184.06122822016607,217.81053394816337,0.0,197.32919862278382,210.69200658072936,206.2702631407851,189.20169235842474,186.22510587690766,202.37505420389624,184.62824885291295,203.908203388756,200.24525381411524,217.74997580436985,220.0267765508759,204.7140002214069,219.34830730834227,196.23609993525787,210.59632263060308,194.19829881829554,201.34544756953238,198.963286993403,194.3103071714091,194.30813052929992,199.29122660494963,196.0164971326523,200.77117042107315,186.3143525799291,197.7849675831368,202.26653405062933,191.57359341625138,193.16749425407514,189.74319040006108,189.20122686114505,191.25137903316718,194.50411063661244,201.58687904467243,184.71327036934636,204.52530282354385,187.87330510504668,205.17016300540158,205.92762806068197,187.99442208918245,195.38122824061088,187.73395430499576,202.48794897200696,191.48210158434523,201.00432170255598,188.88492235149533,194.85247048596963,210.29887614531276,186.288840954347,197.17881128802733,203.45225148541175,192.8432166024428,188.13836540285274,187.37900867228836,189.1823379027331,188.3951007307129,193.9119996474009,198.24206672806122,194.56365242127245,202.48428260100954,187.3962594107597,203.4548539934795,188.64738686425926,188.0360700670986,187.2161070364275,194.67344062717348,196.51035661103916,194.86721527528096,188.45909705649652,196.92198676991916,196.12511110827063,193.99818366270563,193.32068339932596,196.98789863897244,197.35879844207915,190.75972461823827,187.92311067351542,196.109834048416,192.12159726492317,187.9131775315691,195.60903324714178,189.7954927279158,187.53349418379167,191.89209343062157,206.7688656231319,188.4528234676365
photo_fish,188.55279953261012,205.39207572642272,193.12507872139062,199.91617726527738,172.21805711138188,175.3720272748144,178.76128399485043,174.9541677112038,158.34260620312835,198.5515093445244,197.32919862278382,0.0,189.9474787543868,184.69837276679598,173.60348909179103,158.823602543192,181.01646840570575,148.3553751595135,177.89602428404987,164.95922337443403,194.2240905708085,208.5599151047955,176.05291699075798,210.43281020191372,181.21296060971855,195.4416192605451,154.38698034984077,185.41207130538544,186.928547668968,178.19005494647152,183.12451463256738,189.6225293065057,165.8137841875808,191.55211715164893,177.67592542479966,159.16063226743225,185.50570635315646,175.29339124503528,176.82210000165404,169.69812168098017,165.91634273839279,155.67968261123457,169.57029285583607,178.2605082289971,149.32592693992632,181.53948418146297,151.84429441901287,198.55481083816477,195.83692104493883,162.96318459315214,157.2143583964384,175.54259070594316,191.18550317949493,181.74834873920545,189.71748186825172,171.1773582433683,166.6019665088708,192.49652050618502,170.93172098636242,151.50476062105653,188.7886206114162,169.22210130394996,178.642236794591,169.98252220876475,165.48108848368295,153.0795684299588,170.6210648270334,177.35959739690279,177.62046557431265,188.25626972334416,170.28548890002284,198.91702903151736,151.16581111983857,150.40450262199082,149.19078829538523,157.9173587045955,156.34934372760483,157.22922314388978,148.90102924446796,156.03960127216922,154.08357370868276,162.99907086750449,152.5268872690132,158.62922689816082,158.12220206930039,150.95312806292674,150.31001884796265,156.24545495082168,155.48831934052183,151.23263187611715,155.79476919690416,152.42388643780924,152.27157774386313,155.09012896467394,171.78396636025863,153.2663994988342
photo_cherry,191.77853952165592,204.71770683996917,212.04275621537118,206.16186966710634,169.73668886145595,179.00234887961926,183.0400411281778,175.18559697271175,189.35247713931005,207.43809811856875,210.69200658072936,189.9474787543868,0.0,186.06534822237342,180.39558478052214,173.11686053380416,191.51374978741816,182.8358045257753,199.65208906856824,189.37371639150393,219.0015708412138,212.80386359504962,188.84841984903542,207.48157881699294,188.95006361795197,202.65151751674304,189.24240382120286,200.88775620879952,181.75618898499633,188.08220405679305,189.50469213335637,187.54179548763636,188.72054422248422,197.66699861652623,182.180021950142,189.02920386393777,192.9195401231771,181.29847378201907,189.90252726823815,176.6344594673802,177.5010283437615,188.84982754004648,189.36501389389406,196.42385364489286,181.0584172598321,199.24933752694716,177.36275909005465,198.60421721130805,203.16900995978006,178.21774243926137,189.7378154883193,185.93415173567473,190.12178863683997,186.3566735653356,192.9848932343086,173.65284044390265,177.62886079033305,195.45564393122277,178.47285484627415,190.73499052952323,186.63027337121483,177.05757552742688,188.12493057059135,176.49700402691434,178.59730336110675,184.94309543099604,191.85718076808863,194.98898897048736,179.93446587298652,191.69267189298657,185.1734962876259,200.43937995763827,176.54202925341372,176.3143796340358,175.61119292789786,188.62639152412436,189.29111579438245,188.15989206157485,176.17158029721728,187.1784737315594,187.23985817013977,191.5258245542798,183.05777661064224,190.54432033465935,190.76820638243564,178.46842353529937,175.86001391580936,188.55776197656678,185.79355451931275,175.735490362546,188.22324925126915,177.69619802869695,177.70997786317074,187.06118654950723,201.41000502727147,180.28489361625842
photo_tree,180.18040854425797,200.51344919438685,215.5077663880558,204.52574396488663,172.43107005233955,174.33341727281953,177.24469129709618,177.0202982989072,186.00645522599166,207.74816390791287,206.2702631407851,184.69837276679598,186.06534822237342,0.0,169.87632564220215,166.23509642208367,168.46611691653771,179.6855221867058,201.0252289169892,187.68032309391276,213.38804773784153,194.1941176868781,178.56018912060438,201.26540425672147,181.48606603298916,199.85625797479918,189.41775979655966,193.26293922748735,174.83694989285203,174.64168178218915,187.0174049005301,180.76957381491283,180.40230138580057,196.997361946093,171.90902549568324,185.1955451796884,191.6732958225748,158.1481863906211,181.29783527483445,168.72103770078863,164.69031411688383,187.21553424165398,189.91910538947243,191.25143608716172,176.77959598207184,193.85864506557735,172.16621369695454,190.55455537238916,201.27000345506804,167.75732780590425,190.56920657332805,183.15181558733045,181.98152693274844,179.23375650208894,185.0575877747102,170.12150030409185,171.00012182697967,197.2145314963653,173.93036846877644,189.50163119251857,185.53251430651787,167.9082474373172,178.186939310934,170.04598971230845,167.48849795036753,182.6608471965417,192.9570930824973,195.97365886043673,177.4872437345401,185.7445139347885,184.36265921244993,193.73424346202148,170.2409894689927,171.64605151234352,170.191713667072,186.1114183908695,187.34575861938646,187.27294664365874,170.85288176541826,186.13450400853395,185.81812272364573,188.13024401526164,179.49842055425376,186.92223894400067,188.45875614782102,176.09217823458997,172.60599639896492,187.15121465848287,185.34138171094833,169.85849617370116,187.23268748159768,172.30414946111506,174.87179428555152,184.03584277635127,198.65823485882018,178.1625213614038
photo_flower,173.17493000954863,196.3547497906933,206.04330273205983,199.15078900691876,150.8613551088354,133.64128921978153,163.87046577704828,147.11542918618915,172.71322755150885,201.92611563209672,189.20169235842474,173.60348909179103,180.39558478052214,169.87632564220215,0.0,128.11862791955397,152.08220942213555,161.2202321441856,187.3307519049016,176.93454910079774,205.09596264840044,203.22026519554365,179.4523412982058,199.89130274398974,162.4574934497255,186.84923024398765,170.1406193527304,179.79791685600853,161.4682807866564,146.32753166305233,157.19105927466498,165.96738054234825,164.16090300207034,175.69894162556201,150.80991187808365,169.17549564021408,175.30060495796081,148.73425526020227,149.84677349025804,127.80106959876383,145.6122529928187,165.51002187576637,174.86596552735722,182.8265390353073,150.7941533430408,185.96647628155986,154.04892988580107,181.3905500420783,178.2849121539119,130.05850514865128,170.1081701767699,146.57960344284544,162.36318447694387,150.3823651315756,166.00568452217365,147.0213949783113,141.07294733014376,177.3338357264696,147.47392114871843,168.3758212930314,166.46446927383082,144.33272858921035,141.89070526939298,125.48367255122935,135.73794573460904,158.7109890974032,171.42916123934523,178.78005153451818,148.57939333436553,170.3318410470239,154.83797577980116,179.30660501184548,149.47979467025473,151.64960738821503,149.13132977977497,166.63331262460088,168.1394894847416,166.71043685898346,150.02029927684742,167.27955335493957,166.98934939290996,169.75226312090516,161.3286680948422,170.01753000235084,169.70637551618327,153.32516231355444,152.6169413501555,167.79500767413208,162.62660762401677,148.38522839471258,167.74777383637263,150.49828809395856,152.34756804975405,162.3857206781774,178.36923759675253,154.3365591064752
photo_carrot,168.62358862579669,193.59313395326177,198.5706249310604,194.83600308304906,147.2410766488827,133.5409654556978,153.42159963700044,134.11798834811177,163.6877001620341,198.10742074848147,186.22510587690766,158.823602543192,173.11686053380416,166.23509642208367,128.11862791955397,0.0,143.83286746661892,153.3558631031589,180.99225842010924,169.48238095037465,202.321631563188,201.17013777297166,171.03278277069637,199.26326512174248,161.75827572967526,186.29896870838618,162.37050116202704,178.4691177036707,162.0893122128097,141.80954556236856,156.58465064640413,163.67119531938192,160.44733473558006,176.23380220978189,148.52266924195186,165.0781834199621,175.59433903657484,147.9550373463962,151.6326462443302,115.62784666340619,142.5370734909475,158.40402131056925,171.59431629602477,178.73385611834325,143.0303026869482,181.2869123790039,148.274323563413,182.49123854568313,180.45403640270388,126.91797422691684,163.04784104736726,150.6073399680917,162.34612788310656,145.92301027262093,165.20316040956584,141.19936196131036,135.36097789402893,177.353039024936,143.1480446073066,162.30064188215326,163.092522741815,139.12079962363677,144.61100037354737,119.94459169044217,127.88615884915319,150.36000670974408,165.00902757909742,173.14032486670976,149.49198379062776,167.56434829463922,155.66471354303303,180.7161293418505,139.88245011371316,143.21846430018812,140.30805249040304,159.61415828422662,161.4823312775193,159.54665851584951,141.40334377111157,159.34868677833254,159.92186692181883,162.04045112606443,154.27751287303838,162.20151783384978,162.8045968218271,146.19601037305532,143.46077859475974,160.90206900763582,155.37511814654917,141.4020109662225,160.52675559569505,140.88318318914543,143.67520335796783,155.46198019578063,172.6238857838312,145.79723277312556
photo_watch,180.75039712158738,204.4262908470218,217.5189407818965,208.67822136114674,167.6151029428732,157.90128479209298,176.4665603667787,165.1400798587086,180.1013930774215,212.78368880560197,202.37505420389624,181.01646840570575,191.51374978741816,168.46611691653771,152.08220942213555,143.83286746661892,0.0,171.73245385259074,196.904864933659,187.3915942749632,213.79663437934158,210.7450322256805,177.3348604250162,206.6239589096348,169.8869498956013,194.17452665592808,180.72660471959713,189.19952456645288,169.93529209685997,153.23105774542765,174.45626773600853,174.64839004016662,170.3216394287624,192.03103069936907,160.92079792758184,176.25401959636605,186.78628810607705,150.4531267785945,164.47045449085667,140.52614976294785,150.37748936967404,175.08769066964572,184.55949718828916,192.12215965619436,163.77847706989203,191.91988535347923,160.06979872639056,187.73889238039425,196.2201215284889,146.252534650205,179.93744028420792,169.58423030971895,175.99801364931074,165.28672354048678,176.9479003584609,157.64421307268324,152.7487769931469,190.9050562133172,162.96851415402614,178.49201125810546,176.04146922115928,151.85646512923017,153.90690641153782,146.2628853772745,139.4875827292366,168.8204485622903,185.42322045564507,188.47320196883715,171.19991590472728,176.46556816128333,173.74094313409392,185.930768559906,155.91523078992847,157.82149752715316,155.17164043433525,171.19334976156495,176.56057590504682,174.18749925562352,156.29733181918246,174.41573176048058,172.34233143790098,175.34346291362132,168.08183241985148,175.04901066582377,175.73332673865775,162.2755413416581,159.84084596673583,173.85940856783935,168.63953608205824,153.87353136890133,174.55539930972338,156.43832455710893,159.07272147226365,168.1921440187987,185.7536759137952,161.11245201304217
photo_key,184.67305277964158,199.11023599786836,189.21535383881493,196.82455893293678,165.02162054128274,161.61314129329523,175.5509424875848,167.69840201062365,149.12621903613535,193.96039771343445,184.62824885291295,148.3553751595135,182.8358045257753,179.6855221867058,161.2202321441856,153.3558631031589,171.73245385259074,0.0,166.016609774625,159.1270232092173,190.00875232250917,201.1169948699966,168.10301025989781,201.8438330743257,168.14306554615933,180.00981026578455,130.9564023591225,173.29754449282427,174.50563821859157,164.14981823577725,165.40875917670382,174.63101002698508,149.0193126257992,176.94610277296573,163.4526137452387,149.07717675904306,169.77175473810186,161.75959186650962,159.70674942521035,154.58034572109892,156.1492043110695,110.56858707789047,156.33226840042295,162.9694927363322,132.01878371091527,163.4809248320285,134.21223709836434,184.49491671974218,177.2525835158107,147.61485051298277,138.17624992055363,159.83516529302725,178.35627622291048,167.7090684001181,172.91216722830993,156.23467577888223,147.39122502343656,177.87315005560333,154.54917709260883,146.82378231127117,175.00621819206737,156.7784995658391,163.9438378745163,152.9481642112507,149.6858708098544,109.88699501898255,150.99133117000744,162.6000848311515,161.29278036916438,171.27353854058632,156.7394448084289,183.32404010284773,132.06433925987784,130.34773009844528,129.21353270844423,136.4041378189852,136.3389108343634,133.4315634902409,131.20672677035583,135.49649466438117,132.54266943766078,141.92317102448982,136.65157008042468,138.895265863241,133.58892212623337,131.20821855650377,131.13798307706102,132.35085296801037,131.48236649199427,133.3865419872547,134.23848514449082,134.83528899942735,128.50715671875093,132.89263371932438,153.42735253440995,131.23209091614783
photo_truck,201.0938032783053,212.4574564306694,203.16375480918333,211.0515184863017,185.99855818952045,185.07683421054267,200.40189219936892,193.8370040700907,181.543345227408,206.33369058618317,203.908203388756,177.89602428404987,199.65208906856824,201.0252289169892,187.3307519049016,180.99225842010924,196.904864933659,166.016609774625,0.0,175.619471973916,200.85473351520622,210.44885075988873,181.90798219447552,216.4420531472244,184.03071816003526,197.35951682045047,163.89174422739327,181.95949888814303,195.12091364193395,185.29581848629505,187.2334401933857,193.78217027155347,174.15861089324406,192.18742566653236,185.8857701181007,170.05945877387956,190.84527288066576,183.44619445898476,185.09352237730818,180.57611348389912,180.11633035300798,164.67790641414643,145.20219137948803,170.08899135018387,166.0390772197037,173.0439649162126,159.6379614402795,197.39395091772488,190.9848331703652,175.2715636191551,170.61975853091297,180.83425080955217,192.44697318523222,185.8833235913528,194.47735688958946,180.85218983428817,179.31139158283636,194.2305039829073,176.93444092131713,162.48598619950886,193.10076627168047,177.36824803055103,187.03706268253993,179.03825510665945,179.28075762996363,164.8523093722506,133.0316326705572,168.09330740885278,183.47643852359053,190.83012340344595,177.00798685381608,200.30105260751637,170.10648472651883,169.90130083148645,167.91749060981618,176.04180088270883,168.92405520220646,170.6460214533646,169.1812713267043,171.86334121238303,169.5758055000795,177.4134964020711,173.6653668595972,172.69516226503288,173.13198209259386,171.4160507471899,168.80512259645838,172.13863318665386,170.44899484755663,170.08469249723402,170.50649929870207,172.13192213411375,170.37483848430765,171.06081391661868,184.5250024905853,170.3738524217386
photo_velo,189.95311916740116,206.33962996369405,199.59066830362863,204.0384177348759,171.4598277975453,176.91885558764847,181.24281549742932,177.5065832114874,171.03986296544718,193.28655727016968,200.24525381411524,164.95922337443403,189.37371639150393,187.68032309391276,176.93454910079774,169.48238095037465,187.3915942749632,159.1270232092173,175.619471973916,0.0,200.52905722260394,208.59433394264863,171.5012574465437,200.99964767018773,166.43405986443096,186.28072594023698,160.03555889903475,179.5538749504481,177.0925013460943,179.27262958687768,181.57554152274548,183.3610936183024,166.12910993945945,183.93452145629706,176.0035162067821,159.98884081156294,178.0863293032165,169.8236454823431,176.22307796469502,171.53233051745016,165.09544415314622,161.94183207381266,160.9059951279878,144.8614854141229,155.08656069574215,171.50262358185458,150.23839109778177,186.30114966855024,184.52146202370886,167.11622014842106,160.41726890897633,172.95387097938965,181.4219045009629,174.5868937482412,184.14228708726696,170.77766549227215,169.74632223416864,191.60335487976823,172.06962493017673,161.67782200068362,186.58365973399566,168.84509177412127,176.0053718881925,169.2700280727595,169.7428851900881,161.05933827253105,162.15248870765305,142.2558330911296,173.73704544313918,184.13476497735718,164.97046122709486,188.63722391177302,159.1074516752007,156.8545317415264,157.8138949261921,166.67641239701294,163.90985838996963,163.72716672926424,158.25943107181476,161.92879980254634,162.34156470306655,169.80932423204328,159.80378236753637,166.88947829330732,165.38005802258158,160.303839357356,158.8571520472943,162.91519704560847,163.32956791018339,159.0839284139154,163.01574116422762,161.16553651547528,158.25002161261787,162.31471262262178,178.64384920457098,159.9787869307454
photo_road,214.94556928239345,223.28569005229693,186.1661723652533,213.1385860257267,201.7290318193722,204.38414738384822,207.44680319355908,207.56808895947833,194.06465707368812,207.1608915374161,217.74997580436985,194.2240905708085,219.0015708412138,213.38804773784153,205.09596264840044,202.321631563188,213.79663437934158,190.00875232250917,200.85473351520622,200.52905722260394,0.0,225.33323098054967,198.91279671540678,216.63436311755265,205.20779090682043,218.85903160204802,190.80886034564335,201.958177864558,210.5027464728137,205.29640325003294,211.05488348287048,214.75169284067942,196.3052066200727,204.7561706642685,207.30571109707424,196.5699115641554,203.19396032099013,200.71142546621564,201.4872542267072,205.23662352083423,201.93157496065024,195.97210724549657,197.18515758434404,196.8534248419826,179.04850389194152,199.32852344109372,191.76774370371706,213.5171793281828,216.52459808275566,200.3957264994286,196.51102513940387,206.7970046547992,212.3145810800533,207.81300799300257,216.48532624149965,205.62338790454595,203.79563189307513,208.10819940779706,205.72127425843786,195.3328120887728,215.4943645289211,200.5533615580073,204.88379913891757,201.8510048603707,202.18778735663744,194.38718622140746,196.39837311684707,199.68449117243304,207.80765604751505,215.8473964707994,195.58705132233231,217.58150384784108,198.59693411240553,197.24562213225963,197.3274513373505,201.7932178518156,199.2225229121404,198.50282829875133,199.00051934113128,199.53415540047814,200.99348651317806,199.24023105822738,199.56121196350892,199.62052789566434,199.15299686567732,199.16016651026285,198.01809181778026,199.39744302791115,198.52603820664632,197.77988296321368,198.65511928398556,200.26685691167188,198.71157846401718,198.64330834877504,211.30004775295018,200.4175753424675
