,photo_face,photo_profil,photo_eyes,photo_face2,photo_walking,photo_standing,photo_hand,photo_legs,photo_bird,photo_butterfly,photo_girafe,photo_fish,photo_cherry,photo_tree,photo_flower,photo_carrot,photo_watch,photo_key,photo_truck,photo_velo,photo_road,photo_house,photo_mountain,photo_windmill,drawing_face,drawing_profil,drawing_eyes,drawing_face2,drawing_walking,drawing_standing,drawing_hand,drawing_legs,drawing_bird,drawing_butterfly,drawing_girafe,drawing_fish,drawing_cherry,drawing_tree,drawing_flower,drawing_carrot,drawing_watch,drawing_key,drawing_truck,drawing_velo,drawing_road,drawing_house,drawing_mountain,drawing_windmill,geo_face,geo_profil,geo_eyes,geo_face2,geo_walking,geo_standing,geo_hand,geo_legs,geo_bird,geo_butterfly,geo_girafe,geo_fish,geo_cherry,geo_tree,geo_flower,geo_carrot,geo_watch,geo_key,geo_truck,geo_velo,geo_road,geo_house,geo_mountain,geo_windmill,word_face,word_profil,word_eyes,word_face2,word_walking,word_standing,word_hand,word_legs,word_bird,word_butterfly,word_girafe,word_fish,word_cherry,word_tree,word_flower,word_carrot,word_watch,word_key,word_truck,word_velo,word_road,word_house,word_mountain,word_windmill
photo_face,0.0,2616.9024434594735,2730.7855509875626,3146.3825135045986,2986.1588766625155,1957.6711811472012,1489.7615276120528,1664.6747280630993,2978.4225706839247,2888.934644153178,3197.256919741694,3008.0985679630976,2845.129145471625,1819.8891529381526,1244.686870132248,1959.6181734911993,609.2449168977798,2959.6650653792317,3040.8817678788264,2728.5219663451862,2808.6032293609915,2525.487822285219,2630.422540316894,2328.7234035872707,2207.0935438521847,2976.455376627501,3021.244621431746,3051.9719773699976,2271.5417711731993,1973.6135562434545,1939.6669048395468,2168.3955948111497,2655.4113465453793,3507.388497147351,2394.5257398738004,2771.24877818658,2108.0979997514623,1579.9843046355802,2232.0067200157296,1530.177599276691,1516.6009781332343,2942.7949222753523,2820.3387231579773,2890.6804823264706,2905.6576971295003,2660.1744705233546,2942.405935415726,2048.2918637599487,2975.355161684227,1804.0651894719904,2893.448802453852,2515.701560134565,2472.565863149041,1631.3900731618644,2079.662897754713,1732.8499335060092,2310.569748097906,2245.26777426132,2620.464163337398,2881.3224259604563,2651.3195786669876,2078.321030151004,1673.1263827590083,1756.9980313568167,1918.473307517856,2917.3120771407416,3191.4188481181714,2932.3351620264248,2347.6018619383517,2264.8627988268818,2459.467286774887,1955.369354225991,2968.5915214582355,2992.5337912289215,3014.088972517991,2888.222253385955,3024.764060093589,3030.1494501249604,2985.548897347994,3021.8162200794,2983.740940436715,3039.165591990828,2965.7106002196833,3001.2713218856484,2957.70761869467,2968.594925060327,3023.827280482061,2981.0055756054503,2971.6873287314274,2990.992994016758,2996.5341810932914,3004.6262705516397,2963.4451260450987,3012.655595481345,2986.3075137177866,2977.881562779901
photo_profil,2616.9024434594735,0.0,3231.285797031398,2552.3784261182313,3064.1998836990324,2783.072511351003,2520.5192936225963,2531.7146586358394,3411.0984920945443,3296.0005847340926,3343.9278057416973,3459.235802356603,2771.3940555634445,2056.715167136508,2906.2457206303297,2777.734677169877,2779.0121387863237,3379.1918576662174,3403.8922491174926,3288.9842439376625,3354.2274289932143,2141.0997973271456,3152.1093109505327,2110.596801811603,2974.4465746879487,854.2939239844252,3402.1761604715784,3044.5572153828352,2332.5024281219476,3179.1784083964467,2159.5114062582816,2378.640910331884,3380.834925101943,2557.5263662749317,3111.5513494204456,3248.4405466317853,2535.9287536973106,2765.217710655559,3043.228887651459,2585.9298008714272,2537.7441720119427,3351.647844911614,3257.492519662698,3345.540684735896,3401.253846623446,3185.4612973933904,3365.9348908276716,2026.2548253667817,1498.1813614601342,3102.5836645246554,3316.855207487024,2801.4566907121775,2172.4451459099314,2568.1574157721,2180.9606408547074,2651.4856292369295,3063.7813412865653,2541.5105003774784,3227.967748527115,3312.600175823805,2711.3598042524413,2947.590915170209,2736.267216622469,2850.9718744594,3255.8063111198567,3343.1532069170903,3435.3099104274083,3307.2741034563423,2356.808100750364,1809.2617688515525,3136.3970471707726,2182.640277181919,3343.308318071445,3400.832102070377,3375.9002214723796,3338.983852613946,3387.259077234902,3408.3606101665114,3388.8756513793855,3389.64171696952,3362.9467605504274,3432.2091164557637,3354.3963384374,3382.157274312719,3354.4196951243616,3347.9810517230285,3386.1919632957197,3374.3526968651695,3376.0166682967883,3379.37814698192,3394.961543208969,3364.954113590486,3347.4715240278197,3396.13659171294,3362.4471614984186,3372.674098250622
photo_eyes,2730.7855509875626,3231.285797031398,0.0,2601.2771102217716,2552.4313778238657,3305.668362785208,2858.882404592195,2095.259543164671,1570.2163096666227,1288.4413111477088,2471.567240740551,1989.6640919805898,2657.187668421466,2744.846443836275,2788.0584701943826,2481.5621909858824,2707.2822261965584,1598.1711457756812,1523.611951800734,805.7349594836245,740.4112838750273,2858.9205184515513,1545.7497399204547,2865.1307355712847,1892.604506269848,3270.377798917365,1739.68557767922,1559.5193096572496,2686.4256012193773,2460.410449802728,2990.5422547286826,2944.6209618726543,1655.4208293584209,2672.291056934213,3394.218091360537,1378.427782345498,1920.3841360055856,1963.6780328271684,2461.728876306806,2163.281570401082,2240.0829174418272,1558.3605574263572,1177.7363720349686,1506.9507054864944,1659.7851094413747,779.947568515054,1806.2576616763117,2932.2727418643385,2993.4262149696197,2767.2640585568993,1478.0165405028065,3048.6122638164293,2300.0777486148363,2243.1472245963,2707.0723639691673,2380.765492325713,2733.6988485262054,1927.915421779501,3463.583830289524,1464.4961839123073,2950.512913039204,2564.025823771383,2249.0769769044846,2528.881690239619,2895.064011104299,1514.0181644011047,1983.9739657087264,1453.216637949355,2906.289347838767,2615.559207539995,1572.6764319528165,2840.8557274161926,2044.4226091057646,1992.2999265290903,1902.193969785562,1454.7159413036213,1960.2610064148034,1957.166465312653,1967.9706911635335,1925.5838401687427,1924.5339940986253,1869.2200126711555,1856.8515414695291,1943.032132701387,1926.1544334120117,2071.359605725913,2050.864635535423,1901.1511861462945,1796.8153610976087,1911.3561279904409,1907.170626450147,2042.7534507270882,2058.7941569087207,1856.5822583070167,1846.0831571360625,1994.8684514239674
photo_face2,3146.3825135045986,2552.3784261182313,2601.2771102217716,0.0,2729.9324199193375,3574.746351282188,2776.4768825019246,2621.658175927326,2849.9649742543725,2773.0633161949086,2853.0758165764337,3013.0348080015483,2830.3654934479805,2459.6860755668076,3244.047876614809,2966.508482812321,3215.008086021704,2836.9381327786796,2803.4503393685713,2588.102641986003,2605.7433499321687,1896.993712569566,2631.61629700912,3288.6411776035648,2755.5616463145916,2640.9125175078852,2893.9292142409936,3075.392626308758,2479.690658434209,2761.896948868357,3128.5686138908027,2479.7096389218714,2852.9300201478013,2716.514910924178,3697.7340949085087,2635.4826415244966,2499.486011397827,2686.0559901906204,2890.826775529109,2775.5574114669635,2830.6847037948737,2820.882577485716,2631.2668392767982,2758.055286889926,2844.1904386079636,2411.100824713263,2901.0448568681004,2895.310853308565,2401.0250235970384,3165.1184680775277,2773.4408560923116,3160.0562926633625,2142.325181884559,2742.9668572925116,2577.1673538028003,2722.234893868552,3065.3145893684136,2474.677292244632,3769.1034884703877,2759.292199272946,2717.149624308098,2936.7648625972793,2690.9253265144353,2924.053477276755,3285.020208201646,2806.6193226989353,2930.0817170638784,2738.2615835824045,2073.2251261305123,1878.7107441903377,2767.596209262455,3184.387971467752,2990.7647667425604,2996.407932705764,2964.9628996306133,2801.3016836036263,2982.423613903977,2996.6647249138937,2987.2199516901014,2979.295781131485,2954.160163976189,2973.9642354628513,2929.008089913848,2974.0659910338472,2946.7325556566975,3004.440882343917,3020.909027098834,2950.240992758854,2929.8356603195325,2964.4897537050833,2966.481670132051,3007.925215824122,2991.5025670338537,2950.418936032723,2920.319850935263,2987.765605611915
photo_walking,2986.1588766625155,3064.1998836990324,2552.4313778238657,2729.9324199193375,0.0,3344.0877776303946,3357.8691676853655,2344.232439728826,2596.6516124940345,2597.6668146399156,3103.253647888579,2119.9925931832436,1895.961525798648,2174.2061036503724,2957.7854809315513,1978.3863728850818,2869.4454934855603,2610.919188443626,2574.89318991599,2417.241327560356,2488.5021556985157,2805.063737700408,1779.354860128009,3335.680500539555,1832.8731771261662,3064.170780025821,2164.4153411870084,2745.891533600703,2198.1709498882315,2990.909877664867,2988.213948377042,2440.4743369554794,2324.8932808625423,3109.9818501317263,2843.932326527731,1974.1320897647693,2402.5383270702164,2343.5647983679555,2891.481030293063,2265.2601508801563,2430.71282993208,2548.5060320769053,2401.708934359271,2583.286446737469,2685.251128576329,2418.1528523981533,2138.6731237761187,2927.3340065713414,2890.485543778441,2226.3576676856833,2514.489256950989,2920.5239177903,2150.3898256238617,2344.746694468344,2171.9140317403726,2310.654174543257,2176.3972713981943,2597.345416074428,2830.5206312928444,2497.188001504044,1470.304102632344,1921.1393383698971,2358.624952353664,2539.6608002320345,2291.3217358428637,2545.758443593275,2709.633569025224,2495.6527943621895,2246.0713441299476,2535.8021526517127,2248.8690768131955,2847.408640857289,2035.928698058656,2056.323636189815,2095.3815427547415,2529.7070003174886,2018.0641705041314,2047.3502004908337,2102.171190997348,2056.1650288616024,2011.7366450905022,2107.8246175341674,2045.5308807920653,2027.2157602343113,2003.1942954862936,2015.718226667094,2031.4723520985879,2046.2690214286006,2107.668278404714,2115.6470638803125,2034.2134754136055,2068.226363633901,1990.3549818065437,2117.747583743281,2036.0193775717821,2030.4865111280992
photo_standing,1957.6711811472012,2783.072511351003,3305.668362785208,3574.746351282188,3344.0877776303946,0.0,2103.9996559118986,2300.0243675963147,3385.545955503241,3315.873429431973,2433.8180048021823,3392.034396812166,3117.2720800881357,2628.4591455353043,1360.346444362865,2464.279997903824,1817.4017762170422,3348.265249708028,3451.0753331739165,3235.2445973937038,3321.6367968763275,3348.441379067628,3081.8417955656087,2110.5948409872763,2709.1364695866127,2975.9978267728434,3395.754868506885,2917.1654209894846,2480.8578175682346,2183.721817770153,1814.5563464038141,2198.5233790488796,3063.2914705786598,3410.3015553956716,1530.1608087578104,3210.7043316308695,2823.9504704978917,2331.914854818167,2812.6377298748553,1989.174727493696,2162.8257533141154,3328.8776334657173,3267.2555747662605,3323.284188212312,3330.6198600777625,3193.7529115121197,3311.705406593981,1650.009676821539,3046.004900839264,2360.028998792257,3292.999664101165,1470.8415343093802,2806.4815594717475,2015.477787862292,2601.459362434614,2250.4740450569875,2713.9738099226415,2724.21974828806,2017.8686684085624,3295.420490855073,3051.667578673111,2535.5781154291853,2303.0416012800333,1939.1866816330353,2433.926612135969,3307.552322458721,3537.9885922040144,3332.389872870861,2698.3973829964457,2893.5950255809144,2904.789466307002,1765.7768097495607,3269.7742490899163,3321.4068954108307,3321.9989002279017,3281.900769399311,3349.9179119770456,3357.555438453991,3303.414654462056,3342.413317712855,3321.7541555327543,3380.039237151487,3305.616318304844,3332.189180065458,3303.069007027424,3282.9380987925742,3323.361098855352,3327.443632072454,3316.440341411295,3310.5715114863624,3343.692995720291,3286.8352585960015,3285.5112102450876,3349.3418412027377,3330.651486649849,3302.7603252436415
photo_hand,1489.7615276120528,2520.5192936225963,2858.882404592195,2776.4768825019246,3357.8691676853655,2103.9996559118986,0.0,2114.809430369317,3081.1069641955596,2992.7212992947384,3125.3443711339955,3102.056326560263,3207.0118374279477,2376.254312546622,1814.6948124158346,2407.5211557147345,1717.962444692335,3060.7119491158774,3141.3009750681977,2850.7194954194433,2927.5967187908004,2574.3534951364272,2834.502967292543,2352.8996617421585,2670.58479734414,2889.807010803346,3113.5370707966563,3084.0838335831327,2562.798013659945,1760.9334132132362,2352.743051191193,2302.4520698959154,3023.5506311821414,3526.5978005392203,2648.6497389927463,2875.4989710224754,2160.80702543104,2135.451097106758,2372.140166441116,2015.4064782692747,2130.64593254976,3042.8247454185853,2928.936065950805,2999.858144262249,3013.3321995605957,2783.7056881489816,3042.2964388527566,2141.1856766129285,2906.866844034523,2351.788528668884,2994.6381917880854,2642.9750363593034,2372.7544553503,2198.6293554176746,2508.2012995018663,2317.171329664751,2740.660016033719,2365.001232211623,2965.1779597863224,2984.0230129840916,3065.8488084603264,2531.98767936394,2227.518215216133,2338.0337122225887,2460.3402939055927,3019.084731769791,3280.0603732055656,3034.2664550188247,2423.7218396525486,1957.4265275695561,2813.9523162860514,2375.336441044411,3054.71988389138,3082.295459097921,3100.2810011434767,2991.391221379171,3112.2103694246894,3118.1774358617777,3073.6931821238086,3108.8946434579307,3074.1420517821566,3128.751524316294,3058.512364636502,3090.4940503404673,3050.044624908019,3057.939786092311,3107.857839016501,3072.9354168448476,3065.2339278992954,3079.3147377714704,3087.820069100738,3087.762340153115,3052.484346128881,3103.3484703827417,3076.2390081141702,3068.538041072818
photo_legs,1664.6747280630993,2531.7146586358394,2095.259543164671,2621.658175927326,2344.232439728826,2300.0243675963147,2114.809430369317,0.0,2311.5688337826105,2251.7835935268286,2484.317319751355,2446.0434290438734,2343.346513885402,1676.8644451752857,1699.8772320384676,1273.3832607148013,1497.8160378485402,2338.9688158541194,2365.905980649859,2036.9951494985346,2102.3819356145336,2614.4692669057627,1847.3200696870335,2015.2562217050695,1430.1256797763644,2594.3315922070547,2384.7718863676296,2449.9898375136713,1702.910073218314,2041.054171919968,1873.4704482482719,1985.5331549307784,2053.2476278330896,2964.635403266491,2456.8471534145647,2043.7370184866945,1387.8552381158122,950.062076728737,1749.531853613161,789.0426728846664,562.4674841212722,2289.324071520873,2116.9547723751134,2244.0914488846975,2366.9828156674403,1877.8769570647987,2325.148187899875,1830.9617354287411,2689.5887086161406,1700.171783188924,2249.178278165068,1882.9827591888488,1724.6506078168456,557.7894554095835,1571.9021478636873,671.9277415037955,1651.3675569091797,1457.465648989768,2583.4249619916864,2205.8680006482427,1939.8282013346457,1394.6669747177687,591.4012833144317,1082.6779127780987,1965.7761664181073,2281.154522903235,2577.2950755770903,2287.599457239105,1810.2751075287067,1952.3460108561962,1771.3350162252034,1621.9294005194224,2391.3220019126807,2434.407661141543,2407.328235490945,2235.5910548257157,2399.082855119658,2419.96194280128,2421.3611849676913,2402.623462505135,2353.4849471222697,2436.3706197850233,2340.465334725446,2390.21783188139,2333.3838693140847,2363.8584574751253,2433.2256180231943,2349.138082147148,2355.1998727644977,2402.4117193331285,2375.3062311979993,2439.9146706377533,2371.80293151393,2397.008296787031,2335.7901602533148,2395.1338191806485
photo_bird,2978.4225706839247,3411.0984920945443,1570.2163096666227,2849.9649742543725,2596.6516124940345,3385.545955503241,3081.1069641955596,2311.5688337826105,0.0,562.8622997113699,2684.616553375947,1287.6348342185415,3032.354912725141,2998.362429912253,2952.013513632044,2677.556284014315,2887.5111613828467,663.2636825885513,413.9668248031939,1325.951782167956,1388.989715279195,3114.8193381645783,1861.1965342358337,3055.8045880834957,1879.536733884872,3416.581920252003,980.2393775680791,1881.4630448886955,2958.3862982623823,2619.2803839964413,3115.163084063909,3158.4610919458823,871.8131407045528,3079.857139774169,3367.9129322395374,1711.0470797988373,1974.0810567783556,2296.397710655807,2538.026619436019,2404.302635029775,2515.3094054825497,690.8358438871171,616.3118031499348,423.9321365438144,878.6250062961194,1419.382883358319,1026.227498699079,3091.5857830312575,3200.624641831852,2798.2635157850273,393.8349265006148,3015.9532344027107,2555.163229041328,2412.715481096893,2983.4431675071573,2471.5388910494084,2804.7178204498337,2291.8077713876983,3069.697406373997,392.55776895669237,3037.410340640184,2636.361296649956,2353.4631978438742,2598.8130959929426,2908.9024564643514,365.1456755193355,1470.5082013790359,449.6570728433901,3012.714728160227,2923.386183786963,1798.1252930431397,2988.9535364078038,1329.6580068225442,1371.9014469589774,1188.6102494310871,392.4257976899175,1316.2639862776327,1310.4748306379158,1284.179416713377,1270.4554616681,1266.4840711730283,1248.6299823223019,1181.5968532122918,1292.695381657385,1277.957919751205,1341.189734864004,1375.5567080731823,1221.2448172874372,1089.670232152165,1172.7268000452316,1281.6327908549079,1354.0617950974622,1371.8562025606295,1143.9453653601322,1198.3132595223071,1332.7715190238732
photo_butterfly,2888.934644153178,3296.0005847340926,1288.4413111477088,2773.0633161949086,2597.6668146399156,3315.873429431973,2992.7212992947384,2251.7835935268286,562.8622997113699,0.0,2574.5556824467635,1394.6717782685646,2867.432310915248,2899.5235661656243,2891.5126042866823,2615.444099596388,2826.3125885839,776.3787861951593,543.6999734107355,1216.0995206324596,1251.2010207146802,3014.3492767075204,1781.7779610288467,2932.0810782277745,1937.5138134705392,3311.0756325725856,1070.3107658385022,1702.7914994175146,2849.0130989945746,2572.8274278615545,3030.006775130274,3069.434388369189,965.2653854553274,2853.462569350327,3352.1561861060104,1626.1748928694224,2004.1678667061597,2183.9134532403764,2536.1077442631226,2324.572838607151,2418.9666130620726,804.2598720836595,612.1647488788958,535.497538752178,931.593937850955,1262.6547863510875,1132.994870748114,2984.601490740291,3065.0965428794493,2808.9434830314094,563.683112918083,3009.778912137173,2459.5452561998645,2358.6237945995945,2868.451934669521,2460.169561094665,2797.998691793494,2148.8516228063995,3117.32684482853,565.9573109418919,3014.0968045623695,2630.1074888795024,2345.5620181765803,2596.7711119897854,2923.844561833402,562.5904929420462,1497.991443934603,553.1441429025242,2981.3732021374144,2800.6662608072374,1753.680154265955,2890.1643253746993,1446.9416411448603,1456.8240469277046,1287.4083043286998,570.9905927228361,1417.761145872245,1409.599966628661,1376.9508901511474,1365.895209412716,1373.9054880635297,1322.0959640102155,1282.8469259069245,1395.9769060939443,1386.7099164941149,1475.009171990857,1483.9499575915966,1328.9669264259853,1192.5950828161456,1276.8716282347443,1378.023183631399,1453.0812912959975,1494.2756441357508,1240.4730675716758,1295.2944994025345,1436.9984537614787
photo_girafe,3197.256919741694,3343.9278057416973,2471.567240740551,2853.0758165764337,3103.253647888579,2433.8180048021823,3125.3443711339955,2484.317319751355,2684.616553375947,2574.5556824467635,0.0,2897.220754406398,2877.819308750065,3166.3060712064876,2662.368218874992,2761.404035702155,3035.135585292589,2659.4583935454752,2695.6602365737426,2410.8859647717786,2431.232139222696,3567.2566573670774,2412.58068271878,2820.1423125258684,2667.98018028702,3249.4338905008317,2753.7966238398226,2111.0379977439666,2755.264556167457,2537.4839177320064,2620.91055352914,2755.1470764402243,2471.599156428722,2721.942401514956,2577.626007736463,2433.7349870621883,2860.5530028234025,2493.0431655611624,2929.4933925257938,2378.8970193081236,2587.3778473306393,2654.1069867948663,2503.276534626376,2614.6885881609996,2698.354016621252,2269.5366000197473,2742.8951547970564,2400.2597263715884,3025.9448682315374,2944.5624234449533,2615.6836704036477,1771.4719222714164,2849.803845746983,2309.2539541689252,3061.611102169832,2512.9834193964393,2858.5720639387537,2533.724098923806,2761.6339102326083,2618.5771675136084,3121.6405031854356,2717.7821895305797,2503.8432821893284,2325.1728060541054,3043.4222194090494,2630.2285809375444,2888.9658888438603,2618.9288413075524,2867.2614732084467,3134.646476029317,2473.2185603756043,2465.115530060465,2827.7774948430097,2828.189358057708,2764.9727875491726,2599.5117799472164,2827.438625982956,2830.611157354926,2794.4753837054827,2798.3559079798065,2809.7685941153695,2785.0955665567676,2764.0959762195043,2818.757185687641,2807.6921108016527,2866.1464253016966,2851.083161449701,2798.841972933375,2745.1969386740057,2774.2715156587205,2811.597554139971,2807.690148445873,2864.969365978925,2768.031083584263,2763.6004022154575,2829.208234353356
photo_fish,3008.0985679630976,3459.235802356603,1989.6640919805898,3013.0348080015483,2119.9925931832436,3392.034396812166,3102.056326560263,2446.0434290438734,1287.6348342185415,1394.6717782685646,2897.220754406398,0.0,2623.0008395462532,3073.842856035656,2978.8312512300467,2201.8597216044686,2913.889514265691,1385.466271297583,1335.2614608737465,1752.5061875831398,1821.803033116926,3159.351781045599,1360.7439124195319,3119.4762024816428,2087.3266994264122,3485.859556072659,503.6042183675772,2194.6706646430084,3054.082055661332,2653.9699520738363,3184.6370057992317,3222.3794516347634,1495.688253246692,3248.8580153277517,2878.020980990665,1259.28018037431,2164.756735291445,2425.5086497143525,2614.553438938791,2310.7975162245007,2640.3473471768357,1382.8840379904339,1344.0601574119692,1303.9791349893671,1477.5195119956927,1821.1560240455087,434.86385844314015,3170.22224196424,3274.473949885217,2268.3352347362907,1264.7894708696613,3092.693063314166,2684.412833287785,2538.4482303693635,3074.2485294539924,2584.0045027342567,2409.600149892066,2439.920954094852,2546.1758483663557,1265.0872112499453,2612.387379685165,2120.883787059196,2476.479128455445,2692.9629603561734,2315.8216227509333,1270.0051268024326,1892.1925123247333,1308.6455303415876,3104.101341080555,3015.785555281487,2090.9920612256974,3077.4792979455747,414.6602984884457,374.5758910513098,402.95959746447807,1268.7089078486113,405.24126918330643,389.88259076751666,369.9947780009681,393.44199313618566,407.2530852151757,397.9797299294438,404.77562704472456,399.2946865886861,411.9401421284145,458.7240197491749,408.16619302175405,395.2833224528249,442.73900145368333,390.65652594784837,393.2218242927112,410.1733098284173,436.356410185745,406.9960563871939,439.7913592942765,383.61932854991846
photo_cherry,2845.129145471625,2771.3940555634445,2657.187668421466,2830.3654934479805,1895.961525798648,3117.2720800881357,3207.0118374279477,2343.346513885402,3032.354912725141,2867.432310915248,2877.819308750065,2623.0008395462532,0.0,2040.1455607912233,2852.618529279685,1838.8488932523424,2752.387021242508,2987.559565367272,2971.7151447714314,2753.513733715866,2778.531268559645,3032.9200234942414,1932.891802825383,3070.6528392925993,2614.8828037612802,2825.8469917645302,2625.797207633443,2923.408946880998,2100.0926323924377,3234.5140720127783,2795.981646375111,2307.983384262657,2750.784816945677,2754.057877611882,2649.8724068912284,2226.3378452234047,2781.261171912594,2554.614213512741,3038.836077960572,2234.707810322735,2331.8353706825833,2986.828152191439,2808.737477855444,2927.067038397307,2991.081624077404,2599.493335808801,2618.4182871919647,2701.0342543192164,2998.341659531901,2214.3805724310896,2935.296140750535,2816.713115979232,2286.511674695431,2329.6132422394107,1949.5517604417234,2290.827253323229,2171.199848914156,2822.9957565832106,2704.284738298745,2944.8066721495775,1366.3539559946717,1918.6532976182284,2408.949084214262,2531.8241189447895,2335.216533635515,2963.444458763234,3088.196498163451,2894.870560618581,2195.5849603307406,2446.11556323263,2543.2433917563567,2625.9665547182776,2603.7004175205234,2545.031282702928,2592.794148940392,2965.0955032270185,2590.023571942028,2597.314054603966,2573.2916838821575,2586.6574630889886,2595.7670707460575,2566.7663410214222,2586.7910698367555,2595.4541627444496,2595.959133821367,2654.211006952219,2599.5040814546646,2607.0581606458322,2623.067210152149,2605.0982778948805,2589.2049454014928,2571.0092810696597,2613.3840378345153,2603.6220331653435,2588.475771009163,2582.1025968115127
photo_tree,1819.8891529381526,2056.715167136508,2744.846443836275,2459.6860755668076,2174.2061036503724,2628.4591455353043,2376.254312546622,1676.8644451752857,2998.362429912253,2899.5235661656243,3166.3060712064876,3073.842856035656,2040.1455607912233,0.0,2116.7962246572874,2004.1875942844592,1856.6316112717132,2983.108998268959,2985.1577612717106,2795.794465183255,2859.38399904397,2164.157858702681,2584.773471462064,2722.033271520927,2069.8778935672763,2308.920229555742,3018.717484808051,3139.5047967411615,1163.2189255788596,2666.8547139346024,2186.228056527489,1323.3780432058463,2664.6578246096237,3000.8646321017654,2901.5926101177065,2808.2435523525746,2140.323114293133,1852.9662503415998,2551.9366215701034,1800.2154950826045,1582.4681628312896,2956.6422362629332,2808.5055313885828,2912.502815464162,2983.20269302249,2664.02939396593,2980.7051435456196,2136.7718596614122,2470.7768878098327,2288.432465227884,2913.3475626942313,2536.9737217950324,1569.5912650148239,1667.034421646508,786.4643407404033,1625.5170626211304,2290.850604512059,2352.8881885998803,3009.5721436028102,2896.4840935036545,1677.2874771545207,2139.2806938907843,1761.0987405640276,1916.9400200790371,2469.9801567699656,2945.688045473661,3068.81724932223,2897.779283399752,1228.2123865090462,1407.2883805707704,2417.5970152515874,2066.900747022131,3016.8358796017296,3053.141453973442,3043.353639220776,2940.1995925084884,3043.064652791134,3063.242496972786,3050.216113773016,3050.3045509774747,3007.692966526591,3077.6388997386134,2995.9293957229447,3033.6728995813673,2993.6001410880026,3011.3370888997542,3061.214820831853,3012.4020052389933,3015.740449006197,3036.881474231558,3033.836190492287,3054.2921028831042,3004.282835889181,3042.566774099869,3001.7771351450133,3028.0462661644447
photo_flower,1244.686870132248,2906.2457206303297,2788.0584701943826,3244.047876614809,2957.7854809315513,1360.346444362865,1814.6948124158346,1699.8772320384676,2952.013513632044,2891.5126042866823,2662.368218874992,2978.8312512300467,2852.618529279685,2116.7962246572874,0.0,1987.8233786808437,1039.0855734477925,2928.9096137647916,3016.1711288401234,2714.2719437196824,2797.3828562684357,2843.155443951715,2607.9683554598464,2343.591476911421,2175.1929822513093,3149.392839970407,2990.107835593721,2991.631087729256,1987.0108786002932,1516.5957605166545,2157.3962851920664,1801.9981104898825,2620.6261932602656,3483.1865239179438,1872.3201046562997,2744.506642013741,2284.880756985704,1683.1205474619749,2213.5700209712536,1310.7448369320628,1607.5200458507463,2910.446854843321,2795.76960577269,2866.7477254854975,2878.3369561087425,2648.150629346565,2907.4963058716003,2123.6378176365133,3186.078502276001,1762.694526692244,2863.037361411093,1870.4643853704456,2330.7275787890344,1459.2700578880085,2148.142598110327,1670.0808216435732,2271.249796507563,2309.692773137647,2194.779813467528,2852.467787876211,2620.362520740658,2035.1198695482562,1641.2170695695138,1239.098083997656,1872.3924210529015,2885.0987801782994,3157.8370978036255,2903.280776740728,2364.2695359648606,2508.9909388644305,2430.5708778176167,2101.1566705862706,2921.683785066325,2951.7209581164907,2970.1317283712247,2856.3792065884836,2984.591804473371,2990.432125597311,2942.378143463268,2981.168763962413,2944.6567396152163,3002.271658408646,2926.4742915002425,2961.2959663481633,2919.2997121224157,2924.3964402723805,2978.629527707033,2943.3367733765754,2933.263347953294,2947.7166145619963,2959.6281243923154,2955.5074484845654,2920.078910868666,2974.196370326417,2948.0911589752927,2935.7529063214647
photo_carrot,1959.6181734911993,2777.734677169877,2481.5621909858824,2966.508482812321,1978.3863728850818,2464.279997903824,2407.5211557147345,1273.3832607148013,2677.556284014315,2615.444099596388,2761.404035702155,2201.8597216044686,1838.8488932523424,2004.1875942844592,1987.8233786808437,0.0,1807.8066092608094,2690.63729984302,2727.137071676666,2449.1891727207612,2509.682016623404,2890.647974855452,1536.2390658510394,2306.180658925631,1894.150700027141,2851.4090823578986,2304.5612669535926,2736.049516498111,2057.023601999602,2378.9324166330052,2117.902716507186,2273.069236667804,2404.2238798918484,3191.155402344086,1964.1044949590992,1861.8968818800274,1946.4857660057082,1512.4610037588527,2188.2362166015223,1004.8221394281052,1286.332235907454,2647.857064605322,2510.6412043472524,2618.569348403653,2711.2520275395623,2324.744288811116,2221.535857891043,2091.2444207712933,2926.3256672302773,1129.7627888030988,2613.322512355261,2187.505290349915,2159.9690301836786,1316.1452977141694,1930.621999764392,1384.0406923205724,1245.4788569429986,1932.6833779406584,2117.664848093362,2583.8619397711777,1494.712031073063,632.3077395551755,1369.7346160542888,1599.7992114804895,1357.0608798681665,2640.843703289814,2904.23360208772,2653.276799838774,2174.115100478359,2328.002921545283,2173.764747230449,1916.3932627918814,2146.731923783525,2151.0859006497403,2218.999022855122,2602.2931263026003,2153.539322107067,2172.8078344678925,2183.074343771405,2175.483706533131,2137.5179199705617,2212.587687532766,2162.874061128161,2157.608251636614,2115.0538492593732,2127.7423945551936,2157.450339259122,2152.3932118108874,2223.8628836116245,2222.0814802394602,2145.335644890591,2173.9454999811005,2111.9906205298967,2229.322307117597,2155.634500992791,2138.860359726325
photo_watch,609.2449168977798,2779.0121387863237,2707.2822261965584,3215.008086021704,2869.4454934855603,1817.4017762170422,1717.962444692335,1497.8160378485402,2887.5111613828467,2826.3125885839,3035.135585292589,2913.889514265691,2752.387021242508,1856.6316112717132,1039.0855734477925,1807.8066092608094,0.0,2866.4843130080285,2954.1334083075712,2633.4757550372133,2718.814918391956,2694.081315323298,2505.5280760935325,2294.792455695781,2012.6729916925601,3061.6864124685044,2926.293892242974,2973.0550190284353,2216.5852759928607,1908.2022828044103,1916.696060464673,2137.7582369160723,2498.8469238528482,3489.655972413088,2175.1478521014874,2667.192352191024,2093.8063883428363,1469.764045127656,2109.8493396858985,1370.734930782375,1348.7399640215506,2846.2578605166295,2725.616547075349,2798.4924601660523,2812.23373883568,2565.1095857668306,2840.8450894689404,2016.3530018806155,3102.1693297113243,1538.7648822648262,2796.7526109706814,2274.2580835409976,2464.926684385912,1398.7798000673395,2016.6676217597358,1453.397549589423,2108.083348800611,2228.7769256757474,2391.1719959250177,2784.659016294045,2494.7873558098854,1853.8454649731807,1400.7233213357247,1470.2581685010953,1660.502507630163,2819.6462291710413,3106.8979646339417,2839.7759993802993,2274.2006903562296,2424.3155528243174,2297.3911506388376,1888.1436131359214,2862.7564609669457,2889.808387562769,2910.896159006263,2788.6446907308095,2923.7829480081605,2929.3371306279378,2881.6649469885874,2920.2443071547145,2881.778008081265,2939.9858833494086,2863.1890003391586,2899.5916529861684,2855.045741491683,2863.496278533876,2920.3002285409602,2879.491707373553,2869.6441379187754,2887.600054864551,2895.7274791609,2898.658272897537,2859.043717629945,2911.836274765091,2885.348586071463,2874.072086029766
photo_key,2959.6650653792317,3379.1918576662174,1598.1711457756812,2836.9381327786796,2610.919188443626,3348.265249708028,3060.7119491158774,2338.9688158541194,663.2636825885513,776.3787861951593,2659.4583935454752,1385.466271297583,2987.559565367272,2983.108998268959,2928.9096137647916,2690.63729984302,2866.4843130080285,0.0,688.4274374698457,1357.1412455598354,1423.9228620645458,3083.920980168127,1876.3052357243798,3045.6772234095865,1940.611031643369,3391.7332766550758,1095.301755819474,1882.8548112648061,2953.855506825431,2596.6083686105894,3102.619451009797,3137.1843248338155,1025.407163310306,3026.806433529096,3326.2205129223503,1719.7092910972656,2027.7678811315498,2317.423895394856,2219.1831609253745,2415.581915815993,2537.2529909891923,288.5507084713206,766.2792673529086,667.7837040706039,412.00210878832047,1430.7162366578996,1138.8230442581457,3082.9325832460127,3175.3999166933722,2776.335299179158,625.2103293357859,3004.546359285998,2562.5457995187317,2429.5719694524464,2973.4800686440767,2482.00143630279,2585.584608875098,2318.2506818478396,3042.3958083639654,653.5556222735423,3024.0385727671896,2640.079286801859,2366.9740831280938,2603.007822559548,2877.513299364928,605.5963688759072,1535.0434270469939,668.6798636814581,2999.9702429197223,2911.8799064650093,1525.3171303853314,2985.9728769696035,1409.3255217081155,1438.7362830931659,1277.6638222061845,638.206536597055,1401.3899615011815,1394.4908217808552,1359.6186942170345,1356.3288026323987,1356.0543833234533,1329.8473963649947,1274.320942529672,1376.4055625183307,1364.7196982315243,1432.2480607044174,1455.6793638733554,1315.254724353803,1188.927102784541,1263.0888848752418,1367.2557103500324,1424.1299750014061,1454.4883578614322,1238.969417438543,1291.7177178845789,1410.5531080195753
photo_truck,3040.8817678788264,3403.8922491174926,1523.611951800734,2803.4503393685713,2574.89318991599,3451.0753331739165,3141.3009750681977,2365.905980649859,413.9668248031939,543.6999734107355,2695.6602365737426,1335.2614608737465,2971.7151447714314,2985.1577612717106,3016.1711288401234,2727.137071676666,2954.1334083075712,688.4274374698457,0.0,1307.0866142335872,1357.484038787434,3099.809206358804,1861.575659051419,3114.3598492065025,1924.2925624835823,3404.840461317166,998.5790780324068,1885.8666136589243,2938.1489851217816,2684.7608838674237,3174.0838013058315,3145.950994718147,925.2751236731588,3022.1536208355515,3430.9218162232582,1709.6043906660746,2020.0558370125543,2358.3856995096235,2591.597146034806,2463.1149028492914,2565.932563377771,714.943297706563,557.7883440519671,421.14766664502184,886.5802437641536,1379.9903061644377,1065.6616089630843,3139.5146378668837,3195.8787785328154,2856.2410567662887,428.33792650546985,3068.830188451037,2523.6618566906072,2465.070330773024,2961.598651854169,2514.6021633761247,2846.7021459878497,2342.6504753551426,3135.5333269703165,425.12579351578455,3016.448622917636,2684.3037143223783,2408.2631677192535,2652.8606172363493,2968.6175229747932,410.6926054304464,1436.7941330515737,401.0986090269908,2993.8004669591687,2899.030004113484,1802.014024138642,3044.1702785791526,1382.0704372658977,1410.186707864674,1228.5630690745897,459.8203737155063,1356.52291214652,1350.9530171854751,1325.20405023033,1309.3182367759493,1311.766617368586,1276.3153888748263,1225.0710991631308,1335.469639489894,1326.7649818145471,1402.7516213452932,1423.2127085484412,1267.2181833202433,1131.4806303606476,1214.9089938894613,1323.109065796097,1397.9205921887667,1428.1336822004014,1180.2815286867199,1236.8746690797846,1379.8901566456457
photo_velo,2728.5219663451862,3288.9842439376625,805.7349594836245,2588.102641986003,2417.241327560356,3235.2445973937038,2850.7194954194433,2036.9951494985346,1325.951782167956,1216.0995206324596,2410.8859647717786,1752.5061875831398,2753.513733715866,2795.794465183255,2714.2719437196824,2449.1891727207612,2633.4757550372133,1357.1412455598354,1307.0866142335872,0.0,447.4611078722185,2902.0363482984244,1387.6212397817815,2903.839993489665,1577.0175624538351,3309.7729534248515,1506.2055000712496,1516.1223965128731,2761.353925795112,2334.3055311135995,2972.4861803327317,2967.9368350537616,1412.7302243283987,2847.980956912172,3218.4943765341386,1166.424386239318,1657.0197275673142,2004.062168814528,2263.380433353218,2133.4312140328366,2264.131181674385,1292.3865471808167,858.0691320714133,1261.91285272504,1427.9494022826316,519.6950621668764,1553.1739671699515,2950.8687405124665,3086.279760703941,2548.6313168828906,1201.1295007222188,2873.662635425503,2333.390094835621,2157.1087797724986,2786.938200287932,2215.6208036748153,2585.761356221039,2029.951575376419,3237.1811361135356,1182.1548574185404,2851.769422601482,2396.3649634243075,2071.7931352916967,2348.5916106818045,2667.7590235517546,1239.4947915970117,1802.3220187931847,1176.9431427069208,2821.0787481979596,2715.797143997355,1326.0772858463263,2844.697496912415,1784.8304794306484,1748.0669067624067,1653.8010698345154,1166.5903380288319,1713.5414662387357,1712.2917984290202,1722.1679083431848,1680.0876940092094,1669.2659604337566,1638.5904082168372,1599.8016472285415,1691.1487741173382,1667.1343724986439,1805.5134556599512,1799.7906048128398,1648.737038391353,1538.1391249843427,1661.4481087429717,1658.0880833466886,1793.5405640182166,1795.678825815437,1615.7095744764035,1597.8565392584694,1739.8799104244397
photo_road,2808.6032293609915,3354.2274289932143,740.4112838750273,2605.7433499321687,2488.5021556985157,3321.6367968763275,2927.5967187908004,2102.3819356145336,1388.989715279195,1251.2010207146802,2431.232139222696,1821.803033116926,2778.531268559645,2859.38399904397,2797.3828562684357,2509.682016623404,2718.814918391956,1423.9228620645458,1357.484038787434,447.4611078722185,0.0,2962.9591728094624,1422.2012535257452,2969.727284564878,1684.525370538262,3374.9718291372324,1575.2812009349727,1574.5466870692992,2820.5938235825547,2421.093580044768,3047.5465705873594,3035.540701099274,1484.7138354539247,2871.152820982845,3305.567767823991,1226.640408868419,1750.4320767979011,2076.1393938208057,2338.28198413247,2207.9427012045603,2329.6760079601154,1372.0961948988302,948.3788917171171,1337.4917891054583,1488.8540324037301,563.3722940266983,1630.3375677245162,3020.6455371030684,3153.559439934947,2632.0368120416606,1286.099871900478,2947.629020532758,2400.1226691189513,2229.4078109598036,2848.383661293465,2287.291943714964,2649.314649567356,2090.025461022774,3326.255351609298,1265.6056868173675,2910.7779559209557,2463.3490066042186,2144.647768597158,2422.226618959326,2753.0391391443527,1321.8184409872322,1859.6665879044028,1268.3606641615697,2880.8415322774895,2774.933380330706,1397.791234618321,2915.7934813863135,1869.7706967913693,1825.528716003908,1731.6905410594948,1250.065633691714,1791.402215803145,1788.1536809185495,1799.920559227851,1756.9651252340964,1750.6786654383027,1707.0927984225054,1681.7834703488068,1769.9490239255745,1749.8962468126963,1893.433239781068,1880.398759502438,1729.0809508562493,1616.6244179699595,1740.4334933298467,1735.8495794362213,1874.4215497121243,1882.4916903152348,1689.1846824923316,1673.746925983979,1821.6234030157912
