,square,rectangle,parallelogram,losange,isoTrapezoid,kite,rightKite,rustedHinge,hinge,trapezoid,random
square,0.0,23.53934896687233,29.50161417092767,32.849630742535886,30.880910748456962,29.78687466057783,28.69164372106593,31.883000445410673,29.289808111811205,28.885530391545355,33.834316184197675
rectangle,23.53934896687233,0.0,27.92834845825235,33.582413499328496,35.031117101374534,33.27718800062268,33.04915308455093,31.96169182991285,27.833434788411864,30.949683084409067,36.17955916342492
parallelogram,29.50161417092767,27.92834845825235,0.0,17.780284099476194,31.85479778792958,30.41221507323217,30.373092549924632,30.549889900923077,27.391367847794122,25.248911810852256,30.29898569173761
losange,32.849630742535886,33.582413499328496,17.780284099476194,0.0,33.58069791044147,32.68642538108963,32.61757095156833,32.835386175055405,31.173897460701887,26.88566670585471,29.37373591394554
isoTrapezoid,30.880910748456962,35.031117101374534,31.85479778792958,33.58069791044147,0.0,24.75627730834276,21.327160564289265,33.09802630160807,31.010567919193473,20.547117117645733,27.74939041162559
kite,29.78687466057783,33.27718800062268,30.41221507323217,32.68642538108963,24.75627730834276,0.0,15.468771317142716,27.975323142646545,26.522095153235288,24.98218590778059,26.546440043090435
rightKite,28.69164372106593,33.04915308455093,30.373092549924632,32.61757095156833,21.327160564289265,15.468771317142716,0.0,28.05322711418462,26.15927598044089,22.073189833880278,27.125088140476024
rustedHinge,31.883000445410673,31.96169182991285,30.549889900923077,32.835386175055405,33.09802630160807,27.975323142646545,28.05322711418462,0.0,12.790220043410539,29.73140442382583,28.666030141458158
hinge,29.289808111811205,27.833434788411864,27.391367847794122,31.173897460701887,31.010567919193473,26.522095153235288,26.15927598044089,12.790220043410539,0.0,27.1939213682056,28.30538917766858
trapezoid,28.885530391545355,30.949683084409067,25.248911810852256,26.88566670585471,20.547117117645733,24.98218590778059,22.073189833880278,29.73140442382583,27.1939213682056,0.0,21.696852731048097
random,33.834316184197675,36.17955916342492,30.29898569173761,29.37373591394554,27.74939041162559,26.546440043090435,27.125088140476024,28.666030141458158,28.30538917766858,21.696852731048097,0.0
