,square,rectangle,parallelogram,losange,isoTrapezoid,kite,rightKite,rustedHinge,hinge,trapezoid,random
square,0.0,25.17857777835384,39.48903999878335,44.571423407776244,36.519327698468594,35.103944197535014,34.24156209383237,40.507618452945955,37.36132571098357,35.233370998153035,44.29623309819579
rectangle,25.17857777835384,0.0,33.11964485403845,41.34654518198077,42.54257818229628,39.166767806675395,38.99361171930251,37.811740565662966,32.521147326176546,38.241343203198916,46.1257997197012
parallelogram,39.48903999878335,33.11964485403845,0.0,21.485461411544073,43.300108188476464,40.95322828966983,40.964580121915034,38.20863572113516,34.505307669070525,32.97556747294179,40.15979128520761
losange,44.571423407776244,41.34654518198077,21.485461411544073,0.0,44.45023195568211,43.083177985571055,43.278737132449855,40.76436564242789,39.0845874588636,33.384202076270036,36.797737235626585
isoTrapezoid,36.519327698468594,42.54257818229628,43.300108188476464,44.45023195568211,0.0,28.25515460560462,25.1619637773113,38.954399565434635,38.3739054528015,25.75352378154492,33.92859283897812
kite,35.103944197535014,39.166767806675395,40.95322828966983,43.083177985571055,28.25515460560462,0.0,19.98559061645265,36.665658050832334,35.82370441577155,33.345427014217655,37.5946927811137
rightKite,34.24156209383237,38.99361171930251,40.964580121915034,43.278737132449855,25.1619637773113,19.98559061645265,0.0,35.18128962188865,33.880537087982916,28.674933406027137,36.969301719264955
rustedHinge,40.507618452945955,37.811740565662966,38.20863572113516,40.76436564242789,38.954399565434635,36.665658050832334,35.18128962188865,0.0,13.583800274515612,36.03893608657436,36.24804006755585
hinge,37.36132571098357,32.521147326176546,34.505307669070525,39.0845874588636,38.3739054528015,35.82370441577155,33.880537087982916,13.583800274515612,0.0,34.53578866387213,37.00931816580294
trapezoid,35.233370998153035,38.241343203198916,32.97556747294179,33.384202076270036,25.75352378154492,33.345427014217655,28.674933406027137,36.03893608657436,34.53578866387213,0.0,25.50723845861505
random,44.29623309819579,46.1257997197012,40.15979128520761,36.797737235626585,33.92859283897812,37.5946927811137,36.969301719264955,36.24804006755585,37.00931816580294,25.50723845861505,0.0
