,square,rectangle,parallelogram,losange,isoTrapezoid,kite,rightKite,rustedHinge,hinge,trapezoid,random
square,0.0,38.49442034016967,47.17929717020404,53.716112557134856,48.77943961777601,46.58551964595884,45.2682326622933,52.71506297598664,47.712104179781626,46.80398179714909,54.531448586093575
rectangle,38.49442034016967,0.0,43.066381182993354,53.02827211821485,58.341125196694584,54.53651885582332,55.391097093277494,54.13709708284092,46.219508324996696,51.89345463443796,60.13686179364517
parallelogram,47.17929717020404,43.066381182993354,0.0,27.38027771893027,54.7316661898571,50.20708965501327,51.458280598987756,49.982618979215594,43.61319522868413,42.28153667381317,50.42824499509661
losange,53.716112557134856,53.02827211821485,27.38027771893027,0.0,57.34056890236964,53.70137458610189,54.9681698587488,53.246693217986746,49.47094554486343,44.0791325763789,49.45552801761223
isoTrapezoid,48.77943961777601,58.341125196694584,54.7316661898571,57.34056890236964,0.0,38.1380948676956,32.453837753858195,52.98936639096773,49.96126854130158,32.81751608970194,42.79325512898063
kite,46.58551964595884,54.53651885582332,50.20708965501327,53.70137458610189,38.1380948676956,0.0,24.046974353087123,47.26587969393982,44.06974298267168,40.439118334218314,44.86282485744603
rightKite,45.2682326622933,55.391097093277494,51.458280598987756,54.9681698587488,32.453837753858195,24.046974353087123,0.0,46.70313831121606,43.50500036548059,35.641288713129164,44.05867586946373
rustedHinge,52.71506297598664,54.13709708284092,49.982618979215594,53.246693217986746,52.98936639096773,47.26587969393982,46.70313831121606,0.0,20.384032803555524,46.962724189079765,44.68545351161443
hinge,47.712104179781626,46.219508324996696,43.61319522868413,49.47094554486343,49.96126854130158,44.06974298267168,43.50500036548059,20.384032803555524,0.0,43.0303591201143,44.46055536457977
trapezoid,46.80398179714909,51.89345463443796,42.28153667381317,44.0791325763789,32.81751608970194,40.439118334218314,35.641288713129164,46.962724189079765,43.0303591201143,0.0,31.773923437336023
random,54.531448586093575,60.13686179364517,50.42824499509661,49.45552801761223,42.79325512898063,44.86282485744603,44.05867586946373,44.68545351161443,44.46055536457977,31.773923437336023,0.0
