,square,rectangle,parallelogram,losange,isoTrapezoid,kite,rightKite,rustedHinge,hinge,trapezoid,random
square,0.0,8.789511960624159,11.312833513361362,13.278072431965954,6.294895393164095,5.569006344645025,4.82253248213345,9.043395034048052,8.809520864540726,7.00584046481845,9.655235664671993
rectangle,8.789511960624159,0.0,6.288936630189265,9.23123093406088,11.003089912657,8.963762300642838,9.018829699352674,6.905999183478368,5.482579588256535,9.104842044618682,11.135513015797818
parallelogram,11.312833513361362,6.288936630189265,0.0,6.3263728569649755,12.51141241271427,11.31798110626286,10.857246469434749,8.256015472666997,7.051218754350305,9.539036778656424,11.236694580558728
losange,13.278072431965954,9.23123093406088,6.3263728569649755,0.0,13.325162916530426,12.936575453902456,12.642846954412146,9.314720383362467,8.784433674735201,10.194725469093642,10.12717921679685
isoTrapezoid,6.294895393164095,11.003089912657,12.51141241271427,13.325162916530426,0.0,6.810346430691958,6.203526339803744,10.599846669861556,10.717551106157385,7.16551659208475,8.695150064387105
kite,5.569006344645025,8.963762300642838,11.31798110626286,12.936575453902456,6.810346430691958,0.0,4.580709841914734,9.902636457754433,9.805205620666285,8.848064153074468,10.590434131015162
rightKite,4.82253248213345,9.018829699352674,10.857246469434749,12.642846954412146,6.203526339803744,4.580709841914734,0.0,9.52521334945881,9.404550757840132,7.014703574053483,9.956250823540904
rustedHinge,9.043395034048052,6.905999183478368,8.256015472666997,9.314720383362467,10.599846669861556,9.902636457754433,9.52521334945881,0.0,2.925569484803413,8.991584696183791,9.614332373316126
hinge,8.809520864540726,5.482579588256535,7.051218754350305,8.784433674735201,10.717551106157385,9.805205620666285,9.404550757840132,2.925569484803413,0.0,8.635190060523504,9.725015270286232
trapezoid,7.00584046481845,9.104842044618682,9.539036778656424,10.194725469093642,7.16551659208475,8.848064153074468,7.014703574053483,8.991584696183791,8.635190060523504,0.0,6.5544212227041605
random,9.655235664671993,11.135513015797818,11.236694580558728,10.12717921679685,8.695150064387105,10.590434131015162,9.956250823540904,9.614332373316126,9.725015270286232,6.5544212227041605,0.0
