,square,rectangle,parallelogram,losange,isoTrapezoid,kite,rightKite,rustedHinge,hinge,trapezoid,random
square,0.0,17.891315032248485,23.661458615233116,27.6735210413901,14.754217570176255,12.808609724016316,11.53452309593473,20.05860202672296,18.932991170575587,16.048777314319043,21.79759094843532
rectangle,17.891315032248485,0.0,15.464744441335156,21.46710700872591,23.925987335089875,19.87173932740589,19.773779127569185,16.068833086607736,12.632460181750025,20.26492672354776,25.18470933835004
parallelogram,23.661458615233116,15.464744441335156,0.0,14.262417435294338,26.169578356765147,24.854421894172784,23.209686767829137,19.831571553978485,17.02202117203953,19.550891489242687,23.990138108501675
losange,27.6735210413901,21.46710700872591,14.262417435294338,0.0,27.631103518976065,27.887168259410785,26.858047966951826,21.67512276287469,20.44072364482761,20.7057878480825,21.374039065952108
isoTrapezoid,14.754217570176255,23.925987335089875,26.169578356765147,27.631103518976065,0.0,15.057686648611583,14.18635389466587,24.300260693379762,24.04972306198787,16.128519304091217,19.16177025607454
kite,12.808609724016316,19.87173932740589,24.854421894172784,27.887168259410785,15.057686648611583,0.0,11.226243955053002,22.804919523433565,22.259742884593546,20.376648713790452,24.121607042863207
rightKite,11.53452309593473,19.773779127569185,23.209686767829137,26.858047966951826,14.18635389466587,11.226243955053002,0.0,22.420748498469905,21.67206775193748,15.787381463807623,22.322121897093133
rustedHinge,20.05860202672296,16.068833086607736,19.831571553978485,21.67512276287469,24.300260693379762,22.804919523433565,22.420748498469905,0.0,6.806503867251036,21.150543530273893,22.65732155444968
hinge,18.932991170575587,12.632460181750025,17.02202117203953,20.44072364482761,24.04972306198787,22.259742884593546,21.67206775193748,6.806503867251036,0.0,19.98287765630554,22.471915024532407
trapezoid,16.048777314319043,20.26492672354776,19.550891489242687,20.7057878480825,16.128519304091217,20.376648713790452,15.787381463807623,21.150543530273893,19.98287765630554,0.0,13.976235771730824
random,21.79759094843532,25.18470933835004,23.990138108501675,21.374039065952108,19.16177025607454,24.121607042863207,22.322121897093133,22.65732155444968,22.471915024532407,13.976235771730824,0.0
