,square,rectangle,parallelogram,losange,isoTrapezoid,kite,rightKite,rustedHinge,hinge,trapezoid,random
square,0.0,21.910555260668648,37.970718096776935,43.22510560424598,32.052540150099034,29.659973126444957,28.530083223022263,37.20152293644031,32.99197562813455,32.69455812795949,40.17134650692684
rectangle,21.910555260668648,0.0,31.923718018673924,39.639389772964265,38.265911253512265,34.27986650221115,33.41543847695212,35.21683297062435,29.149755006040397,35.41146220166994,42.41969979306123
parallelogram,37.970718096776935,31.923718018673924,0.0,21.00028648310803,41.063413242250306,38.37199127005397,38.48531844490592,38.910238266997496,34.03226426495206,32.81745465770074,38.48868372673982
losange,43.22510560424598,39.639389772964265,21.00028648310803,0.0,42.851428178048145,41.463470042186415,41.55931675894317,41.5367237216273,38.69721404970018,33.57522221068517,35.55616483333195
isoTrapezoid,32.052540150099034,38.265911253512265,41.063413242250306,42.851428178048145,0.0,24.39469842502861,21.822678413260316,38.198768905437696,36.370042422455526,23.519968548947485,30.60685585019057
kite,29.659973126444957,34.27986650221115,38.37199127005397,41.463470042186415,24.39469842502861,0.0,16.88457338320388,35.382716046503184,32.94114608229734,30.41300911461146,34.54451609317028
rightKite,28.530083223022263,33.41543847695212,38.48531844490592,41.55931675894317,21.822678413260316,16.88457338320388,0.0,33.91657705843522,31.412558646999795,25.966110315578394,33.026950242478414
rustedHinge,37.20152293644031,35.21683297062435,38.910238266997496,41.5367237216273,38.198768905437696,35.382716046503184,33.91657705843522,0.0,13.824543842721413,36.440870541845804,35.59201693013584
hinge,32.99197562813455,29.149755006040397,34.03226426495206,38.69721404970018,36.370042422455526,32.94114608229734,31.412558646999795,13.824543842721413,0.0,33.54429319321284,35.17840113149854
trapezoid,32.69455812795949,35.41146220166994,32.81745465770074,33.57522221068517,23.519968548947485,30.41300911461146,25.966110315578394,36.440870541845804,33.54429319321284,0.0,22.93950644257222
random,40.17134650692684,42.41969979306123,38.48868372673982,35.55616483333195,30.60685585019057,34.54451609317028,33.026950242478414,35.59201693013584,35.17840113149854,22.93950644257222,0.0
