,square,rectangle,parallelogram,losange,isoTrapezoid,kite,rightKite,rustedHinge,hinge,trapezoid,random
square,0.0,27.528805898434054,34.86520802030777,39.30576035430286,35.11170659224653,32.94091012322302,31.729113727458394,36.65716794012228,34.573259257676305,33.50042135579692,39.91363436004155
rectangle,27.528805898434054,0.0,32.17295002800944,39.43196770922794,39.248667694416014,37.22341602953529,36.27597802546321,35.701761752505924,31.37818186288648,35.858906850525685,41.735564250956
parallelogram,34.86520802030777,32.17295002800944,0.0,19.913625429315218,35.09674204479146,32.46340251197146,32.18992678187828,31.409777880362704,29.049288818319074,27.945013744460454,32.17568072963554
losange,39.30576035430286,39.43196770922794,19.913625429315218,0.0,36.54112911069317,34.49573224600248,34.70157391048571,33.79271678272596,33.42919931778926,29.16910239293859,30.278885108444822
isoTrapezoid,35.11170659224653,39.248667694416014,35.09674204479146,36.54112911069317,0.0,24.75791948019476,22.32031656544379,32.93923221694504,32.735940558108965,21.597563509887085,27.625816991043923
kite,32.94091012322302,37.22341602953529,32.46340251197146,34.49573224600248,24.75791948019476,0.0,15.418736051419092,28.615030403241633,28.498087376519564,26.327594339882157,28.110627315511252
rightKite,31.729113727458394,36.27597802546321,32.18992678187828,34.70157391048571,22.32031656544379,15.418736051419092,0.0,28.265470009165085,27.7194966949912,22.709043201808754,28.229333548655266
rustedHinge,36.65716794012228,35.701761752505924,31.409777880362704,33.79271678272596,32.93923221694504,28.615030403241633,28.265470009165085,0.0,12.473596169026528,30.002116426878057,28.999043442863893
hinge,34.573259257676305,31.37818186288648,29.049288818319074,33.42919931778926,32.735940558108965,28.498087376519564,27.7194966949912,12.473596169026528,0.0,29.077100508917972,30.307074938128935
trapezoid,33.50042135579692,35.858906850525685,27.945013744460454,29.16910239293859,21.597563509887085,26.327594339882157,22.709043201808754,30.002116426878057,29.077100508917972,0.0,21.588149858234896
random,39.91363436004155,41.735564250956,32.17568072963554,30.278885108444822,27.625816991043923,28.110627315511252,28.229333548655266,28.999043442863893,30.307074938128935,21.588149858234896,0.0
