,square,rectangle,parallelogram,losange,isoTrapezoid,kite,rightKite,rustedHinge,hinge,trapezoid,random
square,0.0,23.904457142079746,38.81849447416518,44.69055270987502,34.31899722316831,31.06717692275459,30.934397841355437,40.4594758451744,36.30288543460637,34.40655084449499,41.896005706264994
rectangle,23.904457142079746,0.0,31.373270118487792,39.90458277900056,40.84491556322634,36.030822211727795,36.092407307418874,38.114486150636985,32.050357492974285,37.14021846444369,44.444692356538766
parallelogram,38.81849447416518,31.373270118487792,0.0,22.112038994268474,42.8866408244416,40.854161799029036,40.59638448240727,40.87123398578966,35.86127966954377,32.913190284414995,39.490287704971585
losange,44.69055270987502,39.90458277900056,22.112038994268474,0.0,45.02803960910793,44.186280527752416,44.100571679233084,43.577276899854375,40.61944649714623,34.16373100774762,36.32478808402385
isoTrapezoid,34.31899722316831,40.84491556322634,42.8866408244416,45.02803960910793,0.0,26.002216260536095,23.65502965977782,41.0672527884735,39.386394752818575,25.829603378610457,32.59844743049194
kite,31.06717692275459,36.030822211727795,40.854161799029036,44.186280527752416,26.002216260536095,0.0,18.223598509528692,38.36903091164011,36.2159338418795,33.747808317783466,37.57372458613966
rightKite,30.934397841355437,36.092407307418874,40.59638448240727,44.100571679233084,23.65502965977782,18.223598509528692,0.0,36.36547816459964,34.426888009141074,28.221884412941467,35.3811338210761
rustedHinge,40.4594758451744,38.114486150636985,40.87123398578966,43.577276899854375,41.0672527884735,38.36903091164011,36.36547816459964,0.0,13.361078354553895,38.98066824745546,38.05350668422367
hinge,36.30288543460637,32.050357492974285,35.86127966954377,40.61944649714623,39.386394752818575,36.2159338418795,34.426888009141074,13.361078354553895,0.0,36.21709516181116,37.42084086588221
trapezoid,34.40655084449499,37.14021846444369,32.913190284414995,34.16373100774762,25.829603378610457,33.747808317783466,28.221884412941467,38.98066824745546,36.21709516181116,0.0,24.143969126616927
random,41.896005706264994,44.444692356538766,39.490287704971585,36.32478808402385,32.59844743049194,37.57372458613966,35.3811338210761,38.05350668422367,37.42084086588221,24.143969126616927,0.0
