,square,rectangle,parallelogram,losange,isoTrapezoid,kite,rightKite,rustedHinge,hinge,trapezoid,random
square,0.0,30.807702450955002,47.04330932949059,54.145851595569404,43.30027820022307,39.39176366431481,37.41497870971717,46.50356164929901,42.96091812152622,42.81877140859344,52.081862951752015
rectangle,30.807702450955002,0.0,37.57144958070603,48.51887429230927,51.46533378512592,45.50181230614425,44.36689742558004,42.523381575775595,36.203383871079815,46.56023966771389,55.17055101307814
parallelogram,47.04330932949059,37.57144958070603,0.0,25.348765604119144,49.966074499282186,47.24967168211123,45.28202761173095,42.09021029520597,37.565461864928565,38.55644285706782,46.324529634589474
losange,54.145851595569404,48.51887429230927,25.348765604119144,0.0,51.76204222636415,51.07348755034279,49.14004400694792,45.598173174960046,43.85798545678745,39.70763735025351,42.66039357238884
isoTrapezoid,43.30027820022307,51.46533378512592,49.966074499282186,51.76204222636415,0.0,32.547650213772556,29.282821666227058,46.95757098992343,47.07945356987089,30.080874066379888,37.79236415158815
kite,39.39176366431481,45.50181230614425,47.24967168211123,51.07348755034279,32.547650213772556,0.0,21.33484932480687,44.09915705191895,43.43065341760667,40.18626641653227,44.83555475712207
rightKite,37.41497870971717,44.36689742558004,45.28202761173095,49.14004400694792,29.282821666227058,21.33484932480687,0.0,41.939773517525204,41.04974494396182,32.75203741858437,41.41725030109245
rustedHinge,46.50356164929901,42.523381575775595,42.09021029520597,45.598173174960046,46.95757098992343,44.09915705191895,41.939773517525204,0.0,15.275904653644057,43.725601845024826,43.288134740487735
hinge,42.96091812152622,36.203383871079815,37.565461864928565,43.85798545678745,47.07945356987089,43.43065341760667,41.04974494396182,15.275904653644057,0.0,42.34762501389228,44.55723184507663
trapezoid,42.81877140859344,46.56023966771389,38.55644285706782,39.70763735025351,30.080874066379888,40.18626641653227,32.75203741858437,43.725601845024826,42.34762501389228,0.0,28.132017258092862
random,52.081862951752015,55.17055101307814,46.324529634589474,42.66039357238884,37.79236415158815,44.83555475712207,41.41725030109245,43.288134740487735,44.55723184507663,28.132017258092862,0.0
