,square,rectangle,parallelogram,losange,isoTrapezoid,kite,rightKite,rustedHinge,hinge,trapezoid,random
square,0.0,20.06966895871792,23.84392164230696,28.981695911873096,15.634005733598041,12.591910159869562,11.103325392005077,20.853568819421476,20.20339142660578,16.459679261650926,22.60799357576493
rectangle,20.06966895871792,0.0,15.155002764381122,21.871001029240222,25.13919418513266,21.104159910721602,20.87612255287307,15.778459288963317,12.580705444728938,21.581599871530393,25.91251675039921
parallelogram,23.84392164230696,15.155002764381122,0.0,16.77506416842533,26.53022767388055,24.80857817937259,23.191251125456873,19.363523766853355,16.753693654718152,21.608457871086685,25.850833908463475
losange,28.981695911873096,21.871001029240222,16.77506416842533,0.0,28.27662384506145,28.696357709856017,28.081058774850224,20.893758924686512,20.206765017895872,23.26276654529939,22.843246532359764
isoTrapezoid,15.634005733598041,25.13919418513266,26.53022767388055,28.27662384506145,0.0,15.629467666700213,15.337402728527373,25.12375161000535,25.021111436694916,17.042690802425785,20.51806935558991
kite,12.591910159869562,21.104159910721602,24.80857817937259,28.696357709856017,15.629467666700213,0.0,11.494458929631733,23.306542024840127,22.86834124438796,20.215350625418534,24.278794159182745
rightKite,11.103325392005077,20.87612255287307,23.191251125456873,28.081058774850224,15.337402728527373,11.494458929631733,0.0,22.53528099078176,21.930859129719206,16.104441162549136,23.582098534104166
rustedHinge,20.853568819421476,15.778459288963317,19.363523766853355,20.893758924686512,25.12375161000535,23.306542024840127,22.53528099078176,0.0,7.080712577834795,21.84061391459193,23.262328061176905
hinge,20.20339142660578,12.580705444728938,16.753693654718152,20.206765017895872,25.021111436694916,22.86834124438796,21.930859129719206,7.080712577834795,0.0,21.081114628581588,23.63256717831492
trapezoid,16.459679261650926,21.581599871530393,21.608457871086685,23.26276654529939,17.042690802425785,20.215350625418534,16.104441162549136,21.84061391459193,21.081114628581588,0.0,16.940433567254217
random,22.60799357576493,25.91251675039921,25.850833908463475,22.843246532359764,20.51806935558991,24.278794159182745,23.582098534104166,23.262328061176905,23.63256717831492,16.940433567254217,0.0
