,square,rectangle,parallelogram,losange,isoTrapezoid,kite,rightKite,rustedHinge,hinge,trapezoid,random
square,1601.3639905956657,1934.4243279054522,2137.2650847153263,2285.925176289475,1824.1143321345976,1776.09318692743,1720.877034681749,1982.6608915196903,1967.234014556233,1862.8806408440546,2106.1244904000737
rectangle,1934.4243279054522,1649.7719114895344,1861.9626652010463,2083.9964000415393,2185.2949432966934,2005.879646545713,1984.342344005723,1913.5241819101093,1826.0349781102932,2011.9066325263645,2285.8602431903805
parallelogram,2137.2650847153263,1861.9626652010463,1748.7560441846801,1918.7341963127585,2313.199305009564,2208.4512334359865,2150.995668520104,2018.8232819564255,1928.184821396766,2045.6137589698321,2253.1108276527166
losange,2285.925176289475,2083.9964000415393,1918.734196312759,1789.176020702518,2361.676721955974,2348.4445664823943,2278.5849467255525,2107.669788104239,2052.2368053650166,2067.7518146074035,2123.47100539298
isoTrapezoid,1824.1143321345971,2185.2949432966934,2313.199305009564,2361.676721955974,1663.5308686617484,1869.440773197802,1821.3999561789838,2172.0058468793163,2184.537771415755,1908.9708396135366,2041.03000692035
kite,1776.0931869274305,2005.8796465457133,2208.4512334359865,2348.4445664823943,1869.440773197802,1662.4534528489667,1750.769766562588,2141.402104371497,2125.7802142833702,2022.9831516530655,2233.9007332510896
rightKite,1720.877034681749,1984.342344005723,2150.995668520104,2278.5849467255525,1821.3999561789838,1750.769766562588,1640.3374846399784,2084.0415937186604,2066.74842753772,1881.9055626402849,2140.2168820845145
rustedHinge,1982.6608915196903,1913.5241819101093,2018.8232819564255,2107.669788104239,2172.0058468793163,2141.402104371497,2084.041593718661,1706.1945422002686,1743.3963963629028,2025.7270854532223,2170.8494318031117
hinge,1967.234014556233,1826.0349781102932,1928.1848213967658,2052.2368053650166,2184.537771415755,2125.7802142833702,2066.7484275377205,1743.3963963629028,1688.4900154658146,1993.1163959588243,2171.0762232408906
trapezoid,1862.8806408440541,2011.9066325263645,2045.6137589698321,2067.751814607403,1908.9708396135366,2022.9831516530658,1881.9055626402853,2025.7270854532223,1993.1163959588243,1693.2779785994237,1903.3456637952788
random,2106.1244904000737,2285.8602431903805,2253.1108276527166,2123.47100539298,2041.0300069203504,2233.900733251089,2140.2168820845145,2170.8494318031117,2171.0762232408906,1903.3456637952788,1763.8563466262112
