,square,rectangle,parallelogram,losange,isoTrapezoid,kite,rightKite,rustedHinge,hinge,trapezoid,random
square,357.9822215562891,388.60898246630506,408.5851752405625,426.525582420962,382.4827264778155,378.4133380563678,376.11700634150145,399.58824369983233,394.7539680926817,387.241443210949,406.4814306629618
rectangle,388.60898246630506,358.63993848638705,387.5275859951023,407.4881913211303,409.2218702437602,396.8303442749468,396.60717657917854,390.13529398524236,379.9582362991993,399.7654631233243,418.307367859063
parallelogram,408.5851752405625,387.5275859951023,374.89599360816896,400.5748233566348,422.15957948423943,417.0466841299863,412.5798290521156,405.857994706806,395.7920654263237,407.3505787264614,423.57175875479817
losange,426.5255824209619,407.4881913211304,400.5748233566348,382.78117261565603,430.67217799148386,431.98850228182,428.9864151264814,414.2259722556287,408.19372251092045,413.63859172454573,417.2016551709106
isoTrapezoid,382.4827264778155,409.2218702437602,422.1595794842393,430.672177991484,365.0444101823124,387.95425401179074,387.05956208581733,416.45977119660927,413.45888191376065,392.3088626220375,404.74726277878733
kite,378.41333805636776,396.8303442749468,417.04668412998626,431.98850228182,387.95425401179074,366.384729388324,380.39033079346086,412.8898843916771,408.48908045685505,401.71137412577986,417.66615532238285
rightKite,376.11700634150145,396.60717657917854,412.5798290521157,428.9864151264815,387.05956208581733,380.39033079346086,367.73795994126164,410.459171178818,405.7667064778056,392.36548567397034,414.1956544830354
rustedHinge,399.58824369983233,390.13529398524236,405.857994706806,414.2259722556287,416.45977119660927,412.8898843916771,410.4591711788179,375.0800154117367,379.55370217550785,408.5971164033381,417.28364563163524
hinge,394.7539680926817,379.9582362991993,395.7920654263237,408.19372251092057,413.45888191376065,408.48908045685516,405.7667064778056,379.5537021755078,368.3007743262916,403.1158371583852,414.7177032652725
trapezoid,387.24144321094906,399.7654631233243,407.3505787264614,413.6385917245456,392.3088626220375,401.7113741257798,392.36548567397034,408.5971164033381,403.1158371583852,370.98724670527383,396.71144462434836
random,406.4814306629618,418.3073678590629,423.57175875479817,417.20165517091056,404.74726277878733,417.66615532238285,414.1956544830354,417.28364563163524,414.7177032652725,396.71144462434836,377.58083527770646
