,square,rectangle,parallelogram,losange,isoTrapezoid,kite,rightKite,rustedHinge,hinge,trapezoid,random
square,1.1102230246251565e-16,0.025779246425939317,0.06890009905460859,0.11459744487518986,0.034569071477895896,0.03153265893018742,0.022797941513948095,0.054469368949596864,0.041113071986855654,0.04425981598366002,0.08452190256185388
rectangle,0.025779246425939317,0.0,0.043677901169221434,0.09912868261928465,0.07245499941990219,0.054839469840603505,0.04906456166752848,0.05181216607427286,0.03079617024741177,0.0616888943920757,0.10701590403520977
parallelogram,0.06890009905460859,0.043677901169221434,1.1102230246251565e-16,0.031961957589266565,0.08992871371985212,0.0908444833616684,0.0745935634061391,0.06263491108629404,0.04460202055933882,0.045679501040614134,0.08294476678476448
losange,0.11459744487518986,0.09912868261928465,0.031961957589266565,0.0,0.10928562367043615,0.12504051343872669,0.10896042217963153,0.08681577948782238,0.07959847314999013,0.05626431388628672,0.06935572130505774
isoTrapezoid,0.034569071477895896,0.07245499941990219,0.08992871371985212,0.10928562367043615,1.1102230246251565e-16,0.0315017763035319,0.024746432625043058,0.07810003562737444,0.07255941910562658,0.0361372294382416,0.058899542242329406
kite,0.03153265893018742,0.054839469840603505,0.0908444833616684,0.12504051343872669,0.0315017763035319,0.0,0.015904757333081165,0.07857869695805553,0.07224660914076952,0.06948686790364,0.1031640373534759
rightKite,0.022797941513948095,0.04906456166752848,0.0745935634061391,0.10896042217963153,0.024746432625043058,0.015904757333081165,0.0,0.07094466731606541,0.06397056020907554,0.04259557485465415,0.08079193694391029
rustedHinge,0.054469368949596864,0.05181216607427286,0.06263491108629404,0.08681577948782238,0.07810003562737444,0.07857869695805553,0.07094466731606541,0.0,0.00810715303463816,0.06091943986147008,0.07366433755112589
hinge,0.041113071986855654,0.03079617024741177,0.04460202055933882,0.07959847314999013,0.07255941910562658,0.07224660914076952,0.06397056020907554,0.00810715303463816,0.0,0.05118005122204261,0.0724354361546401
trapezoid,0.04425981598366002,0.0616888943920757,0.045679501040614134,0.05626431388628672,0.0361372294382416,0.06948686790364,0.04259557485465415,0.06091943986147008,0.05118005122204261,0.0,0.024782226707692367
random,0.08452190256185388,0.10701590403520977,0.08294476678476448,0.06935572130505774,0.058899542242329406,0.1031640373534759,0.08079193694391029,0.07366433755112589,0.0724354361546401,0.024782226707692367,0.0
