,square,rectangle,parallelogram,losange,isoTrapezoid,kite,rightKite,rustedHinge,hinge,trapezoid,random
square,0.0,0.0018014523505677227,0.003096673911203607,0.0045758412996429465,0.0012060394736835844,0.0009087903169001654,0.0006257461171890188,0.0021741606599249286,0.0020044598671852265,0.0015232529101016912,0.003088877259537659
rectangle,0.0018014523505677227,0.0,0.0012249553673743252,0.002921037506761981,0.0035433593786879936,0.002320225978318158,0.0021504517091406328,0.0014862005715701176,0.0009259455026643382,0.0024235348845749183,0.004204665766081805
parallelogram,0.003096673911203607,0.0012249553673743252,0.0,0.0011988458673908298,0.004103512300171475,0.0035856051611004025,0.0029970708759746723,0.0021140529297642985,0.0015014043815883005,0.0021204562063764643,0.0035221172967142556
losange,0.0045758412996429465,0.002921037506761981,0.0011988458673908298,0.0,0.004676699027526543,0.004786318898860609,0.004267922667333557,0.0027620247372408535,0.0024904639779432802,0.00241837079344287,0.0025080374723503995
isoTrapezoid,0.0012060394736835844,0.0035433593786879936,0.004103512300171475,0.004676699027526543,0.0,0.0013096930373429627,0.001108648294042447,0.003509007825778121,0.003518116682686534,0.0015645906833215983,0.0024000466659286346
kite,0.0009087903169001654,0.002320225978318158,0.0035856051611004025,0.004786318898860609,0.0013096930373429627,0.0,0.0006567293041026545,0.0031405362847131135,0.003057642257269899,0.002550366524418868,0.0038616835829607954
rightKite,0.0006257461171890188,0.0021504517091406328,0.0029970708759746723,0.004267922667333557,0.001108648294042447,0.0006567293041026545,0.0,0.0028455705551029276,0.002686530470529358,0.0014612564143783313,0.003236162617917926
rustedHinge,0.0021741606599249286,0.0014862005715701176,0.0021140529297642985,0.0027620247372408535,0.003509007825778121,0.0031405362847131135,0.0028455705551029276,0.0,0.00022918106233993374,0.0024733664039514602,0.003135537557064194
hinge,0.0020044598671852265,0.0009259455026643382,0.0015014043815883005,0.0024904639779432802,0.003518116682686534,0.003057642257269899,0.002686530470529358,0.00022918106233993374,0.0,0.002229941128943036,0.003207960788630171
trapezoid,0.0015232529101016912,0.0024235348845749183,0.0021204562063764643,0.00241837079344287,0.0015645906833215983,0.002550366524418868,0.0014612564143783313,0.0024733664039514602,0.002229941128943036,1.1102230246251565e-16,0.0012102358315434492
random,0.003088877259537659,0.004204665766081805,0.0035221172967142556,0.0025080374723503995,0.0024000466659286346,0.0038616835829607954,0.003236162617917926,0.003135537557064194,0.003207960788630171,0.0012102358315434492,0.0
