,square,rectangle,parallelogram,losange,isoTrapezoid,kite,rightKite,rustedHinge,hinge,trapezoid,random
square,0.0,0.0007275368178192299,0.0017230511784797065,0.0026812127548411224,0.0007718667631125831,0.0007076885650437736,0.0004966615860421131,0.0012775342495411346,0.0010648969902938843,0.0010629049700646709,0.0019381954519949174
rectangle,0.0007275368178192299,0.0,0.0009505628192326698,0.002059188100774656,0.001687261004530649,0.001225350783716439,0.0010913145773082666,0.0010048898492215352,0.0006371348620757278,0.0013731798501284143,0.002365193504028529
parallelogram,0.0017230511784797065,0.0009505628192326698,0.0,0.0007661738065060097,0.002223729600452806,0.002257366712647202,0.0017831203974403298,0.0015093166999868846,0.001066122656956825,0.0011062798201358914,0.0018516495699315572
losange,0.0026812127548411224,0.002059188100774656,0.0007661738065060097,0.0,0.002709193641468488,0.003029535960930474,0.0025536804975496707,0.0021119539313289026,0.0018543823521007807,0.0013435827622013674,0.0015757979490097496
isoTrapezoid,0.0007718667631125831,0.001687261004530649,0.002223729600452806,0.002709193641468488,0.0,0.0007992141099015804,0.0006253232527483332,0.0019871109964517686,0.001876270657028667,0.0010033054023584898,0.0014963094253608311
kite,0.0007076885650437736,0.001225350783716439,0.002257366712647202,0.003029535960930474,0.0007992141099015804,0.0,0.00046086706430226165,0.001922464804165469,0.0018164769882753617,0.0018192732621872265,0.002485915686745832
rightKite,0.0004966615860421131,0.0010913145773082666,0.0017831203974403298,0.0025536804975496707,0.0006253232527483332,0.00046086706430226165,1.1102230246251565e-16,0.0017822174320086814,0.0016129532162384441,0.001041394321109057,0.0019558484882822302
rustedHinge,0.0012775342495411346,0.0010048898492215352,0.0015093166999868846,0.0021119539313289026,0.0019871109964517686,0.001922464804165469,0.0017822174320086814,0.0,0.0001621647686271821,0.0016146892944942648,0.0019698776688402697
hinge,0.0010648969902938843,0.0006371348620757278,0.001066122656956825,0.0018543823521007807,0.001876270657028667,0.0018164769882753617,0.0016129532162384441,0.0001621647686271821,0.0,0.001349903509784145,0.0018447925176876545
trapezoid,0.0010629049700646709,0.0013731798501284143,0.0011062798201358914,0.0013435827622013674,0.0010033054023584898,0.0018192732621872265,0.001041394321109057,0.0016146892944942648,0.001349903509784145,0.0,0.0006198673698158963
random,0.0019381954519949174,0.002365193504028529,0.0018516495699315572,0.0015757979490097496,0.0014963094253608311,0.002485915686745832,0.0019558484882822302,0.0019698776688402697,0.0018447925176876545,0.0006198673698158963,1.1102230246251565e-16
