,square,rectangle,parallelogram,losange,isoTrapezoid,kite,rightKite,rustedHinge,hinge,trapezoid,random
square,0.0,0.0009355783905563575,0.0013332871568091376,0.0019632030929380706,0.0005809226558676217,0.0003751852392623878,0.0002787243803386019,0.001008582858350482,0.0009568723609135743,0.0006576027997785561,0.001261475248615973
rectangle,0.0009355783905563575,0.0,0.0005523931578915731,0.0011738139193153696,0.001618673976343965,0.0011008840847892554,0.0010463856733545773,0.0005882068924002448,0.00037029491849016605,0.001129157118166746,0.0017128009703455405
parallelogram,0.0013332871568091376,0.0005523931578915731,0.0,0.000621984952511867,0.0017234307761681,0.001490812444651879,0.001275554204163809,0.0008774850619258645,0.0006584779253204776,0.0010849635422781612,0.0016019860813126785
losange,0.0019632030929380706,0.0011738139193153696,0.000621984952511867,0.0,0.0019370290081721642,0.001974490991344058,0.0018602983001013706,0.0010734598279531493,0.0010008420758919057,0.0012363479330710359,0.0012120928014968113
isoTrapezoid,0.0005809226558676217,0.001618673976343965,0.0017234307761681,0.0019370290081721642,0.0,0.0006001708997595001,0.0005659308268096686,0.0015699652037166612,0.0015868522849407096,0.0007082276204408711,0.0010486491198219428
kite,0.0003751852392623878,0.0011008840847892554,0.001490812444651879,0.001974490991344058,0.0006001708997595001,0.0,0.0002970845678416101,0.0013367486298850872,0.0013085152667717814,0.0009908322314713391,0.001476694515364696
rightKite,0.0002787243803386019,0.0010463856733545773,0.001275554204163809,0.0018602983001013706,0.0005659308268096686,0.0002970845678416101,0.0,0.0012195782211177342,0.0011683421301703634,0.0006351342579461461,0.0013717604941697603
rustedHinge,0.001008582858350482,0.0005882068924002448,0.0008774850619258645,0.0010734598279531493,0.0015699652037166612,0.0013367486298850872,0.0012195782211177342,0.0,0.0001161189098214388,0.0011254916411141958,0.001357323601871796
hinge,0.0009568723609135743,0.00037029491849016605,0.0006584779253204776,0.0010008420758919057,0.0015868522849407096,0.0013085152667717814,0.0011683421301703634,0.0001161189098214388,0.0,0.0010598417114378034,0.0014062956913765134
trapezoid,0.0006576027997785561,0.001129157118166746,0.0010849635422781612,0.0012363479330710359,0.0007082276204408711,0.0009908322314713391,0.0006351342579461461,0.0011254916411141958,0.0010598417114378034,0.0,0.0006791788313610381
random,0.001261475248615973,0.0017128009703455405,0.0016019860813126785,0.0012120928014968113,0.0010486491198219428,0.001476694515364696,0.0013717604941697603,0.001357323601871796,0.0014062956913765134,0.0006791788313610381,0.0
