,square,rectangle,parallelogram,losange,isoTrapezoid,kite,rightKite,rustedHinge,hinge,trapezoid,random
square,0.0,38.17814433840131,61.86895248415684,78.52956798041845,54.25548003223005,47.52489880149209,47.00285191538649,62.89340747600832,57.94521067012078,53.54816844332249,71.50333630917687
rectangle,38.17814433840131,0.0,49.003122449087506,71.20324770495996,69.59130348278586,56.64890009736153,56.98047746394622,57.5260098763444,49.10691361758854,59.679646554131814,77.59698016842316
parallelogram,61.86895248415684,49.003122449087506,0.0,38.126431829237745,69.77600971144012,65.05274911916283,60.73684248017019,55.258781112651775,48.493993865136545,49.07103983097266,61.74797868657957
losange,78.52956798041845,71.20324770495996,38.126431829237745,0.0,74.98162958746936,74.81057195986945,70.35189242260715,63.217721567617176,62.516785958725194,52.575084628859706,55.89115908701145
isoTrapezoid,54.25548003223005,69.59130348278586,69.77600971144012,74.98162958746936,0.0,42.374814549287755,37.129618827448084,66.94469062908499,65.41127921442933,45.12159485949599,51.73412495479197
kite,47.52489880149209,56.64890009736153,65.05274911916283,74.81057195986945,42.374814549287755,0.0,29.486559394441162,60.424933782461196,58.486253669589594,56.45312254919347,66.76640035791893
rightKite,47.00285191538649,56.98047746394622,60.73684248017019,70.35189242260715,37.129618827448084,29.486559394441162,0.0,59.05434219356057,56.357131107695544,43.241745738965946,59.173645111960575
rustedHinge,62.89340747600832,57.5260098763444,55.258781112651775,63.217721567617176,66.94469062908499,60.424933782461196,59.05434219356057,0.0,20.502671305379145,61.10889528637375,63.97897111810304
hinge,57.94521067012078,49.10691361758854,48.493993865136545,62.516785958725194,65.41127921442933,58.486253669589594,56.357131107695544,20.502671305379145,0.0,58.28484900145988,63.37970989936273
trapezoid,53.54816844332249,59.679646554131814,49.07103983097266,52.575084628859706,45.12159485949599,56.45312254919347,43.241745738965946,61.10889528637375,58.28484900145988,0.0,37.57773850028189
random,71.50333630917687,77.59698016842316,61.74797868657957,55.89115908701145,51.73412495479197,66.76640035791893,59.173645111960575,63.97897111810304,63.37970989936273,37.57773850028189,0.0
