,square,rectangle,parallelogram,losange,isoTrapezoid,kite,rightKite,rustedHinge,hinge,trapezoid,random
square,0.0,0.007782804370667584,0.010017362251882767,0.014442242245961023,0.004078493229214164,0.0026939874876367176,0.0018894327650086362,0.007525781279266064,0.00735837279883389,0.004558816509015906,0.007817823993072848
rectangle,0.007782804370667584,2.220446049250313e-16,0.004029531713550472,0.0075495147515308725,0.011621716852397324,0.008451330538887691,0.008207850844380693,0.0035711233768009887,0.0022693168735057334,0.008234850560743245,0.010185088870716452
parallelogram,0.010017362251882767,0.004029531713550472,0.0,0.004715971009210063,0.011584951096498264,0.010557238923765255,0.009384941289373838,0.0056630445582454,0.0044815088816414494,0.008934800709414104,0.010825091113209173
losange,0.014442242245961023,0.0075495147515308725,0.004715971009210063,0.0,0.013287161281160031,0.013508822189117087,0.013899972305256525,0.006723893208189002,0.006579435965133773,0.011134397540941476,0.00932405860527652
isoTrapezoid,0.004078493229214164,0.011621716852397324,0.011584951096498264,0.013287161281160031,0.0,0.004450010264156146,0.004202385266597997,0.010694586474092382,0.010979274552720963,0.00547778396391152,0.0074118130872530275
kite,0.0026939874876367176,0.008451330538887691,0.010557238923765255,0.013508822189117087,0.004450010264156146,2.220446049250313e-16,0.0021487711255991915,0.008804505234664028,0.008824854322584952,0.006369845985424116,0.008277690972090412
rightKite,0.0018894327650086362,0.008207850844380693,0.009384941289373838,0.013899972305256525,0.004202385266597997,0.0021487711255991915,2.220446049250313e-16,0.007945379342283898,0.007842249039692661,0.004501657468259479,0.008757241659359427
rustedHinge,0.007525781279266064,0.0035711233768009887,0.0056630445582454,0.006723893208189002,0.010694586474092382,0.008804505234664028,0.007945379342283898,0.0,0.0006952518798356566,0.007870764124623841,0.00830400120791841
hinge,0.00735837279883389,0.0022693168735057334,0.0044815088816414494,0.006579435965133773,0.010979274552720963,0.008824854322584952,0.007842249039692661,0.0006952518798356566,0.0,0.0076776710208277255,0.008793484403225138
trapezoid,0.004558816509015906,0.008234850560743245,0.008934800709414104,0.011134397540941476,0.00547778396391152,0.006369845985424116,0.004501657468259479,0.007870764124623841,0.0076776710208277255,0.0,0.005462472228813464
random,0.007817823993072848,0.010185088870716452,0.010825091113209173,0.00932405860527652,0.0074118130872530275,0.008277690972090412,0.008757241659359427,0.00830400120791841,0.008793484403225138,0.005462472228813464,0.0
