,square,rectangle,parallelogram,losange,isoTrapezoid,kite,rightKite,rustedHinge,hinge,trapezoid,random
square,0.13793282560337167,0.1946177694659075,0.2757239591359475,0.3082984454412741,0.276161804097183,0.24317394786672533,0.23961624483880387,0.3033656673435382,0.2781419031023458,0.2733763751968493,0.31907292485939265
rectangle,0.1946177694659075,0.14200665289937733,0.24853009162432455,0.29610451522757014,0.2969744936384397,0.25892319556400956,0.25736261833020896,0.2850870644321349,0.24545450977493946,0.27868957331047756,0.3249449604651651
parallelogram,0.2757239591359475,0.24853009162432455,0.20916765877093416,0.24480500735269142,0.321504389332,0.29508067310742364,0.29262471704281157,0.3170714501423831,0.2861750164858092,0.2801579330994298,0.31710087548131155
losange,0.30829844544127416,0.29610451522757014,0.24480500735269142,0.21968629906495035,0.3321797288658846,0.317057408318104,0.3122554235526207,0.33182372498399426,0.31105908949335725,0.2893789880785087,0.30643249583760357
isoTrapezoid,0.276161804097183,0.2969744936384397,0.321504389332,0.33217972886588454,0.17709591152410833,0.24507528520617008,0.22351243280431313,0.29347674747950325,0.2905087532946925,0.2511802250077256,0.276466307756581
kite,0.24317394786672533,0.25892319556400956,0.29508067310742364,0.317057408318104,0.2450752852061701,0.18791712606441308,0.20781073443842638,0.29173432364415147,0.27495957862806286,0.27086897272968846,0.2921206529965347
rightKite,0.23961624483880387,0.25736261833020896,0.2926247170428116,0.31225542355262076,0.22351243280431307,0.20781073443842638,0.1794018026533239,0.2769435659581248,0.26331719245017343,0.24789953350737456,0.28020699084551215
rustedHinge,0.3033656673435382,0.28508706443213483,0.3170714501423831,0.33182372498399426,0.29347674747950325,0.29173432364415147,0.2769435659581248,0.1923686343417101,0.2149507592941297,0.3042667459744416,0.301385715062873
hinge,0.2781419031023459,0.24545450977493946,0.2861750164858093,0.31105908949335725,0.29050875329469256,0.27495957862806286,0.26331719245017343,0.2149507592941297,0.19594524357999837,0.2860098160152665,0.2941284413308448
trapezoid,0.2733763751968493,0.27868957331047756,0.2801579330994298,0.2893789880785087,0.25118022500772563,0.27086897272968846,0.24789953350737456,0.3042667459744416,0.2860098160152665,0.2137308932848515,0.2567016764303171
random,0.31907292485939265,0.3249449604651651,0.31710087548131155,0.30643249583760357,0.276466307756581,0.2921206529965347,0.28020699084551215,0.301385715062873,0.2941284413308448,0.2567016764303171,0.21737980313230462
