,square,rectangle,parallelogram,losange,isoTrapezoid,kite,rightKite,rustedHinge,hinge,trapezoid,random
square,0.16231727856828268,0.18108713896896883,0.20069588958734622,0.2194709131361256,0.17233566639813447,0.17107658924007907,0.1675606286003157,0.1857007863292353,0.18297871985844114,0.17859394188267136,0.19537576832221434
rectangle,0.18108713896896883,0.15595963317901843,0.17649824924496318,0.19826648226913224,0.1986589842615181,0.18462783687418038,0.18285076451942844,0.17533383491425814,0.16786913984594226,0.1860613125880709,0.20722110017323875
parallelogram,0.20069588958734622,0.17649824924496318,0.1643074412728958,0.1815551780164756,0.20875782505861135,0.20369386109785736,0.1964165836710859,0.18830255519401246,0.1805440955018052,0.18661028158561846,0.2046582909784781
losange,0.2194709131361256,0.1982664822691322,0.18155517801647564,0.17023675993549206,0.21753846286382303,0.21961731470584275,0.21338259535169138,0.19883423786356372,0.19509274798997125,0.1930873183184932,0.19844453147654087
isoTrapezoid,0.17233566639813447,0.1986589842615181,0.20875782505861135,0.21753846286382303,0.15169451234841017,0.17062696363960472,0.16775716647443917,0.19593824184711472,0.19609235986970194,0.17482899640783311,0.18336373695166444
kite,0.17107658924007907,0.18462783687418038,0.20369386109785736,0.21961731470584275,0.1706269636396047,0.15626094262134263,0.16401020421549173,0.1921499346961079,0.19112045610441028,0.1868351076941365,0.20048013818191446
rightKite,0.16756062860031573,0.18285076451942847,0.1964165836710859,0.21338259535169138,0.16775716647443917,0.16401020421549173,0.15496897347300767,0.18829546765624003,0.1867682626547623,0.17415468443674448,0.1926901828408352
rustedHinge,0.18570078632923526,0.17533383491425814,0.18830255519401243,0.19883423786356372,0.19593824184711472,0.1921499346961079,0.18829546765624006,0.15453008764926307,0.15846831757326807,0.18642312124590305,0.19362134244031853
hinge,0.18297871985844114,0.16786913984594226,0.1805440955018052,0.19509274798997125,0.19609235986970194,0.19112045610441028,0.18676826265476235,0.15846831757326807,0.15526986731089903,0.1836305134409624,0.19478291458849695
trapezoid,0.17859394188267136,0.18606131258807088,0.18661028158561843,0.1930873183184932,0.17482899640783311,0.1868351076941365,0.1741546844367445,0.18642312124590305,0.1836305134409624,0.15829030471169162,0.1737267135916515
random,0.19537576832221434,0.20722110017323875,0.2046582909784781,0.19844453147654087,0.18336373695166444,0.2004801381819145,0.1926901828408352,0.19362134244031853,0.19478291458849695,0.1737267135916515,0.15805351097131867
