,square,rectangle,parallelogram,losange,isoTrapezoid,kite,rightKite,rustedHinge,hinge,trapezoid,random
square,0.14606510130088385,0.16610574001418996,0.18941592066583962,0.2097569790243419,0.16316355853757536,0.16359629563235836,0.15652924336607252,0.1764325587540417,0.17148436933162034,0.16945776156608502,0.1913462754435558
rectangle,0.16610574001418998,0.14231033848612554,0.16622096376558712,0.1911535196173986,0.19122286792577292,0.17792823778583935,0.1728390978642116,0.168381694469812,0.15861197804684593,0.178898125817333,0.2060717485312151
parallelogram,0.1894159206658396,0.16622096376558712,0.14824461387793597,0.16656933109403688,0.20272164658136335,0.20143637071102932,0.187823082918902,0.1840405658630214,0.17297048420220762,0.17519540548208948,0.19826021698783478
losange,0.2097569790243419,0.1911535196173986,0.16656933109403688,0.15373817789210195,0.21222251056176036,0.2189601636565501,0.2053725105073818,0.19700835128130165,0.18999725420576427,0.18075955759314158,0.19004664651713268
isoTrapezoid,0.16316355853757536,0.19122286792577292,0.20272164658136335,0.21222251056176036,0.14245154225685402,0.16664038750733018,0.15999762025890477,0.19529220170621417,0.1926981943891833,0.16796420552792438,0.1800655215816679
kite,0.16359629563235836,0.17792823778583933,0.20143637071102932,0.2189601636565501,0.16664038750733018,0.14854949176115254,0.1571761813037647,0.19490814609386517,0.1918640008005107,0.18756420214785904,0.2070561635582695
rightKite,0.1565292433660725,0.1728390978642116,0.18782308291890198,0.2053725105073818,0.15999762025890477,0.1571761813037647,0.14329604896568926,0.1870786266033271,0.1830567784181619,0.16625136328137216,0.19066331033393075
rustedHinge,0.1764325587540417,0.16838169446981202,0.18404056586302142,0.19700835128130162,0.19529220170621422,0.1949081460938652,0.1870786266033271,0.14530254957997554,0.1484810736821971,0.18428972323655118,0.19474328955441378
hinge,0.17148436933162034,0.15861197804684593,0.17297048420220762,0.18999725420576424,0.1926981943891833,0.19186400080051072,0.1830567784181619,0.1484810736821971,0.14370416033094988,0.17837467976110455,0.19268625113568924
trapezoid,0.16945776156608502,0.178898125817333,0.17519540548208945,0.18075955759314155,0.1679642055279244,0.18756420214785904,0.16625136328137216,0.1842897232365512,0.17837467976110455,0.14642942383730226,0.16379516781554804
random,0.1913462754435558,0.2060717485312151,0.1982602169878348,0.19004664651713268,0.18006552158166791,0.20705616355826956,0.19066331033393077,0.19474328955441375,0.19268625113568924,0.16379516781554804,0.14829981385466384
