,square,rectangle,parallelogram,losange,isoTrapezoid,kite,rightKite,rustedHinge,hinge,trapezoid,random
square,0.0,0.012938031416994233,0.022180702183344114,0.032357955342734,0.008025591269367083,0.006425250345563294,0.00387995763981841,0.014503618099090732,0.013823360060265633,0.009983012004204928,0.020636619807901546
rectangle,0.012938031416994233,0.0,0.007664687149054106,0.018538564121733492,0.02487071858330203,0.01629433462342955,0.014700652197219721,0.009346159687718014,0.00597370797805008,0.01594538131338208,0.02735015503840388
parallelogram,0.022180702183344114,0.007664687149054106,0.0,0.006954568895108482,0.028819453026025288,0.02461100003578731,0.021301918379920015,0.012365128905750034,0.008676119299477758,0.01437441786226823,0.022405211028074024
losange,0.032357955342734,0.018538564121733492,0.006954568895108482,0.0,0.032866358334028956,0.03204749564107667,0.029683633834497347,0.016753243748749758,0.015024361226526839,0.017649288765477777,0.01668400397315173
isoTrapezoid,0.008025591269367083,0.02487071858330203,0.028819453026025288,0.032866358334028956,0.0,0.009076614137903283,0.0072221186139656,0.02277712469202553,0.02367245655160677,0.010894698421382687,0.016432600167774813
kite,0.006425250345563294,0.01629433462342955,0.02461100003578731,0.03204749564107667,0.009076614137903283,0.0,0.004085864364567815,0.020360417421544263,0.020402210000673437,0.017138821327047582,0.025415386989873445
rightKite,0.00387995763981841,0.014700652197219721,0.021301918379920015,0.029683633834497347,0.0072221186139656,0.004085864364567815,0.0,0.018015741737212876,0.01734978122607045,0.010172334615928369,0.021945786697489922
rustedHinge,0.014503618099090732,0.009346159687718014,0.012365128905750034,0.016753243748749758,0.02277712469202553,0.020360417421544263,0.018015741737212876,0.0,0.001252838418954294,0.014962072607118904,0.018731765652350907
hinge,0.013823360060265633,0.00597370797805008,0.008676119299477758,0.015024361226526839,0.02367245655160677,0.020402210000673437,0.01734978122607045,0.001252838418954294,0.0,0.013684091107637353,0.01959269014538001
trapezoid,0.009983012004204928,0.01594538131338208,0.01437441786226823,0.017649288765477777,0.010894698421382687,0.017138821327047582,0.010172334615928369,0.014962072607118904,0.013684091107637353,0.0,0.007548236726289792
random,0.020636619807901546,0.02735015503840388,0.022405211028074024,0.01668400397315173,0.016432600167774813,0.025415386989873445,0.021945786697489922,0.018731765652350907,0.01959269014538001,0.007548236726289792,0.0
