,square,rectangle,parallelogram,losange,isoTrapezoid,kite,rightKite,rustedHinge,hinge,trapezoid,random
square,1.1102230246251565e-16,0.00634511145412775,0.008956285241354944,0.01297778347484757,0.0035903697906582988,0.002421491505539608,0.0017077885604162013,0.0065055477652752325,0.006299654218666295,0.004120527587936906,0.00777437063214248
rectangle,0.00634511145412775,1.1102230246251565e-16,0.0034063548900586937,0.00713203994607936,0.010382974244360632,0.007076522791487627,0.006846773821599927,0.0035605451933842236,0.002260686684612434,0.007147726509585062,0.010159554803995108
parallelogram,0.008956285241354944,0.0034063548900586937,1.1102230246251565e-16,0.003833769307523993,0.011111961652744529,0.009587316669875778,0.008465280545293719,0.005364353961751944,0.004040295768515945,0.007368268514184373,0.009990000167169777
losange,0.01297778347484757,0.00713203994607936,0.003833769307523993,1.1102230246251565e-16,0.012625270935882171,0.012617775846694657,0.012297843749541237,0.006610434522543951,0.00613320787930427,0.008709888260513998,0.007996727914678536
isoTrapezoid,0.0035903697906582988,0.010382974244360632,0.011111961652744529,0.012625270935882171,0.0,0.003962007094463482,0.0035554092466798526,0.009625974926343095,0.009883210789792263,0.004571870331842698,0.006771115345431067
kite,0.002421491505539608,0.007076522791487627,0.009587316669875778,0.012617775846694657,0.003962007094463482,1.1102230246251565e-16,0.0018498683102091684,0.008307593249979317,0.008192136256849003,0.006161037642022693,0.00887334792736827
rightKite,0.0017077885604162013,0.006846773821599927,0.008465280545293719,0.012297843749541237,0.0035554092466798526,0.0018498683102091684,0.0,0.0075078959158795255,0.007293989416416791,0.004059029323014163,0.00850050942737346
rustedHinge,0.0065055477652752325,0.0035605451933842236,0.005364353961751944,0.006610434522543951,0.009625974926343095,0.008307593249979317,0.0075078959158795255,0.0,0.0006247886080367193,0.006971484323164745,0.007980101475058898
hinge,0.006299654218666295,0.002260686684612434,0.004040295768515945,0.00613320787930427,0.009883210789792263,0.008192136256849003,0.007293989416416791,0.0006247886080367193,1.1102230246251565e-16,0.006646038353558481,0.008343260463262836
trapezoid,0.004120527587936906,0.007147726509585062,0.007368268514184373,0.008709888260513998,0.004571870331842698,0.006161037642022693,0.004059029323014163,0.006971484323164745,0.006646038353558481,0.0,0.004447916522015372
random,0.00777437063214248,0.010159554803995108,0.009990000167169777,0.007996727914678536,0.006771115345431067,0.00887334792736827,0.00850050942737346,0.007980101475058898,0.008343260463262836,0.004447916522015372,0.0
