,square,rectangle,parallelogram,losange,isoTrapezoid,kite,rightKite,rustedHinge,hinge,trapezoid,random
square,470.4326751687777,513.0124743934804,533.7656334808361,557.4931708890805,500.15838295214394,491.7870882044757,488.6931987051611,521.8957545597395,516.339379818488,505.80076221159675,527.4533045807893
rectangle,513.0124743934804,470.74517732354,504.67619037970053,528.9388803584164,535.4358503043018,517.0320681369452,516.8682646971096,506.530667069184,494.5827054658346,522.1857164841291,540.009796963573
parallelogram,533.7656334808361,504.6761903797005,484.09614720815273,516.6037591067941,546.2788332363037,537.4888520453898,532.5304289029109,523.1861394322168,511.5624745379693,529.0977705170451,545.3424940771748
losange,557.4931708890804,528.9388803584164,516.6037591067941,492.18168560285636,557.2968183405835,555.8237225650897,554.2952919630785,533.2073409641566,527.067561469465,539.373485448785,538.4656158296182
isoTrapezoid,500.15838295214394,535.4358503043018,546.2788332363037,557.2968183405835,474.2271498290839,501.90871343647416,500.98105118500496,539.694096191705,536.3723836784341,510.5471750796948,523.764382164183
kite,491.7870882044757,517.0320681369453,537.4888520453899,555.8237225650897,501.90871343647416,470.7133379940322,489.28556144713417,530.8934003749517,526.1475426027471,518.266855530914,533.8513063721733
rightKite,488.6931987051611,516.8682646971096,532.5304289029109,554.2952919630785,500.98105118500484,489.28556144713417,472.6553136753371,528.0478555713295,522.5500953577192,507.1615648752249,532.2067932969231
rustedHinge,521.8957545597395,506.530667069184,523.1861394322169,533.2073409641566,539.6940961917048,530.8934003749517,528.0478555713295,485.3469886983415,490.6236687374095,529.2074676374368,535.8997274227324
hinge,516.339379818488,494.5827054658346,511.5624745379693,527.067561469465,536.372383678434,526.1475426027471,522.5500953577192,490.6236687374095,477.09856768353507,523.1771576482054,533.7192637992636
trapezoid,505.80076221159675,522.1857164841291,529.0977705170452,539.373485448785,510.5471750796948,518.2668555309139,507.16156487522494,529.2074676374368,523.1771576482054,481.1093116266002,513.4624640988444
random,527.4533045807893,540.009796963573,545.3424940771748,538.4656158296182,523.764382164183,533.8513063721733,532.2067932969233,535.8997274227323,533.7192637992636,513.4624640988443,484.7793123702841
