,square,rectangle,parallelogram,losange,isoTrapezoid,kite,rightKite,rustedHinge,hinge,trapezoid,random
square,4497.036147928775,5823.937495110252,7040.118076952321,7734.201107465528,5889.034113945409,5640.996519285543,5299.761835926409,6644.382048098846,6538.527896531869,5785.965464987298,7247.278990789029
rectangle,5823.937495110252,4573.943758547496,5614.1016927518385,6893.771676676761,7573.516424769818,6555.025777150731,6482.009422564448,6705.0035066509645,6158.8931562418975,6535.830815518686,8309.472161606736
parallelogram,7040.118076952321,5614.1016927518385,4996.347390232756,5946.722036590164,8299.71343101256,7589.177481323832,7374.842562085515,7306.659641978288,6744.223871687384,6747.192027599452,8322.156424517467
losange,7734.201107465528,6893.771676676761,5946.722036590164,4900.598913328023,8257.959051028058,8197.85642296373,7785.8148950292125,7550.659196814924,7284.808716933369,6557.601559049142,7392.882036109277
isoTrapezoid,5889.034113945409,7573.516424769818,8299.713431012558,8257.959051028058,5059.2041747883,6181.673565994402,5799.224486748919,7789.317071283873,7880.380370365413,5989.619580943091,6665.19738434803
kite,5640.996519285543,6555.025777150731,7589.177481323832,8197.85642296373,6181.673565994402,5483.874293353277,5556.945556218367,7565.856074737132,7451.168093293756,6539.300431891764,7832.596230070265
rightKite,5299.761835926409,6482.009422564448,7374.842562085513,7785.814895029214,5799.224486748919,5556.945556218366,4862.44987751871,7381.572740489252,7350.535210263122,5899.59705085128,7297.434752182434
rustedHinge,6644.382048098846,6705.0035066509645,7306.659641978288,7550.659196814924,7789.317071283873,7565.85607473713,7381.572740489253,5704.839847367669,5963.948982139572,7117.189195202757,7957.532821632892
hinge,6538.527896531869,6158.8931562418975,6744.223871687384,7284.808716933369,7880.380370365413,7451.168093293757,7350.535210263122,5963.948982139572,5733.948139014727,7035.028643687647,8069.7667956252735
trapezoid,5785.965464987298,6535.830815518684,6747.192027599452,6557.601559049142,5989.619580943091,6539.300431891764,5899.59705085128,7117.189195202757,7035.028643687645,5004.280705976688,6204.712601681182
random,7247.278990789029,8309.472161606738,8322.156424517467,7392.8820361092785,6665.19738434803,7832.596230070266,7297.434752182433,7957.53282163289,8069.7667956252735,6204.712601681181,5860.669108888571
