,square,rectangle,parallelogram,losange,isoTrapezoid,kite,rightKite,rustedHinge,hinge,trapezoid,random
square,253.06262559210154,303.6928925607329,391.3951125175504,465.45450310923707,394.22824760071234,354.6099665058716,353.1388048603451,435.3378131856115,415.35522973058147,373.5235914766979,450.6214489193961
rectangle,303.6928925607329,253.18646304502684,357.0870605562954,453.76953649952014,426.17873705532685,373.9792470799909,375.37682151237044,425.304045541623,395.2366433194277,389.8745483539316,468.08006130656565
parallelogram,391.3951125175504,357.0870605562954,302.44070545298115,393.5701815445054,453.06481583571707,423.58979988104664,415.3789012933536,450.2881599768637,432.6924849919401,390.0385517017298,457.37246208346096
losange,465.45450310923707,453.76953649952014,393.57018154450543,348.25166548442417,492.8383064709969,481.99372418001195,475.7548308161594,505.0165846171107,502.1193733262211,430.44108397964663,468.84424703812493
isoTrapezoid,394.2282476007124,426.17873705532685,453.06481583571707,492.838306470997,329.8501894065783,395.3928572714631,376.34690193484465,471.61012617655734,472.0209211612332,393.35900093188076,433.6714810789866
kite,354.6099665058716,373.97924707999096,423.58979988104676,481.99372418001195,395.3928572714631,314.5271046535857,344.206095704117,438.2487351631814,430.1002223675595,409.7350472139993,463.4366709819135
rightKite,353.1388048603451,375.37682151237044,415.3789012933536,475.7548308161594,376.34690193484465,344.20609570411693,307.0569526209763,428.8403020337973,425.40878677290294,381.30514334781816,446.2463817913299
rustedHinge,435.3378131856115,425.304045541623,450.2881599768637,505.0165846171107,471.61012617655734,438.24873516318127,428.8403020337974,324.7026695099175,349.53302294936987,450.6684152239788,477.859664855893
hinge,415.35522973058147,395.2366433194277,432.6924849919401,502.11937332622097,472.0209211612332,430.1002223675595,425.40878677290294,349.5330229493698,335.9354874637109,443.55618189820996,481.04802134513847
trapezoid,373.5235914766979,389.8745483539316,390.03855170172983,430.44108397964675,393.35900093188076,409.7350472139993,381.30514334781816,450.6684152239788,443.55618189820996,324.6438157897134,399.5556042263176
random,450.6214489193961,468.08006130656565,457.37246208346096,468.84424703812505,433.6714810789866,463.43667098191355,446.2463817913299,477.859664855893,481.04802134513847,399.55560422631754,373.3534061437521
