,square,rectangle,parallelogram,losange,isoTrapezoid,kite,rightKite,rustedHinge,hinge,trapezoid,random
square,0.0,59.77022094190236,66.94723767080356,81.32272249382767,44.78927378839913,35.82098673739711,34.47706862828581,64.02509492608698,60.131370149274225,51.94689310615034,78.47845927477853
rectangle,59.77022094190236,0.0,39.0412105650017,68.25193560454483,76.96209541081667,65.5658321709191,62.42775232076901,54.57085444704849,41.4288951314076,61.533640594031624,91.95896649851883
parallelogram,66.94723767080356,39.0412105650017,0.0,42.780158778657615,77.16689669337889,71.72239391084811,66.40245842646527,57.853285687730704,45.76633233602254,52.60988198276627,80.3828732040176
losange,81.32272249382767,68.25193560454483,42.780158778657615,0.0,81.90144157509664,84.20970925746344,79.13387628408049,71.90862352603729,65.16362520056713,53.83363591968,65.36152762846598
isoTrapezoid,44.78927378839913,76.96209541081667,77.16689669337889,81.90144157509664,0.0,45.89771055287021,39.49902874429495,71.89839591206771,72.40682350701418,48.833577026663754,63.88131746865467
kite,35.82098673739711,65.5658321709191,71.72239391084811,84.20970925746344,45.89771055287021,0.0,33.07577427332784,70.74748262896465,68.52048350643508,62.819828561124275,83.90674263525291
rightKite,34.47706862828581,62.42775232076901,66.40245842646527,79.13387628408049,39.49902874429495,33.07577427332784,0.0,60.544379883143954,60.28469902765339,49.433791663675976,75.83523330262283
rustedHinge,64.02509492608698,54.57085444704849,57.853285687730704,71.90862352603729,71.89839591206771,70.74748262896465,60.544379883143954,0.0,21.886592171380197,61.588419711605376,79.8973950735016
hinge,60.131370149274225,41.4288951314076,45.76633233602254,65.16362520056713,72.40682350701418,68.52048350643508,60.28469902765339,21.886592171380197,0.0,56.0469125354675,79.90423046680571
trapezoid,51.94689310615034,61.533640594031624,52.60988198276627,53.83363591968,48.833577026663754,62.819828561124275,49.433791663675976,61.588419711605376,56.0469125354675,0.0,46.48336351710331
random,78.47845927477853,91.95896649851883,80.3828732040176,65.36152762846598,63.88131746865467,83.90674263525291,75.83523330262283,79.8973950735016,79.90423046680571,46.48336351710331,0.0
