,square,rectangle,parallelogram,losange,isoTrapezoid,kite,rightKite,rustedHinge,hinge,trapezoid,random
square,0.0,105.77483920491036,148.6919826499259,175.83711721007205,130.78157526312086,133.51847722815737,138.68202279632897,163.18615420303172,154.4435552929078,130.94301692776415,177.19873600216172
rectangle,105.77483920491036,0.0,106.69488066587023,149.87095387335552,166.94295518930608,153.81302649634694,161.54661476283866,155.98600149916885,139.05155004255653,145.5386568344076,190.30518654023658
parallelogram,148.6919826499259,106.69488066587023,0.0,79.33433222817497,164.11095543095212,160.74416046326198,160.7160469272265,147.67504289216,133.7071671075253,122.30639827897849,162.0214184767263
losange,175.83711721007205,149.87095387335552,79.33433222817497,0.0,172.99395098824556,176.85310482615486,177.45827495634038,161.51798021655267,155.4332217108389,130.49902692846783,152.82448498530096
isoTrapezoid,130.78157526312086,166.94295518930608,164.11095543095212,172.99395098824556,0.0,100.21602353719541,96.51302466993396,156.03984813529524,156.05894622238085,98.00162630831883,125.1812032104135
kite,133.51847722815737,153.81302649634694,160.74416046326198,176.85310482615486,100.21602353719541,0.0,69.74170043260045,140.0003920868085,135.0129557996151,127.53340601743224,145.62669420579545
rightKite,138.68202279632897,161.54661476283866,160.7160469272265,177.45827495634038,96.51302466993396,69.74170043260045,0.0,138.14110798627016,133.80745861874806,107.74535728762373,133.83904777915515
rustedHinge,163.18615420303172,155.98600149916885,147.67504289216,161.51798021655267,156.03984813529524,140.0003920868085,138.14110798627016,0.0,49.72858414814265,142.04332714186972,143.9762395163385
hinge,154.4435552929078,139.05155004255653,133.7071671075253,155.4332217108389,156.05894622238085,135.0129557996151,133.80745861874806,49.72858414814265,0.0,135.8484255497891,143.92053072417755
trapezoid,130.94301692776415,145.5386568344076,122.30639827897849,130.49902692846783,98.00162630831883,127.53340601743224,107.74535728762373,142.04332714186972,135.8484255497891,0.0,97.01977504972935
random,177.19873600216172,190.30518654023658,162.0214184767263,152.82448498530096,125.1812032104135,145.62669420579545,133.83904777915515,143.9762395163385,143.92053072417755,97.01977504972935,0.0
