,square,rectangle,parallelogram,losange,isoTrapezoid,kite,rightKite,rustedHinge,hinge,trapezoid,random
square,0.0,72.58173530185826,83.75557372858201,101.09193740544345,56.74354956685108,47.6685536277109,46.57862820946029,78.37054292867656,73.90943983939381,65.61569442364134,94.30723296659818
rectangle,72.58173530185826,0.0,51.293243624841864,85.62760798568955,94.20252729033021,80.88358904118793,77.65178240925631,67.91716558533108,52.78080096450048,76.22696304987045,109.89245461302727
parallelogram,83.75557372858201,51.293243624841864,0.0,52.287696298186134,95.92135694773361,91.18206254690475,82.99449558827934,73.32552115884425,59.03722482386622,64.64051876982795,95.35273383097584
losange,101.09193740544345,85.62760798568955,52.287696298186134,0.0,101.96536620916412,105.56788963290676,97.79664836040722,89.3664584038556,81.50358989182436,67.13597253487183,79.3327979211857
isoTrapezoid,56.74354956685108,94.20252729033021,95.92135694773361,101.96536620916412,0.0,57.1231620552551,49.60002001933266,88.22147749890183,88.84658329951317,60.68291309554825,76.36990547631035
kite,47.6685536277109,80.88358904118793,91.18206254690475,105.56788963290676,57.1231620552551,0.0,40.24599306282769,86.41253453363161,84.208759793372,79.27380854694,100.71333864090577
rightKite,46.57862820946029,77.65178240925631,82.99449558827934,97.79664836040722,49.60002001933266,40.24599306282769,0.0,76.35418070803091,75.56930947635426,61.91926265726471,89.81714627556465
rustedHinge,78.37054292867656,67.91716558533108,73.32552115884425,89.3664584038556,88.22147749890183,86.41253453363161,76.35418070803091,0.0,26.933591424242145,75.62218081778717,93.77536776684474
hinge,73.90943983939381,52.78080096450048,59.03722482386622,81.50358989182436,88.84658329951317,84.208759793372,75.56930947635426,26.933591424242145,0.0,69.0623683360441,93.59844086702388
trapezoid,65.61569442364134,76.22696304987045,64.64051876982795,67.13597253487183,60.68291309554825,79.27380854694,61.91926265726471,75.62218081778717,69.0623683360441,0.0,54.640332504010956
random,94.30723296659818,109.89245461302727,95.35273383097584,79.3327979211857,76.36990547631035,100.71333864090577,89.81714627556465,93.77536776684474,93.59844086702388,54.640332504010956,0.0
