,square,rectangle,parallelogram,losange,isoTrapezoid,kite,rightKite,rustedHinge,hinge,trapezoid,random
square,0.0,108.78053943076388,135.70899646628027,163.66830501619793,109.857041452631,98.54917752319791,96.26335846697488,132.87486051110508,126.21218690361268,116.08536370346546,157.94565520379894
rectangle,108.78053943076388,0.0,88.92305935391006,139.8363801368847,161.9144322611997,137.01211139225822,135.61480828660692,122.37282514080381,103.09817423167087,133.33340638729905,180.22910489812645
parallelogram,135.70899646628027,88.92305935391006,0.0,75.74079122954912,158.47292753263451,145.39961077589302,138.4549130563782,120.82388475060719,103.75105379761118,109.72728570118394,151.7306156796854
losange,163.66830501619793,139.8363801368847,75.74079122954912,0.0,165.35578597421076,164.76016933185335,157.82810129568622,141.2096796135668,132.5915808237087,112.15266567957146,131.28373319501003
isoTrapezoid,109.857041452631,161.9144322611997,158.47292753263451,165.35578597421076,0.0,97.11232006634089,84.8441106235206,147.17701298940418,148.88358198999893,97.24680186248318,119.27165691204341
kite,98.54917752319791,137.01211139225822,145.39961077589302,164.76016933185335,97.11232006634089,0.0,63.96766975582507,136.73634672764575,132.67706293053953,125.42802042761703,151.18244734996287
rightKite,96.26335846697488,135.61480828660692,138.4549130563782,157.82810129568622,84.8441106235206,63.96766975582507,0.0,127.36717441077764,125.28831084350495,97.65076334203556,135.85783191337572
rustedHinge,132.87486051110508,122.37282514080381,120.82388475060719,141.2096796135668,147.17701298940418,136.73634672764575,127.36717441077764,0.0,41.429802459074274,125.17980760240054,143.20454605769154
hinge,126.21218690361268,103.09817423167087,103.75105379761118,132.5915808237087,148.88358198999893,132.67706293053953,125.28831084350495,41.429802459074274,0.0,119.09975853876892,143.5729274209387
trapezoid,116.08536370346546,133.33340638729905,109.72728570118394,112.15266567957146,97.24680186248318,125.42802042761703,97.65076334203556,125.17980760240054,119.09975853876892,0.0,86.15073560452554
random,157.94565520379894,180.22910489812645,151.7306156796854,131.28373319501003,119.27165691204341,151.18244734996287,135.85783191337572,143.20454605769154,143.5729274209387,86.15073560452554,0.0
