,square,rectangle,parallelogram,losange,isoTrapezoid,kite,rightKite,rustedHinge,hinge,trapezoid,random
square,0.0,4.69670006296145,6.228035226982127,7.4161185448787545,3.774887925865284,3.313464547782642,2.78476663922838,5.148705951056266,4.9393886252929855,4.252623759187536,5.928151626391188
rectangle,4.69670006296145,0.0,3.9162527706353374,5.8582150118696275,6.572826518251163,5.315479969371982,5.151195708210967,4.237552909731748,3.3676046782475715,5.396029285644857,6.991921644913746
parallelogram,6.228035226982127,3.9162527706353374,0.0,3.7959421412850154,7.159455361440092,6.732690616994043,6.18033294952378,5.203717919932164,4.399715414863094,5.248117553495529,6.597269992020949
losange,7.4161185448787545,5.8582150118696275,3.7959421412850154,0.0,7.580757865657836,7.685595943698069,7.231058721760076,5.824695205344934,5.486163066298987,5.475269047793767,5.668571849754618
isoTrapezoid,3.774887925865284,6.572826518251163,7.159455361440092,7.580757865657836,0.0,4.044193961929528,3.7277868838681525,6.573073529499052,6.553269186595319,4.39653390883334,5.338484982651059
kite,3.313464547782642,5.315479969371982,6.732690616994043,7.685595943698069,4.044193961929528,0.0,2.8509881365607077,6.229600379658502,6.123124731873805,5.526764360281836,6.77099489500132
rightKite,2.78476663922838,5.151195708210967,6.18033294952378,7.231058721760076,3.7277868838681525,2.8509881365607077,0.0,5.939406074623831,5.763682596139875,4.194904168686928,6.179804390642294
rustedHinge,5.148705951056266,4.237552909731748,5.203717919932164,5.824695205344934,6.573073529499052,6.229600379658502,5.939406074623831,0.0,1.6795356885004085,5.586644724081432,6.173227794015463
hinge,4.9393886252929855,3.3676046782475715,4.399715414863094,5.486163066298987,6.553269186595319,6.123124731873805,5.763682596139875,1.6795356885004085,0.0,5.279588384930771,6.171768442114394
trapezoid,4.252623759187536,5.396029285644857,5.248117553495529,5.475269047793767,4.39653390883334,5.526764360281836,4.194904168686928,5.586644724081432,5.279588384930771,0.0,3.802676925807463
random,5.928151626391188,6.991921644913746,6.597269992020949,5.668571849754618,5.338484982651059,6.77099489500132,6.179804390642294,6.173227794015463,6.171768442114394,3.802676925807463,0.0
