,square,rectangle,parallelogram,losange,isoTrapezoid,kite,rightKite,rustedHinge,hinge,trapezoid,random
square,0.0,187.42906460173725,366.3142472217665,440.1034512855614,413.06655584245317,435.24358841956246,437.15811730286117,443.3166756584726,429.13905768394943,421.675690344136,518.4749741039864
rectangle,187.42906460173725,0.0,315.7092968326499,410.99747155369954,455.75154697096326,458.3631394888927,464.14010665050733,438.69644061516124,416.2893255491262,439.1179748652285,536.5867686919363
parallelogram,366.3142472217665,315.7092968326499,0.0,179.88704149049872,397.3773496554249,420.6585875767548,412.7750279874236,377.2428002718542,359.2064496432264,327.16581849379793,432.09993881214996
losange,440.1034512855614,410.99747155369954,179.88704149049872,0.0,406.87542139412244,441.4807729582665,426.89152972384096,381.76180176618544,376.36884089013716,315.6271586053079,386.39300325227117
isoTrapezoid,413.06655584245317,455.75154697096326,397.3773496554249,406.87542139412244,0.0,248.108148403637,221.3604876720982,331.70699378307603,329.0476707700287,229.05825232944454,299.7339167204785
kite,435.24358841956246,458.3631394888927,420.6585875767548,441.4807729582665,248.108148403637,0.0,158.960357493786,327.1221779872148,311.3493526250264,296.3652077939696,352.76945174921906
rightKite,437.15811730286117,464.14010665050733,412.7750279874236,426.89152972384096,221.3604876720982,158.960357493786,0.0,300.9245970334712,291.07491130557423,250.61754518374036,311.8025089207528
rustedHinge,443.3166756584726,438.69644061516124,377.2428002718542,381.76180176618544,331.70699378307603,327.1221779872148,300.9245970334712,0.0,107.94735017111681,317.2624042910799,319.1459715331887
hinge,429.13905768394943,416.2893255491262,359.2064496432264,376.36884089013716,329.0476707700287,311.3493526250264,291.07491130557423,107.94735017111681,0.0,305.9768155983537,318.8792845242072
trapezoid,421.675690344136,439.1179748652285,327.16581849379793,315.6271586053079,229.05825232944454,296.3652077939696,250.61754518374036,317.2624042910799,305.9768155983537,0.0,230.2528957311657
random,518.4749741039864,536.5867686919363,432.09993881214996,386.39300325227117,299.7339167204785,352.76945174921906,311.8025089207528,319.1459715331887,318.8792845242072,230.2528957311657,0.0
