,square,rectangle,parallelogram,losange,isoTrapezoid,kite,rightKite,rustedHinge,hinge,trapezoid,random
square,0.0,111.70108207976459,175.00425685820116,296.26225488924894,222.2749900131467,107.7032759331049,154.09920978860788,154.78042290919137,147.00950811367625,276.9578861971772,302.9779870944469
rectangle,111.70108207976459,0.0,172.82203095154924,303.93994283731536,264.32051034498835,128.77190264541716,184.58730143969444,108.36808043917445,93.39246120896549,307.36569092381154,334.4114060573193
parallelogram,175.00425685820116,172.82203095154924,0.0,148.95777596503135,151.00966595803766,163.1662530188238,112.98020735214298,183.3845687921558,166.0603189292592,165.86163437923486,192.38240654892354
losange,296.26225488924894,303.93994283731536,148.95777596503135,0.0,150.44913108604547,280.7837732059701,198.0934667424885,300.859863340816,286.4400509432797,103.73268408638246,118.7849982000224
isoTrapezoid,222.2749900131467,264.32051034498835,151.00966595803766,150.44913108604547,0.0,209.5109703263385,128.40476056517937,265.9303241431214,252.5945473220221,90.26550987724313,122.47028432221337
kite,107.7032759331049,128.77190264541716,163.1662530188238,280.7837732059701,209.5109703263385,0.0,110.55890005940856,129.75042070715128,125.37352038401066,265.4597261408779,286.74436615331274
rightKite,154.09920978860788,184.58730143969444,112.98020735214298,198.0934667424885,128.40476056517937,110.55890005940856,0.0,179.71691835678342,169.52434848267697,171.9456291321594,194.51964270544627
rustedHinge,154.78042290919137,108.36808043917445,183.3845687921558,300.859863340816,265.9303241431214,129.75042070715128,179.71691835678342,0.0,45.86875725076948,306.1562288075348,323.8099180305659
hinge,147.00950811367625,93.39246120896549,166.0603189292592,286.4400509432797,252.5945473220221,125.37352038401066,169.52434848267697,45.86875725076948,0.0,291.53811614925877,310.9111537142252
trapezoid,276.9578861971772,307.36569092381154,165.86163437923486,103.73268408638246,90.26550987724313,265.4597261408779,171.9456291321594,306.1562288075348,291.53811614925877,0.0,73.14320786898128
random,302.9779870944469,334.4114060573193,192.38240654892354,118.7849982000224,122.47028432221337,286.74436615331274,194.51964270544627,323.8099180305659,310.9111537142252,73.14320786898128,0.0
