,square,rectangle,parallelogram,losange,isoTrapezoid,kite,rightKite,rustedHinge,hinge,trapezoid,random
square,0.0311878790609284,0.04266094720413007,0.0521540001591632,0.059760132235851436,0.038280503389955325,0.03660906258902001,0.03449781856823618,0.0448546101600579,0.04414103032063634,0.040100673018721895,0.05078128631297282
rectangle,0.04266094720413007,0.0332395348672138,0.04019035172631232,0.04998922816130211,0.05425357191732289,0.046046762014937015,0.04483298604426031,0.04228570471534906,0.038892635537584146,0.04635151586959041,0.05989921333918827
parallelogram,0.0521540001591632,0.04019035172631232,0.03750694592379406,0.04326326242650557,0.06089892774818748,0.055493134879625795,0.05265848089006152,0.046560494501905386,0.04280538334309543,0.0482313280329138,0.05862059820274818
losange,0.059760132235851436,0.049989228161302114,0.043263262426505564,0.03919256732575906,0.06372735248329474,0.06270042818421524,0.05921274468639595,0.05058917320911974,0.04814601699829815,0.04959082751676966,0.05251971909623215
isoTrapezoid,0.038280503389955325,0.05425357191732289,0.06089892774818748,0.06372735248329472,0.03369667118695693,0.04017917165197709,0.03830088662077611,0.05361859583093127,0.05421018174652263,0.04212818243815032,0.04789280255519215
kite,0.03660906258902001,0.046046762014937015,0.055493134879625795,0.06270042818421524,0.04017917165197709,0.03360221526282088,0.03588069374233736,0.05221923548529439,0.051475661896013776,0.046612825975384915,0.0566808313767143
rightKite,0.03449781856823618,0.04483298604426031,0.052658480890061504,0.05921274468639595,0.03830088662077611,0.03588069374233736,0.03271278822069079,0.049435468389449407,0.048585116853231566,0.04072933731966243,0.052279195895778646
rustedHinge,0.0448546101600579,0.04228570471534905,0.046560494501905386,0.05058917320911975,0.05361859583093127,0.05221923548529438,0.049435468389449407,0.03554785637675605,0.036152875476992904,0.046688473624318626,0.053638524618630806
hinge,0.04414103032063634,0.038892635537584146,0.04280538334309543,0.04814601699829815,0.05421018174652262,0.051475661896013776,0.048585116853231566,0.036152875476992904,0.03481841461021834,0.04527819154225055,0.053864338869383264
trapezoid,0.040100673018721895,0.04635151586959041,0.0482313280329138,0.04959082751676966,0.04212818243815032,0.046612825975384915,0.04072933731966243,0.04668847362431863,0.04527819154225055,0.03488586316219839,0.04231974022785367
random,0.05078128631297281,0.05989921333918827,0.058620598202748175,0.05251971909623214,0.04789280255519215,0.056680831376714313,0.052279195895778646,0.053638524618630806,0.05386433886938328,0.04231974022785367,0.03804386093189344
