,square,rectangle,parallelogram,losange,isoTrapezoid,kite,rightKite,rustedHinge,hinge,trapezoid,random
square,0.299540549053462,0.3405598243937456,0.47853938582927874,0.5640996861440479,0.4170498501150746,0.40451103507211705,0.3656424992561332,0.47258458494350086,0.43129806807751997,0.4095196993974881,0.5098714004114747
rectangle,0.3405598243937456,0.28566211569933414,0.4482030132741679,0.5599576840383408,0.46953270267700425,0.4304468203981424,0.399707534884093,0.45468519686804826,0.39988633201736823,0.4359519934510825,0.5367301609715153
parallelogram,0.4785393858292788,0.4482030132741679,0.3359218569232379,0.4230620878588821,0.4982431633822692,0.5014688949787396,0.4652257421661547,0.4837929695734837,0.4410645601426862,0.41545696132591287,0.4779144427734566
losange,0.5640996861440479,0.5599576840383408,0.4230620878588821,0.3452144416524038,0.5380929901390751,0.5584690435815005,0.5390860478201509,0.5400691934656383,0.5288724382130909,0.4591531735428882,0.4709393176742743
isoTrapezoid,0.41704985011507456,0.46953270267700425,0.4982431633822692,0.5380929901390751,0.32191425038301547,0.40691538690312284,0.3791427423732035,0.507365327322714,0.4925600537656737,0.3939995366403113,0.4476678918177215
kite,0.40451103507211705,0.4304468203981424,0.5014688949787396,0.5584690435815005,0.40691538690312284,0.3358035187280518,0.3662281624041618,0.4906939686758936,0.47277300531800986,0.4551496096498373,0.5072339525638968
rightKite,0.36564249925613324,0.39970753488409294,0.4652257421661547,0.5390860478201508,0.3791427423732035,0.3662281624041618,0.31305854501487224,0.4829471036366374,0.45670180577318725,0.39599830069106295,0.4855985185800953
rustedHinge,0.47258458494350086,0.45468519686804826,0.4837929695734836,0.5400691934656383,0.507365327322714,0.4906939686758936,0.48294710363663734,0.32189330141109773,0.34564144179098755,0.48043284108503737,0.49216731044558404
hinge,0.43129806807751997,0.39988633201736823,0.44106456014268625,0.528872438213091,0.4925600537656738,0.47277300531800986,0.45670180577318714,0.34564144179098755,0.3230241024047972,0.4501370990082246,0.4862641698223002
trapezoid,0.4095196993974881,0.43595199345108243,0.415456961325913,0.45915317354288826,0.39399953664031123,0.45514960964983736,0.39599830069106295,0.48043284108503737,0.4501370990082246,0.3116205097722726,0.38657422279357406
random,0.5098714004114747,0.5367301609715153,0.4779144427734566,0.4709393176742743,0.4476678918177215,0.5072339525638968,0.4855985185800953,0.4921673104455841,0.4862641698223002,0.38657422279357406,0.33587399633596743
