,square,rectangle,parallelogram,losange,isoTrapezoid,kite,rightKite,rustedHinge,hinge,trapezoid,random
square,0.0,0.008594679985215015,0.024832585863686196,0.036382572203728425,0.008024253607156195,0.011137316829521238,0.0076018452827573135,0.011563509717541276,0.011455305599207932,0.015843536755938636,0.031014987139126537
rectangle,0.008594679985215015,0.0,0.012026715422353007,0.024055180002703236,0.02176204797135861,0.019855416721736074,0.01675661702239306,0.013318924258675868,0.009631167269688823,0.020180137700704925,0.04259458891542178
parallelogram,0.024832585863686196,0.012026715422353007,1.1102230246251565e-16,0.0044481598977828,0.03142242878479351,0.03344158543513309,0.028114073969395248,0.0136593801074828,0.0087749091535817,0.013362932793447468,0.03143398710971179
losange,0.036382572203728425,0.024055180002703236,0.0044481598977828,0.0,0.04226746418996974,0.04772362416612641,0.04095523105621035,0.019397151403845125,0.01479357107271051,0.016770152113702363,0.02850379498011446
isoTrapezoid,0.008024253607156195,0.02176204797135861,0.03142242878479351,0.04226746418996974,0.0,0.00886731917865169,0.006449804710567664,0.01789289986368836,0.017995707540261585,0.012738206140180064,0.022007134692749397
kite,0.011137316829521238,0.019855416721736074,0.03344158543513309,0.04772362416612641,0.00886731917865169,0.0,0.002238150636880154,0.020109930599762516,0.02030990937840793,0.024327717289695405,0.04004524742352744
rightKite,0.0076018452827573135,0.01675661702239306,0.028114073969395248,0.04095523105621035,0.006449804710567664,0.002238150636880154,1.1102230246251565e-16,0.015588173988941634,0.015759612246736387,0.016980285353772828,0.0332756085803253
rustedHinge,0.011563509717541276,0.013318924258675868,0.0136593801074828,0.019397151403845125,0.01789289986368836,0.020109930599762516,0.015588173988941634,0.0,0.0013923118905629916,0.012426628407636309,0.02323158141659476
hinge,0.011455305599207932,0.009631167269688823,0.0087749091535817,0.01479357107271051,0.017995707540261585,0.02030990937840793,0.015759612246736387,0.0013923118905629916,0.0,0.01074654596556257,0.023661372661789914
trapezoid,0.015843536755938636,0.020180137700704925,0.013362932793447468,0.016770152113702363,0.012738206140180064,0.024327717289695405,0.016980285353772828,0.012426628407636309,0.01074654596556257,1.1102230246251565e-16,0.008208767802932115
random,0.031014987139126537,0.04259458891542178,0.03143398710971179,0.02850379498011446,0.022007134692749397,0.04004524742352744,0.0332756085803253,0.02323158141659476,0.023661372661789914,0.008208767802932115,0.0
