,square,rectangle,parallelogram,losange,isoTrapezoid,kite,rightKite,rustedHinge,hinge,trapezoid,random
square,0.0,0.0024250807868265722,0.0032760666660759385,0.004977021826255146,0.0014579353660770789,0.0010254747021641863,0.0006944122849471546,0.0025834864085569897,0.0024238316076226063,0.0016498703382101798,0.0031309847797542645
rectangle,0.0024250807868265722,0.0,0.0013628605928528437,0.0029305507191278446,0.0038760491978530043,0.0028709174481161837,0.0026940686072001174,0.0014450472570396444,0.0009261979203954995,0.002792775701217276,0.003967932052114542
parallelogram,0.0032760666660759385,0.0013628605928528437,0.0,0.0017129731698592998,0.004039635418575327,0.0037243356364674574,0.0031973704749045373,0.0021194052964180754,0.0015981905048665368,0.0027896367793939225,0.0038472067112645947
losange,0.004977021826255146,0.0029305507191278446,0.0017129731698592998,2.220446049250313e-16,0.004673347793972549,0.004953204993966787,0.0048442495700978805,0.002523769727914127,0.002401580064719022,0.003523253738002774,0.0031129066578707842
isoTrapezoid,0.0014579353660770789,0.0038760491978530043,0.004039635418575327,0.004673347793972549,0.0,0.001546347444929097,0.0014544319921865334,0.0037414419058668935,0.003739987796742339,0.0018536098533907808,0.0028109087018889367
kite,0.0010254747021641863,0.0028709174481161837,0.0037243356364674574,0.004953204993966787,0.001546347444929097,0.0,0.0007786033272638715,0.003353428833182792,0.0032826047927060342,0.0025686759735530362,0.0036255779792354614
rightKite,0.0006944122849471546,0.0026940686072001174,0.0031973704749045373,0.0048442495700978805,0.0014544319921865334,0.0007786033272638715,0.0,0.002981105494231029,0.002841917641462466,0.0017189272375514042,0.003514246227155904
rustedHinge,0.0025834864085569897,0.0014450472570396444,0.0021194052964180754,0.002523769727914127,0.0037414419058668935,0.003353428833182792,0.002981105494231029,0.0,0.00025304730368858053,0.0027634126990065955,0.003076071399815694
hinge,0.0024238316076226063,0.0009261979203954995,0.0015981905048665368,0.002401580064719022,0.003739987796742339,0.0032826047927060342,0.002841917641462466,0.00025304730368858053,0.0,0.00257372588760707,0.003212651667455435
trapezoid,0.0016498703382101798,0.002792775701217276,0.0027896367793939225,0.003523253738002774,0.0018536098533907808,0.0025686759735530362,0.0017189272375514042,0.0027634126990065955,0.00257372588760707,0.0,0.0019279293532077357
random,0.0031309847797542645,0.003967932052114542,0.0038472067112645947,0.0031129066578707842,0.0028109087018889367,0.0036255779792354614,0.003514246227155904,0.003076071399815694,0.003212651667455435,0.0019279293532077357,0.0
