,square,rectangle,parallelogram,losange,isoTrapezoid,kite,rightKite,rustedHinge,hinge,trapezoid,random
square,0.0,5933.190712579682,8535.429427689674,10896.775861247985,7461.544595595195,6143.636872047509,5315.1705101646,7667.863229486561,6977.729637390109,6683.887513727268,10217.426581848393
rectangle,5933.190712579682,0.0,5767.848436028536,10383.041639744033,11991.509282206765,9184.27659669994,9138.509830077875,7907.435335873836,5839.065069091931,9516.996306397352,13581.057807998468
parallelogram,8535.429427689674,5767.848436028536,0.0,6415.928069397311,12589.329845344493,10825.637661692772,9874.8695258136,9160.00531600519,7170.833619881053,8488.667519934299,12485.022044104844
losange,10896.775861247985,10383.041639744033,6415.928069397311,0.0,12560.256022293705,12257.447921457744,10930.76783639447,10091.255150150982,9502.915624641775,7701.175257139018,9926.032669368935
isoTrapezoid,7461.544595595195,11991.509282206765,12589.329845344493,12560.256022293705,0.0,6336.988463446566,5821.289868705918,12061.1996280617,11873.371998885736,6484.9780977275905,7683.159049080057
kite,6143.636872047509,9184.27659669994,10825.637661692772,12257.447921457744,6336.988463446566,0.0,4040.2733462788497,11348.233421112824,10880.78156763289,8322.56098376245,11084.737204454637
rightKite,5315.1705101646,9138.509830077875,9874.8695258136,10930.76783639447,5821.289868705918,4040.2733462788497,0.0,10885.941224291379,10517.450997761865,6190.3261438468935,9630.92313462323
rustedHinge,7667.863229486561,7907.435335873836,9160.00531600519,10091.255150150982,12061.1996280617,11348.233421112824,10885.941224291379,0.0,3353.838608549575,9634.359880872378,11183.09159337739
hinge,6977.729637390109,5839.065069091931,7170.833619881053,9502.915624641775,11873.371998885736,10880.78156763289,10517.450997761865,3353.838608549575,0.0,9088.79670987368,11462.100050103616
trapezoid,6683.887513727268,9516.996306397352,8488.667519934299,7701.175257139018,6484.9780977275905,8322.56098376245,6190.3261438468935,9634.359880872378,9088.79670987368,0.0,5587.074066743279
random,10217.426581848393,13581.057807998468,12485.022044104844,9926.032669368935,7683.159049080057,11084.737204454637,9630.92313462323,11183.09159337739,11462.100050103616,5587.074066743279,0.0
