,square,rectangle,parallelogram,losange,isoTrapezoid,kite,rightKite,rustedHinge,hinge,trapezoid,random
square,0.0,32.03133829404185,42.460370514948245,46.987070484427804,43.044227488255174,39.16005687764568,38.16855122147955,45.23262864484179,41.044343322792734,41.586974265581595,48.34390591531168
rectangle,32.03133829404185,0.0,39.57403337528,46.31108069750378,47.76731332290326,43.8429812910696,43.566183790940855,45.08158650263881,38.580179798177596,44.33585324397747,50.43167399917103
parallelogram,42.460370514948245,39.57403337528,0.0,21.27926096764124,37.540760532842654,37.97119506148834,36.96109514840709,37.81935958223913,35.14953875707491,30.568762370619257,36.082016761676236
losange,46.987070484427804,46.31108069750378,21.27926096764124,0.0,37.93910553842973,39.844912750480674,38.98987983010795,39.09370311950283,38.37397409353961,31.344473547485823,32.9506066108038
isoTrapezoid,43.044227488255174,47.76731332290326,37.540760532842654,37.93910553842973,0.0,29.065831287386377,25.785311920732024,38.34265874230289,38.39857744315469,24.05085691287759,30.858272459760666
kite,39.16005687764568,43.8429812910696,37.97119506148834,39.844912750480674,29.065831287386377,0.0,19.068354232638423,34.42745438392001,33.65676153948218,32.45117537221915,34.7965116598096
rightKite,38.16855122147955,43.566183790940855,36.96109514840709,38.98987983010795,25.785311920732024,19.068354232638423,0.0,34.32255996250943,33.536686837515674,27.88225115383029,33.8651664526891
rustedHinge,45.23262864484179,45.08158650263881,37.81935958223913,39.09370311950283,38.34265874230289,34.42745438392001,34.32255996250943,0.0,14.824049596894579,37.12141257541648,34.35951956088519
hinge,41.044343322792734,38.580179798177596,35.14953875707491,38.37397409353961,38.39857744315469,33.65676153948218,33.536686837515674,14.824049596894579,0.0,36.04264253267249,35.600877120961755
trapezoid,41.586974265581595,44.33585324397747,30.568762370619257,31.344473547485823,24.05085691287759,32.45117537221915,27.88225115383029,37.12141257541648,36.04264253267249,0.0,25.36937059231763
random,48.34390591531168,50.43167399917103,36.082016761676236,32.9506066108038,30.858272459760666,34.7965116598096,33.8651664526891,34.35951956088519,35.600877120961755,25.36937059231763,0.0
