,square,rectangle,parallelogram,losange,isoTrapezoid,kite,rightKite,rustedHinge,hinge,trapezoid,random
square,0.0,7.407293120130904,9.070874153287916,10.91251478234316,5.719435040835667,4.896285333918586,4.1291436276152975,7.660700317114945,7.4553227650507425,6.085823115574865,8.574282819128172
rectangle,7.407293120130904,0.0,5.23506239925734,7.7803013334273095,9.013016949607456,7.6409064341095325,7.553351074132439,5.944379826326745,4.7296119890069,7.759159114037587,9.495244509200083
parallelogram,9.070874153287916,5.23506239925734,0.0,5.64119600025952,9.906459790310642,9.210223803143016,8.717366200326502,6.925699380137906,5.83854193740734,7.700669592575498,9.309521998040452
losange,10.91251478234316,7.7803013334273095,5.64119600025952,0.0,10.623233265592017,10.689892770975913,10.430332976613485,7.658724037119438,7.217683397503591,8.318137205109423,8.141363565672135
isoTrapezoid,5.719435040835667,9.013016949607456,9.906459790310642,10.623233265592017,0.0,5.754514715105448,5.4032759820522,8.934141131631186,8.934357635746762,6.1060595038041985,7.408343723130785
kite,4.896285333918586,7.6409064341095325,9.210223803143016,10.689892770975913,5.754514715105448,0.0,4.261076600029948,8.555339344980581,8.402656807387201,7.723859206562658,9.189270021739897
rightKite,4.1291436276152975,7.553351074132439,8.717366200326502,10.430332976613485,5.4032759820522,4.261076600029948,0.0,8.191405983116649,7.993458342639349,6.076124318913424,8.777775209380211
rustedHinge,7.660700317114945,5.944379826326745,6.925699380137906,7.658724037119438,8.934141131631186,8.555339344980581,8.191405983116649,0.0,2.68184689754153,7.687617602832718,8.197289653039869
hinge,7.4553227650507425,4.7296119890069,5.83854193740734,7.217683397503591,8.934357635746762,8.402656807387201,7.993458342639349,2.68184689754153,0.0,7.349448437110587,8.27677940165984
trapezoid,6.085823115574865,7.759159114037587,7.700669592575498,8.318137205109423,6.1060595038041985,7.723859206562658,6.076124318913424,7.687617602832718,7.349448437110587,0.0,5.9335671323488794
random,8.574282819128172,9.495244509200083,9.309521998040452,8.141363565672135,7.408343723130785,9.189270021739897,8.777775209380211,8.197289653039869,8.27677940165984,5.9335671323488794,0.0
