,square,rectangle,parallelogram,losange,isoTrapezoid,kite,rightKite,rustedHinge,hinge,trapezoid,random
square,0.0,14.39589423564041,19.01754990616468,22.666046353594115,12.292539359469044,10.76336703205699,9.5978887909395,16.392500905678528,15.440966427064062,13.690728782734315,18.6817961591474
rectangle,14.39589423564041,0.0,13.02129928529127,18.679967120532503,19.855162452087757,16.661901882693453,16.095453736256808,13.714789273492634,10.774562076159231,17.121427206792838,21.868099113369098
parallelogram,19.01754990616468,13.02129928529127,0.0,11.880837023897564,21.372992596524075,20.628266614461786,18.5309652029077,16.855337204987183,14.31280497804032,15.59061114095283,19.95734876416297
losange,22.666046353594115,18.679967120532503,11.880837023897564,0.0,22.551171718507543,23.35182849492805,21.77059428622872,18.871824680702346,17.72937149801628,16.45747477193841,17.44153124316556
isoTrapezoid,12.292539359469044,19.855162452087757,21.372992596524075,22.551171718507543,0.0,12.517124774029218,11.886112513701807,20.159835016239807,19.938004076554964,13.55748846159666,16.04877933828725
kite,10.76336703205699,16.661901882693453,20.628266614461786,23.35182849492805,12.517124774029218,0.0,9.412820808906138,19.017045137254836,18.7173760857824,17.461674824751665,20.76198887102678
rightKite,9.5978887909395,16.095453736256808,18.5309652029077,21.77059428622872,11.886112513701807,9.412820808906138,0.0,18.48171141893468,17.853960240151213,13.115313830130406,18.72270452709284
rustedHinge,16.392500905678528,13.714789273492634,16.855337204987183,18.871824680702346,20.159835016239807,19.017045137254836,18.48171141893468,0.0,5.638745791517758,17.95131298243618,19.599781829083717
hinge,15.440966427064062,10.774562076159231,14.31280497804032,17.72937149801628,19.938004076554964,18.7173760857824,17.853960240151213,5.638745791517758,0.0,16.812733365684444,19.439318581912723
trapezoid,13.690728782734315,17.121427206792838,15.59061114095283,16.45747477193841,13.55748846159666,17.461674824751665,13.115313830130406,17.95131298243618,16.812733365684444,0.0,11.645190073187697
random,18.6817961591474,21.868099113369098,19.95734876416297,17.44153124316556,16.04877933828725,20.76198887102678,18.72270452709284,19.599781829083717,19.439318581912723,11.645190073187697,0.0
