,square,rectangle,parallelogram,losange,isoTrapezoid,kite,rightKite,rustedHinge,hinge,trapezoid,random
square,0.0,14.276814839980515,24.358409248824987,28.35219845689565,23.189345873862216,20.84387616702897,22.133731714702773,24.247365135795174,21.719045563926326,23.546644276365665,27.715026455543136
rectangle,14.276814839980515,0.0,19.86152521886471,25.461789297647318,27.249034571826694,23.571643909668936,24.992083037401258,23.246651437487117,19.495839050337878,25.107908272898985,29.288499776112033
parallelogram,24.358409248824987,19.86152521886471,0.0,12.89082763028314,28.289000273332732,26.41640676971487,27.21771690417308,24.589920563422393,21.583874838131766,21.3159647043447,24.651857617821037
losange,28.35219845689565,25.461789297647318,12.89082763028314,0.0,29.726880831347575,28.752843420738945,29.400138263465287,26.6827177320671,24.532067080265204,22.395481183919596,23.295424066890018
isoTrapezoid,23.189345873862216,27.249034571826694,28.289000273332732,29.726880831347575,0.0,16.326762104684434,15.085502821570463,24.991649451481834,24.96174040782249,17.265702086261303,20.79543583571946
kite,20.84387616702897,23.571643909668936,26.41640676971487,28.752843420738945,16.326762104684434,0.0,12.488459969129053,23.792313326551294,22.994497808034282,21.950820069277896,24.454137462056025
rightKite,22.133731714702773,24.992083037401258,27.21771690417308,29.400138263465287,15.085502821570463,12.488459969129053,0.0,24.25717821959018,23.57775049994021,18.46562354948052,23.520679723481
rustedHinge,24.247365135795174,23.246651437487117,24.589920563422393,26.6827177320671,24.991649451481834,23.792313326551294,24.25717821959018,0.0,7.951493711681704,23.943370485715526,23.492281727703524
hinge,21.719045563926326,19.495839050337878,21.583874838131766,24.532067080265204,24.96174040782249,22.994497808034282,23.57775049994021,7.951493711681704,0.0,22.904487808145017,23.3108064617269
trapezoid,23.546644276365665,25.107908272898985,21.3159647043447,22.395481183919596,17.265702086261303,21.950820069277896,18.46562354948052,23.943370485715526,22.904487808145017,0.0,14.224061654133788
random,27.715026455543136,29.288499776112033,24.651857617821037,23.295424066890018,20.79543583571946,24.454137462056025,23.520679723481,23.492281727703524,23.3108064617269,14.224061654133788,0.0
