,square,rectangle,parallelogram,losange,isoTrapezoid,kite,rightKite,rustedHinge,hinge,trapezoid,random
square,0.0,16.943672768335027,24.977441360943082,29.55616397406753,16.768933907258994,15.738973706744,14.973845823271931,22.35024243449304,20.769972682096235,18.864135951364176,25.359867226839512
rectangle,16.943672768335027,0.0,18.722594710651666,25.666113485610968,25.17288680563911,21.47109653229672,21.161005608029573,20.055655048707315,16.390431771355413,22.355604601451684,28.980638342845758
parallelogram,24.977441360943082,18.722594710651666,0.0,15.22324295864602,27.986464613143095,28.293790410470447,25.426809729243722,24.323935345868236,20.922429107568835,19.587560352448726,25.744801289935115
losange,29.55616397406753,25.666113485610968,15.22324295864602,0.0,29.48100007426429,31.457245464227846,28.9804742140123,26.749662597832938,24.922976075503325,20.606219812999075,22.640316992541788
isoTrapezoid,16.768933907258994,25.17288680563911,27.986464613143095,29.48100007426429,0.0,17.091175927099368,17.0989250496323,27.181933840607027,26.734270949039317,18.406278258636743,21.83616246993049
kite,15.738973706744,21.47109653229672,28.293790410470447,31.457245464227846,17.091175927099368,0.0,12.978934464329747,26.600398159392586,26.15083203868212,24.613432520446224,29.067296342448046
rightKite,14.973845823271931,21.161005608029573,25.426809729243722,28.9804742140123,17.0989250496323,12.978934464329747,0.0,26.048432886211895,25.17437350432249,18.823159503373,25.95002066319229
rustedHinge,22.35024243449304,20.055655048707315,24.323935345868236,26.749662597832938,27.181933840607027,26.600398159392586,26.048432886211895,0.0,7.602401663993473,24.682272756844686,26.467861464492756
hinge,20.769972682096235,16.390431771355413,20.922429107568835,24.922976075503325,26.734270949039317,26.15083203868212,25.17437350432249,7.602401663993473,0.0,22.88107766934382,25.749758446446148
trapezoid,18.864135951364176,22.355604601451684,19.587560352448726,20.606219812999075,18.406278258636743,24.613432520446224,18.823159503373,24.682272756844686,22.88107766934382,0.0,14.70569141617172
random,25.359867226839512,28.980638342845758,25.744801289935115,22.640316992541788,21.83616246993049,29.067296342448046,25.95002066319229,26.467861464492756,25.749758446446148,14.70569141617172,0.0
