,square,rectangle,parallelogram,losange,isoTrapezoid,kite,rightKite,rustedHinge,hinge,trapezoid,random
square,0.0,27.28247250296369,37.00335112643277,40.663571202786756,37.115009958162744,32.92962432178034,32.3670571926182,35.89545788489832,33.84162796043159,36.184532276446525,40.711676157099646
rectangle,27.28247250296369,0.0,34.360270092445454,39.92505905773533,40.38970423364442,36.568699504125185,36.62759057572234,36.32365028416677,32.38707423222138,37.3657383095016,42.347969085548456
parallelogram,37.00335112643277,34.360270092445454,0.0,20.471789689903517,36.652572828843056,33.66495377632436,34.71103434157854,33.05395718033925,31.059851342119547,30.240437385981437,33.97236636104862
losange,40.663571202786756,39.92505905773533,20.471789689903517,0.0,38.216691888914355,35.855516060574175,36.798314801078924,34.35143338099531,33.61351386841906,31.751342067457983,32.13198998742856
isoTrapezoid,37.115009958162744,40.38970423364442,36.652572828843056,38.216691888914355,0.0,24.97659558138813,23.430130495922416,34.00549188584909,33.99424012760724,23.5661026209226,29.854152728652107
kite,32.92962432178034,36.568699504125185,33.66495377632436,35.855516060574175,24.97659558138813,0.0,17.453061513016625,29.908603536541225,29.544138317655715,27.89461011022691,30.849360564561554
rightKite,32.3670571926182,36.62759057572234,34.71103434157854,36.798314801078924,23.430130495922416,17.453061513016625,0.0,30.689004004749382,30.11240050913349,25.09866561460802,31.825011363004773
rustedHinge,35.89545788489832,36.32365028416677,33.05395718033925,34.35143338099531,34.00549188584909,29.908603536541225,30.689004004749382,0.0,13.436089234784262,32.742325010534714,30.53758313347991
hinge,33.84162796043159,32.38707423222138,31.059851342119547,33.61351386841906,33.99424012760724,29.544138317655715,30.11240050913349,13.436089234784262,0.0,31.817192941521217,31.745284420873425
trapezoid,36.184532276446525,37.3657383095016,30.240437385981437,31.751342067457983,23.5661026209226,27.89461011022691,25.09866561460802,32.742325010534714,31.817192941521217,0.0,24.749035521068297
random,40.711676157099646,42.347969085548456,33.97236636104862,32.13198998742856,29.854152728652107,30.849360564561554,31.825011363004773,30.53758313347991,31.745284420873425,24.749035521068297,0.0
