,square,rectangle,parallelogram,losange,isoTrapezoid,kite,rightKite,rustedHinge,hinge,trapezoid,random
square,0.0,7.855291775537046,9.637556227477756,11.979835737037028,6.589075810658918,5.5007385857494215,5.286434318338959,8.746116567079815,8.1472672501498,7.009422369924757,9.290270844668779
rectangle,7.855291775537046,0.0,6.666463952357894,9.458447539840403,9.681037076421747,8.456967514398357,8.494370706080947,7.109653708357795,5.625768765441664,8.915496375438275,10.404210593791431
parallelogram,9.637556227477756,6.666463952357894,0.0,7.9327593968204155,10.582561564767072,10.212393912675283,9.483554228072181,8.777704149810205,7.585784122702981,9.00412512986355,10.749580466157845
losange,11.979835737037028,9.458447539840403,7.9327593968204155,0.0,11.624490600895582,12.063633555366813,11.826917391386166,9.153023419001837,8.938386234448824,9.718877121946383,9.489702454069008
isoTrapezoid,6.589075810658918,9.681037076421747,10.582561564767072,11.624490600895582,0.0,6.51345772573123,6.662741979409563,10.261988402305692,9.887157285239995,7.2302047239052625,8.829052914875227
kite,5.5007385857494215,8.456967514398357,10.212393912675283,12.063633555366813,6.51345772573123,0.0,5.392634505587231,9.694107032080078,9.260844196825294,8.772883924359679,10.25401688463845
rightKite,5.286434318338959,8.494370706080947,9.483554228072181,11.826917391386166,6.662741979409563,5.392634505587231,0.0,9.524036788907784,9.065743543633795,7.142366640550835,9.948796675390096
rustedHinge,8.746116567079815,7.109653708357795,8.777704149810205,9.153023419001837,10.261988402305692,9.694107032080078,9.524036788907784,0.0,3.6786088024755217,9.446716886418287,9.48361831800797
hinge,8.1472672501498,5.625768765441664,7.585784122702981,8.938386234448824,9.887157285239995,9.260844196825294,9.065743543633795,3.6786088024755217,0.0,8.959002080387469,9.547062276968502
trapezoid,7.009422369924757,8.915496375438275,9.00412512986355,9.718877121946383,7.2302047239052625,8.772883924359679,7.142366640550835,9.446716886418287,8.959002080387469,0.0,7.452553362126262
random,9.290270844668779,10.404210593791431,10.749580466157845,9.489702454069008,8.829052914875227,10.25401688463845,9.948796675390096,9.48361831800797,9.547062276968502,7.452553362126262,0.0
