,square,rectangle,parallelogram,losange,isoTrapezoid,kite,rightKite,rustedHinge,hinge,trapezoid,random
square,0.0,40.0153313788517,51.685242663156096,55.35093681194009,60.29392448000681,49.94856683108082,51.22137524911936,52.37977210478869,49.22736065493391,58.01653877808209,62.61438339973715
rectangle,40.0153313788517,0.0,42.71826869400291,48.187337236984675,59.90542759267129,50.07861331452823,51.18186277878415,47.76177907665894,42.89253744176727,55.22751357110892,60.49682235742394
parallelogram,51.685242663156096,42.71826869400291,0.0,27.888459240984584,54.81899817509458,46.391796633204585,47.14902024658202,44.5542388981078,39.312278409921156,44.43386799544291,49.09495977501022
losange,55.35093681194009,48.187337236984675,27.888459240984584,0.0,57.15290205360656,50.36660826259603,51.41546392922792,47.52079713040629,44.01258585491463,46.97743396763116,47.48845441797872
isoTrapezoid,60.29392448000681,59.90542759267129,54.81899817509458,57.15290205360656,0.0,40.43750221140453,34.51586197101608,53.52847386960556,52.421979139230295,34.785026447514376,43.7440749515952
kite,49.94856683108082,50.07861331452823,46.391796633204585,50.36660826259603,40.43750221140453,0.0,26.969736847393953,46.56702339508574,44.74124153748027,42.05771191903451,47.39903477352943
rightKite,51.22137524911936,51.18186277878415,47.14902024658202,51.41546392922792,34.51586197101608,26.969736847393953,0.0,47.911718320173826,45.677456418690454,37.20670621211474,46.704773676614195
rustedHinge,52.37977210478869,47.76177907665894,44.5542388981078,47.52079713040629,53.52847386960556,46.56702339508574,47.911718320173826,0.0,20.075830646189456,50.00777188573589,47.136071885809855
hinge,49.22736065493391,42.89253744176727,39.312278409921156,44.01258585491463,52.421979139230295,44.74124153748027,45.677456418690454,20.075830646189456,0.0,47.582514652238416,46.79230594295038
trapezoid,58.01653877808209,55.22751357110892,44.43386799544291,46.97743396763116,34.785026447514376,42.05771191903451,37.20670621211474,50.00777188573589,47.582514652238416,0.0,34.95340165473389
random,62.61438339973715,60.49682235742394,49.09495977501022,47.48845441797872,43.7440749515952,47.39903477352943,46.704773676614195,47.136071885809855,46.79230594295038,34.95340165473389,0.0
