,square,rectangle,parallelogram,losange,isoTrapezoid,kite,rightKite,rustedHinge,hinge,trapezoid,random
square,0.0,75.03948073636086,123.85512091318604,146.52431319391212,159.8637009417239,160.30273306248398,161.23993135616146,176.08831630882398,166.1930843598003,153.34798777527237,176.51787694569325
rectangle,75.03948073636086,0.0,124.57389380744955,151.42735112512932,167.4022063681767,166.49734001961673,171.9039292397342,178.66170190014853,168.24229141932662,154.86483837808933,179.4380873193237
parallelogram,123.85512091318604,124.57389380744955,0.0,69.15253052633021,154.14898881312982,151.6486106528357,163.2137694749918,164.0330935797698,156.5626679919588,114.06336759612066,152.56427061652818
losange,146.52431319391212,151.42735112512932,69.15253052633021,0.0,157.24719996052664,154.4139300377479,162.17080926038216,159.14870830649195,156.12844497215033,119.00835478408185,144.1417958693558
isoTrapezoid,159.8637009417239,167.4022063681767,154.14898881312982,157.24719996052664,0.0,98.70086440293916,91.41915765730361,127.106405626724,116.65174428180329,99.48218862914521,118.4873271778408
kite,160.30273306248398,166.49734001961673,151.6486106528357,154.4139300377479,98.70086440293916,0.0,71.52205182802342,123.8387462113036,107.69107944272992,111.31821114476459,101.43973885028736
rightKite,161.23993135616146,171.9039292397342,163.2137694749918,162.17080926038216,91.41915765730361,71.52205182802342,0.0,105.87946954118749,92.29795858688853,124.54783296207792,107.98287043693928
rustedHinge,176.08831630882398,178.66170190014853,164.0330935797698,159.14870830649195,127.106405626724,123.8387462113036,105.87946954118749,0.0,57.682404793152166,138.9959307963895,115.13961359961417
hinge,166.1930843598003,168.24229141932662,156.5626679919588,156.12844497215033,116.65174428180329,107.69107944272992,92.29795858688853,57.682404793152166,0.0,128.69108609137837,103.57023025542965
trapezoid,153.34798777527237,154.86483837808933,114.06336759612066,119.00835478408185,99.48218862914521,111.31821114476459,124.54783296207792,138.9959307963895,128.69108609137837,0.0,108.94623212181637
random,176.51787694569325,179.4380873193237,152.56427061652818,144.1417958693558,118.4873271778408,101.43973885028736,107.98287043693928,115.13961359961417,103.57023025542965,108.94623212181637,0.0
