,square,rectangle,parallelogram,losange,isoTrapezoid,kite,rightKite,rustedHinge,hinge,trapezoid,random
square,0.0,51.275559184972586,77.45935217803472,90.90709020208371,48.56375137597662,44.75733251625682,40.01157575269678,65.14301065123884,59.941821115718184,53.07607197296567,74.70789335529557
rectangle,51.275559184972586,0.0,50.940130956432284,73.27406556358798,80.22237156623362,64.47869851543624,61.47490839255,53.80842599329686,44.431184833576765,62.19628667584216,85.87419678366241
parallelogram,77.45935217803472,50.940130956432284,0.0,40.57608022143909,93.19772517232228,86.73159675621223,79.22978770458332,64.93803125279784,56.2636015280492,62.674380469089975,80.22006171469698
losange,90.90709020208371,73.27406556358798,40.57608022143909,0.0,98.94773352925897,97.48765716718835,90.13734761775812,74.18156882667184,69.25652658503543,65.65502656815745,72.39308338290013
isoTrapezoid,48.56375137597662,80.22237156623362,93.19772517232228,98.94773352925897,0.0,47.628269050377945,43.892549853406784,85.12650642447943,82.61986720094286,55.032269720790815,66.46819802504831
kite,44.75733251625682,64.47869851543624,86.73159675621223,97.48765716718835,47.628269050377945,0.0,33.47702456670325,77.26982210960911,74.32435805597365,67.21101020057833,82.94539451705552
rightKite,40.01157575269678,61.47490839255,79.22978770458332,90.13734761775812,43.892549853406784,33.47702456670325,0.0,74.10035880056631,70.51251809831575,49.076025051578306,72.08378432973387
rustedHinge,65.14301065123884,53.80842599329686,64.93803125279784,74.18156882667184,85.12650642447943,77.26982210960911,74.10035880056631,0.0,20.968884735330644,69.66150185920719,79.3206276540795
hinge,59.941821115718184,44.431184833576765,56.2636015280492,69.25652658503543,82.61986720094286,74.32435805597365,70.51251809831575,20.968884735330644,0.0,63.92149816457156,76.03589457022885
trapezoid,53.07607197296567,62.19628667584216,62.674380469089975,65.65502656815745,55.032269720790815,67.21101020057833,49.076025051578306,69.66150185920719,63.92149816457156,0.0,42.314473272576095
random,74.70789335529557,85.87419678366241,80.22006171469698,72.39308338290013,66.46819802504831,82.94539451705552,72.08378432973387,79.3206276540795,76.03589457022885,42.314473272576095,0.0
