,square,rectangle,parallelogram,losange,isoTrapezoid,kite,rightKite,rustedHinge,hinge,trapezoid,random
square,0.0,152.9077683735489,277.535457851576,362.51083455236807,331.9370516737657,303.7825354004865,311.5203983183445,333.53375709705915,309.29004342415465,319.77712360004443,405.8690494551261
rectangle,152.9077683735489,0.0,259.2950297573042,360.9222377742327,367.07905652514694,333.5274636589412,346.0655596213436,346.88747201969846,319.48593526442727,340.465142713285,429.2579311605725
parallelogram,277.535457851576,259.2950297573042,0.0,169.128205005957,311.4738144998423,300.4708715412185,315.76551388016037,284.9195633828772,285.2839407928508,242.99062591318847,324.3441484053544
losange,362.51083455236807,360.9222377742327,169.128205005957,0.0,312.8387097459023,321.8071800369199,334.6410510081799,300.9264258053397,317.25306406259176,235.4844639071488,282.35020194260045
isoTrapezoid,331.9370516737657,367.07905652514694,311.4738144998423,312.8387097459023,0.0,203.47710576247076,195.98224004051434,283.4000952093658,301.9006130170345,183.30800601750272,245.2261976674482
kite,303.7825354004865,333.5274636589412,300.4708715412185,321.8071800369199,203.47710576247076,0.0,122.45219861469033,252.16998495764454,238.0547502560283,222.36455112798578,254.47682405337054
rightKite,311.5203983183445,346.0655596213436,315.76551388016037,334.6410510081799,195.98224004051434,122.45219861469033,0.0,245.63738116478018,236.38707803402644,211.38515162920393,251.84863427229777
rustedHinge,333.53375709705915,346.88747201969846,284.9195633828772,300.9264258053397,283.4000952093658,252.16998495764454,245.63738116478018,0.0,114.89005786059342,267.72603737948634,263.29136854574534
hinge,309.29004342415465,319.48593526442727,285.2839407928508,317.25306406259176,301.9006130170345,238.0547502560283,236.38707803402644,114.89005786059342,0.0,276.8378449440674,273.9944599312505
trapezoid,319.77712360004443,340.465142713285,242.99062591318847,235.4844639071488,183.30800601750272,222.36455112798578,211.38515162920393,267.72603737948634,276.8378449440674,0.0,195.96159971257651
random,405.8690494551261,429.2579311605725,324.3441484053544,282.35020194260045,245.2261976674482,254.47682405337054,251.84863427229777,263.29136854574534,273.9944599312505,195.96159971257651,0.0
