,square,rectangle,parallelogram,losange,isoTrapezoid,kite,rightKite,rustedHinge,hinge,trapezoid,random
square,0.0,121.74241680703777,191.72324820182382,215.45375227498405,100.30130752104206,71.03471538282385,73.4198576583714,151.9453879508097,131.7397101325009,107.29438110156512,168.68303299933646
rectangle,121.74241680703777,0.0,102.27567937527964,137.59268319237856,188.40103011507392,142.52859139991165,133.6335679789388,101.60871060280469,85.54134086658263,110.0374155403452,175.92864908558045
parallelogram,191.72324820182382,102.27567937527964,0.0,69.51088280400786,238.80205492675032,202.15413052739785,195.87236969077009,116.4676277086343,110.32315818655279,151.5395316652259,186.46532692508322
losange,215.45375227498405,137.59268319237856,69.51088280400786,0.0,256.38481835302525,224.7135806129238,218.21541148546166,134.4910210905954,130.38447056433333,159.79438267436598,174.9879977435589
isoTrapezoid,100.30130752104206,188.40103011507392,238.80205492675032,256.38481835302525,0.0,87.75667073586004,90.2820150765845,208.2924954732576,192.6327849188323,132.72282377608454,163.35589909605767
kite,71.03471538282385,142.52859139991165,202.15413052739785,224.7135806129238,87.75667073586004,0.0,49.68027810036961,165.56173196358418,147.30688892219038,115.07807004010408,164.78846765094346
rightKite,73.4198576583714,133.6335679789388,195.87236969077009,218.21541148546166,90.2820150765845,49.68027810036961,0.0,162.91381995254304,146.31887952611262,90.76402007972976,153.58245826911073
rustedHinge,151.9453879508097,101.60871060280469,116.4676277086343,134.4910210905954,208.2924954732576,165.56173196358418,162.91381995254304,0.0,42.81422011300684,142.21176327013936,178.7756114102178
hinge,131.7397101325009,85.54134086658263,110.32315818655279,130.38447056433333,192.6327849188323,147.30688892219038,146.31887952611262,42.81422011300684,0.0,124.26515443770742,165.09005813534793
trapezoid,107.29438110156512,110.0374155403452,151.5395316652259,159.79438267436598,132.72282377608454,115.07807004010408,90.76402007972976,142.21176327013936,124.26515443770742,0.0,96.95516614951201
random,168.68303299933646,175.92864908558045,186.46532692508322,174.9879977435589,163.35589909605767,164.78846765094346,153.58245826911073,178.7756114102178,165.09005813534793,96.95516614951201,0.0
