,square,rectangle,parallelogram,losange,isoTrapezoid,kite,rightKite,rustedHinge,hinge,trapezoid,random
square,2.942021193309153e-05,3.4159201033903e-05,5.146711801392536e-05,5.609113124727194e-05,4.649800026637747e-05,5.009019612851207e-05,4.633532012476009e-05,5.28169613288486e-05,5.167921883631313e-05,5.23624503159696e-05,5.941066956460066e-05
rectangle,3.4159201033903e-05,2.939124817225145e-05,4.651737684766199e-05,5.2658674330750286e-05,5.243417195634383e-05,5.2980299645538116e-05,4.9654199594485284e-05,5.118938890182305e-05,4.903457824664785e-05,5.464399988219587e-05,6.240364938151424e-05
parallelogram,5.146711801392536e-05,4.651737684766199e-05,3.788550481215052e-05,4.355147703189405e-05,5.695922117856795e-05,5.884208261726767e-05,5.526660336826625e-05,5.543703816563423e-05,5.29778441742408e-05,5.003643463514573e-05,5.827324073039273e-05
losange,5.609113124727194e-05,5.2658674330750286e-05,4.355147703189405e-05,3.807925268592159e-05,5.9268091211331195e-05,6.228530879211214e-05,5.856928553450876e-05,5.816468505285433e-05,5.691986200163289e-05,5.0962364422586316e-05,5.494977716297804e-05
isoTrapezoid,4.649800026637747e-05,5.243417195634383e-05,5.695922117856795e-05,5.9268091211331195e-05,3.5750022673296056e-05,4.6021708524531396e-05,4.3869528719920435e-05,5.587389899308471e-05,5.572785738953644e-05,4.530791810109549e-05,5.1570400562969894e-05
kite,5.009019612851207e-05,5.2980299645538116e-05,5.884208261726767e-05,6.228530879211214e-05,4.6021708524531396e-05,3.616072964214704e-05,3.921876283582116e-05,5.434999070377211e-05,5.341294357423609e-05,5.354212262767974e-05,5.626977812069425e-05
rightKite,4.633532012476009e-05,4.9654199594485284e-05,5.526660336826625e-05,5.856928553450876e-05,4.3869528719920435e-05,3.921876283582116e-05,3.416394726699507e-05,5.114697542698578e-05,5.042450266141862e-05,4.802566396352757e-05,5.2329966451490044e-05
rustedHinge,5.28169613288486e-05,5.118938890182305e-05,5.543703816563423e-05,5.816468505285433e-05,5.587389899308471e-05,5.434999070377211e-05,5.114697542698578e-05,3.6422897624785405e-05,3.848097594543441e-05,5.5651605766227144e-05,5.458922824400192e-05
hinge,5.167921883631313e-05,4.903457824664785e-05,5.29778441742408e-05,5.691986200163289e-05,5.572785738953644e-05,5.341294357423609e-05,5.042450266141862e-05,3.848097594543441e-05,3.682540309713388e-05,5.435462724047572e-05,5.3474956038458045e-05
trapezoid,5.23624503159696e-05,5.464399988219587e-05,5.003643463514573e-05,5.0962364422586316e-05,4.530791810109549e-05,5.354212262767974e-05,4.802566396352757e-05,5.5651605766227144e-05,5.435462724047572e-05,3.653713229442471e-05,4.630336917253139e-05
random,5.941066956460066e-05,6.240364938151424e-05,5.827324073039273e-05,5.494977716297804e-05,5.1570400562969894e-05,5.626977812069425e-05,5.2329966451490044e-05,5.458922824400192e-05,5.3474956038458045e-05,4.630336917253139e-05,3.742972655225064e-05
