,square,rectangle,parallelogram,losange,isoTrapezoid,kite,rightKite,rustedHinge,hinge,trapezoid,random
square,8.089544356450052e-07,9.758828018893135e-07,1.108486534933234e-06,1.2252981243526394e-06,9.207924617431076e-07,8.923124317535876e-07,8.63958270051911e-07,1.0176545566433024e-06,1.0003787327599748e-06,9.494638270262584e-07,1.0977135122663893e-06
rectangle,9.758828018893135e-07,8.140030158957052e-07,9.364438853985947e-07,1.080774121392428e-06,1.1561618355998903e-06,1.0272649782954594e-06,1.01029153115606e-06,9.586300662263647e-07,9.036122314952394e-07,1.034715810010611e-06,1.2207730500531482e-06
parallelogram,1.108486534933234e-06,9.364438853985947e-07,8.992415794079056e-07,9.99036861703746e-07,1.2363629987071058e-06,1.1589749837346827e-06,1.1157494116594498e-06,1.035645620148617e-06,9.781093979253764e-07,1.0619227352566763e-06,1.2130737383120043e-06
losange,1.2252981243526394e-06,1.080774121392428e-06,9.99036861703746e-07,9.311705701509077e-07,1.2789561294324482e-06,1.2612641599595962e-06,1.2176407456217144e-06,1.0940914081817875e-06,1.059120460837135e-06,1.0897129707134033e-06,1.1315976743106573e-06
isoTrapezoid,9.207924617431076e-07,1.1561618355998903e-06,1.2363629987071058e-06,1.2789561294324482e-06,8.395588418776015e-07,9.467154992053628e-07,9.243838013371316e-07,1.154953380520573e-06,1.1570987514542889e-06,9.812554798557565e-07,1.0643961283155438e-06
kite,8.923124317535876e-07,1.0272649782954594e-06,1.1589749837346827e-06,1.2612641599595962e-06,9.467154992053628e-07,8.394460551132769e-07,8.827345997793862e-07,1.1195751124056153e-06,1.1039523519365785e-06,1.041168713363989e-06,1.175352394634942e-06
rightKite,8.63958270051911e-07,1.01029153115606e-06,1.1157494116594498e-06,1.2176407456217144e-06,9.243838013371316e-07,8.827345997793862e-07,8.336453737203237e-07,1.0816985173931029e-06,1.063468089055135e-06,9.59293314313389e-07,1.1257712027324732e-06
rustedHinge,1.0176545566433024e-06,9.586300662263647e-07,1.035645620148617e-06,1.0940914081817875e-06,1.154953380520573e-06,1.1195751124056153e-06,1.0816985173931029e-06,8.701452787327541e-07,8.752089706334684e-07,1.0519069241170224e-06,1.1439994043783592e-06
hinge,1.0003787327599748e-06,9.036122314952394e-07,9.781093979253764e-07,1.059120460837135e-06,1.1570987514542889e-06,1.1039523519365785e-06,1.063468089055135e-06,8.752089706334684e-07,8.486211584527441e-07,1.02660885267566e-06,1.1439852091576572e-06
trapezoid,9.494638270262584e-07,1.034715810010611e-06,1.0619227352566763e-06,1.0897129707134033e-06,9.812554798557565e-07,1.041168713363989e-06,9.59293314313389e-07,1.0519069241170224e-06,1.02660885267566e-06,8.666626527294146e-07,9.873757692789946e-07
random,1.0977135122663893e-06,1.2207730500531482e-06,1.2130737383120043e-06,1.1315976743106573e-06,1.0643961283155438e-06,1.175352394634942e-06,1.1257712027324732e-06,1.1439994043783592e-06,1.1439852091576572e-06,9.873757692789946e-07,9.076571247135337e-07
