,square,rectangle,parallelogram,losange,isoTrapezoid,kite,rightKite,rustedHinge,hinge,trapezoid,random
square,5.377073421371517e-07,6.670121497590568e-07,7.792743863555921e-07,8.751338747513665e-07,6.229916363063533e-07,6.031847788544235e-07,5.822418099196531e-07,7.032709440499925e-07,6.876877539970012e-07,6.51054593979975e-07,7.685592845760554e-07
rectangle,6.670121497590568e-07,5.434507426618705e-07,6.43758494115698e-07,7.599581549327493e-07,8.027585410363318e-07,7.081744502632899e-07,6.957047706433962e-07,6.591018896911192e-07,6.148956143242487e-07,7.168492414961984e-07,8.637448537746336e-07
parallelogram,7.792743863555921e-07,6.43758494115698e-07,6.179788342393098e-07,6.990877303551408e-07,8.765580255160191e-07,8.213566617327702e-07,7.868036883938329e-07,7.250768727939983e-07,6.776340486483148e-07,7.429162451042142e-07,8.644515724189729e-07
losange,8.751338747513665e-07,7.599581549327493e-07,6.990877303551408e-07,6.457361276647323e-07,9.144281072513882e-07,9.064324424990116e-07,8.708615679119588e-07,7.720059915808238e-07,7.431286408067489e-07,7.670027409600911e-07,8.012243196241237e-07
isoTrapezoid,6.229916363063533e-07,8.027585410363318e-07,8.765580255160191e-07,9.144281072513882e-07,5.594047233928586e-07,6.432623031505819e-07,6.270805499274541e-07,8.075783553577352e-07,8.062895669632293e-07,6.730753902471888e-07,7.402306294970842e-07
kite,6.031847788544235e-07,7.081744502632899e-07,8.213566617327702e-07,9.064324424990116e-07,6.432623031505819e-07,5.610631335583977e-07,5.963384383990462e-07,7.845222501996917e-07,7.705537093651273e-07,7.259773336270393e-07,8.330758655626127e-07
rightKite,5.822418099196531e-07,6.957047706433962e-07,7.868036883938329e-07,8.708615679119588e-07,6.270805499274541e-07,5.963384383990462e-07,5.583363916449464e-07,7.562242454776302e-07,7.398990222107866e-07,6.606806335845366e-07,7.934564111487197e-07
rustedHinge,7.032709440499925e-07,6.591018896911192e-07,7.250768727939983e-07,7.720059915808238e-07,8.075783553577352e-07,7.845222501996917e-07,7.562242454776302e-07,5.876615299470149e-07,5.913636894767429e-07,7.334344905262231e-07,8.042342490669855e-07
hinge,6.876877539970012e-07,6.148956143242487e-07,6.776340486483148e-07,7.431286408067489e-07,8.062895669632293e-07,7.705537093651273e-07,7.398990222107866e-07,5.913636894767429e-07,5.701760523044849e-07,7.112491029355855e-07,8.027249004920207e-07
trapezoid,6.51054593979975e-07,7.168492414961984e-07,7.429162451042142e-07,7.670027409600911e-07,6.730753902471888e-07,7.259773336270393e-07,6.606806335845366e-07,7.334344905262231e-07,7.112491029355855e-07,5.858154266294744e-07,6.821608451459788e-07
random,7.685592845760554e-07,8.637448537746336e-07,8.644515724189729e-07,8.012243196241237e-07,7.402306294970842e-07,8.330758655626127e-07,7.934564111487197e-07,8.042342490669855e-07,8.027249004920207e-07,6.821608451459788e-07,6.189714907456859e-07
