,square,rectangle,parallelogram,losange,isoTrapezoid,kite,rightKite,rustedHinge,hinge,trapezoid,random
square,4.804042310916915e-06,5.654353770377789e-06,7.394994876453327e-06,8.617346005270761e-06,6.301567694767447e-06,6.519675194504743e-06,6.267063318944267e-06,7.16167474454106e-06,6.848274652921775e-06,6.602781567406658e-06,8.009408272689669e-06
rectangle,5.654353770377789e-06,4.745684990601207e-06,6.338701157682006e-06,7.76959326143978e-06,7.515675149462862e-06,7.126987237781368e-06,6.930258228413174e-06,6.814906250783056e-06,6.303278116719496e-06,7.022428212392632e-06,8.678964709125388e-06
parallelogram,7.394994876453327e-06,6.338701157682006e-06,5.4809637674981715e-06,6.369670625311352e-06,8.406673292363632e-06,8.525544098830344e-06,7.913677872988961e-06,7.577269329946843e-06,7.036597349168632e-06,6.9443008126644556e-06,8.319631362976248e-06
losange,8.617346005270761e-06,7.76959326143978e-06,6.369670625311352e-06,5.633966209946329e-06,8.989481181841513e-06,9.402560723051499e-06,8.752492085056419e-06,8.238685993308544e-06,7.901573323837623e-06,7.232157552653643e-06,7.912998632261768e-06
isoTrapezoid,6.301567694767447e-06,7.515675149462862e-06,8.406673292363632e-06,8.989481181841513e-06,5.184114686770267e-06,6.377816026700913e-06,6.113219553160952e-06,8.099147061318721e-06,7.998691732021943e-06,6.337760778824061e-06,7.163930182430069e-06
kite,6.519675194504743e-06,7.126987237781368e-06,8.525544098830344e-06,9.402560723051499e-06,6.377816026700913e-06,5.306330059113717e-06,5.696034227467818e-06,7.95679750609295e-06,7.807618424166492e-06,7.441996120912528e-06,8.308242784913568e-06
rightKite,6.267063318944267e-06,6.930258228413174e-06,7.913677872988961e-06,8.752492085056419e-06,6.113219553160952e-06,5.696034227467818e-06,5.051296306299114e-06,7.657382056004537e-06,7.475220108508252e-06,6.449933742437472e-06,7.562440424024634e-06
rustedHinge,7.16167474454106e-06,6.814906250783056e-06,7.577269329946843e-06,8.238685993308544e-06,8.099147061318721e-06,7.95679750609295e-06,7.657382056004537e-06,5.193605755735997e-06,5.394574945978815e-06,7.681033558087502e-06,7.928234946796567e-06
hinge,6.848274652921775e-06,6.303278116719496e-06,7.036597349168632e-06,7.901573323837623e-06,7.998691732021943e-06,7.807618424166492e-06,7.475220108508252e-06,5.394574945978815e-06,5.160794827204934e-06,7.379188713895678e-06,7.779923581997428e-06
trapezoid,6.602781567406658e-06,7.022428212392632e-06,6.9443008126644556e-06,7.232157552653643e-06,6.337760778824061e-06,7.441996120912528e-06,6.449933742437472e-06,7.681033558087502e-06,7.379188713895678e-06,5.212049824281855e-06,6.285133956119766e-06
random,8.009408272689669e-06,8.678964709125388e-06,8.319631362976248e-06,7.912998632261768e-06,7.163930182430069e-06,8.308242784913568e-06,7.562440424024634e-06,7.928234946796567e-06,7.779923581997428e-06,6.285133956119766e-06,5.471235871543353e-06
