,square,rectangle,parallelogram,losange,isoTrapezoid,kite,rightKite,rustedHinge,hinge,trapezoid,random
square,0.00038540398900052073,0.0005125145762306805,0.000756277680192587,0.0008125715791815682,0.0007755249992341303,0.0007646276720087264,0.000689663783379344,0.000834341607811497,0.0007948587137607366,0.0008109693502544597,0.0009013756518036007
rectangle,0.0005125145762306805,0.00040347469380537987,0.0007130208267521621,0.0007924057536968527,0.0008586804266912837,0.0008139876929347486,0.000754448036580899,0.0008440620252474571,0.0007830847509401226,0.0008435660528918812,0.0009443085797544257
parallelogram,0.000756277680192587,0.0007130208267521621,0.0005243546469037303,0.000594063821950872,0.0008574859071494992,0.0008012753581886308,0.0007620276921669102,0.0008079310192479967,0.0007368110214555613,0.000736270153355665,0.0008208710574518523
losange,0.0008125715791815682,0.0007924057536968527,0.000594063821950872,0.0005243190270982661,0.0008892622687946803,0.0008469782758735232,0.0008034063691746943,0.0008368397817137998,0.0007811277292120043,0.0007461691557315732,0.0007883797467522305
isoTrapezoid,0.0007755249992341303,0.0008586804266912837,0.0008574859071494992,0.0008892622687946803,0.0005088589420660715,0.000657203751457205,0.0006262040944898054,0.0008138746908065564,0.0007587838462446738,0.0006993415605493147,0.0007448837930405167
kite,0.0007646276720087264,0.0008139876929347486,0.0008012753581886308,0.0008469782758735232,0.000657203751457205,0.0004975938394487641,0.0005423265694862099,0.00076443328348099,0.0007023176603082693,0.0007440836214159834,0.0007609948975722652
rightKite,0.000689663783379344,0.000754448036580899,0.0007620276921669102,0.0008034063691746943,0.0006262040944898054,0.0005423265694862099,0.00045890269232258974,0.0007004403895176372,0.0006562366749857372,0.0007001058004188187,0.0007260161623927238
rustedHinge,0.000834341607811497,0.0008440620252474571,0.0008079310192479967,0.0008368397817137998,0.0008138746908065564,0.00076443328348099,0.0007004403895176372,0.0005292048505578205,0.0005620856499931019,0.0008315623390017017,0.0007833745103363917
hinge,0.0007948587137607366,0.0007830847509401226,0.0007368110214555613,0.0007811277292120043,0.0007587838462446738,0.0007023176603082693,0.0006562366749857372,0.0005620856499931019,0.0004965428788135562,0.0007610127999934913,0.0007219664121771228
trapezoid,0.0008109693502544597,0.0008435660528918812,0.000736270153355665,0.0007461691557315732,0.0006993415605493147,0.0007440836214159834,0.0007001058004188187,0.0008315623390017017,0.0007610127999934913,0.0005506622908438843,0.0006840248733128087
random,0.0009013756518036007,0.0009443085797544257,0.0008208710574518523,0.0007883797467522305,0.0007448837930405167,0.0007609948975722652,0.0007260161623927238,0.0007833745103363917,0.0007219664121771228,0.0006840248733128087,0.0005303234224991796
