,square,rectangle,parallelogram,losange,isoTrapezoid,kite,rightKite,rustedHinge,hinge,trapezoid,random
square,7.389873735394527e-07,9.305160056039671e-07,1.14235229785003e-06,1.3147920151901738e-06,8.723731780645087e-07,8.540291048435134e-07,8.14433494451028e-07,1.0001960322038162e-06,9.746304731617118e-07,9.270885787381553e-07,1.1165235335347626e-06
rectangle,9.305160056039671e-07,7.472161908117537e-07,9.238996812509483e-07,1.1302692323953725e-06,1.1507221705613508e-06,1.0097260271689724e-06,9.812447705223021e-07,9.406395506424976e-07,8.700517210334434e-07,1.024751935170868e-06,1.2747392297254547e-06
parallelogram,1.14235229785003e-06,9.238996812509483e-07,8.433662676092917e-07,9.72515695955136e-07,1.292462655564368e-06,1.2287592396522669e-06,1.1473947918702735e-06,1.0586113653916369e-06,9.798357022855543e-07,1.0431786742924798e-06,1.2479444424643087e-06
losange,1.3147920151901738e-06,1.1302692323953725e-06,9.72515695955136e-07,8.777303916792731e-07,1.3743725029178886e-06,1.3802991854713932e-06,1.2942582159006713e-06,1.1493855527235926e-06,1.1046859977847831e-06,1.0886259596269796e-06,1.158745635767539e-06
isoTrapezoid,8.723731780645087e-07,1.1507221705613508e-06,1.292462655564368e-06,1.3743725029178886e-06,7.599580558771261e-07,9.062073133192242e-07,8.716786239145468e-07,1.1721403296457818e-06,1.1673537014084032e-06,9.500358041253444e-07,1.0551188316918062e-06
kite,8.540291048435134e-07,1.0097260271689724e-06,1.2287592396522669e-06,1.3802991854713932e-06,9.062073133192242e-07,7.724977607190949e-07,8.307666192877877e-07,1.1429216857897766e-06,1.1253746325261014e-06,1.0661501265197676e-06,1.2437848931139465e-06
rightKite,8.14433494451028e-07,9.812447705223021e-07,1.1473947918702735e-06,1.2942582159006713e-06,8.716786239145468e-07,8.307666192877877e-07,7.543954476962089e-07,1.0959024804232942e-06,1.071792133413255e-06,9.31291112544704e-07,1.1476272605622037e-06
rustedHinge,1.0001960322038162e-06,9.406395506424976e-07,1.0586113653916369e-06,1.1493855527235926e-06,1.1721403296457818e-06,1.1429216857897766e-06,1.0959024804232942e-06,7.8555567001452e-07,8.067579000581852e-07,1.06174789495823e-06,1.1699960434583848e-06
hinge,9.746304731617118e-07,8.700517210334434e-07,9.798357022855543e-07,1.1046859977847831e-06,1.1673537014084032e-06,1.1253746325261014e-06,1.071792133413255e-06,8.067579000581852e-07,7.790570343552539e-07,1.0248000019563307e-06,1.1687369012489911e-06
trapezoid,9.270885787381553e-07,1.024751935170868e-06,1.0431786742924798e-06,1.0886259596269796e-06,9.500358041253444e-07,1.0661501265197676e-06,9.31291112544704e-07,1.06174789495823e-06,1.0248000019563307e-06,7.955075192683175e-07,9.369500779902955e-07
random,1.1165235335347626e-06,1.2747392297254547e-06,1.2479444424643087e-06,1.158745635767539e-06,1.0551188316918062e-06,1.2437848931139465e-06,1.1476272605622037e-06,1.1699960434583848e-06,1.1687369012489911e-06,9.369500779902955e-07,8.420312440411744e-07
