,square,rectangle,parallelogram,losange,isoTrapezoid,kite,rightKite,rustedHinge,hinge,trapezoid,random
square,0.00020500666097060055,0.0002669947432609449,0.00040821414469396043,0.0004370194434143002,0.00042674104285287106,0.0004203317911851625,0.0003799018367499204,0.00045185927903572,0.0004332800750032173,0.000443695933524327,0.0004883495715026172
rectangle,0.0002669947432609449,0.0002148072834176574,0.00038587638074691566,0.0004255817159317207,0.0004604529873914511,0.00044168928214238144,0.000408203446226962,0.00045137318357307946,0.00042493160871883844,0.0004547868065491595,0.0005026781195827927
parallelogram,0.00040821414469396043,0.00038587638074691566,0.0003008481664875873,0.00033945560889160533,0.00048259103644446267,0.0004585296786531432,0.00043587081438291997,0.00046202624986166455,0.0004316206758148725,0.00041572050776929857,0.0004634653476694523
losange,0.0004370194434143002,0.0004255817159317207,0.00033945560889160533,0.00029746258967411815,0.0004961585002211208,0.0004766790826130151,0.00045330981754011714,0.0004738090928609726,0.00045130211816160176,0.00041679953837761634,0.0004419997635215986
isoTrapezoid,0.00042674104285287106,0.0004604529873914511,0.00048259103644446267,0.0004961585002211208,0.00029624442876138943,0.0003874786969637954,0.0003651404162091135,0.0004639528393160449,0.00044542628118025797,0.00039632031766584277,0.0004301583556642503
kite,0.0004203317911851625,0.00044168928214238144,0.0004585296786531432,0.0004766790826130151,0.0003874786969637954,0.0002918918972716294,0.0003148338605699414,0.00043760645461047654,0.000413270176432413,0.0004281303353638818,0.0004347575260523071
rightKite,0.0003799018367499204,0.000408203446226962,0.00043587081438291997,0.00045330981754011714,0.0003651404162091135,0.0003148338605699414,0.00026408630383130123,0.0004000623344890245,0.00038214253713656003,0.00040039594560330936,0.00041146722792517726
rustedHinge,0.00045185927903572,0.00045137318357307946,0.00046202624986166455,0.0004738090928609726,0.0004639528393160449,0.00043760645461047654,0.0004000623344890245,0.0003031366795371975,0.0003245074713185845,0.0004703788862014767,0.0004437564983320612
hinge,0.0004332800750032173,0.00042493160871883844,0.0004316206758148725,0.00045130211816160176,0.00044542628118025797,0.000413270176432413,0.00038214253713656003,0.0003245074713185845,0.00029534679086696175,0.0004438896053264254,0.0004203119083037229
trapezoid,0.000443695933524327,0.0004547868065491595,0.00041572050776929857,0.00041679953837761634,0.00039632031766584277,0.0004281303353638818,0.00040039594560330936,0.0004703788862014767,0.0004438896053264254,0.0003102514778151329,0.00038981081375239016
random,0.0004883495715026172,0.0005026781195827927,0.0004634653476694523,0.0004419997635215986,0.0004301583556642503,0.0004347575260523071,0.00041146722792517726,0.0004437564983320612,0.0004203119083037229,0.00038981081375239016,0.0003020550930247049
