,square,rectangle,parallelogram,losange,isoTrapezoid,kite,rightKite,rustedHinge,hinge,trapezoid,random
square,1.140070714500028e-05,1.3273682877616453e-05,1.8476457443012862e-05,2.123849427478004e-05,1.600374045659499e-05,1.701499043395574e-05,1.617021234870911e-05,1.823138825695229e-05,1.744662070200181e-05,1.7304184354410646e-05,2.048384260853531e-05
rectangle,1.3273682877616453e-05,1.1358242176163533e-05,1.6391224983502453e-05,1.968107435424126e-05,1.8579713630341855e-05,1.8337548387029672e-05,1.760816057894038e-05,1.763982302563249e-05,1.641286880755936e-05,1.83136039484827e-05,2.1895268137802428e-05
parallelogram,1.8476457443012862e-05,1.6391224983502453e-05,1.4038759706099893e-05,1.6381339651896182e-05,2.083209480099331e-05,2.1456732645477322e-05,2.014455556049042e-05,1.9709142560546227e-05,1.8482118218823325e-05,1.7950235294296938e-05,2.12274901305377e-05
losange,2.123849427478004e-05,1.968107435424126e-05,1.6381339651896182e-05,1.4485697692579074e-05,2.2058976373599637e-05,2.31381987591115e-05,2.1848337580529955e-05,2.110557519032147e-05,2.0329605280558098e-05,1.8529824578131153e-05,2.0191108121037236e-05
isoTrapezoid,1.600374045659499e-05,1.8579713630341855e-05,2.083209480099331e-05,2.2058976373599637e-05,1.2666264830151377e-05,1.5881678695473448e-05,1.5152218489755968e-05,1.958877478956652e-05,1.944225392647253e-05,1.5875511023553707e-05,1.7936077172885397e-05
kite,1.701499043395574e-05,1.8337548387029672e-05,2.1456732645477322e-05,2.31381987591115e-05,1.5881678695473448e-05,1.272260193268587e-05,1.3711246279237843e-05,1.900951400899796e-05,1.863641079555604e-05,1.8519730020054888e-05,1.9836897878852985e-05
rightKite,1.617021234870911e-05,1.760816057894038e-05,2.014455556049042e-05,2.1848337580529955e-05,1.5152218489755968e-05,1.3711246279237843e-05,1.2099505717708177e-05,1.8129580936107476e-05,1.773467656216282e-05,1.6355883035728775e-05,1.8288899248086193e-05
rustedHinge,1.823138825695229e-05,1.763982302563249e-05,1.9709142560546227e-05,2.110557519032147e-05,1.958877478956652e-05,1.900951400899796e-05,1.8129580936107476e-05,1.2693803195356938e-05,1.3185838347189942e-05,1.9196264057889538e-05,1.8989948045418866e-05
hinge,1.744662070200181e-05,1.641286880755936e-05,1.8482118218823325e-05,2.0329605280558098e-05,1.944225392647253e-05,1.863641079555604e-05,1.773467656216282e-05,1.3185838347189942e-05,1.2561200813064062e-05,1.8576876831524654e-05,1.8634321266453397e-05
trapezoid,1.7304184354410646e-05,1.83136039484827e-05,1.7950235294296938e-05,1.8529824578131153e-05,1.5875511023553707e-05,1.8519730020054888e-05,1.6355883035728775e-05,1.9196264057889538e-05,1.8576876831524654e-05,1.3170957150156906e-05,1.614984201384362e-05
random,2.048384260853531e-05,2.1895268137802428e-05,2.12274901305377e-05,2.0191108121037236e-05,1.7936077172885397e-05,1.9836897878852985e-05,1.8288899248086193e-05,1.8989948045418866e-05,1.8634321266453397e-05,1.614984201384362e-05,1.3359399044813306e-05
