,square,rectangle,parallelogram,losange,isoTrapezoid,kite,rightKite,rustedHinge,hinge,trapezoid,random
square,4.817557464518373e-07,6.165585203402389e-07,7.454958733133023e-07,8.494387828393209e-07,5.665568994198671e-07,5.51043199714337e-07,5.268206294830129e-07,6.539420876983835e-07,6.382835181200682e-07,6.009012238095203e-07,7.223389917137976e-07
rectangle,6.165585203402389e-07,4.874656557461053e-07,5.965679689327719e-07,7.235637829685828e-07,7.588717532531407e-07,6.595428618644193e-07,6.450419435346288e-07,6.091953798811786e-07,5.633672211610365e-07,6.687746003893681e-07,8.25915566253379e-07
parallelogram,7.454958733133023e-07,5.965679689327719e-07,5.574567481656618e-07,6.415829053406357e-07,8.449950770889881e-07,7.913794175348423e-07,7.480002642667501e-07,6.805972341324214e-07,6.305406872241662e-07,6.902943985492129e-07,8.191309058723729e-07
losange,8.494387828393209e-07,7.235637829685828e-07,6.415829053406357e-07,5.793242152180673e-07,8.884994040950531e-07,8.83726729121459e-07,8.37389899607045e-07,7.308832480237289e-07,7.017581554536975e-07,7.138532118786431e-07,7.507337932752644e-07
isoTrapezoid,5.665568994198671e-07,7.588717532531407e-07,8.449950770889881e-07,8.884994040950531e-07,4.92947031703657e-07,5.867275364334836e-07,5.659104410503499e-07,7.618495063809779e-07,7.611968499641556e-07,6.180949646137453e-07,6.850410166310327e-07
kite,5.51043199714337e-07,6.595428618644193e-07,7.913794175348423e-07,8.83726729121459e-07,5.867275364334836e-07,5.004132434490482e-07,5.376267666012821e-07,7.406418228221013e-07,7.279067924098569e-07,6.837304538267481e-07,7.973311849119683e-07
rightKite,5.268206294830129e-07,6.450419435346288e-07,7.480002642667501e-07,8.37389899607045e-07,5.659104410503499e-07,5.376267666012821e-07,4.932596328232009e-07,7.103378334498748e-07,6.946200583174343e-07,6.050029001613938e-07,7.440345635404404e-07
rustedHinge,6.539420876983835e-07,6.091953798811786e-07,6.805972341324214e-07,7.308832480237289e-07,7.618495063809779e-07,7.406418228221013e-07,7.103378334498748e-07,5.179013998237286e-07,5.265244392837596e-07,6.843437312741779e-07,7.538437365610127e-07
hinge,6.382835181200682e-07,5.633672211610365e-07,6.305406872241662e-07,7.017581554536975e-07,7.611968499641556e-07,7.279067924098569e-07,6.946200583174343e-07,5.265244392837596e-07,5.068461602304439e-07,6.619633529162662e-07,7.539170380261334e-07
trapezoid,6.009012238095203e-07,6.687746003893681e-07,6.902943985492129e-07,7.138532118786431e-07,6.180949646137453e-07,6.837304538267481e-07,6.050029001613938e-07,6.843437312741779e-07,6.619633529162662e-07,5.21870205622479e-07,6.154079114881297e-07
random,7.223389917137976e-07,8.25915566253379e-07,8.191309058723729e-07,7.507337932752644e-07,6.850410166310327e-07,7.973311849119683e-07,7.440345635404404e-07,7.538437365610127e-07,7.539170380261334e-07,6.154079114881297e-07,5.479809906733863e-07
