,square,rectangle,parallelogram,losange,isoTrapezoid,kite,rightKite,rustedHinge,hinge,trapezoid,random
square,8.818677148564299e-05,0.00011034055535199443,0.00017269528079957492,0.000187402292636941,0.0001769047150764599,0.00017880604792335224,0.00016298739007075585,0.00019311291077918843,0.00018763716431513148,0.0001845439592894619,0.00020945724938979405
rectangle,0.00011034055535199443,8.840460226297012e-05,0.00015776913790742776,0.00017749465897003793,0.0001887694158392745,0.00018234785433439605,0.00016988604785573061,0.0001860064181729405,0.00017687068327286353,0.00018660393667968773,0.00021044421525603588
parallelogram,0.00017269528079957492,0.00015776913790742776,0.00012492404178163346,0.00014123387087125417,0.00019881479124011245,0.00018923903093515224,0.0001812715049891281,0.00019147964826700923,0.00018236971341661012,0.00016711127798976457,0.0001898237739769235
losange,0.000187402292636941,0.00017749465897003793,0.00014123387087125417,0.00012212901940651983,0.00020294823724980506,0.00019640068507951152,0.0001878557329384605,0.0001960690444519771,0.00019118544550314904,0.0001667259356511513,0.0001776740747354633
isoTrapezoid,0.0001769047150764599,0.0001887694158392745,0.00019881479124011245,0.00020294823724980506,0.00011292697082000746,0.00015526919043363745,0.00014536103048588266,0.0001886915080716906,0.00018594563869951246,0.0001525451387941233,0.00017246184897831986
kite,0.00017880604792335224,0.00018234785433439605,0.00018923903093515224,0.00019640068507951152,0.00015526919043363745,0.00011575405758307606,0.00012544744205320266,0.0001769626414732041,0.0001717279358923819,0.00017194212678726197,0.00017629267130818562
rightKite,0.00016298739007075585,0.00016988604785573061,0.0001812715049891281,0.0001878557329384605,0.00014536103048588266,0.00012544744205320266,0.00010576187975205147,0.00016192385515696858,0.00015860247078229128,0.00015906004482892132,0.00016661230080969802
rustedHinge,0.00019311291077918843,0.0001860064181729405,0.00019147964826700923,0.0001960690444519771,0.0001886915080716906,0.0001769626414732041,0.00016192385515696858,0.00011647508438689036,0.00012556394764329348,0.00018977970132111368,0.00017883815388331094
hinge,0.00018763716431513148,0.00017687068327286353,0.00018236971341661012,0.00019118544550314904,0.00018594563869951246,0.0001717279358923819,0.00015860247078229128,0.00012556394764329348,0.00011874295068849625,0.00018323393277291496,0.00017350116964889338
trapezoid,0.0001845439592894619,0.00018660393667968773,0.00016711127798976457,0.0001667259356511513,0.0001525451387941233,0.00017194212678726197,0.00015906004482892132,0.00018977970132111368,0.00018323393277291496,0.00011905138411288818,0.0001531221294999744
random,0.00020945724938979405,0.00021044421525603588,0.0001898237739769235,0.0001776740747354633,0.00017246184897831986,0.00017629267130818562,0.00016661230080969802,0.00017883815388331094,0.00017350116964889338,0.0001531221294999744,0.00011824088796478126
