,square,rectangle,parallelogram,losange,isoTrapezoid,kite,rightKite,rustedHinge,hinge,trapezoid,random
square,2.0397946740599e-06,2.470311618716386e-06,3.1566171311803066e-06,3.6865730062767736e-06,2.4758223656086345e-06,2.4632097964425234e-06,2.3770514059635854e-06,2.853052916184315e-06,2.739835454793369e-06,2.6299216550303783e-06,3.1455171978723294e-06
rectangle,2.470311618716386e-06,2.0504699497643e-06,2.646123789635445e-06,3.26667822907121e-06,3.1106374909246874e-06,2.802532783188075e-06,2.7475431701260356e-06,2.7105453420232435e-06,2.4958611845627826e-06,2.857035470562586e-06,3.519247750680492e-06
parallelogram,3.1566171311803066e-06,2.646123789635445e-06,2.3347194008736754e-06,2.7068571012745094e-06,3.520913637887394e-06,3.443417642461688e-06,3.20565840712978e-06,3.0658367102381864e-06,2.832806969607072e-06,2.8608517416549345e-06,3.4012389361018836e-06
losange,3.6865730062767736e-06,3.26667822907121e-06,2.7068571012745094e-06,2.4136330220092744e-06,3.7870072093512948e-06,3.874065322767761e-06,3.617794943610422e-06,3.359230638747659e-06,3.22151799961098e-06,3.0030212469785925e-06,3.2187764972853287e-06
isoTrapezoid,2.4758223656086345e-06,3.1106374909246874e-06,3.520913637887394e-06,3.7870072093512948e-06,2.1461803884373217e-06,2.5666240134399996e-06,2.4929302615326154e-06,3.292789073290837e-06,3.2462142983605658e-06,2.6521482443679342e-06,2.9408159473794223e-06
kite,2.4632097964425234e-06,2.802532783188075e-06,3.443417642461688e-06,3.874065322767761e-06,2.5666240134399996e-06,2.1766773539157508e-06,2.3634310154337313e-06,3.231794225831423e-06,3.1629105026524098e-06,3.031782242138395e-06,3.4706991525874355e-06
rightKite,2.3770514059635854e-06,2.7475431701260356e-06,3.20565840712978e-06,3.617794943610422e-06,2.4929302615326154e-06,2.3634310154337313e-06,2.1326405548107796e-06,3.139914283254383e-06,3.054168839815862e-06,2.6371061479161094e-06,3.182704231501111e-06
rustedHinge,2.853052916184315e-06,2.7105453420232435e-06,3.0658367102381864e-06,3.359230638747659e-06,3.292789073290837e-06,3.231794225831423e-06,3.139914283254383e-06,2.195736300376911e-06,2.2680324133551506e-06,3.067136074047979e-06,3.2856111682434053e-06
hinge,2.739835454793369e-06,2.4958611845627826e-06,2.832806969607072e-06,3.22151799961098e-06,3.2462142983605658e-06,3.1629105026524098e-06,3.054168839815862e-06,2.2680324133551506e-06,2.1805431752026363e-06,2.938254983088653e-06,3.239047596765823e-06
trapezoid,2.6299216550303783e-06,2.857035470562586e-06,2.8608517416549345e-06,3.0030212469785925e-06,2.6521482443679342e-06,3.031782242138395e-06,2.6371061479161094e-06,3.067136074047979e-06,2.938254983088653e-06,2.2050722569578554e-06,2.58461162878449e-06
random,3.1455171978723294e-06,3.519247750680492e-06,3.4012389361018836e-06,3.2187764972853287e-06,2.9408159473794223e-06,3.4706991525874355e-06,3.182704231501111e-06,3.2856111682434053e-06,3.239047596765823e-06,2.58461162878449e-06,2.322776747348101e-06
