,square,rectangle,parallelogram,losange,isoTrapezoid,kite,rightKite,rustedHinge,hinge,trapezoid,random
square,7.2194762130258126e-06,8.461374092765326e-06,1.1490069441345994e-05,1.3430969452086655e-05,1.0055922138842036e-05,1.050043023698412e-05,1.0094599822540589e-05,1.1452938019439315e-05,1.086243059803034e-05,1.064656047285387e-05,1.2981715888109553e-05
rectangle,8.461374092765326e-06,7.144384373076486e-06,9.988366243128886e-06,1.2248855089321905e-05,1.1760924381167867e-05,1.1334837459463507e-05,1.1022660363078541e-05,1.097990210578346e-05,1.0083130259004866e-05,1.1244958311767407e-05,1.3877857969051788e-05
parallelogram,1.1490069441345994e-05,9.988366243128886e-06,8.539618107020095e-06,1.0037475049796687e-05,1.3035019037537383e-05,1.3326559269170987e-05,1.2493724033810952e-05,1.2147267782831907e-05,1.1249540205327357e-05,1.0915541138897469e-05,1.3222217265106859e-05
losange,1.3430969452086655e-05,1.2248855089321905e-05,1.0037475049796687e-05,8.93361026483804e-06,1.3920504857443573e-05,1.4610780408479643e-05,1.3748332025570772e-05,1.3166103595826688e-05,1.2577812586312865e-05,1.1342205748910884e-05,1.2635000112556864e-05
isoTrapezoid,1.0055922138842036e-05,1.1760924381167867e-05,1.3035019037537383e-05,1.3920504857443573e-05,7.89571006961041e-06,9.905819001926417e-06,9.466245013199185e-06,1.25315612136154e-05,1.2373406997422926e-05,9.784882874551922e-06,1.1229668874118246e-05
kite,1.050043023698412e-05,1.1334837459463507e-05,1.3326559269170987e-05,1.4610780408479643e-05,9.905819001926417e-06,8.034217980194036e-06,8.651819403914443e-06,1.2228757311771436e-05,1.1935453222793783e-05,1.1514633516833663e-05,1.271225658434819e-05
rightKite,1.0094599822540589e-05,1.1022660363078541e-05,1.2493724033810952e-05,1.3748332025570772e-05,9.466245013199185e-06,8.651819403914443e-06,7.640654635742935e-06,1.1721402921995439e-05,1.1420683657469268e-05,1.0093995268508496e-05,1.1661346823696307e-05
rustedHinge,1.1452938019439315e-05,1.097990210578346e-05,1.2147267782831907e-05,1.3166103595826688e-05,1.25315612136154e-05,1.2228757311771436e-05,1.1721402921995439e-05,8.093470750248622e-06,8.385195631162918e-06,1.2054143859128767e-05,1.224115120401744e-05
hinge,1.086243059803034e-05,1.0083130259004866e-05,1.1249540205327357e-05,1.2577812586312865e-05,1.2373406997422926e-05,1.1935453222793783e-05,1.1420683657469268e-05,8.385195631162918e-06,7.950785091093868e-06,1.1576767214776473e-05,1.1981985364503284e-05
trapezoid,1.064656047285387e-05,1.1244958311767407e-05,1.0915541138897469e-05,1.1342205748910884e-05,9.784882874551922e-06,1.1514633516833663e-05,1.0093995268508496e-05,1.2054143859128767e-05,1.1576767214776473e-05,8.025196414433482e-06,9.924409242088238e-06
random,1.2981715888109553e-05,1.3877857969051788e-05,1.3222217265106859e-05,1.2635000112556864e-05,1.1229668874118246e-05,1.271225658434819e-05,1.1661346823696307e-05,1.224115120401744e-05,1.1981985364503284e-05,9.924409242088238e-06,8.451581888968876e-06
