,square,rectangle,parallelogram,losange,isoTrapezoid,kite,rightKite,rustedHinge,hinge,trapezoid,random
square,0.20221080945663408,0.24164217012000092,0.2722042254742423,0.2993455653290752,0.22755129854094475,0.2211996506264615,0.21420219684408837,0.24891294182092472,0.24658469651084783,0.23323562436323617,0.26880498541648495
rectangle,0.24164217012000092,0.209830166843328,0.23593631599977197,0.2692455852821399,0.28024073356877705,0.2536882044125208,0.2490537206456016,0.23990129797705842,0.22899109678778795,0.2553194759981942,0.29925628109168706
parallelogram,0.2722042254742423,0.23593631599977197,0.22830367152699296,0.25135762286344865,0.30123719122306575,0.28427763004805406,0.27421478526933396,0.25677862648106137,0.24494886055858558,0.26353733263287354,0.29920558473976827
losange,0.2993455653290752,0.2692455852821399,0.25135762286344865,0.2389619251858894,0.31256430234435323,0.3094284547783498,0.2981599058576522,0.27164999699346193,0.2643333680451993,0.27081362309008683,0.2827517061309395
isoTrapezoid,0.2275512985409447,0.28024073356877705,0.30123719122306575,0.3125643023443532,0.21220547544100027,0.23435107169760527,0.228375225540263,0.2788301622074373,0.2806055680433751,0.24138328715866042,0.2617709580189668
kite,0.2211996506264615,0.2536882044125208,0.28427763004805406,0.3094284547783498,0.23435107169760522,0.21194860187459105,0.21969746215543873,0.27282645449911297,0.27052086718644025,0.25461475562650393,0.28780459658953844
rightKite,0.2142021968440884,0.2490537206456016,0.274214785269334,0.2981599058576522,0.22837522554026293,0.21969746215543878,0.20832353452046865,0.2633940481227086,0.26068022465129714,0.23574461206926373,0.27462697055127144
rustedHinge,0.24891294182092466,0.23990129797705834,0.25677862648106137,0.27164999699346193,0.2788301622074373,0.27282645449911297,0.2633940481227086,0.2194529217135736,0.2216086376360228,0.25733712145825827,0.2811191208031019
hinge,0.24658469651084783,0.22899109678778795,0.24494886055858558,0.2643333680451993,0.2806055680433751,0.27052086718644025,0.26068022465129714,0.2216086376360228,0.21670039144888165,0.2530135191598723,0.2820361890950952
trapezoid,0.23323562436323617,0.2553194759981942,0.26353733263287354,0.27081362309008683,0.24138328715866042,0.2546147556265039,0.23574461206926373,0.25733712145825827,0.2530135191598723,0.2174073902752578,0.2456564048727051
random,0.26880498541648495,0.29925628109168706,0.29920558473976827,0.2827517061309395,0.2617709580189668,0.28780459658953844,0.27462697055127144,0.2811191208031019,0.28203618909509515,0.2456564048727051,0.23173223579526955
