,square,rectangle,parallelogram,losange,isoTrapezoid,kite,rightKite,rustedHinge,hinge,trapezoid,random
square,0.10338713453724464,0.12097159419523508,0.14978749317198398,0.1731970405464236,0.1290281713679398,0.12505611237933234,0.12232747535540509,0.14067102885907004,0.13829374977486986,0.13016217486335352,0.15118129925586643
rectangle,0.12097159419523505,0.10124412053885136,0.12948567348362838,0.15742937834186263,0.14932912826820224,0.1351019929818694,0.13446294196372008,0.1323877168180593,0.1269063367560095,0.1373751860027994,0.15966953080544255
parallelogram,0.14978749317198398,0.1294856734836284,0.11533259406479737,0.1344757447573652,0.16316151628651354,0.15456851208164285,0.14921503270562267,0.1446237116091931,0.14087722163670266,0.139683623823849,0.15801847515801518
losange,0.1731970405464236,0.15742937834186263,0.1344757447573652,0.11994715956863092,0.17314083731620417,0.17042787524000183,0.16483027012129384,0.15649739125701245,0.15672556266013768,0.14587508208140984,0.15184473620090064
isoTrapezoid,0.1290281713679398,0.14932912826820222,0.1631615162865135,0.1731408373162042,0.10895956966157913,0.12541551510378282,0.12287823782972085,0.15171703689044627,0.15287321649723504,0.12853278455068737,0.13673867507224693
kite,0.12505611237933234,0.1351019929818694,0.15456851208164285,0.17042787524000186,0.12541551510378282,0.10741685340470544,0.1166566469295025,0.1430077602035262,0.1412577405657574,0.13853950860723988,0.1464688146871553
rightKite,0.12232747535540509,0.13446294196372008,0.14921503270562267,0.16483027012129384,0.12287823782972085,0.1166566469295025,0.10600145774511793,0.14105332763650058,0.14122551363220348,0.1252278902947653,0.141246089828964
rustedHinge,0.14067102885907004,0.1323877168180593,0.1446237116091931,0.15649739125701245,0.15171703689044627,0.1430077602035262,0.14105332763650058,0.10909930933553513,0.11461608782604663,0.14282245770561894,0.14752612319169894
hinge,0.13829374977486986,0.12690633675600954,0.14087722163670266,0.1567255626601377,0.15287321649723504,0.14125774056575738,0.14122551363220348,0.11461608782604663,0.11175935961438822,0.14282339914560432,0.1477745219289906
trapezoid,0.13016217486335352,0.1373751860027994,0.139683623823849,0.14587508208140984,0.12853278455068737,0.13853950860723988,0.12522789029476533,0.14282245770561894,0.14282339914560432,0.11055694757115528,0.12655919315662623
random,0.15118129925586643,0.15966953080544255,0.15801847515801518,0.15184473620090064,0.13673867507224693,0.1464688146871553,0.141246089828964,0.14752612319169894,0.1477745219289906,0.12655919315662623,0.11205624258353188
