,square,rectangle,parallelogram,losange,isoTrapezoid,kite,rightKite,rustedHinge,hinge,trapezoid,random
square,0.10598254899791916,0.12310118481928808,0.13742807981586502,0.15138881034619833,0.11832243822418108,0.11624678959630312,0.11342369420173487,0.12924393179901242,0.12646698365007586,0.12312008585270805,0.13490413585534433
rectangle,0.12310118481928808,0.10731847885703735,0.12083926969091965,0.13556355458527977,0.13770914419841923,0.12799250763396017,0.12649404044240778,0.12264458834162145,0.11670510336724324,0.13056356394617114,0.14385399109745217
parallelogram,0.137428079815865,0.12083926969091964,0.11397730074010361,0.12604160247770496,0.14666534802227288,0.14171504825183123,0.13729107543589594,0.1308884053819605,0.12457599272322863,0.13273951246356994,0.1440611571680887
losange,0.15138881034619833,0.13556355458527977,0.126041602477705,0.11708589500788852,0.1533822208154247,0.15303432315974455,0.1494231561116023,0.13755101805429573,0.13392077867372826,0.13794780025677864,0.13992649482724825
isoTrapezoid,0.11832243822418105,0.13770914419841923,0.14666534802227288,0.1533822208154247,0.10985549970931245,0.12119957304034744,0.11905189836574621,0.1406572714505608,0.13926095688613008,0.12495733301990852,0.1313222886623399
kite,0.11624678959630318,0.12799250763396017,0.14171504825183123,0.15303432315974455,0.12119957304034744,0.11085393503388659,0.11565716725491894,0.13688279885400623,0.13476636463941688,0.13251882076568602,0.14167969489856339
rightKite,0.11342369420173488,0.1264940404424078,0.13729107543589594,0.1494231561116023,0.11905189836574621,0.11565716725491894,0.1095097470363696,0.13416888254423798,0.1316666214224708,0.12392820387812967,0.13693650917970465
rustedHinge,0.12924393179901242,0.12264458834162147,0.1308884053819605,0.13755101805429573,0.14065727145056087,0.13688279885400623,0.13416888254423798,0.1129650346656218,0.11401936083736768,0.13448253698329293,0.13974567041060978
hinge,0.12646698365007586,0.11670510336724327,0.12457599272322865,0.13392077867372829,0.1392609568861301,0.13476636463941685,0.1316666214224708,0.1140193608373677,0.11060008003111281,0.13118576572468615,0.13864797260478892
trapezoid,0.12312008585270805,0.13056356394617114,0.13273951246356994,0.1379478002567786,0.12495733301990852,0.13251882076568602,0.12392820387812967,0.13448253698329293,0.13118576572468618,0.11457676097092555,0.12576685642683483
random,0.13490413585534433,0.1438539910974522,0.1440611571680887,0.13992649482724825,0.1313222886623399,0.14167969489856339,0.13693650917970465,0.13974567041060978,0.1386479726047889,0.12576685642683483,0.11606334604773005
