,square,rectangle,parallelogram,losange,isoTrapezoid,kite,rightKite,rustedHinge,hinge,trapezoid,random
square,0.0874642667707397,0.10332598884372635,0.12329212539065174,0.13842633279032154,0.10576776479840637,0.10194699418541725,0.09933785725901342,0.11498533741538247,0.11210961256474519,0.10861553319375118,0.12355212393720826
rectangle,0.10332598884372635,0.08683063352894707,0.10547371531212632,0.12341379541472867,0.12478047495932941,0.11268733447203025,0.11156308207942765,0.10806590680061316,0.10208513252155005,0.11526480048056395,0.1323151885741731
parallelogram,0.12329212539065174,0.10547371531212629,0.0972277465671688,0.1111986838997363,0.13664775309487753,0.13010192004204035,0.12514278413819604,0.11917436409347036,0.1131117452345897,0.1175514117341607,0.13193031514078474
losange,0.13842633279032152,0.12341379541472867,0.1111986838997363,0.09969479730692697,0.14334075211288466,0.1422459000903287,0.1374382936222386,0.12841434126008985,0.12483687885336177,0.12115537804094434,0.12565818067432494
isoTrapezoid,0.1057677647984064,0.12478047495932941,0.13664775309487756,0.14334075211288466,0.09446386524292186,0.10716067490026003,0.1051019894662964,0.12954901618423809,0.1290475681512087,0.11076300335484504,0.11824778602864654
kite,0.10194699418541725,0.11268733447203025,0.13010192004204035,0.1422459000903287,0.10716067490026003,0.09372628188111903,0.10048813116744561,0.12487832180937646,0.12252331422621647,0.11986068952509815,0.13024678197923853
rightKite,0.09933785725901342,0.11156308207942765,0.12514278413819604,0.1374382936222386,0.10510198946629641,0.10048813116744561,0.09278433356039129,0.12229172559698208,0.12027505187313312,0.10921847816194914,0.12473038105625955
rustedHinge,0.11498533741538247,0.10806590680061319,0.11917436409347036,0.12841434126008985,0.12954901618423809,0.12487832180937646,0.12229172559698209,0.09579721420851331,0.09813312963718021,0.12118538325852259,0.12784602661574956
hinge,0.11210961256474519,0.10208513252155005,0.1131117452345897,0.12483687885336177,0.12904756815120874,0.12252331422621647,0.12027505187313312,0.09813312963718021,0.09471759975973124,0.11843562211434834,0.12662761999211605
trapezoid,0.10861553319375118,0.11526480048056395,0.11755141173416067,0.12115537804094434,0.11076300335484504,0.11986068952509815,0.10921847816194914,0.12118538325852259,0.11843562211434831,0.09650062901336605,0.10875024747360434
random,0.12355212393720826,0.1323151885741731,0.13193031514078474,0.12565818067432488,0.11824778602864656,0.13024678197923853,0.12473038105625955,0.12784602661574956,0.12662761999211603,0.10875024747360432,0.09830628069366354
