,square,rectangle,parallelogram,losange,isoTrapezoid,kite,rightKite,rustedHinge,hinge,trapezoid,random
square,0.08246853084697335,0.09983527912415976,0.13436519578309192,0.15617738399123543,0.11514159346146749,0.11502374145576753,0.11181828017911115,0.127003998679444,0.12372533463985157,0.11891386039406483,0.1419974788413566
rectangle,0.09983527912415976,0.0818252402513504,0.1131887988105805,0.13973704968974257,0.13335098469366927,0.12343177082990134,0.12194094389478882,0.1189010233338172,0.11234984798822867,0.12322737119137378,0.1489580520299436
parallelogram,0.13436519578309192,0.1131887988105805,0.09991289230301753,0.117469694652864,0.14612982209509276,0.1424647570287642,0.13735142246318108,0.129995308924011,0.12613807686045983,0.12433806149983484,0.1469465214465426
losange,0.15617738399123543,0.1397370496897426,0.11746969465286403,0.10292228481006936,0.15207913964602368,0.15596910028125224,0.14918909952051085,0.13863846367427857,0.13848802101357155,0.12664022509419562,0.1369381164508958
isoTrapezoid,0.11514159346146749,0.13335098469366927,0.14612982209509273,0.15207913964602368,0.0908708075711586,0.11257432882387741,0.10733454286138612,0.13344975625387004,0.13587754562510046,0.11086421838420348,0.12235004288918473
kite,0.11502374145576753,0.12343177082990135,0.14246475702876418,0.15596910028125222,0.11257432882387741,0.09430449455008559,0.10266898885012266,0.1321616191325171,0.12975256479566677,0.12588893210444185,0.13660796563480584
rightKite,0.11181828017911115,0.12194094389478884,0.13735142246318108,0.14918909952051085,0.10733454286138612,0.10266898885012266,0.09126028045545294,0.12717567045801784,0.1267996100378664,0.11196206258504228,0.1288892415914923
rustedHinge,0.127003998679444,0.11890102333381723,0.129995308924011,0.13863846367427854,0.13344975625387004,0.1321616191325171,0.12717567045801786,0.0934099192250905,0.0980476155432864,0.12760078681610057,0.13225351679217312
hinge,0.12372533463985157,0.1123498479882287,0.12613807686045983,0.13848802101357155,0.13587754562510046,0.12975256479566677,0.12679961003786644,0.0980476155432864,0.09471440539318063,0.12770518030029937,0.13299148358665555
trapezoid,0.11891386039406486,0.1232273711913738,0.12433806149983484,0.12664022509419562,0.11086421838420345,0.12588893210444185,0.1119620625850423,0.12760078681610057,0.12770518030029937,0.0939856281152461,0.11174014025336776
random,0.1419974788413566,0.1489580520299436,0.1469465214465426,0.1369381164508958,0.12235004288918476,0.13660796563480584,0.12888924159149232,0.13225351679217312,0.13299148358665552,0.11174014025336773,0.09683300281631914
