,square,rectangle,parallelogram,losange,isoTrapezoid,kite,rightKite,rustedHinge,hinge,trapezoid,random
square,758.5355946779549,822.5286448703763,852.6081511173045,885.461567732183,805.2687080654587,792.3071693856083,788.1911621022266,834.6032768875529,827.6078373389362,813.1003617321498,844.5085458097524
rectangle,822.5286448703763,759.065287627074,810.7200460435818,843.5375871144238,856.7276201480703,829.5208724584118,830.0327639728961,811.6713759474131,794.8883309797789,837.3978004411731,862.0680653736927
parallelogram,852.6081511173045,810.7200460435818,781.7694758877869,828.8161081239623,872.2891642574184,858.9966136527264,852.6854397341276,837.0872758908139,821.1495718526177,849.642272448399,871.1709181058478
losange,885.461567732183,843.537587114424,828.8161081239623,791.4318871899471,886.9353148508199,884.6388234365133,883.8767883427934,850.8898211442526,841.9172720433429,862.5158048707634,860.5876366395263
isoTrapezoid,805.2687080654586,856.7276201480703,872.2891642574184,886.9353148508199,767.603937550251,809.7477345880743,808.4160590493303,861.7125697902505,858.2292778084071,821.1892680757929,841.3797115189528
kite,792.3071693856083,829.5208724584118,858.9966136527262,884.6388234365131,809.7477345880743,762.0701427077641,790.6835424049136,849.3264032591037,843.0317846315731,831.802095183301,854.5419377864121
rightKite,788.1911621022266,830.0327639728961,852.6854397341276,883.8767883427934,808.4160590493304,790.6835424049136,765.798734545459,845.4666400260653,838.4505879613614,817.1177230957425,853.2594510124156
rustedHinge,834.6032768875531,811.6713759474131,837.0872758908139,850.8898211442526,861.7125697902505,849.3264032591037,845.4666400260653,781.6056518550258,790.4272710445643,847.1199925527923,857.1074286123197
hinge,827.6078373389362,794.8883309797789,821.1495718526177,841.9172720433429,858.2292778084069,843.0317846315731,838.4505879613614,790.4272710445642,770.0686815914207,839.3076915461078,854.295000930145
trapezoid,813.1003617321498,837.3978004411731,849.642272448399,862.5158048707632,821.1892680757929,831.802095183301,817.1177230957425,847.1199925527923,839.3076915461078,777.5712488422353,827.4465626082387
random,844.5085458097524,862.0680653736927,871.1709181058482,860.5876366395263,841.3797115189528,854.5419377864121,853.2594510124156,857.1074286123195,854.2950009301452,827.4465626082387,783.3897127940314
