,square,rectangle,parallelogram,losange,isoTrapezoid,kite,rightKite,rustedHinge,hinge,trapezoid,random
square,2281.711116671147,2748.9393145286117,3012.9702310319603,3233.197401149444,2611.9319281494063,2547.2041451673736,2475.0487235889245,2819.6971919348102,2788.6626388943814,2665.019486772887,2952.0457421187302
rectangle,2748.9393145286117,2330.8194438953983,2667.3465614459474,2936.3438570175153,3061.521677296403,2841.6573865327723,2810.629687387982,2699.8499916376923,2583.612242154159,2848.155638790091,3124.9391207616636
parallelogram,3012.9702310319603,2667.3465614459474,2424.237686694942,2669.575053319994,3185.8285232621697,3085.6909203011023,3012.4754105780235,2835.8915275465474,2719.4440175860914,2848.650299003859,3049.786832646619
losange,3233.197401149444,2936.3438570175153,2669.5750533199935,2417.9051397405806,3265.096432638534,3245.8634342599034,3191.9333452697997,2939.2147817990726,2878.8702402628505,2909.9229314655768,2900.0212658879627
isoTrapezoid,2611.9319281494063,3061.5216772964036,3185.8285232621697,3265.096432638534,2337.599672751673,2655.68078076411,2600.187410087928,3043.524933831828,3050.1583250207464,2712.8187235148735,2873.7103104676085
kite,2547.2041451673736,2841.6573865327728,3085.6909203011023,3245.8634342599034,2655.68078076411,2317.3150245742963,2490.445130424265,2976.067973369406,2962.2201354040376,2878.248863820324,3087.011519653951
rightKite,2475.048723588924,2810.6296873879824,3012.4754105780235,3191.9333452697997,2600.187410087928,2490.445130424265,2320.526149590451,2923.8064595070373,2893.4295944759947,2693.3517473624456,3001.4492391116887
rustedHinge,2819.69719193481,2699.8499916376923,2835.8915275465474,2939.2147817990726,3043.524933831828,2976.0679733694055,2923.8064595070373,2402.572010918886,2459.1430772893905,2863.900333269523,2968.15523714571
hinge,2788.6626388943814,2583.612242154159,2719.4440175860914,2878.8702402628505,3050.158325020746,2962.2201354040376,2893.4295944759942,2459.1430772893905,2371.7094627989377,2816.4071027258315,2970.0853473285542
trapezoid,2665.0194867728874,2848.155638790091,2848.650299003859,2909.9229314655768,2712.8187235148735,2878.248863820324,2693.3517473624456,2863.9003332695224,2816.4071027258315,2354.298176217826,2632.914367088734
random,2952.0457421187302,3124.9391207616636,3049.786832646619,2900.0212658879623,2873.7103104676085,3087.011519653951,3001.449239111689,2968.15523714571,2970.0853473285542,2632.914367088734,2387.4470709168604
