,square,rectangle,parallelogram,losange,isoTrapezoid,kite,rightKite,rustedHinge,hinge,trapezoid,random
square,415.805836720514,519.1069420064538,692.0258363075399,819.6597131383145,790.3666487730469,742.0181391185647,749.0358706274076,825.4480002414565,799.4698599709362,748.888341468968,882.6671842629019
rectangle,519.1069420064537,431.41577348398226,647.847415924371,810.4745231075101,834.756782225496,777.241079479041,779.8682153864111,824.0526501299015,788.4142876064031,775.7791895175775,911.1137083489277
parallelogram,692.0258363075399,647.847415924371,517.6956727036523,646.4028820873071,783.3678277001167,760.2316757497831,745.8738633485113,771.9375135139902,740.7470462899659,688.695055739502,826.3750517831718
losange,819.6597131383144,810.4745231075101,646.402882087307,507.39487165295236,735.4719945326236,757.1150378827372,726.1972995746735,740.1460543841974,733.5685707363164,643.2949512820778,723.6798505259972
isoTrapezoid,790.3666487730469,834.756782225496,783.3678277001167,735.4719945326237,443.5409463019774,618.7207702040779,560.0452133577553,671.6746431602115,690.2305159915253,598.7111471562689,613.3887149871533
kite,742.0181391185647,777.241079479041,760.2316757497831,757.1150378827373,618.7207702040779,482.72757581558017,525.5399066361352,699.6664252844812,691.4396135077128,694.3986783099633,741.6925097406413
rightKite,749.0358706274075,779.8682153864111,745.8738633485113,726.1972995746736,560.0452133577553,525.5399066361352,431.8735271177785,638.7740919751687,639.9579385179079,628.2193054386523,681.569813471684
rustedHinge,825.4480002414565,824.0526501299015,771.9375135139902,740.1460543841974,671.6746431602115,699.6664252844813,638.7740919751687,434.4123450623445,487.8487271238535,693.5871324857841,672.6435359909102
hinge,799.4698599709362,788.414287606403,740.7470462899659,733.5685707363162,690.2305159915253,691.4396135077127,639.9579385179079,487.8487271238535,460.26935413363077,690.9627765457504,690.4590170162861
trapezoid,748.888341468968,775.7791895175775,688.695055739502,643.2949512820779,598.711147156269,694.3986783099633,628.2193054386523,693.5871324857841,690.9627765457504,494.3218395692506,616.8465410058133
random,882.6671842629019,911.1137083489275,826.375051783172,723.6798505259972,613.3887149871533,741.6925097406413,681.569813471684,672.6435359909102,690.4590170162861,616.8465410058132,473.62340058023756
