,square,rectangle,parallelogram,losange,isoTrapezoid,kite,rightKite,rustedHinge,hinge,trapezoid,random
square,0.0,38.35196544366468,47.12719525242645,57.224118882350915,30.54127763462687,26.449383208969717,21.183268962596525,40.581258864968426,39.18092383462324,33.05282631862007,47.25720678155606
rectangle,38.35196544366468,0.0,29.456490807668956,46.33874378834058,56.23369010305428,43.235360603251124,41.46847921405565,33.45896479765761,26.03640060706764,43.10777558518736,57.49966985247028
parallelogram,47.12719525242645,29.456490807668956,0.0,30.041121045340105,57.23453870712056,51.04309431007649,46.54399529924673,38.9453047239933,32.86639491362717,38.83784111916689,52.07668955837624
losange,57.224118882350915,46.33874378834058,30.041121045340105,0.0,60.16890114686947,58.36174610061065,55.28092853498869,44.23125780327459,42.23434258234255,41.51955789504614,43.73065990421656
isoTrapezoid,30.54127763462687,56.23369010305428,57.23453870712056,60.16890114686947,0.0,32.58460760827658,29.944511042776963,53.95965391511791,54.62579474730834,35.78123099076985,43.83807976776926
kite,26.449383208969717,43.235360603251124,51.04309431007649,58.36174610061065,32.58460760827658,0.0,21.882951961080995,48.91077254117678,48.34943064436034,42.636202527020316,52.74467437092752
rightKite,21.183268962596525,41.46847921405565,46.54399529924673,55.28092853498869,29.944511042776963,21.882951961080995,0.0,45.82195721420803,44.70601823677124,32.68973458541928,49.32947756761628
rustedHinge,40.581258864968426,33.45896479765761,38.9453047239933,44.23125780327459,53.95965391511791,48.91077254117678,45.82195721420803,0.0,12.739086890977692,42.58322963597283,48.46564567436527
hinge,39.18092383462324,26.03640060706764,32.86639491362717,42.23434258234255,54.62579474730834,48.34943064436034,44.70601823677124,12.739086890977692,0.0,40.743957166947915,49.62711601700951
trapezoid,33.05282631862007,43.10777558518736,38.83784111916689,41.51955789504614,35.78123099076985,42.636202527020316,32.68973458541928,42.58322963597283,40.743957166947915,0.0,31.22747555278524
random,47.25720678155606,57.49966985247028,52.07668955837624,43.73065990421656,43.83807976776926,52.74467437092752,49.32947756761628,48.46564567436527,49.62711601700951,31.22747555278524,0.0
