,square,rectangle,parallelogram,losange,isoTrapezoid,kite,rightKite,rustedHinge,hinge,trapezoid,random
square,0.0,152.8007636235938,242.4248016865403,298.0291084461375,189.63627118823817,190.8282475474125,186.24676322477237,240.13512712600607,220.15840599279943,203.41222367661362,270.59984979089614
rectangle,152.8007636235938,0.0,180.43339460972197,263.3579287864765,262.3028025376245,231.53389623642158,232.3648176157791,226.2565239697892,192.1575827549411,231.50599758783395,302.5061531433396
parallelogram,242.4248016865403,180.43339460972197,0.0,145.1667326917381,281.0969115081376,273.9277138362701,257.9331427956939,245.1155615661424,217.09966037395859,199.4822660395461,266.45111114235243
losange,298.0291084461375,263.3579287864765,145.1667326917381,0.0,300.8310750211942,308.90737116944314,291.43039342604453,274.578514082961,260.37349851313826,208.3138279186756,240.1541638307886
isoTrapezoid,189.63627118823817,262.3028025376245,281.0969115081376,300.8310750211942,0.0,170.9143111217403,156.811746460291,269.21315484173704,265.21757119428713,170.92390396331174,211.82072926811568
kite,190.8282475474125,231.53389623642158,273.9277138362701,308.90737116944314,170.9143111217403,0.0,119.665116880291,256.1623371525938,248.25555109744425,236.1670235490372,273.1874775186505
rightKite,186.24676322477237,232.3648176157791,257.9331427956939,291.43039342604453,156.811746460291,119.665116880291,0.0,244.50265733314774,236.66327216470222,186.88754218507722,243.09512465393186
rustedHinge,240.13512712600607,226.2565239697892,245.1155615661424,274.578514082961,269.21315484173704,256.1623371525938,244.50265733314774,0.0,76.09686305139631,248.92956860538192,256.0467147749316
hinge,220.15840599279943,192.1575827549411,217.09966037395859,260.37349851313826,265.21757119428713,248.25555109744425,236.66327216470222,76.09686305139631,0.0,235.4498144454536,251.93042847995403
trapezoid,203.41222367661362,231.50599758783395,199.4822660395461,208.3138279186756,170.92390396331174,236.1670235490372,186.88754218507722,248.92956860538192,235.4498144454536,0.0,150.58979738446402
random,270.59984979089614,302.5061531433396,266.45111114235243,240.1541638307886,211.82072926811568,273.1874775186505,243.09512465393186,256.0467147749316,251.93042847995403,150.58979738446402,0.0
