,square,rectangle,parallelogram,losange,isoTrapezoid,kite,rightKite,rustedHinge,hinge,trapezoid,random
square,0.0,230.90940000291883,375.45869385336897,455.0323636078657,324.4173562950223,308.681932283632,308.14158827755494,394.1327553088663,354.1402606000303,330.50236053503886,433.6242103182508
rectangle,230.90940000291883,0.0,289.461443817911,408.01026866420443,420.43412862550935,363.6086562344936,367.67251197283457,375.4242191499889,316.611953943596,369.87610378713947,479.690318716047
parallelogram,375.45869385336897,289.461443817911,0.0,216.69692180940547,420.08431648695864,402.8311707571271,387.28608576831624,383.1131964950802,340.7453198687297,300.9587947684973,408.59268959427357
losange,455.0323636078657,408.01026866420443,216.69692180940547,0.0,440.92609278927534,447.40913107718274,428.8821137284966,415.61004551085847,394.46916821341983,308.14309843631986,360.35906583110835
isoTrapezoid,324.4173562950223,420.43412862550935,420.08431648695864,440.92609278927534,0.0,260.59021702169207,242.6389782464899,408.6592411328566,401.38320872437913,250.86028592978028,320.60646898417303
kite,308.681932283632,363.6086562344936,402.8311707571271,447.40913107718274,260.59021702169207,0.0,175.91511037246056,381.33330969564304,366.47102418213404,345.4540900263612,403.294317519822
rightKite,308.14158827755494,367.67251197283457,387.28608576831624,428.8821137284966,242.6389782464899,175.91511037246056,0.0,358.963713056529,344.67874067970473,284.40734309539744,366.9179953060178
rustedHinge,394.1327553088663,375.4242191499889,383.1131964950802,415.61004551085847,408.6592411328566,381.33330969564304,358.963713056529,0.0,118.49389120276157,382.58958433416785,385.52189321324636
hinge,354.1402606000303,316.611953943596,340.7453198687297,394.46916821341983,401.38320872437913,366.47102418213404,344.67874067970473,118.49389120276157,0.0,361.2538339392707,381.6123010961621
trapezoid,330.50236053503886,369.87610378713947,300.9587947684973,308.14309843631986,250.86028592978028,345.4540900263612,284.40734309539744,382.58958433416785,361.2538339392707,0.0,238.127390868051
random,433.6242103182508,479.690318716047,408.59268959427357,360.35906583110835,320.60646898417303,403.294317519822,366.9179953060178,385.52189321324636,381.6123010961621,238.127390868051,0.0
