,square,rectangle,parallelogram,losange,isoTrapezoid,kite,rightKite,rustedHinge,hinge,trapezoid,random
square,0.0,43.7017078156448,52.67021134969602,63.58798143818565,34.56677788652337,29.463548746567444,23.812759157969808,45.59576040215644,44.46343764672856,36.56461122416744,52.5049319891599
rectangle,43.7017078156448,0.0,32.75751289656269,51.10794070808102,63.311875798612725,48.8940994485099,47.132538887396294,36.724563836518016,28.81116516518041,48.48038716089594,64.02753805910868
parallelogram,52.67021134969602,32.75751289656269,0.0,33.50745441941259,63.860936310755136,56.85427854299997,52.102423428333815,42.949472673571094,36.27365791949552,44.20598691433429,58.346105046748335
losange,63.58798143818565,51.10794070808102,33.50745441941259,0.0,66.61069534115353,64.73991751505505,61.622003529372954,48.58152323677201,46.2420394168238,46.94121780752481,49.13825283078391
isoTrapezoid,34.56677788652337,63.311875798612725,63.860936310755136,66.61069534115353,0.0,36.65912494243939,33.91498606527696,60.54656959389654,61.43506096880981,39.73474105332499,48.561226444914304
kite,29.463548746567444,48.8940994485099,56.85427854299997,64.73991751505505,36.65912494243939,0.0,24.54146464542901,54.91789531406285,54.45904617271351,46.906469147949494,58.35779634325021
rightKite,23.812759157969808,47.132538887396294,52.102423428333815,61.622003529372954,33.91498606527696,24.54146464542901,0.0,51.48227682334053,50.49733905176783,36.18363254211983,54.90441658967055
rustedHinge,45.59576040215644,36.724563836518016,42.949472673571094,48.58152323677201,60.54656959389654,54.91789531406285,51.48227682334053,0.0,14.158109174907585,47.66014335487701,54.564185047268964
hinge,44.46343764672856,28.81116516518041,36.27365791949552,46.2420394168238,61.43506096880981,54.45904617271351,50.49733905176783,14.158109174907585,0.0,45.753870304200134,55.62176936235117
trapezoid,36.56461122416744,48.48038716089594,44.20598691433429,46.94121780752481,39.73474105332499,46.906469147949494,36.18363254211983,47.66014335487701,45.753870304200134,0.0,35.262148591339916
random,52.5049319891599,64.02753805910868,58.346105046748335,49.13825283078391,48.561226444914304,58.35779634325021,54.90441658967055,54.564185047268964,55.62176936235117,35.262148591339916,0.0
