,square,rectangle,parallelogram,losange,isoTrapezoid,kite,rightKite,rustedHinge,hinge,trapezoid,random
square,0.0,46.16379675181047,63.381503766683636,76.77619083336198,38.88831205793274,35.337778531781055,29.356943661039534,52.549285468384014,49.61083935090629,44.34619141618314,62.048578473068005
rectangle,46.16379675181047,0.0,40.41556919295888,62.50621964246331,68.30209391567371,54.22439965767886,52.04374586791409,45.730354421253324,35.490135025807064,55.13201880714649,74.73780153685509
parallelogram,63.381503766683636,40.41556919295888,0.0,36.852924619399296,74.9621823476744,70.24338411262559,63.16035360189319,54.51070370061316,45.23190410731938,49.944701648943884,67.21023821899259
losange,76.77619083336198,62.50621964246331,36.852924619399296,0.0,80.27415811947836,80.73706187142245,74.43902797142844,62.63921853576851,58.44795811027511,53.6282162742487,58.19899575731847
isoTrapezoid,38.88831205793274,68.30209391567371,74.9621823476744,80.27415811947836,0.0,41.35764353014397,37.68004308961592,68.80812096595409,68.46522533147188,46.15224132487474,55.67961671465268
kite,35.337778531781055,54.22439965767886,70.24338411262559,80.73706187142245,41.35764353014397,0.0,29.45383539612516,65.3844928990171,64.07889596160655,59.03226503273786,72.0435613565349
rightKite,29.356943661039534,52.04374586791409,63.16035360189319,74.43902797142844,37.68004308961592,29.45383539612516,0.0,61.865887015802876,59.640475931458134,43.69831330981377,64.0571914257948
rustedHinge,52.549285468384014,45.730354421253324,54.51070370061316,62.63921853576851,68.80812096595409,65.3844928990171,61.865887015802876,0.0,17.814937033068563,57.20164884277571,64.76381882918459
hinge,49.61083935090629,35.490135025807064,45.23190410731938,58.44795811027511,68.46522533147188,64.07889596160655,59.640475931458134,17.814937033068563,0.0,53.19470418665712,64.64048338417331
trapezoid,44.34619141618314,55.13201880714649,49.944701648943884,53.6282162742487,46.15224132487474,59.03226503273786,43.69831330981377,57.20164884277571,53.19470418665712,0.0,36.81459145042012
random,62.048578473068005,74.73780153685509,67.21023821899259,58.19899575731847,55.67961671465268,72.0435613565349,64.0571914257948,64.76381882918459,64.64048338417331,36.81459145042012,0.0
