,square,rectangle,parallelogram,losange,isoTrapezoid,kite,rightKite,rustedHinge,hinge,trapezoid,random
square,0.0,14.504882813827683,37.81965131398025,46.53444315534209,37.6754921384134,36.58272937218061,37.12330124898062,42.93506184631587,36.741291865558196,37.51354850124672,48.236758262660985
rectangle,14.504882813827683,0.0,34.897070572177725,45.290579396488646,41.703964544737026,39.31312264729964,40.44123888892979,44.12695535807466,37.19493660635024,39.50168815497073,50.56925679249224
parallelogram,37.81965131398025,34.897070572177725,0.0,16.305315501139127,33.874053226543985,32.87443299777326,35.56154077548167,37.9435511623237,35.02069301160296,23.664527157711436,35.8210829881067
losange,46.53444315534209,45.290579396488646,16.305315501139127,0.0,35.61347535392954,35.205323122879314,36.8765319047885,37.45312007313499,36.9366809909776,25.352900387332618,31.98675320370788
isoTrapezoid,37.6754921384134,41.703964544737026,33.874053226543985,35.61347535392954,0.0,20.073791665670022,19.35606973155605,33.60735529497268,32.23466392181555,17.723872699532176,25.432486203179895
kite,36.58272937218061,39.31312264729964,32.87443299777326,35.205323122879314,20.073791665670022,0.0,12.849380644033879,26.618326490426497,24.221329186352346,24.31591397974172,25.381894803029006
rightKite,37.12330124898062,40.44123888892979,35.56154077548167,36.8765319047885,19.35606973155605,12.849380644033879,0.0,24.18856732245804,22.55581042291739,23.557505982017357,25.62632400154829
rustedHinge,42.93506184631587,44.12695535807466,37.9435511623237,37.45312007313499,33.60735529497268,26.618326490426497,24.18856732245804,0.0,11.123943479832286,34.60378712254517,28.526657786166222
hinge,36.741291865558196,37.19493660635024,35.02069301160296,36.9366809909776,32.23466392181555,24.221329186352346,22.55581042291739,11.123943479832286,0.0,32.43677031216838,29.030493740240367
trapezoid,37.51354850124672,39.50168815497073,23.664527157711436,25.352900387332618,17.723872699532176,24.31591397974172,23.557505982017357,34.60378712254517,32.43677031216838,0.0,23.624099784601576
random,48.236758262660985,50.56925679249224,35.8210829881067,31.98675320370788,25.432486203179895,25.381894803029006,25.62632400154829,28.526657786166222,29.030493740240367,23.624099784601576,0.0
