,square,rectangle,parallelogram,losange,isoTrapezoid,kite,rightKite,rustedHinge,hinge,trapezoid,random
square,0.0,58.224164083958975,84.15229716060755,101.47626346146942,52.11172059358448,48.130916569309655,42.09035078566388,71.6842416471428,66.511671446932,59.410828236384376,81.71183109954579
rectangle,58.224164083958975,0.0,54.89007816675706,83.81264417475735,88.12328497154289,70.02947305368818,68.26852825468852,62.5218787831564,49.025834825932414,72.00079043585302,97.4047501578534
parallelogram,84.15229716060755,54.89007816675706,0.0,47.715867324366215,99.11124235103597,93.36526901833031,84.43166136735682,73.85694974452065,61.71672228950621,66.01960100828661,88.12819819522977
losange,101.47626346146942,83.81264417475735,47.715867324366215,0.0,106.03397770261432,107.2283246394017,98.56498105903965,85.37354017970205,79.25772676044983,70.67373124686029,78.14697285826732
isoTrapezoid,52.11172059358448,88.12328497154289,99.11124235103597,106.03397770261432,0.0,54.788639129711456,50.29761030976464,91.76450338944818,90.26306607891479,60.60879532563656,72.28908464673339
kite,48.130916569309655,70.02947305368818,93.36526901833031,107.2283246394017,54.788639129711456,0.0,39.25557029377094,87.86957479811393,85.16723461904402,78.42455046305376,95.37528962916315
rightKite,42.09035078566388,68.26852825468852,84.43166136735682,98.56498105903965,50.29761030976464,39.25557029377094,0.0,84.22515346325793,80.69491866380136,58.11769738594703,83.94059997671482
rustedHinge,71.6842416471428,62.5218787831564,73.85694974452065,85.37354017970205,91.76450338944818,87.86957479811393,84.22515346325793,0.0,23.901920344373337,77.94343041708014,86.6080457329912
hinge,66.511671446932,49.025834825932414,61.71672228950621,79.25772676044983,90.26306607891479,85.16723461904402,80.69491866380136,23.901920344373337,0.0,71.91082040178229,85.04198261705416
trapezoid,59.410828236384376,72.00079043585302,66.01960100828661,70.67373124686029,60.60879532563656,78.42455046305376,58.11769738594703,77.94343041708014,71.91082040178229,0.0,47.32964357799103
random,81.71183109954579,97.4047501578534,88.12819819522977,78.14697285826732,72.28908464673339,95.37528962916315,83.94059997671482,86.6080457329912,85.04198261705416,47.32964357799103,0.0
