,square,rectangle,parallelogram,losange,isoTrapezoid,kite,rightKite,rustedHinge,hinge,trapezoid,random
square,0.0,38.67607197185917,50.80331159633375,61.76998265306781,31.53052364167629,28.011625505535836,23.205195926410195,42.78885988996465,40.7650982620937,35.11138241164316,49.46928919129221
rectangle,38.67607197185917,0.0,31.477239854451057,49.633685563615025,56.939755353869224,44.30841230044813,42.915933205701556,36.57248734737878,28.435709938797704,44.54150130366187,59.938025226856055
parallelogram,50.80331159633375,31.477239854451057,0.0,31.090502185003675,60.92694654956647,55.54974582093886,50.796966741907205,43.0545573511143,35.90273650619008,41.106293743517554,54.87565189023997
losange,61.76998265306781,49.633685563615025,31.090502185003675,0.0,64.87055944633576,64.04189857210761,60.14128111406725,48.99701084845686,46.016478115543514,44.14568390460185,47.0799291812532
isoTrapezoid,31.53052364167629,56.939755353869224,60.92694654956647,64.87055944633576,0.0,33.86586851934652,31.063753848709837,56.451948825135226,56.483477031067146,37.44015652904948,45.13747702775997
kite,28.011625505535836,44.30841230044813,55.54974582093886,64.04189857210761,33.86586851934652,0.0,23.299171605855307,52.52692302611567,51.491286974284556,46.154303291248006,56.73707786034002
rightKite,23.205195926410195,42.915933205701556,50.796966741907205,60.14128111406725,31.063753848709837,23.299171605855307,0.0,49.697179156063555,48.125844341924996,34.954003024496814,51.8533871433226
rustedHinge,42.78885988996465,36.57248734737878,43.0545573511143,48.99701084845686,56.451948825135226,52.52692302611567,49.697179156063555,0.0,13.925484177633612,45.82543587062015,51.60507937544282
hinge,40.7650982620937,28.435709938797704,35.90273650619008,46.016478115543514,56.483477031067146,51.491286974284556,48.125844341924996,13.925484177633612,0.0,43.04642372349762,51.95822812128916
trapezoid,35.11138241164316,44.54150130366187,41.106293743517554,44.14568390460185,37.44015652904948,46.154303291248006,34.954003024496814,45.82543587062015,43.04642372349762,0.0,30.96252467217812
random,49.46928919129221,59.938025226856055,54.87565189023997,47.0799291812532,45.13747702775997,56.73707786034002,51.8533871433226,51.60507937544282,51.95822812128916,30.96252467217812,0.0
