,1610555604.25mOvVXuL01OCiReyVWBfesjuvXmB3MoPy,1610555605.43B6oDsBtWRQ29Q9UMQuTUEPZy3FSSWXzc,1610555610.92HPGJJSmyPM40z7otPBgHalNrHFA7zk5d,1610555606.68LaSQbm9EHAFycEfFtEqAwYqlBsQPjIRW,1610555617.19EKxMEwDHfXiEJZc27TsGoERaD6Da4BZU,1610555722.52PJ3FD50MGhRXyUD28vluU8Z9UjLJLZn4,1610555617.52Ijr5puT55g9apK8auM7zaxa3NANg502t,1610555638.77ZLjTLkz4jYJdFMI2wWBztzsDILkoOtAk,1610556912.46C7tJPLF0XfNnm8f1820X9aLmXMHoc0Dw,1610555617.51LjzIROg0aeCP2GhDcAVQ0LipKJB9jmKc,1610555608.17OpjjHobqRkX0UPcaXrbu7K6L3805SZri,1610555721.82zWeNZfGUUfRJkgnAwlP8VMhPzXctnSd4,1610555735.75bom85BDF0C7W2eIseHeMxi24qR68nzMi,1610555735.77NnT5xqKnwcf2BbjIekeb2arTQj6QMNwk,1610555638.33wjf1PhdNaoWfbRzXVn50hmFyB5bYAiLV,1610555606.65jCE4ig8Pu8kvAzkxnSGfWsV0nQBjCf8H,1610555608.18ONsBCVo1i7BrX0XG9stct4oiA6ejX9Oz,1610555721.51RNoQUMP19FTMS79BmA3JkgSm2IC2AQuQ,1610555971.86O0cHB2ibBJ8jxoObg01EpGe8VVV5mpwn,1610556911.51zU3duZSGpcw1BDNsBLxdOCITAXwl6z3i,1610555988.71dMoYT8250UHHJGxgmITTmbHe7V6gH1yU,1610556042.81mlUZsSp7gbGjrp8jQSnybT1gPy6e62o1,1610555637.02UBW5nKvDyUrKnaWcYRGajZPxTRDS0q3N,1610555619.13oUYNikU4facCTpUSiSLr0vPI0tJLnXiT,1610555721.03nzkucfjAUh31zTbmCVvTVYqtjoxZFnBh,1610555722.67fhKURdXVzRbLIjXmjRwdJHTnE7PWb1AE,1610555638.39J2ZWBLuLTHP0jOlzB4tNHmYeijH5g5YJ,1610556032.17Q6yCDx9g7alRnL9jBFXD2JhhUyB2hKfJ,1610557007.49MyVgDnuUuBxrvL6SGOdhKf69VYlW1MSm,1610555638.44hjT5hbYdKoE3MB6hijrjqbjmLgvCUYKD,1610555608.13zUvmFSCRt6SsLbhqFznMEvGx54GPGQzM,1610556038.62a5C4ynd1AARyAhTv8a58NCqHvXRjscqH,1610555644.45Xse8u7pusHNsd7F3d0A32HXvXr6weOJE,1610556038.62gKXOCG7XCn55eJvyl5voNjbwOW0znQDq,1610555987.13v0oleKK97pkesp6oMgprH8SoSdoDVdIO,1610556964.96ZLLeiQW0qpmxhPGTg7K03fmzkqsC2bjC,1610555987.13VQlEedQ50VvkPMEMzZDv3KNnQCewykN9,1610555982.186TY6MMGkDecIN1woW6vsfAMXVV7jnyjO,1610555982.673LuMndkwkvdmZOn0MmE2Pkidx0FtNalb,1610555733.38zItcuH7gHNfKdALR2d9Nek6bxCyw36Vm,1610556034.15BQxSbZINGCay0yp6RBVlgcPrw76Yn9ON,1610555639.37BPZpgtGml8qUsh9AdV4m32jPLfI2aNFq,1610556965.57S0adAalhWYe6K3bkZU0bRHbqnDK8gGkR,1610555983.54zteLPCMjyrjzPdhHhlZr3faCgD0TfYr3,1610555987.79rHnNRmt9a0ufmnwCvZqBouyUoZDNpylW,1610556960.041xWER61rmArlsKfiMl4frikWmUCnQ7op,1610556035.13a7NHZDutfTMJ88qle1gTYY59Dr4WmMsj,1610556890.456ZBDaY16bMtrTZTqAgHl3wq1tRxzqDow,1610555760.24e6890pkbyZ97Or6croI1rQgjkSsR0yVt,1610556043.02YpWMIJg3W004iqlPyv8OcVAZdSC5rNYw,1610555987.03z05P26TLtONYM1HSzupoc2CeNMa6HTqr,1610556032.15OYCzUxpsz7b10AXBAuDXrvEcvxFhf0M7,1610556032.63Z80yI9pNwS3jSmsDABbuhf8wkNa2Ze9y,1610555736.28eGuESasTXdR3SqY6pHhEXWZtcdciYLCO,1610556034.61bebeZA0MkaFG2sm3VKiqrxeqQginTTW0,1610556944.5XwXOphKYT3ZkWA8gViqOS97VHVuMVUqb,1610556944.745UVLFBzf7fPh4UH37I6tYQOFPqRDytEh,1610556034.63XsUwaFaPZevO1JNFjfhvY4aKNFnV4noV,1610556964.89xwBHw9faT1HjQRMNQEyA4qJ3hWkwgj3k,1610556966.74DydzH91jtyvRyYau47JpVkZoMRSNTt01,1610555740.77UueVziDbaXyRR4OcVJIIZyzOfAzN51bj,1610556046.84e3vwjyRCzqz0wJQhrk8zsxlFfFSv98Df,1610556137.99eoPuVrDThKAOvmeprLPb2FWRqIhzUodc,1610555740.73XFwSrmTXJPlaxGZSefh0jOVA8PI3III1,1610556123.88AOfNaz9jSnqU5Czc7okOv1RCrYfKFBTo,1610556046.85nB7NvyoYQeLcOV391Lmmut1wAM8CFGLw,1610556123.89H4pdIAzDthI7bMXMhlIhKUYIQIvtmPPQ,1610555740.87GOYQUJKpkynIS2lFqppYK4b32ol7NeGh
1610555604.25mOvVXuL01OCiReyVWBfesjuvXmB3MoPy,0.0,47.62215223857078,29.5171623024892,43.76374498121276,39.024510447592355,46.5978732893718,41.7652075698524,34.69324810549531,30.515191037315116,37.56379151725727,48.30408076596922,44.65819208078093,49.23187004690729,43.84684100877393,54.51316916616097,42.77605115581151,47.18662709847095,51.60582848956412,35.23614834958577,45.330724874007664,49.267465439774526,50.93498406436637,46.603713855247896,33.90695536,49.12765610331027,42.263294514865024,37.81038475472737,42.41004491189523,41.269240406267805,35.57507109955631,46.35581693939489,45.94080080761103,42.135549740074005,48.86800689848581,45.66999285917136,44.160194202473384,49.49667715788396,40.87614025223128,47.72782832902095,46.41880221514465,50.11910637221835,53.37886096539456,44.90239640664357,38.39351735341856,53.932415948381006,51.91528625283144,47.09473709787582,38.915581049748134,43.19530335946492,50.742569130866634,43.63320709695239,42.831324238889444,41.52058408520782,52.69029058795743,44.07073488732856,41.625098680565834,41.59881381929551,41.081467153594666,47.88335645860449,42.049630147302445,50.21981172263467,56.613039502629384,44.62615944788867,51.061066630421465,43.268649933934746,51.20637017174077,49.18103714853023,44.75775927040877
1610555605.43B6oDsBtWRQ29Q9UMQuTUEPZy3FSSWXzc,47.62215223857078,0.0,54.30472977489359,42.9066368091794,53.134383339031416,57.266721408264594,52.90843250044512,56.146722871306736,51.27072957302177,50.09759345683462,44.61530380128514,54.60282759337484,50.674357765231996,57.78692093763263,52.22050142270366,41.699411553452585,47.78045734522613,43.67243442052919,51.43431541128275,55.60115751219744,54.083998601253874,53.70673468589719,58.1512117534608,56.52740644032028,51.44562954038967,52.769559882707476,53.670230001426035,51.44228196034015,46.27867441697778,44.23193535198321,53.600404272207236,55.15832157291129,48.00413574751633,52.26505289754361,49.112453302965996,46.25505250045316,54.93014755921305,45.17800035659303,43.493563218312836,52.795596940753,50.40712143007142,52.04687291497351,53.612031271645606,46.55815234387625,47.50200078501778,49.38442424042443,55.01224645250729,53.10321421824763,52.595712785333745,59.31345840493041,51.44111943909171,53.59480086775934,49.21522517622124,52.7818837794869,49.77217164989482,49.60945747349435,49.249362039155784,48.49745154478457,54.58074496631134,44.7873883411114,50.68376299253916,57.77192344484025,46.96722045807277,47.34666554838325,52.25497828964835,51.897608727922474,58.73298098286461,48.52767036653995
1610555610.92HPGJJSmyPM40z7otPBgHalNrHFA7zk5d,29.5171623024892,54.30472977489359,0.0,49.38664714906434,43.369663754024366,50.935168673038135,39.902474348185514,23.33696030876684,35.19765840627664,46.94571193597551,53.22985878415282,51.60856814006781,55.86341139073643,42.592357625265414,60.13497014732291,49.489011206246936,51.925079287887755,55.936283583933154,40.68531944038684,50.37009312065007,53.696623067986685,55.321705595266145,52.21276905698468,19.140463427192287,54.53933605494047,47.14872353785661,42.161610440186266,47.306665512795774,47.98229572527428,41.22198370157768,52.50560745512632,50.203664123232635,50.474062326364724,53.82944304804814,50.56903749163278,48.908776839483416,52.16381114625959,48.3266556684859,54.25169580882363,50.284963512932976,54.03362402091743,56.76168052525672,48.2190788946713,45.777991031255254,59.29783500358837,55.83900661029628,51.33528176258379,46.824367973650645,50.2429627703195,53.687131287976385,48.11401294195943,51.02148427974424,49.55109394187623,56.7868487564015,49.29879193028681,46.88159465849362,47.93424471016665,47.4802145464697,50.99411853662698,46.31022640315246,55.643625886650696,60.469791385303346,50.25320648410341,55.47677549783784,49.871432151296844,56.381700968386184,52.34576794324233,50.26367223967777
1610555606.68LaSQbm9EHAFycEfFtEqAwYqlBsQPjIRW,43.76374498121276,42.9066368091794,49.38664714906434,0.0,45.34245178208864,45.08054300121036,51.12199410886489,53.28477206752308,43.2859245009337,48.325376634700206,29.851463655700755,48.74850591447921,53.59729742972164,56.77518733212248,52.58403653928208,39.870026229401745,37.814672702179,45.89269142146283,39.891648758928156,50.18459914707689,44.6998907519969,49.82307862368851,50.814415481688556,52.885780233904626,45.95037769207665,39.11189560170176,46.173887739823556,43.92382928011709,34.31398404253453,43.07654335067211,49.11807185842343,51.82049545793866,49.01868551501239,44.08769056957526,38.39133779650131,33.76483667050181,44.885275356954644,38.7697453008463,44.2666437749672,43.501213745524495,39.4073074419307,42.114839770583224,39.94880965493068,36.791560591301504,42.110153571199426,35.52452165433849,45.391686764101934,46.8264740992841,49.37603633774097,53.65799999277401,39.94065188039878,50.299821979633265,44.880801217241896,49.24954287310343,43.605641269765286,42.129509928607014,39.24321804800212,43.04360636948652,43.533254253896565,34.8172348805961,44.942262196958026,53.48026050434576,44.08762393226585,44.5152808346456,45.82252738124973,48.45578684647154,53.269923643137034,38.78100358471593
1610555617.19EKxMEwDHfXiEJZc27TsGoERaD6Da4BZU,39.024510447592355,53.134383339031416,43.369663754024366,45.34245178208864,0.0,47.28727749107282,47.22294211150716,48.02228483138684,32.31988776531572,48.80410152922896,50.64495323097369,53.21800217907333,57.946205659427825,54.01260783134893,57.88406508818436,48.988546101970854,49.1678502316642,54.218418581341474,40.240479110872954,50.082941718649614,50.692579855386434,56.16922402097225,38.81233638274099,47.11913070427154,51.24539787122495,43.48062494130991,40.724216434355505,50.40100105168236,45.2436244989136,43.12609358143081,51.807547690047194,47.536155890108205,50.86267320123565,48.247484359955145,49.452369207855384,46.03106082169846,49.298333127170345,45.254853761995285,53.1238714581731,50.96053402696078,47.380154430065566,54.59145378535902,46.64403540612475,42.41195473827251,54.92429485071549,54.30858847281449,48.384856633045935,48.06552417892498,49.31722862012678,53.98795522690372,46.883374861229655,53.10814413193539,48.913707355061796,56.43972926048596,49.4250073937427,41.956214802601004,42.52396163422945,46.86891055840461,49.528690113237325,41.842955618239145,53.912767225915225,60.17807017505042,48.792344892311746,53.961885386558116,47.68449867395822,55.61175278432978,56.33307389774443,48.29484864284141
1610555722.52PJ3FD50MGhRXyUD28vluU8Z9UjLJLZn4,46.5978732893718,57.266721408264594,50.935168673038135,45.08054300121036,47.28727749107282,0.0,54.2977111840662,54.82924681164822,44.28736204980185,55.190184571966064,51.20051282063575,57.03364400732288,61.74333470072709,59.78366206553311,60.935187101841144,53.586547571781566,52.31681845832842,57.14023005274363,32.77750537854399,57.68914613083103,55.75814312801942,58.447943560453076,46.339878556435885,54.33249045124497,56.14985352374895,34.58839515875935,50.94882612813215,54.192190939503064,48.15046456924539,48.8912124480353,58.75023887543173,54.43403767734938,57.829102130216675,49.01277397315911,55.582884645620894,50.91605897176879,56.58536292693686,47.92602747909551,55.31960406543611,53.30522736362564,53.686469863727936,57.112621722387566,50.46633920825762,47.07746945080325,59.79774649858044,52.21882160215387,54.160567133894354,54.29577805893853,57.8865888930782,60.05989484545805,50.315126399199215,54.99076586969399,52.701171029881344,59.11149261875067,55.63558441699597,43.87590166943775,49.422250068319556,51.618248325290615,51.47906594324388,46.62571349404415,56.43566755377989,63.44927657623827,55.76621608840749,57.017695203012195,56.695879741564234,58.277820772703684,59.63119178133961,51.6043123786806
1610555617.52Ijr5puT55g9apK8auM7zaxa3NANg502t,41.7652075698524,52.90843250044512,39.902474348185514,51.12199410886489,47.22294211150716,54.2977111840662,0.0,43.076015457277975,43.520967739170466,51.17014630394817,53.41896103206636,55.48382953129467,59.04894619884874,40.58283286460631,59.66400841927253,51.88596798167713,50.6207371624036,55.09009932072129,46.30040093948229,54.47494385721273,55.573980289518545,56.25990116659618,55.10347181209599,41.9936165113759,54.732068611234325,50.69559990698732,49.957144657157734,52.273487328237636,49.44457755456504,38.14623220148917,55.91786868673234,53.12456882025596,53.874535931066866,54.83580082791237,52.84716965951178,49.78646647031995,55.22602379630227,49.85696877566936,53.867165680688906,52.42284477079046,55.46066613817036,57.15622536773357,52.48176876628159,48.21283122635213,58.220390894293274,54.83003564731078,54.578925211282105,51.567039517457324,52.81138619763317,57.24560859922212,51.24178141943962,53.29673544383979,51.54269098782753,58.841321451602006,53.11269610409823,49.586853084407,49.26115086156853,47.35298308495929,54.1551423914805,45.995894900222666,54.754133589329335,62.514691572869886,50.83152029853167,54.481275754832154,52.03592369284146,57.02409239268507,57.264008292005634,51.74349563783068
1610555638.77ZLjTLkz4jYJdFMI2wWBztzsDILkoOtAk,34.69324810549531,56.146722871306736,23.33696030876684,53.28477206752308,48.02228483138684,54.82924681164822,43.076015457277975,0.0,41.27667070960026,49.556506760601174,56.84061004516858,55.88975433557675,57.83084171124713,35.560213826400535,62.002847383991806,53.01374268812573,55.845262119545474,58.73559827536391,45.653429536269805,54.98308021933463,57.585820808101445,59.085570398535175,56.36047003873446,9.151600602037819,57.971824275735074,51.040124493595364,47.02850723647029,51.872576944614856,51.95285065172172,45.636848998205586,55.321622529361306,54.00573608827378,52.76550271223677,57.39909864530962,54.77033142487189,52.87202062424815,55.421997341876825,52.21157454721557,57.01710103222977,53.83604866907961,57.502215473291244,60.17873987371462,51.893017702161615,50.262348702997414,62.293864924109435,59.6015149215691,54.84874409896995,51.21453045891948,53.82812364456756,57.06442550634484,52.15944570749654,53.49112544807552,52.49569933734738,59.69331213147989,52.91842323984526,50.726911373961016,51.912881903057425,51.98954550509914,54.79918875117826,49.54788238796239,58.289449790573904,63.37439576195734,54.334290926748956,58.23571796093168,53.577959849697656,59.47718560805759,55.44714531725325,53.45720616262886
1610556912.46C7tJPLF0XfNnm8f1820X9aLmXMHoc0Dw,30.515191037315116,51.27072957302177,35.19765840627664,43.2859245009337,32.31988776531572,44.28736204980185,43.520967739170466,41.27667070960026,0.0,44.82604605730903,47.88147985729749,48.25823314020555,54.35733628110836,47.92433141970516,55.292364706357546,45.8910344482797,45.85826917845918,51.391005767390375,32.92921235448136,46.76607417813134,47.55493011079508,51.90943950613258,45.598328424778394,40.01881227392891,49.953025660980146,38.92085973121108,38.414408222891076,45.22583405368671,42.781842410064925,39.649093985611415,48.85847021393368,46.98914944408293,48.28360372510141,49.18820965296257,46.9978210935342,43.11110646094411,48.44322719195089,43.65842146973965,49.90848211886279,47.030468452853,47.718527959789164,52.29850498702604,44.37495464990059,40.320434966860304,54.38051641608187,51.35490577025429,46.220210593133125,44.07622548344665,48.04912692171282,50.728577325933955,43.18984046532481,48.19349420671808,45.481543345165,53.85104541488904,46.70232938905715,39.42528170497873,40.77846724532346,43.714452674868085,47.28618593982985,40.284391182374954,51.015220726632286,57.12722081742737,47.53732149984505,51.35022430809887,46.2821296718371,52.50689217799716,51.20005292206592,45.71710001522937
1610555617.51LjzIROg0aeCP2GhDcAVQ0LipKJB9jmKc,37.56379151725727,50.09759345683462,46.94571193597551,48.325376634700206,48.80410152922896,55.190184571966064,51.17014630394817,49.556506760601174,44.82604605730903,0.0,52.18468113227075,50.74982999303705,46.45649648644239,54.909950342063446,58.9848517085257,47.32796819216178,51.84466196547763,57.04366965957525,45.9886277917276,46.92197182501803,52.00294013478017,55.1622152288161,54.13697827260173,49.45742999683611,50.0702569538177,51.25126636234193,47.42177089746837,46.74756645532002,43.199077617728655,43.65892106043876,51.72543338045755,52.00972312174864,33.375208539591526,49.40666482049817,48.38340297392215,49.5317941890676,53.470222138417206,42.21208858606353,48.67459356189313,51.04936097400871,54.93271006294316,56.887695886600426,50.46688265708527,44.899730233809514,57.569927589790076,54.852606023792056,52.942053007604294,44.84507413245748,34.87770547619463,54.10921958581162,49.20519248734985,49.63987233042535,42.85081086004941,56.68625876940689,49.70113571676198,49.42621636918552,46.66318810920572,46.695399264932654,52.40278859887715,47.90603602806873,54.204637237468056,60.714563586241376,43.578200074218294,54.79314229067821,42.184352003983626,55.593926131688306,52.18832596600708,48.939619896480096
1610555608.17OpjjHobqRkX0UPcaXrbu7K6L3805SZri,48.30408076596922,44.61530380128514,53.22985878415282,29.851463655700755,50.64495323097369,51.20051282063575,53.41896103206636,56.84061004516858,47.88147985729749,52.18468113227075,0.0,55.59053836223779,55.861289217516,59.23879842973995,53.20627155271416,43.76697068755454,29.787984300278964,46.69413667688271,46.96754831203162,55.045369065612846,49.645420745457756,46.40092067974557,56.95229557271394,56.65606622781506,47.25328221431588,40.73457865149716,51.42312634528194,51.423270154163966,40.558341820874084,47.1103322630941,52.479439195448464,54.4933021171956,52.76041236508943,49.54274102295727,45.47279639582603,40.73044088410974,49.15768225340795,45.51240595750985,46.960288376572954,46.350846115894434,46.568530241496134,40.34673257787422,47.16437872689508,43.70189891438082,39.84915102592201,29.99960000430815,51.07901839207769,52.27982126106787,51.930830779491096,57.552239452110385,46.81474280704065,52.76445908674448,48.401957245427376,49.49530066401721,46.03198763105862,48.09978568651415,39.21816579500453,45.83822797819227,49.23268838276868,40.61056505102856,45.30644951253332,51.46876514519061,47.228770054745745,43.80794014019643,49.45323354379887,45.6721785547336,56.74948940449652,40.778214302292795
1610555721.82zWeNZfGUUfRJkgnAwlP8VMhPzXctnSd4,44.65819208078093,54.60282759337484,51.60856814006781,48.74850591447921,53.21800217907333,57.03364400732288,55.48382953129467,55.88975433557675,48.25823314020555,50.74982999303705,55.59053836223779,0.0,58.3123016681484,60.083920940688394,60.448762399022556,48.97036658875346,54.67883395914273,55.86355288213255,50.586183035530915,51.886053649724,38.24713133559828,58.080902722312544,57.547316786812985,55.718414265638444,54.64788900115333,53.863324111086115,52.80930271736772,34.84372269942678,46.11538079130996,48.30982061241519,56.77523125647601,56.12147402665401,52.72829808697198,54.205699385221145,38.912088776385254,46.481911495284166,56.522869805076,48.074866355853466,53.224152640020684,55.24879622303852,55.16349454870871,56.68984124960662,52.72311041782208,42.29023544051619,57.26343987019159,59.129355392822674,51.358445427208,39.30753580614358,52.56949865891081,55.94488293705871,48.851007242837554,55.788800288249945,53.46982343737608,60.55270182268792,54.1098300477611,52.30755954546752,51.43469504613873,48.40296096282753,55.95006667355614,50.56033219403586,56.81721104530174,64.46037705360754,47.046088460006864,57.56586420925072,51.6243422278608,59.04267838822624,56.83632618183101,52.648392222044954
1610555735.75bom85BDF0C7W2eIseHeMxi24qR68nzMi,49.23187004690729,50.674357765231996,55.86341139073643,53.59729742972164,57.946205659427825,61.74333470072709,59.04894619884874,57.83084171124713,54.35733628110836,46.45649648644239,55.861289217516,58.3123016681484,0.0,61.65245723368217,61.98800074688307,51.6740287305352,55.865097536103654,57.06703432148437,54.84307826990002,56.536458013767934,59.114918904200785,58.25298648085788,61.916531331911074,58.185571561802604,58.0552603392951,57.529987316533145,55.572602053741896,54.241331438888444,53.147965715216706,51.44849250790645,57.71103367377194,58.758297426768,33.45112417551138,56.84945335749116,55.950234316852104,55.104573611651524,59.96074176708463,49.60418614217998,54.771507564959236,55.73435449674123,60.08926903848365,60.85617454747194,57.64533487247731,52.80085503004324,59.6538216915958,58.976398719991245,58.98683011288072,55.735497100192894,53.00415910860186,61.006446944907935,55.97335333466858,56.39637807074537,51.12699646423992,59.35091401910091,55.51774563334494,54.96938970963677,54.555948284003556,53.26435047616249,59.06245571823472,54.760085796928884,58.33408586437753,63.06635892913706,51.21776076045427,57.72198423186254,54.337892829427894,58.557291006585594,59.94354197621953,54.72744437396638
1610555735.77NnT5xqKnwcf2BbjIekeb2arTQj6QMNwk,43.84684100877393,57.78692093763263,42.592357625265414,56.77518733212248,54.01260783134893,59.78366206553311,40.58283286460631,35.560213826400535,47.92433141970516,54.909950342063446,59.23879842973995,60.083920940688394,61.65245723368217,0.0,63.84299622453664,56.08380951091758,58.03820703289988,59.940560731955216,52.44534536126524,59.07854692871176,61.20899854508538,62.29113682443653,60.74004764762516,38.19587191167704,61.31809444224409,55.582334619333125,54.6795399475471,56.44745165715285,55.39000139763503,48.13908306157162,58.3691894556748,59.44918617982472,56.78196784372439,60.84854312141317,58.22263153331189,55.899197694324485,59.96648733764515,55.49932402512779,59.55304788724065,58.993438839471246,61.50908823812343,62.63858663023061,57.2960237883563,54.61433200672757,63.407485813621086,61.36896054463379,59.58916343130892,56.30370924181326,57.67828631527949,62.35727883114279,55.87910990094001,56.028300447677395,56.695728043065934,63.08523390478659,57.116737661980835,55.3355114024865,55.168721313628176,55.36114042723985,58.71254423612038,52.09949985308162,59.98864808297944,66.30820393742714,57.16456154223714,59.73288535517393,57.013329763459566,61.8117368712783,61.733812478642314,56.755616381054395
1610555638.33wjf1PhdNaoWfbRzXVn50hmFyB5bYAiLV,54.51316916616097,52.22050142270366,60.13497014732291,52.58403653928208,57.88406508818436,60.935187101841144,59.66400841927253,62.002847383991806,55.292364706357546,58.9848517085257,53.20627155271416,60.448762399022556,61.98800074688307,63.84299622453664,0.0,54.42015848530732,55.1726335885255,54.553290205042046,57.03592427482292,63.36642762059675,59.46986215858499,53.96923729011045,63.35230354276869,62.295408799935736,59.23391967310671,55.532183251951004,59.32404746148373,58.39162778394584,55.16398431533857,54.481922406498356,60.355701122339916,60.997152264473776,59.52684562616987,57.96917407122765,57.28248379801003,49.8138983311675,60.44384119486182,55.068140417095506,56.68777259360262,54.790131677352946,54.13532908255186,55.16968528150703,57.306030957922786,53.17574258663275,55.75267968894682,56.17437896504867,58.18755718049403,58.02277719955825,60.937159878722404,64.23953078289381,55.518388854147126,59.10715447074525,55.690238364732345,55.99073985912349,58.11375184206411,57.911851417676225,52.83060353241915,54.994950070296234,58.75319870464098,51.59439013372591,44.048828356683444,57.978495610849066,55.578228887168265,44.28353350027756,57.935633075985166,47.300935007186325,64.02208966611234,47.56402020584867
1610555606.65jCE4ig8Pu8kvAzkxnSGfWsV0nQBjCf8H,42.77605115581151,41.699411553452585,49.489011206246936,39.870026229401745,48.988546101970854,53.586547571781566,51.88596798167713,53.01374268812573,45.8910344482797,47.32796819216178,43.76697068755454,48.97036658875346,51.6740287305352,56.08380951091758,54.42015848530732,0.0,45.671243085407696,49.27969764751549,45.91792803374099,49.44952725300475,51.46970926952248,53.08475323512235,53.7310693983295,52.93350954757483,48.16341600692239,48.510964582466386,48.782185334501854,48.78121489125,42.903190039487754,41.29480517718783,45.78850222689524,51.51494610661698,47.14021788534678,47.993891388857016,43.87771332320941,40.14312782741267,46.87655291669041,35.382366576077395,45.3362535875145,47.86666866455348,46.43638082374939,53.708757535279766,47.482902164892074,38.16734848849005,42.374233392269126,51.640884775227526,46.866526219467566,45.562733651156734,49.024694645346656,54.121047613848035,42.44544497951347,49.405883467612774,47.146592815756534,54.22883120406648,40.15628111071383,45.6704597465174,43.848590502934805,40.612327553108614,45.98302925920888,42.86636697844081,50.595376966553104,58.690434308685816,42.64247111433666,50.26315992381136,45.49061292961097,53.68692771245759,53.35897298303425,46.552458225296995
1610555608.18ONsBCVo1i7BrX0XG9stct4oiA6ejX9Oz,47.18662709847095,47.78045734522613,51.925079287887755,37.814672702179,49.1678502316642,52.31681845832842,50.6207371624036,55.845262119545474,45.85826917845918,51.84466196547763,29.787984300278964,54.67883395914273,55.865097536103654,58.03820703289988,55.1726335885255,45.671243085407696,0.0,45.55688430981179,46.40914546668975,54.06688904775711,49.070261503813,46.75782005059188,55.75155562569838,55.55027909708033,50.26223655840547,44.10925829636319,50.527587283835715,50.85637169363315,42.98199919108131,45.272902205516814,52.48288209138068,53.32840990902409,52.318625114458506,50.21531842305118,47.20732772825601,40.862733745681716,50.48914791637999,45.356524092137136,50.022590005923256,48.57295824284769,47.557614072850235,41.17043417398932,47.970414666024155,43.08657303883132,42.16172273659619,39.10940176555776,51.674387042764934,51.76931620532081,52.20357494655446,56.74032897662706,46.8158812830761,52.66886550449348,48.49389451329539,49.792969595027294,45.68772665783534,47.719348414806234,39.81750466792452,45.20920537695302,50.05758947817885,42.11275326669982,45.54724614886467,51.727467908,47.14701910446278,43.37130445265156,50.089958451926535,46.884028678524494,56.733337221205666,43.53119320949699
1610555721.51RNoQUMP19FTMS79BmA3JkgSm2IC2AQuQ,51.60582848956412,43.67243442052919,55.936283583933154,45.89269142146283,54.218418581341474,57.14023005274363,55.09009932072129,58.73559827536391,51.391005767390375,57.04366965957525,46.69413667688271,55.86355288213255,57.06703432148437,59.940560731955216,54.553290205042046,49.27969764751549,45.55688430981179,0.0,52.654806195695095,59.25362274860246,53.39393621567488,52.24923796847349,59.268398984895654,58.77476346693791,56.674566820562845,50.036137488787766,54.32155189029656,54.28784956352962,50.9905555426571,48.46052277394062,55.0258248747801,57.66820457380753,55.67175135388261,54.4917115644823,52.899697406050215,44.904786663033605,56.619350169613796,49.559877349161816,52.57965519603281,54.38583384992014,51.12773004823527,50.39699461244759,54.36299038720111,48.01971039722214,46.20202248474438,47.623435200853265,53.55895110229403,56.14685783541961,57.985972525675066,59.59885781418169,51.71152547942049,56.53770141349333,53.53615960978054,51.54360480662625,52.4453735253995,49.3183468274454,50.56255524491456,50.026725136891834,55.34059046900347,47.773382764383044,49.99273462246927,56.24771144268229,52.68136945621395,48.45798720173739,55.923409820565766,50.56968680235408,61.00499804274762,49.4159764295637
1610555971.86O0cHB2ibBJ8jxoObg01EpGe8VVV5mpwn,35.23614834958577,51.43431541128275,40.68531944038684,39.891648758928156,40.240479110872954,32.77750537854399,46.30040093948229,45.653429536269805,32.92921235448136,45.9886277917276,46.96754831203162,50.586183035530915,54.84307826990002,52.44534536126524,57.03592427482292,45.91792803374099,46.40914546668975,52.654806195695095,0.0,49.95987418469687,50.13558724195466,53.432427909495736,45.99666417194518,44.5474602252141,49.44766388565137,36.44399617153159,42.88677541856326,46.71603369482766,41.11317253256394,38.71957718906239,51.351419156335275,47.49417800660542,49.84386200901003,47.20670890368495,48.22180586129239,44.671789075196074,48.52572134508058,42.343322063660054,48.54382362871213,45.56647120601054,47.64978557436566,53.00244985554627,42.565915988919386,40.51792610558034,55.20271465443,48.80449175699143,48.26070440025259,46.67446279236179,49.831399884894495,53.221131398208506,43.48979699544006,46.79976078151466,45.56750077901333,54.047947025563666,48.102349644469236,38.38373669729669,42.40721136253702,43.84259614281889,46.65747793719797,38.76127093363336,50.89244587535136,58.66173560356412,49.23808493563079,52.390812999269954,49.1952677161928,53.76544860028237,52.11172206513542,45.00826947942943
1610556911.51zU3duZSGpcw1BDNsBLxdOCITAXwl6z3i,45.330724874007664,55.60115751219744,50.37009312065007,50.18459914707689,50.082941718649614,57.68914613083103,54.47494385721273,54.98308021933463,46.76607417813134,46.92197182501803,55.045369065612846,51.886053649724,56.536458013767934,59.07854692871176,63.36642762059675,49.44952725300475,54.06688904775711,59.25362274860246,49.95987418469687,0.0,52.18636884922577,59.86983577219573,54.27937994798,54.12269709034339,56.17225186739989,54.57758610366957,46.37494305838756,47.631084439866456,45.816461632004376,49.79784576010942,54.321659378871985,57.31064722426904,47.89660029714695,49.08554847207646,47.377983318438915,48.05495342335585,53.40251054231872,44.27902564503908,55.85536099893212,55.09144816062155,54.61097734174723,57.611473457608106,51.15615227126233,45.53397831032746,57.25347028872713,59.21478345404725,49.866311679770575,48.52843498135565,45.84283940757249,50.64672984745895,48.33280940991879,56.69426961493908,51.06386437877143,59.41456429325614,50.465095637602495,52.90913725070177,51.04947872647355,48.417044650375516,53.40989819834463,51.378804722898764,56.5011760525123,64.38824708292995,44.08637776761322,57.85424169047294,41.43615406789343,59.63093569510321,51.87737079216125,51.80526251700319
1610555988.71dMoYT8250UHHJGxgmITTmbHe7V6gH1yU,49.267465439774526,54.083998601253874,53.696623067986685,44.6998907519969,50.692579855386434,55.75814312801942,55.573980289518545,57.585820808101445,47.55493011079508,52.00294013478017,49.645420745457756,38.24713133559828,59.114918904200785,61.20899854508538,59.46986215858499,51.46970926952248,49.070261503813,53.39393621567488,50.13558724195466,52.18636884922577,0.0,56.39682181135652,56.86551308645647,57.21815514319533,53.390629578494604,50.844635636592095,53.13018619093626,35.4111489430883,42.798719183100225,50.1425660463466,57.707325360811595,57.39201422281059,53.03180352587581,51.64225304811684,38.063476116321795,43.102083726177256,52.93648422746721,48.63735389089325,53.21276769189902,53.33697994563488,49.374120435044034,51.12967852384991,49.412097208985685,44.1644542145905,52.817848399938526,53.08817210351082,49.34051105630726,44.98228785925886,53.044565453442786,54.36708533542252,45.67216168881319,58.330808756916845,52.62129884601262,58.91120619187372,54.40322525013821,52.26277432363652,47.61307201257747,46.525728834661706,53.21995469466945,45.87752207782411,53.84376960098859,61.75394774576788,46.743385488930194,54.2510244021166,50.51122208373246,56.319623771678785,56.65742375191556,50.05064148448323
1610556042.81mlUZsSp7gbGjrp8jQSnybT1gPy6e62o1,50.93498406436637,53.70673468589719,55.321705595266145,49.82307862368851,56.16922402097225,58.447943560453076,56.25990116659618,59.085570398535175,51.90943950613258,55.1622152288161,46.40092067974557,58.080902722312544,58.25298648085788,62.29113682443653,53.96923729011045,53.08475323512235,46.75782005059188,52.24923796847349,53.432427909495736,59.86983577219573,56.39682181135652,0.0,62.33544061758596,58.972012175369365,56.706561884446565,51.517224582918885,57.63418633355216,55.15972087080469,51.832376825398754,52.31639629656326,59.55606598258744,58.6621079736985,55.994458878098136,57.094348020263645,54.80225418071991,52.14510411146326,57.157227857074446,53.62265626474714,55.53723503277856,49.61923615350134,55.64593807274907,48.02763088403426,55.57031549216476,50.78507729152849,53.579896477441615,49.286797239811214,57.40212089641506,56.76855012744265,57.26148094732523,59.95069235738832,54.59616177939721,56.61953913712067,50.900699171765886,50.46941751423885,55.34584458623445,55.315806411778205,50.081919834517045,51.63561915253593,57.90418825491047,49.39753515718047,48.03099393830312,46.14542421430768,53.88696933193135,47.37411597070062,55.85301914601787,36.765545968857325,58.638376024691304,45.10956663947603
1610555637.02UBW5nKvDyUrKnaWcYRGajZPxTRDS0q3N,46.603713855247896,58.1512117534608,52.21276905698468,50.814415481688556,38.81233638274099,46.339878556435885,55.10347181209599,56.36047003873446,45.598328424778394,54.13697827260173,56.95229557271394,57.547316786812985,61.916531331911074,60.74004764762516,63.35230354276869,53.7310693983295,55.75155562569838,59.268398984895654,45.99666417194518,54.27937994798,56.86551308645647,62.33544061758596,0.0,55.90718877673911,57.648129909311734,49.30154900521242,47.26660389651887,55.26534457005517,51.248470174959735,48.31073490330367,56.78792561828159,50.22318864108596,55.55302988576823,47.457254381697766,55.975279183208215,52.294119804092496,57.02261027289008,46.5275448276315,58.60863295321474,57.96059584712326,53.31430957527619,60.68444768434488,53.72535358577634,46.014542560632435,60.55334167986945,60.316288554304414,54.42486186278489,53.519899972375924,54.39095318307464,59.21306414570593,51.092321097405375,57.057258798981664,55.368323840302374,61.46129189597829,54.138811435217434,45.15444282494323,50.78734586927008,51.819791000971534,53.23673321620875,50.24993739578744,59.72344660537711,65.474518573659,54.46482902799776,59.928608527479035,53.701319359275494,61.16347709408019,62.04556118217059,54.51260296315262
1610555619.13oUYNikU4facCTpUSiSLr0vPI0tJLnXiT,33.90695536,56.52740644032028,19.140463427192287,52.885780233904626,47.11913070427154,54.33249045124497,41.9936165113759,9.151600602037819,40.01881227392891,49.45742999683611,56.65606622781506,55.718414265638444,58.185571561802604,38.19587191167704,62.295408799935736,52.93350954757483,55.55027909708033,58.77476346693791,44.5474602252141,54.12269709034339,57.21815514319533,58.972012175369365,55.90718877673911,0.0,57.8817442118228,50.77599042343953,46.119587068622224,51.364939945121,51.42677987927896,45.069659938224184,55.09057188840824,53.87834315526309,52.992867897298424,56.79313109376697,54.06403068980091,52.2808965934807,54.3810123424877,51.865392504877505,57.17319217295532,52.969659183763696,56.91546865800604,59.89315524680696,50.96074423070195,50.0313504562708,62.29540897497623,59.15047334130673,54.156239418570934,50.878959898072516,53.38641011230456,56.57619650000258,51.576588926569606,53.80686496136476,52.09941772853272,59.63294228531376,52.233231529282364,50.324564550666196,51.675549280987624,51.698582210289594,54.0970692386761,49.25043678298002,58.19430811835442,63.42217111969112,54.00173131626802,58.309314046292336,53.04200034830536,59.481592692812654,54.96364109563117,53.21119740353253
1610555721.03nzkucfjAUh31zTbmCVvTVYqtjoxZFnBh,49.12765610331027,51.44562954038967,54.53933605494047,45.95037769207665,51.24539787122495,56.14985352374895,54.732068611234325,57.971824275735074,49.953025660980146,50.0702569538177,47.25328221431588,54.64788900115333,58.0552603392951,61.31809444224409,59.23391967310671,48.16341600692239,50.26223655840547,56.674566820562845,49.44766388565137,56.17225186739989,53.390629578494604,56.706561884446565,57.648129909311734,57.8817442118228,0.0,50.70678545402109,54.59945693977607,54.23982915922495,44.61520605043467,48.9924395296637,57.96737473883491,51.084035900768555,53.324403531418874,50.22072655857637,47.997832450726946,49.495874893816406,51.9819098252196,46.59510982002536,30.483867812289425,52.470982130220065,55.16081511923307,53.16806619707885,52.08371512292134,45.59855180211028,53.22436388848114,51.92207516350537,54.21392708960783,47.92204191192007,50.34314921373255,58.178049898950775,50.72583826988009,55.52370341471083,53.02451916874203,56.75955261195766,54.72443609797392,49.388427341847496,42.18851072928914,48.831756535857124,52.89223221887088,43.54298104067407,54.309746994414006,61.44814489456814,49.408584205537764,53.14792024289772,51.54390686631999,56.976475959036776,56.21547963097955,48.97359982550577
1610555722.67fhKURdXVzRbLIjXmjRwdJHTnE7PWb1AE,42.263294514865024,52.769559882707476,47.14872353785661,39.11189560170176,43.48062494130991,34.58839515875935,50.69559990698732,51.040124493595364,38.92085973121108,51.25126636234193,40.73457865149716,53.863324111086115,57.529987316533145,55.582334619333125,55.532183251951004,48.510964582466386,44.10925829636319,50.036137488787766,36.44399617153159,54.57758610366957,50.844635636592095,51.517224582918885,49.30154900521242,50.77599042343953,50.70678545402109,0.0,46.305372453801155,51.04061751934986,44.30056010062751,45.15463447571835,54.05050494107199,49.84428075959237,54.356491446312624,49.84899430947858,51.39982126655722,44.347805868219616,52.18847466192864,46.04782430519987,50.425917489217944,47.63458416461536,48.92282136580276,49.028247213718686,46.41681521643228,43.0962846474255,53.17789151370566,42.475190172367654,48.85094692755219,50.622994050989945,53.68924939654526,55.55629532254501,45.884094520295804,51.30554588717008,48.87928229902083,52.514791969242616,50.97125165318723,39.815017613652195,43.44770174854731,46.94210246585068,48.24866498136708,40.59975220526398,50.65030381429721,56.25723159516403,51.950995298346776,50.31592078271751,51.79163809228139,50.48834300709334,55.85460934754618,44.89550824911686
1610555638.39J2ZWBLuLTHP0jOlzB4tNHmYeijH5g5YJ,37.81038475472737,53.670230001426035,42.161610440186266,46.173887739823556,40.724216434355505,50.94882612813215,49.957144657157734,47.02850723647029,38.414408222891076,47.42177089746837,51.42312634528194,52.80930271736772,55.572602053741896,54.6795399475471,59.32404746148373,48.782185334501854,50.527587283835715,54.32155189029656,42.88677541856326,46.37494305838756,53.13018619093626,57.63418633355216,47.26660389651887,46.119587068622224,54.59945693977607,46.305372453801155,0.0,48.966960699686055,47.349215185715465,45.39120621086869,47.987707500176995,50.782994223303994,49.72633752545004,50.1068242043235,49.12723053085131,45.95647854749298,50.734953131658095,45.78439670866441,54.316719310529834,51.28526063851136,49.92877956147031,55.110155752308906,47.89387549154705,44.04439786456982,56.15707920946814,55.14974034053994,47.14015199714733,46.57168067826678,46.39778208119185,50.583251393438786,46.05239039071122,51.42128511178025,50.06965308946148,55.89557018568107,46.945020584915675,44.07374237057938,46.72408429327485,48.4106434418952,49.28215234860293,45.9078551201635,54.85649568962805,59.994601304866215,47.71411746687582,54.73090318689348,42.62584836537645,56.629819829027966,53.39874324074876,48.89640458509302
1610556032.17Q6yCDx9g7alRnL9jBFXD2JhhUyB2hKfJ,42.41004491189523,51.44228196034015,47.306665512795774,43.92382928011709,50.40100105168236,54.192190939503064,52.273487328237636,51.872576944614856,45.22583405368671,46.74756645532002,51.423270154163966,34.84372269942678,54.241331438888444,56.44745165715285,58.39162778394584,48.78121489125,50.85637169363315,54.28784956352962,46.71603369482766,47.631084439866456,35.4111489430883,55.15972087080469,55.26534457005517,51.364939945121,54.23982915922495,51.04061751934986,48.966960699686055,0.0,42.34443761510047,46.163196474559385,54.81033756696087,55.906621455228226,47.664721229133264,49.038684233047015,35.62235643039589,40.796829194524115,52.03876110428283,44.497934229327996,52.35865130662076,49.65583847944453,50.432357600952805,50.47266990467358,45.593536315328656,42.03190281233628,55.474184131429915,53.35581061202799,47.51613627638167,41.57321473018567,49.607455852654766,52.36547969465378,39.476099169529974,53.32516500315616,48.033578887449316,57.11903918032968,51.10281914074785,51.41737215506744,49.34647543607025,46.180527871073295,48.845021530858986,46.3202423309771,52.34523982000209,60.63740332230689,43.84820449267623,52.79534013003872,47.5280566266608,54.85118007938593,52.06999497931084,46.97954185927961
1610557007.49MyVgDnuUuBxrvL6SGOdhKf69VYlW1MSm,41.269240406267805,46.27867441697778,47.98229572527428,34.31398404253453,45.2436244989136,48.15046456924539,49.44457755456504,51.95285065172172,42.781842410064925,43.199077617728655,40.558341820874084,46.11538079130996,53.147965715216706,55.39000139763503,55.16398431533857,42.903190039487754,42.98199919108131,50.9905555426571,41.11317253256394,45.816461632004376,42.798719183100225,51.832376825398754,51.248470174959735,51.42677987927896,44.61520605043467,44.30056010062751,47.349215185715465,42.34443761510047,0.0,41.183816383722615,50.01077178673572,51.89883911130018,46.02271774263583,44.16557923856395,37.07233504911866,38.72824075095354,44.20018621052424,38.26120971798346,43.410932070928006,43.6185618317766,42.333891633392035,48.480416672751026,41.133018908523674,36.85229893737165,46.679816176871235,43.5779046086087,46.31310225749371,42.35676145477794,43.68913477297559,50.23915675377387,43.280497749062384,49.10998064583009,45.7155011951671,51.80670634350505,45.251563354142846,45.05194945824645,40.00914996972533,42.79789766218773,48.47589713884373,38.52079072523608,46.89794933327306,57.06063088946813,40.76978136991226,48.69287104636001,42.93615171485726,51.16943163414072,50.811388662949504,41.86784092776074
