,photo_face,photo_profil,photo_eyes,photo_face2,photo_walking,photo_standing,photo_hand,photo_legs,photo_bird,photo_butterfly,photo_girafe,photo_fish,photo_cherry,photo_tree,photo_flower,photo_carrot,photo_watch,photo_key,photo_truck,photo_velo,photo_road,photo_house,photo_mountain,photo_windmill,drawing_face,drawing_profil,drawing_eyes,drawing_face2,drawing_walking,drawing_standing,drawing_hand,drawing_legs,drawing_bird,drawing_butterfly,drawing_girafe,drawing_fish,drawing_cherry,drawing_tree,drawing_flower,drawing_carrot,drawing_watch,drawing_key,drawing_truck,drawing_velo,drawing_road,drawing_house,drawing_mountain,drawing_windmill,geo_face,geo_profil,geo_eyes,geo_face2,geo_walking,geo_standing,geo_hand,geo_legs,geo_bird,geo_butterfly,geo_girafe,geo_fish,geo_cherry,geo_tree,geo_flower,geo_carrot,geo_watch,geo_key,geo_truck,geo_velo,geo_road,geo_house,geo_mountain,geo_windmill,word_face,word_profil,word_eyes,word_face2,word_walking,word_standing,word_hand,word_legs,word_bird,word_butterfly,word_girafe,word_fish,word_cherry,word_tree,word_flower,word_carrot,word_watch,word_key,word_truck,word_velo,word_road,word_house,word_mountain,word_windmill
photo_face,0.0,143.68450166248977,169.92210069751255,151.57020522592333,141.365627226421,139.82964547539493,132.07943233937945,130.02560234956005,157.98559229036508,172.6397310982885,168.56436726604983,158.3218790573534,152.57395733391314,137.5936337263518,139.30188341846406,138.61260855180493,144.12918614693245,157.59101461797255,170.9362717373535,158.52984168907108,176.7254827683835,156.4450772980295,155.57947889092668,163.97874196896606,140.87085758782618,153.3792643094418,164.73665103810563,159.81267850885206,143.3414234026008,142.19323536471714,152.85949832276626,147.5102003680256,151.40050136213108,171.5509090081378,144.7830286518163,159.1116309687755,160.1225114552672,132.35527136211215,141.48118629618537,137.81969333541548,134.2845614719407,161.30703052487524,162.31283561504992,160.0622770282878,155.75906785907114,167.90248796934898,152.00475768855017,150.8913838220642,163.28143621280296,139.52125260312332,164.70508274358318,145.55837342430343,142.81585765302327,143.73822206954642,146.7851625725218,139.29126341352247,141.6271831407591,167.31581951091388,149.4815149841577,161.89366427821722,155.13097744887335,142.92327597528768,140.2493052571964,140.42959579938744,140.4765242571835,162.05370089839897,164.74089992836892,159.29614540940509,144.92926234866198,147.7669781688263,151.17617079700943,152.85090904481658,142.59606826034872,145.47289094741058,143.5897365376285,156.30171755179958,163.21127277919476,161.34931416050333,143.27654197700446,160.5817653986305,159.44563161960988,160.49240777996806,152.05792386028014,161.19861866875627,161.374983578125,148.5244488516305,146.58496442870552,160.39848861048097,157.1269968352529,140.2218075013501,161.6384072109486,143.0577569133811,148.31687652728993,157.39108989675887,171.45169981841525,150.48965820466307
photo_profil,143.68450166248977,0.0,170.94695558434387,156.1331445870078,159.3661908203367,161.89461337124413,154.0496495704234,157.4711407534904,168.0043907479482,171.29573461574208,176.62002783288625,170.59339886661817,164.50316926227293,155.36256760655905,162.9856039354041,163.35832670439532,169.2255345482593,169.08522697807373,178.90191136079588,171.93365873041859,180.16287335176966,154.373353338914,165.5226198085319,168.873322783919,164.01134982455588,148.42695944036979,172.34100898936677,167.54365569601603,160.9432222425133,162.51128948116383,169.55022447875888,159.35869773227984,166.60851821351469,174.21540058105327,161.27353156226576,170.85163965355636,166.10157948360322,160.08257998861035,158.2642499180678,163.86308459196283,161.35441035601548,172.36911550719648,172.75288746627504,170.09728868635335,169.17669554097142,172.9644642092761,168.5251028602561,162.66741668773477,168.96322273436013,164.71174352524588,173.5521935003927,163.27420157621358,165.18306845810386,164.2490803267475,162.64460394674703,164.4341013559322,166.24891974034048,171.02695020019212,163.8729962160896,173.31546952645638,164.31159470578618,164.52159984315978,165.88686888557766,164.1102660802416,164.6412345233435,173.44134268256624,175.57975866359556,173.15605075143543,160.87299655631304,156.864793934871,167.0289019699897,165.4517215228677,164.7877272253471,166.95797410752297,164.26277758839166,169.06439868891889,174.70344299676086,173.24346484500686,164.8972062406217,172.5120938823786,170.5178354621763,174.01809024876178,165.20848000073966,173.24933611408443,172.79807080040365,165.11547661922407,163.90560356628248,172.68076925643342,169.55910530340424,166.7340030934548,173.0345061916126,165.6113053304723,164.57514569104734,171.26491112581195,184.72433154934902,165.73951132758208
photo_eyes,169.92210069751255,170.94695558434387,0.0,157.92491916470667,172.14876953794314,176.1930113511522,167.85423070044158,175.72022694660117,157.3240718640408,163.76056060868112,174.88128933179337,156.96567318903465,173.82595311947523,175.5728986742531,178.2579737323814,173.29682725886403,183.16122688252162,157.05798733684531,165.37046310099498,161.46265916032897,142.84500877939863,177.40938953410546,159.51986751521315,181.07633293948322,174.07240255861487,174.79853859533287,154.61550358045352,165.24233752623363,178.2657668877016,175.87140934660167,183.51419687053254,182.72316200240897,160.6829191326368,168.5370505336731,178.45244288825648,161.6699606678125,164.4355197638396,171.37771480385746,174.60062904561087,177.65944031634973,172.51428206862747,157.9363570748544,164.51444863743288,160.22030808607317,161.96107191361781,156.4568447989425,165.19368142202194,176.73301222731658,180.4853551275391,176.41405000275162,155.31599054462387,181.99473494840163,178.80728332765023,179.169782651325,180.11847670499859,178.4552915493705,176.7206397437893,170.3062233916982,175.38626838100745,162.1552613960243,183.3582988399979,174.02088545624534,178.84327163883904,176.43130869508417,175.5708164922699,160.06805903108662,164.278773343321,159.3094235872329,178.69789022924851,179.51095829689086,166.87701013789598,181.35354255128723,162.57222279641755,162.80944811033015,162.88007962782223,159.19680274652399,160.1117288000666,158.41402621216955,162.85553493369986,159.06203176417782,158.2964937348154,159.2484345514523,157.28415449900695,158.58021568352243,157.37419984363262,159.84538869816322,161.00859422376053,158.49603527754422,158.62105958811307,162.37806484245866,157.28093235512597,163.0150768296755,159.78043508988523,158.93205304603535,169.68547965013698,161.7320489388868
photo_face2,151.57020522592333,156.1331445870078,157.92491916470667,0.0,157.37851184534506,163.44332183048314,148.7749260929827,160.52024245272847,153.2108225048778,163.27674088959552,168.3994357333647,163.23923773575578,162.87117672207793,160.20560807828315,165.71490165206654,163.9119340433274,170.28207923786255,164.5966601221383,172.70970683452035,164.7803869482665,164.53614434122488,160.87999952746628,161.82579117255074,172.51998192835572,158.08873100393654,163.88282570611557,169.32338087735383,147.61501973171613,163.94636327981823,162.55848803151213,172.4690141096135,166.83734254274006,160.71927153167215,167.0831529450892,166.4659872471262,167.85529291774208,164.93624727417122,158.66547339875805,161.7275619260013,168.02796794912518,162.4904001658226,168.6829491092779,168.10061100430966,163.88385546339686,165.20343277244936,165.716257372205,165.0315641893884,164.76717510872166,170.95042467784606,166.0506355176351,171.65445145285375,167.40867659792644,162.74210650237225,165.69365351711335,164.14999304430464,167.79519721869585,167.70917305857884,164.29985756735408,166.35606342534163,166.62341346921684,171.1182052729081,164.48803687715537,166.26085036662406,167.1913771592814,166.79077760848352,169.37776850324502,166.99666892651973,165.1645058156033,164.86979321831737,165.2815589197131,162.44318318789541,171.3359996718761,162.73675219372632,163.4346643793864,162.49872691072358,165.11758435230075,172.5426625208167,171.495941583295,161.7959994038432,172.76207475010057,168.84209734653808,170.12571372570696,165.0615686460715,170.78116239279586,170.89977724770932,164.34449301063898,161.08644482758805,169.64298168184285,168.10905802847,161.10605311792645,170.6777095325996,162.67506749920747,164.41916051565866,168.13716986402397,180.33811356433782,165.01917023549177
photo_walking,141.365627226421,159.3661908203367,172.14876953794314,157.37851184534506,0.0,122.86935795294143,132.1434388463279,120.46622700202104,142.04032131999406,163.49080250236355,161.6200003785566,144.44175360916495,136.8875013447204,135.56280173761579,123.70190076430987,120.34939679268233,133.3905686619808,143.00745697574564,160.6452913866281,144.621166582705,169.076940000639,163.7494936439712,137.13412867186958,162.40722550507243,132.81011074929276,149.03081486198943,147.67133566718744,148.92919297962337,115.42359852395252,133.5700593325441,142.06271248545812,138.42792055850165,138.44323584410716,154.35412132901448,127.00672995722684,141.6707548410436,151.6736559825205,123.20334540468316,135.97390712123408,121.46943189895605,126.56878409210942,146.98330275829954,146.54520856268866,148.07608715884413,138.7955552137049,153.72086801069952,130.1316429992892,145.17071347300705,152.5133192936402,120.76988770363883,150.486584420211,133.57584496314098,125.63123809653712,129.33749722622917,137.80670521233583,126.37545922408472,122.56876902011389,152.92846678399454,127.4892362360227,143.13074828315507,133.95441360779867,122.00038780346492,134.28808208276288,124.32418274117948,124.0203297682865,144.29797698116604,147.30639706505184,148.0231603786609,132.08436312099047,144.96128203702267,134.7910606156937,146.18603018116372,126.56288875708707,131.6196860547375,130.74938595253587,145.01166493208387,146.5659821177404,146.05221443212213,128.120537650036,145.07111087500567,145.25395337622876,147.0380710871668,137.7589964620454,147.17668040807987,146.08823004628067,133.79352325160207,131.60978436729408,145.99661912495364,144.4952964427702,127.58615290531701,146.2073101580683,128.93713973818464,133.8295339240225,144.07289261916316,157.74688583291672,136.13329929075928
photo_standing,139.82964547539493,161.89461337124413,176.1930113511522,163.44332183048314,122.86935795294143,0.0,133.88120824433173,113.65853381578515,149.86999048061566,170.40500256589985,154.6616498318362,151.4531571335531,149.40734917382986,139.6492903512941,105.13425467943075,109.02813980675629,126.11459953338235,145.0183047236852,163.78096404774783,153.8294218641963,173.69052644769863,165.56303326274258,147.2899305175651,157.49916013080664,137.789339993238,152.12792843830016,152.20081664612798,150.85376780254836,131.4680322388758,114.77803347099052,134.15922474987832,137.0232607506214,140.53206607446185,145.84525465572463,119.1241408352285,145.80344893173154,150.04838176646683,121.99440914629007,122.83589841473072,103.20408172441738,121.10556223390405,146.9565712478231,150.75195527535402,156.0583382261346,135.56822165114045,158.74224319471037,135.34850231038035,137.1026384395052,147.15304348765198,106.95433795588698,152.85092271328412,113.36159858307157,129.7274652720019,117.48796938218561,132.2022513128819,123.7458025701555,115.00242127318361,150.38609690795695,118.72109921143299,147.44454044732777,140.23283121809646,119.67828501206816,115.01332630354852,101.67405560181355,111.27218847741827,143.9806765348115,149.67784737775318,151.72894653928697,126.34468052944963,140.78477593489245,130.48445378511892,140.10044489405723,128.4130297445611,133.2523324141126,130.39435193763333,145.52829116933114,149.97320197253543,148.63198561762132,129.9902650301084,147.5418920621719,146.88202353084574,146.98328274313928,140.6691439821818,148.5071770121314,148.5482348691429,135.00825655943652,132.65119859844228,148.4359633234192,146.0738884208913,128.35086811346247,149.3385992870473,129.44747561244594,133.6007822185144,144.96659048872615,157.8238561283691,135.3338229908665
photo_hand,132.07943233937945,154.0496495704234,167.85423070044158,148.7749260929827,132.1434388463279,133.88120824433173,0.0,127.33472939781915,152.9720005714351,165.45115658015914,165.43058368945137,148.25346377511391,145.4143927088515,139.5307617422478,135.58695778914583,128.54460404501154,143.44031617320525,149.96318191294878,169.74836015343925,150.87162021661308,171.05258430488982,157.34916475776419,152.991364505364,163.10898239451845,147.9107101139683,153.45591998814072,152.6247170097397,154.98329769255557,140.48221370483063,138.45270058199256,144.70624627266383,146.08007794680444,152.19168636815175,163.96731432304043,140.02957950461496,150.76502913555112,153.57423101842969,135.58841851667444,139.20095953286233,133.7921071004636,133.94907650807787,153.37188676777615,156.57176068334775,156.03017386933305,146.97858080178995,161.55182455255593,144.57340882348558,149.86999467844583,164.55075947169132,137.24071851412478,153.69614445035464,145.95075352896896,141.79534826351377,142.38697860708695,135.89736377303296,134.8846930665689,137.31733507179885,156.7584957817872,141.64669630599388,153.1794687419266,149.01344115711004,137.7770519823839,142.52682986082536,132.19813109470394,135.3964705354867,153.68329413377663,159.07107408242197,155.03472358950512,138.92105750804927,149.6461973394443,145.3527172102742,151.20210910690002,139.27725296047822,141.48751007119083,140.98280634380004,151.11102858802593,155.1672580806253,153.25773659126378,139.97201342459206,152.64808161938575,152.32682286131345,152.68310731869036,144.8390683526394,154.05953287134352,153.96208348447848,142.7290109515135,140.02679158222097,153.2225106176311,151.09965994193848,137.94140378647288,153.5838508685678,140.08000812995647,140.61320948552154,152.285710851609,163.87189843034213,142.39497590286797
photo_legs,130.02560234956005,157.4711407534904,175.72022694660117,160.52024245272847,120.46622700202104,113.65853381578515,127.33472939781915,0.0,151.9973796534903,168.974535112104,163.31892414126582,151.79918180322446,145.60928581684846,138.7820574504606,117.52445480630148,108.9645635196978,133.08071240729691,149.2475766969437,169.49128763454883,154.501681690342,176.21483584557024,163.43963449870753,152.20972186802925,161.54151397439335,135.95489060022106,154.40801322633084,152.79190297222416,156.54915677133982,128.7339005302008,128.19652864003388,138.49236515462437,135.4590815805923,147.02329026830762,158.37203959217658,132.17205706030197,149.91480752071814,155.78095452686122,123.90448672009258,133.30376816848906,115.42221662350333,123.50674441372576,151.94749996095848,157.46177090004605,158.43033436683896,142.1453113381501,162.81614322921533,139.53320608201773,143.43225993874353,153.35456725804582,112.65884707873423,154.09829367513038,126.99902205759187,131.17260525887735,124.87474972771751,137.8861648533712,118.09989260916981,115.97050127064729,156.65467330321178,133.32018411707364,150.2627241868994,137.70617262848677,125.82430983343461,128.08814868425804,115.74732981837973,120.30845025172117,149.59687240754135,155.2084046437627,154.52274930523035,135.98182660106517,142.68986613828423,138.01026671231492,143.12967701717298,132.71047656222842,136.82135447242413,135.88514632971987,149.88653333816632,153.49447157245578,151.62622793867163,134.68197298754112,150.88702484847042,150.95677093552482,150.95173843557225,144.01465991305446,153.2986496687477,152.16694529088844,139.9365300173166,137.2570257994099,151.62244306405077,149.14541265320415,131.91223269874712,152.352888133103,134.2829163322258,138.57199161286408,149.9530849276847,163.1499698841226,140.20986755564084
photo_bird,157.98559229036508,168.0043907479482,157.3240718640408,153.2108225048778,142.04032131999406,149.86999048061566,152.9720005714351,151.9973796534903,0.0,154.66952571709024,149.7880161359869,125.69502238644054,156.85015017293335,151.7095393233801,148.6712149865343,141.52245981675614,149.07331905567835,119.63950207579457,148.17114713328465,139.95438873280642,157.0256585428832,171.03544355543661,142.73550885898788,172.42908524001894,144.02663221812537,155.3280017362057,130.68000300110333,142.90800254144565,149.16362640090887,144.09206826347517,152.7810722187518,157.43943453063287,115.27668470451626,156.81939794890303,145.62850360231886,131.1390234644788,154.80068232331703,140.65567328767665,142.4601277942047,145.54321678779684,137.49320173261708,122.8073520084736,142.4294964512176,140.3629820967957,125.43150182040145,145.00159646280395,126.72510774536256,156.62545710159893,161.88141264680314,142.01030192989984,133.27875553244516,149.8060268984131,151.23194060046782,149.1593735937104,154.70964591453216,148.21233616336048,141.29026700663155,154.71360646197502,142.3827671126588,129.5046459473907,158.6668795361751,139.48721049489544,147.71676281493498,145.04757576947293,136.96793396070012,120.15681096589377,142.21316118082893,139.7361699244969,152.1388391242134,156.4348394961289,138.70706579998216,158.20960954619656,123.25319978113625,126.98838280644073,122.59569341581627,124.55854643882857,132.95808578840422,130.72755309016898,123.35842187971636,131.63962844280368,128.528186762412,130.33808085644228,124.37817521011772,128.701938404188,129.00081895402096,123.14274482340075,120.94467858799688,129.42952484340802,126.01027337019514,122.73303796049714,130.39461769734478,124.00075145320007,122.83516236730094,124.66187348608314,143.0393587218102,124.83696582315898
photo_butterfly,172.6397310982885,171.29573461574208,163.76056060868112,163.27674088959552,163.49080250236355,170.40500256589985,165.45115658015914,168.974535112104,154.66952571709024,0.0,176.08018228325977,161.9191620616662,168.58437821996955,171.65038990195146,174.29963296969905,171.15832007904538,180.35181614463343,163.76314741313715,171.70861199830205,160.12143736693235,165.30823366106205,179.32283019498158,164.19833910596336,175.42754221369267,171.08566898732116,164.80801150363473,165.1695120406092,149.42773894272997,164.30632740271741,169.01792872000235,177.2140144873477,173.2344061012407,154.98001856429553,154.27486311888106,170.70160210822394,166.21061548802533,162.94779525064916,168.4410792342896,167.94067160740912,173.56643310063257,167.7476598812503,165.38649194975065,163.3243626625297,162.5253412756514,160.8463184946728,164.6691765217911,161.49117837722426,159.99638101352397,174.95706978283465,171.45886020536685,167.7469363622711,172.81413673272408,166.60437737576598,163.7170619940765,172.36575645202475,173.34641202447767,172.07973551301228,160.1520836665508,167.5019866213747,165.566256930005,177.70622968874903,167.56916435201725,173.56942163130932,170.73836511808867,172.21494941214226,166.24765538939198,165.88990461200584,164.1460366767808,173.3415195947828,174.25713958081366,159.31575909786102,167.47666316908018,163.6376862632874,164.4858051833359,164.06988515617115,167.04543506139328,171.67452483428082,170.90215733701018,164.68062005869916,169.83154655232502,167.82164067440584,170.820869238253,163.27565569118002,170.7167537390231,168.78784410710645,163.18196865967997,163.18335952150878,168.59899744551046,168.072688027012,163.28253587508198,169.90630936967136,165.080044830783,162.8551730485214,168.64523312824326,180.9495317747409,165.26355544046868
photo_girafe,168.56436726604983,176.62002783288625,174.88128933179337,168.3994357333647,161.6200003785566,154.6616498318362,165.43058368945137,163.31892414126582,149.7880161359869,176.08018228325977,0.0,162.48850475091712,172.4362665085645,164.48240751038117,155.92146841204516,156.12447719970388,164.8282852938258,154.65005623005595,167.36488749251012,166.05248407226776,175.03754401617735,175.06989499783404,166.51629850857793,175.31039762492358,161.3604150163565,170.94861511785115,161.77670117029183,161.6193442407491,160.5522535338597,158.2781393313856,163.50679157674526,164.24612377895377,160.68018455444627,165.80281531444382,149.83380578947836,161.5480596191946,167.35496362728685,156.33359417737353,159.9944409798224,157.6471868146142,157.44329846623003,159.24559129486514,159.93870561490357,163.3221794813696,156.29027804875196,166.8523887504811,157.54969881672042,163.23606230694406,167.86184896832,158.1727616014706,163.72965698994417,155.33253102085217,164.10223644994412,155.92034295100177,162.7767681589974,159.5206341813462,166.37983876087392,172.85641750280675,149.05820956122548,162.13066910258345,168.1013659005066,160.19207355551083,156.69953650921337,157.26986684449105,158.4201245372251,158.13434432425723,159.08147372371383,163.10711450645664,161.6287395075629,164.9379969409017,153.65329005587,163.7954351813173,157.56548109664664,158.93102397196247,157.57770233074518,161.9778941476018,163.79648931789708,162.96184854355784,157.06388534794527,164.0211558700197,163.00646605408747,160.6499342782214,160.3455290624296,163.32129912280664,162.2586744234414,158.80347633271737,156.26178109012693,162.1248063122423,159.7417931005718,156.44325397165042,161.95991028695641,157.94678449481842,156.6981820414494,160.00614357337267,174.2931797611526,157.9437970985608
photo_fish,158.3218790573534,170.59339886661817,156.96567318903465,163.23923773575578,144.44175360916495,151.4531571335531,148.25346377511391,151.79918180322446,125.69502238644054,161.9191620616662,162.48850475091712,0.0,158.1975856882096,151.23332227691327,150.93865465398076,139.3697467194887,150.76183233728543,117.81724796178312,146.0870457982387,134.29579896925958,156.4688785139349,170.5896796785811,142.126778427624,173.8070023929521,153.7686926356318,159.81527017822816,122.06423798267976,150.60780076863213,156.35799827838133,150.39804496559847,160.24891625973956,163.87959729763585,134.97591762808275,162.8694845886111,151.35805009044282,120.9694161788578,155.4662413901008,144.88145741531966,149.7066314595536,146.61181388333063,141.63351212334337,122.17379973851207,135.9002814819712,141.6673153080378,122.05192534062982,147.09577065982185,121.8048136746989,162.97530926723005,166.50301779965108,142.49018504621068,126.25251884092279,153.41988899162806,159.46412429759064,155.946519146308,161.05202849501885,151.912595473514,144.23954864563947,162.0634493914263,146.14812637784334,117.0995930501646,160.97363615642752,143.48014243584166,154.26399960509622,148.61320753333925,141.3817956725394,124.22360502691565,140.40949863010997,142.85416659829139,153.5885357397876,159.76071890179165,139.54641046599312,165.64612429982043,123.29822738328397,125.21825848757238,122.47525637468505,124.62630411514117,124.55377940560851,125.30790127710772,122.50941127243706,122.96742743290253,120.3800314657653,128.12913321986497,120.90734527814601,124.9990862306153,121.81303023595359,120.9760064039618,121.81021064866654,121.96652278817217,124.21607266766453,123.60011418587098,122.76839130787596,124.12960689325067,122.5898129732102,123.24602639430361,137.6771130259079,123.21507114090429
photo_cherry,152.57395733391314,164.50316926227293,173.82595311947523,162.87117672207793,136.8875013447204,149.40734917382986,145.4143927088515,145.60928581684846,156.85015017293335,168.58437821996955,172.4362665085645,158.1975856882096,0.0,146.8414684640223,152.74739298595844,144.34241508293502,155.99002145233305,155.44430980102214,167.74916008276648,157.04025817656893,180.72420615719236,170.21430115666516,150.17611507228239,169.3644965774302,155.52267001874307,161.19408249980384,159.04233501743616,164.91579147196254,143.4932606842639,155.21766558825425,161.79090785929702,153.28594574164396,155.5060753267965,164.198871507274,145.8868677741073,154.51077508799784,157.14752994427917,144.74111707396145,157.97861268448716,145.4059218358579,145.77597866173494,158.4678689397544,155.92455972587132,160.840639849903,154.85823658161772,164.00451742469718,146.57755071075158,157.52971999732682,167.79459671896745,149.7784182974734,161.1708652969236,157.07873127067424,151.50111873911794,153.6897032596942,155.40028235842368,144.14730726893214,148.69566539894376,160.91422423083517,145.9483132767404,158.7333445747394,148.86385024139614,144.62347975619738,156.82529304316483,147.71489166129157,147.05601472793194,157.7272888137066,160.64114831737274,158.54470483005315,147.67136411566906,155.6268483191807,152.98880182599754,160.6510388648595,146.20958846164407,148.427358269284,147.12483627354416,157.20778446120573,159.9818563593525,158.66794015362342,146.50754782499206,157.59779644604717,156.93223913057219,160.662927899765,151.7230354415583,159.79593827851474,159.32768413601073,148.8630291956072,146.42950348451453,158.17994187975137,156.77231109235828,146.02706077347094,158.45300632351868,147.06544943973884,147.63060245463504,158.68197195070383,170.7442598745922,149.62051765496207
photo_tree,137.5936337263518,155.36256760655905,175.5728986742531,160.20560807828315,135.56280173761579,139.6492903512941,139.5307617422478,138.7820574504606,151.7095393233801,171.65038990195146,164.48240751038117,151.23332227691327,146.8414684640223,0.0,136.89805097758233,131.85496792273986,130.9250465247909,149.64945454787443,168.00296133407926,155.44670185459955,174.5745669206977,154.1483183256682,139.14649623517911,156.59253240059127,147.04247062754945,156.59039063126014,156.489876060077,156.54848930856375,135.34958182517482,139.6666034644572,153.6346213908171,146.02909405905916,146.21822646797293,163.5298726822393,135.2728305139917,149.80336740463773,158.48208156221838,120.01579148236794,146.03099168444268,133.65441432308867,131.65244945033317,154.63961004170713,155.9840412058129,156.13087890333006,150.04280785773082,159.95838626022956,141.03893369184004,148.6845195766198,164.61775988085216,136.431282905137,159.62941666946122,149.5517193828966,142.86839059490094,142.9127312653437,142.19497273579225,136.2014274230631,136.72207652799548,161.51152702679104,140.62591586526963,156.01552589125686,146.59072127269212,132.14614185455227,143.62699838697426,136.74635008992686,132.91147025892334,153.92907465673247,160.1366680141389,160.35932683760925,140.49791948522895,146.69722322737087,149.62478131675,150.90943995551478,135.63950379484982,140.64793980497953,138.86274138549643,151.9082043249562,155.81202125776696,154.8797145088933,138.16910073655032,153.34223294538748,152.81350981989775,154.20018794767557,145.52804379216022,153.97447992584028,153.83194308378913,142.98138561376513,140.39707706915266,153.85708373632596,153.81596814656442,135.92938265251044,154.43687745164937,138.82084685520198,142.1839698095811,152.9958110427081,165.39594064821958,145.27253887171176
photo_flower,139.30188341846406,162.9856039354041,178.2579737323814,165.71490165206654,123.70190076430987,105.13425467943075,135.58695778914583,117.52445480630148,148.6712149865343,174.29963296969905,155.92146841204516,150.93865465398076,152.74739298595844,136.89805097758233,0.0,99.76943547138197,121.14586459452934,144.2171291485233,164.7920324990128,154.32701301146514,175.96212169615347,167.47177193344982,150.4536522154583,167.97699320077652,134.1603128230349,154.69385255824247,151.57025369554037,152.7380915279339,131.13286902730803,114.50497784427213,132.75311739731566,141.153554101226,141.1117974546899,154.4623332110329,122.73383152363199,144.2570569910638,151.24041995366156,115.7515316796338,122.42527917062439,95.52907387702905,119.61811304981941,146.3158819257407,150.18714465774372,156.13019089417767,134.96905345391622,160.2505926671382,133.92971742113662,149.5789486526632,148.9178058008433,100.95544750020507,152.22588314225206,119.31471897718617,129.82334484403518,120.30477082940128,134.11732737545105,122.1925548830078,114.58747506255406,153.50195407341764,125.13051489302762,146.6188600483805,136.8899999910971,117.65753689696952,112.4927727743942,95.65486073492214,108.79910958056826,143.28464547610832,149.18323462170773,152.9645413829232,126.29772328165716,142.06605357011412,130.46548614250844,147.35851859316386,128.1128818857696,132.72219813725863,130.22623187578,145.28699783257042,149.2050052461154,147.42559041827116,129.63648625312163,147.30999967712384,146.67973371893092,148.1673964916561,139.87926732704085,148.43048649469173,148.21014306395185,133.83628601621004,132.59984646799418,147.49682888080739,144.86242646221257,127.21001990435387,148.46426639465088,129.53612873528627,133.6850016623074,144.17978732803465,157.479253839629,135.3647721154802
photo_carrot,138.61260855180493,163.35832670439532,173.29682725886403,163.9119340433274,120.34939679268233,109.02813980675629,128.54460404501154,108.9645635196978,141.52245981675614,171.15832007904538,156.12447719970388,139.3697467194887,144.34241508293502,131.85496792273986,99.76943547138197,0.0,112.05873074616424,134.88324064889395,159.69146055027423,149.94670752448252,173.4440846440618,166.4534319888077,143.1459590718581,166.97412658076811,136.15528684488547,154.86189042629374,143.13286915953324,152.57527592836283,131.2038453140772,110.88686630146472,133.7778573867326,138.5185434137292,137.54186550724557,154.01819518831496,120.37574665710702,139.60223977927805,151.84356768385484,114.66017548305588,124.30015617811372,82.88604898798116,117.85491983358901,137.89654155713313,146.13070046919583,152.3616211757209,127.24526828777178,155.93375820435588,126.67227345340756,151.01672202858398,152.7124687592028,100.86415712789027,144.66223353950514,124.46570464212931,131.01667534910004,119.5516665908892,134.65657786400322,118.02584050203366,107.28137667386113,151.24417888875337,118.29104120212492,140.62003561279042,134.35751081447248,109.87148744344074,114.37117067636972,89.7778930595696,99.4660722410331,134.34469680777644,143.72100009081896,148.9498459716926,127.47979674300211,140.8714683590704,130.54453669914315,148.26749988201703,118.58457497208092,125.0691934530228,122.02747017213117,137.60426682898375,141.86540424482146,139.45179613571673,120.74565546370297,139.25385860941546,139.36461941424247,139.66843621267154,132.74103253787615,140.86689358320328,140.11641331329625,126.35589643150489,123.59122003135195,140.45356818011152,137.4499507465944,120.38867783927712,140.6562308667015,120.40010198393944,124.66248905003518,137.06232588710944,150.53821205003317,126.34901647859407
photo_watch,144.12918614693245,169.2255345482593,183.16122688252162,170.28207923786255,133.3905686619808,126.11459953338235,143.44031617320525,133.08071240729691,149.07331905567835,180.35181614463343,164.8282852938258,150.76183233728543,155.99002145233305,130.9250465247909,121.14586459452934,112.05873074616424,0.0,146.1189300081228,168.7457252525667,157.86845938386165,179.41763307637086,171.49709378011158,144.3025611799715,170.79564437156952,139.06857244426587,158.2423300041893,153.75626661110616,157.8959933947709,134.82953301946745,120.2895085316367,143.2047543530362,145.50489689940636,140.70905821901127,165.0487209353349,128.58507181126933,144.21698929701265,158.3045349159985,113.18405921315271,131.41874841856458,110.55900077977437,117.82462676089268,148.49134251537063,154.08351158477527,159.01872193725984,140.54440085620848,159.88053848919668,133.19323948108533,152.00816837025144,163.84189774921552,115.92900784280266,153.53417060296655,138.7587110600193,139.03549451303977,133.99585190818541,140.6830574072774,127.40964782385218,120.8720215844463,161.2958708141482,131.83657525081068,148.42858300357176,143.93647053008178,117.4032718895918,119.70669525666648,117.16617800748709,101.3492709615636,145.76832228720895,157.61630463146503,157.11052243664238,139.933511254282,143.87271891594432,143.06083651318386,149.67480004035087,126.15729468095086,131.19933979842753,128.00913984749548,141.8647489407425,149.07882891051918,146.61903886914246,127.39624768740431,146.49025833169162,144.56043545864767,145.08530831314596,138.84302899519153,146.3872943887124,146.83374586019073,133.298009817671,130.9097290001304,146.28159886749236,143.1900611580719,124.14108895283975,147.3111584258576,126.92207087200049,132.31206182357275,142.51909561400174,156.3404566204859,134.32489946012646
photo_key,157.59101461797255,169.08522697807373,157.05798733684531,164.5966601221383,143.00745697574564,145.0183047236852,149.96318191294878,149.2475766969437,119.63950207579457,163.76314741313715,154.65005623005595,117.81724796178312,155.44430980102214,149.64945454787443,144.2171291485233,134.88324064889395,146.1189300081228,0.0,138.39458078847565,131.66585995260735,156.86962896643814,167.82915122709667,139.65083837607338,171.71182809051038,146.13854552179887,149.8102254949223,101.26098648573962,145.1066328499751,149.38738014101702,141.40908869087156,147.72415783664394,154.97364376711434,121.68150727617484,153.32952192900132,142.1047651425369,114.7111462470874,145.18217492608414,137.80775741691843,139.0489005991873,136.93796600153973,135.14637930608956,81.19219024004467,129.63303323670354,133.61381333459013,111.49573818654353,135.70422029785027,111.23734605605634,155.52055360203732,153.47242893028024,132.531163584126,106.48233015219462,143.99045097307385,151.1438123326142,147.13757971981994,148.04413124630273,140.91724700265735,130.57092395666524,152.4773746632353,133.8670755139794,115.189049708569,151.62638779673566,135.3750223204552,144.3102783789233,137.68017242496046,130.7530033530051,82.49431488834264,124.63068711206637,133.09985667142502,142.47020650378258,148.2205031812596,130.02257570060638,154.80460852698081,106.63515975545128,108.07902318959556,104.22722451264274,101.99229141203574,102.0432904484787,100.31781306664627,105.39979477005785,103.37057124122273,98.72917020458931,106.96310533439113,105.05096862927533,102.94550160044587,98.03653623947878,102.29200736497724,104.89910970516398,97.85116054586355,97.7228450335522,107.59759904259396,99.6494413944327,107.54284834785797,101.81139082267644,99.23654359745888,120.67844937243272,101.56993846916443
photo_truck,170.9362717373535,178.90191136079588,165.37046310099498,172.70970683452035,160.6452913866281,163.78096404774783,169.74836015343925,169.49128763454883,148.17114713328465,171.70861199830205,167.36488749251012,146.0870457982387,167.74916008276648,168.00296133407926,164.7920324990128,159.69146055027423,168.7457252525667,138.39458078847565,0.0,147.3065534132378,162.22720309133865,172.40644331582664,150.44097174177065,181.36371899341626,158.33442737035915,164.86748294216267,136.18404676251498,150.8231936597122,165.85964697836235,160.05788729735082,166.84106544869118,169.5179262793005,145.28679958186163,163.63733867348967,162.09760043532202,139.53110637379652,159.99382305994683,156.9498828147618,161.88738966982785,160.2146123425073,157.02238015792207,138.12980419464998,117.46608802541276,141.76275337851712,143.48440079075095,140.43611461554718,137.088666108989,164.96732759888727,162.63902333197197,157.29365462087387,144.0923063072604,161.97802387366752,163.84357906782566,161.9394132722015,166.68890981408035,162.3592881521668,159.74352544599748,162.49495505732497,155.69866216441332,134.0493878687182,167.57514487105516,155.06016501084088,164.44501806180463,160.57090408936864,158.57492346744098,140.89993691067616,107.49177895689809,138.50326915903437,161.70134502676035,164.7621960568909,150.51136399664932,168.9861561755,147.4115501902128,149.78306536325636,147.84718646931648,147.44025279587322,141.7183866539176,144.4994468406352,146.78807518281238,144.49534174689188,142.42418288567148,148.27737526803105,147.47229584976623,145.48389673164976,143.11887280483825,148.02240564956162,145.91257249949444,144.21711965506884,145.1840473324853,147.50548016325462,142.9659703050979,148.75779871183886,147.70903180665366,145.1482951561395,154.93159393658934,146.91050772891498
photo_velo,158.52984168907108,171.93365873041859,161.46265916032897,164.7803869482665,144.621166582705,153.8294218641963,150.87162021661308,154.501681690342,139.95438873280642,160.12143736693235,166.05248407226776,134.29579896925958,157.04025817656893,155.44670185459955,154.32701301146514,149.94670752448252,157.86845938386165,131.66585995260735,147.3065534132378,0.0,164.5690057114878,171.21530539352716,138.3693872338491,168.94353099813435,141.49929241364126,153.76976955463164,131.68891749877596,146.89135750135162,148.54474146339382,153.08244952226383,159.12883901216375,158.84268113614513,135.96555258453253,156.1388978890909,151.6461080822805,124.88516388178782,146.3040808689383,142.90359083819973,151.84943050887546,150.50026341039788,140.0714241576029,132.27013134992276,129.44052177623152,111.90423399280903,131.509006797996,139.57916447917634,124.3025518112006,153.2910808676118,157.65079730247288,147.1025223103918,131.25886999250912,153.76027334994927,150.54138523740468,151.1539586330335,154.44173571848626,151.48603523050855,148.13076890391304,161.20682449230443,147.5487911447617,129.76606344527025,158.28752273314203,142.2399237936336,153.09535389057692,150.1950634529767,146.9852031940266,132.93791335940415,134.37143319253903,108.71506127130904,149.986006730732,156.226615830676,134.82126093517348,156.35423268370548,131.46323617471688,132.88325843777812,131.44009701637947,134.41137043035667,133.8247519085603,133.98679751870475,132.02394578289417,130.81558109795606,130.70261462474463,137.0007305091509,130.29639149727774,134.45949663226796,132.48245198970127,131.14562170964257,131.1557492849058,131.44903527578026,133.2610174433693,131.4514978410505,133.15851375052418,132.87343560557434,130.4906617602628,132.67726558727696,147.5024724978586,131.65078732249384
photo_road,176.7254827683835,180.16287335176966,142.84500877939863,164.53614434122488,169.076940000639,173.69052644769863,171.05258430488982,176.21483584557024,157.0256585428832,165.30823366106205,175.03754401617735,156.4688785139349,180.72420615719236,174.5745669206977,175.96212169615347,173.4440846440618,179.41763307637086,156.86962896643814,162.22720309133865,164.5690057114878,0.0,178.189895639063,156.9541678317568,175.98265638549634,171.31021870022155,176.794574533843,156.9019613911723,162.26400457067396,175.5527959913217,172.1355360142723,181.97313914695982,182.12226467421226,159.94109522877915,167.3981126525901,175.69122930255443,159.88094667101814,166.16119409609576,168.0682288891706,170.25711137604193,175.47010665563565,170.78819925402232,159.62980121805342,160.98015187761038,157.5261997997583,151.6329355052758,157.41572373559302,160.59193163256742,172.0724960060522,178.49012107969455,173.40306975714782,163.70657567269996,178.30977217467438,175.88952560171379,175.30178818723647,180.14754268722308,177.97439655532924,174.77544413502508,168.95995510212077,175.26264884153142,158.878990922822,180.75875196345007,169.28765117746852,174.19927998616927,174.36666286075103,172.87244984096503,162.61041442794897,160.70667187595743,160.60527833463638,177.2873145847728,179.8551329934328,162.24185349626148,177.34259592207638,166.67009158383843,167.726306543059,166.47873051080515,165.23741146539984,164.28096822633873,163.02746271715802,166.89961861363273,163.8251003803116,164.3701256075891,163.814125825215,165.0594727336989,163.59510335025934,162.48073216631857,165.54139925955818,165.79872257088732,163.16716230566098,163.73119789926142,166.23246499433657,163.42327490394925,167.31294946465223,166.78149680389694,164.01171389810276,174.35002548238438,167.71252914327493
