,square,rectangle,parallelogram,losange,isoTrapezoid,kite,rightKite,rustedHinge,hinge,trapezoid,random
square,0.028837287360174487,0.042968959956510955,0.05724488073556787,0.06733788397118112,0.04138681599923442,0.0447164897807523,0.03941893276497956,0.039875836316711384,0.04097585634451998,0.040303070479712426,0.05975774561561866
rectangle,0.042968959956510955,0.03266844085655602,0.04118915248443079,0.05130359622407194,0.06198981453216149,0.059738890697841524,0.05654080607855671,0.0454553519309808,0.04112426029263249,0.050842684229453254,0.07995066095448426
parallelogram,0.05724488073556787,0.04118915248443079,0.03383380169261841,0.03987668442223809,0.07334236349588898,0.07493228462039091,0.06827265702061205,0.05508755799141055,0.04891331605709633,0.05115111800845651,0.07932143207694663
losange,0.06733788397118111,0.05130359622407194,0.03987668442223809,0.03819861418175395,0.08131912722395601,0.08535207328106198,0.07795464272003866,0.06214082180582167,0.05711217457697038,0.05588898108690552,0.0803135579923729
isoTrapezoid,0.04138681599923442,0.0619898145321615,0.07334236349588898,0.08131912722395601,0.038420284620770025,0.04972938093863882,0.045196857589317685,0.05211880876800678,0.05527605833587429,0.04590642727567116,0.056934525051312954
kite,0.0447164897807523,0.059738890697841524,0.07493228462039092,0.08535207328106198,0.049729380938638816,0.04285442943564682,0.04248293538494529,0.05747611618095485,0.06053267481088204,0.05556550931473857,0.07259250012994094
rightKite,0.03941893276497956,0.05654080607855671,0.06827265702061204,0.07795464272003866,0.045196857589317685,0.0424829353849453,0.03549710905943712,0.05318428779510965,0.05646373168187623,0.04528589398763168,0.0626929041023618
rustedHinge,0.039875836316711384,0.0454553519309808,0.05508755799141055,0.06214082180582167,0.05211880876800678,0.05747611618095485,0.05318428779510965,0.033922616363202825,0.03762200744559596,0.04748731502782551,0.06429277691980657
hinge,0.04097585634451998,0.04112426029263249,0.04891331605709634,0.05711217457697039,0.0552760583358743,0.06053267481088204,0.056463731681876246,0.03762200744559597,0.036915380850241424,0.04774199719581071,0.06838767227166727
trapezoid,0.04030307047971243,0.050842684229453254,0.051151118008456495,0.05588898108690552,0.045906427275671166,0.05556550931473857,0.045285893987631685,0.04748731502782551,0.047741997195810716,0.03357576463133131,0.05023910956667861
random,0.05975774561561864,0.07995066095448426,0.07932143207694661,0.0803135579923729,0.056934525051312954,0.07259250012994094,0.06269290410236178,0.06429277691980657,0.06838767227166727,0.05023910956667861,0.051853558245912736
