,square,rectangle,parallelogram,losange,isoTrapezoid,kite,rightKite,rustedHinge,hinge,trapezoid,random
square,0.018431904521903894,0.0226722539958172,0.0261840488573215,0.02925697991245803,0.021178933217989738,0.020599418585137134,0.019833345848500893,0.023758720244072128,0.023318424214712394,0.021836168023424387,0.025739395318727907
rectangle,0.0226722539958172,0.019030615592642026,0.02187039299751634,0.025571778878750534,0.02682488611597906,0.023992492070046754,0.023566525671029775,0.022639108591801932,0.021236027471802206,0.024083255318504942,0.02879484937101689
parallelogram,0.0261840488573215,0.02187039299751634,0.020733772057807687,0.023187081674241244,0.02929159461864303,0.027578823474055457,0.02646624464179356,0.024393252306258013,0.02284826610011376,0.02487659442199677,0.02854892825584339
losange,0.029256979912458035,0.025571778878750534,0.023187081674241244,0.021621801357635417,0.03063465565292407,0.030434099110941314,0.029173715618723166,0.025989652707033406,0.024945235410848556,0.02569485851499552,0.026721180126038274
isoTrapezoid,0.021178933217989734,0.02682488611597906,0.02929159461864303,0.03063465565292407,0.019414927402890834,0.021992295559828214,0.02131011640660423,0.026963881056125457,0.026964133074464627,0.022633958936419663,0.024886980696313548
kite,0.020599418585137134,0.023992492070046754,0.02757882347405545,0.030434099110941314,0.021992295559828214,0.019432177567456636,0.020382142128909982,0.0265073650896485,0.026072968636796107,0.024355246891446396,0.028020800794010578
rightKite,0.019833345848500893,0.02356652567102977,0.02646624464179356,0.029173715618723166,0.021310116406604233,0.020382142128909982,0.019150023367771326,0.025507604301692882,0.025018756420305363,0.022204234573929924,0.02647265182918201
rustedHinge,0.023758720244072128,0.022639108591801932,0.024393252306258013,0.025989652707033406,0.026963881056125457,0.0265073650896485,0.025507604301692882,0.020312404943505048,0.020426702744590935,0.02454233516560085,0.026908048012804997
hinge,0.02331842421471239,0.021236027471802206,0.022848266100113757,0.024945235410848556,0.026964133074464627,0.026072968636796107,0.025018756420305363,0.020426702744590935,0.01972833254024765,0.02383111244903596,0.026787323249473964
trapezoid,0.02183616802342439,0.024083255318504942,0.02487659442199677,0.025694858514995523,0.022633958936419667,0.024355246891446396,0.022204234573929924,0.024542335165600854,0.02383111244903596,0.019804150585613328,0.02278813816846359
random,0.02573939531872791,0.02879484937101689,0.028548928255843382,0.02672118012603827,0.024886980696313548,0.028020800794010578,0.026472651829182008,0.026908048012804997,0.02678732324947396,0.02278813816846359,0.021024553202604688
