,square,rectangle,parallelogram,losange,isoTrapezoid,kite,rightKite,rustedHinge,hinge,trapezoid,random
square,0.21362338438954956,0.19961009101169505,0.24433626631432795,0.26339256954961143,0.22206999031670194,0.24301514329334456,0.22183428347372772,0.23359397236397667,0.22619925555003964,0.2105649401100859,0.22369438351780754
rectangle,0.19961009101169505,0.15642145973254937,0.19308525199908247,0.2152844763538138,0.21429554127678374,0.21785451042573262,0.2022704899293568,0.19929941176870802,0.19159945427629196,0.1876143215316912,0.2035148782084709
parallelogram,0.2443362663143279,0.19308525199908244,0.20188314857862963,0.21920486742376255,0.2397159512467203,0.2486736760861068,0.23777739021760572,0.23712903814838626,0.22666914215120662,0.21303711443255488,0.2223037323689781
losange,0.26339256954961143,0.2152844763538138,0.21920486742376255,0.22759812457863546,0.2558797157901417,0.2606942625700472,0.25365300859070616,0.25957177893167904,0.24979868787154255,0.22873363645051792,0.23555686480362603
isoTrapezoid,0.22206999031670194,0.21429554127678374,0.23971595124672035,0.2558797157901417,0.17009227323242687,0.25607714963206085,0.22310712699321003,0.23548498294658227,0.2213618975186211,0.1888115717871757,0.1762775044251265
kite,0.24301514329334456,0.2178545104257326,0.2486736760861068,0.26069426257004713,0.25607714963206085,0.20804439211465073,0.21696058594092124,0.2817452696206119,0.2772427819006827,0.24122716632645427,0.2634768697486875
rightKite,0.22183428347372766,0.2022704899293568,0.23777739021760572,0.25365300859070616,0.22310712699321003,0.21696058594092124,0.20235466254549384,0.2496222006589109,0.2435739840139788,0.21088366064665962,0.227542152421487
rustedHinge,0.2335939723639767,0.19929941176870797,0.23712903814838626,0.25957177893167904,0.23548498294658232,0.2817452696206119,0.24962220065891094,0.2096636314605085,0.20217873149374244,0.2170227963408723,0.2219237418882996
hinge,0.22619925555003964,0.19159945427629194,0.22666914215120662,0.24979868787154255,0.2213618975186211,0.2772427819006827,0.2435739840139788,0.20217873149374246,0.19157886021837128,0.20574749084728053,0.2084635658820334
trapezoid,0.2105649401100859,0.18761432153169116,0.21303711443255488,0.22873363645051792,0.1888115717871757,0.24122716632645433,0.21088366064665962,0.2170227963408723,0.20574749084728053,0.17751994032300786,0.17917772455785652
random,0.22369438351780754,0.2035148782084709,0.2223037323689781,0.23555686480362603,0.1762775044251265,0.26347686974868756,0.227542152421487,0.2219237418882996,0.2084635658820334,0.17917772455785652,0.16003611667074633
