,square,rectangle,parallelogram,losange,isoTrapezoid,kite,rightKite,rustedHinge,hinge,trapezoid,random
square,0.11466110902633556,0.1335391677292371,0.15885517397923885,0.17798531712698226,0.13234561309833479,0.13059078317278228,0.12645529642374248,0.14514256304815498,0.14173176942572566,0.1362821622556836,0.1568127842896293
rectangle,0.1335391677292371,0.11113026669826313,0.13597240798958696,0.16000667287565132,0.16106725818197357,0.14541418750172927,0.14258525251584347,0.1363655472263728,0.12851336601974253,0.1460385754931474,0.17261873394227925
parallelogram,0.15885517397923885,0.13597240798958696,0.12811292970335297,0.14476244107591194,0.17528512665049506,0.16970187974076884,0.16148507742126916,0.15365360991731858,0.14508934147224378,0.1502473976449783,0.17254676001242006
losange,0.17798531712698226,0.16000667287565132,0.14476244107591194,0.1337551417050097,0.1830687640354002,0.18550497911294447,0.17739116500179017,0.16549195204455713,0.16070175210773727,0.1554484870809875,0.1646200219216677
isoTrapezoid,0.13234561309833476,0.16106725818197357,0.17528512665049506,0.18306876403540018,0.11621837577091264,0.13750867243406445,0.13405853638254145,0.16543149553837647,0.1644115920047298,0.13820075839781568,0.1481681628413817
kite,0.13059078317278228,0.14541418750172927,0.16970187974076884,0.18550497911294447,0.13750867243406445,0.1215841768422648,0.12923364240171295,0.16155208435449578,0.1594681267981786,0.15293761638342998,0.17064937212305892
rightKite,0.12645529642374248,0.1425852525158435,0.16148507742126916,0.17739116500179017,0.13405853638254145,0.12923364240171295,0.11984471456892233,0.15640815120665688,0.15385288852037296,0.13822557960212373,0.1611250646263908
rustedHinge,0.14514256304815498,0.1363655472263728,0.15365360991731855,0.16549195204455716,0.16543149553837647,0.16155208435449578,0.15640815120665688,0.1216925792122553,0.12431799597416819,0.1531492064780588,0.16506813218795757
hinge,0.14173176942572566,0.12851336601974253,0.14508934147224378,0.16070175210773727,0.1644115920047298,0.1594681267981786,0.15385288852037296,0.12431799597416819,0.12077321425993524,0.14900736053596242,0.16440875938306682
trapezoid,0.1362821622556836,0.1460385754931474,0.1502473976449783,0.15544848708098746,0.13820075839781568,0.15293761638342995,0.13822557960212373,0.1531492064780588,0.14900736053596242,0.12047350948231178,0.13703003930622476
random,0.1568127842896293,0.17261873394227925,0.17254676001242003,0.1646200219216677,0.1481681628413817,0.17064937212305892,0.16112506462639084,0.16506813218795757,0.1644087593830668,0.13703003930622476,0.125687404881551
