,square,rectangle,parallelogram,losange,isoTrapezoid,kite,rightKite,rustedHinge,hinge,trapezoid,random
square,0.16047232747044723,0.14539735371135507,0.20668940007530767,0.228509729823282,0.20980802019253902,0.19206201386986016,0.18581740094913154,0.1994670853553988,0.18082322008900314,0.16996404691133254,0.22517293028835159
rectangle,0.14539735371135507,0.12019486116244585,0.17850560000174348,0.2033200402392449,0.20039984400556263,0.17357081691604664,0.17053422434316795,0.18304804585057016,0.16381265633362468,0.15603615875950969,0.21484062689761166
parallelogram,0.20668940007530764,0.17850560000174348,0.20310404252090283,0.22573607618911798,0.23909838063040922,0.23252354373012188,0.2324700932538306,0.23918510114250044,0.2147142625256291,0.2037082773730594,0.2499961772191538
losange,0.22850972982328194,0.20332004023924494,0.22573607618911798,0.2419856055994673,0.25907722363225844,0.25125673876201776,0.2530987545873839,0.2617162898201933,0.23875002712244237,0.22430137730094324,0.26698940670615967
isoTrapezoid,0.20980802019253902,0.20039984400556263,0.23909838063040922,0.25907722363225844,0.18463404751303916,0.24225816373154802,0.22435436951900622,0.24037938786825352,0.215599131390528,0.18982574519529405,0.19484511388359893
kite,0.19206201386986016,0.17357081691604667,0.23252354373012188,0.25125673876201776,0.24225816373154796,0.17481818940632554,0.18499296072603605,0.2471428902017114,0.23210036227669512,0.20957643722903693,0.26609371807614424
rightKite,0.18581740094913154,0.17053422434316798,0.2324700932538306,0.25309875458738396,0.22435436951900622,0.18499296072603605,0.1788752406910344,0.2268265995365395,0.21270303463699816,0.19349156646395171,0.24391465144652139
rustedHinge,0.19946708535539884,0.1830480458505702,0.23918510114250044,0.2617162898201933,0.24037938786825352,0.24714289020171135,0.2268265995365395,0.21035857596152815,0.19449008855049593,0.19849040711307905,0.24934752045170805
hinge,0.18082322008900314,0.16381265633362466,0.2147142625256291,0.23875002712244237,0.21559913139052805,0.2321003622766952,0.21270303463699816,0.19449008855049596,0.1737876946282145,0.17673636948963256,0.2242967944702601
trapezoid,0.16996404691133254,0.15603615875950966,0.2037082773730594,0.22430137730094316,0.18982574519529402,0.20957643722903693,0.1934915664639517,0.19849040711307905,0.17673636948963256,0.15829683577501824,0.1989002021066501
random,0.22517293028835159,0.21484062689761166,0.2499961772191538,0.26698940670615967,0.19484511388359893,0.26609371807614424,0.24391465144652144,0.24934752045170805,0.22429679447026016,0.19890020210665008,0.19001847878412964
