,square,rectangle,parallelogram,losange,isoTrapezoid,kite,rightKite,rustedHinge,hinge,trapezoid,random
square,0.15939952821837794,0.14372091295923983,0.20368673978242283,0.22461342234978113,0.2061999532816016,0.18910379773288946,0.1828848557440794,0.19598774878589328,0.177672204620616,0.16667101710575502,0.22048695809281765
rectangle,0.14372091295923983,0.11875025222181539,0.1756481444357213,0.1993223629482996,0.19614759892897576,0.1701955720026746,0.16718305826160543,0.1795272973254784,0.16071092916488747,0.152300341200029,0.20969565935144469
parallelogram,0.20368673978242283,0.1756481444357213,0.20076513684033484,0.2227493822878452,0.23464508744825305,0.22859546847480736,0.2285202245571058,0.2351788724188052,0.2110359102987884,0.19993250813949723,0.24501461788498105
losange,0.22461342234978118,0.1993223629482996,0.22274938228784524,0.23930759917798367,0.2543618737212411,0.24686136346848944,0.2487149208672595,0.25730992583224527,0.23450089079544148,0.22036630810818056,0.2621991923396329
isoTrapezoid,0.2061999532816016,0.19614759892897576,0.23464508744825305,0.25436187372124114,0.18204004948163482,0.23916587257017174,0.22155819631416473,0.23616213343618972,0.211335018485691,0.18677231140595896,0.19074122326620666
kite,0.18910379773288943,0.17019557200267463,0.22859546847480736,0.24686136346848944,0.23916587257017174,0.17262408421505812,0.18277264488612655,0.24392729811041822,0.22905700344972224,0.20650152538796976,0.26220549300436363
rightKite,0.1828848557440794,0.16718305826160543,0.22852022455710574,0.24871492086725955,0.22155819631416473,0.18277264488612655,0.17708088493039215,0.22373823826295305,0.20968593964255197,0.19073518217359955,0.24024134472277875
rustedHinge,0.19598774878589328,0.1795272973254784,0.2351788724188052,0.2573099258322452,0.23616213343618975,0.24392729811041822,0.22373823826295305,0.20806541832304373,0.19203112556168436,0.19464633084758298,0.2449167354457511
hinge,0.17767220462061603,0.16071092916488744,0.2110359102987884,0.2345008907954415,0.211335018485691,0.22905700344972224,0.20968593964255197,0.19203112556168436,0.17148977619813743,0.17293740319718878,0.2198678839168386
trapezoid,0.16667101710575502,0.152300341200029,0.19993250813949723,0.22036630810818056,0.18677231140595896,0.20650152538796976,0.19073518217359953,0.19464633084758298,0.17293740319718878,0.1557698317113151,0.19514181595793395
random,0.22048695809281774,0.20969565935144469,0.24501461788498102,0.2621991923396329,0.19074122326620666,0.26220549300436363,0.24024134472277878,0.2449167354457511,0.2198678839168386,0.19514181595793395,0.18660832977769887
