,square,rectangle,parallelogram,losange,isoTrapezoid,kite,rightKite,rustedHinge,hinge,trapezoid,random
square,0.2181011148758825,0.2470298611045982,0.2728692383580114,0.29755298396771723,0.23955450579493093,0.2340760910977776,0.230118656315768,0.25853717043457575,0.2532901769116992,0.24613524904654693,0.2714458979292098
rectangle,0.24702986110459826,0.20980636894415097,0.24064364245251105,0.26992208956058833,0.28200209794190967,0.2562549691626445,0.25412038075785387,0.24148258607363565,0.22946345361710696,0.2599047433351539,0.2903387641980057
parallelogram,0.27286923835801136,0.24064364245251105,0.2286555140311426,0.25341617492206353,0.29386598448397755,0.282216533282166,0.27252625977599787,0.2614721209415914,0.2491358266125662,0.26277468510318175,0.2890899572156435
losange,0.2975529839677173,0.26992208956058833,0.25341617492206353,0.23337633941561214,0.30233101965869824,0.30136635812531726,0.29407706889738766,0.2718007995355025,0.265721042533317,0.26910070571292893,0.2739765551170408
isoTrapezoid,0.23955450579493096,0.28200209794190967,0.29386598448397755,0.30233101965869824,0.21715452996157053,0.2420965181250791,0.23987255824450082,0.28569031733918937,0.283772297198915,0.24926658081954867,0.26413049179691306
kite,0.2340760910977776,0.2562549691626445,0.282216533282166,0.30136635812531726,0.24209651812507912,0.218856156895314,0.23114867844640888,0.2747270168213852,0.2707926151701145,0.26224731608502483,0.2835451057360389
rightKite,0.23011865631576803,0.25412038075785387,0.27252625977599787,0.2940770688973876,0.23987255824450082,0.23114867844640893,0.22013067575251888,0.2695610524839412,0.264669404713999,0.24636795841470846,0.27688427513669017
rustedHinge,0.25853717043457575,0.24148258607363565,0.2614721209415914,0.27180079953550257,0.2856903173391893,0.27472701682138523,0.2695610524839412,0.2227085447483981,0.22439122201004058,0.2673283731915389,0.27959473260706114
hinge,0.25329017691169914,0.22946345361710696,0.2491358266125662,0.265721042533317,0.283772297198915,0.27079261517011455,0.2646694047139991,0.22439122201004058,0.21804543909956747,0.26106607099734913,0.27874244780935487
trapezoid,0.24613524904654688,0.2599047433351539,0.2627746851031818,0.269100705712929,0.24926658081954867,0.26224731608502483,0.2463679584147085,0.2673283731915389,0.26106607099734913,0.22445774516977843,0.24849344129104284
random,0.27144589792920987,0.2903387641980057,0.2890899572156435,0.2739765551170408,0.264130491796913,0.2835451057360389,0.2768842751366901,0.27959473260706114,0.2787424478093548,0.24849344129104284,0.22686279695088454
