,square,rectangle,parallelogram,losange,isoTrapezoid,kite,rightKite,rustedHinge,hinge,trapezoid,random
square,0.16148945486162924,0.14685470009075707,0.2091221414018308,0.23170844655418807,0.21317193137177903,0.19450191725853933,0.1882276430935212,0.2026846882675244,0.18371323801907638,0.17241034644493794,0.22939510344188313
rectangle,0.14685470009075707,0.12145104900400877,0.1808823977753227,0.20663753097206944,0.2039149148593771,0.17610469450639532,0.17303165858699443,0.1861910282626397,0.16654955301560564,0.15862537322482193,0.21904614992811186
parallelogram,0.2091221414018308,0.1808823977753227,0.2052402003320396,0.22853446911290043,0.24280565282732722,0.23553354935026316,0.23544301596126496,0.2427670835387074,0.2179043581015048,0.20658399700217775,0.2543118288589323
losange,0.23170844655418807,0.2066375309720695,0.22853446911290043,0.24451691147134014,0.2630915982624285,0.25471648530450386,0.2564966619139724,0.2656532980264862,0.2424561120979772,0.2274699835847194,0.2712877239043017
isoTrapezoid,0.21317193137177906,0.2039149148593771,0.24280565282732722,0.26309159826242856,0.1868027169311346,0.24483929777687288,0.2265681389517979,0.24352715699445143,0.2187925916901597,0.1922426866349407,0.19816555225427385
kite,0.19450191725853933,0.17610469450639532,0.23553354935026322,0.2547164853045038,0.24483929777687288,0.1765548897818474,0.18665274818846944,0.2496003629005915,0.23441217352157093,0.21173127805774036,0.26940006754494217
rightKite,0.1882276430935212,0.17303165858699443,0.23544301596126496,0.2564966619139724,0.22656813895179786,0.18665274818846947,0.18024188903107702,0.22906758088703857,0.21488306308739835,0.19543107714023944,0.24698278310165267
rustedHinge,0.2026846882675244,0.1861910282626397,0.2427670835387074,0.2656532980264862,0.24352715699445146,0.2496003629005915,0.22906758088703855,0.21227929989002803,0.1965709092010232,0.2012558959006459,0.2528915194309765
hinge,0.18371323801907638,0.16654955301560564,0.21790435810150482,0.2424561120979772,0.2187925916901597,0.2344121735215709,0.21488306308739835,0.1965709092010232,0.17575312498288395,0.17941660995811562,0.2279093998301229
trapezoid,0.17241034644493794,0.15862537322482193,0.20658399700217775,0.22746998358471945,0.1922426866349407,0.21173127805774042,0.19543107714023944,0.20125589590064596,0.17941660995811562,0.1600526042427875,0.20200580052373257
random,0.22939510344188313,0.21904614992811186,0.2543118288589323,0.2712877239043017,0.19816555225427385,0.26940006754494217,0.24698278310165267,0.2528915194309765,0.2279093998301229,0.20200580052373257,0.1929513900823513
