,square,rectangle,parallelogram,losange,isoTrapezoid,kite,rightKite,rustedHinge,hinge,trapezoid,random
square,0.15911845743089048,0.14316772203587397,0.20275286061167394,0.22341657180962662,0.2051913113813697,0.18811896040092574,0.18185420256500862,0.1949879465825801,0.17670678142202517,0.16545501558412878,0.2190182055345866
rectangle,0.14316772203587397,0.11830155287571639,0.17480787253877614,0.1981368070266927,0.1948298487667037,0.16903454757417619,0.16596456369434937,0.17852798627599573,0.15978660756832283,0.15092248495431337,0.2079892421560084
parallelogram,0.20275286061167394,0.17480787253877614,0.20012065780426957,0.22196432916506142,0.23326228488311013,0.22725831191507823,0.22723879814757583,0.2341012654350796,0.20999476079034854,0.1987195925938535,0.24354278016866027
losange,0.22341657180962662,0.1981368070266927,0.22196432916506142,0.2387156608870367,0.2529741292575919,0.24537186000347577,0.24733044031567425,0.25612843641449573,0.23331140783139315,0.219214859764116,0.26095397740825454
isoTrapezoid,0.2051913113813697,0.1948298487667037,0.23326228488311013,0.2529741292575919,0.18150514635840195,0.23848925460957135,0.22090730582973253,0.23495725479520477,0.20999502306776163,0.1859017735674153,0.1896475578989118
kite,0.1881189604009257,0.16903454757417619,0.2272583119150782,0.24537186000347577,0.23848925460957138,0.1720517586858377,0.18211650910435329,0.2428543361412116,0.22795421795553783,0.20540796154148167,0.2610181189134893
rightKite,0.18185420256500862,0.16596456369434937,0.2272387981475759,0.2473304403156742,0.22090730582973253,0.18211650910435329,0.1765626356490362,0.2226600170489134,0.2085575236008093,0.189809073149676,0.23917372029588596
rustedHinge,0.1949879465825801,0.17852798627599573,0.2341012654350796,0.25612843641449573,0.23495725479520477,0.2428543361412116,0.2226600170489134,0.20757228090413382,0.19142755297680306,0.19335700064696518,0.24365189975630866
hinge,0.17670678142202517,0.15978660756832283,0.20999476079034854,0.23331140783139315,0.20999502306776163,0.22795421795553783,0.20855752360080934,0.19142755297680303,0.17089447198175234,0.17159594690119245,0.218522075116015
trapezoid,0.16545501558412878,0.15092248495431337,0.1987195925938535,0.219214859764116,0.1859017735674153,0.20540796154148167,0.189809073149676,0.19335700064696518,0.17159594690119245,0.1550110465750798,0.19423550888270386
random,0.21901820553458665,0.2079892421560084,0.2435427801686602,0.26095397740825454,0.1896475578989118,0.2610181189134893,0.23917372029588596,0.24365189975630866,0.218522075116015,0.19423550888270383,0.1859004284939783
