,square,rectangle,parallelogram,losange,isoTrapezoid,kite,rightKite,rustedHinge,hinge,trapezoid,random
square,0.16012309158536606,0.1446939973195508,0.20546070195973676,0.22682523049793665,0.20801609796205925,0.1908259642171876,0.1845870228196275,0.19781657390948632,0.1794178863543361,0.1685856473550012,0.22279978128100497
rectangle,0.1446939973195508,0.11951062244530249,0.17722472147266236,0.20145409075369705,0.19820513643359508,0.17205806064592283,0.16902738757151284,0.18123634303228964,0.16231254691477415,0.15434582836775718,0.21216362482365245
parallelogram,0.20546070195973676,0.17722472147266236,0.20206753135668698,0.2243204186404675,0.23692396908196708,0.23080522849762547,0.2307391443231971,0.2372109517112804,0.2130475384768765,0.20203026162554488,0.24747633969716057
losange,0.22682523049793663,0.20145409075369702,0.22432041864046756,0.24067713588544992,0.2567890397522203,0.24928332983978171,0.2511353961505295,0.25956531923016607,0.23680681017183036,0.22251094444852126,0.2645650587652137
isoTrapezoid,0.20801609796205928,0.19820513643359508,0.23692396908196703,0.2567890397522203,0.18322875388768586,0.2406719426469387,0.22292709026720361,0.2381700100726397,0.21342753848385734,0.18825196378959727,0.19264348925119726
kite,0.1908259642171876,0.1720580606459228,0.23080522849762547,0.24928332983978171,0.24067194264693875,0.17379565847151834,0.18398171723010062,0.24564992015897177,0.23078491989349134,0.208197709377692,0.2640243523208263
rightKite,0.18458702281962752,0.1690273875715129,0.2307391443231971,0.2511353961505295,0.22292709026720361,0.18398171723010068,0.17806319458950254,0.22537465955270133,0.2113565096545107,0.19224447640973902,0.2419635753598462
rustedHinge,0.19781657390948632,0.18123634303228964,0.2372109517112804,0.25956531923016607,0.2381700100726397,0.24564992015897177,0.22537465955270136,0.20910495457067518,0.19319212987197856,0.19665978323331323,0.24691856002133208
hinge,0.1794178863543361,0.16231254691477415,0.2130475384768765,0.23680681017183033,0.2134275384838574,0.23078491989349134,0.2113565096545107,0.19319212987197856,0.1726170957029866,0.17500851857941233,0.22192248486108396
trapezoid,0.1685856473550012,0.15434582836775718,0.20203026162554488,0.2225109444485213,0.18825196378959727,0.208197709377692,0.19224447640973896,0.19665978323331323,0.17500851857941233,0.1571108061678251,0.19688119394813608
random,0.22279978128100497,0.21216362482365245,0.24747633969716054,0.2645650587652137,0.19264348925119726,0.2640243523208263,0.24196357535984625,0.24691856002133208,0.22192248486108396,0.19688119394813608,0.18806676486455481
