,square,rectangle,parallelogram,losange,isoTrapezoid,kite,rightKite,rustedHinge,hinge,trapezoid,random
square,0.1606676968331504,0.14597873402513195,0.20794763690940396,0.23036776579819657,0.2118460315708232,0.19335659697881247,0.18711463700926176,0.20148066818953625,0.1825349539281973,0.17131768330362776,0.22799456151540154
rectangle,0.14597873402513195,0.12079662868532957,0.1798874349108631,0.20543220621426414,0.20281700537074843,0.1751448440087205,0.17211903417548205,0.1852495709926037,0.165617164910276,0.15770173545636232,0.21793699679009734
parallelogram,0.20794763690940396,0.17988743491086315,0.20423033887260325,0.22735541201018025,0.24158750975423945,0.23441259499951742,0.23436007837456915,0.24163115412662214,0.21678470341659864,0.20550003250615265,0.2530594759952995
losange,0.2303677657981965,0.20543220621426414,0.2273554120101802,0.24340794966965185,0.26177363591436736,0.25352818784154096,0.25533634300417146,0.264417783060223,0.24121877194672428,0.22628746612990694,0.2699621695536498
isoTrapezoid,0.21184603157082324,0.20281700537074848,0.24158750975423945,0.2617736359143673,0.18600035901030218,0.243815986891575,0.2256960717708305,0.24269423495558629,0.21794968938389014,0.19137300258542905,0.19727502073359182
kite,0.19335659697881247,0.1751448440087205,0.23441259499951742,0.2535281878415409,0.243815986891575,0.17578004198736366,0.1858931308088189,0.24867029632541285,0.23344654504759796,0.21083973098385397,0.2683556235082061
rightKite,0.18711463700926176,0.17211903417548202,0.23436007837456915,0.25533634300417135,0.2256960717708305,0.18589313080881892,0.17956142954340915,0.22829307407599456,0.214077684636234,0.19463767712673344,0.24605261910931472
rustedHinge,0.2014806681895362,0.18524957099260372,0.2416311541266222,0.264417783060223,0.24269423495558623,0.2486702963254128,0.2282930740759945,0.2115425819686038,0.19582575371831573,0.20043564359434188,0.25204496906449475
hinge,0.1825349539281973,0.16561716491027598,0.21678470341659858,0.24121877194672434,0.21794968938389014,0.233446545047598,0.214077684636234,0.19582575371831573,0.17503135611377896,0.1785892856720091,0.22702961243974443
trapezoid,0.17131768330362776,0.15770173545636232,0.20550003250615265,0.22628746612990694,0.19137300258542905,0.21083973098385397,0.19463767712673347,0.20043564359434193,0.1785892856720091,0.15933163355601263,0.2010801421548364
random,0.22799456151540154,0.21793699679009734,0.25305947599529943,0.2699621695536498,0.19727502073359188,0.2683556235082061,0.24605261910931472,0.2520449690644948,0.22702961243974443,0.2010801421548364,0.19215330516089402
