,1610555604.25mOvVXuL01OCiReyVWBfesjuvXmB3MoPy,1610555605.43B6oDsBtWRQ29Q9UMQuTUEPZy3FSSWXzc,1610555610.92HPGJJSmyPM40z7otPBgHalNrHFA7zk5d,1610555606.68LaSQbm9EHAFycEfFtEqAwYqlBsQPjIRW,1610555617.19EKxMEwDHfXiEJZc27TsGoERaD6Da4BZU,1610555722.52PJ3FD50MGhRXyUD28vluU8Z9UjLJLZn4,1610555617.52Ijr5puT55g9apK8auM7zaxa3NANg502t,1610555638.77ZLjTLkz4jYJdFMI2wWBztzsDILkoOtAk,1610556912.46C7tJPLF0XfNnm8f1820X9aLmXMHoc0Dw,1610555617.51LjzIROg0aeCP2GhDcAVQ0LipKJB9jmKc,1610555608.17OpjjHobqRkX0UPcaXrbu7K6L3805SZri,1610555721.82zWeNZfGUUfRJkgnAwlP8VMhPzXctnSd4,1610555735.75bom85BDF0C7W2eIseHeMxi24qR68nzMi,1610555735.77NnT5xqKnwcf2BbjIekeb2arTQj6QMNwk,1610555638.33wjf1PhdNaoWfbRzXVn50hmFyB5bYAiLV,1610555606.65jCE4ig8Pu8kvAzkxnSGfWsV0nQBjCf8H,1610555608.18ONsBCVo1i7BrX0XG9stct4oiA6ejX9Oz,1610555721.51RNoQUMP19FTMS79BmA3JkgSm2IC2AQuQ,1610555971.86O0cHB2ibBJ8jxoObg01EpGe8VVV5mpwn,1610556911.51zU3duZSGpcw1BDNsBLxdOCITAXwl6z3i,1610555988.71dMoYT8250UHHJGxgmITTmbHe7V6gH1yU,1610556042.81mlUZsSp7gbGjrp8jQSnybT1gPy6e62o1,1610555637.02UBW5nKvDyUrKnaWcYRGajZPxTRDS0q3N,1610555619.13oUYNikU4facCTpUSiSLr0vPI0tJLnXiT,1610555721.03nzkucfjAUh31zTbmCVvTVYqtjoxZFnBh,1610555722.67fhKURdXVzRbLIjXmjRwdJHTnE7PWb1AE,1610555638.39J2ZWBLuLTHP0jOlzB4tNHmYeijH5g5YJ,1610556032.17Q6yCDx9g7alRnL9jBFXD2JhhUyB2hKfJ,1610557007.49MyVgDnuUuBxrvL6SGOdhKf69VYlW1MSm,1610555638.44hjT5hbYdKoE3MB6hijrjqbjmLgvCUYKD,1610555608.13zUvmFSCRt6SsLbhqFznMEvGx54GPGQzM,1610556038.62a5C4ynd1AARyAhTv8a58NCqHvXRjscqH,1610555644.45Xse8u7pusHNsd7F3d0A32HXvXr6weOJE,1610556038.62gKXOCG7XCn55eJvyl5voNjbwOW0znQDq,1610555987.13v0oleKK97pkesp6oMgprH8SoSdoDVdIO,1610556964.96ZLLeiQW0qpmxhPGTg7K03fmzkqsC2bjC,1610555987.13VQlEedQ50VvkPMEMzZDv3KNnQCewykN9,1610555982.186TY6MMGkDecIN1woW6vsfAMXVV7jnyjO,1610555982.673LuMndkwkvdmZOn0MmE2Pkidx0FtNalb,1610555733.38zItcuH7gHNfKdALR2d9Nek6bxCyw36Vm,1610556034.15BQxSbZINGCay0yp6RBVlgcPrw76Yn9ON,1610555639.37BPZpgtGml8qUsh9AdV4m32jPLfI2aNFq,1610556965.57S0adAalhWYe6K3bkZU0bRHbqnDK8gGkR,1610555983.54zteLPCMjyrjzPdhHhlZr3faCgD0TfYr3,1610555987.79rHnNRmt9a0ufmnwCvZqBouyUoZDNpylW,1610556960.041xWER61rmArlsKfiMl4frikWmUCnQ7op,1610556035.13a7NHZDutfTMJ88qle1gTYY59Dr4WmMsj,1610556890.456ZBDaY16bMtrTZTqAgHl3wq1tRxzqDow,1610555760.24e6890pkbyZ97Or6croI1rQgjkSsR0yVt,1610556043.02YpWMIJg3W004iqlPyv8OcVAZdSC5rNYw,1610555987.03z05P26TLtONYM1HSzupoc2CeNMa6HTqr,1610556032.15OYCzUxpsz7b10AXBAuDXrvEcvxFhf0M7,1610556032.63Z80yI9pNwS3jSmsDABbuhf8wkNa2Ze9y,1610555736.28eGuESasTXdR3SqY6pHhEXWZtcdciYLCO,1610556034.61bebeZA0MkaFG2sm3VKiqrxeqQginTTW0,1610556944.5XwXOphKYT3ZkWA8gViqOS97VHVuMVUqb,1610556944.745UVLFBzf7fPh4UH37I6tYQOFPqRDytEh,1610556034.63XsUwaFaPZevO1JNFjfhvY4aKNFnV4noV,1610556964.89xwBHw9faT1HjQRMNQEyA4qJ3hWkwgj3k,1610556966.74DydzH91jtyvRyYau47JpVkZoMRSNTt01,1610555740.77UueVziDbaXyRR4OcVJIIZyzOfAzN51bj,1610556046.84e3vwjyRCzqz0wJQhrk8zsxlFfFSv98Df,1610556137.99eoPuVrDThKAOvmeprLPb2FWRqIhzUodc,1610555740.73XFwSrmTXJPlaxGZSefh0jOVA8PI3III1,1610556123.88AOfNaz9jSnqU5Czc7okOv1RCrYfKFBTo,1610556046.85nB7NvyoYQeLcOV391Lmmut1wAM8CFGLw,1610556123.89H4pdIAzDthI7bMXMhlIhKUYIQIvtmPPQ,1610555740.87GOYQUJKpkynIS2lFqppYK4b32ol7NeGh
1610555604.25mOvVXuL01OCiReyVWBfesjuvXmB3MoPy,0.0,73.68957292158548,49.563671560565375,92.0155514129658,77.05936333818076,90.24676876008549,71.32290938290369,59.28696834330436,79.25783948100806,70.58235587678105,94.3449635356493,85.1943409146205,67.38218059549189,63.96845065706253,84.39427374282293,80.13610009794927,95.12965515721024,80.05504669308941,89.97262876364177,78.59790720002268,97.15430920253762,88.13764519280332,80.20220054533344,58.09514000629072,81.1674700369652,95.22516128356432,81.20419112183829,88.3553468302747,90.18391007443465,77.3846523180422,84.73956487774392,79.268693923172,69.28202691633456,88.7593646934928,92.38606758542754,91.60103438231658,95.3952753541872,80.85935973549907,85.52348299964173,93.1635268984103,81.26755107290771,85.76750229258732,90.01382515178568,89.21531916683395,85.46159952883568,95.0964476031687,87.66064952883296,84.2404965934291,88.40150542789839,90.55131867388947,91.86951207158752,86.85372443410982,88.17901533719755,86.5275703537832,78.72589436330091,87.98087300661754,94.27388367879713,81.23439473644295,89.5087380071571,88.4386157162281,86.60343023670038,90.1376702975028,88.61032585807303,90.12439505131907,87.24909061170624,88.54080507569762,93.81311573571506,87.5138012642624
1610555605.43B6oDsBtWRQ29Q9UMQuTUEPZy3FSSWXzc,73.68957292158548,0.0,67.02452175016997,69.75491611359543,69.68468696135004,73.12603493349117,64.1389995431501,68.38141578816733,67.32657995228736,59.74353020203243,67.9823054302008,66.3864580538297,53.21292055105076,67.23002135780283,57.39306325536193,59.164438118749956,66.93513586527015,53.3598858049905,75.4119162247082,61.66879998940833,78.74809078561621,62.98873918636422,69.36931720026641,66.65846294139584,58.81449530298817,78.15063407383265,64.56916790594225,68.43720585865756,68.79385771322198,68.61946136553347,66.23051294972772,63.17162692576892,66.2670160989749,67.87862040941526,73.42128003288154,71.1360217863401,74.18402432021857,61.71470385340641,57.3410438652982,75.30665184062075,66.46110084955396,55.526758564571175,70.04220900846661,69.34734394303409,58.97038120044193,69.56545561776423,66.84123915012822,67.77262402766954,66.82159232614796,70.71231860397037,72.75470777599224,68.21131901567821,67.2593192305253,61.89042338833366,65.90762585921374,70.64273291993669,74.5735816641719,67.38983761411868,71.07080989006583,69.4098862978376,59.47054349639135,65.44907504050668,66.19569619866209,62.69596095996674,67.47397742141493,62.528647839320236,75.30771862426911,63.10446230437803
1610555610.92HPGJJSmyPM40z7otPBgHalNrHFA7zk5d,49.563671560565375,67.02452175016997,0.0,83.83596156873828,71.24682402261743,81.66873316234496,56.48156813933006,48.50553510449122,70.26421918853694,67.71412174377325,85.95357496760406,78.28792622639263,66.18629098282801,58.27274880424979,74.23610980020679,71.37228855149618,86.42640600341203,71.03285265429119,80.81042198859636,70.88165988058542,89.10892533924199,78.84755899949553,73.08347690915626,44.085658788802554,73.99112945539605,87.67651598954151,71.15661942926602,79.2774107735693,82.72631393202259,64.69643052526527,75.54316723399367,72.26094597632161,71.08794172920848,79.07368737424396,82.56159534806876,84.54785698777653,85.75326797723275,73.19846578597334,78.59481310143588,85.86626363875989,72.80265960344559,76.28581260288723,81.54693111721184,81.10340488474532,78.04378282454323,87.63931973274471,78.74280232880385,73.66628908604832,77.88219864997559,82.14733965467327,83.65526250388494,77.17167883599849,80.82514520685994,78.28729348379605,71.02007208460738,77.70156740955649,86.19244692132771,69.91713967881556,80.45386239091994,78.11550840115716,76.86234070521624,81.90186127863635,78.54275446611429,80.43876569744005,78.3643444531979,79.29692578958097,86.05172984270733,76.62751788671129
1610555606.68LaSQbm9EHAFycEfFtEqAwYqlBsQPjIRW,92.0155514129658,69.75491611359543,83.83596156873828,0.0,78.26755119339185,74.30642926142657,80.63888060907851,84.24648332270111,79.52180488088634,81.5532368651433,55.19778862632944,81.0003327882288,80.67159559739898,84.11571606643844,77.29601310413088,70.886295617347,66.2524210276214,68.64186615660437,77.92437728446353,75.22688864951621,73.94950162921293,71.30184765965383,75.6778767396716,83.16152838386463,75.31373540593941,79.19806288470386,75.73225670867355,72.25388601233036,74.98295566893053,81.11070837211852,77.91691234633093,82.61671309997361,88.8096309499609,79.17560318394224,77.0683382814307,74.23517300377434,80.30117845335865,74.67020742123809,79.95720539269105,81.85376616720106,73.14809495404103,69.850384860651,69.1455993976846,74.98469464829088,66.71661536947754,56.56658900075063,72.93750176839595,75.12415798385373,81.48376375612416,78.25176308049788,75.77960078476958,75.55150473758935,80.65021118947085,75.69500032368373,79.59466071256062,78.59442613524334,70.54147837928694,79.55453579150489,74.12830951485957,71.90405771720908,72.96947046910616,75.03014718746469,78.4485750847804,76.0053811711471,79.36523053258308,74.02521414910296,82.9823219004868,70.7491319053261
1610555617.19EKxMEwDHfXiEJZc27TsGoERaD6Da4BZU,77.05936333818076,69.68468696135004,71.24682402261743,78.26755119339185,0.0,76.31838361953713,71.40307607941044,72.82045350645174,61.973801015228375,72.70837803923938,79.99029765761269,81.75580730040444,74.34910188185262,73.11604388173478,75.8491165248629,74.50518644172801,80.8727710032303,68.63254846783113,74.29355668748401,66.87005025016691,84.61189401237134,76.66376648051386,60.95730597785494,71.16894011160888,73.69455475917498,80.47224098890518,59.383324988487736,78.99120240017787,81.08870809257404,76.80218807529792,74.19352663330132,75.42313975375748,79.6092966357761,75.06371147390693,82.10503947613914,84.49436243178452,75.91286816325407,73.9667944792494,80.12442109020681,84.98636947917666,74.02806501320846,74.74763059836161,76.90053056724629,81.15110301607096,75.3213244174469,82.87231250511931,75.39794556664734,72.73742988471841,73.0002660353666,76.20376726914847,81.57746995284064,77.07771247824614,78.59424509847447,77.14738078170832,75.85608210235385,74.82710024703196,77.78488439236632,79.70634181695848,77.46171572776474,76.87649555276579,76.12353994992966,79.86156464994967,75.01149657476196,79.54328562620282,72.92981829283497,78.08027262465549,82.42110272704342,76.50013186649818
1610555722.52PJ3FD50MGhRXyUD28vluU8Z9UjLJLZn4,90.24676876008549,73.12603493349117,81.66873316234496,74.30642926142657,76.31838361953713,0.0,79.64571926970088,81.80902851411543,74.45732807978847,80.77960837101246,71.67344506970682,83.64933971775528,80.10070822166615,82.54317532011042,79.8170194016245,72.2903659754349,74.75450488796324,74.06346783608376,64.33059441913667,72.90096046853941,83.2698154788468,75.85901805231205,75.41112819661028,81.14065794261077,77.48175297726708,42.16646749040023,69.57528935389732,78.43837470863377,72.65484343291921,82.40319642449556,77.09233045355072,79.76207743934066,85.76069221097805,75.57009761750153,81.53547919302135,81.43064215899406,80.94397782913143,73.05379985564369,81.56433714663842,83.74617018404643,77.59520501777504,74.94945019130655,71.89407912290513,82.26893267294363,76.03838002583922,73.32418783302847,75.51144529334489,76.91951254252649,81.82031455008278,79.77915809243883,80.92343546638023,75.44973236304885,79.67914580718886,79.2845439366972,81.00425592667726,73.53687001790139,81.93420526122547,79.9541096257802,76.27011806835354,79.20594667592502,76.98929736395202,80.9828590652548,79.95985611689203,80.15263265415284,81.31587631704431,77.0235609675993,85.14425571649964,73.66981022579242
1610555617.52Ijr5puT55g9apK8auM7zaxa3NANg502t,71.32290938290369,64.1389995431501,56.48156813933006,80.63888060907851,71.40307607941044,79.64571926970088,0.0,67.21859863710336,70.05770637579592,70.17699976095724,81.07097538593712,77.07357182525166,68.1233552173536,59.24384666188616,70.20593605256596,68.71294278035485,81.6433426260567,64.65068785074155,80.7642430580666,70.50161915185389,85.81833173751964,75.77801636959569,73.92421960699065,65.57784028061413,72.5280965741218,84.72950716652144,73.36416587858974,77.607081906852,80.91101432195288,59.425177688079685,75.39688954450702,72.02776676815809,74.71374734376339,77.37588044907575,81.06472810558387,81.77527427312175,82.61714665227692,70.60660701074781,76.90876557062306,84.35333300179457,70.9358920755667,71.49652872036418,78.66965227482355,79.02463218305508,73.4901281523193,82.54837968823867,77.06489166676927,74.10647038280901,78.73097075532941,81.7994645462409,81.95067414592316,74.73961619502906,78.78652460522893,74.44421263978737,69.25890730465152,77.02776084694418,82.94070792351275,69.66548922218226,79.13147787032251,72.60276629520052,73.40540677555289,78.53471240037312,78.23837501639306,76.59312133977616,79.39693818859956,75.7177555674893,85.8808049121648,71.55693749783978
1610555638.77ZLjTLkz4jYJdFMI2wWBztzsDILkoOtAk,59.28696834330436,68.38141578816733,48.50553510449122,84.24648332270111,72.82045350645174,81.80902851411543,67.21859863710336,0.0,71.4210737215171,70.33411557192937,85.00396878405864,78.42124383323969,69.09990204144634,57.01266737872581,76.13634048034174,73.87987821525591,84.8504947554922,72.56580693534406,80.83612965502533,72.49855011982605,89.06426405685012,76.978354649853,74.90845654997877,27.990758828022816,75.4497889823577,86.84292403413333,72.41220857981527,79.42640558455268,83.01471118414652,72.22586241892509,75.45756038557636,70.4655748372272,75.15758413628532,79.16881464088434,83.64649922871634,84.59154028543644,85.68548176200476,74.01763546632672,79.49767141829545,86.40972303146287,76.15207166795436,74.63659312052589,82.02703313777374,81.68873102342985,78.37480751517093,86.87155491372035,79.51081553302402,76.78465776808794,77.67395025172941,81.8736353935079,83.17335759603816,79.50032497810055,78.40930809690741,77.04611550776917,75.02286427490114,79.56637401038628,85.57127048226987,75.35509913959794,79.60874967430901,79.83171099648956,77.103003584005,80.03814997705128,78.25000091744538,77.76847493590543,77.57541834361585,76.77376804297035,86.59101649894947,78.00184399329234
1610556912.46C7tJPLF0XfNnm8f1820X9aLmXMHoc0Dw,79.25783948100806,67.32657995228736,70.26421918853694,79.52180488088634,61.973801015228375,74.45732807978847,70.05770637579592,71.4210737215171,0.0,74.47785788886075,78.09256366412252,81.17049797720342,74.77772212348265,71.61680370721798,70.62143341602645,72.44560267191578,77.53967825970261,63.14518728918255,71.32121278830587,68.85991809412594,84.055578678424,72.576226636553,69.51909083374983,70.64735331884422,71.39289247874882,78.02524426114836,65.13855200137495,78.40184892442583,79.13987760584705,75.48496550354605,73.41836078918439,70.9429046393139,81.98594362203701,75.03952023296915,81.76849720670526,82.56048672167577,77.71198522333482,73.26053699491536,77.76459617528873,82.7186856998386,73.74091532964708,68.29330629477182,76.64520564896641,80.63201188636339,72.13941462469192,80.97971885328779,74.18077543965734,72.6294267926891,74.00286409896921,77.00921661038815,82.49978493136135,76.11377599810379,76.96366276430379,75.08340956423176,76.4230704399126,71.78586713939715,78.31258658631829,77.7234427201792,78.75960588348177,74.92130897246696,71.2427715869457,78.41974715336039,75.00467054722279,74.2210915954297,75.45090155866049,73.76459430835614,82.06903246490694,72.1738774933723
1610555617.51LjzIROg0aeCP2GhDcAVQ0LipKJB9jmKc,70.58235587678105,59.74353020203243,67.71412174377325,81.5532368651433,72.70837803923938,80.77960837101246,70.17699976095724,70.33411557192937,74.47785788886075,0.0,82.1428259856512,74.62171366438523,50.75461395843364,69.90443408613689,71.17419985198904,70.81250468379879,82.4203738694961,69.89783166204731,83.13049952335001,64.56922754656689,87.4867854727483,74.92850839680135,72.89222159128559,68.78387100617276,69.19706739932666,85.81633926935102,71.35567158583417,77.60570389789979,77.21077824173108,74.35372528430433,74.33849632021294,73.52543689658611,52.52760755051028,74.72839838789159,79.90687269597778,80.84707844692066,81.4276169612005,70.15159621192922,70.69139457718204,84.0115176736901,73.69644319021164,71.14202543858727,79.23162456113359,78.39084153362083,72.95825785251793,82.9560027609922,76.74668569255945,73.1617483831971,66.68078252081754,78.91879130524511,80.99202376098714,77.33125936476601,76.63923100893194,73.50059393929114,69.4564664456791,79.46387969599655,83.72906773491276,72.31768911500978,78.75435909382662,79.04398705586904,72.56952960249903,75.55506162088535,73.96482540698479,75.83816915776585,70.78376596527929,74.49868859576846,83.31239952303055,74.97718978023478
1610555608.17OpjjHobqRkX0UPcaXrbu7K6L3805SZri,94.3449635356493,67.9823054302008,85.95357496760406,55.19778862632944,79.99029765761269,71.67344506970682,81.07097538593712,85.00396878405864,78.09256366412252,82.1428259856512,0.0,81.63056173001308,80.61209148366913,85.6235476227018,72.17251762751798,69.78255217366318,38.924689996336305,66.1492812297085,74.4605884122269,75.6138994914639,71.40576112853437,64.74170663212203,77.86655768006977,84.503447616765,74.00608531689043,72.25304345287661,75.1789621069771,73.07466225307873,72.06598681104042,82.27567536973136,76.12533334473179,79.07540073602382,88.73288204878502,79.02405722663258,77.44395275834445,71.54599780793676,76.82192710505345,74.12784592038469,77.54535688935376,79.41732571068293,76.74332099248805,60.080808970532715,66.87513819623481,78.25853482908003,60.186108159797485,49.646194836987284,71.49607315222305,74.11168218323354,81.0213438159782,75.1146357954799,76.71306896344701,75.01734740933748,77.77901728550442,71.36203209665972,79.09827279177728,77.64767197478754,68.22908186856087,80.96851373155197,73.20263110712057,73.26151634210804,65.57778875346145,68.75288166117278,76.16347494107137,65.39233506857188,78.83171821028664,65.07395621566026,80.2504159304324,64.6772829567715
1610555721.82zWeNZfGUUfRJkgnAwlP8VMhPzXctnSd4,85.1943409146205,66.3864580538297,78.28792622639263,81.0003327882288,81.75580730040444,83.64933971775528,77.07357182525166,78.42124383323969,81.17049797720342,74.62171366438523,81.63056173001308,0.0,73.5522623668204,78.66374707505413,73.99019246824751,72.10814032729778,82.52976899406079,72.83419323017188,86.70302051314317,72.53553808384386,79.7607407615141,73.55862054549242,81.47959949588821,77.71940907728562,73.18334405229423,88.80048042704591,78.57192267726336,66.16782381699406,79.01014064285476,81.67560935817619,79.20600188611698,76.83901487321802,80.43981956144555,80.78828227550187,60.358064075122435,80.76702736244636,84.81104402779131,74.88724304631272,76.7549902305537,83.53629227758927,75.35841042820849,71.45214436763915,79.78438389011245,74.44154613094756,74.37985197618661,83.6909792170955,77.19645361349738,78.5839384818859,80.53691484206406,82.23981112636332,79.69169808938884,80.32903230186736,81.79825249081539,78.13496736124782,77.2406582455957,83.33578680866081,82.96906070422436,69.71330147840177,80.13431456390389,76.45164738813217,75.08297953437332,78.58639387347034,79.84220165440156,77.52105369133359,80.99661256980677,76.07566847762719,85.00173429216873,75.41213951861894
1610555735.75bom85BDF0C7W2eIseHeMxi24qR68nzMi,67.38218059549189,53.21292055105076,66.18629098282801,80.67159559739898,74.34910188185262,80.10070822166615,68.1233552173536,69.09990204144634,74.77772212348265,50.75461395843364,80.61209148366913,73.5522623668204,0.0,69.04565522417607,69.45195853599832,68.79533540434345,80.15098916239864,67.55832155022117,83.50416357729884,64.64280758026094,86.89810762228674,74.04812020683164,75.08232152012556,68.35914515061738,70.70429289570079,84.81872895708,72.45044177113756,77.09067014236209,78.27484278622435,74.72124634222669,72.6498729608706,71.94556354579855,47.22209737220103,75.64266276860074,80.76171280337101,80.87742017636347,83.82309104489224,68.94684528619364,71.28088766572185,82.11520321550927,72.22892169600019,68.83288438887004,78.1859859147219,77.89943591216748,72.3493442611798,81.57166941778519,75.29803614590385,75.27550654540443,73.48140459202111,78.2985149009913,80.6257230724432,76.77880655374405,74.39515551648391,72.08618551618717,68.54314046534238,78.23466837590848,85.04685914922366,71.69670106552194,78.7911407493621,79.69893174752417,71.07917154166171,74.75367370368163,75.02422529775791,74.55458993221441,74.47185127364178,73.43572580185194,82.6173100377052,73.50984298965973
1610555735.77NnT5xqKnwcf2BbjIekeb2arTQj6QMNwk,63.96845065706253,67.23002135780283,58.27274880424979,84.11571606643844,73.11604388173478,82.54317532011042,59.24384666188616,57.01266737872581,71.61680370721798,69.90443408613689,85.6235476227018,78.66374707505413,69.04565522417607,0.0,75.47017655761277,73.68000555376575,85.37860579706626,68.73775260241179,83.10354333976917,72.7672731566847,90.00013288181998,76.50772913091252,75.59074644662877,56.93600307119587,75.02021565179767,87.38344296193095,75.47847144691328,80.84013808578108,83.84258980931313,68.94882296587475,77.85390183433495,72.1927191432481,74.62159735604749,79.16901092972302,85.45274640796859,85.13685649152308,85.91750383378793,73.39953533304684,79.22707740501193,87.83810269386755,75.0406456772279,74.32836645822681,83.03113634598965,82.74634379174519,77.81493718217706,86.56752439470488,80.71127323554727,77.20228269829826,79.72103205025252,84.21414410858596,85.01100043681053,80.93415814683082,81.37136287753953,77.4446998545894,74.73167850337214,80.39706602712403,86.74096550012368,76.28999937210209,82.04654397831398,80.60706664934365,76.3533385995924,80.34597758877716,80.62275565695306,78.23650299139949,81.0826250925175,76.47449323467865,88.37073751308455,78.3660339641877
1610555638.33wjf1PhdNaoWfbRzXVn50hmFyB5bYAiLV,84.39427374282293,57.39306325536193,74.23610980020679,77.29601310413088,75.8491165248629,79.8170194016245,70.20593605256596,76.13634048034174,70.62143341602645,71.17419985198904,72.17251762751798,73.99019246824751,69.45195853599832,75.47017655761277,0.0,67.17385036486537,71.53352942374792,60.90230798489199,79.04951935976099,71.29055498038508,81.51130615606664,61.05361391359124,76.70686464882635,74.84032382942748,66.29996307631133,82.94783728626174,71.28600006223675,72.13297094528369,74.52496821099099,73.40795642541381,73.30888880932655,68.90872493500348,78.1798156728952,75.17389416089827,78.82120758838423,73.67194163331618,76.6932642162138,70.30573904077764,68.66600844990289,77.52225049296386,69.45094226187595,47.519061982465196,71.18265579363054,76.60545405941457,61.10577474009944,76.69304102505748,69.96682991287626,73.87558262408618,73.71128625675618,74.45009672394535,79.0088905066008,73.50698052740064,74.06295844167641,63.10637332596646,73.10803014485305,75.23253960842595,76.37245536288863,69.00498643867954,76.89949926189327,68.63370103740753,45.23365264584609,64.24342276310176,70.58061024966618,51.32621934607051,74.43881977663523,54.205144720245855,79.03481975547398,54.1198617160283
1610555606.65jCE4ig8Pu8kvAzkxnSGfWsV0nQBjCf8H,80.13610009794927,59.164438118749956,71.37228855149618,70.886295617347,74.50518644172801,72.2903659754349,68.71294278035485,73.87987821525591,72.44560267191578,70.81250468379879,69.78255217366318,72.10814032729778,68.79533540434345,73.68000555376575,67.17385036486537,0.0,70.69082622199434,63.927226315087246,74.9569445525938,65.16390424902309,78.33627261144845,69.2567742806904,71.33145307018306,72.68973375578639,62.724008627781,78.17772574710101,69.74562626834076,68.83885777425151,70.84539414477365,72.6028147545311,67.02717192863986,73.68605754011028,74.50826892865913,66.78970500034097,70.26583071638055,67.15259540520141,72.95212320176226,47.20907932979476,66.54319588722464,75.01041036409008,65.28886190617419,64.07802089827663,65.1212479315744,70.55001914659552,58.24526937395,73.07759749877047,67.9209529828087,66.61598135750583,75.7501461953999,75.90634793327533,68.60424162974029,67.04555650004168,71.89612876857586,72.5249504998374,62.48217526009162,72.48912668597015,72.72229503218706,62.12267209382206,64.90200900911906,71.28226835462648,67.14358765205004,72.7333421811587,65.83867082156151,70.55989446207552,73.34246570894663,69.1860140331207,76.97810888938142,64.14230942213983
1610555608.18ONsBCVo1i7BrX0XG9stct4oiA6ejX9Oz,95.12965515721024,66.93513586527015,86.42640600341203,66.2524210276214,80.8727710032303,74.75450488796324,81.6433426260567,84.8504947554922,77.53967825970261,82.4203738694961,38.924689996336305,82.52976899406079,80.15098916239864,85.37860579706626,71.53352942374792,70.69082622199434,0.0,65.82474175251258,77.91475029157522,76.12383774560925,73.35243820485223,65.06756672507356,79.59759114722148,84.63663156704966,76.42387242779945,74.18276323363487,75.87668799008517,75.18214771099623,75.07416872067483,82.91467497645021,76.00026020477851,78.86530026587634,88.37884628463951,79.92061739191827,80.36106947791319,75.11643794794014,78.53974993761648,75.6918137498627,77.91386270782718,81.78016912740453,77.48489926506547,57.620158869778486,70.52047858657302,80.50882971665341,62.57433673229781,61.46300172195586,71.67207914559961,76.71151227616825,80.70826291947519,77.69886634591052,78.68418778347521,77.47511868223833,78.45943016941342,71.44012719910086,78.36976655789057,79.21209840234548,71.11886102810601,81.63618130518105,75.1405333769604,76.42510263590538,64.53147092701226,68.54644918832136,75.84266174842007,64.15719172372297,79.5601476234274,64.33733473733048,82.9681295152202,64.53320029536879
1610555721.51RNoQUMP19FTMS79BmA3JkgSm2IC2AQuQ,80.05504669308941,53.3598858049905,71.03285265429119,68.64186615660437,68.63254846783113,74.06346783608376,64.65068785074155,72.56580693534406,63.14518728918255,69.89783166204731,66.1492812297085,72.83419323017188,67.55832155022117,68.73775260241179,60.90230798489199,63.927226315087246,65.82474175251258,0.0,71.59241347175389,66.15353142767864,76.61333903422951,63.43809477694825,71.04936997688006,71.24579705564823,67.13232424203144,76.91100500091143,67.14416027104653,70.51840592672046,72.48030027342064,70.54975295190506,70.95326018405834,68.48899016967196,77.02771685970193,71.37350762263692,76.75592292984902,72.45858855658632,76.48690000195704,65.78614280343422,70.3102425460242,77.47298803027056,66.50360881244407,57.00562007464933,68.97018398469302,72.79124306472208,58.134790026183104,65.50911492047149,66.92408150280009,70.18447645226452,72.74763224182747,73.54220280576072,76.43626111534628,71.17711252304245,72.25258670086185,63.09708526458278,70.84602149664352,67.29001882167303,71.5276766269714,71.63157102796845,73.5447638454593,66.81875642605372,60.41553717226267,67.91154846446273,70.9776563553251,64.79766937071844,73.58664195405971,63.40505869269367,79.2146651928168,62.69032249821681
1610555971.86O0cHB2ibBJ8jxoObg01EpGe8VVV5mpwn,89.97262876364177,75.4119162247082,80.81042198859636,77.92437728446353,74.29355668748401,64.33059441913667,80.7642430580666,80.83612965502533,71.32121278830587,83.13049952335001,74.4605884122269,86.70302051314317,83.50416357729884,83.10354333976917,79.04951935976099,74.9569445525938,77.91475029157522,71.59241347175389,0.0,76.69317379528628,85.55908171547549,75.70527569464662,75.29241681528814,80.17939890891847,75.09198782589999,69.90901361538829,69.78437541700838,80.5863651367697,75.81593066303861,82.31864491096736,79.34964975509553,78.14822578232042,88.19923441896118,79.26003749816815,84.34333776600107,83.19970957338283,81.47989821536967,77.37630373774337,82.20213463285569,78.4904515764532,79.13865204352862,74.23362519847511,73.05449734384644,81.3941765879707,76.83095678789661,75.22247072674615,77.32492640015334,74.63159143636437,80.81685980541656,78.34177230276742,84.01790255008194,73.59510995855209,82.32795308990623,78.63385839478964,82.77940169492013,76.79320719188551,78.45793081221561,84.55660808411612,78.69952896715404,73.95694964969353,75.82412592333351,80.85575185340046,77.23393418202306,78.61625444053406,78.14455137964158,75.77860417242245,83.15928152935862,73.17677228415417
1610556911.51zU3duZSGpcw1BDNsBLxdOCITAXwl6z3i,78.59790720002268,61.66879998940833,70.88165988058542,75.22688864951621,66.87005025016691,72.90096046853941,70.50161915185389,72.49855011982605,68.85991809412594,64.56922754656689,75.6138994914639,72.53553808384386,64.64280758026094,72.7672731566847,71.29055498038508,65.16390424902309,76.12383774560925,66.15353142767864,76.69317379528628,0.0,81.53928179769949,73.07078685964112,67.63522936762358,70.94403609372335,70.54195522766764,77.71744234007154,60.119728521842575,72.7085134598842,76.02332494415529,74.50746470981682,66.94278202785821,73.4536691896961,71.34727222751944,66.26823578022942,73.69845347441219,76.93591652282531,72.88675709141218,63.762332393023634,74.01730258252326,81.81472085777511,69.2872905074116,69.1708485910869,73.64289092157429,76.12834674360165,71.11829141408538,80.15799436513069,69.14922578153087,70.72501781640895,68.99622270211728,72.83419671208807,74.36040642619567,75.22787780924726,74.26887345384242,73.72519323361765,65.53589118118148,73.47569671035252,79.30269303086953,69.11313753084941,71.33229448971915,77.90222165612744,71.14135517218011,76.74045238103368,67.75634796829189,74.96471056616643,68.50226980090667,74.27975796180407,78.37520856222731,72.11050808622237
1610555988.71dMoYT8250UHHJGxgmITTmbHe7V6gH1yU,97.15430920253762,78.74809078561621,89.10892533924199,73.94950162921293,84.61189401237134,83.2698154788468,85.81833173751964,89.06426405685012,84.055578678424,87.4867854727483,71.40576112853437,79.7607407615141,86.89810762228674,90.00013288181998,81.51130615606664,78.33627261144845,73.35243820485223,76.61333903422951,85.55908171547549,81.53928179769949,0.0,75.06741919164436,85.29364203633857,88.26856682425938,82.31656362059383,86.06922016043893,82.51071023246843,74.44414470084534,78.795325236746,89.86436575610132,83.68293225965915,87.22417734342812,93.35893285796061,85.76266596605754,80.34644165415254,81.55062696880768,85.71951971169383,82.81007138876309,85.9010801225661,85.90270750799542,82.00319280657516,74.7321012541363,77.05462172652224,61.14732875561488,73.53562151068259,76.45158280844963,77.1627070398322,82.0959149155527,87.46815147025741,81.91725221537551,81.75767742400691,83.14042848003321,87.54663400078061,82.03857554928109,86.46721636231614,87.07297859758785,78.72842683283844,82.59537381649962,81.14918074771154,77.66942874047145,77.49516078630172,80.76517168054538,84.83687229270221,81.08125511815659,85.50530838195299,76.81434308275765,87.36880498005578,74.88703793581345
1610556042.81mlUZsSp7gbGjrp8jQSnybT1gPy6e62o1,88.13764519280332,62.98873918636422,78.84755899949553,71.30184765965383,76.66376648051386,75.85901805231205,75.77801636959569,76.978354649853,72.576226636553,74.92850839680135,64.74170663212203,73.55862054549242,74.04812020683164,76.50772913091252,61.05361391359124,69.2567742806904,65.06756672507356,63.43809477694825,75.70527569464662,73.07078685964112,75.06741919164436,0.0,77.4732677322291,76.48291223186094,69.20167481377898,78.42843520581371,71.69081609311885,70.05780938074821,69.31832509528758,78.8606361345925,74.09679039128012,71.98062619985235,82.81379832065954,75.69494732923896,78.73488820263064,74.81022937294236,75.13844501682216,71.90769688727269,72.61838755309753,71.34407360002042,72.69176441936106,52.92533796762093,68.30722223757772,74.63594914909375,61.81567985194742,67.79751140773793,66.66284383575086,71.19413559537655,73.44579113185704,68.90930463194587,79.28414867624669,71.68572064134426,70.66328327454205,59.69003006479984,76.14538518701454,76.56212775316317,72.92676538808625,75.83357421989052,76.22683263572404,68.57377539311014,58.835705372559794,52.038961006689064,70.00480811167398,54.779908800072114,72.87718203061351,44.18398890196735,73.80040850064105,60.19656365941296
1610555637.02UBW5nKvDyUrKnaWcYRGajZPxTRDS0q3N,80.20220054533344,69.36931720026641,73.08347690915626,75.6778767396716,60.95730597785494,75.41112819661028,73.92421960699065,74.90845654997877,69.51909083374983,72.89222159128559,77.86655768006977,81.47959949588821,75.08232152012556,75.59074644662877,76.70686464882635,71.33145307018306,79.59759114722148,71.04936997688006,75.29241681528814,67.63522936762358,85.29364203633857,77.4732677322291,0.0,74.32005531626956,73.11944572887401,81.18133442414965,60.66079373076137,77.40004195359215,78.3266522342404,70.5119791606245,66.66928266686575,70.17873132219243,80.05849793980931,70.77350407782006,81.07699737038666,82.10502162768034,76.25447646890967,68.16807723080554,79.9460901097381,81.83189205908953,72.20263847002222,74.85896321326649,75.20071138801866,79.73252674048253,73.60508521549568,80.89736577364218,74.96155252708886,69.49675218497539,75.10495187624014,78.785538502837,79.06235203318096,71.76087746212698,79.15212667229011,76.94109532830592,70.54069355608466,72.93808108638086,74.88255569493343,78.57208029355212,74.03947219984595,77.75341308536439,77.59975240863075,79.77400750827162,74.24956844234988,78.69035865251911,73.96361703327331,80.26457221225819,84.09775146282598,76.24639638481736
1610555619.13oUYNikU4facCTpUSiSLr0vPI0tJLnXiT,58.09514000629072,66.65846294139584,44.085658788802554,83.16152838386463,71.16894011160888,81.14065794261077,65.57784028061413,27.990758828022816,70.64735331884422,68.78387100617276,84.503447616765,77.71940907728562,68.35914515061738,56.93600307119587,74.84032382942748,72.68973375578639,84.63663156704966,71.24579705564823,80.17939890891847,70.94403609372335,88.26856682425938,76.48291223186094,74.32005531626956,0.0,73.88426970245771,86.40256190327524,70.25916017242949,78.24825305551511,81.92225245749293,70.77068651961275,74.7271758835965,71.20226478786792,73.5561263169011,78.00373845216724,82.92549447727775,83.77193605941004,84.61207114131719,73.36179162160313,77.83594162220847,85.7025401305294,74.84424852772423,73.38028725092073,81.26444084185242,80.54310420202481,77.47441933290618,86.0830270478207,78.04729560032872,75.39066773124762,75.85968059994406,80.94049124562427,81.98835304901738,77.85251584843941,78.39782765299731,75.85614179954439,72.80832764251777,78.67539557644653,85.09718851169562,73.5641279474028,79.05591909846954,79.313267368529,75.89757304113898,79.30930081772752,77.3626769753085,77.05754009035174,77.0311254161985,75.67219560361704,85.4586983888361,77.27858571681534
1610555721.03nzkucfjAUh31zTbmCVvTVYqtjoxZFnBh,81.1674700369652,58.81449530298817,73.99112945539605,75.31373540593941,73.69455475917498,77.48175297726708,72.5280965741218,75.4497889823577,71.39289247874882,69.19706739932666,74.00608531689043,73.18334405229423,70.70429289570079,75.02021565179767,66.29996307631133,62.724008627781,76.42387242779945,67.13232424203144,75.09198782589999,70.54195522766764,82.31656362059383,69.20167481377898,73.11944572887401,73.88426970245771,0.0,83.32854782076984,71.41425843485203,72.27503411004689,65.51686463489628,76.22970868131341,74.88282948516684,71.2327952262917,76.14946559472259,71.84908381575946,77.38826029506896,71.49851646218637,74.58401973199778,66.62797833459969,48.85834089711749,76.10964102998567,72.35013712136939,63.56851047261014,71.77902763860807,73.96220313462018,56.36834899141149,72.68890323176673,72.55353000220188,62.597619064672145,72.33811351495972,75.40816324074507,76.84097691880464,68.19876358898215,74.14269851196791,71.38460167386577,75.1079074058095,75.66904491355656,67.54624292513606,72.13716397378151,73.39191307203427,67.24541532308342,67.60035668865231,71.54051826603312,70.24891542789427,69.85541270754862,70.61117156300297,69.50229427256211,73.77512193911694,68.19209508239567
1610555722.67fhKURdXVzRbLIjXmjRwdJHTnE7PWb1AE,95.22516128356432,78.15063407383265,87.67651598954151,79.19806288470386,80.47224098890518,42.16646749040023,84.72950716652144,86.84292403413333,78.02524426114836,85.81633926935102,72.25304345287661,88.80048042704591,84.81872895708,87.38344296193095,82.94783728626174,78.17772574710101,74.18276323363487,76.91100500091143,69.90901361538829,77.71744234007154,86.06922016043893,78.42843520581371,81.18133442414965,86.40256190327524,83.32854782076984,0.0,75.55951361090548,83.34654476109965,77.98517433822252,87.26486245005394,80.46858435549301,83.8074278726638,89.89992320790283,81.99940686367536,85.75734058254471,84.57816379905604,84.58030151976611,78.11886742151677,86.35373545328603,86.36217695241798,83.58982981360187,77.12711905666343,76.33984704684129,86.83638244233197,79.35089134424084,76.3395357836013,78.9180119225017,82.31562073330333,86.39757440109774,82.87976355352093,85.70327522076867,81.36515949555162,83.24102496409107,81.32614987438457,85.32737009605,78.0162928543919,85.34574518368001,86.56659833938531,81.49754166554573,81.94082200758093,80.02893260421264,82.92407878635129,84.58871439405246,82.36547250908306,85.62252260569154,78.48357780580959,87.93364949744473,77.22142415077126
1610555638.39J2ZWBLuLTHP0jOlzB4tNHmYeijH5g5YJ,81.20419112183829,64.56916790594225,71.15661942926602,75.73225670867355,59.383324988487736,69.57528935389732,73.36416587858974,72.41220857981527,65.13855200137495,71.35567158583417,75.1789621069771,78.57192267726336,72.45044177113756,75.47847144691328,71.28600006223675,69.74562626834076,75.87668799008517,67.14416027104653,69.78437541700838,60.119728521842575,82.51071023246843,71.69081609311885,60.66079373076137,70.25916017242949,71.41425843485203,75.55951361090548,0.0,74.58055922226161,75.98661308095,75.88629635483191,65.68731363899485,70.67495615122803,79.25810018878066,63.889199036974155,76.33659078145169,79.16709724714656,72.2616444382243,69.05224717309468,75.7302632900775,80.09017491194606,72.69863219155003,69.34571478653044,71.14408228101952,78.57844031541478,72.11870412293658,79.21675714161053,66.9339738900503,67.18718913530047,66.31419354320218,65.8103332339223,76.93265499553911,68.51502891756061,74.69358302831199,72.96131666228034,71.29038610254585,70.00159704756553,76.84551574226502,75.6479189359567,71.91058455579359,74.58956783919957,71.42823222192143,76.15267549020554,64.50031981913257,74.08462099556496,64.49346331930778,73.05493374309984,72.98394133851498,72.00894731993546
1610556032.17Q6yCDx9g7alRnL9jBFXD2JhhUyB2hKfJ,88.3553468302747,68.43720585865756,79.2774107735693,72.25388601233036,78.99120240017787,78.43837470863377,77.607081906852,79.42640558455268,78.40184892442583,77.60570389789979,73.07466225307873,66.16782381699406,77.09067014236209,80.84013808578108,72.13297094528369,68.83885777425151,75.18214771099623,70.51840592672046,80.5863651367697,72.7085134598842,74.44414470084534,70.05780938074821,77.40004195359215,78.24825305551511,72.27503411004689,83.34654476109965,74.58055922226161,0.0,71.4486476061555,80.68082047161471,76.45948008606135,78.17607971856187,84.43172683352108,77.81642292403585,71.31334872608537,75.03482657576528,79.91174839478735,72.53937944586588,76.61862559033408,79.10538485283041,71.85070282989045,66.92044371078683,64.34765413303798,69.32048957318483,68.95919765551287,75.71386132662131,70.18372649393513,72.59269309967392,80.83502667350668,78.21340674408474,52.579393164252714,72.59668505343812,79.14743450058852,76.47070600021175,77.43467737921571,81.22484617541058,77.31265658281797,70.7489073897943,61.45691703751415,71.99580862484532,70.97458899586412,75.80581340721733,77.28924815874794,73.51099057643069,77.95640897975366,72.06148307711649,81.79448400109968,68.97050611606099
1610557007.49MyVgDnuUuBxrvL6SGOdhKf69VYlW1MSm,90.18391007443465,68.79385771322198,82.72631393202259,74.98295566893053,81.08870809257404,72.65484343291921,80.91101432195288,83.01471118414652,79.13987760584705,77.21077824173108,72.06598681104042,79.01014064285476,78.27484278622435,83.84258980931313,74.52496821099099,70.84539414477365,75.07416872067483,72.48030027342064,75.81593066303861,76.02332494415529,78.795325236746,69.31832509528758,78.3266522342404,81.92225245749293,65.51686463489628,77.98517433822252,75.98661308095,71.4486476061555,0.0,81.33685869457949,76.65906081496823,79.73937120027286,84.31314520343038,77.95831903967533,78.44537663777407,74.30615224804436,79.45148153662088,74.48039112449554,69.1687248628024,76.94909650293675,76.9277175946659,69.32441253359264,71.18628699822762,74.48687823482763,64.8154516132208,71.93031976807899,72.88015820383204,67.31325662852115,78.16803937283207,78.23939454031657,77.01501622444422,67.99721252170124,80.19092261774172,74.94859350555376,79.79383281523813,80.74011943663369,77.20481764801457,78.09246180473299,76.12327176815717,74.69885568323231,73.67799731677768,74.28785129939735,77.01818070178875,74.85404625881574,76.99155758298659,71.23266024424404,81.00722636883043,72.53877650680676
