,1610555604.25mOvVXuL01OCiReyVWBfesjuvXmB3MoPy,1610555605.43B6oDsBtWRQ29Q9UMQuTUEPZy3FSSWXzc,1610555610.92HPGJJSmyPM40z7otPBgHalNrHFA7zk5d,1610555606.68LaSQbm9EHAFycEfFtEqAwYqlBsQPjIRW,1610555617.19EKxMEwDHfXiEJZc27TsGoERaD6Da4BZU,1610555722.52PJ3FD50MGhRXyUD28vluU8Z9UjLJLZn4,1610555617.52Ijr5puT55g9apK8auM7zaxa3NANg502t,1610555638.77ZLjTLkz4jYJdFMI2wWBztzsDILkoOtAk,1610556912.46C7tJPLF0XfNnm8f1820X9aLmXMHoc0Dw,1610555617.51LjzIROg0aeCP2GhDcAVQ0LipKJB9jmKc,1610555608.17OpjjHobqRkX0UPcaXrbu7K6L3805SZri,1610555721.82zWeNZfGUUfRJkgnAwlP8VMhPzXctnSd4,1610555735.75bom85BDF0C7W2eIseHeMxi24qR68nzMi,1610555735.77NnT5xqKnwcf2BbjIekeb2arTQj6QMNwk,1610555638.33wjf1PhdNaoWfbRzXVn50hmFyB5bYAiLV,1610555606.65jCE4ig8Pu8kvAzkxnSGfWsV0nQBjCf8H,1610555608.18ONsBCVo1i7BrX0XG9stct4oiA6ejX9Oz,1610555721.51RNoQUMP19FTMS79BmA3JkgSm2IC2AQuQ,1610555971.86O0cHB2ibBJ8jxoObg01EpGe8VVV5mpwn,1610556911.51zU3duZSGpcw1BDNsBLxdOCITAXwl6z3i,1610555988.71dMoYT8250UHHJGxgmITTmbHe7V6gH1yU,1610556042.81mlUZsSp7gbGjrp8jQSnybT1gPy6e62o1,1610555637.02UBW5nKvDyUrKnaWcYRGajZPxTRDS0q3N,1610555619.13oUYNikU4facCTpUSiSLr0vPI0tJLnXiT,1610555721.03nzkucfjAUh31zTbmCVvTVYqtjoxZFnBh,1610555722.67fhKURdXVzRbLIjXmjRwdJHTnE7PWb1AE,1610555638.39J2ZWBLuLTHP0jOlzB4tNHmYeijH5g5YJ,1610556032.17Q6yCDx9g7alRnL9jBFXD2JhhUyB2hKfJ,1610557007.49MyVgDnuUuBxrvL6SGOdhKf69VYlW1MSm,1610555638.44hjT5hbYdKoE3MB6hijrjqbjmLgvCUYKD,1610555608.13zUvmFSCRt6SsLbhqFznMEvGx54GPGQzM,1610556038.62a5C4ynd1AARyAhTv8a58NCqHvXRjscqH,1610555644.45Xse8u7pusHNsd7F3d0A32HXvXr6weOJE,1610556038.62gKXOCG7XCn55eJvyl5voNjbwOW0znQDq,1610555987.13v0oleKK97pkesp6oMgprH8SoSdoDVdIO,1610556964.96ZLLeiQW0qpmxhPGTg7K03fmzkqsC2bjC,1610555987.13VQlEedQ50VvkPMEMzZDv3KNnQCewykN9,1610555982.186TY6MMGkDecIN1woW6vsfAMXVV7jnyjO,1610555982.673LuMndkwkvdmZOn0MmE2Pkidx0FtNalb,1610555733.38zItcuH7gHNfKdALR2d9Nek6bxCyw36Vm,1610556034.15BQxSbZINGCay0yp6RBVlgcPrw76Yn9ON,1610555639.37BPZpgtGml8qUsh9AdV4m32jPLfI2aNFq,1610556965.57S0adAalhWYe6K3bkZU0bRHbqnDK8gGkR,1610555983.54zteLPCMjyrjzPdhHhlZr3faCgD0TfYr3,1610555987.79rHnNRmt9a0ufmnwCvZqBouyUoZDNpylW,1610556960.041xWER61rmArlsKfiMl4frikWmUCnQ7op,1610556035.13a7NHZDutfTMJ88qle1gTYY59Dr4WmMsj,1610556890.456ZBDaY16bMtrTZTqAgHl3wq1tRxzqDow,1610555760.24e6890pkbyZ97Or6croI1rQgjkSsR0yVt,1610556043.02YpWMIJg3W004iqlPyv8OcVAZdSC5rNYw,1610555987.03z05P26TLtONYM1HSzupoc2CeNMa6HTqr,1610556032.15OYCzUxpsz7b10AXBAuDXrvEcvxFhf0M7,1610556032.63Z80yI9pNwS3jSmsDABbuhf8wkNa2Ze9y,1610555736.28eGuESasTXdR3SqY6pHhEXWZtcdciYLCO,1610556034.61bebeZA0MkaFG2sm3VKiqrxeqQginTTW0,1610556944.5XwXOphKYT3ZkWA8gViqOS97VHVuMVUqb,1610556944.745UVLFBzf7fPh4UH37I6tYQOFPqRDytEh,1610556034.63XsUwaFaPZevO1JNFjfhvY4aKNFnV4noV,1610556964.89xwBHw9faT1HjQRMNQEyA4qJ3hWkwgj3k,1610556966.74DydzH91jtyvRyYau47JpVkZoMRSNTt01,1610555740.77UueVziDbaXyRR4OcVJIIZyzOfAzN51bj,1610556046.84e3vwjyRCzqz0wJQhrk8zsxlFfFSv98Df,1610556137.99eoPuVrDThKAOvmeprLPb2FWRqIhzUodc,1610555740.73XFwSrmTXJPlaxGZSefh0jOVA8PI3III1,1610556123.88AOfNaz9jSnqU5Czc7okOv1RCrYfKFBTo,1610556046.85nB7NvyoYQeLcOV391Lmmut1wAM8CFGLw,1610556123.89H4pdIAzDthI7bMXMhlIhKUYIQIvtmPPQ,1610555740.87GOYQUJKpkynIS2lFqppYK4b32ol7NeGh
1610555604.25mOvVXuL01OCiReyVWBfesjuvXmB3MoPy,0.0,3368.114257845464,825.3774344762129,3422.425936926977,1401.3622382288152,2327.0409296445537,1609.1954308524105,702.2520938509135,1082.2632474777897,3994.629448912095,3370.190248914182,3326.290698635808,3636.264734623244,1084.72510077282,3076.913129366627,3933.921773381002,3587.73884016084,3186.591357921063,1956.2419494440283,4221.444864692757,3331.5413662937344,3107.271104878548,2145.1972598084153,873.5839211027204,2708.1331494469773,2193.9328635771562,1849.4371253927254,3235.1806563356818,3510.633424304724,2211.6816318500723,3627.8472127538844,1742.9173890042239,3712.3467368000893,3549.323593466716,3536.7505750964197,3693.274314971422,3515.9785535999604,3789.433125114601,3164.1340105644977,3317.5375128455553,3332.1082733193666,3276.867744127687,3225.7855278396205,3392.0604281446854,3520.950791003559,3068.0347894242477,3371.9335822304797,2480.334656932964,3898.3889299783464,3028.5852800868684,3938.474598419943,2554.063951096086,3372.736925862279,3264.7923143265593,3792.644500835918,2038.4356177972638,2806.096173282089,3863.101719384848,3759.231767101914,2087.0714598849204,3210.811314775557,3386.0387584831315,3864.2933961459944,3043.6623962759813,3759.9991109632597,3361.9836275815205,2997.5224562045996,3099.5444898797127
1610555605.43B6oDsBtWRQ29Q9UMQuTUEPZy3FSSWXzc,3368.114257845464,0.0,2883.9949985867656,992.827615738393,3494.86008479024,2007.5688711221708,2397.426415411139,3117.0527636223587,3186.199919915458,3149.6984666228445,923.8431055808645,1281.746506181074,1206.2194299804341,2913.0131958191937,1075.1018765489232,1720.5031417724997,942.4546236610743,739.9415290364474,2323.943011880607,3063.4691276076946,1410.7757189014017,895.1807019045464,2298.50473326036,2877.72723336657,1389.4521899188637,2353.77484828689,3010.7468267328495,1241.5383948433177,1416.6790436785748,1788.1589079981245,2746.3788982890997,2414.262100574397,1452.2474742883694,1206.242343173588,1722.4640838112546,1424.8916854402773,2236.2507800666313,1442.4037448815857,1086.676889233441,1599.4018505248323,1352.5580820783086,921.1506219056854,1420.31958118667,1197.7553595858374,918.8617018146148,700.2715172896437,2035.8667838809426,2063.4875469450176,3115.40630394435,1790.5742469876,1823.9337830008149,1831.5991087943412,1421.253074772143,945.8048397399623,2473.313156765261,2275.5484409806973,1472.119894460307,1722.5616581283166,2121.426935679519,2010.5902866251472,931.2993036510853,912.9688895622546,1638.272142259876,1060.5043030001002,2237.5628643821883,860.4639649995391,1703.4155234629993,1072.6227275410852
1610555610.92HPGJJSmyPM40z7otPBgHalNrHFA7zk5d,825.3774344762129,2883.9949985867656,0.0,2947.180528925453,1484.7133447143133,1883.6069259530461,1067.563700131722,568.8062342897356,1020.5097690654361,3789.575649299724,2896.050510679093,2908.471250424866,3188.7250424966487,833.4934856746237,2614.2472061696144,3534.5681315019815,3124.6824155153768,2700.0694878586314,1498.0730950483157,3946.385062424399,2936.0300661842784,2645.0821936627017,1785.9383553130983,480.8159628636233,2245.1165858043887,1783.8666965745613,1596.1384610560144,2805.2440021925336,3099.714559170134,1681.5796853464176,3334.4811768504255,1331.7998829005148,3306.3075581057565,3127.9648358490044,3171.7013889429154,3277.012271580869,3197.8942179169117,3369.1501340601694,2720.437264129704,2884.7812910819434,2898.579150246517,2832.0425428655976,2813.836161616407,2959.1944053323746,3059.95746705989,2584.6238279626837,3054.3369739866157,2080.53576063693,3696.7054399069143,2702.5170454643767,3542.7732680072486,2178.0017317358006,2940.7361028811815,2808.5886607723673,3487.8044821026497,1603.6663412013536,2359.4124498941583,3461.3387252125362,3393.023003808916,1607.4764512463107,2762.7288702243454,2932.5946925070994,3440.188945599893,2580.836613284465,3409.857740833382,2911.6425475756855,2633.154607526598,2658.3553989467678
1610555606.68LaSQbm9EHAFycEfFtEqAwYqlBsQPjIRW,3422.425936926977,992.827615738393,2947.180528925453,0.0,3504.452038195062,2076.6290107563914,2489.725719373785,3154.10893870335,3226.894522216058,3265.5476668431006,816.8836563481873,955.9314003202533,1547.3678414771302,2984.0603204950444,1200.240897425263,1469.1418330231927,1107.9209960713408,983.8678385228844,2325.377732321783,2752.0026489838606,1052.8177836877244,1138.6101416079691,2384.9820565822633,2959.1412375894356,1516.4572547952855,2375.4028445047943,2976.114192586296,954.6575174926317,1553.4331765603301,1986.0684834318147,2587.4962467672126,2563.556721670527,1708.6194256565232,1225.4282469250056,1363.1620001754793,1150.2304345721654,1988.843135166093,1355.1733684058065,1322.3197782541217,1681.9790611464055,1172.4384293445707,905.3377179088351,1341.1238548544206,987.8777611368074,1202.474014353405,1058.3633466677215,1941.6694170706055,2143.5665276403224,3176.051317868174,1672.087360400143,1534.2280023058863,1900.1399209471717,1598.131943624995,1212.331949124024,2248.911540590092,2341.7059194274825,1441.960811541741,1402.5594246784203,1861.822457727184,2117.0880095432462,1176.397414151282,1229.2414336063255,1402.5661376735573,1247.2528634278128,2103.9236158297485,1174.292697819468,1636.3206016599395,1216.0662074409508
1610555617.19EKxMEwDHfXiEJZc27TsGoERaD6Da4BZU,1401.3622382288152,3494.86008479024,1484.7133447143133,3504.452038195062,0.0,2545.3567291028376,1774.0444640478488,1317.159271575485,1192.7310241962884,3999.274147388584,3441.2917664067036,3382.045667933987,3677.0271376982073,1457.326307076536,3170.1390118561862,4090.6039744551563,3686.392276707797,3228.930718153804,2324.8784686126046,4092.238305712039,3331.0614122769593,3159.5701445489713,1712.1412993028678,1405.676596001875,2840.741243766657,2374.127549553199,1384.5874597245668,3269.0441091319612,3635.5157127288153,2338.334328156836,3378.6599232273165,1830.0298766466656,3766.6960627676726,3610.933406691282,3582.4912001070884,3785.6791445985996,3462.224897563564,3871.9498822787714,3350.020382727718,3553.16100577313,3397.248076077357,3323.4587376178188,3304.320370931572,3452.005963078466,3633.7125178764345,3156.460428702297,3285.5593882527114,2587.420512812196,3894.9204091186552,3108.473064203207,4039.511728533927,2765.635480209391,3575.9099015826378,3313.4338554783135,3703.602327476616,1915.2120631411979,2827.0169740738543,3981.9693053227693,3900.9965816316258,2055.2145908132793,3316.0533836819895,3484.439803646575,3913.3097362857493,3115.1463877668657,3843.3159270983556,3468.10850239055,3302.9431263348706,3225.0377839759144
1610555722.52PJ3FD50MGhRXyUD28vluU8Z9UjLJLZn4,2327.0409296445537,2007.5688711221708,1883.6069259530461,2076.6290107563914,2545.3567291028376,0.0,1532.047203961269,2115.4439271290366,2033.1125081247692,3809.37455459604,1965.6295284514927,2066.196330456876,2318.1105235345735,1824.1466027845415,1810.643962881614,2654.636379591203,2177.5048339137866,1773.824498512706,958.3828812009732,3490.410936439358,2099.2433929573285,1779.9584175700468,1966.5149878464363,1968.1646998228703,1590.382372187288,577.7562927861811,2301.604852191704,1898.8058822545997,2444.514752105754,1323.4226072640317,3120.0226268800034,1508.509129304186,2427.45871666124,2143.325079121252,2434.025833127883,2329.6115668102752,2613.142540349888,2440.6438240357784,1832.8703344997646,2200.417332985162,2137.4886999834775,1936.0366615556616,2005.2084514797023,2104.329779761144,2176.0486364753883,1816.6295573456543,2016.1898974247858,2065.066818699632,3709.6257707677687,1813.4128200868795,2589.245203949001,1772.6172878267164,1989.280037162635,1964.3247362402712,3069.8707179989206,1312.9968971681103,1660.8639619038627,2555.735559715059,2418.1028817403526,1402.7246796118436,1755.3833250720195,2048.34223943948,2664.5798981515104,1732.3619437264579,3010.8524030091066,2026.0023843652107,1992.1286342564565,1673.3874252800483
1610555617.52Ijr5puT55g9apK8auM7zaxa3NANg502t,1609.1954308524105,2397.426415411139,1067.563700131722,2489.725719373785,1774.0444640478488,1532.047203961269,0.0,1322.0962791891786,1452.2038742944778,3751.097739304452,2386.0736305549667,2501.891371626409,2695.902884467688,1039.9077020199895,2134.7228073219953,3171.114678763963,2645.6386718118597,2173.757014204788,1290.1844064147467,3717.0030596808806,2511.5796614085625,2151.943673604441,1445.17421423663,1118.0404166712347,1791.7816762558734,1494.0680152262908,1561.8591678300065,2333.6510102091333,2738.988908399047,994.8156659886562,2997.667615021396,889.2429803743413,2860.0651607072427,2706.519979196842,2786.112584669847,2876.859278174406,2885.5198375148884,2965.622325477072,2315.700445516472,2517.9897548517774,2469.934108140977,2342.6233667317188,2379.916949666044,2542.393971720943,2638.84537793239,2097.7807665525866,2748.634611098198,1895.4320898847009,3681.421725566197,2360.7029329312913,3204.1505776564304,1865.37365691371,2592.8745991926953,2310.971461002058,3162.020505334104,1193.5147126253705,1882.4677505957231,3099.357650884121,3131.1875743469836,1045.4451191319417,2253.619348613391,2478.3350460723327,3057.8350304551077,2043.8766013712166,3202.108787198697,2421.9155063177236,2385.922118002865,2156.6530752764784
1610555638.77ZLjTLkz4jYJdFMI2wWBztzsDILkoOtAk,702.2520938509135,3117.0527636223587,568.8062342897356,3154.10893870335,1317.159271575485,2115.4439271290366,1322.0962791891786,0.0,947.8129727484405,3861.7435492931218,3105.7232711224765,3080.112997131369,3389.7467216803902,783.6195829522376,2812.3927365712916,3712.5039241757763,3337.002582370973,2919.5114049522745,1753.8854763419279,4019.5374665575323,3097.619397794615,2860.157701527733,1865.6981571195936,523.5339659396668,2470.937840865538,1983.4571856193477,1566.985777500545,2998.935046403047,3271.574667189828,1934.6775815984786,3404.307873209353,1532.0142480335053,3492.1017647244107,3332.096535267168,3319.848400523357,3451.414265403891,3321.7309831272405,3564.045000668171,2953.7639095646396,3107.9709537867625,3075.8639657244403,3027.8024368809774,2999.522437367955,3143.5399921569456,3276.182350556525,2821.3901474000154,3178.327695226863,2236.0458330792503,3765.6562077376448,2857.495934567741,3710.6376141819637,2350.7848662357505,3149.495674439522,2999.484693473813,3576.5406519448798,1766.2571322845497,2535.007427594198,3625.528207095977,3561.169166608485,1786.3198338736245,2991.413664596099,3142.618366751549,3615.4278037195804,2800.3232890446016,3546.3683845912337,3118.905565814241,2826.4296914340443,2884.1636629994305
1610556912.46C7tJPLF0XfNnm8f1820X9aLmXMHoc0Dw,1082.2632474777897,3186.199919915458,1020.5097690654361,3226.894522216058,1192.7310241962884,2033.1125081247692,1452.2038742944778,947.8129727484405,0.0,3915.5655147835455,3157.8013071596943,3086.8660209374125,3459.921975515566,1142.9634590319997,2835.666499545006,3766.7269473270094,3389.3302060893216,2957.392266632059,1730.3037819451124,3998.059528094089,3086.9944049572296,2842.1570677421882,1789.454307108553,971.2634916618714,2473.2988049196774,1877.2982367003578,1608.1250217174672,2991.7684133108933,3337.1942649804546,1980.8336730370313,3484.0083631990283,1424.9922567844883,3551.684069664053,3341.503567657884,3342.0229825286847,3456.9130607405996,3253.6682895759714,3610.0575120292906,2995.017143006441,3240.696225673394,3099.4863502502885,3049.1247088547575,3003.9354990034212,3179.4774557892165,3314.083906938594,2904.4698235311553,3024.620413237894,2214.8433675100623,3807.3238140795115,2846.9356391327956,3697.892889851233,2384.528200083857,3225.806063368577,3051.8158046760827,3584.5631477772367,1589.2643188321106,2487.842982987975,3624.2941261905485,3539.2784283603737,1725.5954793367496,2998.191241849269,3188.7679939557624,3650.9052351609616,2807.5640871378196,3614.0756169886054,3163.1454004951784,2926.121517531666,2899.5616085067145
1610555617.51LjzIROg0aeCP2GhDcAVQ0LipKJB9jmKc,3994.629448912095,3149.6984666228445,3789.575649299724,3265.5476668431006,3999.274147388584,3809.37455459604,3751.097739304452,3861.7435492931218,3915.5655147835455,0.0,3332.281965318988,3227.9150284022876,3141.5810984359214,3920.7547203606655,3190.3334710354393,3459.5959484726413,3307.314092432538,3317.975819717376,3991.4977443748458,4167.074232296684,3208.2630869813215,3150.0073846889613,3501.658812080859,3750.3142976551976,2990.3270903058783,3997.028796938068,4040.8576632468535,3249.9551697557545,3055.97530140086,3492.7599495672907,4037.8047405081884,3808.2639230380896,2956.820816595149,3027.956146449803,3471.5865794312103,3340.9135894373417,3702.15302054341,3134.831493375171,2922.0343331809354,3459.3943213483644,3502.4726316784577,3292.4590831712067,3507.829030241728,3127.911892310414,3079.882065091316,3158.5293220064527,3617.154632854467,2617.429702414628,1016.5092448474014,3561.7478939321636,3340.771423983809,3560.6562503596197,2965.630320793309,3255.5033454782756,3975.697552795177,3793.694008069003,3131.965590477796,3510.2081029058636,3364.2533692222546,3531.696443250716,3251.8227095906495,3042.1420664062916,3098.6207564863257,3194.180407507095,2117.485082015816,3122.3725378859986,3518.668482088705,3320.5442389089735
1610555608.17OpjjHobqRkX0UPcaXrbu7K6L3805SZri,3370.190248914182,923.8431055808645,2896.050510679093,816.8836563481873,3441.2917664067036,1965.6295284514927,2386.0736305549667,3105.7232711224765,3157.8013071596943,3332.281965318988,0.0,1060.6775377699269,1388.5177304493097,2911.8935710668575,1005.9160987201749,1754.910865482253,764.2150121935597,759.8715959392276,2213.0585729051077,2829.94000790646,1157.326890024109,902.6903696034137,2286.8720930456607,2922.1588544768106,1422.07523326222,2259.1826286506102,2876.9502746830567,993.3950785559683,1466.930591437034,1858.9156571783053,2566.9907780598814,2439.3921471826416,1603.8931874886498,1243.6498518395294,1507.150131225793,1275.1226981928667,2011.7898288595811,1516.7283995814698,1264.963365295593,1537.1332778406,1190.9799679621303,766.5024776093791,1219.9027719724968,1113.6231418288253,1156.1609754737424,844.1776681768158,1897.4902068828342,2098.4838058596724,3269.2662285487504,1714.9212160844613,1756.5896867950364,1783.1628333465324,1670.2993603807183,1033.321611331734,2302.469956157883,2198.7852280742045,1329.519071280195,1582.7511161860848,2098.0721944087168,1980.9854890098281,958.9309110896053,1089.4486547015233,1599.2236418789785,1046.3386036943143,2276.9835425531137,1018.5136870895182,1642.5640100630494,1032.487598981089
1610555721.82zWeNZfGUUfRJkgnAwlP8VMhPzXctnSd4,3326.290698635808,1281.746506181074,2908.471250424866,955.9314003202533,3382.045667933987,2066.196330456876,2501.891371626409,3080.112997131369,3086.8660209374125,3227.9150284022876,1060.6775377699269,0.0,1713.4133332146444,2976.2979674730113,1286.0999917478553,1405.9360387371362,1308.5295985621206,1243.2383761797487,2282.859493334564,2574.125270474842,591.1959683954552,1087.0914081441942,2350.704849235675,2901.509235533868,1536.195534140587,2338.424562197645,2937.5873165434487,737.7455230666633,1427.3325256113194,2043.7536807135007,2668.1403031397454,2521.283232677645,1799.6566339425017,1240.7098442437948,1102.921436469028,957.7947445711112,1753.5291192740726,1482.7485997126664,1416.5978292476577,1800.8921818932815,1199.616364635597,855.3382797512567,1258.7287372386368,924.66003388828,1344.6540791727316,1320.7876304280262,1734.382392971648,2001.7663522441378,3107.975075609215,1724.147090752476,1278.885366910942,1822.1592096011493,1777.208160301517,1444.435915779214,2159.474280398503,2283.9164051453968,1415.383209318087,1112.0669667944667,1721.7592356669018,2097.964598021806,1308.9732783103277,1391.9860626165232,1384.8170668090042,1375.6979011077115,2010.4315311688276,1320.9088186336485,1659.168701888245,1297.0785064136135
1610555735.75bom85BDF0C7W2eIseHeMxi24qR68nzMi,3636.264734623244,1206.2194299804341,3188.7250424966487,1547.3678414771302,3677.0271376982073,2318.1105235345735,2695.902884467688,3389.7467216803902,3459.921975515566,3141.5810984359214,1388.5177304493097,1713.4133332146444,0.0,3160.587855206164,1522.3726509954452,2073.8649039317224,1284.948712518655,1326.1487246929123,2623.2717407134223,3201.8957920746166,1784.324846750885,1294.129902651025,2490.6965893851857,3202.470946269104,1826.013701595134,2623.419534877715,3164.381542348382,1672.6261647904612,1665.7773055524797,2102.4313354735673,2632.237825907798,2739.658753097956,878.445741907371,1514.7963801803223,1985.0137481337777,1803.4381503954885,2372.0416275632506,1699.2475638607232,1553.347942043004,1498.9931530226343,1756.4426410019526,1375.170156454437,1719.9508852515428,1600.6334975566288,1422.8479249159018,1321.1507720606342,2226.5985193330366,2363.315216718488,3186.8546893499647,2078.2404845746223,2216.4685858573553,1959.1993548246337,1840.0069232944322,1386.9277001982316,2594.4237176961246,2506.0498792281924,1950.0250360255918,2102.5303805106387,2537.2504384011104,2327.6788035801897,1397.0944385060986,1187.8459943007645,1856.8560933284766,1455.1511531084811,2458.419197668364,1221.734016498846,2097.8742707093365,1564.8111909848726
1610555735.77NnT5xqKnwcf2BbjIekeb2arTQj6QMNwk,1084.72510077282,2913.0131958191937,833.4934856746237,2984.0603204950444,1457.326307076536,1824.1466027845415,1039.9077020199895,783.6195829522376,1142.9634590319997,3920.7547203606655,2911.8935710668575,2976.2979674730113,3160.587855206164,0.0,2621.9181665127426,3606.8588948682464,3154.1978155609377,2685.046946322752,1570.634051487094,3976.082830043011,2969.4991867465706,2682.4865032987464,1716.1044525156176,823.2489942888101,2326.429097273126,1674.578495528421,1541.0629764863424,2832.2566059802944,3200.726324405262,1671.8415640878259,3252.152964231193,1287.8627484538265,3308.3208795015203,3152.610127203092,3202.4986641638066,3331.3102130778357,3230.8729252089624,3397.095466383905,2802.7455842929558,2984.3736051969627,2919.9801053325978,2848.695749433626,2845.275895012073,3023.745846744387,3117.228723327127,2605.5119730916817,2984.8986685790205,2263.1433539398686,3841.2030831106076,2654.1927718265747,3618.61223804925,2270.323075012919,2942.617299632229,2769.4868492403934,3502.098037285423,1503.1470619264855,2383.883100132403,3541.614754691446,3432.936733224353,1544.57168082918,2770.968609943521,2937.742587248227,3515.6322255700234,2589.518052337825,3541.7391512533354,2927.077561090568,2746.0475117470723,2669.1523328352423
1610555638.33wjf1PhdNaoWfbRzXVn50hmFyB5bYAiLV,3076.913129366627,1075.1018765489232,2614.2472061696144,1200.240897425263,3170.1390118561862,1810.643962881614,2134.7228073219953,2812.3927365712916,2835.666499545006,3190.3334710354393,1005.9160987201749,1286.0999917478553,1522.3726509954452,2621.9181665127426,0.0,1845.944637317817,1112.9579505039105,1038.524120026851,2032.8030432302787,2918.2552758524503,1313.7674343513745,975.8195390931868,2039.5482875817372,2619.391697352413,1229.818487880891,2095.226377673667,2662.5388470410426,1266.4605961295078,1349.6762457334712,1661.402955804855,2551.1013798445515,2164.500333851735,1658.767142976977,1383.3615989777584,1541.9908187581018,1369.9788241832055,1888.3403265433244,1631.1957839607826,1239.729702837676,1542.1481965165792,1039.940907225998,1089.1023755830706,1016.1135661425242,1212.4310592905529,1060.0237631296502,1019.0054568770698,1801.6192902956927,1817.1854418422015,3109.9092490945604,1620.3010353484917,1902.8161611983987,1517.3840695295107,1719.848861632437,1055.4704465893221,2321.667224793912,1948.418382484316,1195.7508212715557,1715.351370347947,2173.0131812690715,1773.2221817824848,1148.3750063558552,1131.0851811453688,1718.8343812567084,1050.1830711890966,2235.7848016131466,979.1555280046728,1649.6812330418866,1196.571476238479
1610555606.65jCE4ig8Pu8kvAzkxnSGfWsV0nQBjCf8H,3933.921773381002,1720.5031417724997,3534.5681315019815,1469.1418330231927,4090.6039744551563,2654.636379591203,3171.114678763963,3712.5039241757763,3766.7269473270094,3459.5959484726413,1754.910865482253,1405.9360387371362,2073.8649039317224,3606.8588948682464,1845.944637317817,0.0,1730.84432759457,1925.8175993002112,2899.2631716726996,2469.5805528666506,1515.8234290926855,1880.1361973448227,3032.9715987549307,3520.785319218037,2159.242062912142,2947.363619391587,3621.955466978957,1552.4956903360764,1687.3439791138728,2713.9904384119136,2819.422490979773,3217.1795620848893,1983.1030654625063,1351.9864915500102,1177.8427747137382,999.633199582903,1894.199588497184,1130.5596622468936,1805.1270937277607,2041.8714260568308,1553.226549050611,1664.520576847381,1634.3039974160204,1462.2886936668158,1568.8502040028109,1965.2336525301157,2061.229840024751,2673.900780955018,3298.0660537028557,1953.5638102518683,1026.7930180008518,2360.732488705508,1965.222911730922,2002.685843824223,2092.21315068301,3050.7895063785904,2201.727945434429,949.1602944156987,1523.8989689295688,2893.5524362120454,1899.416442833547,1809.93410160918,1115.492425521944,2095.471716121259,2040.0663568084597,1734.4661909852045,1839.4484814587418,1910.681216935276
1610555608.18ONsBCVo1i7BrX0XG9stct4oiA6ejX9Oz,3587.73884016084,942.4546236610743,3124.6824155153768,1107.9209960713408,3686.392276707797,2177.5048339137866,2645.6386718118597,3337.002582370973,3389.3302060893216,3307.314092432538,764.2150121935597,1308.5295985621206,1284.948712518655,3154.1978155609377,1112.9579505039105,1730.84432759457,0.0,1025.4300165458847,2459.920068819136,2920.677010607345,1401.5287638057093,1026.3936365066484,2512.03998411967,3144.5299846673042,1602.501431333618,2501.4367965331744,3126.649152732367,1321.6533780596067,1330.1020508427348,2057.917192116187,2665.1242729213695,2659.565880345285,1446.4617226003675,1256.3087325672884,1651.8440978209271,1316.8291393833056,2135.433395868596,1464.9603066190757,1278.1310995524543,1466.7650366549883,1271.3714382013227,978.2523503323581,1323.9957561782692,1142.530331187574,1016.2996772299515,1081.6121312246469,1981.3460625871037,2238.4294026210855,3254.4799525501494,1774.8646505857373,1760.6956606483504,1851.9836441298073,1685.004848354581,1097.0927080106912,2364.073470870422,2481.701841387987,1610.5423717981207,1567.536130010209,2178.6426984111213,2277.889060487639,996.4300732601007,924.4823247204139,1548.1440411440476,1152.072767935531,2279.9496552759974,890.6473731725594,1694.7947360654707,1126.9613317833926
1610555721.51RNoQUMP19FTMS79BmA3JkgSm2IC2AQuQ,3186.591357921063,739.9415290364474,2700.0694878586314,983.8678385228844,3228.930718153804,1773.824498512706,2173.757014204788,2919.5114049522745,2957.392266632059,3317.975819717376,759.8715959392276,1243.2383761797487,1326.1487246929123,2685.046946322752,1038.524120026851,1925.8175993002112,1025.4300165458847,0.0,2103.8940761873455,2986.8242640729527,1277.684685697279,828.0650492347863,2076.764200543622,2712.4821411595367,1330.6694100649515,2088.833043777733,2708.254012334384,1097.3335851478375,1639.7765055309078,1658.0909408023501,2619.9050276807293,2219.8844333887237,1558.1512644088718,1285.925532858012,1724.1685182711203,1497.9867426530968,2198.867122398713,1564.1291112060921,1266.1331244824435,1696.3664428158065,1329.4799698882591,825.3171132500029,1362.6306758310675,1272.958270222575,1171.4791833529237,574.8832147468195,1831.2729199721473,2031.6933230464965,3261.773853621192,1642.5918851740414,1947.80481369486,1803.585048282874,1512.1548277232062,883.8636391974811,2465.434161838223,1979.2479663570723,1323.1573976274376,1841.3070858437384,2142.144091811289,1741.6127960902838,883.7283333298326,1022.9224615780153,1785.4289126623303,970.8007288112932,2411.3050000510116,986.7024161252817,1727.237110533839,949.0030546919758
1610555971.86O0cHB2ibBJ8jxoObg01EpGe8VVV5mpwn,1956.2419494440283,2323.943011880607,1498.0730950483157,2325.377732321783,2324.8784686126046,958.3828812009732,1290.1844064147467,1753.8854763419279,1730.3037819451124,3991.4977443748458,2213.0585729051077,2282.859493334564,2623.2717407134223,1570.634051487094,2032.8030432302787,2899.2631716726996,2459.920068819136,2103.8940761873455,0.0,3589.423675555432,2344.7688909934873,2033.35389789768,1943.333789345578,1625.7526316081926,1774.95546212226,915.1910344375431,1976.1391028181158,2163.70549962385,2627.624189428379,1336.040365727963,3093.6154983241295,1369.9528883421765,2750.5423830301174,2510.58736067212,2570.352005281127,2604.97779538294,2667.8450036891763,2762.1407800822194,2125.3171372496918,2218.317443666759,2308.181373360538,2192.0223400505347,2150.3313865256728,2376.255051847111,2500.2611553925585,2111.9230538347533,2443.1468647994434,2098.1654476258036,3889.644473424975,2059.112278549331,2913.382657072054,1628.6647178936691,2424.967604187225,2279.8497208698495,3097.644320549559,1309.941617146419,1895.8522145735064,2785.581904366167,2797.031370027916,1381.0993585200554,2099.5051544957014,2377.4736720442197,2883.9868460928274,1979.080826287681,3209.3538250098645,2309.6778497175837,1992.1445757704535,2006.2006655714993
1610556911.51zU3duZSGpcw1BDNsBLxdOCITAXwl6z3i,4221.444864692757,3063.4691276076946,3946.385062424399,2752.0026489838606,4092.238305712039,3490.410936439358,3717.0030596808806,4019.5374665575323,3998.059528094089,4167.074232296684,2829.94000790646,2574.125270474842,3201.8957920746166,3976.082830043011,2918.2552758524503,2469.5805528666506,2920.677010607345,2986.8242640729527,3589.423675555432,0.0,2566.898101230516,3011.864940522289,3200.1825546737377,3907.661935755606,3206.3082972635157,3619.768585717014,3505.6743076743437,2629.7139910890182,2820.363125520961,3562.7922477279226,2249.413419010746,3800.3810207874494,3201.798042001072,2762.186518845092,2201.937671246767,2484.2671904307867,2016.1052228787007,2759.5261665732296,3218.8712077162468,3150.095904111159,2488.3599075957973,2843.3675071757916,2561.1057638793027,2742.8733839538736,2938.479600398701,3052.931470159549,2531.8231398536905,3477.9440167172,3938.7398117156536,3045.26818289265,2390.429760443407,3220.6227013955404,3374.694649447923,3006.127603120907,1592.4392046770863,3512.0208952973803,2934.451841665934,2320.562963815281,2782.486178229931,3417.92778928423,3086.825350651511,3060.7179322299476,2425.0966340900463,3202.5673406477486,2882.9377340940014,3079.9391552944585,3033.422342684238,3019.920566100151
1610555988.71dMoYT8250UHHJGxgmITTmbHe7V6gH1yU,3331.5413662937344,1410.7757189014017,2936.0300661842784,1052.8177836877244,3331.0614122769593,2099.2433929573285,2511.5796614085625,3097.619397794615,3086.9944049572296,3208.2630869813215,1157.326890024109,591.1959683954552,1784.324846750885,2969.4991867465706,1313.7674343513745,1515.8234290926855,1401.5287638057093,1277.684685697279,2344.7688909934873,2566.898101230516,0.0,1143.27436154463,2290.9950376548495,2927.546927390012,1512.4124771025563,2360.3954900165973,2916.0360259916342,682.0820784146647,1481.515264094179,2071.616738740139,2683.7504129362906,2512.355318440075,1793.019924187071,1239.3208602867003,1131.220249632195,1039.700415774796,1760.7410415668533,1447.1853643523964,1464.5679026838611,1958.4488589069026,1226.535445779367,932.0733316743342,1340.81779452022,949.0820394878085,1358.8687938760863,1364.851527560434,1592.715031410609,2011.5904687657442,3079.1400527431024,1657.4282379625681,1352.7381799379707,1877.5479287397195,1776.0979371281983,1429.0520758903606,2185.0988116318617,2247.4467326640242,1432.9811453437499,1237.9825459363274,1715.8523065872394,2081.653462867734,1302.5541542316203,1449.9334113294399,1427.873025297037,1351.3908848303874,2061.936766900868,1371.087105233448,1778.99755540522,1293.0814381322461
1610556042.81mlUZsSp7gbGjrp8jQSnybT1gPy6e62o1,3107.271104878548,895.1807019045464,2645.0821936627017,1138.6101416079691,3159.5701445489713,1779.9584175700468,2151.943673604441,2860.157701527733,2842.1570677421882,3150.0073846889613,902.6903696034137,1087.0914081441942,1294.129902651025,2682.4865032987464,975.8195390931868,1880.1361973448227,1026.3936365066484,828.0650492347863,2033.35389789768,3011.864940522289,1143.27436154463,0.0,2024.3142194434972,2655.557460305077,1151.7605290029305,2087.381425643252,2691.3016141816242,1003.692157441024,1414.0488771123657,1566.5016675905802,2711.3348141670363,2121.516158487639,1496.6221455531406,1233.64332342728,1657.8248390607084,1427.2420906852883,2070.595368920263,1580.559804661992,1082.3722422000353,1636.4931235864506,1312.221012579999,761.5630625180387,1325.7194291254723,1099.0314894055,1080.1802887702759,881.4297413880116,1769.9602313275568,1780.4878832768084,3087.1047497373743,1642.7114633105762,1857.8186506835734,1533.630511056042,1515.1226602294405,1013.8566522251228,2464.0898437842197,1924.9593971180645,1219.1727140443904,1721.6584318698965,2134.516936772485,1686.584552797848,766.4307299268662,969.7976621818269,1687.477513373356,762.8250654683299,2275.7740081335223,884.3935503569745,1650.4461449481867,890.3153797497217
1610555637.02UBW5nKvDyUrKnaWcYRGajZPxTRDS0q3N,2145.1972598084153,2298.50473326036,1785.9383553130983,2384.9820565822633,1712.1412993028678,1966.5149878464363,1445.17421423663,1865.6981571195936,1789.454307108553,3501.658812080859,2286.8720930456607,2350.704849235675,2490.6965893851857,1716.1044525156176,2039.5482875817372,3032.9715987549307,2512.03998411967,2076.764200543622,1943.333789345578,3200.1825546737377,2290.9950376548495,2024.3142194434972,0.0,1691.864258597947,1816.361807966442,2006.516996049566,1270.7147348135454,2184.4507251439904,2515.02324918501,1456.3656345773525,2322.581908509856,1456.7984371546595,2649.653421436019,2494.4212155408454,2505.737376630771,2713.2928846707327,2424.982530772284,2726.2451804606762,2323.3831919732506,2548.110846208813,2215.3518626165855,2171.5737420418077,2169.600569746137,2345.370348308666,2451.31356901805,1983.468493644087,2339.326536475078,1941.6421076517845,3412.6155597453994,2322.421089708935,3035.1220095080103,1769.5628262366586,2713.7919966077966,2145.4771714337603,2561.961662966826,1223.341650910517,1809.166450621576,2934.363455006193,3131.931690446929,1244.913452320894,2166.4674812851595,2343.1903104810744,2774.333201237864,1973.144910694737,3016.6639525685005,2327.5511417140074,2531.2637427298073,2118.687924750518
1610555619.13oUYNikU4facCTpUSiSLr0vPI0tJLnXiT,873.5839211027204,2877.72723336657,480.8159628636233,2959.1412375894356,1405.676596001875,1968.1646998228703,1118.0404166712347,523.5339659396668,971.2634916618714,3750.3142976551976,2922.1588544768106,2901.509235533868,3202.470946269104,823.2489942888101,2619.391697352413,3520.785319218037,3144.5299846673042,2712.4821411595367,1625.7526316081926,3907.661935755606,2927.546927390012,2655.557460305077,1691.864258597947,0.0,2246.433369709464,1877.3887753630702,1565.9121584683994,2812.9656939480847,3074.2459888465446,1684.1046181872607,3291.900263342666,1307.6267263218272,3315.335227195669,3136.118209660351,3150.4796131529192,3274.148925476145,3175.189306848403,3374.8018035185937,2754.843331053856,2944.1454014824517,2888.7405750102816,2831.8732239860237,2821.1072003084832,2963.795880959415,3063.824111351688,2606.820627429675,3051.043767090971,2059.4315808996957,3660.5845568388663,2727.3545033167234,3531.3861876255314,2171.9762958584965,2962.5685317869593,2792.7530832022094,3419.808622629106,1613.6720183558423,2336.748736481844,3449.002878483408,3402.8150783611063,1615.6939734474595,2775.9212048610407,2948.986541212706,3434.853446682192,2588.8950616918105,3392.384559382031,2922.9227061573556,2672.2222502566688,2671.897601319348
1610555721.03nzkucfjAUh31zTbmCVvTVYqtjoxZFnBh,2708.1331494469773,1389.4521899188637,2245.1165858043887,1516.4572547952855,2840.741243766657,1590.382372187288,1791.7816762558734,2470.937840865538,2473.2988049196774,2990.3270903058783,1422.07523326222,1536.195534140587,1826.013701595134,2326.429097273126,1229.818487880891,2159.242062912142,1602.501431333618,1330.6694100649515,1774.95546212226,3206.3082972635157,1512.4124771025563,1151.7605290029305,1816.361807966442,2246.433369709464,0.0,1871.8140423511068,2475.881017177501,1316.2744838095844,1773.2873719552156,1259.0855589909602,2918.887527915913,1776.3789114794743,1878.458135928945,1634.926968632917,1955.1325079817886,1782.2733486744005,2306.6047485177182,1878.3312532052057,1007.100908735226,1876.630117916975,1686.876422566994,1311.3596057665486,1619.708805349267,1433.6381850627374,1527.89414207553,1237.956591073069,2031.3837456830163,1258.625623448888,2906.2765621790095,1808.5119934032737,2083.3337228383516,1505.0367758581829,1565.7685783795275,1419.3751639035902,2674.7910630811266,1651.7881459280975,917.1673751013105,2083.6074002912915,2173.3634844079975,1433.5022659137533,1161.4231117388158,1453.7064896758686,2036.9441393243123,992.9880142160235,2168.961715155612,1365.6047456167837,1766.4398198964277,1190.3719392272296
1610555722.67fhKURdXVzRbLIjXmjRwdJHTnE7PWb1AE,2193.9328635771562,2353.77484828689,1783.8666965745613,2375.4028445047943,2374.127549553199,577.7562927861811,1494.0680152262908,1983.4571856193477,1877.2982367003578,3997.028796938068,2259.1826286506102,2338.424562197645,2623.419534877715,1674.578495528421,2095.226377673667,2947.363619391587,2501.4367965331744,2088.833043777733,915.1910344375431,3619.768585717014,2360.3954900165973,2087.381425643252,2006.516996049566,1877.3887753630702,1871.8140423511068,0.0,2183.6820718357117,2173.8683068563896,2725.81327207979,1474.561231377075,3199.5929190987836,1460.961808586648,2745.3843328929293,2457.6377955869093,2679.34887418102,2612.248710767789,2787.9476543715173,2768.807163171803,2165.7946867381593,2462.003510250739,2403.334988294662,2232.6556356279857,2249.1557591924125,2388.849827150278,2512.3458889140447,2135.4722603061045,2199.4039285767653,2247.903097534423,3887.5955421697117,2036.2638322342455,2867.089428691509,1954.8601897657045,2327.084273917414,2274.623630514122,3214.7859141340646,1315.8303191333912,1894.61191850049,2836.3643201888362,2670.085717025748,1482.4709720101775,2096.3206816175507,2380.079883659063,2954.6924456753045,2037.0406944395124,3242.3355374986118,2358.9109529737825,2236.963829933567,2015.8395893669583
1610555638.39J2ZWBLuLTHP0jOlzB4tNHmYeijH5g5YJ,1849.4371253927254,3010.7468267328495,1596.1384610560144,2976.114192586296,1384.5874597245668,2301.604852191704,1561.8591678300065,1566.985777500545,1608.1250217174672,4040.8576632468535,2876.9502746830567,2937.5873165434487,3164.381542348382,1541.0629764863424,2662.5388470410426,3621.955466978957,3126.649152732367,2708.254012334384,1976.1391028181158,3505.6743076743437,2916.0360259916342,2691.3016141816242,1270.7147348135454,1565.9121584683994,2475.881017177501,2183.6820718357117,0.0,2803.0081137528427,3135.916289832826,1976.3030392724227,2565.4527653470955,1760.6715400147398,3304.3862866419245,3225.1218483831103,3075.6287280146717,3334.338154717233,2905.5336487142563,3423.3432299481833,2977.178969830378,2936.3089099062404,2792.221425403864,2838.8280654331566,2711.44170867974,3005.265273156397,3164.559633735347,2677.2957438142316,2963.4861812712493,2447.5552510359903,3983.1078115602186,2751.692901333231,3639.9870793929667,2227.9244112422266,3303.2249864124424,2805.4023020047575,3021.2974613350298,1650.4939758712046,2445.90073680579,3506.550952056077,3645.952148348816,1696.9341804530188,2855.5261498332197,3010.3191100533486,3430.6373927553404,2665.0364601595084,3606.1336335571154,2999.4170466102323,2816.736596722041,2776.68386091489
1610556032.17Q6yCDx9g7alRnL9jBFXD2JhhUyB2hKfJ,3235.1806563356818,1241.5383948433177,2805.2440021925336,954.6575174926317,3269.0441091319612,1898.8058822545997,2333.6510102091333,2998.935046403047,2991.7684133108933,3249.9551697557545,993.3950785559683,737.7455230666633,1672.6261647904612,2832.2566059802944,1266.4605961295078,1552.4956903360764,1321.6533780596067,1097.3335851478375,2163.70549962385,2629.7139910890182,682.0820784146647,1003.692157441024,2184.4507251439904,2812.9656939480847,1316.2744838095844,2173.8683068563896,2803.0081137528427,0.0,1577.9957125785438,1865.4296998569291,2605.511511967144,2345.3740860174617,1740.4107880614745,1178.0580137479158,1275.5891150539403,1140.453297602841,1827.2660546396928,1445.4011036986228,1317.2469766713764,1871.170066245214,1277.5040620995242,791.8942660843496,1278.8321097003702,916.6471526675529,1336.4618033534143,1181.3940202816934,1623.6901209252296,1954.2334755125244,3125.0627016947446,1628.5144777349442,1433.8902352001264,1804.0352235652479,1633.9908161904377,1329.6489206081283,2199.76715959337,2094.4110507534606,1280.5700096805924,1399.3001820545178,1725.5239371840992,1900.1904396603195,1117.2151145928608,1348.1727058673578,1499.795278193742,1175.7915069392393,2089.640332846383,1270.4175748123469,1687.8797800810435,1098.7497072428166
