,square,rectangle,parallelogram,losange,isoTrapezoid,kite,rightKite,rustedHinge,hinge,trapezoid,random
square,0.13984362424851426,0.1777748507249364,0.20774193777285405,0.24061571742387244,0.1736533829595705,0.16520829289538766,0.16173709666056388,0.19196256550749977,0.18459519251132955,0.18405656579001714,0.22636734472069112
rectangle,0.1777748507249364,0.1374485942330332,0.15590137314156696,0.19328493544562805,0.22763302317835366,0.20143355084523767,0.19994641384194828,0.17262747610378817,0.15485862960208915,0.19643273713005477,0.2493048736500028
parallelogram,0.20774193777285405,0.155901373141567,0.13787287374587526,0.1667055562559895,0.24973387541270642,0.23422928354336534,0.22630598062900265,0.18811811667483322,0.16534877525585975,0.1976054315223074,0.24608262360088953
losange,0.24061571742387244,0.19328493544562805,0.1667055562559895,0.1592825491641218,0.2636839108131401,0.2647295896756698,0.2571737477454053,0.21570200387227362,0.19519384768775175,0.20772605155411566,0.2343230602276131
isoTrapezoid,0.1736533829595705,0.22763302317835366,0.24973387541270642,0.2636839108131401,0.15032492723335894,0.1792352453837939,0.17576562961514727,0.23483533917074104,0.23057723969170701,0.19319718665828375,0.21445658610671675
kite,0.1652082928953877,0.20143355084523767,0.23422928354336528,0.26472958967566973,0.1792352453837939,0.1541152254670174,0.16700743391331402,0.2158495029867834,0.21339998387616277,0.21452551098269693,0.24832172909823472
rightKite,0.16173709666056388,0.19994641384194828,0.22630598062900265,0.2571737477454053,0.17576562961514727,0.167007433913314,0.15570916337383747,0.2128680552329286,0.2093536479416677,0.19700778139610797,0.2411268048375596
rustedHinge,0.1919625655074998,0.17262747610378817,0.18811811667483322,0.21570200387227367,0.23483533917074104,0.2158495029867834,0.2128680552329286,0.16194942333405485,0.16053430809486363,0.21364917392578497,0.2517790738084567
hinge,0.18459519251132955,0.15485862960208915,0.16534877525585975,0.19519384768775175,0.23057723969170707,0.21339998387616277,0.2093536479416677,0.16053430809486366,0.14728294628272603,0.19810328231551988,0.23934387092784226
trapezoid,0.1840565657900171,0.1964327371300548,0.1976054315223074,0.20772605155411566,0.19319718665828375,0.21452551098269693,0.197007781396108,0.21364917392578497,0.19810328231551988,0.16764553438680746,0.1994651668830197
random,0.22636734472069114,0.2493048736500028,0.24608262360088953,0.23432306022761312,0.21445658610671678,0.24832172909823474,0.2411268048375596,0.2517790738084567,0.23934387092784226,0.1994651668830197,0.1844883684697793
