,square,rectangle,parallelogram,losange,isoTrapezoid,kite,rightKite,rustedHinge,hinge,trapezoid,random
square,0.2965503757868695,0.34978847274864144,0.407393039862619,0.45768418590194154,0.3741867173161682,0.37300526834531567,0.374142365731844,0.40675931721040504,0.3996484675779593,0.3700195023883812,0.4288176401672714
rectangle,0.34978847274864144,0.29565556394370734,0.36221452426685136,0.42583487148959376,0.4314836070688829,0.4083929108617672,0.4105362649210083,0.39252914949058854,0.3742476507702025,0.3924200279700519,0.4673675666437803
parallelogram,0.4073930398626189,0.3622145242668513,0.2972438878747279,0.33216455051550386,0.448154336710468,0.45101052742710407,0.433538196157181,0.3881678382599045,0.3762048599831216,0.3621778725158862,0.4113934428923731
losange,0.45768418590194154,0.42583487148959387,0.33216455051550386,0.2808907208153303,0.46857891155822684,0.48994118780474666,0.4680750217150404,0.41214020815730074,0.41355396063794936,0.37320961059280117,0.3892175388746279
isoTrapezoid,0.3741867173161682,0.4314836070688829,0.4481543367104679,0.46857891155822684,0.2996286015894329,0.35346616035223427,0.35290363014962894,0.43207072640426425,0.4360650819992172,0.35949086040148764,0.3880874137333983
kite,0.37300526834531567,0.4083929108617672,0.45101052742710407,0.4899411878047467,0.35346616035223427,0.2950768661258635,0.3375442326290514,0.42259642428808003,0.42534848573320483,0.4054022708579321,0.44334291085349503
rightKite,0.37414236573184406,0.41053626492100825,0.433538196157181,0.4680750217150404,0.35290363014962894,0.3375442326290514,0.31544837915939244,0.4139936907522973,0.4120160816884396,0.36503197582354546,0.4111703191851479
rustedHinge,0.40675931721040504,0.3925291494905884,0.3881678382599045,0.41214020815730074,0.43207072640426425,0.42259642428808003,0.4139936907522974,0.3056403486392515,0.31737709673752856,0.3920022709367847,0.4090530642627408
hinge,0.3996484675779593,0.3742476507702025,0.37620485998312164,0.41355396063794947,0.4360650819992172,0.42534848573320483,0.4120160816884396,0.3173770967375286,0.30651781857800814,0.3870326588516098,0.4128895450378906
trapezoid,0.3700195023883812,0.392420027970052,0.3621778725158862,0.3732096105928011,0.3594908604014876,0.4054022708579321,0.36503197582354546,0.39200227093678475,0.3870326588516098,0.2917271258358855,0.33640501350092644
random,0.4288176401672714,0.4673675666437803,0.4113934428923732,0.3892175388746279,0.3880874137333983,0.4433429108534951,0.4111703191851479,0.4090530642627408,0.4128895450378906,0.3364050135009265,0.29556192678618926
