,square,rectangle,parallelogram,losange,isoTrapezoid,kite,rightKite,rustedHinge,hinge,trapezoid,random
square,0.27921190554768266,0.3171260697409966,0.3371341431903273,0.36174281811057407,0.30516707967098167,0.29925879654281207,0.29329143344150066,0.3256926279686598,0.32113579832578965,0.30870515625862205,0.3339441581920096
rectangle,0.3171260697409966,0.2807284027605085,0.3027763877326529,0.3274121998090805,0.34588838817871437,0.32651974242177345,0.3235446825109209,0.3084002816976444,0.29767393253392893,0.3266984366579957,0.35123652667334276
parallelogram,0.3371341431903273,0.3027763877326529,0.2872397636001657,0.3110539391870933,0.3559478528302577,0.3462758832243284,0.3375540055336632,0.321362217855835,0.3102323048790685,0.3283258550581642,0.3504915822615211
losange,0.36174281811057407,0.32741219980908054,0.3110539391870933,0.29093138036862976,0.3644174982803531,0.36549707938943415,0.3595758295149868,0.3309319812277542,0.32520976029131005,0.33545043599400426,0.3376639639941857
isoTrapezoid,0.30516707967098167,0.34588838817871437,0.35594785283025776,0.36441749828035314,0.2860204856851636,0.30987499946520997,0.3070535471399881,0.3499162263438738,0.3481312275398683,0.3138531560708819,0.32742941773013007
kite,0.29925879654281207,0.32651974242177345,0.3462758832243284,0.36549707938943415,0.30987499946520997,0.28931340512514025,0.29906573654135377,0.34123790490048295,0.33783922976683717,0.32708129492714766,0.3466138585111734
rightKite,0.2932914334415006,0.3235446825109209,0.3375540055336632,0.35957582951498684,0.30705354713998806,0.2990657365413539,0.2866301638766603,0.33611850052477915,0.3317103757669072,0.31095276219790086,0.3401351121278561
rustedHinge,0.3256926279686598,0.30840028169764433,0.321362217855835,0.3309319812277542,0.3499162263438738,0.34123790490048295,0.3361185005247792,0.2918749838532588,0.2937725056582825,0.33271931315178077,0.34336839020622684
hinge,0.3211357983257896,0.29767393253392893,0.3102323048790685,0.32520976029131005,0.3481312275398683,0.33783922976683717,0.3317103757669072,0.2937725056582825,0.287576614944442,0.32717387051372127,0.3421929790371352
trapezoid,0.30870515625862205,0.3266984366579958,0.32832585505816425,0.33545043599400426,0.3138531560708819,0.32708129492714766,0.31095276219790086,0.33271931315178077,0.32717387051372127,0.2894670871548961,0.3151443895301824
random,0.3339441581920096,0.35123652667334276,0.3504915822615211,0.3376639639941857,0.3274294177301301,0.3466138585111734,0.340135112127856,0.34336839020622684,0.34219297903713525,0.3151443895301824,0.29267634539477655
