,square,rectangle,parallelogram,losange,isoTrapezoid,kite,rightKite,rustedHinge,hinge,trapezoid,random
square,0.13036663235133492,0.16432153866729252,0.19750783732775684,0.2327743880772976,0.17337645963002438,0.15834589421540926,0.16028269981535703,0.18010041057084641,0.1726686400550906,0.17870915955569067,0.2162237946379057
rectangle,0.16432153866729252,0.12099119985223833,0.1434341548576389,0.1880850190583127,0.23118806838528846,0.19466040259902523,0.19734551443941592,0.15569807180438844,0.1379591188065226,0.19233910408410926,0.24548684776967877
parallelogram,0.19750783732775684,0.1434341548576389,0.12545667181809603,0.15741426912756598,0.24958746575644067,0.23073476871464985,0.22504130079757914,0.17657601064073317,0.15138580230534154,0.19066838725458354,0.2401585239369306
losange,0.2327743880772976,0.18808501905831268,0.15741426912756598,0.15287047441027724,0.2564068381439322,0.26335402497282745,0.2561615252557323,0.21373077858204734,0.1891939924209659,0.19697317019608318,0.22289957318752796
isoTrapezoid,0.17337645963002438,0.23118806838528846,0.24958746575644067,0.2564068381439322,0.14381696338662742,0.17676038116410606,0.1796122297328101,0.23938460322875602,0.23306252812598996,0.1861278500752811,0.19476947750043574
kite,0.15834589421540923,0.19466040259902517,0.23073476871464985,0.26335402497282745,0.17676038116410606,0.1423680191416279,0.1623623247087005,0.2032054949453125,0.204069943687562,0.21304307021119034,0.23749487106337036
rightKite,0.16028269981535703,0.19734551443941598,0.22504130079757914,0.2561615252557323,0.1796122297328101,0.16236232470870052,0.15681767721089426,0.20544854110459174,0.2034852616351804,0.19773304940334036,0.23321162205070362
rustedHinge,0.18010041057084641,0.15569807180438844,0.17657601064073317,0.21373077858204734,0.23938460322875602,0.2032054949453125,0.20544854110459174,0.14588254032739195,0.14530942260621968,0.2127903736622171,0.2513425672162945
hinge,0.17266864005509058,0.1379591188065226,0.15138580230534154,0.1891939924209659,0.23306252812598996,0.20406994368756204,0.2034852616351804,0.14530942260621965,0.13110668663470457,0.19323435804255723,0.23514209305190134
trapezoid,0.17870915955569067,0.19233910408410926,0.19066838725458354,0.1969731701960832,0.18612785007528107,0.21304307021119034,0.19773304940334036,0.2127903736622171,0.19323435804255723,0.15623495756388608,0.18126563007886065
random,0.2162237946379057,0.24548684776967883,0.2401585239369306,0.22289957318752796,0.19476947750043572,0.23749487106337036,0.23321162205070362,0.2513425672162945,0.23514209305190134,0.18126563007886062,0.15940677304942152
