,square,rectangle,parallelogram,losange,isoTrapezoid,kite,rightKite,rustedHinge,hinge,trapezoid,random
square,0.16980457162384793,0.21674343541278826,0.2645196071886788,0.30512488869408916,0.22257036921417955,0.21876488374872752,0.21466527384652787,0.24785493279085427,0.24239187391115902,0.2308888350553986,0.2806518452148242
rectangle,0.2167434354127882,0.1689317867680745,0.21197200267183297,0.26553489868680213,0.28841963014287103,0.256574591410074,0.25662768044547735,0.2279959655585577,0.21188513066546136,0.2550958874815789,0.31770389471485433
parallelogram,0.2645196071886788,0.21197200267183297,0.1858445981745422,0.21706032150612398,0.30942523941519673,0.29442861622237715,0.2849022636498049,0.24459156682708613,0.22614565416151247,0.2506041230828949,0.29696001989264964
losange,0.3051248886940891,0.26553489868680213,0.21706032150612398,0.19382791554962467,0.31900065397266814,0.32661687277782075,0.315930132053708,0.274716320673298,0.26296119699728315,0.25673466991127514,0.27363121889236897
isoTrapezoid,0.22257036921417955,0.28841963014287103,0.30942523941519673,0.31900065397266814,0.18197293865098169,0.2238187102618698,0.22004270437895765,0.29214960013532526,0.29218115263614197,0.229736239032458,0.2483049995772559
kite,0.21876488374872752,0.25657459141007405,0.29442861622237715,0.32661687277782075,0.22381871026186975,0.1885743915827798,0.20716580113271582,0.2712239823079682,0.27100608836034973,0.261762591408232,0.2934797010497122
rightKite,0.21466527384652787,0.25662768044547735,0.284902263649805,0.315930132053708,0.22004270437895765,0.20716580113271582,0.19278032642419782,0.26688749011224694,0.26482096551028,0.23736089502612945,0.2779073089779134
rustedHinge,0.24785493279085427,0.22799596555855767,0.24459156682708616,0.27471632067329804,0.29214960013532526,0.2712239823079682,0.2668874901122469,0.18694024008892632,0.19162562124945387,0.26563484527812886,0.2918699026779548
hinge,0.24239187391115902,0.2118851306654613,0.22614565416151244,0.26296119699728315,0.29218115263614197,0.27100608836034973,0.26482096551028,0.19162562124945387,0.1823318485811858,0.2558387673045447,0.2871158442377398
trapezoid,0.2308888350553986,0.25509588748157885,0.2506041230828949,0.25673466991127514,0.229736239032458,0.261762591408232,0.23736089502612945,0.26563484527812886,0.2558387673045447,0.197319574802691,0.2285410043052898
random,0.2806518452148242,0.31770389471485433,0.29696001989264964,0.2736312188923689,0.2483049995772559,0.2934797010497122,0.2779073089779133,0.2918699026779548,0.2871158442377398,0.2285410043052898,0.19611479691498032
