,square,rectangle,parallelogram,losange,isoTrapezoid,kite,rightKite,rustedHinge,hinge,trapezoid,random
square,0.11938977519225952,0.15296032288513398,0.18139201891983492,0.21351569725263106,0.15356605946065277,0.1443219553066722,0.1431448164966703,0.16726467379922783,0.15942961481792206,0.16177227476649297,0.2010140107740289
rectangle,0.15296032288513398,0.11512379338015412,0.13127239217826545,0.1677531806944448,0.20490584042457455,0.17929998570613423,0.17834979052003835,0.1486443902211148,0.1308722827808281,0.1712644696085489,0.22239441060247608
parallelogram,0.18139201891983492,0.13127239217826545,0.11426866006856896,0.14103498209359244,0.22469046089959127,0.21111375522536532,0.20334639341557334,0.16396441334121517,0.1404958709974371,0.17132566379206668,0.21922668184881627
losange,0.21351569725263106,0.1677531806944448,0.14103498209359244,0.13626920822050045,0.23726150386847167,0.241277116086892,0.23296804611162736,0.1929980012453361,0.17041659836460882,0.17998616583042196,0.20719991555028178
isoTrapezoid,0.1535660594606528,0.20490584042457455,0.22469046089959127,0.23726150386847167,0.12964961217120638,0.1586846794711119,0.15735358178246037,0.2126699805407124,0.20731369175209632,0.17128654632147225,0.18734984766454943
kite,0.1443219553066722,0.1792999857061342,0.21111375522536532,0.241277116086892,0.1586846794711119,0.13202379777474066,0.1472375136593462,0.18969856801291862,0.18861425685658517,0.19362517182524944,0.22249173415475743
rightKite,0.1431448164966703,0.17834979052003833,0.20334639341557334,0.23296804611162733,0.15735358178246037,0.1472375136593462,0.13846406025697192,0.1881149456790253,0.18501095150092478,0.17714725705026507,0.21680672618481578
rustedHinge,0.16726467379922783,0.1486443902211148,0.16396441334121517,0.19299800124533611,0.2126699805407124,0.18969856801291862,0.18811494567902534,0.14070465075045027,0.138501614729005,0.19058372232064874,0.22853898177185844
hinge,0.15942961481792206,0.1308722827808281,0.14049587099743713,0.17041659836460882,0.20731369175209632,0.18861425685658512,0.18501095150092478,0.138501614729005,0.12459018634874487,0.17292451381908722,0.21387920645101782
trapezoid,0.16177227476649297,0.1712644696085489,0.1713256637920667,0.17998616583042196,0.17128654632147225,0.19362517182524944,0.17714725705026507,0.1905837223206487,0.1729245138190872,0.14458940130529135,0.17290039543024122
random,0.2010140107740289,0.22239441060247608,0.21922668184881627,0.20719991555028178,0.18734984766454946,0.22249173415475743,0.21680672618481578,0.22853898177185844,0.21387920645101785,0.17290039543024122,0.15777528519548648
