,square,rectangle,parallelogram,losange,isoTrapezoid,kite,rightKite,rustedHinge,hinge,trapezoid,random
square,0.5820192447279511,0.6254929072285539,0.6502348931935542,0.6767795034996754,0.60988923371266,0.6005317227310843,0.5954685736157007,0.6322415039458041,0.6296943583615721,0.6144108543189195,0.64296604837556
rectangle,0.6254929072285539,0.5761629275030468,0.6112780201222392,0.6392971670646127,0.6645908808107842,0.6330693752170563,0.6309887592964105,0.6080535323543039,0.5968333475183738,0.6347060573813267,0.6656868373515927
parallelogram,0.6502348931935542,0.6112780201222392,0.598466696838506,0.6249988383033692,0.6733911733254646,0.6562987638701634,0.6485392046988712,0.629488749007421,0.6191920550491563,0.6432720680111098,0.6689732829467615
losange,0.6767795034996755,0.6392971670646128,0.6249988383033692,0.6016645950447782,0.6807965939009721,0.6753647661979092,0.6721484277353037,0.6391880595111306,0.6347373286612736,0.6511755089165608,0.6533787339099143
isoTrapezoid,0.60988923371266,0.6645908808107841,0.6733911733254646,0.6807965939009721,0.5832195665029504,0.613325592179368,0.6114378918792054,0.6623702270202688,0.6639504339432281,0.6211436055589264,0.6369010165751547
kite,0.6005317227310845,0.6330693752170563,0.6562987638701634,0.6753647661979092,0.6133255921793681,0.5848425401471433,0.598321386296536,0.6477096658145303,0.6456691747185658,0.6285392672921456,0.6508497116158147
rightKite,0.5954685736157007,0.6309887592964105,0.6485392046988712,0.6721484277353037,0.6114378918792054,0.598321386296536,0.5862832416574594,0.6415338974922378,0.6388739873134628,0.6146426636633346,0.6486352684935832
rustedHinge,0.6322415039458041,0.6080535323543039,0.629488749007421,0.6391880595111306,0.6623702270202687,0.6477096658145304,0.6415338974922378,0.5903196346262193,0.5925763385580013,0.6385329122286465,0.6539283790594957
hinge,0.6296943583615721,0.5968333475183737,0.6191920550491563,0.6347373286612735,0.6639504339432281,0.6456691747185658,0.6388739873134628,0.5925763385580013,0.5858530066761479,0.6349571248875395,0.6553396945014894
trapezoid,0.6144108543189195,0.6347060573813266,0.6432720680111098,0.6511755089165608,0.6211436055589264,0.6285392672921456,0.6146426636633346,0.6385329122286465,0.6349571248875395,0.5911026701031522,0.6241321918717361
random,0.64296604837556,0.6656868373515927,0.6689732829467614,0.6533787339099143,0.6369010165751549,0.6508497116158147,0.6486352684935832,0.6539283790594956,0.6553396945014894,0.6241321918717362,0.5955201092280937
