,square,rectangle,parallelogram,losange,isoTrapezoid,kite,rightKite,rustedHinge,hinge,trapezoid,random
square,0.09815436155179146,0.10092185168309305,0.11756984668741571,0.12940390052254935,0.12732001548329533,0.1471951731334649,0.1529010748227215,0.13031052856547,0.11553216260761989,0.10924691083558336,0.14721536919326023
rectangle,0.10092185168309308,0.0447966668991823,0.05302423062652168,0.06594406121814467,0.1592195456017642,0.15370176180712175,0.15713377036683424,0.08966340107642508,0.0684610267160715,0.09825028351659648,0.1492914810115252
parallelogram,0.11756984668741571,0.053024230626521666,0.04775429877874417,0.0529915253983151,0.17434469450100065,0.16840059945712055,0.17399525436624097,0.09704302792970723,0.07620086581321951,0.10261550349837227,0.1478277377573764
losange,0.12940390052254933,0.06594406121814467,0.0529915253983151,0.05144047230993548,0.17896066524699691,0.17678239415531022,0.18590467041478842,0.10721323835445293,0.08773603547368995,0.10751974715933864,0.1450027613610145
isoTrapezoid,0.12732001548329536,0.15921954560176424,0.17434469450100065,0.17896066524699694,0.10727236296255846,0.14759679155232622,0.16800173169923324,0.1753290814608822,0.16776831952533064,0.13866666640350883,0.15315267367059524
kite,0.14719517313346492,0.15370176180712175,0.16840059945712055,0.17678239415531022,0.14759679155232622,0.15035410282213443,0.17272125618996056,0.17893069328065292,0.16983381122451482,0.15935502220217787,0.19129164458571235
rightKite,0.1529010748227215,0.15713377036683424,0.17399525436624097,0.18590467041478842,0.16800173169923327,0.17272125618996056,0.1758493896303142,0.17587392751419925,0.16912610694796193,0.16472629316295678,0.20294801620640326
rustedHinge,0.13031052856546999,0.08966340107642508,0.09704302792970725,0.10721323835445293,0.17532908146088216,0.17893069328065292,0.17587392751419925,0.0988035019611257,0.09418380665237859,0.12698499396190913,0.16627811551551924
hinge,0.11553216260761989,0.0684610267160715,0.0762008658132195,0.08773603547368995,0.16776831952533064,0.16983381122451482,0.16912610694796196,0.0941838066523786,0.07978822931650034,0.11160730920670127,0.15535305807460872
trapezoid,0.10924691083558336,0.09825028351659647,0.10261550349837227,0.10751974715933861,0.13866666640350883,0.15935502220217784,0.1647262931629568,0.12698499396190913,0.11160730920670127,0.10065839067552525,0.13047529348235778
random,0.14721536919326023,0.1492914810115252,0.1478277377573764,0.1450027613610145,0.15315267367059526,0.19129164458571235,0.20294801620640326,0.16627811551551924,0.15535305807460872,0.13047529348235778,0.13610861734722998
