,square,rectangle,parallelogram,losange,isoTrapezoid,kite,rightKite,rustedHinge,hinge,trapezoid,random
square,0.09791477287159277,0.10055649372612609,0.11681170626820442,0.12830954777759285,0.12644384333741426,0.14656739578823194,0.15221646148934131,0.12917320333055002,0.1144425371507207,0.1083691354242263,0.1459626266166955
rectangle,0.10055649372612609,0.04442550085169457,0.0521189024243572,0.06465948088075611,0.15840093833674698,0.15315980906639673,0.15642234318337325,0.08854554787064628,0.06741939244828848,0.09723935616970722,0.1480374447344658
parallelogram,0.11681170626820442,0.0521189024243572,0.047108236831403215,0.05222459197963397,0.17373842620681043,0.1679327157373792,0.17336168021625592,0.09597822574548319,0.07506234341467184,0.1017759778791189,0.1468787458723875
losange,0.12830954777759282,0.06465948088075611,0.05222459197963397,0.05080384569437728,0.17827456136150505,0.17616334174207116,0.18515525234129238,0.10603033810896276,0.08642594670201618,0.1066153238009651,0.14411362870420988
isoTrapezoid,0.12644384333741426,0.15840093833674698,0.17373842620681043,0.17827456136150505,0.10696060071837304,0.14714425983344284,0.16777848013627839,0.17467566472227544,0.16701790410567977,0.13837401558206497,0.15265495980377175
kite,0.14656739578823194,0.15315980906639673,0.1679327157373792,0.17616334174207116,0.14714425983344284,0.15012715837985105,0.1726147696566559,0.17850061493876207,0.1693659282384639,0.1590870508143253,0.19095145604948224
rightKite,0.15221646148934131,0.15642234318337322,0.17336168021625592,0.18515525234129235,0.16777848013627839,0.1726147696566559,0.17585976336445128,0.17538416880536215,0.1685501665998144,0.16444793701392693,0.20261346385133708
rustedHinge,0.12917320333055002,0.0885455478706463,0.09597822574548319,0.10603033810896276,0.17467566472227544,0.17850061493876207,0.17538416880536215,0.09816669279317768,0.09352480910529004,0.1260973785495379,0.1655393239641261
hinge,0.1144425371507207,0.0674193924482885,0.07506234341467184,0.08642594670201617,0.16701790410567974,0.1693659282384639,0.16855016659981437,0.09352480910529003,0.07913393658638573,0.11058398306271486,0.1544733593233618
trapezoid,0.1083691354242263,0.09723935616970722,0.1017759778791189,0.1066153238009651,0.13837401558206497,0.1590870508143253,0.16444793701392693,0.1260973785495379,0.11058398306271486,0.10007576793272496,0.1297691426859125
random,0.14596262661669548,0.1480374447344658,0.1468787458723875,0.14411362870420988,0.15265495980377172,0.19095145604948222,0.20261346385133708,0.1655393239641261,0.1544733593233618,0.1297691426859125,0.13558287604852945
