,square,rectangle,parallelogram,losange,isoTrapezoid,kite,rightKite,rustedHinge,hinge,trapezoid,random
square,0.11107011316243146,0.12401615547550847,0.1474056994605727,0.1645958848585776,0.13641284570639237,0.14293499210677527,0.14097795921665052,0.14638420930864504,0.13706921857060805,0.13129468487762694,0.15853992775324238
rectangle,0.12401615547550847,0.09459551304170692,0.11623965208760889,0.13776271768540768,0.1650415463576353,0.15526713868967842,0.15331245576892738,0.13093550559480924,0.11654059984847749,0.13466128675232406,0.17234472543889948
parallelogram,0.14740569946057266,0.11623965208760892,0.10616007806789796,0.11896591538498719,0.1785485176288453,0.17767576633001797,0.17047808429801242,0.14387349058211701,0.129128683178529,0.13477620924966846,0.16668680239907546
losange,0.1645958848585776,0.13776271768540768,0.11896591538498717,0.10930937645741594,0.1854482039874258,0.1922458224546162,0.18462707565017894,0.153602736024964,0.14219059647609916,0.13874250331355675,0.15879400958230536
isoTrapezoid,0.13641284570639237,0.1650415463576353,0.1785485176288453,0.1854482039874258,0.1218355953473713,0.14806889029143352,0.15070995564303274,0.17708425660040997,0.17242251162718733,0.1433155413795652,0.15551611804745716
kite,0.14293499210677527,0.15526713868967842,0.17767576633001797,0.19224582245461613,0.14806889029143352,0.13697770362436695,0.15011311479081657,0.18040674067676868,0.17321691434899736,0.16400846123691337,0.18643953747891853
rightKite,0.14097795921665052,0.1533124557689274,0.1704780842980124,0.18462707565017894,0.15070995564303274,0.1501131147908166,0.14226615432142978,0.1744544724666041,0.16808939396842726,0.15212336979478663,0.1798678212940334
rustedHinge,0.14638420930864504,0.13093550559480926,0.14387349058211701,0.153602736024964,0.17708425660040997,0.18040674067676865,0.1744544724666041,0.11711371880447183,0.11803484166669496,0.15184046466309917,0.1701180936368959
hinge,0.13706921857060805,0.11654059984847749,0.129128683178529,0.14219059647609916,0.17242251162718733,0.17321691434899736,0.16808939396842726,0.11803484166669496,0.110285036321224,0.14170180834318186,0.16494774481621
trapezoid,0.13129468487762697,0.13466128675232406,0.1347762092496685,0.13874250331355675,0.1433155413795652,0.16400846123691337,0.15212336979478666,0.15184046466309914,0.14170180834318186,0.11450462657284477,0.13602941847321565
random,0.15853992775324238,0.17234472543889948,0.16668680239907546,0.15879400958230536,0.15551611804745716,0.18643953747891853,0.1798678212940334,0.1701180936368959,0.16494774481621,0.13602941847321565,0.12737422018756742
