,square,rectangle,parallelogram,losange,isoTrapezoid,kite,rightKite,rustedHinge,hinge,trapezoid,random
square,0.12486052162295398,0.14518533485643836,0.17176146615865645,0.1920176586400484,0.14312150534618878,0.14180938900003326,0.13812000919467632,0.1573694200956956,0.1531587020187017,0.1483705502355738,0.1704447204778767
rectangle,0.14518533485643836,0.12039037369199618,0.145875087338976,0.17107822959837168,0.17433764828026932,0.1578314179972889,0.1554320221255328,0.14782222380810933,0.13862270092718693,0.15774595765341265,0.18700331787421967
parallelogram,0.17176146615865645,0.145875087338976,0.13350845200746148,0.1494248976780501,0.18957113231143377,0.1838144379041768,0.17441185899638637,0.16365471031114123,0.15386522513594703,0.15836238021134993,0.1824183295432317
losange,0.19201765864004844,0.17107822959837168,0.14942489767805006,0.13596867643762936,0.19774836625214642,0.20052106704530648,0.1907758288653773,0.17442025528238758,0.16896118206529645,0.1631950378450594,0.17244470184386287
isoTrapezoid,0.14312150534618878,0.17433764828026932,0.18957113231143374,0.19774836625214642,0.12632158974394941,0.14650243497545856,0.14399630087231988,0.1790369395677718,0.17779298279216144,0.1505143121048122,0.16204083495510727
kite,0.14180938900003326,0.15783141799728892,0.1838144379041768,0.20052106704530648,0.14650243497545853,0.13013548851381482,0.13943223124798254,0.17446341147075498,0.17191403590469212,0.16576354590577402,0.18461539861083792
rightKite,0.13812000919467632,0.15543202212553284,0.1744118589963864,0.19077582886537728,0.14399630087231988,0.1394322312479825,0.12990096654332353,0.169721157210505,0.1666405277040839,0.14998346014257088,0.17416436065025775
rustedHinge,0.15736942009569563,0.14782222380810933,0.16365471031114123,0.17442025528238758,0.1790369395677718,0.174463411470755,0.169721157210505,0.1276710539641349,0.13140422661973247,0.16481569795758066,0.17641851193538696
hinge,0.1531587020187017,0.1386227009271869,0.15386522513594703,0.16896118206529648,0.17779298279216144,0.17191403590469212,0.1666405277040839,0.13140422661973244,0.1278107638270985,0.15974665277187408,0.17565667430470125
trapezoid,0.1483705502355738,0.15774595765341265,0.15836238021134996,0.1631950378450594,0.1505143121048122,0.165763545905774,0.14998346014257086,0.1648156979575807,0.15974665277187408,0.12961448055503902,0.14683428419598582
random,0.1704447204778767,0.18700331787421967,0.1824183295432317,0.17244470184386285,0.16204083495510727,0.1846153986108379,0.17416436065025775,0.176418511935387,0.17565667430470125,0.14683428419598582,0.13350799872142957
