,square,rectangle,parallelogram,losange,isoTrapezoid,kite,rightKite,rustedHinge,hinge,trapezoid,random
square,0.09371273159860737,0.0928528988746143,0.10784898901440607,0.11703525839942476,0.1275273650960187,0.14857582400910724,0.1508502022007069,0.1279775446335844,0.10970289204450641,0.10425712649029575,0.13431550931794117
rectangle,0.0928528988746143,0.05130362249369463,0.06245437341832844,0.07407195197449498,0.15070818365877833,0.1536594798387621,0.15161847454460567,0.09726370513594237,0.0744477091562014,0.09271613885996834,0.13870466889266522
parallelogram,0.10784898901440607,0.06245437341832844,0.055932525906635756,0.06172946493982985,0.15999761793467285,0.16786380347798688,0.164785587610595,0.10393021149887689,0.08112537351344826,0.09197702119127389,0.13283536049714542
losange,0.11703525839942473,0.07407195197449497,0.06172946493982985,0.057919115134259964,0.16217290800255713,0.1753714677396096,0.17343665675482708,0.1098023151380481,0.08876708842915286,0.09350214071483809,0.12722161601555748
isoTrapezoid,0.12752736509601872,0.15070818365877833,0.15999761793467285,0.16217290800255713,0.11535291360045587,0.15127240817613222,0.16776243583346448,0.1729048523984305,0.16133161723859737,0.1333567402510467,0.14140120951178062
kite,0.14857582400910724,0.1536594798387621,0.16786380347798688,0.1753714677396096,0.1512724081761322,0.1510287327146973,0.17405188293370552,0.18695123000478028,0.17279678859221867,0.1630185246448216,0.18707784899122917
rightKite,0.15085020220070688,0.15161847454460567,0.16478558761059503,0.17343665675482708,0.16776243583346448,0.17405188293370555,0.17312309821181515,0.17975440047554767,0.16761085348477212,0.1611500606477772,0.1915406892162465
rustedHinge,0.12797754463358438,0.09726370513594237,0.10393021149887689,0.1098023151380481,0.1729048523984305,0.18695123000478026,0.1797544004755477,0.10060964398227526,0.09518724640328738,0.12624506970538446,0.15464963750481592
hinge,0.10970289204450641,0.0744477091562014,0.08112537351344826,0.08876708842915289,0.16133161723859737,0.17279678859221867,0.16761085348477212,0.09518724640328738,0.07978238625696579,0.10638925309434309,0.14077005695334788
trapezoid,0.10425712649029575,0.09271613885996832,0.09197702119127389,0.09350214071483809,0.13335674025104674,0.1630185246448216,0.1611500606477772,0.12624506970538446,0.10638925309434309,0.08870260472426711,0.11337429411059367
random,0.13431550931794115,0.13870466889266522,0.13283536049714542,0.12722161601555748,0.14140120951178056,0.18707784899122917,0.1915406892162465,0.15464963750481592,0.14077005695334788,0.11337429411059367,0.11181584979299357
