,square,rectangle,parallelogram,losange,isoTrapezoid,kite,rightKite,rustedHinge,hinge,trapezoid,random
square,0.09820402720012238,0.10110306111892285,0.11815234986325451,0.1301653254496314,0.1279138068659344,0.1476641976497472,0.15333673430080122,0.1312015043061904,0.11642127260532058,0.11000204239662924,0.14818830428663668
rectangle,0.10110306111892285,0.045213198066939235,0.05396253325906953,0.06711029950144301,0.15964951023605595,0.15411219076705174,0.15754666910949497,0.0907539987666668,0.0695492190217291,0.0991066649925382,0.15025242554880983
parallelogram,0.11815234986325451,0.053962533259069516,0.04847609586242284,0.05380869238700596,0.17455523271886655,0.16868556284799952,0.17430082005145625,0.09810566249163641,0.07732306395913457,0.1032798264705314,0.14852456639872152
losange,0.1301653254496314,0.06711029950144302,0.05380869238700596,0.05209035828437572,0.1790922211016561,0.17700680965153084,0.1861113092394841,0.10823931837201231,0.0888448141429798,0.10810156501449618,0.14551983696071275
isoTrapezoid,0.12791380686593443,0.15964951023605595,0.17455523271886655,0.1790922211016561,0.1072930137500509,0.14757994816029613,0.16770987377879068,0.17534584051710356,0.16786299782532169,0.13868593964361733,0.153181577688422
kite,0.1476641976497472,0.1541121907670517,0.16868556284799954,0.17700680965153084,0.14757994816029613,0.15012049231594393,0.17233217417240276,0.1788274593372597,0.1697764777114645,0.1594115552820319,0.19110740848080357
rightKite,0.15333673430080122,0.15754666910949494,0.17430082005145625,0.1861113092394841,0.16770987377879065,0.17233217417240274,0.1753110781814721,0.17576037212358284,0.16907124200282214,0.1646828657937237,0.20263564736331088
rustedHinge,0.13120150430619043,0.09075399876666679,0.09810566249163641,0.10823931837201231,0.17534584051710356,0.1788274593372597,0.1757603721235828,0.09912823180312318,0.0945543693698349,0.1275628006840023,0.1664201843737921
hinge,0.11642127260532058,0.0695492190217291,0.07732306395913457,0.0888448141429798,0.16786299782532166,0.1697764777114645,0.16907124200282217,0.0945543693698349,0.08019402895480159,0.11228684435639108,0.15560223188340613
trapezoid,0.11000204239662924,0.09910666499253817,0.10327982647053138,0.1081015650144962,0.13868593964361733,0.1594115552820319,0.16468286579372368,0.1275628006840023,0.11228684435639108,0.1009799863647084,0.13078583532987223
random,0.14818830428663668,0.15025242554880983,0.14852456639872152,0.14551983696071275,0.153181577688422,0.19110740848080354,0.2026356473633109,0.1664201843737921,0.15560223188340613,0.1307858353298722,0.13605138183830323
