,square,rectangle,parallelogram,losange,isoTrapezoid,kite,rightKite,rustedHinge,hinge,trapezoid,random
square,0.0992379272000665,0.10247020759724193,0.12030894232385089,0.13272480014600768,0.13041048264296595,0.14969499589089286,0.1555681305322541,0.1340937733103769,0.11924928752093822,0.1125510332623503,0.15109034734814922
rectangle,0.10247020759724193,0.04677837784555863,0.05662533265713311,0.07029081109262766,0.1619940651102668,0.15602426091282312,0.15986366139149977,0.09386181957085979,0.07252359848101742,0.10197007294486049,0.15325282213631802
parallelogram,0.12030894232385088,0.056625332657133126,0.0505243254050764,0.056074331875094065,0.17640149721539672,0.17024640224599716,0.17620462723491945,0.1008196812691192,0.08014172828909291,0.10568843414030105,0.15095552953481906
losange,0.1327248001460077,0.07029081109262766,0.056074331875094065,0.05389233108172307,0.1806862641466175,0.1783483917506121,0.18770714040800773,0.11067677978125603,0.0914959238546989,0.11029991060206151,0.14754212854081136
isoTrapezoid,0.13041048264296598,0.1619940651102668,0.17640149721539672,0.1806862641466175,0.10837808471371929,0.14882746605998431,0.16860845257113807,0.17668986837327247,0.16941195312820156,0.14000353621316197,0.15449987740138488
kite,0.14969499589089286,0.15602426091282312,0.17024640224599719,0.1783483917506121,0.1488274660599843,0.15080559796038942,0.17291629485105206,0.17975837010596352,0.17082519781704208,0.16055569303859735,0.19198627634447868
rightKite,0.15556813053225413,0.15986366139149977,0.17620462723491945,0.18770714040800773,0.1686084525711381,0.17291629485105203,0.17569486555056466,0.17680897543066385,0.17034020800442976,0.16584240147768514,0.20343904256121495
rustedHinge,0.1340937733103769,0.09386181957085979,0.10081968126911922,0.11067677978125603,0.17668986837327244,0.1797583701059635,0.17680897543066385,0.10050966435482857,0.09610712159054008,0.12964753849868768,0.16784700278733244
hinge,0.1192492875209382,0.07252359848101742,0.08014172828909291,0.0914959238546989,0.16941195312820156,0.17082519781704208,0.17034020800442976,0.09610712159054008,0.08175130187041561,0.11461341664969298,0.1572911181119002
trapezoid,0.1125510332623503,0.10197007294486052,0.10568843414030105,0.11029991060206151,0.14000353621316197,0.1605556930385973,0.16584240147768514,0.12964753849868765,0.11461341664969298,0.10268993852114308,0.1325586665394836
random,0.15109034734814925,0.15325282213631802,0.15095552953481906,0.14754212854081136,0.15449987740138488,0.19198627634447868,0.20343904256121495,0.16784700278733244,0.15729111811190022,0.1325586665394836,0.13728728398718093
