,square,rectangle,parallelogram,losange,isoTrapezoid,kite,rightKite,rustedHinge,hinge,trapezoid,random
square,0.0,10.971881814394942,13.477682422857258,15.979225558672688,8.399593734090965,7.003805148948914,5.647813869883039,11.245962821620164,11.092385425610859,8.892513029600265,12.75828355425372
rectangle,10.971881814394942,0.0,8.039888160930126,12.020177655561563,14.625835483609661,11.928647917477418,11.539666500425087,8.725240194233018,6.930560834840427,11.7981348528026,15.008576345313191
parallelogram,13.477682422857258,8.039888160930126,0.0,8.026858008159675,15.427489697117002,14.271652477049155,13.231273682202264,10.454720093508362,8.897300166910778,11.704660847759627,14.32994127527513
losange,15.979225558672688,12.020177655561563,8.026858008159675,0.0,16.19317849456673,16.231120441322613,15.527526505548735,11.743308398013527,11.10545817474454,12.422427500899225,12.43332399457682
isoTrapezoid,8.399593734090965,14.625835483609661,15.427489697117002,16.19317849456673,0.0,8.731353191602711,8.172874047203894,14.132874808560492,14.354057326525876,9.454436721316448,11.49437811882208
kite,7.003805148948914,11.928647917477418,14.271652477049155,16.231120441322613,8.731353191602711,0.0,5.919580267538002,13.299093310324475,13.241904840565605,11.327227617010111,14.042493442108343
rightKite,5.647813869883039,11.539666500425087,13.231273682202264,15.527526505548735,8.172874047203894,5.919580267538002,0.0,12.454416792939236,12.307214987956009,8.782861127280036,13.147620518528132
rustedHinge,11.245962821620164,8.725240194233018,10.454720093508362,11.743308398013527,14.132874808560492,13.299093310324475,12.454416792939236,0.0,3.513815326542594,11.629446352401434,13.07282072308664
hinge,11.092385425610859,6.930560834840427,8.897300166910778,11.10545817474454,14.354057326525876,13.241904840565605,12.307214987956009,3.513815326542594,0.0,11.252382739266455,13.290980853724333
trapezoid,8.892513029600265,11.7981348528026,11.704660847759627,12.422427500899225,9.454436721316448,11.327227617010111,8.782861127280036,11.629446352401434,11.252382739266455,0.0,8.791710062696982
random,12.75828355425372,15.008576345313191,14.32994127527513,12.43332399457682,11.49437811882208,14.042493442108343,13.147620518528132,13.07282072308664,13.290980853724333,8.791710062696982,0.0
