,square,rectangle,parallelogram,losange,isoTrapezoid,kite,rightKite,rustedHinge,hinge,trapezoid,random
square,0.0,6.679020593372435,9.01796824391818,10.868302664976309,5.2735927148340425,4.7281056010132,3.7533751419458254,7.290520600227671,7.012518278431832,6.0119228095559425,8.510916945084682
rectangle,6.679020593372435,0.0,5.275994245218148,8.23750353407753,9.34788201843708,7.525941061945758,7.1895326121034975,5.927568344132447,4.693428884992829,7.4932674738074905,9.980228388505644
parallelogram,9.01796824391818,5.275994245218148,0.0,4.883400996556362,10.31537977847175,9.66504850194819,8.851867850071251,7.038826318598229,5.878911369650138,7.215285113736025,9.179717270991972
losange,10.868302664976309,8.23750353407753,4.883400996556362,0.0,11.121020514403344,11.14538341097929,10.474077425603987,8.177689199062646,7.631121529171491,7.81760063348778,7.980586228607324
isoTrapezoid,5.2735927148340425,9.34788201843708,10.31537977847175,11.121020514403344,0.0,5.586490588900116,4.977952956543862,9.19633164996551,9.25354708388978,6.246110538054328,7.576486968548093
kite,4.7281056010132,7.525941061945758,9.66504850194819,11.14538341097929,5.586490588900116,0.0,3.871371961262236,8.773699420595754,8.66421309953764,7.9248598959183925,9.691059528550388
rightKite,3.7533751419458254,7.1895326121034975,8.851867850071251,10.474077425603987,4.977952956543862,3.871371961262236,0.0,8.272255585924192,8.024841240831712,5.937196203424914,8.748145637359306
rustedHinge,7.290520600227671,5.927568344132447,7.038826318598229,8.177689199062646,9.19633164996551,8.773699420595754,8.272255585924192,0.0,2.199153725695088,7.541464526009268,8.522631833138867
hinge,7.012518278431832,4.693428884992829,5.878911369650138,7.631121529171491,9.25354708388978,8.66421309953764,8.024841240831712,2.199153725695088,0.0,7.112634009811453,8.589520772465026
trapezoid,6.0119228095559425,7.4932674738074905,7.215285113736025,7.81760063348778,6.246110538054328,7.9248598959183925,5.937196203424914,7.541464526009268,7.112634009811453,0.0,5.141410995375249
random,8.510916945084682,9.980228388505644,9.179717270991972,7.980586228607324,7.576486968548093,9.691059528550388,8.748145637359306,8.522631833138867,8.589520772465026,5.141410995375249,0.0
