,square,rectangle,parallelogram,losange,isoTrapezoid,kite,rightKite,rustedHinge,hinge,trapezoid,random
square,0.0,98.10692552723333,122.29966003796952,145.45528162458703,75.31058144006708,65.31986180114403,50.10582158118381,102.01332558184428,99.8041114365452,80.72045280273173,118.85194033582646
rectangle,98.10692552723333,0.0,68.40334490097534,110.8409704553445,137.89852117366476,107.83016002759983,103.86055714244496,82.04118868711217,64.90071667738943,106.05919549821542,144.45250304790545
parallelogram,122.29966003796952,68.40334490097534,0.0,70.14178379263272,145.87503603221518,129.83712610659876,120.54293755939456,93.62267630922364,78.06616504410303,101.96455165188281,133.69219324199557
losange,145.45528162458703,110.8409704553445,70.14178379263272,0.0,151.81546335929173,148.21886407266453,140.61330091508094,106.80784076813435,100.45710602821019,106.33312008540118,110.9630657008921
isoTrapezoid,75.31058144006708,137.89852117366476,145.87503603221518,151.81546335929173,0.0,79.11839562680139,71.24837601130454,131.6419289658307,134.52925914307656,86.14609867437584,105.50774323065905
kite,65.31986180114403,107.83016002759983,129.83712610659876,148.21886407266453,79.11839562680139,0.0,52.86669733103517,123.91744910463858,123.2140832372604,104.94186538377681,132.57249474161833
rightKite,50.10582158118381,103.86055714244496,120.54293755939456,140.61330091508094,71.24837601130454,52.86669733103517,0.0,115.2816524969616,113.38291709405566,79.50942044432769,122.03360158056806
rustedHinge,102.01332558184428,82.04118868711217,93.62267630922364,106.80784076813435,131.6419289658307,123.91744910463858,115.2816524969616,0.0,30.630880311866775,102.99368160004731,121.6248152511661
hinge,99.8041114365452,64.90071667738943,78.06616504410303,100.45710602821019,134.52925914307656,123.2140832372604,113.38291709405566,30.630880311866775,0.0,98.75997050559431,124.27533039264829
trapezoid,80.72045280273173,106.05919549821542,101.96455165188281,106.33312008540118,86.14609867437584,104.94186538377681,79.50942044432769,102.99368160004731,98.75997050559431,0.0,76.60442840615532
random,118.85194033582646,144.45250304790545,133.69219324199557,110.9630657008921,105.50774323065905,132.57249474161833,122.03360158056806,121.6248152511661,124.27533039264829,76.60442840615532,0.0
