,square,rectangle,parallelogram,losange,isoTrapezoid,kite,rightKite,rustedHinge,hinge,trapezoid,random
square,0.0,85.30294071288928,109.12685135445615,130.15597643828528,65.77671662813208,58.47799982052425,45.39285563718648,90.54788065829891,87.63122234830959,71.95253931029353,105.56140021185901
rectangle,85.30294071288928,0.0,62.14058713244112,99.81599318969992,119.75351178988318,94.42286352321896,91.13320085006568,73.77643869816227,58.55437630279333,93.72738419083312,127.73029041641793
parallelogram,109.12685135445615,62.14058713244112,0.0,63.385842831035106,129.1945781603773,116.66954121721767,107.85089485670294,85.70479882471797,71.63065667318612,90.43216426361309,118.90904039964414
losange,130.15597643828528,99.81599318969992,63.385842831035106,0.0,135.37260978069696,133.41140616048045,126.10006382128948,97.0627121580007,91.31853709412745,94.41028868713684,99.09573544069207
isoTrapezoid,65.77671662813208,119.75351178988318,129.1945781603773,135.37260978069696,0.0,69.29937819311738,62.63615192952254,116.19294507611664,117.70660448807445,76.04017170803802,93.52844958105916
kite,58.47799982052425,94.42286352321896,116.66954121721767,133.41140616048045,69.29937819311738,0.0,47.46062031782443,110.15689081666824,109.14908309000752,94.66464749103163,119.20053500322611
rightKite,45.39285563718648,91.13320085006568,107.85089485670294,126.10006382128948,62.63615192952254,47.46062031782443,0.0,103.28143879945293,100.9204178718827,71.22750152360896,108.99786488282646
rustedHinge,90.54788065829891,73.77643869816227,85.70479882471797,97.0627121580007,116.19294507611664,110.15689081666824,103.28143879945293,0.0,27.3705718994629,92.76314075209815,108.18528482453455
hinge,87.63122234830959,58.55437630279333,71.63065667318612,91.31853709412745,117.70660448807445,109.14908309000752,100.9204178718827,27.3705718994629,0.0,88.20353371377026,109.9528126512583
trapezoid,71.95253931029353,93.72738419083312,90.43216426361309,94.41028868713684,76.04017170803802,94.66464749103163,71.22750152360896,92.76314075209815,88.20353371377026,0.0,67.54939612218556
random,105.56140021185901,127.73029041641793,118.90904039964414,99.09573544069207,93.52844958105916,119.20053500322611,108.99786488282646,108.18528482453455,109.9528126512583,67.54939612218556,0.0
