,square,rectangle,parallelogram,losange,isoTrapezoid,kite,rightKite,rustedHinge,hinge,trapezoid,random
square,0.0,112.9097413133277,159.23205577067588,193.48809956598848,95.38166650786101,87.59570607268843,73.63194404759516,131.4103243747235,123.6568308206484,109.2242834777322,154.74602732429702
rectangle,112.9097413133277,0.0,100.89407421952082,157.29983562119196,166.0541503787992,132.50897864323466,127.62830763000109,114.33467563073216,90.05736850073329,135.7321957416896,186.04802037746566
parallelogram,159.23205577067588,100.89407421952082,0.0,90.44673145937604,185.5032353223987,173.46521207976835,157.03104788919904,135.3764953208188,113.4766949581354,125.16085510781797,168.3907578949692
losange,193.48809956598848,157.29983562119196,90.44673145937604,0.0,199.29248879403366,200.50999485795546,185.7745928922047,156.18274394151746,146.7505350012455,134.5526664856971,146.40634479032784
isoTrapezoid,95.38166650786101,166.0541503787992,185.5032353223987,199.29248879403366,0.0,100.19399495181027,91.16109572936085,168.11242262303855,166.95558836754702,110.30874711280985,133.96508705298672
kite,87.59570607268843,132.50897864323466,173.46521207976835,200.50999485795546,100.19399495181027,0.0,71.25347210692057,160.7759233316545,157.58123869675856,143.17273181946248,176.81746375173628
rightKite,73.63194404759516,127.62830763000109,157.03104788919904,185.7745928922047,91.16109572936085,71.25347210692057,0.0,153.41837377156443,147.98158271439306,105.55809376911974,157.34974959283542
rustedHinge,131.4103243747235,114.33467563073216,135.3764953208188,156.18274394151746,168.11242262303855,160.7759233316545,153.41837377156443,0.0,43.52307367407968,141.91443745239377,160.9377893844628
hinge,123.6568308206484,90.05736850073329,113.4766949581354,146.7505350012455,166.95558836754702,157.58123869675856,147.98158271439306,43.52307367407968,0.0,132.41592296536163,160.60916920257688
trapezoid,109.2242834777322,135.7321957416896,125.16085510781797,134.5526664856971,110.30874711280985,143.17273181946248,105.55809376911974,141.91443745239377,132.41592296536163,0.0,90.89170547569057
random,154.74602732429702,186.04802037746566,168.3907578949692,146.40634479032784,133.96508705298672,176.81746375173628,157.34974959283542,160.9377893844628,160.60916920257688,90.89170547569057,0.0
