,square,rectangle,parallelogram,losange,isoTrapezoid,kite,rightKite,rustedHinge,hinge,trapezoid,random
square,0.0,86.21330948453726,109.08798306690456,130.43558311067338,66.29969771235619,58.65857895427221,44.979376179640965,90.77467248771883,88.18264248621708,72.27811647162062,106.23621409714065
rectangle,86.21330948453726,0.0,60.91527697110545,99.07377306427654,120.45889703171646,95.13972507231895,91.55600154354696,73.5001935580472,58.23252999975769,93.88404848172836,128.05365523847667
parallelogram,109.08798306690456,60.91527697110545,0.0,62.947266694098424,129.28354330561464,116.28297074539401,107.73690301168841,84.31671273138959,70.02857624053627,90.59093287233227,119.1601279308771
losange,130.43558311067338,99.07377306427654,62.947266694098424,0.0,135.3979294945224,133.26966216827012,126.2630016551302,95.96848327291927,90.15449227990165,95.00425006151785,99.06081378271857
isoTrapezoid,66.29969771235619,120.45889703171646,129.28354330561464,135.3979294945224,0.0,69.74133913671497,62.82189745737642,116.25929368429226,118.19519919398095,76.31027572364562,94.01161111702852
kite,58.65857895427221,95.13972507231895,116.28297074539401,133.26966216827012,69.74133913671497,0.0,47.37428871280053,110.46564839876281,109.57895804335222,94.6545464211986,119.09927149921599
rightKite,44.979376179640965,91.55600154354696,107.73690301168841,126.2630016551302,62.82189745737642,47.37428871280053,0.0,102.96088321370691,100.7989937679043,71.6677771093664,109.49200521168709
rustedHinge,90.77467248771883,73.5001935580472,84.31671273138959,95.96848327291927,116.25929368429226,110.46564839876281,102.96088321370691,0.0,27.25450999423648,92.10250847719024,108.00681706176118
hinge,88.18264248621708,58.23252999975769,70.02857624053627,90.15449227990165,118.19519919398095,109.57895804335222,100.7989937679043,27.25450999423648,0.0,87.70330734809323,110.06265589186593
trapezoid,72.27811647162062,93.88404848172836,90.59093287233227,95.00425006151785,76.31027572364562,94.6545464211986,71.6677771093664,92.10250847719024,87.70330734809323,0.0,68.47349158739152
random,106.23621409714065,128.05365523847667,119.1601279308771,99.06081378271857,94.01161111702852,119.09927149921599,109.49200521168709,108.00681706176118,110.06265589186593,68.47349158739152,0.0
