,square,rectangle,parallelogram,losange,isoTrapezoid,kite,rightKite,rustedHinge,hinge,trapezoid,random
square,0.0,88.03948011914973,115.38599501639854,138.08285310888743,68.34442167863871,61.607921293438885,48.13790176682486,94.98599459360378,91.47546737593954,76.1021200056865,110.8333402662641
rectangle,88.03948011914973,0.0,65.95603248222542,106.07093481818441,124.53807223511492,98.02652848424081,94.61101735780134,78.42601858424351,62.131258102751325,97.4693253003131,133.71281847745104
parallelogram,115.38599501639854,65.95603248222542,0.0,65.62695541602761,136.22065909324238,123.63853111323273,113.98347428509487,91.10680460418894,75.89321002851429,93.59403257510525,124.00698480092268
losange,138.08285310888743,106.07093481818441,65.62695541602761,0.0,143.77825850999497,141.83883207270415,133.44497559556774,103.75730635366608,97.39101421484553,98.58302141485039,104.23130099857732
isoTrapezoid,68.34442167863871,124.53807223511492,136.22065909324238,143.77825850999497,0.0,72.58273313885522,64.89697130355884,121.68570049171527,122.9305440974841,80.08150847092902,98.07725606492525
kite,61.607921293438885,98.02652848424081,123.63853111323273,141.83883207270415,72.58273313885522,0.0,49.82907164708996,115.89647887184763,114.55137437529773,100.573006596128,126.17043921670465
rightKite,48.13790176682486,94.61101735780134,113.98347428509487,133.44497559556774,64.89697130355884,49.82907164708996,0.0,108.8291782403793,106.07701682409147,75.14462957146405,114.29286147819917
rustedHinge,94.98599459360378,78.42601858424351,91.10680460418894,103.75730635366608,121.68570049171527,115.89647887184763,108.8291782403793,0.0,29.00498621291577,97.50568283469356,113.21303068521563
hinge,91.47546737593954,62.131258102751325,75.89321002851429,97.39101421484553,122.9305440974841,114.55137437529773,106.07701682409147,29.00498621291577,0.0,92.3023056771527,114.76983096716076
trapezoid,76.1021200056865,97.4693253003131,93.59403257510525,98.58302141485039,80.08150847092902,100.573006596128,75.14462957146405,97.50568283469356,92.3023056771527,0.0,68.76293220914043
random,110.8333402662641,133.71281847745104,124.00698480092268,104.23130099857732,98.07725606492525,126.17043921670465,114.29286147819917,113.21303068521563,114.76983096716076,68.76293220914043,0.0
