,square,rectangle,parallelogram,losange,isoTrapezoid,kite,rightKite,rustedHinge,hinge,trapezoid,random
square,0.0,157.02976280929738,237.01369502718055,291.27047989308625,148.9348450293834,144.24949818369333,129.70820058177347,206.2286926227679,190.71185722748524,171.3117486934951,236.4927511225607
rectangle,157.02976280929738,0.0,161.97589622608382,244.86003098852305,241.67159392548817,199.49450160435416,194.59308415302434,184.10383044579896,148.26895037072347,205.19314650118298,277.46452338534436
parallelogram,237.01369502718055,161.97589622608382,0.0,138.828813965959,271.9523606028251,262.01532145455644,237.07015557574906,215.047009092687,182.38753175584932,184.7932889723788,248.75543776103837
losange,291.27047989308625,244.86003098852305,138.828813965959,0.0,295.3916149151373,302.230176292716,279.2412355503062,247.16468825685357,231.63892485956634,200.71856220702378,221.65510447848393
isoTrapezoid,148.9348450293834,241.67159392548817,271.9523606028251,295.3916149151373,0.0,153.1291425067788,142.84340256877329,254.40893211375538,249.99524952378766,165.8786774405329,202.16539347652716
kite,144.24949818369333,199.49450160435416,262.01532145455644,302.230176292716,153.1291425067788,0.0,110.32767211100843,245.75422714049682,238.67012532237337,220.6061783051781,265.70889485755305
rightKite,129.70820058177347,194.59308415302434,237.07015557574906,279.2412355503062,142.84340256877329,110.32767211100843,0.0,237.29537816556302,227.59320461661747,164.4309283776329,235.08395763555433
rustedHinge,206.2286926227679,184.10383044579896,215.047009092687,247.16468825685357,254.40893211375538,245.75422714049682,237.29537816556302,0.0,68.06751041588826,223.64867380256032,243.51081378766708
hinge,190.71185722748524,148.26895037072347,182.38753175584932,231.63892485956634,249.99524952378766,238.67012532237337,227.59320461661747,68.06751041588826,0.0,207.38007666653758,238.90376535896954
trapezoid,171.3117486934951,205.19314650118298,184.7932889723788,200.71856220702378,165.8786774405329,220.6061783051781,164.4309283776329,223.64867380256032,207.38007666653758,0.0,136.31546622477384
random,236.4927511225607,277.46452338534436,248.75543776103837,221.65510447848393,202.16539347652716,265.70889485755305,235.08395763555433,243.51081378766708,238.90376535896954,136.31546622477384,0.0
