,square,rectangle,parallelogram,losange,isoTrapezoid,kite,rightKite,rustedHinge,hinge,trapezoid,random
square,0.0,86.26354195987459,108.83664698651447,130.2307705882214,66.26446107180936,58.483639076575415,45.163906358652014,90.76290249294158,88.23222927951649,72.13374758823063,105.90975966412232
rectangle,86.26354195987459,0.0,61.62681369073925,99.46840669641793,120.54518479036432,95.15928156672669,91.74875046573999,73.36548410099928,58.195902919233745,94.02585543140044,127.76712252271278
parallelogram,108.83664698651447,61.62681369073925,0.0,63.46327084534357,129.04314101551614,116.09709925582821,107.48989998143887,84.6411552488326,70.53694006409965,90.72094837864093,118.94045469218166
losange,130.2307705882214,99.46840669641793,63.46327084534357,0.0,135.2703981379819,133.1398354959276,126.16780805974939,96.29743372794056,90.56843823184406,95.19996441401591,99.23245019229356
isoTrapezoid,66.26446107180936,120.54518479036432,129.04314101551614,135.2703981379819,0.0,69.8901210879455,63.10753426901965,116.46189482230123,118.34488857535834,76.34486525346027,93.99956542208383
kite,58.483639076575415,95.15928156672669,116.09709925582821,133.1398354959276,69.8901210879455,0.0,47.401445365399105,110.37848915040131,109.55730231167189,94.33717266777897,118.78326876616391
rightKite,45.163906358652014,91.74875046573999,107.48989998143887,126.16780805974939,63.10753426901965,47.401445365399105,0.0,103.03702708901089,100.92571053817116,71.53625082560772,109.25431332780215
rustedHinge,90.76290249294158,73.36548410099928,84.6411552488326,96.29743372794056,116.46189482230123,110.37848915040131,103.03702708901089,0.0,27.282430537419785,92.46120341589753,108.31878694927703
hinge,88.23222927951649,58.195902919233745,70.53694006409965,90.56843823184406,118.34488857535834,109.55730231167189,100.92571053817116,27.282430537419785,0.0,88.09364898328239,110.23105082092826
trapezoid,72.13374758823063,94.02585543140044,90.72094837864093,95.19996441401591,76.34486525346027,94.33717266777897,71.53625082560772,92.46120341589753,88.09364898328239,0.0,68.40749378252794
random,105.90975966412232,127.76712252271278,118.94045469218166,99.23245019229356,93.99956542208383,118.78326876616391,109.25431332780215,108.31878694927703,110.23105082092826,68.40749378252794,0.0
