,square,rectangle,parallelogram,losange,isoTrapezoid,kite,rightKite,rustedHinge,hinge,trapezoid,random
square,0.0,225.44009927561012,360.644492898414,443.2292849360723,274.7011257789848,291.1109729029595,277.93541231776106,353.2129769124334,327.98025529544776,303.28537398970144,407.16827452916834
rectangle,225.44009927561012,0.0,265.88505114370963,385.93281208708777,383.4546798160404,348.08401384201085,342.2709980890835,326.14683196208824,279.03334152547353,343.2563201585664,453.7557034939131
parallelogram,360.644492898414,265.88505114370963,0.0,216.55000959567627,421.0355614415153,425.043059650496,390.8524313505048,359.4446879892774,314.65903675929917,303.56628982591656,404.8649301923768
losange,443.2292849360723,385.93281208708777,216.55000959567627,0.0,454.5958534241853,476.35904827033266,443.8313804851407,403.88668067986816,380.41814003583676,323.32092114366907,368.95792302499194
isoTrapezoid,274.7011257789848,383.4546798160404,421.0355614415153,454.5958534241853,0.0,255.65666234312067,239.5921101481305,409.5829985007337,403.64805208481755,256.3465581268528,325.4726707519315
kite,291.1109729029595,348.08401384201085,425.043059650496,476.35904827033266,255.65666234312067,0.0,173.06590414333485,395.1090166584099,385.42966511837193,354.93422087444833,410.40332503202103
rightKite,277.93541231776106,342.2709980890835,390.8524313505048,443.8313804851407,239.5921101481305,173.06590414333485,0.0,382.2751109674103,369.559660761645,275.72924567639944,364.4530391726763
rustedHinge,353.2129769124334,326.14683196208824,359.4446879892774,403.88668067986816,409.5829985007337,395.1090166584099,382.2751109674103,0.0,112.0374857683854,377.98196194849555,386.94733737694156
hinge,327.98025529544776,279.03334152547353,314.65903675929917,380.41814003583676,403.64805208481755,385.42966511837193,369.559660761645,112.0374857683854,0.0,355.53184143043205,377.03592954702816
trapezoid,303.28537398970144,343.2563201585664,303.56628982591656,323.32092114366907,256.3465581268528,354.93422087444833,275.72924567639944,377.98196194849555,355.53184143043205,0.0,233.3478553560839
random,407.16827452916834,453.7557034939131,404.8649301923768,368.95792302499194,325.4726707519315,410.40332503202103,364.4530391726763,386.94733737694156,377.03592954702816,233.3478553560839,0.0
