,square,rectangle,parallelogram,losange,isoTrapezoid,kite,rightKite,rustedHinge,hinge,trapezoid,random
square,0.0,83.3937746555725,106.68648529162029,127.49156126579996,64.45051192859023,57.39522572464912,44.354477201165395,88.52039113075838,85.72608107399238,70.58622754745437,103.84894117956283
rectangle,83.3937746555725,0.0,60.33039683479938,97.95071710649485,117.72308916440332,92.49152924801616,89.10264349966498,72.38360728718742,57.40207221525448,91.59277291687454,125.7406586043564
parallelogram,106.68648529162029,60.33039683479938,0.0,61.78667750891958,126.8695481994829,114.21971533865646,105.50627096991029,83.60452103401512,69.59470537581865,87.92618643300915,116.63750325672162
losange,127.49156126579996,97.95071710649485,61.78667750891958,0.0,132.9279750125567,130.79131756780632,123.52393180580759,95.10838196497231,89.36481677762544,91.91223304952011,96.79820808595187
isoTrapezoid,64.45051192859023,117.72308916440332,126.8695481994829,132.9279750125567,0.0,67.92538734734349,61.11782343647094,113.91959397964388,115.55815210757294,74.68764374963915,91.92450227331285
kite,57.39522572464912,92.49152924801616,114.21971533865646,130.79131756780632,67.92538734734349,0.0,46.374644663217346,108.10249151901844,107.13795671087205,92.91974579458338,117.25372953975163
rightKite,44.354477201165395,89.10264349966498,105.50627096991029,123.52393180580759,61.11782343647094,46.374644663217346,0.0,101.1122653366093,98.80211409064209,69.8895650845007,107.20913223362423
rustedHinge,88.52039113075838,72.38360728718742,83.60452103401512,95.10838196497231,113.91959397964388,108.10249151901844,101.1122653366093,0.0,26.777781523609804,90.36159095624959,106.14771900085935
hinge,85.72608107399238,57.40207221525448,69.59470537581865,89.36481677762544,115.55815210757294,107.13795671087205,98.80211409064209,26.777781523609804,0.0,85.89208350398084,108.00194467300875
trapezoid,70.58622754745437,91.59277291687454,87.92618643300915,91.91223304952011,74.68764374963915,92.91974579458338,69.8895650845007,90.36159095624959,85.89208350398084,0.0,65.87878236938197
random,103.84894117956283,125.7406586043564,116.63750325672162,96.79820808595187,91.92450227331285,117.25372953975163,107.20913223362423,106.14771900085935,108.00194467300875,65.87878236938197,0.0
