,square,rectangle,parallelogram,losange,isoTrapezoid,kite,rightKite,rustedHinge,hinge,trapezoid,random
square,0.0,104.6402272818874,143.26856896495312,172.78356058005173,84.80633828265668,77.50434951507071,62.90917980726945,117.70672511652405,111.79432909455593,96.40529566336933,138.27001453094502
rectangle,104.6402272818874,0.0,86.52981043059552,136.36379885846986,151.39739860989377,120.29397990436314,115.41741164477283,100.29524090282817,78.79806573234904,121.04139965784495,166.72820317435745
parallelogram,143.26856896495312,86.52981043059552,0.0,80.87912449932513,168.5542724217214,156.25049053849676,142.27006123380372,118.894769365111,99.02391654887116,113.89603211012403,152.93489486844123
losange,172.78356058005173,136.36379885846986,80.87912449932513,0.0,179.90898395268934,179.68390097045292,167.32075633592854,136.25696155486378,127.48763053556655,121.7477149604283,131.55374054795817
isoTrapezoid,84.80633828265668,151.39739860989377,168.5542724217214,179.90898395268934,0.0,90.27128646496554,81.34633893123964,151.8364924870382,151.62167523838792,99.83252303674753,121.58062932418822
kite,77.50434951507071,120.29397990436314,156.25049053849676,179.68390097045292,90.27128646496554,0.0,63.35153872047216,145.15926519756678,142.661102789663,128.19681592558462,159.1922516030318
rightKite,62.90917980726945,115.41741164477283,142.27006123380372,167.32075633592854,81.34633893123964,63.35153872047216,0.0,137.23286681263022,132.76415934645092,95.09460358401904,142.57769727895842
rustedHinge,117.70672511652405,100.29524090282817,118.894769365111,136.25696155486378,151.8364924870382,145.15926519756678,137.23286681263022,0.0,37.89020722295612,125.16608764180143,143.6118348780701
hinge,111.79432909455593,78.79806573234904,99.02391654887116,127.48763053556655,151.62167523838792,142.661102789663,132.76415934645092,37.89020722295612,0.0,117.0773308279905,144.11714687657437
trapezoid,96.40529566336933,121.04139965784495,113.89603211012403,121.7477149604283,99.83252303674753,128.19681592558462,95.09460358401904,125.16608764180143,117.0773308279905,0.0,83.09000729062915
random,138.27001453094502,166.72820317435745,152.93489486844123,131.55374054795817,121.58062932418822,159.1922516030318,142.57769727895842,143.6118348780701,144.11714687657437,83.09000729062915,0.0
