,square,rectangle,parallelogram,losange,isoTrapezoid,kite,rightKite,rustedHinge,hinge,trapezoid,random
square,0.0,271.8227814516847,456.4862367000283,556.1619681812991,379.6033367991566,407.4059685793423,391.9748471840095,467.927088666899,434.68684188365563,417.59037031693055,544.8448823531745
rectangle,271.8227814516847,0.0,351.86322371328225,492.9558436988886,494.45725357876915,464.7352066429728,457.5123577398855,440.182759407415,382.36565883189667,459.38011818444664,592.0670487950499
parallelogram,456.4862367000283,351.86322371328225,0.0,274.0278004346639,527.0889370257933,539.1308971640613,504.05044060095685,470.03586103543313,416.2901910459247,389.7010293127887,522.009173048757
losange,556.1619681812991,492.9558436988886,274.0278004346639,0.0,563.7443894310005,594.5737690335981,561.6172005027175,518.2468069389205,488.68365475897485,406.66059496770566,476.8889256367899
isoTrapezoid,379.6033367991566,494.45725357876915,527.0889370257933,563.7443894310005,0.0,334.6195145418066,312.9004654882349,511.4200785399702,506.5120143935741,324.3392399292162,419.8166777299868
kite,407.4059685793423,464.7352066429728,539.1308971640613,594.5737690335981,334.6195145418066,0.0,217.02509045186198,490.07320520111074,476.9343544055048,448.3868728981555,507.6993443074548
rightKite,391.9748471840095,457.5123577398855,504.05044060095685,561.6172005027175,312.9004654882349,217.02509045186198,0.0,471.40449009089195,457.1602108706398,361.0967922764411,456.690619375139
rustedHinge,467.927088666899,440.182759407415,470.03586103543313,518.2468069389205,511.4200785399702,490.07320520111074,471.40449009089195,0.0,144.7610803781869,479.91218021954313,478.3774255462654
hinge,434.68684188365563,382.36565883189667,416.2901910459247,488.68365475897485,506.5120143935741,476.9343544055048,457.1602108706398,144.7610803781869,0.0,454.8394886711829,466.9291471034288
trapezoid,417.59037031693055,459.38011818444664,389.7010293127887,406.66059496770566,324.3392399292162,448.3868728981555,361.0967922764411,479.91218021954313,454.8394886711829,0.0,311.8380036846851
random,544.8448823531745,592.0670487950499,522.009173048757,476.8889256367899,419.8166777299868,507.6993443074548,456.690619375139,478.3774255462654,466.9291471034288,311.8380036846851,0.0
