,square,rectangle,parallelogram,losange,isoTrapezoid,kite,rightKite,rustedHinge,hinge,trapezoid,random
square,0.06992051178803373,0.082036400274728,0.08991130026299039,0.09741076387925726,0.07790088060143299,0.075926203702203,0.07381307726954996,0.0840917536074546,0.08331983142422174,0.07903613392320971,0.08834622763859769
rectangle,0.082036400274728,0.07091632710957836,0.07910643893334379,0.08721104357709535,0.09220808317979112,0.08540808513471079,0.08408561033376516,0.07975290963097967,0.07659537508090063,0.0853425790362293,0.09488799295268946
parallelogram,0.08991130026299039,0.07910643893334379,0.07479201306938565,0.08140832177941261,0.0964820018949186,0.0932785632844542,0.09008947474483159,0.08489240295092529,0.08153419711889283,0.08707888495459845,0.09491900225324132
losange,0.09741076387925726,0.08721104357709535,0.08140832177941261,0.07553422106761733,0.09918115404545554,0.09941264245601557,0.09684318093851776,0.08801995991287248,0.08617445510238446,0.08912276663868916,0.09037462231247707
isoTrapezoid,0.077900880601433,0.09220808317979112,0.0964820018949186,0.09918115404545554,0.07232286704406053,0.07971791317453816,0.07835571029467733,0.09228536593229777,0.09245466967627503,0.08119668210621284,0.08654646251577025
kite,0.07592620370220302,0.08540808513471079,0.0932785632844542,0.09941264245601557,0.07971791317453816,0.07249178961562888,0.075397652483606,0.09018963454043197,0.08960231677514573,0.08503917392118618,0.09290202562023957
rightKite,0.07381307726954994,0.08408561033376516,0.09008947474483159,0.09684318093851776,0.07835571029467733,0.075397652483606,0.07156143423795921,0.08765800243770873,0.08686898423888498,0.07966412463458798,0.09012803990283552
rustedHinge,0.0840917536074546,0.07975290963097967,0.08489240295092529,0.08801995991287247,0.09228536593229777,0.09018963454043195,0.08765800243770873,0.07390042166227137,0.07464920780439079,0.08641954229081224,0.09108461386522906
hinge,0.08331983142422174,0.07659537508090063,0.08153419711889281,0.08617445510238446,0.09245466967627503,0.08960231677514573,0.08686898423888498,0.07464920780439079,0.07301444927771454,0.08515003288109506,0.09120351484773144
trapezoid,0.07903613392320971,0.0853425790362293,0.08707888495459845,0.08912276663868916,0.08119668210621284,0.08503917392118618,0.079664124634588,0.08641954229081224,0.08515003288109504,0.07289788118858545,0.08158476788886503
random,0.08834622763859769,0.09488799295268946,0.09491900225324132,0.09037462231247707,0.08654646251577025,0.09290202562023957,0.09012803990283552,0.09108461386522906,0.09120351484773144,0.08158476788886504,0.07538616942073713
