,square,rectangle,parallelogram,losange,isoTrapezoid,kite,rightKite,rustedHinge,hinge,trapezoid,random
square,0.026563408752074642,0.03464954061220287,0.042289405916698594,0.04894472094045722,0.0318415282135366,0.03094211791792726,0.029225589945646304,0.03669474102984121,0.035777555420835015,0.03372950151687341,0.040562493855002074
rectangle,0.03464954061220287,0.02803552787420074,0.03421484148265615,0.04138945329425356,0.04237082986381958,0.037315449512667305,0.036151948212969985,0.034446112285492964,0.03203955072481475,0.03774677775661543,0.045746228415404815
parallelogram,0.0422894059166986,0.03421484148265615,0.03125432119726395,0.03577078676795747,0.04708509881631777,0.04495485001451944,0.042137976227940355,0.038415046938576836,0.0357000345704784,0.038673632089734865,0.04481812493024276
losange,0.04894472094045722,0.04138945329425356,0.03577078676795747,0.03246067337945983,0.05052110381319916,0.050620890702316096,0.04789985021009696,0.04186160628741121,0.040179766109250545,0.04076199410147073,0.04203741472256639
isoTrapezoid,0.0318415282135366,0.04237082986381958,0.04708509881631776,0.05052110381319916,0.02794562477371267,0.03308811975726292,0.03167838471178536,0.04255027589561194,0.04245405453493272,0.03488446706259801,0.038758746057033666
kite,0.030942117917927267,0.037315449512667305,0.04495485001451944,0.05062089070231609,0.03308811975726291,0.027942494714073847,0.030061062596199645,0.04130570037920592,0.04072657936789673,0.03880600227313339,0.04477631154743027
rightKite,0.029225589945646304,0.03615194821296998,0.042137976227940355,0.047899850210096954,0.03167838471178536,0.030061062596199645,0.02723251379596746,0.039550512611046,0.0386190757035164,0.03391943202289417,0.0415775557522727
rustedHinge,0.03669474102984121,0.03444611228549297,0.038415046938576836,0.041861606287411215,0.04255027589561194,0.04130570037920592,0.039550512611046,0.02929087078890927,0.029831719158800576,0.03850062777468982,0.04194467727084863
hinge,0.035777555420835015,0.03203955072481475,0.0357000345704784,0.040179766109250545,0.04245405453493272,0.04072657936789673,0.0386190757035164,0.02983171915880057,0.028788770373408584,0.03720187974077645,0.04186277636474073
trapezoid,0.03372950151687341,0.03774677775661543,0.038673632089734865,0.04076199410147074,0.034884467062598006,0.03880600227313338,0.03391943202289418,0.03850062777468982,0.03720187974077644,0.02897473693966143,0.034185629206583544
random,0.04056249385500207,0.045746228415404815,0.04481812493024276,0.04203741472256639,0.038758746057033666,0.04477631154743027,0.0415775557522727,0.04194467727084863,0.04186277636474073,0.034185629206583544,0.030684821058629304
