,1610555604.25mOvVXuL01OCiReyVWBfesjuvXmB3MoPy,1610555605.43B6oDsBtWRQ29Q9UMQuTUEPZy3FSSWXzc,1610555610.92HPGJJSmyPM40z7otPBgHalNrHFA7zk5d,1610555606.68LaSQbm9EHAFycEfFtEqAwYqlBsQPjIRW,1610555617.19EKxMEwDHfXiEJZc27TsGoERaD6Da4BZU,1610555722.52PJ3FD50MGhRXyUD28vluU8Z9UjLJLZn4,1610555617.52Ijr5puT55g9apK8auM7zaxa3NANg502t,1610555638.77ZLjTLkz4jYJdFMI2wWBztzsDILkoOtAk,1610556912.46C7tJPLF0XfNnm8f1820X9aLmXMHoc0Dw,1610555617.51LjzIROg0aeCP2GhDcAVQ0LipKJB9jmKc,1610555608.17OpjjHobqRkX0UPcaXrbu7K6L3805SZri,1610555721.82zWeNZfGUUfRJkgnAwlP8VMhPzXctnSd4,1610555735.75bom85BDF0C7W2eIseHeMxi24qR68nzMi,1610555735.77NnT5xqKnwcf2BbjIekeb2arTQj6QMNwk,1610555638.33wjf1PhdNaoWfbRzXVn50hmFyB5bYAiLV,1610555606.65jCE4ig8Pu8kvAzkxnSGfWsV0nQBjCf8H,1610555608.18ONsBCVo1i7BrX0XG9stct4oiA6ejX9Oz,1610555721.51RNoQUMP19FTMS79BmA3JkgSm2IC2AQuQ,1610555971.86O0cHB2ibBJ8jxoObg01EpGe8VVV5mpwn,1610556911.51zU3duZSGpcw1BDNsBLxdOCITAXwl6z3i,1610555988.71dMoYT8250UHHJGxgmITTmbHe7V6gH1yU,1610556042.81mlUZsSp7gbGjrp8jQSnybT1gPy6e62o1,1610555637.02UBW5nKvDyUrKnaWcYRGajZPxTRDS0q3N,1610555619.13oUYNikU4facCTpUSiSLr0vPI0tJLnXiT,1610555721.03nzkucfjAUh31zTbmCVvTVYqtjoxZFnBh,1610555722.67fhKURdXVzRbLIjXmjRwdJHTnE7PWb1AE,1610555638.39J2ZWBLuLTHP0jOlzB4tNHmYeijH5g5YJ,1610556032.17Q6yCDx9g7alRnL9jBFXD2JhhUyB2hKfJ,1610557007.49MyVgDnuUuBxrvL6SGOdhKf69VYlW1MSm,1610555638.44hjT5hbYdKoE3MB6hijrjqbjmLgvCUYKD,1610555608.13zUvmFSCRt6SsLbhqFznMEvGx54GPGQzM,1610556038.62a5C4ynd1AARyAhTv8a58NCqHvXRjscqH,1610555644.45Xse8u7pusHNsd7F3d0A32HXvXr6weOJE,1610556038.62gKXOCG7XCn55eJvyl5voNjbwOW0znQDq,1610555987.13v0oleKK97pkesp6oMgprH8SoSdoDVdIO,1610556964.96ZLLeiQW0qpmxhPGTg7K03fmzkqsC2bjC,1610555987.13VQlEedQ50VvkPMEMzZDv3KNnQCewykN9,1610555982.186TY6MMGkDecIN1woW6vsfAMXVV7jnyjO,1610555982.673LuMndkwkvdmZOn0MmE2Pkidx0FtNalb,1610555733.38zItcuH7gHNfKdALR2d9Nek6bxCyw36Vm,1610556034.15BQxSbZINGCay0yp6RBVlgcPrw76Yn9ON,1610555639.37BPZpgtGml8qUsh9AdV4m32jPLfI2aNFq,1610556965.57S0adAalhWYe6K3bkZU0bRHbqnDK8gGkR,1610555983.54zteLPCMjyrjzPdhHhlZr3faCgD0TfYr3,1610555987.79rHnNRmt9a0ufmnwCvZqBouyUoZDNpylW,1610556960.041xWER61rmArlsKfiMl4frikWmUCnQ7op,1610556035.13a7NHZDutfTMJ88qle1gTYY59Dr4WmMsj,1610556890.456ZBDaY16bMtrTZTqAgHl3wq1tRxzqDow,1610555760.24e6890pkbyZ97Or6croI1rQgjkSsR0yVt,1610556043.02YpWMIJg3W004iqlPyv8OcVAZdSC5rNYw,1610555987.03z05P26TLtONYM1HSzupoc2CeNMa6HTqr,1610556032.15OYCzUxpsz7b10AXBAuDXrvEcvxFhf0M7,1610556032.63Z80yI9pNwS3jSmsDABbuhf8wkNa2Ze9y,1610555736.28eGuESasTXdR3SqY6pHhEXWZtcdciYLCO,1610556034.61bebeZA0MkaFG2sm3VKiqrxeqQginTTW0,1610556944.5XwXOphKYT3ZkWA8gViqOS97VHVuMVUqb,1610556944.745UVLFBzf7fPh4UH37I6tYQOFPqRDytEh,1610556034.63XsUwaFaPZevO1JNFjfhvY4aKNFnV4noV,1610556964.89xwBHw9faT1HjQRMNQEyA4qJ3hWkwgj3k,1610556966.74DydzH91jtyvRyYau47JpVkZoMRSNTt01,1610555740.77UueVziDbaXyRR4OcVJIIZyzOfAzN51bj,1610556046.84e3vwjyRCzqz0wJQhrk8zsxlFfFSv98Df,1610556137.99eoPuVrDThKAOvmeprLPb2FWRqIhzUodc,1610555740.73XFwSrmTXJPlaxGZSefh0jOVA8PI3III1,1610556123.88AOfNaz9jSnqU5Czc7okOv1RCrYfKFBTo,1610556046.85nB7NvyoYQeLcOV391Lmmut1wAM8CFGLw,1610556123.89H4pdIAzDthI7bMXMhlIhKUYIQIvtmPPQ,1610555740.87GOYQUJKpkynIS2lFqppYK4b32ol7NeGh
1610555604.25mOvVXuL01OCiReyVWBfesjuvXmB3MoPy,0.0,2018.7376368820758,479.8588276583821,1844.8705089814712,1370.280770450531,1745.2240873316473,1164.0852755029555,282.8706831695453,976.1612612664227,1591.5671902864997,2197.1325001005894,1856.9376227745138,1935.5070020722417,699.7750203465049,1945.0277955331255,1677.4335400781272,2298.4857303183962,2075.8150110315487,1366.8781808159963,1495.5758534135448,1988.776229662672,2219.489569526896,1718.5832362205495,332.3699956164639,1896.8378120165282,1726.3433817635146,1510.428176916565,1893.2721913783018,1926.9559824035916,1597.505027415882,1612.662135628605,1785.9773261431196,1822.7658891797387,1841.2994685479975,1849.0279553275466,1852.8450288893548,1809.0156638134167,1790.7986910503398,2017.7232512094395,1800.4394253320954,1884.0571555268239,2090.2552113278416,1805.1690405296524,1660.9578196969273,2118.9121214145184,2198.786367941807,1865.440424639699,1720.9305704129563,1638.8227546627218,1989.9600458841353,1548.1831689885237,1581.5864406018884,1941.9115417837966,2235.4942348486443,1594.6579853037308,1867.5419244028003,1820.5120297231365,1863.3387293948235,1490.1552488087618,1853.4030682157284,2146.295184112031,2362.0142112724257,1788.1950407628074,2148.280463572085,1697.908807835031,2260.20337579457,1889.3592757067736,2094.78132116182
1610555605.43B6oDsBtWRQ29Q9UMQuTUEPZy3FSSWXzc,2018.7376368820758,0.0,1990.4794727795093,1643.5990543503938,2062.5632759087066,2050.462705476553,2004.611599229971,2039.6024313785688,2111.7152545655813,1690.9803512379856,1915.0951430409707,2116.047865168709,1436.129703383664,2063.8732997634224,2088.54990359863,2064.973017642854,1944.4296546086657,1145.2657650301019,2088.511356052433,1900.5688907836209,2246.902062861208,2011.5553179574463,1957.5684738462112,2017.7027852864833,2050.434350583881,2192.7664540786504,2067.6756669373335,2085.5437455668507,1842.8477216724473,1868.3661673508414,2102.6334929955874,2100.7159917051317,1590.4685614552272,1746.1663457693044,2130.25960816423,2349.7376081088823,2076.140152455199,1690.5645995108046,1644.6643573371375,2303.627902608725,1849.5930990349793,2131.5690863223995,2231.904160223871,1884.9492232756988,1512.7347233094806,1195.0227996109256,2198.7115810933115,2180.0582376510984,1667.450165086457,2271.951407416123,2025.176915045586,2201.9047486726013,2236.364420082899,1910.3360711896087,1938.8318743574,2174.3267951386724,2072.0542472702837,1987.2466883925824,2022.438414189044,2074.909323139707,1989.839309288037,1950.9845181869487,1736.2824272364987,2194.92238273335,1815.02996927497,2043.4202599589285,2228.6491575844107,2008.8991407347314
1610555610.92HPGJJSmyPM40z7otPBgHalNrHFA7zk5d,479.8588276583821,1990.4794727795093,0.0,1810.823578393907,1387.7238918067778,1771.8526847739777,1097.3407144307105,510.30257673560084,1181.6956006335693,1556.463520588498,2177.739537669274,1927.539327743665,1906.7779862800976,791.0247056470057,2028.6358014649406,1638.3031098957035,2280.6128105105186,2138.714828049456,1476.845747174546,1484.1487272985696,2087.71671890254,2297.805285993055,1680.335625053783,590.4629003911743,1870.1483442110818,1797.8331198385715,1465.951881973911,1922.7537892002551,1886.385653263365,1555.103965111374,1569.2261544905978,1780.2542568375861,1792.3994623705744,1805.2475823629163,1870.7419918801754,1864.2209857472951,1807.2029692056315,1755.1617574881493,1983.4732878118245,1889.3706118097411,1868.470134520967,2162.871724617813,1895.1297629143887,1722.5287324936876,2096.754659457834,2174.4933013901737,1949.8036977830434,1769.0835649771295,1602.5107053489685,1961.0129082158842,1626.3540925521581,1617.6113378097357,1898.978606875525,2193.2791303667477,1553.1471836918263,1808.9445660059832,1880.8032690777954,1817.9106695063906,1566.28649387148,1898.6079166172954,2226.7076520329124,2324.4617360620136,1750.51069765377,2216.460103108195,1660.2207013426812,2340.4867209429067,1852.2130926169027,2171.5931372811892
1610555606.68LaSQbm9EHAFycEfFtEqAwYqlBsQPjIRW,1844.8705089814712,1643.5990543503938,1810.823578393907,0.0,1889.9664802118648,2099.593705391049,1794.8745469328142,1880.6790714117112,1943.0163423068393,1827.8317797221982,1777.7061841832892,1851.2211272376076,1944.2435937388582,1953.2268722603626,2125.9943602921685,1906.8902316593246,1896.622039246562,1765.1650365513765,1900.512238627335,1803.4913940771228,2016.4899858403978,2018.9911209002235,2016.1458001470605,1859.7767460907637,2283.3475830848893,2141.344449637851,1781.532384115464,1923.5934478138672,1832.2494929484678,1864.9691664915406,1896.0363315667014,2055.494709447938,1873.9297042365972,1955.872583413759,1884.6230735018491,1800.88002936048,1950.6780690111825,1877.9487857996667,1592.0550349470502,2199.7884621031494,1617.1576677678318,1824.4694420018145,2027.057350519168,1600.8695568101166,1861.2664305872322,1978.6246766404372,2271.514218593637,2043.1980936294715,1758.6024133009307,2075.2697523605993,1853.5689591130533,2142.210358013686,2165.1255135130255,1832.5315120150879,1856.8276877220676,2263.204054342876,2196.1613256830915,1881.2103747096135,1934.8574885795115,2189.2018249327302,2073.2097197087564,2080.8405709982603,1735.2788879663804,2187.345129201184,1774.763158354558,2218.276219934865,1863.3350984549172,2058.3440031591626
1610555617.19EKxMEwDHfXiEJZc27TsGoERaD6Da4BZU,1370.280770450531,2062.5632759087066,1387.7238918067778,1889.9664802118648,0.0,1816.6650651309496,1150.2015488150041,1465.7464109387388,1165.432276569702,1689.489932496801,1988.8104147164345,1978.3013722749865,2031.7061696269304,1452.148288835363,2023.393704064672,1721.554240229425,2083.301720884999,2069.100769464939,1529.6326538968628,1602.4826848418193,2022.5329403833493,2042.6438189535277,1324.6593329318653,1461.6275459924952,1880.0101956130052,1826.601252114872,1133.5938340563655,1978.245118147211,2022.3456094840067,1351.0550655899651,1663.1564736840119,1326.448792996496,1926.9961769130362,1896.0085442728678,1917.3486670120813,1899.5011328569558,1876.8221452118457,1826.6855381398877,2063.5225284173407,2026.9324932532513,1821.7930351699254,2104.511919112369,1830.4867277582928,1947.0675414640707,2109.0665304447034,2191.9213563232815,1873.692217396673,1840.2399736667485,1661.7582488978762,1646.5924139054157,1836.049819949674,1635.8800214797611,1974.7090011222454,2188.447609376603,1687.4237021812282,1735.1233798290548,1842.911115011722,1947.4761575806276,1769.437501596062,1738.6713790887238,2012.3259541293937,2213.5471320341208,1800.916291388914,2039.6009604128758,1697.7112518584815,2222.351475559681,1815.4712108338836,1944.1612108392417
1610555722.52PJ3FD50MGhRXyUD28vluU8Z9UjLJLZn4,1745.2240873316473,2050.462705476553,1771.8526847739777,2099.593705391049,1816.6650651309496,0.0,1869.6216358990987,1759.2072961578024,1734.57984674372,1998.204815955318,2022.3315754794628,2029.6216987354846,2162.5264358397844,1798.177739839513,2112.4915115120098,2069.7067281551044,2049.8040135758256,2009.9104004310925,1229.9659228663013,1891.2286904638265,1914.8621139688585,1909.9120103696866,1608.622700264652,1755.9528351523359,1710.2578907314678,780.6667240363349,1701.146910741345,2074.7636147966264,2283.6297774022587,1666.9966080095303,1953.2168542728118,1509.0365419736409,2200.554029395623,2232.581415271903,2067.1740824913422,2050.724751202082,2178.5897284987027,2168.211516611677,2047.4746000422867,2073.0376823134466,2214.4576472937956,2015.3431401814382,2140.8130056501745,1936.6263669010532,1987.544531764931,1867.3233912470141,1691.1635376009876,1756.9472588415201,2038.7935099996466,1870.915797588481,1879.3007996564236,1677.1050646196238,2139.1699374034565,2143.673240753659,1935.2484399525176,1662.8816711927234,1958.4888099070508,1929.848766668362,1844.227301777804,1463.3401358502888,1993.105729219127,2129.704136149769,2133.658246968519,1893.4127671308545,2086.4497989815713,2112.6264264666197,1820.6730307094026,2053.0549749091115
1610555617.52Ijr5puT55g9apK8auM7zaxa3NANg502t,1164.0852755029555,2004.611599229971,1097.3407144307105,1794.8745469328142,1150.2015488150041,1869.6216358990987,0.0,1257.9941068287865,1376.7292145154609,1724.9362920785118,2027.1881602287458,2161.625926643059,1967.0349209534768,1301.0179098110561,2091.4318726670017,1808.0989541981903,2147.787366023024,2196.938048888421,1581.4767751219872,1767.2468375734152,2306.547713792543,2233.0011248490787,1680.5960136170174,1242.3529154250386,2037.530831963549,1815.4390245910433,1548.082212402711,2026.8812134716648,1870.9729784311294,1229.2281346641475,1689.743351228059,1503.249404132079,1944.7520644474062,1911.5696336841354,1992.228169975036,1907.0285848605417,2041.830883334929,1843.1378046905118,1960.4249559076886,2029.0552453821679,1984.2046216402118,2185.319010107992,1998.3185403522275,1835.847441625777,2104.5008943319312,2178.547060318421,2172.993164123704,2014.3228420174526,1711.811896763389,1930.7680401776038,1931.193235194348,1820.3580667391598,1876.7685665838096,2054.5374020455342,1720.9754132739383,1844.3337648274903,1930.4017218069027,2029.150636307481,1843.6556347624482,1808.7665806065213,2184.526925492727,2240.7115159866353,1830.3069044451586,2112.0848299362574,1732.6011110781822,2280.4149092604157,1898.2775493452862,2125.656955367314
1610555638.77ZLjTLkz4jYJdFMI2wWBztzsDILkoOtAk,282.8706831695453,2039.6024313785688,510.30257673560084,1880.6790714117112,1465.7464109387388,1759.2072961578024,1257.9941068287865,0.0,1080.3061679988934,1623.1881700748145,2241.2414894962094,1897.5746754663696,1959.0398116307783,688.3366007758436,1992.548024825076,1718.9406098513596,2338.3451989877353,2096.6449343766617,1406.4136024942418,1535.188856417884,2036.077839177275,2259.356509340989,1748.6861606952687,378.70114252489634,1907.8177772323081,1766.8565667046605,1556.5096490487329,1953.499930377767,1967.9191259138386,1638.0406499293344,1649.1493489128154,1838.7764204889172,1850.8568210346562,1878.4177376593395,1896.9817411483928,1905.0829290904028,1839.4193446960026,1821.0048447667527,2047.0306686998192,1837.0719322262178,1912.5218370092898,2130.2934563914437,1865.8082165027683,1686.1669539519726,2136.9725419312954,2220.8194941385964,1898.5888359077924,1746.292290239057,1669.6638866935787,2031.880619159646,1577.911221908615,1626.5664207749553,1974.639408228089,2267.47974874362,1635.661112033905,1891.5579073392505,1872.5792197266337,1885.3613630551906,1529.2074399982703,1880.1016150989255,2188.52923956495,2393.7585703385753,1822.5784426799858,2197.0925631363125,1734.2039708862403,2302.966683605841,1928.1328158486751,2145.2223694715212
1610556912.46C7tJPLF0XfNnm8f1820X9aLmXMHoc0Dw,976.1612612664227,2111.7152545655813,1181.6956006335693,1943.0163423068393,1165.432276569702,1734.57984674372,1376.7292145154609,1080.3061679988934,0.0,1707.7361899336456,2240.2097187901873,1864.355710721546,2042.9527277327466,1120.1773574616664,1899.272449281005,1791.8074757150994,2327.9199629437985,2037.716498525745,1286.078129837962,1567.0305600072084,1868.877304435041,2125.742771100732,1703.8762915875,1043.5395292572746,1946.553007821912,1709.5979974112158,1535.3564920675703,1899.5223614611355,2084.519785727102,1625.0226687464103,1723.0182978334624,1691.871432871313,1929.2914319249512,1952.660579876341,1897.9332553323368,1892.5341442760493,1855.1588543812295,1911.181044973521,2116.7375000608404,1936.9139515105853,1940.8872218522677,2085.459480948804,1735.3151249389527,1746.2767982288779,2164.0968282667964,2226.3508835749026,1802.107323932579,1682.0049113850976,1762.2485302033067,1966.1093933912475,1606.8376898337212,1643.3888777101347,2061.998278153527,2335.0780978480434,1761.5540411239556,1944.8247790632536,1867.9383604372445,1920.303339959735,1549.5279442737278,1809.575317035905,2086.812928300663,2431.2143213279137,1903.4621332382546,2124.845101182929,1816.2322034145866,2264.6940323472027,1968.138891665767,2033.3671705065253
1610555617.51LjzIROg0aeCP2GhDcAVQ0LipKJB9jmKc,1591.5671902864997,1690.9803512379856,1556.463520588498,1827.8317797221982,1689.489932496801,1998.204815955318,1724.9362920785118,1623.1881700748145,1707.7361899336456,0.0,2222.719414093381,2064.8121931553533,1221.389463280163,1719.9182594892106,2075.263447103426,1731.876134804887,2325.8383062921207,2023.1392706887586,1980.841317292186,1663.6881203772255,2167.476910495971,2342.7020987253213,1665.8833675540868,1595.691496388812,1906.6325977641368,2094.1527288529887,1672.0798936635872,2073.5963414161033,1870.4275739159523,1695.8952770634694,1623.4509255529028,1929.6668550237757,887.5440804840836,1740.5820613920007,1897.99675878481,2090.6004336444016,1770.1092343396149,1656.5263708932791,1730.2445313963663,1952.7713310195386,1852.270284905177,2337.9204664683944,1862.0148910136224,2011.8579541152762,2064.3815905409906,2002.2849594306372,1894.1994766945725,1920.5713216573124,892.8382564563587,2079.1735007372936,1801.2471528862666,1829.199589025614,1860.478603362403,2206.828177014369,1625.2505602734154,1928.8171382009882,2028.0821481809478,1738.2267496162904,1817.7486844343653,2021.479865974251,2264.339568952168,2364.385913823363,1579.7894753026242,2424.7282017416182,1397.618414538959,2410.7385387709674,2042.1686500754076,2206.0917925159997
1610555608.17OpjjHobqRkX0UPcaXrbu7K6L3805SZri,2197.1325001005894,1915.0951430409707,2177.739537669274,1777.7061841832892,1988.8104147164345,2022.3315754794628,2027.1881602287458,2241.2414894962094,2240.2097187901873,2222.719414093381,0.0,1952.6166827145805,2245.51710177396,2245.6334606286346,1990.7977392380017,2034.9277130303483,882.3093522014559,1817.692274124239,2065.232084086038,2037.2768968523867,1894.142781476051,1600.6203717147546,1978.8722288906997,2250.623495490135,1968.8750963721373,1968.9683700468402,2094.9439697522957,1958.3422609930092,1923.7807110034619,2116.086863280886,2214.7079479561835,1853.1374914332184,2276.7385659585534,2152.0091049783755,2032.084202446135,1880.4171649135783,2073.6450739002266,2155.520591018764,1938.1474657213012,2302.734765592311,1948.5302054547055,1421.1785277225372,2078.5565196790185,2037.737473519529,1812.1963421946211,1700.463984123015,2292.5768308969723,2098.6853263133657,2134.2160147651516,1685.0999526866221,2190.9622483152057,2317.833929269476,2186.533929493342,1678.600786370423,2160.9317338642336,1934.1508900993658,1971.9138082115983,2079.9084957306595,2246.536784641579,2022.8601995617544,1808.7165372057561,1381.2160889531367,1970.5749992242888,1655.3635345364735,2088.093602181607,1507.1560066904824,1736.4740829868133,1945.9380821605805
1610555721.82zWeNZfGUUfRJkgnAwlP8VMhPzXctnSd4,1856.9376227745138,2116.047865168709,1927.539327743665,1851.2211272376076,1978.3013722749865,2029.6216987354846,2161.625926643059,1897.5746754663696,1864.355710721546,2064.8121931553533,1952.6166827145805,0.0,2243.3647514106265,1909.1281765343851,2155.11737586857,1677.6105655448875,2001.377642864807,1779.1935119446816,1952.9631171607484,1512.5960665658174,1033.8473876662677,1537.891837031312,2062.5730839152848,1940.9201398958633,2115.303149900942,2036.5539382386644,2064.072777071858,1658.611594272533,1890.8323124898654,2190.256900970151,2138.860494559123,2148.000029958393,2060.9895569486685,1951.3031651947856,1666.120370561147,1627.0670655581823,2016.2513341038048,1903.704999989257,1963.059345374435,2222.295631497961,2085.541438329037,1697.06621322141,2184.9565087447413,1604.9564273502062,2109.2877853137625,2132.767420133329,2110.4200960706653,1853.9697276373752,1949.7083064693447,1972.7103024253463,1233.1851281594686,1946.9658437418761,2321.615324850329,2015.0681849952152,1999.8971054676517,2155.3475427498297,1990.8616097073575,1836.4325051977873,1547.9929380614087,2147.002370905905,1981.0148634521015,2170.9820654083605,1701.189243458083,2063.465461789091,1778.7536668855244,2037.4864805923885,1907.9445029831697,1991.5299924098263
1610555735.75bom85BDF0C7W2eIseHeMxi24qR68nzMi,1935.5070020722417,1436.129703383664,1906.7779862800976,1944.2435937388582,2031.7061696269304,2162.5264358397844,1967.0349209534768,1959.0398116307783,2042.9527277327466,1221.389463280163,2245.51710177396,2243.3647514106265,0.0,2005.9993073749051,2045.2841869656786,1964.3395885962868,2286.7462144143774,1807.5184156615514,2159.545647436841,1850.7399367821115,2324.5509877147347,2333.071605625413,2026.7041341235072,1935.6971249545697,2210.3753719761853,2260.6986892982945,2031.2924242336774,2216.9821503905046,1846.2749961761092,1923.1002051342477,1834.0349420327195,2149.014748437053,847.161556058296,1759.5360534622591,2102.67813801548,2316.082101876939,1996.7206412101325,1699.5399095098217,1898.300077114725,2080.6041422904423,1955.2982050743976,2389.2311310021,2107.834035863904,2071.0043844206416,1923.594058804901,1814.9346346688883,2141.6001275067806,2210.8481472938643,1512.9281765361914,2290.9499712799893,2061.156191690395,2164.7699133857786,1933.3482358980089,2039.1799945738348,1884.106846987953,2261.13106044392,2259.8559810421198,1968.5661945119484,2067.5975062847724,2228.7874518424937,2178.4032237112074,2215.9638951448287,1728.8130716567937,2448.440924917965,1777.2655704613621,2273.7708362407357,2241.8738414454283,2134.8723341032046
1610555735.77NnT5xqKnwcf2BbjIekeb2arTQj6QMNwk,699.7750203465049,2063.8732997634224,791.0247056470057,1953.2268722603626,1452.148288835363,1798.177739839513,1301.0179098110561,688.3366007758436,1120.1773574616664,1719.9182594892106,2245.6334606286346,1909.1281765343851,2005.9993073749051,0.0,1941.3930599684863,1851.6391936561372,2323.887399774824,2080.953963186461,1397.1652940695778,1626.1373315440123,2060.012096684659,2190.7688590751786,1813.8290102049023,842.779894766102,1919.9046551116894,1820.9030596243922,1665.3934555713754,2048.857545457788,2051.409334774684,1645.9539219941958,1778.8070336984642,1790.297446207933,1936.915876127259,1998.797677567479,1999.0561814635175,2010.7566984295486,1898.455121319503,1924.0076146131603,2127.143171770432,1951.7045043988608,2003.9123367012342,2160.165915814616,1961.3913019614074,1806.3026192313337,2103.556882044492,2185.9186177648853,2010.9074718605218,1825.8456136032246,1755.2046457827432,2045.4849309504718,1658.9936495356249,1664.1824034812432,2075.605874413413,2342.911413268712,1771.1816006325369,1948.8746505395568,1813.9903912403115,2010.7300505956196,1626.59757364053,1858.1854539981875,2188.14124473752,2389.571375703667,1942.4796935826162,2185.1383349281496,1838.7674581328836,2292.1852982056876,1983.7671011307107,2141.510149529089
1610555638.33wjf1PhdNaoWfbRzXVn50hmFyB5bYAiLV,1945.0277955331255,2088.54990359863,2028.6358014649406,2125.9943602921685,2023.393704064672,2112.4915115120098,2091.4318726670017,1992.548024825076,1899.272449281005,2075.263447103426,1990.7977392380017,2155.11737586857,2045.2841869656786,1941.3930599684863,0.0,2098.1442497391854,1981.2106918791412,2047.3485771513906,1980.9907723243152,1972.8899789197883,2003.4315141648976,2040.8016872604678,2119.9366178661926,1982.3597181953296,2201.4202241814846,2053.092912680956,2120.5113137310655,2302.8001703185505,2018.3819268798513,2109.302840593273,1927.8054066799175,1981.4168480022001,2084.0133680554036,2371.4382028480277,1861.7801034993417,2049.6099951000797,1929.94739762438,2287.413187251037,2254.1351375161953,2197.2254995585336,1771.6260544439976,2119.1296285093426,1710.5141303328862,2049.8169474487117,1661.8952339977734,2025.4275516284229,2121.0953995090017,2067.01200786649,2199.1805831034317,2083.5991939298497,2039.1584153704569,2073.555636468118,2601.165759282477,2101.7181812861672,2092.7965670297,2280.991343450053,1793.2891314749734,2092.978002336611,2146.1752374483735,2152.066399736549,2256.1809009512203,2115.8715722512356,2161.837835798275,2218.5538587326987,2249.8164248853936,1926.904800057082,2166.93988071444,2326.554455930297
1610555606.65jCE4ig8Pu8kvAzkxnSGfWsV0nQBjCf8H,1677.4335400781272,2064.973017642854,1638.3031098957035,1906.8902316593246,1721.554240229425,2069.7067281551044,1808.0989541981903,1718.9406098513596,1791.8074757150994,1731.876134804887,2034.9277130303483,1677.6105655448875,1964.3395885962868,1851.6391936561372,2098.1442497391854,0.0,2137.7138618236454,2171.6623485709238,2067.297941474677,1200.4173483614693,1771.8802515934037,2204.51414248901,1835.7388789687539,1718.4053874497672,2036.124357926352,2179.0949876764657,1722.7319981540704,1795.9689123753174,1658.0048371404762,1932.825676078994,1532.9202382298974,2005.612162410536,1774.1948538172633,1396.4109519393933,1288.9678492487099,1599.655158869979,1627.9118344048802,1467.6858873809447,2081.3736986205167,2226.2232728195204,1725.1270935193618,2090.2725401509174,2091.9091631425995,1992.0582519421525,2122.5308188907557,2254.5055757475407,1991.5778798971833,1789.5192564411605,1660.1965948924574,1881.9383156369609,1631.5897719837687,1948.366135329914,1900.3628201986908,2091.499537990413,1502.114581801396,2024.8705952752875,2031.228266939638,1475.507334724496,1763.9413735025694,2144.5317109270227,2093.9376708234836,2246.0472724277706,1359.495591080408,2247.9272610200333,1631.9356710795264,2220.857970155154,1812.7116243948271,2023.9567574505102
1610555608.18ONsBCVo1i7BrX0XG9stct4oiA6ejX9Oz,2298.4857303183962,1944.4296546086657,2280.6128105105186,1896.622039246562,2083.301720884999,2049.8040135758256,2147.787366023024,2338.3451989877353,2327.9199629437985,2325.8383062921207,882.3093522014559,2001.377642864807,2286.7462144143774,2323.887399774824,1981.2106918791412,2137.7138618236454,0.0,1812.169879336984,2137.6525352700314,2117.750140650779,1876.2820649414016,1517.7807374127765,2073.878228179519,2356.314023044485,1958.0451624164816,1963.2494407783774,2192.4173862814114,1940.8856451464867,1980.391265884878,2227.8247082714965,2324.139273723682,1890.8494664268046,2352.154114576126,2207.145896496235,2057.036396627959,1896.934390671334,2147.154548063537,2194.732832655122,1912.2052535387177,2352.9645115644416,2051.907731952742,1396.7099380195318,2135.9523142686908,2057.1860633801157,1758.6124124037783,1670.325489532512,2325.536121740984,2185.0981648178195,2221.8354980323343,1674.1418169439348,2282.6263230251325,2374.7394115925667,2210.72738839185,1636.2688460218014,2288.1119746736563,1980.2229530612813,1891.3635442966981,2121.947304612319,2332.0444510322664,2061.6791389105624,1686.0068864457928,1191.8776077007278,2039.7869083877913,1439.228615933935,2163.6436188465937,1341.0643519780272,1769.1667640822373,1835.611804820647
1610555721.51RNoQUMP19FTMS79BmA3JkgSm2IC2AQuQ,2075.8150110315487,1145.2657650301019,2138.714828049456,1765.1650365513765,2069.100769464939,2009.9104004310925,2196.938048888421,2096.6449343766617,2037.716498525745,2023.1392706887586,1817.692274124239,1779.1935119446816,1807.5184156615514,2080.953963186461,2047.3485771513906,2171.6623485709238,1812.169879336984,0.0,1984.6452333194377,1997.6038228089994,1941.7553321974024,1706.2645983091136,2059.720866109997,2108.8543485079913,2181.270730503953,2106.3202843356526,2169.0126526212944,2065.634500781594,2065.4407825109492,2096.086354241096,2252.9937117143827,2183.083446984634,1927.8748681126347,2060.8163645274612,2223.5166316248133,2242.924198746071,2255.70147307903,2019.8371883044063,1834.1197668148295,2363.9162313005745,1988.374303978537,1920.9653523428183,2210.724411164384,1845.05193653078,1662.5799508007872,1325.0977830764205,2168.263517645418,2201.868918073266,2005.2346841534147,2185.6032449946533,1920.9297123682154,2256.5622568875365,2384.848232516171,1919.794078199556,2246.86272633908,2235.0615629830204,2091.5209733348365,2217.593064164852,1964.8240838812458,2089.1813732486694,1799.8746537283355,1876.7948921027375,1926.4898202290078,1974.9071460487837,2023.1976921836654,1858.5095383760886,2252.1427607959295,1876.178248059947
1610555971.86O0cHB2ibBJ8jxoObg01EpGe8VVV5mpwn,1366.8781808159963,2088.511356052433,1476.845747174546,1900.512238627335,1529.6326538968628,1229.9659228663013,1581.4767751219872,1406.4136024942418,1286.078129837962,1980.841317292186,2065.232084086038,1952.9631171607484,2159.545647436841,1397.1652940695778,1980.9907723243152,2067.297941474677,2137.6525352700314,1984.6452333194377,0.0,1886.8369919441604,1978.6446510407307,1897.2876727528728,1816.8699530737824,1416.5365312269696,1988.6781015910651,1375.7239440427325,1630.664789502601,2055.344412185924,2276.9868124692584,1605.6656929934895,2007.325536348327,1537.987997408725,2195.8007232028717,2204.9447791844946,2062.4721006138748,2051.1182983013637,2179.5606030435733,2170.3902899713294,2143.474863848815,1990.27992264643,2143.723558427804,2024.6163176284178,2064.8798013487944,1785.6663671313752,2062.348074402998,2130.749095627512,1948.9254123500348,1698.7690091404622,2025.904856478573,1956.870376701579,1787.9718698004656,1616.7241640708685,2200.3498107279083,2233.0584200047883,2021.7849424708575,1963.1162078567131,1878.7005557076582,2108.32656447894,1726.3505741649067,1576.1485588038931,2016.8804613845596,2279.0665962247103,2156.8371064349676,1957.457266882312,2067.266623922725,2152.0797116723043,1818.969055732324,2029.342396289901
1610556911.51zU3duZSGpcw1BDNsBLxdOCITAXwl6z3i,1495.5758534135448,1900.5688907836209,1484.1487272985696,1803.4913940771228,1602.4826848418193,1891.2286904638265,1767.2468375734152,1535.188856417884,1567.0305600072084,1663.6881203772255,2037.2768968523867,1512.5960665658174,1850.7399367821115,1626.1373315440123,1972.8899789197883,1200.4173483614693,2117.750140650779,1997.6038228089994,1886.8369919441604,0.0,1543.1422727854053,1994.7725778070583,1684.0151089367964,1546.386771447777,1917.437466121981,2002.1066920297078,1573.4235047074103,1706.725479558838,1746.6510751993978,1826.6225150247196,1583.3852134038757,1829.1684054263883,1654.58568787378,1585.55706794654,1421.3620349221305,1585.4082827869095,1396.0819693297276,1579.9388486442165,1982.172355821134,2113.231792654531,1644.0349773118746,1944.4829461852296,1956.8957233320305,1770.0436352224235,1807.1122038723595,2117.3134177173106,1813.5065306581116,1558.9665219893432,1626.4702681618126,1940.7202837251405,1490.8768251630393,1763.003736026353,1976.7464545309408,2064.1837116700012,1459.4223153142118,1881.4608055230117,1803.827473091178,1345.6362881738598,1509.5684572291461,2004.4591780160767,2074.021139568377,2185.096111289372,1444.8515689399203,2186.893629959297,1508.526473267302,2204.942935235101,1825.5480618826602,2023.8815092542727
1610555988.71dMoYT8250UHHJGxgmITTmbHe7V6gH1yU,1988.776229662672,2246.902062861208,2087.71671890254,2016.4899858403978,2022.5329403833493,1914.8621139688585,2306.547713792543,2036.077839177275,1868.877304435041,2167.476910495971,1894.142781476051,1033.8473876662677,2324.5509877147347,2060.012096684659,2003.4315141648976,1771.8802515934037,1876.2820649414016,1941.7553321974024,1978.6446510407307,1543.1422727854053,0.0,1489.6351301356785,2020.3004076038565,2055.835086712551,2034.1471444239298,1914.1902927457531,2051.7941845283644,1636.824263514246,2062.345787101814,2322.091974728259,2122.1321927564723,2070.7846180269275,2153.798446968122,2069.892752718319,1562.4484180473044,1531.6201871703754,1980.7580863466314,2017.9734118693589,2056.90816274641,2237.9691986743774,2067.910790746105,1536.1690652091795,2016.2320138190087,1767.126995045594,2033.2245895651129,2057.778724814109,1981.2714825881378,1892.8961994820163,2075.048588906358,1875.361419987966,1564.113435678081,1969.602016252208,2299.070207130495,2048.7950892630806,2088.6572218966426,2049.380443157609,1921.6813553236107,1672.5609680530044,1825.894327447141,2145.6649297270505,1812.3367627189934,2065.1561122721505,1838.5519017473498,1907.7374997225904,1928.9950549502146,1894.3726994912306,1864.0931376657084,1841.0614451037768
1610556042.81mlUZsSp7gbGjrp8jQSnybT1gPy6e62o1,2219.489569526896,2011.5553179574463,2297.805285993055,2018.9911209002235,2042.6438189535277,1909.9120103696866,2233.0011248490787,2259.356509340989,2125.742771100732,2342.7020987253213,1600.6203717147546,1537.891837031312,2333.071605625413,2190.7688590751786,2040.8016872604678,2204.51414248901,1517.7807374127765,1706.2645983091136,1897.2876727528728,1994.7725778070583,1489.6351301356785,0.0,1976.5289770033442,2278.285364664953,2053.5837640761047,1859.9187425205487,2214.42216728462,1775.8159496604317,2140.2776835706477,2053.0002979206097,2465.9540410690474,1669.3258238577846,2353.615796468127,2284.552437128126,2075.838515131282,1924.3854889618183,2290.360158502218,2181.764782130446,2033.9814841173466,2349.299996710529,2343.3743642785284,1531.3586943747016,2279.6646799462274,1919.949634429888,1799.0066173737541,1814.622607925555,2241.4283317320733,2044.0670058432793,2175.523770299908,1866.4673657022554,1923.1327600960822,2188.4959699085907,2487.891209928719,1913.9687050533435,2439.8151061030544,2031.9674570133855,1843.3428692560199,2081.269884126959,2061.4138946439302,1701.6374239374784,1581.9329463918566,1863.0409888112902,2042.5484218723516,1590.622134933896,2097.713178756754,1556.3601787200528,1921.7032520919556,1710.4896658803232
1610555637.02UBW5nKvDyUrKnaWcYRGajZPxTRDS0q3N,1718.5832362205495,1957.5684738462112,1680.335625053783,2016.1458001470605,1324.6593329318653,1608.622700264652,1680.5960136170174,1748.6861606952687,1703.8762915875,1665.8833675540868,1978.8722288906997,2062.5730839152848,2026.7041341235072,1813.8290102049023,2119.9366178661926,1835.7388789687539,2073.878228179519,2059.720866109997,1816.8699530737824,1684.0151089367964,2020.3004076038565,1976.5289770033442,0.0,1720.9439121038688,1565.0279394121342,1692.1717340107923,1240.2592656089228,2133.4741335492818,2013.1054458477354,1303.0311104308091,1661.8785259192778,1263.316063901719,1929.792235344728,2023.559970064848,1969.1856505727633,1895.0444682060697,1890.370198763761,1792.0705159067043,1902.3797622868292,2159.912622881429,1945.0735253314397,2153.8365983045223,1985.190526115909,2118.388574730197,2030.8941711615903,1963.0582159617736,1651.4450766321327,1756.4256477912356,1538.5063910147094,1663.863165928675,1913.0415366729758,1641.4028534486336,2017.4494222662997,2082.43084494274,1667.783641089336,1090.1015002413915,1979.3734057371082,1824.2325141584913,1880.7746953821145,1497.716973134115,2082.7507599627284,2210.644172835194,1736.463577466482,2069.254355564552,1619.0835385063303,2186.4287131283286,1827.8832780396492,2119.4456378548334
1610555619.13oUYNikU4facCTpUSiSLr0vPI0tJLnXiT,332.3699956164639,2017.7027852864833,590.4629003911743,1859.7767460907637,1461.6275459924952,1755.9528351523359,1242.3529154250386,378.70114252489634,1043.5395292572746,1595.691496388812,2250.623495490135,1940.9201398958633,1935.6971249545697,842.779894766102,1982.3597181953296,1718.4053874497672,2356.314023044485,2108.8543485079913,1416.5365312269696,1546.386771447777,2055.835086712551,2278.285364664953,1720.9439121038688,0.0,1921.6439307761334,1755.8868576193784,1547.9591208335453,1949.3562406411872,1944.0761565275184,1596.107975701158,1620.665489651659,1817.02114718968,1826.6396299112782,1858.5249993124678,1876.545264998339,1891.9935381644596,1840.37339376065,1791.347486396884,2012.7290913409058,1826.363832082866,1901.1585245921076,2137.649143016228,1834.58421424813,1693.7397965038394,2145.8716606253965,2229.6707525144157,1864.0389346196707,1745.6168457981912,1641.1221723245012,2062.613475402192,1593.0820509171867,1638.9388820703912,1948.0806764927443,2232.5552382858996,1611.0242469148902,1894.3452885266422,1897.543052625962,1855.737510093662,1540.4866195935974,1853.5432775035924,2175.0881478889664,2419.9446189615696,1794.66146829299,2195.8396565254393,1700.3124900370321,2295.536456656056,1952.6576084237222,2139.6739423466042
1610555721.03nzkucfjAUh31zTbmCVvTVYqtjoxZFnBh,1896.8378120165282,2050.434350583881,1870.1483442110818,2283.3475830848893,1880.0101956130052,1710.2578907314678,2037.530831963549,1907.8177772323081,1946.553007821912,1906.6325977641368,1968.8750963721373,2115.303149900942,2210.3753719761853,1919.9046551116894,2201.4202241814846,2036.124357926352,1958.0451624164816,2181.270730503953,1988.6781015910651,1917.437466121981,2034.1471444239298,2053.5837640761047,1565.0279394121342,1921.6439307761334,0.0,1789.044718572772,1919.1632309063452,2081.491009551427,2246.351609586681,1950.426133979965,1982.2267672793896,1780.8485525027781,2116.985114226906,2095.3166491359075,2015.9082289570251,2142.8443221732387,2054.0062893327904,1945.6314225958238,1858.9957581799733,2018.052838293923,2239.579109804619,2020.9909811681362,2052.981629715301,2244.781138583601,2140.6598352860833,1814.1517775800387,1929.0560362900765,1654.2873716813313,1733.4110014610937,1910.1504504792003,1968.314983902247,1870.6818724885113,2061.6817101429824,2196.6067038153687,1922.1317480162925,1419.3121147572188,1639.7224721544546,1860.3083783141046,1938.2534203431019,1601.3688426529657,1989.228067078957,2037.0629448371817,1901.5932927805125,1844.8630550367777,1858.3175408956386,2019.859879079572,1859.4868272940803,2105.9146586279066
1610555722.67fhKURdXVzRbLIjXmjRwdJHTnE7PWb1AE,1726.3433817635146,2192.7664540786504,1797.8331198385715,2141.344449637851,1826.601252114872,780.6667240363349,1815.4390245910433,1766.8565667046605,1709.5979974112158,2094.1527288529887,1968.9683700468402,2036.5539382386644,2260.6986892982945,1820.9030596243922,2053.092912680956,2179.0949876764657,1963.2494407783774,2106.3202843356526,1375.7239440427325,2002.1066920297078,1914.1902927457531,1859.9187425205487,1692.1717340107923,1755.8868576193784,1789.044718572772,0.0,1776.9710671911673,2028.7659244332326,2255.8165029230972,1731.5801323698417,2071.329323015146,1477.4564834020462,2305.33999750766,2344.7571046301578,2167.4873078912087,1959.937485140194,2262.720130269817,2276.7250081205952,2039.8708313061677,2029.9178187913476,2289.452430616228,1904.5923185800689,2092.7832753110083,1901.941485751813,2077.2076433406696,1932.7035119428583,1741.0281641802687,1838.393952077271,2134.260242215097,1835.7971400515662,1911.5752930042154,1750.8807018820248,2147.653515418101,2122.2152374397224,2054.6622466751323,1646.9750049044108,1917.59048417756,2053.8679599566967,1862.3991005017044,1439.4355862419457,1972.5703591392328,2078.7465957625122,2240.9142646663554,1788.2861354121774,2187.248792407914,1997.605070948094,1816.4975244864108,2046.3991332612138
1610555638.39J2ZWBLuLTHP0jOlzB4tNHmYeijH5g5YJ,1510.428176916565,2067.6756669373335,1465.951881973911,1781.532384115464,1133.5938340563655,1701.146910741345,1548.082212402711,1556.5096490487329,1535.3564920675703,1672.0798936635872,2094.9439697522957,2064.072777071858,2031.2924242336774,1665.3934555713754,2120.5113137310655,1722.7319981540704,2192.4173862814114,2169.0126526212944,1630.664789502601,1573.4235047074103,2051.7941845283644,2214.42216728462,1240.2592656089228,1547.9591208335453,1919.1632309063452,1776.9710671911673,0.0,2058.250521571009,2088.4875835970156,1601.6809217582372,1517.8150036735735,1539.4325976589455,1927.8772130900034,1971.9111544012185,1938.43755804963,1866.3304240952727,1849.2135858273293,1904.2234249542023,2078.0935437768026,1980.3549814459266,1710.809676368724,2196.6975024480143,1832.4653662229593,2031.761538532144,2128.1334332159104,2210.90405316158,1677.1924757293214,1788.5573330515524,1693.8062832901467,1542.2489494045747,1831.695320928834,1473.5875648134772,2011.2644899663276,2274.629924281207,1655.3502274352797,1662.920509881717,2021.5242532819855,1763.0701226936371,1791.781549742012,1877.0340803061624,2151.1206094888003,2269.9117554881427,1890.6345919742353,2191.4289927157984,1813.773143870415,2354.6189121155394,1607.1885824947385,2121.4011013879713
1610556032.17Q6yCDx9g7alRnL9jBFXD2JhhUyB2hKfJ,1893.2721913783018,2085.5437455668507,1922.7537892002551,1923.5934478138672,1978.245118147211,2074.7636147966264,2026.8812134716648,1953.499930377767,1899.5223614611355,2073.5963414161033,1958.3422609930092,1658.611594272533,2216.9821503905046,2048.857545457788,2302.8001703185505,1795.9689123753174,1940.8856451464867,2065.634500781594,2055.344412185924,1706.725479558838,1636.824263514246,1775.8159496604317,2133.4741335492818,1949.3562406411872,2081.491009551427,2028.7659244332326,2058.250521571009,0.0,1952.3343150563242,2230.436403858335,2186.974742078916,2101.7724592097625,2061.9562066386598,1600.239235010156,1966.9995507080223,1813.940577015831,2106.5738844920284,1781.0765861203151,1936.9968091589046,2090.3447604308967,2305.1009854893396,1638.8906223431984,2065.191059975909,1615.7587925456687,2154.1649905377662,2031.5133491832264,2096.6619671875414,2038.2220175082346,2034.2496773390524,1906.8706356116543,1810.2455377893352,2125.7191427721064,2062.6913744204794,2065.599827300132,2158.2328167686996,2194.46486280103,1963.2009987200527,1716.2858540332072,1726.6307593772349,2190.065652831266,1931.7665532931699,2167.6361057759195,1759.138331065594,1917.8967821479475,1864.0604041701722,1977.516706316676,1919.2268663407067,1896.503329256937
