,1610555604.25mOvVXuL01OCiReyVWBfesjuvXmB3MoPy,1610555605.43B6oDsBtWRQ29Q9UMQuTUEPZy3FSSWXzc,1610555610.92HPGJJSmyPM40z7otPBgHalNrHFA7zk5d,1610555606.68LaSQbm9EHAFycEfFtEqAwYqlBsQPjIRW,1610555617.19EKxMEwDHfXiEJZc27TsGoERaD6Da4BZU,1610555722.52PJ3FD50MGhRXyUD28vluU8Z9UjLJLZn4,1610555617.52Ijr5puT55g9apK8auM7zaxa3NANg502t,1610555638.77ZLjTLkz4jYJdFMI2wWBztzsDILkoOtAk,1610556912.46C7tJPLF0XfNnm8f1820X9aLmXMHoc0Dw,1610555617.51LjzIROg0aeCP2GhDcAVQ0LipKJB9jmKc,1610555608.17OpjjHobqRkX0UPcaXrbu7K6L3805SZri,1610555721.82zWeNZfGUUfRJkgnAwlP8VMhPzXctnSd4,1610555735.75bom85BDF0C7W2eIseHeMxi24qR68nzMi,1610555735.77NnT5xqKnwcf2BbjIekeb2arTQj6QMNwk,1610555638.33wjf1PhdNaoWfbRzXVn50hmFyB5bYAiLV,1610555606.65jCE4ig8Pu8kvAzkxnSGfWsV0nQBjCf8H,1610555608.18ONsBCVo1i7BrX0XG9stct4oiA6ejX9Oz,1610555721.51RNoQUMP19FTMS79BmA3JkgSm2IC2AQuQ,1610555971.86O0cHB2ibBJ8jxoObg01EpGe8VVV5mpwn,1610556911.51zU3duZSGpcw1BDNsBLxdOCITAXwl6z3i,1610555988.71dMoYT8250UHHJGxgmITTmbHe7V6gH1yU,1610556042.81mlUZsSp7gbGjrp8jQSnybT1gPy6e62o1,1610555637.02UBW5nKvDyUrKnaWcYRGajZPxTRDS0q3N,1610555619.13oUYNikU4facCTpUSiSLr0vPI0tJLnXiT,1610555721.03nzkucfjAUh31zTbmCVvTVYqtjoxZFnBh,1610555722.67fhKURdXVzRbLIjXmjRwdJHTnE7PWb1AE,1610555638.39J2ZWBLuLTHP0jOlzB4tNHmYeijH5g5YJ,1610556032.17Q6yCDx9g7alRnL9jBFXD2JhhUyB2hKfJ,1610557007.49MyVgDnuUuBxrvL6SGOdhKf69VYlW1MSm,1610555638.44hjT5hbYdKoE3MB6hijrjqbjmLgvCUYKD,1610555608.13zUvmFSCRt6SsLbhqFznMEvGx54GPGQzM,1610556038.62a5C4ynd1AARyAhTv8a58NCqHvXRjscqH,1610555644.45Xse8u7pusHNsd7F3d0A32HXvXr6weOJE,1610556038.62gKXOCG7XCn55eJvyl5voNjbwOW0znQDq,1610555987.13v0oleKK97pkesp6oMgprH8SoSdoDVdIO,1610556964.96ZLLeiQW0qpmxhPGTg7K03fmzkqsC2bjC,1610555987.13VQlEedQ50VvkPMEMzZDv3KNnQCewykN9,1610555982.186TY6MMGkDecIN1woW6vsfAMXVV7jnyjO,1610555982.673LuMndkwkvdmZOn0MmE2Pkidx0FtNalb,1610555733.38zItcuH7gHNfKdALR2d9Nek6bxCyw36Vm,1610556034.15BQxSbZINGCay0yp6RBVlgcPrw76Yn9ON,1610555639.37BPZpgtGml8qUsh9AdV4m32jPLfI2aNFq,1610556965.57S0adAalhWYe6K3bkZU0bRHbqnDK8gGkR,1610555983.54zteLPCMjyrjzPdhHhlZr3faCgD0TfYr3,1610555987.79rHnNRmt9a0ufmnwCvZqBouyUoZDNpylW,1610556960.041xWER61rmArlsKfiMl4frikWmUCnQ7op,1610556035.13a7NHZDutfTMJ88qle1gTYY59Dr4WmMsj,1610556890.456ZBDaY16bMtrTZTqAgHl3wq1tRxzqDow,1610555760.24e6890pkbyZ97Or6croI1rQgjkSsR0yVt,1610556043.02YpWMIJg3W004iqlPyv8OcVAZdSC5rNYw,1610555987.03z05P26TLtONYM1HSzupoc2CeNMa6HTqr,1610556032.15OYCzUxpsz7b10AXBAuDXrvEcvxFhf0M7,1610556032.63Z80yI9pNwS3jSmsDABbuhf8wkNa2Ze9y,1610555736.28eGuESasTXdR3SqY6pHhEXWZtcdciYLCO,1610556034.61bebeZA0MkaFG2sm3VKiqrxeqQginTTW0,1610556944.5XwXOphKYT3ZkWA8gViqOS97VHVuMVUqb,1610556944.745UVLFBzf7fPh4UH37I6tYQOFPqRDytEh,1610556034.63XsUwaFaPZevO1JNFjfhvY4aKNFnV4noV,1610556964.89xwBHw9faT1HjQRMNQEyA4qJ3hWkwgj3k,1610556966.74DydzH91jtyvRyYau47JpVkZoMRSNTt01,1610555740.77UueVziDbaXyRR4OcVJIIZyzOfAzN51bj,1610556046.84e3vwjyRCzqz0wJQhrk8zsxlFfFSv98Df,1610556137.99eoPuVrDThKAOvmeprLPb2FWRqIhzUodc,1610555740.73XFwSrmTXJPlaxGZSefh0jOVA8PI3III1,1610556123.88AOfNaz9jSnqU5Czc7okOv1RCrYfKFBTo,1610556046.85nB7NvyoYQeLcOV391Lmmut1wAM8CFGLw,1610556123.89H4pdIAzDthI7bMXMhlIhKUYIQIvtmPPQ,1610555740.87GOYQUJKpkynIS2lFqppYK4b32ol7NeGh
1610555604.25mOvVXuL01OCiReyVWBfesjuvXmB3MoPy,0.0,690.4249149963763,445.5027657421025,770.557669568662,730.0252875727366,774.6595451099616,645.5323713911727,510.7963100606627,635.9105981319391,812.1444424709348,735.1023046765536,719.5173921460895,674.9061895160114,620.1251975811319,691.6715426676487,817.4881143368436,776.6785110422336,722.2847094108853,638.3107347875865,822.1365824917746,690.8824663005147,674.7437071089927,808.1819068993193,471.46529500404955,764.5758609668533,734.3711552327567,737.0296845456927,702.0521206431437,770.8529870654353,686.5224457027244,836.8088522821885,657.7410157087577,757.0485163956516,861.6904678802129,761.0283209242899,757.9811117439767,810.814124058195,829.7875972700162,764.7534699876591,786.4912639637172,753.8676380299646,696.7713531075156,769.2424367090996,707.1286010754817,724.844249459015,732.5596375932465,806.6909648052606,775.1312773537634,824.4648061461444,718.7731803423496,806.1390663507194,799.5267775469667,758.4757290971339,690.0654755175175,828.4440092420459,761.4777262859532,692.4605705256071,752.0171709464663,819.6898340428285,700.1892134119296,713.2503125501355,680.929673611607,812.390509714677,689.049655769049,821.0362855818482,696.1836987121245,756.0565520616177,721.556634078316
1610555605.43B6oDsBtWRQ29Q9UMQuTUEPZy3FSSWXzc,690.4249149963763,0.0,592.6021940731899,509.82702099230335,690.545520146167,628.9976524679811,525.4141569042008,578.7013418450856,684.6230762486033,659.7510732014764,490.11286180231036,503.08992587299326,465.48757737763555,489.61817106589484,432.0865702087961,625.9725599907373,566.9417376855423,363.803379980233,594.7859877745278,677.2293503123193,487.86027002463675,416.2303572916377,689.816829445971,571.4156138164187,569.0208493846284,608.4133031446538,716.2134929516317,505.74328721237885,546.250015843912,506.41498267186654,666.1638179662798,512.595704952979,578.703650801594,693.9481207018495,565.4475546970415,555.8105299364125,640.1286213293616,610.3695428478482,466.5637528743828,594.0473053967777,547.446764878515,444.06527143939553,584.7922728873975,510.2331826956899,439.61644756080216,448.2360212993166,647.415670200641,688.8952188776838,708.4660070146427,614.3927374643723,637.142672226602,662.2780162775739,549.713712250705,409.42127372431213,670.2078872542306,608.4404088091533,585.1226832718459,583.3571749933901,647.9080168919724,505.1124054692865,464.3747578957601,414.91185644634356,663.0485758027367,456.6436733393764,689.051569660618,438.6959366867343,636.427347110328,483.1044833211781
1610555610.92HPGJJSmyPM40z7otPBgHalNrHFA7zk5d,445.5027657421025,592.6021940731899,0.0,687.1514589548855,694.5049803358046,701.4622626885413,522.8543524215511,340.9555648737124,614.9510352668543,737.0318381324629,635.3769583243571,616.2957632326998,579.3181422763523,480.118037465648,585.9583655187338,734.8190713750571,684.8644269989644,619.7191002471178,588.2258337226725,747.7835510388702,573.6777410125405,568.8695243550352,754.3063117435257,258.50224868728395,680.4739928040863,652.7655359388017,714.0027038026966,605.3028480358175,693.6134130176449,590.18721764477,764.4281418834986,578.9100895599172,671.9033010874454,794.0855757138642,665.8012421301922,662.999066142204,726.4616014465547,752.1594018877543,680.218756225957,696.4345937847659,659.874238762454,580.5638801583218,685.4947990328136,607.4209256174911,628.1423201824294,631.7438891733522,729.3523723342964,716.1815695332787,767.4022657627557,655.0945029844992,724.0722795256462,725.9452615242177,670.6971351004998,583.5598491654862,746.3010473438146,689.8110926744455,628.1375904122706,659.0423484113221,737.7559076411526,598.1167510099154,611.8879676036279,575.2091405840978,737.6705797781217,582.0035702542036,754.0140202323197,588.929889914913,688.9033165837437,621.2751563920827
1610555606.68LaSQbm9EHAFycEfFtEqAwYqlBsQPjIRW,770.557669568662,509.82702099230335,687.1514589548855,0.0,698.9010355267756,678.0295178053673,601.4602978577923,679.4819541280544,725.2462673512965,764.1968786192872,519.1430429391914,600.8974457395698,609.3895403185423,594.6789435693636,545.0109827917822,639.6732173749634,624.642102952042,549.3115600822546,649.1860343245845,742.7806912989014,558.1454173854484,555.3697920825743,698.2991612259921,670.635097141347,673.8318042246182,677.0111320055163,761.7240986668456,527.4515475077709,653.6480971840872,574.1083063992835,708.9606170482407,614.0340548176806,695.8856004581417,751.8672304534019,571.2474876826376,584.2310498180625,638.6846625204685,694.9224038050895,620.3739498849039,655.0681004990133,515.1830568689712,548.8137454346547,628.4100387750159,577.4113270005599,567.5926625635192,578.8590084608425,677.1392788002687,720.8930380972402,787.6452599275591,693.7345650483255,602.4626539561431,710.137334913059,654.9491136284638,561.303015790073,618.9896125037473,668.7657892955453,580.2168377513544,616.2015089008077,624.2552681399029,520.4408947308666,559.4054425445121,541.174624789852,733.6708904844853,557.7790535946054,735.0729760313985,564.2816635637768,701.009107256909,564.5004974775234
1610555617.19EKxMEwDHfXiEJZc27TsGoERaD6Da4BZU,730.0252875727366,690.545520146167,694.5049803358046,698.9010355267756,0.0,753.808388130502,572.9071002027289,704.4370952389143,604.1528064563674,813.944291262953,702.490828475408,714.8391982095346,677.6280980879925,630.1005325741236,675.7060586128985,801.6149147817861,758.7712363543823,706.3176884347303,698.8869234898211,812.4280141639283,674.1083479722813,665.3331173038781,597.3703554044932,688.1228746467724,766.9657494166308,717.684673069249,688.0959478065918,654.3563407814569,771.4454001305444,617.9577526397135,812.6391998917161,594.5059528088395,758.3288184872832,833.4948363044914,729.0996932862242,739.7399807305245,756.5833396467617,810.3161199097343,768.2042564086994,776.5803500992877,688.798464797657,681.455220688208,755.7579229796028,674.67903820419,712.0355461922315,714.8002209909814,768.6120820034441,800.4158479820845,836.69590855575,701.3464665624157,775.995775156064,784.4781827413121,753.1014528599845,685.5113219953726,802.8849277081047,676.3827002555005,697.3359050670938,722.3730340619684,784.1500189790979,640.0220798734961,703.9413214217321,670.4625676741634,795.2718930630186,678.458300254402,812.9637902568403,685.5282087623909,761.893534816543,704.7299930262228
1610555722.52PJ3FD50MGhRXyUD28vluU8Z9UjLJLZn4,774.6595451099616,628.9976524679811,701.4622626885413,678.0295178053673,753.808388130502,0.0,588.4151938879365,695.5986067761022,674.4891818477323,753.618602821426,625.7105096542795,662.9431420226175,627.5149248915577,600.3677795693405,612.9258024148647,751.1302756155934,683.5355420663232,644.2520895189845,414.25771333980634,777.0301213260663,590.1113257774308,611.2306516026874,796.8162663355306,686.2605875742297,695.5266314301473,404.72377998520545,776.8544705322154,533.1172267021851,573.8229919114685,583.4282055048495,793.3866523247443,587.5189705293137,718.0732180042403,821.1156141356622,668.6423310119831,660.6401528130768,730.0497820602196,782.5401180219135,699.9677319562628,691.372463778068,637.184908436003,604.7719937583803,637.6541592200508,627.9688948060128,649.1648921719272,598.139094388348,695.6410810186798,759.9814837765011,802.0724735334991,702.5436596024504,687.5309282997838,679.5012054696698,701.0807251452064,626.2844388898085,765.5194784858843,643.9871518657972,650.9527819875372,619.7643643097659,715.4092802323507,569.6282799795994,585.4439646091018,598.2380342101427,768.7852714468805,606.8944672833051,795.3656758186264,608.6427916847186,696.7475760981578,576.0421041729504
1610555617.52Ijr5puT55g9apK8auM7zaxa3NANg502t,645.5323713911727,525.4141569042008,522.8543524215511,601.4602978577923,572.9071002027289,588.4151938879365,0.0,517.5450877099765,606.4105244112915,690.6580994213554,562.0488400333506,552.6216586344872,515.3235899960234,339.70146564468945,520.0583209764139,680.5712085224743,628.9825898968497,555.4460624051899,519.2372116230896,701.1883281422369,496.3909536071654,503.0862373549265,667.8900771088297,496.68503097995006,622.5251745896104,555.7400631911506,673.3201992956003,514.8344495437699,608.0611470682165,376.34069082361805,706.4345538110088,458.6467328934949,619.1326477923307,743.3519620384454,604.4077976501991,598.0298004439059,657.9874715808438,695.9982699577483,622.2739084345894,641.4495049433976,571.149131746683,519.6184750680011,633.2097499131653,534.6472413774861,561.9585063660244,560.0775068586017,673.4351602050193,691.2257132678112,719.8669213666283,616.7553894948833,666.456545652745,675.1934002312342,607.9542961207707,527.3065877424455,689.6447189079072,607.3019650911382,567.5789970047105,591.8088386955493,682.2709690750677,481.16109644316396,543.9929039894876,512.5034161264526,685.4058274900988,524.1716495207761,699.4449611808362,531.1120203169666,630.8967991155705,543.7056156801727
1610555638.77ZLjTLkz4jYJdFMI2wWBztzsDILkoOtAk,510.7963100606627,578.7013418450856,340.9555648737124,679.4819541280544,704.4370952389143,695.5986067761022,517.5450877099765,0.0,658.2925401682081,731.5923155883903,623.1119718013094,608.8991548572843,570.6841959474237,423.5477892732319,570.9914178304539,728.9422865450489,671.5520214331317,609.2938660661505,599.9503923832441,745.6501359556395,568.7853377453966,557.0529893515929,749.9433422204405,156.69138735566486,670.9685465955189,642.7580476488959,716.7125485594767,601.4349126749037,688.540360346051,575.1308807871252,752.4866874631209,579.1414657472432,665.4224905194291,786.0572631752567,661.9411635247347,652.1398071534339,720.2915177254202,747.2209668324466,669.9979533668403,683.7886720658539,657.0482339086021,562.9959203968896,676.3107484815138,611.7847830526882,617.307983134473,624.2541990580776,716.8215493545655,719.4884259868381,765.022692560792,648.1775000684229,716.6238005822634,717.6185992938529,662.5531101804293,567.868669940572,745.5605729531627,683.3130274133782,628.7391973119968,659.2688854918396,727.749230211638,588.3702692045991,600.3380116556104,561.109322749219,734.4975635673649,567.736454836879,743.8243506905285,573.4741385967826,685.4483436962574,611.7035447063935
1610556912.46C7tJPLF0XfNnm8f1820X9aLmXMHoc0Dw,635.9105981319391,684.6230762486033,614.9510352668543,725.2462673512965,604.1528064563674,674.4891818477323,606.4105244112915,658.2925401682081,0.0,803.5472889855607,691.4273135464812,688.9809219126439,662.4698613096364,602.2747949235587,663.6447874919687,798.0591664292095,737.9821777045684,693.4329986065353,587.8193434653759,810.0110087522942,642.8264686989196,647.074131810356,752.4434223147822,631.2430558810394,754.2783466867182,665.2307060822219,730.3502040189162,628.5966787591395,731.8795750890165,656.3733629862071,828.1055617884182,628.0738812374576,745.5681032257874,841.8202377416786,722.1252432084016,730.4555778629292,760.033958630479,814.695611410614,759.2195601508552,762.580849394424,685.5931188718083,660.3925808749394,733.754620815061,679.7587264572835,701.5922026565679,685.0388966539203,765.0722657562156,780.6104544375391,821.9986837033955,703.8489993066618,753.1316324286513,765.6573606098284,747.3593995541223,672.2235940377949,799.5850460416838,716.041971831023,679.9033931879108,698.9131310526703,777.5842231196767,653.2403090140346,679.4512106663869,654.7871760232367,793.6816892610431,658.3997196204259,815.5434845859738,659.9980278461525,744.8960638444197,682.151761620983
1610555617.51LjzIROg0aeCP2GhDcAVQ0LipKJB9jmKc,812.1444424709348,659.7510732014764,737.0318381324629,764.1968786192872,813.944291262953,753.618602821426,690.6580994213554,731.5923155883903,803.5472889855607,0.0,707.4322283038001,703.7630820247845,568.6838442581251,662.8193188496946,668.1241154804198,786.6483501057162,750.1540757391838,694.2914003349129,753.1945608295254,801.7853580214964,671.6603632751838,651.5425054158013,824.9733786292471,725.2607609808538,702.670817848276,705.5181955215686,835.0802414785717,694.7941551263605,750.6683447174356,690.8752526749671,817.715676070405,692.9470407766742,482.7127370527428,831.8817694370629,741.5229813291922,737.2698268969327,793.2660003232058,782.7057032044378,680.740150068805,769.9797300881941,734.5644668032548,663.6429181771463,763.1396496827388,729.9036849790234,695.5272414366633,714.3402583939563,771.1261371120603,793.1307691775672,591.3954977230626,747.5504229172559,787.2671328205668,807.0322997029165,740.2349602221109,656.9696470195308,810.7119347866811,771.5364950009299,744.5751203929561,727.374010971346,799.7262160764892,695.0544485774318,689.6682075849252,649.1573146580636,731.397479511387,659.606138063166,713.7057274192978,665.2248798735591,756.6322636273304,701.5320362916565
1610555608.17OpjjHobqRkX0UPcaXrbu7K6L3805SZri,735.1023046765536,490.11286180231036,635.3769583243571,519.1430429391914,702.490828475408,625.7105096542795,562.0488400333506,623.1119718013094,691.4273135464812,707.4322283038001,0.0,556.1500737765466,530.9015705122549,529.3861253156185,471.43274496649434,626.4309083902134,341.3502073103187,465.54203426466177,600.5274724192924,682.4323799240614,466.1884887720897,456.23751094106274,721.9046773781052,614.5897196094962,629.0000387299075,601.3783600931463,741.5991924815157,489.842581719402,603.0921265328475,542.9198477283213,709.3841348450426,564.3359000024014,630.5194758980949,726.1537382809647,553.893981891005,507.59244127017394,640.1539014830676,678.4402297015229,607.922189173114,611.2381079517535,545.7155708181133,398.81032580796324,566.3796865143472,564.229036716086,490.5738524428649,494.6409397752939,665.9649220651863,710.9872907872846,751.2038986193201,640.8154437272726,585.1085806630914,657.7640503477859,604.9901720582404,439.6360908191278,656.4156484490104,639.8445493856043,549.1433148429296,549.6927956166379,626.434897450751,513.772943789615,441.0861703331351,415.9275891527286,686.2236017091814,426.12520367647437,729.6888655173508,426.59635288578875,661.4448848779033,477.6521028967989
1610555721.82zWeNZfGUUfRJkgnAwlP8VMhPzXctnSd4,719.5173921460895,503.08992587299326,616.2957632326998,600.8974457395698,714.8391982095346,662.9431420226175,552.6216586344872,608.8991548572843,688.9809219126439,703.7630820247845,556.1500737765466,0.0,532.9739573393567,508.29215877730127,440.57093462310166,637.1341553465362,623.5257841571927,485.94721048013076,614.1090192550822,705.3549312686799,422.6146926813603,411.05714447021137,737.5302731607355,600.5657295322818,559.6720773641148,629.7816978058128,712.6241087166538,486.972989582209,620.8787242281447,565.5709422810249,719.7649298760056,586.1739507083659,629.473051921599,743.1540868396073,573.1803555022285,557.8405807755556,645.7579041519633,687.3430285648208,569.5922058877464,617.3931413147901,560.8975678458125,471.1923477330134,604.7274528770062,556.4885756484528,527.663938633507,553.2615241366143,643.421002984768,698.6706177317735,737.289862089261,624.6032206787439,650.3277851558759,662.8146126824975,616.3463500340217,493.8128059807609,695.3380571996316,649.482713041188,603.8546322798408,590.9646149656414,678.8070879261941,520.9576852988872,513.622138194667,482.1998652621736,679.2104579490154,503.440895087056,705.5293391603802,479.3697453971161,647.6108712749332,515.1964980126553
1610555735.75bom85BDF0C7W2eIseHeMxi24qR68nzMi,674.9061895160114,465.48757737763555,579.3181422763523,609.3895403185423,677.6280980879925,627.5149248915577,515.3235899960234,570.6841959474237,662.4698613096364,568.6838442581251,530.9015705122549,532.9739573393567,0.0,474.23611352052393,485.20829270778313,645.5814542240834,583.7452140126536,513.0129858026653,589.4014336732848,657.6206473963985,483.0679997345232,455.4598397612837,691.6593228488769,563.5889595273756,593.1370310297707,586.220866477926,696.7540392659689,516.3369717021815,599.3137326758216,514.1136705849208,674.8858483434369,523.5024975736212,424.0281790003463,711.949592800026,581.4508289294372,575.3585717764652,644.8257903677834,654.760651062223,574.2131679642124,605.987730632393,572.0542023030988,477.32492095092545,604.6815235581819,560.6717014063922,520.5761254817063,537.2361850955335,647.7845015769772,664.929929509178,675.8779794051529,593.2858507232097,638.4622037117588,659.5508894108094,545.9345289667366,469.94699876505246,667.6144570016438,619.538838756547,587.3595711955223,567.5015373557471,654.6463655676321,520.9595925976732,505.5716590479574,458.28826453489387,638.1148824713185,474.17928434048,667.6231586186833,479.67693577086465,617.7992326659206,522.3066166603674
1610555735.77NnT5xqKnwcf2BbjIekeb2arTQj6QMNwk,620.1251975811319,489.61817106589484,480.118037465648,594.6789435693636,630.1005325741236,600.3677795693405,339.70146564468945,423.5477892732319,602.2747949235587,662.8193188496946,529.3861253156185,508.29215877730127,474.23611352052393,0.0,477.12051912267424,652.7554393281681,592.7056327733453,520.1907413070651,522.9572114881955,676.6622161805366,452.6645294885875,457.74027725535586,681.715342668969,423.40147734839394,589.3455205571175,553.3684829306752,664.695662718052,496.49146095274807,601.1470104243003,453.3407585371967,682.2932168540464,489.7854777058278,586.7704131827712,722.6420825615551,577.1523643998858,567.687291288395,639.133945039694,674.6892281039908,588.7488872200074,604.5176146591542,562.8291556281454,466.6286029265734,602.9002057394245,514.8296863599602,526.6182869796909,526.8506537855611,644.1262821343678,661.1817786832083,695.972449859674,585.5905136474906,634.5955125396242,643.2587805611108,574.5941330263095,482.1313647015958,667.4349806749217,603.0444999268607,555.2694466140666,572.3894010631678,651.2894411507175,478.2538606237139,507.47251684767485,468.34618122349985,659.1901059172449,478.2037039952593,679.8266859617293,481.6538038539452,609.0279218796431,513.9726918360595
1610555638.33wjf1PhdNaoWfbRzXVn50hmFyB5bYAiLV,691.6715426676487,432.0865702087961,585.9583655187338,545.0109827917822,675.7060586128985,612.9258024148647,520.0583209764139,570.9914178304539,663.6447874919687,668.1241154804198,471.43274496649434,440.57093462310166,485.20829270778313,477.12051912267424,0.0,591.1841274236591,551.6507208420726,413.6862924497452,574.1504586981788,681.2623323031298,438.96468364649854,312.57919847383806,692.028162499245,564.042007625748,519.0781911573947,587.708435144865,703.3362883618744,458.1827689153286,562.4037762957491,519.8980487907359,670.1576348053339,535.1408820659742,590.7457671253419,695.0711872348105,499.26753616149165,445.94284147116156,579.4873075497765,641.8732447751,518.8297819562617,522.6098670192181,511.2467856286398,324.9560082886041,456.9888913977646,520.5730670724614,403.2485394716046,448.5463048477538,586.6123461041566,666.8732994374169,712.346664412583,602.7149224553563,560.199914037974,603.6837479097741,559.5369684405889,366.03836463841236,654.5591398030703,597.1984902803408,535.4026920847695,554.9626975154337,589.0402803429068,437.31591102114083,384.8759607157359,309.69096066010076,663.1424018803635,334.527329410112,694.8745179447084,285.0407347952392,622.2133277012674,394.45093986202625
1610555606.65jCE4ig8Pu8kvAzkxnSGfWsV0nQBjCf8H,817.4881143368436,625.9725599907373,734.8190713750571,639.6732173749634,801.6149147817861,751.1302756155934,680.5712085224743,728.9422865450489,798.0591664292095,786.6483501057162,626.4309083902134,637.1341553465362,645.5814542240834,652.7554393281681,591.1841274236591,0.0,676.505658956011,635.8043462900788,719.7905719535277,721.5599849137836,611.4676265767338,612.2080049553498,804.2155883076309,722.063253629637,685.1487613636344,731.6190665860939,819.5450391877442,609.7469844229557,667.5186103929116,681.5945631879194,691.0344306853355,691.1631223838959,708.0224270846671,691.0898549290093,429.8406382448732,477.6778190026832,577.9853276667054,511.658084419431,679.4406429188889,683.9700366567945,622.7333220947191,620.3120657032472,625.8369328537656,625.3412648775643,572.582850993385,648.801282597076,678.9362668360017,781.1539327165159,815.0410914395635,727.2027464590848,609.254746570539,760.2900499450492,684.0078981625486,615.6617899671531,608.076256821414,726.6917252571026,692.7372741969143,655.6650637995504,666.8905376758257,649.8032669223485,614.0777197598637,601.6164449899077,716.3292216844382,609.2599346081819,783.7718550751825,621.6550959214029,722.4433693716696,618.7984498353663
1610555608.18ONsBCVo1i7BrX0XG9stct4oiA6ejX9Oz,776.6785110422336,566.9417376855423,684.8644269989644,624.642102952042,758.7712363543823,683.5355420663232,628.9825898968497,671.5520214331317,737.9821777045684,750.1540757391838,341.3502073103187,623.5257841571927,583.7452140126536,592.7056327733453,551.6507208420726,676.505658956011,0.0,548.0361961826292,663.9538412986499,720.2538418530714,563.2491501060691,541.287917603268,765.636545074895,666.1134900373044,680.859350302053,658.7027790813482,776.3987864025211,586.5770269599163,658.6475993734105,612.7481372258314,755.5453743237559,612.1945653126602,676.495237330112,749.5589521642611,610.26257245789,569.9751609990057,689.2157283878719,721.592889539531,670.1375871484418,662.282061779985,626.7729690008291,475.75984925361786,618.5545140213601,633.2361121475458,567.6485717054389,555.2893933574243,720.2132981768083,751.3391494464634,784.440904168145,683.9309106515985,654.3884556597343,698.0615064437153,650.8927536481693,510.4592944511496,706.5521964224089,687.4691431302394,628.8114682837,640.2343753172995,683.963688953792,603.0690469955689,526.5457046480728,488.6947967574082,717.2948550808529,485.5449574625691,774.5416515257347,506.17552861755485,698.7207894089942,561.0303485518687
1610555721.51RNoQUMP19FTMS79BmA3JkgSm2IC2AQuQ,722.2847094108853,363.803379980233,619.7191002471178,549.3115600822546,706.3176884347303,644.2520895189845,555.4460624051899,609.2938660661505,693.4329986065353,694.2914003349129,465.54203426466177,485.94721048013076,513.0129858026653,520.1907413070651,413.6862924497452,635.8043462900788,548.0361961826292,0.0,614.6462684242157,703.87202487867,487.39234853864207,417.52315320516675,713.3773349928441,602.2915809667998,591.020058454819,620.0224714694765,741.1640308409239,507.6232111275845,570.419253003454,546.1125258722976,690.5908619265773,553.0721573310947,615.9421378445243,720.0626776570091,571.3398642477445,521.6348518306555,652.0139833593213,653.923406994869,535.2622739766808,590.5695258132886,549.2808879017629,402.79535655219155,565.0412545827496,534.3310640139314,427.1096060515655,427.98239798258686,635.9875396572273,708.8567533494514,739.5200745252802,646.2317232605561,631.7652846615215,650.5724857586381,569.255586452671,412.5186089949451,691.7380522672667,628.7105337893762,584.5292327363713,601.0871010244252,642.4225266794751,514.2626081889874,459.0838223761098,406.26749839220025,696.6148151189126,434.85236124592626,722.4111067963886,417.80001348366136,668.8003342228592,480.69880608459886
1610555971.86O0cHB2ibBJ8jxoObg01EpGe8VVV5mpwn,638.3107347875865,594.7859877745278,588.2258337226725,649.1860343245845,698.8869234898211,414.25771333980634,519.2372116230896,599.9503923832441,587.8193434653759,753.1945608295254,600.5274724192924,614.1090192550822,589.4014336732848,522.9572114881955,574.1504586981788,719.7905719535277,663.9538412986499,614.6462684242157,0.0,744.9345475674482,534.5585630018788,562.565798653266,762.5615065260724,582.0650742401092,660.9791826487433,500.59406020968464,697.7316360557443,476.83076404393984,581.6218821133538,534.3816835171211,765.1899797749475,560.0953425962159,686.5518207172994,788.7730206255883,627.44844193545,627.0467322183597,689.2237241923843,754.5822470528005,670.6121017039054,653.8754013341835,613.4346585830025,576.1581004459565,619.8380461011128,560.2962430122833,613.8547992530689,565.8089010869138,682.1794730848551,709.7606610142606,772.103136085578,646.6516361836254,670.0764153154882,627.6421212871843,667.7410481767447,593.9199759029981,729.1486820634855,629.9846906651528,596.9889909081581,596.769487990515,696.9725035108687,513.1296824967035,541.5286824890646,571.9026428582566,734.0162756094999,580.6923727955236,761.650144841338,580.8314447716743,648.7965139643825,529.4550099865723
1610556911.51zU3duZSGpcw1BDNsBLxdOCITAXwl6z3i,822.1365824917746,677.2293503123193,747.7835510388702,742.7806912989014,812.4280141639283,777.0301213260663,701.1883281422369,745.6501359556395,810.0110087522942,801.7853580214964,682.4323799240614,705.3549312686799,657.6206473963985,676.6622161805366,681.2623323031298,721.5599849137836,720.2538418530714,703.87202487867,744.9345475674482,0.0,660.3763244874032,670.2698779253159,820.7546672018805,740.6268314598444,757.9956309365108,740.9197911520424,801.1561263674134,677.288658021091,772.4736718048673,712.428207887004,796.2165904148378,712.6341753126735,725.9964333850218,796.8398737842192,693.4771034905656,699.8108919214903,756.1573742689725,743.0998536725764,758.4973139129194,769.3935156277947,733.4709134412826,687.0809458199843,766.0748497540375,708.375402550308,701.6416918749275,719.0956993922597,769.2923115721904,812.0233551163568,826.1301536170972,724.8316633844505,764.1515337741258,814.3882205833993,741.599138518574,676.3349095220483,748.5732527795395,775.1979296523823,740.2455232789893,675.7119077283882,788.510729928564,701.8225437981102,705.5604110568839,672.5107299387658,723.8577206418345,683.9532636852113,802.6360372741414,689.1635756286344,730.1962558235448,712.255814006412
1610555988.71dMoYT8250UHHJGxgmITTmbHe7V6gH1yU,690.8824663005147,487.86027002463675,573.6777410125405,558.1454173854484,674.1083479722813,590.1113257774308,496.3909536071654,568.7853377453966,642.8264686989196,671.6603632751838,466.1884887720897,422.6146926813603,483.0679997345232,452.6645294885875,438.96468364649854,611.4676265767338,563.2491501060691,487.39234853864207,534.5585630018788,660.3763244874032,0.0,414.6448307192436,699.7420146267559,560.571424499548,572.2540958464023,542.372069876326,700.3590136613633,384.71701085735606,589.6590138680145,518.3735511926847,682.957249488373,543.4346429196103,588.7161684813989,709.7744605976015,494.49579051786407,512.5047752315328,600.8190766658212,653.9565449773814,576.2040053196358,588.4352209518742,524.746520252057,433.76038534441346,568.0530842888827,500.3309586568619,482.42711258570404,489.7749717308953,623.8679404372695,663.5011270680773,708.118922706297,601.7293933373974,606.5153525029242,628.0219946701836,572.6136887112928,476.8341637061441,649.6317360376783,601.8882346772147,510.5046294550275,499.40142311940696,636.7808078245832,448.790526839021,446.71565917772466,460.86100541235294,658.9570881511872,460.8887666014088,687.2381516237518,459.3439781079743,617.9498889920894,454.3908910432605
1610556042.81mlUZsSp7gbGjrp8jQSnybT1gPy6e62o1,674.7437071089927,416.2303572916377,568.8695243550352,555.3697920825743,665.3331173038781,611.2306516026874,503.0862373549265,557.0529893515929,647.074131810356,651.5425054158013,456.23751094106274,411.05714447021137,455.4598397612837,457.74027725535586,312.57919847383806,612.2080049553498,541.287917603268,417.52315320516675,562.565798653266,670.2698779253159,414.6448307192436,0.0,686.2309843589471,551.438742327714,549.137646548364,576.8368763056541,690.1007633404159,431.24382720046356,564.8206485464915,495.00032983989627,675.4352771904715,520.8286898515048,569.4639176977571,702.410112521091,516.289916811545,490.15604880539564,590.3643698458058,642.8032142997353,527.1029973026206,535.4866979047397,517.2168438764613,311.3381768822095,513.7245798178798,516.6504641186265,437.08902967067104,469.8501368285058,606.6864116865136,657.0368084719613,692.9858310605919,579.351277964602,593.4055277473933,608.237776114691,558.8187559428499,367.45024835886346,659.3366426162082,601.6634881389713,538.6689365958974,546.019511149771,622.1969839263184,430.9702010518791,369.0688012529566,313.74133056405435,640.0527139774024,345.79025245004647,672.0507484928274,274.012172076604,602.2337508812886,376.5822019880817
1610555637.02UBW5nKvDyUrKnaWcYRGajZPxTRDS0q3N,808.1819068993193,689.816829445971,754.3063117435257,698.2991612259921,597.3703554044932,796.8162663355306,667.8900771088297,749.9433422204405,752.4434223147822,824.9733786292471,721.9046773781052,737.5302731607355,691.6593228488769,681.715342668969,692.028162499245,804.2155883076309,765.636545074895,713.3773349928441,762.5615065260724,820.7546672018805,699.7420146267559,686.2309843589471,0.0,743.4795869344811,767.8113655139607,757.672476621017,748.4377814187098,692.9939458324834,781.5631773142148,605.6941695417505,761.7522797727764,595.5097933302709,763.3738947005918,778.4189993096636,735.7958510196731,749.5237076110974,764.8953272227869,783.4612238580858,771.3985899020031,751.6859141023184,709.1828285014496,692.8594222769074,771.5345458230381,693.0585718538679,714.619983979092,719.426602452079,779.8596397775875,807.1386972380913,847.1365129577752,736.6761144046113,792.3014138564687,748.6647818177155,754.3197265150936,688.2571274728722,757.2569985875737,610.2657083049635,725.3135563773469,748.3383703322104,790.9712308684229,642.9655424632774,708.146106862877,674.6714531094404,813.5942131849242,682.8358394431361,829.2162639807955,698.2869281915353,790.2352956529845,717.1967477482928
1610555619.13oUYNikU4facCTpUSiSLr0vPI0tJLnXiT,471.46529500404955,571.4156138164187,258.50224868728395,670.635097141347,688.1228746467724,686.2605875742297,496.68503097995006,156.69138735566486,631.2430558810394,725.2607609808538,614.5897196094962,600.5657295322818,563.5889595273756,423.40147734839394,564.042007625748,722.063253629637,666.1134900373044,602.2915809667998,582.0650742401092,740.6268314598444,560.571424499548,551.438742327714,743.4795869344811,0.0,663.3725299216354,634.314715812548,703.7665996804279,590.9427915802896,680.2842138838446,563.3122933418665,748.3732337433614,564.0347201992116,658.8876477758739,781.9830659270771,652.5437087646098,645.2545720575487,711.870205145503,740.6929568743708,663.2081436285954,678.7554849920648,646.1564591119352,556.4097831629365,670.2936214667978,599.4467982543679,610.1624385254836,615.8202366087902,711.3670441191555,709.6708503098843,757.5763319014155,641.3247092597625,709.305714521659,711.4928523905677,655.0098564361831,561.6447103665782,738.2715590062951,674.4658513663051,615.5915024154724,650.225619187565,721.6054559968323,579.0275638268627,592.8026414577392,554.0696737257738,726.9469212489404,561.0006667458514,737.4346578296382,567.6746827557918,677.0312095745788,603.7925923596655
1610555721.03nzkucfjAUh31zTbmCVvTVYqtjoxZFnBh,764.5758609668533,569.0208493846284,680.4739928040863,673.8318042246182,766.9657494166308,695.5266314301473,622.5251745896104,670.9685465955189,754.2783466867182,702.670817848276,629.0000387299075,559.6720773641148,593.1370310297707,589.3455205571175,519.0781911573947,685.1487613636344,680.859350302053,591.020058454819,660.9791826487433,757.9956309365108,572.2540958464023,549.137646548364,767.8113655139607,663.3725299216354,0.0,683.2039802568877,783.4547440082437,588.8960964467616,640.4093979581658,618.6922575688251,765.9673794355099,617.3450939244528,629.5338361841704,737.4600126775703,633.78963417927,615.1960077121337,696.9385115163766,697.3558882391928,425.2578574833805,670.5710347970011,634.9742148254675,565.018118308279,656.306081267915,614.339883512397,569.3301918127667,594.2742441876394,711.071449576044,671.5573463225439,724.1974476138682,681.6581106064558,696.2220075946456,687.1590163016581,666.8312306779516,562.0979288046992,751.8163326724313,657.9442091614404,599.4810324078795,652.8423244616606,720.5063881229621,565.7015036643212,579.3733511804395,557.3074132707419,686.7206684272094,565.5248533460434,704.0809069170793,573.8791468754171,665.9903400454469,585.6648263820434
1610555722.67fhKURdXVzRbLIjXmjRwdJHTnE7PWb1AE,734.3711552327567,608.4133031446538,652.7655359388017,677.0111320055163,717.684673069249,404.72377998520545,555.7400631911506,642.7580476488959,665.2307060822219,705.5181955215686,601.3783600931463,629.7816978058128,586.220866477926,553.3684829306752,587.708435144865,731.6190665860939,658.7027790813482,620.0224714694765,500.59406020968464,740.9197911520424,542.372069876326,576.8368763056541,757.672476621017,634.314715812548,683.2039802568877,0.0,730.6061833797847,541.526743283988,657.4983874555553,573.4936807303819,768.2505023229584,595.897377362537,682.3326214988773,802.9987873347118,656.5474902990086,649.679755856908,722.3868576390587,753.1150975671823,688.378295834167,679.0452628806731,646.6367827852894,582.7135709786365,665.2945160396497,619.1749241009882,630.5146730630721,601.5633972863945,676.3443618923011,738.8703193769337,765.2696963313791,672.3767863771453,713.852030613507,707.225948598147,673.5905280271559,603.9460741065485,750.9046292212569,660.833594696261,626.0932674547118,617.6598643343128,734.9765826897523,557.7142813185734,577.6170888187881,586.489894189691,732.6419996498429,581.666291768945,755.8516538792613,592.6843956138731,678.0770862954172,582.0503771062484
1610555638.39J2ZWBLuLTHP0jOlzB4tNHmYeijH5g5YJ,737.0296845456927,716.2134929516317,714.0027038026966,761.7240986668456,688.0959478065918,776.8544705322154,673.3201992956003,716.7125485594767,730.3502040189162,835.0802414785717,741.5991924815157,712.6241087166538,696.7540392659689,664.695662718052,703.3362883618744,819.5450391877442,776.3987864025211,741.1640308409239,697.7316360557443,801.1561263674134,700.3590136613633,690.1007633404159,748.4377814187098,703.7665996804279,783.4547440082437,730.6061833797847,0.0,679.8024415355425,799.2632337234553,702.4793698663327,813.945772637659,703.8049942040675,771.3216676075849,867.5375067721978,767.4779140393268,773.3602894398545,803.3003545484769,837.0762521965136,787.7363451413061,783.3023439314537,741.9134735650197,715.5693214593991,778.2478711226199,736.0547474875058,743.1132405967221,746.6667514464668,785.6089702106505,761.0811117850108,827.4668255262889,612.4857090541345,814.3144470962144,769.1850087667075,779.1247359716638,712.5636657234531,810.6679658204274,747.4586611207191,756.1206398317336,743.9804644629139,828.5764945654105,698.4296422339488,730.9590880761497,701.4484357073758,747.4772080613247,711.3140778448312,792.9729908570986,716.475851580843,718.9876408916299,734.5471334046692
1610556032.17Q6yCDx9g7alRnL9jBFXD2JhhUyB2hKfJ,702.0521206431437,505.74328721237885,605.3028480358175,527.4515475077709,654.3563407814569,533.1172267021851,514.8344495437699,601.4349126749037,628.5966787591395,694.7941551263605,489.842581719402,486.972989582209,516.3369717021815,496.49146095274807,458.1827689153286,609.7469844229557,586.5770269599163,507.6232111275845,476.83076404393984,677.288658021091,384.71701085735606,431.24382720046356,692.9939458324834,590.9427915802896,588.8960964467616,541.526743283988,679.8024415355425,0.0,564.1341023107416,527.9346776322201,691.6258810835456,550.5183709767205,616.7304722867992,703.4060357732734,499.8974937240712,512.9568160748507,549.0279431449719,658.1222009724775,589.5788956082405,591.192009592643,483.9224934245302,461.44635147827637,543.6074806614658,489.10264479246365,504.13963198353866,477.77108010798986,597.185518074478,666.6853655162465,717.9214906659321,600.2031639755901,567.8723392569035,605.2940973263354,593.3645933324142,489.9204014173195,640.9542915327156,602.4187915689183,517.530764191741,460.6317114522872,616.9122445222462,439.5371147542176,442.7357167320898,467.7155074644127,653.2510466943697,472.7611875397836,696.6969015855411,469.8425230812838,604.772244506401,430.21575083335694
1610557007.49MyVgDnuUuBxrvL6SGOdhKf69VYlW1MSm,770.8529870654353,546.250015843912,693.6134130176449,653.6480971840872,771.4454001305444,573.8229919114685,608.0611470682165,688.540360346051,731.8795750890165,750.6683447174356,603.0921265328475,620.8787242281447,599.3137326758216,601.1470104243003,562.4037762957491,667.5186103929116,658.6475993734105,570.419253003454,581.6218821133538,772.4736718048673,589.6590138680145,564.8206485464915,781.5631773142148,680.2842138838446,640.4093979581658,657.4983874555553,799.2632337234553,564.1341023107416,0.0,574.8461904739171,747.8129408210608,595.0277731657361,681.0975612309333,754.5432754523252,622.2040634246998,585.3623749936481,688.2628131320944,686.7490996378219,622.757096731242,667.9427465664332,592.3101993076122,550.7800974176981,597.2039367964403,589.4020641887971,547.1260683811495,559.5540472542538,707.1388454582597,737.619018080895,774.5622531534821,697.6271553881068,671.3626719669381,663.5538879993188,667.8105148606186,556.3464235772791,746.6412427317094,649.7932443074341,648.0657261367385,639.3343254082109,696.3899544411023,594.3149158665661,561.0761892963482,540.3971089646059,726.7800269575736,563.9655524051319,757.9597227085114,558.3774476721036,693.8586059584993,559.5603128487744
