,1610555604.25mOvVXuL01OCiReyVWBfesjuvXmB3MoPy,1610555605.43B6oDsBtWRQ29Q9UMQuTUEPZy3FSSWXzc,1610555610.92HPGJJSmyPM40z7otPBgHalNrHFA7zk5d,1610555606.68LaSQbm9EHAFycEfFtEqAwYqlBsQPjIRW,1610555617.19EKxMEwDHfXiEJZc27TsGoERaD6Da4BZU,1610555722.52PJ3FD50MGhRXyUD28vluU8Z9UjLJLZn4,1610555617.52Ijr5puT55g9apK8auM7zaxa3NANg502t,1610555638.77ZLjTLkz4jYJdFMI2wWBztzsDILkoOtAk,1610556912.46C7tJPLF0XfNnm8f1820X9aLmXMHoc0Dw,1610555617.51LjzIROg0aeCP2GhDcAVQ0LipKJB9jmKc,1610555608.17OpjjHobqRkX0UPcaXrbu7K6L3805SZri,1610555721.82zWeNZfGUUfRJkgnAwlP8VMhPzXctnSd4,1610555735.75bom85BDF0C7W2eIseHeMxi24qR68nzMi,1610555735.77NnT5xqKnwcf2BbjIekeb2arTQj6QMNwk,1610555638.33wjf1PhdNaoWfbRzXVn50hmFyB5bYAiLV,1610555606.65jCE4ig8Pu8kvAzkxnSGfWsV0nQBjCf8H,1610555608.18ONsBCVo1i7BrX0XG9stct4oiA6ejX9Oz,1610555721.51RNoQUMP19FTMS79BmA3JkgSm2IC2AQuQ,1610555971.86O0cHB2ibBJ8jxoObg01EpGe8VVV5mpwn,1610556911.51zU3duZSGpcw1BDNsBLxdOCITAXwl6z3i,1610555988.71dMoYT8250UHHJGxgmITTmbHe7V6gH1yU,1610556042.81mlUZsSp7gbGjrp8jQSnybT1gPy6e62o1,1610555637.02UBW5nKvDyUrKnaWcYRGajZPxTRDS0q3N,1610555619.13oUYNikU4facCTpUSiSLr0vPI0tJLnXiT,1610555721.03nzkucfjAUh31zTbmCVvTVYqtjoxZFnBh,1610555722.67fhKURdXVzRbLIjXmjRwdJHTnE7PWb1AE,1610555638.39J2ZWBLuLTHP0jOlzB4tNHmYeijH5g5YJ,1610556032.17Q6yCDx9g7alRnL9jBFXD2JhhUyB2hKfJ,1610557007.49MyVgDnuUuBxrvL6SGOdhKf69VYlW1MSm,1610555638.44hjT5hbYdKoE3MB6hijrjqbjmLgvCUYKD,1610555608.13zUvmFSCRt6SsLbhqFznMEvGx54GPGQzM,1610556038.62a5C4ynd1AARyAhTv8a58NCqHvXRjscqH,1610555644.45Xse8u7pusHNsd7F3d0A32HXvXr6weOJE,1610556038.62gKXOCG7XCn55eJvyl5voNjbwOW0znQDq,1610555987.13v0oleKK97pkesp6oMgprH8SoSdoDVdIO,1610556964.96ZLLeiQW0qpmxhPGTg7K03fmzkqsC2bjC,1610555987.13VQlEedQ50VvkPMEMzZDv3KNnQCewykN9,1610555982.186TY6MMGkDecIN1woW6vsfAMXVV7jnyjO,1610555982.673LuMndkwkvdmZOn0MmE2Pkidx0FtNalb,1610555733.38zItcuH7gHNfKdALR2d9Nek6bxCyw36Vm,1610556034.15BQxSbZINGCay0yp6RBVlgcPrw76Yn9ON,1610555639.37BPZpgtGml8qUsh9AdV4m32jPLfI2aNFq,1610556965.57S0adAalhWYe6K3bkZU0bRHbqnDK8gGkR,1610555983.54zteLPCMjyrjzPdhHhlZr3faCgD0TfYr3,1610555987.79rHnNRmt9a0ufmnwCvZqBouyUoZDNpylW,1610556960.041xWER61rmArlsKfiMl4frikWmUCnQ7op,1610556035.13a7NHZDutfTMJ88qle1gTYY59Dr4WmMsj,1610556890.456ZBDaY16bMtrTZTqAgHl3wq1tRxzqDow,1610555760.24e6890pkbyZ97Or6croI1rQgjkSsR0yVt,1610556043.02YpWMIJg3W004iqlPyv8OcVAZdSC5rNYw,1610555987.03z05P26TLtONYM1HSzupoc2CeNMa6HTqr,1610556032.15OYCzUxpsz7b10AXBAuDXrvEcvxFhf0M7,1610556032.63Z80yI9pNwS3jSmsDABbuhf8wkNa2Ze9y,1610555736.28eGuESasTXdR3SqY6pHhEXWZtcdciYLCO,1610556034.61bebeZA0MkaFG2sm3VKiqrxeqQginTTW0,1610556944.5XwXOphKYT3ZkWA8gViqOS97VHVuMVUqb,1610556944.745UVLFBzf7fPh4UH37I6tYQOFPqRDytEh,1610556034.63XsUwaFaPZevO1JNFjfhvY4aKNFnV4noV,1610556964.89xwBHw9faT1HjQRMNQEyA4qJ3hWkwgj3k,1610556966.74DydzH91jtyvRyYau47JpVkZoMRSNTt01,1610555740.77UueVziDbaXyRR4OcVJIIZyzOfAzN51bj,1610556046.84e3vwjyRCzqz0wJQhrk8zsxlFfFSv98Df,1610556137.99eoPuVrDThKAOvmeprLPb2FWRqIhzUodc,1610555740.73XFwSrmTXJPlaxGZSefh0jOVA8PI3III1,1610556123.88AOfNaz9jSnqU5Czc7okOv1RCrYfKFBTo,1610556046.85nB7NvyoYQeLcOV391Lmmut1wAM8CFGLw,1610556123.89H4pdIAzDthI7bMXMhlIhKUYIQIvtmPPQ,1610555740.87GOYQUJKpkynIS2lFqppYK4b32ol7NeGh
1610555604.25mOvVXuL01OCiReyVWBfesjuvXmB3MoPy,0.0,13140.40196320554,3050.772936596084,12979.697939071257,7807.232629369903,11335.857692380532,4504.354895904147,2802.2203270052073,5967.813187476815,17973.003450739503,12942.155325560467,13699.96403889142,15674.541083729533,4943.387443391619,11563.41412581507,16698.79093594856,13425.634615920746,12320.583419082275,8663.213567168377,17678.06868055699,14705.091443346744,11591.507121943741,12822.739383996744,2873.0008141172893,12684.293307419866,11664.558326608792,10600.818787518823,13412.904225950106,14329.059138606317,7094.51998025176,16575.174805747552,6004.749663589063,18732.636115924306,17320.861387867324,15397.44455803713,13951.109542030568,15916.45136552805,17624.64349749857,13731.286657589806,13523.772615888973,14254.022560931426,11152.702684004875,13193.231201614028,13166.159188239493,13538.066741147115,12007.697420720046,14909.93358264702,11579.226588991336,17619.025279355814,11540.73706816741,15482.916477513169,10762.639321011766,13531.065601669408,11831.630905833435,17261.052068378867,9805.686607976057,11673.573114721325,17258.27609148839,14235.656700861766,8625.335484029953,12554.715607820674,10305.120254607353,18210.653310173875,10806.264344330339,17045.419630768683,10466.434460334243,12400.73748776933,12260.550513036642
1610555605.43B6oDsBtWRQ29Q9UMQuTUEPZy3FSSWXzc,13140.40196320554,0.0,12354.89569151458,7112.8508660635935,14037.018471834914,10868.906386032682,10751.455347814053,12062.680794484451,13917.09335090106,14809.233359412789,6235.619700963517,10291.297555698118,9086.4321653107,10257.729442013446,7991.873699502324,10559.38485705722,6167.184374300491,5891.881032740849,11244.738260321878,12848.999254523567,9758.299114189344,7202.283155702061,13876.468755340029,12160.08482497037,10028.70719947514,9808.844088993363,14447.678067513902,9580.931107954202,7783.7465044892615,9067.009183812126,14957.601325631847,9122.768960941123,11674.750860646769,10596.226285633744,11050.033642608354,8845.38322263817,13284.160228793497,9733.19374853517,6200.138118622402,10563.549289589866,9764.234256977239,7568.779483526341,10593.813736097301,7546.83082965294,6598.04505968969,5669.186597626685,12433.768909580902,12772.243453536996,15586.05232086707,10071.22963568879,13406.940180104131,13078.658019753775,8647.730218670082,7221.839092171728,14595.399584463892,10174.522364233162,10120.367076717986,13069.393294251413,13076.405690120435,10132.499162672259,7112.986484555981,7825.617757328273,11594.5105471638,8718.064060596946,13489.186013656355,8135.186684269108,10673.282336319247,7165.011836578498
1610555610.92HPGJJSmyPM40z7otPBgHalNrHFA7zk5d,3050.772936596084,12354.89569151458,0.0,11510.673905871856,8089.226940596339,10527.983725691194,4093.1958425803923,1669.8809414799643,5206.4781347834605,17461.33592439188,11434.549021795894,12073.878568167283,15133.424650228368,3259.307839063953,10070.983897160993,15194.602040966109,11848.208287123674,11065.310623470159,7581.193922398034,16698.56016372704,13063.951276228365,10083.362987184,12753.555089422443,1427.7372406386028,11068.463516349975,10674.689979860925,10698.101653625186,11757.74581511261,12935.277696929188,6901.416983419828,16454.38889441736,5626.1058966316705,18060.886539696665,16165.744537926821,13952.094884798571,12371.269142090228,14828.400791148646,16428.329244279157,12512.39029696114,12247.453278287863,12872.013440524534,9527.776005024318,11938.154106221828,11554.01686267575,12103.204094410374,10564.473561321593,13954.76318803824,10160.767854655913,17015.468285513205,10386.159878798237,14131.029372290639,9722.051084437391,12431.582511058894,10709.240855591752,16566.684390221268,8804.312402598389,10167.66617319487,15843.778256965155,13112.723795726768,7293.89201735915,10989.91390866248,9098.667197688337,17081.882984048934,9417.172074684006,16070.86977443269,9082.558630933781,10935.876235207823,10603.784086169677
1610555606.68LaSQbm9EHAFycEfFtEqAwYqlBsQPjIRW,12979.697939071257,7112.8508660635935,11510.673905871856,0.0,13127.013665515204,11490.140789821087,10945.397133853734,11392.628581857387,12338.106727148624,16085.63152220967,3724.5960623394785,6094.5824357673455,12320.698298120667,9647.365154284837,5480.843695836773,7830.011095417939,4672.254478090551,5993.662071337659,10454.39271654244,11139.491712202604,6657.201459709048,5216.103665361526,13291.021847233342,11449.91873781412,8524.071743742352,10805.852808197165,12757.738573805946,5951.451524707426,7084.352034339569,10706.074360576265,14170.440099355159,9880.876631700834,13632.54157059523,10601.228471240702,8118.521608208542,5984.714268436626,10607.751342419508,10000.916174334025,7353.0193065769745,9584.215043951524,6536.783375611153,5037.10952962868,8154.705468078128,5955.887180672509,5827.608337007267,6307.346636360484,11926.966154818734,11107.885688960541,16323.975285708426,8647.832829788835,10284.541825089604,11363.049568194027,10099.614773856083,5907.014882053671,12052.60315978123,10239.530700564817,8488.496146220457,9892.753594158376,10860.548094886695,9261.204892292382,5742.064758631363,6350.960707047071,10376.301947718013,6290.413718461277,12120.097939332281,6323.213846160573,8277.511038874894,5348.029926930811
1610555617.19EKxMEwDHfXiEJZc27TsGoERaD6Da4BZU,7807.232629369903,14037.018471834914,8089.226940596339,13127.013665515204,0.0,12975.712334925465,7399.903828489702,7916.972762819821,6636.435420288203,18115.01904134379,12978.562925836799,13172.045333549942,16465.753043769124,8351.47639574043,11527.023497910612,15828.375658297156,13822.57208408292,11689.58606336999,12042.062295793734,15427.62962703282,13807.161661484346,11562.627152270392,7016.208013374416,8021.1555453926385,13571.850943666108,12996.37881832639,5857.148780784681,13048.839100191793,14866.573427577694,9493.968130763857,12613.87820100725,8399.70397026846,17898.75264372957,16534.554861127483,13664.614595460576,13107.683809241695,13733.918762265375,16247.996864674193,15269.561205828022,15211.851724045504,12401.460486438786,11378.9783726405,12604.828604823388,13429.094760669943,12879.10891832703,12355.512430288494,12278.108059141652,13442.537971797236,17588.936758786385,10637.331499883378,15563.269446367765,12396.87553184316,14472.8245221362,12030.322357888559,14149.331985925832,7853.3632134319905,11896.303469351038,16239.638480519781,14923.145373187119,8182.37925751172,13143.667239726967,10766.82745640537,16564.799400053267,10563.776358357063,16296.812593391016,10713.507559970998,14444.281443262293,12777.24017962829
1610555722.52PJ3FD50MGhRXyUD28vluU8Z9UjLJLZn4,11335.857692380532,10868.906386032682,10527.983725691194,11490.140789821087,12975.712334925465,0.0,9171.732950290845,10379.65276408807,9969.86015762186,19608.441379680004,9827.300428604227,11100.45011483819,13585.413677808134,9026.542703220013,9474.92737809539,13333.477326042432,10301.95002536793,8874.933443894668,6734.108204839769,15813.689412661142,11024.012642164898,9166.816098556468,15502.529329734494,10397.562033312832,11945.3460332306,3245.889945693079,14578.453692741534,10420.807753779358,12762.87034641019,10257.774196532382,17708.06691360787,9244.708742293747,17430.07844751247,14379.003838333867,14067.970662060736,10726.11566240746,15626.123796507763,14870.473759800097,11138.385891440943,12613.113880331155,13049.3348243425,9439.976046895146,10948.63801035947,9938.666898030955,11310.505787603657,9009.033064624988,10510.292384235505,13951.212090664729,20215.623030750958,10180.415950168255,12282.834314000775,12019.923227570007,9770.758829908395,10506.87196695401,17911.673181908543,9608.637762455128,12070.264118022282,14151.240656278525,10794.907996037071,9496.442358532719,9384.968521116432,9139.089483512349,16648.02938660572,10067.667694349131,18214.220765809692,8613.837014400133,11830.09319821418,9534.46189840823
1610555617.52Ijr5puT55g9apK8auM7zaxa3NANg502t,4504.354895904147,10751.455347814053,4093.1958425803923,10945.397133853734,7399.903828489702,9171.732950290845,0.0,3576.929867616976,6272.647922371747,17147.55164744566,10524.733000101272,11940.186885873694,13663.683868444352,3032.431768954397,9557.27701150474,14893.94804657095,10918.810065013087,9433.886567600912,7514.893372876881,16392.31749591797,12564.45887796886,9181.01184961302,11551.736082190819,3605.69393702174,10916.185378593995,9015.597516843227,10147.529459385501,11596.187731666123,12349.907795470774,4359.149598897153,15232.646407460054,3212.009955742089,16872.80775376793,15316.749608497545,13662.272418622173,11956.13802073093,14778.566169837755,15354.126938868876,11613.49228140598,11784.98919927855,12502.729143844263,9088.81931372239,11540.987131352194,10874.831377513809,11280.73944451897,9440.855032516041,12854.087814255154,10734.681518345722,17105.71532286748,10011.242219376118,14615.177198023886,10149.083174257117,11065.160152764038,10174.15120461,16176.750372205413,7118.853268975462,10034.415365562954,16046.399010079558,13092.442197996688,6346.144781783231,10243.542819604918,8853.949776511286,16493.602771743717,9098.983460836333,16178.051259357006,8658.060814150385,11368.197716550472,9941.53158018648
1610555638.77ZLjTLkz4jYJdFMI2wWBztzsDILkoOtAk,2802.2203270052073,12062.680794484451,1669.8809414799643,11392.628581857387,7916.972762819821,10379.65276408807,3576.929867616976,0.0,5469.40505505787,17619.404535405363,11341.168952211337,12253.536335260307,14904.090839367396,2842.1209377879877,10120.315218904396,15314.308852700717,11744.388166451063,10878.939427509205,7462.930226319095,16749.398808476883,13119.332990454,10007.976858017484,12454.236077927186,795.6792832358653,11186.286995906179,10444.725643045123,10350.051961561667,11867.436027648248,12907.144814916895,6413.179257498428,16052.377734950342,5048.845629392119,17956.86194029409,16208.091005944007,14003.10087199796,12439.045812862825,14829.71301356501,16370.503122058783,12395.423077760854,12020.410297363867,12855.091344115868,9553.330349001088,11840.70645721932,11610.864830395201,12062.408125840047,10508.957713808228,13965.50297812697,10401.945947588452,17314.69909261242,10418.344592032856,14506.196696757566,9777.638572843389,12282.136642632267,10591.010138504713,16367.090864506106,8562.275138493307,10316.859363306674,16083.28427582799,13347.560573316709,7265.1427547092735,10903.753409754752,9071.527196414576,17122.606413068923,9398.560848241505,16294.533113670679,9072.780511187198,10991.456846682073,10591.137628181677
1610556912.46C7tJPLF0XfNnm8f1820X9aLmXMHoc0Dw,5967.813187476815,13917.09335090106,5206.4781347834605,12338.106727148624,6636.435420288203,9969.86015762186,6272.647922371747,5469.40505505787,0.0,19220.710243359463,11991.143550369281,11595.920492098843,16560.818570295763,5921.251934094863,10027.70883549145,15038.169208347801,12815.13898403011,11303.036904906596,7747.317718879436,16004.353720314473,12623.136319406656,10493.321925470791,11764.090496500958,5471.221235759733,12380.043068274443,10614.474692719265,9522.498686136969,11335.045160271742,14012.3651861254,9372.75186252227,15856.358735660046,7807.907620117929,19179.470675772027,16440.479282968772,13651.851772688551,12041.241977871568,13984.358014468702,16804.787185318823,14116.750136891826,13789.43296026284,12441.71905173617,9846.213636174576,11071.54688624635,11854.836638634068,12496.497990635737,11269.414588599895,11884.659856760822,12194.513187829505,18497.259086343955,10071.079431374543,13324.527126753928,9778.355307866263,13546.77310310488,11135.389560789541,15901.120044304898,8295.716671098193,11238.253786482208,15030.708166887465,12782.476338056556,7471.350085177363,11476.003839536039,9309.215607995793,17316.51559370955,9509.189128203352,16940.804418379772,9013.549559803381,12453.60492128462,11120.57560969887
1610555617.51LjzIROg0aeCP2GhDcAVQ0LipKJB9jmKc,17973.003450739503,14809.233359412789,17461.33592439188,16085.63152220967,18115.01904134379,19608.441379680004,17147.55164744566,17619.404535405363,19220.710243359463,0.0,15682.176659455181,16631.466742413853,11880.578484269681,16664.067750693543,16024.349969168541,16105.048796280425,15596.575674473865,16060.30980686167,19866.30086423467,16695.722677339923,16581.31818854512,15501.61880373687,17615.4072700777,17546.24241586883,13043.594294689274,19335.67557133342,19478.661741095057,16732.724375101927,15888.928510241734,15472.859016252483,19439.408410537733,16035.109094102861,9388.165048488774,13539.159753836537,16663.206794323876,17090.386708714424,18563.955359554973,13666.169637064224,13508.314881486236,16929.260615355954,17735.899198044062,15595.32760227499,19032.4910263658,16507.260450663318,15656.451622914286,14434.35135482813,19126.661195595967,13987.128228746598,6568.355001816923,17883.784938361263,17187.696656422173,19487.1663773044,14359.608894749568,14322.054322719805,19016.98751889598,17225.469069978983,14691.668551182789,17161.543273152456,16906.568358156568,15588.489755224991,16738.80731256824,14716.701488879613,13497.26169704434,15358.17531900157,9709.567779671268,15622.390857727582,16652.550083113518,16665.023565392486
1610555608.17OpjjHobqRkX0UPcaXrbu7K6L3805SZri,12942.155325560467,6235.619700963517,11434.549021795894,3724.5960623394785,12978.562925836799,9827.300428604227,10524.733000101272,11341.168952211337,11991.143550369281,15682.176659455181,0.0,5898.843400494584,11045.47547751966,9362.256934984947,4726.385746450848,7211.649749394971,2699.7422716908472,4834.335094318651,9758.259001365212,10740.751387573278,5831.309490601872,4074.616473498751,13169.701952257872,11396.30789415799,8097.38369514611,9252.037090837157,13023.598943334064,5431.013672526525,6931.666724952744,10223.213998893298,14100.350135615921,9472.735569439645,12647.65862853978,9514.912658218242,7885.65748613165,5368.910775850355,10365.646593345276,8951.366512580627,6821.688396988814,9066.41459016472,6881.753225341768,4385.335389905735,7543.637016266203,5314.504846794517,5167.87667725278,4595.4001788521655,10752.207637542127,11272.2259279042,16045.150710872329,8043.135461527302,9869.86782886492,11041.285951972672,9082.163001380432,5272.847784874292,12220.031312229627,9490.7454030123,8523.12983598713,9363.433747557223,10249.799018919559,8727.957065366136,4479.266186141815,5624.5900586440275,9944.552499933336,5677.411435276055,12332.722963784696,5328.087416197304,8126.475798560561,4303.857628326122
1610555721.82zWeNZfGUUfRJkgnAwlP8VMhPzXctnSd4,13699.96403889142,10291.297555698118,12073.878568167283,6094.5824357673455,13172.045333549942,11100.45011483819,11940.186885873694,12253.536335260307,11595.920492098843,16631.466742413853,5898.843400494584,0.0,13441.1840907464,10738.870000131108,5517.828388769367,6309.97736096327,7007.9281596307965,7102.117692895071,10787.852221942503,9103.359452656756,3290.515367475081,5255.222911135099,13723.348088598797,12259.31148544842,8982.363286037305,11124.168503940735,13368.528894867062,2947.5759912968983,8413.498272394989,12538.034887760801,14922.316599671494,11592.806317671062,14421.822220224962,9823.717382955629,6800.7681563078395,4681.311704194796,9218.36586407501,10176.097550311508,9706.12663783995,11327.009319159028,6875.995202110132,4542.065409397024,7052.141816762302,5632.588458815272,6817.223575234257,7143.825701502606,9753.51940342577,11433.841104125535,16449.83470383769,9165.17874836284,7137.793731453627,10879.515288679859,11242.795744215491,6100.977108376618,11854.667640048672,10413.103618725116,9085.60474413089,6431.944267641473,9121.264074182798,9257.77146037748,6171.714852353615,6200.047235713654,10403.5998349825,5595.074027932702,12517.063322194857,5346.002556441598,8959.533755290917,5898.998592157031
1610555735.75bom85BDF0C7W2eIseHeMxi24qR68nzMi,15674.541083729533,9086.4321653107,15133.424650228368,12320.698298120667,16465.753043769124,13585.413677808134,13663.683868444352,14904.090839367396,16560.818570295763,11880.578484269681,11045.47547751966,13441.1840907464,0.0,13268.351474890922,12493.455234814346,13648.911197391852,10419.292517730075,10942.415382764191,14672.416403192974,14519.999899892122,12846.597390819335,11251.908654502357,16069.712484345197,15016.830965262645,12707.162306875603,13018.623823382626,16747.34583634319,13208.269137624417,10750.081641318384,11711.164126840597,15952.004439293649,12285.861531326482,7527.84561063435,12727.071648716015,14252.824666385017,13745.515788537969,15418.059304152195,12132.606607546406,9811.194631862298,10826.430782093494,13783.6499215843,11535.530823686768,13604.541498635237,12467.63144688226,11753.290394361664,10263.183771459155,14888.122282896613,14263.118418669594,14827.16292154367,14006.470218949144,15970.442788153769,14939.741201272542,11017.131401955547,10974.230322231257,16416.707100828196,13567.095180850134,14076.097051149369,14998.356416277824,15318.039725968196,13337.483893442017,11275.184078024795,10827.950489762654,13389.544904611677,11516.5948561255,14603.325421384907,11622.008109819562,14050.326108234449,11839.802139971061
1610555735.77NnT5xqKnwcf2BbjIekeb2arTQj6QMNwk,4943.387443391619,10257.729442013446,3259.307839063953,9647.365154284837,8351.47639574043,9026.542703220013,3032.431768954397,2842.1209377879877,5921.251934094863,16664.067750693543,9362.256934984947,10738.870000131108,13268.351474890922,0.0,8409.443331080405,13792.47853855773,9690.212784113171,8820.887968218716,6478.938046481394,15705.390921413833,11435.174583063472,8088.517977643186,12130.882674417619,2901.217962033616,9574.393781139104,8897.642199754308,10498.890871179336,10298.068604214699,11141.3727956987,5293.451292852306,15453.109408420603,3763.2545225471504,16454.622551476263,14681.416012885942,12663.032245753337,10859.237712153727,13853.566455850261,14718.505546569566,10476.446672930144,10420.38582073314,11398.772367519923,7780.239736772025,10465.96648323909,9758.118097970973,10243.488806724448,8404.82908906604,12702.483709391821,9499.826288250802,16526.080670706804,9303.18140628311,13486.38042532533,8962.695708332962,10546.502795837514,9105.539567199425,15607.61996530952,7233.392342944345,9005.78019425548,14892.615487822726,12338.251917544374,5856.415109695197,8958.247020124656,7675.193974540358,15722.931004549584,7876.734312084699,15278.783446472025,7511.792199665719,9910.434541106884,8628.001776901207
1610555638.33wjf1PhdNaoWfbRzXVn50hmFyB5bYAiLV,11563.41412581507,7991.873699502324,10070.983897160993,5480.843695836773,11527.023497910612,9474.92737809539,9557.27701150474,10120.315218904396,10027.70883549145,16024.349969168541,4726.385746450848,5517.828388769367,12493.455234814346,8409.443331080405,0.0,7841.947240493268,6148.005143308653,5637.810218846246,9122.6155280299,10727.652463212231,5970.130371213506,4528.3866510269745,12525.471591143569,10142.016422259545,7813.061878650502,9282.206874772965,12137.7799341096,5200.752831954659,7771.504854691663,9895.43779763288,14320.55667479602,8859.9462241508,14089.483992534344,9853.438706445399,7727.107264977242,5015.313427462091,9842.76086031269,9951.406436540643,8294.57983310738,10498.461887982296,6726.119617041395,4525.5617602445245,6432.295169486794,5534.78837433802,4983.424622200616,5082.524112793803,9401.11747155974,10026.879911449789,15807.417323182528,7712.432192539148,8526.746835400856,10095.88525592112,9963.216803467025,5029.453321418046,12424.866357368343,8498.005047446057,7041.874269878701,9010.511820181444,9416.526451755024,7001.542515110089,5355.634389176704,4924.273845809107,10933.386843361415,5171.524458267875,12323.433633443809,4150.573581572689,8222.515411160222,4727.445224887633
1610555606.65jCE4ig8Pu8kvAzkxnSGfWsV0nQBjCf8H,16698.79093594856,10559.38485705722,15194.602040966109,7830.011095417939,15828.375658297156,13333.477326042432,14893.94804657095,15314.308852700717,15038.169208347801,16105.048796280425,7211.649749394971,6309.97736096327,13648.911197391852,13792.47853855773,7841.947240493268,0.0,8180.7125823084925,9076.075278279273,13439.96325086061,8340.665974899857,5794.936034545423,8054.4032564347945,15119.321486302728,15334.58989800343,10678.860100942553,12868.238217808846,15573.76019297548,6604.045766251041,10060.568281205648,14791.237673864647,15179.475846089696,14214.846999242234,12652.132318790551,6840.107279114272,6297.002395664535,6145.169336047369,9133.225623074355,6657.691943380685,10378.357616232352,12406.958066275272,8320.444026740426,7808.146361896181,9259.428726502363,7881.282705977676,8089.133070818339,8817.531113766147,11072.726212615193,13733.805170411355,15748.702153440257,9791.850201459029,8682.349266610629,13883.059667076033,12037.069510877007,8092.640686487587,11834.099592552362,13102.057033258208,11693.90051333347,5619.20599954261,10731.675280093172,12561.83218844624,8231.79771366895,8455.070474921535,6499.224902957017,8712.75520968401,11243.106954691277,8582.002427858117,9751.265415096785,8123.22838772152
1610555608.18ONsBCVo1i7BrX0XG9stct4oiA6ejX9Oz,13425.634615920746,6167.184374300491,11848.208287123674,4672.254478090551,13822.57208408292,10301.95002536793,10918.810065013087,11744.388166451063,12815.13898403011,15596.575674473865,2699.7422716908472,7007.9281596307965,10419.292517730075,9690.212784113171,6148.005143308653,8180.7125823084925,0.0,5590.951150736177,10221.653439108231,11510.673834118814,6612.239505072747,4779.667689582095,13899.755437651833,11788.807453498257,8390.256035925659,9511.329255854502,13773.818624392263,6542.596935594405,6000.184462554289,10282.2769878966,14379.536362471823,9699.146031859302,12360.239776100065,10284.795840414048,8553.1903188997,6426.799344234449,11120.166209662595,9530.487234052256,6875.494078337716,8421.795626212212,7388.392361132315,4989.744594584151,8213.261453168312,5667.854845046677,5602.387603311814,5270.712450754857,11589.001192505624,11539.241689647806,16242.77422942951,8779.526836136025,11034.312836560264,11373.485046691923,9531.903134093134,6112.40935455911,12822.216115268682,9959.473989230522,9186.987018163592,10295.59607109987,11390.204284202464,9486.032376466532,4749.155479449796,6497.030195452523,10533.050774671383,6280.859479778569,12914.876164917165,6199.494301789758,8587.688636042707,4857.6939093593255
1610555721.51RNoQUMP19FTMS79BmA3JkgSm2IC2AQuQ,12320.583419082275,5891.881032740849,11065.310623470159,5993.662071337659,11689.58606336999,8874.933443894668,9433.886567600912,10878.939427509205,11303.036904906596,16060.30980686167,4834.335094318651,7102.117692895071,10942.415382764191,8820.887968218716,5637.810218846246,9076.075278279273,5590.951150736177,0.0,9677.113861497595,11466.76081232769,6656.5088001047925,4872.596520695163,11988.364130543603,10952.649725112306,8944.52937551978,8007.540226227315,12254.346541131446,6597.834137442177,8015.880467704699,9329.954133343439,13675.419103657874,8594.713970918821,12978.663609567326,10093.303175694911,8938.642642884974,6271.439432996662,11345.317515353223,9504.032167830897,7633.97717712218,10314.80054938257,7584.877655435828,5209.42292130837,7896.594813738174,5480.698431201831,5244.079272279773,3856.0029885092968,8882.400454947461,11834.392748007813,16416.90399743666,8309.524203457078,11001.363985411583,11477.042889845092,8465.379205104222,6498.54459278834,13130.21371527642,7536.767421741998,8523.525193651729,11125.992054789538,10847.545750487272,7504.165758458617,5565.506721336795,6359.962111412058,11439.482749019775,6467.181152332387,13716.196238826524,5612.870973246361,10029.688912774762,5391.79127215487
1610555971.86O0cHB2ibBJ8jxoObg01EpGe8VVV5mpwn,8663.213567168377,11244.738260321878,7581.193922398034,10454.39271654244,12042.062295793734,6734.108204839769,7514.893372876881,7462.930226319095,7747.317718879436,19866.30086423467,9758.259001365212,10787.852221942503,14672.416403192974,6478.938046481394,9122.6155280299,13439.96325086061,10221.653439108231,9677.113861497595,0.0,16513.238596127834,11585.015531611196,8904.265519384604,15441.611856847798,7508.859036065976,11493.298831826305,7394.490272031186,13214.917137343062,10314.422673928242,12221.985580249295,9026.185641724665,17217.554453882924,7810.3169073292975,18235.428805603467,15176.54594837721,13323.041032755264,11050.099918607475,14195.698106272426,15541.380398087102,11124.684454122258,10231.827090998178,12163.618325638157,8484.780106658507,9777.669814189294,10145.256112030142,11463.29959362196,9426.957873528876,12592.597637926887,12343.327679287062,19500.308097596557,9146.923695969479,13000.995541944654,8315.403970840513,11557.084823228688,10215.897790020694,16822.06634279421,9848.088763995402,11998.867791730336,14481.325772950955,12082.262688654708,9235.898800666235,8622.802607832944,8469.528112832377,16675.47492382677,9136.278704372737,17718.714443617857,8306.719516740706,9471.182639369194,8601.805013318499
1610556911.51zU3duZSGpcw1BDNsBLxdOCITAXwl6z3i,17678.06868055699,12848.999254523567,16698.56016372704,11139.491712202604,15427.62962703282,15813.689412661142,16392.31749591797,16749.398808476883,16004.353720314473,16695.722677339923,10740.751387573278,9103.359452656756,14519.999899892122,15705.390921413833,10727.652463212231,8340.665974899857,11510.673834118814,11466.76081232769,16513.238596127834,0.0,8604.313627127676,10439.849006326402,13333.011082500536,16877.46046691384,13228.090956613443,15420.612533031835,14689.83388525278,9292.932149796387,12238.294463225067,16556.558907351187,12967.931678960318,16006.794297954548,13319.762803402326,10497.079139535945,7632.407546798632,9036.546940714163,8153.849107512138,10561.579770836426,14049.878840465119,15732.66781954153,9344.675677952386,10279.796790340088,10907.964399709523,10826.299210715779,9531.365457987882,11706.53400501684,11314.975724909087,16126.837346056933,16883.685385796256,13316.933781620895,11555.07104887613,16257.977405386082,15131.940476111904,9642.814368425625,8808.522167056117,14079.120757387118,13141.160413502479,7081.9836717882845,14305.86207738239,13923.652944176822,11181.073630959481,10506.854018025859,9307.43959471601,10070.25795920579,13071.07820632694,10597.006265836595,13974.318158242811,11326.787135709192
1610555988.71dMoYT8250UHHJGxgmITTmbHe7V6gH1yU,14705.091443346744,9758.299114189344,13063.951276228365,6657.201459709048,13807.161661484346,11024.012642164898,12564.45887796886,13119.332990454,12623.136319406656,16581.31818854512,5831.309490601872,3290.515367475081,12846.597390819335,11435.174583063472,5970.130371213506,5794.936034545423,6612.239505072747,6656.5088001047925,11585.015531611196,8604.313627127676,0.0,5319.784875760676,13688.899892832074,13158.215347628473,9622.374056581584,10623.524486747878,14019.138950927032,3620.1730087501755,8101.568874585738,12947.344095846634,14829.832512441182,12123.319395813316,13656.14944139614,8934.295518943203,6659.282589123961,3887.21670661631,9562.283199761869,8961.357996068324,9717.644629312277,11799.94867808726,6729.087831868211,4988.751510031154,7376.00291927444,5025.902928730563,6116.197874682362,6789.840077754552,8812.5913761136,12609.407344160616,16668.756188274998,9397.126327970056,8076.9894736358365,12014.115749076098,10765.447074372512,6462.835537490944,12074.014616293372,10214.152758631919,9661.707730929998,6583.316033239842,9863.559399513399,9749.23500325703,6203.5466100288695,6761.500248877481,9921.605469960776,6340.086559935133,12858.45762173982,5976.189246930932,9999.991117785765,6109.182889212336
1610556042.81mlUZsSp7gbGjrp8jQSnybT1gPy6e62o1,11591.507121943741,7202.283155702061,10083.362987184,5216.103665361526,11562.627152270392,9166.816098556468,9181.01184961302,10007.976858017484,10493.321925470791,15501.61880373687,4074.616473498751,5255.222911135099,11251.908654502357,8088.517977643186,4528.3866510269745,8054.4032564347945,4779.667689582095,4872.596520695163,8904.265519384604,10439.849006326402,5319.784875760676,0.0,12050.44451380993,10075.425831962299,7174.220345411047,8681.972071138352,12025.103014799206,4922.519788641049,7276.050125394954,9043.278879066016,13703.224763049855,8257.731316821897,13131.2491306874,9861.288184028905,7496.201636250397,5456.81893743274,9880.29132054066,9688.609747761277,7451.874024150161,9445.821407262762,6864.703220790806,3071.3099407636464,7141.846527205395,4811.104582747591,5013.63280518107,4484.120034557941,9556.666076037502,9999.921490989878,15527.975525468379,7931.531018595067,9769.852000615325,9906.07285851753,9238.483073697413,4650.9520697799135,11998.215842111978,7819.4605973771995,7534.308561873191,9422.632644164003,10378.113739835127,6805.865223793872,4173.452297071958,5017.514781897652,10641.051683147254,4419.635413105794,12480.780495458099,4230.469995111918,8352.695006974418,4004.458090177334
1610555637.02UBW5nKvDyUrKnaWcYRGajZPxTRDS0q3N,12822.739383996744,13876.468755340029,12753.555089422443,13291.021847233342,7016.208013374416,15502.529329734494,11551.736082190819,12454.236077927186,11764.090496500958,17615.4072700777,13169.701952257872,13723.348088598797,16069.712484345197,12130.882674417619,12525.471591143569,15119.321486302728,13899.755437651833,11988.364130543603,15441.611856847798,13333.011082500536,13688.899892832074,12050.44451380993,0.0,12615.183583779646,14410.221662369684,14998.336096091645,6450.509340830951,13662.688159766201,14871.06817637216,12038.15286382323,8970.016304355064,11506.178460053798,15827.02901919842,15467.309815760278,12190.87975795138,13084.398559403138,12171.559950096105,14413.433554163947,15879.476828417095,16169.97117835282,11277.818679415857,12261.53743847145,13064.868235311837,13894.378706594913,12333.69814985269,12894.423513318527,11777.684210315985,15830.56199123435,17280.02118495826,11747.802134262329,16961.379331036987,14791.669606433956,15606.223629247845,12340.334836929962,11149.849971101132,8551.82261532322,13235.115582644488,15792.165764621333,17136.81030942571,10413.049514737684,13637.52938907816,11924.729165831273,14549.469910962081,11280.572885142928,15572.091583475487,12169.651029941851,16186.174841254064,13498.522036232596
1610555619.13oUYNikU4facCTpUSiSLr0vPI0tJLnXiT,2873.0008141172893,12160.08482497037,1427.7372406386028,11449.91873781412,8021.1555453926385,10397.562033312832,3605.69393702174,795.6792832358653,5471.221235759733,17546.24241586883,11396.30789415799,12259.31148544842,15016.830965262645,2901.217962033616,10142.016422259545,15334.58989800343,11788.807453498257,10952.649725112306,7508.859036065976,16877.46046691384,13158.215347628473,10075.425831962299,12615.183583779646,0.0,11081.128987033084,10490.715307620416,10559.215554596043,11886.988206583143,12949.947308354966,6432.9940148295245,16293.764316567682,5078.499728920594,18023.112054059457,16207.583869057376,14063.13021730188,12469.098802607134,15009.861305228946,16402.905348382825,12367.201196764392,12136.054693494596,12967.239144635156,9595.339610810433,12001.871880164314,11600.50440093744,12129.370420271774,10525.047395841864,14052.035031807574,10227.791083011803,17213.243309494606,10456.559201617707,14423.897637999804,9845.383481872825,12226.664805630808,10666.035935573389,16589.75855029956,8598.403247579263,10195.450902823546,16103.450392340299,13228.245455195329,7187.107751262756,10980.506980553904,9139.664327271812,17153.59034236519,9460.849584543606,16222.53790542028,9125.667151201209,10981.353634984907,10630.682873863912
1610555721.03nzkucfjAUh31zTbmCVvTVYqtjoxZFnBh,12684.293307419866,10028.70719947514,11068.463516349975,8524.071743742352,13571.850943666108,11945.3460332306,10916.185378593995,11186.286995906179,12380.043068274443,13043.594294689274,8097.38369514611,8982.363286037305,12707.162306875603,9574.393781139104,7813.061878650502,10678.860100942553,8390.256035925659,8944.52937551978,11493.298831826305,13228.090956613443,9622.374056581584,7174.220345411047,14410.221662369684,11081.128987033084,0.0,11729.165650178944,14691.971620330834,8576.61520347355,10747.384133469006,10392.37464822664,16581.49208012286,9747.242423641163,13605.485284981509,10894.015019822717,10405.564372859564,9494.804655530885,13170.724771310035,11330.781544153971,7328.337672713483,11199.301661332614,11265.105972815403,7800.014097789878,11457.386961303808,8792.904201446398,8749.96111978204,7145.424763431655,13329.559998040304,7161.4161574442605,12934.869376097467,11374.014792966396,10693.757115957673,12873.906640873398,9233.719412397018,7350.816807558179,14924.295163686043,10653.186338510975,6219.474501798855,11951.53066523291,10718.35874627096,7944.626603056819,8584.121930491208,7952.052971413959,11804.364449329832,8209.172806518287,10550.6106781831,7886.665974207709,8994.40277344159,8235.75545110199
1610555722.67fhKURdXVzRbLIjXmjRwdJHTnE7PWb1AE,11664.558326608792,9808.844088993363,10674.689979860925,10805.852808197165,12996.37881832639,3245.889945693079,9015.597516843227,10444.725643045123,10614.474692719265,19335.67557133342,9252.037090837157,11124.168503940735,13018.623823382626,8897.642199754308,9282.206874772965,12868.238217808846,9511.329255854502,8007.540226227315,7394.490272031186,15420.612533031835,10623.524486747878,8681.972071138352,14998.336096091645,10490.715307620416,11729.165650178944,0.0,14475.875770249877,10381.551273849494,12162.658592637616,9878.630768189374,17082.00207071646,8959.911383851093,16633.987546440985,13553.972964979914,13498.84699938754,10235.717667658437,15361.613194965415,13838.383885231291,10603.536894897912,12290.308652607995,12452.517641557466,9140.059586012621,10904.058614714146,9095.88152271263,10510.414617886161,8517.882192880685,10032.870983872303,14012.113373110271,20007.411802813593,10073.362031751927,12827.473314807443,12841.1960949885,8887.11830998224,10409.547399706567,17507.310461706067,9126.57232542638,11713.989100299195,14361.671554238319,11330.458626247673,9482.388813585363,9144.315606671762,9328.929979115315,15926.934702814606,10201.44677396363,17770.681055147812,8726.698469296743,11933.506908051288,9236.74253276301
1610555638.39J2ZWBLuLTHP0jOlzB4tNHmYeijH5g5YJ,10600.818787518823,14447.678067513902,10698.101653625186,12757.738573805946,5857.148780784681,14578.453692741534,10147.529459385501,10350.051961561667,9522.498686136969,19478.661741095057,13023.598943334064,13368.528894867062,16747.34583634319,10498.890871179336,12137.7799341096,15573.76019297548,13773.818624392263,12254.346541131446,13214.917137343062,14689.83388525278,14019.138950927032,12025.103014799206,6450.509340830951,10559.215554596043,14691.971620330834,14475.875770249877,0.0,13380.516684164799,14621.493803701953,11545.221203248564,9640.71805496829,10470.327647723634,17745.65523036769,17274.377558510012,12865.989407720515,13455.612725315732,12221.246682058969,16413.117308050292,15967.173838515833,14376.92178995209,11327.73376679304,11844.722422517965,12060.981440537511,14351.118807706018,13093.97047490315,13288.518616303601,13175.28676869061,14711.064293904155,19378.5778995998,10432.648883046759,16290.032924220985,12309.2129555738,16266.67096422741,12282.807913092522,11610.477551612557,9447.424028586891,13510.844991673237,15792.611623209019,16210.100736522536,10339.790876306468,13061.822439787666,11127.29809917711,16210.329581617147,10568.616236476244,17070.10937427733,11582.395097767074,14381.179243249813,12887.37620079338
1610556032.17Q6yCDx9g7alRnL9jBFXD2JhhUyB2hKfJ,13412.904225950106,9580.931107954202,11757.74581511261,5951.451524707426,13048.839100191793,10420.807753779358,11596.187731666123,11867.436027648248,11335.045160271742,16732.724375101927,5431.013672526525,2947.5759912968983,13208.269137624417,10298.068604214699,5200.752831954659,6604.045766251041,6542.596935594405,6597.834137442177,10314.422673928242,9292.932149796387,3620.1730087501755,4922.519788641049,13662.688159766201,11886.988206583143,8576.61520347355,10381.551273849494,13380.516684164799,0.0,8335.159455108987,12161.15247228567,15222.118792282854,11157.49256512353,14538.527541416246,10055.418490484606,7340.161059790462,4247.159685379934,9593.853934528352,10322.98802316938,9118.927294070645,11362.956624610848,6984.957017064017,4290.383472228037,7029.233931693568,5106.826387317886,6122.68429314304,6434.299145571054,9590.887158365835,11341.381906505552,16532.721328207102,8853.490305624182,7306.8702692568,10842.613853669904,10491.070781434557,5816.877852141716,12235.371561834048,10076.254697904951,8671.643636312,6806.163089634952,9186.03714336119,8922.306511250901,5336.989865998321,5892.351325935758,10733.892923407722,5332.020045899445,12710.08481184397,4827.767225851831,8831.492387545031,5090.82383787723
