,square,rectangle,parallelogram,losange,isoTrapezoid,kite,rightKite,rustedHinge,hinge,trapezoid,random
square,924.4830472179295,1024.8739224714598,1055.866641185056,1094.3657007411257,991.2559591006537,970.0100654161851,961.2594578744553,1025.8476407382254,1021.857016572752,995.8323256138489,1036.9840734524935
rectangle,1024.8739224714598,928.7585036711826,995.498218506726,1032.9636032318576,1071.8430268375664,1032.5141369882906,1029.6109062024354,991.3292225619928,971.5592149932701,1035.5409250243329,1063.54690400842
parallelogram,1055.866641185056,995.498218506726,944.1443214178202,999.5377923728003,1077.3849532500874,1060.5350875750044,1049.53070900796,1019.5686799460719,1001.7062992796282,1040.2615916386062,1063.6266342686874
losange,1094.3657007411257,1032.9636032318574,999.5377923728003,941.6375034345227,1088.1872400281,1086.0378737144035,1084.3700417222396,1030.7440541604296,1023.6790738475975,1050.8588424330082,1038.4164057812402
isoTrapezoid,991.2559591006537,1071.8430268375664,1077.3849532500872,1088.1872400281002,929.1960900145131,991.3185644445562,988.4926996953454,1062.6441987325504,1064.1453674892616,1003.5936052552289,1025.6824132680317
kite,970.010065416185,1032.5141369882906,1060.5350875750044,1086.0378737144035,991.3185644445562,920.7065809039492,961.6570967031248,1042.498267484851,1040.5242533998362,1019.6051963503451,1044.0207197218615
rightKite,961.2594578744552,1029.6109062024354,1049.53070900796,1084.3700417222396,988.4926996953458,961.6570967031248,925.0798294362637,1034.0195637835639,1029.9081793125868,995.1122647855921,1041.705687004095
rustedHinge,1025.8476407382254,991.3292225619928,1019.5686799460722,1030.7440541604296,1062.6441987325504,1042.498267484851,1034.019563783564,936.675899933936,952.7378603969654,1033.8146229814772,1041.235668109962
hinge,1021.857016572752,971.5592149932701,1001.7062992796283,1023.6790738475975,1064.1453674892616,1040.5242533998362,1029.9081793125868,952.7378603969654,930.016861312073,1028.3822682967493,1043.4738508344756
trapezoid,995.8323256138488,1035.5409250243329,1040.2615916386064,1050.8588424330085,1003.5936052552288,1019.6051963503451,995.1122647855918,1033.8146229814772,1028.3822682967493,934.5265303833489,998.1773294069402
random,1036.9840734524932,1063.5469040084201,1063.6266342686874,1038.4164057812402,1025.6824132680317,1044.0207197218615,1041.705687004095,1041.235668109962,1043.4738508344756,998.1773294069402,928.7679539057386
