,square,rectangle,parallelogram,losange,isoTrapezoid,kite,rightKite,rustedHinge,hinge,trapezoid,random
square,248.57404197961998,294.62265081137366,398.4809488893333,460.9918924075752,370.32777350518194,357.16881808500256,338.80811222396983,407.84009279621375,376.80762312623756,377.7331844590102,441.0810165489309
rectangle,294.62265081137366,243.12502705333384,380.6186485685359,458.28297717733466,401.4137865025808,376.3431630290958,362.94284875969714,395.07855517455334,359.66689631976357,400.65951338249045,456.67570149377354
parallelogram,398.4809488893334,380.61864856853583,321.36317402629606,392.5161197359682,418.7404428636296,411.49669751660474,397.6484971991394,412.2995622794562,391.9517831831963,388.87338784481574,437.68484078101164
losange,460.9918924075752,458.28297717733466,392.5161197359682,332.2827475471752,442.4616461313239,448.6212727472798,438.4320450917879,441.0970188887906,439.6680111279316,406.33870558296746,421.8035351718741
isoTrapezoid,370.3277735051819,401.4137865025808,418.7404428636295,442.4616461313239,271.27367744517204,351.76436285574596,321.32414392631483,408.1951405443182,396.43422865452175,348.77894996821897,381.02496068731455
kite,357.16881808500256,376.3431630290958,411.49669751660474,448.6212727472798,351.76436285574596,295.9390469649001,316.2222678527721,414.7294843829692,398.2230815012083,389.82039293604845,430.0440918609969
rightKite,338.80811222396983,362.94284875969714,397.64849719913946,438.4320450917879,321.3241439263148,316.2222678527721,268.16571644971737,400.5552366243713,382.4112786485294,354.95876313278416,411.0160902767898
rustedHinge,407.84009279621375,395.0785551745534,412.2995622794562,441.0970188887906,408.1951405443181,414.7294843829693,400.5552366243713,296.7124008618017,317.584395007129,412.86724900786055,418.7542057856069
hinge,376.80762312623756,359.6668963197636,391.95178318319626,439.6680111279316,396.43422865452175,398.22308150120824,382.4112786485294,317.584395007129,291.68045773750407,397.13629608521575,418.9891979990002
trapezoid,377.7331844590102,400.6595133824904,388.87338784481574,406.3387055829676,348.77894996821897,389.8203929360485,354.95876313278416,412.86724900786055,397.13629608521575,302.33140560053397,369.4850402934838
random,441.0810165489308,456.67570149377354,437.68484078101164,421.8035351718741,381.02496068731455,430.0440918609969,411.0160902767898,418.7542057856069,418.9891979990001,369.4850402934838,321.07893699907424
