,square,rectangle,parallelogram,losange,isoTrapezoid,kite,rightKite,rustedHinge,hinge,trapezoid,random
square,1676.360718590183,2051.2549620335435,2344.415687211994,2589.3346007197183,1979.1762020000513,1934.3265172843132,1857.3141218506921,2157.92398707816,2118.3647401229405,2045.28090712351,2333.5391484970582
rectangle,2051.2549620335435,1730.64129806084,2036.2356706666294,2323.15512500873,2348.4156777000007,2162.008843621728,2133.7200676458915,2094.994435451529,1979.1163880645825,2178.1928528724757,2488.5323968733487
parallelogram,2344.415687211994,2036.235670666629,1822.7736737111354,2040.3662379418488,2522.8607512454714,2456.275985100057,2366.2262261554242,2223.7492699073123,2102.790242076337,2171.8130433993865,2394.5702547533674
losange,2589.3346007197183,2323.15512500873,2040.3662379418488,1848.0036666555047,2657.914884874129,2665.1594337901574,2577.002722237801,2356.876560366318,2282.702102966955,2259.126559336339,2288.868278174996
isoTrapezoid,1979.1762020000513,2348.415677700001,2522.8607512454705,2657.9148848741293,1757.4077870673173,2030.5347048079561,1966.4890748754444,2374.9821810159465,2369.323436268728,2088.8577027001593,2260.9127862238083
kite,1934.3265172843132,2162.008843621728,2456.2759851000565,2665.159433790158,2030.5347048079561,1735.4158889182088,1887.419155867452,2359.1729443750373,2335.798397907608,2281.328095148757,2511.187548858771
rightKite,1857.3141218506926,2133.7200676458915,2366.2262261554242,2577.002722237801,1966.4890748754444,1887.4191558674515,1731.8218689739165,2296.600385837362,2261.7926343332897,2073.719162498523,2379.0647918267846
rustedHinge,2157.92398707816,2094.994435451529,2223.7492699073123,2356.876560366318,2374.982181015946,2359.1729443750373,2296.600385837362,1784.637903103876,1837.8537619883277,2213.456829002884,2341.8042357389118
hinge,2118.3647401229405,1979.1163880645825,2102.7902420763367,2282.702102966955,2369.323436268728,2335.798397907608,2261.7926343332897,1837.8537619883277,1766.4344841349327,2155.5938774154515,2330.636011309758
trapezoid,2045.28090712351,2178.1928528724757,2171.8130433993865,2259.126559336339,2088.8577027001593,2281.328095148757,2073.719162498523,2213.456829002884,2155.5938774154515,1761.9641921939601,2012.1566330739624
random,2333.539148497058,2488.5323968733487,2394.5702547533674,2288.868278174996,2260.9127862238083,2511.187548858771,2379.064791826785,2341.8042357389118,2330.6360113097576,2012.1566330739627,1817.4755329941506
