,square,rectangle,parallelogram,losange,isoTrapezoid,kite,rightKite,rustedHinge,hinge,trapezoid,random
square,0.05578734443378508,0.08876542005689715,0.13781700735710414,0.14929959538319473,0.07483036729276756,0.06422802228550722,0.06752677926916203,0.10479448825448973,0.09369713463481157,0.0843419346671766,0.10231003426439991
rectangle,0.08876542005689715,0.08527937357758306,0.12095618706928371,0.13095989701254784,0.1203112589826293,0.09745702806342767,0.09783712783876164,0.1050607510189986,0.09694819391223311,0.10036095458708638,0.12041097943397452
parallelogram,0.13781700735710414,0.12095618706928371,0.12888595310923476,0.13351075972858945,0.16755020106709145,0.14372848095418347,0.1439505343349783,0.13096189831470753,0.12485392322167295,0.1341228151893637,0.14513689866087948
losange,0.14929959538319473,0.13095989701254784,0.13351075972858945,0.12459460604514486,0.17708485128179724,0.15444774959786897,0.15414533281707243,0.13507822945180556,0.12960372979506915,0.13572147589487907,0.13761608903118167
isoTrapezoid,0.07483036729276756,0.1203112589826293,0.16755020106709148,0.17708485128179724,0.06545697987912454,0.07101709077773198,0.07392142318161966,0.1332423670332385,0.12180310371800557,0.09506202665025709,0.10250421717566001
kite,0.06422802228550722,0.09745702806342767,0.1437284809541835,0.15444774959786894,0.07101709077773198,0.05585408453338925,0.06191878509100312,0.10938937707836868,0.09833344090592613,0.08602464702404633,0.0990695068220465
rightKite,0.06752677926916205,0.09783712783876164,0.14395053433497826,0.15414533281707243,0.07392142318161968,0.06191878509100312,0.06124236843901342,0.11059893918842469,0.10032453009638252,0.08269691018800782,0.09710593374345307
rustedHinge,0.10479448825448971,0.1050607510189986,0.1309618983147075,0.13507822945180556,0.1332423670332385,0.10938937707836867,0.11059893918842469,0.09277870806382651,0.09120304586913287,0.11421110148291758,0.12350375969286635
hinge,0.09369713463481155,0.09694819391223311,0.12485392322167295,0.12960372979506915,0.12180310371800557,0.09833344090592616,0.10032453009638252,0.09120304586913287,0.0846871858008608,0.10440808618568878,0.11390650185663714
trapezoid,0.0843419346671766,0.10036095458708638,0.1341228151893637,0.13572147589487907,0.09506202665025709,0.08602464702404633,0.08269691018800782,0.11421110148291758,0.10440808618568878,0.0809359819418981,0.08868501041313466
random,0.10231003426439991,0.12041097943397452,0.14513689866087948,0.13761608903118164,0.10250421717566001,0.0990695068220465,0.09710593374345307,0.12350375969286638,0.11390650185663714,0.08868501041313466,0.0695282765641704
