,square,rectangle,parallelogram,losange,isoTrapezoid,kite,rightKite,rustedHinge,hinge,trapezoid,random
square,0.10081350258352145,0.11904276545806407,0.14500634075657481,0.1625997379758725,0.11678944814265167,0.11444001250775666,0.11113838422512742,0.13019269060570765,0.12567967572822722,0.12204320885009518,0.14064787772476964
rectangle,0.11904276545806407,0.09689492110684102,0.1221671772250117,0.14520603234696713,0.14656400405147701,0.1293351932451945,0.12680376801513416,0.12083434006591251,0.11199705802481592,0.13115878936679268,0.15699230197452152
parallelogram,0.14500634075657481,0.12216717722501168,0.1143239859876777,0.12887384889652043,0.16149333679986053,0.15420457106925428,0.14615883289785608,0.13850109414617423,0.1292033116383647,0.13504331075307302,0.15602265873192334
losange,0.16259973797587246,0.14520603234696713,0.12887384889652043,0.11629634385257126,0.16728595031160573,0.1683426391994818,0.16050379385752245,0.14917563371612177,0.14369379961853135,0.13864133698914877,0.14585749555983815
isoTrapezoid,0.11678944814265167,0.14656400405147701,0.16149333679986047,0.16728595031160573,0.10127442971469679,0.11943066960270778,0.11717909738904497,0.15097894933632738,0.14916969669142116,0.12396356065967284,0.13296428257382528
kite,0.11444001250775666,0.12933519324519446,0.15420457106925428,0.16834263919948184,0.11943066960270778,0.10532771707164083,0.11329787100076741,0.14437579819584279,0.14123219716449406,0.13597912347972502,0.15178083906945125
rightKite,0.11113838422512742,0.12680376801513416,0.14615883289785608,0.16050379385752245,0.11717909738904497,0.11329787100076741,0.10511987629663033,0.14080034581549417,0.13687064388142864,0.12243442294124122,0.14338327901772205
rustedHinge,0.13019269060570762,0.12083434006591251,0.1385010941461742,0.14917563371612177,0.15097894933632733,0.1443757981958428,0.14080034581549417,0.10604932874981811,0.10764656798092523,0.13882825782738625,0.15031479009966428
hinge,0.12567967572822722,0.11199705802481592,0.1292033116383647,0.14369379961853135,0.1491696966914212,0.14123219716449406,0.13687064388142864,0.1076465679809252,0.10341211395043498,0.1335629119518338,0.14870280652917753
trapezoid,0.1220432088500952,0.13115878936679265,0.13504331075307302,0.13864133698914877,0.12396356065967284,0.13597912347972502,0.12243442294124122,0.13882825782738625,0.1335629119518338,0.1068949666282109,0.12151100873221052
random,0.14064787772476967,0.15699230197452152,0.15602265873192334,0.14585749555983815,0.13296428257382534,0.15178083906945125,0.14338327901772205,0.15031479009966428,0.14870280652917753,0.12151100873221052,0.10962318008205531
