,square,rectangle,parallelogram,losange,isoTrapezoid,kite,rightKite,rustedHinge,hinge,trapezoid,random
square,0.13082019986009627,0.15363548970704477,0.18120688593769277,0.20200474228113277,0.1479966704357022,0.1458077972490331,0.14142325426196437,0.16389899068250863,0.1593343257644085,0.1548321438427978,0.17727069916988764
rectangle,0.15363548970704477,0.1248224845717522,0.15232990850959852,0.17896219256695212,0.1848884993526399,0.1639667502080826,0.16109526946183242,0.15150236523020066,0.1412605657062848,0.1660399918491673,0.1964986866278559
parallelogram,0.18120688593769277,0.15232990850959852,0.14284586979183664,0.16114786864742608,0.20016818302488648,0.19121029928211616,0.1816066777885405,0.17017505779550188,0.1595239026642335,0.16895103051623128,0.19440482073189347
losange,0.20200474228113272,0.17896219256695212,0.1611478686474261,0.14553062097932146,0.20699677468045666,0.20759966383238285,0.19859966157137682,0.18133722695443297,0.17568521789851618,0.172963114545952,0.1806433453059188
isoTrapezoid,0.1479966704357022,0.18488849935263993,0.20016818302488648,0.20699677468045669,0.1286144304680479,0.15068544507589685,0.14772814318331554,0.18730836108065854,0.18615780788479008,0.1564953101635794,0.16801040576929846
kite,0.14580779724903306,0.1639667502080826,0.19121029928211616,0.20759966383238285,0.15068544507589685,0.1339548778949325,0.1433584274099293,0.17994652138908454,0.17691404685501522,0.17079764071017142,0.19002163740083428
rightKite,0.1414232542619644,0.16109526946183242,0.18160667778854048,0.19859966157137682,0.14772814318331554,0.1433584274099293,0.13345566390443042,0.17521715902350177,0.17119326391107215,0.15470463143007046,0.18052139546501647
rustedHinge,0.1638989906825086,0.15150236523020066,0.17017505779550188,0.18133722695443297,0.18730836108065854,0.17994652138908454,0.17521715902350177,0.13329661814304908,0.1351551570247498,0.17217276198426415,0.1854535788639227
hinge,0.1593343257644085,0.1412605657062848,0.1595239026642335,0.17568521789851618,0.18615780788479008,0.17691404685501522,0.17119326391107215,0.1351551570247498,0.1303058506729143,0.16676531140245734,0.18478860735241623
trapezoid,0.1548321438427978,0.16603999184916732,0.16895103051623128,0.172963114545952,0.1564953101635794,0.17079764071017142,0.15470463143007046,0.17217276198426415,0.16676531140245734,0.13606034483494361,0.15415127577685464
random,0.17727069916988764,0.1964986866278559,0.19440482073189344,0.1806433453059188,0.16801040576929846,0.1900216374008343,0.18052139546501644,0.1854535788639227,0.18478860735241623,0.15415127577685464,0.13878738911117317
