,square,rectangle,parallelogram,losange,isoTrapezoid,kite,rightKite,rustedHinge,hinge,trapezoid,random
square,0.17751690207393042,0.20196687944338115,0.3027484977498472,0.38179517169340443,0.3481641650953836,0.3203140308762689,0.323314125082098,0.353657773850181,0.3246540809426657,0.3430354286287429,0.4217775693884039
rectangle,0.20196687944338115,0.16485927384104915,0.28233391215080705,0.3722558732999641,0.3729651909701158,0.3380068390017896,0.3459441135943055,0.35796559551746915,0.32560009681758406,0.35357214237600265,0.4395314984108084
parallelogram,0.3027484977498472,0.28233391215080705,0.22167084418313335,0.2660036456376543,0.35391980337928897,0.34099075304328846,0.3502588503839363,0.3366052952124998,0.3286914973820526,0.3079493363486842,0.36499699541948705
losange,0.38179517169340443,0.3722558732999641,0.2660036456376543,0.2325382965560302,0.36100307179040686,0.36503493756294825,0.37293028185627325,0.3553729604702754,0.36081304324096874,0.3089007707656524,0.3361994440815721
isoTrapezoid,0.3481641650953836,0.3729651909701158,0.35391980337928897,0.36100307179040686,0.22564613132448047,0.27607225828589355,0.26907881428129876,0.33650654494882326,0.342858589856442,0.27482404672128674,0.30495714497757004
kite,0.3203140308762689,0.3380068390017897,0.34099075304328846,0.36503493756294825,0.27607225828589355,0.21532219462508517,0.2327443733257031,0.30985952630114943,0.29235967131438184,0.29179268902173444,0.30704614044353196
rightKite,0.32331412508209795,0.3459441135943055,0.3502588503839363,0.37293028185627325,0.26907881428129876,0.2327443733257031,0.20952326033113342,0.3021994670361295,0.28805101479415357,0.2821237354833038,0.30198216952008217
rustedHinge,0.353657773850181,0.35796559551746915,0.3366052952124998,0.3553729604702754,0.3365065449488232,0.30985952630114943,0.3021994670361295,0.23186911973681776,0.24160568892098963,0.3302469175105163,0.32142998674770046
hinge,0.3246540809426656,0.32560009681758406,0.32869149738205267,0.36081304324096874,0.34285858985644196,0.29235967131438184,0.28805101479415357,0.24160568892098963,0.21577103731048802,0.328745019341431,0.32107890873210726
trapezoid,0.3430354286287429,0.3535721423760027,0.3079493363486842,0.3089007707656524,0.27482404672128674,0.29179268902173444,0.2821237354833038,0.3302469175105163,0.328745019341431,0.23362348490605095,0.2802246957681815
random,0.4217775693884039,0.4395314984108084,0.36499699541948705,0.3361994440815721,0.3049571449775701,0.30704614044353196,0.30198216952008217,0.3214299867477004,0.32107890873210726,0.2802246957681815,0.2220518956436159
