,square,rectangle,parallelogram,losange,isoTrapezoid,kite,rightKite,rustedHinge,hinge,trapezoid,random
square,80.25288085989328,94.65293016454198,102.37270108548739,104.19467856052718,100.44597769020247,98.95367471369264,98.10776333716592,103.11721421165778,102.32144127626937,102.18911936955493,105.81164165968379
rectangle,94.652930164542,79.18199478674495,98.80950075530347,102.93377774609492,102.26561213242216,99.19142287412011,99.99067956814,102.0588747627619,99.14086464300942,101.29899867315737,105.6201768745741
parallelogram,102.37270108548739,98.80950075530347,87.35604999167847,94.38643651635999,104.01347752341552,102.29871654601487,102.54671329112938,103.31221196110579,101.7064030689408,99.98968853916449,103.7981188313355
losange,104.19467856052718,102.93377774609492,94.38643651635999,86.43237570202409,103.6683538824895,103.44222689679656,102.84679566260031,102.68282242332351,102.19430606980302,99.61668868908832,101.12188434964662
isoTrapezoid,100.44597769020248,102.26561213242216,104.01347752341552,103.66835388248948,82.53270774613777,94.75839363554749,92.16861002596764,99.19529238725728,100.06422337988771,96.83077742936148,98.76080830420668
kite,98.95367471369264,99.19142287412012,102.29871654601487,103.44222689679654,94.75839363554749,84.81002941354434,90.9404395630284,100.4999400953637,99.97569589703477,99.14604283443549,101.52051827638903
rightKite,98.10776333716592,99.99067956814001,102.54671329112936,102.84679566260031,92.16861002596764,90.94043956302842,83.52641308773391,98.12002644358039,98.27042675198174,97.1309056688564,100.08208151958132
rustedHinge,103.11721421165778,102.05887476276192,103.31221196110579,102.68282242332351,99.19529238725728,100.4999400953637,98.12002644358039,84.35656984096815,90.50331161435109,101.56039912268098,100.0585421090675
hinge,102.32144127626937,99.14086464300942,101.70640306894077,102.19430606980302,100.0642233798877,99.97569589703475,98.27042675198174,90.50331161435109,86.67839793572736,101.2222398332943,100.98272487996559
trapezoid,102.18911936955493,101.29899867315737,99.9896885391645,99.6166886890883,96.83077742936148,99.14604283443549,97.1309056688564,101.560399122681,101.2222398332943,88.04101776108791,96.77649285760373
random,105.81164165968379,105.6201768745741,103.79811883133551,101.12188434964662,98.76080830420668,101.52051827638903,100.08208151958132,100.05854210906749,100.98272487996559,96.77649285760371,88.46476555535114
