,square,rectangle,parallelogram,losange,isoTrapezoid,kite,rightKite,rustedHinge,hinge,trapezoid,random
square,34.97910340302848,42.78170940671665,51.39000917467963,54.33091345844831,51.051935494918176,48.092381457170205,47.687041236666815,54.08969606570957,51.467404398899816,50.894632377461946,55.07723369866928
rectangle,42.78170940671665,35.44198271377509,48.78063315429255,53.259922238006475,52.98143595760153,49.66998184778404,49.47473973719032,52.44868450987074,48.32946177152233,51.4321153297873,55.57058828734316
parallelogram,51.39000917467963,48.78063315429255,43.19243915914484,48.11208251305996,55.499184851498086,53.360308024561206,53.10889497109876,55.65127437610407,52.53349962352585,51.731320429586624,55.162530310040665
losange,54.33091345844831,53.259922238006475,48.11208251305996,44.043225885282915,56.3760799476518,55.28681177836426,54.83235579704975,56.91324848469245,54.781188726351594,52.48178850729032,54.05362147859668
isoTrapezoid,51.051935494918176,52.98143595760153,55.49918485149809,56.3760799476518,39.56294997228714,48.24397611561403,45.95048174641242,53.19391112904964,52.62081972171163,48.695555047996756,51.22940194994897
kite,48.092381457170205,49.66998184778404,53.360308024561206,55.28681177836426,48.24397611561403,40.92856217610272,44.24854167835037,53.22268102021579,51.38418541903972,50.85438690068121,52.87167914731472
rightKite,47.687041236666815,49.47473973719032,53.10889497109876,54.83235579704975,45.95048174641242,44.248541678350364,39.94900237934941,51.78613342487443,50.21591003957915,48.556883833168584,51.7629142343909
rustedHinge,54.08969606570958,52.44868450987074,55.65127437610407,56.91324848469245,53.19391112904964,53.22268102021579,51.786133424874414,41.9204322988222,45.06266774285454,54.25317874103799,54.05443447387307
hinge,51.467404398899795,48.32946177152233,52.53349962352585,54.7811887263516,52.62081972171163,51.38418541903972,50.21591003957915,45.062667742854536,41.8107426270594,52.30298731186412,53.0912600655876
trapezoid,50.894632377461946,51.43211532978731,51.73132042958661,52.481788507290325,48.695555047996756,50.85438690068121,48.556883833168584,54.25317874103799,52.302987311864136,43.179343609703324,48.91658579614699
random,55.077233698669275,55.570588287343156,55.162530310040665,54.05362147859669,51.22940194994897,52.87167914731472,51.7629142343909,54.054434473873094,53.0912600655876,48.916585796147004,43.629199405714566
