,square,rectangle,parallelogram,losange,isoTrapezoid,kite,rightKite,rustedHinge,hinge,trapezoid,random
square,19.884371593165877,21.14944445372308,22.032400174484977,22.74381516259581,20.820992124200522,20.669085838441617,20.513227744275735,21.36022143681338,21.24796330710995,21.017426667274222,21.766875009170363
rectangle,21.14944445372308,19.591791264191283,20.91033220138343,21.775930773751526,22.16350665934219,21.385483136464277,21.313195968462963,20.753295143040514,20.413765733521252,21.433244610986648,22.31456044888432
parallelogram,22.032400174484977,20.910332201383426,20.40287249058527,21.37407049476065,22.655511104634872,22.265453900733636,22.02496711644236,21.47069557894664,21.13101501374393,21.720591355805716,22.423852248047073
losange,22.74381516259581,21.775930773751522,21.374070494760648,20.552345059832298,22.912972150879988,22.839807087235712,22.642348763945662,21.827778078120772,21.631619269697392,21.896708381489017,22.0224130015128
isoTrapezoid,20.820992124200522,22.163506659342186,22.65551110463487,22.912972150879988,19.77510388707811,20.9116106305942,20.81864689577008,22.113940291769037,22.10141569367042,21.13458905851361,21.534433087453028
kite,20.669085838441617,21.385483136464273,22.265453900733636,22.83980708723571,20.9116106305942,19.910876130786562,20.542901200285552,21.841603601992173,21.746020155733177,21.493662252125613,22.102997310096605
rightKite,20.51322774427574,21.313195968462963,22.02496711644236,22.642348763945662,20.81864689577008,20.542901200285552,19.93191093096891,21.651739507423585,21.54008011349252,21.04827520492155,21.912264687112952
rustedHinge,21.36022143681338,20.753295143040514,21.47069557894664,21.82777807812077,22.113940291769037,21.841603601992176,21.65173950742359,19.850316656933646,20.14904181953439,21.537594278344887,21.914835484863747
hinge,21.24796330710995,20.413765733521252,21.13101501374393,21.631619269697392,22.10141569367042,21.746020155733177,21.54008011349252,20.14904181953439,19.731449914476244,21.375215608875802,21.888230870544856
trapezoid,21.017426667274222,21.433244610986645,21.720591355805713,21.896708381489017,21.13458905851361,21.493662252125613,21.048275204921545,21.537594278344887,21.375215608875806,20.090345029222636,21.116022589252207
random,21.766875009170366,22.31456044888432,22.423852248047073,22.0224130015128,21.534433087453028,22.102997310096608,21.912264687112952,21.914835484863747,21.888230870544856,21.116022589252207,20.058333460202153
