,square,rectangle,parallelogram,losange,isoTrapezoid,kite,rightKite,rustedHinge,hinge,trapezoid,random
square,24.4132710965069,26.69612351670151,28.663696810383414,30.185633783887766,26.530033990384226,26.495525615943983,25.904972010732394,27.57368515323558,27.16699460524788,27.00935091235952,28.807579813067616
rectangle,26.69612351670151,23.976093020192135,26.74412021808952,28.763283606343435,28.78844412630783,27.705385419951558,27.324680747025933,26.841189721568703,25.96073401716189,27.793337256787193,29.85674876707079
parallelogram,28.663696810383414,26.74412021808952,24.553131816779356,26.690131364467987,29.71745653436795,29.611009049774044,28.586411076896812,28.220666935291504,27.30888542638967,27.51754721657067,29.299929047925403
losange,30.185633783887766,28.763283606343435,26.690131364467995,24.99399019382815,30.399458811478954,30.886941727014527,29.90581620233025,29.23794889324709,28.700866664126583,27.902954532554702,28.60049329119526
isoTrapezoid,26.530033990384222,28.78844412630783,29.71745653436795,30.399458811478947,24.132647614623927,26.814755847367632,26.224142351403028,29.09147889735053,28.90125401924,26.905821044291084,27.951777725828823
kite,26.495525615943983,27.705385419951558,29.611009049774044,30.886941727014527,26.814755847367632,24.61523372700601,25.867411471923166,29.045138395908484,28.817518429549153,28.55926019347903,30.03799508593004
rightKite,25.904972010732394,27.324680747025933,28.586411076896812,29.905816202330243,26.224142351403028,25.867411471923166,24.19755830496584,28.45417744642996,28.154805290999235,26.80471901067204,28.80558669209038
rustedHinge,27.573685153235573,26.841189721568714,28.220666935291504,29.23794889324709,29.09147889735053,29.045138395908484,28.454177446429966,24.22410826654008,24.88299771688995,28.254713664708483,29.056143329061136
hinge,27.166994605247886,25.96073401716189,27.30888542638966,28.700866664126583,28.90125401924,28.817518429549153,28.154805290999235,24.882997716889953,24.104365999026903,27.788482151513204,28.885225618385054
trapezoid,27.00935091235952,27.793337256787193,27.51754721657067,27.902954532554702,26.905821044291084,28.559260193479037,26.80471901067204,28.254713664708483,27.788482151513204,24.44583677265654,26.450591663671993
random,28.807579813067616,29.85674876707079,29.299929047925403,28.60049329119526,27.951777725828823,30.03799508593004,28.80558669209038,29.056143329061136,28.88522561838506,26.450591663671993,24.551747841328808
