,square,rectangle,parallelogram,losange,isoTrapezoid,kite,rightKite,rustedHinge,hinge,trapezoid,random
square,38.47831813767402,47.2074547781275,50.141051181145976,51.431279389544336,50.82408286505589,50.688328710995286,49.010813067755365,51.77463980096112,50.77760593925632,51.147574961880736,54.62757719847971
rectangle,47.2074547781275,37.98858536756778,48.0404158557809,50.395069968126194,49.751431153168035,48.41406284917498,47.78205689836381,49.76597639527612,47.41985041507888,48.39741068282209,51.93520082767018
parallelogram,50.14105118114597,48.0404158557809,42.61298242344263,46.45536894221767,51.79248280810401,51.0351353253752,50.259744351148385,51.50828580164911,50.02515153163995,49.00987959169498,52.17701580114557
losange,51.431279389544336,50.39506996812619,46.45536894221767,43.26692729793895,52.40259767584297,52.22614543438541,51.19086566705449,51.93079915555444,51.07706364922369,49.64136377449542,51.235937311017125
isoTrapezoid,50.82408286505591,49.751431153168035,51.79248280810401,52.40259767584296,39.42459759898318,47.131050078178504,45.08370422160603,48.509236529991384,48.36865264521651,47.13426077700956,49.329974755989554
kite,50.6883287109953,48.41406284917498,51.035135325375194,52.22614543438541,47.13105007817851,42.29335285460872,45.05030187117054,50.39631533662787,49.67269711879277,49.32192610229463,51.93030391403161
rightKite,49.010813067755365,47.78205689836381,50.259744351148385,51.19086566705449,45.08370422160602,45.05030187117054,40.70128527844645,48.198690996328416,47.48640678508249,46.98048992809308,50.191437769863285
rustedHinge,51.77463980096112,49.76597639527612,51.50828580164911,51.93079915555444,48.509236529991384,50.396315336627865,48.198690996328416,41.56133042456455,44.145474652090215,49.356028415255864,50.265549016356836
hinge,50.777605939256304,47.41985041507888,50.02515153163994,51.07706364922369,48.36865264521651,49.67269711879277,47.486406785082494,44.14547465209022,41.513515561912016,48.29334017691993,49.826704100745076
trapezoid,51.147574961880736,48.3974106828221,49.00987959169498,49.64136377449542,47.13426077700956,49.32192610229463,46.98048992809308,49.356028415255864,48.29334017691993,42.40148042499223,47.784783826383574
random,54.62757719847971,51.935200827670165,52.17701580114557,51.235937311017125,49.329974755989554,51.93030391403161,50.19143776986327,50.265549016356836,49.826704100745076,47.784783826383574,43.24175473801672
