,square,rectangle,parallelogram,losange,isoTrapezoid,kite,rightKite,rustedHinge,hinge,trapezoid,random
square,26.438261905858077,29.124993028280315,32.046891779513686,34.01552707391749,29.463371275886384,30.001641177916948,29.10565060608084,31.022281503321462,30.316112962274715,30.114436525607697,32.44538868561383
rectangle,29.12499302828031,26.026236234309238,29.948018663008682,32.599922230598885,32.02196070070589,31.09943980948053,30.5897501759602,30.60577902825515,29.332598849575216,31.054712238255533,33.6714187990393
parallelogram,32.046891779513686,29.948018663008682,26.908425556344064,29.612842679756696,33.27054325996252,33.579286865090815,32.19638890408382,31.95103942365332,30.727413451962924,30.42535301873771,32.59701289142947
losange,34.01552707391749,32.599922230598885,29.612842679756696,27.74154791824544,34.26756936263126,35.18101517804265,33.815693182320544,33.04905941409397,32.2996218766893,31.02720321738369,31.87442965006193
isoTrapezoid,29.463371275886384,32.02196070070589,33.27054325996252,34.26756936263126,26.397569093371203,30.1942019148135,29.26914983746041,32.534842534102154,32.22215586650987,29.902349266272314,31.413226885502294
kite,30.001641177916948,31.099439809480526,33.579286865090815,35.18101517804266,30.194201914813494,27.05850549904657,28.729126075502368,32.87763542777659,32.52709987512199,32.500840014105144,34.209488418366895
rightKite,29.105650606080832,30.5897501759602,32.19638890408382,33.815693182320544,29.26914983746041,28.729126075502368,26.374831367911792,31.960669752679532,31.546834518486513,30.10293741859551,32.49698220386915
rustedHinge,31.02228150332146,30.60577902825515,31.95103942365332,33.049059414093975,32.534842534102154,32.87763542777658,31.960669752679532,26.12449655586301,26.978361129184414,31.688811059921168,32.23599531919847
hinge,30.316112962274715,29.332598849575216,30.727413451962917,32.2996218766893,32.22215586650987,32.527099875122,31.546834518486516,26.978361129184414,25.965360476529593,30.985170801368152,31.868373004519867
trapezoid,30.114436525607697,31.05471223825554,30.42535301873771,31.02720321738369,29.902349266272314,32.500840014105144,30.10293741859551,31.688811059921168,30.98517080136816,26.654229365440624,29.164737665582223
random,32.44538868561382,33.6714187990393,32.59701289142947,31.874429650061938,31.41322688550228,34.2094884183669,32.49698220386915,32.23599531919847,31.868373004519864,29.164737665582226,26.65468851202645
