,square,rectangle,parallelogram,losange,isoTrapezoid,kite,rightKite,rustedHinge,hinge,trapezoid,random
square,21.849259758059876,23.144188763781727,24.1132436070835,25.168137092426612,23.026517055660634,22.89860851478617,22.769007368206125,23.7856420412531,23.452448865958363,23.31888677030156,24.195319424350583
rectangle,23.14418876378172,21.44729762316488,23.007830918020144,24.210245377083183,24.252964668578173,23.57938886180915,23.52328273800885,23.177294173064244,22.61108881063039,23.70693173308793,24.70520781083031
parallelogram,24.1132436070835,23.007830918020144,22.218538908009567,23.658373222304515,24.75490375033255,24.531214006154805,24.250461762052954,23.90882216687939,23.370923090534973,23.890605061481672,24.713983759568556
losange,25.168137092426612,24.210245377083183,23.658373222304515,22.85610827778778,25.327425822143237,25.404337209374233,25.19672829125464,24.51948287127043,24.196260754963628,24.35000307435935,24.57551299419811
isoTrapezoid,23.026517055660634,24.252964668578173,24.754903750332545,25.32742582214323,21.96859742478651,23.2301012915761,23.164281351218484,24.59991707978775,24.385829306827947,23.483355955476984,24.01775077977404
kite,22.89860851478617,23.57938886180915,24.531214006154805,25.404337209374233,23.230101291576094,22.107461134418575,22.885030330958553,24.379215704651884,24.113676900179538,24.002914078374065,24.703868267248627
rightKite,22.76900736820613,23.52328273800885,24.250461762052954,25.19672829125464,23.164281351218484,22.885030330958557,22.17146354950876,24.24244856941323,23.94765605634824,23.494720797461955,24.47787593674956
rustedHinge,23.7856420412531,23.177294173064244,23.90882216687939,24.519482871270434,24.599917079787748,24.379215704651884,24.242448569413234,22.33560285854103,22.563362939127323,24.182957071711645,24.564864853659476
hinge,23.452448865958363,22.61108881063039,23.370923090534976,24.19626075496363,24.385829306827947,24.113676900179538,23.94765605634824,22.563362939127323,21.904530409939902,23.84061277334855,24.402508381618965
trapezoid,23.318886770301564,23.70693173308793,23.890605061481672,24.350003074359353,23.483355955476984,24.002914078374065,23.494720797461955,24.18295707171164,23.84061277334855,22.367531061339754,23.58843908335535
random,24.195319424350586,24.705207810830306,24.713983759568556,24.57551299419811,24.01775077977404,24.703868267248627,24.47787593674955,24.564864853659476,24.402508381618965,23.588439083355347,22.49390226956372
