,square,rectangle,parallelogram,losange,isoTrapezoid,kite,rightKite,rustedHinge,hinge,trapezoid,random
square,0.0,0.06364632599983433,0.12306617671040421,0.15696083690295792,0.140909701318635,0.09584855292234984,0.09625126103475612,0.16554527687269638,0.13368190383151735,0.11775475391678425,0.17111297483767451
rectangle,0.06364632599983433,0.0,0.08791431127456373,0.1399926963707816,0.16375011479875645,0.1126487272923794,0.11524641882195275,0.14156098370056192,0.09210334754149352,0.12205724166046461,0.17619497574751475
parallelogram,0.12306617671040421,0.08791431127456373,0.0,0.038669421258973546,0.1590211745468989,0.1204728278922389,0.1219677580721984,0.14565960725200522,0.10536622091745873,0.08714674971127823,0.13161037227111738
losange,0.15696083690295792,0.1399926963707816,0.038669421258973546,0.0,0.16678661238865355,0.1422504710603113,0.14068462945391103,0.15860939533989027,0.13088508307535962,0.09287495942759849,0.11220821580178031
isoTrapezoid,0.140909701318635,0.16375011479875645,0.1590211745468989,0.16678661238865355,1.1102230246251565e-16,0.07681133424320752,0.05517533503692307,0.1336156397820143,0.12822874693381336,0.06923337532094265,0.09841971732677857
kite,0.09584855292234984,0.1126487272923794,0.1204728278922389,0.1422504710603113,0.07681133424320752,0.0,0.029685315977305504,0.12576480378693167,0.1033046527242526,0.08781545719511252,0.11212633418664886
rightKite,0.09625126103475612,0.11524641882195275,0.1219677580721984,0.14068462945391103,0.05517533503692307,0.029685315977305504,0.0,0.11198884187872671,0.09338740169285009,0.06382234815789112,0.10169240455151096
rustedHinge,0.16554527687269638,0.14156098370056192,0.14565960725200522,0.15860939533989027,0.1336156397820143,0.12576480378693167,0.11198884187872671,1.1102230246251565e-16,0.025776808479509028,0.12729876253963657,0.12153840324345033
hinge,0.13368190383151735,0.09210334754149352,0.10536622091745873,0.13088508307535962,0.12822874693381336,0.1033046527242526,0.09338740169285009,0.025776808479509028,0.0,0.10256066701917221,0.11050483662507482
trapezoid,0.11775475391678425,0.12205724166046461,0.08714674971127823,0.09287495942759849,0.06923337532094265,0.08781545719511252,0.06382234815789112,0.12729876253963657,0.10256066701917221,0.0,0.05235637289726558
random,0.17111297483767451,0.17619497574751475,0.13161037227111738,0.11220821580178031,0.09841971732677857,0.11212633418664886,0.10169240455151096,0.12153840324345033,0.11050483662507482,0.05235637289726558,1.1102230246251565e-16
