,square,rectangle,parallelogram,losange,isoTrapezoid,kite,rightKite,rustedHinge,hinge,trapezoid,random
square,0.0,0.007426730533435899,0.010761456396417679,0.015686730261628035,0.005276972786155909,0.003792636809961003,0.0031226520376752553,0.00843856277245314,0.007723564722210363,0.005727398213093204,0.010927854104822554
rectangle,0.007426730533435899,1.1102230246251565e-16,0.004899806392621331,0.01052738662774666,0.01493054731431831,0.009039733545798678,0.008740818037654474,0.005709970485820115,0.0037584258234141243,0.009306567406838995,0.015592099420948302
parallelogram,0.010761456396417679,0.004899806392621331,0.0,0.005474774672159399,0.015305445474428692,0.01234094936564556,0.0104392404057293,0.008051775620159574,0.006121809212346285,0.007960798953613568,0.013497236180634697
losange,0.015686730261628035,0.01052738662774666,0.005474774672159399,0.0,0.016815473650361512,0.016043683947147502,0.014834351828825976,0.00978481027504352,0.009161265528791929,0.008695292957723755,0.009836192255177734
isoTrapezoid,0.005276972786155909,0.01493054731431831,0.015305445474428692,0.016815473650361512,0.0,0.005584973338252253,0.005144048542167767,0.01413839291278196,0.014198995378525092,0.0066148037694618855,0.009538268594230459
kite,0.003792636809961003,0.009039733545798678,0.01234094936564556,0.016043683947147502,0.005584973338252253,1.1102230246251565e-16,0.0030569158051183543,0.011389940524636044,0.010951561980301228,0.008943601895203601,0.013157903802854087
rightKite,0.0031226520376752553,0.008740818037654474,0.0104392404057293,0.014834351828825976,0.005144048542167767,0.0030569158051183543,0.0,0.010541565232396466,0.009980471312504124,0.005648858476155372,0.011886096909603183
rustedHinge,0.00843856277245314,0.005709970485820115,0.008051775620159574,0.00978481027504352,0.01413839291278196,0.011389940524636044,0.010541565232396466,0.0,0.0011570314363461565,0.00955858107914298,0.011960073488221812
hinge,0.007723564722210363,0.0037584258234141243,0.006121809212346285,0.009161265528791929,0.014198995378525092,0.010951561980301228,0.009980471312504124,0.0011570314363461565,0.0,0.008826760441831949,0.012344884459792316
trapezoid,0.005727398213093204,0.009306567406838995,0.007960798953613568,0.008695292957723755,0.0066148037694618855,0.008943601895203601,0.005648858476155372,0.00955858107914298,0.008826760441831949,0.0,0.005621117901538297
random,0.010927854104822554,0.015592099420948302,0.013497236180634697,0.009836192255177734,0.009538268594230459,0.013157903802854087,0.011886096909603183,0.011960073488221812,0.012344884459792316,0.005621117901538297,0.0
