,square,rectangle,parallelogram,losange,isoTrapezoid,kite,rightKite,rustedHinge,hinge,trapezoid,random
square,0.04971595499960432,0.0541945807708508,0.057867136828652334,0.06144785140415745,0.05332540053461588,0.052284526632081656,0.0519410243121791,0.05595624416907634,0.05501721492720771,0.05421157955001059,0.05773275524060849
rectangle,0.054194580770850785,0.049440078458229175,0.053790541817131714,0.057076245006123204,0.05779148215604465,0.05544352499221782,0.05560194232736849,0.05391940293451636,0.05211698517463828,0.05625077119785938,0.059299751870022906
parallelogram,0.057867136828652334,0.05379054181713172,0.052842016025147355,0.05613749998181745,0.06038845601909303,0.05930147546047262,0.05869552277316405,0.057019977726817446,0.055143064402847795,0.05818212231009515,0.060851471214845375
losange,0.06144785140415745,0.057076245006123204,0.05613749998181745,0.05363153334103004,0.0622404701756413,0.062323899207525964,0.0622218225281996,0.058388026354662774,0.05708063913472374,0.06003369205101827,0.06036114682636378
isoTrapezoid,0.05332540053461588,0.05779148215604466,0.06038845601909303,0.0622404701756413,0.051514974215862826,0.05423263390707661,0.054236091228335,0.05892871203342352,0.05831528424027149,0.05554479942782859,0.05785413174778144
kite,0.052284526632081656,0.05544352499221782,0.05930147546047262,0.062323899207525964,0.05423263390707661,0.050961421845562425,0.052703846387395704,0.058244093253674675,0.05735431016310435,0.056539367536067975,0.059375903937269534
rightKite,0.0519410243121791,0.05560194232736849,0.05869552277316406,0.062221822528199605,0.054236091228335,0.052703846387395704,0.05164589515296484,0.05780042048930304,0.05687577214063912,0.055272111324599374,0.05917429494748032
rustedHinge,0.05595624416907634,0.05391940293451637,0.057019977726817446,0.05838802635466277,0.05892871203342352,0.05824409325367468,0.05780042048930304,0.05258412802300596,0.05230226841879886,0.05769189905930495,0.059127008233170235
hinge,0.05501721492720771,0.05211698517463827,0.055143064402847795,0.057080639134723735,0.058315284240271506,0.05735431016310435,0.05687577214063912,0.05230226841879886,0.05102824312663512,0.05659634370015479,0.058599057066906865
trapezoid,0.05421157955001059,0.05625077119785939,0.05818212231009515,0.06003369205101827,0.05554479942782859,0.056539367536067975,0.055272111324599374,0.05769189905930495,0.05659634370015479,0.05257754776789606,0.05680212130491215
random,0.05773275524060849,0.059299751870022906,0.06085147121484537,0.06036114682636377,0.05785413174778144,0.05937590393726952,0.05917429494748032,0.059127008233170235,0.058599057066906865,0.05680212130491215,0.05370553370517872
