,square,rectangle,parallelogram,losange,isoTrapezoid,kite,rightKite,rustedHinge,hinge,trapezoid,random
square,0.02038650054902569,0.034036853416883193,0.05366964406817101,0.0631001116008699,0.030986805296002264,0.033501383683031176,0.028915103079323566,0.04286862123479792,0.0403957158015791,0.03507810529724214,0.04700511694115965
rectangle,0.034036853416883193,0.02174575677529452,0.03367816454198101,0.047231332558805766,0.052101625059889335,0.04422890894434312,0.040062191752001174,0.04177227636682279,0.03468898674788344,0.04052589762163331,0.061864765321905435
parallelogram,0.053669644068171,0.03367816454198101,0.031139977393903787,0.038103702691646514,0.07251874779429911,0.07061021727613351,0.060283516881013424,0.050275651224203556,0.04100734116885863,0.04474781786363289,0.0633364939855035
losange,0.0631001116008699,0.04723133255880576,0.038103702691646514,0.035306531560122235,0.07871536696883286,0.08450145618828257,0.06999434479911398,0.056570420501156723,0.04796258263505118,0.045797188471666625,0.05730773351663543
isoTrapezoid,0.030986805296002264,0.052101625059889335,0.07251874779429911,0.07871536696883286,0.025804724213126674,0.03667137985264368,0.034162369585117654,0.06086690721211362,0.05880987942143449,0.04038011109458609,0.046847107973839036
kite,0.033501383683031176,0.04422890894434313,0.07061021727613352,0.08450145618828257,0.03667137985264368,0.02605608304811016,0.028995997463522258,0.06488223714297787,0.06215565275987874,0.05345819000852523,0.07010560561278271
rightKite,0.028915103079323566,0.040062191752001174,0.060283516881013424,0.06999434479911398,0.03416236958511765,0.028995997463522254,0.024963066426173356,0.05711454461915842,0.05456261584321762,0.04204956990413054,0.05742414124551383
rustedHinge,0.04286862123479793,0.04177227636682279,0.050275651224203556,0.056570420501156723,0.06086690721211362,0.06488223714297786,0.05711454461915842,0.03313240571105447,0.03288812715477314,0.047190826852517256,0.05660698920337176
hinge,0.0403957158015791,0.03468898674788344,0.04100734116885863,0.04796258263505119,0.05880987942143447,0.06215565275987874,0.054562615843217636,0.03288812715477314,0.029325298525924477,0.041756135959829806,0.05318740692964691
trapezoid,0.03507810529724214,0.04052589762163331,0.04474781786363289,0.045797188471666625,0.04038011109458609,0.053458190008525246,0.04204956990413054,0.04719082685251725,0.041756135959829806,0.027171869928030924,0.03460568779863722
random,0.04700511694115965,0.061864765321905435,0.0633364939855035,0.05730773351663543,0.046847107973839036,0.0701056056127827,0.05742414124551383,0.05660698920337175,0.053187406929646894,0.03460568779863722,0.030676148217989464
