,square,rectangle,parallelogram,losange,isoTrapezoid,kite,rightKite,rustedHinge,hinge,trapezoid,random
square,0.12863855002514962,0.15046708906911987,0.17177519640953345,0.19292265303956704,0.14821033562694083,0.14661007870209417,0.1404983162494385,0.16154110865090368,0.15659907047717544,0.15076486517901141,0.17311789125672342
rectangle,0.15046708906911987,0.12908017267071095,0.14907556813514192,0.17370512760556944,0.17701366877322067,0.16330531595286477,0.15869037711336131,0.1546261011956229,0.14443563808069346,0.16173756294368402,0.1888689192237538
parallelogram,0.17177519640953348,0.1490755681351419,0.12763291543851618,0.14500255569143697,0.18783133707108732,0.1855247519615772,0.17159537994650323,0.1656956222025941,0.15378050094562537,0.1544995205290339,0.17780257456581763
losange,0.19292265303956704,0.17370512760556944,0.14500255569143697,0.13264274477268997,0.19847273782428,0.20415519548732736,0.19008110810685402,0.17773052158910435,0.16991447903884058,0.1608626332515467,0.1708442360171318
isoTrapezoid,0.1482103356269408,0.17701366877322067,0.18783133707108732,0.19847273782428,0.1299707049499311,0.15076194195724948,0.14576570796457541,0.18058796021025106,0.1785407027423501,0.15247571180678146,0.1646077527349615
kite,0.14661007870209414,0.16330531595286477,0.1855247519615772,0.20415519548732736,0.15076194195724948,0.12912104401859475,0.1391614246626579,0.17922603795363012,0.17653149233071572,0.17092031565968072,0.19138880058486013
rightKite,0.1404983162494385,0.1586903771133613,0.17159537994650323,0.19008110810685402,0.14576570796457541,0.13916142466265788,0.1270389274392497,0.17319450237483372,0.1691304718160308,0.14996010380586267,0.1750289968166446
rustedHinge,0.1615411086509037,0.1546261011956229,0.16569562220259412,0.17773052158910432,0.1805879602102511,0.17922603795363012,0.1731945023748337,0.12938043011000955,0.1326236880310033,0.16751285256177537,0.17808307469982151
hinge,0.15659907047717544,0.14443563808069346,0.1537805009456254,0.16991447903884058,0.1785407027423501,0.17653149233071572,0.1691304718160308,0.13262368803100333,0.12824320538949688,0.16075609988408185,0.1752277542289736
trapezoid,0.1507648651790114,0.16173756294368405,0.1544995205290339,0.1608626332515467,0.15247571180678146,0.17092031565968072,0.14996010380586267,0.16751285256177537,0.16075609988408185,0.1266307953036583,0.1445167839357807
random,0.17311789125672342,0.1888689192237538,0.17780257456581763,0.17084423601713183,0.1646077527349615,0.19138880058486013,0.1750289968166446,0.17808307469982151,0.1752277542289736,0.1445167839357807,0.13348641098865552
