,square,rectangle,parallelogram,losange,isoTrapezoid,kite,rightKite,rustedHinge,hinge,trapezoid,random
square,0.07464438856235675,0.08713790038683034,0.09603890492303077,0.10590327413883423,0.08229798311852644,0.08071070805148542,0.0788602392349041,0.09074822221204328,0.08831674534258989,0.08479762775354924,0.09337603959232382
rectangle,0.08713790038683034,0.07701571960702237,0.0846103309993885,0.09483936786794023,0.09591872824754741,0.08973101179075933,0.08889424760118389,0.08732157658963635,0.08264873175357786,0.09090155444745229,0.1001147202107782
parallelogram,0.09603890492303077,0.0846103309993885,0.08070913849874173,0.08930723963713101,0.10233306272524119,0.09853524380636985,0.09602162209736012,0.09217053673531875,0.08712317804705785,0.09315156535995352,0.10111870751394883
losange,0.10590327413883423,0.09483936786794021,0.08930723963713101,0.0860982592904973,0.10782916401198162,0.10733231666200165,0.10490343407091765,0.09758108065189326,0.09398315132146136,0.09740540305639525,0.09932117905239465
isoTrapezoid,0.08229798311852644,0.0959187282475474,0.10233306272524119,0.10782916401198159,0.07734211578478795,0.08414906234845264,0.08257799679189456,0.09759023367469544,0.09610257533819293,0.08660409566604325,0.0912332950877273
kite,0.0807107080514854,0.08973101179075933,0.09853524380636984,0.10733231666200165,0.08414906234845264,0.07742113675641576,0.08016788495331593,0.09613803711102241,0.0938028794649771,0.0909210355852102,0.09817906804052265
rightKite,0.0788602392349041,0.08889424760118389,0.09602162209736013,0.10490343407091765,0.08257799679189456,0.08016788495331595,0.07637987948826962,0.0941146278764477,0.09169470563532288,0.08563396639220325,0.09517472682252275
rustedHinge,0.09074822221204328,0.08732157658963635,0.09217053673531875,0.09758108065189326,0.09759023367469544,0.09613803711102241,0.09411462787644771,0.08224986109392525,0.08186733933231932,0.09337449274957856,0.09732133823298769
hinge,0.08831674534258989,0.08264873175357786,0.08712317804705785,0.09398315132146136,0.09610257533819293,0.0938028794649771,0.09169470563532288,0.08186733933231932,0.07873782902678315,0.09049646962965803,0.09586682846678331
trapezoid,0.08479762775354924,0.09090155444745229,0.09315156535995352,0.09740540305639525,0.08660409566604327,0.0909210355852102,0.08563396639220325,0.09337449274957856,0.09049646962965803,0.07998603175035139,0.08769846732755819
random,0.09337603959232382,0.1001147202107782,0.10111870751394886,0.09932117905239467,0.0912332950877273,0.09817906804052265,0.09517472682252275,0.09732133823298769,0.09586682846678331,0.08769846732755819,0.0823582154474047
