,square,rectangle,parallelogram,losange,isoTrapezoid,kite,rightKite,rustedHinge,hinge,trapezoid,random
square,0.17077547082429123,0.23880940316625587,0.3405565187360123,0.38729889987212807,0.32481461109892706,0.3033300165308617,0.2925361969955902,0.369815635684021,0.34178300836457576,0.31945927625911313,0.3806852130672051
rectangle,0.23880940316625582,0.17686559183923503,0.2843833454023985,0.34612609210150447,0.3448699739369209,0.3166083121410157,0.313006290172328,0.3437531892997988,0.306157283638556,0.3242362057786383,0.38005373265885434
parallelogram,0.3405565187360122,0.2843833454023985,0.22278326236759077,0.26225608656202765,0.3554561248384576,0.33696155010405265,0.33049277023464696,0.3378006044579969,0.3115100141478396,0.29793549946527065,0.33990322023234415
losange,0.387298899872128,0.34612609210150447,0.2622560865620277,0.2322499632905153,0.37600602446849374,0.3645930537671461,0.35889973102375333,0.3519003707440596,0.33684552800449247,0.31327872098644927,0.330207089346429
isoTrapezoid,0.324814611098927,0.344869973936921,0.3554561248384576,0.37600602446849374,0.20718594702595336,0.2754996136645039,0.2623007315004486,0.34616190401635266,0.34017820525105086,0.27484206833742264,0.29999435126846513
kite,0.3033300165308618,0.3166083121410157,0.33696155010405265,0.3645930537671461,0.2754996136645039,0.20807471145443973,0.2381239576051952,0.326244970441887,0.3147473394510884,0.3087831344291858,0.32954950661231014
rightKite,0.29253619699559025,0.313006290172328,0.3304927702346469,0.3588997310237534,0.2623007315004486,0.23812395760519517,0.20981526035637643,0.3191156638379379,0.30835624010733476,0.2818600847103472,0.31972534578735934
rustedHinge,0.3698156356840209,0.3437531892997988,0.3378006044579969,0.35190037074405967,0.34616190401635266,0.326244970441887,0.3191156638379379,0.22543129285512895,0.23731922873279213,0.33377639824351385,0.33071375085760113
hinge,0.34178300836457576,0.306157283638556,0.3115100141478396,0.33684552800449247,0.34017820525105086,0.3147473394510884,0.30835624010733476,0.23731922873279213,0.22115220732811658,0.3193618609967237,0.3245935016194378
trapezoid,0.3194592762591131,0.3242362057786383,0.29793549946527065,0.31327872098644927,0.27484206833742264,0.30878313442918576,0.2818600847103472,0.3337763982435138,0.3193618609967237,0.22433141053442465,0.2720054939204619
random,0.3806852130672051,0.38005373265885434,0.33990322023234415,0.33020708934642895,0.29999435126846513,0.32954950661231014,0.31972534578735934,0.33071375085760113,0.3245935016194378,0.2720054939204619,0.23022072468462101
