,square,rectangle,parallelogram,losange,isoTrapezoid,kite,rightKite,rustedHinge,hinge,trapezoid,random
square,0.08785659245024942,0.10027259524720485,0.10797298873032876,0.1159755853763992,0.09609726194488816,0.09414519685956346,0.09213094242340855,0.10182268486668065,0.10062359738765228,0.0969211463004527,0.10622498878584836
rectangle,0.10027259524720485,0.087803228669622,0.09517159017521569,0.10353596618904491,0.10978028640426969,0.10309031353777584,0.10187371714688487,0.09611311365146123,0.09259741352147033,0.102649135791685,0.11237886741359719
parallelogram,0.10797298873032876,0.09517159017521568,0.08878037261023165,0.09593689571277965,0.11405155358258454,0.11033973418948871,0.10730341987486215,0.10034933030540905,0.09657120276887961,0.1031321747347788,0.11154580037327311
losange,0.11597558537639918,0.1035359661890449,0.09593689571277964,0.08926162522103159,0.11672015552765838,0.1167386221354954,0.11426292198882036,0.10377430764604909,0.10167601276520712,0.10493408233033262,0.10659330682835308
isoTrapezoid,0.09609726194488816,0.10978028640426972,0.11405155358258451,0.11672015552765838,0.08933057886253908,0.0972552445980732,0.09610248051432504,0.10952204103983537,0.10932466998723113,0.09836497915190888,0.10306657457997005
kite,0.09414519685956346,0.10309031353777584,0.11033973418948871,0.1167386221354954,0.0972552445980732,0.09017588355249902,0.09351846952319245,0.10698084333286001,0.10604926673305641,0.10306402944695386,0.11059268605687377
rightKite,0.09213094242340855,0.1018737171468849,0.10730341987486215,0.11426292198882035,0.09610248051432503,0.09351846952319245,0.08925399515762149,0.10496841191888076,0.10372650021282673,0.09720055632911467,0.10756579373679714
rustedHinge,0.10182268486668065,0.09611311365146123,0.10034933030540905,0.10377430764604911,0.10952204103983537,0.10698084333286001,0.10496841191888076,0.08892517612365747,0.08970770194735668,0.10318081697329275,0.10785361109074566
hinge,0.10062359738765228,0.09259741352147033,0.09657120276887961,0.10167601276520712,0.10932466998723113,0.10604926673305638,0.10372650021282676,0.08970770194735668,0.08770218129571516,0.10157192054615127,0.10770142535143151
trapezoid,0.09692114630045272,0.10264913579168503,0.10313217473477877,0.10493408233033262,0.09836497915190888,0.10306402944695385,0.09720055632911469,0.10318081697329273,0.10157192054615127,0.08934309411778363,0.09787561558704796
random,0.10622498878584839,0.11237886741359716,0.11154580037327311,0.10659330682835308,0.10306657457997005,0.11059268605687377,0.10756579373679714,0.10785361109074566,0.10770142535143151,0.09787561558704796,0.09166502290467123
