,square,rectangle,parallelogram,losange,isoTrapezoid,kite,rightKite,rustedHinge,hinge,trapezoid,random
square,0.03532801743874028,0.04470434598147749,0.05423054380408667,0.05962395639520467,0.05213371071691002,0.05122608033779608,0.04928765904664101,0.05802766964374724,0.05490184011156286,0.05157998992576171,0.05845159842318643
rectangle,0.04470434598147749,0.0365507630999894,0.04847232445211591,0.055658534728733215,0.05924561739122485,0.05623595299713386,0.05507798337860012,0.05600664906939717,0.051457823708871094,0.054802479588373164,0.06194688502021202
parallelogram,0.05423054380408667,0.04847232445211591,0.041578096261387504,0.0470394594742846,0.06025714206648498,0.05851901438896266,0.056540852424255245,0.05606509081509877,0.052307391369765095,0.05265330872434372,0.058798724824621645
losange,0.05962395639520467,0.0556585347287332,0.0470394594742846,0.04246340473172519,0.06261337366728367,0.0621869674428641,0.06009383475167027,0.058630321802655365,0.05628355811785137,0.05492747016012649,0.0576754271854788
isoTrapezoid,0.05213371071691003,0.05924561739122484,0.06025714206648498,0.06261337366728367,0.041137982253391894,0.049479921037744845,0.048132945639914035,0.058881806892803264,0.05845804775778875,0.05014698115988322,0.05243320906098571
kite,0.05122608033779608,0.05623595299713386,0.05851901438896266,0.0621869674428641,0.049479921037744845,0.040676467498496245,0.045454257333941456,0.05763603313845301,0.05657569131727758,0.054901577402281236,0.05726779718226105
rightKite,0.04928765904664101,0.055077983378600134,0.056540852424255245,0.06009383475167027,0.048132945639914035,0.045454257333941456,0.0412060000046872,0.0568844185577732,0.055599468123834934,0.05096767452470807,0.0557531050099394
rustedHinge,0.05802766964374724,0.05600664906939717,0.05606509081509877,0.058630321802655365,0.05888180689280327,0.05763603313845301,0.0568844185577732,0.04200092693597061,0.04425515571526097,0.05546354980750488,0.055549345085460895
hinge,0.05490184011156286,0.05145782370887109,0.052307391369765095,0.05628355811785137,0.05845804775778875,0.05657569131727757,0.055599468123834934,0.044255155715260966,0.04186934914301125,0.05352246892346238,0.055426277730522375
trapezoid,0.05157998992576171,0.054802479588373164,0.05265330872434372,0.05492747016012649,0.050146981159883225,0.05490157740228125,0.05096767452470807,0.05546354980750488,0.05352246892346238,0.04130907671545906,0.04809995806767535
random,0.058451598423186424,0.06194688502021202,0.05879872482462165,0.0576754271854788,0.05243320906098571,0.05726779718226105,0.05575310500993941,0.05554934508546091,0.05542627773052236,0.04809995806767534,0.04220712658877514
