,square,rectangle,parallelogram,losange,isoTrapezoid,kite,rightKite,rustedHinge,hinge,trapezoid,random
square,0.1152915911968914,0.13404065168266582,0.1463540167608095,0.160719384566961,0.12913877119784076,0.12577655337943686,0.12269326011296479,0.138853393627402,0.13682335692010483,0.13135480466218422,0.1450289470911427
rectangle,0.13404065168266582,0.11998483537699656,0.13098602460015216,0.14461747328866112,0.14779834617757553,0.13968300346483628,0.1380771260998489,0.13422192352833473,0.12881670054392258,0.14106257573426048,0.1538658259166573
parallelogram,0.1463540167608095,0.13098602460015216,0.12638257120070398,0.13847474860504272,0.15686460972408517,0.15180533628300913,0.14811268440742106,0.14156161615949678,0.1356774623910286,0.14498168768897676,0.15650123497231616
losange,0.160719384566961,0.14461747328866112,0.13847474860504272,0.13300018429464142,0.1647825931638612,0.1642645106286564,0.16122219752932648,0.14837011223325186,0.14452404208940878,0.15139941935229842,0.15388291892175465
isoTrapezoid,0.12913877119784076,0.14779834617757553,0.15686460972408517,0.1647825931638612,0.1250820592732928,0.13362067689849919,0.13138718628800147,0.15082103765177546,0.14979733631742195,0.13666024158997553,0.14499237195726997
kite,0.12577655337943686,0.13968300346483628,0.15180533628300913,0.1642645106286564,0.13362067689849919,0.12333735218568155,0.1270086495088235,0.14830743778855113,0.14626706652151425,0.142025960223664,0.15330303887081495
rightKite,0.12269326011296479,0.1380771260998489,0.14811268440742106,0.1612221975293265,0.13138718628800147,0.1270086495088235,0.12132177510544816,0.14496411665297493,0.14285824314154386,0.1343622520911212,0.14963049492863442
rustedHinge,0.13885339362740198,0.13422192352833473,0.14156161615949675,0.14837011223325183,0.15082103765177546,0.14830743778855113,0.14496411665297493,0.12775031237420226,0.1280682598507243,0.14442026948186343,0.15047780535140434
hinge,0.13682335692010483,0.1288167005439226,0.1356774623910286,0.14452404208940875,0.14979733631742195,0.14626706652151422,0.14285824314154386,0.1280682598507243,0.12482141620820593,0.14167036947203937,0.14959484983462268
trapezoid,0.13135480466218422,0.14106257573426048,0.14498168768897676,0.15139941935229842,0.13666024158997553,0.14202596022366404,0.1343622520911212,0.14442026948186343,0.14167036947203937,0.1261925656521399,0.13928748580773886
random,0.14502894709114272,0.15386582591665734,0.15650123497231616,0.15388291892175465,0.14499237195726997,0.15330303887081495,0.14963049492863442,0.15047780535140434,0.14959484983462265,0.13928748580773886,0.13220479373841734
