,square,rectangle,parallelogram,losange,isoTrapezoid,kite,rightKite,rustedHinge,hinge,trapezoid,random
square,0.1360947832285485,0.17424774753711245,0.24971937190571936,0.2879027215255073,0.2194545606141167,0.21470454441672873,0.2097689071162026,0.2611022238840438,0.23954563819350363,0.22770081544223336,0.27442980384094384
rectangle,0.17424774753711247,0.14015072468680387,0.21533118600744725,0.2620681301203379,0.2585318954348223,0.23877606761618125,0.23642693576947305,0.25416143747193337,0.22443499488781438,0.2436093736131256,0.29280612542314716
parallelogram,0.24971937190571936,0.21533118600744725,0.16936993298369651,0.1991538843383621,0.2749002210177065,0.26602228629994606,0.2591993969801743,0.2650892572865958,0.24374188770330554,0.22657316851947254,0.2661913323618729
losange,0.2879027215255073,0.26206813012033797,0.19915388433836215,0.17762165972362842,0.2893831705121307,0.2893640966431695,0.28191909601259596,0.2792458665082429,0.26584507158761705,0.2381534093278656,0.2565310683915692
isoTrapezoid,0.21945456061411664,0.2585318954348223,0.27490022101770656,0.28938317051213064,0.1563965305142828,0.20858659552677802,0.19365673014709034,0.2649828720134611,0.26074087404860136,0.20551488762957612,0.2301776644275544
kite,0.21470454441672873,0.23877606761618134,0.26602228629994606,0.2893640966431695,0.20858659552677802,0.16233849160353273,0.18419169228158003,0.2602518745389476,0.2511289821712034,0.24114836655607147,0.26403412351020283
rightKite,0.2097689071162026,0.23642693576947307,0.2591993969801743,0.28191909601259596,0.19365673014709034,0.18419169228158,0.16135859937997893,0.24954550741120668,0.24155710139388806,0.21327216019891793,0.24679563241498656
rustedHinge,0.2611022238840438,0.2541614374719334,0.2650892572865958,0.2792458665082429,0.26498287201346105,0.2602518745389476,0.24954550741120668,0.17164971364504272,0.18090314225190637,0.2580318717600756,0.2600150175277033
hinge,0.23954563819350363,0.22443499488781438,0.24374188770330554,0.2658450715876171,0.2607408740486014,0.2511289821712034,0.24155710139388806,0.18090314225190637,0.16987283028904987,0.24601444847567128,0.255458773716634
trapezoid,0.2277008154422333,0.2436093736131256,0.22657316851947254,0.2381534093278656,0.20551488762957612,0.24114836655607141,0.21327216019891793,0.2580318717600756,0.24601444847567133,0.16525313052314425,0.20426576544507563
random,0.27442980384094384,0.2928061254231472,0.2661913323618729,0.25653106839156925,0.23017766442755438,0.26403412351020283,0.24679563241498656,0.2600150175277033,0.255458773716634,0.20426576544507563,0.17891628774276636
