,square,rectangle,parallelogram,losange,isoTrapezoid,kite,rightKite,rustedHinge,hinge,trapezoid,random
square,0.20507286785011114,0.27178612315383655,0.35561449308909643,0.397691560111258,0.3488079572937532,0.33218654064104364,0.32374664488609367,0.3917384769468063,0.36475306582068456,0.3471018257067076,0.402894532824697
rectangle,0.27178612315383655,0.21156889164392007,0.3189262485194844,0.37711546218716424,0.3895703852568218,0.3660033144877475,0.3597802986170952,0.3854630237616673,0.34666991009193243,0.3703707878619502,0.42506814902627443
parallelogram,0.35561449308909643,0.3189262485194844,0.26001479639054387,0.302130494028782,0.3892808839543916,0.37605453852477316,0.36710494696771406,0.37434007109414624,0.34839090186922,0.34384274285564626,0.38557263047037094
losange,0.397691560111258,0.3771154621871643,0.30213049402878206,0.264524829301425,0.40070925996544715,0.3972602796905227,0.39050079605555404,0.38243256640279505,0.370728499434887,0.3543448324967634,0.36871911845315813
isoTrapezoid,0.3488079572937532,0.3895703852568218,0.3892808839543916,0.40070925996544715,0.24870842791878423,0.3169929002282584,0.3043215439056382,0.3741391385230959,0.37067543316818347,0.3188605915577691,0.336554515583009
kite,0.33218654064104364,0.3660033144877475,0.37605453852477316,0.3972602796905227,0.3169929002282584,0.24676837049400466,0.27734018995688814,0.3606066640564138,0.3507757033841526,0.3517798458327918,0.3666436526501521
rightKite,0.32374664488609367,0.3597802986170952,0.36710494696771406,0.3905007960555541,0.3043215439056382,0.27734018995688814,0.24800953058514186,0.35683447003621144,0.3451856302034663,0.3252419559207373,0.35647234628389535
rustedHinge,0.39173847694680625,0.3854630237616673,0.37434007109414624,0.38243256640279505,0.3741391385230959,0.3606066640564138,0.35683447003621144,0.25640371978551557,0.2733963953362836,0.37504017893418473,0.3647935172357213
hinge,0.36475306582068456,0.3466699100919324,0.34839090186922,0.370728499434887,0.37067543316818347,0.3507757033841526,0.3451856302034663,0.2733963953362836,0.255439958682519,0.3605819651193736,0.3636506072451036
trapezoid,0.34710182570670767,0.3703707878619502,0.3438427428556462,0.35434483249676346,0.3188605915577691,0.3517798458327918,0.3252419559207373,0.3750401789341847,0.3605819651193736,0.26641110072028107,0.31595516583455885
random,0.40289453282469695,0.4250681490262743,0.38557263047037094,0.36871911845315813,0.336554515583009,0.3666436526501521,0.35647234628389535,0.3647935172357213,0.3636506072451036,0.31595516583455885,0.265753272961848
