,square,rectangle,parallelogram,losange,isoTrapezoid,kite,rightKite,rustedHinge,hinge,trapezoid,random
square,0.1190392819751021,0.15057285153359048,0.17661915719571375,0.19503028631619512,0.1711071231248965,0.16869544080860946,0.15847566905383928,0.19863166662978374,0.1910117830508332,0.17977022881830446,0.21450745172914404
rectangle,0.15057285153359048,0.12327065920917998,0.15471372347226975,0.1778274709723943,0.19728975002880522,0.1859851103931116,0.17937804632145513,0.19086296467674996,0.17778887227527512,0.1923989767730778,0.22796903074264344
parallelogram,0.17661915719571375,0.15471372347226975,0.12849221921030154,0.14577398511526407,0.199205485257291,0.1938643042681896,0.1840556532717655,0.18771689135623415,0.17591192456023086,0.18127461535903117,0.2118616527601213
losange,0.19503028631619512,0.17782747097239432,0.14577398511526407,0.13278745872287043,0.20825089050211773,0.20850571890588337,0.1979376814884852,0.19675554687907337,0.18879059422061403,0.18712292527275173,0.20641191236173273
isoTrapezoid,0.17110712312489654,0.19728975002880522,0.199205485257291,0.20825089050211773,0.13879732815699022,0.16540400985045486,0.15892300260720627,0.20426240837328927,0.20406972256905853,0.1743011017034929,0.19140482145685592
kite,0.16869544080860946,0.18598511039311158,0.19386430426818957,0.20850571890588343,0.16540400985045486,0.13685593775592678,0.15093285555079192,0.2030265757553537,0.20006892336742252,0.19214680257364714,0.21151116250828214
rightKite,0.15847566905383928,0.17937804632145513,0.1840556532717655,0.1979376814884852,0.15892300260720627,0.15093285555079192,0.13417302619584323,0.19837816317416845,0.1945640864639075,0.17720067139019863,0.20512778644849428
rustedHinge,0.19863166662978374,0.19086296467674996,0.18771689135623415,0.19675554687907337,0.20426240837328927,0.20302657575535366,0.19837816317416845,0.14641241571327643,0.15476173463843346,0.19434105575615374,0.20633419205603526
hinge,0.1910117830508332,0.17778887227527512,0.17591192456023083,0.18879059422061403,0.20406972256905853,0.20006892336742246,0.1945640864639075,0.15476173463843348,0.14841789705473485,0.19030285366647942,0.20663554570480316
trapezoid,0.17977022881830446,0.19239897677307782,0.18127461535903117,0.18712292527275173,0.1743011017034929,0.19214680257364714,0.17720067139019863,0.19434105575615376,0.1903028536664794,0.14759461918147612,0.179180960218685
random,0.2145074517291441,0.22796903074264344,0.2118616527601213,0.20641191236173273,0.1914048214568559,0.21151116250828214,0.20512778644849428,0.2063341920560352,0.20663554570480316,0.179180960218685,0.1625695779625033
