,square,rectangle,parallelogram,losange,isoTrapezoid,kite,rightKite,rustedHinge,hinge,trapezoid,random
square,0.1541742107390297,0.2016320447511903,0.2958571108408794,0.3435808042432189,0.27259623549206086,0.26992616587580553,0.2563889282806599,0.31760926443954507,0.29208362847270547,0.2808880709663388,0.3428993960431713
rectangle,0.2016320447511903,0.15926865167533474,0.2561968515620185,0.312642504272712,0.31137200004208815,0.29546607758238913,0.2845411263543983,0.30811256631679057,0.2727379965019029,0.2970116529172267,0.35938995129754475
parallelogram,0.2958571108408794,0.2561968515620185,0.19856773837364827,0.23337537698648728,0.32006969744540886,0.31457041424359317,0.3030317822449803,0.3114688451571888,0.28549127592590395,0.2688786626017787,0.31563346428888095
losange,0.3435808042432189,0.312642504272712,0.23337537698648728,0.20629593949843533,0.33707964598640294,0.3425899432623382,0.3314337418160559,0.3281189127015168,0.31262506312444366,0.28134839886196683,0.30151456197789495
isoTrapezoid,0.2725962354920608,0.31137200004208815,0.3200696974454088,0.33707964598640294,0.1844636212909063,0.25000672408018276,0.2309751479513826,0.3137449513827249,0.310198095400944,0.2450726790962892,0.2745796900019625
kite,0.26992616587580553,0.2954660775823891,0.31457041424359317,0.3425899432623382,0.25000672408018276,0.190943291500359,0.21705333677232005,0.307023170068859,0.29802790328666096,0.2917085984490635,0.315012604820809
rightKite,0.2563889282806599,0.2845411263543983,0.3030317822449803,0.3314337418160559,0.23097514795138255,0.2170533367723201,0.18817731028501924,0.29394347586131286,0.2846589710133704,0.25788442973696374,0.296401755084758
rustedHinge,0.31760926443954507,0.3081125663167905,0.31146884515718876,0.3281189127015168,0.31374495138272485,0.307023170068859,0.2939434758613129,0.2027826259133087,0.21435691136940901,0.31008510330171213,0.30986740328942375
hinge,0.29208362847270547,0.2727379965019029,0.28549127592590395,0.31262506312444366,0.310198095400944,0.2980279032866609,0.2846589710133704,0.21435691136940901,0.19971387372564142,0.2969699966790367,0.30673576692859
trapezoid,0.2808880709663388,0.2970116529172267,0.2688786626017787,0.28134839886196683,0.24507267909628924,0.2917085984490635,0.2578844297369637,0.3100851033017121,0.2969699966790367,0.2009201776773523,0.24775023113112285
random,0.34289939604317127,0.35938995129754475,0.31563346428888095,0.30151456197789495,0.2745796900019625,0.31501260482080895,0.296401755084758,0.30986740328942375,0.30673576692859,0.2477502311311228,0.2107661970949538
