,square,rectangle,parallelogram,losange,isoTrapezoid,kite,rightKite,rustedHinge,hinge,trapezoid,random
square,0.17931531877826737,0.23958802621874217,0.305232160852928,0.3316082415421169,0.2869884232757571,0.279685383119248,0.27182479935039144,0.3218249272988437,0.306735742896492,0.2924853660670562,0.33081150691513433
rectangle,0.23958802621874223,0.18738198812174528,0.26749687492455165,0.3080548118879779,0.3184795339936393,0.30295310062880854,0.29893216413738144,0.3101662061729262,0.28715099606483957,0.3071053501294099,0.34588158738325125
parallelogram,0.30523216085292804,0.26749687492455165,0.21574850101871543,0.2465171809488887,0.31726268579136696,0.3124419845492548,0.3045870509287334,0.30434088949821886,0.28953308869763544,0.28570478630970547,0.3158950878642084
losange,0.3316082415421168,0.3080548118879779,0.2465171809488887,0.21435945557594802,0.3256787656521829,0.32690404303806786,0.32003776604933426,0.31077606869956886,0.3052140124511068,0.29236046882972144,0.3013926450371805
isoTrapezoid,0.2869884232757571,0.3184795339936393,0.31726268579136696,0.32567876565218284,0.20156960381348962,0.25522152951392985,0.24489001193968615,0.3021328842629387,0.3012461004214307,0.2612436894477063,0.27262456732018414
kite,0.279685383119248,0.30295310062880854,0.3124419845492548,0.32690404303806786,0.25522152951392985,0.20442656072981813,0.23072038931315167,0.3009345114191308,0.296110708375555,0.29184319353155463,0.30258481316686114
rightKite,0.27182479935039144,0.29893216413738144,0.3045870509287334,0.32003776604933426,0.2448900119396862,0.2307203893131516,0.20464971876943774,0.2958697474803686,0.2892990679966006,0.2691967651371911,0.292963786464791
rustedHinge,0.32182492729884377,0.3101662061729261,0.30434088949821886,0.31077606869956886,0.3021328842629387,0.3009345114191308,0.2958697474803686,0.211201063606063,0.2255329942265417,0.3015868291714317,0.29421533837836583
hinge,0.306735742896492,0.28715099606483957,0.28953308869763544,0.3052140124511068,0.3012461004214307,0.296110708375555,0.28929906799660066,0.2255329942265417,0.21438423531845827,0.2949926218474307,0.2959205499275887
trapezoid,0.2924853660670562,0.3071053501294099,0.2857047863097054,0.2923604688297215,0.2612436894477063,0.29184319353155463,0.2691967651371911,0.3015868291714317,0.2949926218474307,0.22140422875692173,0.2588228452469861
random,0.33081150691513433,0.34588158738325125,0.3158950878642084,0.30139264503718055,0.2726245673201841,0.30258481316686114,0.292963786464791,0.29421533837836583,0.29592054992758876,0.2588228452469861,0.2169612666477524
