,square,rectangle,parallelogram,losange,isoTrapezoid,kite,rightKite,rustedHinge,hinge,trapezoid,random
square,0.15417429403610586,0.18050889711335233,0.21980802909633915,0.24353559139605496,0.18362609783833264,0.1826871685071084,0.17826168114395133,0.20602880146465724,0.19812996668736263,0.19264116549281463,0.22002461955421998
rectangle,0.18050889711335233,0.15209962478856812,0.18864251753388098,0.21688436820241877,0.2181005598219053,0.2010643080679056,0.20009531960346966,0.1974461838044296,0.18223497996991264,0.2044341928928659,0.23733225701972224
parallelogram,0.21980802909633915,0.18864251753388095,0.15957708025683376,0.17896610865662352,0.23998688484451902,0.23961892142742974,0.22385225055704622,0.2195963553523433,0.20211105632041093,0.19582635673448684,0.22390363576438507
losange,0.24353559139605493,0.21688436820241877,0.17896610865662355,0.16020317930056466,0.2498573217798421,0.2575753829757804,0.24271704178861342,0.22973004350531523,0.2181105600162293,0.20199367662031867,0.21370856405580704
isoTrapezoid,0.1836260978383326,0.21810055982190524,0.23998688484451902,0.2498573217798421,0.1604538953480377,0.1885843090204507,0.18319123207770804,0.22831817606493668,0.226088784043845,0.19405963567578663,0.20855645319580904
kite,0.18268716850710842,0.20106430806790562,0.23961892142742974,0.2575753829757804,0.1885843090204507,0.16196321364692529,0.17601443285238433,0.22579838681471143,0.2223212347552184,0.21971662141131357,0.24172036137450736
rightKite,0.17826168114395136,0.20009531960346966,0.22385225055704622,0.24271704178861342,0.18319123207770804,0.17601443285238433,0.15927087972086618,0.22141946824620204,0.21717456930740667,0.1934488025456926,0.2225953718821849
rustedHinge,0.20602880146465724,0.19744618380442958,0.21959635535234323,0.22973004350531526,0.22831817606493668,0.22579838681471143,0.22141946824620204,0.16047823263160257,0.16659953363488214,0.22050459226426053,0.22849214357586584
hinge,0.19812996668736263,0.18223497996991264,0.20211105632041085,0.2181105600162293,0.22608878404384494,0.2223212347552184,0.21717456930740667,0.16659953363488214,0.16101269289275633,0.21088267585669906,0.2240644150957136
trapezoid,0.19264116549281465,0.2044341928928659,0.19582635673448684,0.20199367662031867,0.19405963567578663,0.21971662141131357,0.19344880254569258,0.22050459226426053,0.21088267585669906,0.16030413397675555,0.18288397835393996
random,0.22002461955421998,0.23733225701972224,0.22390363576438505,0.21370856405580704,0.20855645319580904,0.24172036137450736,0.22259537188218492,0.22849214357586584,0.2240644150957136,0.18288397835393996,0.16791096406908043
