,square,rectangle,parallelogram,losange,isoTrapezoid,kite,rightKite,rustedHinge,hinge,trapezoid,random
square,1.1102230246251565e-16,0.048339468566622634,0.07304609434223408,0.10160621695970418,0.03037930484711293,0.021232650545308207,0.016108032442956333,0.05154321982489052,0.049786469652574716,0.033098453149803087,0.06511439941541897
rectangle,0.048339468566622634,1.1102230246251565e-16,0.02932336125065671,0.061912089415501304,0.08762700759035191,0.05802966314610236,0.05353101890481582,0.031773108396902394,0.021233969131904784,0.05709747381300456,0.0912827231866653
parallelogram,0.07304609434223408,0.02932336125065671,0.0,0.03020461346047365,0.09655124118954439,0.08254709875623811,0.07067952622441498,0.04711990483691364,0.035257015233652655,0.05914492582283648,0.0873081131698683
losange,0.10160621695970418,0.061912089415501304,0.03020461346047365,0.0,0.1053795641065074,0.10484645921974745,0.09641771229497076,0.05695305330223488,0.0520182137685169,0.06444030181710658,0.06539440348276482
isoTrapezoid,0.03037930484711293,0.08762700759035191,0.09655124118954439,0.1053795641065074,1.1102230246251565e-16,0.03311795625172409,0.029076124065029907,0.08214669054715473,0.08462852931386722,0.03934509891651783,0.057128302220536886
kite,0.021232650545308207,0.05802966314610236,0.08254709875623811,0.10484645921974745,0.03311795625172409,0.0,0.015923035206885983,0.07176860065592539,0.07085305972752076,0.05170505802596359,0.07885259311461923
rightKite,0.016108032442956333,0.05353101890481582,0.07067952622441498,0.09641771229497076,0.029076124065029907,0.015923035206885983,0.0,0.0630658364075386,0.0611607852265027,0.03326923062285403,0.07099743348319576
rustedHinge,0.05154321982489052,0.031773108396902394,0.04711990483691364,0.05695305330223488,0.08214669054715473,0.07176860065592539,0.0630658364075386,0.0,0.006526576785136573,0.05610998393271238,0.07041906634496709
hinge,0.049786469652574716,0.021233969131904784,0.035257015233652655,0.0520182137685169,0.08462852931386722,0.07085305972752076,0.0611607852265027,0.006526576785136573,0.0,0.05309222995200713,0.07325435979835504
trapezoid,0.033098453149803087,0.05709747381300456,0.05914492582283648,0.06444030181710658,0.03934509891651783,0.05170505802596359,0.03326923062285403,0.05610998393271238,0.05309222995200713,0.0,0.03373437332115714
random,0.06511439941541897,0.0912827231866653,0.0873081131698683,0.06539440348276482,0.057128302220536886,0.07885259311461923,0.07099743348319576,0.07041906634496709,0.07325435979835504,0.03373437332115714,0.0
