,square,rectangle,parallelogram,losange,isoTrapezoid,kite,rightKite,rustedHinge,hinge,trapezoid,random
square,0.0,0.03140797721229771,0.05547820721998997,0.07873633211983366,0.020224167318107833,0.01554942546436644,0.010991524953807175,0.03775959548303809,0.03474554729944257,0.025747284216361632,0.0501137023347602
rectangle,0.03140797721229771,1.1102230246251565e-16,0.022023522955026298,0.04933541504065919,0.06154843997432924,0.040164040529732215,0.03774183196503467,0.025687071102334036,0.01621995032276413,0.04163626413238708,0.07004020616507989
parallelogram,0.05547820721998997,0.022023522955026298,1.1102230246251565e-16,0.020840753626635067,0.07337368980866255,0.06473764604995746,0.05456920395497744,0.03893025590254018,0.0278200345100027,0.03957839687700382,0.06270595160492853
losange,0.07873633211983366,0.04933541504065919,0.020840753626635067,0.0,0.08232592877928124,0.08443930055637372,0.07476927387638299,0.048811078461839186,0.043289660064353086,0.04310238117015508,0.04634227518435419
isoTrapezoid,0.020224167318107833,0.06154843997432924,0.07337368980866255,0.08232592877928124,0.0,0.023175371613581297,0.019702590670784947,0.06158114848139362,0.061201533383499096,0.027536024679469584,0.04065884618195903
kite,0.01554942546436644,0.040164040529732215,0.06473764604995746,0.08443930055637372,0.023175371613581297,0.0,0.01150127531183942,0.05519605453048837,0.05331722498639624,0.043425417577229064,0.06529535603595948
rightKite,0.010991524953807175,0.03774183196503467,0.05456920395497744,0.07476927387638299,0.019702590670784947,0.01150127531183942,0.0,0.05020015452158644,0.04726579080402782,0.025024719975601517,0.0544065661994656
rustedHinge,0.03775959548303809,0.025687071102334036,0.03893025590254018,0.048811078461839186,0.06158114848139362,0.05519605453048837,0.05020015452158644,0.0,0.004036816163001222,0.04465356290436462,0.05463062803176455
hinge,0.03474554729944257,0.01621995032276413,0.0278200345100027,0.043289660064353086,0.061201533383499096,0.05331722498639624,0.04726579080402782,0.004036816163001222,1.1102230246251565e-16,0.03987367460771063,0.054596006955224374
trapezoid,0.025747284216361632,0.04163626413238708,0.03957839687700382,0.04310238117015508,0.027536024679469584,0.043425417577229064,0.025024719975601517,0.04465356290436462,0.03987367460771063,0.0,0.020710261456553747
random,0.0501137023347602,0.07004020616507989,0.06270595160492853,0.04634227518435419,0.04065884618195903,0.06529535603595948,0.0544065661994656,0.05463062803176455,0.054596006955224374,0.020710261456553747,1.1102230246251565e-16
