,square,rectangle,parallelogram,losange,isoTrapezoid,kite,rightKite,rustedHinge,hinge,trapezoid,random
square,0.0,0.014656139093637721,0.04099074018982207,0.09401570488849831,0.06150960966512875,0.03026050454398188,0.03996600923409355,0.038880670573692044,0.03497803292171342,0.0862560713793421,0.10850027749584634
rectangle,0.014656139093637721,0.0,0.03465190775238469,0.09247983390102776,0.08055477816220791,0.03564755701122668,0.049701225709081975,0.02708155756102848,0.02213189994371989,0.09977273138917364,0.12357061815344228
parallelogram,0.04099074018982207,0.03465190775238469,2.220446049250313e-16,0.02250966924688702,0.037565906207487454,0.04374364124791119,0.02909409720090228,0.04391530869959037,0.03647558618649582,0.035678405249869094,0.051810326805550644
losange,0.09401570488849831,0.09247983390102776,0.02250966924688702,0.0,0.03713215248809265,0.08946667305127576,0.05272079318978362,0.09194860043351138,0.08360062444837191,0.019659711934816082,0.027112755191586402
isoTrapezoid,0.06150960966512875,0.08055477816220791,0.037565906207487454,0.03713215248809265,0.0,0.04789047245900513,0.021291836720543245,0.07616396843539741,0.06962582043609333,0.014690560653065399,0.02486934031717014
kite,0.03026050454398188,0.03564755701122668,0.04374364124791119,0.08946667305127576,0.04789047245900513,0.0,0.014984229175797337,0.03055424483407876,0.02868409767489133,0.07646353888743596,0.09192905028125864
rightKite,0.03996600923409355,0.049701225709081975,0.02909409720090228,0.05272079318978362,0.021291836720543245,0.014984229175797337,0.0,0.041497771410438644,0.037524382460199956,0.03537496259175377,0.04812136065613104
rustedHinge,0.038880670573692044,0.02708155756102848,0.04391530869959037,0.09194860043351138,0.07616396843539741,0.03055424483407876,0.041497771410438644,0.0,0.0033526871296200023,0.09423822151873684,0.10425956991429519
hinge,0.03497803292171342,0.02213189994371989,0.03647558618649582,0.08360062444837191,0.06962582043609333,0.02868409767489133,0.037524382460199956,0.0033526871296200023,0.0,0.08547594715689111,0.09674394742604941
trapezoid,0.0862560713793421,0.09977273138917364,0.035678405249869094,0.019659711934816082,0.014690560653065399,0.07646353888743596,0.03537496259175377,0.09423822151873684,0.08547594715689111,2.220446049250313e-16,0.011417180289114093
random,0.10850027749584634,0.12357061815344228,0.051810326805550644,0.027112755191586402,0.02486934031717014,0.09192905028125864,0.04812136065613104,0.10425956991429519,0.09674394742604941,0.011417180289114093,0.0
