,square,rectangle,parallelogram,losange,isoTrapezoid,kite,rightKite,rustedHinge,hinge,trapezoid,random
square,0.0,0.011679600527610634,0.03191816411822734,0.08768231061963216,0.05473191774747366,0.01240463989992091,0.026044483400536778,0.023979435951998584,0.021101536396680665,0.08149184404149634,0.09666363011579915
rectangle,0.011679600527610634,1.1102230246251565e-16,0.030440195104047163,0.09039783584709571,0.07263821860338815,0.016834377760912567,0.035074438865790536,0.011876210482438032,0.008772512593957282,0.09619394592387887,0.11307012910287739
parallelogram,0.03191816411822734,0.030440195104047163,0.0,0.021303481590824402,0.02375842673050066,0.02777668571602876,0.013164092466992017,0.03427513465150778,0.027926279786171904,0.02826999973322053,0.03771724602226989
losange,0.08768231061963216,0.09039783584709571,0.021303481590824402,1.1102230246251565e-16,0.020942258181163464,0.07813925261319765,0.037949109057432984,0.08855990311823547,0.080000601494014,0.010020973777134734,0.01346734466800159
isoTrapezoid,0.05473191774747366,0.07263821860338815,0.02375842673050066,0.020942258181163464,0.0,0.04743091022965584,0.017897286814720248,0.07352421656146824,0.06580673482854593,0.008161212861009681,0.015041509977278267
kite,0.01240463989992091,0.016834377760912567,0.02777668571602876,0.07813925261319765,0.04743091022965584,0.0,0.013166332609738651,0.017092891686645628,0.015719323524690743,0.0736785457990411,0.08519330651136803
rightKite,0.026044483400536778,0.035074438865790536,0.013164092466992017,0.037949109057432984,0.017897286814720248,0.013166332609738651,1.1102230246251565e-16,0.03321212235573867,0.029199297408002645,0.030786607646827058,0.03899048865913779
rustedHinge,0.023979435951998584,0.011876210482438032,0.03427513465150778,0.08855990311823547,0.07352421656146824,0.017092891686645628,0.03321212235573867,1.1102230246251565e-16,0.002108840263230216,0.09542866105384529,0.10600438912266263
hinge,0.021101536396680665,0.008772512593957282,0.027926279786171904,0.080000601494014,0.06580673482854593,0.015719323524690743,0.029199297408002645,0.002108840263230216,1.1102230246251565e-16,0.086115150891651,0.0972946872558833
trapezoid,0.08149184404149634,0.09619394592387887,0.02826999973322053,0.010020973777134734,0.008161212861009681,0.0736785457990411,0.030786607646827058,0.09542866105384529,0.086115150891651,0.0,0.005420459677602407
random,0.09666363011579915,0.11307012910287739,0.03771724602226989,0.01346734466800159,0.015041509977278267,0.08519330651136803,0.03899048865913779,0.10600438912266263,0.0972946872558833,0.005420459677602407,1.1102230246251565e-16
