,square,rectangle,parallelogram,losange,isoTrapezoid,kite,rightKite,rustedHinge,hinge,trapezoid,random
square,0.0,0.032524525030693696,0.1283329946281654,0.1846798257333626,0.16598242620585435,0.18468493441154343,0.18233109053133878,0.1881887006011671,0.17716525487880674,0.1729020763880671,0.2588719933198923
rectangle,0.032524525030693696,0.0,0.09610624650775212,0.16248227602757004,0.20472873531762692,0.2072533503968128,0.20752852247276377,0.18601767717555273,0.16830400929408107,0.18968363347190187,0.27987995880662264
parallelogram,0.1283329946281654,0.09610624650775212,1.1102230246251565e-16,0.03249568720713247,0.16344701740112588,0.18336162345748785,0.17139667972797523,0.14382510174464458,0.13130070122512494,0.11054391812966058,0.18965166692642155
losange,0.1846798257333626,0.16248227602757004,0.03249568720713247,0.0,0.16985852404593316,0.20024676102843475,0.1819539214822503,0.1461619286130994,0.14299129344798944,0.10189106681625448,0.1504468657126471
isoTrapezoid,0.16598242620585435,0.20472873531762692,0.16344701740112588,0.16985852404593316,0.0,0.06542199707032637,0.05002246437034408,0.11353258712627523,0.11266239403581946,0.05559829943818828,0.09322666346619979
kite,0.18468493441154343,0.2072533503968128,0.18336162345748785,0.20024676102843475,0.06542199707032637,0.0,0.02556815393576506,0.11049882039577785,0.10094346697668921,0.09317209953071537,0.12933645753184597
rightKite,0.18233109053133878,0.20752852247276377,0.17139667972797523,0.1819539214822503,0.05002246437034408,0.02556815393576506,1.1102230246251565e-16,0.09091669980207051,0.08560550492319963,0.06418287454535376,0.09806693057821403
rustedHinge,0.1881887006011671,0.18601767717555273,0.14382510174464458,0.1461619286130994,0.11353258712627523,0.11049882039577785,0.09091669980207051,1.1102230246251565e-16,0.011810015274990593,0.1036886535895919,0.1032442172575535
hinge,0.17716525487880674,0.16830400929408107,0.13130070122512494,0.14299129344798944,0.11266239403581946,0.10094346697668921,0.08560550492319963,0.011810015274990593,0.0,0.09724761920364666,0.10381022872775958
trapezoid,0.1729020763880671,0.18968363347190187,0.11054391812966058,0.10189106681625448,0.05559829943818828,0.09317209953071537,0.06418287454535376,0.1036886535895919,0.09724761920364666,1.1102230246251565e-16,0.05486411160398885
random,0.2588719933198923,0.27987995880662264,0.18965166692642155,0.1504468657126471,0.09322666346619979,0.12933645753184597,0.09806693057821403,0.1032442172575535,0.10381022872775958,0.05486411160398885,1.1102230246251565e-16
