,square,rectangle,parallelogram,losange,isoTrapezoid,kite,rightKite,rustedHinge,hinge,trapezoid,random
square,0.0,0.03308135478071972,0.12831745736687283,0.18546963891423185,0.17146386656969848,0.19060728981383823,0.1894044289936072,0.19353410641052204,0.183169308445139,0.17683327825521955,0.2612954435270326
rectangle,0.03308135478071972,0.0,0.09550562123958384,0.15975837318608088,0.20010403305071967,0.20470640650507477,0.20701930158594795,0.18590095409823326,0.16974326666613382,0.18653979175103386,0.2715056803935322
parallelogram,0.12831745736687283,0.09550562123958384,1.1102230246251565e-16,0.030503136998047964,0.14983592956904546,0.16977974123080153,0.16131607411389093,0.13634295612737535,0.12603683082284078,0.10408153954485855,0.1765877508144703
losange,0.18546963891423185,0.15975837318608088,0.030503136998047964,0.0,0.15675757934231938,0.18588921236875522,0.1712537272204958,0.13931109512390294,0.13707059097270613,0.09738985349366769,0.1427668425135119
isoTrapezoid,0.17146386656969848,0.20010403305071967,0.14983592956904546,0.15675757934231938,1.1102230246251565e-16,0.05817675729459271,0.0452190165562697,0.10136253780521587,0.09979633062104398,0.048118104409793916,0.0828570502847027
kite,0.19060728981383823,0.20470640650507477,0.16977974123080153,0.18588921236875522,0.05817675729459271,0.0,0.023664847837601255,0.09790750368648105,0.08819636353366145,0.08147753745482234,0.11363909519874515
rightKite,0.1894044289936072,0.20701930158594795,0.16131607411389093,0.1712537272204958,0.0452190165562697,0.023664847837601255,1.1102230246251565e-16,0.08128703356855005,0.07619951900137467,0.05755776272459512,0.08687893387837797
rustedHinge,0.19353410641052204,0.18590095409823326,0.13634295612737535,0.13931109512390294,0.10136253780521587,0.09790750368648105,0.08128703356855005,0.0,0.010914856771682802,0.09492928155786107,0.09344241008302734
hinge,0.183169308445139,0.16974326666613382,0.12603683082284078,0.13707059097270613,0.09979633062104398,0.08819636353366145,0.07619951900137467,0.010914856771682802,0.0,0.08877812185219269,0.09343983689484325
trapezoid,0.17683327825521955,0.18653979175103386,0.10408153954485855,0.09738985349366769,0.048118104409793916,0.08147753745482234,0.05755776272459512,0.09492928155786107,0.08877812185219269,0.0,0.049818036097617924
random,0.2612954435270326,0.2715056803935322,0.1765877508144703,0.1427668425135119,0.0828570502847027,0.11363909519874515,0.08687893387837797,0.09344241008302734,0.09343983689484325,0.049818036097617924,1.1102230246251565e-16
