,square,rectangle,parallelogram,losange,isoTrapezoid,kite,rightKite,rustedHinge,hinge,trapezoid,random
square,0.0,0.025939796557659878,0.058486545434360604,0.08799276051848082,0.027872872184433906,0.026018920103291876,0.023633941482487764,0.04833016108771471,0.04295923826107306,0.0356353511601436,0.06599979782428145
rectangle,0.025939796557659878,0.0,0.029464532489070328,0.06515368538695998,0.06370865750807186,0.046142481334455976,0.045245937438226136,0.03980892104833611,0.028870461825507676,0.04938918178881513,0.08585992731175007
parallelogram,0.058486545434360604,0.029464532489070328,0.0,0.022471787229578544,0.07523091364188506,0.07514999507052333,0.06196453659146717,0.05649449354105207,0.04335246101804335,0.03895890675156821,0.06835332988772358
losange,0.08799276051848082,0.06515368538695998,0.022471787229578544,0.0,0.08743299158267803,0.09949149067085039,0.08359045243419605,0.07301205619927464,0.06497450263838034,0.04202099169450879,0.052360247815428695
isoTrapezoid,0.027872872184433906,0.06370865750807186,0.07523091364188506,0.08743299158267803,0.0,0.029134708974240198,0.025681045937747893,0.07259453917576542,0.07023199693122528,0.02929207461955885,0.04459081983468027
kite,0.026018920103291876,0.046142481334455976,0.07514999507052333,0.09949149067085039,0.029134708974240198,0.0,0.014423739913052236,0.06320679852260269,0.059862098799338126,0.05751504462378543,0.07847277396299035
rightKite,0.023633941482487764,0.045245937438226136,0.06196453659146717,0.08359045243419605,0.025681045937747893,0.014423739913052236,0.0,0.06126904933926858,0.05650370799860649,0.03290308859163382,0.060031479554717104
rustedHinge,0.04833016108771471,0.03980892104833611,0.05649449354105207,0.07301205619927464,0.07259453917576542,0.06320679852260269,0.06126904933926858,0.0,0.005560204021325843,0.062306600369686715,0.06923311979692814
hinge,0.04295923826107306,0.028870461825507676,0.04335246101804335,0.06497450263838034,0.07023199693122528,0.059862098799338126,0.05650370799860649,0.005560204021325843,0.0,0.055210900538471,0.06529265220251834
trapezoid,0.0356353511601436,0.04938918178881513,0.03895890675156821,0.04202099169450879,0.02929207461955885,0.05751504462378543,0.03290308859163382,0.062306600369686715,0.055210900538471,1.1102230246251565e-16,0.021703487053953086
random,0.06599979782428145,0.08585992731175007,0.06835332988772358,0.052360247815428695,0.04459081983468027,0.07847277396299035,0.060031479554717104,0.06923311979692814,0.06529265220251834,0.021703487053953086,0.0
