,square,rectangle,parallelogram,losange,isoTrapezoid,kite,rightKite,rustedHinge,hinge,trapezoid,random
square,0.0,0.03207383701097155,0.05262045134243065,0.07475908540023579,0.019458935251830622,0.014440029441313507,0.010060027903857183,0.03656435396379809,0.03421538946386882,0.023901974579271346,0.046856327288143707
rectangle,0.03207383701097155,0.0,0.020267389739388686,0.04543827340356865,0.060078279102678156,0.03967535507491726,0.0372421128912771,0.023705790296552953,0.015043199201969393,0.04024753031067574,0.06555859084456461
parallelogram,0.05262045134243065,0.020267389739388686,0.0,0.021175831400526368,0.06905928305687925,0.06014835788193118,0.051550277466218875,0.0353253431861551,0.0255595443588974,0.04002369699985131,0.06081487499421556
losange,0.07475908540023579,0.04543827340356865,0.021175831400526368,1.1102230246251565e-16,0.07706383285811991,0.0781193627719764,0.07116252562250369,0.04326488250466087,0.038988896697444986,0.04393792735286939,0.04503284652077122
isoTrapezoid,0.019458935251830622,0.060078279102678156,0.06905928305687925,0.07706383285811991,1.1102230246251565e-16,0.022267923249467025,0.019296089007821315,0.05845067875929688,0.05877156329893318,0.02632459468783921,0.03923757742757927
kite,0.014440029441313507,0.03967535507491726,0.06014835788193118,0.0781193627719764,0.022267923249467025,0.0,0.010715174498431512,0.05188818562477293,0.05045619048899619,0.03901282218466995,0.059111979439830487
rightKite,0.010060027903857183,0.0372421128912771,0.051550277466218875,0.07116252562250369,0.019296089007821315,0.010715174498431512,0.0,0.04665714185138348,0.044371633226578,0.023479152192837693,0.051322249069626014
rustedHinge,0.03656435396379809,0.023705790296552953,0.0353253431861551,0.04326488250466087,0.05845067875929688,0.05188818562477293,0.04665714185138348,0.0,0.0037637852439349473,0.041505286504493144,0.05039839814055247
hinge,0.03421538946386882,0.015043199201969393,0.0255595443588974,0.038988896697444986,0.05877156329893318,0.05045619048899619,0.044371633226578,0.0037637852439349473,0.0,0.03798093012310655,0.05145019432570952
trapezoid,0.023901974579271346,0.04024753031067574,0.04002369699985131,0.04393792735286939,0.02632459468783921,0.03901282218466995,0.023479152192837693,0.041505286504493144,0.03798093012310655,1.1102230246251565e-16,0.021664961124818305
random,0.046856327288143707,0.06555859084456461,0.06081487499421556,0.04503284652077122,0.03923757742757927,0.059111979439830487,0.051322249069626014,0.05039839814055247,0.05145019432570952,0.021664961124818305,1.1102230246251565e-16
