,square,rectangle,parallelogram,losange,isoTrapezoid,kite,rightKite,rustedHinge,hinge,trapezoid,random
square,0.0,0.0007487296340336069,0.003179609966749042,0.0041135206794705725,0.0026462942362011077,0.0030203184466364164,0.0028684576459550026,0.0034126997584321694,0.0031514528574482226,0.0031107509001542244,0.0044838293191151735
rectangle,0.0007487296340336069,1.1102230246251565e-16,0.002500093529020586,0.003672887647777512,0.003414194963285877,0.0033674469752694725,0.003283024638340959,0.0031617465499594877,0.0027482957184791212,0.0033712211837634287,0.004868021266194011
parallelogram,0.003179609966749042,0.002500093529020586,0.0,0.0009327065089673736,0.003213751293759004,0.0035853419633156136,0.0034307481188855515,0.0031032437349584052,0.0026268249618446315,0.002124906620289746,0.003616048200965949
losange,0.0041135206794705725,0.003672887647777512,0.0009327065089673736,0.0,0.0034751705186625292,0.003936516419319469,0.003749628973365615,0.0033956016284044654,0.003111694582009772,0.0020548183018648247,0.002885285879908661
isoTrapezoid,0.0026462942362011077,0.003414194963285877,0.003213751293759004,0.0034751705186625292,0.0,0.0014797636541171721,0.001296833203189518,0.0028612343234969417,0.0027800781503423133,0.0012880083881658955,0.0021304394734721344
kite,0.0030203184466364164,0.0033674469752694725,0.0035853419633156136,0.003936516419319469,0.0014797636541171721,0.0,0.0005990906848695188,0.0025459501741152968,0.002346209460152626,0.0024229692593807917,0.002778330622204339
rightKite,0.0028684576459550026,0.003283024638340959,0.0034307481188855515,0.003749628973365615,0.001296833203189518,0.0005990906848695188,0.0,0.0022862530189159402,0.0021494611131088748,0.0018823253344222302,0.002345596998020949
rustedHinge,0.0034126997584321694,0.0031617465499594877,0.0031032437349584052,0.0033956016284044654,0.0028612343234969417,0.0025459501741152968,0.0022862530189159402,0.0,0.00031107566517396545,0.002897194092458699,0.0027556136404578435
hinge,0.0031514528574482226,0.0027482957184791212,0.0026268249618446315,0.003111694582009772,0.0027800781503423133,0.002346209460152626,0.0021494611131088748,0.00031107566517396545,0.0,0.0026242315953362017,0.0025362822506177496
trapezoid,0.0031107509001542244,0.0033712211837634287,0.002124906620289746,0.0020548183018648247,0.0012880083881658955,0.0024229692593807917,0.0018823253344222302,0.002897194092458699,0.0026242315953362017,0.0,0.001445015582721032
random,0.0044838293191151735,0.004868021266194011,0.003616048200965949,0.002885285879908661,0.0021304394734721344,0.002778330622204339,0.002345596998020949,0.0027556136404578435,0.0025362822506177496,0.001445015582721032,0.0
