,square,rectangle,parallelogram,losange,isoTrapezoid,kite,rightKite,rustedHinge,hinge,trapezoid,random
square,0.0,8.021199251584399e-06,1.3822591387824268e-05,2.361455111932198e-05,5.209830077235189e-06,6.159179019027405e-06,4.843748526162095e-06,1.1680950372960908e-05,9.364973612147054e-06,7.595921795333638e-06,1.5694838084945317e-05
rectangle,8.021199251584399e-06,0.0,7.301504259427105e-06,1.885623321962182e-05,1.6628661098971875e-05,1.3373608238720358e-05,1.2512054723523569e-05,9.507523143770236e-06,5.2534493710787444e-06,1.2689644652952303e-05,2.250175737017468e-05
parallelogram,1.3822591387824268e-05,7.301504259427105e-06,0.0,6.6291631736214995e-06,1.860208584503198e-05,1.4554786178955226e-05,1.2021180424204303e-05,8.854506793665173e-06,6.339729914039971e-06,8.761526222755833e-06,1.541891157796904e-05
losange,2.361455111932198e-05,1.885623321962182e-05,6.6291631736214995e-06,1.1102230246251565e-16,2.422687945569102e-05,1.9306692436660278e-05,1.7445219655409794e-05,1.1368934886069049e-05,1.1884717430077352e-05,1.1025991850655004e-05,1.081613384601443e-05
isoTrapezoid,5.209830077235189e-06,1.6628661098971875e-05,1.860208584503198e-05,2.422687945569102e-05,1.1102230246251565e-16,7.651319787638222e-06,6.775564208139073e-06,1.7903804151342406e-05,1.6565111322752735e-05,8.054376621768888e-06,1.3316558621134789e-05
kite,6.159179019027405e-06,1.3373608238720358e-05,1.4554786178955226e-05,1.9306692436660278e-05,7.651319787638222e-06,0.0,2.7418883370433633e-06,1.3133156930189571e-05,1.304007614288949e-05,9.900061588963283e-06,1.4987793118592663e-05
rightKite,4.843748526162095e-06,1.2512054723523569e-05,1.2021180424204303e-05,1.7445219655409794e-05,6.775564208139073e-06,2.7418883370433633e-06,0.0,1.1843750000073427e-05,1.1412393263410259e-05,5.7497543752838e-06,1.3047540444843797e-05
rustedHinge,1.1680950372960908e-05,9.507523143770236e-06,8.854506793665173e-06,1.1368934886069049e-05,1.7903804151342406e-05,1.3133156930189571e-05,1.1843750000073427e-05,0.0,1.3319485844265344e-06,1.0657220050558358e-05,1.3258066664523227e-05
hinge,9.364973612147054e-06,5.2534493710787444e-06,6.339729914039971e-06,1.1884717430077352e-05,1.6565111322752735e-05,1.304007614288949e-05,1.1412393263410259e-05,1.3319485844265344e-06,0.0,9.675665738173578e-06,1.44982694396667e-05
trapezoid,7.595921795333638e-06,1.2689644652952303e-05,8.761526222755833e-06,1.1025991850655004e-05,8.054376621768888e-06,9.900061588963283e-06,5.7497543752838e-06,1.0657220050558358e-05,9.675665738173578e-06,0.0,5.809157517022712e-06
random,1.5694838084945317e-05,2.250175737017468e-05,1.541891157796904e-05,1.081613384601443e-05,1.3316558621134789e-05,1.4987793118592663e-05,1.3047540444843797e-05,1.3258066664523227e-05,1.44982694396667e-05,5.809157517022712e-06,0.0
