,square,rectangle,parallelogram,losange,isoTrapezoid,kite,rightKite,rustedHinge,hinge,trapezoid,random
square,0.0,0.05140159488425067,0.06962777646618412,0.09796418895973846,0.03188260111414998,0.020560100541956117,0.014913971990712094,0.05218931419141459,0.05138963818437292,0.03252363154825966,0.06366032073820072
rectangle,0.05140159488425067,0.0,0.02762071813771305,0.05879465988406196,0.09343914286523436,0.058772795166348146,0.05521061219854506,0.030240560080970647,0.019817383640611697,0.057431177025977,0.09285478941350578
parallelogram,0.06962777646618412,0.02762071813771305,0.0,0.029111501569630605,0.09594781490748294,0.07561049542432152,0.06634807772357221,0.0424599437879557,0.03237954621621664,0.05600344553355441,0.08425826622050514
losange,0.09796418895973846,0.05879465988406196,0.029111501569630605,0.0,0.10305002673183616,0.09684757337065641,0.09097378234759512,0.05266085298518297,0.04872679516620981,0.06164074874521219,0.06337083600555382
isoTrapezoid,0.03188260111414998,0.09343914286523436,0.09594781490748294,0.10305002673183616,0.0,0.03335025797169777,0.030048861083009304,0.08460131977529983,0.08847350287215938,0.039156846649245125,0.05446909563336333
kite,0.020560100541956117,0.058772795166348146,0.07561049542432152,0.09684757337065641,0.03335025797169777,0.0,0.015399327131651486,0.0697189992871029,0.06933269505814332,0.048078293581586995,0.07303403469391867
rightKite,0.014913971990712094,0.05521061219854506,0.06634807772357221,0.09097378234759512,0.030048861083009304,0.015399327131651486,0.0,0.06159194976432314,0.060643895260712455,0.030750016479364484,0.06741252366258954
rustedHinge,0.05218931419141459,0.030240560080970647,0.0424599437879557,0.05266085298518297,0.08460131977529983,0.0697189992871029,0.06159194976432314,1.1102230246251565e-16,0.006279340659772981,0.05423983422708156,0.07093886974360131
hinge,0.05138963818437292,0.019817383640611697,0.03237954621621664,0.04872679516620981,0.08847350287215938,0.06933269505814332,0.060643895260712455,0.006279340659772981,0.0,0.0521594374314045,0.07446391216886972
trapezoid,0.03252363154825966,0.057431177025977,0.05600344553355441,0.06164074874521219,0.039156846649245125,0.048078293581586995,0.030750016479364484,0.05423983422708156,0.0521594374314045,0.0,0.03460474728149343
random,0.06366032073820072,0.09285478941350578,0.08425826622050514,0.06337083600555382,0.05446909563336333,0.07303403469391867,0.06741252366258954,0.07093886974360131,0.07446391216886972,0.03460474728149343,0.0
