,1610555604.25mOvVXuL01OCiReyVWBfesjuvXmB3MoPy,1610555605.43B6oDsBtWRQ29Q9UMQuTUEPZy3FSSWXzc,1610555610.92HPGJJSmyPM40z7otPBgHalNrHFA7zk5d,1610555606.68LaSQbm9EHAFycEfFtEqAwYqlBsQPjIRW,1610555617.19EKxMEwDHfXiEJZc27TsGoERaD6Da4BZU,1610555722.52PJ3FD50MGhRXyUD28vluU8Z9UjLJLZn4,1610555617.52Ijr5puT55g9apK8auM7zaxa3NANg502t,1610555638.77ZLjTLkz4jYJdFMI2wWBztzsDILkoOtAk,1610556912.46C7tJPLF0XfNnm8f1820X9aLmXMHoc0Dw,1610555617.51LjzIROg0aeCP2GhDcAVQ0LipKJB9jmKc,1610555608.17OpjjHobqRkX0UPcaXrbu7K6L3805SZri,1610555721.82zWeNZfGUUfRJkgnAwlP8VMhPzXctnSd4,1610555735.75bom85BDF0C7W2eIseHeMxi24qR68nzMi,1610555735.77NnT5xqKnwcf2BbjIekeb2arTQj6QMNwk,1610555638.33wjf1PhdNaoWfbRzXVn50hmFyB5bYAiLV,1610555606.65jCE4ig8Pu8kvAzkxnSGfWsV0nQBjCf8H,1610555608.18ONsBCVo1i7BrX0XG9stct4oiA6ejX9Oz,1610555721.51RNoQUMP19FTMS79BmA3JkgSm2IC2AQuQ,1610555971.86O0cHB2ibBJ8jxoObg01EpGe8VVV5mpwn,1610556911.51zU3duZSGpcw1BDNsBLxdOCITAXwl6z3i,1610555988.71dMoYT8250UHHJGxgmITTmbHe7V6gH1yU,1610556042.81mlUZsSp7gbGjrp8jQSnybT1gPy6e62o1,1610555637.02UBW5nKvDyUrKnaWcYRGajZPxTRDS0q3N,1610555619.13oUYNikU4facCTpUSiSLr0vPI0tJLnXiT,1610555721.03nzkucfjAUh31zTbmCVvTVYqtjoxZFnBh,1610555722.67fhKURdXVzRbLIjXmjRwdJHTnE7PWb1AE,1610555638.39J2ZWBLuLTHP0jOlzB4tNHmYeijH5g5YJ,1610556032.17Q6yCDx9g7alRnL9jBFXD2JhhUyB2hKfJ,1610557007.49MyVgDnuUuBxrvL6SGOdhKf69VYlW1MSm,1610555638.44hjT5hbYdKoE3MB6hijrjqbjmLgvCUYKD,1610555608.13zUvmFSCRt6SsLbhqFznMEvGx54GPGQzM,1610556038.62a5C4ynd1AARyAhTv8a58NCqHvXRjscqH,1610555644.45Xse8u7pusHNsd7F3d0A32HXvXr6weOJE,1610556038.62gKXOCG7XCn55eJvyl5voNjbwOW0znQDq,1610555987.13v0oleKK97pkesp6oMgprH8SoSdoDVdIO,1610556964.96ZLLeiQW0qpmxhPGTg7K03fmzkqsC2bjC,1610555987.13VQlEedQ50VvkPMEMzZDv3KNnQCewykN9,1610555982.186TY6MMGkDecIN1woW6vsfAMXVV7jnyjO,1610555982.673LuMndkwkvdmZOn0MmE2Pkidx0FtNalb,1610555733.38zItcuH7gHNfKdALR2d9Nek6bxCyw36Vm,1610556034.15BQxSbZINGCay0yp6RBVlgcPrw76Yn9ON,1610555639.37BPZpgtGml8qUsh9AdV4m32jPLfI2aNFq,1610556965.57S0adAalhWYe6K3bkZU0bRHbqnDK8gGkR,1610555983.54zteLPCMjyrjzPdhHhlZr3faCgD0TfYr3,1610555987.79rHnNRmt9a0ufmnwCvZqBouyUoZDNpylW,1610556960.041xWER61rmArlsKfiMl4frikWmUCnQ7op,1610556035.13a7NHZDutfTMJ88qle1gTYY59Dr4WmMsj,1610556890.456ZBDaY16bMtrTZTqAgHl3wq1tRxzqDow,1610555760.24e6890pkbyZ97Or6croI1rQgjkSsR0yVt,1610556043.02YpWMIJg3W004iqlPyv8OcVAZdSC5rNYw,1610555987.03z05P26TLtONYM1HSzupoc2CeNMa6HTqr,1610556032.15OYCzUxpsz7b10AXBAuDXrvEcvxFhf0M7,1610556032.63Z80yI9pNwS3jSmsDABbuhf8wkNa2Ze9y,1610555736.28eGuESasTXdR3SqY6pHhEXWZtcdciYLCO,1610556034.61bebeZA0MkaFG2sm3VKiqrxeqQginTTW0,1610556944.5XwXOphKYT3ZkWA8gViqOS97VHVuMVUqb,1610556944.745UVLFBzf7fPh4UH37I6tYQOFPqRDytEh,1610556034.63XsUwaFaPZevO1JNFjfhvY4aKNFnV4noV,1610556964.89xwBHw9faT1HjQRMNQEyA4qJ3hWkwgj3k,1610556966.74DydzH91jtyvRyYau47JpVkZoMRSNTt01,1610555740.77UueVziDbaXyRR4OcVJIIZyzOfAzN51bj,1610556046.84e3vwjyRCzqz0wJQhrk8zsxlFfFSv98Df,1610556137.99eoPuVrDThKAOvmeprLPb2FWRqIhzUodc,1610555740.73XFwSrmTXJPlaxGZSefh0jOVA8PI3III1,1610556123.88AOfNaz9jSnqU5Czc7okOv1RCrYfKFBTo,1610556046.85nB7NvyoYQeLcOV391Lmmut1wAM8CFGLw,1610556123.89H4pdIAzDthI7bMXMhlIhKUYIQIvtmPPQ,1610555740.87GOYQUJKpkynIS2lFqppYK4b32ol7NeGh
1610555604.25mOvVXuL01OCiReyVWBfesjuvXmB3MoPy,0.0,965.8972798014636,289.388378248279,913.7782578239634,724.5272204457758,837.8863795671912,750.0227537519532,381.8396179329857,625.3129887831468,785.6011239140163,1093.2714061496688,968.5749388533792,963.794647965638,636.7386792894262,1055.8139256078703,808.4839942879009,1193.7297084696813,1053.99979547536,762.7615721268655,712.5400837275449,1040.6157073060165,1212.9689462041554,752.5613659954249,343.10265244870584,902.5244466902731,914.51215619684,688.1784455047969,984.8567151587227,966.0161105051558,761.4682710672124,778.9839758220061,825.9253669895481,898.1734002026787,882.4020798776025,910.2814279410937,969.5320674691245,877.4266128610601,857.5032978130561,966.3193904990723,947.7041354958736,916.6269213391978,1142.3190857380134,951.821267607614,870.3853681171822,1060.8972387454232,1092.204534058345,882.581855223375,773.3001198334892,793.5783184756347,1005.4959086110313,787.0623388991148,783.0127669266868,952.101591909677,1146.385385081428,731.5845086511945,858.1241385790324,953.4833657760232,858.589359374031,764.4273356192153,920.9305396705623,1150.007102423378,1256.7896092675676,859.032285066902,1164.1362386293852,794.3613604503971,1251.044547219918,895.7278555719947,1105.9309280772038
1610555605.43B6oDsBtWRQ29Q9UMQuTUEPZy3FSSWXzc,965.8972798014636,0.0,966.9571635864654,902.7846142322205,1007.3164550686237,1007.3429937589193,1009.9468467959239,1000.4575956755504,1023.8948355237148,953.9195993901744,1004.1236862855095,1060.762111467013,984.8527059918604,1039.1158825004047,1105.9158574334037,1003.7029482936639,1102.2917280509064,583.7510256990881,1007.1314388471353,952.5825572657197,1143.2137513592547,1136.8297102496947,943.1405737990247,984.2255642528398,1013.6795538573627,1096.2525530656715,993.2596293305344,1054.01646451522,983.3841855639706,923.6826330208562,1014.1501721682826,985.9794101466116,979.7093689408229,947.6097200143124,1055.314305948528,1127.1368962014053,1058.6638881704996,923.5078197728051,899.0120153729857,1160.2946620379869,988.0870884116019,1122.786300131249,1108.9970653948615,969.0744257397766,783.6252423622972,609.2922687177069,1091.7377135326794,1046.463577925827,942.1221053735036,1174.8330877994624,1003.0264557021746,1058.1821255201671,1101.7143065969412,1092.7559120655374,969.109733468248,1022.9300935230406,1032.744524304982,1006.4371746798025,1002.6131527375233,1011.0001841011664,1090.417133886487,1155.8377794808855,978.3718623075076,1138.891821225468,962.2975021890319,1159.2013629632172,1105.6448455517984,1084.6492494426004
1610555610.92HPGJJSmyPM40z7otPBgHalNrHFA7zk5d,289.388378248279,966.9571635864654,0.0,910.8153453631296,723.3175425075369,841.5498087294563,742.9258007600541,420.80540693552587,636.4142828056937,787.0228037913128,1090.767330200687,985.292134450579,964.9401388252503,624.762989037797,1060.415368426801,806.501060586322,1190.2272707856139,1073.57398104546,778.2765205797095,710.6193667786878,1054.285710842036,1222.2470098820245,754.1179016289296,398.57062351851795,900.9803792100038,912.888781742366,688.7876516042489,988.0576590145523,963.4913963668106,761.7898074831038,779.2960458309732,830.1215787725644,899.4171533961292,882.3862112773694,914.8830396224058,970.2839975889982,877.9424154577023,858.2332314438434,966.8649682495737,971.8237245869451,911.6400174710129,1145.594341553941,957.5470032480921,907.4153137733325,1058.22631147894,1089.483670195369,891.9802255744154,783.2266839445626,794.9518895434791,1003.7127139107554,816.2010990978621,785.1078078638444,951.9289941785835,1146.3273414286498,731.2577586408701,857.5072748365271,952.3902052699216,861.7164479747883,793.0460893247193,923.2966633783162,1153.2080589225359,1254.167652097393,859.6252085992905,1167.4917447876692,795.077258465182,1256.370593653727,894.9634988255171,1107.8599513273111
1610555606.68LaSQbm9EHAFycEfFtEqAwYqlBsQPjIRW,913.7782578239634,902.7846142322205,910.8153453631296,0.0,974.4597997192466,1015.3605486958276,995.8802343974771,942.0960250851108,962.4631986828905,972.4462199015464,975.9686047933553,970.8246687682856,1079.2278984008142,992.686942782552,1119.8469952688513,949.6477211558007,1117.4964525572373,994.2741291337866,985.826219093933,903.6594092218213,1059.3182791811435,1172.816214635008,969.6168399120783,927.3336016584021,1069.6948940060247,1068.6183520514408,901.6807699290522,995.8633699339518,1013.9779771792528,959.6053467579519,927.6004660179585,1012.7235199847593,1025.64525888577,991.7648962052671,969.8304831470076,995.6181567326885,992.4664057433932,969.1484668528767,917.7324319920415,1097.9841370780016,914.1222105184665,1048.0433653397608,1024.7773269334514,883.3292919395155,1023.7229297540805,1033.5693276887257,1070.9171276482264,993.8719838467873,953.3092854377877,1111.771554770299,932.3057641585231,999.9248696244362,1070.6157950537183,1091.186658518309,908.42916600563,1047.641030817043,1085.5158547708604,942.889645500044,966.0887628159791,1077.609473021424,1127.4643960240774,1216.8965778190536,954.3790722569496,1203.6681525608738,919.4969003103807,1255.5778132921864,1013.7551792733133,1109.403551640585
1610555617.19EKxMEwDHfXiEJZc27TsGoERaD6Da4BZU,724.5272204457758,1007.3164550686237,723.3175425075369,974.4597997192466,0.0,935.8549625486708,655.0923346021306,763.2444932957027,733.3423385148442,872.925455888087,1094.0481648399198,1056.7325303579876,1036.0464941142939,793.8500627265192,1089.685527203164,877.9592088999932,1187.4817955416304,1099.1789797728488,883.2252650468159,818.0750845601106,1109.6763874096162,1206.7841892086658,716.3952544291859,744.4747775866716,925.2721506539732,990.639471177559,718.3808988623223,1052.3277659455125,1038.2691703094288,736.8238208542168,852.9084060731926,765.5866921176972,975.0049397640306,951.9722575887644,981.7875338024902,1029.2365622971274,953.265611251527,924.3820952397875,1001.5008932930368,1048.6120928729576,975.5619987208887,1193.58932962413,999.677066476582,1010.0614210914974,1085.1795359451455,1125.2419730805439,950.3697574631935,878.3544257164939,857.9361537628027,1001.215514261876,920.6507912990171,851.8223559312243,1014.1473041476138,1176.8201973394857,816.5649679137455,864.1122938951229,955.0404922668695,948.9473678122658,893.6879732105606,926.838960219302,1148.5565342995653,1260.1003344303253,937.1730031292277,1170.8830812960853,867.3441133952831,1263.7147021108096,958.4274135499526,1093.8194160502953
1610555722.52PJ3FD50MGhRXyUD28vluU8Z9UjLJLZn4,837.8863795671912,1007.3429937589193,841.5498087294563,1015.3605486958276,935.8549625486708,0.0,922.5182948507486,861.6147799481109,870.1341485705469,976.6816792004001,1104.7149788168338,1087.9564911966077,1082.5588487074142,892.3084142136422,1138.2451552299076,984.2800300897832,1196.9057832064914,1082.5210781951098,555.3105820198135,917.0750294531612,1131.033676323474,1163.5410283248457,882.6385345587639,854.4010269991911,978.950415254819,608.0845481738305,875.554447767788,1095.354186156185,1086.4876189651818,833.6867506360586,960.4677829447816,850.9496183804325,1063.4626635362222,1045.3970849661112,1038.182375843226,1062.4909653755153,1039.7466419432558,1028.2841778193658,1048.9278741368223,1068.913173459325,1072.3592352334185,1187.6640860099328,1082.8403923739306,1014.6795284700198,1087.3975873952224,1067.9813805634046,940.5988418563691,899.3181819988572,986.1979760553678,1094.6464752988106,965.8267671600235,881.2659163518034,1053.8305833020834,1191.7558856919154,926.6714249397917,906.0872400658915,1065.9712931590047,994.4025334186975,947.1735127700458,853.7679773340485,1160.8065080395193,1266.9238027361248,1023.576755106823,1128.0842151679249,987.7101488358811,1252.2994375888125,1012.5925260175678,1131.3278944125555
1610555617.52Ijr5puT55g9apK8auM7zaxa3NANg502t,750.0227537519532,1009.9468467959239,742.9258007600541,995.8802343974771,655.0923346021306,922.5182948507486,0.0,772.5758150895957,811.4719752144255,920.062536271575,1108.038575506759,1103.0663748884149,1057.6174727400598,772.6083119308497,1110.0418254972826,932.3612487253678,1208.196598750899,1115.870157852843,873.1050444883386,880.7456710424823,1164.1052106990144,1214.3799265504647,818.9042131644644,753.9580299891026,981.1453724195804,963.1055788563147,824.0132060880095,1077.2003398795953,1038.4378923243362,690.5361639746397,906.0669554174051,771.7413701718785,1017.8022094471252,990.458631240798,1026.0100069143825,1051.0483735898056,1014.0910745229509,969.5405153981029,1021.4381632560569,1068.775374834673,1024.9477286908893,1216.3417016159683,1051.9748215155237,1018.3591559988959,1089.1795088799324,1128.0115938302843,1022.3900175002864,926.5754068524599,910.0626359068802,1077.5210861137764,963.5700437573892,908.0755194600671,1031.5489040526634,1169.521006264259,877.2295507071041,909.9874041927095,1012.2905894480083,1002.9190879907011,937.3601311277773,909.6637296437797,1166.9730258076754,1259.5579066329676,980.2224710157485,1169.3424041601304,915.1312603166515,1270.7577918308186,997.7597560398776,1131.7634891505447
1610555638.77ZLjTLkz4jYJdFMI2wWBztzsDILkoOtAk,381.8396179329857,1000.4575956755504,420.80540693552587,942.0960250851108,763.2444932957027,861.6147799481109,772.5758150895957,0.0,669.7921283801925,828.8399251124268,1112.675214082238,999.093527973181,999.2140875084561,595.5046387436147,1077.3983151096975,845.0641872939827,1206.7350905530384,1083.637201681984,799.6028839692665,756.5671063088934,1067.7698416026863,1232.4218153142297,795.3305902814118,426.21628605176255,932.8627929791763,930.2588510580773,737.571805624223,1012.6368134828596,992.5732360665733,802.0201623373696,818.2928045353082,863.9552978058023,936.2276386054955,920.0595752433911,944.2556228876682,993.8516257646188,910.4042061751348,893.294361150797,997.5955766672105,977.5332005562674,944.6999730605435,1160.1108130829227,976.6884651253038,901.1937715373334,1085.8708487798062,1114.617431352459,917.2291609269186,811.624869479025,836.1822223750781,1031.2263348945824,830.1377611428734,819.4962347771235,982.4373730914971,1169.1804851806633,774.6916412100492,891.7564544177708,976.2550105352828,896.754032297671,806.4389652754805,949.5484271494267,1168.3254303310373,1277.202163633122,896.6978487654837,1178.1365869358933,833.2266053002165,1263.0999708414458,931.7394842718869,1127.4662439409465
1610556912.46C7tJPLF0XfNnm8f1820X9aLmXMHoc0Dw,625.3129887831468,1023.8948355237148,636.4142828056937,962.4631986828905,733.3423385148442,870.1341485705469,811.4719752144255,669.7921283801925,0.0,858.8855510500078,1130.679990211064,1006.6876841965559,1023.3759574674957,742.2592371072938,1057.8908487538988,875.4078006385431,1225.1509018422441,1088.6418372662738,758.1605524112425,785.2741449557503,1051.9479402825207,1226.6291222653633,809.705663316905,641.1888833962263,947.9576942709468,935.640282620172,753.6099032926926,1022.3262588224546,1025.3883048252994,826.9242422061465,849.5500957695692,867.1989534821757,962.8778035246429,944.9080468113641,956.504801402927,999.5884178139801,926.0311551885371,923.698009469617,1023.0506301927086,1016.714979737939,973.0680265526602,1149.7402849978494,979.243150757084,971.8342706733998,1095.0263864998255,1126.4310858815784,910.4195059364738,810.7249790602453,868.5371347689385,1037.0810640525017,853.1410208253945,832.1182000191777,1008.6517731878756,1190.083924608988,811.7595847986149,908.844750905678,985.9776845704683,913.1673848676922,830.107476395032,946.2240507794246,1154.7452231307684,1294.0584342060297,924.7795303753797,1167.7568379248999,868.1156953106716,1262.4100757773722,955.5454061743474,1111.94257620149
1610555617.51LjzIROg0aeCP2GhDcAVQ0LipKJB9jmKc,785.6011239140163,953.9195993901744,787.0228037913128,972.4462199015464,872.925455888087,976.6816792004001,920.062536271575,828.8399251124268,858.8855510500078,0.0,1142.8213884366246,1065.5275724742412,622.5309190427071,901.0782390107837,1121.7146541522302,882.8251826425071,1240.5109277577537,1089.9061527516471,968.129902973089,832.0854525910103,1127.4286612291478,1279.4097030984326,841.8402551045964,808.6565414766926,962.1619763486864,1049.5639970490372,828.1818895863705,1071.2056468312355,973.0044672864741,886.6170378957664,839.2399165725635,953.0176938683293,457.2075294004075,927.6568352774925,983.2610055417417,1061.9316213952134,945.7602158843863,897.143398141611,967.0014858862735,1027.3306033053575,994.6174648344806,1220.6199767213213,1020.237070399064,1021.9532296692511,1097.1099876560393,1109.1990464787557,974.2384611608101,894.9323312716429,535.5335638178404,1086.1454972703116,919.6575986672532,911.7403698374318,958.7720107756971,1187.7186163697004,836.8490493753061,947.4270794454081,1032.0811444366693,926.4152797088803,916.4119628323759,1023.0455006332094,1197.1417960256726,1295.4550596923634,860.2651816232094,1243.1094726100198,765.5101705843861,1305.6775676311615,1002.5263524315468,1158.264621153419
1610555608.17OpjjHobqRkX0UPcaXrbu7K6L3805SZri,1093.2714061496688,1004.1236862855095,1090.767330200687,975.9686047933553,1094.0481648399198,1104.7149788168338,1108.038575506759,1112.675214082238,1130.679990211064,1142.8213884366246,0.0,1119.107836477666,1223.0134238517105,1131.1264018433421,1182.4255430688147,1055.3216501968109,948.383290790884,1064.991836404417,1113.4180267666097,1092.3638893659752,1155.7472829810583,1194.7815578121763,1073.184401175022,1103.990631121551,1092.8114528567055,1149.7464159527528,1078.321548601947,1135.3229094547657,1112.6812733924762,1085.724565592604,1111.5065378730505,1092.5719162575494,1191.4664206751313,1125.1856917799869,1104.6276866549795,1104.000083649232,1142.2817316783505,1122.7845905360034,1099.407118832628,1220.2233257920032,1096.4047605291616,1050.4443222278524,1142.5264878849925,1096.522123254769,1095.4971443357201,993.249517569086,1183.9038544744985,1116.1317393300653,1120.6927242522672,1184.1748560154522,1109.3401736654375,1142.9881368812798,1137.7494294163532,1155.3560438349734,1087.1095052655721,1086.6160716791812,1098.7634460766624,1112.094999646355,1129.4552449906876,1119.2107356608935,1191.230481419523,1203.585941940465,1106.1724713199314,1178.4534447550898,1080.948329533731,1209.179898569778,1131.7473191772829,1193.5128611500068
1610555721.82zWeNZfGUUfRJkgnAwlP8VMhPzXctnSd4,968.5749388533792,1060.762111467013,985.292134450579,970.8246687682856,1056.7325303579876,1087.9564911966077,1103.0663748884149,999.093527973181,1006.6876841965559,1065.5275724742412,1119.107836477666,0.0,1170.4689627404425,1026.7472621024847,1186.473461868039,953.9641766297756,1214.2729377894575,951.3837417692529,1074.1310574580837,925.1429084208314,771.4852689851072,950.6125711891548,1052.8359391837266,982.4224248871733,1112.070889302156,1140.8268300418797,1018.9428786552894,983.6679619027028,1032.8560992127768,1087.1476278948094,1051.2840571593738,1119.5179343473785,1105.6468066573448,1035.941289792451,948.7953503970332,996.5883734111477,1066.197883804898,1016.5246545613503,1072.8872820624142,1150.6964214163704,1073.5736045136782,1055.2517881495937,1134.7612379690836,949.3836065285223,1126.7377238119645,1127.7084644740246,1092.7095635926653,994.4944665729186,1025.39711588705,1147.0290725146626,663.8934369752583,1028.2724908231294,1145.279452760878,1156.503256359408,989.6252955737027,1097.6992619442835,1109.863779643801,920.6380853083217,865.4914853364714,1149.6492438914922,1186.3285176190545,1289.5641917513863,973.2324498066499,1253.4511672210133,958.7849442471128,1265.0767105866048,1075.3248190943157,1167.2161981155828
1610555735.75bom85BDF0C7W2eIseHeMxi24qR68nzMi,963.794647965638,984.8527059918604,964.9401388252503,1079.2278984008142,1036.0464941142939,1082.5588487074142,1057.6174727400598,999.2140875084561,1023.3759574674957,622.5309190427071,1223.0134238517105,1170.4689627404425,0.0,1052.1261203814818,1178.0732366904917,1015.4910532886607,1309.1100176235927,1120.9197381779989,1078.8254819912204,948.388887443164,1230.9467466311226,1330.2736087838366,1007.3653930979689,982.5365212865771,1109.7399505772457,1155.280125834956,998.2207508676939,1173.782354096451,1048.944773506336,1017.3261780637564,957.5678061089161,1074.9545879448935,445.80641110136,974.914316110718,1100.9264254117027,1174.8650400708073,1069.4566108407164,954.1573498084045,1090.1385568406172,1115.5086152166791,1096.106601894875,1298.123624045249,1128.063260316182,1110.2675902380086,1141.751157405669,1137.4233754578536,1097.8719141968384,1055.839419745626,821.182649098926,1202.6628887795155,1058.0815878457197,1067.9745040110672,1033.1560934989695,1226.73680365909,980.9110247784764,1093.0142163431162,1163.9561218766514,1061.0347825471615,1055.0423186712792,1133.9891830200847,1246.134003253615,1332.0008266881705,952.4756768383752,1314.9115604444348,949.0993073986145,1339.8640055454473,1127.86969180981,1213.9386227538287
1610555735.77NnT5xqKnwcf2BbjIekeb2arTQj6QMNwk,636.7386792894262,1039.1158825004047,624.762989037797,992.686942782552,793.8500627265192,892.3084142136422,772.6083119308497,595.5046387436147,742.2592371072938,901.0782390107837,1131.1264018433421,1026.7472621024847,1052.1261203814818,0.0,1087.9894095142,915.4397157259705,1224.381699022375,1106.8350383708128,838.1947156594507,832.3420157186188,1108.9096190480632,1226.589427713165,848.750020199927,650.4702822208527,964.2161862293831,953.6739558876463,814.516035559759,1055.290324115985,1042.7200772345063,825.3555992284269,891.0423625965045,882.0376752676542,1000.7378648879569,986.9116203410726,1005.1315858024939,1034.8247221440952,968.0586823626826,958.303197980185,1044.1706241205186,1038.642099928029,1002.5790792572615,1185.2497446718712,1024.1349357623026,989.1887587033915,1098.628035934899,1127.7485114757212,978.6806703654721,873.8330801939753,903.4994080283086,1075.4298286717235,891.1238559456468,869.1570688228516,1037.0056168590222,1197.8993671948328,857.4087106003275,931.4259572045879,987.0180942612101,967.8362996664014,871.2313431755756,958.881331808606,1179.9963515600857,1287.333465415742,969.3459040616983,1184.9221229149746,900.2696260140337,1265.605880504342,988.8393298541631,1137.6552142008475
1610555638.33wjf1PhdNaoWfbRzXVn50hmFyB5bYAiLV,1055.8139256078703,1105.9158574334037,1060.415368426801,1119.8469952688513,1089.685527203164,1138.2451552299076,1110.0418254972826,1077.3983151096975,1057.8908487538988,1121.7146541522302,1182.4255430688147,1186.473461868039,1178.0732366904917,1087.9894095142,0.0,1060.779046559154,1262.5770051479615,1159.7184516242123,1117.466802958261,1074.759360996109,1186.9868887085797,1281.9493889958578,1093.0203257401345,1062.6429803549115,1148.5989846123925,1156.2576264431536,1076.8917486553548,1226.591246562643,1091.2819393916245,1093.8767013173388,1045.496235867401,1098.9931662853107,1161.914654689643,1179.0740855156323,1051.348689023395,1108.297016781816,1058.2703928470794,1153.0718497610972,1158.1934420081168,1192.1084624225207,990.5310160108877,1232.1194573326186,1009.2463832708189,1141.1884668935922,1048.8025177503675,1156.7590394236547,1145.6941535145238,1073.3517613426734,1151.8841052270775,1215.7994133876991,1109.4512046581315,1086.7002455028926,1240.7681607172806,1165.6406055745952,1056.0000212042435,1146.1858373776552,1068.6215816975698,1124.8579498228228,1123.7431444502163,1145.6301153949614,1280.1278568948567,1279.7826225149306,1150.3463499452278,1290.448288492173,1126.9023805779775,1255.9124806317632,1169.2832393784563,1266.1273922414634
1610555606.65jCE4ig8Pu8kvAzkxnSGfWsV0nQBjCf8H,808.4839942879009,1003.7029482936639,806.501060586322,949.6477211558007,877.9592088999932,984.2800300897832,932.3612487253678,845.0641872939827,875.4078006385431,882.8251826425071,1055.3216501968109,953.9641766297756,1015.4910532886607,915.4397157259705,1060.779046559154,0.0,1167.1202072402348,1094.9476318430588,983.0247680481401,743.8799041269243,1006.1387830519267,1224.7843189719106,878.5135304806175,828.3298744624221,988.4430938349683,1055.8495181864407,825.273644910792,968.6766158749523,900.2727839983678,932.3289878448327,803.8058461385883,976.7619821684509,935.6943605110172,778.4067402691435,741.145327174841,900.8621802500287,879.913454759139,770.5780632048516,1015.5661466935595,1072.8586752990636,890.1142683595154,1125.136490874575,1024.440359156751,982.0711158616352,1072.1617313428524,1118.544228263871,959.1141457789207,874.4501514181762,871.5563325293771,1023.454960454327,857.8073582861438,927.4862843828754,968.6256316677632,1124.8045877645434,755.3545390222829,967.4386958436343,1017.649597295242,833.9483767066719,878.642018066272,1047.930143593625,1108.9376868413246,1223.4620232363052,820.6550912174854,1191.6279985064998,837.5890767415989,1208.0580548181754,937.3966960452834,1053.0983907861782
1610555608.18ONsBCVo1i7BrX0XG9stct4oiA6ejX9Oz,1193.7297084696813,1102.2917280509064,1190.2272707856139,1117.4964525572373,1187.4817955416304,1196.9057832064914,1208.196598750899,1206.7350905530384,1225.1509018422441,1240.5109277577537,948.383290790884,1214.2729377894575,1309.1100176235927,1224.381699022375,1262.5770051479615,1167.1202072402348,0.0,1143.2882429401045,1205.0830017752326,1191.9261195530376,1225.51460090883,1257.4205792639,1167.60028052235,1204.124965701324,1160.2595589138455,1211.0341964472211,1178.3054084204937,1226.8382180005378,1182.5982640213597,1182.8308514879127,1203.1021170486379,1173.8682357320547,1285.7759063785047,1225.70426974106,1190.9727812580936,1155.6618699981339,1227.739760823797,1199.222266194945,1144.299880852961,1303.1587838705727,1200.7238365263556,1166.3289593540046,1236.8774352814464,1187.785621198186,1160.89974429679,1097.671456457677,1262.7189443949674,1210.2035203288333,1211.767861648802,1243.8210224744018,1208.4151343537642,1233.9631995922057,1240.5944301847626,1199.3987115806685,1192.8669191229874,1165.1719627998211,1156.8557891000453,1202.0417530502461,1223.8120757441368,1198.2551085739428,1243.1854505651722,1217.1373971604378,1185.664489941963,1190.7767567388848,1177.318252102362,1231.4149156467954,1208.4624928361131,1253.3586871916534
1610555721.51RNoQUMP19FTMS79BmA3JkgSm2IC2AQuQ,1053.99979547536,583.7510256990881,1073.57398104546,994.2741291337866,1099.1789797728488,1082.5210781951098,1115.870157852843,1083.637201681984,1088.6418372662738,1089.9061527516471,1064.991836404417,951.3837417692529,1120.9197381779989,1106.8350383708128,1159.7184516242123,1094.9476318430588,1143.2882429401045,0.0,1067.2998906129947,1062.5040001461018,1074.5737137416982,1086.0880263659515,1060.07800364697,1064.0002707584483,1103.858560516068,1165.0096857902759,1091.3729349086925,1107.988644335905,1088.488481896412,1047.0679509686083,1118.4729521975585,1088.9636169710295,1116.5623177223483,1085.6373600464826,1137.8144620891817,1160.0550718878642,1156.70956528368,1072.6688080205727,1011.1697801068733,1226.1553722916105,1083.4757900783443,1150.2673102461522,1169.5684513385363,1041.3100208061248,908.3994528224779,760.9568597738288,1157.351826247097,1097.9246451527451,1079.2975624092596,1228.705340143769,985.3980793565285,1130.2097678533694,1194.1874008883044,1153.3632039314577,1094.836290482297,1116.5967874906548,1098.5644444620775,1101.4800075108787,1037.1944924339557,1090.8268352440691,1133.3344329187153,1198.7681469600382,1088.7304468025686,1173.6774148600782,1072.9432062554865,1194.1351259429914,1169.818082563034,1130.8865216454699
1610555971.86O0cHB2ibBJ8jxoObg01EpGe8VVV5mpwn,762.7615721268655,1007.1314388471353,778.2765205797095,985.826219093933,883.2252650468159,555.3105820198135,873.1050444883386,799.6028839692665,758.1605524112425,968.129902973089,1113.4180267666097,1074.1310574580837,1078.8254819912204,838.1947156594507,1117.466802958261,983.0247680481401,1205.0830017752326,1067.2998906129947,0.0,911.6062051700378,1121.0524524987293,1148.400140518463,902.0903604469704,789.6091885580489,1006.9864611337906,763.4925456192781,858.5250593032042,1088.6855680862504,1084.459382066333,804.4029342862937,958.9909517502039,835.8533972539116,1059.4068956633807,1038.9889599601013,1035.5275335273761,1068.5642111310156,1036.9191026373685,1024.8204401090645,1052.8825836390854,1053.8830623888634,1054.8736864989212,1196.1057868506377,1068.2033979866417,991.8095719152609,1091.0747054405044,1095.19317394447,996.235474739069,885.9201765364994,976.4947927547822,1098.6138514002955,949.8797597685409,865.3269800078207,1066.1380364089034,1198.4560981015827,925.7599505537814,970.6203549860256,1054.217078347907,1001.4621762471708,923.4266326199607,865.0455240560816,1167.5414596656349,1277.3755717478243,1025.908239387379,1136.06344114504,976.7790806286962,1262.214837550866,998.7492940253611,1130.5922793215318
1610556911.51zU3duZSGpcw1BDNsBLxdOCITAXwl6z3i,712.5400837275449,952.5825572657197,710.6193667786878,903.6594092218213,818.0750845601106,917.0750294531612,880.7456710424823,756.5671063088934,785.2741449557503,832.0854525910103,1092.3638893659752,925.1429084208314,948.388887443164,832.3420157186188,1074.759360996109,743.8799041269243,1191.9261195530376,1062.5040001461018,911.6062051700378,0.0,986.9309274745937,1203.314329012252,809.1549747170209,739.832389360317,947.9393278873044,993.0709434860884,751.5433382703033,958.3828910627855,936.0388992819089,863.9406897016079,804.5785860801951,911.1676684061688,862.306461688336,813.3730438629296,863.4295025024812,919.3691517440728,834.4265319843437,796.6335795204461,988.118877024259,1035.8098965821239,894.0106641251355,1119.3929105630182,994.3087503944415,911.2045736791322,1012.3262075979487,1088.70842881247,906.220414490766,803.0236878923861,826.9988171469337,1023.8886668876025,804.2676324285161,858.0234703422359,984.959027817822,1144.513025645981,729.5138450915309,914.5438744975362,988.2724233552987,785.2801579202777,804.1200978486637,995.9166199267611,1157.4760878080222,1247.6802856284505,793.2476047091632,1202.7445939662744,767.4702759530037,1248.5110593002944,923.1077961114798,1114.8607676540269
1610555988.71dMoYT8250UHHJGxgmITTmbHe7V6gH1yU,1040.6157073060165,1143.2137513592547,1054.285710842036,1059.3182791811435,1109.6763874096162,1131.033676323474,1164.1052106990144,1067.7698416026863,1051.9479402825207,1127.4286612291478,1155.7472829810583,771.4852689851072,1230.9467466311226,1108.9096190480632,1186.9868887085797,1006.1387830519267,1225.51460090883,1074.5737137416982,1121.0524524987293,986.9309274745937,0.0,1093.420402029059,1107.2688642096496,1055.3707710851886,1143.687739378312,1167.9920622525362,1069.2104559805841,1024.8149782797934,1117.9086779484135,1149.9489550663575,1089.8841156625222,1161.4784991045071,1168.9935030771783,1109.5065405796913,925.0951230642922,1034.3999182533016,1105.225788777677,1090.044289992387,1127.9349460615642,1210.8062068742781,1099.6993392969882,1086.9749989509496,1157.4613378582465,1041.5528662329734,1157.9928237950585,1162.5942499119801,1119.200811134915,1050.8055166623215,1094.6562001133957,1189.4334433602244,899.4940328249365,1073.2215194580497,1179.9102382433537,1201.0810419345808,1051.027979101255,1134.8373802031858,1140.5229990839523,934.914984946441,997.4480617834358,1182.5306516993285,1211.3491389723115,1314.4049487977293,1055.872288553534,1261.1776379183261,1041.3651755795756,1294.1514627386782,1120.7722109461288,1193.3702736405212
1610556042.81mlUZsSp7gbGjrp8jQSnybT1gPy6e62o1,1212.9689462041554,1136.8297102496947,1222.2470098820245,1172.816214635008,1206.7841892086658,1163.5410283248457,1214.3799265504647,1232.4218153142297,1226.6291222653633,1279.4097030984326,1194.7815578121763,950.6125711891548,1330.2736087838366,1226.589427713165,1281.9493889958578,1224.7843189719106,1257.4205792639,1086.0880263659515,1148.400140518463,1203.314329012252,1093.420402029059,0.0,1132.0309414779624,1226.3027711662714,1203.5931603168183,1193.1280792316907,1222.400483200279,1173.879263201867,1244.3273113879666,1105.9347165842412,1273.521178689298,1093.405328185074,1312.8376657934111,1261.400915456755,1219.1778790017493,1216.2926142306392,1288.2429399089128,1236.541855261245,1211.7406214302475,1297.155481456652,1292.6192655085522,1211.4363415123184,1295.331427958817,1187.5043464821488,1166.4372565738715,1163.8311794232077,1275.1419143583248,1209.4236778238835,1219.073837484743,1290.7465881597975,1083.17484863513,1230.1098091939707,1320.9219031476541,1279.794114823686,1254.5266140725273,1193.3843632940989,1217.229455381915,1172.3015615682864,1151.9094101658866,1063.460306105985,1209.8155338256447,1366.9649610111937,1215.4946240178274,1263.4167849549522,1208.0013828164304,1269.5846981061425,1251.1068582967625,1206.547929975804
1610555637.02UBW5nKvDyUrKnaWcYRGajZPxTRDS0q3N,752.5613659954249,943.1405737990247,754.1179016289296,969.6168399120783,716.3952544291859,882.6385345587639,818.9042131644644,795.3305902814118,809.705663316905,841.8402551045964,1073.184401175022,1052.8359391837266,1007.3653930979689,848.750020199927,1093.0203257401345,878.5135304806175,1167.60028052235,1060.07800364697,902.0903604469704,809.1549747170209,1107.2688642096496,1132.0309414779624,0.0,775.5364356977738,808.1043987269553,947.6140522667192,675.9609000530041,1062.9886757267793,1006.8411255060803,681.4460392645368,823.8961167351395,706.682373224144,943.4445715951476,943.0036789151904,970.2398489170807,1008.8308615353985,929.9936017778397,879.362057232851,924.7539374310473,1053.4441327456937,979.0528272615634,1177.5749596468766,1005.9649846787238,1009.0084715326379,1032.6272339101238,1050.2118895226097,889.7181258326074,850.8755252995504,794.3996359072778,970.2037558735433,920.0199806323276,827.9912439721504,1001.222806330533,1142.0906853712963,802.253124154531,658.7878955283045,947.8152987679257,916.0351214701006,897.3726206843384,812.0065100169967,1117.466278726592,1245.7667513891831,886.8740966331784,1131.849511645626,832.0926513066962,1207.4809767711088,942.5417006532012,1110.783041222841
1610555619.13oUYNikU4facCTpUSiSLr0vPI0tJLnXiT,343.10265244870584,984.2255642528398,398.57062351851795,927.3336016584021,744.4747775866716,854.4010269991911,753.9580299891026,426.21628605176255,641.1888833962263,808.6565414766926,1103.990631121551,982.4224248871733,982.5365212865771,650.4702822208527,1062.6429803549115,828.3298744624221,1204.124965701324,1064.0002707584483,789.6091885580489,739.832389360317,1055.3707710851886,1226.3027711662714,775.5364356977738,0.0,918.9446202874597,931.0156865751864,713.3556018975378,1005.1950143146524,979.4905544097865,782.6276990846628,798.7084291305692,847.917412544379,918.4072791623884,899.3157434544089,926.0305045713208,979.5822716714624,894.5684322145847,876.2177665844541,981.944417647256,978.5012711368969,939.1108697205224,1150.6605535292088,960.8731340532661,910.9688989896074,1074.1955075587302,1104.9229169861799,899.1028250183231,794.339349013746,816.2619424134833,1023.257315705342,802.0072663674049,805.1710947959001,966.4624083056101,1156.3681983164033,754.0159066653788,877.946727840818,965.8042012465239,878.5676793681157,784.4870487198328,934.1059720378071,1156.9797003392869,1266.7500095925711,877.3878076063905,1169.2258152464879,815.2403279931814,1257.9061945505555,917.0568147800097,1114.0651870590145
1610555721.03nzkucfjAUh31zTbmCVvTVYqtjoxZFnBh,902.5244466902731,1013.6795538573627,900.9803792100038,1069.6948940060247,925.2721506539732,978.950415254819,981.1453724195804,932.8627929791763,947.9576942709468,962.1619763486864,1092.8114528567055,1112.070889302156,1109.7399505772457,964.2161862293831,1148.5989846123925,988.4430938349683,1160.2595589138455,1103.858560516068,1006.9864611337906,947.9393278873044,1143.687739378312,1203.5931603168183,808.1043987269553,918.9446202874597,0.0,1044.5063062150598,924.7637199802062,1105.8100075163811,1106.9760007983834,913.2893092575131,965.0786055049502,931.8348737750613,1049.4319960593978,1035.7513793034211,1044.9870547320083,1089.6919296155827,1033.0569540996707,980.700847969675,943.091781333796,1091.6503004538297,1088.2715510777812,1178.6872828852347,1063.8692234510386,1085.4417710238793,1076.8264306335045,1007.5842905079154,1022.6333792621036,903.5139744115637,916.1322719574518,1101.181967726567,999.4482627861819,949.5917096691202,1053.4401703074977,1196.980703777245,939.9096238105082,792.845088566386,904.9317694541409,1008.4729954483048,983.0826427053265,871.3746249604341,1125.7222843304169,1236.3363976597882,993.351297907636,1104.2400637750804,954.9155138794763,1212.613857031303,1024.3044297484425,1144.7038046095433
1610555722.67fhKURdXVzRbLIjXmjRwdJHTnE7PWb1AE,914.51215619684,1096.2525530656715,912.888781742366,1068.6183520514408,990.639471177559,608.0845481738305,963.1055788563147,930.2588510580773,935.640282620172,1049.5639970490372,1149.7464159527528,1140.8268300418797,1155.280125834956,953.6739558876463,1156.2576264431536,1055.8495181864407,1211.0341964472211,1165.0096857902759,763.4925456192781,993.0709434860884,1167.9920622525362,1193.1280792316907,947.6140522667192,931.0156865751864,1044.5063062150598,0.0,946.1214392390789,1139.4134403179014,1124.1982511530516,911.9343355932443,1034.2673003235993,907.2080946224612,1132.015662539524,1113.7470919407908,1106.750456924699,1088.6360834661461,1105.4645012706128,1098.3860071242561,1088.0139502227298,1115.4494106652594,1133.7215149208707,1205.128972808326,1118.4598321459669,1057.7496752807672,1142.7628006186624,1137.6672716417336,1004.3526195115688,967.240819205163,1058.306020668082,1140.4200695875995,1026.81640016565,948.6675223694995,1099.5601279317473,1223.5751044757158,1004.2705852513816,965.1063941299499,1105.3810727846521,1063.3387126759053,1008.6653194308966,887.9876463720179,1188.8914612596036,1298.955695310305,1093.2180350593342,1154.1069224116402,1059.2295599097051,1270.6499041293393,1070.072898468041,1155.2290889302496
1610555638.39J2ZWBLuLTHP0jOlzB4tNHmYeijH5g5YJ,688.1784455047969,993.2596293305344,688.7876516042489,901.6807699290522,718.3808988623223,875.554447767788,824.0132060880095,737.571805624223,753.6099032926926,828.1818895863705,1078.321548601947,1018.9428786552894,998.2207508676939,814.516035559759,1076.8917486553548,825.273644910792,1178.3054084204937,1091.3729349086925,858.5250593032042,751.5433382703033,1069.2104559805841,1222.400483200279,675.9609000530041,713.3556018975378,924.7637199802062,946.1214392390789,0.0,1027.3773749913823,997.8317187828318,800.9103708542021,744.4082747660245,805.8675982671655,933.600638126988,916.4264101429231,929.0373681934946,978.6749672436155,886.9037715377676,888.8780898455112,991.0902555393507,993.8103076136036,902.5323441576462,1156.7589942606712,952.2183688611678,977.5385856712008,1068.564140614265,1110.2823654727176,856.6360223144118,804.4926374635526,829.8472412328471,805.97695883868,863.392872477348,764.8853139084148,980.1958985450952,1162.5121980817755,762.7616506021319,847.5640235027646,977.5431958939271,871.2829241633021,844.1828936949911,937.2942628023036,1149.6542269591257,1241.3310332956116,884.9507432727348,1172.890130579859,828.0102564163425,1263.3231054450598,780.6030044297106,1114.4485636295124
1610556032.17Q6yCDx9g7alRnL9jBFXD2JhhUyB2hKfJ,984.8567151587227,1054.01646451522,988.0576590145523,995.8633699339518,1052.3277659455125,1095.354186156185,1077.2003398795953,1012.6368134828596,1022.3262588224546,1071.2056468312355,1135.3229094547657,983.6679619027028,1173.782354096451,1055.290324115985,1226.591246562643,968.6766158749523,1226.8382180005378,1107.988644335905,1088.6855680862504,958.3828910627855,1024.8149782797934,1173.879263201867,1062.9886757267793,1005.1950143146524,1105.8100075163811,1139.4134403179014,1027.3773749913823,0.0,1063.6553616461995,1087.8087922419843,1066.2739917628674,1110.432192984257,1112.2322668509346,947.4275372364144,1046.5458803264678,1045.3035513887196,1089.5445329925126,972.0640699181419,1073.9262916427265,1142.1425432886858,1133.204538182144,1056.9389582952504,1118.6306061484968,941.4530489007868,1146.2559705417048,1116.7263590436069,1098.472010346089,1053.7867985085945,1058.3722973091621,1161.6416259633545,944.7081561804321,1062.7760310323033,1109.0688184174778,1202.3304531992553,1028.7445126502473,1108.7709969560124,1112.4947683682672,919.1713595835074,913.0116867080568,1148.8047163786928,1147.0782708325733,1315.283069613414,1008.1609794891857,1205.7238351326432,1004.1349704067025,1254.5072010471588,1100.3797600885905,1117.7296488936354
