,1610555604.25mOvVXuL01OCiReyVWBfesjuvXmB3MoPy,1610555605.43B6oDsBtWRQ29Q9UMQuTUEPZy3FSSWXzc,1610555610.92HPGJJSmyPM40z7otPBgHalNrHFA7zk5d,1610555606.68LaSQbm9EHAFycEfFtEqAwYqlBsQPjIRW,1610555617.19EKxMEwDHfXiEJZc27TsGoERaD6Da4BZU,1610555722.52PJ3FD50MGhRXyUD28vluU8Z9UjLJLZn4,1610555617.52Ijr5puT55g9apK8auM7zaxa3NANg502t,1610555638.77ZLjTLkz4jYJdFMI2wWBztzsDILkoOtAk,1610556912.46C7tJPLF0XfNnm8f1820X9aLmXMHoc0Dw,1610555617.51LjzIROg0aeCP2GhDcAVQ0LipKJB9jmKc,1610555608.17OpjjHobqRkX0UPcaXrbu7K6L3805SZri,1610555721.82zWeNZfGUUfRJkgnAwlP8VMhPzXctnSd4,1610555735.75bom85BDF0C7W2eIseHeMxi24qR68nzMi,1610555735.77NnT5xqKnwcf2BbjIekeb2arTQj6QMNwk,1610555638.33wjf1PhdNaoWfbRzXVn50hmFyB5bYAiLV,1610555606.65jCE4ig8Pu8kvAzkxnSGfWsV0nQBjCf8H,1610555608.18ONsBCVo1i7BrX0XG9stct4oiA6ejX9Oz,1610555721.51RNoQUMP19FTMS79BmA3JkgSm2IC2AQuQ,1610555971.86O0cHB2ibBJ8jxoObg01EpGe8VVV5mpwn,1610556911.51zU3duZSGpcw1BDNsBLxdOCITAXwl6z3i,1610555988.71dMoYT8250UHHJGxgmITTmbHe7V6gH1yU,1610556042.81mlUZsSp7gbGjrp8jQSnybT1gPy6e62o1,1610555637.02UBW5nKvDyUrKnaWcYRGajZPxTRDS0q3N,1610555619.13oUYNikU4facCTpUSiSLr0vPI0tJLnXiT,1610555721.03nzkucfjAUh31zTbmCVvTVYqtjoxZFnBh,1610555722.67fhKURdXVzRbLIjXmjRwdJHTnE7PWb1AE,1610555638.39J2ZWBLuLTHP0jOlzB4tNHmYeijH5g5YJ,1610556032.17Q6yCDx9g7alRnL9jBFXD2JhhUyB2hKfJ,1610557007.49MyVgDnuUuBxrvL6SGOdhKf69VYlW1MSm,1610555638.44hjT5hbYdKoE3MB6hijrjqbjmLgvCUYKD,1610555608.13zUvmFSCRt6SsLbhqFznMEvGx54GPGQzM,1610556038.62a5C4ynd1AARyAhTv8a58NCqHvXRjscqH,1610555644.45Xse8u7pusHNsd7F3d0A32HXvXr6weOJE,1610556038.62gKXOCG7XCn55eJvyl5voNjbwOW0znQDq,1610555987.13v0oleKK97pkesp6oMgprH8SoSdoDVdIO,1610556964.96ZLLeiQW0qpmxhPGTg7K03fmzkqsC2bjC,1610555987.13VQlEedQ50VvkPMEMzZDv3KNnQCewykN9,1610555982.186TY6MMGkDecIN1woW6vsfAMXVV7jnyjO,1610555982.673LuMndkwkvdmZOn0MmE2Pkidx0FtNalb,1610555733.38zItcuH7gHNfKdALR2d9Nek6bxCyw36Vm,1610556034.15BQxSbZINGCay0yp6RBVlgcPrw76Yn9ON,1610555639.37BPZpgtGml8qUsh9AdV4m32jPLfI2aNFq,1610556965.57S0adAalhWYe6K3bkZU0bRHbqnDK8gGkR,1610555983.54zteLPCMjyrjzPdhHhlZr3faCgD0TfYr3,1610555987.79rHnNRmt9a0ufmnwCvZqBouyUoZDNpylW,1610556960.041xWER61rmArlsKfiMl4frikWmUCnQ7op,1610556035.13a7NHZDutfTMJ88qle1gTYY59Dr4WmMsj,1610556890.456ZBDaY16bMtrTZTqAgHl3wq1tRxzqDow,1610555760.24e6890pkbyZ97Or6croI1rQgjkSsR0yVt,1610556043.02YpWMIJg3W004iqlPyv8OcVAZdSC5rNYw,1610555987.03z05P26TLtONYM1HSzupoc2CeNMa6HTqr,1610556032.15OYCzUxpsz7b10AXBAuDXrvEcvxFhf0M7,1610556032.63Z80yI9pNwS3jSmsDABbuhf8wkNa2Ze9y,1610555736.28eGuESasTXdR3SqY6pHhEXWZtcdciYLCO,1610556034.61bebeZA0MkaFG2sm3VKiqrxeqQginTTW0,1610556944.5XwXOphKYT3ZkWA8gViqOS97VHVuMVUqb,1610556944.745UVLFBzf7fPh4UH37I6tYQOFPqRDytEh,1610556034.63XsUwaFaPZevO1JNFjfhvY4aKNFnV4noV,1610556964.89xwBHw9faT1HjQRMNQEyA4qJ3hWkwgj3k,1610556966.74DydzH91jtyvRyYau47JpVkZoMRSNTt01,1610555740.77UueVziDbaXyRR4OcVJIIZyzOfAzN51bj,1610556046.84e3vwjyRCzqz0wJQhrk8zsxlFfFSv98Df,1610556137.99eoPuVrDThKAOvmeprLPb2FWRqIhzUodc,1610555740.73XFwSrmTXJPlaxGZSefh0jOVA8PI3III1,1610556123.88AOfNaz9jSnqU5Czc7okOv1RCrYfKFBTo,1610556046.85nB7NvyoYQeLcOV391Lmmut1wAM8CFGLw,1610556123.89H4pdIAzDthI7bMXMhlIhKUYIQIvtmPPQ,1610555740.87GOYQUJKpkynIS2lFqppYK4b32ol7NeGh
1610555604.25mOvVXuL01OCiReyVWBfesjuvXmB3MoPy,0.0,1087.142420579297,541.3755309368107,1087.9703213340429,861.9173747174796,1047.055978912176,872.3512430841997,655.7892296127679,711.1804279963188,1137.0718243563904,1183.3269157653635,1068.4611555513784,1189.100783457807,847.5236890142796,1075.9965298177453,1090.487573654052,1388.418211731177,1143.6601499632695,914.9781417967449,1071.6722635625092,1123.9339181104226,1132.5517632249148,1003.6479463500914,620.9391932983133,1045.9550054640931,1092.0597019883733,915.7010109000187,1102.3946022304958,1150.7198332295468,1009.3227743444808,1066.7532440649072,911.6229075308058,1218.465653133517,1193.8681782210028,1086.1947533197106,1075.4115171441906,1117.1277000713867,1144.9639468757357,1114.9818509277327,1164.8693047314562,1151.7206368015604,1103.1275321777498,1105.4235861760405,1056.8193791937697,1104.0444495875013,1138.251758923627,1172.4411843717157,1030.426670546252,1140.796475581275,1156.3286833611076,1108.625405040466,1018.3673343193335,1118.542748876488,1129.5012066256122,1129.149945392099,992.9410796352854,1042.5470791981613,1209.086500272342,1098.5563699222585,1008.2710612862213,1130.198906740881,1165.258595888961,1204.4692754081932,1115.556001572194,1131.7210455741,1172.8968910378424,1112.328313405384,1138.9957469590713
1610555605.43B6oDsBtWRQ29Q9UMQuTUEPZy3FSSWXzc,1087.142420579297,0.0,1114.4076805614811,848.7374264956806,1134.4832586187467,1109.2629175758689,1063.0590088839854,1118.5977919591087,1156.1308076671935,1138.2226590101955,971.774086166576,947.4303382573653,1097.5980046778193,1111.8519363775727,900.3780648311401,1038.7775370255852,1262.5558223714675,620.4647442221843,1133.8314587610873,1127.0026553285625,1072.9902437546684,944.0725015200949,1104.9550644914966,1112.8111686533302,993.8719022531286,1193.3202595927326,1150.8994589374215,1012.4480168583434,979.5191304934175,1100.5428220203398,1102.2899421247334,1007.7890551455193,1169.3856505698043,1095.8655280064106,1022.8921918384915,1041.222730153651,1094.2965945465774,1005.6090112591729,804.0564911055263,1153.8892543382342,1035.7314053653863,913.3920451077795,1074.9248089188286,947.0664192257458,771.030602357799,666.7922850385172,1200.4031958824382,1153.2952312753462,1137.0555267811044,1227.3260411388683,1112.697118716609,1150.9976793777332,1060.0662721146723,888.0968322814872,1165.2755827680219,1048.8951820293707,1039.7541719248854,1197.8872281666256,1135.6105130139033,988.0341787618931,901.0718412495196,916.0682585763324,1154.4963470685575,955.6424685549953,1119.3027831348195,935.0407631221603,1188.7219245820252,944.1508839734468
1610555610.92HPGJJSmyPM40z7otPBgHalNrHFA7zk5d,541.3755309368107,1114.4076805614811,0.0,1093.6239833555762,899.0942621714192,1061.2511237653869,832.5335481363296,538.0828333872117,745.5318160540285,1161.4623641136368,1197.5308443932158,1083.4382492884836,1216.330029527398,806.3548927794427,1103.8139772807472,1105.3847755337806,1396.5388709545396,1167.8369956101608,951.2688502201055,1092.3162631617695,1135.9595157581537,1136.3259497586237,1023.5273352422114,462.40193913542174,1070.5335375241195,1097.7403812346697,939.151037984876,1117.8654954806912,1158.2686595976554,1004.2738955223953,1084.0986662009527,949.0745061316219,1243.8078103000398,1208.0687068757234,1104.5922808743976,1101.4293388494336,1137.4839226364568,1161.9941631476813,1140.8576752209635,1192.4798375989626,1153.2713717100332,1127.1521482143569,1116.2648508341906,1065.375444356902,1131.5424707662887,1156.0639434893437,1187.0855843726827,1052.621315128717,1164.4871524321538,1176.0201878000457,1129.4415420744551,1042.6294233101025,1142.5746990073328,1148.9238829164904,1126.3762640046066,1014.4867313193353,1067.2396424914793,1209.4370471092548,1120.7949835894353,1019.657572986567,1153.527816173742,1188.5249302252194,1220.0861550920638,1138.9257349858885,1146.6261197293572,1190.8178902597422,1141.4121047313017,1156.0035405843335
1610555606.68LaSQbm9EHAFycEfFtEqAwYqlBsQPjIRW,1087.9703213340429,848.7374264956806,1093.6239833555762,0.0,1107.7881505766788,1126.0713103316016,1066.233168522191,1112.0832487617974,1134.4055160762782,1205.4108995074905,856.2697399087942,924.0838466700557,1225.9359991613194,1114.060704566936,949.8370348119382,988.4157250692949,1264.676036153977,917.8081385946648,1111.9114406865024,1079.3041276213,1012.2047063278594,993.4964508159362,1129.4280588886954,1101.6935582037363,1075.1243350839138,1202.6332145957638,1135.5932983472364,962.3044544739231,1056.5307425557246,1106.8616388601774,1094.372260834768,1065.5423439393055,1253.541782383893,1145.0824110634367,932.7978937768574,934.3582632988101,1033.9479035174,1084.59296791288,948.4279385307033,1127.7046906081052,946.8751252861467,908.752896671641,1025.8143409462828,930.0498190185057,937.4664692715173,915.8077195475463,1204.710633288966,1102.0225057316834,1196.9373781812617,1219.0171969955306,1006.9227065949361,1123.7680618573931,1089.452901809,982.8918155055479,1080.7101960462344,1106.4103501438556,1016.7298388141554,1128.3595066093046,1057.0402819512462,995.8821087346186,992.3919389520357,1016.6712994191677,1165.0189548008925,1024.998866262342,1113.7674951680121,1036.8191776796643,1163.9385659208265,1013.6782735224402
1610555617.19EKxMEwDHfXiEJZc27TsGoERaD6Da4BZU,861.9173747174796,1134.4832586187467,899.0942621714192,1107.7881505766788,0.0,1119.5340693846367,830.1163216774116,932.2431011200911,822.8249924634835,1219.0396868765133,1167.6301833748057,1116.9316508278387,1269.6410816794867,958.0324768496441,1094.2077197615586,1133.9457093270216,1394.1037575796804,1155.725610290125,1068.2078523394127,1131.0661650971497,1155.7698416503774,1144.30666108631,792.1777062195708,914.3215606513899,1084.9645024447295,1153.3847489638988,867.3709041102186,1145.9526861043355,1197.1738549635845,984.3675056113268,1089.4522793649983,925.8470473515679,1285.9893346440585,1234.3983073939753,1114.1578172688871,1114.4802211505164,1133.7055012364583,1172.3657399696597,1164.6203741894399,1224.7893119585715,1145.7525072510966,1142.1222843711096,1129.1601739156538,1115.590766742304,1119.8019077467875,1163.667434969115,1176.663134172612,1125.635213741633,1209.4108637989577,1147.427406919606,1175.039242038731,1053.4264355620805,1185.507427980241,1167.0521574154336,1172.3003143907965,932.7063431492711,1089.2643885134016,1260.079636941242,1165.445797533841,1001.0029565590481,1150.5052344078372,1200.8384242448383,1240.6719412668583,1134.4756189907555,1184.8822288564545,1183.6579612597773,1202.084958813202,1161.9999986311325
1610555722.52PJ3FD50MGhRXyUD28vluU8Z9UjLJLZn4,1047.055978912176,1109.2629175758689,1061.2511237653869,1126.0713103316016,1119.5340693846367,0.0,1024.3953365051248,1071.3317153669077,1021.0247179441758,1264.5273258934915,1180.4359804498865,1120.1550994292397,1287.0459745787796,1076.1700431576344,1126.665658892697,1187.443059898948,1388.8935877916642,1138.8698597294222,728.1031007004183,1182.3969245731919,1135.2749282291766,1127.9281090397305,1149.08441555919,1063.309154015687,1114.0323431060106,633.892551878407,1127.0810116356547,1084.9704789931725,1135.1694754875125,1065.8602147416952,1195.88896447582,1000.9618275891629,1325.341368397137,1275.551779583835,1164.2551314869945,1138.994103353972,1227.145314040621,1241.9474019348352,1151.4888304378135,1215.3310214225971,1218.2317340372988,1122.6336567851372,1200.0801900843628,1071.1909368555844,1112.4275615482968,1049.6262021488853,1175.0175299420455,1145.5686894526368,1271.2981056607798,1242.1533872245075,1131.8619315132512,1106.608137260136,1168.323007243231,1173.974312746261,1254.047981270894,1037.6099298424235,1146.6672957726132,1236.9812729141859,1121.909301275018,969.2351170411017,1099.3194258149506,1179.7486810720313,1297.9127288960776,1087.4595756793601,1256.1596139770022,1186.6067945110171,1213.039083922899,1081.5815454894462
1610555617.52Ijr5puT55g9apK8auM7zaxa3NANg502t,872.3512430841997,1063.0590088839854,832.5335481363296,1066.233168522191,830.1163216774116,1024.3953365051248,0.0,864.2679739549957,919.2686196598436,1185.6237348885845,1126.8624565874743,1090.9309551063477,1235.8509856600258,759.0557168581787,1064.0963727440135,1119.57571712546,1354.8585079070888,1111.1605027922565,992.3946696446391,1135.6029460085233,1129.0168905725582,1079.6299104708312,1015.6586779022292,848.455725312105,1048.4126908424141,1025.0052601670632,1018.6068410786646,1116.3781400911694,1126.8790559934455,821.5125312077885,1090.3609190432985,889.0666358518132,1275.600160287466,1228.8099056919716,1111.460982996413,1084.170284189863,1148.555668398092,1165.194104308785,1099.235715055717,1196.5787369732577,1156.6155826521506,1105.5722038193271,1140.784198762267,1083.1396276401997,1073.24386193603,1103.0113660466807,1210.9698995045896,1098.605172753788,1180.9519311971922,1211.1530576800972,1150.0608441115935,1060.4060300121293,1135.9864267112393,1111.3578365406431,1160.1558257399824,1009.9947420066783,1064.0542020703756,1226.5921935297922,1138.7557828550027,911.1250273619672,1105.603192331521,1156.8616331908377,1245.6479656692868,1077.8122781917677,1170.1434109343118,1157.6702751114417,1183.8497439241935,1106.4133725633412
1610555638.77ZLjTLkz4jYJdFMI2wWBztzsDILkoOtAk,655.7892296127679,1118.5977919591087,538.0828333872117,1112.0832487617974,932.2431011200911,1071.3317153669077,864.2679739549957,0.0,808.961441098095,1170.8348786027618,1197.2286253801217,1079.4191871130524,1217.1434589871774,707.7189673709669,1108.9634727042824,1108.8489525760392,1396.3943506336186,1165.738067853654,991.8680371681688,1098.3856329947794,1129.1878660424845,1141.2591338157545,1049.6909794082778,348.950482636442,1076.3421699867574,1100.7709355178874,980.2511746198626,1122.293147654614,1175.0014633827222,1042.3821931637058,1094.825326173363,959.4045558117291,1247.2960646858323,1219.981360298575,1111.000527550368,1106.5801035377422,1139.0463205941323,1168.1619796052887,1145.092358470794,1197.0968300311586,1164.4576437562862,1126.2490667160464,1131.5597913141635,1076.7693119243154,1133.4768762826538,1159.6023438631391,1193.4908938492001,1069.1654120011397,1174.346937842304,1190.6153706132561,1130.8378038287203,1056.4829027123833,1148.3836323386145,1156.7391370226762,1141.6786975523169,1030.3042819737427,1080.2188143329736,1210.5321800648614,1121.2486965629223,1032.7819835370883,1156.2734877892797,1193.7319763641574,1228.839108306143,1144.0131062901683,1163.9555737047865,1191.8332377793033,1154.4506359665088,1158.9692949343375
1610556912.46C7tJPLF0XfNnm8f1820X9aLmXMHoc0Dw,711.1804279963188,1156.1308076671935,745.5318160540285,1134.4055160762782,822.8249924634835,1021.0247179441758,919.2686196598436,808.961441098095,0.0,1207.3015173180652,1212.7366100377444,1076.5719221294962,1247.4503561234274,896.8125719439087,1103.3942398877034,1138.4968029205957,1418.2821523134046,1175.6426877692988,911.5225748086553,1120.9124521213016,1105.964155441136,1143.1858910462345,1023.0855318877439,781.467081043078,1097.7573813299032,1057.9962743349402,952.7226700504103,1105.6678338020786,1181.4001149164958,1058.5153396813896,1122.576287413673,993.97572311442,1277.305831863339,1242.527352246007,1112.206462895933,1110.0874375041412,1150.965613354972,1196.567261454491,1177.6043980373447,1208.324485451062,1164.3964838571987,1136.2800945166248,1130.6025104116904,1097.8267100563899,1149.917185436066,1155.2229239679143,1171.380616717442,1091.0013414597245,1212.6880875487727,1176.971997752169,1142.1463981443378,1048.1703543426156,1178.4139796421912,1178.440715392772,1181.163976622887,1007.5741546227558,1104.7232831069596,1216.0300319462092,1135.4430130724506,1040.1152987647652,1155.3100273420728,1216.1238233878216,1254.7099643458232,1155.2108693965974,1193.9393532169258,1197.5752191069607,1188.184176741282,1156.1570076061587
1610555617.51LjzIROg0aeCP2GhDcAVQ0LipKJB9jmKc,1137.0718243563904,1138.2226590101955,1161.4623641136368,1205.4108995074905,1219.0396868765133,1264.5273258934915,1185.6237348885845,1170.8348786027618,1207.3015173180652,0.0,1296.3971658827859,1186.3060510010496,936.186320491035,1181.9704027455743,1223.098335775763,1154.6482616243927,1476.9983860201387,1220.515157258696,1281.9880276747256,1173.1859164525215,1243.2485343610165,1271.451004238014,1226.738852419677,1162.1192998931704,1126.679932581215,1304.6567874829082,1204.723416729466,1226.3660315629415,1201.7849074957956,1269.2651913778452,1169.7711724212288,1209.2089813330053,753.3307990448303,1207.236031004625,1188.409779153617,1215.4787694854463,1221.720419348257,1155.9110010345246,1095.094027742134,1230.738611919424,1265.3150615544057,1230.4931696683725,1243.5274603910411,1223.7536525612782,1215.2346635149113,1225.7628381333554,1266.7617607026546,1166.053820429537,736.2238012168226,1300.4012578355866,1215.6848616509717,1244.8413553984408,1156.1401815208703,1246.1117560849405,1241.2850941568158,1220.4642914890856,1226.8490202194987,1292.8288956720519,1208.9619140512825,1220.511602494878,1248.6166690003029,1266.4326785946837,1139.8876988372642,1260.2601625518882,980.7396298101537,1281.960813721454,1260.3624281208013,1261.7173577329186
1610555608.17OpjjHobqRkX0UPcaXrbu7K6L3805SZri,1183.3269157653635,971.774086166576,1197.5308443932158,856.2697399087942,1167.6301833748057,1180.4359804498865,1126.8624565874743,1197.2286253801217,1212.7366100377444,1296.3971658827859,0.0,1049.2632797940194,1302.1476046357323,1181.3114997913117,1036.779019781177,1079.8193489945154,968.4944436598765,960.9996655518798,1182.7077285843473,1186.2477474046082,1027.6012799408973,1065.801558622694,1207.4429007289111,1193.0934579390862,1093.811332835717,1207.0481029899997,1225.2286052856034,1056.7810687116275,1133.360414123599,1205.9125541149863,1186.7103552668973,1116.4762986157116,1342.9824728933677,1251.6065475642454,1029.0564163318834,1007.6640994860544,1129.4528875843714,1183.8348368929103,1054.6400270661948,1226.5765234950754,1106.903797965622,907.1759506510915,1124.210578277897,1095.5541620100582,984.4776005908265,919.0191694637678,1273.0290545982007,1216.729264647518,1287.7580772587614,1275.9777248925568,1132.397700387156,1212.1767770366728,1180.6907208474415,1033.6882172865648,1205.605331519329,1134.827291535695,1047.9761949125402,1200.363459341309,1178.8083376359662,1057.347649939479,1005.8265622013305,1048.0715460831802,1255.0128614453952,972.2124402523228,1236.0140697305505,1006.8287682260562,1239.8294617168983,1058.2921257966473
1610555721.82zWeNZfGUUfRJkgnAwlP8VMhPzXctnSd4,1068.4611555513784,947.4303382573653,1083.4382492884836,924.0838466700557,1116.9316508278387,1120.1550994292397,1090.9309551063477,1079.4191871130524,1076.5719221294962,1186.3060510010496,1049.2632797940194,0.0,1223.451282850792,1082.989743520438,961.433387066727,925.5069577629092,1313.6550516230952,927.5831894720959,1129.104865412127,1015.8044026996434,672.3352924245995,844.5763972854224,1141.8182184588152,1072.2704274798364,1011.015129086443,1166.7633671833248,1120.0674361039203,805.4315426216449,1031.2918487849342,1193.0301553843203,1107.1820042460188,1092.7546941412868,1228.8059721539923,1103.8043417635217,843.0515942701819,861.5728892914153,997.2703684266401,1040.1962878252345,984.6530367374975,1131.9481942099535,1011.0000308420213,839.1893120237169,1024.8111753141422,901.5517556800894,973.2288209461306,982.8884768736502,1098.5943217537767,1085.4457887592587,1170.387071821129,1169.5564033934481,899.9934892902685,1073.3741834144132,1105.0539839596775,990.7471119414454,1116.1340159794602,1058.2361149406145,1044.7065581956936,1008.4667680069238,1005.6652246569622,1037.6499588428,991.9130506248191,1028.4839390120735,1115.277962263175,1026.4229473370694,1103.628088451179,1025.0501736169342,1137.7796598690777,1008.970299740477
1610555735.75bom85BDF0C7W2eIseHeMxi24qR68nzMi,1189.100783457807,1097.5980046778193,1216.330029527398,1225.9359991613194,1269.6410816794867,1287.0459745787796,1235.8509856600258,1217.1434589871774,1247.4503561234274,936.186320491035,1302.1476046357323,1223.451282850792,0.0,1234.4144422162576,1223.8714384324342,1236.0713279297827,1457.7205618599949,1200.9899136897182,1310.468303232492,1220.5551183315426,1285.5142831001533,1278.4754528467815,1271.5222010763132,1214.0178910457623,1225.7853074319262,1330.820715835953,1248.3813152215243,1272.9044467741503,1217.458581727252,1303.7980663043452,1201.3188817313833,1222.2378617494712,771.49812455976,1256.9272303949658,1244.9542368502396,1273.8331967763013,1270.3295844819645,1202.0282155796144,1173.239357251937,1233.7248956702028,1295.213862803738,1250.6885477022663,1268.8634669135074,1249.423285018918,1220.6678375962506,1212.5851488226717,1318.640156832332,1272.904182513425,1155.6146213166571,1313.5553664007418,1297.040116022136,1286.2037607754578,1170.2751702001337,1236.9100186072064,1297.8549961674105,1242.593542643414,1288.1854122650388,1355.8398794996315,1298.2299805845191,1268.723878447498,1255.7235049538026,1267.4174059299326,1223.0596921650583,1279.9018528087763,1193.488722711208,1278.952309094516,1289.3948597548272,1271.8970863405548
1610555735.77NnT5xqKnwcf2BbjIekeb2arTQj6QMNwk,847.5236890142796,1111.8519363775727,806.3548927794427,1114.060704566936,958.0324768496441,1076.1700431576344,759.0557168581787,707.7189673709669,896.8125719439087,1181.9704027455743,1181.3114997913117,1082.989743520438,1234.4144422162576,0.0,1108.9899531938593,1111.3420151387566,1387.257121055099,1150.5581701696549,1037.8044918696244,1119.6397837384902,1117.5399607911436,1142.886335328437,1064.1964899577288,736.5230317269685,1077.0823905343393,1086.2754373126218,1020.4817648335227,1126.1754257775349,1177.6638923335593,1026.6978741728965,1092.994607752053,982.9376677809472,1265.0806499564528,1232.2214170847676,1113.164327381652,1106.5542974666037,1144.9553298500018,1171.1384422997546,1146.4153166818633,1201.224705622975,1170.621094099064,1124.5059432116798,1149.5636027991995,1108.830317834556,1123.8719684496136,1148.5360730582488,1205.4213880849513,1095.387877882085,1185.8711180625678,1222.5950730093555,1135.998029421568,1064.7005512707074,1151.9224089904608,1155.7937076842957,1150.6869984723244,1050.5050913212408,1099.8764948932503,1207.5228379148557,1125.6710564177918,1018.7588670615917,1152.2542872324377,1196.7086332049712,1248.0064453632835,1136.6105788487043,1179.7481061539984,1193.4266686670132,1192.5595468477602,1155.309538437111
1610555638.33wjf1PhdNaoWfbRzXVn50hmFyB5bYAiLV,1075.9965298177453,900.3780648311401,1103.8139772807472,949.8370348119382,1094.2077197615586,1126.665658892697,1064.0963727440135,1108.9634727042824,1103.3942398877034,1223.098335775763,1036.779019781177,961.433387066727,1223.8714384324342,1108.9899531938593,0.0,1041.8741763081132,1319.5021105892959,929.3153181626726,1113.032906699721,1119.6467416935302,1034.5958620432957,900.5432451769383,1103.7298654956364,1097.5570367403172,1033.537205351161,1187.8314494876781,1114.8529890621396,1059.9570611889176,985.790932921165,1130.0302256383961,1053.3004547855767,1041.0120378329912,1258.1076610308533,1202.5606155881767,954.8906805116357,923.5797287883978,988.745743946951,1127.8144395939669,1007.1898738361026,1082.2464442416917,925.8440898631085,925.6631484702699,854.5498362730752,988.1159775461028,834.6573990423195,937.0187974113929,1123.0206821715526,1108.34469050943,1236.8237128843627,1205.3060771629634,1095.8309595524515,1061.6355718471752,1153.6785794498758,937.6820029640296,1131.5741016635761,1034.313918934363,985.2177064780296,1186.7407989463188,1141.4132704152978,956.8482113629765,996.5475516420317,912.2653784057044,1223.266263042069,986.815538806432,1198.2674864946862,924.6194471826691,1164.7587557665188,1046.9699266341618
1610555606.65jCE4ig8Pu8kvAzkxnSGfWsV0nQBjCf8H,1090.487573654052,1038.7775370255852,1105.3847755337806,988.4157250692949,1133.9457093270216,1187.443059898948,1119.57571712546,1108.8489525760392,1138.4968029205957,1154.6482616243927,1079.8193489945154,925.5069577629092,1236.0713279297827,1111.3420151387566,1041.8741763081132,0.0,1343.5441327280898,1089.7663805484913,1182.8559999096574,944.8762894143343,1008.1278182885645,1092.5841548196263,1129.258774769989,1100.8769187666949,1037.1935532315829,1234.6339488135573,1122.651055176732,969.6659858381884,1006.9280104415012,1217.7451414578022,979.0060401213561,1128.562918461253,1188.0792405438754,947.137652144275,719.701410973314,790.4249445482508,912.4528411043585,767.814533533182,1054.7251240753844,1141.8039479615197,1005.0026291786965,1013.3593466126082,1045.7575588335826,1009.9809727667292,1002.0122681567659,1089.2612601679189,1104.066270522716,1114.1856185612353,1131.1552912571221,1151.053146402293,900.6861275199408,1122.4934248653049,1050.6929474152967,1072.2965339449695,970.738861845611,1085.2567198646175,1104.4786025862072,1000.2476093453026,1001.257781190256,1104.968315056608,1038.4079540716752,1106.0105027460975,982.781427847815,1102.306596152186,1059.8648306644684,1094.5204278843203,1098.9451987736516,1040.0158260941578
1610555608.18ONsBCVo1i7BrX0XG9stct4oiA6ejX9Oz,1388.418211731177,1262.5558223714675,1396.5388709545396,1264.676036153977,1394.1037575796804,1388.8935877916642,1354.8585079070888,1396.3943506336186,1418.2821523134046,1476.9983860201387,968.4944436598765,1313.6550516230952,1457.7205618599949,1387.257121055099,1319.5021105892959,1343.5441327280898,0.0,1252.6162105846222,1406.2540154766434,1392.343819764423,1296.561948919274,1325.9303395499835,1410.835201087709,1391.7154922856253,1325.3561276310375,1384.8757550646258,1415.698471317751,1348.2267735735643,1371.5877770721377,1414.6003608803744,1415.7333777358233,1313.703442793131,1507.533086608872,1435.4004880524312,1318.1015634877353,1293.2197185947866,1380.694780579428,1398.1465451785486,1319.9273300959667,1457.0666424888432,1371.699538392594,1188.5345267628293,1379.3658311800582,1350.0385202574046,1266.0249022431826,1229.5242269419796,1473.8324037297484,1427.9573288859942,1447.2052879797689,1441.335802495391,1385.0304648678725,1424.0026335594744,1416.1131097857558,1276.5329713388278,1421.001772046169,1355.0567551875397,1315.734347088857,1433.5748834480992,1413.952875532262,1329.9667824867824,1275.5070493340409,1272.5671655980336,1386.3868717487774,1215.4229572398015,1404.235545748627,1255.564283156798,1423.5043568507008,1320.977223917941
1610555721.51RNoQUMP19FTMS79BmA3JkgSm2IC2AQuQ,1143.6601499632695,620.4647442221843,1167.8369956101608,917.8081385946648,1155.725610290125,1138.8698597294222,1111.1605027922565,1165.738067853654,1175.6426877692988,1220.515157258696,960.9996655518798,927.5831894720959,1200.9899136897182,1150.5581701696549,929.3153181626726,1089.7663805484913,1252.6162105846222,0.0,1161.7919350815278,1173.8386128675975,1032.5788935378116,925.6135780919598,1153.897404758522,1161.2624025337038,1045.397822336596,1201.514557924783,1192.5329354339594,1029.1151113491653,1052.3555432362898,1161.3456296037996,1158.3767627089278,1074.553637637772,1256.1735341225751,1167.322081672844,1057.7995535626349,1020.4870738354437,1138.835171539843,1090.6617473947488,931.5979200585526,1187.289691550349,1083.3371778677213,876.8316572224464,1089.9176621544789,990.2269883897404,795.4221827863448,685.2929816196995,1196.0252663897404,1184.3391413799243,1216.8596518069314,1244.1161846405716,1119.1783503882057,1177.6354646531609,1106.1786623287253,877.4948326529963,1215.9939876737485,1092.1616351615746,1058.2428142702224,1231.0031009884403,1147.7190370479234,1025.8524144732085,896.0615272365862,902.9599919983715,1215.724740587154,929.665214607746,1189.2120914542927,902.1438359027717,1222.0863846342031,962.4416069733261
1610555971.86O0cHB2ibBJ8jxoObg01EpGe8VVV5mpwn,914.9781417967449,1133.8314587610873,951.2688502201055,1111.9114406865024,1068.2078523394127,728.1031007004183,992.3946696446391,991.8680371681688,911.5225748086553,1281.9880276747256,1182.7077285843473,1129.104865412127,1310.468303232492,1037.8044918696244,1113.032906699721,1182.8559999096574,1406.2540154766434,1161.7919350815278,0.0,1196.4342169749964,1159.2431027987257,1113.2829141400143,1142.5850582928706,973.5401166301823,1128.5106161617816,907.735696210735,1073.855157963112,1094.205390873561,1145.7444260000755,999.2194487354586,1183.7709088387228,995.5690264860149,1347.5097679173575,1285.8252074099526,1153.9922047106,1142.4473880343219,1208.734073497934,1251.6792270308417,1179.481196656499,1185.5609740469865,1199.7263170647536,1130.9252725511117,1166.2145441766395,1071.1918737683986,1134.7016220644275,1086.7404266680005,1226.4886181343509,1125.6925758870766,1281.9617298606086,1231.5070239559902,1148.9665908002137,1039.067664808707,1201.42048977424,1185.237590380952,1234.2947527576155,1045.878077338218,1146.9302330783307,1251.8043446491074,1145.8887681603082,977.937085405829,1095.7237753338095,1184.5839509592884,1312.3797509044073,1097.664030071818,1258.3444892563568,1181.4711455204517,1193.0583215489078,1067.03436322563
1610556911.51zU3duZSGpcw1BDNsBLxdOCITAXwl6z3i,1071.6722635625092,1127.0026553285625,1092.3162631617695,1079.3041276213,1131.0661650971497,1182.3969245731919,1135.6029460085233,1098.3856329947794,1120.9124521213016,1173.1859164525215,1186.2477474046082,1015.8044026996434,1220.5551183315426,1119.6397837384902,1119.6467416935302,944.8762894143343,1392.343819764423,1173.8386128675975,1196.4342169749964,0.0,1058.485397955971,1174.3285510607884,1128.7232811747506,1088.9823655117334,1123.0896347833661,1219.5762998867076,1084.4825550488188,1084.6211874194005,1162.264734407217,1238.8938414130396,1072.877633150836,1154.5539015273343,1181.453666358757,1086.5243026870185,968.4780499125291,1003.7848161665956,997.4857390237713,1023.7087427441448,1161.3887489259473,1232.1718335083806,1113.686162754464,1122.5844130146384,1114.2378129897324,1062.0822834124258,1096.5262806183525,1173.858970687887,1135.664327632935,1129.7621824870605,1159.7297987396616,1200.2228176889812,1018.1810388766293,1150.235770359238,1185.4573627556092,1158.0558183145074,987.1671508568229,1110.1958839411423,1133.177414658563,1062.2532114969338,1076.0324512336524,1141.9597422729626,1170.6312831112416,1187.595006732733,1031.0373722489776,1187.7811839345902,1073.7230068678145,1214.1630626433891,1169.5927624674937,1183.1757543002877
1610555988.71dMoYT8250UHHJGxgmITTmbHe7V6gH1yU,1123.9339181104226,1072.9902437546684,1135.9595157581537,1012.2047063278594,1155.7698416503774,1135.2749282291766,1129.0168905725582,1129.1878660424845,1105.964155441136,1243.2485343610165,1027.6012799408973,672.3352924245995,1285.5142831001533,1117.5399607911436,1034.5958620432957,1008.1278182885645,1296.561948919274,1032.5788935378116,1159.2431027987257,1058.485397955971,0.0,980.7981530842326,1190.003356588533,1122.3235031554134,1069.577673737677,1150.6681939230782,1166.313362449658,852.7386309194742,1124.0785121768058,1245.6529227611848,1162.4638402391342,1154.011514309425,1289.312026063648,1181.4202391674214,895.1277048380842,948.933963468495,1058.9541030900482,1123.7912091596102,1079.9423479242075,1203.0006411294746,1060.6993955093592,910.1703707345009,1074.8253209590223,1000.8624140097103,1049.0737197591259,1040.6788806327534,1147.6895042821736,1141.6793853559357,1231.8024445672568,1225.4976922688097,980.1585100555386,1118.6077966584644,1174.470145796443,1085.998005309368,1160.5249387531696,1106.0423605638364,1059.9769675311393,950.9057489332226,1076.3463567294086,1083.4026040288015,1036.132447804524,1121.1069180047505,1193.4042450778568,1074.3464823386632,1174.502620389607,1089.1611794412809,1199.3105970731192,1067.7862166129378
1610556042.81mlUZsSp7gbGjrp8jQSnybT1gPy6e62o1,1132.5517632249148,944.0725015200949,1136.3259497586237,993.4964508159362,1144.30666108631,1127.9281090397305,1079.6299104708312,1141.2591338157545,1143.1858910462345,1271.451004238014,1065.801558622694,844.5763972854224,1278.4754528467815,1142.886335328437,900.5432451769383,1092.5841548196263,1325.9303395499835,925.6135780919598,1113.2829141400143,1174.3285510607884,980.7981530842326,0.0,1152.6296109656043,1133.686546617808,1062.0557586395844,1201.2131699132733,1189.878890405161,951.461034293641,1092.2541797918357,1108.3833169058428,1197.4473264519524,1039.952985312025,1313.1674071275722,1203.2210474333667,1037.185778894947,982.8881433899426,1145.8715927085418,1134.2869421981516,1026.3958997456525,1163.6298296800933,1103.6503864701338,852.6341439552557,1079.4056645083076,1005.3387049562974,946.7645785734609,957.484797545169,1182.4755619534114,1167.2763024016642,1248.983156538358,1208.3558858083238,1094.9273148487407,1147.4380260302332,1165.6858181381328,939.6983333169733,1238.6522836646043,1085.1091839617281,1047.069032464524,1175.9211902353723,1152.0322730662076,934.6676246813399,879.8525495661327,906.7904861734271,1226.3985582120551,904.8117462511117,1202.4066366175211,845.32565974179,1183.227588553262,920.4820343438226
1610555637.02UBW5nKvDyUrKnaWcYRGajZPxTRDS0q3N,1003.6479463500914,1104.9550644914966,1023.5273352422114,1129.4280588886954,792.1777062195708,1149.08441555919,1015.6586779022292,1049.6909794082778,1023.0855318877439,1226.738852419677,1207.4429007289111,1141.8182184588152,1271.5222010763132,1064.1964899577288,1103.7298654956364,1129.258774769989,1410.835201087709,1153.897404758522,1142.5850582928706,1128.7232811747506,1190.003356588533,1152.6296109656043,0.0,1034.6659738223036,1068.5370181765497,1186.586704077602,834.3580756713033,1176.1594789846388,1188.3477450752655,971.8344139873509,1022.4138475884497,922.5332489972786,1271.866793793071,1191.2349203974766,1106.3989092620736,1128.307430586288,1128.018332435136,1124.7684897458034,1136.816774834973,1205.1161165874162,1146.0834683397975,1158.1857080727455,1130.6802011690397,1136.3977302301262,1112.5833732439423,1150.1467617346025,1150.3074711467564,1135.7563564411946,1207.197166016567,1140.5526278417913,1192.5782369573128,1000.3061620013933,1196.2787298380754,1152.4141791961931,1095.890652630058,791.3842235986176,1116.89259314343,1267.658217444164,1187.4443213409882,998.9672206971617,1158.0273833795588,1192.6635696669246,1209.273079765917,1141.8447319075635,1183.1388617875741,1179.830978011731,1210.1663606346729,1170.4530494219016
1610555619.13oUYNikU4facCTpUSiSLr0vPI0tJLnXiT,620.9391932983133,1112.8111686533302,462.40193913542174,1101.6935582037363,914.3215606513899,1063.309154015687,848.455725312105,348.950482636442,781.467081043078,1162.1192998931704,1193.0934579390862,1072.2704274798364,1214.0178910457623,736.5230317269685,1097.5570367403172,1100.8769187666949,1391.7154922856253,1161.2624025337038,973.5401166301823,1088.9823655117334,1122.3235031554134,1133.686546617808,1034.6659738223036,0.0,1070.3311714590577,1091.0752903670395,962.2748210649039,1116.1227219352377,1166.1302937819557,1025.6023382493931,1084.8005335215717,949.6232486196692,1241.629760978918,1209.4556182627148,1103.0145710147804,1097.6966307376272,1133.294626613625,1159.1870328429336,1139.361781187195,1191.1922779579925,1153.6437398569954,1118.789074329857,1121.6338766788401,1065.9751532132698,1127.0706905025063,1154.9379597615568,1184.9988642015985,1060.2010668626717,1165.1118333299657,1180.0306985082368,1123.6279434949577,1047.9032054380923,1141.001472487401,1150.0734778282865,1128.2481401218292,1021.2624808982767,1065.4644411928405,1201.8486339795102,1115.2868379391796,1023.2544597720752,1148.5943626134117,1186.88583541657,1218.6319048060777,1136.1363060071021,1150.8332703520862,1184.337247382494,1143.9539419453042,1151.8758919778297
1610555721.03nzkucfjAUh31zTbmCVvTVYqtjoxZFnBh,1045.9550054640931,993.8719022531286,1070.5335375241195,1075.1243350839138,1084.9645024447295,1114.0323431060106,1048.4126908424141,1076.3421699867574,1097.7573813299032,1126.679932581215,1093.811332835717,1011.015129086443,1225.7853074319262,1077.0823905343393,1033.537205351161,1037.1935532315829,1325.3561276310375,1045.397822336596,1128.5106161617816,1123.0896347833661,1069.577673737677,1062.0557586395844,1068.5370181765497,1070.3311714590577,0.0,1164.5557324932902,1124.025812095266,1036.5010580705707,1110.658762112776,1122.899397937703,1114.5535462812763,1007.1910228831046,1212.4160321248294,1126.4002200841144,1016.5254865071485,1009.8044893210499,1091.9693116041626,1060.8564071365536,824.2925623721038,1119.7272187479555,1144.8235478926742,1018.6831191565586,1085.179828237359,1080.1735339155105,1009.5191009820716,990.6920647342638,1167.3632921559145,957.714880552843,1101.5459223774033,1204.0399013922809,1068.1837092502105,1086.2540728148379,1044.735312709136,1079.5501768390532,1177.0539123222327,951.0325112906344,932.4543174599357,1168.1713141233886,1070.8413601744196,926.2612599860001,994.6553862401064,1078.980989114172,1162.037323881077,983.9044783030563,1083.654621145418,1064.3839748452426,1099.979619900718,1023.7908993971395
1610555722.67fhKURdXVzRbLIjXmjRwdJHTnE7PWb1AE,1092.0597019883733,1193.3202595927326,1097.7403812346697,1202.6332145957638,1153.3847489638988,633.892551878407,1025.0052601670632,1100.7709355178874,1057.9962743349402,1304.6567874829082,1207.0481029899997,1166.7633671833248,1330.820715835953,1086.2754373126218,1187.8314494876781,1234.6339488135573,1384.8757550646258,1201.514557924783,907.735696210735,1219.5762998867076,1150.6681939230782,1201.2131699132733,1186.586704077602,1091.0752903670395,1164.5557324932902,0.0,1161.6565160777595,1157.0514543450008,1205.180863861113,1134.650601876599,1234.6731641828,1075.6626367880895,1364.4781933966792,1322.930771639518,1212.498368359828,1184.1437421118524,1269.720473575235,1284.3871744940213,1212.900579465975,1282.3709564257858,1272.042685015986,1160.393498545138,1247.979476907595,1159.9171860906977,1180.253159820205,1130.1901246161992,1229.4105373812322,1200.6213383536044,1311.9150310870903,1276.5276716983014,1198.9972954353523,1171.2630909356146,1231.2588542856026,1229.2873335110614,1290.7989960263228,1105.375013037301,1191.0308963069451,1279.459396830558,1191.1361167428247,1047.9401120899024,1176.439364693415,1245.795058464916,1337.7188677403128,1126.9573948311167,1296.9093789082103,1234.65234766577,1256.6616662971007,1169.4609676002399
1610555638.39J2ZWBLuLTHP0jOlzB4tNHmYeijH5g5YJ,915.7010109000187,1150.8994589374215,939.151037984876,1135.5932983472364,867.3709041102186,1127.0810116356547,1018.6068410786646,980.2511746198626,952.7226700504103,1204.723416729466,1225.2286052856034,1120.0674361039203,1248.3813152215243,1020.4817648335227,1114.8529890621396,1122.651055176732,1415.698471317751,1192.5329354339594,1073.855157963112,1084.4825550488188,1166.313362449658,1189.878890405161,834.3580756713033,962.2748210649039,1124.025812095266,1161.6565160777595,0.0,1162.6433162604953,1205.9440832783362,1099.8566106529113,998.4823881654503,1027.8734192930438,1262.851737127842,1233.6995339319576,1120.7838871636186,1126.6512117763207,1126.4011647517766,1178.6112983823923,1182.1351868091222,1176.8151324866756,1142.976849594499,1169.3489528277598,1122.046787385114,1150.0833821179035,1155.4503415538838,1194.1132086198495,1159.7326291761256,1084.9628497393824,1194.2370452589344,1028.1436748395972,1172.4746709096057,951.0184111831312,1200.357025023975,1190.7960700334636,1121.6456376258698,971.528218912903,1163.9104007235976,1245.7849207504837,1171.7706142669492,1078.2060978859895,1189.349215575705,1216.5972623389744,1208.453080020831,1174.906644464343,1172.0483856430167,1219.0906541101474,1113.7303439069105,1203.766745066646
1610556032.17Q6yCDx9g7alRnL9jBFXD2JhhUyB2hKfJ,1102.3946022304958,1012.4480168583434,1117.8654954806912,962.3044544739231,1145.9526861043355,1084.9704789931725,1116.3781400911694,1122.293147654614,1105.6678338020786,1226.3660315629415,1056.7810687116275,805.4315426216449,1272.9044467741503,1126.1754257775349,1059.9570611889176,969.6659858381884,1348.2267735735643,1029.1151113491653,1094.205390873561,1084.6211874194005,852.7386309194742,951.461034293641,1176.1594789846388,1116.1227219352377,1036.5010580705707,1157.0514543450008,1162.6433162604953,0.0,1063.6667395331724,1213.490556875051,1157.6414731518107,1135.769734841141,1279.4866701373114,1097.1301183624237,955.5528241529552,948.6170416305383,1074.1727063372648,1065.3545305184912,1040.2325350976635,1155.1822586909277,1058.1250710983286,890.6492302873932,1077.5389326126533,907.7542608608,1029.7260542828747,965.119046684653,1140.4631817324007,1114.5899163356958,1218.0955445894142,1210.2894404730566,890.4105058932217,1127.1586217354863,1095.9239591870214,1071.4359344084203,1177.9304556790823,1109.0855646676885,1051.1797866455886,936.9019727693034,962.3742313730058,1049.1849186588663,951.8976824879585,1092.1460568685882,1181.403730268891,1017.4448284850581,1149.227801771492,1042.5328644695337,1174.4258900134557,948.6657554553839
