,1610555604.25mOvVXuL01OCiReyVWBfesjuvXmB3MoPy,1610555605.43B6oDsBtWRQ29Q9UMQuTUEPZy3FSSWXzc,1610555610.92HPGJJSmyPM40z7otPBgHalNrHFA7zk5d,1610555606.68LaSQbm9EHAFycEfFtEqAwYqlBsQPjIRW,1610555617.19EKxMEwDHfXiEJZc27TsGoERaD6Da4BZU,1610555722.52PJ3FD50MGhRXyUD28vluU8Z9UjLJLZn4,1610555617.52Ijr5puT55g9apK8auM7zaxa3NANg502t,1610555638.77ZLjTLkz4jYJdFMI2wWBztzsDILkoOtAk,1610556912.46C7tJPLF0XfNnm8f1820X9aLmXMHoc0Dw,1610555617.51LjzIROg0aeCP2GhDcAVQ0LipKJB9jmKc,1610555608.17OpjjHobqRkX0UPcaXrbu7K6L3805SZri,1610555721.82zWeNZfGUUfRJkgnAwlP8VMhPzXctnSd4,1610555735.75bom85BDF0C7W2eIseHeMxi24qR68nzMi,1610555735.77NnT5xqKnwcf2BbjIekeb2arTQj6QMNwk,1610555638.33wjf1PhdNaoWfbRzXVn50hmFyB5bYAiLV,1610555606.65jCE4ig8Pu8kvAzkxnSGfWsV0nQBjCf8H,1610555608.18ONsBCVo1i7BrX0XG9stct4oiA6ejX9Oz,1610555721.51RNoQUMP19FTMS79BmA3JkgSm2IC2AQuQ,1610555971.86O0cHB2ibBJ8jxoObg01EpGe8VVV5mpwn,1610556911.51zU3duZSGpcw1BDNsBLxdOCITAXwl6z3i,1610555988.71dMoYT8250UHHJGxgmITTmbHe7V6gH1yU,1610556042.81mlUZsSp7gbGjrp8jQSnybT1gPy6e62o1,1610555637.02UBW5nKvDyUrKnaWcYRGajZPxTRDS0q3N,1610555619.13oUYNikU4facCTpUSiSLr0vPI0tJLnXiT,1610555721.03nzkucfjAUh31zTbmCVvTVYqtjoxZFnBh,1610555722.67fhKURdXVzRbLIjXmjRwdJHTnE7PWb1AE,1610555638.39J2ZWBLuLTHP0jOlzB4tNHmYeijH5g5YJ,1610556032.17Q6yCDx9g7alRnL9jBFXD2JhhUyB2hKfJ,1610557007.49MyVgDnuUuBxrvL6SGOdhKf69VYlW1MSm,1610555638.44hjT5hbYdKoE3MB6hijrjqbjmLgvCUYKD,1610555608.13zUvmFSCRt6SsLbhqFznMEvGx54GPGQzM,1610556038.62a5C4ynd1AARyAhTv8a58NCqHvXRjscqH,1610555644.45Xse8u7pusHNsd7F3d0A32HXvXr6weOJE,1610556038.62gKXOCG7XCn55eJvyl5voNjbwOW0znQDq,1610555987.13v0oleKK97pkesp6oMgprH8SoSdoDVdIO,1610556964.96ZLLeiQW0qpmxhPGTg7K03fmzkqsC2bjC,1610555987.13VQlEedQ50VvkPMEMzZDv3KNnQCewykN9,1610555982.186TY6MMGkDecIN1woW6vsfAMXVV7jnyjO,1610555982.673LuMndkwkvdmZOn0MmE2Pkidx0FtNalb,1610555733.38zItcuH7gHNfKdALR2d9Nek6bxCyw36Vm,1610556034.15BQxSbZINGCay0yp6RBVlgcPrw76Yn9ON,1610555639.37BPZpgtGml8qUsh9AdV4m32jPLfI2aNFq,1610556965.57S0adAalhWYe6K3bkZU0bRHbqnDK8gGkR,1610555983.54zteLPCMjyrjzPdhHhlZr3faCgD0TfYr3,1610555987.79rHnNRmt9a0ufmnwCvZqBouyUoZDNpylW,1610556960.041xWER61rmArlsKfiMl4frikWmUCnQ7op,1610556035.13a7NHZDutfTMJ88qle1gTYY59Dr4WmMsj,1610556890.456ZBDaY16bMtrTZTqAgHl3wq1tRxzqDow,1610555760.24e6890pkbyZ97Or6croI1rQgjkSsR0yVt,1610556043.02YpWMIJg3W004iqlPyv8OcVAZdSC5rNYw,1610555987.03z05P26TLtONYM1HSzupoc2CeNMa6HTqr,1610556032.15OYCzUxpsz7b10AXBAuDXrvEcvxFhf0M7,1610556032.63Z80yI9pNwS3jSmsDABbuhf8wkNa2Ze9y,1610555736.28eGuESasTXdR3SqY6pHhEXWZtcdciYLCO,1610556034.61bebeZA0MkaFG2sm3VKiqrxeqQginTTW0,1610556944.5XwXOphKYT3ZkWA8gViqOS97VHVuMVUqb,1610556944.745UVLFBzf7fPh4UH37I6tYQOFPqRDytEh,1610556034.63XsUwaFaPZevO1JNFjfhvY4aKNFnV4noV,1610556964.89xwBHw9faT1HjQRMNQEyA4qJ3hWkwgj3k,1610556966.74DydzH91jtyvRyYau47JpVkZoMRSNTt01,1610555740.77UueVziDbaXyRR4OcVJIIZyzOfAzN51bj,1610556046.84e3vwjyRCzqz0wJQhrk8zsxlFfFSv98Df,1610556137.99eoPuVrDThKAOvmeprLPb2FWRqIhzUodc,1610555740.73XFwSrmTXJPlaxGZSefh0jOVA8PI3III1,1610556123.88AOfNaz9jSnqU5Czc7okOv1RCrYfKFBTo,1610556046.85nB7NvyoYQeLcOV391Lmmut1wAM8CFGLw,1610556123.89H4pdIAzDthI7bMXMhlIhKUYIQIvtmPPQ,1610555740.87GOYQUJKpkynIS2lFqppYK4b32ol7NeGh
1610555604.25mOvVXuL01OCiReyVWBfesjuvXmB3MoPy,0.0,590.2448067227231,153.49942883183738,547.9903678456662,439.192400728952,490.4916017717277,435.36944214405213,185.89935522956017,391.9485064919502,462.96083094007366,698.9379660614366,558.8376809611971,577.2766597217277,373.53598975023414,638.9557722092297,472.9453539883141,801.9452034274227,651.9902829793334,461.3928529674887,419.03164182428674,631.8848056502341,730.9952580053086,442.3164975224734,174.50807650218397,534.6673684882048,554.9873322052814,410.939443453883,580.5317706394438,574.9176027582362,441.75203091881286,464.68831717069384,502.07721001707876,529.0561955325503,525.4331043021658,536.1777578911058,583.6773213850323,506.26923711047436,507.25047229193683,582.2904683682608,563.0477133703603,530.7317318267903,710.715531224402,569.1645895466189,506.07405276264194,640.7361331967506,672.641043234996,522.6139852813855,469.8287874028866,472.4282322123917,613.3409902392036,450.2007369532569,463.02023703016823,598.2083039615457,703.7370256922562,417.76263508080626,512.975420252378,577.4092771429158,478.84052081063294,444.02264517102304,545.1226462399604,707.4902086263057,772.3179989237152,502.6356792433751,738.477819965077,480.74727453060746,780.4912231093101,541.9250257894247,673.200738599787
1610555605.43B6oDsBtWRQ29Q9UMQuTUEPZy3FSSWXzc,590.2448067227231,0.0,582.0813538076193,600.4392245424743,617.0966943319245,630.8198996615075,613.6197785309599,595.4263443534052,619.5956914136277,589.0093140560629,676.502024617283,665.8896534973895,618.3949286121034,621.0239563092283,722.0757586978741,636.7013778468283,758.7697683345369,354.43201185759756,627.0929915406781,588.3611312321962,731.6217652359013,741.1378501838125,594.046325340816,588.2588857369404,644.5247668338607,694.7186255514399,615.1297551602454,661.7693551864626,645.5813491079515,577.7292519111231,640.0430658815175,625.5645043309574,607.0106897356511,611.9188003423714,663.067202975439,720.9557431858744,655.1255461127433,604.978158563307,610.979226511477,727.0274058774964,629.3852228364278,748.9221019345109,699.4456582805251,636.6145779563105,505.0477611705685,368.1285719023155,680.5837607276547,657.8439490146576,584.464054327327,745.2163685746057,619.6240702247891,648.7974516484483,725.7644819797547,738.1659029479392,599.576407524768,646.116827636072,650.9954543526143,611.6636460004127,618.6795741463397,639.5065493207514,734.6135365162193,767.1086369414834,620.322742025812,763.7546651657857,617.4607317638449,780.5293033611567,696.9475374838017,723.0206714964925
1610555610.92HPGJJSmyPM40z7otPBgHalNrHFA7zk5d,153.49942883183738,582.0813538076193,0.0,539.1565427014715,427.83418582226244,486.51747622219847,424.46570339575237,221.20897037824838,396.5339075520888,452.506907761723,692.1073545835508,567.5419919761794,568.9271591749269,366.46377031281145,635.2950322357932,462.9423430161392,795.6833609688475,660.626112572746,462.43850795470365,404.8636738197663,634.8360860692555,735.2611438989746,431.36398109679226,219.38247468349698,524.452657907596,549.881330723975,399.34496375801535,572.3691253743397,566.4836373772746,430.7827817165974,454.27556488862433,492.9149499415158,519.9329078051295,516.2753899416806,527.6029058429494,575.741094595066,497.88882084839776,497.7273209641233,574.0131384043582,574.2392095944916,523.0569616688647,706.9309621491128,565.586693350353,528.7511435123403,631.5287659234222,663.7756844573062,520.1127034952492,464.9099020885213,462.1884942939204,605.2670915860579,464.1459898428036,454.89743761429895,590.1616012063062,696.8840756511872,406.1686596395653,503.48697164542915,568.264037133968,468.8583279980787,453.68954972508556,540.7945100157125,705.3776179928989,766.157452751671,493.02352406192375,735.1331521181854,470.6879566778946,781.4751660725116,532.808128990795,671.096956147335
1610555606.68LaSQbm9EHAFycEfFtEqAwYqlBsQPjIRW,547.9903678456662,600.4392245424743,539.1565427014715,0.0,588.8661734026763,619.3581672100324,592.6982740754073,552.360740879601,571.4168539408087,591.2052629836693,659.7140736729051,610.8661271439494,671.64144027877,585.3997787486674,724.7729780933106,595.0934590509213,753.254580480885,661.2033694450016,602.574713822243,554.0024284868181,677.4961360807308,746.3601521700506,592.8707187564936,545.445723384231,660.1128007932638,665.2159128720426,547.3356607023633,623.6184286854703,649.8385738205187,583.6817870400348,579.1995350171395,631.5613932805236,625.0686019612584,621.7865723299994,609.3301571381204,650.9703879888532,611.3911605958791,610.1639655287345,606.358225507758,690.3899190435177,589.6130295568709,693.5992516796707,657.3976060272558,568.7381610637949,655.5858104331445,682.5066253497911,655.1440043239764,611.148573731873,580.3754792943427,690.7470892614297,565.9061821117261,608.5505279124407,698.8716002414333,719.7062830330382,554.2286973827391,648.8968907860009,679.5695847131592,564.0073135583627,587.9769806465199,663.054951722337,726.9924079167599,792.8249655996493,589.5660778752107,801.7676603874506,575.4063807310981,833.4169375008787,630.6533685859185,712.163969004592
1610555617.19EKxMEwDHfXiEJZc27TsGoERaD6Da4BZU,439.192400728952,617.0966943319245,427.83418582226244,588.8661734026763,0.0,556.8315319029817,401.56136671000826,445.327705906146,437.25678908929734,507.84775767287016,697.6547456772994,616.7055997931145,613.9065455829823,473.91337497060596,661.8512874735502,513.8816811270318,791.0265959419651,684.2526195306318,528.1913577579722,480.6737325919053,669.0223390937508,735.7029200200943,456.5524242914167,439.6467404318274,557.1004391047657,602.6183046907305,437.7039325042619,613.5270510013943,620.719876969802,438.00530532590057,512.1911845152124,479.6532912595968,568.7504479295144,566.9949280187292,575.8243521873186,620.6970022605749,557.513384950126,553.4469443092713,607.7860418873988,625.4965673251868,570.4949109515561,746.7150181014504,595.60791144235,599.5164672788972,659.9414024861337,693.9620236624174,567.934796388631,529.6635235578451,504.5658457749376,614.8395723660773,531.8743446760105,497.54881948045994,635.7749039885391,729.1484876921679,467.2103952274864,533.1001760965984,571.9737762015038,536.2262893573723,521.0839485031993,558.1913992893063,706.1868906467835,778.7832558169713,553.874227057259,742.8392529814863,521.639708074059,796.4111233786604,573.9492920657096,660.1948310277942
1610555722.52PJ3FD50MGhRXyUD28vluU8Z9UjLJLZn4,490.4916017717277,630.8198996615075,486.51747622219847,619.3581672100324,556.8315319029817,0.0,540.4983812741422,493.06527785660603,508.9357031910847,573.4506716657476,713.4513542059728,641.9859456688275,648.147511719301,518.1031446380335,703.9321318034827,579.4373032022115,798.965295716452,680.4176267927063,330.85960330620884,538.5763105424643,684.9776305213791,715.2730758000606,524.0668158007541,488.21084229981057,591.7281587965917,400.74275490356746,521.9928701612032,658.0877178017101,659.53755249809,496.84043601756764,569.5555466955301,537.122318308836,627.9475741683394,625.8828039198708,609.165336954648,650.9901421680495,606.7042836521753,609.5797982391952,650.659151308061,653.8326625710114,632.1725364531727,751.6392655725426,656.9509849422923,623.2237181941335,682.0478255758885,678.4659486125582,570.2471650014282,539.7665964841127,581.0913395098715,675.9164557209548,570.7534583001893,521.7487562627155,671.4267300585623,749.0396553361952,532.6698661756454,538.0458459027672,649.342752559249,573.1379593363175,561.7252446816508,530.444359078935,737.7622979027125,797.9922072490906,602.0244035585753,730.0289920448802,588.3504677046403,792.8033848220988,612.9266935043337,713.4162913159184
1610555617.52Ijr5puT55g9apK8auM7zaxa3NANg502t,435.36944214405213,613.6197785309599,424.46570339575237,592.6982740754073,401.56136671000826,540.4983812741422,0.0,444.31156317226197,462.16146390881636,523.9203074153993,694.8714441826719,641.5703206208382,614.9122384200707,459.2456931501323,673.8562167552797,532.2020724140154,796.8821942463948,691.4394872266456,514.1948584359741,505.8359057258489,700.2343556902663,745.3303366477131,483.7834487022266,434.59715449851575,580.4617882174791,586.4710982329245,477.21641665134615,613.8328797460343,617.3916099196872,420.18700147969383,526.9247576294139,484.01434451465076,583.1468216229059,576.6251331883291,589.5334994199536,626.5710170010274,579.4974555789865,566.8569187832228,614.0995733493969,619.9360256296411,585.1845726143104,746.7880553701021,621.5484518500807,598.5718391175863,660.9198168167562,692.7843801368991,596.7580001003564,552.4641214215169,523.3701140036165,645.7377796442157,551.5094385580024,525.6350540274572,637.6464386416744,717.6551329311943,489.8856186500258,538.5187334390246,607.443578267598,552.5435870554435,535.8529540703169,552.4927104503414,715.5273897382942,772.6916887406687,565.8796130808196,734.8425337415555,535.7504040492455,792.4674190604511,592.4201448219702,686.4312115969489
1610555638.77ZLjTLkz4jYJdFMI2wWBztzsDILkoOtAk,185.89935522956017,595.4263443534052,221.20897037824838,552.360740879601,445.327705906146,493.06527785660603,444.31156317226197,0.0,399.0183281057701,469.5995625179798,704.8422876807523,568.6655314614233,582.5734288140733,363.25425598408054,641.9770556333185,481.0697264676732,803.6252008402465,661.2572745145097,470.00443544307916,425.81104994222767,637.8302199080268,735.5306644979951,449.3214446449571,239.66032885787857,540.3466246172533,557.2283093368723,420.3502146669579,588.8682198564487,578.6768407904481,448.9971682041511,468.5794921190907,508.6944983222442,534.8751968111104,532.4094326927333,543.3468500541745,588.8371026907657,512.6016698232183,511.93287953122604,586.0528562981614,569.7455861885289,537.9320715306256,714.1797027477514,576.0923843443647,517.0516043223231,645.1151319157511,675.3683560584934,529.4447001979028,475.09140291504144,478.9601446048276,615.8788829004302,463.85799665722965,469.91488078720545,599.1570971893518,707.8491434707207,425.37173422475144,519.0565475896985,581.5782298246246,485.37823514435223,454.3890779453835,549.2833316407869,712.185384799374,775.8963803564706,507.0884966833512,740.4862715355947,486.489308568991,782.5186863485885,547.3403434889963,679.1181624815523
1610556912.46C7tJPLF0XfNnm8f1820X9aLmXMHoc0Dw,391.9485064919502,619.5956914136277,396.5339075520888,571.4168539408087,437.25678908929734,508.9357031910847,462.16146390881636,399.0183281057701,0.0,501.6351654524309,718.5859711949514,584.7536663090522,608.7728464431959,438.46087762476344,639.6828794455187,510.26484121586196,820.2632764538627,672.1095257029605,457.88577036977443,460.4714737711737,631.959427298935,736.3504434338066,478.9237088157904,386.189017038955,564.6034900474485,569.0536290413769,454.6183244765914,600.4289427197333,608.9869915154816,476.50972882741354,502.07057284625233,532.7665971780345,563.210055188236,559.3985665665167,561.0153565508223,604.6315729009871,536.152130698945,543.4516113253102,612.1009656428128,606.0101094466796,567.3339473799955,717.2007049666526,581.8744255756186,574.9010355640889,665.2904503021766,695.9139525348149,541.7641105653466,481.1856746565178,510.3184141321523,637.8807737235502,490.5773730076271,486.6694635072753,628.0002080107258,728.4648246874187,460.97854701257296,548.0031502847461,592.4285352929111,516.165520082697,479.77796677606426,559.0977779019472,716.170322544516,799.6975015352582,538.4981003542497,743.7048003216362,518.7138637630894,792.5559514023078,575.4502238528636,676.0783869464962
1610555617.51LjzIROg0aeCP2GhDcAVQ0LipKJB9jmKc,462.96083094007366,589.0093140560629,452.506907761723,591.2052629836693,507.84775767287016,573.4506716657476,523.9203074153993,469.5995625179798,501.6351654524309,0.0,730.4618674579599,624.8025214648936,367.25222868149655,511.83911154965193,674.6752569483917,528.6847745317059,834.200511537064,673.9213584203568,568.0166468175184,499.5032675034559,688.0177024017896,768.8107546004848,495.26204269074685,460.42693984479575,578.0562689159447,637.3648866892668,494.72205303991836,633.1250687922436,580.9197227519194,507.6223830224703,510.3159940665316,561.7183747369198,263.97432318711685,569.6474173771719,584.1823463207207,642.1021805014273,558.5919959487218,553.6968618321442,602.396397159251,627.1520987616396,586.7779805833449,767.4715812007832,614.4784732959964,612.6824962552621,664.3721885096768,684.7527141952505,587.0750260522914,546.8903517299192,336.9097279267229,664.3288726043287,539.0705099722438,536.0480304677704,615.6855654471132,731.913972785653,492.3464442955746,563.6104943229527,621.3525877591758,529.4143427405517,541.5772031477953,598.7731830046736,737.0617425163094,799.3186464901576,520.9865338272199,788.9790804238371,480.3515378866314,818.4748423392035,607.3158597943512,704.6303335991956
1610555608.17OpjjHobqRkX0UPcaXrbu7K6L3805SZri,698.9379660614366,676.502024617283,692.1073545835508,659.7140736729051,697.6547456772994,713.4513542059728,694.8714441826719,704.8422876807523,718.5859711949514,730.4618674579599,0.0,728.9337449145806,790.5864121839895,721.7559576495943,788.7426356423761,693.4519147626107,688.5712707551579,720.7997980912094,720.6442282522709,702.0374833692448,764.1211598498091,788.4982709341529,696.2380127146547,698.4875991855746,726.417329899822,749.1120276032458,690.3588221376345,746.6313235995582,739.8875426320955,694.617490537952,725.6183441744465,716.1660048363942,760.7113968944919,729.9304102878713,727.6712870397034,754.0749318458764,735.1755768641516,739.2093493103682,756.8528990767074,795.7340587301858,719.26820941411,717.9542638121868,757.500535609866,733.442358167688,725.2933995419227,677.6267411799212,762.6718489507899,725.1031709244254,720.6342506064725,767.8406102288997,715.3342821670713,733.1130974350095,756.4877284301093,791.8760520858069,695.5541332845524,717.9225581277245,739.6448820815973,708.4444744917867,732.2511207942641,731.7529202302943,824.3759609503616,799.9055353291695,717.971960844195,820.3534394523296,705.3491024711935,829.4060089550607,734.2345431781094,809.5490078207561
1610555721.82zWeNZfGUUfRJkgnAwlP8VMhPzXctnSd4,558.8376809611971,665.8896534973895,567.5419919761794,610.8661271439494,616.7055997931145,641.9859456688275,641.5703206208382,568.6655314614233,584.7536663090522,624.8025214648936,728.9337449145806,0.0,696.8680204784623,577.454547983941,740.1880670223644,597.2000795949795,807.6316779144199,593.1931564035605,633.3703031930143,549.7444487987974,517.8612857225522,598.5661108666416,620.5790077868162,559.2087122360804,674.1871432122573,684.2366221396934,602.5884962162484,646.5840155344764,636.6806508956696,631.4502455498385,631.993934693473,667.290499974905,651.5100004682946,640.9920986964188,609.4667320044812,636.7714475692154,643.9176423647831,621.7190442784039,669.6553089665995,701.2690071967205,667.0242021524167,698.848588051044,700.9789942322915,599.7528551119879,705.1731943266168,720.4858727725109,660.5362698376282,594.3743231832098,597.5943599500341,699.1288511426819,376.74717526684447,608.3572223409278,724.9469337936423,741.5656200387584,589.9621051993001,662.9551510124493,686.3310286953998,562.2867987471797,532.8604608932193,684.0840237658849,759.8954690181622,820.7543860786781,572.8059030684533,809.1609821838349,565.8922710098983,815.93857887824,650.0411395368058,738.0461294917613
1610555735.75bom85BDF0C7W2eIseHeMxi24qR68nzMi,577.2766597217277,618.3949286121034,568.9271591749269,671.64144027877,613.9065455829823,648.147511719301,614.9122384200707,582.5734288140733,608.7728464431959,367.25222868149655,790.5864121839895,696.8680204784623,0.0,611.4906348230869,721.8584999696194,614.8431568766795,885.2018094458316,702.5864261178738,643.6884235819306,571.5683394746617,754.9108210796387,807.9024409928221,603.4111268434526,575.2465550893302,673.1164410428121,706.8622827391576,603.1544416771047,703.8605390115384,642.8615656378456,595.7562403495189,596.8214175013046,642.4734612667821,262.88761517550466,601.4206920138753,661.6488930838568,717.5804116045131,641.223437197988,590.5676726296342,690.9130278765816,697.8189601842249,662.1848012247464,823.7177448050862,690.0492674088234,680.8169526505019,703.4564247086786,710.0563999182789,674.3955976424376,646.3425709333179,498.37973899749176,742.581854174598,629.7867615878179,637.3809010349777,675.3229547167797,769.0026323230493,586.751762980735,660.773725814426,710.0965538541534,618.8322060149777,632.3520055653421,673.7968207433894,776.5044448343251,831.929992429201,580.1012474399777,840.6460412523415,590.7418019090248,847.2946156883486,691.9493038604303,748.7686257764359
1610555735.77NnT5xqKnwcf2BbjIekeb2arTQj6QMNwk,373.53598975023414,621.0239563092283,366.46377031281145,585.3997787486674,473.91337497060596,518.1031446380335,459.2456931501323,363.25425598408054,438.46087762476344,511.83911154965193,721.7559576495943,577.454547983941,611.4906348230869,0.0,644.8797034237427,527.231234312012,816.8831511564769,673.3113397871223,489.05587262829545,470.29934305733235,658.2831849812874,729.7302166783375,487.8863907490409,381.22354654629686,563.2970971154042,578.4048501328763,471.31311732115944,621.2792828835012,611.5545363376983,472.3204651082759,518.0750205832627,529.7165416632212,572.3172224899325,576.9357219379931,586.4746526509305,624.4485507544296,549.8171058540544,551.5119993383524,619.4125184107999,616.1368902698592,578.3260537013692,734.7985806858338,609.4901064862653,583.2331215605278,657.1489896427933,686.9151396122967,572.8196733983506,512.7393925629118,519.0292814158963,642.7788782246844,498.3632479477677,501.405485250953,638.6578531643622,731.4308392967414,478.6680232260414,550.2692523300454,596.2451156598471,532.966916459652,490.4405059309975,567.7910460714326,725.3677532199309,790.6208947501535,554.6044212413362,751.1093208647196,524.4333124559232,784.8095015904244,582.6988767168931,692.7458902756566
1610555638.33wjf1PhdNaoWfbRzXVn50hmFyB5bYAiLV,638.9557722092297,722.0757586978741,635.2950322357932,724.7729780933106,661.8512874735502,703.9321318034827,673.8562167552797,641.9770556333185,639.6828794455187,674.6752569483917,788.7426356423761,740.1880670223644,721.8584999696194,644.8797034237427,0.0,657.6153591697952,853.4590306594085,769.3943695437521,689.4064078681314,654.4358447995146,747.7168195231084,815.7272474111788,672.9272133723473,635.7450796544626,723.33549398788,720.9412656218917,658.553998040471,759.311234102071,707.1418673203946,667.8777803548501,653.3063624710096,688.5547713479548,705.9217772371647,729.4434410748407,653.3897304829777,711.4769821293607,662.7189607289855,713.8648300044129,741.2480177173646,746.4678767311804,636.8632028056087,808.8956439819761,663.3628555502702,724.7139327528431,701.5985393971694,766.6574345381619,704.4747840685246,653.4466371217701,703.4627939596883,768.7085604717224,682.1967157159542,656.7656294834446,787.9344515522291,759.2644068824933,645.7456012066316,721.0401053066187,686.7674238675675,681.9811217787197,683.9162551888768,718.8385160772847,825.5199370789127,844.910787344552,710.244285620654,846.0277917257897,696.2152417245237,831.0581266930791,730.8426617636871,805.6594558595177
1610555606.65jCE4ig8Pu8kvAzkxnSGfWsV0nQBjCf8H,472.9453539883141,636.7013778468283,462.9423430161392,595.0934590509213,513.8816811270318,579.4373032022115,532.2020724140154,481.0697264676732,510.26484121586196,528.6847745317059,693.4519147626107,597.2000795949795,614.8431568766795,527.231234312012,657.6153591697952,0.0,789.8257620607817,701.8330085674527,576.1677619958397,458.08204342079915,639.3057574398547,762.8089273024254,525.0340757750538,471.8156546543828,600.473838644314,642.9197677630791,496.209022207754,603.5459321530672,574.0196963556938,540.4834414322049,501.5235706253265,582.3779625166324,562.9137750638693,477.223012428156,473.3612549542978,571.794891165875,545.7824210181217,483.33809787687136,631.0038216807699,657.1710998697207,545.4760462280909,734.110337044068,630.3995616905136,607.554861047585,675.1078610256733,708.6401777227696,584.1416367669638,539.045134306744,532.2888166042023,643.5137771601142,525.0564183618349,546.7024922472948,620.9782676958612,717.2107455080876,463.86194577230185,585.6928624707707,630.6969271015353,500.0068549335274,535.6951509143375,621.9645398916138,704.3865868433597,771.8183092523009,510.89313871130037,764.6399490786791,534.098139597819,771.0083349944751,586.4892053885674,649.4676752872015
1610555608.18ONsBCVo1i7BrX0XG9stct4oiA6ejX9Oz,801.9452034274227,758.7697683345369,795.6833609688475,753.254580480885,791.0265959419651,798.965295716452,796.8821942463948,803.6252008402465,820.2632764538627,834.200511537064,688.5712707551579,807.6316779144199,885.2018094458316,816.8831511564769,853.4590306594085,789.8257620607817,0.0,785.1745024879748,806.3711734834576,803.3080900281007,819.9701813192298,831.1706626294529,781.0478907872448,804.4312841179152,787.8982300778299,804.6468759658461,790.6927692385591,820.0525809118224,793.9105196854194,780.7267618399503,801.788508627437,784.3843640281708,863.108315628175,826.4681522245579,797.5565344179985,776.8314973703503,818.479007855398,803.819751849997,773.0865733394792,872.4685507712667,805.8462730567246,795.0502898726309,832.771568661976,800.2834655178631,786.3359172836666,754.488034000083,842.1036575181448,817.6553481471462,810.1756057673513,822.7085295236195,812.638003288674,826.3341473711474,840.9567108594225,800.4495060109047,799.3311514715172,785.931796957662,793.8781021835757,795.7945539080462,826.2659249346584,802.2045855499156,853.6754276449481,807.9249228260436,791.0567553160263,817.9781317106989,786.9231285432483,841.3597079664049,807.8915837983882,856.5675860950215
1610555721.51RNoQUMP19FTMS79BmA3JkgSm2IC2AQuQ,651.9902829793334,354.43201185759756,660.626112572746,661.2033694450016,684.2526195306318,680.4176267927063,691.4394872266456,661.2572745145097,672.1095257029605,673.9213584203568,720.7997980912094,593.1931564035605,702.5864261178738,673.3113397871223,769.3943695437521,701.8330085674527,785.1745024879748,0.0,672.6397510240695,661.9122347331503,698.2625119932269,711.5029455808738,668.9780034987053,649.5750489241569,709.7317741249464,739.7037910370602,683.8982426583825,722.3037095618349,709.8592527341566,658.1689137616905,708.9965021290026,696.5147811032332,692.5875215430369,697.6660180968964,726.6213190238473,756.0277214166415,725.9869083964537,693.8656385151033,671.5933378209016,774.1331690644571,701.6300957205609,777.8378990169241,751.8138219730876,686.6133645472008,593.5721172110067,483.38746465247476,728.3838395847998,692.046971016194,669.9524282286079,784.3393883855547,608.2868490129014,700.3244872498159,787.373147737166,782.1203592055756,682.5964848487513,710.9160949330466,706.0108354854825,682.8658677656045,654.7916388592018,696.9541289980469,771.4536971110225,804.1142757329308,686.3878381602233,794.6007335290683,680.8888350045604,809.1848389243725,744.2766987376975,758.9708154194094
1610555971.86O0cHB2ibBJ8jxoObg01EpGe8VVV5mpwn,461.3928529674887,627.0929915406781,462.43850795470365,602.574713822243,528.1913577579722,330.85960330620884,514.1948584359741,470.00443544307916,457.88577036977443,568.0166468175184,720.6442282522709,633.3703031930143,643.6884235819306,489.05587262829545,689.4064078681314,576.1677619958397,806.3711734834576,672.6397510240695,0.0,532.9269279162876,675.6572769459611,705.0018695084414,531.4925862517618,464.5903781722681,607.7456804600124,478.1469181809284,512.0594553018311,651.1945082777588,656.559478509956,481.16894662705533,568.6699305190101,526.5864416823988,623.0707057220843,619.6703899806079,604.961556618947,651.5515931081609,603.3731412911225,605.1848688604821,647.3383590611777,647.3011100071352,622.7788916823451,753.6658187597485,646.0677368344836,608.7235045150684,680.45294055681,694.6363115640369,596.583909825748,532.2841192525366,575.6377040301535,672.5136655363228,557.0531622840658,519.2746573616287,674.9618149220813,747.222606145927,532.6354419895773,586.5065681576604,636.9603004011582,577.9747708237967,542.9587980798701,536.0759155784684,733.7525700121096,802.4029906884409,600.8064622046631,730.8680540363523,583.0576623266726,797.7350016040082,605.8201346824486,706.677596545566
1610556911.51zU3duZSGpcw1BDNsBLxdOCITAXwl6z3i,419.03164182428674,588.3611312321962,404.8636738197663,554.0024284868181,480.6737325919053,538.5763105424643,505.8359057258489,425.81104994222767,460.4714737711737,499.5032675034559,702.0374833692448,549.7444487987974,571.5683394746617,470.29934305733235,654.4358447995146,458.08204342079915,803.3080900281007,661.9122347331503,532.9269279162876,0.0,608.1857025618837,726.2733814226491,482.198977536926,420.2894294927943,567.2670325491463,606.0457286563651,451.1401930869161,570.2251816746557,565.0407405290135,497.2398024926243,494.1661528615627,542.2172548822027,515.2962105566307,498.45378202866897,525.6928424634563,565.3939238899568,507.9373813993565,486.7449669949187,607.3694073515835,624.7308221477549,533.0901713401045,705.8697947766902,604.4209252676538,551.5838206775549,610.8570001031611,671.4170354302407,550.247380547414,493.9450316813154,503.53761389822245,631.0769626818867,474.8728468732468,503.2709500584378,624.2233088918289,715.0709801458783,447.89415447241623,549.9910870828371,597.4813904859776,455.92400989030875,478.289009621622,586.0983097601993,721.5142544634299,768.8103360960166,481.4741789398334,766.9353152032425,484.3766033107459,783.7790439078917,566.8779234068201,681.4481426019514
1610555988.71dMoYT8250UHHJGxgmITTmbHe7V6gH1yU,631.8848056502341,731.6217652359013,634.8360860692555,677.4961360807308,669.0223390937508,684.9776305213791,700.2343556902663,637.8302199080268,631.959427298935,688.0177024017896,764.1211598498091,517.8612857225522,754.9108210796387,658.2831849812874,747.7168195231084,639.3057574398547,819.9701813192298,698.2625119932269,675.6572769459611,608.1857025618837,0.0,678.9144230174046,675.4447280551099,634.221777188799,714.8108107295103,708.8222528696054,653.5617981228686,678.8691822899964,708.7598228526716,695.6610845615032,672.0650209598488,712.8362116378694,713.2530602325531,705.2609771016224,611.3777756008142,669.6523015455763,686.8448353089922,687.2127841176263,718.9197744175539,751.2940584713083,697.408551286593,724.0320619241693,726.7835833754502,666.3782149401076,737.9172170818143,755.9476423701967,694.2186506078922,648.9263039576185,667.5576847937832,736.1489790870172,568.5610418600054,655.8791544545331,757.7083264830288,774.7147239177598,653.0450182100723,706.524984678498,715.1832570305887,601.4744764789563,626.3753136176224,713.3072887341407,781.7705796034635,841.417221307392,645.8858179198518,814.7500062430382,641.0350765979765,838.2927287601705,693.782336301226,760.6168421593422
1610556042.81mlUZsSp7gbGjrp8jQSnybT1gPy6e62o1,730.9952580053086,741.1378501838125,735.2611438989746,746.3601521700506,735.7029200200943,715.2730758000606,745.3303366477131,735.5306644979951,736.3504434338066,768.8107546004848,788.4982709341529,598.5661108666416,807.9024409928221,729.7302166783375,815.7272474111788,762.8089273024254,831.1706626294529,711.5029455808738,705.0018695084414,726.2733814226491,678.9144230174046,0.0,687.9129205455389,731.5408813585018,753.8711590576235,734.9382857640571,742.7367551138656,752.2605625137337,785.5808237369222,681.7503630155236,783.1102631400503,679.9549927583071,790.6427973724467,788.6061192880695,758.3758301511517,774.0436718095347,785.849109941946,771.9119028066193,772.0047023335935,806.9863643142286,806.5374417465655,791.9811054236908,812.3702223083683,754.1078301352402,758.66807220532,767.1459347071641,777.1478474063792,732.345977533397,724.566006316343,801.3616468770786,659.7974465611293,739.7095611074423,847.1806518362312,835.3803977766376,763.5211896936133,749.2366899853267,763.8697199671005,717.7006445224888,699.093099826019,665.002984137546,801.0421360020443,882.9266638680377,733.655953329547,827.9912484466727,735.4450882976116,833.4351702917419,767.0611929527543,787.9620287203888
1610555637.02UBW5nKvDyUrKnaWcYRGajZPxTRDS0q3N,442.3164975224734,594.046325340816,431.36398109679226,592.8707187564936,456.5524242914167,524.0668158007541,483.7834487022266,449.3214446449571,478.9237088157904,495.26204269074685,696.2380127146547,620.5790077868162,603.4111268434526,487.8863907490409,672.9272133723473,525.0340757750538,781.0478907872448,668.9780034987053,531.4925862517618,482.198977536926,675.4447280551099,687.9129205455389,0.0,439.65923776516547,500.6757368961174,582.736699463311,431.55051234864135,631.5524746607707,609.8061539913379,409.91727671499456,506.60168005252285,450.30384255159146,557.5414415330705,573.1604759026045,576.6803277930385,616.2782951166905,547.5136590134027,537.82990068732,577.2400108193405,633.9920247291428,581.9359093149076,740.1297936500501,614.1581729768264,605.3692300110891,640.0099844699579,660.7559147512438,534.9740532459398,519.9162405488271,462.1868642009489,608.5830289401026,533.6257354851332,496.4857258011712,635.0328162900428,714.2976669210491,470.70545597904254,440.16883439956825,582.0151725656445,522.5547579506114,524.3898461217516,496.29796848453793,694.1794728946317,772.9150967350965,529.4372439989595,721.9723399036013,508.38194368355,767.501835153637,571.3435879808419,692.4592829456302
1610555619.13oUYNikU4facCTpUSiSLr0vPI0tJLnXiT,174.50807650218397,588.2588857369404,219.38247468349698,545.445723384231,439.6467404318274,488.21084229981057,434.59715449851575,239.66032885787857,386.189017038955,460.42693984479575,698.4875991855746,559.2087122360804,575.2465550893302,381.22354654629686,635.7450796544626,471.8156546543828,804.4312841179152,649.5750489241569,464.5903781722681,420.2894294927943,634.221777188799,731.5408813585018,439.65923776516547,0.0,534.2311435910968,557.2828103277341,408.03321189678024,584.8399631284502,572.8278252131041,439.1528566753134,461.5874771550515,500.19522830085407,526.8402926708218,520.5374497257735,532.1881738896404,580.3911893531515,504.6232405722644,505.06495745816324,580.2079815181704,572.0899260323459,536.0276382250954,715.2970858015223,567.5711607167459,527.944721153265,641.0511615894338,674.045962049008,520.4058938697668,466.60437670682313,469.9405255126413,616.8168239434092,447.0950617131882,461.99507597212147,595.6081988712532,700.746644158771,415.0190552710759,512.947264532869,580.1684489823696,476.39365774927415,442.7141131924542,541.3702203120956,705.377835243135,772.8356527869379,500.2540627067676,735.0443111218073,478.5165617631877,779.5757180652544,544.0222411174549,671.6784765841419
1610555721.03nzkucfjAUh31zTbmCVvTVYqtjoxZFnBh,534.6673684882048,644.5247668338607,524.452657907596,660.1128007932638,557.1004391047657,591.7281587965917,580.4617882174791,540.3466246172533,564.6034900474485,578.0562689159447,726.417329899822,674.1871432122573,673.1164410428121,563.2970971154042,723.33549398788,600.473838644314,787.8982300778299,709.7317741249464,607.7456804600124,567.2670325491463,714.8108107295103,753.8711590576235,500.6757368961174,534.2311435910968,0.0,640.5552061555538,558.1889527762975,678.3603617366381,678.3106375663232,547.1079307369439,590.7141746702101,582.8800626337656,632.0679873862449,640.5272498122253,636.3414413646888,681.8245901117103,620.4880093575466,611.4535165828069,610.786426391968,675.4760947852034,655.3546882299539,765.6629288540703,660.7792683961222,666.0185465209247,678.7423449980537,664.12246236687,622.1795275694901,564.7161121360381,549.0999765915558,684.4042193472156,601.0203412968457,573.1304958473515,684.8195566465755,765.0317064595345,555.5787909774097,511.9136417412913,572.5346901179101,592.5006103208749,594.057516485582,548.3807070601756,736.7944104099605,791.0670961130689,600.6780685817064,730.7425053576657,593.211918570434,788.9427099432215,639.6796590281277,739.6892885047364
1610555722.67fhKURdXVzRbLIjXmjRwdJHTnE7PWb1AE,554.9873322052814,694.7186255514399,549.881330723975,665.2159128720426,602.6183046907305,400.74275490356746,586.4710982329245,557.2283093368723,569.0536290413769,637.3648866892668,749.1120276032458,684.2366221396934,706.8622827391576,578.4048501328763,720.9412656218917,642.9197677630791,804.6468759658461,739.7037910370602,478.1469181809284,606.0457286563651,708.8222528696054,734.9382857640571,582.736699463311,557.2828103277341,640.5552061555538,0.0,582.9782463789733,698.2964858651994,696.5396345394178,557.5379403230576,633.9306996109485,577.8120238256654,686.8758268689307,685.2792403184856,667.0120933417344,681.7279165202252,667.5527299472617,670.219260197596,680.0703509322399,690.4194539454085,686.121863014534,761.4411781255712,696.074996488071,652.4975471644485,726.8069984644759,723.6903688089641,624.7071681979812,598.5957040738398,644.2479885980989,711.978368060818,618.1091191032401,578.8285078241503,700.7313944464873,772.2591324301799,602.0638526563099,588.5821881296004,679.7924072210327,636.4906577056822,610.1973694340586,563.9855721285805,760.8355455651442,817.397865882167,662.9124042921889,755.2381459079563,650.6548004322099,803.4157715802044,656.1100137600846,734.8886214392081
1610555638.39J2ZWBLuLTHP0jOlzB4tNHmYeijH5g5YJ,410.939443453883,615.1297551602454,399.34496375801535,547.3356607023633,437.7039325042619,521.9928701612032,477.21641665134615,420.3502146669579,454.6183244765914,494.72205303991836,690.3588221376345,602.5884962162484,603.1544416771047,471.31311732115944,658.553998040471,496.209022207754,790.6927692385591,683.8982426583825,512.0594553018311,451.1401930869161,653.5617981228686,742.7367551138656,431.55051234864135,408.03321189678024,558.1889527762975,582.9782463789733,0.0,609.0785104122338,601.9580889102564,470.1329870315879,461.2408751968022,486.0522557590444,557.0616095286949,552.9527640901955,554.376378612296,597.3609516769792,526.4589660277405,534.7932637664311,606.0865144310569,605.2180988416435,535.5969280983833,726.0411988366359,577.7586607466314,584.5910718972586,655.811572475472,692.8144168269165,511.07485451350357,500.5527898033352,502.3129719027351,481.941190692014,505.8602648480261,468.0718889694787,619.7413660026367,722.679482919506,453.567361416712,528.659461081549,592.6483478961397,495.767092883095,497.38692504156455,558.3790624339265,711.538002651913,759.3476957861957,529.3620924049997,746.7773628465504,510.6484521741327,799.2223425290352,461.5670600735537,682.2492765902518
1610556032.17Q6yCDx9g7alRnL9jBFXD2JhhUyB2hKfJ,580.5317706394438,661.7693551864626,572.3691253743397,623.6184286854703,613.5270510013943,658.0877178017101,613.8328797460343,588.8682198564487,600.4289427197333,633.1250687922436,746.6313235995582,646.5840155344764,703.8605390115384,621.2792828835012,759.311234102071,603.5459321530672,820.0525809118224,722.3037095618349,651.1945082777588,570.2251816746557,678.8691822899964,752.2605625137337,631.5524746607707,584.8399631284502,678.3603617366381,698.2964858651994,609.0785104122338,0.0,657.2117769221892,636.9520378127027,640.878877987807,667.0475810875008,659.439420364173,594.8978808219647,652.2258519783638,661.4988963721662,655.0826935568269,606.3886116473548,675.7129925880848,700.6340728429878,687.5834483940957,702.7411164739974,682.1442284242238,608.5879853493958,715.8120879174697,715.0230600540158,667.3700843833448,643.3263282969749,629.6505527972556,713.0496152889077,603.8037525989829,626.0600377856684,722.2926976598662,773.3172157888484,609.0251892076463,675.9772551266323,684.8569838584042,563.7964535474482,579.4440748909261,691.6702839223069,737.2183830955864,838.726428567883,601.8347281978882,790.694348918103,606.6397440882681,813.9637325452951,674.3562699725302,716.4026640061213
1610557007.49MyVgDnuUuBxrvL6SGOdhKf69VYlW1MSm,574.9176027582362,645.5813491079515,566.4836373772746,649.8385738205187,620.719876969802,659.53755249809,617.3916099196872,578.6768407904481,608.9869915154816,580.9197227519194,739.8875426320955,636.6806508956696,642.8615656378456,611.5545363376983,707.1418673203946,574.0196963556938,793.9105196854194,709.8592527341566,656.559478509956,565.0407405290135,708.7598228526716,785.5808237369222,609.8061539913379,572.8278252131041,678.3106375663232,696.5396345394178,601.9580889102564,657.2117769221892,0.0,614.6804696264778,617.7442256708295,660.8013180850967,602.2052735337543,596.6827428576735,621.6780631337106,618.3393589799009,631.7935327837873,543.4682847707455,690.5392687230167,722.2829236667341,597.1767337913469,757.3587691087581,689.1440539499233,641.5590485037955,701.3376989439598,705.6285801069586,666.1835923626855,642.1296396615469,602.8161318209443,729.776848169378,589.7454442070748,636.2624917144535,709.1456277720307,709.6197635745091,576.1595785012381,658.8571908389798,704.3859935812055,587.3257296045707,609.0866764580219,689.436122771453,764.3677896061686,786.4280147067158,498.09333652333197,824.6560448173861,532.1610402075314,745.6523565014096,680.9449813345092,755.5115854984766
